1.0000000000000,0.4322017547552,0.5509117017123,0.3722522708531,0.6916997420470,0.4337256483538,0.2241570356039,0.1113633870382,-0.0388168750008,0.1280133451547,0.2267383808252,0.1511710821941,0.0686288787983,0.7257700686059,0.2892267244763,0.0548776527699,0.1246904028293,0.2414591313206,-0.1166020254188,0.0874569775627,0.1702098648801,0.0837235802630,0.1125716365660,-0.0159836006781,-0.0278707656588,0.2875713208081,0.2379731289702,0.4327264812351,0.1067940071114,0.3121404588182,0.0574430220071,0.2173435718484,0.0871269997430,0.1766356102152,0.1380875855673,-0.0040105541598,0.1123447698775,0.2035859247363,0.0724989351721,0.2281095210807,0.3293062898169,0.1956890792465,-0.0461603930238,0.0871523145609,0.0620226713594,0.2421068470696,0.0149842759763,0.2957741506098,0.3810000430118,0.2213198129901,0.7926071467452,0.2618561326353,0.1316236946532,0.4319447446976,0.0584488192898,0.0442842208284,0.0172162800816,-0.0653345874394,0.0918586125874,0.0248748949786,-0.0500453110425,0.1795702390008,0.1972051309821,0.0092845466632,0.3464702315599,0.1852921036246,-0.0549046071518,0.0674067016745,-0.1409901870584,0.1794364346579,-0.0594600562416,0.2266585542230,-0.0078298445658,0.0633741868711,-0.1210101776649,0.1002979679596,0.1712308107431,0.3666362477471,0.2066325356892,0.0275803617675,-0.0384466825864,0.1735483244280,0.2502243162251,-0.0326547467720,-0.0192719603122,0.3188287264459,0.1120879538797,0.1474124081099,-0.1012070591030,0.1579728723191,0.0187169983782,0.2932504460480,0.0055528520978,0.3124822448549,0.1427413127327,0.2465755760865,0.2969198182431,0.3084957668482,0.0580178797161,0.0883472300284
0.4322017547552,1.0000000000000,0.6853793095604,0.2664869652365,0.1344520897608,-0.0068082976676,0.0654219026958,-0.1633480010079,-0.2189520012988,-0.0595266396084,-0.1387817879724,-0.1399292767579,-0.2368554436349,0.4337197341505,0.1468345223102,0.0303270078283,-0.1487289681229,-0.0536894339409,-0.1629265227651,-0.2480243528201,-0.1001258725040,-0.1175808153074,-0.0993225150362,-0.2031603462869,-0.1906557741476,0.1265499058340,-0.1618633181027,0.0836634578315,0.1350865970014,0.5208724741256,-0.1343568975710,-0.0815122555828,-0.2370594323598,-0.0879009529918,0.0363736060523,-0.0797736487708,-0.2240222257294,-0.1408612881629,-0.0857677509442,-0.0881665122231,0.0843779110141,-0.0980048887153,-0.1246673531595,-0.1322383146341,-0.1467997587917,-0.1368096805883,-0.3152540764347,-0.0685118592857,0.2304651036907,-0.1485986285716,0.2553748295984,0.7913602921420,0.0488568439075,0.0093196410855,-0.1347858782437,-0.0809523911398,-0.1840119210928,-0.1569969408541,-0.1049332738750,-0.2149013531276,-0.1798907346009,-0.1943207390326,-0.1220269475640,-0.2145110011666,0.4794154556680,0.0149298339212,-0.0693713470671,-0.2659010689008,-0.2079455730857,-0.1913692678118,-0.1567591161934,-0.1405013309030,-0.2032644609908,-0.2186972305291,-0.1896195557796,0.0602657065406,-0.2661583912632,0.0896340704767,0.2617872287204,-0.1733796493506,-0.1508503142563,-0.2285947457406,0.3786486244824,-0.0657528141531,-0.1138171419077,0.0133792226996,-0.0869268020372,0.0394983382715,-0.1463466518929,-0.1887224855995,-0.0924654632431,-0.0322653449928,-0.1539044318127,-0.1155867690195,-0.2730372226884,-0.0034417011197,0.4524071286016,-0.0138888978915,-0.0884880958419,-0.0590905682095
0.5509117017123,0.6853793095604,1.0000000000000,0.4768069827497,0.3752242283165,0.3294897227052,0.3133650367221,-0.0532057384294,-0.0847405690522,0.1743822652071,-0.0305051804169,-0.1459553260014,-0.0802861750608,0.4215386719520,0.2452417421532,0.1333895175574,-0.0043051862654,0.0371689473296,-0.1043304393184,-0.1193373820938,-0.0669093416961,-0.0445505795558,-0.1638001780507,-0.0571124439492,-0.1222863378675,0.1895232272923,0.0872228729936,0.3482976385219,-0.0866400628383,0.3817948133671,0.0128125781164,0.0392481823297,-0.0799558958977,0.1065846564568,0.2167449713716,0.0610456272205,0.0490241049237,0.0675913793940,0.1757081417824,0.1730738355853,-0.0017885786967,0.0603253197675,0.0206609320423,-0.0495571381109,-0.0510669367362,0.0894903494329,-0.2115994829348,0.1775275120788,0.2636245328914,-0.0019765031534,0.4495007430797,0.6525064133924,0.1513104728636,0.3909098771396,-0.0042093372801,0.0281111476060,-0.0049737950817,-0.1376552733956,-0.0308048447673,-0.1214245342081,-0.0280362891727,-0.0419436636916,-0.0571127753153,-0.0836603765618,0.4541363244114,0.1701661238281,-0.0495848638723,-0.1472356686722,-0.2115508433425,-0.0353345552908,-0.1988142178655,-0.0606985644858,-0.0656347543278,-0.0879102473057,-0.2218476990234,-0.0391172455270,-0.0746490210801,0.1950210343895,0.0189947132193,-0.0655910555996,-0.2839562462753,-0.1222726833361,0.2977171555362,0.0736669096598,-0.1199136429196,0.1331445327129,0.1178919895557,0.2443002084839,-0.1401003402047,-0.0580619887760,0.0044040177482,0.1316595662605,-0.1479080770038,0.1729338894056,-0.1288570349347,0.1794526372708,0.2331746188364,0.1409334465519,0.2355978358473,-0.0561509539632
0.3722522708531,0.2664869652365,0.4768069827497,1.0000000000000,0.4246101900468,0.6276350659912,0.7246580335037,0.2049297132909,0.2395960618388,0.4256678501862,0.3460192916150,0.2290222662238,0.1773905168854,0.4790434437325,0.6499336763417,0.5418142045863,0.3087768455828,0.2343626857458,0.2052737274622,0.3302621662331,0.3348011030221,0.1949354764763,0.1499874802534,0.2792389114367,-0.0064945569706,0.3418777645549,0.3308013317088,0.3132768067795,-0.0835000504571,0.1206201624194,0.3314596939040,0.3769764512612,0.3218536444828,0.2662490927286,0.5758675785240,0.4440049530525,0.1429507501207,0.3334187027973,0.2484754189338,0.1847439321037,0.0506530148369,0.0612372380104,0.1816458447490,-0.0138200524689,0.0925562553451,0.2093997298852,0.0380224236101,0.5482817745608,0.4162780351143,0.3952037779083,0.3914064603675,0.2459691014006,0.7232336022826,0.6209588188837,0.4698702632673,0.5613045657760,0.1480333621912,0.0236134621867,0.2185605528170,0.2011350871193,0.1572227431333,0.2712520886505,0.1375722434894,0.0262641947295,0.3017682896417,0.3782690108627,0.3573001618171,0.1988116814460,0.1291014333481,0.3419662315778,0.0340944627628,0.2226364355090,0.3250196915111,0.1299886580965,0.0519341007940,0.0224785204065,0.2217955720854,0.2103391206881,-0.0725065947229,0.2891899539580,-0.0855584640609,0.1548590595817,-0.0788615652299,0.0149968299279,-0.0681984918322,0.2495266269631,0.2239069378788,0.4634719116144,-0.0959871433295,0.2149255584298,0.0134841361761,0.1596460586023,-0.0977632626443,0.2016493572157,-0.0607490557978,0.5323376164389,0.0796120061240,0.1976810269608,0.0963352364285,0.0312382135487
0.6916997420470,0.1344520897608,0.3752242283165,0.4246101900468,1.0000000000000,0.6979334948991,0.3041751044898,0.2040700527187,0.0388971401606,0.4542622372927,0.2881194845333,0.2424528419431,0.1473516215372,0.6162769319264,0.4976624922915,0.0395625721778,0.2503227398078,0.2117769761390,-0.0252382273091,0.1905039771044,0.2593463779071,0.4714541284324,0.1719139252656,0.1386680082989,0.0119043122295,0.3244594222270,0.2776537156319,0.5923212361166,0.1719842684700,0.1928864468219,0.1638601675452,0.3276279789089,0.2105186795781,0.1583371532917,0.1129975472394,0.0052785330696,0.2036863686834,0.2783636155827,0.0033335679042,0.1695184683610,0.4346055910006,0.2174695254528,-0.0921563285961,0.1196851220989,0.1327355104783,0.5279740725732,0.1759826695869,0.2438513170727,0.5450863658063,0.4254588130824,0.8215847359180,0.1292351268712,0.2979104225145,0.6768183568159,0.4784116744200,0.1789539134575,0.0707944318884,0.0241029870381,0.1600091862795,0.1261221350438,0.3201883563225,0.2626826870789,0.1898677596462,0.0150148250228,0.4575092028121,0.1507827776781,0.0062919529245,0.2035483196830,-0.0483524551068,0.2436184230085,0.0992316134262,0.3799232969467,0.1126322469995,0.1859389752093,-0.0072476965598,0.1901373137489,0.2299997289720,0.5655288816307,0.1853344792077,0.1589226793169,0.0233893462153,0.2534646724886,0.2769702652481,-0.1076098494123,0.0441644242415,0.3188002353795,0.2228800142122,0.1278413656996,-0.1072592774182,0.1929841731468,-0.0239666638493,0.2561224029713,0.0187629988253,0.4650226583084,0.2531563408093,0.1563981408929,0.3795361157425,0.5652626590907,0.1165875016504,0.1842704317279
0.4337256483538,-0.0068082976676,0.3294897227052,0.6276350659912,0.6979334948991,1.0000000000000,0.6682953611049,0.2759457188297,0.1945742133477,0.5929571679747,0.4209982057220,0.2955304757298,0.3101084517323,0.4566592041063,0.6437551406254,0.2594929801515,0.3196732925106,0.2438761030755,0.1093959007165,0.2357178519684,0.2891610937787,0.4842281140394,0.1440706130193,0.2205758688500,0.0210587009596,0.2438256822583,0.3535550087024,0.5066441543451,0.1070236483511,0.1363615693566,0.2504012188674,0.3451308016334,0.3170816846444,0.2591235126655,0.2546021412838,0.1092403178874,0.2858320787028,0.3286712731045,0.2720644548668,0.3210973479935,0.3604551205960,0.3117627105990,0.1519770548107,0.1276608606742,0.1734601458761,0.5506498549886,0.2711562846984,0.4488586455884,0.3991251819182,0.5708531456054,0.5385716829055,0.0701459767672,0.4789823668212,0.8903268925447,0.7269968809828,0.4304202989127,0.1375285096071,0.0529352979188,0.2184621467569,0.2226309289043,0.4374076491768,0.3611204387043,0.2451534400132,0.2102079247378,0.3168251273408,0.2890966599445,0.0997662138886,0.2774076413035,0.0155367931130,0.2508190761432,0.1228600736254,0.3493194350978,0.1844109053285,0.1603783405642,0.0038600487959,0.0281401474686,0.3177433063226,0.4499494114744,0.0790304390660,0.1808982567870,-0.0636011638701,0.2432709154085,0.1108812875475,0.0103118482508,-0.0392634885281,0.2913117133676,0.3178649472836,0.2360871299770,0.0044080961427,0.1808409448634,0.1595405773516,0.2997014088058,0.0130904972720,0.4466905860262,0.2599386388819,0.3236804262290,0.2038937649482,0.4855102019830,0.2949992554894,0.1657706701378
0.2241570356039,0.0654219026958,0.3133650367221,0.7246580335037,0.3041751044898,0.6682953611049,1.0000000000000,0.1031586738328,0.1839577896056,0.4492503890949,0.2391915583540,0.0974981335336,0.2037917309525,0.2124679357592,0.5490479481486,0.4782799527756,0.2219725204241,0.0835483746338,0.1928715328458,0.1267703811957,0.2263359807395,0.1756606652663,0.0583236164707,0.1816873018030,0.0092191777035,0.1993518665805,0.1787626370416,0.2165823770270,-0.0464485131361,0.0793302369483,0.3181466220163,0.2385768341226,0.2133670541944,0.3129533496461,0.4779836741599,0.2091668737824,0.1682038740045,0.1666745392961,0.4493401993973,0.3040469765059,0.1186763071684,0.2383046112561,0.4100595614720,0.0716174462402,0.0845435332557,0.2414904096024,0.1644645269183,0.3836862362086,0.2097117680324,0.4587338578877,0.2229441603158,0.1523475146779,0.5179555982272,0.6141613159073,0.6344025877704,0.7747604812232,0.0806528941420,-0.0325324607649,0.0494007166991,0.1354073348761,0.2850131464889,0.1527064174810,0.0494616321271,0.1055268077822,0.1481076329443,0.2868762460113,0.2519368596956,0.1112195347849,0.0533843309668,0.0797102073991,-0.0106618489456,0.1214348449397,0.1714430050330,-0.0086990084310,-0.0029307704987,-0.0838407422081,0.1087749414137,0.0779539358473,-0.0592881436471,0.1107768178219,-0.1525964616569,0.0735342258790,-0.0199750363505,0.1502638526475,-0.1627274240986,0.2352076809072,0.2319429241725,0.3924658600396,0.1187879774258,0.0010714037422,0.2462915172507,0.1911332396005,-0.0268296068636,0.1697682103849,0.0997099797814,0.3155956692739,0.0042222126282,0.2029585300307,0.2775099152724,0.1222624315254
0.1113633870382,-0.1633480010079,-0.0532057384294,0.2049297132909,0.2040700527187,0.2759457188297,0.1031586738328,1.0000000000000,0.7256201617786,0.2159101159003,0.5250660754777,0.5565863965717,0.6053081737081,0.1713774087802,0.2298441005683,0.4372245521367,0.3898714647948,0.7653021134764,0.4685286404700,0.7585555321667,0.3923706447642,0.1818665835002,0.4408618373189,0.4516367957714,0.3701678859315,0.3574793412012,0.6594870155725,0.0673338331035,0.0073339836131,-0.1211253439176,0.3864047387562,0.5169602831247,0.5009133052119,0.0352636118972,0.2680607778095,0.3552900979184,0.4605252061549,0.5615474444560,0.2018811972855,0.1066610701467,0.1534475156556,0.2308285260586,0.1861443194501,0.2781114764540,0.4935236719548,0.3253858541596,0.2780230316837,0.3492201056397,0.1296756312153,0.3358232986809,0.1623402583807,-0.2237744366138,0.1607147917309,0.2376071264139,0.1241484408130,0.0069478605226,0.6176589303042,0.6279612893923,0.6828109693107,0.7549342501366,0.0521554573289,0.6122775583536,0.4835300063946,0.3762857859665,-0.0705348725051,0.1400836590376,0.3471908697842,0.5287823418088,0.4408234122266,0.6997437774128,0.2998563912369,0.3955514687037,0.5699131023445,0.6725331399903,0.2040973510751,0.1184412498619,0.6395108465450,0.0828956780070,-0.0626689314180,0.4720957316365,0.1781409811259,0.4256124934231,-0.2334764210654,0.0038956170834,0.1455693726321,0.0541588418851,0.4198962647739,0.2995350876498,-0.0408384610205,0.5124103626266,0.0960121451849,0.0615523323386,0.2061515648837,0.1905526995012,0.1222495210437,0.3199495706611,-0.0796079238832,0.0391992656539,0.1390511967386,0.1309695472761
-0.0388168750008,-0.2189520012988,-0.0847405690522,0.2395960618388,0.0388971401606,0.1945742133477,0.1839577896056,0.7256201617786,1.0000000000000,0.1619951050418,0.4422342485143,0.4575664154922,0.4247337008092,0.0375486135575,0.1901461059449,0.4951742169105,0.2060338221893,0.4613447279499,0.6682419400708,0.7532203781410,0.2645431381088,0.0252353239182,0.4031597493466,0.4453305792101,0.5181618214132,0.3581300446289,0.5456812228166,-0.1486133107864,-0.0511702474739,-0.2156574192439,0.3041630112030,0.3667437220536,0.3400668372264,0.1224793221284,0.2886789387549,0.5214100815415,0.2919785521028,0.4445089556745,0.1900653495513,0.1156392512591,-0.0150495562355,0.1790867106960,0.2744407115866,0.2357335687263,0.3598673613116,0.1337420402468,0.1402360635565,0.3151667823734,0.0733602599563,0.2812144397036,0.0143284121958,-0.2515718802719,0.1585386127000,0.1676747708522,0.1058669001348,0.1547598025128,0.4675396026725,0.5170727946684,0.4874888689014,0.8256248814394,0.0068429773166,0.5111049768148,0.3315665109111,0.2778588788557,-0.2172620717531,0.1206264786469,0.4501799920075,0.4000056572298,0.6083314687465,0.5862645373519,0.2182641307282,0.2273487958791,0.6016240354289,0.6113301554151,0.2464786037381,0.0673043108626,0.5427185495327,-0.0946556067967,-0.2001083416795,0.3671143995331,0.1047426489514,0.2225955189866,-0.3707902172682,0.1589376617577,0.1574333172687,-0.0299752206677,0.3452827539722,0.3145476992980,0.1098788273947,0.5471466250268,0.0751910719048,0.0276256442578,0.2268904548840,-0.0055670094014,-0.1019225879633,0.2938439267018,-0.2555261795082,-0.1707859310093,0.0975396169179,0.1115863891511
0.1280133451547,-0.0595266396084,0.1743822652071,0.4256678501862,0.4542622372927,0.5929571679747,0.4492503890949,0.2159101159003,0.1619951050418,1.0000000000000,0.3324413974158,0.3858030038282,0.3586079751873,0.3421654518623,0.5567646180474,0.2136151881321,0.5059508720779,0.2182297584694,0.2055242828655,0.1163116156645,0.4459027676971,0.7638192690259,0.1540219310056,0.3967219658830,-0.1840120334840,0.1282305056255,0.3008304900153,0.5080569231114,0.1718252877157,0.1936832324452,0.4190702513177,0.2627980654378,0.3488506564463,0.1795942610784,0.2459275592308,0.1803810968180,0.3952897096287,0.1989743189141,0.1116548012367,0.1355921903062,0.3365735137043,0.1107603651571,-0.0022191590022,-0.0063240713435,0.0454761456050,0.5716540655772,0.2366480658657,0.1788913398902,0.3285365228516,0.5854642636095,0.2518700907652,0.0038143001722,0.3856839463212,0.5016114076426,0.5745536598028,0.2909667257645,0.1722376488111,0.1207308367454,0.1381585362711,0.1153711706959,0.7938464014954,0.2938994390928,0.2841176888476,0.1763229288381,0.3771601355195,0.1129911812543,0.1759844764776,0.2962959742035,0.1177950305085,0.1447560651810,0.3713805806876,0.5026617663987,0.3073974299129,0.0880024028618,0.1315966279940,0.0953004812739,0.2192972895783,0.4283026020290,0.0962572239956,0.2979728409321,-0.0457663870095,0.2815633508287,0.1417069430309,-0.0468996782721,-0.0622857632882,0.2380007134548,0.4546124087375,0.2352443812782,-0.0432687308153,0.1002415363890,0.0590485042262,0.1430050570327,-0.0814721988770,0.4465186472517,0.2096215120937,0.0945780978297,0.2536315504427,0.6400259355053,0.3240631724466,0.3085818521376
0.2267383808252,-0.1387817879724,-0.0305051804169,0.3460192916150,0.2881194845333,0.4209982057220,0.2391915583540,0.5250660754777,0.4422342485143,0.3324413974158,1.0000000000000,0.7942560553848,0.6145960810469,0.3576624204241,0.3976384485756,0.3934254385724,0.4847337934633,0.5620316691853,0.2746273256669,0.5113936116717,0.5367300605431,0.3252753266528,0.6816448748007,0.4963991853286,0.2109030705109,0.3754603823067,0.6173951032359,0.0877237680436,0.1694024655643,-0.0301542855369,0.3997050701519,0.5266961389331,0.5753055210794,0.2836746737890,0.3148045813286,0.3459007310069,0.5058638886507,0.4202398793308,0.3580676357643,0.3394839860630,0.3480571488990,0.3928015236287,0.2353819424342,0.2368616563267,0.3331679678110,0.3856938238078,0.4024599046576,0.5103643733533,0.1678736287013,0.5236727634599,0.2875767344525,-0.2700305888176,0.2789948729987,0.3638730033389,0.2955877837630,0.1855561075281,0.3800792208905,0.2800435630411,0.4810445456479,0.4307466758303,0.2001278579811,0.7855313484180,0.6569605229631,0.4573368487413,-0.0512989183029,0.2388123995886,0.2497441701781,0.6141248199946,0.2696282341028,0.5257598558534,0.3871194169934,0.6101392117811,0.5027011262272,0.4408758505923,0.2165905438288,0.0902905796107,0.5664003686282,0.1573093818290,0.0727572156338,0.4254858875394,0.1686492710111,0.5273958131874,-0.2032767540434,0.0081738718313,0.1596418818956,0.2032388110542,0.5112922556642,0.3171544932910,0.1234046407823,0.4248832855410,0.2922113082674,0.3059549616009,0.1202062559170,0.2822786183381,0.1926930116386,0.4886445068331,0.0035342204698,0.1448608039907,0.1298997522044,0.2722517018147
0.1511710821941,-0.1399292767579,-0.1459553260014,0.2290222662238,0.2424528419431,0.2955304757298,0.0974981335336,0.5565863965717,0.4575664154922,0.3858030038282,0.7942560553848,1.0000000000000,0.5578500856572,0.2960659185075,0.3537299835843,0.2845108014470,0.4398092207768,0.5267901928983,0.4046811688541,0.5330989746153,0.5878532607680,0.3850738737970,0.7735312178499,0.5289020192630,0.1926822187157,0.3008312648078,0.4714188817501,0.0279030315713,0.2085688305740,-0.1012196016410,0.3500289844705,0.3928105928369,0.4714971495333,0.1248985075103,0.2399422020220,0.3730546508054,0.4309409723143,0.2902606448782,0.1468242164615,0.1248876652379,0.3216219125341,0.3315572891531,0.0561739279068,0.1509766585706,0.2126410082481,0.3839171901459,0.3224626840405,0.3396402499826,0.0632697025088,0.5189673090517,0.1872621402070,-0.2767183146190,0.2032450646870,0.2488692645878,0.2317300421964,0.1013574958239,0.3908376745066,0.3793978230332,0.5047149630841,0.4529650788413,0.2594558613566,0.6800153196431,0.6612468667908,0.3572349124954,-0.0060939263730,0.0867103750216,0.2790817428891,0.5380133765147,0.4338123973806,0.5208123187869,0.5240085074944,0.6135823312562,0.5711686300212,0.4691798393066,0.3508444806830,0.1734798650127,0.4765505290952,0.1864168179433,0.0950902626665,0.4604814097701,0.2428252727932,0.4565860278930,-0.1822205701470,-0.0583333982246,0.1608098591898,0.1310633498426,0.5005168152693,0.2776101755889,0.0814830240804,0.3839799306242,0.1885923079945,0.1762202310520,0.1190556577657,0.2046878661316,0.1214344177325,0.3203588454699,-0.0047550959266,0.1424013293829,0.1483245121085,0.3343316612015
0.0686288787983,-0.2368554436349,-0.0802861750608,0.1773905168854,0.1473516215372,0.3101084517323,0.2037917309525,0.6053081737081,0.4247337008092,0.3586079751873,0.6145960810469,0.5578500856572,1.0000000000000,0.1409734080203,0.2629712784776,0.3929893999807,0.5907109366643,0.6043743279620,0.2299747785050,0.3807446636168,0.4752036885730,0.2840869030326,0.3867606574027,0.5162462085026,0.1539806446509,0.1737193928761,0.5643473871939,0.1403890412257,0.0117594468695,-0.0837768337230,0.4962205956951,0.4305997529300,0.5754326409334,0.2297674858347,0.3126530086217,0.2604259084421,0.5835697195351,0.3324505629820,0.3800119598639,0.2528546581570,0.1909707063402,0.2769658362384,0.2965566125661,0.2613973085077,0.3014721851508,0.3335302354933,0.3566660335926,0.3763467008808,0.1135974586623,0.3697045840685,0.0852206280219,-0.2825637554497,0.1545953187671,0.2282247759594,0.1771035075212,0.1526092443601,0.5728074704682,0.3390344044448,0.4106358034701,0.3989497021729,0.2830163733159,0.5833140185389,0.6746769022378,0.8015355273425,-0.1791230566600,0.1619608905384,0.2149219227853,0.5919220057713,0.1892554601766,0.4071372845746,0.3584420878755,0.4737652032347,0.4457059880584,0.4314649533389,0.1217374424982,0.0361393224685,0.5127298125388,0.1144290947315,-0.0251387448141,0.3967307794974,0.1353991372874,0.5494099927078,-0.2163789738622,0.0169408066580,0.0978591360118,0.1756289007801,0.5354690739125,0.3334687118107,0.0397707516668,0.3020316836513,0.3349575555652,0.1899672947239,0.2073348961761,0.2677406571642,0.2686462389077,0.3493886721974,-0.0589606340706,0.1431751970100,0.1228995472656,0.1369191697240
0.7257700686059,0.4337197341505,0.4215386719520,0.4790434437325,0.6162769319264,0.4566592041063,0.2124679357592,0.1713774087802,0.0375486135575,0.3421654518623,0.3576624204241,0.2960659185075,0.1409734080203,1.0000000000000,0.5616147440488,0.2115752790448,0.3634244869136,0.3183234215117,-0.0318227827259,0.2040246129370,0.4199380291360,0.3810696607924,0.2829599379530,0.1487342648670,-0.0167772925081,0.3409448339172,0.3343117018849,0.4468006336795,0.2357634437526,0.4765041094995,0.2562107949278,0.4497226873382,0.3640596195569,0.1847189161082,0.2055668950218,0.1111522099465,0.1784182110564,0.2690738194895,-0.0292110770292,0.1384459293864,0.4612564388754,0.1900239116341,-0.0142276901950,0.0628154225915,0.1814684501432,0.3506723762025,0.1942092697009,0.2497910809810,0.4356046109886,0.3920626468639,0.6551292144630,0.2234752621733,0.3063690506342,0.4322729468272,0.1759579334762,0.0773458605906,0.0258308144436,0.0184487577013,0.2008596185375,0.1081371251727,0.1224349751114,0.2982508768541,0.2941679043867,0.0299373929874,0.5264381406828,0.1142531815983,0.1521372124015,0.2421563797956,-0.0372781059536,0.2867789117875,0.1481884127269,0.3702084600837,0.1092166405570,0.1140517451573,0.1147966560253,0.2354918824065,0.2629710499546,0.4291597702081,0.2633022333862,0.2221615655810,0.1366750827445,0.3562669866824,0.2968200253472,-0.0337425765735,0.0750557059189,0.2833227904377,0.2137907722043,0.1543731886981,-0.0958809229693,0.2452323914867,-0.0614201397738,0.2216055468621,-0.0275491318527,0.3052534841592,0.0494507241229,0.1900077668838,0.4205087935632,0.3782575199635,-0.0618806516190,0.1206353621538
0.2892267244763,0.1468345223102,0.2452417421532,0.6499336763417,0.4976624922915,0.6437551406254,0.5490479481486,0.2298441005683,0.1901461059449,0.5567646180474,0.3976384485756,0.3537299835843,0.2629712784776,0.5616147440488,1.0000000000000,0.2881564745885,0.3165417926276,0.2249435792181,0.1064205801395,0.2381588591354,0.4126127225085,0.4941033314450,0.1951918322988,0.2832684777411,0.0059093021809,0.2684602318415,0.3228140266064,0.3870478661210,0.1912566683802,0.2619439251199,0.2674459469363,0.3566672905010,0.3416355462980,0.1779676204987,0.2396695478430,0.1594124324593,0.2462915914371,0.3114773913284,0.1984395638253,0.2072920834117,0.4176511425856,0.3707987000143,0.2697279401518,0.1509125136822,0.2213222892940,0.4393686257524,0.2910412460282,0.3017088072030,0.3069424140739,0.7423743329941,0.3073959073466,0.1679209261488,0.4395654400046,0.5758262521863,0.4866144760190,0.3611588337404,0.0605486690687,0.0392460517584,0.2485222094858,0.2282339242501,0.3760463253166,0.2898629756891,0.1956935776985,0.1243244272384,0.4095841273394,0.3042032069265,0.1252730855276,0.2464439109263,0.0692218870486,0.2322546112026,0.1666637592238,0.2536046949810,0.2088317522867,0.1588673240057,0.0428896351901,0.1015966489023,0.2559082252254,0.3462275058245,0.1475309368692,0.1560205002280,-0.0833657196710,0.1971945594555,0.1265152535854,-0.1395226430489,0.0411542139635,0.1190351918378,0.2681068706333,0.2000488160458,0.0564418097693,0.1986411907024,0.1703340275630,0.2143451024451,0.0398104725840,0.2046980016051,0.1243008437184,0.1767758051769,0.2529309188282,0.3646509542649,0.2035544623655,0.2203015310777
0.0548776527699,0.0303270078283,0.1333895175574,0.5418142045863,0.0395625721778,0.2594929801515,0.4782799527756,0.4372245521367,0.4951742169105,0.2136151881321,0.3934254385724,0.2845108014470,0.3929893999807,0.2115752790448,0.2881564745885,1.0000000000000,0.4256816424553,0.5097412504553,0.5262806650284,0.4972107108234,0.3532354801330,0.0355669350931,0.3642826480889,0.5117438926550,0.1475736407758,0.2768517673417,0.4245698807564,-0.0918963874454,-0.0335689275454,-0.0043339311197,0.7189773682573,0.5382912687526,0.5327401926956,0.2728294258707,0.7495688198792,0.6981778923743,0.2960350801809,0.3492321512006,0.4666048973262,0.0969865958514,-0.0448554839296,-0.0043174155650,0.5064089369687,0.0407861006388,0.3303286295890,0.0508439736616,0.2020289909311,0.5625256412372,0.2317982553964,0.2182964634261,0.0529992657368,-0.0429043745562,0.5061132759753,0.2440067361914,0.1980815724681,0.4114210441681,0.3887589031319,0.2855022580805,0.2603472912686,0.3218496530818,0.0315143117287,0.3418502839326,0.1758434638371,0.2010432724403,-0.0763492922667,0.3225124448949,0.7078296030732,0.3459372894868,0.3864521172916,0.4046188662580,0.0998908035381,0.1938439809998,0.4932959442300,0.1771907539757,0.2381357639042,-0.0482582094830,0.2900141942348,-0.1353949244220,-0.0942621825506,0.4926864489316,0.0730578267448,0.2783546892821,-0.2166519261616,0.3754684324669,0.0276673387599,0.1565389174451,0.3560689655302,0.5863342285728,0.0231258828213,0.2584486637418,0.1161327943554,-0.0053937981530,0.0045726079004,0.0020844439263,-0.1840221941834,0.5305219064324,-0.0650875686069,-0.0967118611247,-0.0472027182080,-0.0206093107748
0.1246904028293,-0.1487289681229,-0.0043051862654,0.3087768455828,0.2503227398078,0.3196732925106,0.2219725204241,0.3898714647948,0.2060338221893,0.5059508720779,0.4847337934633,0.4398092207768,0.5907109366643,0.3634244869136,0.3165417926276,0.4256816424553,1.0000000000000,0.6062116310931,0.3572505715599,0.3070219425057,0.7990781551793,0.4847951759891,0.4459418570149,0.6974373659684,-0.1335063211899,0.1784949412986,0.4268539314436,0.1562214953872,0.0750265211445,-0.0050578293173,0.7650787779491,0.4231937167341,0.7416600051976,0.2105733252577,0.4689577884302,0.4560906992522,0.5610055052475,0.1596556369247,0.2067905459690,0.0550398677450,0.2361629635727,0.0832260167001,0.1222625889370,0.0196308278697,0.0527120582104,0.2930954494968,0.2588732817820,0.1837087965460,0.1315657495288,0.3830064712250,0.1760242930698,-0.1761443036466,0.3707405718375,0.2413481831325,0.2524494474872,0.1941533591090,0.3367397365545,0.1993493519785,0.2956682503679,0.1249355531843,0.3452607365040,0.4403635771146,0.4967957652453,0.2952993562200,0.2127380403514,0.0651484961692,0.4297208344546,0.6653965131858,0.2926140211667,0.3458715778431,0.5925699053212,0.6139010817623,0.5144184218529,0.2534012599005,0.4286212813824,0.1756355498837,0.3519518152195,0.1168130680529,0.0700044068364,0.6787861511555,0.2402757146156,0.6485184926064,-0.0614623012197,0.0620049276510,-0.0174008895701,0.2586043174620,0.6329310860207,0.4324414546364,0.0527687246179,0.1875291738096,0.1913126424697,0.0796359360052,-0.0081421758682,0.2278357416611,0.1636421582309,0.1854588892236,0.0563099435254,0.2742714188481,0.0016403066760,0.2464779072106
0.2414591313206,-0.0536894339409,0.0371689473296,0.2343626857458,0.2117769761390,0.2438761030755,0.0835483746338,0.7653021134764,0.4613447279499,0.2182297584694,0.5620316691853,0.5267901928983,0.6043743279620,0.3183234215117,0.2249435792181,0.5097412504553,0.6062116310931,1.0000000000000,0.2509779738229,0.5086213128154,0.5451216249898,0.1720004973018,0.4605645119775,0.5786915670763,0.1059439469194,0.3055839992457,0.6685294792734,0.1051102185001,-0.0268249842323,0.0132609803771,0.5807350205258,0.5387456759170,0.5964861163483,0.1342438767365,0.4042504452293,0.4029469692776,0.6051795011822,0.4402937450353,0.3138718632278,0.1579734508146,0.1567021418846,0.1762597433554,0.1787080302028,0.1828658098518,0.3627397544252,0.2543157886834,0.2385010919766,0.4395449763936,0.0889389299525,0.3288612004921,0.2146677503388,-0.1697811250037,0.1920221506779,0.2176342178261,0.0158375818766,-0.0469353485453,0.5623515631449,0.4134402609224,0.6089615806801,0.4386899767925,0.0089998466470,0.6302674404389,0.5194903422564,0.3787479681956,0.0033315286910,0.1867485653208,0.3297531739982,0.6583103970620,0.2228233715113,0.5673946879888,0.3231332326514,0.4719209900846,0.5969683269855,0.4336329491193,0.2150843789251,0.0798808970940,0.6043491607984,0.0239212677065,-0.0082150481937,0.6451173987385,0.1996450876653,0.5897183758629,-0.1377096916752,0.0777952476173,0.1514886483594,0.1445544892120,0.5412768713162,0.4078630680482,-0.0765622530731,0.4406356590526,0.1885203554496,0.1471938482427,0.1013604216447,0.2637281295413,0.1313638217936,0.4275117803376,-0.0343495490109,0.0822165359447,0.0765437414274,0.1177501611117
-0.1166020254188,-0.1629265227651,-0.1043304393184,0.2052737274622,-0.0252382273091,0.1093959007165,0.1928715328458,0.4685286404700,0.6682419400708,0.2055242828655,0.2746273256669,0.4046811688541,0.2299747785050,-0.0318227827259,0.1064205801395,0.5262806650284,0.3572505715599,0.2509779738229,1.0000000000000,0.5169816215125,0.3883755969794,0.1253613808478,0.4113412694022,0.5419106899806,0.1673123402273,0.2008545956082,0.1815482899364,-0.2072877700134,0.0519218547186,-0.2617627965077,0.4563624070620,0.1784773482869,0.2984157375702,0.0251227665828,0.3437582191520,0.7157286095269,0.1587577393294,0.0514119717976,0.1007765075416,-0.1024440893756,-0.0152762115066,0.0706705815267,0.2053676273573,-0.0045422570872,0.0114588893546,0.0593655642571,0.0446391650008,0.0588940066403,0.0532272762230,0.1994626966670,-0.0784588952028,-0.1704031213409,0.2500881268906,0.0725428528090,0.1779072148021,0.2795196828175,0.2349720805285,0.3798906148123,0.2396714994060,0.4375441824467,0.0939481780245,0.2540776529545,0.1896147878053,0.0250366228218,-0.0448559095635,0.0575355413784,0.6503751598340,0.2764314885678,0.8674960026393,0.3141653033017,0.4159580564278,0.2359176934903,0.5362313682162,0.3125716981613,0.4744156599651,0.0868721389390,0.1662882816036,-0.0727116085480,-0.0905020601792,0.3943983254135,0.1235277742345,0.1202396090107,-0.2603324421631,0.2923292476321,-0.0876692079467,0.0064662295127,0.3563932391349,0.3684688313984,0.2523168672661,0.1559153923602,0.0986975230140,-0.1084633894099,0.0410843736021,-0.1485956835598,-0.1655347640770,0.0870706775392,-0.1664995317457,-0.1398554656590,0.0646340683319,0.2374294854716
0.0874569775627,-0.2480243528201,-0.1193373820938,0.3302621662331,0.1905039771044,0.2357178519684,0.1267703811957,0.7585555321667,0.7532203781410,0.1163116156645,0.5113936116717,0.5330989746153,0.3807446636168,0.2040246129370,0.2381588591354,0.4972107108234,0.3070219425057,0.5086213128154,0.5169816215125,1.0000000000000,0.3764512909236,0.1167699465836,0.5301478394398,0.4457123224004,0.5708371827108,0.4863991062807,0.6425063603451,-0.0209718610601,0.0098914667856,-0.2134177347967,0.3585096469402,0.6034932868365,0.5498378762434,0.1037254383910,0.3675223810578,0.5060787463276,0.2992039099395,0.6583564325078,0.0931965574297,0.0737580207966,0.0894978731898,0.1845137785041,0.1624565382322,0.2860388245065,0.4806439608041,0.2590867022904,0.2679867720599,0.4098945984372,0.1753465654458,0.3455682985647,0.1873427176187,-0.3519294600539,0.3039055559079,0.2222249565287,0.1632107230226,0.1408942058736,0.5125219637034,0.5707320782407,0.6153115281909,0.7995320306501,-0.0615997050297,0.5791500005972,0.3681512792468,0.1718002528688,-0.1473412805822,0.1689865672091,0.4812943983949,0.4706221593900,0.5418788998722,0.8847788573901,0.2302742011083,0.3745492275318,0.6252332369979,0.7744659176495,0.3213779656933,0.2041748299743,0.6569307720793,0.0535114912652,-0.1202042462578,0.5014031551777,0.2856490781673,0.4131757121080,-0.3481884914815,0.0130704841955,0.2315941828035,0.0837370766383,0.3009375254257,0.3066022684297,-0.0073854287792,0.6809481962148,-0.0600942116676,0.0349051403694,0.2641387808221,0.1116180057227,0.0304132516864,0.3935912996467,-0.1883319837204,-0.0625305295756,0.0617690371764,0.0957779754072
0.1702098648801,-0.1001258725040,-0.0669093416961,0.3348011030221,0.2593463779071,0.2891610937787,0.2263359807395,0.3923706447642,0.2645431381088,0.4459027676971,0.5367300605431,0.5878532607680,0.4752036885730,0.4199380291360,0.4126127225085,0.3532354801330,0.7990781551793,0.5451216249898,0.3883755969794,0.3764512909236,1.0000000000000,0.4735846476806,0.5781753087977,0.5827731823833,-0.1013140047791,0.2418383797553,0.3526089191728,0.1335190139997,0.0411067542818,-0.0260762957426,0.5537016954430,0.4181149429284,0.6466047848109,0.1679222649363,0.4665821118766,0.4949385212404,0.3989974596085,0.1072963602533,0.0573836597405,-0.0170422982603,0.2138902297674,0.0927292306617,-0.0016976896996,-0.0569038586349,-0.0302794216040,0.2886999619026,0.2085151229009,0.1414683128948,0.1077032177533,0.5245799640012,0.1955761607983,-0.1633121430537,0.4198956244521,0.2090533165263,0.2547934944038,0.2290494039328,0.3022698128534,0.1811323835496,0.4239185598950,0.2571305296367,0.2858422847889,0.4703145744610,0.5701651121143,0.2035765518922,0.2582109665859,0.0965441440994,0.4602386318093,0.5677217099405,0.3887287216689,0.4240258532456,0.6977435541784,0.6970097022529,0.5146297403318,0.3545061042216,0.5778587755530,0.2711383457694,0.3341365777115,0.0986541609880,0.0347862592900,0.6558218212344,0.3767459691529,0.6274057406578,-0.1324932025115,-0.0082738780421,-0.0069284754464,0.3016726351746,0.5219464386370,0.4490853846104,0.1836765808597,0.2011276192076,0.1557698441423,0.0627178018497,-0.0760220988347,0.1660908888119,0.1817985787266,0.1961023499804,0.0134487637344,0.2316446066266,-0.0146502234300,0.4905493305183
0.0837235802630,-0.1175808153074,-0.0445505795558,0.1949354764763,0.4714541284324,0.4842281140394,0.1756606652663,0.1818665835002,0.0252353239182,0.7638192690259,0.3252753266528,0.3850738737970,0.2840869030326,0.3810696607924,0.4941033314450,0.0355669350931,0.4847951759891,0.1720004973018,0.1253613808478,0.1167699465836,0.4735846476806,1.0000000000000,0.2934617074910,0.3163088317321,-0.1618626639107,0.2154195927911,0.2157737103392,0.5543473618994,0.4326754535698,0.2045167409654,0.3279522552007,0.3439494499951,0.4006330744633,0.1248173067942,0.0885193536719,0.0518404386263,0.2650042327882,0.1776944480418,-0.0682432057779,0.0081015786970,0.5650108348647,0.0733439437489,-0.1479208797341,-0.0093130319881,0.0733967934406,0.6999944096045,0.3189992972095,0.0287618436781,0.3930174983638,0.5190243705173,0.2233142374952,-0.0869650929293,0.2486089116612,0.3105527925619,0.5045549849526,0.0816726295453,0.0309320473970,0.0536136481710,0.1308273604516,0.0754387206229,0.7339886237632,0.2500733212807,0.2918614796812,0.1227721378247,0.4123657422647,-0.0022369212111,0.0670216562131,0.2873111928520,0.0971677524424,0.1114728541547,0.4045033351436,0.6262502484050,0.1576764319552,0.1106824948397,0.1723542154904,0.2611237817666,0.1423146145527,0.5672079548969,0.3583718571745,0.2303999697619,0.1146288850188,0.3181442260417,0.2282753730287,-0.1997575737825,0.0038079627667,0.2413153310581,0.3136582000827,0.0722157861911,-0.0349377876753,0.0872866199069,-0.0083713883046,0.0407980802397,-0.0947403204596,0.4506145107575,0.3116154217849,-0.0537301899597,0.4563346242942,0.7456447357305,0.0607404402015,0.3090601126501
0.1125716365660,-0.0993225150362,-0.1638001780507,0.1499874802534,0.1719139252656,0.1440706130193,0.0583236164707,0.4408618373189,0.4031597493466,0.1540219310056,0.6816448748007,0.7735312178499,0.3867606574027,0.2829599379530,0.1951918322988,0.3642826480889,0.4459418570149,0.4605645119775,0.4113412694022,0.5301478394398,0.5781753087977,0.2934617074910,1.0000000000000,0.5291526762965,0.2535465900454,0.4399970700759,0.4112752830897,-0.1942102546710,0.2785421194127,-0.1155624519261,0.4485590442267,0.5295311437795,0.6138057682877,0.2632361043628,0.3231668157164,0.4011335672836,0.3288538397458,0.2165968293369,0.0786077193164,0.0419522935613,0.2922171438172,0.2383843370593,0.0603375509363,0.1119366654774,0.2376580565392,0.3028771142139,0.3679403096172,0.2346382283792,0.0365927552624,0.3909969417203,0.1658239787749,-0.2403689726701,0.1600798088561,0.0702198312508,0.1458482700490,0.1132260007682,0.3174548954779,0.3137126278797,0.4148910114435,0.3730148519344,0.0691083158608,0.5610518653130,0.5175546883364,0.1629187238714,0.0207414887051,-0.1014357527409,0.3947371768305,0.5073908523506,0.4321781363568,0.4786607238162,0.4447158607841,0.6764297550508,0.5131014788517,0.4337845053000,0.4571767977487,0.2610997559872,0.3221880878314,-0.0113371659899,0.1696915044448,0.4946294772616,0.3870934364719,0.5356414651594,-0.1908236393325,-0.0013850479942,0.2069746980346,0.2039904948304,0.4029074647867,0.2914870842861,0.1053035309491,0.3084900607421,0.0666375203907,0.0284556659764,0.0506864921242,0.0743509672866,0.0516365598751,0.2298095999677,0.0015025525318,-0.0031944817142,-0.0786492430546,0.3139203859858
-0.0159836006781,-0.2031603462869,-0.0571124439492,0.2792389114367,0.1386680082989,0.2205758688500,0.1816873018030,0.4516367957714,0.4453305792101,0.3967219658830,0.4963991853286,0.5289020192630,0.5162462085026,0.1487342648670,0.2832684777411,0.5117438926550,0.6974373659684,0.5786915670763,0.5419106899806,0.4457123224004,0.5827731823833,0.3163088317321,0.5291526762965,1.0000000000000,0.0523366644634,0.2727830605850,0.5140718532577,-0.0229105986789,0.1031965657311,-0.1496269051923,0.7606543528723,0.3812495506159,0.6069570555540,0.1484861704202,0.4559383515975,0.6544346894988,0.6376664272280,0.2500242359608,0.3045393627710,0.0947727804233,0.1548376225197,0.1197266554060,0.2120514319886,0.1167777863546,0.1637944021712,0.2300669048600,0.1730480883728,0.2876687130738,0.0897410623204,0.3678518462568,0.0712906224066,-0.2403075509876,0.2439565225447,0.1856858746569,0.2230560132924,0.2039530997776,0.3878368448182,0.2359496910060,0.2944393810242,0.2722792099046,0.2204531291717,0.4786229890373,0.4022618122350,0.2359184572413,0.0226822162842,0.0500529199922,0.4847948405163,0.6213557769163,0.5023973960723,0.3853319039548,0.4239196017638,0.4763357282610,0.7524162352583,0.3476929932619,0.3405196523361,0.1320556174925,0.3666662705527,0.0294621058429,0.0040853848307,0.6264328299204,0.1354092388105,0.4397764669631,-0.2072935368354,0.1005206423351,0.1093671954538,0.0743591678058,0.7074725506345,0.5411530677478,0.0779859129950,0.3243412304988,0.2245335977594,0.0634136218721,0.0751272901889,0.0759725640147,-0.0185680004002,0.2773282363673,-0.0739969979150,0.0878000800068,0.0845101006043,0.1863897025656
