1.0000000000000,0.5551480163869,0.5613073639834,0.2518352081385,0.4614002162867,0.2732367617294,0.1652511398735,0.0463106799292,-0.0249986699427,0.1632073556149,0.0229599677966,-0.0125868850471,0.0254858894332,0.5203245179199,0.2070845740439,-0.0090121638045,-0.0155871812370,-0.0126731188333,-0.0706282734367,0.0501416920214,0.1533279114733,0.0674700001696,0.0145623451347,-0.0085845242357,0.0167034228704,-0.0846843703077,-0.0574635937604,0.0717232916566,0.1009000326516,0.4379731067401,0.0060273365612,0.0616166216649,0.1138288241104,0.0883256729413,0.0086224945142,-0.0137220862454,-0.0201002998397,-0.0898165008944,-0.0537833279826,0.0286364626781,0.1507354568041,0.1364706102323,0.1338741506592,-0.1865709812119,0.0416505136637,-0.0305366460270,0.1062341521714,0.1890690420666,0.3132756985704,0.2295925407979,0.7312675602780,0.4249592397656,0.2243168632024,0.4716306834105,0.1616755093187,0.1946299490745,-0.2788836628598,-0.2594802274586,-0.2826463059195,-0.1407826231829,-0.1337368290912,-0.1455562896539,-0.1546488335565,-0.2960732072919,0.5138637110429,0.1672052430906,-0.1430243538042,-0.3217570067826,-0.1717891766493,-0.1629275439730,-0.2819585126767,-0.0283849863229,-0.0873334423825,-0.0660296055238,-0.3371164593874,-0.1571942695099,-0.0075794125571,0.1902156853243,0.1689604938804,-0.2752839036409,-0.0392882131143,-0.2050978818298,0.1827330912362,-0.1249240742301,-0.1512871065522,-0.0025030155212,-0.1338743681128,0.1241633264559,-0.2074605351648,-0.1084284960536,0.0173068418136,0.1851448342922,-0.2113668410957,-0.0500711979297,0.0011522056346,0.1550567859471,0.3310908829903,-0.0442039979886,0.0355823978341,-0.2795520748228
0.5551480163869,1.0000000000000,0.4502554537564,0.2748753583018,0.1537421313823,0.0667070461629,0.1530424726960,0.3104257982547,0.1696589445290,0.3256594604387,0.0342831163780,-0.0996352655264,0.2049874144751,0.2743859671795,0.2477581078741,-0.0029041121874,0.1665241751844,-0.0020447441125,0.0280883222804,0.2208193342387,0.2460607024251,0.1239237122340,-0.3051296935758,0.0555092193047,0.2154019493900,0.0325670040701,-0.1125976148356,0.0569342728343,0.1127332303276,0.5553289376958,0.1245758289012,0.1346700117360,0.2762321467960,0.0801493280747,-0.0854981657997,-0.0655051330729,-0.0492511759068,0.0459190542253,-0.1757618343255,-0.0581450673611,0.0248848073528,0.0380128204328,0.2689252997867,0.0204254913621,0.2608014841250,-0.2091427426029,-0.0153417447000,-0.0708651573309,0.4543720465894,0.2756276755179,0.3409254849224,0.8405703000832,0.3341085177229,0.2762830182406,-0.0277724601045,0.2398016669514,-0.0388191389519,0.0262274974068,-0.1847226082143,0.0086050469136,-0.0937219358487,-0.1386140848866,-0.1743845384891,-0.1063019016389,0.4021139265114,0.2187345814856,-0.2430807623023,-0.3174346432510,-0.0236394462903,-0.1303525453329,-0.2400729237823,-0.2072801749958,-0.1003965631501,0.1302437625366,-0.2969426403358,0.0367494279524,-0.0430822371255,0.0847324669910,0.1341594040772,-0.3135289268772,-0.0172986899912,-0.1209588596644,-0.0028241555686,-0.2132185183856,0.1123018861381,-0.0549920640760,-0.1981148414430,-0.0081463221558,-0.3738178119260,0.0184298503831,-0.0377685810004,0.0969208541911,-0.0388863811633,-0.2679235066058,-0.1654636478169,-0.0548413743979,0.0741035500488,-0.0725163501670,-0.0871999724439,-0.3518326756217
0.5613073639834,0.4502554537564,1.0000000000000,0.3463553083702,0.5412029660455,0.5382759341237,0.5099663116122,0.1316885049158,0.0145779677024,0.4041813008705,0.2079261085835,0.1533100615408,0.2195199410991,0.3736284558183,0.2505174025742,0.0257043155544,0.0542200682745,-0.1482917918304,0.0013532597901,0.1230984365015,0.3089527985770,0.1774266007609,0.1292726192331,-0.0031726056538,0.0611910804692,0.0964922014672,0.0682126622821,-0.1290975640695,-0.0165541047090,0.2184429838607,0.1100274248494,0.3678944301071,0.3553298035907,-0.0051537190196,0.2943807899750,0.1817749449038,0.0634683533560,0.0579734973857,0.2218489079445,0.0337391155646,0.0684904354557,0.1958501794906,0.3935322254398,-0.0562661622028,0.3145143875389,0.0422851413471,0.1512218037756,0.2238851653821,0.1562491749688,0.3435331810554,0.5170202493523,0.5048322774326,0.2947035531996,0.7609152996971,0.3468383517840,0.2737758274590,-0.0583005676175,-0.1196446131541,-0.2416644693678,-0.1363473516877,0.1398284415226,0.0916487986226,0.0806445892500,-0.0376133098256,0.4697078925272,0.3095906107745,-0.0124933111941,-0.2726450322661,-0.1286771970698,-0.1113999783127,-0.1176571231340,0.1051358521023,-0.0909971541505,0.0195433285876,-0.0932186251049,0.0566610402026,0.1066903880778,-0.0208877776731,-0.0284366186221,-0.2336106040288,0.2079774705660,0.1735984886264,0.0639530514094,0.0672298550276,0.1412066664995,-0.1688017508365,-0.0579046995593,0.1268480327770,0.0571184630405,-0.0072881358330,0.1579523822211,-0.0342176424567,-0.1337467231459,-0.0664200868700,0.0010779571921,0.1437733318806,0.1056849277061,-0.0247177342613,0.1846816431971,0.0698884467281
0.2518352081385,0.2748753583018,0.3463553083702,1.0000000000000,0.6684611093341,0.6756074565778,0.7397934192423,0.4505106325428,0.3884080002051,0.5980221518249,0.6120904106206,0.5453087894035,0.6639454353777,0.7016268643415,0.8005733543197,0.6709076642556,0.7513869260259,0.4881339465382,0.5722333170082,0.4502418956395,0.6790671407491,0.4471549927164,0.2925877406627,0.5058441723081,0.0068681840566,0.4491823301609,0.3005183557009,-0.0032977510084,0.1486121248080,0.1500753299929,0.5729229163526,0.5018674145302,0.6100953382568,0.1931518635014,0.2719276566338,0.2608692338799,0.1146751539011,0.3180602056961,-0.0332284598757,0.0410180035003,0.4361509079826,0.5016107949261,0.3407651710220,0.2172609176392,0.1390812247197,0.2350234425042,0.1757888215435,0.4530696599593,0.2706084600303,0.6917396559062,0.2516031305450,0.0254172692001,0.7472208705805,0.5829228535248,0.7135735082957,0.8153645973980,0.2500513565008,0.1420414307431,0.1009667866573,0.2992668763386,0.0611747664376,0.4375897640131,0.1426434858261,0.3617400955040,0.4942206837813,0.3200118079786,0.2412458307760,0.3072172037008,0.2048760366228,0.2961915726185,0.1409131310760,0.1284584677702,0.3464637672140,0.2239085351561,-0.0787428852386,0.3676106050013,0.2636433471297,-0.0356663658656,0.0519325774121,0.1772964942760,0.3359741497471,0.2172909116303,-0.2284147640441,-0.2038808922682,0.1874475205009,-0.0153844993939,0.0766396510074,-0.0969138037293,-0.2392518880786,0.2238205665522,0.0166921248045,-0.1186793348009,0.2696482662524,-0.0377882401009,-0.1577468262663,0.2831287714315,0.1669243052318,0.2312864639089,0.2249370096997,0.1785966409661
0.4614002162867,0.1537421313823,0.5412029660455,0.6684611093341,1.0000000000000,0.7821081461937,0.5620035796071,0.2925481755193,0.2391784799112,0.6078359494090,0.4108178860570,0.5520652200585,0.5059956258663,0.7522453615167,0.5599329926537,0.3762869328115,0.4697238985256,0.3841221808832,0.3761287418325,0.2228792519441,0.5249859712163,0.5470982535928,0.4366217174720,0.3201493873415,-0.0938349362595,0.2256058023659,0.1667481689237,-0.1579941428656,-0.0058665974402,-0.0339930055183,0.2880383026179,0.4271215373960,0.4486657049487,0.2412441844624,0.1142193097252,0.1067428947513,0.0118837565533,0.0686958889526,-0.0931223591790,0.1774858584822,0.4158577334063,0.5481133555046,0.1567181225628,-0.0270643665731,0.0145456630902,0.3520383309857,0.2983551044409,0.4091906729046,0.3206392718088,0.5655952431751,0.5278558292893,0.0268685146501,0.4917654324511,0.6684988006133,0.7335497982841,0.5512928211024,0.0344158983796,-0.0110304194456,-0.0201931141665,0.1741132549034,0.1810035965050,0.3193990972952,0.1996087487557,0.1749879255311,0.6143949857977,0.1902990248275,0.0845762849880,0.1386918305423,0.0663671806974,0.1156385812057,0.0601014234305,0.4345500251832,0.2256559484233,0.0730332840636,-0.1498161575663,0.1372891034506,0.1356241373358,-0.1382111062373,-0.0823965124140,0.0243486325468,0.3594299961741,0.1222009763897,-0.0576868465299,-0.2061004320920,-0.0221905289809,0.1239890177863,-0.0174325279172,-0.0902290749700,-0.1686979867097,0.0120064678397,-0.0448433521985,0.0062567467548,0.0069502040125,0.1492937692238,0.0523136756248,0.2576426474840,0.2759976717460,0.3478590177437,0.3755292263324,0.1350036658683
0.2732367617294,0.0667070461629,0.5382759341237,0.6756074565778,0.7821081461937,1.0000000000000,0.6255779771520,0.3302658334310,0.2622840152950,0.6034180194787,0.5839562998680,0.6202199983920,0.5774185404705,0.6121992314227,0.6316783468890,0.4193810796275,0.5298838326013,0.4085916830147,0.3474894315224,0.2855231304671,0.6131289241898,0.4280827486245,0.4165746859311,0.3714582177183,-0.0436925480575,0.3344119949803,0.3147627654480,-0.0749330028387,-0.0315811207538,-0.0047718903010,0.3902161161420,0.4842640784318,0.5402668488257,0.1482694281619,0.2442332585905,0.0819964627657,0.2122472460798,0.1818047510318,0.1068164474748,0.1801237459703,0.2960630612103,0.5098867827461,0.3121946238340,0.0989328944159,0.1218766188448,0.2466506660134,0.2000564015731,0.6746140687781,0.1234850576093,0.6255096505603,0.4119021305782,-0.0412369677471,0.5152089050424,0.7702838556754,0.8595413958095,0.5049467257022,0.1422045413297,0.0173156408769,0.0434780285735,0.1920823510034,0.2356400201769,0.5210947210013,0.2864670947491,0.2772497464346,0.5569671588959,0.2864103549215,0.1350630719670,0.2275838402594,0.0792467117026,0.1818412874151,0.1160668066906,0.3553531499139,0.2693617686853,0.1517562649230,-0.1302014398775,0.2752396076182,0.2790051594709,-0.0547889321239,-0.0802434271002,0.0819938804651,0.3954871046262,0.2317863640184,-0.0721789377381,-0.0942540401319,0.0856395436763,-0.0026269019330,0.1501584376402,0.0007251929753,-0.0606199869354,0.0608380511603,0.1421609735259,0.0796571498894,0.1269117741265,0.0572767035652,0.0002601794856,0.4749452951959,0.1972168766236,0.1698463885060,0.4260225116315,0.2506451802704
0.1652511398735,0.1530424726960,0.5099663116122,0.7397934192423,0.5620035796071,0.6255779771520,1.0000000000000,0.3258880734416,0.2598111174875,0.5126455936809,0.4736951673925,0.4048410669070,0.4837294565684,0.4232778679300,0.5468841905030,0.5265183416030,0.4351539763049,0.2137133586978,0.4450019482428,0.3154474106226,0.4843838831158,0.2965000880100,0.2414223230353,0.3313555509485,0.0272948591403,0.3129348458761,0.3116764043819,-0.1212171681999,0.0751215102551,0.0275589896405,0.4440248625546,0.3786874079746,0.3691782870101,-0.0094352250282,0.5771440459207,0.4528263761927,0.1944858326115,0.2610498532603,0.3466461296999,-0.0736450250703,0.2165151945866,0.3476874355394,0.4069994282806,0.1548099970568,0.2341033173902,0.1531463085421,0.0744725664450,0.3716569968902,0.0909054848687,0.4853840377997,0.2107846848999,0.0843079488637,0.5629290715749,0.6123014906335,0.6754871481090,0.7870753019214,0.3161737435254,0.1543647435941,0.0577032265727,0.1629289899625,0.1952762181005,0.3800130347358,0.1621042916386,0.3708943388816,0.2982964953342,0.4109870682890,0.3452218140702,0.2103590600660,0.1230067497152,0.2130657774758,0.1686622829435,0.1153142255371,0.2676331346643,0.1962606606810,0.1624698977700,0.3181856381944,0.2498177869376,-0.1148611273530,0.0177318482869,0.1817265466573,0.2679167120607,0.3086669077142,-0.2315694825421,0.0919640055590,0.3111170372623,-0.2068546106617,0.1486840165812,0.1898274497528,0.0315081790616,0.2193417665167,0.2620519738850,-0.2514633076070,0.1713896631435,-0.1091619160908,-0.1308885505439,0.2601092907142,0.0912645358165,0.1204409640615,0.2122657067065,0.3280539574727
0.0463106799292,0.3104257982547,0.1316885049158,0.4505106325428,0.2925481755193,0.3302658334310,0.3258880734416,1.0000000000000,0.6887361444202,0.4007154996062,0.3592259098228,0.3228251366539,0.5840324186728,0.3036919683302,0.3805805682210,0.5468535222811,0.5710701034529,0.6371941569981,0.6591935953467,0.7690099609795,0.4821383155660,0.3923368024212,0.0616134369395,0.5382243718171,0.5034613097717,0.3249774761130,0.2073757584169,0.0955040281801,0.1655287466585,0.1346449912965,0.3390865144177,0.2817258158762,0.4522585833223,0.1134380750151,0.0888820125296,0.1774614421856,-0.0569528432889,0.4038304875481,-0.2072877750840,0.0771961514340,0.1148365148824,0.2213595532189,0.1594200820369,0.3633763826955,0.4707069494475,0.0995365080368,0.0812736474298,0.1055155757583,0.3277033712111,0.3290502317124,0.0049432226332,0.1052482800609,0.2417071436398,0.1369960851673,0.3016592710120,0.2810674322427,0.6605401068013,0.6871907335742,0.5201323601300,0.5678543363686,-0.0474321690612,0.3303560686260,0.0446678945946,0.4025267885415,0.1805589353473,-0.1312428102493,0.1647950910435,0.3855210998206,0.4773108779847,0.3944236186799,0.1653956066455,0.1100143451872,0.4544130235401,0.4796882987844,0.0716963680668,0.2164390042061,0.1115026883454,-0.0443720490985,0.0526022159002,0.1595350755744,0.1441064527407,0.1423520249373,-0.3004589314564,-0.3254010932899,0.3911015330849,-0.0251856260153,-0.0836893022166,-0.0838711915426,-0.3962655438596,0.2833393880921,-0.1675186330755,-0.0755035386965,0.3340131663362,-0.1187572140928,-0.2532159744365,-0.0003233682031,0.0718550740119,0.1396865658720,-0.0761413658030,-0.0144990858219
-0.0249986699427,0.1696589445290,0.0145779677024,0.3884080002051,0.2391784799112,0.2622840152950,0.2598111174875,0.6887361444202,1.0000000000000,0.3749357253778,0.4638562917926,0.4216102607295,0.4966303728229,0.3041616137096,0.3104153366727,0.6434797756828,0.4852608082013,0.5176282857687,0.8516356684903,0.7817388084892,0.4263932673832,0.2955985682219,0.2207320598522,0.7327880431397,0.6662194895672,0.2262719536134,0.3436279664956,0.0195488789154,0.0177860794631,0.0192471074509,0.3847473322808,0.2497378492379,0.3474911012969,0.0904652074454,0.1322677465393,0.4912737491264,0.1248974209940,0.3975644647833,-0.1271390849298,0.1042695358594,0.1871433637469,0.3120563654914,0.0997918563838,0.2410379684956,0.1365143793309,0.1588067155661,0.1027982862603,0.1507217972392,0.1474378629295,0.3011888559068,-0.0325178346983,0.0338591908886,0.3087897004033,0.1215938582020,0.3262999884751,0.3914039368622,0.6413512690597,0.6290352874268,0.7505103433726,0.9283191692320,-0.0799583729997,0.3968026079781,0.0887133147980,0.3673941601692,0.1691726667257,-0.0868600445391,0.2319673390001,0.4763250839073,0.8440887641924,0.7581939441924,0.1690456763335,0.1620382915684,0.6411444925881,0.8245370518853,0.2311514000685,0.1866244265916,0.2268092129627,-0.0430125339454,-0.0714877143882,0.3755379346548,0.1173247978784,0.0808658911481,-0.2700475862797,-0.2109084414391,0.3501445637203,-0.0538129685310,0.1233755400098,-0.0282203686943,-0.3148022098335,0.4227051699782,-0.1143952628729,-0.0043139959996,0.2519354461147,-0.0702908630433,-0.3278492131915,0.0953172330641,-0.0128477863370,0.1022690626242,0.0339753118675,0.0059181326175
0.1632073556149,0.3256594604387,0.4041813008705,0.5980221518249,0.6078359494090,0.6034180194787,0.5126455936809,0.4007154996062,0.3749357253778,1.0000000000000,0.4817203455863,0.5613703084741,0.6161898703101,0.5574365736293,0.6023746610580,0.3297237090902,0.5834828397818,0.3584671427664,0.4517437950282,0.3461578428587,0.5726649532882,0.6540597926229,0.3089360867290,0.3871064292926,0.0690405277953,0.4000401961807,0.2224576401481,-0.1885550400207,-0.0866200833624,0.0362777470539,0.4025037874671,0.6063433981006,0.6106262859421,0.2425846308048,0.0554422056445,0.0846359314310,0.1902316677777,0.1813719233163,-0.0540115586021,0.0579853442513,0.4696597685132,0.6398374939049,0.2333444067621,0.1724576350461,0.1448162535434,0.2055286358823,0.3081569053638,0.2715285680080,0.3673843096560,0.7020839333252,0.1225677566627,0.1798365902671,0.3837001368117,0.4603660332524,0.5728497168612,0.4816871147539,0.1853725030159,0.1886056023809,0.0778402790293,0.3037886427795,0.4793566504344,0.3985380396596,0.2460869917300,0.3198407614654,0.4145783242591,0.2516170272845,0.0265065398956,0.1911276366506,0.1835592098924,0.1751427391042,0.1391870213021,0.3449189277497,0.2349619759676,0.2268670185795,-0.0501557437937,0.3395015464178,0.1400696671328,-0.1500296170852,-0.1607598048100,0.0754377116658,0.4966570670045,0.2771373290592,-0.1806214313518,-0.2046487350536,0.1415888052733,0.0348977762402,0.0578614678814,-0.1777624699480,-0.1908114868511,0.1025939182761,0.0104367885130,-0.1075045467842,0.1945731521926,-0.1203617760898,0.0164007734251,0.1921167609030,0.0945633944110,0.2949874566790,0.5324322265209,0.3270001483106
0.0229599677966,0.0342831163780,0.2079261085835,0.6120904106206,0.4108178860570,0.5839562998680,0.4736951673925,0.3592259098228,0.4638562917926,0.4817203455863,1.0000000000000,0.7759625471223,0.6904268129006,0.4080925706485,0.5901399888380,0.4467276847447,0.6184889263789,0.4592488184471,0.4987587016553,0.4114473800087,0.6365580483180,0.3358241117477,0.5720363629423,0.5638868678557,0.0699330567696,0.4666856551023,0.5540604887512,0.0427485744619,0.0816861793728,-0.0322589572479,0.3640996469497,0.4893684392415,0.5473405935844,0.1244619914163,0.2138974537613,0.2583795315553,0.3280115367124,0.2480980823821,0.0394463028786,0.0641787348163,0.2637962493222,0.3915857133490,0.2193525735064,0.1834536404295,0.1334863077900,0.2360119625545,0.1434934479466,0.4993541329727,-0.0296334383620,0.5897976938005,0.1484670713288,-0.0721308620910,0.4769778808787,0.4622895981333,0.5916247422618,0.4859553822618,0.3046563779620,0.1911326420726,0.2412921216765,0.4439018422567,0.2237923802993,0.8216753119314,0.4997985923971,0.4913647655324,0.3620037893515,0.1941948779427,0.1125199192552,0.4147926043531,0.3248630243674,0.4172058529786,0.3391348600891,0.3306224750652,0.4712490656319,0.3842079954445,0.0123397258855,0.3868671796748,0.4846999320691,0.0017939576405,0.0142105478508,0.1889641245463,0.3779083058564,0.2805310183157,-0.2938604250277,-0.1485995909769,0.1531515307104,-0.0944899314086,0.2509774386866,-0.0277269141068,-0.0390907122880,0.1625287930988,0.0618482439944,-0.0403467104143,0.2144309156900,-0.0566781591071,-0.1449467393614,0.3480662842601,0.0356413819272,0.1267065096617,0.2722972497089,0.3275991773039
-0.0125868850471,-0.0996352655264,0.1533100615408,0.5453087894035,0.5520652200585,0.6202199983920,0.4048410669070,0.3228251366539,0.4216102607295,0.5613703084741,0.7759625471223,1.0000000000000,0.7678215237760,0.5381872731271,0.4921621904268,0.3831211971630,0.6286091797743,0.5358430043897,0.5105020703961,0.3195355279183,0.6962135641450,0.5104034113408,0.8008102991403,0.5473451721526,-0.0601314025848,0.4117698543097,0.4972221624264,-0.0469046899127,0.0186065705487,-0.1479013685448,0.2513679704470,0.5333327397474,0.5378509082662,0.2470070566342,0.0974225363659,0.1413968752366,0.1591427958508,0.0952327086433,-0.1467488432921,0.1274509282029,0.3729686522196,0.5536263609267,0.0746227864110,0.0713025705328,0.0112935500062,0.3723151262606,0.3017311899290,0.3589170072141,-0.0622673771853,0.5870586898258,0.1189840513106,-0.2117294960640,0.3426725698695,0.3630684825495,0.5653508532829,0.4272502915727,0.2286446633180,0.1192868982034,0.1803325164520,0.4392752599305,0.4150912232124,0.7141420179770,0.6970796863547,0.5672253008614,0.3622930470153,0.0215811358321,0.0892428254291,0.4498244069141,0.2615463436608,0.3137271642821,0.4643078742161,0.5929142142288,0.4816870612998,0.2938240306747,-0.0417602707406,0.2958276087379,0.4192697862489,-0.0888025241956,-0.1498255277166,0.1480780197810,0.3796083267797,0.2594961436307,-0.2761711777827,-0.2630097771849,-0.0430273648936,0.0627034362899,0.0966622654600,-0.1736522969558,-0.0665045543087,0.0160685622741,-0.1397262533733,-0.0182896860968,0.1021690465289,0.0790539249543,0.0452731418566,0.1450364599340,-0.0142182218029,0.2870234323465,0.4291159383531,0.4031915564243
0.0254858894332,0.2049874144751,0.2195199410991,0.6639454353777,0.5059956258663,0.5774185404705,0.4837294565684,0.5840324186728,0.4966303728229,0.6161898703101,0.6904268129006,0.7678215237760,1.0000000000000,0.4674833901194,0.6232736516745,0.4582823645202,0.8242997453417,0.5973560578911,0.5439571134704,0.4887475066007,0.7612048782789,0.4965854947035,0.3964367852313,0.5936893940624,0.0900382242978,0.5334425710705,0.4514164531715,-0.0320591231274,0.0335400902667,-0.0044636545591,0.4476152415622,0.5369141476937,0.6794974124288,0.2175905512760,0.0591782764542,0.0895745502200,0.1821091482891,0.3248817656586,-0.1440487707837,0.0551275865147,0.3109810981797,0.4596145589567,0.2844954753550,0.3228073894058,0.2521355540108,0.1703113264063,0.1671200436608,0.3492732196153,0.1127198364191,0.6617354389149,0.1128402673910,0.0212047472123,0.4410031096484,0.4236959477288,0.5643432890714,0.5569559113285,0.4378919361252,0.3006334511981,0.1968781626023,0.4438717046828,0.2733728757186,0.6172238164079,0.5439448990619,0.7202857610509,0.3504733157837,0.0976136678103,0.0435755030307,0.4611742064972,0.2756521758999,0.3398776145065,0.3596866089543,0.3000277335196,0.4409622800856,0.3677051507505,-0.0305142098493,0.4285148404130,0.3615168003416,-0.0982747090445,-0.1306188393770,0.1457712266800,0.2932164248909,0.2737795226525,-0.4127147810927,-0.2688639743795,0.2089519122700,-0.0620665528373,0.0729656036729,-0.1289152866322,-0.1683391193471,0.1885338439743,-0.0934184103208,-0.0890728172083,0.3036921807922,-0.1186043688236,-0.1402021258297,0.1338067835514,-0.0579792310049,0.2023696732276,0.2352547431705,0.2369475808715
0.5203245179199,0.2743859671795,0.3736284558183,0.7016268643415,0.7522453615167,0.6121992314227,0.4232778679300,0.3036919683302,0.3041616137096,0.5574365736293,0.4080925706485,0.5381872731271,0.4674833901194,1.0000000000000,0.6422334196466,0.4339634154651,0.4786255108856,0.3876884620986,0.4281509134895,0.2932029799071,0.5230636947316,0.5158538949443,0.4189413524460,0.3251540965518,-0.0256344571851,0.1591449552993,0.1287079020115,0.0672399250432,0.1189979362334,0.2558724449789,0.2790780060321,0.3607240089152,0.4040142267198,0.3137314415576,0.1108693403940,0.1302186012130,-0.0524525402323,0.0630480922568,-0.2055929664504,0.2311823555060,0.5653682735291,0.6062761593670,0.1205828115798,-0.0661914571819,-0.0446961271402,0.3795426610772,0.3861427592943,0.3470326738996,0.3566387424560,0.5944228587712,0.4350302835062,-0.0076524762225,0.4831830333458,0.4528085392871,0.5414729180493,0.5040174368496,-0.0263935957349,0.0092619353635,-0.0287028585273,0.2269274753078,0.0247907261969,0.2509972009208,0.1209780449942,0.0796025343696,0.6104863500740,0.1126458431207,0.1428888123513,0.0996298954383,0.1140478576599,0.1425145116818,-0.0075505077860,0.3095380444782,0.2464649226731,0.1331445019186,-0.2240291788368,-0.0008402181885,0.1081700750216,0.0865342145053,0.0416634418212,-0.0446879126676,0.2087431465475,-0.1105940763468,0.0285050849737,-0.2817089542818,-0.1450147391329,0.1769853963988,-0.0983020468745,-0.1511930184301,-0.3426298480931,0.0048115723121,-0.1674017279559,0.1025670295574,-0.0449314022539,0.1830540504233,-0.0374151345835,0.1914306714491,0.3399862347952,0.3014872108490,0.3092091904450,-0.0403881275286
0.2070845740439,0.2477581078741,0.2505174025742,0.8005733543197,0.5599329926537,0.6316783468890,0.5468841905030,0.3805805682210,0.3104153366727,0.6023746610580,0.5901399888380,0.4921621904268,0.6232736516745,0.6422334196466,1.0000000000000,0.4803221653788,0.7144134813788,0.4682421732999,0.4502175435365,0.3286989773120,0.5594347346581,0.3736482698164,0.1882394310131,0.3387146838702,-0.0529378710536,0.4405877637447,0.1673536977773,-0.0303807404466,0.0275650211100,0.1724777063126,0.5207636708451,0.4999663867011,0.5575222758478,0.3445769096180,0.1345846545497,0.0831572452267,0.1187573146509,0.3196044898951,0.0596125396024,0.2197612808502,0.5734046076859,0.6537908787647,0.4103063715233,0.3158555975437,0.1662335763088,0.1973905314943,0.2723524122363,0.5470155635097,0.2667690505623,0.8618291387311,0.2085049328719,0.0047813850199,0.5230076380232,0.4212927471770,0.6141939338819,0.5719382780846,0.0808065963421,0.0617813978343,0.0114203248737,0.2359633092285,0.0104450439518,0.3894951590036,0.0867061280725,0.2534997354446,0.5067143937518,0.4482549416984,0.0495319597211,0.2004164798274,0.1150689049434,0.1929386482189,-0.0406561526691,0.0648525846802,0.1260842726136,0.1229705099702,-0.2356780282056,0.3562763309709,0.2004427319799,-0.0843735186390,-0.0134602462688,0.0197973611895,0.3304730296668,0.0419950303553,-0.0324987759403,-0.1307023092700,0.1255598574484,0.1091597499311,0.0222899189289,-0.1605682026015,-0.2461095403802,0.1995900288555,0.0757000177345,0.0920808740860,0.3488759152069,-0.0479899019068,-0.0848671278768,0.3684423538776,0.1265022170577,0.2190697938375,0.3568421876013,0.0486008143197
-0.0090121638045,-0.0029041121874,0.0257043155544,0.6709076642556,0.3762869328115,0.4193810796275,0.5265183416030,0.5468535222811,0.6434797756828,0.3297237090902,0.4467276847447,0.3831211971630,0.4582823645202,0.4339634154651,0.4803221653788,1.0000000000000,0.5542345392259,0.4853270219682,0.8001486430693,0.6693508464486,0.5307679745651,0.2382741811000,0.2281890876507,0.6118075601831,0.3359298586891,0.2711715859807,0.3129245706475,-0.0274032122475,0.0720751136030,0.0171085463791,0.7073275228916,0.2690768415749,0.3866499139170,0.0011685320485,0.5340710382466,0.5528903115052,0.1380111947210,0.4919114628906,0.1416504484673,-0.0008223140945,0.2323620243933,0.3632539052723,0.3751332677993,0.2263144696842,0.1773842575243,0.1780604995086,0.0291625992757,0.3781401392751,0.1223471812476,0.3721441636314,0.0473686747314,-0.1756499131161,0.5428161730989,0.2439490586949,0.4932402452654,0.5846460524714,0.5306465191701,0.4452225740601,0.5759605975733,0.5534848015224,-0.1632462783332,0.3201500885646,-0.0469185783569,0.2649043241577,0.1986648236696,0.0638194899710,0.5987982262526,0.4559934652615,0.5838169834379,0.6252241467919,0.1414147647642,0.0433545544584,0.5060318706869,0.4905774243172,0.3033589536406,0.1908312710019,0.2054298100559,-0.1122382343521,0.0003675403994,0.5268335774815,0.0965719439317,0.0749331581211,-0.2173144154330,0.0292260350545,0.3296564560193,-0.1447023663886,0.2089581874171,0.1704709657066,-0.1653149816937,0.4205056052222,0.0788581608586,-0.1544668836593,0.2404642031696,-0.0439018861344,-0.3919477562873,0.2199528264004,0.0969368287966,0.0700332985728,0.0317719704053,0.0468334944739
-0.0155871812370,0.1665241751844,0.0542200682745,0.7513869260259,0.4697238985256,0.5298838326013,0.4351539763049,0.5710701034529,0.4852608082013,0.5834828397818,0.6184889263789,0.6286091797743,0.8242997453417,0.4786255108856,0.7144134813788,0.5542345392259,1.0000000000000,0.7477534127656,0.5945236451462,0.5335390845429,0.7742541394724,0.4578306531551,0.2798144819954,0.6765687056358,0.0764508813550,0.5531895682630,0.3964604221105,0.0117553015889,0.0203334593976,0.0020826931005,0.6430762720812,0.4821024443808,0.7086625391080,0.2045366858473,-0.0119441413924,0.0565096214655,0.2406303360033,0.3946483039718,-0.1740779604784,0.0592024829580,0.4231414063337,0.4747285128960,0.2980151242452,0.3560924251060,0.1220093967558,0.1478210957754,0.1010665628887,0.3543043263539,0.1848237730554,0.7070913078424,0.0463981276335,-0.0570515771120,0.5041194170643,0.3455247161001,0.5726012421072,0.6139188368569,0.3816843692385,0.3238437527851,0.2657661920565,0.4453132510096,0.1053722385981,0.5179400186304,0.2539555414501,0.5281039374871,0.3734205481891,0.1444704345674,0.0859969886178,0.5836344556638,0.3187779699701,0.3963812200112,0.3566518095126,0.1412626604757,0.4511379211731,0.3406697379246,-0.0607546979460,0.4753190187965,0.3037267237975,-0.0643880794276,-0.1320413827997,0.3159916868184,0.2741202109572,0.2307792257137,-0.3847208127482,-0.2841493918284,0.1841921888418,-0.0510393860439,0.1578356596055,-0.1832298072742,-0.2223315046638,0.2547720540951,-0.0481017446683,-0.0521401689454,0.4066270443877,-0.1133593374076,-0.2400368026031,0.1994637942738,-0.0222277558044,0.2170184586822,0.1924033178188,0.1702562639105
-0.0126731188333,-0.0020447441125,-0.1482917918304,0.4881339465382,0.3841221808832,0.4085916830147,0.2137133586978,0.6371941569981,0.5176282857687,0.3584671427664,0.4592488184471,0.5358430043897,0.5973560578911,0.3876884620986,0.4682421732999,0.4853270219682,0.7477534127656,1.0000000000000,0.5787229212121,0.4847960247252,0.5780963985978,0.4105818278059,0.2823416940626,0.6827733774830,0.1065012287166,0.2974776754145,0.3195390851323,0.0051023033007,0.0500997187787,-0.1187064586677,0.3909435268684,0.2097639062435,0.4324632588758,0.1321281913093,-0.1389928358139,-0.0414444301331,0.1471420926980,0.1713826253638,-0.2878690028657,0.0212316345814,0.2673047065989,0.3204749942808,-0.0553774583612,0.1348305370264,-0.0427759499591,0.1684980475432,0.0951780825277,0.2468071941593,0.1302129353193,0.4248945623248,0.0593996696853,-0.2108808165454,0.2955039824771,0.1347757533280,0.4744872744402,0.3882608838273,0.3961784858021,0.3919221931758,0.4699720592829,0.5357235838759,0.0820392818450,0.4503783173118,0.1980348382827,0.4456661150239,0.2930235504388,-0.1451012758567,0.0553104731648,0.7022869563560,0.3880825483958,0.3544253829060,0.4227297704564,0.2596572246533,0.5618413501575,0.3285047882876,-0.0646133011405,0.2308214504431,0.1671542243003,-0.0661171701517,-0.0681735383098,0.3875920636577,0.1674505845963,0.0813327004766,-0.3627204171413,-0.4069070834345,-0.0088767603907,0.0634693484112,0.1177307144889,-0.1765437828230,-0.2584956300342,0.0702280324148,-0.1471593140569,-0.0473483386689,0.2166020206974,-0.0164677410290,-0.1760991919855,0.1730693964951,0.0479152616915,0.2274384172388,0.1104664893046,0.1607239563342
-0.0706282734367,0.0280883222804,0.0013532597901,0.5722333170082,0.3761287418325,0.3474894315224,0.4450019482428,0.6591935953467,0.8516356684903,0.4517437950282,0.4987587016553,0.5105020703961,0.5439571134704,0.4281509134895,0.4502175435365,0.8001486430693,0.5945236451462,0.5787229212121,1.0000000000000,0.7001928176932,0.5321058398360,0.4087408588245,0.3147191971971,0.7020307612823,0.4088315315795,0.3176611156866,0.3217154121009,-0.0048205489318,0.1072367928807,-0.0401180238828,0.4703365663615,0.2898848133665,0.3743377619229,0.1144557974358,0.2711649063345,0.5889374804717,0.0182595846579,0.3537397325310,-0.1047631178599,0.0847140818834,0.2968438396421,0.3900246801785,0.1119403085326,0.2410519764183,0.1366153735983,0.2560903147428,0.1160032198721,0.1711766462027,0.1646169065553,0.3961857572611,-0.0596374766955,-0.1698597121204,0.3421400594957,0.1382296450110,0.4264174241249,0.5298214994000,0.5750682101238,0.5934637632752,0.6685237214557,0.8081520374213,0.0424981596836,0.4514186925420,0.1500669947807,0.4208887958753,0.1596013107505,-0.0748599314918,0.3886613906262,0.5377699433520,0.7894628458844,0.6647424581517,0.3072253874577,0.2236949496072,0.5854863850443,0.6317617598323,0.2727552822893,0.2201544090962,0.1763395328020,-0.0828426485050,-0.0100216978592,0.4207984763371,0.1558644560030,0.1200580193157,-0.3158626980806,-0.2306663431061,0.2760567290135,-0.0736512774242,0.0428157550915,-0.0854511353187,-0.3008171466071,0.3334000127821,-0.1607828914405,-0.1520708669300,0.2706482115801,-0.0360191944361,-0.3188713821166,0.0462368889159,0.0788555431794,0.2492475300483,0.1269378546713,0.1753693563287
0.0501416920214,0.2208193342387,0.1230984365015,0.4502418956395,0.2228792519441,0.2855231304671,0.3154474106226,0.7690099609795,0.7817388084892,0.3461578428587,0.4114473800087,0.3195355279183,0.4887475066007,0.2932029799071,0.3286989773120,0.6693508464486,0.5335390845429,0.4847960247252,0.7001928176932,1.0000000000000,0.4964218858356,0.2657191225593,0.1701753323945,0.6903941102018,0.7004249880866,0.4306623196747,0.4896018639701,0.1110979534048,0.1059142969915,0.1415825486798,0.5123150898128,0.3692197856543,0.5022028157941,0.0870742165509,0.2806668561974,0.4344749132624,0.1835797238173,0.6466198853031,-0.0185609602700,0.0676069356932,0.1974119251130,0.2499629335749,0.2908199589435,0.4240462336400,0.4857646000555,0.1033477945698,0.0894968788232,0.2033643052602,0.1821753353921,0.3103429267184,-0.0240084433497,0.0665127651861,0.3103154138171,0.1805566209241,0.2849379781654,0.3435022994382,0.6945890393433,0.6457854926784,0.5831924750090,0.6514568797915,-0.1473427970316,0.3351789317399,-0.0329003328692,0.3212395642428,0.1441066005096,-0.0561644162026,0.3080220675712,0.4397566386925,0.5983136121046,0.7331507247827,0.1812380461315,0.0622926564066,0.5925793966995,0.7238095965607,0.2529892796798,0.3479244071046,0.3973755022766,0.0173942032750,0.0188939267199,0.3447139860433,0.1822268493251,0.2537672827865,-0.2916285711857,-0.1123421638478,0.5613131850293,-0.1007840693263,0.1650033151568,0.1018664430938,-0.2391111873731,0.5795812174393,-0.0258318527090,-0.0604391512433,0.3985576495156,-0.1419678223320,-0.3031576866788,0.0921499498253,0.0306164565065,0.0100899583096,-0.0840602974716,-0.0545011090662
0.1533279114733,0.2460607024251,0.3089527985770,0.6790671407491,0.5249859712163,0.6131289241898,0.4843838831158,0.4821383155660,0.4263932673832,0.5726649532882,0.6365580483180,0.6962135641450,0.7612048782789,0.5230636947316,0.5594347346581,0.5307679745651,0.7742541394724,0.5780963985978,0.5321058398360,0.4964218858356,1.0000000000000,0.3967011904464,0.4173368541092,0.6367302774127,0.0826237118955,0.4640208486988,0.4296923700353,-0.0915602120521,-0.0304601068661,0.0474266307848,0.5984136968378,0.5089029225277,0.6781025928074,0.0552291099735,0.2242420587679,0.2339151015747,0.2529107098397,0.3063361864424,-0.0229932305257,-0.0132952660982,0.2512384388354,0.4120127557684,0.4766543933233,0.1453481053025,0.2025219818591,0.1286321288185,0.0535206086125,0.4114721235773,0.0239685712179,0.6566451748997,0.2506335950357,0.0954522788630,0.5452949756948,0.5274773981982,0.4946898827491,0.5486533664218,0.3031732529019,0.1962421845333,0.1647809429008,0.3405192771343,0.1809005810318,0.4794321603536,0.3339695157428,0.4052624088903,0.4775163305336,0.1524051768661,0.1869543745712,0.3929085387780,0.2900440888703,0.3259158181946,0.4565962024302,0.1956985609837,0.4099403173624,0.3510228332611,0.0346617422113,0.3847934113785,0.3622197127278,-0.0801705010745,-0.1692207846709,0.2343925176093,0.2018343110675,0.2373160808959,-0.3892304822807,-0.1307164925703,0.1504935831608,-0.2209718271729,0.1404513413109,0.0735848996410,-0.0433605401942,0.1482977540355,0.0254432647786,-0.0367498592668,0.1137234902740,-0.1454731332193,-0.2441197911957,0.1846680522101,-0.0798117208734,0.0473389657596,0.1428984106869,0.1671204782020
0.0674700001696,0.1239237122340,0.1774266007609,0.4471549927164,0.5470982535928,0.4280827486245,0.2965000880100,0.3923368024212,0.2955985682219,0.6540597926229,0.3358241117477,0.5104034113408,0.4965854947035,0.5158538949443,0.3736482698164,0.2382741811000,0.4578306531551,0.4105818278059,0.4087408588245,0.2657191225593,0.3967011904464,1.0000000000000,0.4577421778072,0.3325963258444,-0.0033030238337,0.3961512738037,0.2663671341679,0.1168543865303,0.3058198019009,0.1020723834899,0.1582290544486,0.4745738210507,0.4315094887960,0.4717815194534,-0.0882802933504,0.0438677428683,-0.0126752974555,0.0611781543756,-0.2441282313320,0.2348687296863,0.5081568306525,0.4703282605590,-0.0444110754105,0.1086986407230,0.1409093273341,0.5886905510381,0.5149669766093,0.1290847628664,0.5799706125478,0.4182522497870,-0.0658198568414,-0.1016315000131,0.1631107111590,0.2001912363457,0.4026509684583,0.2964753699546,0.1530248310385,0.2062389315025,0.1017066824341,0.2770041661531,0.3696218214495,0.3364974793394,0.2970931674769,0.3024283012399,0.1394475152730,-0.1108598602655,-0.0549967557150,0.2288614469728,0.1313217563774,0.1158036035201,0.1979355689855,0.6544739643567,0.2946529278989,0.1336910715315,-0.1074628697081,0.1929981620824,0.1378667490081,0.0139642333591,0.1447630588750,0.0135497704909,0.4391720202901,0.1870889375811,-0.1128236894867,-0.3837424917943,0.0116794783745,0.3117326692429,-0.0208421342178,-0.3735719141109,-0.2874977857438,0.0122514235628,-0.2162873141844,-0.1044760869868,0.1133330251415,0.3616592999166,0.1424158044029,0.0427055051752,0.3584668161393,0.6431012086126,0.2890763919678,0.2210414665507
0.0145623451347,-0.3051296935758,0.1292726192331,0.2925877406627,0.4366217174720,0.4165746859311,0.2414223230353,0.0616134369395,0.2207320598522,0.3089360867290,0.5720363629423,0.8008102991403,0.3964367852313,0.4189413524460,0.1882394310131,0.2281890876507,0.2798144819954,0.2823416940626,0.3147191971971,0.1701753323945,0.4173368541092,0.4577421778072,1.0000000000000,0.3465661950472,-0.1113165937612,0.3092817551704,0.5117307664434,-0.0052090562331,0.1092353500968,-0.1896681271776,0.0338360336367,0.4675409999929,0.3289245573579,0.2859755530961,0.1735306273011,0.2167993377124,0.1336208448719,-0.0099626698732,-0.0477648993066,0.1944320923996,0.3539098329069,0.4360777609450,-0.0556738372537,-0.0614722453182,-0.0169019643621,0.5963471118416,0.4503804570467,0.2551827082167,-0.1054053838966,0.3042839365280,0.0619618317377,-0.3235868208249,0.1138905641912,0.2312747572172,0.3576909547322,0.1808033389994,0.0523745293763,-0.0197395391465,0.1032513499078,0.2567095530974,0.3318572355828,0.5247829177542,0.5882656564256,0.2977355749038,0.1813070460777,-0.1193420277804,0.1032869739130,0.2966184643222,0.1350560623547,0.2216000491624,0.3848527663383,0.7265090705062,0.3919699782500,0.1497977766818,0.0121712369279,0.1437903658220,0.4679824976059,-0.0458401366622,-0.0396607573411,0.1003546156521,0.3910319985332,0.2447030936786,-0.1359381634693,-0.1471359254112,-0.1523564652874,0.1645874780750,0.1311086088447,-0.1233620970104,0.0550597298373,-0.0432539724658,-0.1235303773962,-0.0210808861118,-0.0536711020517,0.3303740204074,0.1876874577624,0.0833759951583,0.0813770414103,0.3067724376045,0.3195488470376,0.3473465352417
-0.0085845242357,0.0555092193047,-0.0031726056538,0.5058441723081,0.3201493873415,0.3714582177183,0.3313555509485,0.5382243718171,0.7327880431397,0.3871064292926,0.5638868678557,0.5473451721526,0.5936893940624,0.3251540965518,0.3387146838702,0.6118075601831,0.6765687056358,0.6827733774830,0.7020307612823,0.6903941102018,0.6367302774127,0.3325963258444,0.3465661950472,1.0000000000000,0.3389899999839,0.3189108711314,0.6138275080049,0.0423587225646,0.0373442993145,-0.0547419800292,0.5478897869528,0.2424571053143,0.4273874923338,-0.0325005640895,0.1603349834980,0.3558676725650,0.3968160259337,0.3551183818922,-0.0524479389234,-0.0463957442873,0.2382372431652,0.3176889576416,0.1489914988239,0.1267897842728,0.0494088011656,0.1244104481905,-0.0167881818343,0.2987558800192,0.0430874001581,0.3724317725342,0.0339774226033,-0.0856195050843,0.4363611161342,0.2840481102374,0.4814318961747,0.5418638031046,0.5579475224322,0.4461598274279,0.5681301878748,0.7210980356884,0.0565722437470,0.5018704917534,0.2094654313848,0.4518428699264,0.2272197361095,-0.0111447221609,0.2573834803710,0.6851886938649,0.6287996720927,0.6897782823231,0.4304491980767,0.1876733548240,0.8549146271139,0.6480034189690,0.2421215559509,0.2927559087495,0.4032012158147,0.0289436038637,-0.0852370021111,0.5551345756881,0.1045757197179,0.1558929572963,-0.4094019613787,-0.1213739401705,0.2423271573000,-0.1751717162240,0.4015084922359,0.1067975273752,-0.0737384933148,0.3435032109911,0.0619302589706,-0.0853780176254,0.1778014498326,-0.1003458169546,-0.3555018507827,0.2327953494145,0.0029085382422,0.0975381374108,0.0762758994095,0.1847566488435
