1.0000000000000,0.1702038056954,0.3537440895231,0.2025470259221,0.4508613362900,0.1345974651574,0.1377443459274,-0.1274871090535,-0.1852680224811,-0.0820065342421,-0.1349816886156,-0.1479151930242,-0.1356215939598,0.5559349125467,0.0350026005378,-0.1658303303492,-0.2495101592769,-0.0551362463674,-0.2280236130021,-0.1866272999291,-0.1002823612675,-0.1234161830432,-0.0440267440469,-0.1764012182317,-0.1703640432284,-0.2797086191840,-0.1548761409597,0.0521652313765,-0.1150049037448,0.0828149931477,-0.2039128325572,-0.2474775048996,-0.2335458396405,-0.1046772518110,0.0130352556196,-0.1085221201292,-0.1541919631717,-0.2047807647035,-0.1424624128336,-0.0709027744466,-0.0151451756514,-0.0242324989021,-0.1762773985386,-0.3212397809860,-0.2299632596774,-0.0257183157759,-0.1487065537859,0.0654641945363,-0.0575562758500,-0.0548688128490,0.7696706519340,0.3344577410390,0.2002473345340,0.4065506080851,0.1181680672568,0.1413349232258,-0.1925450994885,-0.1566198477298,-0.2309881649112,-0.2144814515988,0.0019818825102,-0.1871600569817,-0.0166968500588,-0.1651288188914,0.4720450456925,-0.0555117936485,0.0408958924266,-0.1730104575874,-0.2050327414804,-0.2047234132258,-0.1530337727244,-0.1178171766582,-0.1750418108162,-0.1760232533289,-0.1020076914176,-0.2037051888634,-0.1541886350643,0.0243379333429,-0.1714043401872,-0.1562580361512,-0.0559615710853,-0.1703765973189,-0.0548079420011,-0.0793003849554,-0.1856995193767,-0.0338055194158,-0.1697048192932,0.0048240368367,-0.1353753811511,-0.1686078173103,-0.1245228321612,0.0213855592893,-0.3197426899115,-0.1075663256685,-0.0395674556937,0.0185161243003,0.0403679222944,-0.1561205151233,-0.1123748400656,-0.1166139170169
0.1702038056954,1.0000000000000,0.4783082519607,0.1564335011927,0.1312567663347,0.0326344641650,0.2253847631773,0.1083017365364,0.0588142568007,0.0679892740718,-0.0484099645878,-0.1228284539385,-0.0041354099936,0.0390336956865,0.1341793047910,0.0611744175421,-0.0595561459832,0.0668322470908,0.0683111863896,-0.0793908542317,0.0243931349361,0.0732713134638,-0.0842385599187,0.0718334440430,-0.0856782354214,-0.1107589434898,-0.1099182466032,0.0551047658889,0.3537732839371,0.6532517952848,-0.0435118651743,-0.0594226234943,-0.0867247160021,-0.2181360700290,0.1368986157397,0.0890860876851,-0.0367819153469,-0.0987668676399,-0.0778875183079,-0.2182310198150,-0.1891757879832,-0.1284113386951,0.0305412634486,-0.2351236914426,0.0073062637319,-0.1461391811353,-0.1244281538529,-0.1145567187907,0.2777187108451,-0.0077578488180,0.0284420224415,0.7720201410544,0.2678036537855,0.2069057036064,0.0580313117441,0.1446840752138,-0.1054629776422,0.0206380503032,-0.0285093928576,0.0345650167542,-0.0146798384288,-0.0969975944697,-0.3032313590528,-0.1833116227116,0.2782970672568,-0.0267826193220,0.1199206514884,-0.1873974149209,0.0395193540163,-0.2062793738719,-0.1578355414411,-0.1137061650688,0.0056170558916,-0.0417837194614,-0.1315022995358,-0.3080664074968,-0.1988055493851,0.0114657752312,0.2557073271286,-0.1363167024639,-0.2205845227318,-0.1949672104338,-0.0312661709271,-0.1157462152261,-0.1612647917670,-0.1976241702323,-0.1028373253505,0.1414264175185,-0.2208921503679,-0.1540233759321,0.0464507018575,-0.2634995050632,-0.2651014233121,-0.2031511554394,-0.2337188057853,-0.0349080295603,0.0587324323609,-0.1020750074868,-0.2498417406213,-0.1957114942539
0.3537440895231,0.4783082519607,1.0000000000000,0.2462556044837,0.3735858330043,0.3936817885105,0.3737396847099,-0.2351147676752,-0.1479282193688,0.0995743148205,-0.1444986703253,-0.1045120420612,-0.1463215206265,0.1827238875656,0.0652536942969,-0.1396717445985,-0.1302060989042,-0.2524846639817,-0.0704845806063,-0.3055396483197,-0.1101929295238,0.0539734977961,-0.1488658460864,-0.1843002912972,-0.1949832856168,-0.3450627116914,-0.3837867811953,0.1080049878820,0.0595458251883,0.3673367312978,-0.1528201317858,-0.1836677260408,-0.1874090647092,-0.2798559934525,-0.0166181466919,0.1282236641239,-0.1408371004384,-0.3130029588934,0.0524869840152,-0.1964722505137,-0.0814080026624,0.0715653965512,-0.1155919277105,-0.4452343881173,-0.4090349768694,-0.0944058179798,-0.0250050099234,-0.1024127747037,0.1646506292339,-0.0160473548115,0.1989739928448,0.6803778051958,0.3673174605458,0.5621094057923,0.2856182488716,0.0611466269638,-0.0259567325001,-0.0122073681138,-0.0589314766847,-0.1634807847967,0.2321261574992,-0.2015046642899,0.0443143331411,0.0541698396903,0.3348323257711,0.0713055643252,-0.1956844895509,-0.0454149133447,-0.1100955034877,-0.1879362923712,-0.0960955192852,-0.0315270450479,-0.1915528229242,-0.1806682208019,0.0837123759396,-0.4349878507899,-0.4140105564477,0.0349532655614,0.0405875883998,-0.0856588731440,-0.0468741168975,0.0305022684360,0.0652885645241,-0.0006093743598,-0.1393510183634,-0.2000645694744,-0.1737374942042,-0.2125972342553,-0.0923325410974,-0.2564652175481,-0.0461095531410,-0.1720111279308,-0.4934164048727,-0.2294098474752,0.1378701831836,-0.1326010648136,0.0484707307808,-0.0087527049256,-0.0955563266875,0.1908642059964
0.2025470259221,0.1564335011927,0.2462556044837,1.0000000000000,0.4096518204732,0.4103016483542,0.7932930851531,0.1378254189324,0.1365837285880,0.4493426442663,0.0781741041263,0.3034566374002,0.4230059521385,0.4798914687846,0.7466146134598,0.4055264083212,0.4521293385375,0.2190670010600,0.3002275330818,0.0812539429386,0.5176456420546,0.1209189320719,0.1746933763303,0.1283174095392,-0.2381264972019,0.2075323156929,-0.0984791398712,0.0129322169548,-0.1797725133063,-0.0683256287899,0.2675229953617,0.3675360731533,0.2593998162920,0.3792142272032,0.3438876345245,0.1851080352565,-0.2722210233120,-0.0478906155084,-0.1192992219661,0.3793154367382,0.3200680930608,0.5047495853278,0.2520835871077,0.0212731055684,-0.0872639809671,0.3305824883813,0.4349047849240,0.1606189280521,-0.0523033567021,0.6473840614069,0.2774042947607,0.1030730798936,0.6448017235551,0.5227591330654,0.4250655377498,0.7432247209857,-0.1883917278554,-0.0638392612940,-0.1579807864737,0.0525695208572,0.2102242703462,0.0732569581041,0.1609307455017,0.1032190825980,0.2735697867935,0.1711907435668,0.2701017525136,-0.0460185604986,0.0999139380146,-0.1866041682708,0.1160903909815,0.0285244724020,-0.1454252394080,-0.2168138932010,-0.2093082091646,-0.0254882862286,-0.1744735337727,0.0099218125226,-0.3222919225123,-0.1050951787771,0.2307896484839,-0.0968537746240,-0.2207855189327,-0.1367771235126,-0.2490448879173,0.3746904673695,-0.4004023839294,0.0454189204991,-0.2061433821029,-0.1736139748105,-0.1442876163330,0.1164070156730,0.0757567280126,-0.0245077885355,-0.1110594924582,-0.0209283596628,-0.2334033729817,0.1467693573650,0.1643808777136,0.1131825211077
0.4508613362900,0.1312567663347,0.3735858330043,0.4096518204732,1.0000000000000,0.7512145452993,0.4387575805457,0.0224187321475,0.0620039380036,0.3711278646340,0.3200606543742,0.2913584201890,0.2675760646425,0.6073106200440,0.2972155883690,0.1167842261132,0.1864001756629,0.0107036524908,0.1422621879127,-0.0816246733380,0.1392963415725,0.5226592788193,0.2736594744545,0.1222406049953,-0.1122417540323,0.0022974739876,-0.1528248257910,0.1459353276275,0.2996796151286,-0.0287006367022,0.0703647536609,-0.0326778524669,0.0749887703023,-0.0786013307381,0.0058078585559,-0.0714496941095,0.0489989861308,-0.0573491504913,-0.0971065199542,-0.0325207278076,0.4462301512194,0.4192061274037,0.0040373952873,-0.0524397989609,-0.1199714015405,0.4036261664284,0.0265333676127,0.4726599320962,0.5862619790467,0.2983469478459,0.5113971430186,0.1268142093593,0.1039948090863,0.7417422978368,0.7205090211411,0.3094531287744,-0.2062202938652,-0.1007894943984,-0.0777244488022,0.0555219219564,0.2201729519721,0.2232950895357,0.1612453679127,0.0375135768020,0.3163172060774,-0.1938440164136,-0.0429771878130,-0.0955481259342,-0.0042476051732,-0.2247520267254,-0.0870889061831,0.3776444794990,0.0484911079908,-0.1722039528431,-0.2949444510601,-0.2964635602960,-0.2736761786087,0.1199938345648,0.1060883698488,-0.1922971178414,-0.2002688599608,-0.2862263222235,0.1839600327300,-0.3929649081905,-0.3599821367193,-0.1006844861778,0.0049909323870,-0.0757017152772,-0.4850648130488,-0.2199113830198,0.0808705652489,-0.2578788357734,-0.1135269389571,0.3692788888560,-0.1375203596873,0.3494905338932,0.4898468501429,0.4894071364641,0.3461528494403,-0.1185512529645
0.1345974651574,0.0326344641650,0.3936817885105,0.4103016483542,0.7512145452993,1.0000000000000,0.5196875316209,0.0272345823151,0.0942020840874,0.5444882472590,0.4460650496244,0.4078021491204,0.2831206342765,0.3965263008495,0.3240215664907,0.1288407857299,0.2421983419617,-0.0514879729889,0.1602873656474,-0.0890567376755,0.1983330610171,0.7014039950458,0.3698950317611,0.1526003907739,-0.0905909531806,0.0204206018061,-0.1269306287108,0.1459420256364,0.3474251173479,-0.0110146109843,0.0854100375525,0.0163441427896,0.1260478765875,-0.0733579830628,0.0061147865690,-0.0081216376400,0.1674212506879,-0.1063743753913,0.0818011292002,0.0379085829973,0.4560662687014,0.5042142813245,0.0479450931998,-0.0714682228998,-0.1257502192738,0.4684966737402,0.0736269323067,0.5919526837489,0.5911564416743,0.3661106218451,0.2112058601271,0.0242258961561,0.1692614279364,0.6915399645727,0.8839546748654,0.2584741184371,-0.1194916200458,-0.0741346354903,-0.0502034635229,0.0764186027435,0.4364093560841,0.3374941727957,0.3199003055429,0.1357961553086,0.1186667516379,-0.0231117482242,-0.1703510065320,-0.0347883639419,-0.0108193877499,-0.1880603545575,-0.0457044115780,0.5145369955936,0.1285396101372,-0.1198853066301,-0.2377026725884,-0.3244599021207,-0.2660110939465,0.1328762797835,0.1302742899350,-0.1807417197754,-0.2079418043177,-0.1717876780886,0.1542029966994,-0.3484522962872,-0.3153831164819,-0.1447420807287,0.1247457747794,-0.1067575833456,-0.3173868963368,-0.2180634847867,0.2164784502942,-0.2652101486080,-0.1310831589532,0.4163061337788,0.0508497043397,0.4521201960242,0.4539028448857,0.4955486716717,0.5174765491167,0.1742727301194
0.1377443459274,0.2253847631773,0.3737396847099,0.7932930851531,0.4387575805457,0.5196875316209,1.0000000000000,0.1614930281930,0.1468395401132,0.4796063290894,0.1427411996554,0.2514114023760,0.4365296275239,0.2515257367778,0.5434943929975,0.4185754437704,0.4908167110702,0.2541054775084,0.3182030884563,0.0323983472343,0.4599524924382,0.1767477328193,0.1317830457805,0.2615815736524,-0.2523054998513,0.1884448791898,-0.0336203527398,-0.0777078781798,-0.0577251256860,-0.0607496872169,0.3571747399425,0.3608279447423,0.3241874629698,0.2383635587063,0.4804504181608,0.3183524012971,0.0029520311246,-0.0922287435062,0.1812519420029,0.2140719231766,0.1679764726228,0.3463675917631,0.3215444071927,-0.0642910376252,-0.0842620565395,0.1828459612580,0.2999383448115,0.2113573686211,0.0500260639142,0.4663107366311,0.2240146727111,0.1903405537696,0.5687163541788,0.5739064727722,0.6028168429861,0.8128329638844,-0.0510024515637,0.0114287009390,-0.0210627912462,0.0717362684712,0.3375111117141,0.1303915160445,0.1466186695196,0.2842837572016,0.2468420705076,0.2613495384798,0.3243821446541,0.0880016532426,0.1304636359685,-0.1908167995335,0.1790768700412,0.0392957480049,0.0688685467863,-0.1877755045829,-0.0439426761140,-0.0991312682539,-0.1316524279453,-0.0981466650515,-0.2215427464559,0.0907210770903,0.1670423206268,0.0022562395470,-0.1937630085225,-0.0053784848745,-0.2127900399560,0.1929281974769,-0.1209663991229,0.1965641765403,-0.1322415300872,-0.2025658131610,0.1737178846657,-0.0632652847488,-0.0399686471947,-0.0790341241485,-0.1562525370655,0.1106017820171,-0.1370542700085,0.1055314303822,0.1563381073765,0.1792970363321
-0.1274871090535,0.1083017365364,-0.2351147676752,0.1378254189324,0.0224187321475,0.0272345823151,0.1614930281930,1.0000000000000,0.6442497226183,0.2699296613892,0.2523627904637,0.2307938265292,0.6240536185806,-0.0123805889335,0.1631192179609,0.5809281441888,0.5186489651837,0.6846958540495,0.7113750269476,0.7160512360968,0.5260522543079,0.2311189673678,0.1805410882664,0.4912041428732,0.3387669898142,0.4983703001898,0.3689414046666,0.1709353395772,0.1514830732787,-0.0092690380678,0.4675755293542,0.3117131238177,0.4417362802993,0.0829377650124,0.2633074603937,0.3475507841700,0.1704505221783,0.5420006610892,-0.0599790475930,0.0175676425241,0.0304636954272,0.0589263193313,0.2902444177458,0.4172934441338,0.6672526333964,0.0622139530914,0.0252554442768,0.1120463397128,0.0646161460597,0.1776709256758,0.0939587767858,-0.1786777476886,-0.0734691676916,-0.0387180424149,0.0960349631802,0.2530652138645,0.2859378216191,0.6057509418171,0.4346603044277,0.5234165358308,-0.0483104707211,0.2655998451334,-0.1303258009538,0.0537298413061,-0.0057059668351,-0.2995134276633,0.4752233686175,0.1434604927188,0.4903340734517,0.2590174888579,0.1941329168380,0.0384455272166,0.3613393000463,0.3864541367925,-0.0631688383606,0.1127134783145,0.2070361086804,0.0673483418294,0.0169200709057,0.0898522938477,-0.2571917688700,-0.1238387237086,-0.1824143090684,-0.2376284421484,0.0992560694477,-0.1226029232680,0.0681073073957,0.3047662612461,-0.4564215346786,0.2499267300906,0.0110191928258,-0.2187943575767,0.3461340151256,-0.0307096871425,-0.4089574884535,0.1455158953480,0.0662079187096,0.0707896294407,0.0154760794288,-0.2031190345646
-0.1852680224811,0.0588142568007,-0.1479282193688,0.1365837285880,0.0620039380036,0.0942020840874,0.1468395401132,0.6442497226183,1.0000000000000,0.2091562460261,0.3909069841546,0.3480476258966,0.4777439606095,-0.0025597844175,0.1485999882003,0.6041079830386,0.4196720940605,0.4883259005566,0.8134949674011,0.7422083816119,0.3923057564290,0.1773142708357,0.3483672758739,0.6043808053769,0.6917187023272,0.3953737076972,0.5039555209484,-0.0891877072692,0.0737719349496,-0.0922998628879,0.4136432379120,0.2348715759548,0.2938797870316,-0.0909062320959,0.3126826926859,0.5219717338099,0.2528002092621,0.5170133681291,0.0201564420970,-0.0588387178524,0.0883475458469,0.1260500803697,0.1902876774756,0.3977806738862,0.2639779011299,0.1419678650407,-0.0296257931337,0.1892124258572,0.0685778022350,0.1954362470797,-0.0027581566747,-0.1487668383960,0.0270200013333,0.0119710555364,0.1644096535272,0.2139146994414,0.4275777824421,0.4790218146001,0.6418827329353,0.9446229409559,-0.0664352906357,0.4335309141258,0.0426231901651,0.1245376744889,-0.0274580001493,-0.1618784570123,0.4030367360002,0.2656515076919,0.7485330903510,0.6219085212213,0.2708273770420,0.1618582100437,0.5375066184255,0.6387262590461,0.0553595918584,0.1045178599961,0.3712294134093,-0.1091739994932,-0.0156766975216,0.1889587124775,-0.1875808439375,-0.0243111070589,-0.0942565591548,-0.1289167539901,0.1684908049322,-0.1933291689685,0.1797509946557,0.2689980126436,-0.2546094819988,0.3471060525079,0.0961294199102,-0.3188452697252,0.3305141959126,0.0348713580521,-0.3904099670739,0.2131799261928,0.0814842184593,0.0552747548639,0.1538399017191,-0.0435474673011
-0.0820065342421,0.0679892740718,0.0995743148205,0.4493426442663,0.3711278646340,0.5444882472590,0.4796063290894,0.2699296613892,0.2091562460261,1.0000000000000,0.4841296958640,0.5087192169529,0.5468093776770,0.3101502478067,0.4735635174347,0.1764786033166,0.5135954554470,0.1587731689052,0.2731098009138,0.1312950598283,0.4626924319556,0.7320159034551,0.3981200244022,0.2148134164117,-0.0438094337980,0.3084118999635,0.0642176714311,0.2898377605946,0.1952213874396,-0.0925268028810,0.3065829434170,0.3522532517612,0.4108625873242,0.2474335951277,0.0212478093289,-0.0097523261718,0.1555064835416,0.0684909127333,-0.0632229790043,0.2270401920851,0.4178653823635,0.4780339183835,0.1986667975881,0.1038272120192,0.1547081087858,0.5828196925203,0.4405226491163,0.2761434082070,0.3888046678577,0.5329411098591,0.0797119111951,-0.0714324900497,0.1431060142612,0.3886720093900,0.5363958574977,0.3125757913436,-0.1138108381202,0.0046339468014,-0.0740850886012,0.1280215575237,0.5580622650622,0.4386923700554,0.3338702798197,0.1559343346048,-0.0314220102934,-0.0178993733077,-0.0418239759129,-0.0732298072376,0.0606688836906,-0.1759028653119,0.0047105690835,0.5132877463487,0.0688098374894,-0.0039647239386,-0.3086870093476,-0.1067255721867,-0.0132737974569,0.1996454121103,-0.0355853507533,-0.1414141171460,-0.0366978317772,-0.1210138552073,-0.0529082970974,-0.3689006419457,-0.2808142632757,0.1838823826747,0.0237185977395,-0.0145784348438,-0.2658561692010,-0.1499061550908,0.0808508671887,-0.1128065039636,0.0709882160042,0.3708521929095,0.0352530432914,0.2099263535416,0.1506532705572,0.4275819502219,0.4396296525592,0.2277730865939
-0.1349816886156,-0.0484099645878,-0.1444986703253,0.0781741041263,0.3200606543742,0.4460650496244,0.1427411996554,0.2523627904637,0.3909069841546,0.4841296958640,1.0000000000000,0.8286004471710,0.5277480252944,0.1111710469309,0.0800897055051,0.3057310692544,0.3686825647334,0.2473411787960,0.3057841672925,0.2045855677864,0.4096246775738,0.6104954119244,0.7726841395266,0.5225761643027,0.1490807941910,0.2533395555335,0.4125228231680,-0.0480134468999,0.4175734018588,-0.0430115009592,0.2545979832575,0.2488855266537,0.3846249558600,-0.0685445081142,0.2078701036872,0.0718697740620,0.5674401127235,0.0969007298929,0.2070952063533,0.0057693806290,0.3153059758876,0.2234358266412,0.2102192356760,0.1108883957392,0.1441737791685,0.4809772815571,0.0808137293344,0.6820276754125,0.4983503215585,0.2715887938377,-0.0138257337265,-0.2582381492583,-0.1499858637327,0.2432394078686,0.5291266964020,0.1542141460640,0.0060643869868,0.0402400086009,0.1465378024757,0.3914080250314,0.2577195088522,0.8589067303218,0.4454395285102,0.2279655083143,-0.2032889728146,-0.1639689729341,0.0429854021043,0.1195489305329,0.1755706834128,0.0305238985791,0.2439432373419,0.6741476234575,0.5497045019428,0.1934125052357,-0.2145539483213,-0.1218269812428,0.2890383467070,-0.0009236288236,0.3097762326524,0.0316832899290,-0.1550616790529,-0.0819155332518,0.0622626651322,-0.2299152644774,-0.2424266660687,-0.1797330518812,0.5455651804250,0.1980390668181,-0.0917110604274,-0.1087965265169,0.4718196591602,-0.3314900497744,0.0278194443527,0.5390310795457,-0.1535767330919,0.6937844135009,0.5211391124363,0.3429591849609,0.4015766034474,0.2229090482362
-0.1479151930242,-0.1228284539385,-0.1045120420612,0.3034566374002,0.2913584201890,0.4078021491204,0.2514114023760,0.2307938265292,0.3480476258966,0.5087192169529,0.8286004471710,1.0000000000000,0.6347894509257,0.2103972459076,0.2531683607279,0.2853764787759,0.4733593525214,0.3292993489398,0.2968506585124,0.1415324740998,0.5940567824416,0.4873392803058,0.8128225028964,0.3579485889766,0.0273018916436,0.2814765836903,0.2761062973558,-0.0599427193635,0.1904489180814,-0.1133439691804,0.2202931696294,0.4043960997685,0.4435162078285,0.1743335581765,0.1968217238622,0.0053079950782,0.2624557773262,0.0093110742023,0.0249178756223,0.2105225958044,0.4069566844993,0.3592863876439,0.2183945251539,0.0763424093266,0.0597697509204,0.5631314440287,0.3371266411162,0.5693268618157,0.2598137826243,0.5047971148675,-0.0191424051576,-0.2989161069856,-0.0150448718796,0.2428029300310,0.4148027286839,0.2483861123244,-0.0680403559300,0.0282964848884,0.0400309916977,0.3137269516988,0.2875158865471,0.7834557888964,0.6278069134683,0.2880808984266,-0.1754085852337,-0.1292575912568,0.0461843146354,0.1100027503948,0.0874362374407,-0.0750695985865,0.3619538577285,0.6350896332399,0.2737392003802,0.0697341119232,-0.2731830126262,-0.0267395228905,0.1993625268049,-0.0140079549863,0.1317429474716,-0.0632888715882,0.0850580468087,-0.0246228526424,0.0024949895229,-0.2456563832193,-0.2857949265794,0.0919917737354,0.2198774675737,0.0831292622952,-0.0889903747142,-0.1995577383797,0.2139820589206,-0.1051178797379,0.0544601322316,0.4700317744822,-0.0682013102645,0.4722564510375,0.2446598785939,0.3772290072958,0.3937314864296,0.3124866182707
-0.1356215939598,-0.0041354099936,-0.1463215206265,0.4230059521385,0.2675760646425,0.2831206342765,0.4365296275239,0.6240536185806,0.4777439606095,0.5468093776770,0.5277480252944,0.6347894509257,1.0000000000000,0.1735577114964,0.4057155574230,0.5543685490480,0.8131551831405,0.5704865285549,0.5465323120865,0.4324343221465,0.7576872135706,0.4054451193881,0.4324945020586,0.5464756066735,0.0503480745436,0.5971224261150,0.3684366039281,0.0148894484190,0.0740019086922,-0.1845822920569,0.5777158729813,0.6053345720963,0.6931221279887,0.3138856407457,0.3770509213115,0.2349044756653,0.2751018884198,0.3408340682399,0.0836667373765,0.2176280327304,0.2917413656433,0.3599210086636,0.4687047864314,0.3407937298771,0.4113889951438,0.3592145858724,0.3724658285953,0.3765359999776,0.1582889222866,0.5255681282245,0.0982396380586,-0.2836416857409,0.0677302120998,0.2174914508131,0.3711462221171,0.4769404385681,0.0950236228525,0.3058378829760,0.2095142925359,0.3719509813966,0.1978358383304,0.5408365105942,0.2653644643805,0.4132174758446,-0.0636993205718,-0.1579687626503,0.3743660847407,0.1537641513752,0.3021607005016,0.0252554950697,0.2995423699703,0.2589798650516,0.3568581954613,0.0884176327922,-0.1925033772187,0.1162645018398,0.2099084980428,-0.0854862131622,-0.0728249853479,0.0490990241869,-0.0038378433487,-0.0662560419211,-0.1334154090884,-0.1737220550313,-0.1360427226703,0.1234447332131,0.1580155697876,0.3310857367390,-0.3543147877559,-0.0372091313110,0.1884996532494,-0.1147612018842,0.2819548148083,0.1980604153849,-0.3016009469668,0.3367281400799,0.0386487516294,0.2781578862345,0.2869598629203,0.0057874177707
0.5559349125467,0.0390336956865,0.1827238875656,0.4798914687846,0.6073106200440,0.3965263008495,0.2515257367778,-0.0123805889335,-0.0025597844175,0.3101502478067,0.1111710469309,0.2103972459076,0.1735577114964,1.0000000000000,0.4453753052833,0.0427675461879,0.1298645357575,0.0189686598525,0.0335506718372,-0.0592782769743,0.1839517201555,0.3099439448814,0.2019735567744,-0.0414448065951,-0.1837427091638,0.0160443408607,-0.1388078351053,0.1356432665916,0.1090812831776,0.0256546067361,-0.0086262048700,-0.0081178299542,-0.0031957380331,0.0882555374864,-0.0767949563429,-0.1314648511457,-0.2049479422100,-0.0706304227289,-0.2957055395237,0.0993005910558,0.5902963895068,0.5132398144638,-0.0381121486209,-0.0333270126390,-0.1235287334081,0.4472279803392,0.1719282829282,0.1754996811130,0.2650506215845,0.4339935542896,0.4350659278558,-0.0029933874553,0.1107907683035,0.3397652374482,0.2662461957904,0.2047039949209,-0.2305951375339,-0.1617504302049,-0.2168575394181,-0.0473503856510,0.0748672360107,0.0440562419430,0.1106369958463,-0.0400299130272,0.2942285226502,-0.1778480657610,-0.0253476472803,-0.1510128294827,-0.1089354997138,-0.2002865295583,-0.1217985802507,0.1786926484902,-0.1419148172151,-0.2093354878218,-0.3093085949652,-0.0822726826764,-0.1569789238839,0.1892185110938,0.0030154549685,-0.2701783232423,-0.0321994612940,-0.2552784208847,0.0969319000474,-0.3222524651399,-0.2679436556853,0.1486672919078,-0.2366360403613,-0.1476588533779,-0.3282205420053,-0.1565166911841,-0.2359994966476,-0.0163045886080,0.0062199077725,0.2747308794412,-0.0243922146764,0.0231649848268,0.2354239873820,0.3209462103557,0.2327446875804,-0.1193919325018
0.0350026005378,0.1341793047910,0.0652536942969,0.7466146134598,0.2972155883690,0.3240215664907,0.5434943929975,0.1631192179609,0.1485999882003,0.4735635174347,0.0800897055051,0.2531683607279,0.4057155574230,0.4453753052833,1.0000000000000,0.2759538607001,0.4384031393437,0.1757582997775,0.2539676705210,0.1475692563006,0.4623338129104,0.1919101030736,0.1421937449637,0.0659007764691,-0.1052603114154,0.2827028235176,-0.0936541232002,0.1391627724139,-0.0506852669633,0.0192784785616,0.2528067228775,0.3458200479349,0.2431520885920,0.3567558293321,0.2391805239623,0.1271370621875,-0.1748561740746,0.1221666503085,0.0600735665919,0.3421977391237,0.5129647320463,0.6627882487381,0.4238914624819,0.1937069198173,0.0844354596642,0.3593282127848,0.4645885484253,0.1669551653340,0.0546562818297,0.8661515919656,0.1192598060507,-0.0191514715030,0.3655042725340,0.3139611518925,0.2712383676250,0.4375808921178,-0.1389011395685,-0.0656679958883,-0.1540404364769,0.0681520778948,0.1183029171142,0.0610598295086,0.0722462703820,0.0663271607897,0.1696415277825,0.3218148626560,0.0831881111215,-0.1029400425482,0.0653413414422,-0.1073567032663,-0.0385964164975,0.0144009001993,-0.1871388252956,-0.1351530687987,-0.2426573722060,0.0494672376957,-0.1604555015802,0.1071868107776,-0.1946919125071,-0.2070386396555,0.1414497771292,-0.0922117988484,-0.0864069055895,-0.0650555378530,-0.1008403576042,0.3108614043864,-0.3026278144827,0.0403847331675,-0.1718296172635,-0.0189595235476,-0.0348905779431,0.1143841555743,0.2007573334708,0.0486684384907,-0.0164883474919,-0.0072672923168,-0.1537158430176,0.2048822662150,0.2510746574401,0.0011830556832
-0.1658303303492,0.0611744175421,-0.1396717445985,0.4055264083212,0.1167842261132,0.1288407857299,0.4185754437704,0.5809281441888,0.6041079830386,0.1764786033166,0.3057310692544,0.2853764787759,0.5543685490480,0.0427675461879,0.2759538607001,1.0000000000000,0.6769276475331,0.6038359582662,0.8362728284197,0.6246346595767,0.6448525405790,0.1374331700003,0.2540921590936,0.7661623078746,0.1576689624414,0.4928265226629,0.3801122406213,-0.2126987520732,0.0823944839090,-0.1047779518236,0.8268982675503,0.4288989286010,0.5603535035600,0.0156805174889,0.6801173202392,0.6812189469351,0.3633161075389,0.3828994769622,0.2756108279047,-0.0315754929688,0.0562668891532,0.1670483651437,0.4997332392880,0.3018282937835,0.3059999735545,0.0499232296681,0.0367039049672,0.2149292140977,0.0835393673328,0.2240261430575,0.0182826657055,-0.1913393314826,0.1530946381566,0.0984164972701,0.2386962183585,0.5231455722814,0.2977173815238,0.3266658614648,0.4872501045326,0.5353495063721,-0.1192202225325,0.2971973828503,-0.1102755480150,0.1277932224558,-0.0681799113007,-0.1784390063330,0.6851501095004,0.3239540172348,0.7040468110631,0.3523774579374,0.3571435242434,0.0226911085615,0.5507453867056,0.1957366131862,0.2403189743903,0.1212020250718,0.2056047054481,-0.2042325297650,-0.0476439691872,0.4913155439736,-0.1092157388070,0.0382701441181,-0.2236344363919,0.0670309581302,0.0371150132142,-0.1560016568440,0.2628479700648,0.4988664230096,-0.2047243391259,0.0966968315330,0.2384979801626,-0.3138520391277,0.2439434264609,-0.0501743684341,-0.4457958946618,0.2080895403913,0.0192808552368,-0.0070799836591,-0.0032201686211,-0.1005188060334
-0.2495101592769,-0.0595561459832,-0.1302060989042,0.4521293385375,0.1864001756629,0.2421983419617,0.4908167110702,0.5186489651837,0.4196720940605,0.5135954554470,0.3686825647334,0.4733593525214,0.8131551831405,0.1298645357575,0.4384031393437,0.6769276475331,1.0000000000000,0.5904362343958,0.6150061817762,0.4697347985198,0.7879267690588,0.3362551576905,0.3431928232284,0.6188686213108,-0.0036173417295,0.5918520823866,0.3629342402987,-0.0834051720432,0.0136143526059,-0.2282045200350,0.7961111891076,0.5992342027652,0.7860594145518,0.3219200970148,0.4071221319560,0.3545790919044,0.2982246374038,0.3231227312332,0.1764086653055,0.2595410915966,0.2847740743205,0.3956202861004,0.5361534147678,0.3678635213632,0.2949890326305,0.2606026234396,0.3759301876851,0.2117576441675,0.1295967583137,0.5044969204354,-0.0344244669940,-0.3036956033643,0.1073173915598,0.1221263440799,0.3039115501344,0.4861896567884,0.2033806547832,0.2878708782186,0.2371217329689,0.3173203104975,0.1751894304035,0.3827786062885,0.1643137538040,0.3818606603603,-0.1338780363136,-0.1055730040472,0.3604844752839,0.3427962544643,0.3889556239286,0.1400520059473,0.3676221845322,0.2008973498954,0.3521596128013,0.0582086804973,0.0458240598338,0.2123777299138,0.2088741126133,-0.1093806994704,-0.0986886594219,0.3069072735540,0.1383339488381,0.1289632924779,-0.1478567998724,-0.0401011187346,0.0121539232118,0.1556635866781,0.1640700568753,0.2538085952089,-0.2677430778525,0.0463707765976,0.1525940320802,-0.0692466448074,0.3522524090310,0.0985238773279,-0.2190788868817,0.1629068940895,-0.0161996799541,0.2483434278798,0.2167981880641,0.0376033399510
-0.0551362463674,0.0668322470908,-0.2524846639817,0.2190670010600,0.0107036524908,-0.0514879729889,0.2541054775084,0.6846958540495,0.4883259005566,0.1587731689052,0.2473411787960,0.3292993489398,0.5704865285549,0.0189686598525,0.1757582997775,0.6038359582662,0.5904362343958,1.0000000000000,0.5690734174731,0.4305590721483,0.5729666832464,0.0428569130948,0.2689993167277,0.5399083691110,0.0923438407849,0.3574115161869,0.4150919130864,-0.0661095847688,-0.0491005605339,-0.1554755144806,0.4401560977582,0.3542110201693,0.4423724950275,0.1020465369954,0.3706740065094,0.2913389515965,0.1195174948037,0.1634070778421,-0.0442334298426,0.0699149963767,0.0278631602395,0.0735764545828,0.1638570653811,0.1480890812547,0.2684786259243,-0.0036445015527,0.1056096467304,0.0626354986766,-0.1474264650940,0.1641208557679,0.0848120095430,-0.1213224411928,0.0846242104285,-0.0280169903425,0.0550415804209,0.4079216667242,0.2110452978378,0.4217319660941,0.3876976493534,0.4298614060923,0.0680807763575,0.3212689393494,0.1052549412624,0.2401063553848,0.0754540753852,-0.2121818303348,0.5234105830256,0.4681978362145,0.3620907574717,0.0991833682876,0.5189215510385,0.0756378254210,0.4433443173012,0.1629422547175,0.0313545972016,0.1050203763879,0.2844329731367,-0.0780527511334,-0.0936219580087,0.3337737530730,0.0276194440712,-0.0427633235259,-0.2823460936665,-0.1424355959436,-0.0791825686507,0.0560999136183,0.0531957842545,0.2856926837916,-0.2319282698976,-0.0314261976951,0.0054003647104,-0.1271181590242,0.1143452625855,-0.0767552915888,-0.3426486027918,0.0676990274034,-0.1141958505582,0.0488220273441,0.0401943117514,0.0029943479984
-0.2280236130021,0.0683111863896,-0.0704845806063,0.3002275330818,0.1422621879127,0.1602873656474,0.3182030884563,0.7113750269476,0.8134949674011,0.2731098009138,0.3057841672925,0.2968506585124,0.5465323120865,0.0335506718372,0.2539676705210,0.8362728284197,0.6150061817762,0.5690734174731,1.0000000000000,0.7355472809589,0.5373735378559,0.2273393421064,0.2678742157406,0.6806301323963,0.3945948337033,0.4586601933502,0.3400671136834,-0.0841860845682,0.1224159920781,-0.0975329587924,0.6699561152452,0.3266312183536,0.4178652261823,-0.0395616821502,0.4336027908768,0.6602605481427,0.2442982215288,0.4661834456570,0.0849507333722,-0.0667072225108,0.1441797008760,0.2346209061723,0.3204579273782,0.3731854247269,0.2891855831918,0.1187132071643,0.0383053884500,0.1393515670544,0.1231390747117,0.2484046831046,-0.0004683373421,-0.1593513506948,0.0360157925270,0.0868081432196,0.2233439778846,0.3578230333464,0.3601253741769,0.4920427104712,0.6023269392393,0.7408393779475,-0.0512422623559,0.3239321426235,-0.0392189589540,0.1271393636072,-0.0294763583215,-0.2498945695576,0.5270438899313,0.3183254864639,0.8257671828528,0.4640137337290,0.2995165484589,0.1211841566991,0.4980200393553,0.4013401085068,0.1376995503190,0.0559045900659,0.1585861453227,-0.1090636792989,0.0039124064563,0.3343208024964,-0.2017810589457,-0.0422298903631,-0.1392635896399,-0.1292943521975,0.0646037890884,-0.1963909196940,0.1344707405382,0.2950951151606,-0.3780897809905,0.2036317669455,0.0716917899151,-0.3621533581830,0.2800723345573,-0.0104147682295,-0.3918284857098,0.1173375168067,0.0686084770588,0.1139597851575,0.1118506138966,-0.0825101239158
-0.1866272999291,-0.0793908542317,-0.3055396483197,0.0812539429386,-0.0816246733380,-0.0890567376755,0.0323983472343,0.7160512360968,0.7422083816119,0.1312950598283,0.2045855677864,0.1415324740998,0.4324343221465,-0.0592782769743,0.1475692563006,0.6246346595767,0.4697347985198,0.4305590721483,0.7355472809589,1.0000000000000,0.4785742493528,0.0828274783589,0.2368156776508,0.5814534169068,0.6527251720709,0.5925815423584,0.5913648458842,0.0286663875078,-0.0189874755773,-0.0946856992510,0.5969027127126,0.3610181821270,0.4893501604744,0.1163471492430,0.3950690768116,0.5300537143953,0.3173461333253,0.8041116550181,0.1274373369250,0.0783797580127,0.0102825541444,0.0801179826816,0.4072865816518,0.6356839295378,0.5884702711482,0.0840195041194,0.0534012293727,0.0664096538807,-0.0524154214916,0.1613952033453,0.0249707306899,-0.3466473151946,-0.1545473139655,-0.1021602168683,-0.0477188862475,0.1302236299238,0.3972080202156,0.4668428817699,0.4522866729788,0.6362379658870,-0.2175746802949,0.1720853339098,-0.2156847789987,-0.0611448616842,-0.1941293870294,-0.2498313574291,0.4409614096638,0.1544188138095,0.6692053943505,0.6881466337706,0.1373345697070,-0.0328368357247,0.4080473055027,0.6819063607218,0.1550902625568,0.3487831630780,0.4893182007340,-0.0425265308879,-0.1480474283592,0.2534317257116,-0.1230058684555,0.0662314488509,-0.2109026679923,0.0205881494214,0.4002459059907,-0.1106703177513,0.1986726770513,0.3746525840291,-0.2572723986883,0.5827758943582,0.0872772515692,-0.1119851319538,0.5517381829933,-0.0720138145862,-0.3903957028665,0.0921517772904,-0.0689876693386,-0.1095792319926,-0.0455292636146,-0.2648223069866
-0.1002823612675,0.0243931349361,-0.1101929295238,0.5176456420546,0.1392963415725,0.1983330610171,0.4599524924382,0.5260522543079,0.3923057564290,0.4626924319556,0.4096246775738,0.5940567824416,0.7576872135706,0.1839517201555,0.4623338129104,0.6448525405790,0.7879267690588,0.5729666832464,0.5373735378559,0.4785742493528,1.0000000000000,0.2840874378265,0.5198924675839,0.5475042785726,-0.0026472916535,0.5550377998087,0.3844717576750,0.0075354206104,0.0187193651711,-0.0797037848278,0.6813059457255,0.6546379225141,0.7312369470513,0.3541774329836,0.5465432008030,0.3462350839989,0.2115035579369,0.3134055614092,0.1158717428880,0.3000407639432,0.2020376119614,0.3073398627794,0.6081224228847,0.2303422082420,0.3520387913957,0.3176614822339,0.3915716145195,0.2259514859315,0.0387689058944,0.5540994039125,0.0736086219574,-0.2778485854141,0.1338632532290,0.1442954582230,0.1874637888477,0.4485201831716,0.0727233811440,0.2430842698565,0.0919430093087,0.2503275748242,0.1676523780149,0.3749522917658,0.1740744150245,0.1496761974818,-0.0883946219913,-0.1577805884052,0.4209240383107,0.1496872510917,0.2951066824153,0.0836490868398,0.4068346325728,0.2495673319923,0.2221434620214,0.1017478401530,0.0068860567755,0.2103943667515,0.2396191258481,0.0067377782163,-0.1149144484565,0.1405842535154,0.1898035003433,0.1303792329389,-0.2227795658263,-0.0037560672622,-0.0091182717107,0.1645108499739,0.0468666811618,0.3563965468557,-0.1948272092502,0.0238062317047,0.0840391959669,-0.0352270593665,0.2344596320053,0.0872256230397,-0.2611722895507,0.1390556541423,-0.1213314007450,0.1390627304382,0.0956165387969,0.0470302106742
-0.1234161830432,0.0732713134638,0.0539734977961,0.1209189320719,0.5226592788193,0.7014039950458,0.1767477328193,0.2311189673678,0.1773142708357,0.7320159034551,0.6104954119244,0.4873392803058,0.4054451193881,0.3099439448814,0.1919101030736,0.1374331700003,0.3362551576905,0.0428569130948,0.2273393421064,0.0828274783589,0.2840874378265,1.0000000000000,0.5333946120286,0.2749679400201,0.0316640564855,0.2167887882102,0.0705874828847,0.3201082874647,0.5987568646521,0.0478399104580,0.2088433445687,0.1622703755832,0.3127353705570,0.0012350878547,-0.0890303684415,-0.0938092978218,0.3527120185680,0.0951186656410,-0.0216121411048,0.0122203640054,0.5015695571309,0.4166034734993,0.1228808931786,0.0985074855421,0.1847391394424,0.6561827295169,0.1903229259149,0.4890362699159,0.7709014769748,0.2950431233299,-0.0030176664045,-0.1209011007818,-0.1645926217030,0.3496117323029,0.6240709508834,0.0236607368253,-0.1241453141015,-0.0205233362144,-0.0209508128179,0.1483528402483,0.4569047854841,0.4810358060744,0.2387604701715,0.0286993066199,-0.0947593064216,-0.2511540006887,-0.1806208104428,-0.1018194590366,0.0561728522261,-0.1463537456483,-0.1031296900451,0.7370805993147,0.2341267514171,0.0229374774525,-0.3195358083198,-0.2108936701614,-0.0713171484262,0.2781823416637,0.3506122905759,-0.1845193200004,-0.2973909384722,-0.2154027843654,0.2072519984713,-0.4480072226306,-0.2862272891613,-0.1276441641709,0.2939759517027,-0.0390713260545,-0.3768928650194,-0.1290437675754,0.2236850466498,-0.3122215830594,0.0173211207145,0.6707020169373,0.0317380407322,0.4426396811225,0.5832224009200,0.6436531850218,0.5219172436887,0.0313136205972
-0.0440267440469,-0.0842385599187,-0.1488658460864,0.1746933763303,0.2736594744545,0.3698950317611,0.1317830457805,0.1805410882664,0.3483672758739,0.3981200244022,0.7726841395266,0.8128225028964,0.4324945020586,0.2019735567744,0.1421937449637,0.2540921590936,0.3431928232284,0.2689993167277,0.2678742157406,0.2368156776508,0.5198924675839,0.5333946120286,1.0000000000000,0.4548624522429,0.0864609778110,0.2596663248157,0.4555341535710,-0.0123758825503,0.2695776434204,-0.0110473931523,0.2283778630157,0.3800926401204,0.4300241182818,0.1622667033281,0.2594096698384,0.0493399871203,0.3833389253615,0.0825856701646,0.0664882992221,0.2400604898670,0.3586155014837,0.2737377703889,0.2657768583715,0.0262919556791,0.0923811119419,0.6598748870399,0.3410471315180,0.5925873251643,0.3036761476434,0.3725652727232,0.1058344315917,-0.2711672299337,-0.1141679019233,0.2183671697209,0.3594954758228,0.1106401538181,-0.1596282017480,-0.1024045752594,-0.0489703347806,0.2896677837657,0.2442358234709,0.6916664623627,0.4854943986593,-0.0097665826372,-0.1069797954694,-0.1700351746476,0.0237378871728,0.0006443612659,0.1113826083984,-0.0020244374352,0.2034826441151,0.7542394245956,0.3192841289800,0.1295282373717,-0.2677410951435,-0.0166148420555,0.3429196505122,0.0392268741269,0.1716269213460,-0.0753077999616,0.0405232985002,-0.0650565208212,0.1500698902657,-0.1789581316878,-0.2437501411742,0.0844768569403,0.3192193965348,0.1843692640384,-0.0710265205992,-0.1191636009785,0.2652646476876,-0.1064345967183,0.0101748263726,0.6172057785319,-0.0644526575158,0.5162865856979,0.3090730807291,0.3606804987910,0.4237135150669,0.1515887338398
-0.1764012182317,0.0718334440430,-0.1843002912972,0.1283174095392,0.1222406049953,0.1526003907739,0.2615815736524,0.4912041428732,0.6043808053769,0.2148134164117,0.5225761643027,0.3579485889766,0.5464756066735,-0.0414448065951,0.0659007764691,0.7661623078746,0.6188686213108,0.5399083691110,0.6806301323963,0.5814534169068,0.5475042785726,0.2749679400201,0.4548624522429,1.0000000000000,0.2103402452752,0.4320132841119,0.6805514285213,-0.1525158409040,0.1963911436214,-0.0563310745981,0.7244649141229,0.3539846940104,0.5573053049921,-0.0447172501231,0.5992262252688,0.5303007607409,0.6594197785766,0.3322974798734,0.3299420562383,-0.0427444410058,0.0610028329734,0.0828033821251,0.4662278155118,0.2398453254152,0.2975873196196,0.1558913766263,0.0022090738198,0.3604353659040,0.2054562264214,0.1031536394326,0.0235292854046,-0.1770407430083,0.0063243249810,0.0990901491256,0.3005459896904,0.3639612740822,0.2353045971770,0.2686814445386,0.4065308258584,0.5757166376585,0.0060785678065,0.4899262981668,-0.0217227954072,0.1114796757348,-0.0597594447691,-0.1277160459032,0.5477874646036,0.3252456714932,0.6355167004430,0.3542689214936,0.3124150522094,0.2274499591316,0.8255456197767,0.3127377514614,0.1405442873679,0.0357178792938,0.4434638852740,-0.1583335913933,0.0828324959127,0.4549310073431,-0.1961110303870,-0.0215746468435,-0.0575399875067,0.0956372785601,-0.0123372993390,-0.2129482153006,0.5713678781047,0.5985399931969,-0.1179213508158,0.0712705627887,0.4674192135642,-0.3607689185762,0.1642211779438,0.1318845578904,-0.4519599867186,0.4294581585294,0.1969506059596,0.0762960841818,0.1468215215153,-0.0605159910148
