1.0000000000000,0.2831349616841,0.5867959137041,0.4136341380551,0.6757844428333,0.4671897455579,0.4936093611772,0.0626461988117,-0.0028515475887,0.3265811040422,0.1784890526238,0.2599946232386,0.2558124255828,0.6572925449979,0.5006612241446,0.0702203833476,0.0902750686343,0.0769541112320,-0.0749243897587,-0.0879395953469,0.0208655568515,0.1192252564600,0.0659740048911,0.0634495773551,-0.1356257276499,-0.0048960719154,0.0105056349890,-0.0587437107654,-0.1064012586367,0.1789901852255,0.0241238952155,0.0466707252662,0.0886790828650,0.1041168157292,0.2339666519633,0.1433774247238,-0.0024746924525,-0.2426636649200,-0.0151876105493,0.0970131742156,0.1369145811645,0.1340302069705,0.0028024524013,-0.3022911927670,-0.1611105301545,0.0583002254055,0.0880290423652,0.1721758251045,0.2666942965999,0.3087304940888,0.6893429062619,0.3199630213500,0.3295152831459,0.4755541280026,0.3843111879074,0.3919951175068,0.0883542641469,-0.0490854530179,0.0432340568556,-0.0267388480500,0.2396827302311,0.2715696930417,0.2690337338828,0.1066441358434,0.3945745735560,-0.0013145870129,0.0691695251943,0.1974001013663,-0.0670790993674,0.0401605456166,0.0798267425074,0.0863513396270,0.1170698555745,-0.0266446010268,-0.0812991435615,-0.3602177773936,-0.1207700189706,-0.1817481323542,-0.1988429686862,0.0473228597917,-0.1487426648032,0.0407284246804,0.0796368728774,0.1239731705553,-0.3928288022267,-0.0797466083657,0.0329612239824,0.1621198411173,-0.0862459269651,-0.2547580035239,0.0400268752100,-0.2003875981680,-0.4110157858666,-0.1461060831914,-0.4084077466878,0.2184125644068,0.1680762406569,0.1160652144159,0.3348216532049,0.1106669578628
0.2831349616841,1.0000000000000,0.5031789423254,0.7072131194248,-0.1167115904881,0.3212230312023,0.5875337163260,-0.0869403006169,-0.0661260122913,0.2850182109473,-0.1161163059802,-0.1179282265153,-0.0936235062360,0.2988287489179,0.3393664263513,0.2641683448846,-0.2505880319711,-0.1944943840008,-0.2070926523765,-0.3250770140376,-0.1734241994307,-0.0077099612450,-0.2965683120364,-0.0831774614239,-0.3967337214704,-0.2902304636685,-0.2761980677453,-0.1878437706754,-0.0507172119643,0.5134299024637,0.1054673232165,-0.2184356250987,-0.2353694695897,-0.0745772340488,0.3716611314457,0.1636366221994,-0.0083974295264,-0.2934307147853,0.1522377164884,-0.0517254094430,0.2133714309375,0.0877997726745,0.1012544115284,-0.1858935225241,-0.0321916633573,-0.1040350288485,-0.0666803137691,-0.0306053252384,0.2335002777518,0.1323802081441,-0.0816686587940,0.8541177226064,0.5967829989976,0.3501022159198,0.2533274866258,0.6242841576328,-0.0077791808080,-0.1646798281288,-0.2011486481264,-0.1995853467687,0.2364029379979,-0.1507831916250,-0.0644271150877,-0.0086801978696,0.6834209958296,0.2807326140759,-0.0540829700957,-0.0362058706893,-0.2315743432113,-0.2432275470687,-0.1220847344028,-0.1929903228673,0.0481538358348,-0.3114912488442,-0.2359960691544,-0.3912443721024,-0.4347316519647,-0.2315342551648,0.0119566838478,-0.0839510082171,-0.5084969568012,-0.2510133535854,0.4550071956498,0.1400540594718,-0.3109774059771,-0.4599726097481,0.0971243221873,0.0973843208794,0.0890288387889,-0.4531090918277,0.2163776170156,-0.4626020522881,-0.3296082395340,-0.2424071703594,-0.5453988269888,0.0171467165350,0.0917756829297,-0.2176293715493,0.4238329178966,0.3178727857178
0.5867959137041,0.5031789423254,1.0000000000000,0.5233576055175,0.3785237099210,0.7094758581606,0.5630328870855,-0.0877807577504,-0.1181130970264,0.2261619981070,-0.0130617436454,0.0732298041920,0.0841954200680,0.5403068852564,0.4216477027890,0.2551175323467,-0.0532267693022,-0.0416049119310,-0.1711265724106,-0.1193485045117,-0.0861813347699,0.1708218897943,0.0073573942338,-0.0577173188871,-0.1935505773652,-0.1096403609328,-0.0294204578597,-0.1732278162376,-0.0243749367431,0.3049131522769,0.1391119769328,0.0721083160294,0.1518857839322,-0.0473149013869,0.3484345973180,0.2169760151966,-0.1010793485753,-0.2340278610304,0.0446821044408,0.0143045486672,0.1519648971089,0.0433237676780,0.1001354429668,-0.2701250040554,-0.0522304685118,0.0321468945158,0.1400136002800,0.2295847451574,0.4180498762973,0.2584674007830,0.3975751991662,0.6188552605973,0.5146161306680,0.8095884576725,0.4967368101870,0.3784776346695,-0.0767758082000,-0.1540708570222,-0.0635365022853,-0.1806844164684,0.1875060421609,0.0581290727345,0.0986727090952,-0.0392697678773,0.5096138751824,0.2263755541770,0.0570933136756,0.1540575871371,-0.2182802608335,-0.0948696489427,-0.0507944308430,0.0865692382046,0.0173634000172,-0.1444224825022,-0.1734610466739,-0.4739814932997,-0.2011883574754,-0.2681945795577,-0.1271219318566,0.0310420011483,-0.2921052138249,0.0334756143816,0.2445087802839,0.1582404817101,-0.3409029717164,-0.1852601995485,-0.0147165350836,0.1318564024447,0.0014652080851,-0.3364295740089,0.1227380370086,-0.3425656948088,-0.4222322430586,-0.0522214615445,-0.4458732578807,0.3502191196357,0.2874047183815,-0.0942206461194,0.3411975493469,0.2300785866237
0.4136341380551,0.7072131194248,0.5233576055175,1.0000000000000,0.1852299022319,0.5603236458101,0.8066379718408,-0.0210629068817,0.1512593237574,0.3622704481459,0.1773308499473,0.0096626314744,0.1080631377796,0.4103813855086,0.6269898140296,0.4708536772144,-0.1291283066420,-0.0720229813620,0.0249059722848,-0.1818521157024,-0.1501726304207,0.1066215591104,-0.1182467358031,0.0030819117267,-0.3214442891165,-0.1911294156784,-0.0774407478135,-0.0952134042051,-0.0504091028456,0.3072833255546,0.1809305974042,-0.0417869060028,-0.0516836779891,0.0751272418761,0.5092352927487,0.2712748032717,-0.0975829359982,-0.2531016769757,0.1965332275242,0.1798221149000,0.3066934627976,0.2028946114085,0.3270160742424,-0.1706335916389,-0.0103612234634,-0.0089947564110,0.0697335515339,0.2433921137016,0.4403196588440,0.3154829215221,0.0657068023793,0.5803640383051,0.7407342117158,0.4665389140519,0.5674654349022,0.7675155015331,0.0341615799466,-0.0915243342905,0.0340882458426,-0.0533752664580,0.3119030334225,0.1865894154247,-0.0468198813023,0.0667576179016,0.4477429666116,0.3155867266078,0.0167721534845,0.0995120978078,-0.1978922588219,-0.1769536919284,-0.1733139105641,-0.0949017308308,0.0573164928962,-0.2388188054462,-0.3479051057028,-0.4527817601975,-0.2355810340487,-0.2513551908568,-0.1238340637126,-0.0336984123522,-0.4345657388661,-0.2156157912057,0.2105321660253,0.1238193193236,-0.4849162206433,-0.4264036014221,-0.0291065950254,0.1140521703380,0.0077021461582,-0.4307987302193,0.2167463888461,-0.2130765197072,-0.3585885684238,-0.1094083551572,-0.5946422067599,0.2582227554787,0.2155091420922,0.0136934527354,0.4338024960953,0.2607197856985
0.6757844428333,-0.1167115904881,0.3785237099210,0.1852299022319,1.0000000000000,0.4479027350610,0.2889548194042,0.1776440871623,0.1414917537204,0.1423909580619,0.3324801838911,0.3145578832293,0.3595117387391,0.3994473711042,0.4302157442448,-0.0280352461540,0.2055183702354,0.1434722278566,0.1563232528761,0.1047970460347,0.0130159361549,0.2741093657204,0.2809709745720,0.0187622684428,0.1394777234955,0.1684463449077,0.1191970002865,0.1030689539411,0.1855135482904,-0.1480478852117,-0.1203250167879,0.0866079784812,0.2218452383482,0.0430305492039,0.0303374040666,-0.0676699974592,-0.2679106310517,-0.0114847539463,-0.1728085955301,0.1442797223902,0.0436752694842,-0.0124240965570,-0.0315947744769,-0.0243257451814,-0.0437442694109,0.0202948863951,0.0608627320510,0.2467191624845,0.2282962448382,0.0996537604223,0.7105363182520,-0.0853114024396,0.0925144467995,0.4252363215681,0.4767755505125,0.1496020782009,0.1194018285686,0.1456915881769,0.2608718732503,0.1704693093718,0.2416984071844,0.4174591490028,0.2852495479690,0.1680271164611,-0.0426712625762,-0.1818092877246,-0.0275186063240,0.1665310278962,0.0589273813071,0.1561212203683,0.0442272147829,0.2659577366379,-0.0186477212772,0.1596741551916,-0.0983121251129,-0.0253840776510,0.0806581588637,0.0228944342669,-0.0035543855208,-0.0404176007835,0.0460383769388,0.1368008388539,-0.2657154990827,-0.1484241918540,-0.1563813226408,0.0404122008350,-0.3016817787429,-0.0149196276554,-0.2843439519981,0.0396068088813,-0.1580212216516,0.0924362885683,-0.0517398380627,0.0225385266604,-0.1152625910603,0.2083246046747,0.3096881822833,0.1554416481133,-0.0491680333534,-0.1447528875366
0.4671897455579,0.3212230312023,0.7094758581606,0.5603236458101,0.4479027350610,1.0000000000000,0.5926504647543,0.0409944298504,0.1091665194284,0.2949345236020,0.2090424846003,0.0883277276271,0.2254635486182,0.3922494083389,0.5996527834497,0.3565542039407,-0.0289123318358,0.0779646979684,0.0125197350838,0.0290738738718,-0.1979966848098,0.1478169216023,-0.0411186178156,0.0551210952480,-0.1051603885060,-0.1586763374953,0.1275972659165,-0.0893258373996,-0.0614398374214,0.1421331266412,0.1784667418164,0.0600564447727,0.0659015466644,0.0547404839247,0.4131622966819,0.2403046076742,-0.0159253173555,-0.0487076976991,0.3226274097166,0.3097645498290,0.2623372129770,0.1602726279573,0.3355251068936,-0.1181482747628,0.0404677354858,0.1061006360457,0.1631690219761,0.5444254082692,0.5025557024677,0.3904175757431,0.2427367938085,0.3266842003517,0.4988931433717,0.7585498360935,0.7172762246299,0.3513455427715,0.0505730682330,-0.0270040341227,0.1408240930642,-0.0125634554467,0.2191867352263,0.2364949953587,0.0030772322075,0.0395709681432,0.2513209552668,0.2937060701358,0.1032815558851,0.1888705708099,-0.1626837884452,-0.0548302763913,-0.2174660182284,-0.0334950435336,0.0477205992142,-0.0638066292035,-0.3703803385820,-0.4517130422377,-0.0196135422151,-0.1609007078635,-0.1808649800954,0.0272939262969,-0.3025151386116,-0.0960778195624,0.1416124652503,0.0760836688993,-0.3527798311653,-0.1953123834175,-0.0078727866978,0.2075309741472,-0.0930506818287,-0.1872914037741,0.3360569143912,-0.0018497889119,-0.2396591257019,0.0423436650498,-0.3953310536032,0.5783534020716,0.3017204737855,0.0341299368286,0.3767315313090,0.0885694915764
0.4936093611772,0.5875337163260,0.5630328870855,0.8066379718408,0.2889548194042,0.5926504647543,1.0000000000000,0.1116221632803,0.1570130880611,0.4203970825662,0.2343719282743,0.0576452205006,0.2358391465040,0.3117546773892,0.5228462272086,0.3332652375541,-0.1342461150550,-0.0902209929412,0.0110556842082,-0.1948531112494,-0.2104513063220,0.1180310924868,-0.1728323887534,-0.0081826180548,-0.2895780217152,-0.1577101891856,-0.0606753948810,-0.1348680599799,-0.0173354305058,0.2898491580068,0.0736268643917,-0.0745739692201,-0.0664154689531,0.0438114682657,0.4931331735012,0.2542659612191,-0.0819737335189,-0.2109127040342,0.2479467375645,0.2250416689204,0.3033903581818,0.1478677333920,0.2070572865193,-0.0826564847301,0.0235275702656,-0.0748803219231,0.0311224425958,0.1585212380660,0.3202882282211,0.2769100462204,0.2213965558041,0.5340971465716,0.6770813872416,0.4735244434241,0.5486295136334,0.7936567266015,0.1756307076783,0.0574424933478,0.1380936684192,0.0104843165467,0.4356553625578,0.2856927736225,0.1019102505098,0.2689184082439,0.4643052393806,0.2450156648720,0.0506934990140,0.1287211596639,-0.1789168688893,-0.0786110318469,-0.1143984432567,-0.1116260184484,0.0612012692680,-0.1863890984176,-0.2881222277275,-0.4000727360821,-0.2570074572443,-0.2536884567673,-0.0511521614322,-0.0972949963010,-0.4558317757652,-0.1484906926334,0.2362359788362,0.1391964678888,-0.4304028480042,-0.3828563413241,-0.0764207714594,0.1211943423910,-0.0068817997821,-0.3823977241250,0.2395909588940,-0.2059485528056,-0.2833933798691,-0.1534470528514,-0.5904525960646,0.1703610343100,0.1843806165185,0.0374616748173,0.3976765666671,0.2292712088663
0.0626461988117,-0.0869403006169,-0.0877807577504,-0.0210629068817,0.1776440871623,0.0409944298504,0.1116221632803,1.0000000000000,0.6757540509176,0.2587592875190,0.3917099364633,0.3814907939703,0.6511421665881,0.1012413341377,0.2950107351029,0.1916504801165,0.5930536205834,0.4657764413793,0.6676368209762,0.5419239508209,0.2441621142302,0.2258541040025,0.2308186390155,0.4069098437575,0.4821479785007,0.3601916048291,0.3793021850142,0.2179000732301,-0.0297990218011,0.0854919702351,-0.0486610188232,0.1987897129079,0.3325747172597,0.1139184731460,0.2213350515179,0.0890077509290,0.1604929024556,0.4320132905791,-0.0469605934793,0.2932985361608,0.1838247724630,0.0507041784863,-0.0467565626763,0.3602979308519,0.2504680526064,0.0181873598589,0.0192452866756,0.1640344613438,0.0592526526774,0.1179520492259,-0.0173804453200,-0.2699335610940,-0.2619388034351,-0.2030649404502,0.0357673471791,-0.0203999526655,0.7232951410209,0.8899000346662,0.7305540353773,0.6945706942799,0.1790957577562,0.4367813173737,0.0958274956900,0.5965939137800,-0.2263534653484,-0.4582380093310,0.1065528807906,0.3625836996970,0.4872063939554,0.6883115348986,0.0333039587478,0.0682376258193,0.3236419744755,0.6176465182441,0.0568632530731,0.2943492086182,0.2057797629132,0.0124086505603,-0.0398658901272,0.0888092954067,0.1649784626760,0.2304401166615,-0.2541304742702,-0.5444251286721,0.1298960529920,0.0127408411676,-0.0265386487929,0.1435630228588,-0.5978416977353,0.3808977319317,-0.1690818415051,0.2893645602423,0.3700555077805,0.0325339569445,-0.1222586040397,0.0828104094791,0.0997973913340,0.2269487358864,-0.2249052815090,-0.3274217146744
-0.0028515475887,-0.0661260122913,-0.1181130970264,0.1512593237574,0.1414917537204,0.1091665194284,0.1570130880611,0.6757540509176,1.0000000000000,0.3442671100778,0.4915416666752,0.3517667854402,0.4691887126296,0.1046941131896,0.3678489046350,0.2923379796093,0.4578434023942,0.4323502927736,0.7334214014777,0.5068020363607,0.2368005630822,0.2615157285524,0.2973034059221,0.5906626602087,0.5495867455644,0.3645035487902,0.4862730110259,0.1571424312468,-0.0217919854435,0.0114913862297,0.0833384631362,0.2627867832773,0.2928634643441,0.2301412078258,0.2797789089095,0.1752510300722,0.2191594499679,0.3455128727507,0.0546526189933,0.3533378132964,0.2378023228771,0.1800967509816,0.0838652903052,0.3639952562519,0.2094572121598,0.0716264760788,0.1662155234651,0.1419292616797,0.0485358116988,0.2497457464106,-0.1096477594407,-0.2780343857994,-0.1135592762470,-0.1007822537856,0.1252439443336,0.0778605098886,0.5240450175881,0.6640016702047,0.7740442401499,0.8864049519352,0.2204881018297,0.4626311098809,-0.0276092988542,0.3729720505486,-0.2449040529720,-0.2105166260644,0.1295658987472,0.3768651977117,0.5480366298032,0.6335171690925,0.0562329543028,0.0950956197843,0.4987350249100,0.6322139359873,0.0061261402404,0.2349135595070,0.3160471810980,0.0090731141759,-0.0343348155128,0.2678904006298,0.1557027695250,0.1560196299186,-0.2992160176680,-0.4788918067720,0.0132111599227,0.0034201483942,0.0494544653902,0.1714747168840,-0.3923866779461,0.2963665835051,-0.0709063472070,0.3454007194867,0.3176343529868,0.0747660255428,-0.1363541974456,0.0751183652628,0.0251405338484,0.2472256880581,-0.0965851964875,-0.2405323003031
0.3265811040422,0.2850182109473,0.2261619981070,0.3622704481459,0.1423909580619,0.2949345236020,0.4203970825662,0.2587592875190,0.3442671100778,1.0000000000000,0.5330192151030,0.6108394365168,0.3730452843122,0.3902009469281,0.3704875698042,0.1950918714405,0.2794090569774,0.2902638702739,0.1450536285501,-0.0259479765893,0.2958434988291,0.5631842794673,0.2988338734473,0.4997958487679,-0.0086418727002,0.0929187830765,0.1672599628451,0.0089689841071,-0.0279114725901,0.1556545123376,0.2281786377007,0.1182647564003,0.2273989578281,-0.0587571804713,0.1887088634201,0.0249548604038,0.2335696420342,-0.1784718863553,0.0181613540933,0.1819114871823,0.2569647872186,0.2417815738277,-0.1100498984089,-0.1079087346823,-0.0784387224498,0.1721325558017,0.1332591256071,-0.0511599042030,0.1692166595250,0.4624605394631,0.1229310490708,0.2495064519122,0.2458763455406,0.2533557687511,0.1082248224820,0.2958338803087,0.3187232624309,0.1999814541170,0.2452542850828,0.2512941886748,0.6630005260615,0.4317687978544,0.3676485947400,0.2635915774767,0.3055429005896,-0.0368647670806,-0.0549946263988,0.3493981562615,0.0862737405671,0.1770471071566,0.2545167960683,0.3327587271939,0.5359708816065,0.1515492274219,-0.0027821086892,-0.1589612618060,-0.0493871872429,-0.1813609579862,-0.0144997905434,0.2127485382044,-0.0723687257929,0.1898268595632,-0.0629342155824,-0.1463377548771,-0.3834808513277,-0.2017949173799,0.2531512688418,0.1258167942497,-0.1202998401421,-0.1733446242021,0.0649580418041,-0.1031742648687,-0.2051196708410,-0.0849396233034,-0.4092907314697,-0.0498630325799,0.0354401852199,0.3219261038713,0.3306589224490,0.2629297325086
0.1784890526238,-0.1161163059802,-0.0130617436454,0.1773308499473,0.3324801838911,0.2090424846003,0.2343719282743,0.3917099364633,0.4915416666752,0.5330192151030,1.0000000000000,0.6219994409809,0.5699278063443,0.0836565671328,0.2752522033674,0.0182779741636,0.3962143904201,0.3574838258783,0.3328011234382,0.1194372155267,0.2744152294480,0.4901809239625,0.4521072486948,0.4112747569002,0.1893712116268,0.2191413278774,0.3220210486052,0.0651430557081,0.2019605048101,-0.1774934261034,0.0179977224094,0.0880640306944,0.3162145232419,-0.0528178499280,0.0117128717510,-0.1462063855389,0.0191861770254,0.0333125176254,-0.0133400396632,0.2900002529796,0.2763666627519,0.2163437159964,-0.0158432548918,0.1001047618159,0.0701772324903,0.1092191581651,0.0263549819812,0.0890147846743,0.1709075562338,0.2591713977844,0.1644351751714,-0.2052188253742,0.0152885272637,0.0736743136196,0.3619372485501,0.0862592168314,0.3519289136895,0.3696019541383,0.4543786721888,0.3980775553856,0.5391254978638,0.8139887297004,0.3104431015407,0.4146991216477,-0.1821908200119,-0.1453685744387,-0.2112652482080,0.4003474134318,0.0947769742718,0.1877868313417,0.2227646025512,0.3193658890378,0.3045000805255,0.2881557737651,-0.0348797916215,0.0613041764437,0.1812893534102,-0.0716040260896,0.1121065572945,0.0507209458259,-0.0108548135354,0.2034972380308,-0.3142850216429,-0.3111542988791,-0.2269855290790,-0.1897739093087,-0.0617152099265,-0.0238173291053,-0.1848213243913,0.0425798994548,-0.0129487318884,0.2299737503446,0.0674117994281,0.0511515033661,-0.1833229807931,0.0413702060812,0.1421793934462,0.3626183895038,0.0600129066098,0.0599372114872
0.2599946232386,-0.1179282265153,0.0732298041920,0.0096626314744,0.3145578832293,0.0883277276271,0.0576452205006,0.3814907939703,0.3517667854402,0.6108394365168,0.6219994409809,1.0000000000000,0.5427866753121,0.2736123926855,0.2115690872690,-0.1242157013004,0.5535004793811,0.4415258825009,0.1846355152633,0.0369276491087,0.5359773244786,0.6015677365194,0.7336807685277,0.4909507774877,0.1898666269398,0.4051506324145,0.2013220819929,0.0002270244847,0.0712153216972,-0.2439965499210,0.0097250219601,0.1247929641103,0.4480105696238,-0.1305785410771,-0.0826576528200,-0.1635287050104,0.1233917994343,-0.1163030699190,-0.2761863107978,-0.0662023858562,-0.0530605018332,0.0163827675193,-0.3808121588309,-0.1534355440114,-0.1975118928776,0.1678527979680,-0.0917340911190,-0.1620890007737,-0.0732235373585,0.2491139792030,0.2199223272246,-0.1066993455024,-0.1283122682083,0.1289723611488,-0.0201905245828,-0.0020847615367,0.4550557264320,0.2989379686428,0.2581839089099,0.3245770019504,0.4677348191576,0.5209649901935,0.6806719958032,0.3981391604245,-0.0245555550029,-0.3589762037143,-0.2070645152145,0.4636998322119,0.1959303675867,0.3431348614573,0.5643198690683,0.6346819592179,0.4710977416586,0.3597387956106,0.2251810214323,0.2005764173020,0.1148354011765,-0.1294645435987,0.0151894569156,0.1854989081863,0.2397632530993,0.4764199285323,-0.3912795494346,-0.3421514657379,-0.1970285311971,-0.0374872672948,0.1458566041907,0.0355729531554,-0.2844382894061,-0.0377318633517,-0.2212288023945,-0.0355689769396,-0.1591022783006,-0.1226701307905,-0.1265649963344,-0.1484731678157,-0.0645150723284,0.2808605877833,-0.0631920038330,0.1389093220170
0.2558124255828,-0.0936235062360,0.0841954200680,0.1080631377796,0.3595117387391,0.2254635486182,0.2358391465040,0.6511421665881,0.4691887126296,0.3730452843122,0.5699278063443,0.5427866753121,1.0000000000000,0.1981681581063,0.3102827204030,0.0926592284455,0.5844648125936,0.3601551290462,0.4283608983650,0.3510851636506,0.2314835883356,0.3246069583246,0.3891207311128,0.3067309829482,0.3258447113834,0.4129081235904,0.3918352914687,0.1479787350342,-0.0283118561999,-0.0052241657754,-0.0326069055043,0.2192268424178,0.4124228478550,0.2149922031298,0.2015583815759,0.0448747610370,0.0765550687368,0.2432638738364,-0.0350928129573,0.3504149943634,0.2208193035204,0.1164754112129,-0.0359291882174,0.2040449513777,0.2317485046939,0.1903487501007,0.1079223425178,0.1614913573756,0.1377905394482,0.1581569740225,0.1865155258549,-0.2119556555941,-0.1191693073027,0.0140597503424,0.1705958828980,0.0622621308226,0.6402378436536,0.5259649704971,0.4825905797428,0.4658191580093,0.2289655294806,0.5425409036635,0.2682605276363,0.7342947464763,-0.1728739550686,-0.3304292575080,0.0887527914124,0.3990280842318,0.3035733202089,0.4826353116711,0.0632666756530,0.2312053936387,0.2032402346122,0.4970560510246,0.0020068758639,0.1494636200253,0.2454035886941,-0.0497454199738,-0.1320474441793,0.1006097406094,0.1392332676066,0.3143666173197,-0.1582031162291,-0.3592435768184,-0.0197553282534,0.1086133149839,-0.0381964739205,0.1946748924298,-0.4532910004298,0.2160939044871,-0.0768156741433,0.2841345793419,0.1675155342825,0.1269566676076,-0.2105774575803,0.1546231493309,0.0593297467142,0.2726515907046,-0.0576248060698,-0.2420406207115
0.6572925449979,0.2988287489179,0.5403068852564,0.4103813855086,0.3994473711042,0.3922494083389,0.3117546773892,0.1012413341377,0.1046941131896,0.3902009469281,0.0836565671328,0.2736123926855,0.1981681581063,1.0000000000000,0.5685577133829,0.3631562260393,0.3307722895318,0.3493095045635,0.0590783577987,0.0413225355347,0.2960815593055,0.2862529903782,0.1728792011031,0.2086145432995,-0.0812518772668,0.1290513718183,0.0158942973521,0.0078088730938,-0.0391858504451,0.3757935915293,0.3398408965650,0.3661607407768,0.4077225661735,0.0253060567673,0.2654771878888,0.2477516176288,-0.0181484872213,-0.1495876494218,-0.1800146682351,-0.0341938175169,0.0481284382622,0.0209035259468,-0.0054491893447,-0.3172806745368,-0.1168531402046,0.0565749498035,0.1909462936423,0.1519492126283,0.4178491258579,0.4013940856277,0.3817480982526,0.2915357098426,0.3440474167229,0.3978321032317,0.2301924291796,0.2532362488887,0.0315203417293,-0.0447145072225,0.0595932150214,0.0504956898086,0.2033836406811,0.1492255336658,0.1296353383221,-0.0173172832559,0.4519063148131,-0.0278753778298,0.1703445074462,0.3168109030335,0.0946040362744,0.1132640958891,0.2160326052495,0.2096839367469,0.2548032023742,-0.0020056928157,0.0410323446850,-0.3012695651161,-0.1180404047300,-0.2341848487832,-0.1557927425604,0.2405319818505,0.0363563251123,0.1822876809896,0.0334157867009,0.0264780286319,-0.3406638851079,-0.0808717724896,0.0871459220198,0.1333202572366,-0.1270740554189,-0.2036622878832,-0.1151640762001,-0.2887063062341,-0.4147908609353,-0.1302695639422,-0.4358906604694,0.2220347758568,0.2680679895820,0.1330941526869,0.2123206024456,0.1480158433988
0.5006612241446,0.3393664263513,0.4216477027890,0.6269898140296,0.4302157442448,0.5996527834497,0.5228462272086,0.2950107351029,0.3678489046350,0.3704875698042,0.2752522033674,0.2115690872690,0.3102827204030,0.5685577133829,1.0000000000000,0.4269763068952,0.2294009331052,0.2621859435858,0.3062866349475,0.1916832244321,0.0022129129076,0.1583421815903,0.0440884103289,0.2033364042282,0.0202286274640,0.0350779281795,0.1258565563902,0.0205963897160,-0.0437919256111,0.2062125843807,0.1554615128082,0.0807634028855,0.0782200745589,0.1633711736906,0.4881778548890,0.3517148621743,0.0327870230894,0.1713046740276,0.2306080585219,0.2999112852730,0.2245649113366,0.1161004048360,0.3197707587475,-0.0024730153447,0.0628839198011,-0.0520945695417,0.0038740823474,0.5100353036247,0.3951966981868,0.4722233488375,0.2533822158784,0.1899076521678,0.4538109488094,0.3920352777239,0.5023674273581,0.4484163977477,0.1568109489003,0.2185999463400,0.3322435466184,0.2618771870996,0.1895420113937,0.2800715080542,0.0040888400024,0.1234877728373,0.2212585350126,0.1250803381968,0.2190535827645,0.2180438850319,0.1731163422281,0.1989555745809,-0.1486210371805,-0.0718143154404,0.1716875020461,0.0801592840956,-0.2535702137361,-0.2163804307959,-0.0284396449097,-0.1945017194099,-0.1381262871674,0.0933131206590,-0.2038468341791,-0.1329332166180,-0.0787829129724,-0.0771137425495,-0.2904643400969,-0.2431554983213,0.0070564936962,0.3441640904643,-0.2739067261391,0.0356947322010,0.2029116139229,0.0809002295489,-0.0719851494966,-0.1849149156652,-0.4940696432316,0.4787776814078,0.2482654759235,0.0287622184361,0.2195337041282,-0.0735274585634
0.0702203833476,0.2641683448846,0.2551175323467,0.4708536772144,-0.0280352461540,0.3565542039407,0.3332652375541,0.1916504801165,0.2923379796093,0.1950918714405,0.0182779741636,-0.1242157013004,0.0926592284455,0.3631562260393,0.4269763068952,1.0000000000000,0.2064760344659,0.3256085220304,0.3480137671463,0.4109091640424,0.0493992431029,0.1165160603514,-0.0940691650770,0.1647959288557,-0.0084232531046,0.0605172963586,0.2183652768819,0.0032614593254,-0.1359948969962,0.3669276025378,0.6742144705962,0.4229010863651,0.3672163784893,0.2109294963034,0.6878276753629,0.6791058715141,0.1133928982311,0.1663884159302,0.2153993170509,0.1552722340799,0.1821127638548,0.1313019333353,0.4045293953911,0.0296644341382,0.2135242522959,0.0662440387394,0.3112331985400,0.4150770427703,0.4097505365338,0.3391022938110,-0.1370031864178,0.1947535819926,0.4582688362458,0.1641075109195,0.2987832397792,0.3039965976645,0.1137404201263,0.1341970329615,0.2481872221694,0.1269902584617,0.0778229236244,0.0382070108101,-0.2187502229183,0.0521983773837,0.2180285980993,0.1941467013422,0.4775396077232,0.3018540935555,0.1431149320488,0.2611651472174,-0.1417863895208,-0.0913298620477,0.1388099699780,0.0092112962967,-0.0811654304385,-0.1991416742257,0.0425784379738,-0.1996971598418,-0.1747016466634,0.3854832141642,-0.0270384872871,0.0887333302987,0.0782581499737,0.0766635617219,-0.0461181971504,-0.0604379981814,0.1174166209398,0.3600820777100,-0.0588004122726,0.0517323697463,0.0997451018295,-0.0545843428469,-0.0939725974548,0.0230570253432,-0.2916495470057,0.4455916166427,0.1722798032960,0.0958274167708,0.1140122405616,0.0758011155683
0.0902750686343,-0.2505880319711,-0.0532267693022,-0.1291283066420,0.2055183702354,-0.0289123318358,-0.1342461150550,0.5930536205834,0.4578434023942,0.2794090569774,0.3962143904201,0.5535004793811,0.5844648125936,0.3307722895318,0.2294009331052,0.2064760344659,1.0000000000000,0.7547929498398,0.4886923566438,0.4688962364916,0.6544611602038,0.4305798043095,0.4994233718493,0.4257716927400,0.4376677499705,0.5589373103835,0.3926834296128,0.1473299322177,0.0240446726772,-0.0867669482908,0.2528790543671,0.4341337533294,0.7008085608777,0.0826092718182,0.0550930116840,0.0358721213000,0.1126612429639,0.2936555072165,-0.3443241699999,0.0110380010581,-0.0997870049386,-0.1082847853674,-0.2418440999070,0.0961363879529,0.1309789943499,0.1853426966409,0.0565685703392,-0.0328293157044,-0.0003484410649,0.1581850138075,0.0159250703192,-0.3550037363964,-0.2918227638661,-0.1180270904578,-0.0686419600053,-0.2050413653290,0.4598506972620,0.5080631337041,0.4462478151551,0.4824734008024,0.1366928282810,0.3703005938711,0.1846033949866,0.3979970149273,-0.2023758476824,-0.5151825936213,0.1367966581203,0.6209523601714,0.5132219856793,0.5916104066529,0.4443904210759,0.4013378312633,0.3303805743503,0.5328398122259,0.4070943132117,0.3629737057079,0.2868537399525,-0.0071863272989,-0.0308241203997,0.3954106512410,0.4753884389578,0.5545289643391,-0.4258851314361,-0.4667515935371,0.1541597801768,0.2341201048473,0.0539299320957,0.1346480539877,-0.4205300727560,0.3358498114027,-0.3663885095971,0.1284285852469,0.1543823359702,0.0626957161239,-0.0095361390125,-0.0186503276460,0.0313810456110,0.2416392802022,-0.3080729400615,-0.1624842366658
0.0769541112320,-0.1944943840008,-0.0416049119310,-0.0720229813620,0.1434722278566,0.0779646979684,-0.0902209929412,0.4657764413793,0.4323502927736,0.2902638702739,0.3574838258783,0.4415258825009,0.3601551290462,0.3493095045635,0.2621859435858,0.3256085220304,0.7547929498398,1.0000000000000,0.3573297202460,0.4280007222208,0.5041705705352,0.3289516140063,0.3536899854298,0.5984584741718,0.2956660880329,0.3496771018303,0.3388999570561,0.0609362332342,0.0427574232839,0.0167864978438,0.4949925118155,0.3924478809736,0.5600067333569,-0.0658446415002,0.0433377758678,0.0283814755242,0.1636535557680,0.2421728560374,-0.1016195838785,0.0588272508839,0.0145555140774,0.0131803641650,-0.0889778679280,0.0164591477965,0.1122545273865,0.0662186327489,0.0822180748753,0.0892852531590,0.1384485161390,0.2523888348421,0.0192462337969,-0.2657662793807,-0.0906805361679,-0.0081239668794,0.0269255313416,-0.2503262930974,0.2571374133458,0.3642289161626,0.4648658906134,0.3410668707332,0.1637049291458,0.3274564315516,0.0381939391961,0.1893561058274,-0.1034660779577,-0.2289835185379,0.0372394328092,0.6628568329457,0.2320256434664,0.4239392513367,0.3667543600011,0.2454060841886,0.4390775361055,0.3433633202170,0.1934284270821,0.1677376495102,0.2308740869770,-0.1135576201037,-0.0214824941071,0.4726584879173,0.2430480136165,0.3474112334725,-0.3100605464227,-0.2754097204811,0.0204273470340,0.0412678733724,0.1473349385931,0.0938372913259,-0.2456904382657,0.2470824638229,-0.1044305824576,0.0707325339973,0.0222797671849,-0.0224578366715,-0.1248276599031,0.0943182890674,0.0841161523050,0.1343273318303,-0.1305983571106,-0.0111788796084
-0.0749243897587,-0.2070926523765,-0.1711265724106,0.0249059722848,0.1563232528761,0.0125197350838,0.0110556842082,0.6676368209762,0.7334214014777,0.1450536285501,0.3328011234382,0.1846355152633,0.4283608983650,0.0590783577987,0.3062866349475,0.3480137671463,0.4886923566438,0.3573297202460,1.0000000000000,0.6034266858463,0.2058311873062,0.2203271274746,0.2510137447453,0.3309694233159,0.5215422102692,0.3519106929458,0.5088222566200,0.3171492570228,-0.0162524401367,0.0162418453477,0.0081975182441,0.3116031517256,0.3546507753409,0.2785102977900,0.1960753918303,0.2398843565524,0.1210468468817,0.4908761168877,0.0151577400947,0.4038968505637,0.2185122894533,0.1441670791168,0.2198516838350,0.4849605884331,0.3485085770981,0.1038115404807,0.1968780738158,0.1789004392344,0.0692782252356,0.1571919664916,-0.1058749477710,-0.4255060373480,-0.2839635797718,-0.2009033091322,0.1017181532936,-0.0494511668490,0.4253186353228,0.7061955073788,0.6804151744645,0.7796780892668,0.0350204627387,0.3576007569126,-0.1671530735155,0.3014645029488,-0.4157357626742,-0.2952749482602,0.2531955107558,0.2143917020240,0.7395521036931,0.6070834240814,-0.1108058904751,0.0360792695090,0.2611025230387,0.5891982885178,-0.0008170694867,0.2845596767083,0.3868113113961,0.1747473873832,-0.0782451459322,0.1273569893667,0.2353281317496,0.1029916846307,-0.3017878177891,-0.4841921401790,0.1851344389628,0.1775149397097,-0.0974875986388,0.1232979654321,-0.4881394887364,0.4791177147683,-0.1251266862452,0.5028981625528,0.5049415281863,0.1915370458015,0.0180041228442,0.0966662522145,0.1035620971692,0.3208486303466,-0.2465255641254,-0.4482591158360
-0.0879395953469,-0.3250770140376,-0.1193485045117,-0.1818521157024,0.1047970460347,0.0290738738718,-0.1948531112494,0.5419239508209,0.5068020363607,-0.0259479765893,0.1194372155267,0.0369276491087,0.3510851636506,0.0413225355347,0.1916832244321,0.4109091640424,0.4688962364916,0.4280007222208,0.6034266858463,1.0000000000000,0.2115956180843,0.1248151553947,0.2533220824501,0.3446240741871,0.7543044428226,0.5325855074560,0.7215234465437,0.2893872857986,-0.0846653086675,0.0316576069958,0.2667423618748,0.5065222430540,0.4215416091640,0.4310907015790,0.2651929224695,0.3131669274372,0.2541297853594,0.7293977818593,0.0549224611340,0.4001695409804,0.1436300528593,0.1836719511083,0.2616563761965,0.5161812356558,0.5333860271098,0.2291675498337,0.3469321890490,0.3455048431639,0.1091359132410,0.1545474410513,-0.0393164163321,-0.4281638573895,-0.3120187061541,-0.1879467965340,-0.0838305976182,-0.3208818493769,0.3023015313044,0.5189763485165,0.5601908578894,0.5230305832131,-0.1981315771113,0.1073194634195,-0.3012798222450,0.1010706847564,-0.4046404363488,-0.3084726823949,0.2946627224704,0.2265623974902,0.4983267025278,0.6794547092234,-0.1966806304468,0.0910013732515,0.1620446885836,0.6751247309287,0.0821399375352,0.3489604681194,0.5860074335105,0.1225616686578,-0.1601552486036,0.3109049314621,0.3130927795419,0.1489215522841,-0.3372477669167,-0.3735251815694,0.3180253009144,0.3666358435502,0.0705802044878,0.2151645966006,-0.3701156640869,0.6540870607748,-0.1534568722997,0.5024531788551,0.4694929482508,0.2799386998008,0.1076235557048,0.2452347564493,0.1195823025309,0.1581501758676,-0.2584166703970,-0.4754423146404
0.0208655568515,-0.1734241994307,-0.0861813347699,-0.1501726304207,0.0130159361549,-0.1979966848098,-0.2104513063220,0.2441621142302,0.2368005630822,0.2958434988291,0.2744152294480,0.5359773244786,0.2314835883356,0.2960815593055,0.0022129129076,0.0493992431029,0.6544611602038,0.5041705705352,0.2058311873062,0.2115956180843,1.0000000000000,0.4959471079462,0.6567680226950,0.4890146390927,0.2690039408905,0.6752755108149,0.2751280589090,-0.0564127718393,0.0101449233013,-0.0171729935021,0.3365471850060,0.5197208149605,0.6713207779341,-0.0147065632426,-0.0434476233503,-0.0205476986387,0.2173936060800,0.0306403503979,-0.4208711807976,-0.2795560884383,-0.2242851780143,0.0040604450837,-0.3340587654426,-0.0435792060790,0.0471566609255,0.1791609135205,0.0943736771393,-0.3215048666326,-0.1432674642071,0.3401430139202,-0.0870305020578,-0.2212707214390,-0.2741013900971,-0.1121250187902,-0.2251308000572,-0.1748255617334,0.2710086575017,0.1198021895747,0.1173840147501,0.2435060123252,0.1764912000949,0.2178438177357,0.2599684950466,0.0749211082171,-0.0586701636277,-0.4133245721105,-0.0262103467300,0.3696985342309,0.3875908854928,0.3052186742021,0.7061942066914,0.5994175189111,0.3903491365407,0.3806450241685,0.6592623303290,0.4324005559709,0.1706712145741,-0.2506657856435,0.0350643878443,0.3973427653414,0.5054421444472,0.6096710458202,-0.3987352246041,-0.3434135677465,0.0843043261755,0.1711868842534,0.2461835485067,0.0807744574808,0.0283684510363,0.0279214033851,-0.4566789127759,-0.1494070906387,-0.0718613610211,-0.0898570207459,-0.0067771298143,-0.3036622605696,-0.1162176978896,0.1856556976149,-0.2021597341353,0.2234659449662
0.1192252564600,-0.0077099612450,0.1708218897943,0.1066215591104,0.2741093657204,0.1478169216023,0.1180310924868,0.2258541040025,0.2615157285524,0.5631842794673,0.4901809239625,0.6015677365194,0.3246069583246,0.2862529903782,0.1583421815903,0.1165160603514,0.4305798043095,0.3289516140063,0.2203271274746,0.1248151553947,0.4959471079462,1.0000000000000,0.5937235841549,0.3784316108683,0.1927100189579,0.3714770770298,0.2581772254745,0.0682106606680,0.3409674794789,0.0113964387769,0.2150292229979,0.3290816970090,0.5538031451312,-0.0654827847078,0.0088766424558,-0.1114118676895,-0.0234541083430,-0.0438323585065,-0.3090712260420,0.0487249614306,0.1433127162949,0.0257494076194,-0.2059273974721,0.0207372643247,0.0813792828686,0.2558187549333,0.2147513543994,-0.1249812079648,0.2027883077300,0.2171981516279,0.1490452106996,-0.0036525528726,-0.0132891378695,0.1809099202622,0.1345620402675,0.0172271039521,0.2296125577439,0.2018292489598,0.2353967800251,0.2415234353782,0.5283613199996,0.4090145638511,0.3597617999133,0.1249033019532,0.0194881917507,-0.2897160202320,-0.2025799801571,0.3239500653040,0.1340826782821,0.1382434531638,0.3616909447591,0.7203619239800,0.3244705351873,0.2168955838863,0.1804245906593,0.0787821730586,0.0396179862067,-0.1084038088177,0.2313873117574,0.1419659896278,0.1405964562451,0.3814953026557,-0.2675833035395,-0.3537205948100,-0.1800838461669,0.0102236301946,-0.0269532786633,-0.0841288611087,-0.1757103002146,-0.0443897245858,-0.2936644132247,-0.0698619003209,-0.0611075936099,0.1467515599525,-0.1372612636421,-0.1454981795521,0.2600019641626,0.4340774569139,-0.0900627995046,0.1080215495330
0.0659740048911,-0.2965683120364,0.0073573942338,-0.1182467358031,0.2809709745720,-0.0411186178156,-0.1728323887534,0.2308186390155,0.2973034059221,0.2988338734473,0.4521072486948,0.7336807685277,0.3891207311128,0.1728792011031,0.0440884103289,-0.0940691650770,0.4994233718493,0.3536899854298,0.2510137447453,0.2533220824501,0.6567680226950,0.5937235841549,1.0000000000000,0.4282135208650,0.3904241676594,0.6863790719754,0.4059739136872,0.0553199566759,0.0664358802945,-0.3168546570186,0.0763977193329,0.3893598029454,0.6388953326222,0.0700909014172,-0.1104490599839,-0.1323109764659,0.0943398590576,0.0350234756773,-0.3923569465278,-0.0593919499699,-0.1602538416550,0.0262003194493,-0.3082273477795,0.0115975136837,0.0053296281879,0.2683384658902,0.0848336381157,-0.1676577126168,-0.1146307370193,0.1384569355500,0.1551618188909,-0.2946729062130,-0.3177756526379,0.0772531485429,-0.1151229334812,-0.2105265375444,0.2569803858986,0.1833127295757,0.2319944038204,0.3191146787772,0.2183158418012,0.3557426168889,0.4052069058693,0.1459822283789,-0.2547397983517,-0.4088744083441,-0.1827164023210,0.3159411759491,0.2842462484508,0.3453872348700,0.4925668279302,0.8007412656743,0.3365113364539,0.4815570244275,0.3698649815645,0.4198549221845,0.3641865319249,-0.0768774916510,0.0000979367485,0.2295969341117,0.4660273383210,0.5312106100821,-0.5484214380119,-0.3703767060383,0.0165335360264,0.2299865855152,0.0913088746267,-0.0105113059584,-0.1625721401382,0.1196551887848,-0.4021408512655,0.1035231694468,-0.0129639421556,0.0662582865601,0.0505683509154,-0.1962432842224,-0.0456819097535,0.2021952662995,-0.2563595849711,0.0185114837064
0.0634495773551,-0.0831774614239,-0.0577173188871,0.0030819117267,0.0187622684428,0.0551210952480,-0.0081826180548,0.4069098437575,0.5906626602087,0.4997958487679,0.4112747569002,0.4909507774877,0.3067309829482,0.2086145432995,0.2033364042282,0.1647959288557,0.4257716927400,0.5984584741718,0.3309694233159,0.3446240741871,0.4890146390927,0.3784316108683,0.4282135208650,1.0000000000000,0.3867715109423,0.3608370967993,0.4113650275432,-0.0378283093738,-0.1022348786324,0.0113085854671,0.3823217496337,0.2948366684198,0.3515930175439,0.0205289045192,0.0804244675311,-0.0171560904413,0.4633614174574,0.1026691564044,0.0039120755548,0.1508543310858,0.1471980698314,0.2103852303422,-0.1510567543411,0.0224133083724,0.0096307739999,0.1720183394450,0.1841451529308,-0.0106800366273,0.0448048373834,0.3541598440536,0.0030995879495,-0.1375505563553,-0.0473540759633,0.0014583758586,-0.0639441676732,-0.1591325593625,0.3713108315962,0.3452963541964,0.5214171920364,0.4746312463977,0.2973799339804,0.3234932146117,0.1018231404612,0.1834564991356,0.0023608282736,-0.1443988804722,-0.1037143739332,0.5608065786303,0.2210309505591,0.4606689072991,0.3805363402243,0.2946246287927,0.8560170900287,0.4885617168947,0.1802220025863,0.1299500538629,0.2534737232915,-0.2030817409659,-0.0510996609582,0.5507469209455,0.1632233721654,0.2954530537434,-0.2405592185680,-0.2771596465423,-0.1898153113198,0.0186575014787,0.4571436266285,0.1195789641064,-0.0996318292415,0.1151821660020,-0.0370582233025,0.0963156231355,-0.0531302621221,0.0090699822258,-0.1419414742117,-0.0297195980724,-0.0568647942163,0.1700158951999,0.0707115127928,0.1710502552763
