1.0000000000000,0.2908524893239,0.7222655536769,0.4666672158169,0.7202131802088,0.6701550952844,0.5134392459333,-0.1756655833209,-0.1655866955978,0.2583931756687,0.2138618191282,0.2311979475316,0.1060941786570,0.4385764539202,0.3634472216456,0.0936275563427,-0.0593169571068,-0.0233314771710,-0.1936752310868,-0.1248048101615,0.1086415466357,0.1080410735094,0.1909854633239,0.0158740902777,-0.1460527945009,0.2160607216574,0.0336805416478,-0.1290005889547,-0.2802489303598,-0.2535614337281,-0.0710887309691,0.1929848667721,0.1313434258217,0.0719054886469,-0.0318847145679,-0.0358936177160,-0.0112653538015,0.0301137748866,0.0921865370966,0.0696406320562,-0.0998293689604,0.2262655007383,-0.0525026168928,0.0615820422872,-0.0330531491566,-0.2154686854211,0.1135337579550,0.3995536719895,0.2311852600158,0.2502664027345,0.8777936338247,0.5792654611899,0.5277030812665,0.7363383449312,0.6093537083884,0.4354579112372,-0.0042735591909,-0.1609252456064,-0.1096598383562,-0.1966605354854,0.1341672070893,0.2919759503245,0.3449048335408,0.1408047390072,0.5119660289542,0.1598670192995,-0.0578760919219,-0.0305556072478,-0.1111339876617,-0.1006995762671,0.0312981530939,0.2785280664955,0.0093408232655,-0.1481119756432,-0.2352030685426,0.1197656424633,0.0343998330759,-0.0824523896721,-0.1918497226284,-0.0099283698558,0.1129788632730,0.2247072411148,-0.1630216375394,-0.2315580244744,0.1095533728604,0.0954685072754,-0.0072361959689,0.1634590077078,-0.0646032659819,0.0216252859075,0.1747637357475,0.0145141785479,0.0945953817884,-0.1098705648739,0.1233594011489,0.4597259447148,0.0065876419963,-0.0105365344224,0.2720736943974,0.2834940692031
0.2908524893239,1.0000000000000,0.3705891019487,0.6269142028780,-0.0763113509435,-0.0573200277123,0.4022650936305,-0.5640299338311,-0.4970934793102,-0.0371690889877,-0.4784753283187,-0.3171686333240,-0.4547907375384,0.5717131041061,0.7709693166985,-0.3163202668165,-0.5742244594381,-0.6975323851448,-0.4079849254695,-0.6163401874762,-0.4646941056194,-0.1580325041844,-0.1024555735133,-0.5966205684424,-0.6205900099775,0.0180687728931,-0.5264044145400,-0.0778890311908,0.2566103123986,0.3338911618131,-0.5466759105963,-0.1571511061952,-0.5594034490588,0.2339405730205,-0.3345592405862,-0.3427767032114,-0.3669345213053,-0.5086383326225,-0.2676781767727,0.3230194753749,0.4536750654710,0.2319523593889,0.2845885781640,-0.2576854387756,-0.5243788338977,0.2609871933927,-0.1159890076332,-0.2455682723079,0.3570571620498,0.2281015432321,0.0734875868073,0.7173392539177,0.5115079324706,0.1756004622218,0.0812158332692,0.5705706519257,-0.6131122114584,-0.5906169196875,-0.6336112539298,-0.4919048331779,-0.0485006640030,-0.4781514173464,-0.2969977718331,-0.5343587750615,0.4464353110290,0.3442626243233,-0.2996489155436,-0.7211976073753,-0.5179648011241,-0.6330065447794,-0.3504485947838,-0.1711256249195,-0.6941513258601,-0.5963519157810,-0.5260505753216,0.1300840139320,-0.4739887524713,-0.1819354300399,0.2438076193177,-0.5798266516954,0.2849391035637,-0.5772645312091,0.3781706903856,0.1259950447845,-0.5305615950102,0.3578236455644,-0.4780828144264,-0.2983413034834,0.2616339950957,-0.5188510350206,-0.2006209930366,0.3368944707857,-0.0094373714634,0.0423344645807,-0.0229320769585,-0.1970502606806,0.2935040524640,-0.1312180781376,0.2162557687463,-0.0352815745566
0.7222655536769,0.3705891019487,1.0000000000000,0.5102014240332,0.6212952568399,0.7313752357372,0.6582960317706,-0.2068588494802,-0.2255148975138,0.0759232017901,0.0158748678719,-0.0017882293715,-0.0163135021177,0.3704713370412,0.3359235870541,-0.0329276837092,-0.2251746088142,-0.2034016137662,-0.2115930156872,-0.1791108207066,-0.1393016800461,-0.0264215052997,-0.0606065707758,-0.1183128089285,-0.1925706445955,0.0533460901085,-0.1063217482327,-0.0412269877747,-0.1222038650653,-0.0627325964093,-0.1727144895430,0.0503988592048,-0.0278635086552,-0.0222307150763,-0.0241500842965,-0.1502693945066,-0.0057477832571,-0.0429788797084,0.0857566473057,-0.0246135428380,-0.0181361928715,0.0832330667762,-0.0701656692227,0.0128744577961,-0.0985784585123,-0.1036578482292,0.0093876085668,0.4443723738664,0.2677363448239,0.1402375951200,0.6615344613012,0.7566045910768,0.5452791091835,0.8999898029860,0.6639139482851,0.5546021193401,-0.1290248479240,-0.2343881937630,-0.2113751781985,-0.2175932614963,0.0337069706564,0.1183855672672,0.1062455681949,0.0036025756793,0.4027242475762,0.2232692461173,-0.0807676904634,-0.1809663185180,-0.1946321652533,-0.1671818373815,-0.1328972612080,0.0361058015988,-0.1482538418456,-0.1711247086388,-0.2939450643211,0.0308067288616,-0.1206476768041,0.0252622046707,-0.0034787964154,-0.1302219309723,0.0002397659807,0.0311767956969,0.0285548879993,-0.1426935500251,-0.0341283932140,0.0557882462956,-0.0359777267602,0.1218806776156,0.0179852076439,-0.0524056070779,0.1366149627368,-0.0030349779059,0.0901511042700,0.0199999794981,0.0894181281677,0.4883036605130,0.1301580126989,-0.0679525110123,0.2067863112222,0.1570936761962
0.4666672158169,0.6269142028780,0.5102014240332,1.0000000000000,0.4178006511740,0.3353057051493,0.7244872691699,-0.5967758911839,-0.5527195147891,0.1979351411832,-0.1306855492310,-0.0590719856188,-0.2893077673589,0.3660848845464,0.8281316339949,-0.0952024592147,-0.3612752509745,-0.5483547894989,-0.4952032210119,-0.5083870827840,-0.2211647307086,-0.0504252764100,0.0687007874050,-0.4023287170311,-0.6179695096490,0.1204913278774,-0.3208411650808,0.0304146391454,0.0667575100645,-0.0698680680657,-0.3836995670507,-0.0197060048618,-0.2571602462298,0.2963041545189,-0.1043104791083,-0.2383278367197,-0.2287721673733,-0.4148150890595,-0.1628274809210,0.3137946589956,0.2603162997873,0.3066824056983,0.3304544828044,-0.1748694678736,-0.4760864928813,0.2108062508306,0.0493410817829,0.0282870574315,0.2867286667436,0.4255189596828,0.3943680212117,0.6268540100231,0.9098947431262,0.4892323147631,0.5047962947845,0.8668965059815,-0.5390698689140,-0.6497374292039,-0.5780172542717,-0.5473722600492,0.0026614033203,-0.0609577139070,-0.1236524841955,-0.3865333695012,0.3437719898761,0.6171883889696,-0.1688202338097,-0.4718095760297,-0.4507105981376,-0.5271479202230,-0.0854596607806,0.0620358994698,-0.4836424832060,-0.6281644918346,-0.4625693711595,0.2233063955928,-0.2953448086507,0.0482340957197,0.1250361021818,-0.3554213524923,0.2910927657412,-0.2721392587707,0.0708577911998,0.0550726423552,-0.3520205936651,0.3554507981108,-0.2717200427170,-0.0700799487636,0.3371570393327,-0.4553958721607,-0.0627652045528,0.2865244850566,0.0336996027990,0.1276451344307,0.0541657018574,0.1478381052365,0.0410257064387,-0.1568664887848,0.2229947363343,0.1786499154420
0.7202131802088,-0.0763113509435,0.6212952568399,0.4178006511740,1.0000000000000,0.7750047977898,0.4693330970186,-0.1753582210668,-0.1924482290191,0.4180067545667,0.4842585229870,0.3864260170591,0.1819614247719,0.1895422885901,0.2481963883774,0.0384146662100,0.0344210961240,0.0200429812169,-0.2317373929203,-0.0446996711377,0.2289840209800,0.2376148658161,0.2560285289851,0.0481241006759,-0.0872893806457,0.2280710000672,0.1705536607236,-0.0634668574283,-0.3534711433407,-0.5106991785076,0.0245445617938,0.3096332576275,0.3234629556788,0.0967419452484,0.0833602501449,-0.0691974523305,0.1138306728666,0.1309527870575,0.1697266937764,0.0257820170844,-0.2313968259338,0.2706791557716,-0.0404493221288,0.1566063389556,0.0669526767055,-0.2269424811773,0.2840174541787,0.5685986668731,0.1337996955281,0.3144323428353,0.8491714266029,0.3369147664721,0.4938898610189,0.7488213762013,0.8174605124385,0.4173079753229,0.0286689192833,-0.1129534020544,-0.0860364340442,-0.2028576779451,0.2695606231765,0.5916862256478,0.4353451418401,0.2680432851301,0.3464605236864,0.2974742076629,-0.0874892612595,0.1346552569749,-0.0960502388882,-0.0468234915120,0.2047816219467,0.4053709963569,0.1113964619234,-0.1145020595348,-0.1507401126983,0.1629044548145,0.1638692712203,0.0632461805015,-0.2751576468564,0.1028630490047,0.0220322897121,0.4129452444365,-0.4130816938072,-0.2290692985731,0.2462388359727,0.0563033075933,0.1734671976138,0.2079066077266,0.1215556227938,0.0984773101066,0.2463873414509,-0.0184741342312,0.1769058533244,-0.0757979500227,0.1088207393481,0.6459411335912,-0.1655705944667,-0.0252280589050,0.3400430065294,0.4856846347775
0.6701550952844,-0.0573200277123,0.7313752357372,0.3353057051493,0.7750047977898,1.0000000000000,0.6708754850559,0.0506985386157,0.0503389152156,0.3188003198605,0.4519604523915,0.3059728186064,0.3422474774953,0.1244828602302,0.1054050551637,0.2673555585625,0.1505028198181,0.1842774371322,-0.0209462961304,0.1307164702853,0.2551276922613,0.1188720752301,0.1531087505577,0.2440293742803,0.0975912160063,0.1156315001870,0.2923720121810,-0.1179005341549,-0.3522074017856,-0.3150575074352,0.2059280188617,0.2189958992634,0.3933039757070,-0.1282896100597,0.2649792698987,0.1218254256269,0.2219582367321,0.2474192028760,0.3128668701541,-0.1573275788628,-0.2707905592111,0.0564091725779,-0.0943590556197,0.1558707462149,0.1648453062674,-0.2130443710011,0.0739351109085,0.6859612211469,0.1839266033211,0.1457541750839,0.7427709417248,0.2944388694991,0.4503209514680,0.9083673039829,0.8919552940105,0.4471371268639,0.2200202754041,0.0061428153761,0.1072478639334,0.0197827408722,0.1813830897566,0.5097479140220,0.3146174214683,0.3007847900863,0.2363970603716,0.1593716814089,0.1206027670276,0.2219859282783,0.0973636816242,0.1402312674027,0.1848335136903,0.2437434554584,0.2647757472482,0.1176897490105,-0.0787167649219,0.0083079486415,0.2547031170714,0.0050193828675,-0.3009375049655,0.2266209293537,-0.0466286530620,0.4151605718074,-0.2222019013208,-0.2171724174177,0.2597611641918,-0.1561426961028,0.2484675716671,0.4299624530099,-0.0606190782527,0.2270885816203,0.3257009681067,-0.1743457424838,0.0962127995279,-0.0620722061630,0.0428822438480,0.7387709249761,-0.0782420808645,0.0896900083854,0.1227843416087,0.2570273396932
0.5134392459333,0.4022650936305,0.6582960317706,0.7244872691699,0.4693330970186,0.6708754850559,1.0000000000000,-0.2835559782682,-0.2315283120295,0.1532072059718,0.0067718800724,-0.0454969848132,-0.0341361686200,0.1497810367938,0.4998079689934,0.1955101211697,-0.1998956836150,-0.2550685472200,-0.2157225898692,-0.2115551846486,-0.1012700528627,-0.0682987832194,0.0715581230236,-0.0846569310823,-0.2911148868409,0.1856216833478,-0.0138114759866,-0.1017174442844,-0.1470739455786,-0.1861642221991,-0.0896273864478,0.0793786759239,-0.0234534606710,0.1057072735514,0.1542016243282,0.0961580537134,-0.0392899564567,-0.0820850715488,0.1658541651348,0.1190682441981,-0.0190171036912,0.0733336302636,0.1499202954133,0.0676932403820,-0.1412154933033,0.0004474338296,-0.0428879334712,0.3443278832657,0.1778448591768,0.1988651125001,0.4816612759723,0.4474312253074,0.6996929305099,0.7281798952089,0.7363715467205,0.8711286626626,-0.1144473010141,-0.3318164329299,-0.3066487360682,-0.3118280709254,0.0395997546293,0.0210973472688,-0.0611672661919,-0.1764685292175,0.1610603592808,0.3111378805456,0.0531671472824,-0.2802493629060,-0.1915759793418,-0.2174246374223,-0.0399795735458,0.0249207237491,-0.1519366594874,-0.2320248748598,-0.3056700487529,0.2052309182713,-0.0183339392753,0.0181949969281,-0.0546304517168,-0.0988249408481,0.1913682269059,-0.0489752455592,-0.0563262965744,-0.0110851581068,-0.0321954050409,0.1362053177075,-0.0494917257285,0.2988017912866,0.1938537137448,-0.0795164758070,0.1535372925706,0.1237717736888,0.1426997684408,0.0295177593275,0.1009088374894,0.3908143583536,-0.0250329385945,-0.1268638314683,0.0697981122797,0.1106376079342
-0.1756655833209,-0.5640299338311,-0.2068588494802,-0.5967758911839,-0.1753582210668,0.0506985386157,-0.2835559782682,1.0000000000000,0.9249656520204,-0.1829639050141,0.3674446564916,0.1985718840721,0.6384580649337,-0.3615397486614,-0.6814564928776,0.6937999386288,0.6475891460775,0.8220409642986,0.8829087060510,0.9243375823367,0.3717063942638,0.0537131901176,0.2018564773749,0.7772624068115,0.8784758543915,-0.0018952709787,0.7017861797200,-0.0800674906899,-0.4086945708950,-0.1017291102918,0.7725307629727,0.2524237016277,0.6451014089652,-0.2571093354820,0.5460773856951,0.5739532667360,0.3918224075226,0.6657149966245,0.3442446653882,-0.2068326088010,-0.5129587458639,-0.3966752412283,-0.1096582505423,0.3600426321634,0.5230425257919,-0.2112596845764,0.0097333930499,0.2345281951924,-0.2975277067200,-0.1755976543418,-0.1348378021440,-0.4368188386554,-0.5302509464634,-0.1477215562462,-0.2506867889968,-0.5255711845297,0.6901939760360,0.8149681428155,0.9296126770549,0.9317399616650,-0.0587862600675,0.2944096251145,0.1714946147213,0.4991677141418,-0.3130272393829,-0.5369517381189,0.7171227443116,0.6710870499179,0.8679855346516,0.8957708521940,0.0821769450779,0.0830516964825,0.7721886983538,0.8736568161806,0.6161357543158,-0.2257095888099,0.6468015412171,-0.0077309295503,-0.4267849288682,0.7077344729193,-0.1188560909005,0.4853212584221,-0.2762930578247,0.0063356844292,0.3924542942623,-0.3367160366661,0.3960202014804,0.4875733319874,-0.5494912935054,0.6105142337372,0.1936238073144,-0.2169861273063,0.0075141398664,-0.1709958960337,-0.1220153204071,0.1127333690873,-0.2731337035272,0.0678047245722,-0.3737184346061,-0.3409871228921
-0.1655866955978,-0.4970934793102,-0.2255148975138,-0.5527195147891,-0.1924482290191,0.0503389152156,-0.2315283120295,0.9249656520204,1.0000000000000,-0.1039406787976,0.3665724789907,0.2508327056084,0.5951469881377,-0.3939524470770,-0.5707173864310,0.7217536330698,0.6263321104454,0.7619047102030,0.9332170236260,0.8747350319488,0.3806922179513,0.0528341647985,0.2664359811853,0.8087842589943,0.8369356913589,0.0799606790891,0.7325416825266,-0.0407923380655,-0.4593325734628,-0.1514716549127,0.8168981759449,0.3010215368727,0.6273558054685,-0.1696121596978,0.5547702258074,0.7126864671397,0.4420506801478,0.6554764852296,0.3732892003800,-0.1250696081287,-0.5248974375565,-0.3750945514554,-0.1061770919882,0.3526545184100,0.3726938599337,-0.1857567650365,0.0794594763042,0.2274096911489,-0.3589571902768,-0.0949423423581,-0.1528401957713,-0.4379157399757,-0.4930805160675,-0.1522511244277,-0.2275755445524,-0.4744458112906,0.5808569926427,0.7233293031181,0.8984829280612,0.9527369045607,-0.0290227945208,0.2882780131295,0.1730132958899,0.4127586490862,-0.3203794060258,-0.5229110011786,0.7818740729127,0.5861190962306,0.9263590693704,0.8674416654838,0.0901838081819,0.1222602325600,0.7592924511750,0.8411461639923,0.5592904228427,-0.1556591912397,0.6668308130149,0.0128529805168,-0.4616514393589,0.7559563259636,-0.0868039631817,0.4845799400590,-0.3468878815942,-0.0844341118306,0.3161246426543,-0.3088573826798,0.4228606280093,0.5570931392067,-0.5403217714556,0.5710097836852,0.2103183947806,-0.1979382490676,0.0485179974005,-0.1763753048433,-0.1012328978411,0.0904603654257,-0.3906884777638,0.0194816093424,-0.3742888519773,-0.3670141403313
0.2583931756687,-0.0371690889877,0.0759232017901,0.1979351411832,0.4180067545667,0.3188003198605,0.1532072059718,-0.1829639050141,-0.1039406787976,1.0000000000000,0.4780846584067,0.7657350895134,0.1632437652108,0.3173503837630,0.2513792109407,-0.1022655718368,0.1896602004825,-0.0476279567960,-0.2535297781774,-0.0896285258261,0.4755625033429,0.6033954523903,0.3473978061008,0.0479042263097,-0.1061277775693,0.0982801268451,0.0883392271336,-0.1722345869331,-0.1233930974051,-0.2328427349618,0.0439300946639,0.1403320842278,0.2971536047462,-0.0427957706261,0.0917981394680,-0.1749847020709,0.2993426571817,-0.0301475053775,0.0871702410149,-0.1367676449672,-0.0072833084188,0.4808004849893,-0.0587964833575,-0.1932382558689,-0.0165140855426,0.0026939823411,0.1193223410474,0.2761937331046,0.3690092599130,0.2947112329786,0.2914303009012,-0.0181430349623,0.2944160956443,0.2410232237294,0.4328353088427,0.1455908361504,-0.0622040426841,-0.2205505880256,-0.0622292005459,-0.1161527072914,0.7596538028520,0.5389626856034,0.6064706728764,0.1516364090434,0.3067294256692,0.3549179227223,-0.1616879107078,0.2028747828142,-0.2002458562509,-0.1290759563878,0.5144957523007,0.6568655947904,0.1233388953635,-0.0118240425876,-0.1061158540707,-0.0396283422610,0.0193313704729,-0.1574558611369,-0.1135762311095,0.0478370951300,0.0783848057849,0.3778432562158,-0.0497558850117,-0.0680828366299,0.0348848942915,-0.0773036468083,0.3054354689773,0.1519067755159,0.1283377865469,-0.1229067834046,0.1866272308502,-0.1836331091709,-0.1916105954335,-0.0029898921349,0.1558559173760,0.3854749550016,0.1028671982304,0.2640561520338,0.4984797681252,0.4993468200199
0.2138618191282,-0.4784753283187,0.0158748678719,-0.1306855492310,0.4842585229870,0.4519604523915,0.0067718800724,0.3674446564916,0.3665724789907,0.4780846584067,1.0000000000000,0.6802147835027,0.7146013469612,-0.2449200255706,-0.2222220810688,0.3532211728464,0.6795348301776,0.5393414494686,0.2453268450473,0.4944020730257,0.6735993042531,0.3540149302799,0.5403598268973,0.5490805796803,0.3773225725713,0.2957269448441,0.6919670521141,-0.2027960259908,-0.5132278940585,-0.4956726733443,0.5499013041911,0.5377347405871,0.8009473693882,-0.0860303262698,0.3840976455077,0.2671262142842,0.4294043317655,0.5440724659743,0.3553176828061,-0.0665857809699,-0.4281633232369,0.0388499885249,0.0042807511981,0.3822189618234,0.3838693111144,-0.2309573769272,0.2599370310363,0.4622689331875,-0.0670547392972,0.2983948995905,0.3752754247837,-0.2528276129671,0.0000235592936,0.1922263053757,0.3861502361061,-0.1560678926402,0.4305353720850,0.2317084410483,0.4639896383288,0.3405488980945,0.3949912739244,0.8927378908098,0.5946871178979,0.6470216283456,0.0099299864353,0.0341985752749,0.2676723796081,0.6330145437237,0.3936867399153,0.4577735124368,0.5050593886690,0.4990017010301,0.5951799855589,0.3408722164743,0.3043094024293,0.0817379961653,0.6357660295438,-0.0630020020658,-0.4925175513886,0.5836059783737,0.0606805260368,0.7388514068959,-0.4659274130163,-0.2006096748152,0.3610878169332,-0.1453894239962,0.4879453086819,0.4071466747117,-0.1208388377359,0.3853513611480,0.3257508596115,-0.1154503280203,0.1723783075412,-0.1879202994862,0.0133754712397,0.5015081423408,-0.3617805209881,0.1719753255306,0.0955000110081,0.3116636106398
0.2311979475316,-0.3171686333240,-0.0017882293715,-0.0590719856188,0.3864260170591,0.3059728186064,-0.0454969848132,0.1985718840721,0.2508327056084,0.7657350895134,0.6802147835027,1.0000000000000,0.5537059829137,0.0131911154079,-0.1012303290322,0.0996934460241,0.5072250402604,0.3180623612131,0.1112520089786,0.3015172855430,0.6380013940395,0.5777256459351,0.5312069373933,0.4113445221106,0.2621607508125,0.2197247725225,0.4248506604728,-0.1332061233801,-0.3620506170411,-0.3522570634002,0.3611140988275,0.4022604426161,0.6072815945046,-0.0181648905024,0.2682223592564,0.0603436630508,0.4612602247102,0.2528448214794,0.0829057100477,-0.1071993548225,-0.2936231300203,0.2122767034165,-0.2025052019538,0.0290728724263,0.1042931683186,-0.1048906210457,0.2608609673029,0.2926407005838,0.0338334875897,0.1901748043377,0.2515249439799,-0.1595557660408,0.0356969680064,0.1514879907047,0.2479741467823,-0.1135590066949,0.1972636277853,0.0738022347433,0.3129447242072,0.2495373013011,0.6259898574136,0.6977466450554,0.8030964185248,0.5008436641529,0.0574251945014,0.0325003089438,0.0937876900778,0.5007148960387,0.1839944288972,0.2606616458644,0.5520541794789,0.7329581278083,0.4519336435302,0.3159340610514,0.1861837525632,-0.0459230253048,0.3260242085529,-0.0943633454124,-0.3160660266826,0.3637909115074,0.1003245733153,0.6323917389790,-0.2468673072598,-0.2033405890683,0.1529313187477,-0.1199772653808,0.4374746045336,0.2735247868162,-0.2269009093035,0.1242754865487,0.1339799325934,-0.2273655575766,-0.1094209183220,-0.1022275303083,0.1408821470685,0.3165431826887,-0.1780056067517,0.1294331213646,0.1893420855473,0.2040238518434
0.1060941786570,-0.4547907375384,-0.0163135021177,-0.2893077673589,0.1819614247719,0.3422474774953,-0.0341361686200,0.6384580649337,0.5951469881377,0.1632437652108,0.7146013469612,0.5537059829137,1.0000000000000,-0.2780157036270,-0.4037237468401,0.5064144361174,0.7411413377739,0.6852657508011,0.5305357576275,0.6865754417320,0.5771553266991,0.1824272698374,0.3953457095228,0.6824373927506,0.5854012331963,0.2139596986173,0.7727374339297,-0.1571967943764,-0.5054926172963,-0.2750276265811,0.6587730344786,0.4951672240759,0.8032381698141,-0.1363430368650,0.5009309422854,0.3887697482381,0.4928141957165,0.6491198637365,0.3468204878495,-0.1110619980432,-0.4658491720885,-0.1556113571668,-0.0882962263790,0.4225853691338,0.4477700955038,-0.1926282310912,0.2212632194439,0.4292422795180,-0.1940340215315,0.0910175217164,0.1650688027476,-0.2785250201791,-0.2041179066301,0.0884185963569,0.1242931281574,-0.2655062016711,0.6327433831975,0.4489123869591,0.6641916710423,0.5657749490418,0.1733498747693,0.6135855110094,0.4922045475023,0.8142468716490,-0.1010709612410,-0.2722603194382,0.4984920687408,0.6882644561163,0.5898520642429,0.6515213317047,0.2610820501659,0.2892541601348,0.6860516201070,0.6043581992749,0.3797646103853,-0.0875707686671,0.6605313341196,-0.0422386019994,-0.4760297817574,0.6408353229566,-0.0064694443081,0.6671334270892,-0.3417314248276,-0.1453128934958,0.3602655079920,-0.2045628496982,0.4410093024707,0.4908128079100,-0.4156269991414,0.4920473443008,0.2688852783935,-0.1586475730206,0.1113367942906,-0.1730649019404,0.0298746590469,0.3613758814741,-0.3143112752227,0.1358444617071,-0.1400528481896,-0.0735506164552
0.4385764539202,0.5717131041061,0.3704713370412,0.3660848845464,0.1895422885901,0.1244828602302,0.1497810367938,-0.3615397486614,-0.3939524470770,0.3173503837630,-0.2449200255706,0.0131911154079,-0.2780157036270,1.0000000000000,0.5031736927657,-0.2748268136787,-0.3396530392768,-0.3992993922415,-0.3849519719349,-0.4206692206936,-0.0942451841038,0.1861541257653,-0.1810426880059,-0.4492441671830,-0.3750290548698,-0.2061869336045,-0.4652749786343,-0.1115413490846,0.3157121977109,0.4156242015042,-0.4300819467202,-0.2596314163743,-0.2894939718280,-0.0947068905050,-0.2406582309823,-0.4631197876390,-0.2725922411902,-0.4037130249319,-0.2320855087727,-0.1080591961533,0.4456962912026,0.4092225450589,0.0160668751958,-0.4433341946840,-0.1897292043687,0.0933771374996,-0.1477219334730,0.0018832573889,0.7329311576444,0.1502765060511,0.3070873489578,0.5391868321158,0.4095214840274,0.2853602511508,0.1975439545074,0.2459300732780,-0.3127033185881,-0.2708192701639,-0.3414701537441,-0.3235038495774,0.1852851628991,-0.1178451823980,0.0699286368060,-0.2489031862839,0.7678303248473,0.2973637955682,-0.3014653176387,-0.2853544720161,-0.4728581581880,-0.4363344091390,-0.0873538691182,0.1167747748398,-0.3966800975004,-0.2945428224538,-0.3406302420276,-0.2859091712845,-0.5187975021623,-0.2276791513471,0.2804907126707,-0.4565501084021,-0.0741268183855,-0.1976129427146,0.4568434649025,0.1213933374141,-0.2045452126020,0.0106551190627,-0.3249064626964,-0.2150808344593,0.0284720002692,-0.3883417314677,-0.1053771290984,-0.0714352699839,-0.3735229932611,0.0695622202135,-0.0501916492310,0.1497176427005,0.6623675881272,0.2586171692208,0.4212459299564,0.2565463800649
0.3634472216456,0.7709693166985,0.3359235870541,0.8281316339949,0.2481963883774,0.1054050551637,0.4998079689934,-0.6814564928776,-0.5707173864310,0.2513792109407,-0.2222220810688,-0.1012303290322,-0.4037237468401,0.5031736927657,1.0000000000000,-0.2082117429600,-0.4526568046996,-0.6821445746917,-0.5259457754362,-0.6178016181551,-0.3038098066619,-0.0213459637455,0.0796415015080,-0.4972905297478,-0.6779710869219,0.1702789507643,-0.4137412272242,0.0632330431874,0.1568576119133,0.0196399698147,-0.4410704652528,-0.0337738815214,-0.3629143690567,0.3378715323821,-0.2794513293394,-0.2469309350644,-0.2749836737714,-0.4457726748760,-0.1302130668404,0.3862699701093,0.4020369987847,0.4130145018005,0.3843010456726,-0.1689690380407,-0.5495629243180,0.2930859498322,0.1015079326661,-0.0601274466121,0.3439963785325,0.5145417810317,0.2485516805523,0.5697469872723,0.7629381166027,0.2636228276652,0.3328410504391,0.6729371628211,-0.6361013702569,-0.7048303478713,-0.6878387384342,-0.6022377503963,0.0844970585337,-0.1600084677310,-0.1282297296873,-0.5090284458742,0.5302839479853,0.6307068079925,-0.2597759759918,-0.6250453390878,-0.5116704524113,-0.6291015111641,-0.1374788228991,0.0609205291182,-0.6072790773620,-0.6952204069852,-0.5917088930470,0.3173746284782,-0.3698859616542,0.0363910235119,0.1888327814296,-0.4136871547604,0.3265610079501,-0.3395253413369,0.1246356467163,0.0142890959649,-0.3871619998543,0.3879185919324,-0.3425422777373,-0.1739816029567,0.4364410895546,-0.4784848422633,-0.0086488766959,0.3506636962951,0.1259761081871,0.1683507123164,0.1058075421672,0.0336421424112,0.1215007552487,-0.0509007677182,0.3618420229315,0.2640104627350
0.0936275563427,-0.3163202668165,-0.0329276837092,-0.0952024592147,0.0384146662100,0.2673555585625,0.1955101211697,0.6937999386288,0.7217536330698,-0.1022655718368,0.3532211728464,0.0996934460241,0.5064144361174,-0.2748268136787,-0.2082117429600,1.0000000000000,0.5814644074727,0.7139709069439,0.6871453349187,0.7415650301576,0.3452616860184,-0.0676611580782,0.3071961610336,0.7449431459894,0.6152274951063,0.1686859781048,0.6507156563559,-0.1594379433961,-0.5660482089547,-0.3343840492424,0.7832535617138,0.3235043318710,0.6057740920963,-0.0995859570728,0.6388934537921,0.7775624663295,0.3147689233654,0.5975386360041,0.5422435352951,-0.0018696832404,-0.5311725695691,-0.2428655132947,0.2523725502751,0.3954676380587,0.3744140766024,-0.2277696341907,0.0338226990279,0.3991054479349,-0.2663188299392,0.0621933592411,0.0939230602381,-0.2912346550255,-0.0372401797899,0.0819543800793,0.0632685681597,-0.0603432269025,0.5764505360372,0.5506001299389,0.6950755356237,0.6416622363482,-0.1282638676936,0.3233864569024,0.0863991679258,0.3042149943583,-0.1398372498545,-0.1618401704876,0.8568050123767,0.5230416134458,0.7571150931407,0.7347832503202,0.1222502263422,0.1137947942958,0.6835378401796,0.5782981380892,0.4383366458379,0.0334649657370,0.6590866465622,-0.0402199809554,-0.5414735920103,0.7544006967482,0.1051830746995,0.4643153440667,-0.4027875753217,0.1182519879371,0.4112630438412,-0.1967927747039,0.3564505942316,0.7170402497578,-0.2663170091701,0.5602547139507,0.3977003512665,-0.0495703084008,0.1447510630673,-0.2184391164363,-0.1017824238873,0.3247434837647,-0.4211593364041,-0.0518608547590,-0.2558407290500,-0.1226782243767
-0.0593169571068,-0.5742244594381,-0.2251746088142,-0.3612752509745,0.0344210961240,0.1505028198181,-0.1998956836150,0.6475891460775,0.6263321104454,0.1896602004825,0.6795348301776,0.5072250402604,0.7411413377739,-0.3396530392768,-0.4526568046996,0.5814644074727,1.0000000000000,0.7814326775123,0.5374372675846,0.7305126399734,0.7410361375220,0.2551828512469,0.4538992363340,0.7784431542836,0.6046110788569,0.1760575200907,0.7343954175860,-0.1814812083141,-0.4947567048148,-0.2758706107814,0.8178424107302,0.4231345084999,0.7631503039069,-0.1823507339533,0.5626238465725,0.5254846100169,0.5136760709692,0.6001308152278,0.3322819011526,-0.1936022406717,-0.5240232462127,-0.2188209112923,0.0102139168169,0.2737581909666,0.4451312391867,-0.1720320552831,0.1067220151442,0.3155834565618,-0.2102895919511,0.0330329437462,-0.0193594309470,-0.4634391827314,-0.2787181113481,-0.0868680072544,-0.0328565803541,-0.3989494934417,0.6302863400206,0.4886400233186,0.7407395060510,0.5912394019393,0.2234151250082,0.6369352251036,0.3887649941631,0.5965806522689,-0.2199837092898,-0.2179790289360,0.5594814087172,0.8235052950789,0.6262177986442,0.7119978754022,0.5124588964986,0.3796993198041,0.7744618827111,0.6085169686066,0.6695529530069,-0.0639361282170,0.6687920603191,-0.0796634813969,-0.4647716216987,0.7948474562312,0.0486862401465,0.7360826286565,-0.3201865572359,-0.0476106593670,0.3747985798556,-0.2666139538150,0.5663902104636,0.5119102031236,-0.3396505719414,0.4683857937158,0.2402998308638,-0.2405212959869,-0.0220045495689,-0.2091849457511,-0.0255915527520,0.2762514429319,-0.3361361221448,0.1316752336368,-0.2090797044534,-0.0749424690682
-0.0233314771710,-0.6975323851448,-0.2034016137662,-0.5483547894989,0.0200429812169,0.1842774371322,-0.2550685472200,0.8220409642986,0.7619047102030,-0.0476279567960,0.5393414494686,0.3180623612131,0.6852657508011,-0.3992993922415,-0.6821445746917,0.7139709069439,0.7814326775123,1.0000000000000,0.6723899491069,0.8685310486158,0.5611184743004,0.0736900427099,0.3137642206825,0.8458143157007,0.7915463315014,0.0835701942541,0.7394644779892,-0.2116253923515,-0.5542186542602,-0.3139377363309,0.8133121075012,0.3497253834593,0.7273728113606,-0.2429956118481,0.5790250768382,0.5385560567971,0.4531727968989,0.6715085682104,0.4507196323230,-0.2074737030959,-0.6177790817765,-0.2691039905836,-0.0731038840453,0.3474782408271,0.5794206227211,-0.3478431253529,0.0294288590581,0.3864140552186,-0.3301785607493,-0.1597067448602,0.0537516340078,-0.4959384327162,-0.4384776605489,-0.0555749284742,-0.0861359177268,-0.5031941346078,0.7966148354778,0.7437682064178,0.9020143803890,0.7546402396135,-0.0290350786241,0.5136397538987,0.3018340591113,0.6435507356127,-0.2664041351371,-0.4051904082943,0.6116531284393,0.8843358478264,0.7676200662237,0.8704397219850,0.3001794966688,0.2212121115381,0.9068848345790,0.7538252198450,0.6440225408143,-0.1149323077927,0.7312374947217,-0.1103389831015,-0.5669654288806,0.8079340464284,-0.0312992297089,0.6361088545325,-0.3852217316255,-0.0020798193495,0.5201683316336,-0.3326320168257,0.5299113179013,0.5414315779216,-0.4574936444833,0.6265732593807,0.3347806872983,-0.2305474433502,-0.0044975919839,-0.3077473324074,-0.1523889724789,0.3070984675495,-0.3782113894206,-0.0114718243546,-0.2681072141598,-0.0907738325880
-0.1936752310868,-0.4079849254695,-0.2115930156872,-0.4952032210119,-0.2317373929203,-0.0209462961304,-0.2157225898692,0.8829087060510,0.9332170236260,-0.2535297781774,0.2453268450473,0.1112520089786,0.5305357576275,-0.3849519719349,-0.5259457754362,0.6871453349187,0.5374372675846,0.6723899491069,1.0000000000000,0.8025452380836,0.2335766994032,-0.0185768063369,0.1689155001787,0.6994934756093,0.7526644102634,0.0137234827577,0.6377316174101,0.0046683573514,-0.3886847426932,-0.0469145696373,0.7627007074729,0.2531286928740,0.5249144453356,-0.1258418370628,0.5094602308476,0.6967814045576,0.3888797313442,0.5688225059793,0.3181494287006,-0.0807348074409,-0.4496590322456,-0.4007962386353,-0.0482135097486,0.3192510588196,0.2433512771257,-0.1553314639190,0.0708562728029,0.1823371336293,-0.3575116564260,-0.0437181292867,-0.1949630324531,-0.3484130846818,-0.4869287734874,-0.1797899336342,-0.2830048248589,-0.4077155405754,0.4769786888210,0.6743186173080,0.8478248932479,0.9076581536771,-0.1084728429696,0.1628910585056,0.0557740660445,0.3665101518811,-0.3246383859116,-0.5266532183776,0.8310666041138,0.4745930877231,0.9082584668470,0.7932069021506,-0.0640943928813,0.0069707222076,0.6299716758743,0.7499781862126,0.5142731600860,-0.1621926187956,0.6044748415925,0.0309856433384,-0.4020249163908,0.6923635725872,-0.0994879306318,0.3675982797725,-0.3242583719908,-0.0308228536976,0.2251317255668,-0.2708488620375,0.3382689051818,0.5078921135329,-0.5294140269578,0.4877545615865,0.1591726992742,-0.1458195181873,0.0488151245453,-0.1707985254663,-0.1848004741514,0.0313147681624,-0.3978008559384,-0.0432393781999,-0.3763271572037,-0.4597400966639
-0.1248048101615,-0.6163401874762,-0.1791108207066,-0.5083870827840,-0.0446996711377,0.1307164702853,-0.2115551846486,0.9243375823367,0.8747350319488,-0.0896285258261,0.4944020730257,0.3015172855430,0.6865754417320,-0.4206692206936,-0.6178016181551,0.7415650301576,0.7305126399734,0.8685310486158,0.8025452380836,1.0000000000000,0.4423728486683,0.1010489139045,0.3249188858693,0.8838099605275,0.9036427364847,0.1654628709224,0.8012572618831,-0.0559537187042,-0.5223933746810,-0.2600276550943,0.8534758853862,0.4235254411064,0.7805973000364,-0.1722851298890,0.6403355869740,0.6281637164084,0.4695064463152,0.7830162377159,0.4028604372131,-0.1573391331656,-0.6157530090949,-0.3605530664018,-0.0953316568099,0.4743069736377,0.5576400164884,-0.2200474252077,0.1231430398123,0.3256012686875,-0.3412778796274,-0.1015728067688,-0.0683652630729,-0.4482824442446,-0.4264450321522,-0.0935109857691,-0.1480639884119,-0.4718835290126,0.6898906431902,0.7243102985287,0.9113706658223,0.8692196237842,-0.0524972962330,0.4289955584575,0.2232722747305,0.5077346151947,-0.3119275616642,-0.4379298981940,0.7271784984233,0.7406293972143,0.8683762598996,0.9618961878967,0.1571369520871,0.1800642884832,0.8539715075787,0.8640810093748,0.6231590166566,-0.0723022551811,0.7455574475900,0.0571671349706,-0.5094044695470,0.8191648708086,-0.0403328534928,0.6083630746701,-0.3846617341505,-0.0692399877881,0.4652941406180,-0.2892376333536,0.4914145087557,0.5881973541265,-0.5439592606958,0.7091783304329,0.2587880825737,-0.1863535032399,0.1380415008624,-0.1383033496494,-0.0590178563729,0.2102363269971,-0.3942710212692,0.0256952131728,-0.3502059298392,-0.2750386409044
0.1086415466357,-0.4646941056194,-0.1393016800461,-0.2211647307086,0.2289840209800,0.2551276922613,-0.1012700528627,0.3717063942638,0.3806922179513,0.4755625033429,0.6735993042531,0.6380013940395,0.5771553266991,-0.0942451841038,-0.3038098066619,0.3452616860184,0.7410361375220,0.5611184743004,0.2335766994032,0.4423728486683,1.0000000000000,0.3181720983099,0.4740095744615,0.5224679871432,0.3551508730433,0.2229723390008,0.5472691630803,-0.3214349098818,-0.4031673801833,-0.3313269167966,0.5148766844693,0.3354372407005,0.6118252591989,-0.1896248159054,0.4669257143566,0.3017497262249,0.3083932510708,0.3369950610297,0.1304796317843,-0.2826206909455,-0.4640023546156,-0.1105918770095,-0.0259616399720,0.0636512552029,0.3583111146350,-0.2553936429177,-0.0082070923421,0.2555241616250,-0.0745294384583,-0.0835661890280,0.2163496058134,-0.3632075269353,-0.1354887266150,0.0620191673951,0.1764304683657,-0.2028413975592,0.5583247946894,0.3812245258365,0.5190112854086,0.3573046879666,0.4491731988823,0.6763172215697,0.5915168074723,0.5842806954391,-0.0209626904528,-0.1114487068028,0.2889228064195,0.7018504439126,0.3531838481786,0.4564712118347,0.7607065682218,0.5631388673499,0.6268280054483,0.4892850435977,0.6120648219968,0.0062773424823,0.4876117746540,-0.2800062146514,-0.4199150366865,0.5122077697152,0.0557825113358,0.7456140346399,-0.3464958377968,-0.0099201161200,0.4507512017716,-0.2871176332644,0.4175568909405,0.4444209312508,-0.1319312127686,0.2850721251829,0.0887098107089,-0.3769070725445,-0.1450358847476,-0.3447962691902,-0.0675656580192,0.3532307315360,-0.2001361502481,0.1056056150115,-0.0235001509228,0.2243649379947
0.1080410735094,-0.1580325041844,-0.0264215052997,-0.0504252764100,0.2376148658161,0.1188720752301,-0.0682987832194,0.0537131901176,0.0528341647985,0.6033954523903,0.3540149302799,0.5777256459351,0.1824272698374,0.1861541257653,-0.0213459637455,-0.0676611580782,0.2551828512469,0.0736900427099,-0.0185768063369,0.1010489139045,0.3181720983099,1.0000000000000,0.3466854362369,0.1802544323826,0.0861590921427,0.0691262161806,0.1736744960741,-0.0156362797094,-0.0011261930660,-0.0300563425209,0.1630088368724,0.1564857255990,0.3201069706342,0.0431538266535,0.1598191812529,-0.0950906166264,0.2173487631067,0.0332377737564,-0.0206397347780,-0.0947903714833,0.0859189931036,0.2536706895493,-0.2118873600144,-0.0510891567477,0.1166464694927,0.1315494540422,0.2710325791402,0.1177623650663,0.3568552239218,0.2102531209617,0.0464398187896,-0.1620084674798,0.0440388227875,0.0589552645907,0.1298732538584,-0.1167880254101,0.0493993318323,0.0111962863458,0.1233043888238,0.0842119127564,0.5771245770708,0.4081942792415,0.4152431100151,0.1394017326395,0.0018016918924,0.0370581235361,-0.0543122088285,0.2230372598953,0.0176243702981,0.0909807457122,0.3223196959493,0.7005680290444,0.2190301152258,0.1271727949320,0.1353962295620,-0.1207978937447,0.0869572358063,0.0287307860026,0.0039097809418,0.1450794472535,-0.0001912679401,0.3419541400654,-0.0158793059750,-0.1604915768122,0.0654875669581,-0.0611906955217,0.2730870757931,0.0554557898269,-0.1491179543252,-0.0349687811554,0.0154546327970,-0.1330916670960,-0.2021426813329,0.0870070006805,0.2228649169482,0.1691741230173,0.1609615441932,0.3697770628520,0.2592692888532,0.1484915704140
0.1909854633239,-0.1024555735133,-0.0606065707758,0.0687007874050,0.2560285289851,0.1531087505577,0.0715581230236,0.2018564773749,0.2664359811853,0.3473978061008,0.5403598268973,0.5312069373933,0.3953457095228,-0.1810426880059,0.0796415015080,0.3071961610336,0.4538992363340,0.3137642206825,0.1689155001787,0.3249188858693,0.4740095744615,0.3466854362369,1.0000000000000,0.4422317664932,0.1597092632356,0.6405380185383,0.5653970083392,-0.2618710651775,-0.4972450742338,-0.5344038803275,0.4262400336968,0.7312346410496,0.4804222704864,0.2995744128870,0.3427750092230,0.2623552026567,0.2971251199524,0.2657561190831,0.1030644352901,0.3373685902804,-0.3519846337154,0.0236927265202,0.1117756295596,0.2354958667413,0.0093443173862,0.1178891197900,0.3080160555244,0.1472894507172,-0.1749976503332,0.1686646754857,0.1339133073911,-0.1619224405361,0.0877549500158,0.0299175671337,0.1343927858647,0.0000450472077,0.1748599854208,0.0123969570503,0.2503245083245,0.2235384109413,0.3319003633231,0.4655309206420,0.3778450445617,0.2432270870153,-0.0393535733345,0.0386151267994,0.1750981736790,0.3173808498317,0.2674999513102,0.2851619808178,0.4397513152942,0.7071452941767,0.3943102619927,0.1667020965464,0.3042536132882,0.4090248330819,0.6233960579364,-0.1762057534872,-0.4223282201849,0.3990219872701,0.6638557365212,0.4273544683127,-0.3861940820200,-0.0847378962267,0.0341645914464,0.3209101466675,0.3555131799936,0.2569938922227,-0.0168618982234,0.1107995300365,0.0698360279055,0.2978462730534,0.1440570346543,-0.2146042885283,0.1260571453525,0.1263433020755,-0.4193719895719,-0.1935040722353,0.0025926900716,0.1019488073870
0.0158740902777,-0.5966205684424,-0.1183128089285,-0.4023287170311,0.0481241006759,0.2440293742803,-0.0846569310823,0.7772624068115,0.8087842589943,0.0479042263097,0.5490805796803,0.4113445221106,0.6824373927506,-0.4492441671830,-0.4972905297478,0.7449431459894,0.7784431542836,0.8458143157007,0.6994934756093,0.8838099605275,0.5224679871432,0.1802544323826,0.4422317664932,1.0000000000000,0.7968119993005,0.2781810998536,0.8217020324715,-0.0191950116648,-0.5613582948091,-0.3421093744997,0.8883793444590,0.4617530648871,0.7644351751384,-0.0928980766951,0.6713018978824,0.7171254426517,0.6312381003097,0.7578504770212,0.4987256758146,-0.0972334404324,-0.6017176550439,-0.2683986269956,-0.0870144553494,0.4736347781405,0.4431566818466,-0.1765755615604,0.1978815894445,0.4286668377906,-0.3323462133469,-0.0101872533727,0.0057176299667,-0.4331879304353,-0.3041541614096,0.0136035338689,-0.0234890991772,-0.3666752740530,0.6566902758880,0.5721325674515,0.8270364001138,0.7439019723128,0.0479658157161,0.5278123666382,0.3199832916606,0.5124632944279,-0.2895162964487,-0.3422162807939,0.6815666745807,0.7331547934184,0.8260374166405,0.8883133799817,0.2730152809159,0.3272425125699,0.9270397031640,0.7649481341709,0.5851998597143,0.0480961440616,0.7941824206354,0.0916790828581,-0.4963248877258,0.8888868237774,0.0281475847205,0.6832771630465,-0.4130127493395,-0.2182459995138,0.4365536119150,-0.2516482483551,0.6638548668399,0.6946020559588,-0.5025152756492,0.6706831555438,0.3809972482914,-0.1831360386762,0.1884024024507,-0.1026078674902,0.0280894235280,0.2991574205933,-0.4545573032690,0.0431969288814,-0.2810923772009,-0.2119795052871
