1.0000000000000,0.6758614601686,0.7643086396556,0.7792282483453,0.6481721766829,0.4283626208073,0.4913842567581,0.2312136886802,0.0722422028455,0.0312209316008,0.0313519577853,0.0284153775404,-0.0207494292669,0.5997746855257,0.5723160032434,0.4198214481427,0.2489559970243,0.2329413537138,0.3814378742412,0.0434130986914,-0.0948084713218,-0.0884508410046,-0.1359742650316,0.0065385114387,-0.1389298421622,0.0731243138399,-0.1687865409197,-0.0499435319877,-0.1171021627844,-0.0129942502236,0.1662409761422,0.1421505451080,-0.0665637226650,0.0185070251296,0.3796084883462,0.3927623512086,0.0479706007410,0.0337606375278,0.1963542343712,-0.0389816785537,-0.0663508180365,-0.1002992768520,0.0295611072168,-0.0421392266608,-0.0596569392854,-0.1616162324153,-0.0763824056449,0.3380352988808,0.3054378858647,-0.1340231871120,0.8333330880244,0.7247409926151,0.6566931647439,0.5121522122061,0.2905800397786,0.5593092988076,-0.0073527857440,0.0549326764837,0.2253203082954,0.0353309402949,-0.0147839474473,-0.0061885730223,-0.0324364043568,-0.1324278658111,0.4454963927232,-0.0451666334943,0.3677754788290,0.1619548525550,0.1794423002433,0.0473133928327,-0.0968626745985,-0.1402806024702,0.0073946775224,-0.1239687488819,-0.1254785522791,-0.0831191400725,-0.2535994418717,-0.0832323846728,-0.2156450090037,0.1723534027406,0.0814134662587,-0.0022153274575,-0.0160537842993,0.0874126651531,0.0260345165398,0.0055922218732,-0.1263819590281,0.3834749174111,-0.2641819054781,0.0658788990043,0.0859161315096,-0.1030870313970,-0.1977389545659,-0.2087685019555,-0.2153924500906,0.3326525619457,0.2586698030882,-0.2409631100050,-0.1224929526667,-0.2311016373659
0.6758614601686,1.0000000000000,0.5577164215853,0.4815402514359,0.1072975937125,0.0782681154805,0.0981403247475,0.2310424386821,0.0183001064590,-0.0779460861920,-0.1136212699894,-0.0244666062480,0.0956072971531,0.5868756196805,0.4693407686819,0.4371591996577,0.2549178265390,0.1404709249894,0.4680603629682,0.0508611839830,-0.0448371847076,-0.1949033971750,-0.2218300484910,-0.2229102580776,-0.0139095687727,0.0579481018666,-0.1291124776995,0.0518759204374,-0.0450076747584,0.1179119910227,0.2474082107273,0.1172338986879,0.1014292025548,0.0607901980901,0.2404550437104,0.4221292636794,0.0259708308680,0.1286442569351,0.1499157698486,-0.0419980276895,-0.0051590876313,-0.0050839012283,0.1026696279312,0.1374495304630,0.0914807927361,-0.1585669710821,0.0402675950263,-0.0312264773327,0.0501845732322,0.0341929093409,0.4244784986526,0.8360697336827,0.4199513539700,0.1438263674377,-0.0565032083483,0.1920209667259,0.0501641108948,0.0273276068081,0.1008224559319,-0.0442405990376,-0.1016923719249,-0.2026031364154,-0.0349610113354,-0.0228926930648,0.4907772306180,-0.0211771572391,0.4513333181714,0.0499584389992,0.1020913294559,-0.0581110468174,-0.2930367014849,-0.2350908972901,-0.1600306834234,-0.0500814748971,-0.1162658306005,0.0681146106223,-0.2199734747943,0.1490603077269,-0.0190516697226,0.1398946455840,0.0477975806488,0.0547839995785,0.1882107740725,0.2289834721038,0.2172681750786,0.1474135572498,-0.1927060324997,0.3030760013703,-0.0680039182884,0.2384871925914,0.1148079649719,-0.0739126247860,0.1038183256317,-0.0998831769385,-0.0420178097305,0.0048366376125,0.1512382365409,0.0192108148812,0.0140383366863,-0.1091118894513
0.7643086396556,0.5577164215853,1.0000000000000,0.6391051656438,0.4891385602466,0.6202871207011,0.6306915170618,0.4625508664267,0.3795195437486,0.2870239814330,0.0871107424845,0.1586066869016,0.1404599544341,0.2458896175839,0.3757251007166,0.2592786074286,0.1609093913336,0.1678932862929,0.3550845805364,0.0276827683682,-0.1004879884613,-0.1063903213927,-0.2560546552373,0.1019685372366,0.0639184745932,-0.0849546094099,-0.1266251918979,-0.1091109321272,-0.1825200048454,-0.1857162955203,-0.0231594289843,-0.0975146708524,-0.0537386087614,-0.0578987342252,0.4974897701400,0.4362140528909,0.1048166798521,-0.0042064556876,0.3612428783385,-0.0602992914215,-0.0733116981104,-0.0281960058122,-0.0641508831706,-0.0205426170947,-0.0540765574616,-0.0867173249415,-0.0646169225287,0.4088531893362,0.0999000195960,-0.0840273885360,0.6325038626500,0.7524959010841,0.4345983394291,0.7257015511244,0.3999790227465,0.6482535505716,0.2754255766859,0.1759464967405,0.1800431409871,0.3112701197077,0.2626713897437,0.0639648492332,0.1915607313162,0.0786530815808,0.1908593754989,-0.2125961374937,0.1957915040741,0.0670697081232,0.2191727211221,0.0366254235070,-0.1234869272000,-0.2149847226557,0.2057067991728,0.0895812954751,-0.3120769546990,-0.2429875791435,-0.2805438377822,-0.1373180944807,-0.2741176588297,-0.0409863650137,-0.1763163603050,-0.1181645527181,-0.1815962045412,-0.0573227683173,-0.1234882274945,-0.1237263390931,-0.0389810074947,0.4419523595256,-0.2886360809535,-0.0595850334750,0.1636602486184,-0.0925466513918,-0.1448299574223,-0.2623126446609,-0.1227553478846,0.3622533823853,-0.0541684254446,-0.2048554316215,-0.0661828208998,-0.2087869462481
0.7792282483453,0.4815402514359,0.6391051656438,1.0000000000000,0.6374385375197,0.4027278017851,0.5848258234188,0.3379251324375,0.0945746062542,-0.0618483938435,0.1271990229980,0.0141110232879,-0.0631521411434,0.5200580224669,0.6103993442306,0.6655131055275,0.4459125834036,0.4949988481841,0.5174311025580,0.2945648901597,-0.1068946089271,-0.1681302413686,-0.0003957884443,0.0622429747664,-0.1822834198803,0.0796751664556,-0.0414997331239,-0.0906359896992,-0.0730141265565,-0.0644223873328,0.3250611849698,0.2761382651444,0.0147431066539,-0.0046848890247,0.2919456981615,0.4732508612881,-0.0891354008971,0.0597355051090,0.1050865637348,-0.0398608468532,-0.1271213531585,-0.2143474551065,-0.0075659127860,-0.1110003548377,-0.1473700646976,-0.1878701924816,-0.1343349676113,0.2635796523963,0.2934947028797,-0.1920098441457,0.7207066963300,0.5500528459041,0.8853019752135,0.5072969373424,0.3044521874228,0.6424014730456,0.0106992815855,0.1061787820201,0.3900849692382,0.0351781734796,-0.1557060570638,0.0595805077659,-0.1887208388538,-0.1961008056705,0.3617317092050,-0.0526501114447,0.5661890261012,0.3813929283105,0.3923251881870,0.3293205456645,0.0192582676200,-0.1184922901757,0.0227658183257,-0.1435870282460,-0.0477090966821,-0.0405414390074,-0.1462005637386,-0.1173565163693,-0.2460610210125,0.4371446156576,0.2772347029146,0.1623542540548,-0.1013145274142,-0.0067234572793,0.0214471087752,0.0055772457238,-0.2083516577083,0.3141245910261,-0.3891711206353,0.1177300033521,-0.0084819974737,-0.1346171192398,-0.3009271734326,-0.1798783145845,-0.4179942418632,0.2761553529131,0.2023060488278,-0.2681291170839,-0.2791083319100,-0.3211242256744
0.6481721766829,0.1072975937125,0.4891385602466,0.6374385375197,1.0000000000000,0.7261601109907,0.7246944200838,0.1309015614765,0.1646285476343,0.2139103684520,0.3716258259859,0.2456193982950,0.0826678456819,0.2390991287122,0.4463118110529,0.1516927782902,0.1142970709940,0.1384566501999,0.0362124329975,0.0776995556110,0.1286655427393,0.1265258618717,0.1991683640836,0.3528021748122,0.0098418011638,0.1701912839462,0.1035326457623,0.0106007116115,-0.0436159176868,-0.0828743181115,-0.0342871612189,0.2064203465043,-0.0006812329252,0.1544051964546,0.3354469613608,0.1782409116492,0.0848487315847,0.0159198105506,0.2457315768298,0.1931454602784,-0.0055944172306,-0.0694458897949,0.1447705857589,0.0135808558850,-0.0849140874380,0.0858251266755,-0.0139157195987,0.5761590361513,0.6180889439631,-0.0181410580812,0.8061711385409,0.1920220677138,0.5023686205793,0.6744149192646,0.6835343123526,0.6559023123203,0.0056673584835,-0.0186903268385,0.1277481375180,0.1572010135625,0.0772422198621,0.3566973466662,0.0644206952110,-0.0382676132899,0.1327667399372,0.1191907030932,0.0215772927836,0.1669217455816,0.1554661041802,0.1272759916156,0.1233357824705,0.1271649372345,0.2598147885574,-0.0125235237806,-0.1472768781119,-0.1260646171061,0.0116157565414,-0.1818471306220,-0.3165117821666,0.0649657202778,0.0924780136316,-0.0173212737858,-0.1894978104233,-0.1288697210538,-0.2145397719404,-0.0083064492427,0.0449202838978,0.3500622997440,-0.1316822242436,-0.0286528352768,0.1606826093911,0.1138452113125,-0.1556241262204,-0.0234749619844,-0.1722982410976,0.5778475933907,0.3390224864141,-0.1859231141106,-0.1057553626793,-0.0260787891506
0.4283626208073,0.0782681154805,0.6202871207011,0.4027278017851,0.7261601109907,1.0000000000000,0.8809821015927,0.2786739204696,0.4867083719544,0.5005160469614,0.4274965179078,0.3458290450720,0.2732149493261,-0.0170091241910,0.2605396719205,-0.0282321463631,0.0109942321779,-0.0097156945667,0.0039612541291,-0.0014111896652,0.1870457850766,0.0951297078674,0.0232304701811,0.4764137090257,0.2221125427913,0.0168138584639,0.1497435980127,0.0005772450912,-0.1263291303655,-0.1777690950081,-0.1751273926412,-0.0450243614353,0.0440430488155,0.0669309211482,0.6023527699870,0.2435191227039,0.1354058863038,0.0626003268528,0.4894244438427,0.1494741249675,-0.0148249265355,-0.0235460711695,0.1042628836414,0.0807269613484,0.0237046333952,0.1503641443263,0.0225611426067,0.7059372949328,0.3925251080888,0.0192093594375,0.6399150562128,0.2205121686773,0.2382090826046,0.9152584526466,0.8773863505753,0.7802391710647,0.3368386478948,0.0960261131158,0.1193968216171,0.4548234701450,0.3847386337499,0.4264268448981,0.2783471764768,0.1886677239479,-0.0337910213654,-0.0190610916457,-0.1315083393752,0.0398965551347,0.2181223176194,0.0718821217753,0.1813368183575,0.0350983908301,0.5025877083254,0.2686932157687,-0.2733159705989,-0.2843604922276,-0.0356526731669,-0.1558941162070,-0.3374889847570,-0.1390009825317,-0.2135628443434,-0.1110606814873,-0.3017813820891,-0.1658359657826,-0.2198122762567,-0.1879202029263,0.1433649066130,0.5348000453399,-0.0602191928188,-0.0870950713990,0.3104572770363,0.0928680430845,-0.0609164038461,-0.0491675273389,-0.0404607064348,0.6648891591099,0.0529507907534,-0.1506187534647,-0.0524730490716,0.0602156013783
0.4913842567581,0.0981403247475,0.6306915170618,0.5848258234188,0.7246944200838,0.8809821015927,1.0000000000000,0.3096304171975,0.4443312504565,0.3185356527137,0.2724171571934,0.2137941853175,0.1477660591024,0.0453724771970,0.3506968057405,0.1092272157826,0.0517904285405,0.0694084407478,0.1288315719204,-0.0039321755438,0.0428161294030,-0.0254520260289,-0.0397081204917,0.3866574520120,0.0978022709378,-0.0787208424270,0.0387639597453,-0.0994811283864,-0.1608450457203,-0.2499657091821,-0.1366530670672,-0.1037767076986,-0.0857533443150,-0.0534049080918,0.5879396300076,0.3000576401998,0.0117945956081,0.0191798852284,0.3967115067026,0.0128854532315,-0.1466210154010,-0.1514006515147,0.0070662991172,-0.0523433018628,-0.0788770474433,0.0299826074104,-0.1225119947301,0.6036139320992,0.3492211880523,-0.1417788736913,0.6798721108412,0.2690448674126,0.4162843226653,0.8959608268830,0.8044603849237,0.9190434559587,0.2799147917145,0.1426112065274,0.2301603804666,0.4196937771320,0.2289103067217,0.2842015442836,0.1673233336253,0.0827305719953,0.0346218953488,-0.0885225513897,0.0279959311504,0.1101919544523,0.2976373433196,0.1505529513760,0.1617849680773,-0.0432039188418,0.4168764007092,0.1730599332697,-0.2367148384138,-0.3470344318960,-0.1301121962345,-0.1827632010056,-0.3633366623258,-0.0199257305539,-0.1607838528018,-0.1229045858420,-0.3129545308847,-0.1567403141656,-0.2297981218939,-0.2495499037442,0.0091928983856,0.5039173191852,-0.1719808843759,-0.0928898401103,0.1826323740521,-0.0160522013695,-0.1772680286582,-0.1200020862769,-0.1700411137855,0.5673779314169,0.0543166006202,-0.2766087129895,-0.1837106706738,-0.0899709218149
0.2312136886802,0.2310424386821,0.4625508664267,0.3379251324375,0.1309015614765,0.2786739204696,0.3096304171975,1.0000000000000,0.5789797448004,0.2879997426729,0.2776242864986,0.3707400376621,0.2433496159747,0.1852657881740,0.1693549457330,0.4310199008354,0.5931332486524,0.6488596452670,0.6172190841243,0.6228534063506,0.1951613738945,0.0568576299800,0.0887375636260,0.2767269631029,0.3005373678439,0.3724559863543,0.3188626803791,0.1602387482145,0.1081724363717,0.0108798662232,0.3450586041053,0.2726067056577,0.1102871146525,0.2891765136201,0.4178853957118,0.4623611953667,0.3404937847271,0.3422057393511,0.2985719007434,0.2485815408972,0.0316897892840,-0.0657940997112,0.0671047351485,0.2638590549010,0.2152142033079,0.0444621906124,0.0369277587384,0.1702018540599,-0.0328463216152,-0.0993827218312,0.0429738912950,0.2140422760897,0.0963884760691,0.3152905236302,0.0582329802055,0.2544464651538,0.5771384812118,0.6542638842735,0.6082942854341,0.4148943004391,0.2588203368092,0.2203745920685,0.1786222267299,0.0698964392778,0.0274127079062,-0.3666287001275,0.2797812850790,0.4945943193657,0.5316319702453,0.5618625056178,0.1276707995147,0.1083694481572,0.3082791575277,0.4587066919303,0.0425070165657,0.1020645480180,0.1517076280128,0.0039094770481,-0.0421108085270,0.3062334362104,0.0704670168354,0.2187077232848,-0.0449809644652,-0.0806057595230,0.1750281395637,0.0884019816623,0.1563673224125,0.2771545191021,-0.3194420952610,0.1909799643927,0.0775753383022,0.0942386418625,0.0066146073809,-0.0005706705983,-0.1632225236165,0.0467506793381,-0.1406296485724,-0.0551204866033,-0.1382115261549,-0.3660263866099
0.0722422028455,0.0183001064590,0.3795195437486,0.0945746062542,0.1646285476343,0.4867083719544,0.4443312504565,0.5789797448004,1.0000000000000,0.4623614033596,0.4385078777603,0.4878489961493,0.3744790463274,-0.1448088148785,0.0165087831211,0.0459117003724,0.0904621771223,0.1246406709019,0.2137324643049,0.3735776406547,0.3673476896125,0.2243410372927,0.2650836506426,0.6986844851809,0.4598376455813,0.3203230938390,0.3960426257868,0.0080667041817,-0.1093921963839,-0.1716851366824,-0.0089128345453,0.0992779944729,0.1245766065034,0.2239247954834,0.5333851698112,0.3945412870402,0.3536726184814,0.1654172615431,0.3262844310315,0.2760644861267,-0.0892335865211,-0.0641011113700,0.0487870627956,0.2002156729888,0.0800095727436,0.2345233004734,0.0417628642217,0.3434756100421,0.0702262877724,-0.0958126629339,0.0643206605911,0.0422429422179,-0.1054706124906,0.4369741430340,0.3673676693680,0.2997474100441,0.6453060067459,0.3597482505316,0.3799847686074,0.9356069707240,0.3848355606109,0.4065345890073,0.3907575364975,0.2525066344412,-0.2163882755077,-0.2238502771759,-0.0877683904913,0.0240253384587,0.5223657940708,0.3699398074155,0.1694987453585,0.3315995405510,0.8290336401138,0.7657015316428,-0.0829468211154,-0.0121062091505,0.2422230798130,-0.1912219736956,-0.2953440346226,-0.0679821975835,-0.1046814959853,0.0894080781985,-0.2415672973077,-0.1696379365925,-0.0648743123531,-0.0106411600107,0.3136069972771,0.4160653458367,-0.1611592019986,0.0038940065876,0.1064016071844,0.1963902804109,0.0324254737665,0.0374968612157,0.0541020796972,0.3065942195954,-0.2285807965737,-0.2444859822337,-0.1391582205173,-0.2109376974556
0.0312209316008,-0.0779460861920,0.2870239814330,-0.0618483938435,0.2139103684520,0.5005160469614,0.3185356527137,0.2879997426729,0.4623614033596,1.0000000000000,0.6206349179082,0.7326421037123,0.5254844294932,-0.0992383190616,0.0281940198157,-0.1683851930654,0.0368987322311,-0.0240755302980,-0.0524149289749,0.0790779435225,0.4390523896317,0.5929624837286,0.1997129787914,0.4249220750459,0.3819963012144,0.1792972424036,0.2822982621353,0.0314717303455,-0.0605192427650,-0.0379131240171,-0.1330706180918,0.0281088545277,0.3085487627820,0.2656429570916,0.3376446357360,0.1294301615258,0.2779239946383,0.0777165582011,0.4006216820454,0.2583842062204,0.2630074578892,0.3803083543547,0.1525113098452,0.2631152714774,0.1621600413272,0.3588930087819,0.3404087829397,0.4502708556182,0.1922406820412,0.3439246912846,0.1401876296477,-0.0587060116086,-0.1773421066871,0.4390380571989,0.4466008963333,0.2516081005863,0.4936314743788,0.1478937704732,0.0605742434558,0.4126243873355,0.9138046466800,0.6834464281795,0.7171615978098,0.5020768902035,-0.1221031383781,-0.0761669734906,-0.2575024132206,0.0240470228551,0.2082961145719,0.0182821935692,0.2843192793916,0.3778247973757,0.4804672715673,0.4313118047249,-0.2032107489650,-0.1178728624762,0.1672688383831,-0.1527007302776,-0.2143224729708,-0.1935809948639,-0.1434425937991,0.1138625929489,-0.1951313967678,-0.1668723427114,-0.1408314400814,-0.0351475409737,0.2195121396421,0.3119651124176,-0.0280857483965,-0.1782505203060,0.2424429517430,0.2030432284485,0.1008313205808,0.0919715510903,0.3134058702341,0.4073080231414,-0.2309880585447,0.1539348245739,0.3615188940207,0.2689492316225
0.0313519577853,-0.1136212699894,0.0871107424845,0.1271990229980,0.3716258259859,0.4274965179078,0.2724171571934,0.2776242864986,0.4385078777603,0.6206349179082,1.0000000000000,0.7947550851906,0.5540143316201,-0.0169221505953,0.0937656262778,0.0530577812801,0.3454684711421,0.2670225828816,0.0017016766870,0.3674972635807,0.5531339669074,0.5659208381067,0.6043753568934,0.5998697718568,0.3138207447310,0.4311327463094,0.5158258966599,0.0798601210016,0.0988317485191,0.0301765267965,0.1760590613514,0.4318986903332,0.4051044970409,0.3549675533113,0.2273669725063,0.0513372118394,0.1735274792688,0.1455721895736,0.1439387790308,0.3980663453057,0.1113646253699,0.0971866180871,0.2642856048780,0.2602362872797,0.1769811491106,0.3417222029656,0.2837207982151,0.3848129271160,0.4573283524383,0.2008635974169,0.1350405115678,-0.2209207773248,0.0444101104338,0.3105314851621,0.4399358428543,0.1538533689846,0.4077886509832,0.1583181749899,0.2362454595389,0.4026980785817,0.4854759396061,0.8652151919010,0.4731733112509,0.4177218641756,-0.2284487115569,0.1255685685216,-0.1227014706355,0.3302735541278,0.3296067047183,0.3208429443094,0.4776226549322,0.5713203022847,0.5599707762870,0.3677653082298,0.1196819235993,0.1514189612816,0.4374284405512,-0.1688512738525,-0.1968530299078,0.1673649750367,0.2064520992326,0.3164307281143,-0.1253222723616,-0.0608118042953,0.0547283641567,0.1045052359614,0.2313031422107,0.1991276551614,0.0176851297952,0.0574601748005,0.1161180710263,0.2639487389652,0.0323285941514,0.2017231415432,0.0335981819131,0.4194873915098,0.0769094156058,-0.0397661961971,-0.0180712371707,0.1007460966881
0.0284153775404,-0.0244666062480,0.1586066869016,0.0141110232879,0.2456193982950,0.3458290450720,0.2137941853175,0.3707400376621,0.4878489961493,0.7326421037123,0.7947550851906,1.0000000000000,0.7347794582412,0.0000792855903,0.0937303750151,-0.0507886352806,0.3648031572113,0.1873745851767,0.0733413074974,0.2605275847791,0.5766182156547,0.6430249893047,0.5259875062116,0.4857745665858,0.3899931079521,0.3845602417470,0.4309222458731,0.0116095172225,-0.0097430091109,-0.0409116149049,0.0468793724842,0.2727049936748,0.3350063693933,0.3225550982212,0.2058397531949,0.1352615126010,0.3121346006946,0.0797247459375,0.2439283177915,0.3681492981227,0.1582832197532,0.2108902528342,0.1963269098766,0.2856240171134,0.0995469898114,0.2838199002581,0.2719359776534,0.2993052987602,0.2475409324188,0.2605652170803,0.0666356017646,-0.0885063223680,-0.1276206481693,0.2595321325118,0.3009800686614,0.1277294831468,0.5539548895362,0.2313293218261,0.1984398855720,0.4239222833994,0.6744093366575,0.7652712287522,0.7900757018988,0.6288280577056,-0.1294695605300,-0.0756941999808,-0.1912029943826,0.2893784272703,0.2884532978133,0.1768678527918,0.4205824234895,0.6280719124431,0.5187016592790,0.4743635334446,-0.0649942985856,0.0837112942686,0.3408946606439,-0.1816282410922,-0.1840194197518,-0.0280297669100,0.0378373937402,0.2604567369537,-0.1723750587228,-0.1942138236641,-0.0792998717382,0.0821027082333,0.2609199677696,0.1850415560942,-0.0703819116900,-0.1147665985633,0.1540144333004,0.2743271876102,0.1041538310449,0.0529055038532,0.1235369594593,0.2675588589962,-0.1276213180763,-0.0160987554956,0.1422288757208,0.1002292500963
-0.0207494292669,0.0956072971531,0.1404599544341,-0.0631521411434,0.0826678456819,0.2732149493261,0.1477660591024,0.2433496159747,0.3744790463274,0.5254844294932,0.5540143316201,0.7347794582412,1.0000000000000,-0.1409339630035,-0.0256111042669,-0.1020429795779,0.2412453470485,-0.0372924189821,-0.0651938105595,0.1222048678473,0.4595766847337,0.3955186784488,0.2859549761368,0.3352830088052,0.5325559585753,0.2030261867533,0.3948965385256,0.1141813173559,0.1086448246902,0.0456909567890,-0.0220644692646,0.1423151128817,0.4822019263003,0.2008931497078,0.1330427856996,0.0126675019147,0.2045309689078,0.1742456585224,0.1768403014967,0.3175605860696,0.2180313467471,0.2822921548452,0.2405842105522,0.4185135187234,0.2780176171675,0.3093198201439,0.3662616171748,0.1906245755903,0.1453500644720,0.3447549268139,-0.0059143929113,0.0036065337718,-0.1925185845075,0.2064906475849,0.2604126093144,0.0650677430336,0.6046529304984,0.0476060824246,-0.0785136217446,0.3323052533133,0.4784361517582,0.4663155655657,0.7101504309989,0.9040530133143,-0.2345702560381,-0.0369183976300,-0.2449863134867,0.1087967102675,0.0368488940620,-0.0190242132133,0.0412481915361,0.3163396049997,0.3921804968024,0.4252287805918,-0.1887015378555,-0.0926520005909,0.2677780644466,-0.0394208715424,-0.0730392866724,-0.1894787226971,-0.1522740517504,0.1758351339469,-0.0756499444175,-0.1416470690780,-0.0212969324865,-0.0015353265525,0.1366296378424,0.1197822211736,-0.0049816666810,-0.0233671839438,0.1338772034427,0.2497868947345,0.3020186014891,0.1304390217937,0.2139209764567,0.1827233017722,-0.1334088911288,0.0986049643869,0.2024325792086,0.1664395028837
0.5997746855257,0.5868756196805,0.2458896175839,0.5200580224669,0.2390991287122,-0.0170091241910,0.0453724771970,0.1852657881740,-0.1448088148785,-0.0992383190616,-0.0169221505953,0.0000792855903,-0.1409339630035,1.0000000000000,0.6513184978406,0.6149608526013,0.4543767796805,0.4498904047099,0.5310963017230,0.3039137769999,0.0973350889414,-0.0180475865515,0.0395471243975,-0.1637433768103,-0.2019399165371,0.2929180183431,-0.0564986921305,0.0619381475795,0.0390037122684,0.2809877261263,0.5437678623003,0.3957423886599,0.1379481864696,0.1114190763048,0.1676295609605,0.4197037388305,-0.0397927881367,0.2028259338988,0.0313606457062,-0.0563436187704,0.0278471444063,-0.1248611749383,0.0655171375557,0.0258409578644,0.0235106361794,-0.1822792053011,0.0261771296407,-0.0612568798252,0.3048414039907,-0.0628563937910,0.4600475684138,0.4382136184785,0.5467518674236,0.0302440250122,-0.1042795412661,0.1715818081034,-0.1370644456255,0.0477037517594,0.3016789616071,-0.2384386142183,-0.1502068490252,-0.0886183467659,-0.2017020047694,-0.2892872277318,0.7420082567963,0.1111170291820,0.6139061418741,0.3142676535279,0.2471733816934,0.2053687794065,0.0773096561957,0.0242096122907,-0.2110737690523,-0.0970436615925,0.1878464539222,0.2594705705134,-0.1022356190182,0.0971825396848,0.0403265590819,0.4948912771693,0.3694703982415,0.3069777287799,0.2779139854268,0.2979420991813,0.4048639155473,0.1913514117689,-0.2550243199658,0.2594641178551,-0.1834123740723,0.3567339431941,-0.0214195728879,-0.1770390982464,-0.0819913001553,-0.0774609608476,-0.1886149470823,-0.0132028334613,0.4688789499206,0.0171207074492,-0.0594431260377,-0.1059217169215
0.5723160032434,0.4693407686819,0.3757251007166,0.6103993442306,0.4463118110529,0.2605396719205,0.3506968057405,0.1693549457330,0.0165087831211,0.0281940198157,0.0937656262778,0.0937303750151,-0.0256111042669,0.6513184978406,1.0000000000000,0.4185986035872,0.2643111796221,0.2568023617392,0.3211561488418,0.1737352618929,0.1861172570672,0.0338259953693,0.0686723788246,0.0942771603253,-0.0797397160140,0.2259833368821,-0.0378779112705,0.0207773768683,-0.0456958731279,0.0056047645740,0.2122247079576,0.2497435150237,0.0786675344152,0.1318185362223,0.1929611690476,0.3848609858644,0.0343350716106,0.1575744864916,0.3204238875086,0.0922479952147,0.1047455673426,-0.0058023325773,0.2547605717992,0.1014089420469,-0.0755953673331,-0.0892132487211,-0.0035441139523,0.1873274914655,0.3223693855951,0.1875063845535,0.5259116476431,0.4725096103018,0.5623848030002,0.2730362694492,0.1972440808223,0.4103268493005,-0.0893317062563,-0.0436472354531,0.1978479276744,-0.0452106198238,-0.1014613048898,0.0290261780052,-0.0872143899849,-0.1624447207843,0.7312160711241,0.1987286383827,0.3594982895399,0.1888817610143,0.2009778387566,0.0943483721145,0.0541676904851,0.0264480371497,-0.0103901023017,-0.0454552680749,-0.0600052860260,0.0752632179730,-0.1479570428450,-0.0405776473059,-0.1036119913523,0.2656790738919,0.2346857739269,0.1269513752551,-0.0334308426819,0.0339148218171,0.0369456751322,0.1509731463185,-0.1196843449921,0.3492965736406,-0.0693672085699,0.1882862807836,0.3068753670016,0.0498393410502,0.0454040523161,-0.1601754981279,-0.1601130903272,0.2240279959094,0.2613303743976,-0.0722559078853,0.0598699628435,0.1554327106811
0.4198214481427,0.4371591996577,0.2592786074286,0.6655131055275,0.1516927782902,-0.0282321463631,0.1092272157826,0.4310199008354,0.0459117003724,-0.1683851930654,0.0530577812801,-0.0507886352806,-0.1020429795779,0.6149608526013,0.4185986035872,1.0000000000000,0.6304877147462,0.7299065145758,0.8149480875151,0.6750739011648,0.0166448687010,-0.1125181946326,0.1808467495256,0.0058740705015,-0.0798440538725,0.3158556011732,0.2018366795641,0.0606780026814,0.0757416844160,0.1580906024904,0.8008797248758,0.5620439843010,0.2646965150722,0.1544299579321,0.2267255909392,0.5676887720980,-0.0331591730239,0.3133225674525,0.0001372544899,0.0429640562423,-0.0667526425665,-0.1797019644068,0.0943333279297,0.0307422020034,0.0824682143891,-0.0850948799387,0.0558606484709,-0.0571406575857,0.1666549374334,-0.1713090556993,0.2521473171438,0.3000241352105,0.6707120613753,0.0491442131838,-0.1023043883078,0.1475631242360,0.0764583137814,0.1807150451934,0.5526660900659,-0.0623073282732,-0.2335769238539,-0.0912731318692,-0.3489389024500,-0.2868730375997,0.3195483669240,-0.0022460412055,0.9034260915501,0.4492842559783,0.5090517856329,0.5893241887355,-0.0334873168600,0.0288215165645,-0.0464138242903,0.0041290928745,0.3066930967627,0.2601009263731,0.1416918623434,0.0672725040532,-0.0727854472084,0.7773032791285,0.5331756651906,0.4474110232861,0.1896412050027,0.3461917343696,0.4655496609193,0.1966256230016,-0.1748211141660,0.2757803972481,-0.2787464891746,0.4773022796690,-0.0752767196240,-0.0787101676622,-0.1986865229035,0.0339829274974,-0.3441671882449,-0.0079124455503,0.2303133492984,-0.0767021514536,-0.2396516095131,-0.3548987944904
0.2489559970243,0.2549178265390,0.1609093913336,0.4459125834036,0.1142970709940,0.0109942321779,0.0517904285405,0.5931332486524,0.0904621771223,0.0368987322311,0.3454684711421,0.3648031572113,0.2412453470485,0.4543767796805,0.2643111796221,0.6304877147462,1.0000000000000,0.8369282663302,0.6057357673684,0.6340760489689,0.2748886523018,0.0260965906638,0.2520780278704,0.0564249211108,-0.0407558109307,0.3260753180405,0.2753167136122,-0.0079605452971,0.1229822547319,0.0375989028146,0.6794284261681,0.5015106346616,0.2661795169056,0.0996664998134,0.1424845029857,0.3539889552601,0.0475563808738,0.2670010955324,0.0014798165914,0.0589155887994,-0.0739326006897,-0.2314861392541,0.0408260391561,0.0848702627766,0.1059211049175,-0.1100152059194,-0.0039853761158,-0.0263080400998,0.0694788509723,-0.1445092969631,0.0906792598810,0.1086933432033,0.3792460979567,0.0530910278857,-0.0692280302143,0.0838209468356,0.3211514584731,0.3931475494639,0.5678340399078,-0.0607138076609,0.0056048428770,0.2128642077256,-0.0200866349223,0.0560696490765,0.1461837804739,-0.1772046556214,0.4880689781944,0.8015090412527,0.3913232503678,0.5579533288997,0.3867055133961,0.1637098660578,-0.0056336324075,0.0758591600753,0.3147642283876,0.2403230322208,0.1704537685000,-0.0503838572048,-0.0100525295485,0.6576033253309,0.4436502037716,0.5421343514346,-0.0199019308403,0.0264107640314,0.3971907183995,0.0626673745929,-0.0642913277383,0.0775404867432,-0.2804719108605,0.2604866879795,-0.0846882575341,-0.1361759146547,-0.1314051277268,-0.0285501365258,-0.3404011714623,-0.0420090328081,0.0533767882651,-0.0375595150620,-0.2968165469910,-0.3172087462899
0.2329413537138,0.1404709249894,0.1678932862929,0.4949988481841,0.1384566501999,-0.0097156945667,0.0694084407478,0.6488596452670,0.1246406709019,-0.0240755302980,0.2670225828816,0.1873745851767,-0.0372924189821,0.4498904047099,0.2568023617392,0.7299065145758,0.8369282663302,1.0000000000000,0.6762122626001,0.7586105007388,0.0839785522989,0.0106876027533,0.2406401684951,0.1016464245043,-0.0614257667567,0.3312686135682,0.2543280327390,0.0457246017518,0.1243543638638,0.0544992148722,0.7181780466395,0.5209101598020,0.1772386113160,0.1636165471906,0.1133809454921,0.3496678828726,0.0941841835178,0.2339864617320,-0.0222058046774,0.1064398448684,-0.0365268532240,-0.2134686588963,-0.0188064860766,0.0145293943603,0.0503747591629,-0.0938546335362,-0.0180938177466,-0.0200473494723,0.0544114817642,-0.1943129853221,0.0680862058121,0.0798797035889,0.4479660570748,0.0479899964803,-0.1206146437296,0.0943282952727,0.2173125664954,0.4694323406282,0.6793937836245,-0.0171033682867,-0.0549716353269,0.1803500658172,-0.1740376144766,-0.1790950237399,0.1609094645365,-0.1795716433754,0.6051315290571,0.7847859145202,0.5217275742201,0.7259853705110,0.3254215934840,0.1488623407100,0.0270102836559,0.0691034577788,0.3680422379240,0.2484193774935,0.1942643355486,-0.0280301263492,-0.0026978221641,0.7760719519784,0.4812227825211,0.5151328285625,-0.0015302961767,0.0404610087105,0.3667652780853,0.0771449453123,-0.0023242080499,0.0407405114697,-0.3308770869225,0.2602565870988,-0.0839963414678,-0.0791882581744,-0.2309731230517,-0.0108527774646,-0.3649028839338,-0.0677661283323,0.0891174995895,-0.0516064733546,-0.3058682762295,-0.3892160681887
0.3814378742412,0.4680603629682,0.3550845805364,0.5174311025580,0.0362124329975,0.0039612541291,0.1288315719204,0.6172190841243,0.2137324643049,-0.0524149289749,0.0017016766870,0.0733413074974,-0.0651938105595,0.5310963017230,0.3211561488418,0.8149480875151,0.6057357673684,0.6762122626001,1.0000000000000,0.5787290038356,0.0598532844617,-0.0877984727299,0.0893523736111,-0.0371895219272,-0.0263717638344,0.3255398297343,0.1234427242240,-0.0149162956725,0.0095588940402,0.0859815893886,0.6764839238140,0.4158526808760,0.1000181512074,0.1321857943543,0.3645618939855,0.7091786124016,0.1619509043276,0.2677348825990,0.1316062715655,-0.0006429364260,-0.0816405296969,-0.1326287678984,0.0334375944108,0.0586347636170,0.0797544378359,-0.1241992570051,-0.0071089970158,-0.1031675849379,-0.0798683684439,-0.1855736891159,0.1604927117211,0.3789817282515,0.4197676920108,0.0958002059395,-0.1542292465837,0.1827920752253,0.1499686300370,0.3117256436702,0.5694413956713,0.0542114576835,-0.0582625538980,-0.1246441106271,-0.1511471765498,-0.2421591582933,0.3411704895512,-0.2791657732895,0.8011354810709,0.3809497188299,0.5472493943022,0.4657805869935,-0.0377996326902,0.0440001954234,-0.0215570734037,0.1414306064327,0.2178598422937,0.2224875121602,0.0440919250514,-0.0202274136258,-0.1178442521201,0.5714377657961,0.3374625711471,0.2455539891384,0.1667513527755,0.2436200564293,0.3171447644199,0.1785955361178,-0.0469765808042,0.3487319004966,-0.3143705781672,0.3038753479013,-0.0416191049965,-0.1321756260531,-0.1800752431201,-0.0791881718121,-0.2866678961735,-0.1467816310437,-0.0239610031897,-0.1012383222729,-0.1544497013295,-0.4638280741250
0.0434130986914,0.0508611839830,0.0276827683682,0.2945648901597,0.0776995556110,-0.0014111896652,-0.0039321755438,0.6228534063506,0.3735776406547,0.0790779435225,0.3674972635807,0.2605275847791,0.1222048678473,0.3039137769999,0.1737352618929,0.6750739011648,0.6340760489689,0.7586105007388,0.5787290038356,1.0000000000000,0.3945719081814,0.2324761266985,0.5395259098444,0.4154014200267,0.3413428541221,0.6115844841453,0.6289250692191,0.3090680601883,0.2762558236858,0.2466066037539,0.7067500604101,0.7137044787672,0.4854292839289,0.4669962102758,0.1858330994628,0.3871488567041,0.2322850889591,0.5068345449418,0.0311163336425,0.3961201646658,0.1220843709259,-0.0284466781182,0.2333250198131,0.3340421071905,0.3217535588218,0.2408891996969,0.2813035481643,0.0149193698944,0.1786590086340,-0.0204102507026,-0.0930926348114,-0.1307160747499,0.2039898917212,-0.0561246833089,-0.0886452176270,-0.1059990080686,0.3679581276227,0.3499938719676,0.5935377673317,0.2384538606346,-0.0556100875599,0.2388480049040,-0.1471778920917,-0.0983631387828,-0.0423015444756,-0.0247261793717,0.4772563469725,0.4763490069213,0.5797883370446,0.8164928746633,0.1631016357058,0.3862241471746,0.3179658805725,0.4474162197114,0.3937477177990,0.3897663509048,0.5393509364104,0.0855446958599,0.0339596262197,0.6410061465505,0.5355375965653,0.5884937220250,0.1567557539095,0.1370527729350,0.4632121460375,0.2985977406583,0.1592627187192,0.1362612034784,-0.2047703060452,0.4836793802520,-0.0336015419757,0.2088500499627,0.0446959889731,0.2774117711741,-0.1285511990559,0.0024905994828,0.1079093304997,0.0065266192995,-0.1633806007873,-0.2813206069680
-0.0948084713218,-0.0448371847076,-0.1004879884613,-0.1068946089271,0.1286655427393,0.1870457850766,0.0428161294030,0.1951613738945,0.3673476896125,0.4390523896317,0.5531339669074,0.5766182156547,0.4595766847337,0.0973350889414,0.1861172570672,0.0166448687010,0.2748886523018,0.0839785522989,0.0598532844617,0.3945719081814,1.0000000000000,0.5178906532652,0.5864886759127,0.5512685662877,0.4061831951674,0.5901738186358,0.5388165820619,0.1998565040667,0.1525710815895,0.0993760787970,0.2162963666506,0.4198865105490,0.4585364025161,0.3598898435038,0.2376321193373,0.2471438398933,0.2500974229540,0.3300143579587,0.2320723100217,0.3428422570409,0.1335045221655,0.0961386729166,0.4178748710330,0.4450415507088,0.3002491272580,0.3675177963831,0.3089943382148,0.1496746369153,0.3654788964432,0.2558645829053,-0.0460424570407,-0.2497705361330,-0.1995176136959,0.0512505740767,0.2199651670329,-0.0517680131943,0.3317241878145,0.0149820641268,0.1447339265504,0.2906656759146,0.2826161980741,0.4443619653326,0.3098718987544,0.2745317404040,-0.0075743620204,0.2260747063912,-0.0917057397095,0.0804660686222,0.2237827623870,0.2186021409405,0.3814343629018,0.5705629243104,0.4520261012881,0.5557792486573,0.3267058625084,0.3491006301775,0.4280600194568,-0.0150083473676,-0.0181976502336,0.0690117604208,0.2421321050214,0.3625915561837,-0.0396654190773,0.0455849857628,0.2544009666203,0.1770299942741,0.1954442629213,0.3106314763115,0.1829541493144,0.3000786045844,0.1858064352152,0.2182111966540,0.3733535351765,0.2529739901704,0.2823688343956,0.2231788178810,0.1092178564390,0.1169413302523,0.1208022362816,0.2259020005541
-0.0884508410046,-0.1949033971750,-0.1063903213927,-0.1681302413686,0.1265258618717,0.0951297078674,-0.0254520260289,0.0568576299800,0.2243410372927,0.5929624837286,0.5659208381067,0.6430249893047,0.3955186784488,-0.0180475865515,0.0338259953693,-0.1125181946326,0.0260965906638,0.0106876027533,-0.0877984727299,0.2324761266985,0.5178906532652,1.0000000000000,0.6447260935080,0.4994290916221,0.4301785928610,0.4430613567664,0.4179002553405,0.3298830977524,0.1994243968171,0.2429096947718,0.0293378851520,0.3407788957795,0.3426810886136,0.5067107700527,0.0265864731025,-0.0936955577669,0.2772756563534,0.1477127085905,0.0961226136555,0.5498226866402,0.4111000877740,0.4328462629877,0.3299717452100,0.3789130017271,0.2775551328408,0.5522603553230,0.5432041811024,0.2056054976012,0.3481377058990,0.3566875605502,-0.0780796983072,-0.2797453624946,-0.2113502221717,-0.0004524776175,0.1498463452745,-0.1377232677253,0.2454757724348,0.0054434645655,0.0569892111503,0.2627068034918,0.5161889005064,0.6115550513200,0.5310177606899,0.3231048376814,-0.1700852174277,0.1418506643878,-0.2033187611999,-0.0251968890240,0.1871643942953,0.1309731585015,0.2177798283958,0.8115857608944,0.4270414270038,0.3698210279939,0.1519654932727,0.1659818336882,0.4569655394575,0.1056178690357,0.0409153837897,-0.0533109149151,0.2031206835899,0.2170654274433,0.1158315050750,-0.0001801546838,0.0402684038562,0.2419728048063,0.3186693446038,0.0448896007489,0.1188298865186,0.0426550485452,0.1659823838152,0.5306070590451,0.2126826737376,0.3595412844023,0.3949372874982,0.2006779959654,0.1118453246318,0.1125227835772,0.3526566965076,0.2336098901519
-0.1359742650316,-0.2218300484910,-0.2560546552373,-0.0003957884443,0.1991683640836,0.0232304701811,-0.0397081204917,0.0887375636260,0.2650836506426,0.1997129787914,0.6043753568934,0.5259875062116,0.2859549761368,0.0395471243975,0.0686723788246,0.1808467495256,0.2520780278704,0.2406401684951,0.0893523736111,0.5395259098444,0.5864886759127,0.6447260935080,1.0000000000000,0.5848434384230,0.3710344956556,0.5919708728390,0.7054703972003,0.2783589072217,0.2451562947353,0.1577514843702,0.3323051029154,0.6466725200618,0.4463850996882,0.5109255664887,0.0125970590658,0.0686211361935,0.2598112706898,0.1926426477807,-0.0658262370579,0.5584779902284,0.1413152847773,0.0926820887522,0.3057832053353,0.2976228110676,0.1762232807971,0.5233213508000,0.3619481879471,0.0903317185455,0.4104084173205,0.1328386863616,-0.1014413719028,-0.4197141427083,-0.0602079306147,-0.1087858874759,0.0991782933562,-0.1925997709086,0.1703070587828,-0.0028089988785,0.2295734611309,0.2356128752542,0.0570106789334,0.4998144612328,0.1433517786514,0.0981418687665,-0.2113431604743,0.1876650946085,0.0302508000301,0.1619463626105,0.3242191686077,0.4301245517404,0.2473444440994,0.8385594543348,0.4622655530612,0.4019727518492,0.3577605743796,0.3661673775730,0.7412761325254,0.0609413890522,-0.0338256578264,0.2873681300558,0.5124890236965,0.4511830649982,0.1037825663119,0.0660964692762,0.1748281981100,0.3676071303695,0.3240665491464,0.0340293278522,0.0655629317403,0.2404067434448,0.0116467310228,0.4763858032798,0.1176209679002,0.4448664953144,0.0783464928630,0.1390396788669,0.2106475063141,-0.0232778592518,-0.0286802886083,0.0147487436487
0.0065385114387,-0.2229102580776,0.1019685372366,0.0622429747664,0.3528021748122,0.4764137090257,0.3866574520120,0.2767269631029,0.6986844851809,0.4249220750459,0.5998697718568,0.4857745665858,0.3352830088052,-0.1637433768103,0.0942771603253,0.0058740705015,0.0564249211108,0.1016464245043,-0.0371895219272,0.4154014200267,0.5512685662877,0.4994290916221,0.5848434384230,1.0000000000000,0.4771516649778,0.4507181116029,0.6344712281874,0.2091929737801,0.0683049870086,-0.0777318654586,0.0760102291965,0.2963455718033,0.2062835948793,0.3848070554811,0.4289946162921,0.1672384331347,0.4164864434122,0.2180736289039,0.3530185003824,0.4842360177720,0.0173327484069,-0.0240590948683,0.3320757832851,0.2694601793770,0.1523016210186,0.4489549461175,0.1966723681640,0.5380735814995,0.3913029954327,-0.0018733978529,0.0837144730406,-0.2326018237161,-0.0836115396298,0.3341841048119,0.5082756261851,0.2069426189495,0.4818775658672,0.1829236874957,0.3412794524904,0.7118549098073,0.2874594238201,0.5686211382623,0.2742965896515,0.1874584953893,-0.2759994423542,0.1416537084313,-0.1545684139116,0.0542984276927,0.4533275542715,0.4148395971101,0.2851591905122,0.5859580642107,0.8974422085289,0.6590006962834,0.1760008663375,0.1349014917511,0.5655091931112,-0.0626640185828,-0.2236302845213,0.0734161461204,0.1423438318164,0.1579496003197,-0.1873014889381,-0.0145143602090,0.0036963788613,0.1288969499029,0.5287607398822,0.4104724261004,0.0835096508276,0.1406363389292,0.3187766780429,0.4360026532973,0.0837582128738,0.3066578690431,0.1369571199312,0.5099742757633,0.0718724551971,-0.2032215008015,-0.0948593814827,-0.0123126174203
