1.0000000000000,0.6016713482176,0.2787179489887,-0.0471790256090,0.5016994613980,0.2226632012381,-0.1127591100153,-0.0904686343942,0.0234574478729,0.1445785876004,-0.0453075091473,-0.0186229217300,-0.1020801840145,0.5725903377089,0.0919823874029,-0.1486038336897,-0.1758474475270,0.0141156624285,-0.2469880512904,-0.1259053293339,-0.1527500024371,0.2178039448799,-0.0000694437305,-0.2033946758073,-0.0239271094248,-0.0558821302106,-0.1478511543818,0.0707022278459,0.0007379518671,0.3316386087438,-0.2030591988939,-0.0462927219524,-0.0712921738907,-0.1231165081221,-0.0797658351705,-0.0733224234026,-0.1501075236802,-0.0714973674758,-0.1385921533320,-0.1603250613124,0.2978986494554,0.1749655848228,-0.1701390322642,-0.1295072875631,0.0823142881894,-0.0154850032076,-0.0156804185557,0.1489242941546,0.4821497548899,0.0714449523811,0.7323930992094,0.4458012200990,-0.0122240854049,0.1559147137218,0.1975401593787,-0.2141598394899,0.0202434484699,0.1189734653136,-0.0661289858192,0.0048186201794,0.0567023866092,-0.0580902960698,-0.0525966261772,-0.1757056688864,0.5222604401524,-0.0263192691972,-0.1372331806765,-0.1142686984987,-0.1491117663899,-0.0599525610127,-0.2063523103377,0.0044259327901,-0.1792970081832,0.0214970805190,-0.2767886571032,-0.1957570982195,-0.2011436932385,-0.0319439870753,0.0120303287539,-0.2196307243292,-0.2005213096675,-0.2178196481573,0.2795448530142,-0.2969464278756,-0.0117835259525,-0.2084096952138,-0.1705554127823,-0.1556989175969,-0.2967645564849,-0.0170430229318,-0.1024499540647,-0.0907988984598,-0.1096711481924,0.0091398287526,-0.0685280416295,0.0804692415389,0.3277996686316,0.1616422266294,0.1221714308732,-0.1171417792124
0.6016713482176,1.0000000000000,0.4340386175126,0.0988754655776,0.1499593651263,0.1979364338805,-0.0164806311760,0.0779549447047,0.1284641178844,0.3251902447584,-0.2757548300211,-0.2649045489962,-0.1127428374357,0.7896469858234,0.2213300118082,-0.0322492229973,-0.1450152413050,-0.0358793995847,-0.0507802117037,-0.0038375336991,-0.2546732956932,0.0758973871955,-0.2846631566283,-0.2022475907444,0.0201017299825,-0.0964240509046,-0.2876230295410,0.1475312499975,-0.0479801852015,0.5943237744537,-0.1251475124218,-0.1119059324103,-0.1230978881420,-0.0424904673060,-0.0356796185913,0.0459921117771,-0.2240263377835,-0.0675646571704,-0.1347100968847,-0.1013462293892,0.2082648663597,0.1199784600717,-0.0698900288766,0.0097364740555,0.1670757270728,-0.2867387201264,-0.1595632029050,-0.0238121968805,0.4208751728102,0.1668600390294,0.3895353144701,0.7841208757044,0.1151532003047,0.3183428715243,0.2429450984459,-0.1211379247079,0.0639539111804,0.2136157694119,-0.0484216192895,0.1499466615446,-0.0700100125950,-0.3201166677980,-0.3596852474175,-0.2389508695368,0.6842662582540,-0.0125396430647,-0.0203608069547,-0.2607193111321,0.0721516113345,0.0036245027109,-0.3627858086098,-0.3496825460021,-0.2584553194668,0.1033018186376,-0.2378671830048,-0.1936493776304,-0.2983856730286,0.1225851771884,-0.0198909512867,-0.2386195873361,-0.2724963309360,-0.2580274881379,0.2781373139197,-0.1100181437755,0.0406786340994,-0.1778501926601,-0.2884693281218,-0.1002843913672,-0.2715129476004,0.0556692925320,-0.1435448674247,-0.0740605096779,0.0193720370888,-0.0388452364372,-0.2267650191217,-0.0131803992185,0.3254388319221,-0.0952478271868,-0.1917020844936,-0.2401255480882
0.2787179489887,0.4340386175126,1.0000000000000,0.6189651773017,0.5143311641031,0.7825199938956,0.5097601909515,0.1532600843565,0.0813120173165,0.4576615733000,0.2772959148119,0.2179671481680,0.2205041376592,0.4982675363783,0.7033786010867,0.3567800463488,0.1667243336447,0.2856370653460,0.2008822045513,0.0860003854862,0.2126311350757,0.0293103795601,0.1450187363674,0.2243376535858,-0.0849469492115,-0.0367023437241,-0.0438655497414,-0.1231391996946,-0.2178415164968,-0.0271726666478,0.1827185180159,0.1058232172802,0.1728818490017,0.0120285076585,0.3486564614223,0.2557801901739,0.1620231724267,-0.0871943350525,0.3942916781189,0.0338856540174,-0.0296742266074,0.5278908286847,0.3787267510419,-0.2804434469611,-0.0117486030665,-0.0954335828476,0.0089542392317,0.5490434496706,0.1040842182683,0.5745197582048,0.3573006846632,0.7274382109545,0.6186162458283,0.8148617130357,0.5753515903383,0.3071484438172,-0.0022716155656,-0.0202434041034,0.1283904250432,0.1058213198096,-0.0183526652942,0.0831585480233,-0.0340083093284,-0.1056144256796,0.3386827389259,0.4942236348767,0.2668753390949,0.0220758705551,0.1917819237936,-0.0807236808665,-0.1125435463366,-0.1463191792970,0.1272043332645,-0.0239962920801,-0.0430946635612,-0.2303465606548,-0.1336244322201,-0.0674155286469,-0.2835754498594,0.0132980907608,-0.0285655632951,-0.2908938618491,-0.1207223312993,0.2144431049001,-0.3437430515205,-0.0503503471456,0.1331371648220,0.3669008346000,0.1013207830050,-0.2850151199069,0.3658168522569,0.0200481925916,-0.3013081382349,-0.1610708000532,-0.1838133040470,0.4860741759589,-0.2151680278499,-0.1830209485941,0.1347448629790,0.0943388032490
-0.0471790256090,0.0988754655776,0.6189651773017,1.0000000000000,0.3432260389371,0.6363187077084,0.8863257806801,0.0243962981655,-0.0882060043248,0.3615057120592,0.4663028450188,0.3603388516428,0.3117069693936,0.1290716660216,0.7567621717025,0.6726023422155,0.4313536546911,0.2754998539367,0.3345501552582,0.0698552602207,0.5067599804239,-0.0503326711372,0.2168183493830,0.4584173082178,-0.1516002680718,0.0036039892508,0.0909997119176,-0.2663811071311,-0.1587312990177,-0.2630002752579,0.5217754854009,0.0798920693700,0.3419545332518,0.1836850902379,0.6433414903953,0.3376199924919,0.4557070941879,-0.1459214463151,0.7144274203287,0.2675354128118,-0.0817009333608,0.4387443870610,0.6472306406725,-0.3294009910879,-0.2021055605691,-0.0512446866281,-0.0339977923846,0.4748348530447,-0.0790983732100,0.7312185749464,0.0528453317827,0.3509902471855,0.8054161647272,0.6479308867958,0.5259357937236,0.6930547698720,-0.0925165086585,-0.2811311174756,0.1242645746811,-0.0907920602729,0.0327628876368,0.2743417190340,0.1453121174136,0.0076028419379,0.0000554328170,0.6592665350125,0.3544375678092,0.1651055628381,0.1320978574924,-0.1760339262384,0.0977282504539,-0.0054362639105,0.2776432275647,-0.2255776501404,0.1809701188215,-0.2378952704276,-0.0380427077128,-0.1830379745826,-0.2299425096178,0.2765153627007,-0.0051621872302,-0.2559359383487,-0.2767200415229,0.4882426318414,-0.5182411447423,0.0019779306097,0.3754279146993,0.4572713723505,0.4803800904383,-0.4884040848674,0.6673555872547,0.1564692381239,-0.3734659564865,-0.1444758978360,-0.1507733227212,0.4584367350999,-0.3702264603112,-0.1584794360795,0.1697208932664,0.2878701374007
0.5016994613980,0.1499593651263,0.5143311641031,0.3432260389371,1.0000000000000,0.6855931850653,0.3004483404056,-0.1142201956427,-0.0917547785706,0.3480590282917,0.3710643261170,0.2874228795086,0.1426222534740,0.3217272911415,0.4190966878025,0.1823630259949,0.0709723898819,0.1549217621340,-0.0863022481471,-0.1047178489813,0.1922115128970,0.3930505791529,0.3558178911041,0.0977888912658,-0.1242110020577,-0.0686259657859,0.0308500547285,-0.2838607635110,-0.1516918104624,-0.2895835989847,0.0882408487263,0.0832766411866,0.2206757257448,0.0149149540933,0.2228632932227,0.0620336454190,0.2147748299873,-0.1355801892478,0.3494524305415,0.0389016352404,0.1294465306851,0.5382433726928,0.0877178226223,-0.3441692314250,-0.1359601499604,0.2089299268232,0.1454787272575,0.6421532442713,0.4179983073605,0.3773540566873,0.7044263015302,0.2781889021385,0.3247573472613,0.5117628774859,0.6304397639860,0.1611900317196,-0.0761962098433,-0.1652477905803,0.0310833204527,-0.1323080033767,0.2196322577332,0.2941386417286,0.2066997212666,-0.0236668174665,0.2346386228487,0.3879332175702,0.0337108035926,0.0541682528249,-0.1181733342344,-0.1975075126395,0.0304670810728,0.3620012147591,0.1006033716960,-0.1534017717792,-0.0330827817638,-0.2141695308993,-0.0713973294267,-0.2828190406792,-0.1902376871086,0.0482303336966,-0.0122641980837,-0.1788066912850,-0.0678075543888,0.0466293481778,-0.3340780072353,-0.1505029584197,0.2507892237667,0.1116251838535,0.0897774011219,-0.3096120031949,0.3800611169544,-0.0330692706224,-0.3490006082172,-0.0506136443358,0.0080019753714,0.5191096869890,-0.0259789276065,0.1696977304229,0.4835555716854,0.2146782446228
0.2226632012381,0.1979364338805,0.7825199938956,0.6363187077084,0.6855931850653,1.0000000000000,0.5256239602817,-0.0613205494655,-0.1158194235911,0.6144247807082,0.4809164136492,0.3662844888618,0.2459792876556,0.3746180617330,0.6213309787094,0.3592846133234,0.2031410861788,0.2545034458873,0.0725934917847,-0.0729944672375,0.2721736410088,0.2581899088081,0.3249961153781,0.2372613721689,-0.1597963503413,-0.0776024493577,-0.0003120089305,-0.2507091305251,-0.1113282285750,-0.2096861256134,0.2304358891791,0.1164897458740,0.3134608907979,0.0152217558419,0.3940817742148,0.1540822948339,0.3201273659422,-0.1930980787698,0.5255540649152,0.0826408657138,0.0096192355402,0.5411826942549,0.2661805825415,-0.3812867048571,-0.1487854416018,-0.0144386796437,0.0533929736239,0.8218704696063,0.2884738820941,0.6057156559165,0.4349432548063,0.4561624895542,0.5938976449500,0.8419595480320,0.8307713219878,0.3266408248322,-0.0720906998163,-0.1869307365625,0.0760571237009,-0.1315366862050,0.2507992908576,0.3709454882676,0.1858414604043,-0.0368380791518,0.2223025982331,0.5173551417466,0.1753717542451,0.0363816559104,0.0025358326195,-0.2356079785874,0.0011561168591,0.2015228088423,0.1492304169633,-0.1735526199902,0.0101571613442,-0.2664358638001,-0.1574064481030,-0.1699340841744,-0.1839538140560,0.0946951597029,0.0028515788842,-0.2299085737188,-0.1026354381084,0.2160059226940,-0.4014564153234,-0.1016519819577,0.3156693472914,0.2968835145676,0.1585698912643,-0.3889867525132,0.5671314778923,-0.0306977464468,-0.4236442713001,-0.0857915137410,-0.0572555369345,0.7567393461694,-0.0999990051748,0.0400407425450,0.3989659056725,0.2825874774092
-0.1127591100153,-0.0164806311760,0.5097601909515,0.8863257806801,0.3004483404056,0.5256239602817,1.0000000000000,0.0666436218520,-0.0661592806516,0.2357371354966,0.4367628811276,0.3461281039185,0.3208632677821,0.0048025202328,0.6437920822880,0.7673856225577,0.4973686690275,0.2427282639777,0.4156024262819,0.1118503619077,0.5717887565670,-0.1179375088308,0.1792602323152,0.5179860928325,-0.0820079807983,-0.0622118735141,0.0772900429682,-0.2626055488044,-0.1652242036246,-0.2959115415085,0.6165360970494,0.0071159154424,0.3223987889519,0.1506028340025,0.7054250802335,0.4319359694374,0.5255431133245,-0.1264515713714,0.8069264223909,0.2382132219178,-0.0780007917261,0.3965914376829,0.7053000054578,-0.2918685448915,-0.1969314432600,-0.0498469455291,-0.0753911311238,0.3990168707383,-0.1490569779940,0.6198091347456,-0.0181174727570,0.2985132280592,0.8204472427962,0.5938309074855,0.4730279046879,0.8400486463258,-0.0711150074520,-0.2922997730483,0.1373907592431,-0.0802999826312,0.0044088825812,0.2549750781987,0.1434136099801,0.0392029736453,-0.0782500803473,0.7092975987374,0.4935644463704,0.1872520778742,0.2217106677951,-0.1242581718436,0.1887373159616,-0.0518822741862,0.3212617594218,-0.2116825842539,0.3006696277346,-0.2272853104779,-0.0314909120244,-0.1361001367217,-0.2448646694816,0.3908821337175,-0.0387165427227,-0.2183516412245,-0.2993788239312,0.6271567785545,-0.4874021889126,0.0339581592957,0.4560945286146,0.5826232763073,0.6199198957650,-0.4359630239176,0.7423199610877,0.1545362260680,-0.3270553711163,-0.1176904294687,-0.1240915952082,0.3934107632080,-0.4254953672447,-0.1805214008610,0.1313180993159,0.3150164706614
-0.0904686343942,0.0779549447047,0.1532600843565,0.0243962981655,-0.1142201956427,-0.0613205494655,0.0666436218520,1.0000000000000,0.6628098495847,0.0098414100466,-0.0313189872132,-0.1486139076269,0.4330645701003,0.0015230111681,0.1204969982896,0.3241733488733,0.3061113696528,0.3955468175201,0.3721473180893,0.8535586024955,0.1111668991494,-0.1230621983934,-0.1694420814940,0.3891623749375,0.5777489649443,-0.0020808037821,0.1565511798680,-0.0791167568665,-0.2803995422531,0.0145198728449,0.3218571031842,0.0804324672828,0.2260685176796,0.0293886734822,0.0274244484913,0.2918694374265,0.2097153567232,0.4389903492685,0.1476219469714,-0.0106164451535,-0.1496438807445,0.0259774954217,0.3151460436051,0.1905616983882,0.4976456619410,-0.1615534048662,-0.0430908957931,-0.0622274448318,-0.1510124633269,0.0947352848159,-0.1106693717143,0.0995473243838,0.0269456736869,0.0300318475852,-0.0918819709779,0.0351133042389,0.3951533648780,0.5561934425234,0.5279523601367,0.7189053037625,-0.3098300178082,-0.2085557841699,-0.3169874374265,0.0158005839896,-0.1052331317723,0.0228557622020,0.4241407557160,0.2099734250524,0.5244450719061,0.6775356874707,-0.0735949232115,-0.4021936209692,0.3438561561732,0.6470446867909,0.2479720320069,-0.1564901444399,0.1681726950678,-0.0638653246554,-0.3276584980330,0.2691814694184,-0.0635016876293,-0.0364460863374,-0.2553583326410,0.1026486967466,0.0790813896803,-0.0501765252695,0.2155563938802,0.3058522356332,0.0117845348546,0.2211799581579,0.0584805195613,-0.0423747928981,0.0829387352335,-0.2636901160478,-0.2732361773663,-0.0939528642139,-0.2403829918144,-0.4077045688951,-0.3912822965304,-0.1973486739536
0.0234574478729,0.1284641178844,0.0813120173165,-0.0882060043248,-0.0917547785706,-0.1158194235911,-0.0661592806516,0.6628098495847,1.0000000000000,-0.0691141729563,-0.0990023885493,-0.1888466314038,0.1707181538041,0.0134552470782,0.0749257016927,0.1174361969981,0.0689616568524,0.0780036578065,0.3701870852937,0.6241157995289,0.0816758054154,-0.2139464928091,-0.1775956939486,0.1056754805655,0.6870227990239,-0.0589835951129,0.1068530863608,-0.0946577567949,-0.2830976503508,-0.0371972186729,0.0396941180085,0.0317145840235,0.1122280727667,0.0791424585094,-0.0142742643299,0.4224715414445,0.0136469055810,0.2640133997455,0.0186679087175,0.0741107276330,-0.1367194913368,0.0574283519688,0.0833953867117,0.1997035883268,0.3099798254201,-0.1171129631216,-0.0371965960214,-0.0837774272514,-0.1765980371998,0.0147866862177,-0.0360339252395,0.0449464195656,-0.0923467365139,-0.0132341707847,-0.1588085847168,-0.0946487441403,0.2611940875403,0.5770685478392,0.3716081134220,0.7872739555478,-0.3479748147734,-0.2538852386981,-0.2888262343877,-0.1078969557670,-0.1646194294306,-0.0829996036790,0.2712522960108,0.0146707224982,0.5480108774796,0.5831732081658,-0.1696422344739,-0.4099366178298,0.1686376590423,0.6714786572139,0.0724414061112,-0.2493056457364,0.1108542401140,0.0042858907878,-0.3354810844353,0.0161978631798,-0.1251966366307,-0.1061517139825,-0.2476228646265,0.0119940901876,0.0914449886278,-0.0007037197670,0.0457336428473,0.0885852610630,-0.0812347476946,0.3074842472888,-0.0674257373436,0.0014202954820,0.1475207924870,-0.2422869764612,-0.2967046637209,-0.0950203504577,-0.2178695752222,-0.3916771372333,-0.3629082203080,-0.2448953678389
0.1445785876004,0.3251902447584,0.4576615733000,0.3615057120592,0.3480590282917,0.6144247807082,0.2357371354966,0.0098414100466,-0.0691141729563,1.0000000000000,0.1818342392321,0.1878481065656,0.2618687815218,0.4478704296159,0.4234741667021,0.1724418491704,0.2650811465136,0.1758339540789,-0.0136002394051,-0.0277148832092,0.1216377851946,0.4677605171945,0.1670207426765,0.1180660226493,-0.0052898146169,-0.0627741842992,-0.0623477473913,-0.0615391578222,-0.1113992109753,0.0859703456258,0.2204306336847,0.1367076501342,0.3682718439783,0.2018778274247,0.1254049115287,0.0002824667784,0.1694286928796,-0.0994056440111,0.2109468336669,0.2574652001069,0.1925039019089,0.4820912573997,0.1471782003696,-0.1373430936597,-0.0264908343508,0.0115800874917,0.0926760907992,0.3862824786652,0.3438193587521,0.6021810718617,0.2310481334625,0.3534355951121,0.2761026475840,0.5039397077271,0.5601197659866,0.1390593325512,0.0486313888551,-0.0286176360369,0.0220163292875,-0.0859091932053,0.2814900721678,0.0830460040546,-0.0018970041477,-0.0115026720884,0.1541038005768,0.1833355878464,0.0156543715664,-0.0610851928262,0.0023399247967,-0.1345436914554,-0.1300810957873,0.0828408504704,-0.0618621212245,-0.0835989795535,-0.0119324853955,-0.1807480808494,-0.1150832265727,-0.0176963756587,-0.2371045410747,0.0588593247029,0.0512564801723,-0.0291318200624,-0.0826312508128,0.0332290962287,-0.1195007507205,0.0717433356534,0.0902664657356,0.0840224915687,-0.0640095258636,-0.1144009576828,0.2700600977940,0.1261666740225,-0.1504729876907,-0.0086145090915,-0.0453980920653,0.3792379019055,-0.0711727302853,-0.0068229046169,0.1196359969468,0.0135845769636
-0.0453075091473,-0.2757548300211,0.2772959148119,0.4663028450188,0.3710643261170,0.4809164136492,0.4367628811276,-0.0313189872132,-0.0990023885493,0.1818342392321,1.0000000000000,0.8152683298963,0.4091792825106,-0.0368458337553,0.5031049654249,0.2751341936135,0.2652418283376,0.4653989186132,0.0637202546401,-0.0719697781131,0.6120266002849,0.0731514952951,0.7132341171731,0.4186968290120,-0.1812025214055,0.1207059296376,0.3512928838258,-0.2919842356660,-0.0351942162489,-0.3776624391534,0.1885608100985,0.3885252114070,0.4371405359204,-0.0076203211996,0.3457669233568,0.0794316339506,0.4639164642055,-0.0666317141714,0.5546092544327,0.0640630055905,0.0942217121251,0.5028070273187,0.3545359586876,-0.3159000995569,-0.1888364653135,0.2180837577649,0.3102909795353,0.6600291690172,-0.0926533543559,0.4818558225848,0.1317900766628,-0.0517416857743,0.3439340958045,0.3783145322199,0.2756665155880,0.3726621917589,-0.1516836301989,-0.2598613789648,0.1538814261726,-0.1574732504558,0.0836110321918,0.7351547111703,0.4724578458891,0.0813222105407,-0.1861410036339,0.4268160054240,0.1080537004077,0.2396051491429,-0.0553902377350,-0.2161308099165,0.3541602533578,0.3553639220369,0.4702494472120,-0.1828312037740,0.0232587759955,0.0470304106897,0.2073226077250,-0.2108425282900,-0.1405872540409,0.1412570032658,0.2485719382542,-0.0185539689529,-0.3234442802169,0.1405700644463,-0.3442030747770,-0.0887135700521,0.5806568657588,0.3585172995480,0.2703143989743,-0.4177101870561,0.5734826771689,-0.0460310862849,-0.4116338578536,-0.1808477626851,-0.0139559459130,0.6015713890286,-0.3093051808936,-0.0865396429192,0.3050768040993,0.3360510316513
-0.0186229217300,-0.2649045489962,0.2179671481680,0.3603388516428,0.2874228795086,0.3662844888618,0.3461281039185,-0.1486139076269,-0.1888466314038,0.1878481065656,0.8152683298963,1.0000000000000,0.4169879145600,-0.0116758161780,0.4227109520490,0.2245085681496,0.3082154480957,0.4759709985864,-0.0286589195698,-0.1269164266275,0.6184208030775,0.0894327576695,0.8403551014392,0.3484692684620,-0.2279473344287,0.1916450611396,0.3870750600192,-0.2177233524113,-0.0314535220262,-0.2928743286823,0.1852072238620,0.4473273681746,0.4619309479386,0.0600731674924,0.3308474756423,-0.0136674734859,0.3232832157252,-0.0671198823885,0.3773316723011,0.0660610351198,0.1051224148345,0.5255697586969,0.2677912861367,-0.2929765925611,-0.2623225199299,0.3432064652790,0.3858663155028,0.4813604942377,-0.1785901830002,0.3964968926644,0.1048510645777,-0.0898452547337,0.2542731080628,0.2650953410943,0.1220685979815,0.2759562196743,-0.1637521648728,-0.3132465125798,0.0942436950200,-0.2542182764557,0.0799846766035,0.6171739302302,0.5557264302445,0.1732644368358,-0.2105706634305,0.3093989362767,0.0081450177822,0.2482186277088,-0.1259809161676,-0.2675335932432,0.3890944449653,0.3889783909666,0.3847914678480,-0.2324480576957,0.0334840960757,0.1466611262781,0.3336313074508,-0.2553083310593,-0.1192288930773,0.1533461489927,0.3473303255920,0.0850234004826,-0.3230080012526,0.0739320776119,-0.3228991763621,-0.0092057186530,0.3978148746346,0.2504346782121,0.1989729100517,-0.4132119262413,0.3787121580878,0.0949814163036,-0.3425749168551,-0.1950081300313,0.0438900291254,0.4192147161350,-0.3438632008677,-0.0837217383676,0.2843984701130,0.2398017255193
-0.1020801840145,-0.1127428374357,0.2205041376592,0.3117069693936,0.1426222534740,0.2459792876556,0.3208632677821,0.4330645701003,0.1707181538041,0.2618687815218,0.4091792825106,0.4169879145600,1.0000000000000,0.0251121193360,0.3343528320065,0.4276820423893,0.6619113791345,0.7365566265568,0.1008188518584,0.4131107289015,0.4792466828523,0.0049972351718,0.2751516981184,0.5742826857097,0.1872493694530,0.0583612553902,0.3764537877325,-0.3276476010081,-0.2972275515442,-0.2100527013209,0.5564368115692,0.3404500461990,0.6926373051916,0.0394580585475,0.2705364802063,0.1314497572847,0.5487649002959,0.2359608287442,0.4636843518493,0.0324130599397,-0.0205276240815,0.3671647387574,0.3728251332456,-0.0109003597474,0.1553015101735,0.0501622918264,0.1738748760478,0.2578074102836,-0.1735955801517,0.4320831963407,0.0262998028610,-0.0081101457838,0.2652628768797,0.2170972661633,0.1540706413399,0.2820473726797,0.3976233901188,0.1452908495098,0.3753198592436,0.1267343742085,-0.0335278513641,0.2050246612562,0.1485005957214,0.5157583211367,-0.2278569179550,0.2419664605716,0.3358131153033,0.4903672709604,0.1695860658621,0.2551075574150,0.3304070480317,-0.0458069751601,0.5284332439488,0.1774874862621,0.3314075222692,-0.0001288508262,0.3816276318094,-0.3034241288189,-0.4147213367551,0.4894676369763,0.1913859293216,0.2417407763350,-0.3779080638339,0.2317559678599,-0.0322221756419,-0.1013634052014,0.5369570221715,0.3565965526538,0.2945502557751,-0.0420378670844,0.4435993610403,-0.0228932894520,-0.1294774614998,-0.3318497930712,-0.1097927092512,0.2613595384169,-0.4143962442835,-0.2769515206343,-0.0246497975900,0.1265303491702
0.5725903377089,0.7896469858234,0.4982675363783,0.1290716660216,0.3217272911415,0.3746180617330,0.0048025202328,0.0015230111681,0.0134552470782,0.4478704296159,-0.0368458337553,-0.0116758161780,0.0251121193360,1.0000000000000,0.3086717614178,0.0288444015009,0.0092660079835,0.1804926273564,-0.0711185421844,-0.0731849433509,-0.1469023904423,0.2720875289169,-0.0039522730112,-0.0307462842499,-0.0550424434254,-0.0735628787005,-0.1102619839430,0.1896824814996,0.0127079057818,0.5812478311880,-0.0560316232888,0.0373056292585,0.0864748486611,-0.0484077681460,0.0439060379386,0.0292803056689,-0.0119865652440,-0.0533250019028,-0.0086687784314,-0.0478859402420,0.3752622891211,0.3354847073694,-0.0163467354890,-0.1267143511274,0.0822852529150,-0.0723677309163,0.0696121526688,0.2537821598560,0.5475508050791,0.2977352843562,0.4753828952011,0.6500331999081,0.0781643932106,0.3681514127115,0.3302721744039,-0.1226869075969,0.0676160807663,0.1133496017969,-0.0208576791467,0.0125814220189,-0.0580881648292,-0.0770649254478,-0.1893113082912,-0.1378885324052,0.5657467190046,0.0186879262544,-0.0483911977995,-0.0591076511902,0.0431888944966,-0.1092463778599,-0.2554853351960,-0.0975891832478,-0.0935350166231,0.0090230221962,-0.1669383002128,-0.1741309785306,-0.1699311723936,0.0312682664898,-0.0975170064001,-0.1108809485218,-0.1136717109115,-0.1434536440952,0.1023041385269,-0.0960182858387,-0.0482248275649,-0.1674512082301,-0.0779061718522,-0.0285024593494,-0.2808940567373,-0.0552514458777,-0.0069972530380,-0.0561338529999,-0.1338202787022,-0.0344803611531,-0.1567466920550,0.2072025132002,0.2692399233115,-0.0572363189177,-0.0976459765100,-0.2174062529788
0.0919823874029,0.2213300118082,0.7033786010867,0.7567621717025,0.4190966878025,0.6213309787094,0.6437920822880,0.1204969982896,0.0749257016927,0.4234741667021,0.5031049654249,0.4227109520490,0.3343528320065,0.3086717614178,1.0000000000000,0.4520182602969,0.2976004141172,0.3336107085475,0.2190042052992,0.0840850603535,0.5715660808568,-0.0164639407466,0.2813606927446,0.3212842177831,-0.0807734602421,0.0863768437900,0.1111642821443,-0.2188672651735,-0.2647824266935,-0.2100571261143,0.2995431795812,0.2314441195862,0.3365143982702,0.1938793749751,0.4314429704708,0.3222949775055,0.2788104488609,-0.0639584899413,0.5913425332147,0.2172356015198,0.0117341266321,0.7126075905135,0.5559402738616,-0.2211207220541,-0.0890542435315,-0.0272647875835,0.1264231674759,0.5563622462227,-0.0714386177486,0.8243566486463,0.1791393944521,0.4663741952940,0.6336104561483,0.6681258577174,0.4076407389873,0.4243194163403,-0.0386711393486,-0.0766491318246,0.1543448372579,0.0343236830285,-0.1391443874660,0.2134923356024,0.0388393241894,-0.0648464338763,0.0417840880380,0.6415417592490,0.2428015662546,0.0702069911043,0.1256770077954,-0.0998602452974,0.0885253098448,-0.1192318042556,0.2436532624036,-0.1037581843992,0.0291566120269,-0.0778505397512,0.0075196439488,-0.1253415937544,-0.3797708169834,0.0546682156407,0.0525423368860,-0.1802640207304,-0.3741609152167,0.2476367113628,-0.2772303382032,0.0208630392206,0.2713909191531,0.3781433595469,0.2943806949562,-0.3159194547474,0.5073648807758,0.1216302146588,-0.2411983536063,-0.2166027725243,-0.2516005159193,0.5019284617886,-0.4476924153686,-0.2996622752842,0.0922437284508,0.1467573137014
-0.1486038336897,-0.0322492229973,0.3567800463488,0.6726023422155,0.1823630259949,0.3592846133234,0.7673856225577,0.3241733488733,0.1174361969981,0.1724418491704,0.2751341936135,0.2245085681496,0.4276820423893,0.0288444015009,0.4520182602969,1.0000000000000,0.6109848314380,0.3904484840827,0.5979100726802,0.3878567131125,0.4271023050818,-0.0630187321322,0.0730724317750,0.7046974190746,0.0932040613983,-0.0149325665032,0.1720400668831,-0.2337406501385,-0.1741915876184,-0.2174094977538,0.7761177450194,0.0031081962997,0.4139530557286,0.1097456419183,0.8176356163585,0.6392123171692,0.5908295136316,0.1248098403035,0.7459112758774,0.1765367591944,-0.1009261562730,0.2284239358803,0.6943251699521,-0.1990233796817,0.0067535197836,-0.0455802858283,-0.1023020129623,0.2570684196129,-0.0972636171621,0.4724074932451,-0.0853892593343,0.1711042525871,0.5195991485325,0.3969464508977,0.3374849199581,0.6181584036667,0.1538144195610,-0.0844134344577,0.4474520315248,0.0766233052387,-0.0760496058143,0.0930745163285,-0.0212224170581,0.0851040552683,-0.1345367627884,0.4255324781447,0.6552597841636,0.3115632553406,0.3846041603913,0.1130627396263,0.0712653391573,-0.1055230118597,0.4972257758003,-0.0482174032257,0.4982719047076,-0.3020414907903,0.0259114854709,-0.1995834448017,-0.2556186217674,0.5909811690315,-0.1256202289854,-0.2555974823672,-0.2927853477182,0.7224376253992,-0.4268182210235,-0.0311043543734,0.4804007469265,0.5785092778146,0.4929522130226,-0.3388190022416,0.6228021160065,0.0740184332446,-0.2787817674032,-0.1630207575648,-0.1932968266327,0.2686709925525,-0.3620922371826,-0.1806474524535,-0.0329065885378,0.0984421772957
-0.1758474475270,-0.1450152413050,0.1667243336447,0.4313536546911,0.0709723898819,0.2031410861788,0.4973686690275,0.3061113696528,0.0689616568524,0.2650811465136,0.2652418283376,0.3082154480957,0.6619113791345,0.0092660079835,0.2976004141172,0.6109848314380,1.0000000000000,0.5906489181271,0.3072030755283,0.4223354429476,0.4729831675672,0.0076980203088,0.2057736763116,0.7523217355814,0.2364065731980,0.0837416996545,0.4693401285838,-0.2127473431893,-0.2235237915451,-0.1918996601784,0.8540555841832,0.2372963678789,0.7270713270702,0.0612532830662,0.3520907710384,0.1556951473125,0.7316934224347,0.3053668973064,0.5088534012829,0.0464243360187,-0.0863382199586,0.2312924262075,0.4698419063317,-0.0345777622703,0.0147144437500,0.0293960515889,0.0732446977908,0.1138804307867,-0.1561589779690,0.3960977595467,-0.0894169942137,-0.0495457706236,0.2906613050083,0.1936537935092,0.1993808472641,0.3767733027122,0.2525811925257,0.0170799020489,0.3014675076419,0.0928436794941,-0.0596122758297,0.1254725779847,0.0834292002735,0.2867885078036,-0.2827750794689,0.2562483656499,0.3062248432994,0.5214442288264,0.2762020840860,0.1925713176132,0.1594840205821,-0.0483252419541,0.4674364160796,0.1405924505068,0.4455969622864,-0.0961277055027,0.3817184660235,-0.2399191410805,-0.3274241803895,0.6835047398025,0.0896983380916,0.1301264648935,-0.3778682614611,0.3844380655910,-0.1768166727253,-0.1187125407977,0.5425881943453,0.3235176716365,0.3197870039379,-0.0575813596409,0.4758147534666,0.0188435363798,-0.1324719358810,-0.3033448981799,-0.1232971804413,0.1164861216942,-0.4212491983963,-0.2160487961392,-0.1230718006469,0.0675667982303
0.0141156624285,-0.0358793995847,0.2856370653460,0.2754998539367,0.1549217621340,0.2545034458873,0.2427282639777,0.3955468175201,0.0780036578065,0.1758339540789,0.4653989186132,0.4759709985864,0.7365566265568,0.1804926273564,0.3336107085475,0.3904484840827,0.5906489181271,1.0000000000000,0.0411339681774,0.3648759340741,0.4029371870919,0.0269055732879,0.3857873676724,0.6957221420626,0.0826390523626,0.1231818386603,0.4787524160430,-0.1736197045745,-0.1550564510844,-0.0441083342346,0.4680655675918,0.3443368810894,0.5234116128432,-0.1104419988542,0.2869225426866,0.0233808608489,0.5174882828567,0.2689023602868,0.3727931105782,-0.0428788261487,0.0215874873267,0.3176575893840,0.3435088012189,-0.1587062698772,0.1011678078785,0.0491677237150,0.2487872472416,0.2882583340791,-0.1115199793914,0.3426825071969,0.1110864536266,0.0574782563959,0.1852950757847,0.1842435039521,0.0756945419624,0.1773601820645,0.3431433614466,0.1093057455192,0.4916051800114,0.0631265965735,-0.1745536191280,0.3445506384173,0.1303347445654,0.2499136058151,-0.1017607139119,0.1542773109939,0.2389879536635,0.5582914858273,0.0904974848130,0.2082973703612,0.2568857559407,0.0416744135509,0.6858156453765,0.1169618064308,0.2642967119435,0.1030164473942,0.3980664034700,-0.3435521970771,-0.2744962083227,0.4772864926873,0.1890888139939,0.1159909472848,-0.3503479519962,0.1095815003762,-0.0769574856420,-0.2164051892861,0.5237629130702,0.3914308283546,0.0970874936190,-0.1413601811633,0.3809867451177,-0.0868173184611,-0.2845052233698,-0.3864457997970,-0.1749194558160,0.2965738492039,-0.3065741532633,-0.2342756476480,-0.0943986074676,-0.0055346785165
-0.2469880512904,-0.0507802117037,0.2008822045513,0.3345501552582,-0.0863022481471,0.0725934917847,0.4156024262819,0.3721473180893,0.3701870852937,-0.0136002394051,0.0637202546401,-0.0286589195698,0.1008188518584,-0.0711185421844,0.2190042052992,0.5979100726802,0.3072030755283,0.0411339681774,1.0000000000000,0.4062493971601,0.1983781038750,-0.1982398282130,-0.1265362093741,0.4416983315042,0.2687626942605,-0.0494312760441,-0.0220656883631,-0.0452534794432,-0.2368970633140,-0.1761748632708,0.4164156738222,-0.0919490230415,0.0836163589912,0.1102999025217,0.4239255852023,0.6121367493519,0.2440827299348,0.0930092662433,0.3330402882071,0.1633104137984,-0.1584392628273,0.0600033811765,0.4994562538344,-0.0368253183930,-0.0469746372776,-0.0744066312065,-0.1734772795017,0.0281344086378,-0.2593396749784,0.1894600810843,-0.2095949797280,0.0681427081164,0.2139421634474,0.1591261788993,0.0431836097309,0.3675606097491,-0.0049276270157,0.0462271763391,0.3558843604341,0.4022249698531,-0.1814166060506,-0.0889699348566,-0.1495173712568,-0.1196888813505,-0.2271265736224,0.1635359276048,0.4755302054390,0.0913939819166,0.6665064678171,0.2327988715947,-0.0851732261948,-0.2902975667090,0.2606486420090,0.1468777276995,0.3277029084617,-0.1974398327680,-0.0550650250046,0.1098215140848,-0.2764528713435,0.2524379669330,-0.1812588790418,-0.2764692990816,-0.2643869355613,0.5737583590127,-0.2737319713402,0.0954227659216,0.1776229284471,0.4279009954862,0.3133036074190,-0.1099925378620,0.2080749041816,0.0891989092757,-0.0580718563631,-0.0528662366954,-0.1995015479792,-0.0007937882295,-0.3607508072238,-0.2408322516618,-0.1910640410763,-0.0250265985562
-0.1259053293339,-0.0038375336991,0.0860003854862,0.0698552602207,-0.1047178489813,-0.0729944672375,0.1118503619077,0.8535586024955,0.6241157995289,-0.0277148832092,-0.0719697781131,-0.1269164266275,0.4131107289015,-0.0731849433509,0.0840850603535,0.3878567131125,0.4223354429476,0.3648759340741,0.4062493971601,1.0000000000000,0.1461811067789,-0.1457184528620,-0.1451839825419,0.4541849510651,0.6844213007423,0.1131347688828,0.3108734398494,-0.0929938042803,-0.3092628025543,-0.0760177668188,0.4455569323102,0.1336780886149,0.3332207260861,0.0303304713932,0.1163155983044,0.3276831013028,0.2631778990011,0.6115937145442,0.1428325877218,0.0243499624190,-0.2203987664862,-0.0015801381432,0.3019659770013,0.2817610247996,0.4856386562530,-0.1015825179586,-0.0231024636362,-0.1145914398471,-0.2280771069482,0.0697583859044,-0.1334935104973,-0.0100928425291,0.0088375948675,-0.0108695740812,-0.0932006744056,0.0504405591869,0.4890383442923,0.4937332778585,0.5779836612001,0.6163376131918,-0.3189464525110,-0.2099731778375,-0.2921937902702,0.0676042210115,-0.2171886719880,-0.0168191848007,0.3317563720649,0.2801064514560,0.4224507238860,0.8088816529723,-0.0732165948816,-0.3690149687531,0.3609078371673,0.6077340591797,0.3821313019224,-0.1377737040031,0.2985078068118,-0.1048838094317,-0.3710089569753,0.3784191862857,-0.0987974342765,0.0212889440991,-0.2906671771710,0.1956628436316,0.1061068317609,-0.0774068408508,0.1831946550991,0.2160309871029,0.0598407877351,0.2695472295281,0.0465233320416,-0.0292837784760,0.1746719493624,-0.2801931088224,-0.2603026676427,-0.1321595469730,-0.3131878502838,-0.3741032219806,-0.4002583448921,-0.2176085198034
-0.1527500024371,-0.2546732956932,0.2126311350757,0.5067599804239,0.1922115128970,0.2721736410088,0.5717887565670,0.1111668991494,0.0816758054154,0.1216377851946,0.6120266002849,0.6184208030775,0.4792466828523,-0.1469023904423,0.5715660808568,0.4271023050818,0.4729831675672,0.4029371870919,0.1983781038750,0.1461811067789,1.0000000000000,-0.1550014222215,0.4513377617045,0.4451892316435,0.0074502385084,0.1421664059289,0.3957839506666,-0.2713101994191,-0.2784746631506,-0.4037686695094,0.4287824037944,0.3486004379677,0.4835199475961,0.1208218481558,0.3942306004244,0.2827553208946,0.4082830845249,0.0261909675219,0.5963757177377,0.1101094343968,-0.0625349613175,0.5401777088825,0.5165778092068,-0.1916879592230,-0.1393438720198,0.1170783803658,0.2600407346864,0.3509787159422,-0.3584770351695,0.5706299744750,-0.0583097391532,-0.0900343861749,0.4167125038687,0.2623871410466,0.0461691189630,0.4581749525235,-0.0171977247053,-0.0755799136380,0.2107750295612,-0.0168709081346,-0.1253461814780,0.4198026865570,0.3281517045194,0.1140125238860,-0.3353147817572,0.5362880130988,0.2412596056324,0.2792721308793,0.0901416322681,0.0045964571013,0.4995444908671,0.0385624418154,0.4795165007407,-0.0434256469924,0.2784243135163,0.0839143286612,0.3147127996776,-0.2548396287961,-0.3355319175969,0.2905647617039,0.1530737638024,0.0483971789146,-0.4423744598993,0.2887823496268,-0.1871721027408,-0.0499295545120,0.4729904371854,0.3767085099933,0.5000634051635,-0.2260595462315,0.5210259193964,0.0440150114384,-0.2294446514743,-0.3090968303999,-0.1394844737376,0.3310824841682,-0.5683456729637,-0.2952472748914,0.1277655175653,0.3277122752201
0.2178039448799,0.0758973871955,0.0293103795601,-0.0503326711372,0.3930505791529,0.2581899088081,-0.1179375088308,-0.1230621983934,-0.2139464928091,0.4677605171945,0.0731514952951,0.0894327576695,0.0049972351718,0.2720875289169,-0.0164639407466,-0.0630187321322,0.0076980203088,0.0269055732879,-0.1982398282130,-0.1457184528620,-0.1550014222215,1.0000000000000,0.2504109183389,-0.0481600432043,-0.1911357832594,-0.0560819657470,-0.0818690515477,0.1013401934544,0.1494732399008,0.1108736176136,0.0285711266890,0.0435115765212,0.1332268154800,0.1314258463699,-0.0994426526026,-0.2097108283375,0.0209179859145,-0.0761280446273,-0.0498340979540,0.1902775966133,0.4654829626172,0.1478559462921,-0.0990508553621,-0.1579862978405,-0.0164917714274,0.4284184894946,0.2463970231655,0.2114496984520,0.6488053966401,0.0782169663310,0.2749662199652,0.0306088968608,-0.1296883466177,0.0548388135566,0.3220972617431,-0.0879137567463,-0.1011850086506,-0.1561127535562,-0.0704258838362,-0.1881587944805,0.4813931251262,0.0437606288034,0.0750155864453,-0.0097698662752,0.1940747391116,-0.0704990646437,-0.1382754207229,-0.0946159219948,-0.1861138181566,-0.1888902392439,-0.1538416937786,0.5194048136450,-0.1404810582168,-0.1620205163033,-0.0638549137619,-0.0652609953656,-0.1275760433746,-0.0928844450360,0.0083250043512,0.0173845785372,0.0958455424360,0.0173053723433,0.0915241486094,-0.1076827650525,-0.0998712293679,0.1576582655675,-0.0082169864039,-0.1004562857085,-0.1864394140721,-0.1036250127202,0.0313423308979,0.2054144598777,-0.1417685298681,0.2308477588954,0.3147163571237,0.1381215572409,0.2766453529389,0.3766190759983,0.2780007863997,-0.0098468630487
-0.0000694437305,-0.2846631566283,0.1450187363674,0.2168183493830,0.3558178911041,0.3249961153781,0.1792602323152,-0.1694420814940,-0.1775956939486,0.1670207426765,0.7132341171731,0.8403551014392,0.2751516981184,-0.0039522730112,0.2813606927446,0.0730724317750,0.2057736763116,0.3857873676724,-0.1265362093741,-0.1451839825419,0.4513377617045,0.2504109183389,1.0000000000000,0.2325494340285,-0.2450491670438,0.2706207521505,0.4491994726045,-0.1730562639547,0.0152543821772,-0.3150938156749,0.1038909555738,0.5699899765819,0.4529449399557,0.1689738656960,0.1479949414276,-0.1340399375384,0.2214625806730,-0.0301274680822,0.2143158261427,0.1450976889343,0.1066802925781,0.5228353945774,0.0962667482754,-0.2049445796938,-0.2662042617922,0.5745179777141,0.6217353832373,0.4357306970073,-0.0985457113656,0.2431012599252,0.1353636555490,-0.2011207818013,0.1005017527155,0.1845825898830,0.1118194327723,0.1236828755192,-0.2083053522101,-0.3244180135928,0.0078878865608,-0.2227808291932,0.1220633119069,0.6055852950111,0.5761899646507,0.1133875537773,-0.2217591301198,0.1852777865986,-0.1317837768563,0.1887023806497,-0.2121479427390,-0.2763382260219,0.2974998766376,0.5971237752355,0.2815953899759,-0.1966104648996,-0.0065145108497,0.1726322374638,0.3901136432970,-0.3317221042601,-0.0921432169500,0.1018272331224,0.5131341105326,0.1796503439691,-0.2984831687437,-0.0203031689051,-0.2800927462713,0.0170009234717,0.2967826211154,0.1047746339949,0.0723858452658,-0.3265260060090,0.2379610013464,0.1672935095019,-0.2541201798739,-0.1898900956904,0.1597669431940,0.3089128808654,-0.2894496286756,-0.0341959311793,0.3647393032517,0.1985733645327
-0.2033946758073,-0.2022475907444,0.2243376535858,0.4584173082178,0.0977888912658,0.2372613721689,0.5179860928325,0.3891623749375,0.1056754805655,0.1180660226493,0.4186968290120,0.3484692684620,0.5742826857097,-0.0307462842499,0.3212842177831,0.7046974190746,0.7523217355814,0.6957221420626,0.4416983315042,0.4541849510651,0.4451892316435,-0.0481600432043,0.2325494340285,1.0000000000000,0.1937223726707,0.0743768215674,0.4385123045629,-0.1488185170848,-0.1855690019527,-0.2113836758735,0.7538859050430,0.0986629283533,0.5022197236734,-0.0194191568714,0.5329290567719,0.2996402194389,0.7803402398667,0.2663789944270,0.6189179643074,0.0576417101350,-0.0940639351099,0.2110312143514,0.6247411886629,-0.2221173494531,-0.0179086918331,0.0113639723239,-0.0302862005229,0.2447565604623,-0.1763677979061,0.3637550223305,-0.0882497978808,-0.0228874130382,0.2999089108091,0.2082806851556,0.1505292431997,0.4721091388127,0.2857471955353,0.0176719629806,0.5870549205595,0.1281366006835,-0.1264610833228,0.3072779703755,0.1150757597039,0.1907720698514,-0.2494945410341,0.2861684292775,0.5032468085435,0.5941653183950,0.3908224336104,0.2274042478196,0.2043529533745,-0.0049750572410,0.7928110214753,0.0715963803392,0.5576597137574,-0.0931245037389,0.3092124170767,-0.2094863466743,-0.3008133897844,0.7260140201855,0.0305247830796,-0.0846707263718,-0.3693388236400,0.5325299122313,-0.3403634290179,-0.1160428695608,0.6894077770369,0.6123535806338,0.4043038463739,-0.2841029732935,0.5640497140076,0.0163876160935,-0.3499346470034,-0.2279723044585,-0.1307198237866,0.2528884992900,-0.3897773925329,-0.2020329173140,-0.0916437391292,0.0688173208667
