1.0000000000000,0.6973439448415,0.4752179810663,0.2339147323615,0.6913467681109,0.3055879730571,-0.0465609332778,0.0851044857218,-0.0629868716419,0.3768802030382,0.3155508251191,0.3127587300912,0.0705241377817,0.8436987943579,0.5214271653246,-0.0335520389786,0.1728536508227,0.0749110398003,0.0175331871850,-0.0782811511432,0.0292068315116,0.0248490714494,0.2472930078739,-0.1401049122188,-0.2623418217753,-0.1350466164818,-0.1870763800564,0.1812056668905,0.0711769260784,0.2773979266057,-0.1941647057674,0.1857174582915,-0.1124470264413,0.3588406564357,-0.1399781150776,-0.0052751229046,-0.1996048547205,-0.1945554867936,-0.2273863874407,0.2047551935440,0.4001535633310,0.5367688500476,-0.1803019298768,-0.2276171362702,-0.0345191056087,0.2069741042281,0.2773680962539,0.0574474069731,0.2974333132816,0.6160277927778,0.7953897315965,0.4760816530317,-0.0381604241936,0.3303443416469,0.2880773562967,-0.0848366796707,-0.1708237398820,-0.0775478364262,-0.0868021762980,-0.0376800230224,0.1542689439795,0.1197212572432,0.2009153553860,-0.0272748797969,0.6606067735469,-0.1204644573899,-0.2277631988019,-0.1027996014771,0.0205126828679,-0.1652407721213,-0.2125507578331,0.1585967937508,-0.1830418255120,-0.1987603805855,-0.3787864163758,-0.0420285822754,-0.3876383425609,0.0501055574480,0.0406656877917,-0.2852596902254,-0.0950305184610,-0.2838212457540,0.2246477129572,-0.3726498881579,-0.2961921615551,0.0703173554880,-0.2898930884434,-0.2246666124127,-0.3857026735809,-0.3976713908408,-0.2409297088949,-0.0311236541737,-0.3966987262394,0.0799045308559,-0.2876215135819,0.1183090530345,0.4629707716596,0.1416153716968,0.4291073661127,0.0575013710008
0.6973439448415,1.0000000000000,0.6113467374259,0.3116526890656,0.3684116282288,0.3311702408845,0.1957541751958,0.1212294018044,0.0540133911080,0.3293742442777,0.1552564672363,0.1638466354877,0.0659641161812,0.7546691187122,0.5574368781631,0.1821227121545,0.1624326401694,0.1643124390096,0.1193276237860,0.0320265723583,-0.0013001999158,-0.0948977044210,0.0160866769697,-0.0171072877583,-0.0578007267710,0.0458948710608,-0.1177435405318,0.0641754365474,0.1664507094699,0.4353585007155,-0.0184098219795,0.2175025456641,-0.0258189529281,0.2447672201100,0.1026002604988,0.2051964435544,-0.1334599194630,-0.0263942320688,-0.0368114071803,0.1190418817726,0.2395585634908,0.2969472642335,-0.0282683552851,-0.0638011799815,0.2091957378474,0.0300641357277,0.1627409602744,0.0293574995675,0.2714896378622,0.4440121559262,0.4105966342060,0.6707757865971,0.0231515395407,0.3966069846424,0.2136378690678,0.1335280335516,0.0137980795118,0.0109475858442,-0.0592715910256,0.0369394979054,0.0233615914287,-0.0845002035772,-0.0844116386422,-0.0836253097600,0.5905064683160,0.0151213749828,0.0092173027010,-0.0956842845844,0.1361902468842,0.0346404607565,-0.2343442145452,-0.0491347006602,-0.0721647338816,0.0396682361800,-0.1787212093562,0.1190454860360,-0.2725819044371,-0.0255657594493,0.1739181476554,-0.1136217543706,-0.1366900369299,-0.1941835816918,0.2061438556974,-0.1624582457842,-0.0064740511331,-0.0608498464782,-0.1937857787412,0.0226482332674,-0.2519218328582,-0.1041492309868,-0.0793246348976,-0.1175699496850,-0.2015944172335,-0.1029803134606,-0.3811518237205,0.1421841941456,0.4445974309490,-0.0162113488185,0.1923537168317,-0.0527370088330
0.4752179810663,0.6113467374259,1.0000000000000,0.4050774447417,0.3343180503921,0.6063376551249,0.3538371077198,-0.0996705910348,-0.0742192434212,0.2833078604334,0.0315426819152,0.0667139456887,-0.0423750844917,0.3842570962118,0.2949502947836,0.1986077855309,0.0219815477317,0.1126089976016,-0.1034579019694,-0.0670258182620,-0.0311331814904,0.0077452543149,0.0699264765016,-0.1392981858866,0.0753158647561,-0.0766680107169,0.0113570254654,-0.0340308755179,0.0907154652524,0.1065403560252,0.1116552297288,0.3398814234743,0.1656700665496,0.1300726643690,0.2915260614538,0.1308097072282,-0.0891556734711,-0.0260257902597,0.0903957447039,0.0661751510849,0.0318996183879,0.1832387152542,0.0569805446060,-0.1354713960347,0.2531183403281,-0.0062203879922,0.0808363832681,0.3163748471608,0.1518272819789,0.3001866982497,0.4442300320076,0.7416577357196,0.1687675344511,0.8459121879215,0.4373477468835,0.3840239569806,0.0332242843963,-0.1758997092749,-0.2504866218704,-0.2088538087118,-0.0174300951501,-0.0958933222788,-0.0677762881847,-0.1031079018075,0.3445225614391,0.0601630285037,0.1763929087921,-0.1080715798793,-0.0740204880977,-0.0171683882103,-0.1707696417785,-0.0377878693141,-0.1878581193101,-0.0293059656985,-0.0887397815123,-0.0724313209501,-0.0519397176839,0.0867728750958,0.0725715733727,0.0741256728401,0.1018539704031,0.0326455606156,0.0136334913370,0.0223424711346,0.0507930387249,0.0408004568587,-0.1072463356617,0.2099378940825,-0.1834771239322,0.0469095795372,0.0814870476869,-0.0143822040620,-0.1976728834431,-0.1018277550812,-0.1712389526972,0.4382941095396,0.2166017378783,-0.1094623922965,0.1020074351237,-0.0906771549815
0.2339147323615,0.3116526890656,0.4050774447417,1.0000000000000,0.2189949763276,0.4866743071799,0.6873033157984,0.3644285981633,0.3488374859893,0.3156057124682,0.3335507587935,0.3694730423853,0.4897818122746,0.1694981666970,0.5799596566089,0.6469749440765,0.5810952960867,0.5335576735267,0.4459290414091,0.3877846165057,0.3712799561486,-0.0541096890887,0.0411764058841,0.3825310369320,0.0405182699843,0.2379920642491,0.3659919996621,-0.2899798022548,-0.2140228976980,-0.1431201585099,0.3044399918723,0.3203002329442,0.5351055876014,-0.0778575212302,0.2078338770314,0.3628668649004,0.1331992938953,0.2165042638583,0.2906777448340,0.0814528288516,0.0162436514632,0.2107714898888,0.2074659884386,0.1160496286869,0.1624719504763,-0.1124821753339,-0.0291758390134,0.3186504394274,-0.0431967434156,0.2782675005081,0.2055636482574,0.2338558895417,0.7177803931167,0.4477536142570,0.4100694303018,0.6003015353904,0.4405312806678,0.2301661659672,0.3227680529261,0.3249229212271,-0.0602710171138,0.2528493028330,0.0479184735599,0.2181420502243,0.0199717476390,0.2688566666272,0.3258278678364,0.4836375900791,0.2724041890785,0.3335472523764,-0.0326629008535,-0.1018878621204,0.3422903333449,0.2026777551641,-0.0584547254582,-0.0024629392185,0.1511622565727,-0.3173516265246,-0.2973539126746,0.4578484531639,-0.1152251766339,0.2225315625899,-0.3929213123474,-0.1082401725273,-0.0226087575537,-0.3840050525271,0.1032776873207,0.1470067245772,-0.0375133341060,-0.0137371388824,0.2253077529081,-0.2365851374858,-0.1455078231622,-0.4139254090002,-0.3093559067325,0.3202717906307,-0.1645783642110,-0.2086904846516,0.0730604727495,0.0732951914842
0.6913467681109,0.3684116282288,0.3343180503921,0.2189949763276,1.0000000000000,0.5269501469661,0.0210019060673,0.2024386654915,0.0446320518622,0.2723561384623,0.3307945917811,0.2709367156576,0.1636771728367,0.6155533852868,0.3808172938677,0.0428919541917,0.2386793476052,0.0891163621253,0.1324642323432,0.0437511096587,0.0770679922526,0.1525551847926,0.3677047565154,-0.0453485797519,-0.2088884219519,-0.1105981186659,-0.0892570963209,0.1653612167719,0.0398519472699,0.2018264429736,-0.1290757699077,0.0872042096235,-0.0781980441100,0.2257721101407,-0.1791416044247,0.0140450868864,-0.1425895384571,-0.0450277603220,-0.1470165961329,0.3259509875096,0.5715992548332,0.5520528899760,-0.0911259359612,-0.1698526102995,-0.0508008909548,0.3957108177038,0.4034431777369,0.1107716740052,0.5556923317837,0.5260235234894,0.7584664450267,0.1174214289999,-0.0058052410985,0.3056244815832,0.5838051902539,-0.0365185298494,-0.1119844450181,0.0255014307580,0.0747677711689,0.0560614240173,0.2657068423329,0.1035917110702,0.2284287711757,0.0896149319191,0.1805487949506,-0.0380039398755,-0.1452036476689,0.0451882153426,0.0976300980749,-0.0503308024388,-0.1204710793426,0.2259890964667,-0.0565463380145,-0.1414913821032,-0.3202788887267,-0.0516808917403,-0.2373206812529,0.0378094169443,-0.0722845942887,-0.1694488752317,-0.1268804513161,-0.2621033795673,0.0520242901853,-0.2931022364223,-0.2906595792722,0.0138306352240,-0.2079069965899,-0.2145894436510,-0.2456044616726,-0.3195085442966,-0.2170039288621,0.2306766581720,-0.3448898156270,0.2424043253034,-0.1255498972430,0.1266886782174,0.4216178732370,0.3856448093708,0.5441438005556,0.0426759666006
0.3055879730571,0.3311702408845,0.6063376551249,0.4866743071799,0.5269501469661,1.0000000000000,0.4514661600066,0.1886188652880,0.1201168100488,0.4817376428638,0.2989242045760,0.2957047259813,0.2919257286188,0.2450995841460,0.4931133116788,0.2098347420606,0.2408662903897,0.2765312624477,0.1646150339988,0.0729031824155,0.1127884277530,0.1864535986270,0.2638062157790,0.0915568568158,0.0066693924403,-0.0015877768548,0.1533883447397,-0.0738516495133,-0.1150024295464,-0.0218858143926,0.1215186539651,0.3416200332908,0.2855103431034,0.0659746061458,0.1149956486397,0.1058377922118,0.0222212334886,0.0004985683285,0.1463392333896,0.1847218134280,0.2205309705013,0.3812447758596,0.0011685248974,-0.0809091660600,0.0873522762019,0.2135502779493,0.2581434461844,0.4111175265752,0.1863718701979,0.4580626532512,0.3513047430991,0.3133962946564,0.2252561981869,0.7015485283123,0.8685370245153,0.3796893064768,0.2177524457109,0.0937589097312,0.0784001288691,0.0655674134349,0.3063385416715,0.1684136830550,0.1957911070487,0.2211458833611,0.0309473480634,0.2858178412560,0.0453917143354,0.1771776342604,0.1270561555459,0.1099674452767,-0.0550420106514,0.1952212493127,0.0607712122895,0.0694868882569,-0.1284839005868,-0.0344369777926,0.0423990171024,-0.1379783627027,-0.1824563377059,0.1237735476818,0.0360130070528,0.1463222638545,-0.1990165273454,-0.1177635325822,-0.0380100083978,-0.1680312899048,-0.0201601503613,0.0501191632267,-0.0391819026463,-0.0782200285045,0.0779465399167,0.0245231285401,-0.1827886098956,-0.0616658469164,-0.0852296234470,0.3930470261311,0.0166369949188,0.0159717199278,0.3704205535879,0.1579268225194
-0.0465609332778,0.1957541751958,0.3538371077198,0.6873033157984,0.0210019060673,0.4514661600066,1.0000000000000,0.3109354770950,0.4322647597411,0.1625213440181,0.2122825534992,0.1403534909898,0.4022856816850,-0.0261782816790,0.4048655893958,0.6853142695646,0.3675670411023,0.4797759909722,0.4517268154431,0.2968773550034,0.1880397706223,-0.2326643653405,-0.1016129807441,0.4485767353957,0.2767961130384,0.3416028027136,0.3170881715599,-0.2146220809119,-0.0565463039934,-0.1088460685997,0.4894599186562,0.3484625550870,0.4906213921312,0.0315391689898,0.4475619531086,0.5931846406814,0.2275972133974,0.2853957363452,0.5562849836432,0.0938250988636,-0.0227020552401,0.0836982309648,0.3242197952095,0.2840857860559,0.2760433023484,-0.2000476801210,-0.0218286236105,0.2582533110771,-0.1082057006345,0.2067773939707,-0.1325742703518,0.1909835115864,0.4934713133927,0.3101590173558,0.3601221463703,0.7837586339193,0.5780416046779,0.2595899114571,0.3598541686210,0.3423244871322,-0.1246564673986,-0.0377611270138,-0.1825393659663,0.1905248076179,-0.1162665330875,0.4379126571653,0.4713435008232,0.4179464303237,0.3613878380869,0.4481028787379,0.0349132678354,-0.3260983967901,0.4023845914721,0.3579836930246,0.1434794973315,-0.1203406925704,0.1996688781721,-0.1083014065471,-0.1433144493731,0.5298773666987,-0.0381284136135,0.2043892501704,-0.3581193392845,0.1981331546137,0.0967029733698,-0.1906031559175,0.2249561920864,0.4040743328557,0.1593502178387,0.2880310557639,0.4335357570217,-0.2894153243341,0.1652039736547,-0.3956641912944,-0.2301049986899,0.3426660555075,-0.2565693419379,-0.2994990294171,-0.0680870576831,-0.0677322152753
0.0851044857218,0.1212294018044,-0.0996705910348,0.3644285981633,0.2024386654915,0.1886188652880,0.3109354770950,1.0000000000000,0.8143259509336,0.1564040104219,0.4243893381145,0.4244483924527,0.7730315731930,0.0578988891555,0.3281887527885,0.4522907617698,0.5565936442220,0.4403281819197,0.7253689051847,0.7366884633433,0.2018919915703,-0.1038598825701,-0.1272852526187,0.3840001723481,0.3254748842932,0.1528550390468,0.0992303761937,-0.1925300137795,-0.1792806587885,-0.0264484431497,0.0530332506699,-0.0721639483101,0.2071278335501,-0.2081327013477,-0.1604937894511,0.3206448061208,-0.0971053114454,0.2933272617108,0.0587578116922,-0.0794355821889,0.2434828999762,0.2963159901052,0.0060160596479,0.1754246735324,0.1166976121399,-0.0715341927885,0.0095834280354,-0.1731953239664,-0.0876275589863,0.2567083886967,0.0713967649665,-0.1145792136518,0.2410225982779,-0.0512726521578,0.2454040745163,0.2311412832434,0.5876525776760,0.7895439615146,0.7502286509298,0.8429567443172,0.1748767042339,0.3470272297752,0.2424895808575,0.5835813684458,-0.0753239409482,0.1422188386126,0.1780901036126,0.5554984885916,0.6720604338272,0.6090941272934,0.0426301541166,-0.1198056114745,0.3963988457048,0.4517410200088,-0.0610314667964,0.0368155775981,-0.0117502665188,-0.3994671909131,-0.2503201528027,0.2240431708894,-0.2041285547453,0.0691538416715,-0.1296722227447,-0.1825390154684,-0.0295569025370,-0.3520639184252,-0.1411732842982,-0.1135519790192,-0.1078597174105,-0.0079964342799,-0.0959680136354,-0.1794285661427,0.0350641488316,-0.2330529230141,-0.1497815609162,-0.1407275863239,-0.1190464598925,0.1147545594122,0.3825091672566,0.1330120255423
-0.0629868716419,0.0540133911080,-0.0742192434212,0.3488374859893,0.0446320518622,0.1201168100488,0.4322647597411,0.8143259509336,1.0000000000000,0.0732530351144,0.2553035754097,0.2462382055761,0.6213529791878,-0.0873405284614,0.1955931593029,0.5214613439468,0.4062903250285,0.3811056272064,0.7318140493446,0.7415298238999,0.0503130964021,-0.1574452585505,-0.2254912833449,0.3490204867508,0.5362160813435,0.1585690998554,0.1280600905319,-0.2824873970095,-0.2245736006583,-0.0863176236826,0.0781270924445,-0.0522270650371,0.2201752015916,-0.2325485082553,0.0030430290674,0.5499542911987,-0.0761338574085,0.2804183482874,0.1447880888319,-0.1124386262747,0.1333936642154,0.1950881504528,-0.0107633428029,0.2347395140660,0.0643039471596,-0.1056814144602,-0.0345126711404,-0.1966505198282,-0.2149781991133,0.1294269045108,-0.1218057296563,-0.0820193544818,0.2178493528388,-0.0745736893606,0.1034119372609,0.3079080955055,0.6144264090436,0.7278536721437,0.7429542144665,0.9148298906734,0.0650707076732,0.1678133147746,0.0765873251094,0.5091568203675,-0.1430449434154,0.1738923931550,0.3483368417227,0.4781453142254,0.6783878473157,0.7009183262952,0.0938057339499,-0.1774899295274,0.3541385762661,0.5256150677976,0.0882853114937,-0.1021113123626,0.1270272379710,-0.3536922404289,-0.2450835534824,0.2804812463111,-0.1497471547761,0.1387523700868,-0.1873543933648,0.0104547719924,0.0447022662736,-0.3265039308724,-0.1011306796431,0.0495553953643,-0.0261734777448,0.1646471669899,-0.0039054093281,-0.2522179703404,0.1856212284005,-0.3072128575569,-0.1030119792917,-0.1378324190187,-0.2557472208646,-0.0963084531954,0.2488000030377,0.0331387934649
0.3768802030382,0.3293742442777,0.2833078604334,0.3156057124682,0.2723561384623,0.4817376428638,0.1625213440181,0.1564040104219,0.0732530351144,1.0000000000000,0.6042801333325,0.7346497997354,0.4144835872031,0.3155837560629,0.5595651046154,-0.0401120308788,0.2258630643809,0.0660031391505,0.0519799409677,-0.0415334607485,0.4108746432297,0.5810266865668,0.4794394915825,0.1065790141621,0.0095037606794,0.0963910914624,0.2229230475832,-0.1157079591264,0.0242448464519,0.0219394141232,-0.1613854330819,0.3262976203235,0.2544026555496,0.0636568600371,-0.1441872560826,-0.0839545437455,-0.0081592990986,-0.0790744415139,-0.1350899797848,0.1661793551553,0.3480634539151,0.5449520978414,-0.1313985243437,0.0208295109925,-0.0753458328393,0.3018515520683,0.2565681483149,0.2197022842162,0.1456674633513,0.6124682489497,0.2636576113782,0.2963070307391,0.0362411996571,0.2723547002202,0.4534071420809,0.0455019569862,0.2261955623536,0.1416005882180,0.0616403328078,0.1161937536820,0.6345977685677,0.5571009992831,0.5544313903553,0.3668426526656,0.2824729513155,0.1295722502996,-0.2600362890851,0.2094604542038,0.1189136803833,-0.0508827307484,0.2168249908360,0.5208289796424,0.1093815657305,0.1562125319061,-0.0738619606472,-0.0492114641688,0.0105392475048,-0.1030336029402,-0.0508289154738,-0.1407232787077,-0.0669342226720,0.1850763894445,-0.1817141909584,-0.3278411147413,-0.2100806746695,-0.2769356867197,-0.0600972327104,-0.2310433665371,-0.0147286022155,-0.2582132789533,-0.1369550494897,-0.0663780997012,-0.2216385983226,0.0891556494382,-0.0744230445417,0.1406260154395,0.1473549585326,0.0499519394179,0.4364098795265,0.5108925959614
0.3155508251191,0.1552564672363,0.0315426819152,0.3335507587935,0.3307945917811,0.2989242045760,0.2122825534992,0.4243893381145,0.2553035754097,0.6042801333325,1.0000000000000,0.8253076377975,0.6637452333935,0.2534608505268,0.4865698127370,0.1138602738747,0.4785631160462,0.2954332313181,0.2601578423042,0.1468577337816,0.4866317718839,0.3079297115810,0.4528823318837,0.3805117043762,-0.1190407492349,0.1978953831915,0.3108134581566,-0.0551456185444,0.1454245669313,0.0432049278603,0.0425687339834,0.1506480080768,0.2629686249892,0.0058395848356,-0.1684679993128,-0.0313666571643,0.1203582221200,0.0761180883852,0.0484053269640,0.1998388577148,0.4648594561303,0.4922227871627,-0.0289387631853,0.1116701606875,-0.0699631560012,0.1782130007218,0.1777077139545,0.1704903025879,0.1735385185464,0.5219093376097,0.1998062364723,0.0361205079122,0.1536193474227,0.0419547148938,0.3704846501737,0.0594521223739,0.3205704851464,0.2707809098760,0.3468901519174,0.3221613811068,0.4545150331401,0.7029007065773,0.4645898625968,0.5159497948505,0.1419783809822,0.1658796119935,-0.2562770340667,0.4539271145581,0.1778826059917,0.0620692151999,0.1631287305607,0.2210082381068,0.4184820749967,0.1331374573811,-0.1968566366964,0.0002517185935,0.0331219501192,-0.0933352978405,-0.0027888558036,0.0330281122463,-0.2694992984106,-0.0177655700013,-0.2229685291949,-0.3152520327122,-0.2877012141165,-0.3719933084960,0.0572793616819,-0.2116368357789,-0.0676249883029,-0.2748433231098,-0.0113542696464,-0.1016373084834,-0.2000416660088,-0.0201740441508,-0.2420351811148,0.1653183280257,0.0951654515250,0.1669052835492,0.3367117587125,0.2386753437920
0.3127587300912,0.1638466354877,0.0667139456887,0.3694730423853,0.2709367156576,0.2957047259813,0.1403534909898,0.4244483924527,0.2462382055761,0.7346497997354,0.8253076377975,1.0000000000000,0.6768062252998,0.2676665121650,0.5216115574327,0.0650315350223,0.4784092753222,0.2375586891796,0.2329796267137,0.1575566673686,0.5413136226810,0.4523891597955,0.4941052434715,0.2766783599615,-0.0961774110111,0.2126363175987,0.3006112963605,-0.0514023878408,0.1227114372396,0.0758315600670,-0.0808926254532,0.2153363379740,0.2744322075281,0.0385847041905,-0.2585320608642,-0.1004058541132,-0.0122094943680,0.0377887526412,-0.1054008905144,0.2005213829225,0.4605062678210,0.5680153180530,-0.0467880067282,0.1235793630531,-0.0800125178588,0.2367159670018,0.2206682675577,0.1951394035827,0.1808999569752,0.5488623268194,0.2276832013415,0.0925324787017,0.1295261888707,0.0696486982796,0.3509813752219,-0.0201356438296,0.2762285073980,0.2841903487727,0.2921488651741,0.3189183871173,0.4464930563494,0.7872436608373,0.6095567638966,0.5218805586708,0.1920508851700,0.0529226796915,-0.3125538767436,0.4410161822908,0.1152682799419,0.0094253417087,0.1778337965835,0.3423423860788,0.2827069358067,0.1033633867146,-0.2266570583564,0.0731564641059,-0.0083402724272,-0.1219426727863,-0.0172686638652,-0.0709667500289,-0.2483003159122,0.0328200617064,-0.2345964163919,-0.4393245580002,-0.3049056333353,-0.3862043519699,-0.0818786294512,-0.3450525093921,-0.1281159465993,-0.3533712233326,-0.1652758727602,-0.0765934657447,-0.2430347210060,0.0128476360651,-0.1925291421156,0.1220702741496,0.1108577089358,0.1440217841095,0.3951168167273,0.3310760667431
0.0705241377817,0.0659641161812,-0.0423750844917,0.4897818122746,0.1636771728367,0.2919257286188,0.4022856816850,0.7730315731930,0.6213529791878,0.4144835872031,0.6637452333935,0.6768062252998,1.0000000000000,0.0305291150848,0.4651507813878,0.3472078817651,0.6150239358318,0.4100204221096,0.5446143444851,0.4965664661779,0.3712511754640,0.1331332678233,0.0804229696505,0.3758460704078,0.1326472878075,0.2337440284147,0.2629039685542,-0.2410291109994,-0.1073103319383,-0.0642660316280,0.0765479072125,0.0809006087777,0.3894656930499,-0.1638268652598,-0.2421053867227,0.1482120279223,-0.0885181630457,0.1898321531960,0.0516362825139,0.0471877853814,0.3411043052753,0.4024722250958,0.0013901117172,0.1991308262537,-0.0341034260283,0.0147988963414,0.0807331772983,-0.0392019777531,-0.0349166137901,0.3485588152390,0.0110606263017,-0.0485625874128,0.3406789240635,-0.0249882131798,0.3711327054797,0.2283700355769,0.6128603109442,0.6492088322720,0.6479071300946,0.6623333540706,0.3073963581583,0.5638763101035,0.3988187213055,0.7624712467371,-0.0302303402303,0.1974786649673,-0.0296270858254,0.6992261776615,0.3968771542255,0.3344445232683,0.1484814576398,-0.0034510715453,0.3871280330825,0.2808191563209,-0.1924496298626,-0.0514749606068,0.0049653526508,-0.3352715636484,-0.2198359814380,0.2361237471993,-0.2424456547198,0.1424849767691,-0.2588435764878,-0.3211909138984,-0.1982208904269,-0.4518451278985,-0.1166790694251,-0.2556467862286,-0.1196373285101,-0.1727028122549,-0.0972951614082,-0.2004815784647,-0.0552681761966,-0.2279007837610,-0.1642401141284,-0.0604178968213,-0.1390577484965,0.0775305340351,0.3784139576982,0.2000737756775
0.8436987943579,0.7546691187122,0.3842570962118,0.1694981666970,0.6155533852868,0.2450995841460,-0.0261782816790,0.0578988891555,-0.0873405284614,0.3155837560629,0.2534608505268,0.2676665121650,0.0305291150848,1.0000000000000,0.5829519316551,0.0322709664290,0.2182627548042,0.1337520964562,0.0733205464713,-0.0675161406059,0.0732661848074,-0.0371003793442,0.1947303311124,-0.0863812974996,-0.2931023880195,-0.0372442478086,-0.1557705376163,0.2895810826536,0.1479972021207,0.5052761005814,-0.1020841448840,0.2187292205076,-0.1013591686383,0.4210843034905,-0.0620979191563,0.1127430569843,-0.1687124753116,-0.1187909819565,-0.1857618788350,0.3096144677250,0.4436943030985,0.4649475548331,-0.0257614448068,-0.1320296915662,0.0849261052308,0.2380568265635,0.3465062489066,-0.0059799766188,0.5072316366631,0.6062183917558,0.6379898816402,0.4262301110040,-0.1440096927247,0.2009036204132,0.2152274468558,-0.1352800624725,-0.2253657953118,-0.0794583816427,-0.1095024945483,-0.0535292607635,0.0251793131477,0.0155271492843,-0.0057019675360,-0.1664000560696,0.6388835110584,-0.1125931102130,-0.1578346364494,-0.1419638624212,0.0498509672695,-0.1239349862401,-0.3134215835513,0.0371910871739,-0.1484000437702,-0.1813307474097,-0.3242283218315,0.0093003584705,-0.3988764762240,0.1188158561614,0.0616062604785,-0.2687985079524,-0.2385909296919,-0.3951501731182,0.2604667449024,-0.2822336627888,-0.2584140261136,0.0422550420439,-0.2678108490675,-0.1712141330204,-0.3487879313853,-0.3404637424582,-0.2415581235201,-0.0115706553628,-0.3984867171562,0.1433886678062,-0.3987959500901,0.0915800935109,0.6147537232374,0.2019308286284,0.3174460179479,-0.0967150981817
0.5214271653246,0.5574368781631,0.2949502947836,0.5799596566089,0.3808172938677,0.4931133116788,0.4048655893958,0.3281887527885,0.1955931593029,0.5595651046154,0.4865698127370,0.5216115574327,0.4651507813878,0.5829519316551,1.0000000000000,0.2801965717742,0.4724795257798,0.3792989061358,0.3004365078751,0.1695606787327,0.2728708831537,0.0826557761479,0.1889164044171,0.2746575164818,-0.1148966652150,0.2489280418875,0.1644227425488,0.0291388014624,-0.0725453155715,0.2106968209963,0.1776296252982,0.4295058381293,0.3172517958280,0.2527024942858,0.0371208659591,0.2101855028579,0.0342945926773,0.1380963702612,0.2066773314360,0.3202211462596,0.3239755423157,0.4795791853500,0.2302485474094,0.1926073990784,0.2319521454988,0.1730337120558,0.3157433519793,0.2122453077989,0.1864912354856,0.7194024610733,0.3506456854833,0.3449687283949,0.2045577914274,0.2424015186595,0.4379248764889,0.1993008910124,0.1758189671899,0.1783025136483,0.1731131104699,0.2353431869932,0.1553923558926,0.3389719062644,0.1485702372171,0.1667948323438,0.3323541118916,0.3286541029437,-0.0303711059856,0.2169709303641,0.2047448481499,0.1085748860495,-0.2369254952072,0.0506742326653,0.1399452361741,0.0463079724341,-0.3150582610046,0.0394221991576,-0.1550736956201,-0.1722568436998,-0.1191665091150,0.0380099358382,-0.2244863232395,-0.0506843241339,-0.1202229293423,-0.2513643297347,-0.1393606195313,-0.2541470483161,-0.0973298017764,-0.0717852308004,-0.1667219349547,-0.1777555062260,0.0319139618229,-0.1830781805434,-0.2285997841536,-0.1368736017525,-0.3843176549116,0.1871006273038,0.1736921252685,0.0148836779461,0.2740109862976,0.0857114286072
-0.0335520389786,0.1821227121545,0.1986077855309,0.6469749440765,0.0428919541917,0.2098347420606,0.6853142695646,0.4522907617698,0.5214613439468,-0.0401120308788,0.1138602738747,0.0650315350223,0.3472078817651,0.0322709664290,0.2801965717742,1.0000000000000,0.5746544713953,0.7190800744415,0.7037413054459,0.6135717786834,0.2661749579610,-0.2752461314867,-0.1561488572399,0.5597583374008,0.2360827415870,0.3625948764255,0.2972143379929,-0.2176965103978,-0.1386815568584,-0.0025180680620,0.5941365815457,0.3168509618111,0.5501622930229,-0.0364532847315,0.5076146707820,0.7000707209057,0.2223033363732,0.4116234663981,0.4880618670321,0.0039608628958,-0.0404151831228,0.0203448773190,0.4227004614782,0.2908519064557,0.4306687437894,-0.1556021794193,-0.0187768193470,0.0774026444125,-0.0499918636227,0.0864064626283,-0.1075441404756,0.0318985396139,0.5105075418723,0.1611612041167,0.0919533033876,0.5391226836288,0.4335091673745,0.2639940582614,0.5152465909918,0.4392430988655,-0.2714467547987,-0.0603858010237,-0.2324942432297,0.0409812846085,-0.2195837399779,0.1753974626887,0.6004751086129,0.4451441600030,0.4372591188225,0.6140811499411,-0.0598491927646,-0.3648008697505,0.4571289721111,0.3155710024640,0.1224462343766,0.0709399927784,0.1826568421204,-0.1895884775316,-0.1750925253399,0.6610137246663,-0.0449794208870,0.1222761547268,-0.3369097335955,0.1704903906168,0.1460754841445,-0.2069398968811,0.1922352937473,0.4267103618078,0.0299167818204,0.1926526280975,0.3061954926384,-0.2515974395081,0.1092594750098,-0.3875777940927,-0.2684570892237,0.0895567868576,-0.2274025041431,-0.2364027213171,-0.1509801998875,-0.1341763767198
0.1728536508227,0.1624326401694,0.0219815477317,0.5810952960867,0.2386793476052,0.2408662903897,0.3675670411023,0.5565936442220,0.4062903250285,0.2258630643809,0.4785631160462,0.4784092753222,0.6150239358318,0.2182627548042,0.4724795257798,0.5746544713953,1.0000000000000,0.7098170290265,0.6068989338843,0.5432848305041,0.5165909051611,-0.0446280395261,0.1308687899326,0.6193894203134,-0.1028004776774,0.3822259785463,0.4451210583687,-0.1227167448038,-0.0025897058723,0.0507601067479,0.3966117796241,0.1819484728491,0.4918612084979,0.0134108568816,0.1017835878648,0.2222113116299,0.3056649676355,0.3072463694111,0.2218305589747,0.1153602147121,0.1848117595015,0.2705880745570,0.2558311438782,0.3161595178353,0.2001720486907,-0.0272294834937,0.0650332814998,0.1105737150539,0.1795102640721,0.3610625092559,0.0928389261762,-0.1575378889632,0.3761902595017,0.0363974540545,0.2257562406888,0.2370374629269,0.3708546273615,0.2246778818759,0.4461744012505,0.4776977905690,-0.0363916339995,0.3353657126067,0.0750171580366,0.1683580887858,-0.1620509937310,-0.0641536797036,0.0476112717324,0.6048672311183,0.3081006651054,0.3891723938005,-0.1348361944483,-0.1090602998515,0.5316402647272,0.2377835874233,-0.2481596240800,0.2393665008849,0.0779013841536,-0.2742777771701,-0.1193180052027,0.4398530335916,-0.3044453969896,-0.0376748821360,-0.3571207900759,-0.3730475231773,-0.1731957100152,-0.3786566384433,0.2182150311180,0.0330961446807,-0.1025046006899,-0.2390782510609,0.1532465585324,-0.1836297085770,-0.1109325448339,-0.2631461048544,-0.4209015181934,0.0856795579034,-0.0943865695399,0.0579295211861,0.1365978558638,0.0193252982246
0.0749110398003,0.1643124390096,0.1126089976016,0.5335576735267,0.0891163621253,0.2765312624477,0.4797759909722,0.4403281819197,0.3811056272064,0.0660031391505,0.2954332313181,0.2375586891796,0.4100204221096,0.1337520964562,0.3792989061358,0.7190800744415,0.7098170290265,1.0000000000000,0.5541506067985,0.4520656781653,0.2959219664891,-0.2181568637819,-0.0057417818774,0.5969385221189,-0.0143769779830,0.3296204027477,0.3457522354432,-0.1991637904974,-0.1793555289824,0.0123913819688,0.6420696303365,0.3926439246477,0.5978560419458,-0.0162658180032,0.3762154172510,0.3431972394060,0.3155267348033,0.2644536671365,0.4491241845852,0.0010179897810,-0.0183625422920,0.0966573595205,0.2808804972174,0.2363693082430,0.3552251065628,-0.1178593297141,0.0686582745514,0.1800853776735,-0.0005514383201,0.2515908172747,-0.0306103651622,-0.0074785944888,0.3730670909140,0.1856426998895,0.1947344177348,0.3640983643842,0.4198827827073,0.1861298073102,0.4881309195199,0.3735745572622,-0.1763948756585,0.0977588894043,-0.1530469585108,0.0499137576417,-0.1793605367552,0.1193884991857,0.2864058693250,0.5194117506306,0.2746071847748,0.4889250689183,-0.1168368812009,-0.2669941278443,0.5033625375790,0.1853395198899,0.0007865335142,0.1829259649830,0.1699395646817,-0.2719171964589,-0.2144176149580,0.6522602916272,-0.0461922893834,0.1422990685782,-0.3547742220655,-0.0270685887237,0.1127368104967,-0.2819834299740,0.2377395419148,0.2895996664871,-0.0255850977870,-0.0148765985279,0.2987470163370,-0.3170752029528,0.0102981159619,-0.3965513388128,-0.3628636104867,0.1649598519211,-0.2227012410106,-0.2291309128159,-0.0991783005477,-0.0520031324044
0.0175331871850,0.1193276237860,-0.1034579019694,0.4459290414091,0.1324642323432,0.1646150339988,0.4517268154431,0.7253689051847,0.7318140493446,0.0519799409677,0.2601578423042,0.2329796267137,0.5446143444851,0.0733205464713,0.3004365078751,0.7037413054459,0.6068989338843,0.5541506067985,1.0000000000000,0.6895694389507,0.2172432855629,-0.1646582483854,-0.1041490122699,0.5538304978368,0.1399790955575,0.3019542416884,0.1779266270353,-0.1742495435964,-0.1792061099387,0.0459797495378,0.2173543318901,0.0333629469753,0.2594029831490,-0.0850586453258,0.0806689152498,0.6520616788806,0.0702135411107,0.2729082944026,0.1996029575845,0.0321677830760,0.1899173953506,0.2228389852104,0.1370657240610,0.2304133113258,0.1639716432926,-0.0211031212382,0.0516624930978,-0.1477251244361,-0.0429140179075,0.1920050079944,-0.0569374342630,-0.1766067682596,0.2426429134356,-0.1037260291269,0.1199824588491,0.2825571285170,0.4371288496452,0.5023646147205,0.6731608848888,0.7278547254506,-0.0554702208239,0.1443348488057,0.0128560402382,0.2758804504012,-0.1702048874609,0.0555974393624,0.2706010965936,0.4236700419433,0.6035937930032,0.5749231191633,-0.0451058933528,-0.1411031059255,0.4662935448967,0.3349254650388,-0.0379581763785,0.1175762702878,-0.0009856312188,-0.3390764237511,-0.2258297088811,0.3430635284995,-0.2564855844960,-0.0145517602220,-0.1989362947349,-0.0865749911822,0.0071745828926,-0.3238495721185,-0.0064807971493,0.0767975143012,-0.0694577997109,-0.0536633971445,0.0295728328919,-0.2127694169141,-0.0031353144381,-0.2982414009887,-0.2310398257236,-0.1231448368936,-0.1557038309026,0.0195466016080,0.1632156184559,-0.0014268796767
-0.0782811511432,0.0320265723583,-0.0670258182620,0.3877846165057,0.0437511096587,0.0729031824155,0.2968773550034,0.7366884633433,0.7415298238999,-0.0415334607485,0.1468577337816,0.1575566673686,0.4965664661779,-0.0675161406059,0.1695606787327,0.6135717786834,0.5432848305041,0.4520656781653,0.6895694389507,1.0000000000000,0.2445808434299,-0.1440179679024,-0.0642153936543,0.4350617424332,0.4506688594573,0.3704856947026,0.4164594969408,-0.1184110513383,-0.1621208276341,0.0270898704110,0.2596511632808,0.0739984240658,0.3901354954583,-0.1397656752393,0.1590775349932,0.4878135435871,0.1339158876033,0.5888334331224,0.2018918422359,0.0474291481548,0.0952172155351,0.0876496276410,0.2451017635722,0.4435377667475,0.3600238943137,0.0050444751244,0.0245219592938,-0.0466654125321,-0.0836506546287,0.0437343254562,-0.1156846944333,-0.1953991311329,0.2515131513679,-0.0299994308229,0.0052727684380,0.2074360086678,0.4010055282867,0.4998217910887,0.5288981187352,0.7250805349020,-0.1348088563365,0.1159882879715,-0.0497343941992,0.2105141384687,-0.2856380065552,0.0188348380196,0.3939249065040,0.3900774090847,0.5455322248365,0.7512458529402,-0.0879184307477,-0.1484726641054,0.3944204717979,0.5617903332430,0.0006363189025,0.1168992563192,0.3148300840048,-0.2715209295892,-0.1941032708355,0.3546346288024,-0.1748148255318,0.0808161501668,-0.2544179305365,0.0039565159509,0.1014733566737,-0.2939984990834,0.0497965071416,0.1124253575749,-0.0369143140892,0.1397242021257,0.0515196440187,-0.0986286084024,0.1685039042391,-0.2567705394969,-0.2038815464047,-0.1173902754921,-0.2391044303644,-0.0900312791006,0.0585880734987,-0.0408913364745
0.0292068315116,-0.0013001999158,-0.0311331814904,0.3712799561486,0.0770679922526,0.1127884277530,0.1880397706223,0.2018919915703,0.0503130964021,0.4108746432297,0.4866317718839,0.5413136226810,0.3712511754640,0.0732661848074,0.2728708831537,0.2661749579610,0.5165909051611,0.2959219664891,0.2172432855629,0.2445808434299,1.0000000000000,0.3184889915042,0.4167068006559,0.4938077467815,-0.0729926494870,0.4643235795904,0.5490829430056,-0.0304159712935,0.1759983314165,0.0131168553505,0.1664557881933,0.2106433263301,0.4998313783592,-0.0896884007734,0.0303909795889,-0.0496691493284,0.3641986661860,0.3336886360954,0.1021079433684,0.1183862546521,0.1576336762355,0.1684906975275,0.2848527048486,0.2674487195716,0.1694632581985,0.1419814486860,0.0371545423378,0.2983181644872,0.2098099658658,0.1939357909157,0.0120561608720,-0.0615202775830,0.2974443537052,0.0520912419126,0.0811713253152,0.0636476283629,0.2132229626082,-0.0012152108834,0.1311298836622,0.0765134736425,0.1278314861115,0.4399476887005,0.2642086320631,0.0845683741363,-0.0796370126911,0.0119777992845,-0.0821109130595,0.4135481446693,0.0501291987830,0.1918217278287,0.2887735305486,0.2384149617740,0.5053761929296,0.2455149667688,0.1387500064712,0.2536250744362,0.3492107931885,0.0011457114414,0.0357326757056,0.2640391965951,-0.1557019243832,0.1848655873164,-0.3592671457381,-0.1998265660422,-0.0019648477869,-0.3295571693887,0.3463080600321,-0.0008467865657,0.2749054894996,-0.1010115466462,0.1457593538866,0.0363579716994,-0.1111835191231,0.0215886660357,-0.1536455132640,0.1819427384465,0.0999248465064,0.0326539483496,-0.0016412535120,0.2593464967073
0.0248490714494,-0.0948977044210,0.0077452543149,-0.0541096890887,0.1525551847926,0.1864535986270,-0.2326643653405,-0.1038598825701,-0.1574452585505,0.5810266865668,0.3079297115810,0.4523891597955,0.1331332678233,-0.0371003793442,0.0826557761479,-0.2752461314867,-0.0446280395261,-0.2181568637819,-0.1646582483854,-0.1440179679024,0.3184889915042,1.0000000000000,0.5856545198809,-0.0448264679543,-0.1395906910603,-0.0192613917430,0.1743622835778,-0.0584331544026,0.1327673412849,-0.0213227047839,-0.2755234760331,0.0502709727012,0.0562800332187,-0.1088661571268,-0.2469258834705,-0.3705019170496,-0.0490400685752,-0.0801158615140,-0.2627395902042,0.1452585192879,0.2988760150180,0.2288987698878,-0.1409670875127,-0.0469379130528,-0.1945509924956,0.5629374706158,0.2147689528545,0.1572877584353,0.3291176733435,0.1126842220268,0.1054615297222,0.0142748465391,-0.1064004374420,-0.0033918818593,0.2092952105464,-0.3054066268502,-0.1156920806461,-0.1103962305368,-0.1046997410538,-0.1501558969433,0.6190991493728,0.4857222453023,0.5585479307109,0.2338135409213,-0.0147019400522,-0.0523411498585,-0.3729055081724,0.0267521339287,-0.2175541166937,-0.2387786307435,0.2580648678735,0.7972504306319,-0.0519469754798,-0.1122572444385,-0.1077038967020,-0.0024842463865,0.0784202399805,0.0172672872042,0.0594454034534,-0.2415087566165,-0.0341534900157,0.1330846433178,-0.1379042477259,-0.3081268435671,-0.1852421057863,-0.2007210920960,-0.0789046606323,-0.3143301751350,0.0422741495248,-0.2894900620048,-0.2419364426502,0.2690894099532,-0.2379326979631,0.3561364803051,0.2654565534043,-0.0297910198642,0.2277512423165,0.2810309478202,0.2446089854849,0.3874262881689
0.2472930078739,0.0160866769697,0.0699264765016,0.0411764058841,0.3677047565154,0.2638062157790,-0.1016129807441,-0.1272852526187,-0.2254912833449,0.4794394915825,0.4528823318837,0.4941052434715,0.0804229696505,0.1947303311124,0.1889164044171,-0.1561488572399,0.1308687899326,-0.0057417818774,-0.1041490122699,-0.0642153936543,0.4167068006559,0.5856545198809,1.0000000000000,0.0794775565784,-0.1986832728584,0.2287623182943,0.4037504708720,0.2151410886663,0.2331939083617,0.0960720992053,-0.0812209577268,0.3283743264190,0.2094650506539,0.3156564754118,-0.0960961982994,-0.2616731696773,0.2046768996085,0.0227041909510,-0.1381646312507,0.4763260328097,0.4193309300715,0.4541633502250,-0.0382855642324,0.1364612556755,-0.0312256983983,0.6545614383095,0.4307872775014,0.2889043857653,0.3086334488489,0.3780193776155,0.2455323797337,-0.0392759037459,-0.1528494205697,0.0599966082349,0.2331268413826,-0.2265400251957,-0.1534590536219,-0.2735224345430,-0.1883873565710,-0.1796662143997,0.3314485397405,0.3525815237564,0.4092901412322,-0.0080435317112,0.0382386949844,-0.1240222235059,-0.4055249231607,-0.0086671005666,-0.2419274138195,-0.1940556651230,0.0992267651163,0.6371400499837,0.0771787565158,-0.0375050885860,-0.2045477798493,0.0803071370068,0.1891374017332,0.1816695173804,0.1260847271033,-0.1847269511242,-0.0359463539599,-0.0208594473545,-0.2238650895904,-0.2713213541348,-0.2500804785562,-0.0487295802637,0.0968248815478,-0.2503269117696,-0.0051976484409,-0.3364086410147,-0.1260162254836,0.2729948938044,-0.1951514251597,0.3067489540953,-0.0179980396737,0.0971985115750,0.1789872552258,0.0953005427175,0.2397625590648,0.2277738075862
-0.1401049122188,-0.0171072877583,-0.1392981858866,0.3825310369320,-0.0453485797519,0.0915568568158,0.4485767353957,0.3840001723481,0.3490204867508,0.1065790141621,0.3805117043762,0.2766783599615,0.3758460704078,-0.0863812974996,0.2746575164818,0.5597583374008,0.6193894203134,0.5969385221189,0.5538304978368,0.4350617424332,0.4938077467815,-0.0448264679543,0.0794775565784,1.0000000000000,-0.0366613340404,0.4715537409171,0.5296172740905,-0.1783440459401,0.0539646355034,-0.0455956217344,0.5558303426772,0.0969230477995,0.4166229473212,-0.1218376196406,0.3675746667789,0.3305264926280,0.6134243067575,0.3933208923649,0.5576987733567,0.0229985119563,-0.0185090458814,-0.0143240909152,0.4439652328578,0.3432300713934,0.2914293041685,-0.1070878680762,-0.0750837077634,0.2151782520890,0.0381018647099,0.1224595645503,-0.2223927103334,-0.1886698375993,0.2995195341814,-0.0499232851189,0.0510039979010,0.3466740729370,0.4700388789316,0.1198376811516,0.4430462520945,0.3595681628758,-0.0383338100653,0.2647506034195,-0.0136019851336,0.0590580228919,-0.3212019931108,0.2280735882386,0.1861949758886,0.4784168927891,0.2855758315416,0.4682477291302,0.0234360812608,-0.0872301098036,0.8841554050587,0.3673277738688,0.0892595098578,0.3392169147829,0.3509267101555,-0.2680984785022,-0.0612397219614,0.5708875179311,-0.2142700195281,0.0969004459924,-0.3986018531052,0.0289146489209,0.1309104578230,-0.3709382690146,0.5405006820271,0.3937273331994,0.3131679339879,0.1096813777939,0.4844529916603,-0.1742939745943,0.1093189113563,-0.2905556905832,-0.2821700715131,0.1819634346023,-0.2281194575420,-0.0474692078453,-0.1247667769015,0.0649611020679
