1.0000000000000,0.4250355430847,0.5152891302018,0.0824304766337,0.6682473315104,0.4135790798538,-0.1870546433503,-0.0069621642776,-0.1994354486231,0.1176516985765,0.0453358258955,0.0754201411056,-0.0748718147930,0.6498406689647,0.2568161664836,-0.2335099652903,-0.0502045255471,0.0925671702349,-0.3336335345031,-0.1221510198925,-0.0154223762036,0.0192601910237,0.0045706173411,-0.2240491139659,-0.0415722341137,-0.1900546635542,-0.2713003901700,0.0824523132904,0.0053108582783,0.2179845119673,-0.2489204989783,-0.1074198212057,-0.3142013410731,-0.0389511152439,-0.1743187637609,-0.3293454032895,-0.1257481926915,-0.2137630756539,-0.2471971923322,-0.0689210990041,0.2243536720824,0.4311883780932,-0.1990112134150,-0.1656809650671,-0.1253221158825,0.1045490694222,0.0820353452751,0.0025342684586,0.3895879830991,0.3777024131521,0.6185548759783,0.5232723168998,-0.2116898092648,0.4137241318395,0.3229333502381,-0.2875013922505,-0.0176403978304,0.0369663219142,-0.0848171939575,-0.2506427874268,0.0200983043341,-0.0041644774625,0.1918978098630,-0.1750646479773,0.4515180726346,-0.3308539794277,-0.3561057573755,-0.0468050832522,-0.2443326412110,-0.2056052031631,-0.1760553596921,0.0316188283382,-0.1915613676195,-0.1627689003840,-0.1662638471014,-0.2267183077623,-0.3395798963410,0.0332997830190,-0.0211089528821,-0.3585971207788,-0.2167828835107,-0.1993578801751,0.2122338156726,-0.3236400003328,-0.1450652512401,-0.0526764381912,-0.1377400394477,-0.2974739791822,-0.3080314969232,-0.3053755222876,-0.1298326864763,-0.1094468548781,-0.2426710639014,0.0829184082441,-0.0220365161966,0.2022682555415,0.4567764688927,0.0969655451753,0.3748100557201,-0.0622343952399
0.4250355430847,1.0000000000000,0.6892023223424,-0.0571683058342,0.0129659967630,0.0926458938017,-0.2157375851347,0.0590346505613,-0.3070576250875,0.0315310693580,-0.2257443204011,-0.1421570694821,-0.1567542991941,0.4017850033110,0.1591735121299,-0.3590378935818,-0.3086518018374,-0.2145756758900,-0.3735728811854,-0.2234632037156,-0.1564750100971,0.2099977338774,-0.1569322923798,-0.5111094281951,0.0813699932130,-0.0361750525271,-0.5668245841988,0.0759644008079,0.4641322949745,0.6656563194568,-0.3212099060742,-0.2585312602851,-0.3858727435379,-0.0842174694466,-0.3083312273698,-0.4170619895808,-0.3681886151926,-0.0292154817162,-0.2848604917745,-0.2436315598797,0.1303847232390,0.0939567042959,-0.3781340965871,0.1103378145440,0.1261180679265,-0.0763748001597,-0.1580956475350,-0.2295316861886,0.5224454756089,-0.0195175069247,-0.1123218617580,0.5242852834470,-0.2563159370403,0.1980503804023,-0.0281545755511,-0.4138338434763,-0.1885685225242,0.1529751894221,-0.1891277280032,-0.4050659128855,0.0450700766758,-0.2666219232590,-0.1573006982733,-0.1577230942787,0.5922468898705,-0.3615114986390,-0.5564171110390,-0.3977384762901,-0.3079517385672,-0.3673913492262,-0.3449966774886,0.0057849858030,-0.5004005874186,-0.1098946088923,-0.3816347693418,0.1331146237324,-0.6124969243229,0.1019360718850,0.5221838581378,-0.5471227893018,-0.1614227978531,-0.3318847524944,0.6113045027019,-0.4716972296234,0.2125808492152,0.0669651031907,-0.3431108007384,-0.3832916443993,-0.4231570165776,-0.1235847633059,-0.2043320881931,-0.0461845775377,0.0811311200349,-0.1364121411554,-0.0654426670002,-0.1747341542408,0.4715329226604,0.3285202477604,0.0822845493694,-0.3141005918876
0.5152891302018,0.6892023223424,1.0000000000000,0.2915444996405,0.0726860923412,0.3820557357533,0.1518624536286,-0.0176002181366,-0.3132714341354,0.0757827095904,-0.2783441752111,-0.0234200499331,-0.0494362447843,0.2737804251884,0.3072779507409,-0.0506642549943,-0.2216089276368,-0.1722081491854,-0.1699806229378,-0.2141355377195,0.1521377224404,0.0466769015517,-0.2138467923508,-0.3108483123004,-0.1327490354541,-0.1636891753598,-0.4886913162943,-0.0695870498842,0.1114754836459,0.4094851489742,-0.0888176487109,-0.2010440790787,-0.2187428411889,-0.1766993191936,-0.1054927497815,-0.1850057240222,-0.1228935510855,-0.0904350749193,-0.0357672012134,-0.3090633413602,-0.0804113837499,0.2577651152387,-0.0074642618415,-0.0063007745073,0.0111552994773,-0.2535509029694,-0.2383444059134,0.1208811690859,0.3085608454346,-0.0199915683986,0.1206302378567,0.4989972533479,0.0013050807399,0.6697791215280,0.3431169371570,-0.0538562936045,-0.3227328828658,-0.0900239675814,-0.1730158835131,-0.3267785091874,0.0381536895864,-0.0517977410691,0.0540689336720,-0.1134852357564,0.5412616133279,-0.1423231399586,-0.4201746563498,-0.2681081543662,-0.2956919078564,-0.3770539653991,-0.2024590700426,0.1358747086989,-0.3944091834288,-0.2658728258343,-0.4212074430612,-0.0682129549344,-0.5527769125249,0.0550642181144,0.2173529983718,-0.3729587319458,-0.0093690247290,-0.1010241149565,0.4974334379833,-0.4672169402240,-0.0079439829652,0.1349503950618,-0.0994591127955,-0.1884773068769,-0.3657216572171,-0.1787695451026,0.0501805612658,-0.1558658818674,-0.0297557990693,0.1530158056671,0.1977387713593,0.1420179119688,0.3683646347313,0.2516871222580,0.3572612281611,-0.1895917114764
0.0824304766337,-0.0571683058342,0.2915444996405,1.0000000000000,0.1130300223534,0.5810617084719,0.8389618799951,0.1657828787156,0.0934780385332,0.5120241656232,0.3332683668502,0.4898204677248,0.3047290627332,0.0180445488280,0.6572341966350,0.7429959084899,0.4592414391759,0.4211930456356,0.3324694458608,-0.0316406114246,0.6791888306045,0.0322234735406,0.1065926772610,0.4475175123627,-0.3066727800502,-0.0528307411293,0.0431827889533,-0.2741497333594,-0.3579184389922,-0.1910044597218,0.5821974585158,0.0817522551080,0.2325035999256,-0.0886843852579,0.4916262607189,0.3261042696358,0.4048161421229,-0.2368983730061,0.4274953543190,-0.0803464717676,-0.0635745209468,0.3850411095964,0.5985526724405,-0.1264509891365,-0.2223343692388,-0.0408762886001,-0.0298376673308,0.5112374305754,-0.0046160783249,0.2760457322384,0.1046968629000,-0.1769543005221,0.4913405322689,0.4972174428674,0.5576524805567,0.6180736451495,-0.0183203433652,-0.1030871795289,0.1215576317860,0.0948790854392,0.1070557714156,0.3828074680125,0.3799043791037,0.0269547241548,-0.0622488293117,0.3251932462308,0.2531597900929,0.2831952187095,0.1287976161182,0.0107253229840,0.3056709458380,0.2082941601524,0.3663760330786,-0.1352093963952,0.0658079919610,-0.0454161140949,0.0744215789004,-0.2873282218017,-0.3121865696501,0.3494437098254,0.2922641637821,0.3126431724732,-0.2232966162737,0.1089654117865,-0.1340136769439,0.0615926482644,0.3792307374698,0.4032363870494,0.2545242925787,-0.0548826247922,0.4603078161928,-0.1593770265263,-0.0614598411261,0.2566892695261,0.1718865266161,0.3641853954736,-0.0717525468343,-0.1467668758691,0.2714911496817,0.4065059575951
0.6682473315104,0.0129659967630,0.0726860923412,0.1130300223534,1.0000000000000,0.6097023774110,-0.1214774781182,0.0743873396208,0.0502873992446,0.2211090631508,0.4773187963835,0.1341424550979,-0.0783245665650,0.7346387820625,0.3786227506700,-0.1255211228107,0.1690913056903,0.3622234603656,-0.2217361209047,0.0509939677086,-0.1063158003196,0.0497153093402,0.1931998694319,0.0516677021460,0.1165130545025,0.0021111183439,0.0912171751878,0.0086366013470,-0.2669886418687,-0.1577260900706,-0.0801786874646,0.0962805168386,-0.0911691569656,0.0433027795949,0.0822788775284,-0.1716681756413,0.0863900098470,-0.0633663998145,-0.0258661226595,0.1203465582725,0.2779098375275,0.3950306927106,-0.1032102056324,-0.1212111584210,-0.0287873147861,0.3056142321251,0.2590130676307,0.1837863163398,0.3075146919815,0.7228321847324,0.7744490767158,0.3465598503807,-0.0761327391725,0.3542521617009,0.3877245008846,-0.0998679410043,0.2899451201817,0.2102696419186,0.1214495360517,-0.0098613286770,0.0667556541371,0.1985883114463,0.2237812788200,-0.1706253702975,0.0269366384801,-0.0695385473619,0.0057748102339,0.2806184304383,0.0531381168500,0.1711600811332,-0.0066555006107,-0.1077628971618,0.1955022127273,0.0518299174396,0.2176915009768,-0.1721050854607,0.0766762023507,-0.0763045944392,-0.3281981818763,-0.0511545138612,-0.2937890343888,-0.0478049944256,-0.2684847393373,0.0939482106867,-0.0122011637767,-0.2416732988883,0.0626038564356,-0.0317366846991,0.1004547441016,-0.0578563035070,0.0247206138696,-0.0360677221537,-0.1891076935738,-0.0408448432695,-0.2207818752759,0.3728257994995,0.1818618238576,-0.1571208197087,0.1875199099243,0.2688525605907
0.4135790798538,0.0926458938017,0.3820557357533,0.5810617084719,0.6097023774110,1.0000000000000,0.4569788708204,0.0978140391501,0.0561800832751,0.5017669758239,0.3941900794924,0.3377500643479,0.0667739249700,0.4765545719252,0.7080354489820,0.2884960168585,0.3228120526969,0.4382985642107,0.0006741162267,-0.0799138891609,0.2533601747501,0.0793677925501,0.1545498078179,0.2035852203265,-0.0933669933322,-0.0852373381139,0.0076829132374,-0.2016267220251,-0.3704498276311,-0.1881086861721,0.2881610607521,0.0647620160831,0.0830621656316,-0.0583616433637,0.3319593978136,0.0611187299651,0.3195764079302,-0.1676490942285,0.3157678853943,-0.0168897501814,0.0985358820052,0.4876869214692,0.2577526803104,-0.1930299119571,-0.1471296018189,0.0974266323355,0.1243238284248,0.4774517866933,0.3104248014863,0.6008148801809,0.4776018896620,0.1979401739021,0.3086873673209,0.7782197465864,0.7896731224009,0.3676699213170,0.1406710395701,0.0430166407482,0.0931577049057,0.0012585203738,0.3020939529855,0.2212479102364,0.3535380941365,-0.0478662864051,0.1125684609718,0.3086610456943,0.1403038892253,0.3189288173982,0.0800585744675,0.0605691606875,0.1408196787449,0.0565296233387,0.2392282236141,-0.0692239900704,0.0868516947079,-0.1908054361446,0.0360897892829,-0.1888318000112,-0.3632055966951,0.1392979754155,-0.0165955174686,0.2058481608768,-0.1698624220943,0.1122571204608,-0.0873946910757,-0.0645973369921,0.2975403205298,0.2501390273828,0.2826020173878,-0.0388853998200,0.3770105406103,-0.0363215615460,-0.1962532921665,0.0857665002805,0.0150348102686,0.5007629182532,0.1379040205561,-0.1225105523455,0.3290129453047,0.4941113960502
-0.1870546433503,-0.2157375851347,0.1518624536286,0.8389618799951,-0.1214774781182,0.4569788708204,1.0000000000000,0.0779332101838,0.1577093156841,0.4198071306165,0.2329621869604,0.4275032715034,0.3227759044276,-0.2330826088396,0.4718397830070,0.8267184852114,0.5180770340442,0.3449741826054,0.5100428365576,0.0245717987669,0.6194063651251,-0.0439964401863,0.0843565767424,0.5395626953387,-0.1834894924431,0.0689004562872,0.1731392578184,-0.2610754010142,-0.2792278978233,-0.2569484585816,0.7343666561040,0.1695047086814,0.4205980992727,-0.0640333614119,0.6231636765023,0.5892928584594,0.4546604432544,-0.0536168238761,0.5876639751824,-0.1210668931870,-0.1926939230726,0.2132174029223,0.6630166715522,0.0015725047740,-0.0718875023632,-0.1323434752749,-0.0803219468748,0.5239175605200,-0.1351367894627,0.1169842060750,-0.1098665986880,-0.3473455076452,0.5432016620340,0.4341069570784,0.5245859585115,0.8010413713283,-0.0396393153810,-0.2306149122026,0.0233730928406,0.1506263234519,0.0838322235880,0.2398931269934,0.2925417285721,0.1174383037649,-0.1735552770694,0.4551338947761,0.4216231476470,0.2426048668569,0.2315750446964,0.0894948800152,0.3721224119908,0.1265178828136,0.3872165239157,-0.0054192534671,0.0928685497870,0.0370969600571,0.1781104696402,-0.3046461399163,-0.2429222206765,0.4932068217394,0.3056162703007,0.3611230499713,-0.3076461143988,0.2531966318020,-0.0914110418174,0.0063756397020,0.4191889469786,0.6180544113991,0.3877697029120,0.1174181015694,0.5535064520328,-0.1911654895020,0.0533931465440,0.1305587484700,0.1041004502119,0.3161882771374,-0.1969616563958,-0.1821928185410,0.0824744999391,0.3798284121360
-0.0069621642776,0.0590346505613,-0.0176002181366,0.1657828787156,0.0743873396208,0.0978140391501,0.0779332101838,1.0000000000000,0.7251663173633,0.4488892035474,0.1954088723602,0.3191055095259,0.4457675259334,0.0949568833900,0.1745960051033,0.3631990807586,0.2352700018599,0.4552113624802,0.3031427823947,0.6495488625936,0.4591380216621,0.2052834061826,0.0113205424982,0.3018862139947,0.4165472228471,-0.0920767384956,0.2551872712672,-0.1899473236250,-0.1796536316896,0.1314921440969,0.1864960093270,0.0015334337188,0.1096871423429,-0.1895681518190,0.2828909564789,-0.0103901189926,0.2671603947255,0.1576225482828,0.1041898606754,-0.0224923899229,0.0104608950537,0.1058384041414,0.1170544491976,-0.0136588270341,0.0739603762676,0.0769365813226,-0.0354999690576,0.0996925223970,0.0589298061386,0.0449175265177,0.0422324087625,0.0526144283511,0.1237937343553,0.0252742142208,-0.0150856084911,-0.0045634002622,0.4593479163548,0.6609346275723,0.6243738564241,0.6216403798480,0.0551703651505,0.2016078856178,0.1465326644083,0.2099694256953,-0.1634774918602,-0.1149792728009,0.2116277116513,0.3775710552418,0.4405862924083,0.4497537346383,0.1541561430813,-0.0455569051527,0.3517297537740,0.2245137231486,0.2462266047767,-0.2645040055535,0.2721047352516,-0.2370116540520,-0.2040014474335,0.1527157200762,0.0004992195677,0.1343270013462,-0.1340161068577,-0.0376634574492,-0.0500282427417,-0.1043677414004,0.2970785169776,0.1849779233615,-0.0225380326158,0.0836902139238,0.1464695641199,-0.0628501920034,-0.0750085828347,-0.0923605159688,-0.1155467944831,0.1558221707329,-0.0571406939355,-0.1072341222858,-0.0100080815226,0.0608255723677
-0.1994354486231,-0.3070576250875,-0.3132714341354,0.0934780385332,0.0502873992446,0.0561800832751,0.1577093156841,0.7251663173633,1.0000000000000,0.3862849352831,0.2690460265897,0.3272754438649,0.4386460892457,-0.0544752681041,0.1104881444473,0.4482576534738,0.3802993563399,0.4957623041819,0.4938898123970,0.7471237110443,0.3574861774804,0.0742555677933,0.1366810058571,0.5887935743780,0.4786978744108,0.0008015163320,0.5716796044953,-0.2604161506077,-0.4060526021239,-0.2508448515804,0.3310014391230,0.1783688902343,0.3269603577895,-0.1189361869472,0.3439887927776,0.2450965057221,0.4691871952446,0.2357609905173,0.2360434025902,0.0215251542340,-0.0648987453890,0.1001942008014,0.1771952226762,0.0061686009778,0.0132276442781,0.0368027036295,0.0772656497963,0.1398837057666,-0.1417721483900,0.1175931496109,-0.0049946092102,-0.1531687127626,0.2880978663284,-0.0383468194555,0.0129994202202,0.2117617210332,0.5373582174389,0.4574405078585,0.6418239356563,0.8667887166368,0.1016476367084,0.2472141498705,0.2196382657222,0.2885019237974,-0.4040054565954,0.1006189280162,0.4449795231470,0.5280313047731,0.5820779532577,0.6499517528582,0.3252119905813,-0.0706025418395,0.6112384133134,0.3792787824470,0.3694952767456,-0.2401659247886,0.6096345124924,-0.3082787409684,-0.4293281294357,0.4885836271030,0.0770475638051,0.3142903103022,-0.4625964518179,0.1845703913541,-0.0885462690771,-0.1715084426239,0.4548973214125,0.3894547467752,0.2164209741379,0.2023625444285,0.2248113006331,-0.0713222282302,-0.0270644293743,-0.1616689007617,-0.1456070036311,0.1479585756709,-0.3365707283609,-0.2912637253318,-0.0983396335516,0.2252368096943
0.1176516985765,0.0315310693580,0.0757827095904,0.5120241656232,0.2211090631508,0.5017669758239,0.4198071306165,0.4488892035474,0.3862849352831,1.0000000000000,0.5069919714759,0.6919722930138,0.4946688020292,0.2692210093089,0.6096515556953,0.4355770028261,0.5490425525502,0.5730816171970,0.1884350307279,0.1832078481595,0.5514358562801,0.4604663280157,0.3861875043588,0.4033428330118,0.0778905670274,-0.1312150611192,0.2076754957036,-0.3676610960375,-0.2862975345461,-0.1313967727068,0.4951815564636,0.1270289068516,0.3256844958971,-0.0211316394871,0.3464937487911,0.1348657846013,0.4553462653039,-0.1895654172010,0.2787288334233,0.0625517002900,0.2790337438099,0.5518783037785,0.2802947750425,-0.2159041947474,-0.1670517560853,0.2865129642996,0.2171280310542,0.3428332166119,0.2915483326151,0.4641290703771,0.0681200798428,-0.1617400757705,0.1824037124617,0.2787023504147,0.3313698941119,0.2409910760759,0.3447091698669,0.1067190492087,0.1317640900389,0.1929389732141,0.4879515452952,0.3267487496249,0.5032840266587,0.2689655755717,-0.0229688487722,0.2076741636394,0.1037990202584,0.3729206017313,0.1011545903649,0.1628312037140,0.2440130547115,0.2246508492335,0.3844051757544,0.1055355517378,0.0140056749295,-0.3136734922537,0.2215676954422,-0.3881540611520,-0.3312437385051,0.2464273044891,0.0723914720833,0.3213318720337,-0.2449531666564,0.0904499594822,-0.2373241299384,-0.0679062459396,0.4035872880365,0.2647087146574,0.2247042061957,-0.0581853003730,0.2947359127982,0.0249433556889,-0.2381271184260,-0.0154401276585,-0.0783784421570,0.2023924023055,0.0699420017198,-0.0956655939542,0.1848610089849,0.4519329488564
0.0453358258955,-0.2257443204011,-0.2783441752111,0.3332683668502,0.4773187963835,0.3941900794924,0.2329621869604,0.1954088723602,0.2690460265897,0.5069919714759,1.0000000000000,0.4609543373097,0.2513968250754,0.2966048779498,0.4607745674287,0.3008600903374,0.6154772086311,0.6844383474382,0.0703338992217,0.0901405727449,0.1514599265295,0.1891199861772,0.4486773728916,0.4704671825772,0.0393491888288,0.1835983142717,0.4194847905576,-0.2556147776578,-0.2177856830584,-0.2999018078325,0.3757343512794,0.2476173298329,0.2861659772963,0.1936048743211,0.4409989807414,0.1625574819324,0.3713367879144,-0.1038807371373,0.3318830441878,0.3550679755099,0.4367176791331,0.4140238853198,0.2701148201981,-0.0687380957091,0.0110004488404,0.4614843784627,0.4216935025865,0.3138020327332,0.0749475836575,0.7216103995481,0.1663347107052,-0.2827472377839,0.0396673253151,0.0103750303473,0.1459954199285,0.1435622207432,0.4499199124305,0.2032939027929,0.1397012371525,0.1389894517817,0.1920341683998,0.4175783506800,0.2772862880451,0.1096900191380,-0.2964269744755,0.2799080515572,0.2999213424720,0.4551823802724,0.1453960315164,0.3695220936510,0.2435520928124,-0.0359222774141,0.5380761916111,0.1292461494930,0.3646780013695,-0.0404654995096,0.4432471477286,-0.3075258132292,-0.3177797498091,0.2714108100069,-0.0644112744188,0.1857765361716,-0.4334248336096,0.4862277073519,0.0576537186204,-0.1683652397563,0.2991511701513,0.2943282137299,0.5206833494393,0.1679774446940,0.2915017750520,0.1271083779983,-0.0940398433411,-0.0480640940681,-0.3002243105887,0.2042678060803,-0.0864387480123,-0.2857935979028,-0.0423887515532,0.4818588829015
0.0754201411056,-0.1421570694821,-0.0234200499331,0.4898204677248,0.1341424550979,0.3377500643479,0.4275032715034,0.3191055095259,0.3272754438649,0.6919722930138,0.4609543373097,1.0000000000000,0.6951064898584,0.0372239130573,0.4155944806910,0.4453495250553,0.6947001390009,0.5495466703001,0.0799612632548,0.0849709897346,0.6856184709500,0.3768405539217,0.5193823334615,0.4487243088064,-0.0722660538724,-0.2485621889203,0.2565843287413,-0.3480493023090,-0.1918359517661,-0.1756712136060,0.4452217074292,0.1787845035716,0.4021684534594,-0.0594658231096,0.2020560995227,0.0108989173556,0.4506737867727,-0.2574864589728,0.1517373289726,-0.0100972095838,0.1261022145457,0.4860750726097,0.2772418814284,-0.3251166151739,-0.3516490607673,0.1063543743213,0.0817612698507,0.2826851526737,0.1369352723557,0.3061269846496,0.1576659807330,-0.1854912681036,0.3130702520464,0.1953995062312,0.3197137867385,0.2635299837979,0.3193039270763,0.0209322576296,0.1750312646405,0.1307561205579,0.3276520423946,0.5728354311394,0.7055760572369,0.4497005752402,-0.0544516745752,0.1422194807480,0.0539939910883,0.4915223321734,-0.0053586400614,0.0645045857129,0.4727079396920,0.4364571149712,0.4066350093215,-0.0433678050875,-0.0212168586008,-0.2449796659612,0.2664522998374,-0.3817761558613,-0.2455037390103,0.3310727754594,0.2467658305314,0.4562926203682,-0.2583167114950,-0.0690889222412,-0.3198688560800,0.0032124914608,0.3800453966367,0.2447340005565,0.1177371664202,-0.1957024827353,0.2259491488485,-0.0135816577771,-0.2826416397793,0.0502280150355,0.1717293891656,0.2044185205236,0.0229963720076,0.0015194028365,0.2519923511521,0.3710159594551
-0.0748718147930,-0.1567542991941,-0.0494362447843,0.3047290627332,-0.0783245665650,0.0667739249700,0.3227759044276,0.4457675259334,0.4386460892457,0.4946688020292,0.2513968250754,0.6951064898584,1.0000000000000,-0.1161356631006,0.2473819630447,0.4098424869764,0.5873592135682,0.3739563272343,0.1850449309868,0.3268590192861,0.6158302892134,0.3253227744767,0.4477073856600,0.4317028707280,0.1460971722500,-0.1283284914671,0.4104837126653,-0.3045953164761,-0.1131083780026,-0.0691968258751,0.3911975663428,0.3126260511211,0.5861994218391,0.0552269200738,0.1631122243369,0.0928459265433,0.3785714797040,0.0047501992162,0.1270476642354,0.0574732556376,0.0358707766378,0.2503287518921,0.3628842698913,-0.1654578788405,-0.1317619071571,0.0946781847143,0.1176767141207,0.0882289666115,-0.0338992185279,0.0670400360651,0.0208976191607,-0.1622768146376,0.2307969896355,0.0934019337717,0.0885985934781,0.2379564339099,0.4749610299540,0.0444542382230,0.1729124019565,0.2615313281823,0.0903342338562,0.3330947701694,0.4175767302330,0.7595876562874,-0.1290605750706,0.0726765486813,0.1483662373440,0.4286914001869,0.0303780904075,0.2037455653114,0.3027475702410,0.3221162251775,0.3384771421313,0.0971607092015,-0.0513216081616,-0.2782674220198,0.3808432132135,-0.2972628894442,-0.2230460413894,0.2994388691210,0.2653668101592,0.4718128347565,-0.2741338877403,-0.0369093212954,-0.2947646311385,0.0667813752291,0.2933615609038,0.2521095274431,0.0006511704194,-0.0781351463952,0.1420246498691,0.0638167940291,-0.2077627678886,-0.0850100714811,0.1505880264692,0.0128860783717,-0.1188265569815,-0.1241733409898,-0.0197008546955,0.0673114694177
0.6498406689647,0.4017850033110,0.2737804251884,0.0180445488280,0.7346387820625,0.4765545719252,-0.2330826088396,0.0949568833900,-0.0544752681041,0.2692210093089,0.2966048779498,0.0372239130573,-0.1161356631006,1.0000000000000,0.4768111216452,-0.2438509896408,-0.0319801459408,0.2118575996007,-0.2990767853684,-0.1183664662190,-0.2084459459234,0.1830563717019,0.1399106396586,-0.2034735441601,-0.0048052189364,-0.0582329629300,-0.1888277439734,-0.0592532976673,-0.0491836790026,0.2496290435015,-0.2183590046102,-0.0021602425845,-0.2284010270175,0.0841512683180,-0.0059761499903,-0.2926848364568,-0.0850708221381,-0.1273489650369,-0.0835014005620,0.1048348895299,0.4092110431697,0.4615377084891,-0.2186100312347,-0.1810544711272,-0.0371938138690,0.2797700240098,0.2719038351139,0.0781622151976,0.5345737306696,0.6566765814724,0.5414968257590,0.4759835354142,-0.2033439389932,0.2698301746651,0.2555876305046,-0.2309558312624,0.1606815051785,0.2381063180046,0.0425929036421,-0.1650544904991,0.0665340667617,-0.0754686113211,0.0721091900886,-0.2301937413527,0.4216782184644,-0.0894719338083,-0.1437431081650,0.0336840073573,-0.0438249517460,-0.0757533541481,-0.2457036873855,-0.1710067224313,-0.0594961292944,-0.1027613764640,-0.0059238227146,-0.2283617607500,-0.2194369343639,-0.1104919337859,-0.1668798805557,-0.3161214474700,-0.3726556999224,-0.2362625909722,0.0853973854137,-0.0277738465764,-0.0067541694386,-0.1841000501040,-0.0964349069823,-0.1233674190874,-0.0299313437280,-0.1365225926979,-0.0070252343108,0.0286250733558,-0.2882932920102,-0.1991049420744,-0.3482603280726,0.2433210705928,0.4036926949782,-0.0873865257815,0.1806998506962,0.1239705547602
0.2568161664836,0.1591735121299,0.3072779507409,0.6572341966350,0.3786227506700,0.7080354489820,0.4718397830070,0.1745960051033,0.1104881444473,0.6096515556953,0.4607745674287,0.4155944806910,0.2473819630447,0.4768111216452,1.0000000000000,0.3612201174280,0.4157275483764,0.4388649586283,0.0236652656917,-0.1292177086082,0.3429225287983,0.1317745771245,0.1786031616213,0.2680811943946,-0.1413720285350,-0.0678773677225,0.0010627916401,-0.3391161134517,-0.3477864102004,-0.0549965992920,0.4263918227789,0.0996238948435,0.1679079478140,0.0700093883538,0.4012827377722,0.0641942540748,0.3817120625043,-0.1395335720444,0.5330585371006,0.1965304916777,0.2780193962322,0.6753003031681,0.5067311897620,-0.1672280696338,-0.1139724320782,0.1537683592970,0.2540077808072,0.5547144143900,0.2648993642314,0.6799526564905,0.2604892825962,0.1019734905477,0.1589498354608,0.5332871139688,0.5004482402409,0.2891889695741,0.1072759295702,0.0117657282351,0.0399648026818,-0.0340072306474,0.2108018905918,0.2065529062198,0.2296687465019,0.0243583140346,0.0820359688027,0.4764283300613,0.0826331975473,0.2334161487308,-0.0254323832830,-0.0146905966662,-0.0025409532709,-0.0559085180537,0.2126452874522,-0.1864611317264,-0.1089967289726,-0.2321084274653,0.0190824085285,-0.3328501384345,-0.3998960685526,0.0364758417629,-0.0730685804821,0.1717777129375,-0.0932319189737,0.1882713745555,-0.0744672453280,-0.0049112059923,0.3234939530274,0.3058961382794,0.2671337828107,0.0641985309569,0.5580161785754,0.1268874056064,-0.2027941739270,-0.0429623281472,-0.0634617217975,0.4172762306624,0.0374084663105,-0.2427114720438,0.2627862169774,0.4120671456219
-0.2335099652903,-0.3590378935818,-0.0506642549943,0.7429959084899,-0.1255211228107,0.2884960168585,0.8267184852114,0.3631990807586,0.4482576534738,0.4355770028261,0.3008600903374,0.4453495250553,0.4098424869764,-0.2438509896408,0.3612201174280,1.0000000000000,0.5589616697776,0.5650374204884,0.7018802946698,0.2979505373259,0.7177718528055,-0.0473803900828,0.0205610874221,0.7225602804974,-0.1008137453738,0.0284720024412,0.3092683759972,-0.2835937500299,-0.3888820286428,-0.2811410052512,0.7937323361347,0.1689958278769,0.4013253656794,-0.1556723468140,0.7133756308411,0.6349873323799,0.5096569868500,-0.0209692944043,0.5806282473897,-0.0638750368782,-0.1602292313375,0.1822673585454,0.7045231705383,-0.0327572648176,-0.0590601406536,-0.0501683401490,-0.0139816062019,0.4443878826862,-0.2425848515221,0.0922991615011,-0.0942186720662,-0.4007467456898,0.4664376893806,0.2158926337497,0.3373513077718,0.6864692928569,0.1601817008974,0.0330123142383,0.3326019188957,0.4628485709873,0.0339334515028,0.3308600971872,0.2826683004664,0.1326209988845,-0.3421970142221,0.3117202515570,0.5872008535760,0.4314751783975,0.4585392154154,0.3080871986353,0.4245663254289,0.0543353471243,0.6139700318211,0.0509705227189,0.3352461544068,-0.1073503102342,0.3267528714416,-0.3103752397374,-0.3742722646858,0.6159608024221,0.2763654834993,0.3383427326625,-0.3842002000913,0.3153505701930,-0.1380035651094,-0.0743349342593,0.4951556167426,0.6493195722110,0.4071870324639,0.1298763173097,0.5083258732625,-0.2449808183330,-0.0225364591191,0.1502833097998,0.0339038294829,0.2974146890754,-0.2719818946233,-0.2420506349343,0.0477139481289,0.3724594828285
-0.0502045255471,-0.3086518018374,-0.2216089276368,0.4592414391759,0.1690913056903,0.3228120526969,0.5180770340442,0.2352700018599,0.3802993563399,0.5490425525502,0.6154772086311,0.6947001390009,0.5873592135682,-0.0319801459408,0.4157275483764,0.5589616697776,1.0000000000000,0.7264133154312,0.2373718870549,0.1765898277798,0.5131289866662,0.2522572504644,0.4062297498825,0.6836811940581,0.0184508900963,-0.0514369129716,0.4212981316461,-0.2981327763003,-0.2498500263222,-0.3302785604399,0.6808668041843,0.2115996337277,0.5098246320086,0.0241820917459,0.3873297266871,0.2510726832393,0.5555647261149,-0.1403750264683,0.3776115138849,0.1326060376937,0.1371035365403,0.4159892051222,0.4368987048978,-0.1676447241702,-0.1475225440645,0.1885431043947,0.2353073810937,0.3062575021893,0.0284731523918,0.4684954140941,0.0540494831336,-0.3622462323282,0.2240461425098,0.0874022653454,0.2616214989864,0.3661159166349,0.4149901233338,0.0620424553604,0.1487833446281,0.2700462951296,0.2794897175097,0.4132776559986,0.4434171260805,0.3437636493751,-0.2597113311371,0.2508624143219,0.2998359362423,0.5855733891595,0.1326703078710,0.3644251478208,0.4476073859225,0.1928616085754,0.6042364753035,0.1477401963616,0.1821784514500,-0.1692940234047,0.4451862466742,-0.4070140871385,-0.3611504584196,0.4911524153187,0.1839831306114,0.4562621993956,-0.4057255728334,0.2625013092396,-0.1527731673693,-0.0594724857988,0.4448651472357,0.3952537714240,0.3845585497551,0.0789323486060,0.3648355649048,-0.0016674573668,-0.1299376433179,0.0149732408953,0.0291628580740,0.1628510443898,-0.1352278127036,-0.2033564726000,0.0842617225614,0.4531640370203
0.0925671702349,-0.2145756758900,-0.1722081491854,0.4211930456356,0.3622234603656,0.4382985642107,0.3449741826054,0.4552113624802,0.4957623041819,0.5730816171970,0.6844383474382,0.5495466703001,0.3739563272343,0.2118575996007,0.4388649586283,0.5650374204884,0.7264133154312,1.0000000000000,0.1908995386295,0.2357595854395,0.4477979914973,0.1516748439099,0.2303124204231,0.6674746380066,0.0234364343643,-0.1288311676692,0.3424732070825,-0.3492445060679,-0.3673745796908,-0.2707433607677,0.5877640051674,0.1028314069619,0.2265764646762,-0.1095757966255,0.4654834050162,0.1237658652316,0.5263465932485,-0.2178644666275,0.3562860710794,0.0853383764950,0.1686067173637,0.4254741044492,0.2985697964776,-0.2554803700863,-0.1814270398561,0.2159526931818,0.2268780953892,0.3405135254463,0.1009093520021,0.5380133903090,0.2259764257845,-0.1397777901678,0.2050857676044,0.1539183289637,0.3232024114327,0.2079211781209,0.5085295912465,0.3389907713085,0.4438717853633,0.3935906792321,0.3177923493246,0.4614298469726,0.4517071428495,0.1558262685327,-0.1617457834241,0.1712767234891,0.2925639688778,0.7065902273084,0.2720532142375,0.4159669386916,0.3848721942995,0.0568030296131,0.7057852138650,0.0697914002921,0.3692749327029,-0.2973497861597,0.4196022876168,-0.3577048008392,-0.3994385384049,0.5105822080400,0.0298410896296,0.3082812901894,-0.3140550237056,0.2347236529984,-0.1472129021854,-0.1566706127098,0.5162730906651,0.3415987426337,0.4008794786053,0.0143673940064,0.3593109690329,-0.0765504899854,-0.2532694808065,0.0156260724026,-0.1014386047481,0.3403088774318,-0.0401427668873,-0.1446208310706,0.1747724208105,0.5375399493205
-0.3336335345031,-0.3735728811854,-0.1699806229378,0.3324694458608,-0.2217361209047,0.0006741162267,0.5100428365576,0.3031427823947,0.4938898123970,0.1884350307279,0.0703338992217,0.0799612632548,0.1850449309868,-0.2990767853684,0.0236652656917,0.7018802946698,0.2373718870549,0.1908995386295,1.0000000000000,0.5201652761313,0.3718106634868,-0.1805665798675,-0.1576764972134,0.5618352320992,0.1849086109915,0.3559825220723,0.4290224226829,-0.0595137899305,-0.2685452604482,-0.1590668203781,0.5561878740138,0.1598033640893,0.3564900149477,-0.1310486442404,0.5444185812338,0.8573649706288,0.3090682822083,0.3687508190076,0.4211982210947,-0.0591362915627,-0.1894757828048,-0.1319848589897,0.4577665181186,0.3609627863351,0.3150941713739,-0.0706162252809,-0.0667587881207,0.2229003114494,-0.3274368955193,-0.1192751096217,-0.2566551473163,-0.4197874668501,0.2401448388792,-0.0267812889484,0.0068888094214,0.5095282184481,0.0241592886389,-0.0427558438516,0.1377763901293,0.5910738836288,-0.2031193817255,0.0621513071906,-0.0508240591689,-0.0209179243670,-0.4528295256308,0.1280757347151,0.6096099350623,0.1082327711259,0.6017267135766,0.4311532410355,0.1610661095659,-0.2088718660788,0.4681965794383,0.4081663609318,0.3255263081104,0.1036296484981,0.3649543742263,-0.1014823354723,-0.2786764407457,0.4727249103857,0.1467015639071,0.0947456567663,-0.3876131889994,0.4035292530633,0.0901582517624,-0.1547505161792,0.3058425046684,0.5442534020869,0.2960510736116,0.4158232271421,0.3197246618391,-0.2697290084027,0.3217275147077,0.0062276412586,-0.1445374761752,0.0965675471077,-0.3533735301829,-0.3118093960963,-0.2489095409821,0.0687497090231
-0.1221510198925,-0.2234632037156,-0.2141355377195,-0.0316406114246,0.0509939677086,-0.0799138891609,0.0245717987669,0.6495488625936,0.7471237110443,0.1832078481595,0.0901405727449,0.0849709897346,0.3268590192861,-0.1183664662190,-0.1292177086082,0.2979505373259,0.1765898277798,0.2357595854395,0.5201652761313,1.0000000000000,0.2504178957703,0.0033483499650,0.0000834622384,0.4187171881117,0.6947506100046,0.2614713908470,0.5645785671780,-0.0248643106377,-0.2740535959677,-0.1282636885750,0.2339459362943,0.2233945578440,0.3712234981370,-0.1507775394116,0.2108450196644,0.3424716886993,0.2081640748705,0.5369099764990,0.0666223198532,-0.0594903473604,-0.1426891446488,-0.1352764667483,0.0714950001253,0.3084317139924,0.3759741471609,0.0555890373042,0.0012810125904,-0.0305421243008,-0.2286482269100,-0.0690298172130,-0.0456114660945,-0.0855876628769,0.0467568848498,-0.1112411857131,-0.1958352101288,0.0284896315239,0.4053503568621,0.3782166095707,0.3885266874982,0.7420445995449,-0.1330878724149,0.0943973410733,0.0231851770562,0.1278925529049,-0.4539420281798,-0.1801112282671,0.3088207456021,0.2861586300782,0.5034265492218,0.7511272415069,0.1597725141009,-0.1251702892316,0.4124456869212,0.6392127172318,0.3476792966597,0.0137693677257,0.5123994599348,-0.0957697465898,-0.2426768479252,0.3182689008243,0.0457475878463,0.2051010392954,-0.4072002825001,0.1069380963824,0.1626230662080,-0.1782567378264,0.1905992461805,0.2206676728095,0.0358942984997,0.3657133154353,0.0109938553624,-0.1991142294521,0.2419646245795,-0.1215830254588,-0.1520886416623,0.0270007081753,-0.3497709222621,-0.2634670862614,-0.2845573829105,-0.0674798057775
-0.0154223762036,-0.1564750100971,0.1521377224404,0.6791888306045,-0.1063158003196,0.2533601747501,0.6194063651251,0.4591380216621,0.3574861774804,0.5514358562801,0.1514599265295,0.6856184709500,0.6158302892134,-0.2084459459234,0.3429225287983,0.7177718528055,0.5131289866662,0.4477979914973,0.3718106634868,0.2504178957703,1.0000000000000,0.2118720264631,0.1196748571835,0.5225295248704,-0.1210733359626,-0.2998238084283,0.1616538731170,-0.3082405515114,-0.2635080838136,-0.1114266999839,0.5588855543668,0.0102642833214,0.3084344711411,-0.2941930106270,0.3061138342811,0.1958448950754,0.4108206304312,-0.1992480512029,0.2295113169747,-0.2334141020498,-0.1979502693197,0.2626070227151,0.4844642038778,-0.2651801932928,-0.3011890881889,-0.1623098465541,-0.2093662983355,0.3591681691032,-0.0078083906674,-0.0249560762697,0.0540913319360,-0.1987381721303,0.4257256529531,0.2800256375206,0.3373627118430,0.4167316160540,0.1180901908473,0.0583359850018,0.3102071847693,0.3181695129936,0.1568744347940,0.4994276423715,0.5276097292227,0.2908793818568,-0.1104882015107,0.0945987449284,0.1542868131442,0.4225972302770,0.1901377844773,0.1134239232399,0.5494660101964,0.3834553120406,0.4192469530261,-0.0354708289572,0.0810756616654,-0.2776853765581,0.1644591543719,-0.3166144154840,-0.2388444244687,0.4145613695067,0.3182332473287,0.4335884242029,-0.1816098534093,-0.1685246302091,-0.3386926663725,0.0181468051423,0.4088501447553,0.3419568426448,0.0544974904072,-0.1711502672825,0.2884577759836,-0.2092491755622,-0.2206611443300,0.1871468343807,0.2772192566299,0.2734913873200,-0.0106579371536,0.0305227653118,0.2829006573710,0.2724887768208
0.0192601910237,0.2099977338774,0.0466769015517,0.0322234735406,0.0497153093402,0.0793677925501,-0.0439964401863,0.2052834061826,0.0742555677933,0.4604663280157,0.1891199861772,0.3768405539217,0.3253227744767,0.1830563717019,0.1317745771245,-0.0473803900828,0.2522572504644,0.1516748439099,-0.1805665798675,0.0033483499650,0.2118720264631,1.0000000000000,0.4530104892256,-0.0189695473040,0.0213629980630,-0.1969315010764,-0.0092765065332,-0.0612698964244,0.2768184156846,0.1834452948109,0.0021028357753,-0.0097748531762,0.1385670492361,0.0372752320845,-0.1137721027357,-0.2393563666062,0.0670635775993,-0.1946688685918,-0.1887957848987,0.0892109414512,0.4247230713051,0.1928127570553,-0.1497481086984,-0.2245889055674,-0.1615914948909,0.3359941279941,0.1382534956223,-0.0738313486129,0.5590035031518,0.1234342606975,-0.0690697101887,-0.0941258236117,-0.0484361171700,-0.0486049250501,0.0182065201944,-0.1442204916041,0.2083999383997,0.1369799196809,0.0107279861014,-0.0839718116161,0.4539043422344,0.0950162921871,0.2779698782985,0.2247448510344,0.0915784569230,-0.0720849860733,-0.1607085919105,0.1225159986187,-0.0885856195433,0.0067188292253,0.1201050658940,0.4647866017184,0.0309228753485,0.0598396687544,-0.1008660408740,-0.1881912759816,0.0157270780461,-0.0366706707302,0.0734608005561,-0.0128050357948,0.0570481170115,0.1701770895280,0.0705682153220,-0.1684017456261,-0.1495661916834,0.0928596681819,0.0189116989018,-0.0972543146008,-0.0701205783708,-0.1595063224861,-0.1265359289875,0.2149259423765,-0.2240757617086,0.1557933218261,0.1101413686255,-0.1348815153902,0.3350918126953,0.4034701357501,0.0901066981679,0.1132416226658
0.0045706173411,-0.1569322923798,-0.2138467923508,0.1065926772610,0.1931998694319,0.1545498078179,0.0843565767424,0.0113205424982,0.1366810058571,0.3861875043588,0.4486773728916,0.5193823334615,0.4477073856600,0.1399106396586,0.1786031616213,0.0205610874221,0.4062297498825,0.2303124204231,-0.1576764972134,0.0000834622384,0.1196748571835,0.4530104892256,1.0000000000000,0.1155583997132,-0.0080794678028,0.0771112688202,0.4419761094266,-0.3087869256082,-0.0492510539978,-0.2550040995726,0.0355046963385,0.6211668064066,0.5139859008311,0.5805200125626,0.0234478194308,-0.0457559331678,0.1289010694756,-0.1760286522973,-0.1363662764037,0.4061751569880,0.3852020076406,0.2386053967220,0.0296019704624,-0.1957493699841,-0.2190652280873,0.5608848914184,0.5812025238591,-0.1328419402103,0.0566581546251,0.3394805643317,0.1177211231916,-0.2208069241630,0.1670885554834,-0.0187355026200,0.1043888353949,0.1466978792269,0.3142168696183,-0.0728646541504,0.0093972417730,-0.0470099649549,0.1438815945327,0.1403888306593,0.4063317553832,0.3661851613259,-0.0108861837265,0.1464958749555,0.1439423030104,0.2769726869377,0.0066379495979,0.1025407271432,0.2213987833396,0.4987590246942,0.1691706362240,0.0528810266512,0.0629701498330,-0.0310047124056,0.4298787341225,-0.2671165527460,-0.2035194108085,0.1942487229846,0.3617639011631,0.3834110069154,-0.3907670776370,0.1449793280649,-0.2348122736300,0.2556960925340,0.0128751620478,0.1107296597351,0.1962716840992,-0.2284666522076,-0.1336346665800,0.4188152046989,-0.2341017247268,0.0010169227964,0.0691579794580,-0.1766931604841,-0.0592773226770,-0.1959378944046,-0.0692831458559,0.2371804941927
-0.2240491139659,-0.5111094281951,-0.3108483123004,0.4475175123627,0.0516677021460,0.2035852203265,0.5395626953387,0.3018862139947,0.5887935743780,0.4033428330118,0.4704671825772,0.4487243088064,0.4317028707280,-0.2034735441601,0.2680811943946,0.7225602804974,0.6836811940581,0.6674746380066,0.5618352320992,0.4187171881117,0.5225295248704,-0.0189695473040,0.1155583997132,1.0000000000000,0.0503638261220,0.0699799835211,0.5637342126485,-0.3135002632565,-0.4323029923139,-0.4314716001224,0.7569802740772,0.1756741365868,0.4454062750747,-0.1147273043484,0.5680886489244,0.5082054361663,0.7684580822213,0.0626725196766,0.5610632005357,0.0152016722828,-0.0699362265849,0.2321571217239,0.5474746218789,-0.0305549167877,-0.0138373750394,-0.0034952981925,0.0577269182028,0.4163827003815,-0.2209597437603,0.2476835245429,0.0052279191772,-0.3618308330897,0.3234627362528,0.0731808382553,0.1991794787836,0.4689846602884,0.3404961365353,0.0457913831496,0.3002400032914,0.5706568148454,0.1314752428556,0.4466952740625,0.3490101408870,0.1965942518236,-0.4697669416792,0.3297592315440,0.4809269155407,0.5686796859083,0.4218003448306,0.5359337597681,0.4319832885390,0.0074220207730,0.8823838968194,0.2454124010709,0.3804714262179,-0.0880720925342,0.5943117843722,-0.3206291348332,-0.4348220628734,0.7281318031080,0.1545590826758,0.3831694614955,-0.4979372617053,0.3987165880895,-0.0451113785073,-0.1416098536997,0.7026189498167,0.6218318305855,0.4628852610231,0.2750680149683,0.5311980214928,-0.1468519788611,0.0057832011587,0.0338962995773,-0.0285025937267,0.3028649128631,-0.3476235315407,-0.2754704696246,0.0319006445969,0.4065676294285
