1.0000000000000,0.2350404080619,0.5877018601328,0.1535817808937,0.5210318320268,0.2869294417625,0.2434062330857,0.1044419034958,0.0986444725263,0.0614789986633,-0.0679805146711,-0.0074090568340,0.0195749862849,0.3466106084568,0.0973284855785,0.0778496652675,-0.0639128908028,0.1709365177811,-0.0452628282312,-0.0808515578546,0.0618441172267,-0.2073079657505,-0.1846484911004,0.0162964066988,-0.0910809427884,-0.0010873537636,-0.0678071549897,0.0301440784888,-0.1443796639112,-0.0536185262856,0.0079141279411,0.1198326280344,-0.1603109434023,-0.0566487122030,0.1112286257997,0.1911908741564,0.0501655003440,-0.1217486467046,0.0065204032842,-0.1703660732394,-0.0795758733396,0.1036489752473,0.0466022714898,-0.2042455138459,-0.1610641962582,-0.3089391409643,0.0473210093954,0.3616680292230,0.0434036891621,0.1089718512050,0.7449431665586,0.3665051636176,0.2226253760950,0.4159868219304,0.1739470181472,0.2046357565026,0.0173163636629,0.1806822871002,0.1952386943489,0.2181427042495,0.0077353205320,-0.0726590354789,0.0241645865549,0.0986025806769,0.6132481187678,-0.0371883699636,0.1839090555475,0.1183796624744,0.0949884872189,-0.0680900632285,0.0458047351625,-0.1038913339289,0.0472761327349,0.0243941431367,0.1646993540491,-0.0562912365881,-0.0187468087889,-0.0600936261289,-0.2161511224141,-0.0645396561078,0.0688841696955,-0.0379201752823,0.0015825820797,-0.1392216366097,-0.0685543863740,-0.0458540702143,0.0095108702036,0.0943515701513,0.0126963092271,-0.0839471736228,-0.0183049208746,-0.1852523952435,-0.3112383256826,-0.1687930567233,0.1462725681441,0.3265470767638,-0.0377429378876,-0.0022979182592,0.2612392634699,0.2709731348493
0.2350404080619,1.0000000000000,0.5623715129979,0.7935650374410,0.3443346998379,0.1637682405362,0.6188334020310,0.0884330426636,0.0825994379839,0.4899913527552,-0.1298673920135,0.2305947206528,0.1622186665748,0.8091741593499,0.8824008191198,0.6566963415603,0.2221884091257,-0.0994464381369,0.0811432151809,0.2726132771414,0.4477045228061,0.1155279017442,-0.2150955085928,0.3139957161299,-0.0332903946000,0.2435409511103,0.1330215913309,0.2571910779460,0.5906282334934,0.6640118383116,0.4855460491222,0.3715793324339,0.2483900774412,0.2450095233404,0.2429019822192,0.2860861669848,0.0049340637187,0.0301362774288,0.2012456563078,0.6375333590522,0.5281517008909,0.4834476315350,0.6946954395492,0.0699912451295,0.2402495564854,0.2548299510646,0.4982270502428,-0.0414088810228,0.5165836072165,0.6796947463233,0.1215305927049,0.8174922295335,0.4967224698554,0.1673068980272,0.4435910918477,0.3286555990713,-0.3678426723522,-0.3708547231769,-0.1579114822064,-0.1963954945706,-0.2243681635525,-0.1842524857888,-0.4130448163558,-0.4925463795796,0.2771117197380,0.2278062537836,0.2758241518027,-0.3125982679033,0.1006014169700,-0.5169708802313,-0.6486391729079,-0.3071807537848,-0.1368878866484,-0.4093946179957,-0.5979301357364,-0.4443165013943,-0.6752932461312,0.2312336333234,0.4838603438987,0.2286840784585,-0.3892854048205,-0.6310027744461,-0.1633061387764,0.0954404849527,-0.4290087592722,-0.4728999882162,-0.3254931619290,0.2664647702664,-0.4089223376675,-0.4423432553546,0.1969302850648,0.1335804092548,0.1344305083994,0.0720092300562,-0.6480145441619,0.1297224578660,0.4132247911493,0.4085677027610,-0.0140178207631,-0.3843799460924
0.5877018601328,0.5623715129979,1.0000000000000,0.6438179708953,0.6824527504752,0.5376959734051,0.6931274757820,0.1550040382294,0.1435836917257,0.2511331379545,-0.0388807456394,0.1255212548172,0.0457259016939,0.5162647639892,0.4212164034000,0.5235617758846,0.0166336728062,-0.1044743616387,0.1315710877200,-0.0181411688316,0.0738259353834,-0.1582128653903,-0.2815773338990,0.1628991808992,-0.1671204460318,0.0882728809369,-0.0618383934559,0.0923144348832,0.1468608073762,0.1697878355986,0.2219090477611,0.2214014007692,-0.0074681842498,-0.0113224914583,0.1935233327844,0.3584783334281,0.0243761441526,-0.1128165675103,0.1620685865349,0.2289919488134,0.1630339503561,0.2357500393321,0.2923900140034,-0.1507133855467,0.0119121670956,-0.0489443237328,0.1360494181267,0.3884902360332,0.3394455922289,0.3112952311841,0.5907484779798,0.7935343655748,0.5657156879065,0.6649981904067,0.5541961089717,0.6277528978866,-0.1464416139853,-0.0673976799600,0.1245112909344,0.0278458854063,-0.0591165993695,-0.1182603736877,-0.1135699528813,-0.1445519248727,0.5362254882763,0.2497644909129,0.4227297292528,-0.0255848797646,0.2142567202397,-0.3061161423575,-0.2722935474600,-0.2643118412079,0.0162318105877,-0.3238895231341,-0.2883556867257,-0.3567953915771,-0.4176602850620,0.1003251609089,0.0671777308860,0.2286346223369,-0.2348586422214,-0.2762904504814,-0.0474594030985,0.0456066574977,-0.3533391814627,-0.3328417082635,-0.0910740324003,0.2924558717970,-0.1665504083514,-0.3519649780310,0.1661912891638,-0.0979425697851,-0.1268823786292,-0.1456036800754,-0.3959185700525,0.4707164691835,0.2941019397039,0.2993938629932,0.1699802329940,-0.2051184850821
0.1535817808937,0.7935650374410,0.6438179708953,1.0000000000000,0.5402628910375,0.4267893772227,0.8104856158318,0.1416599807041,0.1280933571167,0.4475836023140,0.0529890643107,0.2035057771703,0.1927588656239,0.6767431693833,0.8150578069884,0.7980093056257,0.2904555576293,-0.0107641493668,0.1600848592189,0.1654278319062,0.4133973999499,0.0610991377574,-0.1090981295045,0.3518692344228,-0.2059905181660,0.3187432928100,0.1709555663510,0.0941853849949,0.4595558685363,0.3958159543264,0.4709374844659,0.3682191956598,0.3327730674073,0.1164062223054,0.2239059128500,0.2831638536609,0.0511062501542,-0.0843502321156,0.1501405845310,0.5685323413564,0.4427674421236,0.4273517141782,0.6057674504072,-0.0859325545976,0.0868801607956,0.1823664323711,0.3235308599909,0.1193439184212,0.5636877622257,0.6506011395233,0.2396913418085,0.7918978917228,0.7822095297569,0.4006676641077,0.6067629690823,0.6861043682585,-0.2858050900383,-0.3735480143433,-0.0152948749719,-0.2180238413947,-0.1405439766287,-0.0713135319991,-0.3243900827235,-0.3666256786472,0.2869151839065,0.3311532390234,0.4643390786323,-0.1356357378447,0.1775535167610,-0.5098341120615,-0.5076738411274,-0.2598993868058,0.0011933719607,-0.5273236489879,-0.5739782606063,-0.3834705734541,-0.5829678260353,0.1443395501191,0.3369949551870,0.4057727391219,-0.2973675897323,-0.4277230833021,-0.2258752654290,0.1150563972999,-0.5097030348098,-0.4578470231521,-0.2051857099946,0.3865634356805,-0.3125205491946,-0.5572089662730,0.1641767523361,0.0743895116459,0.0114004633750,-0.0487988032878,-0.6249000023884,0.2755870009518,0.4713232165363,0.4734717663040,0.0698284648510,-0.3502671825410
0.5210318320268,0.3443346998379,0.6824527504752,0.5402628910375,1.0000000000000,0.8034365875285,0.7179769257781,0.3532765349273,0.3078511858869,0.3991453710604,0.2034460463000,0.1436293093836,0.2149874829330,0.4509531864312,0.3490465683388,0.4643178475225,0.2192891801103,0.1458389906573,0.1744919753434,0.0702198208021,0.2225125512409,-0.0430862677517,-0.1317259613619,0.2961026437280,-0.1677455877507,0.0274307725342,-0.0285270462937,-0.0734269975337,0.0902838455851,0.0536482268818,0.1400125613669,0.0262888104493,0.0402639960310,-0.1944117556169,0.1464790398092,0.2512092168247,0.0603088799758,-0.2058326646244,0.0380299106247,0.0806517682945,0.2220639038563,0.2219357594835,0.1011040669586,-0.3500003985922,-0.1538056912080,-0.1637032874975,-0.0328037447057,0.5943130228083,0.5473484064520,0.3433535223431,0.7588284203173,0.5026031570142,0.5399143994948,0.7569509288169,0.7386854178383,0.6561049422647,0.0743594707728,0.1282882254310,0.2905775204377,0.1921542291667,0.2358884900365,0.1133242389327,0.0553028512599,0.0786643301459,0.4801015662787,0.0877837006402,0.4445755151602,0.2564173819436,0.2945382886288,-0.1525202004852,-0.0541937202972,-0.0927437875311,0.2095403692688,-0.2319404101774,-0.1718493070605,-0.2762465340807,-0.2981259807347,-0.0861780715038,-0.0073279928044,0.3107635609618,-0.0764411261439,-0.1309712574330,-0.0880532241163,-0.1152470398198,-0.3929598067382,-0.3417609268228,0.0268396505914,0.2812239844153,-0.1702531244502,-0.3616604914464,0.0609462852871,-0.1753943129652,-0.3435120071188,-0.2456477579616,-0.1780976024439,0.6477878527730,0.4101318649626,0.3905244246874,0.2184342685404,-0.0203015914133
0.2869294417625,0.1637682405362,0.5376959734051,0.4267893772227,0.8034365875285,1.0000000000000,0.6437751560593,0.4970329803378,0.4918928721163,0.3815665106390,0.4258845673973,0.2254997606146,0.3692446863209,0.2168053801439,0.2342514392615,0.4348204551142,0.4228357716249,0.3254052018998,0.1880687835810,0.1175688065360,0.2459350138683,0.0365683893394,-0.0424615325163,0.4535890565600,-0.1334473454280,0.0545419830351,0.1824376473516,-0.1282006035024,-0.1097979879099,-0.0458984879864,0.2997722290342,-0.0015695228018,0.2452880076452,-0.2518612969036,0.2270955981911,0.2403589294404,0.2046457131267,-0.0747695374528,0.2311051302962,0.0033196798457,0.0508354498802,0.2165195708484,0.0244454961692,-0.3064039546692,-0.0705316973392,-0.1348295552698,-0.0918915725994,0.6931411708716,0.3572806462746,0.3522266941670,0.5916312186498,0.3110851374691,0.5536406116817,0.8036049654587,0.7951593216088,0.6853900139072,0.2732516092459,0.2747430874728,0.4846700831782,0.2641064997102,0.3111360575933,0.3262421003020,0.1919618835469,0.2670175614449,0.2913016247709,0.2346259422745,0.4110895133917,0.5108159371742,0.3741458396773,-0.0167531192552,0.0976719658319,-0.0053452219747,0.4544336056230,-0.1659629878266,-0.0974993215799,-0.2786658555347,-0.1091376525255,-0.1367491870676,-0.1991217966745,0.4940807055289,-0.1107448229322,0.1278748836524,-0.1008094218992,-0.0670165527939,-0.3315064966975,-0.3799409935381,0.2904686783845,0.3635903844213,-0.0132372159501,-0.2574431744818,0.2640094113826,-0.2516660870096,-0.3308006605230,-0.3654106101788,-0.1939435728133,0.7309505875031,0.2280601784021,0.2549392321882,0.3145745553637,0.0959084242872
0.2434062330857,0.6188334020310,0.6931274757820,0.8104856158318,0.7179769257781,0.6437751560593,1.0000000000000,0.2851917953573,0.3011478187322,0.4366502442917,0.0388034967636,0.1725265057931,0.1498332238517,0.5516736387285,0.6481143561309,0.7867121834989,0.2523422660319,-0.0200733025578,0.2958706627557,0.2263567289515,0.3126230026714,-0.0727807020909,-0.1514131927385,0.3972332473233,-0.0765001949335,0.2038621537180,0.0829220517907,0.1091837360310,0.2778840293478,0.2600491533209,0.3599519067849,0.2565150229565,0.1978587638199,-0.0272418281067,0.2141005635366,0.3963245512207,-0.0731447169538,-0.1271477214331,0.1289783793035,0.3755962051200,0.3350782775260,0.3164755415217,0.3750484437075,-0.1221422907023,0.0268141367577,0.0703706079607,0.1942625386853,0.3349023651494,0.5051941032663,0.4889500313529,0.4303799370307,0.6252602845004,0.7346926562344,0.6580278692859,0.7761599974086,0.8178949284337,-0.1728559428548,-0.1476189600168,0.1069652377081,0.0129523675797,-0.0023005215306,-0.0507208584386,-0.1924916820125,-0.2255032387801,0.3767639139655,0.2752046762124,0.5985727754131,0.0101952359483,0.3491419942775,-0.2923245528061,-0.3435102496486,-0.2643524553553,0.1563028888329,-0.3575085584289,-0.4155645706612,-0.3131249786919,-0.5070604096149,0.1136109679215,0.1902228689939,0.4580415132027,-0.1662731771467,-0.3201778974616,-0.1831323558713,0.0479609896979,-0.4009285104967,-0.4538088516068,-0.1626919812502,0.4129103199254,-0.2541093029706,-0.4139358937039,0.1677458969098,-0.0384914438007,-0.0706714722428,-0.0420944299549,-0.4812835920990,0.4667712108069,0.4165932707841,0.4479954236185,0.1203417707695,-0.2464887355247
0.1044419034958,0.0884330426636,0.1550040382294,0.1416599807041,0.3532765349273,0.4970329803378,0.2851917953573,1.0000000000000,0.7593797991217,0.3157007200690,0.3657781244450,0.2446612733863,0.4959558177208,0.1071072491537,0.1072895531351,0.2997783786001,0.5473729191430,0.3738697097638,0.4297259449149,0.4812881880077,0.3003332400834,0.0651838916539,-0.0323215011173,0.4808361436822,0.1793438425101,-0.0043789956374,0.2289950069650,-0.1014211410850,-0.1757085965101,-0.0338515311815,0.2465937868007,-0.0661998825098,0.2809655209018,-0.2347071535506,0.0693382312376,0.1979298584317,0.0921112213272,-0.0483841360202,0.0784928612918,-0.0606746680583,-0.0503355240015,0.2055502750057,-0.0384035659711,-0.2871731521039,-0.0429704650919,-0.1286096768243,-0.0453010182641,0.3949286012583,0.1228967096599,0.2684724176372,0.2637447662815,0.0668799209436,0.2158617978572,0.3514965249807,0.3634129931474,0.3160234873469,0.4538113754800,0.6946517247672,0.5220715875792,0.6649920064696,0.3503805707875,0.3752763883039,0.3182875883411,0.3745692720248,0.2063331139615,-0.0222911993750,0.3112683060557,0.5512617425605,0.4325735322250,0.2977070316928,0.1057851541245,0.0335209728998,0.4580877975429,0.1186607541265,-0.0044053219005,-0.3037989924247,-0.0512387369695,-0.1425450483681,-0.2373527437530,0.3403997918197,-0.0610696810041,0.0848110378102,0.0487981290006,-0.1786589990398,-0.3361042586973,-0.3289391015473,0.1783692745684,0.0936818180546,-0.1346457460013,-0.1642145345699,0.1155463311561,-0.1823255322436,-0.3839051545922,-0.1518016539327,-0.0276791235967,0.3790026982668,0.0631514453364,0.0496240461451,0.2890453533478,0.1486473193796
0.0986444725263,0.0825994379839,0.1435836917257,0.1280933571167,0.3078511858869,0.4918928721163,0.3011478187322,0.7593797991217,1.0000000000000,0.3832995320471,0.3322925027184,0.2935441912779,0.4313133134802,0.1422636422820,0.1419970990950,0.3879119074596,0.4626093004588,0.3459753586641,0.5580203964232,0.5032957976758,0.3420353205339,0.1286482133249,-0.0226385651009,0.6051610633474,0.2708975483873,0.0483466050927,0.2539683891992,-0.0160574307998,-0.1845840377041,0.0069026629656,0.2819321816739,0.0279636494723,0.2465284825894,-0.1252594908393,0.1156605566261,0.3473233473411,0.1347830794839,-0.0357569264004,0.1045853532268,-0.0637674521189,-0.1270271596492,0.2676117026146,-0.0326093102808,-0.2536070499831,-0.0852142810542,-0.0470737649574,0.0951240637331,0.3270608691951,0.0211558755798,0.2910271484670,0.2273851022924,0.0235526666637,0.2809105801099,0.3939856057591,0.3984745001198,0.3075910495115,0.3177777328828,0.5247838601555,0.4927690506124,0.8029044284142,0.3810689413095,0.2926524516131,0.2949329899395,0.3453767475185,0.2177350793049,0.0109813133580,0.4491076467306,0.5195405130937,0.5520209430582,0.2982795714549,0.1547736965787,0.0490472959531,0.5824071232973,0.1557158357834,0.0590522652879,-0.2812040124011,-0.0783023532389,-0.0717464214245,-0.2047572302231,0.4150238594943,-0.0648746047269,0.0661005517214,-0.0597915232204,-0.0908037573275,-0.2881094035016,-0.2347782355581,0.2659447911255,0.1680140589026,-0.0237451582923,-0.1744005158560,0.1250086171917,-0.2236731268785,-0.3264426595966,-0.1161700763616,-0.0105437839774,0.3680046066376,0.0080608102234,0.0111225873479,0.3087682457143,0.1831985195964
0.0614789986633,0.4899913527552,0.2511331379545,0.4475836023140,0.3991453710604,0.3815665106390,0.4366502442917,0.3157007200690,0.3832995320471,1.0000000000000,0.4252643801452,0.6674825699586,0.4919513001006,0.4917456634139,0.6092361351713,0.4070944158415,0.4459569571555,0.2770298795689,0.1652905085068,0.2035718837750,0.6095560820736,0.4667236173240,0.1631703993352,0.5596034163513,-0.1622304448093,0.1370741849326,0.2306016964516,0.0337293670708,0.2868514536261,0.2830861179176,0.3908501095225,0.2622435747159,0.2772584155612,0.0186249396816,0.1990919450392,0.1819216916670,0.1782637040059,-0.1659454775677,0.2227637594930,0.3676045179037,0.3685202549793,0.5254811427804,0.3575031854606,-0.2538582850369,-0.1553569334062,0.2232074029042,0.2494758046402,0.2911689024059,0.4478422694708,0.6952543540461,0.1085611418660,0.2854338406341,0.2596047209762,0.2662748050360,0.5113463070858,0.3166141912065,-0.0947011243212,-0.0449761925536,0.2461188968865,0.1466856965736,0.5478238245852,0.3034853160423,0.2430663996433,0.1333653156368,0.0920598032320,0.1002026728005,0.1580822243122,0.2148477098575,0.2555487698263,-0.3257589758656,-0.0543352179761,0.1764694061635,0.3219092287499,-0.2843930245514,-0.2998097008433,-0.2673950354721,-0.2987654500501,0.0783647877831,0.1758112040045,0.3412299323814,-0.0869328754636,-0.2546476107920,-0.0779936008700,-0.1123424638762,-0.5211381346265,-0.3216306079578,0.0721156423137,0.2446537519977,-0.2461190682054,-0.4485658283874,0.2196651675487,0.0866204373203,-0.2150582992050,-0.0296396055896,-0.2089402390204,0.3433915172792,0.2531659218854,0.4922878137091,0.3803825555416,0.1152574762309
-0.0679805146711,-0.1298673920135,-0.0388807456394,0.0529890643107,0.2034460463000,0.4258845673973,0.0388034967636,0.3657781244450,0.3322925027184,0.4252643801452,1.0000000000000,0.5674298766204,0.5189151982314,-0.1087634137776,0.0433948747132,0.0045762135136,0.5421110412062,0.5233972226220,0.0421277563317,-0.0109115665664,0.3744243089040,0.3273918608072,0.5848265461739,0.4456941484644,-0.2631091026672,0.2216420961220,0.4674917851602,-0.2785761052601,-0.1826300300991,-0.2723605142006,0.2347306470378,0.1115781106725,0.3954261483910,-0.2642930764457,0.2115577446313,-0.0114525637011,0.3344689052588,-0.0499049949223,0.2400674225321,-0.0395114642572,-0.0607189487770,0.1809401621382,0.0254282646052,-0.2096919311781,-0.2307303035769,-0.0141851186396,-0.1712590196692,0.4317140762661,0.0865530857115,0.3125026717470,0.1645450393376,-0.0722617146602,0.0858655388191,0.2325322682863,0.2659367917986,0.2205317771231,0.3649824467323,0.2564423877988,0.5267432700629,0.2080961723198,0.5244014279027,0.8261059328757,0.6043982601959,0.4907321939932,-0.0440145137670,0.1720846857124,-0.0570575974699,0.5972102287273,0.1632335806776,0.0264182763050,0.4152385853572,0.5077389891884,0.5480254081913,-0.0786148434369,0.1580510307671,0.0498487841101,0.2929391909849,-0.1649422015096,-0.2559637734510,0.3145134801149,0.1800709680999,0.4085918695265,-0.0341488117248,-0.0886884115116,-0.3142374460843,-0.2081324851685,0.4290931761328,0.2069307819846,0.1811896576542,-0.2039952102704,0.2300202088370,-0.1000905405201,-0.2882689128982,-0.2890290382321,0.0652650928465,0.3744650417597,-0.0703779890482,0.1051233011705,0.3428397081937,0.3984666810068
-0.0074090568340,0.2305947206528,0.1255212548172,0.2035057771703,0.1436293093836,0.2254997606146,0.1725265057931,0.2446612733863,0.2935441912779,0.6674825699586,0.5674298766204,1.0000000000000,0.6112866151484,0.1733332512671,0.3271916191933,0.1280566726094,0.5408649930213,0.2311379323450,0.2025849326316,0.0102112665788,0.5450860288835,0.6175823871102,0.4908796544069,0.3659804263296,-0.1652815008078,0.2403690219098,0.2377904325777,-0.1010982655187,0.0809349010087,0.0037046241751,0.2101051915646,0.2030539339338,0.4386845788262,-0.0575573053603,0.1053644626251,0.0233006467088,0.0420896474881,-0.2291604549906,0.1197084106953,0.1270086641750,0.0607009034525,0.3070748185941,0.1377293749157,-0.2117478505195,-0.2158439522657,0.1561319676857,0.0807409409167,0.1580771916541,0.1556328202285,0.4725959853268,-0.0025080357745,0.1335451264950,0.0425472870282,0.2105194047289,0.3295640227625,0.2165459910490,0.0752266978997,0.0480747054938,0.2635814449406,0.1668157304937,0.4167839656138,0.5033427138921,0.5659098075318,0.3319310770527,-0.0267771574600,0.0776218898097,-0.0138529758226,0.2840547948240,0.2214789077532,-0.2087984813531,0.2103386485105,0.4666142741716,0.3099738214169,-0.2008537763770,-0.0415116906223,-0.1028624634018,-0.1308905465066,-0.0271580042286,-0.0389686848096,0.1838779396140,-0.0461528295627,0.0475275222705,-0.2324699204146,-0.1478026852030,-0.4256061711691,-0.2049444271079,-0.0201770367561,0.1304907307770,-0.1053164002182,-0.3694137241531,0.1267363854481,-0.0194494217308,-0.1720123173884,-0.1676883324848,-0.1492137061740,0.1794664633067,0.0460942718182,0.2550966230420,0.2364201565525,0.1675695664219
0.0195749862849,0.1622186665748,0.0457259016939,0.1927588656239,0.2149874829330,0.3692446863209,0.1498332238517,0.4959558177208,0.4313133134802,0.4919513001006,0.5189151982314,0.6112866151484,1.0000000000000,0.1248210253093,0.2468793359091,0.1266570550121,0.6877606851390,0.3377206801657,-0.0067781810735,0.1428660528339,0.4201806607427,0.4352761912538,0.2183190548739,0.3320984722864,-0.0716936189462,0.1741309066590,0.2308938806128,-0.1664670468430,0.1145504037589,0.0584780929866,0.2295451817099,0.0976326690980,0.5960330414683,-0.0795818097721,0.0772734434206,-0.0890901079805,0.1389217172484,-0.0799597905690,0.0854782247252,0.0987223984411,0.0908592898842,0.1633533304883,0.0911759160831,-0.2082403853073,-0.1152448817597,-0.0127618157012,0.0566559457539,0.2093288126118,0.2247330089895,0.4011245780908,0.0267044758318,0.0117080077928,0.0345767073306,0.2413288266783,0.2783758219117,0.2279085740207,0.3832664922113,0.2376817255690,0.3072996031174,0.2717078737491,0.3222065515524,0.4450532399271,0.4297830755421,0.5527446677440,-0.0984601060800,-0.1238613547753,0.0248703033396,0.4056657296569,0.0874104784350,-0.1473134695976,0.0670588975106,0.1595894825485,0.2672808195192,-0.1413779353743,-0.1751386787377,-0.2099423890419,-0.1133880319681,-0.1727365845497,-0.0758436547934,0.1394968519775,-0.0159703369676,0.1437877130854,-0.2740255782734,-0.2544918831012,-0.4018385144164,-0.2448978415707,0.0716104614556,0.0596222484714,-0.2839106594122,-0.2925686143514,0.1040876480915,-0.0233226045462,-0.2278145977624,-0.3061023637071,-0.1268393968853,0.2322919845634,0.0447486931246,0.1616174648497,0.1906633695324,0.0749174767083
0.3466106084568,0.8091741593499,0.5162647639892,0.6767431693833,0.4509531864312,0.2168053801439,0.5516736387285,0.1071072491537,0.1422636422820,0.4917456634139,-0.1087634137776,0.1733332512671,0.1248210253093,1.0000000000000,0.7973797979117,0.6242968323701,0.1979672767725,0.0205699588230,0.0602401657256,0.2384457201187,0.4502303632642,0.1400735057276,-0.2490842500889,0.3157058861309,-0.0364060177538,0.2072752134044,0.0589629120937,0.2755778946687,0.5386426309459,0.6446137663426,0.4543689327559,0.3537662390652,0.2036874510348,0.1969362034774,0.1415240704854,0.2680506974737,0.0606859061871,-0.0367580696082,0.0865917852782,0.4837802217697,0.5277625103670,0.5173124591883,0.5113501702276,-0.0661998281992,0.1176247464385,0.2703818969291,0.5377140020311,0.0258924619385,0.5936496914479,0.6614016646050,0.2420333776143,0.6656164795542,0.4801997375021,0.1609779656750,0.4134211008288,0.2605361262353,-0.2932189493096,-0.2524744564301,-0.0374874306060,-0.0781423920163,-0.1156561631267,-0.2193150613759,-0.3637805933640,-0.3951014844199,0.4968868999551,0.1460735883121,0.3244890023344,-0.1900657265179,0.1240953545339,-0.4546567486476,-0.4741871216182,-0.2240357596440,-0.0560209099468,-0.3231473472731,-0.4334977704742,-0.4072674236464,-0.6188052496638,0.1852111208233,0.4062591788607,0.2586773602346,-0.3187192899500,-0.5295808529885,-0.1622220141621,-0.0439780538676,-0.4162849837547,-0.4283463791703,-0.2181937322114,0.1978745130932,-0.3564737310950,-0.4636406386975,0.0686093888370,0.0210915777146,-0.0100324808128,0.0883493743285,-0.4306541146539,0.1449585158985,0.4563098284692,0.4042514915578,0.0260910190571,-0.2426130033499
0.0973284855785,0.8824008191198,0.4212164034000,0.8150578069884,0.3490465683388,0.2342514392615,0.6481143561309,0.1072895531351,0.1419970990950,0.6092361351713,0.0433948747132,0.3271916191933,0.2468793359091,0.7973797979117,1.0000000000000,0.6966106248022,0.3664786528903,0.1121161662206,0.1008518148180,0.3202408438717,0.6445513029219,0.2146034632728,-0.0441952034919,0.4546033996678,-0.1001483634394,0.3934628979989,0.2922303503171,0.2348386418999,0.6029408867838,0.5954377517152,0.5839071082521,0.4965708723485,0.4227913566484,0.2596928246348,0.2487559536429,0.2722435218315,0.0490415630551,0.0490564537124,0.1763849527026,0.6480293330655,0.5256621233747,0.5080333716280,0.7264592364454,0.0252460887630,0.1879827056807,0.2899333220785,0.5203693522018,-0.0237641822874,0.5356373360415,0.8115985022147,0.0381710402541,0.6457890129807,0.5030041488748,0.1444749526061,0.4667609466043,0.3607199109445,-0.3575362849365,-0.4197909504069,-0.0646727849623,-0.2323517123173,-0.1061717958829,-0.0471677159902,-0.3497235888860,-0.4302461133823,0.1932379670908,0.2955798689440,0.2527394418434,-0.1905305713659,0.1441772116836,-0.5130803846328,-0.5322162667834,-0.1847237668258,0.0025887848045,-0.4447264334587,-0.5428333013609,-0.4035543838913,-0.6062237653970,0.2396421390581,0.4492840430878,0.3447741979459,-0.3172749254849,-0.5181876142732,-0.2658963436159,0.0102027214661,-0.4801268013634,-0.4790601232481,-0.2589514243315,0.2931793037464,-0.3616698128012,-0.4884917020260,0.1807277233497,0.1030865132021,0.0868007795587,0.0301153568778,-0.6060060178645,0.1412979000094,0.3854027378130,0.4827798336417,0.0610925028629,-0.2215930863803
0.0778496652675,0.6566963415603,0.5235617758846,0.7980093056257,0.4643178475225,0.4348204551142,0.7867121834989,0.2997783786001,0.3879119074596,0.4070944158415,0.0045762135136,0.1280566726094,0.1266570550121,0.6242968323701,0.6966106248022,1.0000000000000,0.2735192602442,0.0084659203258,0.4892568251880,0.4577595376404,0.3799606195711,-0.0290101577610,-0.1911009050124,0.4895705071886,0.0890923602802,0.2607224300045,0.1685077256375,0.1294329067014,0.3312499761616,0.3770935013328,0.5977429197964,0.3856277774759,0.2965882407577,0.0576576189885,0.3316479436874,0.6088424431548,0.0109010541196,-0.0170353352474,0.2172250658919,0.4729237488144,0.3647006354683,0.4687684922759,0.5511356989301,-0.0197478699490,0.1395725577484,0.2171229495234,0.3693422589852,0.1505035554883,0.4570701720419,0.5872855942630,0.1984446116707,0.5962958860176,0.7616187182783,0.3818252888961,0.5752980951165,0.5979850950089,-0.2522736371532,-0.2155237646256,0.0149222937270,0.0391114350043,-0.0752471637531,-0.1113674793318,-0.2968670259077,-0.3318516328248,0.3110706274395,0.3331695719703,0.7687325663460,-0.0477959162339,0.4692672769136,-0.2229089473234,-0.4582331077688,-0.3162858433460,0.1642080512606,-0.2612589013965,-0.4374297864681,-0.3586411633848,-0.5359117909239,0.0996178360653,0.2509206295085,0.5946759759694,-0.2258147531876,-0.3814153847487,-0.2133059726710,0.2478500056275,-0.3717334558537,-0.4833048129614,-0.1320590219470,0.4373061258027,-0.1666121071443,-0.4131225222435,0.2060687853796,0.0028460998686,0.0207601919216,0.0412631110536,-0.5234198065614,0.3042972323881,0.4190022045820,0.3872757516549,0.1230458524306,-0.3044958346762
-0.0639128908028,0.2221884091257,0.0166336728062,0.2904555576293,0.2192891801103,0.4228357716249,0.2523422660319,0.5473729191430,0.4626093004588,0.4459569571555,0.5421110412062,0.5408649930213,0.6877606851390,0.1979672767725,0.3664786528903,0.2735192602442,1.0000000000000,0.5533601106971,0.1930058986073,0.3042924603106,0.7151164626490,0.3635987966429,0.2419133055432,0.5152704768460,-0.0294340389523,0.3052865802084,0.4262576326728,-0.0755578296173,-0.0225676685337,0.0921413046477,0.4640982665233,0.1048770559978,0.6479830802866,-0.1381241079119,0.1856300698636,0.0107751099020,0.2241379038615,0.0584249184536,0.1501386946862,-0.0174235372550,0.0123050479752,0.2695199725428,0.1842812632354,-0.2285309809186,-0.0014451880516,-0.0317029949451,0.0990204654790,0.2170969310710,0.1639451516158,0.5287993593543,0.0733236199882,0.1149446617950,0.2446479593710,0.2114250023781,0.3293108781718,0.3081248918041,0.4211323723626,0.2622868199782,0.4705324573966,0.2144265537364,0.2336550306933,0.5367238107107,0.2975483969729,0.2742008173378,-0.0180955390297,0.1483999062458,0.1207461660795,0.5480710965982,0.3346310893872,0.0039218592904,0.1635555005397,0.2154745507918,0.3639162132631,-0.0830779589550,-0.0169166588935,-0.2509422739631,-0.0729684778567,-0.1177474889220,-0.1654540198142,0.4526101805159,-0.1039656525985,0.2193566855145,-0.3142193330323,-0.1882654022127,-0.3367479829104,-0.3874650220299,0.1570991957393,0.2168580821595,-0.0971144185109,-0.2346323757616,0.2102123567928,-0.2690878254016,-0.2868498228688,-0.2935160705382,-0.1804979666208,0.2710329604106,-0.0063112187277,0.0599776568193,0.1710665709963,0.2201362162048
0.1709365177811,-0.0994464381369,-0.1044743616387,-0.0107641493668,0.1458389906573,0.3254052018998,-0.0200733025578,0.3738697097638,0.3459753586641,0.2770298795689,0.5233972226220,0.2311379323450,0.3377206801657,0.0205699588230,0.1121161662206,0.0084659203258,0.5533601106971,1.0000000000000,0.0082950258732,0.2327733608891,0.4564092968106,0.1752145138479,0.3010310612277,0.4788135985553,-0.0993234139256,0.2466694688950,0.5020794677910,-0.0605032749500,-0.2192845133640,-0.1489683995222,0.3871360617530,0.1895666206122,0.3873559459121,-0.1870111155993,0.1790893137067,-0.0225111658299,0.3581654629602,0.1127977168779,0.1444981498792,-0.1564028647626,-0.1322898208801,0.1312782028360,0.0050273901536,-0.1966177367096,-0.1489265230855,-0.0921660505353,-0.0169699957424,0.2948920716236,-0.0048408686945,0.2907724265528,0.1838853499199,-0.1706595397333,0.0984608977796,0.1325514347310,0.0779799310886,0.0984255304605,0.4049353933655,0.3396144205860,0.5462494712054,0.2080679290245,0.3052486594761,0.4966499580862,0.2616384205533,0.3692800077958,0.0481868694157,0.0931733224998,0.0227488683446,0.7147659854275,0.1666731674622,0.2337171143635,0.3991748677460,0.2797579673001,0.5614081823300,0.0793395595583,0.3459575824580,0.0755514779801,0.3555041578009,-0.0360786332610,-0.3120857744473,0.3960996993919,0.1586271398798,0.4687266915359,-0.0149073508341,-0.1751985364676,-0.0601564924641,-0.1328768192691,0.3964579324916,0.1169464386852,0.1590814582274,0.0599088878458,0.1606398618941,-0.2958267446089,-0.2748107462336,-0.3078238877404,0.1805600392878,0.2685796453465,-0.1653764770842,-0.1029096968912,0.3391003736222,0.6392094511585
-0.0452628282312,0.0811432151809,0.1315710877200,0.1600848592189,0.1744919753434,0.1880687835810,0.2958706627557,0.4297259449149,0.5580203964232,0.1652905085068,0.0421277563317,0.2025849326316,-0.0067781810735,0.0602401657256,0.1008518148180,0.4892568251880,0.1930058986073,0.0082950258732,1.0000000000000,0.4728489821574,0.2158900430606,-0.0497213056796,-0.0165615064677,0.2745899863021,0.2978361713657,-0.0072181350508,0.0087237525826,-0.0020284929777,-0.1668244004132,-0.0569742157990,0.1312568768759,0.0450145224876,0.0043787810009,-0.1246865571998,0.1177077335295,0.5248279607402,-0.1674924425994,-0.1809886059918,-0.0380472985062,-0.0646189599370,-0.0691663781760,0.2302295739472,0.0669808621230,-0.2059913233681,-0.0663020192372,0.0074613607248,0.0421822081641,0.0767298684754,0.0006286525092,0.1303673785842,0.1042334711216,0.1008982690360,0.2785930111573,0.2456495504779,0.2551435268599,0.2997879087897,-0.0713506390437,0.2108777795621,0.0920426585501,0.5123976172122,0.1614756426710,0.0716043781399,0.1300074692750,0.0267508298535,0.1500773386006,0.1046434881784,0.6036664262402,0.1899212173122,0.7339053435910,0.3609815458520,0.0533745159294,-0.0351073918982,0.2434581882409,0.1611757011160,0.0749430420320,-0.1869478241313,-0.1589493247987,0.0158834167279,-0.1331821688474,0.3442372354134,-0.0538889031499,-0.0917742365220,-0.0303102597221,0.1868903091396,-0.1599206768937,-0.1277521838333,-0.0518710337189,0.1442393160612,0.0451159333847,-0.1020708666703,-0.0235902135449,-0.1834183446351,-0.2055071439450,0.0647992160326,-0.0899028206092,0.1311262557144,0.1064156484668,0.0406617413610,0.0912279194370,-0.0095155306183
-0.0808515578546,0.2726132771414,-0.0181411688316,0.1654278319062,0.0702198208021,0.1175688065360,0.2263567289515,0.4812881880077,0.5032957976758,0.2035718837750,-0.0109115665664,0.0102112665788,0.1428660528339,0.2384457201187,0.3202408438717,0.4577595376404,0.3042924603106,0.2327733608891,0.4728489821574,1.0000000000000,0.3432854787570,0.0374861060357,-0.1284896405373,0.4719878185962,0.6809248573047,0.2146615414145,0.3809380852184,0.2463979907843,0.1461475686981,0.3032968684544,0.4067806217438,0.1635643612998,0.2639933740858,0.1226144782183,0.2541494107009,0.3203408487161,0.1293424247371,0.4035833554096,0.1329473038722,0.2284558752311,0.1333340805979,0.1419848150477,0.2685098526032,0.1915699908576,0.4184785191291,0.2312277957145,0.3296218030745,-0.0009287939371,0.1457407668657,0.2536282285156,-0.0212619087341,0.0142404489641,0.1572962095127,0.0374952199651,0.1449844595065,-0.0110740383044,0.1128736899190,0.1436886519823,-0.1012164405472,0.3267167922360,-0.0189189793577,-0.0404699238135,-0.2454777508399,-0.1936346206805,-0.0104016982016,-0.0953137103896,0.3652397296254,0.0765950798219,0.3187077296591,0.4444920523283,-0.2859466445139,-0.1242583768966,0.2312465944689,0.4630463876909,-0.1635844509326,-0.2849837129658,-0.1142999522169,0.1344178383731,0.1106796103420,0.3542319654501,-0.2256543547039,-0.1876772480192,-0.1056460877522,0.0590963388852,0.0534558381874,-0.2232605555545,0.0336461083490,0.1175765157879,-0.2192271419702,0.2019542178629,0.1554858680663,-0.0163225798176,0.1243472674915,0.1750030381431,-0.2403901815006,0.0858528972013,0.1595977979296,0.0398692478356,-0.0716695312449,-0.1119698287572
0.0618441172267,0.4477045228061,0.0738259353834,0.4133973999499,0.2225125512409,0.2459350138683,0.3126230026714,0.3003332400834,0.3420353205339,0.6095560820736,0.3744243089040,0.5450860288835,0.4201806607427,0.4502303632642,0.6445513029219,0.3799606195711,0.7151164626490,0.4564092968106,0.2158900430606,0.3432854787570,1.0000000000000,0.4059739459513,0.2795548636160,0.5596153842951,-0.0600009973825,0.4775533711541,0.4873091308959,0.1239433784225,0.1850778417296,0.3221709623984,0.5253306229736,0.4166271170739,0.5933141786744,0.0993822693653,0.1851034143891,0.0997802502197,0.1365529422509,-0.0025389798972,0.0484369486487,0.1455530276053,0.1321595699706,0.4462605540872,0.4280300060143,-0.1952697884841,-0.0003593835471,0.1183092407964,0.3774734761669,-0.0035993673107,0.2086553890898,0.7381939393382,0.0659903940301,0.2292619474228,0.2390579036789,0.1088082517294,0.2797707082638,0.2107978545509,0.0649439583291,-0.0571163867242,0.3303730064942,0.0708458630384,0.1520335891187,0.3521833845560,0.0669073774727,-0.0893610540536,0.0523203095025,0.1295460362557,0.1020348704609,0.2179382457271,0.3494800240654,-0.1710106836268,0.0149998336017,0.2575291456684,0.2853939967583,-0.1279829281533,-0.0516047210564,-0.2396444330620,-0.1886753967943,0.0691993888051,0.0285975176476,0.3816055974001,-0.0827624223641,-0.0487291285738,-0.3049069391495,-0.2166962155174,-0.4121066020512,-0.3878721797633,-0.0041079998712,0.2871689867173,-0.1486250492819,-0.3860836001211,0.0718262021652,-0.1766870630323,-0.2293543670424,-0.1336584832199,-0.1834408669222,0.0832832457691,0.0279844525205,0.1889822455948,0.1937151832402,0.2744297632351
-0.2073079657505,0.1155279017442,-0.1582128653903,0.0610991377574,-0.0430862677517,0.0365683893394,-0.0727807020909,0.0651838916539,0.1286482133249,0.4667236173240,0.3273918608072,0.6175823871102,0.4352761912538,0.1400735057276,0.2146034632728,-0.0290101577610,0.3635987966429,0.1752145138479,-0.0497213056796,0.0374861060357,0.4059739459513,1.0000000000000,0.3149016447673,0.2254714322965,-0.0718860116381,0.2144567461702,0.2474696438945,-0.1034129663249,0.2906923507108,0.1925232687928,0.2092284750702,0.0587893236461,0.4268291222437,0.1056541770478,0.0118293727571,-0.1560861915569,0.1895507826076,0.0076216583957,0.0085240024627,0.1148705542885,0.0991600540616,0.0941633571593,0.0429125244909,-0.0664346950169,0.0108047727185,0.3196371717637,0.0775387482914,-0.1181276753370,0.3003686399063,0.2934223626276,-0.2309736859336,-0.0568975639278,-0.0863347676391,-0.0522316138862,0.1293060911228,-0.0453630863066,0.1666208779325,-0.0462717597325,0.1015458820246,-0.0295485684649,0.3141417336968,0.2623306725056,0.2765868485682,0.1924835815659,-0.1898629071110,-0.0323572056586,-0.1993665075169,0.1536948170971,-0.0105665067418,-0.1626676011106,0.1491309962608,0.4972281228989,0.1340145198655,-0.0770241604909,-0.0444803857289,-0.0263942707989,-0.0300054953141,-0.0883115783629,0.1435016496895,0.0923666042354,-0.0919827239163,0.0689561682421,-0.0787152262181,-0.1371051935000,-0.1494040899243,-0.0210290684697,0.0482397055778,0.0669658850385,-0.0826993908375,-0.1709268680903,0.0125671919727,0.1050512959791,0.0102863548620,-0.1040834668889,0.0001547866516,-0.0558377327591,0.2649280998900,0.1639218524885,0.0373845434947,0.0560038417337
-0.1846484911004,-0.2150955085928,-0.2815773338990,-0.1090981295045,-0.1317259613619,-0.0424615325163,-0.1514131927385,-0.0323215011173,-0.0226385651009,0.1631703993352,0.5848265461739,0.4908796544069,0.2183190548739,-0.2490842500889,-0.0441952034919,-0.1911009050124,0.2419133055432,0.3010310612277,-0.0165615064677,-0.1284896405373,0.2795548636160,0.3149016447673,1.0000000000000,0.1303183491051,-0.2166378947758,0.3874096851335,0.3493237110239,-0.3198550013245,-0.1008214349867,-0.3747193204845,-0.0365177553803,0.2726603705546,0.3532431195140,-0.2169408897890,-0.0564412428790,-0.1730925182348,0.0408295196902,-0.1824469466604,-0.1551134080716,-0.0352352703153,-0.0840334631576,-0.0299507989767,-0.1084850714711,-0.0501430713006,-0.3874989400411,0.0863635035547,-0.2207761302883,-0.0416591411850,-0.1642672163132,0.0459951108432,-0.0900370832395,-0.2066245882826,-0.1167860049180,-0.1110704880051,-0.0265073586993,-0.0265795018789,0.0755697280098,-0.0278314373045,0.2146074445710,-0.0294510582223,0.2714622020739,0.5584714649749,0.5024713318166,0.2671188653506,-0.1771860481861,0.0222421888537,-0.2017977441736,0.2301703820884,-0.0070802620861,0.0618684534173,0.4032186205248,0.7134302271597,0.2792050464238,-0.0025938344349,0.2408112044283,0.4977458473866,0.3559881060342,-0.0814309023682,-0.0960934166215,0.0882657195860,0.4680639724705,0.3935701152845,-0.1540516170173,-0.1623405408472,-0.0861212261742,-0.0133463598547,0.1265651778109,-0.0070711612019,0.2072344876481,-0.1102131652020,-0.1302560175599,-0.0118400903703,-0.0237300717821,-0.1267963796253,0.1850535162311,-0.1112747967394,-0.2128450254449,0.0150680280183,0.1573693023144,0.3626184615647
0.0162964066988,0.3139957161299,0.1628991808992,0.3518692344228,0.2961026437280,0.4535890565600,0.3972332473233,0.4808361436822,0.6051610633474,0.5596034163513,0.4456941484644,0.3659804263296,0.3320984722864,0.3157058861309,0.4546033996678,0.4895705071886,0.5152704768460,0.4788135985553,0.2745899863021,0.4719878185962,0.5596153842951,0.2254714322965,0.1303183491051,1.0000000000000,0.0039997554838,0.2637724637666,0.4777838551810,0.0658779332578,0.0262010625675,0.1738164781933,0.5868421486191,0.2682901936072,0.3575197332937,-0.0484815189134,0.2961834609684,0.2489886616633,0.4060276440872,0.0740931421059,0.3626441277968,0.1976572099116,0.0673014632567,0.4434368242065,0.2839224739332,-0.1762223739290,-0.0048120030725,0.1490997094534,0.2299359301657,0.3457708772376,0.1707622442687,0.5551406054070,0.1863793064213,0.1528430365891,0.3863471645621,0.2789215492784,0.5033724465019,0.3107045918526,0.0666822157106,0.0848791187024,0.3754873590811,0.2966368313984,0.2744376620160,0.3641034306178,0.1178071601446,0.0194897431605,0.1682284046979,0.2253121251199,0.3043212237127,0.4289663205095,0.4137922192291,0.0309459898358,-0.0543509417025,0.1243681022995,0.7471241642432,-0.0723399699451,-0.1804763910111,-0.1543079291857,-0.1251980680462,0.0373576393069,-0.0241611854788,0.6155807782975,-0.0766952198119,-0.0945217924988,-0.0858153664470,-0.0020322748497,-0.3663776413152,-0.3477668934549,0.4046167236571,0.3727766853074,-0.0424990059520,-0.2833061731520,0.3758385788341,-0.0776693598077,-0.1627956091780,-0.0522954632698,-0.1800462273772,0.4116510037670,0.0651791615925,0.1871558299617,0.3744187892775,0.2014108169236
