1.0000000000000,0.2239504642947,0.4979599413073,0.4487235893687,0.6472915260596,0.2870913685111,0.3066654077963,-0.0730028771121,-0.2307837155008,0.1828355301357,0.2119384882872,0.1977908631877,0.0761350616331,0.4581678305399,0.3325931144342,0.1745449273381,-0.1075088320144,-0.0731342347866,-0.0835527727403,-0.1964551261752,0.1053654936776,0.0582939807541,0.1344906248791,0.0067530022285,-0.1440486286665,0.0246706788854,-0.2070245258481,-0.0750503298375,0.0699088286809,0.1804655846145,0.0047104191448,0.0763926767026,-0.0550709210535,-0.1004927338772,0.0953848702888,0.1810152444558,-0.0617044902230,0.0471875703422,0.1864126866096,-0.1926939888122,0.2177625667576,0.3022286227551,0.1091652702665,-0.0724365164953,0.2200611339850,-0.1298410419302,0.1893392551870,0.1645573015429,0.3025070001661,0.4087446490514,0.6955136729069,0.6442047510276,0.3605185682279,0.4430224368778,0.1840240283657,0.2500350453076,0.0008325578039,-0.0990877585843,0.0449393180524,-0.0886672573491,0.0689282318288,0.1767034585729,0.2077992409873,0.0982235749710,0.3974017402329,0.1640169413789,0.0168565402876,0.0229909300129,-0.0264837183601,-0.1350818304452,0.0315677222706,-0.0578406350003,0.0588883790184,-0.2980585852432,0.0206037950885,-0.0773683880829,-0.2706868422801,-0.1790824374016,-0.0645996261852,-0.0014902164366,-0.3139976994741,-0.0794573431027,0.1153948556586,0.0378908846471,-0.0511640449486,-0.3370263362825,0.0567133556553,0.2106646378447,0.0909371570504,-0.1085053444580,0.1826530467058,-0.2833737518173,-0.0584336810566,-0.3094417534359,-0.2693710237468,0.1504026582889,0.2921975227309,-0.0664240676862,0.1223714721917,0.1158990900837
0.2239504642947,1.0000000000000,0.4099081219818,0.2740112587114,-0.2008470858229,0.1773964871309,0.0201682161564,-0.3781109386692,0.0621378166058,0.5067383841594,-0.1249776482152,0.2817531725870,-0.0332265057507,0.6068334417633,0.6263096304396,0.0741855891160,0.2479218594254,0.0207291303748,0.0508365660676,-0.0684047024109,0.0216683924530,0.0726976305561,-0.1268034423564,0.4226489852662,-0.4749808292782,-0.2772699747212,0.0280730544242,0.5378134635795,0.1035157748216,0.3994924126598,0.0971248295887,-0.1002218741222,-0.1052895633733,-0.2253174722019,-0.0763825291825,0.0954866017570,0.3990688604191,-0.2731053537948,0.0583201107795,0.3923298538701,0.4380835391943,0.1944420215781,-0.0118244981899,-0.1984141506467,-0.4848847037285,0.4540200570232,0.2072987246346,0.0004321741231,0.1797008476228,0.1973149640846,0.3120872865270,0.4681593957012,0.1854770802582,0.0823200572386,0.1033462198257,-0.1101170220276,-0.1554232283338,-0.3981702201787,-0.3506500279718,-0.2492960461445,0.4246681776878,-0.1540005471639,0.0871141663736,0.1056224942213,0.4762098345296,0.0669553467569,-0.1417360039054,0.0571159423793,-0.4440515991466,-0.2375222866705,-0.1980846456804,-0.0408651687752,0.1831496779773,-0.2362661217224,-0.4768742851795,-0.3220179880746,0.1045226173866,0.6522016590038,0.3337630119733,0.0133603805686,0.1420515968171,-0.2241912109060,0.0433983738465,-0.4510621386944,-0.5347379276808,0.3468911801304,-0.1822595754404,-0.0781827950130,-0.3892959889925,-0.2858440794634,0.0065200193347,0.2545435393760,-0.4524825244205,0.1236000752617,0.3734062626173,0.0861043220600,0.5350506561603,0.0858864428759,0.4378665204871,-0.0980414901104
0.4979599413073,0.4099081219818,1.0000000000000,0.3082075204067,0.4100826249144,0.5491184011308,0.4397426186249,0.1392297585150,0.1683316514733,0.1900411315800,0.2280454912383,0.1405273923724,0.2318650896332,0.4574130104893,0.3424120062654,0.4893884461445,0.3141575185831,0.1880653501000,0.4465872594189,0.1691862914501,0.0061053046846,0.2101792197416,0.0364885685140,0.1358953879716,0.0168275781213,0.0725984119944,0.0800586387686,0.2315166604509,0.1453767889166,0.1466377141261,0.4225697492814,0.3124844798014,0.3121356882313,-0.1491215627918,0.2723736121768,0.3225405924036,0.1838465907244,0.2666875650727,0.2352401243438,0.1676479153865,0.2549414721019,0.3012983913707,0.3773727540570,0.1364548581458,0.0402317078433,0.1398112068286,0.5143948118374,0.2860332986817,0.3346294562562,0.1752853157898,0.3516489250090,0.5233170109530,0.3232582400817,0.6933910827405,0.2566509363938,0.3067845915230,0.0454023133569,0.1405307057296,0.1903449842178,0.2572556973183,0.0411479469257,0.0977650985129,0.0712802400527,0.1139266569888,0.0644756131759,0.2567593018928,0.2179831019674,0.2664314961263,0.0974296163363,0.1418282080195,0.0162869775393,-0.1262884971859,0.1227811255406,-0.0167948493021,0.0280950887341,-0.2237961918966,-0.0974822425707,0.0145217259583,-0.0302190141421,0.2999783649503,-0.1182371453199,0.1257181133591,-0.0177765198339,0.1186952765889,0.0756794829695,-0.2190033330529,-0.0779615383621,0.2794630977654,-0.0635862383992,0.0361310062126,0.2129233915271,-0.1691427603723,-0.0028173804295,-0.1009813352565,-0.1554150650588,0.2977501269160,0.2333263826538,-0.1618021597147,0.0638253487419,0.0062402454114
0.4487235893687,0.2740112587114,0.3082075204067,1.0000000000000,0.5019485179381,0.5053036402318,0.7234530195822,-0.0185829310292,-0.1115076082446,0.3024217453146,0.2454691554761,0.2697523844360,0.2263079769302,0.3812750845533,0.4713507776326,0.4101204840420,0.3025916111780,0.1056293157646,0.2473154249126,-0.1477188459079,0.4248040775878,0.1809414442169,0.1640831380704,0.2531957289582,-0.1775161758460,0.1032908710151,-0.0486097883558,-0.0523314509036,-0.0095701597108,0.0259988244256,0.2440173202068,-0.0858882016781,-0.0021270727866,-0.2596807206938,0.2882008229472,0.4477220944312,0.1255779208553,-0.3003270267822,0.0331417543061,-0.1885282681788,-0.0310389950667,0.1347614301047,0.0447602570532,-0.2202825874486,-0.0851838629724,-0.0613146067599,0.0272042561395,0.0648305351356,0.1394088365544,0.4393635869801,0.6217696478411,0.4375444424520,0.7042550104562,0.4323784344152,0.5308246015912,0.7230952502158,0.1998450623976,-0.0087769762895,0.0101019491139,-0.0631728866183,0.1178158816661,0.2780347739387,0.2774903048912,0.1505038703019,0.1146751844013,-0.0251579865913,0.3433790838489,0.2965581998550,0.1127351495910,-0.0476159756926,0.3393171813359,0.2391494308204,0.2057009877317,-0.2028371064934,0.1639346160925,-0.2094377025655,-0.3160382626301,-0.1582409303363,-0.0505926821219,0.2556863403791,-0.2447243864216,0.0026566850244,-0.0911396946739,0.0442481614982,-0.1803869512030,-0.3516782914237,0.0782634513112,0.3614251115988,0.1145211328832,-0.3206509964084,0.0364178011860,-0.3812698016648,-0.1382377099422,-0.2263605420078,-0.0315430689496,0.2261408265613,0.1772849814704,0.0913890081752,-0.0178312322880,0.2825412955420
0.6472915260596,-0.2008470858229,0.4100826249144,0.5019485179381,1.0000000000000,0.5890223436810,0.5950011487544,0.1861517412831,-0.1027561653378,-0.0358487258857,0.3508770711326,0.1352082736417,0.2242168094340,0.0778700159456,0.0164970691425,0.2671986103267,0.0160953960878,0.1094507614510,0.1134232213362,-0.0776003013761,0.1267723398440,0.2272926186496,0.2427236608336,-0.1526158602772,0.1160668093329,0.2755307016784,-0.0087890623707,-0.3035299344237,0.0387913064810,-0.2396803922489,0.0936227688924,0.1707607278903,0.1336590849151,-0.0018777251340,0.3523079919985,0.2609087439900,-0.1332244850735,0.0933612237619,0.2338554503283,-0.1940608985109,-0.0059701565762,0.0869659850404,0.1213244393715,0.0481630913684,0.2702474830164,-0.2395415882475,0.0649800755701,0.3872145329122,0.2567858030562,0.1829117277689,0.5814027993850,0.2872736567400,0.3612825639131,0.6427822759564,0.5430961565458,0.5495724795128,0.1433642939529,0.1134093757775,0.2098010272404,0.1550004044839,-0.1252043766540,0.2677027433801,0.1951251715218,0.0343306463433,-0.0829223347795,0.0404235808821,0.1794530367871,0.1210653292074,0.1916169286195,0.0561268889584,0.2086322283292,0.0756298184999,0.0185513482014,-0.0995617416951,0.2165751561266,0.0178864285280,-0.2383412815934,-0.4613184608146,-0.3308446864325,0.1165230463380,-0.3031750107375,0.0753866452372,-0.1489277267885,0.2027972250768,0.1222055083478,-0.4569413832722,0.1499838488839,0.4757552404260,0.1813718241804,-0.0220117097851,0.2796823277298,-0.3269155597805,0.1232759851898,-0.3393021117207,-0.3655084455763,0.3889722475477,-0.0676635487255,-0.1610466215573,-0.1867550314514,0.1410011341925
0.2870913685111,0.1773964871309,0.5491184011308,0.5053036402318,0.5890223436810,1.0000000000000,0.7773603763648,0.0669431215723,0.1286305625915,0.2851647232798,0.1781812078392,0.2302711455027,0.2195914623801,0.2417226025125,0.2415414466920,0.4294222933604,0.3998846042430,0.2966382259230,0.3915830857597,0.1167459951620,0.1836918676714,0.2546411960204,0.1311149348621,0.2909445261932,-0.0546852785176,0.1208506706179,0.2167128431689,0.0798695252723,-0.1131233856044,-0.1874228946021,0.3797763633098,0.1147930402184,0.2757497738195,-0.1757968880261,0.4566051561834,0.4105778261319,0.3060302242859,-0.1212557509114,0.1778884964152,0.1126017954272,-0.0554530468105,0.0144904138126,0.0250936008191,-0.1478023432689,-0.2292923330618,0.1168592175664,0.1334729892824,0.4776883209694,0.2874723239750,0.0848630328409,0.3948137171008,0.1617176033826,0.3784025503474,0.7798537876492,0.8496078457403,0.6073704831968,0.1948682961864,-0.0119678642852,-0.0097696270936,0.0987177090623,0.1375743007155,0.1426548292475,0.1656469790994,0.0625743822140,-0.1726394563623,-0.1328714743322,0.2603651260528,0.2775420682532,0.0238891998428,0.1530720218140,0.1766934448851,0.1341375301944,0.2223228440018,-0.0240737569878,0.0049613479092,-0.1818094765646,-0.0835007120691,-0.0162592226895,-0.1891277342654,0.3357491363266,-0.0480154107456,0.1412669700969,-0.3367545897079,-0.0418899819859,-0.1196425126060,-0.1947526725997,0.0318770883053,0.4636260179378,-0.1787736278824,-0.1923147741320,0.2023489614168,-0.1885135530647,-0.2157076529939,-0.1237223507228,0.0253101190221,0.6591813970411,0.1258891389591,-0.0932487877214,-0.0664533763958,0.0145148412240
0.3066654077963,0.0201682161564,0.4397426186249,0.7234530195822,0.5950011487544,0.7773603763648,1.0000000000000,0.1104923080413,-0.0694140310155,0.1641432548911,0.2300402137646,0.1472077660908,0.1870834929071,0.1783063440534,0.2419545640398,0.5094674161285,0.2951383481126,0.1346322667297,0.4506414380441,-0.0872829228498,0.3031463554499,0.1985278320084,0.1080351764669,0.1613691392316,-0.0292510012084,0.1806192591406,0.0199872787756,-0.1089194225568,-0.0827086459704,-0.1522371808126,0.3550778729872,0.0009987983573,0.1578919154143,-0.2554974323373,0.5929028214224,0.5138393685434,0.2236841897762,-0.1802259324055,0.1936004157722,-0.1528022362788,-0.1621043948864,0.0585847150025,0.1049689737868,-0.1679523357429,-0.0658866708324,-0.0316629586796,0.0771038538822,0.2955877531498,0.1362643042261,0.2245244578401,0.4235440987678,0.2379980958184,0.5811337802296,0.6295618038028,0.7221000407522,0.8998756168904,0.3005726353212,0.0974069483066,0.0901460381456,0.0859933238173,0.0714717110680,0.2310643531428,0.1720783303641,0.0666675009694,-0.1334891515600,-0.0121862843714,0.4384740367860,0.2485223797216,0.2377930173919,0.0580666747060,0.3656419451860,0.1726705013145,0.1177039333076,-0.0494529005071,0.2744722263236,-0.1752819964138,-0.3489146483600,-0.2751267361732,-0.1528450277420,0.3328570180005,-0.2530890811461,0.1571561155007,-0.1969009206433,0.1892605352715,-0.0061603553868,-0.4092897723324,0.1279628968121,0.6138712952609,0.1420991876981,-0.2610909902373,0.1753331464746,-0.4478948913524,-0.0724764501076,-0.2129747501014,-0.0500839697991,0.4751327659068,0.0031808369885,0.0382637575299,-0.1175173744833,0.3037700607135
-0.0730028771121,-0.3781109386692,0.1392297585150,-0.0185829310292,0.1861517412831,0.0669431215723,0.1104923080413,1.0000000000000,0.5814374631078,-0.0680237667727,0.6031776539399,0.1907540544041,0.6046126561846,-0.2393436749407,-0.3262399458376,0.2738688793452,0.2773701358693,0.5025430533065,0.5138382683974,0.5383457245881,0.0898831882231,0.3639298868368,0.3837174207881,0.0439587071406,0.7504328247167,0.4870924196142,0.3233719916865,-0.0986530490306,0.1546628523154,-0.2204761926366,0.2648496835621,0.4461951637229,0.4558648731880,0.0987882639133,0.0745762619380,0.0722997918973,-0.1683762477118,0.5001310265286,-0.1655762611845,-0.1859602370860,-0.2761191621753,0.1681177548537,0.2257353248055,0.4406638409112,0.5304909653149,-0.1923211674444,0.4134240657505,-0.0205935612772,-0.0322805168641,0.0454673099290,-0.2786515081338,-0.1349565658817,0.0531400712615,0.1146016070237,0.0045073430010,0.0943478161869,0.6043204874259,0.8752952346284,0.8696104425543,0.8304397905733,-0.2457357858574,0.4292195724181,0.2827567885618,0.3391619206861,-0.4800048662637,-0.0229495811429,0.3252637033567,0.4318892284993,0.7732902525595,0.5888914686368,0.3268320766421,0.1628495770294,0.3418613170096,0.6060467420638,0.5431582279266,0.0837503781596,-0.0309716370892,-0.4356931453478,-0.2737630415958,0.3408204217076,-0.2311374223062,0.3139295281983,-0.3193228604258,0.3524870410050,0.5395170499437,-0.4898273178051,0.1736605398907,0.0213397682256,0.1452078292895,0.3395383697990,-0.0848416394175,-0.3571116522130,0.4759471941604,-0.0786397402073,-0.3992661020564,-0.0300147457930,-0.2611697670565,-0.3700970060124,-0.3075429198891,0.2646073412761
-0.2307837155008,0.0621378166058,0.1683316514733,-0.1115076082446,-0.1027561653378,0.1286305625915,-0.0694140310155,0.5814374631078,1.0000000000000,0.1747047615089,0.3718484347552,0.3321240527147,0.4495097223713,-0.1520814674785,-0.1788903431673,0.0950469392721,0.3670387318321,0.5140867277129,0.4980325824252,0.7130949938236,-0.0232378540460,0.3226335338204,0.4120325740034,0.4167882013684,0.5327429219411,0.4060763910659,0.6765666197286,0.2287733457637,0.0334212031251,-0.2033915527570,0.2013441124789,0.3990481819473,0.4202374109353,0.1064203862236,-0.1007677930012,0.0024686557006,0.1771650740963,0.3021220308981,-0.1880193315143,0.3198721804717,0.0178872373012,0.1151175366747,0.0167741872469,0.4597106186804,-0.0154261041337,0.2950274761575,0.4328300473488,-0.0517612761312,-0.1557675372856,-0.0943515010406,-0.2601182034015,-0.2810458275690,-0.1190935736558,0.1271722165170,0.0623301612913,-0.1739935158905,0.4196012703539,0.4232760889302,0.4655818576698,0.7871705118995,-0.0451736750843,0.1010903756356,0.1352259947889,0.2249829747323,-0.3956126803984,-0.1249077153069,0.0529073766768,0.3282975443562,0.3957332236932,0.6253273580503,0.0478903155114,0.1816356859572,0.5484641104562,0.6330216124040,0.0278809669745,0.1046167219414,0.4642682505213,0.1086875458357,-0.2362349344989,0.2852029998567,0.1790553256614,0.1694855313715,-0.4753747345770,-0.1542411229757,0.0763445426301,0.1262048146315,0.1114192275229,-0.1542675605104,-0.2625212633696,0.2447543942589,-0.1199600862431,0.2079748011844,0.2089848475813,0.2636154703974,0.0431806968183,0.0223739136121,-0.1875666145635,-0.4452892824970,0.0085164311955,0.0267581738434
0.1828355301357,0.5067383841594,0.1900411315800,0.3024217453146,-0.0358487258857,0.2851647232798,0.1641432548911,-0.0680237667727,0.1747047615089,1.0000000000000,0.2029526989161,0.7364373456652,0.4440755588217,0.5459539029248,0.5446083624954,0.1130904780127,0.4377631434092,0.2159550586550,0.1086873819136,-0.0761071107485,0.3486397035059,0.4381984968005,0.1673112134043,0.6284273216647,-0.3134841409439,-0.1924295785461,0.1503436612472,0.3215917714332,0.0176384372373,0.2183721288802,0.2267793186364,-0.0463124947378,0.0778598921997,-0.1076480268742,-0.0293121609130,0.0927358803745,0.4749880004594,-0.3303335753087,-0.0390368181826,0.1908761710504,0.2944332097174,0.4809317290345,-0.0525341002828,-0.2650677747789,-0.3438977604461,0.4407872129560,0.3174544947912,-0.0325404704208,0.1959481722426,0.5160838624746,0.2846726460318,0.1559672188200,0.0820979435063,0.1389611107962,0.2539910224924,-0.0178533640246,0.3374196428504,-0.1288569367877,-0.0709551817859,-0.0602257051331,0.7118720889000,0.3020423645961,0.6739372036309,0.4977826384801,0.2126574164345,-0.1060167720299,-0.0981528487972,0.3156641218165,-0.1657603277367,-0.1124422613113,0.1772851116037,0.3574777962456,0.5032689702059,-0.1036078617951,-0.2167445035239,-0.3626782547176,-0.0661465281851,0.3386930697834,0.1251463390040,0.1581528136136,-0.0213050613290,0.0414199957918,-0.0601203662721,-0.4036226826788,-0.4368849356381,0.0258844402322,0.0626188225903,-0.1100851574590,-0.2738946289163,-0.3583683749033,-0.1229139884514,-0.1000858057892,-0.4461388560896,0.0593352786712,0.3778424028783,0.0944304516059,0.2874165128183,0.2740191739482,0.5334022452478,0.2090332709740
0.2119384882872,-0.1249776482152,0.2280454912383,0.2454691554761,0.3508770711326,0.1781812078392,0.2300402137646,0.6031776539399,0.3718484347552,0.2029526989161,1.0000000000000,0.5100913462867,0.5978443378954,0.0417198297560,0.0279135599134,0.2789235695633,0.2282999506804,0.3986084969482,0.3563254054995,0.2727942091286,0.1810217335036,0.4444595940979,0.5379976568428,0.1674747841833,0.4385638365299,0.4245083703854,0.2953478222638,-0.1069985153588,0.2720008964896,-0.1272724764305,0.2041090773788,0.3714131499606,0.2912630983414,-0.0656478491964,0.1373676955565,0.1788735271734,0.0095954703629,0.3299332710802,0.1261677237798,-0.0603255616914,0.1561743194609,0.4312359993851,0.3077312915985,0.3598246179480,0.4566640978511,-0.1625936095899,0.3700146470123,0.1763296277135,0.2546220764333,0.3802741760130,0.1063878825590,0.0872600871380,0.2731836733342,0.2249884470558,0.2135995847181,0.1580800410031,0.4428557417696,0.4737791608302,0.5533883121333,0.5336323094716,0.0523957702970,0.7315744515674,0.4890630116587,0.4319266025493,-0.2004374612365,0.2181498219170,0.1620509630490,0.4521590022402,0.5072781936458,0.3632971339807,0.3610208552514,0.2976948523471,0.4848933918533,0.3679173179028,0.3040572904560,-0.0172249262251,0.0477906240359,-0.4023340455761,-0.1389287922531,0.2523851039048,-0.2974846430441,0.1965379220289,-0.1262883542257,0.1809177182257,0.2708556300534,-0.5080546288703,0.3548133571525,0.1860572517261,0.2713215709156,0.2334928764457,0.1909635949216,-0.2989586967933,0.2931837889489,-0.1554288951778,-0.3512002646589,0.1300261813603,0.0047699646701,-0.2033265271810,0.0459134796594,0.4750129154147
0.1977908631877,0.2817531725870,0.1405273923724,0.2697523844360,0.1352082736417,0.2302711455027,0.1472077660908,0.1907540544041,0.3321240527147,0.7364373456652,0.5100913462867,1.0000000000000,0.5227281316445,0.3517849672180,0.3084632353841,0.0990024226230,0.4779874443859,0.4292528798222,0.1845062739297,0.0377049767933,0.5007425353240,0.6168358217548,0.6079629985791,0.6163638616921,-0.0385306016101,0.1979644977780,0.3355078421906,0.1468489639542,0.0955473701538,0.0141128224277,0.1466943262580,0.1369270343472,0.2032261401905,-0.1185728709128,-0.0721279934261,0.1376917028695,0.3283829186528,-0.1915053305314,-0.1235529824449,0.0748144250031,0.1878578402257,0.3608548722321,-0.1101427659092,-0.0440736560347,-0.1348375825850,0.2697339532856,0.3426508761297,-0.0035390417216,0.1308327891784,0.3496759365096,0.2185763619535,0.0327606631657,0.1267091301187,0.0866218478028,0.2144258381382,-0.0341356997166,0.4788940380312,0.0379903191644,0.1089472939986,0.2115723433308,0.4829291811550,0.5001789059417,0.7621516800412,0.4592448457463,0.0588528847606,-0.1369127673536,-0.0247359663286,0.3836213232456,0.1130668877518,0.1001637791213,0.4780749077194,0.6059800124847,0.6573786814205,0.1443312202142,0.0321882414149,-0.1931807467107,0.0460560158615,0.0557604236193,-0.0450126228183,0.1696741753766,-0.0638188013312,0.1779264785573,-0.2491426978749,-0.3339666641860,-0.2641360083569,-0.1399655614477,0.2412686518344,-0.0959237246275,-0.1284600670368,-0.1977607644363,-0.0587301821389,-0.1342124787398,-0.1656328745070,0.0096777373232,0.2636632002684,0.1142105658020,0.1132347907099,0.0300887309272,0.3552023418043,0.3740339054715
0.0761350616331,-0.0332265057507,0.2318650896332,0.2263079769302,0.2242168094340,0.2195914623801,0.1870834929071,0.6046126561846,0.4495097223713,0.4440755588217,0.5978443378954,0.5227281316445,1.0000000000000,0.1467545575506,0.0965816700146,0.3071888329184,0.5364790621150,0.4965079769651,0.3751979487742,0.3271188779363,0.3043060550369,0.5111113243217,0.3370897298029,0.3085606693279,0.2980488797660,0.2304073851534,0.3303713344164,-0.0901293495479,0.0788319972193,-0.1854548042339,0.3933871438875,0.3305075104760,0.4552662120677,0.0762906521419,0.0691975275115,0.1485697354008,0.1120175985530,0.1932590094251,-0.0424513684396,-0.0183021744196,-0.0075173934021,0.3627635035577,0.2304353851751,0.1674476230972,0.2038280919441,0.0329316204122,0.3682279597470,0.0336394614444,0.0713458745969,0.3610108880302,0.0494691051540,-0.0332709157707,0.1351875911886,0.2259678248542,0.2232172422064,0.1105348947934,0.5615820054061,0.5037902232471,0.5789749039909,0.4920220147753,0.2282825319176,0.5719475663224,0.6392842085191,0.7919982408391,-0.2753873341803,0.0113767246891,0.1961201353183,0.5867599581131,0.3711711891728,0.3330111610534,0.3191769725393,0.3445576821165,0.4745774537014,0.2590568836580,0.2079761999442,-0.1506479011533,-0.0056239400835,-0.2380013578854,-0.2394992458303,0.3946212046615,-0.1127918939085,0.3390210746424,-0.2389337211888,0.0640470602768,0.1717112802003,-0.3318081634241,0.1570783097336,0.0621758910081,0.0428363531550,0.1025693314630,-0.0191079335146,-0.2744923429172,0.0789445233771,-0.0807517552943,-0.1269597601553,0.0623532012709,-0.1138359051926,-0.1014663460576,0.0957723040235,0.3185187018512
0.4581678305399,0.6068334417633,0.4574130104893,0.3812750845533,0.0778700159456,0.2417226025125,0.1783063440534,-0.2393436749407,-0.1520814674785,0.5459539029248,0.0417198297560,0.3517849672180,0.1467545575506,1.0000000000000,0.7344740945043,0.3686111933463,0.3819323818158,0.0979152674725,0.1619241102383,-0.1581709548696,0.3801456862801,0.2264912919397,-0.0344398398554,0.4266211180558,-0.4345220827952,-0.2266082866872,-0.1648754210548,0.3153201289567,0.1449183012511,0.4961238062648,0.3658501973822,0.0484152136515,0.0645160561038,-0.2535891030366,0.1453403360680,0.3746270060844,0.3167867566069,-0.1985125332449,0.0741973467141,0.0401175668765,0.3200125802167,0.2717047608697,0.1002168513349,-0.3171110732984,-0.2110450046869,0.2178323521959,0.2959934316995,0.1473563141904,0.4510350618666,0.4745520744828,0.4786306733675,0.4735632114965,0.2879417680582,0.1443626482081,0.1730854796162,0.0519355228974,-0.0904986154372,-0.1938904451956,-0.1426860911076,-0.2316890458616,0.3543021893725,0.1981168504141,0.3111946954938,0.2632759377627,0.5639293193674,0.0364752255201,0.1545140856572,0.2962499218819,-0.2037638707376,-0.1971627134890,0.1825349007295,0.0948089754926,0.1926436201505,-0.3270358619326,-0.1255406203696,-0.3927949385891,-0.2851996831052,0.2229040240322,0.2478446855020,0.2269453346906,-0.0997959983814,0.0533799779109,0.1051080870879,-0.1777596196557,-0.2964321216290,-0.1586057986035,-0.0827506989270,0.0410401327022,-0.1964409328747,-0.3194570265526,0.0108307125102,-0.2598218912999,-0.4184541345388,-0.1935318538893,0.1358628364133,0.2019972096077,0.5861734539463,0.2043169140545,0.2893495935660,0.1086110598943
0.3325931144342,0.6263096304396,0.3424120062654,0.4713507776326,0.0164970691425,0.2415414466920,0.2419545640398,-0.3262399458376,-0.1788903431673,0.5446083624954,0.0279135599134,0.3084632353841,0.0965816700146,0.7344740945043,1.0000000000000,0.3443762328397,0.2543383768588,-0.0182561658447,0.1322085165304,-0.2416462910146,0.2251741190375,0.0507600832060,-0.1989228735083,0.3778601645835,-0.4749946806176,-0.4114337290057,-0.2363785082026,0.2395085338817,0.0304762356677,0.3543538512583,0.2327832139166,-0.2514873908102,-0.1753877077238,-0.2792114685708,0.1663864095419,0.4487861308044,0.3394889911922,-0.2030506768229,0.3932126584926,0.2228569542308,0.3802161162378,0.3951362019210,0.3475957511153,-0.2065091583553,-0.2182220800101,0.1896503049959,0.1335942972815,0.2908947009263,0.4397601073626,0.6483381527667,0.4568837871802,0.4443938802422,0.3930962923262,0.1066716535002,0.2236656251807,0.1585401241964,-0.1804377459652,-0.2816518207836,-0.2165337967888,-0.3244200752216,0.3531500958605,0.1672203937486,0.2522284858098,0.2487654010831,0.4663127656820,0.2990500830370,0.0479413454455,0.1885578701726,-0.2369992372341,-0.3395315137338,0.0086073661288,-0.0741912370924,0.1535741849907,-0.3854541382497,-0.3191415901460,-0.5912275905302,-0.2761064304085,0.2185615197679,0.2626747543458,0.0295661619452,-0.2768686160060,-0.2487136365478,0.2117250362019,-0.2480924835589,-0.4538108336124,-0.1255764000307,-0.0330142914011,0.1952715955015,-0.0524470434322,-0.2632180375687,0.3224786789067,-0.0690818241037,-0.3422855918120,-0.0738217606999,0.1601174685574,0.2924731434982,0.4822339586494,0.2808669928513,0.3849019214019,0.2579657695702
0.1745449273381,0.0741855891160,0.4893884461445,0.4101204840420,0.2671986103267,0.4294222933604,0.5094674161285,0.2738688793452,0.0950469392721,0.1130904780127,0.2789235695633,0.0990024226230,0.3071888329184,0.3686111933463,0.3443762328397,1.0000000000000,0.5592478349119,0.4463625152231,0.7520508929836,0.2527930175023,0.3668021472173,0.1284870771654,0.0662478854139,0.2553648092730,-0.0360042111633,0.0623147041263,-0.0649154780137,-0.0588385943964,-0.0293907110070,0.0643821978500,0.8176005344611,0.3709146406925,0.5267304523974,-0.2182462354775,0.6416849857749,0.7689641052056,0.1409682422703,0.1832227005651,0.1496128607633,-0.2525197916500,-0.2212532855051,0.1569410516637,0.5288448219928,-0.1439425511550,0.0962340862420,-0.1745838063628,0.3688702513088,0.2422210849472,0.2172615198593,0.3050450647005,0.0818467919861,0.2426923078334,0.5310523669901,0.3296280166240,0.3006915653424,0.5020893474514,0.1220946082651,0.3125758111541,0.3365734778395,0.2254402101048,-0.0789494040223,0.2943212456672,0.1495345710085,0.2716335581196,-0.1077985529705,0.1604908738568,0.7867068497849,0.5524192362636,0.3795232026193,0.2717104650855,0.3764884451814,0.0151303447124,0.2025180371927,-0.1387794753584,0.3593990636040,-0.2806528121192,-0.3951169347381,-0.2711244810470,-0.0623047206723,0.7129681591803,-0.1614177132094,0.4072294232002,-0.1189252574225,0.4801718702716,0.2115151592478,-0.5053364601716,-0.0568450807104,0.4762169561960,0.0775062222709,-0.1792134617760,0.0720252756951,-0.5748348261074,-0.1493322301362,-0.3817736740634,-0.2518265602306,0.2708680997322,0.1088969665884,-0.2039733102031,-0.2043173751859,0.2544579240691
-0.1075088320144,0.2479218594254,0.3141575185831,0.3025916111780,0.0160953960878,0.3998846042430,0.2951383481126,0.2773701358693,0.3670387318321,0.4377631434092,0.2282999506804,0.4779874443859,0.5364790621150,0.3819323818158,0.2543383768588,0.5592478349119,1.0000000000000,0.7379990226110,0.5564104158097,0.3622146723869,0.6564220042684,0.4995061158910,0.3472219883908,0.5964639646661,0.0161262204144,0.1173826886370,0.3337253559934,0.1293544383749,-0.0998563591820,-0.0424121274047,0.7373879499405,0.3300538057144,0.6634774475246,-0.1887339003300,0.2021091642092,0.3493617332773,0.3352260386160,-0.0967284672522,-0.2716210437884,-0.0640382774901,-0.2094838479393,0.0688202957772,0.1183641423506,-0.2010956159746,-0.2108113470091,0.2158784160668,0.3773016244624,-0.0315846450838,0.0098385574929,0.2123606682546,-0.0517155799453,-0.0655947581321,0.2171530089225,0.1966089512723,0.3097723301664,0.1967081490059,0.3125416085481,0.2443780224392,0.1774760483543,0.2336206427362,0.1700210723080,0.3284442645704,0.4308781189616,0.4176954717995,-0.2200291862983,-0.2225224266376,0.4338421705061,0.7228474121185,0.1689244092435,0.3411601769231,0.5132815977930,0.4955473063528,0.4854962511884,0.1491396701426,0.2317466838760,-0.2155652010976,-0.0107678462134,0.0486392516599,-0.0914405152276,0.6521318512082,0.1854072692644,0.5490550510776,-0.3955016353942,-0.0068160950581,0.0126393338737,-0.1696868295504,-0.0374772784705,0.0024642331483,-0.1924640813990,-0.2436760056550,-0.2954338364653,-0.3526250046902,-0.3146532299308,-0.0672810210429,0.2446756702706,0.1316565146455,0.0137137690840,-0.0473264325812,-0.0008965316266,0.1833151400585
-0.0731342347866,0.0207291303748,0.1880653501000,0.1056293157646,0.1094507614510,0.2966382259230,0.1346322667297,0.5025430533065,0.5140867277129,0.2159550586550,0.3986084969482,0.4292528798222,0.4965079769651,0.0979152674725,-0.0182561658447,0.4463625152231,0.7379990226110,1.0000000000000,0.4461574792517,0.5481474721135,0.4662036337946,0.3780485511647,0.4797559264531,0.5444231122003,0.2378954359480,0.2606334771023,0.3745406966154,0.0014795313904,-0.0770576726683,-0.1721799031952,0.5585598423813,0.4071370042210,0.6159587172551,-0.1303968843487,0.1192492921102,0.2678399249354,0.2120547835970,0.0808282389809,-0.2385704767631,-0.0980039219033,-0.2214155430380,0.0216966417489,0.0581417166681,-0.0649818584884,-0.0140536001531,0.0331041335514,0.3062857600771,0.0793604591429,0.0230525328581,0.0833252484030,-0.1350669923315,-0.1694110848508,0.1051163834358,0.1846639045371,0.2414624057216,0.0433345267115,0.3515171279896,0.3278047458935,0.3703413816424,0.3862990834104,0.0424581663140,0.3545925993781,0.3473994369247,0.3716043101066,-0.2524539803812,-0.2215533294241,0.3370022946358,0.7254323525917,0.2665085775186,0.5037121420961,0.4435743821420,0.3615852223172,0.6087994976312,0.2697815135311,0.2531042268581,-0.0154721117120,0.1362451574015,-0.0555962079521,-0.1771793694581,0.6111254147755,0.1002921345946,0.5287643282947,-0.5189365931458,-0.0054325520402,0.0830170612533,-0.2157815274780,0.1382044487015,-0.0095066983791,-0.1548515868067,-0.0658852102581,-0.1884808751361,-0.2657838413958,-0.1819422196352,-0.1969934431301,0.0371864024402,0.2040967548044,-0.0188675266156,-0.2761543361640,-0.0779133856297,0.1612274820593
-0.0835527727403,0.0508365660676,0.4465872594189,0.2473154249126,0.1134232213362,0.3915830857597,0.4506414380441,0.5138382683974,0.4980325824252,0.1086873819136,0.3563254054995,0.1845062739297,0.3751979487742,0.1619241102383,0.1322085165304,0.7520508929836,0.5564104158097,0.4461574792517,1.0000000000000,0.3708200842999,0.1891528504308,0.3249600793235,0.1418221690629,0.2866679249338,0.2465194402599,0.2476183640034,0.2040074888494,0.1106535360844,0.0036365577891,-0.0941053782921,0.6518357049819,0.3315576398790,0.4877607945651,-0.1537880280840,0.4739465062547,0.5779105081541,0.1371581917565,0.1968067220603,-0.0050601372204,-0.0130505998439,-0.2117772969770,0.1630082328969,0.3830428280730,0.1546884778943,0.0236650287723,0.0797063964290,0.4812300344221,0.1067201826233,-0.0064381187231,0.1094603939883,-0.0977331200059,0.0021809757184,0.3779623189413,0.2613372317633,0.2578382112952,0.4244063005662,0.3214053733974,0.4937795438219,0.4823327264368,0.5967780156555,-0.0798075097643,0.2432749089856,0.1593032700175,0.2788104427177,-0.3483613515311,0.1077088019896,0.6967470133549,0.4735668369910,0.5873705946108,0.3933046888415,0.3574961325774,0.1293413299258,0.2822345470293,0.2621192940104,0.3674578937159,-0.2395838619474,-0.1896991167968,-0.1620345296087,-0.0991286621310,0.6150933095375,-0.1049453559397,0.3170948391296,-0.2842158527298,0.3554197815909,0.2193119654797,-0.3147333096931,-0.0501374585977,0.3357334826207,0.0072227450857,-0.0602575621844,-0.0152547505918,-0.3614413976515,0.0908841984722,-0.0143614196247,-0.0888625443704,0.1775991538011,-0.0942980240083,-0.2566038700409,-0.1320110030803,0.3189412176471
-0.1964551261752,-0.0684047024109,0.1691862914501,-0.1477188459079,-0.0776003013761,0.1167459951620,-0.0872829228498,0.5383457245881,0.7130949938236,-0.0761071107485,0.2727942091286,0.0377049767933,0.3271188779363,-0.1581709548696,-0.2416462910146,0.2527930175023,0.3622146723869,0.5481474721135,0.3708200842999,1.0000000000000,0.0232909316818,0.0764236704854,0.4033802530502,0.2770147985000,0.6049831333944,0.4848004120243,0.6604133018572,0.0168211651663,-0.0926763425492,-0.2006343028918,0.4223265187632,0.6817676631793,0.6573122524201,0.1440989383138,0.0113112229054,0.0926998671602,0.0837464891165,0.5865886343685,-0.1708431679840,0.0643896793197,-0.1553891252422,-0.0226029060221,0.1461327391064,0.3888643941543,0.2365528080834,0.0237084969094,0.3579290133006,-0.0155864403786,-0.1075262360760,-0.1127581881433,-0.3355687140953,-0.1618054502720,-0.0668467427127,0.1567727969279,0.0138103873460,-0.1614963741823,0.2283854721974,0.4372714735562,0.4445378630832,0.5851782353771,-0.2047012113058,0.0285450801636,-0.0647154779617,0.0891935317808,-0.3244536950252,-0.1546625386490,0.1749838175259,0.3455991913887,0.3093389010640,0.8408632005110,-0.0213251572748,0.0198553996083,0.3804418020279,0.5066205707941,0.1207931918541,0.2887248412153,0.4646561726400,-0.0605722890548,-0.3441801154658,0.4368087839932,0.2876144019799,0.3502378156123,-0.4024035424730,0.0788645605164,0.3529280099443,0.0393074222745,0.0686658525967,-0.1130982251904,-0.2165981959943,0.3770343110484,-0.1581104627152,0.0591201919485,0.1464968926647,0.0147949851729,-0.1994200703813,0.0271238108343,-0.1323674526617,-0.5478631841692,-0.1879227643033,-0.1467960584265
0.1053654936776,0.0216683924530,0.0061053046846,0.4248040775878,0.1267723398440,0.1836918676714,0.3031463554499,0.0898831882231,-0.0232378540460,0.3486397035059,0.1810217335036,0.5007425353240,0.3043060550369,0.3801456862801,0.2251741190375,0.3668021472173,0.6564220042684,0.4662036337946,0.1891528504308,0.0232909316818,1.0000000000000,0.4659627638210,0.5051260791410,0.5048164444414,-0.1131525978517,0.2250088797514,0.0940439680962,-0.1291946333692,-0.0618617354290,0.0887388930239,0.4641242253201,0.1640740297405,0.3906927932893,-0.2869726235377,0.1062833958814,0.3954042902396,0.2194108581379,-0.3068649123078,-0.3727582648827,-0.4299848148471,-0.2870304885021,-0.0667066297696,-0.1352064652760,-0.4017317069700,-0.0567157246445,-0.0093226224188,0.1183206305602,-0.1546798067259,0.0314441823321,0.3340965811011,0.1467538585157,0.0533036381653,0.3114372297703,0.0235186223268,0.1981858778543,0.2468912830003,0.2975142845559,0.0669101553555,0.0301575034468,-0.0354145786379,0.1405049088698,0.3729955289089,0.4334205624888,0.2304695524813,0.0540523447185,-0.3295402868293,0.4036020032172,0.4867368005751,0.1734040215038,0.1618508357414,0.7890254663509,0.6637546765000,0.4425885884399,-0.0227601481840,0.4875651919359,-0.0646141589101,-0.2148890707591,-0.1983515792056,-0.0360336543197,0.4261801464527,0.0312586519420,0.5098385808148,-0.2576882494305,0.0274800857275,-0.0006885427012,-0.3508927994530,0.1550824821541,-0.0352296765634,0.1109298690056,-0.3598549362774,-0.3477428204703,-0.5543170026271,-0.2588516009212,-0.2603798229448,0.2202213447606,0.0390486861375,0.0961521564315,0.1020108037731,-0.0723018991240,0.3410715718948
0.0582939807541,0.0726976305561,0.2101792197416,0.1809414442169,0.2272926186496,0.2546411960204,0.1985278320084,0.3639298868368,0.3226335338204,0.4381984968005,0.4444595940979,0.6168358217548,0.5111113243217,0.2264912919397,0.0507600832060,0.1284870771654,0.4995061158910,0.3780485511647,0.3249600793235,0.0764236704854,0.4659627638210,1.0000000000000,0.5122607568761,0.3344103742638,0.1854140259568,0.4055875450865,0.4026914349752,0.1604664507394,0.2514093149797,-0.0642101383866,0.2111868235995,0.2647986792296,0.3146214583506,0.0938702103626,0.0703647911601,0.0922667262644,0.1958896715685,-0.0565162053509,-0.1993735368646,0.1192510643550,0.0749828710066,0.1346289650550,-0.0715621196584,0.1069253014886,-0.0052897298327,0.2892491051629,0.4066030231927,0.0519785630680,0.1738195047245,0.1636375010949,0.0884521784390,-0.0597108382229,0.1319056838058,0.1278755527940,0.2786257720656,0.0496511162909,0.3782700250677,0.2391878334392,0.2160887729333,0.3818260736733,0.2202874024822,0.4310155463134,0.5569019292590,0.3066775762659,-0.0945877660580,-0.1771229237463,0.1093102474803,0.3544428626213,0.2605516470797,0.1690983714413,0.5471198716787,0.6611138703771,0.4540317338103,0.3117253715607,0.2355315914249,-0.0899320838143,0.0369128212314,-0.0501793938785,-0.0810283151146,0.1717780415741,-0.0636075380045,0.2422178646344,-0.3137889531477,-0.1397862791011,-0.0083461364560,-0.1903711147823,0.1916857670514,-0.0260579313589,-0.0629593996496,-0.0245306013299,-0.1059699483624,-0.1955639367838,0.0661973034877,0.0662694763784,0.1101520603450,0.1691180174173,0.0316983748946,0.0315945319685,0.0822434066983,0.2930256942183
0.1344906248791,-0.1268034423564,0.0364885685140,0.1640831380704,0.2427236608336,0.1311149348621,0.1080351764669,0.3837174207881,0.4120325740034,0.1673112134043,0.5379976568428,0.6079629985791,0.3370897298029,-0.0344398398554,-0.1989228735083,0.0662478854139,0.3472219883908,0.4797559264531,0.1418221690629,0.4033802530502,0.5051260791410,0.5122607568761,1.0000000000000,0.3714339785556,0.3851041863519,0.6971863118551,0.6043987741133,-0.1767564945968,-0.0025925946241,-0.2047313019807,0.1690743172746,0.5220285799549,0.4537654767313,0.0770870676349,-0.0595327921714,0.0733418619908,0.1143010826632,0.1161874720099,-0.3505850760354,-0.1696393109687,-0.1097130852770,0.0400936956441,-0.1861054697549,0.1845565248022,0.1841253589512,0.0726647610689,0.2845753588657,-0.1456022480940,-0.0749248190442,0.0947914035226,-0.0117341364030,-0.0686772062067,0.0980865147305,0.1179680853372,0.1203673328884,-0.0138570315013,0.4291223437332,0.2351842450593,0.2277191735208,0.4165988126150,-0.0486295269938,0.3491150839729,0.4188451836564,0.1112558190738,-0.1621864979526,-0.2678575627590,0.0922985013091,0.3074061810152,0.3399597364954,0.5279676841866,0.5313488217565,0.7045696476333,0.5872398101577,0.4360657131619,0.3632529847985,0.3290978276167,0.3354124198466,-0.3108456459860,-0.3251039700638,0.2464321579137,0.1447340497886,0.4069713740820,-0.4199015978626,-0.0374082621957,0.1781282833566,-0.1682864510587,0.3948980915855,-0.0971640053457,0.0479639470459,0.0967046275267,-0.2379364461884,-0.1795841266375,0.1434696126540,-0.0187436246731,-0.0088619531056,-0.0144259356470,-0.1351909673722,-0.3419977382323,-0.0627795814921,0.2537280655310
0.0067530022285,0.4226489852662,0.1358953879716,0.2531957289582,-0.1526158602772,0.2909445261932,0.1613691392316,0.0439587071406,0.4167882013684,0.6284273216647,0.1674747841833,0.6163638616921,0.3085606693279,0.4266211180558,0.3778601645835,0.2553648092730,0.5964639646661,0.5444231122003,0.2866679249338,0.2770147985000,0.5048164444414,0.3344103742638,0.3714339785556,1.0000000000000,-0.1267763513866,0.0143827515341,0.3781699175486,0.2789494644034,-0.1235082219334,0.0962435545365,0.3877619370735,0.0754184160430,0.2518652914053,-0.2114926051370,-0.0440583797553,0.2758089529982,0.5951665989246,-0.2833339702374,-0.1968464743475,0.1232089421753,-0.0002314552359,0.1720343270686,-0.1800604583656,-0.2678237321606,-0.4010411901543,0.3724615797138,0.2723199332014,-0.0272933451994,0.0742309366694,0.2607396980320,0.1184596279294,-0.0379421285362,0.1687250620122,0.0819255386778,0.2715258794641,-0.0373938490110,0.3481723968327,-0.0343698528804,-0.0324500916144,0.0840019725970,0.4123465322177,0.2252644315111,0.3803098338164,0.2958429220620,0.1319537782077,-0.2609225712661,0.1197300921684,0.4787517871958,-0.0186819481464,0.2497289619954,0.3307041816359,0.3926011157600,0.7620457176029,0.1275255480474,-0.0488663390668,-0.2473841088674,0.1123064925430,0.2920083992998,-0.0152204546723,0.3757661570955,0.1049958092621,0.2308330206271,-0.3594831353678,-0.3800701925002,-0.3488555229097,0.0420590040723,0.2121917890863,-0.1111414727225,-0.3253068820663,-0.2602990085621,-0.1707843159295,-0.0761348213771,-0.4293740126120,-0.0104499886299,0.3891623379812,0.2022113077119,0.2449929212332,-0.0118946309162,0.3329863275908,0.1921342481900
