1.0000000000000,-0.1646884886845,0.1612003517671,0.2309639074285,0.6813706105902,-0.0493947699480,0.2976061988833,0.2236908661010,0.0519079072899,-0.2364071887050,0.3504673833382,0.3007266071450,0.3220039179073,0.7440900537807,-0.2551233004773,0.2261684011242,0.2303491482487,0.3153726800626,-0.1487090854031,-0.1294533757801,0.2803754602510,0.0003646362285,0.3162542106072,-0.0095330428803,-0.0298489362406,0.2411584573771,0.1256997418341,-0.0236672607864,0.0508018171359,0.1906997051903,0.1974758770211,0.1908936818335,0.2777173021413,0.0258460518718,0.1658700659163,0.0098699427268,-0.0522680459731,-0.0890451162236,0.0541622743494,0.0313510980591,0.4287302728851,0.1945940411520,0.0833233562157,0.0584302653897,-0.0549933025177,-0.0121443638847,0.1072382245913,0.0062125815315,0.4922653387554,-0.0423107449300,0.7578588919867,-0.1662305873480,0.2371008438624,-0.0089499371022,0.1622657915979,0.3526179302391,-0.0059873379924,0.1648274647546,0.1072616399166,-0.0093783940039,0.0541301398896,0.2170358888624,0.3418675987516,0.2867899710811,0.0607747658282,-0.2114925790351,-0.0115667943299,0.2409093051517,0.0245689331764,0.0013799161876,0.3167653767447,0.1017109227892,-0.0989350955037,-0.0385416352205,0.1102439164863,0.2613130625993,0.2015787735563,0.2963082841817,0.2118124613764,0.2528591249641,0.2481082214479,0.2684557965895,-0.0529360628229,0.0950613446669,-0.0931049065959,0.2760713323208,-0.1309916299659,0.1467501413084,0.0279708505052,0.0422901304308,0.0413577079715,-0.0315586635211,0.1874237891572,0.3102731509041,0.1495259005234,0.0882053943426,0.4946911165115,0.2840790229390,-0.0642031734708,0.0092159256120
-0.1646884886845,1.0000000000000,0.4978817184428,0.3061232556108,-0.2634410638467,0.0022147695390,0.1654378440312,0.1215465508401,0.1856560980137,0.0576169668258,-0.0405653980006,-0.0854140900373,0.0226967198686,-0.0458032114432,0.3831233561141,0.0617631525074,-0.1109821181595,0.1142888001416,0.1203101034056,0.2486743258865,-0.0257198135648,-0.0986402629977,-0.0485501639798,0.1160674330090,0.2048349968294,0.0877785255985,-0.0597066631495,-0.1725237694050,0.4742462862553,0.2609255337646,0.0328087320149,0.1432650789668,-0.1209426395098,0.0470231666763,0.0184911258303,-0.1349156597702,-0.0492158082266,0.0341984486455,0.0881214928298,0.0934440040656,-0.0403914695980,-0.1199795948458,0.0533563123370,0.0402084837343,0.0966900025506,-0.0950392584328,-0.0281252717335,-0.0451112358890,-0.0979051772720,0.0355970967036,-0.2402319118313,0.6979447157409,0.2157309050808,0.0540002951387,0.0038243798599,0.0463422930719,0.0714058473851,-0.0212784155839,0.0600391122964,0.1497403301388,0.0070338268059,0.0626973401154,-0.1849649682085,-0.2317456883864,0.2618566012315,0.1179892589644,-0.0997848986352,-0.1331943680371,-0.0348841024591,0.0505863480023,-0.2537617912290,-0.1808338968695,-0.0301153436091,0.0579186555248,-0.1032046263864,-0.0427363301601,-0.0676161610177,-0.2433095214715,0.2768899860655,-0.1596640208470,0.1005160620413,-0.2622149911280,0.1929331799713,-0.1304703280108,0.0427059425099,-0.1684656833487,-0.0994460244125,-0.0924032880665,-0.1362393547422,-0.0649475727291,0.1144962559691,0.0246300659331,-0.1652521733385,-0.3599532538756,-0.1046028364769,-0.0269075170686,0.0559876064058,-0.2256389830673,-0.0314517278727,-0.0055438489644
0.1612003517671,0.4978817184428,1.0000000000000,0.0509840355517,0.1275588412886,0.3652395288324,0.1953342098548,0.0207950786020,-0.1069323478526,-0.0405607774851,-0.0474006272576,-0.0229917113946,-0.0175033880423,0.1831535120354,0.1002525988500,0.1682963672583,-0.1937614756094,0.1138061309323,-0.0552946254746,0.1202286711214,-0.0200086373509,-0.0841438348635,0.0719841596744,0.0518742911441,0.1262088177314,0.3390279964007,0.1629625739807,0.1367021907098,0.0833011349465,0.2227880666779,0.0581974070687,0.3586687250712,-0.0186795486060,0.1962198441294,0.0307442678103,-0.0629882590681,0.0604595427861,0.3388747470304,0.2809474501045,0.3960102345016,0.1561223887139,0.1721757812789,0.2891637916255,0.4068649985816,0.3063929899102,0.1800883376976,0.1381623947541,0.2848815209283,0.1607937720633,-0.0010903887238,0.1098835730818,0.6789370730148,0.0353217924421,0.4342522524445,-0.0271659862984,-0.1072368475596,-0.0326391488122,-0.1100095280877,-0.1352796192855,-0.1014115589338,-0.1768336528463,-0.2164721737019,-0.1684017046677,-0.2075860529549,0.0612727988991,-0.1027362198643,-0.1696450521200,-0.1192189224697,-0.2332951250716,-0.1599999726406,-0.1775489672242,-0.2023994697420,-0.0202482047297,-0.0216026315549,-0.1844215173470,0.0155778258401,0.1256513055977,-0.2083695332731,-0.0973024322646,-0.1463181957368,0.0477251499384,-0.2759506726419,0.1906115404361,-0.0561675381077,0.0157435209787,-0.0905700504868,0.0192379201096,-0.0001540485400,-0.2238397055900,0.1347048560032,0.1947144729348,0.2229432493285,0.2254897763455,0.1156568843462,-0.0778057484809,0.2230145093186,0.1887184721135,-0.0560458149482,-0.0234042622620,-0.1332571972231
0.2309639074285,0.3061232556108,0.0509840355517,1.0000000000000,0.1984547354169,0.2405215384097,0.6933385069680,0.4557492020503,0.5204654725167,0.2789185045325,0.2448655331245,0.1861881694858,0.1911884930565,0.3643756690726,0.4234363735724,0.3693608744289,0.1275478166755,0.1942641030500,0.2225265867608,0.1134574541916,-0.1042766176122,0.1104760414405,-0.0881890323367,0.1481825807600,0.1095029344741,-0.1336723790687,0.0487869701492,0.0560611919335,0.1658989816040,-0.1653301411812,-0.0483910549062,-0.0554898517987,-0.0510659846915,0.1431512830047,-0.0315827749358,-0.0461543609597,0.0311075837335,-0.1486873942379,-0.0626129247714,0.0392216513940,-0.0464045110968,-0.0852029615665,-0.1925581044798,-0.0802510492087,-0.1193382979972,-0.0562498879516,0.0204907510368,-0.1119987803255,-0.1285189114963,-0.0212192037406,0.3417138384024,0.1357825554867,0.7884092731261,0.2573384085166,0.4369175925607,0.7085214251745,0.1245668425019,0.4100418943956,0.4563923943905,0.4532438589526,0.2805130961466,0.3256702152443,0.0813071891568,0.1453089966350,0.3894053659485,-0.1341664406047,0.0465933399398,0.2079153121427,0.3597209887206,0.0505671967401,0.0360959831128,0.0088379989169,0.0937874341416,0.1230046550301,-0.0104523926180,-0.0597148582528,-0.1587926645895,0.0805628246356,0.0231205632383,0.0838608396969,0.1679672889925,-0.1377535072745,-0.1967808612932,-0.1960426034324,-0.2391118407794,0.0511105837164,-0.0379346935409,-0.1423961804958,-0.1799331155328,-0.2291693889081,-0.0963959999538,-0.0492760766442,-0.1014490031983,-0.1784521857530,-0.0157826826892,-0.1219305305493,0.0133176277806,-0.0355383208467,-0.0159439960417,0.0335218241241
0.6813706105902,-0.2634410638467,0.1275588412886,0.1984547354169,1.0000000000000,0.4253187727961,0.3001548131428,0.2876843081406,0.0715840467238,0.0697303880559,0.2439843043476,0.2538374208109,0.2653278251307,0.6549458318316,0.0668514327059,0.2968389551891,0.3611039783784,0.3043909781557,0.0758801166701,-0.1296774280047,0.2153387323002,0.3249326358877,0.1245954147151,0.1806689394707,-0.1027554110315,0.1322142777717,0.2052256527501,0.2777193233349,-0.1209453752728,0.1607995600853,0.2223212916278,0.0270715738128,0.2261658676413,-0.0781901064573,0.0392723256308,0.1109225232250,-0.0138069757057,0.0199440008730,0.0569481118142,0.1619462396677,0.3832150436572,0.3251860789474,-0.0142724378258,0.0927212704533,0.0350672551244,0.1142285482493,-0.0324146101740,0.1081657530054,0.4095679853008,0.0862490315552,0.7686369451450,-0.0541504078374,0.1419447264968,0.2901098808785,0.4906541056043,0.2896835157982,0.1414041930994,0.2874624975058,0.1502802610107,-0.0576174719950,0.1326939573057,0.0059602607797,0.1889307854839,0.3192699423151,0.2981173355074,-0.3961663693239,0.0751998061118,0.4006976055069,0.1802469539041,-0.1004743102304,0.3509752023168,0.1786998016412,0.0411265408037,-0.1430089598564,-0.0510830418258,-0.0522390657331,0.0794035135980,0.2986889422892,0.0061944645361,0.3818147916138,-0.1251109053746,0.1254244842853,0.0103504559013,0.0126497903212,-0.1376948647516,-0.0041194464780,0.0570559085619,0.1338643895029,-0.1800807310265,-0.0058884467018,-0.0877951661580,0.0038284907430,0.1306702679648,0.2785125553752,0.0080005490556,0.1236425984716,0.3631996019231,0.4740597195213,0.0741514429077,-0.1623431991504
-0.0493947699480,0.0022147695390,0.3652395288324,0.2405215384097,0.4253187727961,1.0000000000000,0.3701264144191,0.3398006014276,0.2839135128470,0.4235609170642,0.1535578211906,0.1832469222166,0.0386770470099,0.2001934405751,0.3989690694047,0.3985232892149,0.1056768114700,0.2386912010033,0.2640884486713,0.2719696183768,-0.0304088740416,0.3832316179853,-0.0947340831684,0.4550464371605,0.0326703647230,0.0143535002682,0.3946146159138,0.5121250927009,-0.1690260497311,-0.0892833441166,0.0684808207786,-0.0216517688506,-0.0147541628124,0.1439463264772,-0.0028777698721,0.2629377829112,0.3395503999094,0.3510714324158,0.1860306349937,0.4398713011866,0.0070783157259,0.2453336840627,-0.0177878899467,0.2067002539183,0.1776072323238,0.2854453533561,0.0305409591481,0.4822351361865,-0.0453602252478,0.2909892227281,0.2717967456009,0.2488469028315,0.1653926045483,0.8140106012754,0.5520025913377,0.1340295245505,0.2823175394563,0.3186408806981,0.2666852654802,0.2479324812672,0.0641839528990,-0.1178561644864,-0.1067507492463,0.0723054595304,0.2713234468052,-0.2654514173481,0.0901465890235,0.3640199265653,0.2755155441390,0.0209787987829,0.0888853436936,0.0844240331897,0.4015350637640,0.1485684948166,-0.0780805491987,-0.2625187884577,0.0088044267880,0.0154610047225,-0.4012658495550,0.1526237401401,-0.2000497163209,-0.2562829133131,-0.1243345014689,-0.1702177156580,-0.0373837365755,-0.1322131635009,0.3590000590640,0.1316449634161,-0.4271191288000,0.1002501130835,0.0363404510680,0.2309707486488,0.1480720783564,0.0607842241546,-0.0831455616393,0.3868444107303,-0.1026431079083,0.1440860587486,0.1209233852671,-0.0962666515428
0.2976061988833,0.1654378440312,0.1953342098548,0.6933385069680,0.3001548131428,0.3701264144191,1.0000000000000,0.3285234492144,0.4369083559308,0.1915483357987,0.2934435859487,0.2211050994181,0.3336894246904,0.2709297945841,0.3139953698824,0.4723583007593,0.2254793666017,0.0969833329114,0.2925905826964,0.2383241339698,-0.0515092665889,-0.1104383251815,0.0466241239645,0.0909509266004,0.1758148703930,0.1531407854657,0.0764621524247,-0.0903637004370,0.1208493058550,-0.0992409416875,0.0471051448219,0.1875010668174,0.1540031729023,0.2763386657119,0.1237381026568,-0.0011444972752,-0.0659003636450,0.1132612957754,0.1762685790976,0.3101804272125,0.1758140408423,-0.0759416664621,0.1745391351973,0.2325361203969,0.0440102137212,0.0179355361410,0.1281859202906,0.0510392904053,0.1628190825607,0.0062762971435,0.4483110965706,0.0653568113508,0.6089616914504,0.4550249567437,0.5420468576363,0.8014466618499,0.0201081320533,0.2503303650561,0.2527798948885,0.3790396879439,0.1058147558619,0.4010473260353,0.0849864774692,0.1180408664629,0.0767981424312,-0.1012063452666,0.0540824164121,0.0854592828023,0.1729785579954,0.1303008843045,-0.0063540317720,-0.1214690932110,-0.0777524586854,0.0931544767571,-0.1896758898852,-0.0412442530442,0.0237075536761,-0.2011386251713,0.0066350277425,0.0547143857638,0.0839071233016,-0.0992059427076,-0.2802667765045,-0.1571984216137,-0.2355806239227,-0.0343375739245,-0.1373467008749,-0.0888252388019,-0.1814879193342,-0.1466620738504,0.0876286774024,0.0567016449239,0.0922760248690,-0.0085271990268,-0.2023394278694,0.0939669675647,0.1889406391740,-0.0178919939170,-0.1346090112744,-0.0214422490463
0.2236908661010,0.1215465508401,0.0207950786020,0.4557492020503,0.2876843081406,0.3398006014276,0.3285234492144,1.0000000000000,0.7140750575970,0.1190192681535,0.4455101499296,0.4219122906094,0.2841697568641,0.3995463177071,0.1046030381100,0.3517673018230,0.1689136874884,0.7212425475514,0.1791161975902,0.1781518345614,0.1192676076323,0.2574055254103,0.1606454499017,0.3261248577501,0.1855834396476,0.0425572449973,0.3237213266514,0.2722091753878,0.2224460668990,-0.1146834360232,-0.0507020868865,-0.0079926827948,-0.0015928166050,0.1572541662998,-0.0359037770529,0.0460353789244,0.3069784969848,-0.0567325389729,0.1228121161339,0.2192731667048,0.1932791311005,0.1387815073880,-0.1527046749149,-0.0003198052078,0.0936198762419,0.0752466128597,-0.0526760062961,0.1113633367398,0.0067353189717,0.1637293247628,0.3093428491800,0.0490140521102,0.3733048185680,0.2179409570897,0.3371087017316,0.2897963710616,0.4108365735127,0.7961097806617,0.6417683779992,0.6302801650817,0.1704947700692,0.2865190962019,0.1259590207153,0.2232488369943,0.2589334620095,-0.2147574631176,-0.1018742542054,0.5373510206323,0.4537398359454,0.0758922556839,0.2617840392624,0.0791588550957,0.3620001643826,0.3202610555349,0.1327323208422,-0.0705634198244,0.0177514341879,0.1751622629155,-0.0114130315790,0.1144067180743,-0.0410386510624,-0.1258673823083,-0.2108534087099,-0.3616022411550,-0.0496834473209,0.1005582430944,0.1089757171807,0.0166469829136,-0.3212615687558,-0.0859833876159,0.0933173036718,0.1328446506461,-0.0099072731951,-0.1321011199600,0.0701989878799,0.1103449860804,0.0758703358924,0.1308362596696,0.0131533388867,0.0619176101317
0.0519079072899,0.1856560980137,-0.1069323478526,0.5204654725167,0.0715840467238,0.2839135128470,0.4369083559308,0.7140750575970,1.0000000000000,0.3259761118785,0.4406350868635,0.4513278502257,0.3128373349610,0.1874113012775,0.2878943538793,0.4682657058267,0.2069469289896,0.4463592852960,0.5195778825057,0.4189698873144,0.1581049196148,0.2269768454247,0.1522377856704,0.4506485036286,0.3534036511156,0.0036879885224,0.2981702214150,0.0755151111372,0.2875096703712,-0.1268095548392,-0.0674333223675,-0.0534313853453,0.0275880158180,0.1193702899998,0.0773430877906,0.2784376373662,0.3012512442850,-0.1402941147020,-0.0261138543108,0.1408395955033,0.0080435283719,-0.0122982319365,-0.2534446558359,-0.0716081196733,-0.0557162746164,0.0257543481096,0.0274055863944,0.0240070486153,-0.0984434270470,0.2527988880192,0.1442322348455,-0.0662288091613,0.4436212236398,0.1799481436634,0.3210223885850,0.4261882645185,0.4374775596543,0.6763260781394,0.7100182599963,0.8550692374693,0.2926208949120,0.4452226624342,0.1699925244452,0.2354189335748,0.2485981977897,-0.0354593849043,0.1212684414979,0.4925816180680,0.6304301585740,0.3995237537460,0.2688183760318,0.1543093753321,0.4371479325053,0.5252420194604,0.2425273755827,-0.0202854367409,-0.0328362136148,0.0107384795701,0.0393012607134,0.1712008601404,0.0192186675050,-0.0865278619542,-0.3212303450526,-0.3085931483985,-0.0395619517107,0.0637595377341,0.1391103248967,0.0175589672312,-0.2219476636566,-0.2055452979653,-0.0032360164596,-0.0508095121528,-0.1442824672717,-0.2036487844259,-0.0679628705904,0.0429314347821,-0.0087265249809,-0.0526896828372,-0.0127087809343,0.2547109576432
-0.2364071887050,0.0576169668258,-0.0405607774851,0.2789185045325,0.0697303880559,0.4235609170642,0.1915483357987,0.1190192681535,0.3259761118785,1.0000000000000,0.2143520073695,0.3228637633103,0.0872561276159,-0.0250797230082,0.5631668525362,0.2388890081114,0.2566329395254,-0.0975216198428,0.5735059825576,0.2336003879304,0.2789730209627,0.6827374096823,-0.0614519304325,0.3704747757534,0.0614848926615,-0.0841437257284,0.2607983491733,0.3018374592865,0.0565996639568,0.0776557976033,0.1214718590149,-0.0324867794689,0.0952664017368,0.0368917545280,-0.0421701486960,0.1913809052040,0.2103387986072,0.0182578072640,-0.1934729275176,0.0812077214159,-0.0556262118123,0.1936109597336,-0.1720434865222,-0.0881387828418,0.0567841744686,0.2513101060176,0.1535978336154,-0.0468112409445,-0.2731507452564,0.4809040061816,0.0114147568991,0.0918593860348,0.0903386140600,0.2630904577546,0.2691594115552,0.0952793576279,0.3543982638481,0.2807359093441,0.4164355157376,0.3730289596573,0.5955862834109,0.2237535876588,0.1967014644777,0.0132233592525,0.3181738284458,-0.0889228899450,0.2944329727296,0.2984372303951,0.5733795681610,0.1567851704781,0.3115905689304,0.4539430436014,0.3973720204069,0.2080970123446,0.1339682984471,-0.0431443887968,-0.0721073092697,0.0512198946410,-0.1060832304846,0.2392096016700,0.0233955502756,-0.0168971587536,0.0535054134191,0.0144718501296,0.1776425462754,-0.1410555659873,0.4302929064867,0.0941440682302,-0.0534755331557,-0.0519549188584,-0.1675084174789,-0.1795105084953,-0.0947352292364,0.0873853533443,-0.0906122812514,-0.1103296148411,-0.2512343322394,0.2603081744128,0.4297043123378,0.1975336380297
0.3504673833382,-0.0405653980006,-0.0474006272576,0.2448655331245,0.2439843043476,0.1535578211906,0.2934435859487,0.4455101499296,0.4406350868635,0.2143520073695,1.0000000000000,0.6769039059664,0.4066538858331,0.3467559018427,-0.1603673370069,0.2822878168640,0.1319596418325,0.4001320678427,0.1806194237132,0.0918122218452,0.3551833076760,0.2438794776766,0.4483817690147,0.1705582475504,0.2441972845671,0.2232091777187,0.3216182599232,0.0608000667581,0.1359673296962,-0.1091738017109,0.0126607288286,0.1889779130781,0.1625824737532,0.0925412116360,0.1460609651937,0.1014949499198,0.2856269517755,-0.0567180288259,0.1257062010781,0.2413206703629,0.2395936664087,0.2684338262715,0.0281681405381,0.1605935704293,0.0743823655336,0.1133725588050,0.1004647809049,0.1475988150221,0.0347293356108,0.1810716333276,0.3726738258560,-0.1401115055356,0.2596200307520,0.0781417740118,0.1632248542782,0.2810475809994,0.2235675275755,0.3772993896298,0.3853078709961,0.3941839790405,0.2324190226562,0.5612158530823,0.4855502234949,0.3156590229224,0.0741196015311,-0.1102325231168,-0.0370475747485,0.3941853483558,0.3481342409804,0.1570292081111,0.5028357312013,0.2685793773869,0.1979827121785,0.2695770564036,0.3300172144912,0.1703597803804,0.2142327407471,0.1170768737970,0.0201543968381,0.1161128131571,0.1573542341368,0.1022262484901,-0.2606650294567,-0.0964184945578,0.0362206881814,0.1626161320787,0.0895880339382,0.1390315644409,-0.0091962599513,0.0284652531789,0.1710711390880,0.0062432352387,0.1879752159049,0.1530310170882,0.0701818010220,0.1520565768136,0.0973559846451,0.1638571139749,0.1969815817531,0.3137859338181
0.3007266071450,-0.0854140900373,-0.0229917113946,0.1861881694858,0.2538374208109,0.1832469222166,0.2211050994181,0.4219122906094,0.4513278502257,0.3228637633103,0.6769039059664,1.0000000000000,0.5741467831663,0.3754158620930,-0.1042411166495,0.3151301267088,0.2037628009052,0.4100479280133,0.3173966289209,0.1385462997573,0.5802343096338,0.3732473693797,0.6287733019420,0.2518274357219,0.3855016810803,0.1515324861741,0.5081109433912,0.0246180256819,0.1355651323646,-0.0819003396590,0.0449420004301,0.1292311125455,0.2406512376545,0.0250906345653,0.0906870791837,0.2267020727407,0.4197177304591,-0.1503750755265,-0.0408124074616,0.1568869091971,0.1283673456669,0.3213543140455,-0.0914462335597,0.0807760551686,0.1069735698725,0.1680031151330,0.2006659723840,0.0068292318498,0.0345893856651,0.3611473459747,0.3418405756262,-0.2276804885881,0.1687629345530,0.1018437485142,0.0694708379386,0.1641204188457,0.4317755774071,0.4511844700341,0.4675085500878,0.4261643453991,0.3178719984289,0.5292451866927,0.7057449921778,0.4096048466749,0.0668280949546,-0.1266232525048,0.0175406787090,0.5085598520167,0.4121571373336,0.2329129863625,0.6138163689232,0.5208690912447,0.3805240512534,0.5123410679765,0.4486121265918,0.1338269410343,0.2537950279051,0.0812818879971,0.0395685987056,0.1886123319837,0.1059158240599,0.1645775880854,-0.3573187934597,-0.1211560657662,0.0684512431343,0.1880326694560,0.2199038286026,0.1299347181345,-0.0828684747641,-0.0691796094154,0.0169651985156,-0.1330958936525,0.0787580295671,0.1614448187733,0.0703930492082,0.0061467294265,0.1407822068165,0.0714953167061,0.0950171374706,0.4647086720731
0.3220039179073,0.0226967198686,-0.0175033880423,0.1911884930565,0.2653278251307,0.0386770470099,0.3336894246904,0.2841697568641,0.3128373349610,0.0872561276159,0.4066538858331,0.5741467831663,1.0000000000000,0.1742707363216,0.0668605068125,0.3138050871689,0.6029124436243,0.2328887202780,0.3083614574624,0.0814868363225,0.4606729796084,0.1313241565711,0.4533489777893,0.0894529925497,0.3681991226135,0.2826458648265,0.0974848985395,-0.1339089260998,0.1577520413847,0.1134643900865,0.1945520478728,0.2082957710932,0.5004604492470,0.0008581295968,0.0207040252287,-0.0146694203266,-0.1844636427559,-0.0199611435958,-0.0396100205406,-0.0092421510189,0.2129685003848,0.1710731253812,0.0944636782109,0.1302595221792,0.2390162183160,0.0792408175753,0.2632242487152,-0.1808550936703,0.2259903084706,0.0370037250774,0.3525607191043,-0.0379075035516,0.2048484919209,0.0892455756156,0.3026082494591,0.3238687063174,0.5035768392310,0.4138114703332,0.3201127429986,0.1737665621569,0.1913756548836,0.4676301358113,0.5698088587958,0.6733436223816,0.0850847314758,-0.1928433848315,0.1258451204981,0.4125158398135,0.2070492227422,0.2064229235601,0.3244091972636,0.2526338856821,-0.1273220914181,0.1868891136153,-0.0203137927476,0.0307254473194,0.1411483471789,0.0617968059751,0.1857332251517,0.2924685046479,-0.0585856959828,0.3280731700565,-0.1165343034387,-0.0909566957862,-0.0243333506301,-0.0588156513728,-0.1717127820097,-0.0921885205728,-0.0917347487874,-0.1447132087132,-0.1399940665031,-0.1646624136673,-0.0060856103521,0.0865469226079,0.0950896018176,-0.0863628448910,0.2802427808846,0.0741103819914,-0.0719384824379,0.0464230095071
0.7440900537807,-0.0458032114432,0.1831535120354,0.3643756690726,0.6549458318316,0.2001934405751,0.2709297945841,0.3995463177071,0.1874113012775,-0.0250797230082,0.3467559018427,0.3754158620930,0.1742707363216,1.0000000000000,-0.0045813378452,0.2684301951303,0.1450765140358,0.4730556054472,-0.0893782996784,-0.0427237633148,0.2054163449159,0.1924265690675,0.2001109979417,0.1592512679946,-0.0053608467618,0.1132280943216,0.2954188861866,0.1900737306686,0.0543779962094,0.1474661091062,0.2071191326382,0.1224859203138,0.0961399481673,0.1201546726463,0.1921273270661,0.0968676131291,0.2124820881497,-0.0833335974287,0.1157936640692,0.1157739168089,0.3210134251576,0.2886334661085,-0.0348622466775,-0.0059264596021,-0.0731986800580,0.0612273198421,-0.0203300048675,0.1530505682363,0.2874855308640,0.1451233281256,0.6298264098901,-0.0817911668988,0.3570251833049,0.1524589874546,0.1986003445205,0.3304936014044,0.0249784265766,0.2501680194518,0.2682264166189,0.1081088176184,0.1181276058024,0.1052665763672,0.2192659130490,0.1925986673783,0.3405692465687,-0.2105605373089,-0.0259456667060,0.3357118010905,0.1650117150502,-0.0204397032564,0.2879271789250,0.1703723683426,0.1415422555864,0.0781218349184,0.1481260016040,0.1376203281913,0.1573622981672,0.3611488036761,0.1092944371462,0.2253764111343,0.1667888822120,0.0488193456383,-0.1155758541281,0.0042857207814,-0.0980757079733,0.2867779606813,0.0909537373254,0.2200960430208,-0.1057486324509,0.0686875296550,0.0616376362060,0.0356818264453,0.1092253267101,0.1672923912845,0.0903348217759,0.1304127300289,0.3689276326731,0.2270857166569,0.0174287403255,-0.0231469434982
-0.2551233004773,0.3831233561141,0.1002525988500,0.4234363735724,0.0668514327059,0.3989690694047,0.3139953698824,0.1046030381100,0.2878943538793,0.5631668525362,-0.1603673370069,-0.1042411166495,0.0668605068125,-0.0045813378452,1.0000000000000,0.1321638496477,0.2621982750732,-0.1799588572242,0.4760294773337,0.2187637665911,-0.1078440995147,0.2836902213106,-0.3658720918818,0.4270022302602,-0.0229746358002,-0.1425749625471,-0.1011409711513,0.1343116568720,0.1741700073034,0.0869021453446,0.0723364540607,-0.1327043475561,-0.0845710018788,0.0518783907093,0.0548360502218,0.0510697367975,-0.1313515142373,0.1116676529173,0.0305467560110,0.1267167820236,-0.0517193547528,-0.1733006363705,-0.0230046504637,-0.0834281010259,-0.0000030177624,0.0285989402960,-0.0912008295540,0.1323556193737,-0.0144594719220,0.3132281515766,-0.0337753092535,0.3359134173887,0.3201336723693,0.3206451055403,0.4539064596577,0.3072750912373,0.2428810291693,0.1703825378412,0.2393052329753,0.1821391161409,0.3542258508480,0.0698146562646,-0.2107769473429,-0.1005177454086,0.4833807454153,0.1234646878807,0.2460599247539,0.0460197798211,0.3063340564819,0.0701471224095,-0.1948145823982,0.0325631768462,0.1235923110202,-0.0219563516351,-0.3323336071325,-0.2662374909151,-0.2816246710557,-0.0497151975392,0.0233095483058,0.1631067297488,-0.1690618987602,-0.2205791938162,0.1125270278084,-0.1290060472767,-0.0871350394338,-0.3220549834635,0.1486521834891,0.0475085294663,-0.2076935084343,-0.1773797062508,-0.0340337428058,0.0318531811078,-0.2675535462943,-0.3017977966211,-0.2996085933401,0.0985422772783,-0.0282662383345,0.0982304123863,-0.0011295507668,-0.2595744420042
0.2261684011242,0.0617631525074,0.1682963672583,0.3693608744289,0.2968389551891,0.3985232892149,0.4723583007593,0.3517673018230,0.4682657058267,0.2388890081114,0.2822878168640,0.3151301267088,0.3138050871689,0.2684301951303,0.1321638496477,1.0000000000000,0.4000548633091,0.3539620757282,0.5474763981506,0.5458610522050,0.2910887480852,0.2151325789857,0.2779423250675,0.3521219539563,0.2632762906831,0.1780717071466,0.3755500525203,0.1111840641223,0.0741688906724,0.2310246060125,0.5424437935378,0.2898059952260,0.4778018391575,0.0046559616868,0.2813038094100,0.5461158119625,0.1452773473565,0.1737466237683,-0.1584131475474,0.1059229085628,0.0510159585607,0.1570525925760,0.0393593644920,0.0596208488946,0.0488792642100,0.1727329417279,0.2580083988597,-0.0368938611870,0.0446641887918,0.0875390945145,0.3379430771475,0.0169379610445,0.2684010368572,0.3139553246565,0.3500836620351,0.3228941272057,0.2433373008491,0.3520044601297,0.4733915420370,0.2934606837491,0.0416164010086,0.1733199252058,0.1936157912645,0.2386987920438,0.1203312463359,-0.3029778440441,0.5795584502919,0.4760357686022,0.4296054422718,0.4257333231148,0.3117102717986,0.1920194926841,0.2166645980606,0.2893645469848,0.2675236386267,0.0655238444037,0.1212640697183,-0.0106257020020,-0.0586727329425,0.5157826125998,0.1328482372217,0.1916403246551,-0.1167485036215,0.2265071038543,0.0309945217243,0.0229487156396,0.0939493340764,0.1962158031676,-0.2113325504468,0.1154269385517,-0.2598414694399,-0.2942884771060,-0.0133551924947,0.2169826380084,-0.1070829975692,0.0158328409296,0.1223186422497,0.0616847340058,-0.0194221504398,0.1221714142579
0.2303491482487,-0.1109821181595,-0.1937614756094,0.1275478166755,0.3611039783784,0.1056768114700,0.2254793666017,0.1689136874884,0.2069469289896,0.2566329395254,0.1319596418325,0.2037628009052,0.6029124436243,0.1450765140358,0.2621982750732,0.4000548633091,1.0000000000000,0.2217847709932,0.4683627178973,0.1561822354115,0.4981702753165,0.3830904883312,0.2206770605380,0.2597389686852,0.0712933314431,0.1602268717335,0.1492592821767,-0.0164965168065,0.1309904150185,0.2478377348599,0.4424645188812,0.0537001590267,0.6212419914048,-0.0827565920931,0.0601987867595,0.1560680663617,-0.2096543794335,-0.0583882679806,-0.1454081984939,-0.0653984892145,0.2493196408121,0.1022734639672,-0.0177999874556,-0.0591383948585,0.0489941788758,0.1371433053376,0.1600838081500,-0.1780834877044,0.2474500332731,0.2185654310205,0.3544264011675,-0.1082567385594,0.0543867362934,0.0790664026158,0.4290604469587,0.2788471547076,0.3610402107738,0.3000052087181,0.2720816795014,0.0351098334915,0.2481705441386,0.2668403097191,0.3204612523137,0.4917948298821,0.1084023275051,-0.2843207443029,0.4255015954063,0.5199012597092,0.3464880960574,0.3124981251822,0.3948813263835,0.3808177039455,-0.0271015534261,0.0109848922331,-0.0400330441272,0.0745733132539,0.1501002321112,0.1363140121231,0.2134419850598,0.6198419723012,-0.1102566901085,0.4346916360532,0.0087031119954,0.0844754396324,0.0861563733029,-0.1320201674322,0.0907195215345,0.0852407588350,0.0033373434825,-0.0887418852750,-0.2368108395084,-0.1725653343930,-0.0366537231294,0.1987605752493,0.0265973418911,-0.0909037871615,0.2109081147176,0.3432354825138,0.0399172952643,-0.1041935830878
0.3153726800626,0.1142888001416,0.1138061309323,0.1942641030500,0.3043909781557,0.2386912010033,0.0969833329114,0.7212425475514,0.4463592852960,-0.0975216198428,0.4001320678427,0.4100479280133,0.2328887202780,0.4730556054472,-0.1799588572242,0.3539620757282,0.2217847709932,1.0000000000000,-0.0265488270832,0.2048868484238,0.2851036217994,0.2082436609086,0.3427064043418,0.3008631133744,0.2071879979140,0.0996860041957,0.4945641811931,0.1886296810286,0.1514692494493,-0.0101913303039,0.1699761317611,0.0931782441651,0.1598498522522,0.0951625664167,0.0599341131193,0.1559940422252,0.4453240121452,-0.0575521909736,0.1232103670140,0.1605258941832,0.1862644564205,0.2127049683687,-0.1545841207148,-0.0276971262744,0.0576611723792,0.0744723685451,-0.0342838960979,0.1213847134284,0.0903107236380,0.1678470776639,0.2676971039395,0.0770324706183,0.1823549990643,0.1392626206690,0.1828854581511,0.0419254737739,0.2909677200247,0.4757621627114,0.4060740692013,0.3370259971108,0.0575635100073,0.1298655552010,0.1672174024320,0.2947407082740,0.1993869745366,-0.2201592242721,-0.0832764890060,0.6046123411036,0.2355536582249,0.1769443503204,0.3560432725408,0.1324846765671,0.3836339330667,0.3217409057814,0.3393109769662,0.0692550025407,0.2234859495863,0.1807392996947,0.0364659658726,0.2390301644946,0.0792852775295,0.0430059680433,-0.1681819433043,-0.1767612110387,0.0762008397263,0.2142745428760,0.1878363853055,0.1251922874010,-0.2127005505639,0.0755582750158,0.0741109104656,0.1027725637789,0.0168062943230,0.0015102313540,0.1620477716807,0.1197916200737,0.1617388845462,0.1028541032139,-0.0012276642249,0.1792564748851
-0.1487090854031,0.1203101034056,-0.0552946254746,0.2225265867608,0.0758801166701,0.2640884486713,0.2925905826964,0.1791161975902,0.5195778825057,0.5735059825576,0.1806194237132,0.3173966289209,0.3083614574624,-0.0893782996784,0.4760294773337,0.5474763981506,0.4683627178973,-0.0265488270832,1.0000000000000,0.4027606894994,0.3480440704179,0.3961165574157,0.1472233403778,0.4042229789557,0.2548197289535,0.1254001858054,0.2164096967354,0.0286500919189,0.1975670977096,0.1625587271643,0.2496152905815,0.1046622967089,0.2827753673546,-0.0194698806019,0.1047768103996,0.4357433638854,0.0251283993288,0.0120957818995,-0.1605341870012,0.0696460095410,0.0054324285413,0.1100140603498,-0.0288112159827,0.0519916052154,0.0770439720169,0.1993106110946,0.2098006411816,-0.1104338299562,-0.0961087592271,0.3306961574750,0.0641173253174,0.0077570390963,0.0708827499725,0.1846423712058,0.2785557865437,0.2289485910958,0.3677238274283,0.3092005442023,0.4720857325936,0.3726343625356,0.2649832608121,0.3091510518954,0.2214691676749,0.1243283477382,0.1692227886754,-0.1151763969657,0.5427126109987,0.3377030522855,0.6705197104572,0.3873801356949,0.2840621814535,0.3193196597436,0.2609226447010,0.2595750107459,0.0981648447541,0.0171002735261,0.0042600061326,-0.1758522277666,0.0565460489213,0.4227070029830,-0.0821269080911,0.0977508471067,-0.0199281957189,0.0890819318386,0.1006905098481,-0.2109993895113,0.2249906340577,0.1066894929374,-0.0341247332812,-0.1280144140842,-0.1932366012140,-0.2479740209658,-0.1077729838841,-0.0161762233922,-0.2157474038566,-0.1101965001250,-0.0837863866786,0.0727946736021,0.1588272788961,0.1020773994887
-0.1294533757801,0.2486743258865,0.1202286711214,0.1134574541916,-0.1296774280047,0.2719696183768,0.2383241339698,0.1781518345614,0.4189698873144,0.2336003879304,0.0918122218452,0.1385462997573,0.0814868363225,-0.0427237633148,0.2187637665911,0.5458610522050,0.1561822354115,0.2048868484238,0.4027606894994,1.0000000000000,0.1777771247572,0.1018847313011,0.1905001491205,0.4023404116753,0.3791487046707,0.1134428182067,0.3007000981151,0.0110533209123,0.1498619318296,0.1462610690864,0.2881556446662,0.1477404459843,0.3588275066415,0.0342550559076,0.2411573938612,0.5111720012014,0.2491517699608,0.1793588017946,-0.1739016794831,0.1397965298243,-0.0715330539074,-0.0525973250885,-0.0581675282927,-0.0318736237214,0.0200612924620,0.1789880958010,0.1564221086079,0.0553700964271,-0.0582580621128,0.2740789150028,-0.1231554443279,0.0409744144849,0.0014648662652,0.2706844875924,0.1319998583404,0.0751054081773,0.2275678068062,0.1063451351321,0.2226166800239,0.3853381755131,0.0407471805899,0.1490826269147,-0.0706911496355,-0.0550202175523,-0.0598773204273,0.0855993238659,0.4013911854553,0.1738174699714,0.2712544152587,0.7606170901360,-0.0216548002238,0.1306405689661,0.3881322101880,0.4879774266951,0.2388612803083,0.1182789335545,0.1991151626248,-0.1624863761158,-0.0061715505404,0.2338846963158,0.1562229177084,0.0968799418698,-0.1130228072104,0.0310088506712,0.2060394156333,-0.0255878337775,0.1928819979611,0.1059102906582,-0.1291255187279,0.1391392750807,-0.0905600819447,-0.0523315736494,-0.0770274936302,0.0422640837317,-0.0936605359192,0.0817009565512,-0.0383376263557,-0.1854465278141,-0.0690401739072,0.1520075843808
0.2803754602510,-0.0257198135648,-0.0200086373509,-0.1042766176122,0.2153387323002,-0.0304088740416,-0.0515092665889,0.1192676076323,0.1581049196148,0.2789730209627,0.3551833076760,0.5802343096338,0.4606729796084,0.2054163449159,-0.1078440995147,0.2910887480852,0.4981702753165,0.2851036217994,0.3480440704179,0.1777771247572,1.0000000000000,0.4967973542491,0.6903343511359,0.1820982732787,0.2449612005014,0.4043160979640,0.4253112623113,-0.0133788533398,0.2117702532740,0.3319121043095,0.4032728987151,0.2789386216008,0.6029704104301,-0.1574094454383,0.1712604264853,0.3262225677906,0.1659195591902,-0.1577503767375,-0.2586713819830,-0.1061419115285,0.2230617737383,0.4532117769657,-0.0107845304725,-0.0308128323794,0.1870392406288,0.2591195987946,0.4255325575005,-0.2520957617588,0.1498614269557,0.5459039860887,0.2416952173677,-0.0905846432829,-0.1807308463569,-0.0771279720528,-0.0317023045420,-0.0912884198003,0.3479858127310,0.1815439907102,0.2994578497858,0.1142982818254,0.2907373066462,0.2512237279220,0.5907116607756,0.2550940704900,-0.0272236171535,-0.1521405346663,0.1722413793829,0.4258145822846,0.3348610194660,0.3365972539835,0.6387665623658,0.6550201198124,0.2357473547622,0.3479478679433,0.5122165652463,0.3692013880580,0.3781203386554,0.1954399753368,0.2342214867693,0.3733965883375,0.2232786946552,0.4529544641231,-0.0615469248237,0.1594849223505,0.4686516390954,0.1717097379983,0.2125243020290,0.2421608451719,0.2247055481532,0.0814122970903,-0.1980455396075,-0.3239660332991,0.0713968123323,0.4303040990863,0.3449623305986,-0.1711446221514,0.1687323145318,0.2547263588320,0.2798461505160,0.4538225124031
0.0003646362285,-0.0986402629977,-0.0841438348635,0.1104760414405,0.3249326358877,0.3832316179853,-0.1104383251815,0.2574055254103,0.2269768454247,0.6827374096823,0.2438794776766,0.3732473693797,0.1313241565711,0.1924265690675,0.2836902213106,0.2151325789857,0.3830904883312,0.2082436609086,0.3961165574157,0.1018847313011,0.4967973542491,1.0000000000000,0.1701571016813,0.4112619016038,0.0153159040990,0.0325386895104,0.4389001854056,0.5263493470933,0.0743477915969,0.1363151250241,0.2092250299939,-0.1028825465957,0.2307678355784,-0.1394608132731,-0.0882647857611,0.2458086378071,0.3205264776587,-0.0698913316596,-0.2323757101305,0.0307203794655,0.1279106800770,0.4035395606758,-0.2874936243231,-0.1251216131363,0.0882703280884,0.3445090970104,0.1171318741579,-0.0477684208891,-0.0962157489675,0.4998879252232,0.2349517304664,0.0644716094896,-0.0902462640005,0.1610781787266,0.2370053341582,-0.1353975915360,0.4506293401170,0.3691750430895,0.4117673635402,0.2459629495513,0.4774711370255,0.0295948468518,0.2736486939388,0.1862285085876,0.3750110217252,-0.2428851887181,0.2438525946755,0.5391501118878,0.5895327412247,0.1091027209759,0.5173812299074,0.6734041566310,0.4855088998788,0.1957052537391,0.3086283888248,0.0652280951851,0.0734195819857,0.3972019412835,-0.0361268716858,0.3788306201749,-0.0371551309374,0.1182249303183,0.1368125397302,0.0552481448398,0.2854315092116,-0.0333704658549,0.5126889387419,0.2192744234104,-0.0146881405565,0.0757385877603,-0.1982080443748,-0.1005041542352,0.0243327090399,0.2305784564054,0.1900334659895,-0.0805160001965,-0.0708419587140,0.5144488499999,0.4928994928374,0.2064804389937
0.3162542106072,-0.0485501639798,0.0719841596744,-0.0881890323367,0.1245954147151,-0.0947340831684,0.0466241239645,0.1606454499017,0.1522377856704,-0.0614519304325,0.4483817690147,0.6287733019420,0.4533489777893,0.2001109979417,-0.3658720918818,0.2779423250675,0.2206770605380,0.3427064043418,0.1472233403778,0.1905001491205,0.6903343511359,0.1701571016813,1.0000000000000,0.0477140489126,0.4464318575111,0.5315620978078,0.5200927705445,-0.1254200066793,0.1639963796977,0.1151157438372,0.1995004870485,0.3825516390290,0.5411119222387,-0.0010627544901,0.1882992931137,0.2526127685852,0.2464378500553,-0.0986301450658,-0.0612892794674,0.1151476774909,0.2608216495943,0.3528580772366,0.0910596932089,0.1936074378571,0.2242082477919,0.2824843460078,0.3719155684885,-0.0844743013946,0.2705620374476,0.2345947720886,0.2272619322252,-0.1152089078736,-0.1072736746180,-0.0749812675414,-0.1389224475402,-0.0625028855688,0.2352147018534,0.1468896649559,0.1550263604538,0.1414747837079,0.0288100156040,0.3032351000529,0.5067459344726,0.1952968297560,-0.2419901121314,-0.0639712275432,0.0240742620781,0.2595435321287,0.1556469578753,0.3083150256466,0.4408810371647,0.4896569971616,0.2050797166723,0.4606177262748,0.4253057653081,0.4240346303466,0.5484480777361,0.0274324321891,0.1732549577797,0.1359130065883,0.2210581306275,0.3748467962361,-0.1686794240627,0.0653887831164,0.3058896241674,0.1801378865939,0.0901795708611,0.1483556306479,0.1303594170007,0.1114015080438,-0.0152633290833,-0.0845626728569,0.2247667850252,0.3810797691979,0.3114258593258,-0.0220552185498,0.2979813287803,0.0468242429458,0.0235850882042,0.4186479841778
-0.0095330428803,0.1160674330090,0.0518742911441,0.1481825807600,0.1806689394707,0.4550464371605,0.0909509266004,0.3261248577501,0.4506485036286,0.3704747757534,0.1705582475504,0.2518274357219,0.0894529925497,0.1592512679946,0.4270022302602,0.3521219539563,0.2597389686852,0.3008631133744,0.4042229789557,0.4023404116753,0.1820982732787,0.4112619016038,0.0477140489126,1.0000000000000,0.0646272495413,-0.0101611445287,0.4040394208738,0.2323971460754,0.1150007037139,0.0322899981740,0.1426433338310,-0.1734000598649,0.0233889703372,-0.0185156206147,0.2910017911416,0.5379665897791,0.3727961978109,0.1020789069557,0.0891259089289,0.2357127512779,0.0089409389589,-0.0112337566711,-0.2090692102302,-0.1264520576918,-0.0724185482858,0.0606821618957,-0.1394384315369,0.3676211287796,0.0823379362548,0.4458432377021,0.1236216605058,0.0904961983627,0.0745377381140,0.2448393930057,0.3061303219516,0.0405806756113,0.4236850056562,0.3025206669715,0.3167382851114,0.3135389068026,0.2477235334947,0.1408239955807,0.0532299719870,0.1297557893342,0.2865280286451,0.0255858869840,0.3366710775165,0.4324837108802,0.4998106582466,0.3497253823037,0.2060090202069,0.2692847305953,0.6757721690456,0.3668911396768,0.1523972566949,0.0115023532320,0.0874773625349,0.0569702074775,-0.0687331942222,0.3772407868738,-0.1016339349870,-0.0699292858762,-0.0507589621675,-0.0364084905076,0.1119127426164,-0.0705691959006,0.4560177356702,0.4674520968474,-0.1876326942606,0.1170298210725,0.0630682117603,0.0904860904575,-0.1109463601726,-0.0758542968441,-0.1653772738861,0.3626737919895,0.0217716166043,0.1809509385707,0.0493603709577,0.0946314456857
