1.0000000000000,0.7139644851337,0.8177815610436,0.5644629983178,0.7822922349583,0.6785156043210,0.6156117071818,0.2561939285252,0.3074823667922,0.2163686758335,0.2195712080378,0.0333334606496,0.1867119939105,0.4406223287289,0.5702532185240,0.0984215656458,0.1054470943594,0.1311139217085,0.0273370406553,0.0628308063643,-0.1427502460954,0.0034215799819,-0.0079423755411,0.1363595636470,0.1791843400821,-0.1445311668707,-0.0802762328018,-0.1320282312513,-0.1939319893434,-0.2084979163187,-0.1943470408050,-0.0690618645360,0.0318646693178,-0.2977692882390,-0.2027888720265,0.2915692201064,-0.0543816980932,-0.1911824973902,-0.0960823102246,-0.1245338351967,-0.0215055522851,0.0817448320273,-0.2799775801829,0.0179815827269,-0.1877324495715,-0.0627625728502,-0.0363592630371,0.3073879293841,0.3991800280893,0.2154038477740,0.8735906929802,0.6822842547306,0.4096892528506,0.8107952789155,0.6396762099988,0.5418723886084,0.2454261603746,0.1885181900007,0.2121926293083,0.1796959979528,0.1213528158422,0.1801388305407,-0.1618570287122,0.0910167803076,0.5089126167808,-0.1278263330696,0.3793355146735,0.1666227653130,0.2170528271080,0.1517431346816,0.0359069270368,-0.1407288648198,0.1821745469771,0.1100242249284,-0.2747936120352,-0.1655547942861,-0.1639026803332,-0.1969124352793,-0.2195259070045,-0.1345902681984,-0.0886005757643,0.1366969840524,-0.1555089091046,-0.2765887544652,-0.2478422660233,-0.2135831888546,-0.2053535661655,0.4104344743522,-0.3617951126139,-0.1433674494237,-0.0510328016877,-0.1857417710529,-0.0016206863595,-0.1237658831786,0.0381141548188,0.4231352694317,0.5296997831172,-0.0781498191696,0.1374399695439,0.1126726342716
0.7139644851337,1.0000000000000,0.5694246821053,0.6313710890621,0.3905740163973,0.3700556036336,0.5447044263250,0.0139200233800,0.0480244389154,0.0980744638165,-0.0897092536046,-0.2099558103312,-0.0180888337390,0.4222080063816,0.6848091419324,0.1644170741546,-0.1778889414779,-0.1933854105957,-0.1038246365882,-0.1955965317923,-0.3447699683102,-0.1198245611232,-0.1520513912709,-0.1407431154137,-0.0246314088755,-0.0026517927330,-0.2300548944519,-0.2371488149234,-0.0518187967289,0.0802721464109,-0.2804220188266,-0.0735438156778,-0.0633470193461,-0.2161000154222,-0.2641892134863,0.2776668003731,-0.2392027441104,-0.2068669549558,-0.0998658775397,-0.1705139569602,0.0942743922558,-0.0245038521734,-0.4506156085423,0.2471137305679,-0.1916351502654,-0.1279546403917,-0.0633887905549,0.0276883729140,0.1495689624348,0.1847791014194,0.6245867389408,0.7975825334931,0.5217439822217,0.6339907379799,0.4766368888209,0.4842045770581,0.0776700086589,-0.0218656075318,-0.0435485519835,-0.0632799508236,0.0612543027186,-0.1000871599170,-0.3271472621726,-0.0009689629727,0.5694717386933,-0.0340303103784,0.4542921215725,-0.1346731656996,0.2257499673239,-0.0723840381138,-0.1246868444069,-0.2922319048044,-0.1318530427391,-0.1148343251767,-0.3149889634859,-0.0308378588240,-0.3609862226582,-0.2039200424704,0.1029694342475,-0.2279989760196,-0.1894517550090,0.1095627744311,0.2017627775012,-0.3596744631998,-0.2150980966560,-0.3116432773400,-0.2949299273663,0.3759480943270,-0.3263371565336,-0.0855681203608,-0.0433955892702,-0.0076031802136,0.3356114044724,-0.1239172577073,-0.0650662526718,0.2119659585625,0.3916491551960,0.0178895472945,0.2494075229096,0.0769658873349
0.8177815610436,0.5694246821053,1.0000000000000,0.6254429077083,0.7433600729478,0.8006109321725,0.6586151548861,0.2882194267045,0.2734804638708,0.1366577563694,0.2234994127028,0.0512204500980,0.1351566892196,0.3196863866095,0.5037090688586,0.2860936468613,0.1908409345996,0.2269335698803,0.1476837159126,0.2308929683582,-0.0069514827465,0.0550826474764,0.0453402511379,0.2501271266647,0.2065005196379,-0.0729058387282,0.0851242968667,-0.0506464802141,-0.2110736502074,-0.2205989719971,0.0417259658027,-0.0047681769885,0.1100460778311,-0.3156168063948,-0.0115712764786,0.3514311849077,0.1179886769861,-0.0284959307528,0.0812125979293,-0.1115507939323,-0.0737200900720,0.0227937349580,-0.1744641149433,-0.0106250536144,0.0028182329831,-0.0546759351370,-0.0292205970727,0.4060651216322,0.4315122512828,0.1536231683622,0.7023012375113,0.6361452644513,0.3380282970266,0.8979861000698,0.6174846326221,0.5699235663372,0.1961198954152,0.1666917846781,0.2596909148766,0.1802900924781,-0.0273133719933,0.2068340472432,-0.1384869002136,-0.0520104941964,0.3485065225440,-0.1036265079219,0.4073445713121,0.1515379659575,0.3544888417067,0.2492380232876,-0.0311459108623,-0.0103381965394,0.2202891522782,0.1955195695021,-0.3039376340695,-0.2099990109189,-0.0740381934446,-0.1101533273563,-0.2314415377043,0.0139717494874,-0.1223881918090,0.1129929362338,-0.1208355094311,-0.3471745197302,-0.2140407152989,-0.1808506975396,0.0001621637972,0.5316510017732,-0.3769020847107,-0.0908552520356,0.1065295282622,-0.2332354470912,-0.0688931261062,-0.0331786011904,-0.0846053873780,0.5041425714898,0.3785541579227,-0.1716527108006,-0.0352793923258,0.0849128341885
0.5644629983178,0.6313710890621,0.6254429077083,1.0000000000000,0.4414010961218,0.5192993906466,0.7506293815391,0.1853072274211,0.1450377955207,0.0347328970780,0.1117236504070,-0.1594933448204,0.1717157711078,0.2081442860125,0.6020355180427,0.4951346202534,-0.0094043965997,-0.0232564562248,0.3617620914600,0.0062264743061,-0.1341883110858,-0.1271594289528,-0.1251493306773,0.0326485309981,-0.1530517154669,-0.0432719977137,-0.0932979318135,-0.1965241404628,-0.2236624962049,-0.1278926763392,0.0035369232494,-0.0403140354254,0.0333652571323,-0.1263612812040,-0.1064434578917,0.2738666964774,-0.1208710448968,-0.1242644869140,0.0833367251255,-0.0105978251426,0.0086123704067,0.1139001999638,-0.2232383258511,0.0235209417317,-0.1381749022260,-0.2401278323999,-0.0737892986591,0.1630585691244,0.2599604431581,0.0698848833060,0.3964275594488,0.4816019783819,0.6250509184583,0.5844819569340,0.5272128145274,0.7793755880825,0.0554601081650,-0.0472759288415,0.1615923494166,0.1324420554716,-0.0069139996173,0.0527123160286,-0.2478086896167,-0.0187780178381,0.3054646405863,-0.1049111391129,0.6716847011206,-0.0199580225501,0.5800024235007,-0.0425388406867,-0.2351243111854,-0.1576821171618,-0.0509801248057,-0.1760650328491,-0.4269934807143,-0.2763189789385,-0.3377486350224,-0.1854953320854,-0.2063678391856,-0.0703068718911,-0.2529712426144,-0.0177332943837,-0.0537813542249,-0.5048162864642,-0.3647265988405,-0.2554270648841,-0.1555355499423,0.4779142765721,-0.3521592030190,-0.2482463132721,0.0675778823566,0.0269988786111,0.0900163182331,-0.2087961921718,-0.2710282312611,0.2958028102799,0.0958622657166,-0.1909495192523,0.1054070030570,-0.0362057751704
0.7822922349583,0.3905740163973,0.7433600729478,0.4414010961218,1.0000000000000,0.8164523451797,0.6538077135436,0.3190891498315,0.3460493747314,0.3049021822489,0.2985849987411,0.1419067586211,0.3262929338472,0.2850820002413,0.4135213033400,0.0430201716210,0.2286558453179,0.2551686717401,-0.0349694862179,0.1312620014343,-0.1660922527622,0.0615907069024,0.0771629198276,0.2176990668838,0.3066783880244,-0.1765649092956,-0.0603378052182,0.0186009517086,-0.2194333555540,-0.3704523970683,-0.1436075411685,-0.1201505315448,0.0605374762778,-0.3238347906499,-0.2116774465356,0.2351236752323,0.0122427481551,-0.1252440187660,-0.0404355777081,-0.1428772449887,-0.0951057785775,0.0966288520231,-0.2599075577878,-0.0188457713680,-0.1016013344371,-0.0665350504205,0.0520186062313,0.4211957328335,0.4387633133244,0.1665024875080,0.8443671890972,0.4634350008267,0.3437334902318,0.7843581846202,0.7777881061630,0.5350491010510,0.3442498670575,0.2948064446511,0.3386466793362,0.2263274271137,0.2238562173529,0.2910856649784,-0.0734968447530,0.2231826213220,0.3745060512551,-0.1377458002097,0.3188541378489,0.3179243905440,0.1662956668800,0.2269864135728,0.1037407750327,-0.0592745863725,0.3106636545501,0.1175700750668,-0.1726833000515,-0.1867738155001,-0.0317179705364,-0.0939339514291,-0.2995104144316,-0.0042993113733,-0.0501201588051,0.1064928495837,-0.3163541710793,-0.1691580345369,-0.1781071658762,-0.1485434133325,-0.1462389655941,0.3582915289369,-0.3076807218774,-0.1171714470350,-0.0107715753107,-0.3206772043668,-0.1072556284800,-0.0644363892764,0.0987376615049,0.5227521567822,0.4837046615183,-0.0934962654876,0.0870355824448,0.0451861403493
0.6785156043210,0.3700556036336,0.8006109321725,0.5192993906466,0.8164523451797,1.0000000000000,0.7347463869397,0.3230201696184,0.3358431910081,0.2929147620279,0.3160950259127,0.1623265597464,0.2762695872377,0.2125724375069,0.4001817597314,0.2107384156560,0.2280028006561,0.2646388256959,0.1211827885859,0.2076786711564,-0.0243079520530,0.1435839469639,0.0804061801494,0.2908137520626,0.2484878903610,-0.0739944342662,0.0688869083361,-0.0315032962672,-0.2044532129721,-0.2958110045769,0.0412927571613,-0.0054289456098,0.1238947871744,-0.2791631420431,-0.0351204194641,0.2321715376884,0.1380749022218,-0.0269147748999,0.0788966568537,-0.1135198540473,-0.0549953858064,0.1443889175196,-0.1800599502957,-0.0034573878498,0.0005197802652,-0.0955663913556,0.0764527496898,0.5073941233051,0.4602595396074,0.1784460726977,0.6482387174476,0.3593426085858,0.2989970760210,0.8094000189953,0.8361649094261,0.5946618305954,0.3087162597718,0.2346240620664,0.3204220170148,0.2874368637866,0.2162719835341,0.3102096959578,-0.0378169601509,0.0750865319188,0.2785124972614,-0.1210928482804,0.3346238128417,0.2602213046729,0.3003758911935,0.1915633994272,0.0203384499689,0.0058814252828,0.2810660469041,0.1126755549780,-0.2618517356197,-0.2072841338034,-0.0257196259680,-0.1537995912098,-0.2941756499173,0.0410315599648,-0.0235881293382,0.0787139812377,-0.2503147242819,-0.3399782073251,-0.1917990055871,-0.1007151918341,0.0044220752721,0.4737042380614,-0.3659117407858,-0.1348126661020,0.0679657996765,-0.2654435852657,-0.1119514886868,-0.0917351959748,0.0074401925159,0.6228400416728,0.3606068223308,-0.1174306746461,0.0694342894295,0.0604795302296
0.6156117071818,0.5447044263250,0.6586151548861,0.7506293815391,0.6538077135436,0.7347463869397,1.0000000000000,0.1755165849380,0.2269448430319,0.1187349066130,0.0949627267283,-0.1111477963817,0.1968498378175,0.1289574409589,0.4431119661242,0.2718340960931,-0.0019382290643,-0.0078559073651,0.2070591824960,-0.0161735247628,-0.2215425487719,-0.1550613570469,-0.0929788078404,0.0511939926672,0.0531662428211,-0.0444031953723,-0.1672815460426,-0.2048272304351,-0.2154474642498,-0.2892174385625,-0.1806730368363,-0.0615799230031,0.0592204402301,-0.2225996124781,-0.1741344917921,0.2906756072157,-0.1852813010259,-0.2224025942252,-0.0864549889644,-0.1845745570148,-0.0995935353947,0.0722246961168,-0.4481564891959,0.0075844829433,-0.2138962855651,-0.2763269857596,-0.0581470612841,0.1431476828521,0.1574483429369,0.0391397559963,0.5962001825971,0.4533022371299,0.6036506448123,0.7221913970918,0.7910606371174,0.8944461268834,0.3112117679261,0.1502760026847,0.2188803136139,0.1689291049932,0.1629881766319,0.0678309814880,-0.1960390423808,0.1822976898704,0.3819009408081,-0.1082013012506,0.6329023513630,0.0914285705550,0.4606564420536,0.0472945551077,-0.0367436774325,-0.1895070052863,0.1252485867397,-0.1321672918104,-0.2745094752747,-0.1540092867881,-0.2985979613204,-0.2442433861348,-0.1125461270166,-0.0638050425919,-0.0999318270415,0.1234898695238,-0.1399651072834,-0.4126461095178,-0.2511463448796,-0.1693759483806,-0.2108999032967,0.4627607339270,-0.3442468636816,-0.2497607981610,-0.0877283220191,-0.1456940211308,0.0842550407573,-0.1922703943582,-0.1227496033948,0.3677615179456,0.2149642043892,-0.1080065735265,0.1467535607471,0.0252617607197
0.2561939285252,0.0139200233800,0.2882194267045,0.1853072274211,0.3190891498315,0.3230201696184,0.1755165849380,1.0000000000000,0.7826445236813,0.2690209827732,0.4272134984150,0.3556007250164,0.6454383887539,0.0256925922257,0.0213384344683,-0.0145365217672,0.4887474618074,0.5373934609164,0.5296034624593,0.5950141398822,0.1769291623325,0.2390317593106,0.0502960499170,0.3345454175528,0.5340981119078,-0.1278824033587,0.1745213315295,0.2993436889512,-0.0070728899908,-0.1121678415757,0.0586281115343,-0.0193442151326,0.2543352330055,-0.1118423045880,-0.1183651283458,-0.2054055909505,0.1739318083504,0.0916538626047,-0.1727005510585,0.1260619749580,0.0541670519299,0.3036444604611,-0.0088532031537,-0.1144217714903,0.0330854526304,0.0774066223559,0.1652250792488,0.0794023667972,0.1310390152679,-0.0576718380246,0.1639088802021,-0.0103980783486,-0.0892295411032,0.1679916594758,0.1904229445208,0.1635384243727,0.5677461704396,0.7399373151014,0.7445485846706,0.7668561847127,0.2014245527273,0.4771329214862,0.1307771239319,0.3090980222668,0.0276502059018,-0.4595378106078,0.2102807006819,0.7122187374879,0.3516836047929,0.4512911612053,0.1479907361428,0.0257193457828,0.3939206037528,0.4798607796287,-0.0578554334017,-0.3677511169264,0.1179954685037,0.1224414329840,-0.2803562214551,0.0132156294349,-0.1185838388502,0.0633189489871,-0.3284179899511,-0.3097468214196,-0.2207266435647,0.0532154990843,-0.0665052277688,-0.0719251791415,-0.3842891768410,-0.1668506571819,-0.2130692681777,-0.2983889194270,-0.2626090925734,0.0190378914619,0.0089153468855,0.0322121679863,0.0143347801588,-0.1454253298247,0.0063991842148,-0.1273782496144
0.3074823667922,0.0480244389154,0.2734804638708,0.1450377955207,0.3460493747314,0.3358431910081,0.2269448430319,0.7826445236813,1.0000000000000,0.4619172900689,0.5071496508927,0.4864052901741,0.6031548508716,0.1149203572811,0.0900518625375,-0.0236697720833,0.3886458004922,0.4184108895825,0.5582263542173,0.5194302626107,0.1954599612810,0.3102481068520,0.1367483341964,0.4475923505834,0.6792063551150,-0.1274457527178,0.1977127080872,0.0987698586384,-0.0811139997851,-0.0747913421568,-0.0254727874725,-0.0119271423711,0.2597946122528,-0.2201633150155,-0.0704336551928,-0.0801208273953,0.2166187034940,-0.0127857365109,-0.1941073932800,-0.0268171592925,0.0360862148698,0.2981170073374,-0.0665534139890,-0.1188607081879,-0.0386822625049,0.0434203300399,0.0315569885491,0.1050638381494,0.1193897742022,0.0314347470432,0.2384557415193,-0.0096579403959,-0.0531103024308,0.2314006197811,0.3004137299273,0.1864944137078,0.6056261775145,0.6318195897168,0.6617978518128,0.9146003435007,0.4041931393541,0.5780423920724,0.2554306234659,0.3309374383110,0.0972663767738,-0.4122523669513,0.2529771401768,0.6066377369688,0.4875383020613,0.4755975307627,0.3032940974244,0.1200173132269,0.5303024889617,0.5433801524750,0.0061286724989,-0.2451869721600,0.0197804150601,-0.0860937320894,-0.3055701850717,-0.0234723161420,-0.1183395320083,0.0686165185840,-0.3176509962106,-0.2474622737631,-0.2189390706596,-0.1376510456586,-0.0209090424038,0.0132459389930,-0.3977789457283,-0.1974566111168,-0.2091779593227,-0.3761156315366,-0.2887574195696,-0.1582393203211,-0.1019154113125,0.0797830555890,0.0905265926404,-0.0882577394175,-0.0106243222058,-0.0971565441346
0.2163686758335,0.0980744638165,0.1366577563694,0.0347328970780,0.3049021822489,0.2929147620279,0.1187349066130,0.2690209827732,0.4619172900689,1.0000000000000,0.4758891839864,0.7494748452229,0.5177639506247,0.4388427697645,0.3766120793080,-0.0300591103090,0.3812110609196,0.4245087657199,0.1518693008070,0.2520722210721,0.2439433242066,0.7141527603125,0.3421286299264,0.4714576492883,0.4516821767245,0.0846056120981,0.3821356205610,0.1150458911349,0.2156034735441,0.1978093225923,0.0895680356647,0.2159843792280,0.3842019821973,0.0352160656385,-0.0427223942344,0.0834963970658,0.4163982733827,0.0073949946007,-0.0548674594584,0.1404491334422,0.4323350730060,0.3661211786077,-0.0235697509284,0.0583164111729,0.0433077083726,0.2934872609749,0.2735142444958,0.3234748976331,0.2310785477665,0.5112939010894,0.2843598747266,-0.0061061094710,-0.1604502486807,0.1696527591400,0.3579438369633,-0.0329385081768,0.2395194930361,0.1346868543346,0.3003262730539,0.3402337276393,0.6246088424931,0.6512203683572,0.2553385576017,0.1228142666671,0.1547540756352,-0.2736844879463,-0.0000487129026,0.3833380265847,0.1241833846607,0.2089794167330,0.3213084022515,0.3816365380890,0.3759066959859,0.3018208548066,-0.0465600773999,-0.1567779064999,-0.0030366092561,-0.0441824830451,-0.1750099993158,0.0625704248006,-0.1335500082064,-0.0126550525810,-0.2089948467675,-0.1474072565528,-0.3370385899214,-0.1863654012413,0.1261742902860,0.1553984871742,-0.2979524039382,-0.2309812890512,-0.0458347644715,-0.2773868902843,-0.2824474968516,-0.1332573119550,-0.0745546073274,0.3037752346522,0.2900071640305,0.0520954573270,0.1161614737747,0.1453946924073
0.2195712080378,-0.0897092536046,0.2234994127028,0.1117236504070,0.2985849987411,0.3160950259127,0.0949627267283,0.4272134984150,0.5071496508927,0.4758891839864,1.0000000000000,0.5865277814043,0.5370231877953,0.1635026634169,0.1528712113219,0.1535778469506,0.4160076162823,0.4879251598935,0.3050536169657,0.4162895431192,0.3202754454064,0.4329625632431,0.4730196246056,0.5850859190282,0.2572713737604,-0.0235046511744,0.3991380384510,-0.0385503125306,-0.0850771170708,-0.2299213191621,0.2906554987227,0.1833283769740,0.3827803974723,-0.2290149674370,0.1700358147670,-0.0180668158054,0.4008677441836,0.1614865193943,0.1901971770213,0.0457579100562,0.0447948364119,0.2343594616754,0.2130021600039,-0.1749243740021,0.1592132706548,0.0579660629464,-0.0199920370197,0.5123733671217,0.3439995809180,0.2929464374380,0.1392927761544,-0.0620759243007,-0.0516283616537,0.1077881981270,0.2230546718383,0.0008465250704,0.4134294122515,0.2739148429076,0.5244673752245,0.5117499730540,0.3835622361946,0.7930324218366,0.3999108155047,0.2327066777731,0.0531480364893,-0.0631216991972,0.0498980214756,0.4822097164164,0.2172085268481,0.4058836950038,0.2895574333409,0.3814709539102,0.6547369476509,0.4218744416648,0.0108777296004,-0.1673993586751,0.2811708946570,-0.2173749910605,-0.3070443438720,0.3927730933180,0.0539823926977,0.1944728433128,-0.2924614728801,-0.0283378777027,-0.1086224776865,-0.1583717129398,0.3056000066110,0.1008284732721,-0.1717125174201,-0.0706000363846,0.1706795073822,-0.2173628898770,-0.3458265491952,-0.1946281778533,-0.0918000314471,0.4147525424048,0.1879682298003,-0.0584532042999,0.0141251000184,0.2686840467700
0.0333334606496,-0.2099558103312,0.0512204500980,-0.1594933448204,0.1419067586211,0.1623265597464,-0.1111477963817,0.3556007250164,0.4864052901741,0.7494748452229,0.5865277814043,1.0000000000000,0.4725043218515,0.2252216527263,0.0803339877949,0.0535864958225,0.5709723630777,0.5856917004980,0.2868709877810,0.4704713701444,0.5367167918656,0.7183310347814,0.6806867131272,0.6096812227578,0.5106222772158,0.1639197371269,0.5369069272840,0.1530962118761,0.1130076052848,0.0205882081367,0.3122647713739,0.3839900423145,0.5196039302749,-0.0136918791803,0.2127829389124,0.0699345209766,0.5474386420270,0.0909109866238,-0.0257216092939,0.0712913582133,0.1437067469663,0.1783624098004,0.1713814202749,-0.1471702064143,0.2031709463516,0.3298022654523,0.1661502537541,0.2919983648747,0.1615600032262,0.2897470472819,0.0548912911764,-0.1606850365355,-0.2823298536941,-0.0171261602735,0.0750287438312,-0.2154695137436,0.2813984397573,0.1697349891820,0.4122837411744,0.3994595773985,0.4975938745094,0.6954314917084,0.6366678030768,0.1148165656601,-0.0720489802442,-0.1655543240287,-0.1372393806563,0.4972343129763,0.1296189987825,0.4230263338622,0.5489488058192,0.6599909150267,0.5822796667096,0.5720673150344,0.1539303918269,-0.1246931377403,0.2137773708741,-0.0818211000898,-0.2475811964638,0.3024900245469,0.0886526565577,0.1529339417594,-0.3233140550596,-0.0297642214170,-0.2232165006705,-0.0986225387048,0.3373675127812,0.0144854376909,-0.2286981564940,-0.1804096082605,-0.0442252130572,-0.3191648003238,-0.4672333548004,-0.1359751284373,-0.1289217354518,0.1732346240024,0.0928269246809,-0.0505793542257,-0.1803951936860,0.1394488703851
0.1867119939105,-0.0180888337390,0.1351566892196,0.1717157711078,0.3262929338472,0.2762695872377,0.1968498378175,0.6454383887539,0.6031548508716,0.5177639506247,0.5370231877953,0.4725043218515,1.0000000000000,0.1223571833942,0.1549228751121,0.0045264863723,0.4968891538561,0.4699145532559,0.3255687728370,0.4032988856987,0.1366975722083,0.3160197303994,0.1481168304821,0.3879589301962,0.3761740500359,-0.0695625832006,0.2099963923854,0.1766770212250,0.0634687536794,-0.0244507691562,0.1017985550171,0.0504579883858,0.4207411013236,0.0030509303624,-0.1673366426358,-0.1602978491334,0.1901581317056,0.0776545331026,-0.0680281558624,0.1490652767425,0.1747780022369,0.4020592950356,0.0748676322082,-0.0717989454522,0.0415864193941,0.1483837847081,0.2801465207179,0.2421798085277,0.1396378788466,0.2329018037912,0.1827395473024,-0.0862392162223,-0.0568361014687,0.0945457467395,0.2605291560344,0.1342246128453,0.5713462673874,0.4711443441873,0.5990072237635,0.5984394987794,0.3258450336521,0.5826025994271,0.1295497960330,0.5638437750700,-0.0064435650313,-0.3646340596765,0.1556566445533,0.6310908901909,0.2279040072280,0.3102049775293,0.0678218400129,0.0965651643499,0.3563572033534,0.2345799963490,-0.0831098786309,-0.3166255268155,0.0325536501598,0.0052723658383,-0.3084194385140,0.0535800774210,-0.1130943948648,0.0279142141778,-0.3462726307414,-0.1485123449785,-0.2260194539988,-0.0379521867866,-0.0879360118091,-0.0193638713351,-0.2897846643709,-0.2187171520774,-0.1143530334918,-0.2435869103277,-0.2773802304290,-0.0866604961231,0.0129830997702,0.1730551845308,0.0920147879298,-0.1232135018265,0.1094599820100,-0.0857638369735
0.4406223287289,0.4222080063816,0.3196863866095,0.2081442860125,0.2850820002413,0.2125724375069,0.1289574409589,0.0256925922257,0.1149203572811,0.4388427697645,0.1635026634169,0.2252216527263,0.1223571833942,1.0000000000000,0.6283578910290,0.2211222369994,0.3417808300235,0.3971875249902,0.0491589247375,0.2306303471529,0.0965342286032,0.3452710832417,0.2153939916763,0.3528536454115,0.1340127449516,0.1084724240404,0.2489367873745,-0.0716094651318,0.0827847542612,0.3159954559238,0.1811156008914,0.2587012772899,0.4415805827754,-0.0628918779969,-0.1445486474339,0.2984815502982,0.1836135596443,0.0245796460626,-0.0847680485762,-0.0385928759255,0.2882900816680,0.0852215093721,-0.0885093540022,0.0539103237945,0.0638567363780,0.1657354390089,0.1486535227410,0.2888865941796,0.3006734153691,0.4905794768144,0.4005983120298,0.3262261115618,0.1650010750906,0.2766191451236,0.1960431985013,-0.0472998987340,0.0805369773239,-0.0251671330709,0.1623826168397,0.0377601332402,0.1299680243347,0.2373634357305,-0.0448257671693,-0.0874901983558,0.5662887085882,0.0189582868273,0.1862494478704,0.1550241817078,0.0923393525392,0.2373954155734,0.1181332119056,0.1439211369572,0.2929269422705,0.1358058576793,-0.0498091446861,0.0437122610448,-0.0297638000824,-0.1949746550330,-0.1539679235086,0.1810454674750,-0.0050425626680,0.2350496743995,0.0372101868522,-0.0418619239770,-0.1040711678526,-0.3494326896065,-0.0424277640742,0.1707981990006,-0.2306814068582,0.0660249155888,-0.0592665884855,-0.1992819696926,-0.0717741377016,-0.1542192595761,-0.1627376732834,0.2338616787711,0.5544894573892,-0.0682473955937,0.0291181160409,0.2831534588601
0.5702532185240,0.6848091419324,0.5037090688586,0.6020355180427,0.4135213033400,0.4001817597314,0.4431119661242,0.0213384344683,0.0900518625375,0.3766120793080,0.1528712113219,0.0803339877949,0.1549228751121,0.6283578910290,1.0000000000000,0.4078046379398,0.0526818010718,0.0778456667930,0.0605675153425,0.0399617918861,-0.1028807848656,0.1721877183560,0.0490745760131,0.2382858454874,0.0111987862992,0.1419583958855,0.0848317499009,-0.1556270544317,-0.0124061320378,0.0923900535005,0.0476835859888,0.1773755034068,0.1687482999683,-0.0380814213141,-0.0948418107500,0.5566454909247,0.0939256439920,0.0344873857354,0.1878260498898,0.0098830544935,0.2815743840094,0.1195020495051,-0.1028194724492,0.2848287760832,0.0214184730992,-0.0138511556419,0.0791427447859,0.3888629530946,0.3528340851010,0.5985890772213,0.4860446377758,0.5311834060920,0.3903262167612,0.5065512423492,0.4442624276337,0.3002229872363,0.0066974960346,-0.1336684584943,0.0362672580406,-0.0242078923513,0.0382540796392,0.1185758649380,-0.2275418662422,-0.1025463304360,0.5659340662326,0.0890412356668,0.4149686487010,-0.0411678567243,0.3268706587954,0.0330419412912,-0.1015860510408,-0.1250622277101,0.0717778307866,-0.0330016865542,-0.3553464717282,-0.0738122495161,-0.2917386114466,-0.2022024889555,-0.1071497227314,-0.0585561434466,-0.2995729572402,-0.0009744066048,0.0879708101486,-0.2354615034946,-0.2900701139136,-0.3995876094223,-0.0886853354375,0.5675948962755,-0.2798561645848,0.0183103816606,0.1900993016516,-0.0188870392056,0.1197485565291,-0.2055131688049,-0.2150139792731,0.4619159304604,0.4615576743059,-0.1178970205973,0.1585491574310,0.3125326286502
0.0984215656458,0.1644170741546,0.2860936468613,0.4951346202534,0.0430201716210,0.2107384156560,0.2718340960931,-0.0145365217672,-0.0236697720833,-0.0300591103090,0.1535778469506,0.0535864958225,0.0045264863723,0.2211222369994,0.4078046379398,1.0000000000000,0.1453137261032,0.1293193319541,0.4159921539944,0.3025963195029,0.1768801376306,0.1053016470315,0.2520138926342,0.3113143988835,-0.0792040722028,0.1938584876637,0.3335288454053,-0.1181093151985,-0.1245159279463,-0.0062051062157,0.5970169422591,0.3580031262522,0.3591860134145,0.0657735533711,0.4506159282856,0.5708015968990,0.3078410055509,0.2449470829416,0.4399479435979,0.0096002797267,-0.0134425168786,-0.1124633667916,0.2302504579777,0.0715676243885,0.4407138554612,-0.0406447207286,-0.0339017104894,0.3889921390292,0.3019036296860,0.0930376830704,-0.0602559539586,0.1428476960279,0.2440509145955,0.1758596859867,0.0868991836287,0.2409509663086,-0.0390465230600,-0.2477917265016,0.0634968751586,-0.0200147970633,-0.1950754842827,0.0745031810629,-0.0120838277175,-0.2925998734515,0.0863951178339,0.1237981432657,0.5585172584324,-0.1183584911041,0.5295190100631,0.2215487614954,-0.0970913121564,0.1995467615220,0.1214460399293,0.1224789789906,-0.1456581963265,-0.0154163927509,-0.0755299162597,-0.2215551955755,-0.1323515066218,0.3550545437647,0.0164776379089,0.1412129644838,0.0215837116294,-0.1016910910233,-0.0648489714522,-0.1967888642348,0.2379285437423,0.5053831699155,-0.3055226778926,0.0379965056366,0.3192816866146,-0.0348357660647,-0.1100813997069,-0.2127936160666,-0.4421100573172,0.3525545809947,0.0286989751879,-0.1399458837885,-0.3253919057840,-0.0181497817367
0.1054470943594,-0.1778889414779,0.1908409345996,-0.0094043965997,0.2286558453179,0.2280028006561,-0.0019382290643,0.4887474618074,0.3886458004922,0.3812110609196,0.4160076162823,0.5709723630777,0.4968891538561,0.3417808300235,0.0526818010718,0.1453137261032,1.0000000000000,0.8430445692096,0.4072994351526,0.6713388055958,0.5665791001464,0.4348557387380,0.4762398163296,0.5898177273345,0.3115284776161,0.1642214553803,0.4591801845335,0.2551130174103,0.0158433749297,-0.0882367093021,0.4648418220875,0.4172582665910,0.7426766183548,-0.0351153905586,-0.0253333916651,-0.0396244589937,0.3253344578901,0.1783049502496,-0.1825169278838,0.0038216267469,-0.0334571166720,0.0920175301977,0.1746841381690,-0.2211629990931,0.2482472139357,0.1333554282111,0.2576218124572,0.2273761257627,0.1801195790415,0.1307884644129,0.0687892034545,-0.1677922703922,-0.2006582418328,0.0524391503681,0.0324449702358,-0.1310937809878,0.2489267827538,0.2802861977364,0.6240399836679,0.4167233581178,0.1366339488064,0.4412242811834,0.3052864184814,0.0442403395818,-0.0263110176716,-0.2073677911244,-0.0193525011199,0.6360824735152,0.1771694272179,0.5389574784947,0.3685465652249,0.3784972560529,0.5364696426777,0.4188436736671,0.1267494736645,-0.1991124998996,0.2629421194925,0.0172475345640,-0.3663505633822,0.4436074895562,0.2244456608916,0.2861410627486,-0.4000111564180,-0.1285309760657,-0.1066383430669,0.0232418979763,0.0822927242764,-0.1436946869546,-0.3030572817693,-0.0747982844037,-0.2234887400147,-0.3865810076958,-0.4145771304063,-0.0775955989271,-0.0339676233191,0.1094155319507,0.0564971352399,-0.2651596295418,-0.2514163820195,0.0075722393863
0.1311139217085,-0.1933854105957,0.2269335698803,-0.0232564562248,0.2551686717401,0.2646388256959,-0.0078559073651,0.5373934609164,0.4184108895825,0.4245087657199,0.4879251598935,0.5856917004980,0.4699145532559,0.3971875249902,0.0778456667930,0.1293193319541,0.8430445692096,1.0000000000000,0.3843353177893,0.7611967096105,0.5040746397482,0.4910292111090,0.4742448177094,0.7266383108467,0.3417024745194,0.1718680215373,0.5723724111453,0.3261567103724,0.0997154118555,-0.0040427255827,0.5367260517731,0.4160878270798,0.6653047239150,-0.0166023992268,0.0405053600106,-0.1092012599034,0.5070555336021,0.2483453401063,-0.0941114707694,0.0963860747907,0.1094850716047,0.1877351963393,0.1804871153633,-0.1997695325105,0.2276235482548,0.2249774094461,0.2944580294938,0.3218854864193,0.2088991168095,0.2344551067236,0.0861827373589,-0.1813339640737,-0.2071087664085,0.0593057835774,0.0401130214575,-0.1577763044471,0.3113590757130,0.3601373430258,0.7318286852752,0.4527953381786,0.1049343331901,0.5255669673207,0.2792001985509,0.0105021859456,0.0155172572487,-0.2203757664708,-0.0697287614423,0.7243516761406,0.1496681351265,0.6253731795469,0.3105295468543,0.4209949200332,0.6742773739491,0.4798800571174,0.0460309754919,-0.1052007300726,0.3925604051392,0.0402636984164,-0.3915395834110,0.5200927908639,0.1573475542847,0.2701517177927,-0.4256198289181,-0.0982555634783,-0.1065650744353,0.0008223678984,0.2351078613694,-0.1012401654369,-0.2718012145252,-0.0261297545856,-0.1257723578310,-0.3935803455051,-0.4293110411325,-0.0328921486225,-0.0982431659110,0.1605182461593,0.0888575842428,-0.2585849830977,-0.2260741791549,0.1279302418775
0.0273370406553,-0.1038246365882,0.1476837159126,0.3617620914600,-0.0349694862179,0.1211827885859,0.2070591824960,0.5296034624593,0.5582263542173,0.1518693008070,0.3050536169657,0.2868709877810,0.3255687728370,0.0491589247375,0.0605675153425,0.4159921539944,0.4072994351526,0.3843353177893,1.0000000000000,0.5237415789956,0.4457048330145,0.2312114652311,0.1459442001943,0.4040668464793,0.1779337376664,0.0274754385458,0.2564817662521,0.0076096006457,-0.1293612572342,-0.0578695489061,0.2952608045358,0.1856276103199,0.3493213423989,-0.0191561396596,0.1466688234364,0.0579792687276,0.2104510525088,0.0879871948173,-0.0268263357182,0.0679104177223,0.0267201390469,0.2572841509297,0.1668754499953,-0.2266331134457,0.0575924539704,-0.0496510575934,-0.0254776081165,-0.0029920484897,0.0628447834063,-0.0466629046318,-0.2010843181465,-0.1925397873973,0.0239807671931,-0.0135540404783,-0.0140421827787,0.2208560727461,0.1697912737252,0.2328926032217,0.4753234706851,0.6208093142558,0.0571786807431,0.2755710717705,0.1521136220223,-0.0484117614721,-0.1031484872192,-0.2231003576105,0.3943150673602,0.3371430659646,0.7403804794550,0.3245010200873,0.1188552683886,0.1643020752555,0.3265994293401,0.3000156556857,-0.0458881785747,-0.2876545454175,-0.0974779424167,-0.1004503514657,-0.2804492508862,0.1146728792551,-0.1326980086121,0.0036219038043,-0.2271367816360,-0.3068624021348,-0.2796264480093,-0.0877410680939,0.1167996073709,0.0614348559231,-0.2758831978683,-0.2010514443152,-0.1123200350246,-0.1490010577397,-0.3263695818001,-0.2198689277947,-0.3413986930624,-0.0691939911131,-0.2297592287878,-0.2009209243726,-0.2014043817559,-0.1075767994732
0.0628308063643,-0.1955965317923,0.2308929683582,0.0062264743061,0.1312620014343,0.2076786711564,-0.0161735247628,0.5950141398822,0.5194302626107,0.2520722210721,0.4162895431192,0.4704713701444,0.4032988856987,0.2306303471529,0.0399617918861,0.3025963195029,0.6713388055958,0.7611967096105,0.5237415789956,1.0000000000000,0.5468215818887,0.4428130427348,0.4087246205714,0.7318669388194,0.4974765942562,0.2976236861671,0.7063854072589,0.3406552821044,0.1043741143542,0.0722396247171,0.5225435021121,0.5034350374747,0.6553408605467,0.0111797670716,0.2534627354621,-0.0101370743739,0.5368382462907,0.5035998428113,-0.0367579794508,0.1507679563730,0.0490336229608,0.0284336173882,0.2925022446298,-0.0561601172204,0.4659086888490,0.2277542423469,0.2343998634052,0.2799165598717,0.2519456488531,0.0639535028004,-0.0575064798891,-0.2048659475557,-0.2651987307202,0.0219772642800,-0.0936137959759,-0.1151384074489,0.4071164134524,0.4210395990082,0.6243072585796,0.5575926910615,-0.0850720454248,0.4002578358641,0.2030715291145,-0.1406119934685,-0.1006881969619,-0.2980604403257,0.0783429219966,0.5032057840759,0.2764823015453,0.7609221516106,0.1294230674681,0.3830308188238,0.6049512011598,0.7150756645700,0.0380477190653,-0.0628531506176,0.3958696326421,0.0325069966577,-0.3514339326716,0.3769710234616,0.0796391011881,0.1932146579977,-0.3023873320167,-0.1432628537763,-0.0184435257612,0.0041962051313,0.2445780409930,-0.0385581306239,-0.3844439517410,0.1268059428996,-0.1001145399535,-0.3333127738831,-0.3677960401362,-0.0648740989377,-0.2452363376363,0.0927249093077,0.0020741031806,-0.2977479426935,-0.4485615255515,-0.0683213087084
-0.1427502460954,-0.3447699683102,-0.0069514827465,-0.1341883110858,-0.1660922527622,-0.0243079520530,-0.2215425487719,0.1769291623325,0.1954599612810,0.2439433242066,0.3202754454064,0.5367167918656,0.1366975722083,0.0965342286032,-0.1028807848656,0.1768801376306,0.5665791001464,0.5040746397482,0.4457048330145,0.5468215818887,1.0000000000000,0.5198479105381,0.4738870559753,0.5768312427096,0.1644391411000,0.3429046558354,0.6003895454379,0.1533826583084,0.0428338515002,0.0607627205812,0.5608524583655,0.5671436085012,0.4863998918208,0.0641360292928,0.4039913461591,0.0095084212447,0.4634750294715,0.2680173941046,-0.0567289163130,0.0859559938415,-0.0158594050410,0.0357979394448,0.4714397419901,-0.1993989457427,0.2912052838499,0.2948749702276,0.1976842018837,0.1033617767911,0.1775602586717,0.1673745949447,-0.3158113380119,-0.3752732865413,-0.4036108356804,-0.2134402929588,-0.2972406855086,-0.2768949612644,0.0198579767414,-0.0568233881469,0.2459878225104,0.2527179570742,-0.0008930807091,0.3489535761189,0.3936445606634,-0.2774400170442,-0.2815941191382,-0.1354008450995,-0.2108096675114,0.1865779601006,0.1831134580122,0.3619596667817,0.2966526935051,0.5892588147650,0.4051517281156,0.4769897270221,0.2162857616461,-0.0400771409550,0.2957976067889,-0.0560192440320,-0.3515476188197,0.3814803278640,0.2141603164679,0.1387712683418,-0.2707079482283,-0.0937071734882,-0.0783372973154,0.0887987117597,0.3822219232339,-0.0872155030338,-0.1112945883411,-0.0658288316342,-0.1239441075689,-0.2384447840717,-0.4349297701166,-0.0359208140762,-0.1115720520244,-0.0440460403016,-0.2044829223538,-0.2185979822921,-0.3816723043905,0.1683303453347
0.0034215799819,-0.1198245611232,0.0550826474764,-0.1271594289528,0.0615907069024,0.1435839469639,-0.1550613570469,0.2390317593106,0.3102481068520,0.7141527603125,0.4329625632431,0.7183310347814,0.3160197303994,0.3452710832417,0.1721877183560,0.1053016470315,0.4348557387380,0.4910292111090,0.2312114652311,0.4428130427348,0.5198479105381,1.0000000000000,0.4311147978130,0.5555363771118,0.3380838341578,0.1627448976832,0.5825279468242,0.2982125241588,0.3609708513663,0.2866084424619,0.3854187540309,0.3736507907170,0.4667405846114,0.0455343596436,0.2404887703737,0.0222261808208,0.5662348078824,0.2420188407749,0.0580760574530,0.1738573526591,0.4090587360655,0.1597643688393,0.2225043433014,-0.0368948656679,0.3030348945061,0.4330466004757,0.3202072232241,0.3610234647598,0.3758386321039,0.3696714446170,-0.0456375845694,-0.1674608468080,-0.4011539068242,-0.0541750253372,0.0249693945429,-0.2827106419053,0.0869183635947,0.0486808506958,0.2654636456566,0.2868168213285,0.3147666309763,0.5520821249101,0.3255989532040,-0.1746763460573,-0.0831264733463,-0.2366481294997,-0.1531542647093,0.3001411633694,0.0864974815613,0.3249137321556,0.2730682910969,0.5668264697602,0.3825700851121,0.4664670034073,0.0133282692618,-0.1073550291851,0.2027084506679,0.0986991328030,-0.1124336814366,0.2261183382119,0.0055667320540,0.0708161880709,-0.1424488734520,-0.1169778382260,-0.1426331506927,-0.0125623022952,0.3276881004764,0.0636869826917,-0.2676298971566,-0.0546208770466,0.0231468871766,-0.3166821296673,-0.3940766519137,0.0554511770322,-0.0701909672988,0.2295138889991,0.1823005858046,0.0890975062625,-0.1831104715475,0.0773818313610
-0.0079423755411,-0.1520513912709,0.0453402511379,-0.1251493306773,0.0771629198276,0.0804061801494,-0.0929788078404,0.0502960499170,0.1367483341964,0.3421286299264,0.4730196246056,0.6806867131272,0.1481168304821,0.2153939916763,0.0490745760131,0.2520138926342,0.4762398163296,0.4742448177094,0.1459442001943,0.4087246205714,0.4738870559753,0.4311147978130,1.0000000000000,0.5194996266855,0.2139865853219,0.4307509779605,0.5762493782222,-0.1061098965638,-0.1351064567319,-0.1699426863307,0.4519372188855,0.6712772507604,0.6225191628666,0.0015589784665,0.2974728483987,0.1303667187398,0.4487895259397,0.2005429790588,0.0538676926173,-0.0286845081148,-0.2215468382922,-0.1637158842925,0.2113258973074,-0.0838927884375,0.3132368648279,0.2729142102589,0.0607686932174,0.2479204902108,0.0995749673445,0.1429776364295,0.0013224048894,-0.0461027080054,-0.0298742287539,-0.0116538610354,-0.0374150677611,-0.1978505775768,0.1685721970118,0.0173486534685,0.2579113221547,0.1081333295115,0.2498325057845,0.4001970744453,0.5786786684722,-0.0608802795483,-0.0349961296445,0.1678464667570,-0.0550752907676,0.2057418390115,0.0897275856303,0.4950175632108,0.4599333035388,0.7020517773954,0.5828726378572,0.4916311538973,0.3392580800464,0.1755321090213,0.3662403797257,-0.3891970147430,-0.2488479443879,0.5225313286669,0.3457741033962,0.3706818204963,-0.2671477921827,0.1494973285849,0.0087663413364,-0.1283616415832,0.3607815045790,-0.0381603589750,-0.0381065134609,0.0557909016360,0.0346843375985,-0.1306335992726,-0.2836586406032,-0.2923626907597,-0.2183255160384,0.1347952001546,0.0348721309584,-0.2020136724916,-0.3176906500541,0.2353370205251
0.1363595636470,-0.1407431154137,0.2501271266647,0.0326485309981,0.2176990668838,0.2908137520626,0.0511939926672,0.3345454175528,0.4475923505834,0.4714576492883,0.5850859190282,0.6096812227578,0.3879589301962,0.3528536454115,0.2382858454874,0.3113143988835,0.5898177273345,0.7266383108467,0.4040668464793,0.7318669388194,0.5768312427096,0.5555363771118,0.5194996266855,1.0000000000000,0.3056207900814,0.3575137366412,0.7427337510034,0.1855472536703,0.0621122586460,0.0834562592989,0.6016508468773,0.5153290884016,0.5585697080113,-0.0052262547472,0.3562965706743,0.1381892580410,0.7309940067310,0.4510015043738,0.1836488558606,0.1249397902992,0.1572757650677,0.1530507505984,0.3535087167401,-0.0243058687573,0.3555878967719,0.2700963745412,0.2175536360568,0.5217635943990,0.3824407641151,0.4073865310768,0.0607428291584,-0.1582971544196,-0.1970603189237,0.0948236382270,0.0970205713266,-0.1164845266383,0.3033425486961,0.1240011978866,0.4687332110049,0.4340052978377,0.0774789576171,0.5347917842525,0.3014781680639,-0.1446994566519,-0.0033762125603,-0.1100399213499,-0.0420494329138,0.4185538667486,0.2649129139519,0.5297068075237,0.1552720040837,0.4967323650268,0.7358866191345,0.5528620654235,-0.0591298129837,0.0551317564089,0.3716906113098,-0.1218235174909,-0.3778871299804,0.4286520256474,0.0399565575955,0.1104122048635,-0.2590848350879,-0.0512215268558,-0.0696824159896,-0.0520062192366,0.4806368272917,0.2143767085015,-0.2440186457981,0.1156591099109,0.1474964428104,-0.2391047795219,-0.3499915678462,-0.1151338734767,-0.2642658668201,0.3230557297936,0.1764720051713,-0.2286557384865,-0.2521887098153,0.1806835957580
