1.0000000000000,0.4485850610893,0.5229476728107,0.7733209631928,0.7168645328291,0.4652380066912,0.6363986725805,-0.3133103879994,-0.1309111265429,-0.0352024749542,-0.0685844869210,-0.1010362539347,-0.0066235625078,0.4673742347911,0.6045337024075,0.2387069980795,-0.2203939730532,-0.2010509458090,-0.1135051365819,-0.2160948264678,-0.2452291868684,-0.1702580558687,-0.0398930023777,0.1400613278887,-0.2999452429796,-0.0645425284519,-0.1391069429651,-0.2780200497368,-0.0104372948571,-0.1377978662810,-0.2502802341893,-0.0120979327116,-0.0752422065241,-0.1576103847568,0.2009138202140,0.1752254466174,-0.1191529088669,-0.2378266075367,0.1420091980510,-0.1441763456033,-0.0054317036947,0.1075281573094,-0.0053052518266,-0.1571230564527,-0.1985386306006,-0.1596812063720,-0.1790469143369,0.2054227497457,0.4077685849593,0.2085934817943,0.8192565693500,0.6725451892609,0.7402766024586,0.5555233489262,0.5249026018480,0.6711741191099,0.0224097584651,-0.3741447090667,-0.3206420740834,-0.1731676207276,-0.0812492747348,-0.0779680593662,-0.1176631702204,-0.0450149994796,0.5963848713823,0.4000274727622,0.3318439697115,-0.2348873622440,-0.0327957510014,-0.1672279580195,-0.2611802327144,-0.0173096076348,-0.0943413711052,-0.2045241219774,-0.3657315818610,-0.0741512474556,-0.0934189565581,-0.2409119990946,-0.1288670934976,0.0151930360393,-0.0954794654111,-0.0148550906086,-0.0939755891074,-0.0725992162315,-0.2144300361284,-0.2352106510094,-0.1533697570940,0.3940952388116,0.0230701824406,-0.1989027015601,0.0950784692627,-0.1060191956103,-0.1201104367587,-0.2823774332336,-0.0565669760729,0.2570410719897,0.3830381962043,-0.0140142921336,0.1293134443400,0.1661802691918
0.4485850610893,1.0000000000000,0.5867512058792,0.4279109468052,0.2250243415752,0.2569291781599,0.2820705704480,-0.1525773076830,-0.3960194644717,0.0709092146632,-0.4418863705113,-0.3126405075943,-0.1423550121958,0.5843211548486,0.4675055297407,0.0709084408485,-0.2744616622501,-0.3998141062326,-0.2043312058259,-0.3287708236229,-0.2512162832188,-0.1937007705328,-0.4084701886841,-0.1846170800316,-0.2115109857864,-0.3500364976026,-0.3632794945883,0.1179072076936,0.0928932176812,0.4245570928621,-0.3241944659542,-0.2320023629914,-0.1672946346818,0.1190397845002,-0.0314049878903,0.0467640975582,-0.2672156191937,-0.2705524330521,-0.0137469669664,-0.1291064387624,0.1714943453384,0.1066765416413,-0.0745440729760,-0.1008999048676,0.0558629943003,-0.1216693863799,-0.0895729744900,0.0602900434874,0.3620232946302,0.2514109138290,0.4239488878837,0.7568695266987,0.3703728248002,0.2679680707754,0.2222688857103,0.2701169762926,0.0195725018728,-0.1610838648570,-0.2583365444261,-0.3297287647052,-0.1364352213067,-0.3096104581214,-0.2838594912039,-0.2083260562164,0.6241782181753,0.1969180081403,0.1573384950882,-0.3647951193723,-0.2093141551737,-0.2331205606191,-0.3353172501966,-0.3169146207019,-0.3348925144884,-0.2334117530824,-0.4151148571776,-0.2533856836028,-0.3827081968788,0.1876648257151,0.0828124838285,-0.2627403454938,-0.0833457642988,-0.0604869778404,0.2391590155851,-0.0372036204161,-0.0281699023918,0.1057263121448,-0.3305885968976,0.1383120943491,-0.1345330290345,-0.1767206537262,-0.0113644906266,-0.1054337485076,-0.0422513030298,0.0219290179760,0.0296891719872,0.0734492131463,0.3640399382146,-0.0430295832993,0.0465099412823,-0.0177117156851
0.5229476728107,0.5867512058792,1.0000000000000,0.5104595049185,0.4257919567157,0.7111333178102,0.5360592002667,-0.2235173862041,-0.2218869402790,0.0847238850452,-0.2061254428584,-0.2304820319542,-0.1305370331259,0.2905982214762,0.3717023729768,0.3309747881130,-0.2788672682246,-0.2481143629388,-0.0444055923640,-0.1097020540288,-0.2477374048068,-0.1927890122898,-0.1609135999024,0.0745964067407,-0.1124678881394,-0.1457376115847,-0.0183128142482,-0.1869516830851,-0.1278019939959,-0.0114430404424,-0.0775882149039,0.0753662638395,-0.0191466217754,-0.0441344099498,0.1851390022730,0.3072465167223,0.0301808454797,-0.0923316141951,0.1784420498302,-0.0715542253597,-0.0940954428122,0.0371177068414,0.0427209730482,-0.1846426057604,-0.0720537246989,-0.0934660570881,-0.0606071312059,0.3149489319955,0.4179657720342,0.0779782579829,0.5242979604078,0.7841349686683,0.4823559958522,0.7183682446205,0.5656938467666,0.4727397108624,-0.0562372914187,-0.2265167449722,-0.2612774647942,-0.2315311197532,0.0109899800075,-0.1767468295692,-0.2428197280182,-0.1939230953388,0.4422800068163,0.3387154568308,0.3509256427456,-0.2738670931800,-0.0668134450929,-0.0587496595763,-0.3053367350584,-0.1132997076716,-0.1227818158622,-0.1487531284655,-0.3093744380247,-0.2329652850705,-0.0152099699395,-0.1298732536403,-0.0516352552473,-0.0022622536274,-0.0173651452151,0.0441371993138,0.0800717914274,0.0972419690095,-0.0867082915821,-0.1477488423932,-0.0420942998335,0.3710990717972,-0.0119594967673,-0.1461788015432,0.1555917680220,-0.0499551018610,-0.1502324614490,-0.1590709860784,-0.0902138942917,0.3532420109602,0.3539621786589,-0.0481054929870,-0.0123751922775,-0.0504758380644
0.7733209631928,0.4279109468052,0.5104595049185,1.0000000000000,0.7841974015847,0.5779883746032,0.8665149197045,-0.3167421233348,-0.0995951017297,-0.1638524000489,-0.0503619921878,-0.2317452869976,-0.0705203306022,0.4004118041525,0.7921719987405,0.4914547028243,-0.2832935679183,-0.1982891730574,0.0121284330730,-0.1149517358305,-0.2689888887408,-0.2404970067416,-0.1046586295660,0.3062275898145,-0.3096778571158,-0.1846293530685,-0.1455843665365,-0.3087034329335,-0.0544628836292,-0.1537768029387,-0.1731401955069,-0.0761449922549,-0.1188793271397,-0.3410529722437,0.2425414322988,0.1923386249478,-0.1427892022486,-0.3433790478476,0.1106742061297,-0.2393943239492,-0.0427906163658,0.1413987570421,0.0728207465353,-0.2878306104434,-0.2381857839311,-0.1881016873556,-0.2605740097356,0.2511781771040,0.4996526463472,0.2081520455983,0.7970828460810,0.6893203792599,0.9500618011200,0.6165369401395,0.6992389111491,0.8733093142786,0.0736132214256,-0.4098545414008,-0.3176445235824,-0.1639681319187,-0.1348016897915,-0.0691972022146,-0.2575740278168,-0.1161396801750,0.6505607921296,0.5237917869030,0.5474781120092,-0.2772015701169,0.0514385955772,-0.0830627119737,-0.3378056868763,-0.1097619231239,0.0561683912578,-0.2682162580265,-0.3250314673494,-0.0924885585928,-0.0678623850095,-0.2846127385943,-0.1441962620708,0.1672437162366,-0.0932894329527,0.0239605932282,-0.0860522495783,-0.0311464249222,-0.2826977769587,-0.3566163962465,-0.1527553300498,0.5399295202494,0.0509764759464,-0.3098440182822,0.0892465733151,-0.1871930510831,-0.2532711249041,-0.2867357612940,-0.0976321056297,0.3085274514179,0.4688265409453,-0.0406699834174,0.1007213024772,0.1876821438709
0.7168645328291,0.2250243415752,0.4257919567157,0.7841974015847,1.0000000000000,0.6486654211963,0.7885845768998,-0.2785916746446,-0.0599640276667,-0.0810696552814,0.0853778193242,-0.0755408891196,-0.0610653953023,0.2690681012446,0.5938223811059,0.2458412104593,-0.1796647562262,-0.0918936264586,-0.0462696483568,-0.0911946759519,-0.1844649467567,-0.0236434778855,0.0432560735646,0.2708292800461,-0.2331956026160,-0.1020208006408,-0.0598407311280,-0.2720515550514,-0.0459153114419,-0.2001837251651,-0.1333386420872,-0.0075766704693,-0.0826687787209,-0.2062183119408,0.2063313315493,0.0809494410547,-0.0615947880630,-0.2793981302289,0.0850167308235,-0.1604573835584,0.0381686764552,0.1655232706328,0.0379483705258,-0.2244606132471,-0.2246064759791,-0.0644390234102,-0.1627806053972,0.2191619171615,0.4964616037071,0.1646492516992,0.8659353338525,0.5363178919868,0.7671116987755,0.6952067430943,0.7966870694468,0.7837792501055,0.0322509576934,-0.3551821238572,-0.2928317500112,-0.1172915059878,0.0294914804682,0.0524730578572,-0.0892424339009,-0.0883981034366,0.4355498887089,0.3330255761897,0.3133445473227,-0.1847726657515,0.0279813470529,-0.0944270269167,-0.2340621387692,0.0328222902000,0.0932060901590,-0.1736069430078,-0.2309328887973,-0.1304152771603,0.0102672131902,-0.2261104830128,-0.1431226227190,0.1104537548777,-0.0404605566453,0.0005603682198,-0.1741588835450,-0.0838698095605,-0.3068763599819,-0.2249480444544,-0.0774061355597,0.3968893508208,0.0476856342606,-0.2703828083146,0.0526000826691,-0.1522821727082,-0.2510594069904,-0.2122741183478,-0.0904504870093,0.2842497884419,0.4645541401483,0.0748656587379,0.1553554525712,0.1459863072813
0.4652380066912,0.2569291781599,0.7111333178102,0.5779883746032,0.6486654211963,1.0000000000000,0.7872579823659,-0.1778040052225,-0.0854075875286,-0.0360846198264,0.0045557425815,-0.1213597140512,-0.0224420270921,0.0759236746775,0.4533403835113,0.4263107766215,-0.2161919990343,-0.1683239766273,0.0427703062320,0.0923349794498,-0.2109328726309,-0.0921146332156,-0.0380512190716,0.3441410885477,-0.0733372292277,-0.1233595515913,0.0841249600494,-0.2837210626816,-0.0879573341138,-0.1803761888047,-0.0458348803355,0.0115921363134,-0.0424461023942,-0.1976423663675,0.2780113225254,0.3965155920347,0.1096130726760,-0.0301766747154,0.2652417679185,-0.1371999073923,-0.1364823041579,-0.0571879133054,0.1398034557004,-0.2272867744643,-0.1179484823540,-0.1350690638503,-0.2355132005141,0.4266614725252,0.4981118292403,-0.0124707554272,0.5789102069598,0.5492075008605,0.5745190644350,0.9313831460669,0.8923416225632,0.6832113454620,0.1897345300193,-0.2573849832461,-0.2465334513421,-0.1310005591615,0.0201671984538,-0.0363123959578,-0.1411685359096,-0.0888549398893,0.2762493251188,0.4113530129859,0.4076452256153,-0.2408332992366,0.0666766610998,0.1079089753677,-0.2859004132596,-0.0642013992336,0.1478243911519,-0.0292268699781,-0.2568075418092,-0.1908648319978,0.1455996290748,-0.2669356026562,-0.1216687680969,0.0879056695492,-0.0948143386807,0.0139111504716,-0.1713447260148,0.0683679904589,-0.1515390704690,-0.3100611199508,0.0603269329717,0.5245049937148,0.0520486426327,-0.0827928413138,0.2153438082981,-0.1032583808114,-0.1837930024552,-0.2873425055704,-0.2021988735369,0.4928904462333,0.3965681977531,-0.1030105781242,-0.1356149821356,0.0123273225880
0.6363986725805,0.2820705704480,0.5360592002667,0.8665149197045,0.7885845768998,0.7872579823659,1.0000000000000,-0.2535609671482,-0.1001097391940,-0.1653673461979,-0.0593717435448,-0.2161259723111,-0.0737816958702,0.2114488906768,0.6426429495945,0.4635620295056,-0.2984090519546,-0.2105938926817,0.0075447376829,-0.0444024580717,-0.2876569637586,-0.2147174174618,-0.0826209981437,0.3443182999272,-0.2378612259451,-0.1832352902066,-0.0842800743032,-0.2674034706003,-0.0793365700039,-0.1724094954370,-0.1791780953581,-0.0908695939573,-0.1271829758619,-0.3244603656093,0.2778401309473,0.2560675929488,-0.0869725663624,-0.2334198731560,0.1536780607341,-0.2080115996713,-0.1215187246321,0.0431568793970,0.0635531750204,-0.2384337731286,-0.1957410717470,-0.1867295778913,-0.2587401230983,0.2615127784712,0.4796765309260,0.0656432369515,0.7269936086912,0.5619494382011,0.8306338153508,0.7673326040652,0.8669660273208,0.9178243122357,0.1990600864641,-0.3308921321887,-0.3085762993048,-0.1510465646835,-0.1115104287919,-0.0915469865615,-0.2036350092044,-0.1247005507537,0.4757128626528,0.4448248096279,0.4888678417358,-0.3108201326633,0.0505059533971,0.0074163294901,-0.3373005516880,-0.1053354188768,0.1213974845153,-0.1561343847738,-0.2978843791802,-0.1339014507009,-0.0000163876198,-0.2809015523719,-0.1332402034745,0.1027910184023,-0.1412124244181,-0.0049067886237,-0.1259742576951,-0.0314149330042,-0.2136583202450,-0.3646733299599,-0.0870386836190,0.5687288414194,0.0508554356226,-0.2083394977619,0.0828881779977,-0.1699683317911,-0.2136593441858,-0.2768404025617,-0.1521039852789,0.3326451640626,0.4064593582650,-0.0791722099807,0.0122486733856,0.1206708384217
-0.3133103879994,-0.1525773076830,-0.2235173862041,-0.3167421233348,-0.2785916746446,-0.1778040052225,-0.2535609671482,1.0000000000000,0.4065321714938,0.2360268803276,0.2967297225092,0.4259449104260,0.3183706487694,0.0041922064376,-0.1232476387919,-0.0789163363990,0.6296145665100,0.6289112264308,0.4169722403542,0.4248824139791,0.3660371045737,0.1959471368780,0.0828323455422,0.0813991475760,0.2801915033171,0.0161765868421,0.0501826305968,0.1416746065227,0.0471870349989,0.0557173855415,0.3500738436314,-0.1373136127913,0.2375772330807,-0.0090989840994,-0.1950262394408,-0.1602360386104,-0.1050430071104,0.1173958566549,-0.3093482066704,-0.0158220555505,0.0614417833421,-0.0665332280039,-0.1830877507535,0.0567042356312,0.0625199306806,0.0336798342622,-0.0490790962398,-0.2112678703111,-0.1753727155798,0.0011333082010,-0.2825337963120,-0.3098190411011,-0.3204430564363,-0.2066131068744,-0.2103043243337,-0.2377760749928,0.2986556822967,0.8194602019323,0.7265576402126,0.4274456467971,0.1907224757079,0.3741388693654,0.3029389187614,0.2815775417828,-0.1113142608017,-0.3587435457328,-0.1752317829362,0.5889071364768,0.3096264318330,0.3465471769182,0.4010400755933,0.1319341239598,0.2292792750399,0.3968104783147,0.0964745758533,-0.0936599393215,-0.1397898740019,0.1277970888269,0.0041365593200,0.2193623032500,-0.0846355669573,-0.0933255685676,-0.1449264114315,-0.2705313466038,-0.0541051309027,-0.0628684586460,-0.1230548367515,-0.3455313084990,-0.4257601678598,0.1169258445069,-0.3079597987403,-0.0655242160523,-0.1026191882953,0.0356522712933,-0.1656444628049,-0.2733090896685,-0.2082381573642,0.0079234164741,-0.2197361394242,-0.1276500043307
-0.1309111265429,-0.3960194644717,-0.2218869402790,-0.0995951017297,-0.0599640276667,-0.0854075875286,-0.1001097391940,0.4065321714938,1.0000000000000,0.2135554445361,0.5920734551445,0.4298389654272,0.1836841266772,-0.2466920682155,0.0290339517262,0.2247739135881,0.4751787349031,0.6615350027491,0.5459695962552,0.5947773308471,0.3989715917421,0.1483843504370,0.3869235785317,0.5360770471896,0.4743845223963,0.3140085758462,0.4617520752038,-0.3686100582030,-0.1976378389261,-0.4135459243268,0.6334326765778,0.3183762665786,0.2852115832311,-0.2135214581515,0.0365206537034,-0.0054704384752,0.2488578573573,0.2276319875274,0.0088838699023,-0.0017216107077,-0.1309248066440,0.0375321688956,0.1511034468460,-0.1256788851357,-0.2180775689452,0.0288649675054,-0.0205857445653,0.0006802037919,-0.2380529149800,0.0981050419175,-0.2253748782589,-0.2959457165335,-0.1124554283304,-0.0386446444277,-0.0867344173168,-0.0898296986602,-0.0066349491236,0.2242861240808,0.6605687239516,0.9237079353450,0.2056026936251,0.4952676302041,0.1426239952505,0.1931786971976,-0.3270176535288,-0.0507667361668,0.0571530683568,0.5568356584842,0.5955108305669,0.4574647156524,0.3914743897838,0.3056400525821,0.6314009883958,0.4762941664464,0.2354517049403,0.0915067447198,0.3873902078119,-0.3162816742497,-0.3112226591437,0.6353092885662,0.0920507611019,0.0355329370891,-0.4517695736487,-0.0243539470861,-0.2615670048805,-0.2169421910579,0.2156679145795,-0.0817695181655,-0.0294242225851,-0.0068813410903,-0.0201255287070,-0.0842028332547,-0.2284946165659,-0.2637808395804,-0.2177074910900,-0.0778244228331,-0.3230126200253,-0.1051811391330,-0.0419584583624,0.0419677393395
-0.0352024749542,0.0709092146632,0.0847238850452,-0.1638524000489,-0.0810696552814,-0.0360846198264,-0.1653673461979,0.2360268803276,0.2135554445361,1.0000000000000,0.3692045690071,0.5389946914027,0.3191650677917,0.0991707598067,0.0917130781713,-0.1009061009503,0.3683260077602,0.2267683103814,0.1588619956012,0.1725073626174,0.4478422863413,0.4596972122558,0.3262568060950,0.2074558158519,0.1405025936236,0.1194932262441,0.2262790111259,-0.1555199950957,-0.0936288300452,-0.1500769091729,0.2611227422552,0.2287293909920,0.4421868330684,0.1468801610109,-0.1234168238296,-0.1702143304572,0.1469207456663,-0.0006588605716,-0.1557364236276,0.0998766335183,0.1295222482268,0.2649104044086,-0.1840143724367,-0.1175689739413,-0.2152391504093,0.3046900010167,0.1505098897899,-0.0003430174516,-0.0201752933968,0.4475098814856,-0.1087245850769,-0.0517344069241,-0.1786280470483,-0.0018969385974,-0.0501590208773,-0.2388401433731,0.0350166964240,0.1270259487614,0.2874793664418,0.2482140705564,0.6784050452972,0.3364155426376,0.4827520080767,0.2453432164513,-0.0450436613539,-0.1434729578332,-0.1818062483694,0.3054814630676,0.1419683232320,0.0570986821288,0.4153719584070,0.4173802419899,0.2039899021052,0.2326382695340,-0.0329562490783,-0.1394210092568,0.1322348812658,-0.0640010042645,-0.2590422789541,0.1123178310334,0.2237120005642,0.0633138843952,-0.2186401678037,-0.2470211441526,-0.3227467252744,0.1043187443540,0.1058238219463,-0.2412654785876,-0.2663892310712,-0.0688359420131,-0.1334109515799,0.0121674626189,-0.2095597819406,-0.0172318347342,0.0341916597976,-0.0525311098183,-0.2046402097868,0.0187175318423,0.3114418185924,0.2581312406458
-0.0685844869210,-0.4418863705113,-0.2061254428584,-0.0503619921878,0.0853778193242,0.0045557425815,-0.0593717435448,0.2967297225092,0.5920734551445,0.3692045690071,1.0000000000000,0.7383547887693,0.4675973773812,-0.1685768432417,0.0546313516554,0.1030683498481,0.6058573331093,0.5883739368198,0.2697209641518,0.4037549900274,0.4477097849649,0.4214061490419,0.5374259274390,0.4746218411525,0.2529214433097,0.1934233248845,0.4708626166331,-0.2989468129459,-0.0855179252712,-0.4173800051645,0.5189510435969,0.2730955219574,0.3492165566561,-0.1924266897953,-0.0704913108599,-0.1699792603525,0.2233797593631,0.0465538930846,-0.0199364242487,0.0775044949786,0.0126915446090,0.1128240155577,0.0864737640087,-0.1448308502619,-0.2574174839356,0.1158295376578,0.0034536835004,0.1399237908694,-0.0498164905423,0.1596049713176,-0.0936392497609,-0.2245439313968,-0.0267062551698,0.0371432927026,0.0333373642196,-0.0484216044133,0.0450412748050,0.1645916373033,0.4110563291721,0.5149711215093,0.5124961255477,0.8008496080918,0.4596073480952,0.4596670774196,-0.2889785815563,0.0101306348277,-0.0688688803205,0.6250757356839,0.2796828517645,0.1900413782814,0.4949871888830,0.4202537879413,0.5076846694144,0.2655269220194,0.1752883828083,-0.0818568543410,0.3580639000379,-0.2459924332346,-0.2207905856187,0.5312798938599,0.1213403255891,-0.0016930270411,-0.3426927992541,-0.0567474603443,-0.3826859192231,-0.1900557767812,0.2252007541280,-0.1468735693339,-0.0539068050667,-0.0778756307381,0.0411584091162,0.0303127190405,-0.2690363537857,-0.1630798026675,-0.2497236681935,0.0771548372333,-0.1403003986107,0.1153189461781,0.0936575338908,0.1645732043440
-0.1010362539347,-0.3126405075943,-0.2304820319542,-0.2317452869976,-0.0755408891196,-0.1213597140512,-0.2161259723111,0.4259449104260,0.4298389654272,0.5389946914027,0.7383547887693,1.0000000000000,0.7165884725595,-0.1200849631764,-0.0477931742130,-0.1305140987616,0.8041196862400,0.5609301558386,0.2352054967722,0.3344620676224,0.5644536157427,0.4827442216634,0.5498507983256,0.2350155144012,0.2379565090912,0.1572230495126,0.2882607551102,-0.1874187687148,-0.1064561084090,-0.3022160458966,0.4279742902499,0.1774296709523,0.4135855692558,-0.0735447010290,-0.2253360320095,-0.2487853983704,0.0515537854374,0.0229801261397,-0.1807203100853,0.1003298023972,0.0249270556756,0.0015403381614,-0.1220021516234,-0.1444109629713,-0.2634073846918,0.1777581901868,0.0544717057951,0.0103762556410,-0.1710821374916,0.1082274886291,-0.1460466220815,-0.2814658278090,-0.2035352663281,-0.1033797260665,-0.1091381164781,-0.2073264998238,0.1742317752758,0.2935887935241,0.4939773796965,0.4034724997595,0.5898920885175,0.7662827045149,0.7888049485060,0.6768097070662,-0.2705270887528,-0.1296647189035,-0.2432930739843,0.7293642809803,0.2127512188716,0.1215237765800,0.6230151893702,0.5276030696522,0.3280206120159,0.3400154148703,0.1201574871324,-0.1263926668752,0.1459130865170,-0.1126541366254,-0.2418414421066,0.3319701040968,0.1369560065021,-0.0463462038404,-0.3139998267690,-0.1899620428584,-0.3399240194848,-0.0891819113405,0.0614407344174,-0.3202754240259,-0.2645203643371,-0.0161791816982,-0.1229701335873,0.0733003391073,-0.2417677932102,-0.0435192781526,-0.1643344866749,-0.0506755914980,-0.2929331321512,0.1181645317537,0.0061095609292,0.1483664370456
-0.0066235625078,-0.1423550121958,-0.1305370331259,-0.0705203306022,-0.0610653953023,-0.0224420270921,-0.0737816958702,0.3183706487694,0.1836841266772,0.3191650677917,0.4675973773812,0.7165884725595,1.0000000000000,-0.0186833221425,0.0344072618390,0.0330839728312,0.7001871698107,0.3018958453781,0.1583207988449,0.3149742733027,0.2809047928668,0.2651669860607,0.1667594896283,0.1418039715990,0.1801158946260,0.0453691673923,0.0819175852752,-0.1274247973941,0.0470012176887,-0.1123881796968,0.2052491517370,-0.0087373250196,0.2892717458328,-0.0038989458146,-0.1849921004989,-0.0270535537650,-0.0473517206146,0.1125735898186,-0.1368134920249,0.0789071660538,0.0543894204121,-0.1381666493552,-0.0744990854250,-0.0134066138999,-0.1645218111325,-0.0318278438073,-0.0889297961914,0.1269347084607,0.0268781818341,0.0233044652401,-0.0295536505270,-0.1360889178461,-0.0569257265205,-0.0389246534491,-0.0002496757371,-0.0407643641696,0.3402315276169,0.2046135344524,0.3048228681321,0.2065030063922,0.3346265328179,0.5607257530317,0.5985174461830,0.9476075979737,-0.0569867965965,0.0138541479172,-0.0306978698305,0.5533415767291,0.0975565587153,0.0561692392310,0.3150231506474,0.1423345053738,0.1715743634481,0.1642054311586,-0.0578410519206,-0.1842502372697,-0.0352650849788,-0.0668318285837,-0.1133533903015,0.1706952006255,0.0680700356214,-0.1675438108477,-0.1998942828347,-0.0807832109372,-0.2271970621910,-0.1230943675758,-0.0544499108176,-0.1304891163561,-0.2867560749450,0.1211380965904,-0.0437051988486,0.1092850955473,-0.1404724622321,-0.1128763175806,-0.2737514634905,0.0695212439569,-0.1233460633274,-0.0147795391910,-0.2013888945470,-0.0096201081910
0.4673742347911,0.5843211548486,0.2905982214762,0.4004118041525,0.2690681012446,0.0759236746775,0.2114488906768,0.0041922064376,-0.2466920682155,0.0991707598067,-0.1685768432417,-0.1200849631764,-0.0186833221425,1.0000000000000,0.4741479230395,0.1028287536088,-0.0726360009814,-0.1721866264346,-0.0073043274848,-0.2554701350996,0.0756613396600,0.1138721004294,-0.1555689088733,-0.0974351352724,-0.2948656129277,-0.1027941741903,-0.3391447050856,0.1433738932776,0.2841597880140,0.3520311113802,-0.1147849518658,-0.1559018162264,-0.0014111693784,-0.1003299262122,0.0906882840654,-0.0153636052575,-0.2780634665481,-0.2604222513881,-0.2284175131692,-0.2701035402174,0.2273647138176,0.1903452425397,-0.2912454903658,-0.1837174658745,-0.0505532806463,-0.0627750280001,-0.1036750711675,-0.1392671663587,0.4008953281376,0.3008928579524,0.4349167751270,0.4139283175513,0.3515066254943,0.0831738784259,0.1213027181317,0.2287499569454,0.1197818091530,-0.0812513888520,-0.0953865527866,-0.2641266858255,-0.0570467400923,-0.1194188248243,-0.0981934234358,-0.0838671806153,0.7247620610099,0.0506994506250,0.2270697843968,-0.1615045441983,-0.0831132313389,-0.1333804948432,-0.0596486304193,-0.0848017110964,-0.1225893612132,-0.1087289544699,-0.0738038690773,-0.0619880774593,-0.4458725094526,0.0795264702379,0.2004528834397,-0.0593741770633,-0.1391333720406,0.0933653504666,0.2053100016544,-0.3008481495313,-0.0539525725914,-0.0796474980915,-0.2762704639730,0.0869057868383,-0.2564304015773,-0.2075990602292,-0.2643088792529,-0.3008397778728,-0.1747422658031,0.0337936689844,0.0843557432445,-0.0829486416022,0.4259626438520,0.1159976465301,0.0535668652317,0.1283563210412
0.6045337024075,0.4675055297407,0.3717023729768,0.7921719987405,0.5938223811059,0.4533403835113,0.6426429495945,-0.1232476387919,0.0290339517262,0.0917130781713,0.0546313516554,-0.0477931742130,0.0344072618390,0.4741479230395,1.0000000000000,0.4190477437317,-0.0724657446714,-0.0539836726175,0.1676144626548,0.0791442650629,0.0001345649948,-0.0797031954272,-0.0194156047702,0.4484202114657,-0.2150934918487,-0.1512867527343,-0.0604335194585,-0.2754808812925,0.0541469892392,-0.0736029637851,-0.0442460122691,-0.0867568172834,0.0669056663986,-0.2709833161900,0.1491768044762,0.0950303012887,-0.0828815991272,-0.2664917451020,0.0519686730653,-0.1936071934854,0.1050462724102,0.2595339340612,0.1340071052375,-0.2523106843108,-0.2285033493160,-0.0632080939652,-0.3049156250209,0.2260367410032,0.4415590364693,0.5238244313090,0.5749263223056,0.5293486066280,0.7339802175310,0.4610294508724,0.5347232592104,0.6207436529324,0.1445178821234,-0.3035079441434,-0.1721780682182,-0.0550578195401,-0.0713614068540,0.0642635054691,-0.1687663543015,-0.0497873641597,0.6106796426430,0.5118955647713,0.3870874273943,-0.1169043889513,0.1443138586178,0.0429159846617,-0.2045986609240,-0.0268766021119,0.1456316594634,-0.1356916811118,-0.3067217491494,-0.1051112575260,-0.0324469797421,-0.2431257322392,-0.1619217715755,0.2269916986420,-0.1236122825467,0.0126940787787,-0.1736598107916,-0.1179125605353,-0.3512843478506,-0.3406834753847,-0.1462689292032,0.3876576066783,-0.0262230937103,-0.2622808762121,0.0666016916934,-0.1466680382874,-0.2425372520068,-0.2813424503399,-0.1130744981383,0.2389797577530,0.3614951548471,-0.1087100112073,0.1407998507058,0.3067326519049
0.2387069980795,0.0709084408485,0.3309747881130,0.4914547028243,0.2458412104593,0.4263107766215,0.4635620295056,-0.0789163363990,0.2247739135881,-0.1009061009503,0.1030683498481,-0.1305140987616,0.0330839728312,0.1028287536088,0.4190477437317,1.0000000000000,-0.1170494139763,0.0101513958464,0.4226743362689,0.3587650702151,-0.1358158029897,-0.2297819762008,-0.0725557849367,0.4450134159384,0.0694949300832,0.0543752878285,0.1550135081319,-0.3715894771709,-0.1304529012277,-0.1671401829591,0.4251447518670,0.1882331696439,0.1322084424453,-0.2546268618013,0.4106699595440,0.5974170720232,0.1556756960249,0.1258016249730,0.2416348403963,-0.2049877963148,-0.2307634238978,-0.0015775030039,0.2910859481523,-0.2439970696258,0.0173672561368,-0.2520085725501,-0.2314021710939,0.3522982268258,0.3051729507804,0.0818294819570,0.1864475949807,0.2404591660547,0.4333377756205,0.3739867860453,0.4087364130322,0.3750222721951,0.0922493507243,-0.1918117617899,0.0663190796210,0.1648722307451,-0.0957894846447,-0.0156165772317,-0.3164359233145,-0.0077107997116,0.1847993722816,0.4527105755651,0.8441527240891,-0.0698290276495,0.3347696830070,0.3572094912710,-0.1850931387069,-0.1757329634625,0.3343228249073,0.0099828884270,0.0411702297743,0.0179069943481,0.2018462121141,-0.3627721435869,-0.1630220633753,0.5210356589136,-0.0189465281852,0.2054157982413,-0.1902312877076,0.3032534600033,-0.0008172351894,-0.3640277074284,0.0925339100286,0.5935686349831,0.1298804705553,-0.0795784931499,0.1702959883767,-0.2301055205593,-0.2685544243783,-0.4136651122902,-0.2957018070985,0.3515458937493,0.1992864165257,-0.2053692122070,-0.1903535705597,0.0326148287403
-0.2203939730532,-0.2744616622501,-0.2788672682246,-0.2832935679183,-0.1796647562262,-0.2161919990343,-0.2984090519546,0.6296145665100,0.4751787349031,0.3683260077602,0.6058573331093,0.8041196862400,0.7001871698107,-0.0726360009814,-0.0724657446714,-0.1170494139763,1.0000000000000,0.7568417367543,0.3802395457821,0.4263967873043,0.5847650896711,0.4097009580667,0.3260202659550,0.2110543894958,0.2877040891509,0.0849474159249,0.2252794899679,-0.1228210721295,0.0208363316557,-0.1700813812660,0.4690051522890,0.0525194087430,0.3621339113894,-0.0733081025616,-0.2258137517896,-0.2301486211969,0.0410071556970,0.1118148226703,-0.1679727604664,0.0783995221640,0.0924228508005,-0.0724121644626,-0.0884282799561,-0.0915211517125,-0.2259607471615,0.0656813430008,-0.0455676894198,-0.0179092053689,-0.1257825851902,0.0434175958373,-0.2132792613154,-0.2879645500311,-0.2497761679004,-0.1975459747751,-0.1969852790520,-0.2514464025567,0.1279895968193,0.4619751904871,0.6618965460115,0.4554361877797,0.3977202504209,0.7279531269248,0.5679451295371,0.6843918617061,-0.2542710989715,-0.1785553214270,-0.2254287086769,0.8984315048495,0.3232425232901,0.2017514586954,0.6162597435840,0.3390744633022,0.3149595266417,0.3584189791039,0.1239873109646,-0.1632408593936,0.0732876394284,-0.0657073527607,-0.1228643298853,0.3943205668778,0.0833643559851,-0.0941790999221,-0.2802393199742,-0.1781567771799,-0.3111016655585,-0.1185339317253,0.0280575830457,-0.3222412347595,-0.3214107183152,0.0611358624196,-0.0932417217261,0.0715442929748,-0.1981360688074,-0.0670357785050,-0.2442732800780,-0.0884590158758,-0.2105987174168,0.0827415083080,-0.1475958735096,-0.0096669987269
-0.2010509458090,-0.3998141062326,-0.2481143629388,-0.1982891730574,-0.0918936264586,-0.1683239766273,-0.2105938926817,0.6289112264308,0.6615350027491,0.2267683103814,0.5883739368198,0.5609301558386,0.3018958453781,-0.1721866264346,-0.0539836726175,0.0101513958464,0.7568417367543,1.0000000000000,0.5107651706738,0.5339968532429,0.4935402606547,0.3306165892210,0.3861821238228,0.3927620070064,0.3586737985350,0.1948502278405,0.3274596870825,-0.2216711465736,-0.0994752360577,-0.3144619770311,0.6113998088355,0.2009926380959,0.3439993573831,-0.2010082431812,-0.1281584405430,-0.2396525291733,0.1431475542290,0.0849400529476,-0.1124240776198,-0.0229938569722,0.0226361257290,0.0580240398456,-0.0284851296632,-0.1282717232764,-0.2579676010974,0.1638353367133,0.0727514731042,-0.0504393324841,-0.1791435023780,0.0927647475745,-0.1951445044242,-0.2851017308417,-0.1561150168224,-0.1165835714511,-0.1526413137613,-0.2023549683155,-0.0456403179187,0.4491942597616,0.6979091160174,0.6048042703825,0.2639051593732,0.6113465285168,0.2862436213006,0.3005799294446,-0.3194307531663,-0.1758306259643,-0.1373929425145,0.8327416942093,0.4788453344388,0.3726685051209,0.5240844919772,0.3600155068059,0.4524005524025,0.4126660946091,0.2179601210728,-0.0537505961783,0.2564810630435,-0.1856205468005,-0.2088825793848,0.6335038699858,0.1411751768145,0.0638188631258,-0.3491088911004,-0.1320632637558,-0.3393162947911,-0.1413510475972,0.1255228495196,-0.2688957233410,-0.1812650635614,-0.0261049293193,-0.0588296978157,-0.0359445223918,-0.2534556387286,-0.0898019894183,-0.1293958708603,-0.1323083860526,-0.2212513917517,0.0132249789795,-0.0150152252859,0.0493727514622
-0.1135051365819,-0.2043312058259,-0.0444055923640,0.0121284330730,-0.0462696483568,0.0427703062320,0.0075447376829,0.4169722403542,0.5459695962552,0.1588619956012,0.2697209641518,0.2352054967722,0.1583207988449,-0.0073043274848,0.1676144626548,0.4226743362689,0.3802395457821,0.5107651706738,1.0000000000000,0.6693402702222,0.4858494395279,0.2073823896952,0.2739475885668,0.5093632112294,0.2246501231395,0.2893000469037,0.2198108026238,-0.3995864070729,-0.0920519228844,-0.3009702780052,0.5633054120603,0.1694511008997,0.3991255714151,-0.2375146994131,0.2142841228452,0.2158404811275,0.1890342154228,0.1327980878652,-0.1669211105990,-0.2023967594798,-0.1734889673819,-0.0903162417849,-0.1007808437159,-0.3606299864222,-0.3507633382410,0.0454352021738,-0.1575712528055,-0.1074505110293,-0.0395075452414,0.1494127788013,-0.1561440588955,-0.1528102625689,0.0001871889772,0.0244041777742,0.0087594252537,-0.0806252830882,0.1220688536290,0.2543338409654,0.5103520230281,0.4201649757863,0.0708195032115,0.2274750559063,0.0480119860989,0.1265194457874,-0.0955344524118,0.0373842467542,0.3405997014515,0.4194293532550,0.8150163305771,0.6814197973833,0.3389851045760,0.2502544891033,0.6057720768854,0.4728155791258,0.3236093546641,0.0682093423723,0.1659915383812,-0.3878155833976,-0.2185718286042,0.5787392356851,-0.0179770289288,0.1642177570706,-0.3548274500719,-0.2173688744479,-0.2795964014401,-0.2982429264109,0.1685171727672,0.1217426654015,-0.1047063665351,-0.0691098789794,-0.1832113307864,-0.3144309870547,-0.3774260292082,-0.3079421811193,-0.1550101580370,-0.0831673270281,-0.1136278966113,-0.1683425936618,-0.1992567687009,0.1972968006358
-0.2160948264678,-0.3287708236229,-0.1097020540288,-0.1149517358305,-0.0911946759519,0.0923349794498,-0.0444024580717,0.4248824139791,0.5947773308471,0.1725073626174,0.4037549900274,0.3344620676224,0.3149742733027,-0.2554701350996,0.0791442650629,0.3587650702151,0.4263967873043,0.5339968532429,0.6693402702222,1.0000000000000,0.4751981307846,0.1408878049367,0.3601178847225,0.5542874906299,0.5924237717948,0.4179315154014,0.4731347590535,-0.3214483211113,-0.1113664244783,-0.2849689491037,0.6386421755593,0.2428321141172,0.4933255664091,-0.2665111439633,0.1252360622558,0.1844314332514,0.2794232183578,0.4419591139758,-0.1337606043804,-0.1546993440632,-0.1716896707285,-0.0439483561945,0.1048291001010,-0.1157761271965,-0.0344957173467,0.1018804895246,-0.0865738664166,0.0186607909736,-0.1506259216930,0.1889589541094,-0.2346814945546,-0.2852050252235,-0.1225103830147,0.0560244478570,0.0184395058976,-0.0936943620877,0.2940517339481,0.2505362232822,0.4874599879829,0.5068248913997,0.0898023686873,0.3583436337673,0.1448165398986,0.2788138125201,-0.2986515125988,-0.0369003732829,0.1556129370585,0.4504141537416,0.5302441913010,0.7554324309826,0.2800195957945,0.2464638795925,0.6411219391312,0.6029603184035,0.2691075485105,0.1175174605333,0.3502977957001,-0.3263924719460,-0.2242163964104,0.5281416981659,-0.0105821968494,0.1251885978459,-0.4635613916219,-0.1245014790407,-0.1640168373766,-0.3111194014273,0.2468688518175,0.0318170461961,-0.1385416651546,0.1701259143934,-0.1318592609726,-0.2055748853800,-0.2201612681243,-0.2572577196320,-0.2243713803051,-0.0136242078646,-0.2193250233412,-0.2190211386415,-0.1828988622548,0.1101208770780
-0.2452291868684,-0.2512162832188,-0.2477374048068,-0.2689888887408,-0.1844649467567,-0.2109328726309,-0.2876569637586,0.3660371045737,0.3989715917421,0.4478422863413,0.4477097849649,0.5644536157427,0.2809047928668,0.0756613396600,0.0001345649948,-0.1358158029897,0.5847650896711,0.4935402606547,0.4858494395279,0.4751981307846,1.0000000000000,0.5684768930506,0.6103688756792,0.2928354946142,0.2612241396508,0.4238507382597,0.2833286091143,-0.1699534953432,0.0566582149393,-0.2460120552326,0.5406948463837,0.1886189424393,0.5786447207167,-0.3176516725023,0.0524934741037,-0.2606564393441,0.1783167554315,0.0870139268413,-0.3345832787187,-0.2081820010791,-0.0695484865511,0.0538498832396,-0.2503276157481,-0.2953502123341,-0.2679289421363,0.3288737767097,-0.0342033942773,-0.3299179265507,-0.2228955423820,0.3162422802030,-0.2638591911750,-0.3352988675839,-0.2475653812426,-0.2015691793049,-0.2607662882905,-0.2968506882254,0.2532698747689,0.2230833561187,0.4339727343238,0.2700693194976,0.3255345305417,0.4311662113694,0.4734099478581,0.2235412703892,-0.2097972777919,-0.2241157542129,-0.2042754673982,0.5432491874090,0.3364022189254,0.4107013603693,0.6888165748622,0.6054443955030,0.4605197358018,0.5787602866986,0.5261030811554,0.1770506034460,0.1319110040400,-0.2649116931150,-0.0727322726741,0.3335859545350,-0.0407537192386,0.2116834428772,-0.3006274831908,-0.4617436643940,-0.2721227773472,-0.2555751017423,0.2400069267026,-0.2417170061241,-0.1746061481546,-0.0324666112546,-0.3429597629034,-0.2757153021487,-0.2538240994636,-0.0259715882873,0.0683534790052,-0.2898248917629,-0.2265203892446,0.0497877616539,0.0943282565116,0.4396916380833
-0.1702580558687,-0.1937007705328,-0.1927890122898,-0.2404970067416,-0.0236434778855,-0.0921146332156,-0.2147174174618,0.1959471368780,0.1483843504370,0.4596972122558,0.4214061490419,0.4827442216634,0.2651669860607,0.1138721004294,-0.0797031954272,-0.2297819762008,0.4097009580667,0.3306165892210,0.2073823896952,0.1408878049367,0.5684768930506,1.0000000000000,0.5121446558268,0.1668007465857,0.1226583442017,0.2766686717071,0.2067693455119,-0.0614232202755,0.1150490332163,-0.1136202090892,0.2967527791113,0.1670937182425,0.4021381952403,0.0110168901581,-0.0715647256823,-0.3248854437619,0.1573671666423,0.0269128051972,-0.2259121849075,0.0027223118232,0.2720302075409,0.1774299761667,-0.2947951332448,-0.1067755726152,-0.2704149549132,0.4543296788819,0.2116952062141,-0.1636198354382,0.0151190437363,0.2453028779555,-0.0892041942260,-0.2718780852687,-0.2091986315965,-0.0751840332839,-0.0901854920898,-0.3072129974816,0.1198587975290,0.1036670544332,0.2436573666022,0.1329177218198,0.4825347702626,0.3201879863366,0.4564835918990,0.2113379414220,-0.2031754023439,-0.2945426162373,-0.2678203519144,0.3576646233302,0.1981237668685,0.1425255202690,0.4569595824462,0.5608374152519,0.2700297464610,0.3503389181066,0.2964363152078,-0.0387684951231,0.1498859385580,-0.0720809788056,-0.1233759249134,0.1817408219890,0.0969026277643,0.1331005405209,-0.2226168248653,-0.4338623489945,-0.3288768389810,0.0759057316041,0.1722095310453,-0.2845419688759,-0.2238733660393,-0.0302312309008,-0.2029356330527,-0.1091420731637,-0.1627965061614,0.2281810375210,0.2243989095355,-0.1733333666042,-0.1257129981098,0.2813750325205,0.1848120779184,0.2929655347118
-0.0398930023777,-0.4084701886841,-0.1609135999024,-0.1046586295660,0.0432560735646,-0.0380512190716,-0.0826209981437,0.0828323455422,0.3869235785317,0.3262568060950,0.5374259274390,0.5498507983256,0.1667594896283,-0.1555689088733,-0.0194156047702,-0.0725557849367,0.3260202659550,0.3861821238228,0.2739475885668,0.3601178847225,0.6103688756792,0.5121446558268,1.0000000000000,0.3437301993647,0.2558380385386,0.5811753698458,0.5661227295896,-0.3886712041932,-0.1924399635762,-0.4639213305349,0.4556103582768,0.4999920002567,0.6181680072464,-0.3013508805263,0.0373058501097,-0.2894186243535,0.1945412972723,0.0905515970409,-0.2401983464506,-0.0585315971941,-0.1571061968896,0.1291785320359,-0.1556655571871,-0.1813474994748,-0.2329630952492,0.5240425589695,0.2310557578613,-0.1570683590015,-0.2919701815918,0.2054537672255,-0.1012974034640,-0.2828308191115,-0.0910197027739,0.0100654520098,-0.0876205635995,-0.1622469825510,0.0845781841713,-0.0466154507260,0.1702515347832,0.2504691732434,0.3479945578295,0.4419879278583,0.4574271438847,0.1184388732930,-0.3633717316282,-0.1690353277312,-0.1653733661597,0.3462692054084,0.2379640355083,0.2949092059244,0.4307074338093,0.8410186677939,0.4420178199788,0.4770322355389,0.3662459561525,0.2203425934093,0.4631255466216,-0.4012777971428,-0.3537021210649,0.3677585940171,0.1686922966686,0.2970423960144,-0.4159029675404,-0.3238651598603,-0.2957787114478,-0.1860352797447,0.2705073186542,-0.1973891581728,-0.0859886651920,-0.0749313200125,-0.2396550682539,-0.1855145904460,-0.2324593998102,0.0512333474969,0.1366077852465,-0.1363423099607,-0.3416306526408,0.1126740352165,0.2212736722865,0.3603842831034
0.1400613278887,-0.1846170800316,0.0745964067407,0.3062275898145,0.2708292800461,0.3441410885477,0.3443182999272,0.0813991475760,0.5360770471896,0.2074558158519,0.4746218411525,0.2350155144012,0.1418039715990,-0.0974351352724,0.4484202114657,0.4450134159384,0.2110543894958,0.3927620070064,0.5093632112294,0.5542874906299,0.2928354946142,0.1668007465857,0.3437301993647,1.0000000000000,0.2294475212039,0.1730119654816,0.4529482373462,-0.5321089717250,-0.1827805743669,-0.4836782316487,0.4182709914692,0.1867700232287,0.2308096773002,-0.3895363013823,0.2943449598660,0.1225477106393,0.4735758704571,0.0593313442323,0.2242384543324,-0.1557460261662,-0.1601560265084,0.1974212534025,0.2331035185704,-0.2477125898384,-0.3505911078569,0.0778454131194,-0.1782427270175,0.2411888470480,0.1459004555139,0.3327752189774,0.1265391613789,0.0049558412950,0.3125877850833,0.3365288983723,0.3773445788564,0.2501257011513,0.1820556705989,-0.1309508405708,0.2211111579117,0.4081837812093,0.1901525946698,0.4095781484421,0.0357552705559,0.1019296390273,-0.0512806482505,0.3274413201611,0.2929467130399,0.2808777431030,0.5318362878936,0.4934819688754,0.1611492377305,0.2840795081271,0.7895492262264,0.3575879290605,0.0652697233128,-0.0441880408853,0.5119788342783,-0.5006225090264,-0.3033422052820,0.6201714542130,-0.0242830513275,0.0848295241165,-0.4219776959344,-0.0783073537204,-0.4686937912212,-0.4276279310788,0.4458082340332,0.3565186385970,0.1889524749995,-0.1159325875292,0.2407742303680,-0.1668485583983,-0.2927787304034,-0.3512854600533,-0.1656424316371,0.2260074893754,0.0520529926683,-0.1009861376659,0.1349515044118,0.3467473598409
