1.0000000000000,0.6587169328315,0.7071677566192,0.7402292692826,0.8429753799149,0.6987932637457,0.7433923272038,0.3914285526993,0.4224522557628,0.4266309319536,0.4076888984057,0.3936774076463,0.2750056167867,0.6816190416702,0.6508752430189,0.6257303784672,0.4199221217830,0.4182450481022,0.5136406701027,0.4082479520700,0.3483301060261,0.1754923721362,0.3747763990941,0.4604816419653,0.0070623090894,0.3122372622876,0.1107014660236,-0.0104610998178,-0.0279340455738,0.3049400369852,0.4296874176678,0.3173335628368,0.3436662247519,0.2477166895213,0.5183396351383,0.5174767434736,0.0908593939752,0.1547113993558,0.2666630876052,0.2175762643753,0.3039637588830,0.4448521494039,0.4885522133956,0.1304669049360,0.2232297237154,0.0054004139279,0.2724642241099,0.5707227227028,0.5977470395654,0.2386414600401,0.8021264672465,0.6642253755352,0.5495315235716,0.7041288848047,0.6872334832709,0.6884238634880,-0.3352612162002,-0.1553053817585,0.0365021643713,0.2505808446291,-0.2693223750511,0.0602481910373,-0.2862036622028,-0.4380977622217,0.2987276721328,0.1011799813564,0.5022135988832,-0.1810137325758,0.4555732979328,0.0348352784147,-0.2717964801058,-0.2653641551809,0.2643088737117,-0.0041104783492,-0.1039322443128,-0.3627958075291,-0.0346728746491,-0.4514269144991,-0.2687366035805,0.1463312443979,-0.2561589638683,-0.4046312559011,-0.2962130833280,0.2203020857716,-0.3666445300393,-0.2263033965660,0.0841677984600,0.5551438726335,0.0147104665633,-0.2415090209729,0.3081496601397,-0.1638142395602,-0.1472165329156,-0.3491831400937,-0.5197468558297,0.4469286929643,0.5387410971225,-0.2798110172856,-0.2234188952170,-0.2133764574642
0.6587169328315,1.0000000000000,0.6336925369773,0.5964468825148,0.4643754496296,0.3574942161217,0.4447399516084,0.3393339153921,0.2928195301311,0.5403560427064,0.2536112161224,0.2761719805611,0.1539354568639,0.8072125215217,0.6308801720368,0.4304134566917,0.2989969504469,0.3832716241674,0.2626277084371,0.3680263808211,0.2386713571044,0.3739189069912,0.2810030504638,0.2482158645330,-0.0073978469335,0.1336870387605,0.1030400481827,0.2493075094092,0.2263733329659,0.6512068689081,0.3201887328509,0.1094559245507,0.1577342787642,0.0584753072952,0.3274921234130,0.1685127353809,0.1432062429462,0.1147950099431,0.1069645495320,0.1269287952440,0.5487138186955,0.5005335501236,0.4783209519251,-0.0116476978141,0.0789838363975,0.1375863596625,0.3184518006045,0.2900103257083,0.5758292362522,0.2922702929359,0.4477577166275,0.5958951891193,0.4103773647868,0.3481831250903,0.3725233999285,0.5510965045518,-0.5208575250825,-0.3026501683241,-0.1704332154427,0.1014127256723,-0.3535830012345,-0.0818932808638,-0.4287073645243,-0.6350172914750,0.3996690347372,0.0766146238115,0.3224362169645,-0.3938016624894,0.2599034029251,0.0539227813821,-0.4694280521636,-0.2548192104919,0.0303650026545,0.0086719131453,-0.3586371626002,-0.4193067495840,0.0230439411746,-0.2116715337607,-0.0101545473896,-0.1560548156477,-0.3495387214304,-0.5085874745288,-0.1198002607900,0.1191513623790,-0.4927920875594,-0.1690679166821,0.0655815006329,0.5059426677479,-0.1884200556348,-0.4990075429601,0.1657139413931,-0.0878999268552,-0.3129973185544,-0.2089077840026,-0.4461039121694,0.2025278364420,0.4853209037068,-0.3002496225602,-0.3076548732191,-0.3794580935340
0.7071677566192,0.6336925369773,1.0000000000000,0.4711885184966,0.6264382351896,0.6165280795213,0.5420880290167,0.1543548746165,0.1928858268739,0.3018520745905,0.3452889099522,0.1598430713242,-0.0226785341933,0.6401400370207,0.4168261107835,0.4077693848995,0.2104251454233,0.2589418543933,0.2126534968492,0.1449734141557,0.1480287092197,0.2978917481046,0.2599110239909,0.3019039773106,-0.1377098188910,0.0376138885513,-0.0491348474411,0.0325726964285,0.0377218483381,0.3585486294991,0.2463731197823,0.0542593962441,0.0559830719584,0.1969430708807,0.4626352090201,0.3436982576287,0.1700359240508,0.0060854050171,0.3887459682055,0.1253128657718,0.4279814459767,0.3789594873409,0.3363610582726,-0.0371853088429,0.0944046511168,-0.0078276979171,0.1908926982998,0.5407714791249,0.6709969317157,0.1630416080617,0.5955992922363,0.7307364479679,0.4155410917498,0.5045482584173,0.4888625805248,0.4620407092542,-0.2821534107176,-0.1405971691977,0.0145744156501,0.0830453425331,-0.1522254452041,0.1442637497964,-0.2072248748941,-0.2919019762467,0.4455718844453,0.2108881179964,0.2776943175148,-0.0260818943790,0.2118741095480,-0.0167090871098,-0.1475185940576,-0.2649969711646,0.2659024888845,-0.1634284815076,-0.1106721705616,-0.5333970118281,-0.0747642810007,-0.3041936887759,-0.1843862534329,0.1822563223729,-0.4456347309447,-0.3316971487529,0.0723126957937,0.1282559842988,-0.4076270628538,-0.3278246996504,0.1919032991527,0.3442902358158,0.0161605168523,-0.3045972792664,0.3714285496043,-0.1942889472855,-0.2579498870443,-0.3769730493060,-0.5231450584040,0.4471837865681,0.5873795956915,-0.2167393021214,0.0141517476662,-0.0558395781107
0.7402292692826,0.5964468825148,0.4711885184966,1.0000000000000,0.6910584083927,0.6998545057550,0.8606164843324,0.5986411011321,0.6219730695923,0.4040234912740,0.4661159897461,0.4474193659087,0.5628590076636,0.6172482208274,0.8546831349739,0.8355421352901,0.6108790493631,0.6052972521144,0.7706299664108,0.6399652430669,0.5408210132571,0.1247759534605,0.3686741770592,0.6851247706029,0.1594039853645,0.4450879557867,0.2738234802930,0.0570802375621,-0.0108085134171,0.2996372869590,0.6511716934642,0.3996965918600,0.5390979642570,0.1576282002665,0.5388516450374,0.6456660709950,0.1023403205582,0.3480456255946,0.2903428019736,0.3209920022849,0.2886088420092,0.4792733279419,0.7582799063323,0.2472833760655,0.3793345865815,-0.0178621395314,0.2368078556849,0.5001277755714,0.5071405618246,0.3678564714497,0.5711782291060,0.5889287519197,0.7558276139449,0.6893492665634,0.6606920202449,0.8917452221795,-0.2766477097271,-0.0958582983923,0.1396640711387,0.4366717951803,-0.4220242020870,0.0864550483433,-0.3367487517318,-0.4703877039550,0.1421088348863,0.2053097440095,0.7160942163391,-0.3344577811881,0.6547175086016,0.1489062052702,-0.3207333947530,-0.3279671669404,0.3066365268701,0.1985416690375,-0.0264678237971,-0.1257818409728,0.0413615324649,-0.2877479597428,-0.1181167775697,0.1387572076163,-0.1122889436989,-0.4413186326617,-0.4444665004930,0.4260983743644,-0.2643103863931,-0.1125990894096,0.0302048004920,0.7320121423745,0.1130018167883,-0.2212043832979,0.2939361209932,-0.0879345295633,-0.0699424732976,-0.1537733654757,-0.3974346076714,0.4075262908595,0.3327567236050,-0.2752928625720,-0.4770237711327,-0.3282194362782
0.8429753799149,0.4643754496296,0.6264382351896,0.6910584083927,1.0000000000000,0.8052961884177,0.7203163097223,0.3047627927862,0.3921324699374,0.3212959707483,0.4625058013955,0.4706843531664,0.2144291231560,0.6398592205277,0.6364160262255,0.6045573991852,0.4204503273937,0.4483584184059,0.4425793615429,0.3830441887873,0.4138558437900,0.1931118995180,0.4481084370938,0.5121148467071,0.0441534090874,0.1916925885393,0.1216202916525,-0.2049945283818,-0.0463812089292,0.1827091805427,0.4458405686796,0.3053406847813,0.3321492567239,0.2180496980295,0.5436631225498,0.5101094139613,0.1560271150623,0.1057912125974,0.3287676397500,0.1075542166836,0.2403264199552,0.4139085680092,0.4786810345872,-0.0037995278792,0.1636509987742,-0.0530973147056,0.2465800562905,0.6615025033583,0.5518364817033,0.2649770802554,0.8483113008503,0.6036786129956,0.6038510299465,0.8035264866931,0.7724641480577,0.6639401190869,-0.2344542490513,-0.1191373123006,0.0997857975125,0.2027662004752,-0.2120902638866,0.2115649944435,-0.1789310063095,-0.3325036450069,0.3066376759926,0.2322773114507,0.4714783164383,-0.0384464466001,0.4002886416335,0.0978694068800,-0.1200055688331,-0.1625035522278,0.3969779392031,0.0431202445747,0.0504404692485,-0.3623253175908,-0.0282164721894,-0.5268040018293,-0.3573340054083,0.2821537166984,-0.2351540253053,-0.2558737281440,-0.3576373439802,0.2433463874913,-0.3638386115681,-0.2960930546709,0.1953405734468,0.5272496857874,0.1492086558568,-0.1776861005669,0.3502789871665,-0.2347055146100,-0.2233685678112,-0.4509054664248,-0.5525243640282,0.5335570987245,0.4795278400787,-0.4014959245029,-0.1838587018753,-0.0388373935753
0.6987932637457,0.3574942161217,0.6165280795213,0.6998545057550,0.8052961884177,1.0000000000000,0.8083637964748,0.3764011620052,0.4895722948442,0.3249159774060,0.6025751825373,0.5638824210475,0.3544201237222,0.5599565714156,0.6554590355277,0.6485573917211,0.5120374225357,0.4930592595276,0.5455243241652,0.4055495188276,0.4956551026642,0.1752036188129,0.4758456698070,0.6495071194242,0.0765490633298,0.2896546694512,0.2626995536653,-0.1654403446273,-0.0277729833855,0.1379273117986,0.5716185665955,0.4713342773504,0.5042258369818,0.3327733609760,0.6248660554016,0.5674834928334,0.2718882831520,0.1527228494457,0.4813054881410,0.1585296469407,0.2321667836609,0.4539257879169,0.5083818180641,0.1386056279411,0.2364892632086,-0.0597517925612,0.3011085627705,0.7970804124801,0.6174741705927,0.3882938423832,0.6599087016865,0.5877597749746,0.6167755222998,0.8650380939618,0.8510355370651,0.6490723462752,-0.1402117528431,-0.0411046265078,0.2759918866453,0.3762809980262,-0.1502564778203,0.3933078124668,-0.0417936999926,-0.1991654502904,0.1298380445586,0.1984976691023,0.4854325312052,0.0784905427816,0.4698204729524,0.0854605795738,-0.0396194376647,-0.1405564213369,0.5607235198087,0.0612240999051,0.1434245842770,-0.3250623684278,0.1000841048542,-0.4670934581259,-0.2643368571507,0.4446524951145,-0.1879207466964,-0.1367708874772,-0.3750028955529,0.2292081510254,-0.3387016756313,-0.2882350497187,0.2734239396140,0.5605052526690,0.1178646926436,-0.1000905871410,0.4633449371641,-0.2374700486457,-0.0807021832001,-0.4487651158082,-0.5288702457673,0.6713287940324,0.3656704532708,-0.3521988507670,-0.1475868160008,0.0351796509223
0.7433923272038,0.4447399516084,0.5420880290167,0.8606164843324,0.7203163097223,0.8083637964748,1.0000000000000,0.5148115501558,0.5917163635372,0.3228172050910,0.4287992061641,0.4039988350781,0.4410054898907,0.4918486447803,0.7397490036790,0.7557674962765,0.5259676561017,0.4815644270400,0.7368877310584,0.5158139341158,0.4724187033830,0.0357662683807,0.2935958845675,0.6790758559622,0.1107577303535,0.4505371548427,0.2536949703673,-0.0858509664509,-0.1276643692389,0.1337613800703,0.6073913658877,0.4139107784562,0.4983692199077,0.2551705391001,0.6549616962563,0.7405550884763,0.1303149976822,0.2826385174396,0.4167330710196,0.3136839810906,0.1304351640809,0.3661628591671,0.6097993614241,0.3270392618807,0.3838487523841,-0.1407461619481,0.1518106919982,0.5938400464831,0.4823198211135,0.2955543910552,0.5731201237985,0.6172922507295,0.7039339464211,0.8210262563211,0.7734011089829,0.8764671935367,-0.1281888520669,0.0384837054187,0.2856932818759,0.5067867235875,-0.2259736169480,0.1072266590734,-0.2352235993351,-0.2744384540076,0.1872244700307,0.2207235571336,0.6686824525755,-0.1224715145569,0.6760041544117,0.1097762100658,-0.1452951918317,-0.3568832463023,0.4298889162703,0.1592437435886,0.1164712412070,-0.1829645486067,0.0168184611661,-0.3757225254071,-0.1821294159645,0.2911452729381,-0.1407281835706,-0.3713735126123,-0.3640920610774,0.3990143075613,-0.1978523901449,-0.1921691763711,0.1176518965382,0.6631219001214,0.1921985157754,-0.0967189149907,0.4014272549466,-0.1223403967997,0.0337203311103,-0.2831856380414,-0.4370870077442,0.4871479748624,0.3006823652146,-0.2296363754400,-0.2654325191343,-0.1187973701969
0.3914285526993,0.3393339153921,0.1543548746165,0.5986411011321,0.3047627927862,0.3764011620052,0.5148115501558,1.0000000000000,0.8207797590244,0.4534119941054,0.4919082391545,0.5339991716104,0.7037999853197,0.2857437603040,0.5021943984333,0.7196403792558,0.7734356560217,0.6742138896362,0.7787406189578,0.8206711764345,0.5494788003461,0.1380396860445,0.3637220255131,0.6110465911213,0.5575285400661,0.5716389415542,0.5744061194350,0.0452959552294,-0.1812100107963,0.0749064392904,0.6064670370081,0.4578921650805,0.6351522208949,0.1382097284997,0.3526851651022,0.4795443406310,0.1360027021845,0.6163949636290,0.0606483677468,0.2474079863899,0.1337364380736,0.3251478804243,0.5984983361547,0.3592726513594,0.5164378192579,0.0733321866103,0.2639905756360,0.2143700225097,0.1578304875670,0.1907639479039,0.2194764081890,0.2226858972596,0.3316483276771,0.3658817318293,0.4051655692300,0.5469032025284,-0.1257194891601,0.2375945212908,0.3038023669185,0.6798994841865,-0.2412169493396,0.1751287756110,-0.0685101760225,-0.2802243019079,0.0172984455500,-0.0787272105043,0.6107553484965,-0.1178951318801,0.6921341291304,0.4512033751637,-0.1501220864448,-0.1098393495141,0.3119471270098,0.5830929387758,0.0648756906967,0.1189034780157,0.3847171193617,-0.2321550692659,-0.2563839020644,0.2304001189629,0.1265670293488,-0.1185263888182,-0.5172984045638,0.3398428543256,-0.1371222136147,0.1107833899764,0.0497644818561,0.6123845492203,-0.0106129342732,0.0486577875409,0.0601939137826,-0.0724693584238,0.1173719747211,0.0524042268410,-0.1206137445029,0.1748020803246,-0.0228393921960,-0.0403704482488,-0.4295305306303,-0.3445735471557
0.4224522557628,0.2928195301311,0.1928858268739,0.6219730695923,0.3921324699374,0.4895722948442,0.5917163635372,0.8207797590244,1.0000000000000,0.3526734154540,0.5293036764588,0.5491501691718,0.6383755027109,0.3117968757229,0.5500995593602,0.7366995652021,0.7210808106809,0.7478818921727,0.8140653486956,0.8774699513480,0.5807903074662,0.0534569580164,0.4178209904758,0.7332241785976,0.6873636101744,0.5286355585512,0.5841015837280,-0.0583945205096,-0.2103892572454,0.0248567060950,0.6739788678554,0.4749978598419,0.6501314481700,0.1260923631168,0.4278528699867,0.5771454490321,0.2175530336666,0.5332052434282,0.2117497759790,0.2094498162205,0.0738000411809,0.3471638935387,0.5570483385207,0.3668627270861,0.3986283029243,-0.0381899868117,0.2264805584185,0.3509889889948,0.1864219368505,0.2302110607088,0.3176684086352,0.2942581212761,0.4771792783315,0.4469826126614,0.4794445712321,0.5868125493323,-0.0031090507838,0.2847259203338,0.5685817887240,0.8554439354512,-0.2029284040738,0.3385755698667,-0.0412435549040,-0.1756402966570,0.0114797347482,0.0591015771057,0.6406760944028,0.0272800928787,0.7649872132100,0.5628388734054,-0.0231106498626,-0.0850020719599,0.5738363080934,0.7170357960146,0.2859271407761,0.0504408487074,0.3963547739545,-0.3550354606814,-0.3136702503829,0.4644603563477,0.0500654637055,-0.1194372468568,-0.5534329713477,0.3622346718252,-0.1419183122365,-0.0347218287361,0.1682143852163,0.6205361069180,0.1016476213153,0.1689767534954,0.1967526363805,-0.1753269070023,0.1572366572219,-0.0699894740334,-0.2684560426950,0.3101412577852,0.0218264667492,-0.1658468348719,-0.3446882983219,-0.1324034087033
0.4266309319536,0.5403560427064,0.3018520745905,0.4040234912740,0.3212959707483,0.3249159774060,0.3228172050910,0.4534119941054,0.3526734154540,1.0000000000000,0.4818541654716,0.5348593471163,0.4304103531223,0.5426435281953,0.4830140112272,0.3007534487334,0.4906616351097,0.3346732357274,0.3195062609437,0.3591417978777,0.4385520060548,0.6438022574517,0.4201986635012,0.2140041530708,0.1306096403391,0.2087239814549,0.4222782412070,0.3109351321107,0.1123743599471,0.5221836234329,0.3041896802981,0.3172874408763,0.4122409453052,0.3273174279294,0.1559486009877,0.1521549784217,0.2774267639275,0.0398045768663,-0.0655188629597,0.2579544685325,0.5795181944996,0.7538324952318,0.3473663386971,-0.0292355405637,-0.0376640027720,0.4554624101553,0.5226661406307,0.2407024632486,0.3682376280259,0.4616701587762,0.2588984482736,0.1923569957303,0.0591532580153,0.1807850288529,0.3587461512647,0.3068530770347,-0.3856008230973,-0.2565308568407,-0.1516559308072,0.2327429176328,0.0362925129522,0.1737565533070,0.0105044933938,-0.3152126643705,0.0281130686868,-0.3776941312160,0.1268003238701,-0.1116711417860,0.2740093081886,0.0031830155608,-0.1645503578499,0.1515346842469,0.0846920183355,0.0709290789769,-0.2203778250518,-0.3321003003079,0.2615651229233,-0.1013927161152,-0.2649588101500,-0.0420216962630,-0.1846911076323,-0.2093383472740,-0.1756167144911,-0.0931510830668,-0.5058482996795,-0.0045898834289,0.1922851101155,0.3684884691394,-0.3949536646139,-0.4108580697578,0.0418902124874,0.0346082407404,-0.2620334634631,0.0436954336171,-0.2375543949287,0.1150045181594,0.1898994724111,0.1134676840552,-0.0426119932766,-0.2613466694360
0.4076888984057,0.2536112161224,0.3452889099522,0.4661159897461,0.4625058013955,0.6025751825373,0.4287992061641,0.4919082391545,0.5293036764588,0.4818541654716,1.0000000000000,0.7420142399273,0.5250636944501,0.4508682488706,0.4704091339438,0.4861375718923,0.7182623027022,0.6167040397720,0.4442368037608,0.5186512635617,0.6047314856103,0.4008692304417,0.6745243503625,0.6380091272632,0.2526393079918,0.3202669890960,0.5029520939915,0.1330458744326,0.0218404472783,0.2174888860334,0.4698024289438,0.4824943250245,0.5965833240607,0.2254506838528,0.3718636620707,0.2988465833552,0.4477285064572,0.2155024200515,0.3008092174839,0.1774018626784,0.3854273917241,0.5003759251955,0.4474956188132,0.0161946127018,0.1241970059255,0.2873369570260,0.4890032197217,0.6003224857408,0.4259147430002,0.3463202608963,0.3790896274448,0.1891437977562,0.2849645303119,0.3744644952375,0.4758084746911,0.4051925947665,-0.1831819630516,-0.1281860565263,0.1050231913537,0.3019635055369,-0.2016289402744,0.6482910580225,0.1083630054180,-0.2104744595142,-0.0554979390094,0.0046878322346,0.2990936869783,0.0138310705998,0.3232225476174,0.1805169006526,-0.0143543250517,0.1831992911555,0.4779807519694,0.1731216773615,0.0257302788795,-0.1512013666525,0.3983224972582,-0.2086225630730,-0.3190390897555,0.2646233788871,-0.1036764518830,0.0405692203041,-0.3923393779511,0.1352576781636,-0.3761334915760,-0.0683861418474,0.3589911052929,0.4441712812483,0.0318823688116,-0.1095227988385,0.3386087135684,-0.0631235853992,-0.1142293758858,-0.0610930622796,-0.3147626171153,0.4924768919062,0.2404488421415,-0.1909671030363,-0.3193116293679,-0.0783964264899
0.3936774076463,0.2761719805611,0.1598430713242,0.4474193659087,0.4706843531664,0.5638824210475,0.4039988350781,0.5339991716104,0.5491501691718,0.5348593471163,0.7420142399273,1.0000000000000,0.5270136497813,0.4792147219211,0.5545048183925,0.4743318781095,0.7272142332736,0.5408027536514,0.4967664211186,0.5277417247029,0.6927692752186,0.3352010147591,0.7551118375067,0.5366702497241,0.2310602117179,0.3781844535246,0.5494352152193,0.0720813799755,0.0859450880881,0.2162409540628,0.4684799879074,0.5979689936770,0.6729607037230,0.2801959262126,0.3933689354290,0.2914292933540,0.3251644514354,0.1225621532134,0.1186274025087,0.1361974680451,0.2629422716330,0.5206261545614,0.4217708428961,0.0413394021587,0.0912639272711,0.3196327523669,0.5014195746435,0.5166408754783,0.3455929684319,0.3722878112636,0.3617596664326,0.0942691017328,0.2671961073491,0.4445567594426,0.5024826689332,0.3712136342224,-0.2884534502597,-0.1558350556582,0.0914158844802,0.3769983446720,-0.1434328616658,0.4574388652756,0.1501349525671,-0.3472129053593,-0.1166788138941,-0.1056299193265,0.3138328666787,-0.0666178034831,0.4136826558441,0.1357299148056,-0.0181781558919,0.2523149968815,0.4240361443886,0.2410605129742,0.0192547344123,-0.0878076956492,0.3523735658825,-0.2807559201328,-0.2171166184994,0.1941800588976,0.0260048381536,0.0176450783890,-0.5470782637982,0.0688766251864,-0.4158314542608,-0.0722973890418,0.2599555770209,0.5196249810970,-0.0591044898103,-0.1648890569812,0.2139574986803,-0.0683982799637,-0.1322801511728,-0.1360684644701,-0.3579010293846,0.4340616399561,0.1188758244745,-0.2470309759178,-0.3592441183320,-0.1135320335485
0.2750056167867,0.1539354568639,-0.0226785341933,0.5628590076636,0.2144291231560,0.3544201237222,0.4410054898907,0.7037999853197,0.6383755027109,0.4304103531223,0.5250636944501,0.5270136497813,1.0000000000000,0.1842930316353,0.5307969892269,0.5667354335675,0.7612751551921,0.5836982549512,0.6899433552832,0.6162660276066,0.6418684648387,0.0339737074861,0.3024140506453,0.5740307306819,0.3643442174696,0.6085759116471,0.5402509779952,0.0744976589066,-0.1490846620186,0.0673059678560,0.6078951208232,0.6235138439909,0.7659114285559,0.2612193684984,0.2631924473355,0.3454361289412,0.1664484064967,0.4737534698139,0.0934103289296,0.3497777347318,0.1140597389796,0.4202575830138,0.5459135578527,0.4413118815359,0.4390464504256,0.1849737587177,0.3239936015958,0.2453019364504,0.1886206685375,0.3458475410690,0.2056696658589,0.0314210702742,0.2660746779902,0.2544064151740,0.3316565995752,0.4547990916107,0.0047818408036,0.1107165329564,0.2518404367490,0.5623841831503,-0.2701270149120,0.2262924326327,-0.0272551958999,-0.0907651900090,-0.3285685683039,-0.1777025823595,0.4723040997545,-0.1750102569017,0.5761357718841,0.1155983097654,-0.1378016913655,-0.0905231502854,0.2113505195608,0.3185266700651,0.0612785102639,0.2389811162416,0.3777408753377,-0.0840034194851,-0.1002941495994,0.1113053778625,0.1783007872495,-0.0922847045674,-0.4933537495626,0.2382173143103,-0.0171001027688,0.2368554515529,0.0026323448555,0.5384595395401,-0.0664173803015,0.0658017875737,0.0874035924317,0.0752993410810,0.2929905311543,0.1879758239475,-0.0139935391607,0.1698455813357,-0.0267731401738,0.0368325228897,-0.4349322951077,-0.3310268219239
0.6816190416702,0.8072125215217,0.6401400370207,0.6172482208274,0.6398592205277,0.5599565714156,0.4918486447803,0.2857437603040,0.3117968757229,0.5426435281953,0.4508682488706,0.4792147219211,0.1842930316353,1.0000000000000,0.6802230663035,0.4924918805328,0.4009793466498,0.4307871377314,0.3022834636805,0.3636069972788,0.4008670721582,0.4729304078657,0.5299256855641,0.3701213768647,-0.0098608976290,0.1385371883439,0.1755639134796,0.2303261239212,0.3231824805277,0.7208829561934,0.3764247432591,0.2741198875266,0.2954253712988,0.2253655160401,0.4386455535298,0.2710017317847,0.2365289202261,0.0545566740708,0.2316031816505,0.1868442477841,0.6583876452550,0.6702543699906,0.5223169847280,-0.0710003521920,0.0686025047630,0.2905416588484,0.4911709896112,0.5062655463864,0.6989530713545,0.4099454713127,0.5705435579136,0.5127896780667,0.3995022187959,0.4715190843769,0.4858541359651,0.5213522197601,-0.5397263410175,-0.3919217122122,-0.1709534059224,0.0605765657557,-0.3755087169220,0.1182717731611,-0.3001996847015,-0.5865339941096,0.2877619929253,0.0791250750785,0.2723385457691,-0.2778102911191,0.2283281275363,-0.0186099375157,-0.3271335159276,-0.1728562568850,0.1823925231749,-0.0631387707223,-0.2959439147427,-0.5464540119365,0.0222094558356,-0.2410637601830,-0.0587032350058,-0.0381942550844,-0.4184205795419,-0.4139215525804,-0.2212061982993,0.0665420859023,-0.5888248044304,-0.2897864350111,0.1697072069361,0.4934153284103,-0.1304715109354,-0.5010818145041,0.2648840040141,-0.1247901498310,-0.3956350719154,-0.3398674450386,-0.6435496146703,0.3535404332431,0.5169667315439,-0.3953541127591,-0.2833791287514,-0.2487890272927
0.6508752430189,0.6308801720368,0.4168261107835,0.8546831349739,0.6364160262255,0.6554590355277,0.7397490036790,0.5021943984333,0.5500995593602,0.4830140112272,0.4704091339438,0.5545048183925,0.5307969892269,0.6802230663035,1.0000000000000,0.7229592287591,0.5919967642837,0.5641262106858,0.6404147958759,0.5441475819214,0.6311716351233,0.1302536195444,0.4015691458514,0.6253238801983,0.1269318447039,0.4023702025975,0.2824589111820,0.0824247759379,-0.0402539586936,0.3941620690732,0.6485082138352,0.4720040341474,0.5150282587654,0.2221631057966,0.6118434264221,0.5788592313790,0.2767785550543,0.3233109500847,0.4039276518026,0.3365358025168,0.2776308598114,0.5766213776893,0.7806819623049,0.1955836754639,0.3137926604503,0.0606381808692,0.3177428894507,0.6113034182639,0.4800285425087,0.5387111169223,0.5329799607272,0.4825283852012,0.6408976717298,0.6280757709255,0.6637581835368,0.7908437179669,-0.3484899638896,-0.1863276911163,0.0643042379951,0.3844448255286,-0.4207687332398,0.0630665908196,-0.3394434814268,-0.5335483892238,0.1678966087090,0.2472958416314,0.6021128695087,-0.3770023987266,0.6106552737587,0.0235998765529,-0.3227457555901,-0.2791806882091,0.2792787212471,0.1486204700166,-0.0037465412852,-0.1562557091703,0.0838985471977,-0.2800920277119,-0.1663923683564,0.0712291825511,-0.0904635405811,-0.4550485724845,-0.3817533828893,0.3649013261882,-0.3033368778068,-0.0876659395178,0.2155223168610,0.8001109635515,0.1025102388176,-0.2218070150123,0.4573087919278,0.0537209207759,-0.0675910624314,-0.1344148560567,-0.4117356666597,0.5187431947056,0.3157644844679,-0.3392476712340,-0.4622311374451,-0.2931981771420
0.6257303784672,0.4304134566917,0.4077693848995,0.8355421352901,0.6045573991852,0.6485573917211,0.7557674962765,0.7196403792558,0.7366995652021,0.3007534487334,0.4861375718923,0.4743318781095,0.5667354335675,0.4924918805328,0.7229592287591,1.0000000000000,0.6967532441795,0.6958608447641,0.8830943895471,0.7652447223393,0.6165959762354,-0.0061913516810,0.4222758097889,0.7837949502250,0.3414179389729,0.5623826994557,0.3639587465230,-0.0541971958369,-0.2457439542253,0.1528420130418,0.8113639341075,0.5545884454098,0.6645287628619,0.2466135102435,0.6980184930058,0.7602749918680,0.1832177688651,0.5803351509230,0.3880766136691,0.3357804968657,0.0738526765807,0.3736212665572,0.8373350104122,0.3519090583785,0.5805977477625,-0.0100736886017,0.3196636845314,0.5317610426962,0.3791440563955,0.3143467473950,0.5232073848872,0.3912620337048,0.6609330388976,0.6130611007511,0.6306026426201,0.7892320638413,-0.2712687284016,-0.0156489640528,0.2780711672175,0.5515183962499,-0.4846160981059,0.0861967234034,-0.3224694082094,-0.4633723006258,0.1063483924287,0.2667342486599,0.8719672780841,-0.2799063517702,0.7799718362414,0.2459949284576,-0.2631460772991,-0.3249214303407,0.3939203901074,0.3475541605738,0.1483697000305,-0.0042098266123,0.1771012117462,-0.3939862282365,-0.3352881262236,0.3182222240098,0.0741186046697,-0.2880586013036,-0.5329175119563,0.6333838405183,-0.1903590195073,0.0094041279356,0.1138113340814,0.8032830420791,0.2566538222571,-0.0404921728472,0.3448262793927,-0.0709634821802,0.0526236110276,-0.1538561682955,-0.3616265525828,0.4699479942088,0.1638380164245,-0.3116779270091,-0.5234044598770,-0.3211601476624
0.4199221217830,0.2989969504469,0.2104251454233,0.6108790493631,0.4204503273937,0.5120374225357,0.5259676561017,0.7734356560217,0.7210808106809,0.4906616351097,0.7182623027022,0.7272142332736,0.7612751551921,0.4009793466498,0.5919967642837,0.6967532441795,1.0000000000000,0.7805675464247,0.7230846370323,0.7515706894489,0.8564674643776,0.2564164050451,0.5410987832176,0.7760192040917,0.4309355026057,0.5042380263373,0.5669855272885,0.0014470870177,-0.0663475576108,0.1316571970291,0.7214362623298,0.5513749962281,0.7354795894481,0.1423922382758,0.4376851697279,0.4535993757918,0.4155581620109,0.4567208570654,0.2520917127753,0.1934100282385,0.2437479623117,0.4331298137697,0.6122532674198,0.1835594392808,0.2979548284900,0.1949201291442,0.3741630471543,0.4425498834450,0.2612873684995,0.3164893080227,0.3303063568066,0.1192229892383,0.3501126287396,0.3694438713078,0.4367675417015,0.5250080258538,-0.1333972044258,0.0280291033181,0.2632362408212,0.5514843745531,-0.2957937147661,0.3939120136932,0.0252612348653,-0.2774647959663,-0.1011648088804,-0.0632782227922,0.5277298156674,-0.0458730953158,0.6255234400046,0.3522849630737,-0.0305116634118,0.0283610141261,0.4886221882753,0.4277066616824,0.1534959817545,0.0262088288852,0.3803632762744,-0.3018631885502,-0.2982945613045,0.3053949825861,0.0311117747562,-0.0157867391600,-0.5852615747408,0.2611211247242,-0.2910091826658,-0.0088529034415,0.2782157491119,0.6284516217034,0.0583790084532,0.0047114232944,0.2732380273304,-0.1145507212012,0.0410471029067,-0.0142153380908,-0.2973593314468,0.3458686550445,0.0496548207158,-0.1456066668693,-0.4618112792898,-0.2280888636308
0.4182450481022,0.3832716241674,0.2589418543933,0.6052972521144,0.4483584184059,0.4930592595276,0.4815644270400,0.6742138896362,0.7478818921727,0.3346732357274,0.6167040397720,0.5408027536514,0.5836982549512,0.4307871377314,0.5641262106858,0.6958608447641,0.7805675464247,1.0000000000000,0.6108061418328,0.8163936161008,0.6631286134579,0.1480856453759,0.5164650335034,0.7723320617936,0.5270745372139,0.4136226649930,0.5390955436943,0.0557226487048,-0.0973524663032,0.1733292490443,0.7808281365847,0.4398724412642,0.5921227685213,0.0575252719246,0.4166882319440,0.3183266736106,0.4064334927546,0.5161806537280,0.3110382081277,0.1909495394614,0.2366644082450,0.4261531687774,0.6180719632878,0.1946113004109,0.3093896079411,0.1192584669988,0.3648064629583,0.4407642410512,0.2359452751683,0.3215757080978,0.4282290548748,0.2258371185103,0.4299963174641,0.4099706378885,0.4325047534835,0.5465429878663,-0.1552096864748,0.0201443600125,0.3388831178937,0.4538568865808,-0.4488361401279,0.3308603118618,-0.2181942522356,-0.3658180684390,0.0095233170642,0.1217214540302,0.5220236462468,-0.1231157944684,0.4775811689751,0.4165537279009,-0.2273576217545,-0.0597901477611,0.4944009520452,0.4645708801934,0.1386540811841,0.0127712188371,0.3522536315193,-0.2831599480841,-0.3392754691498,0.3555970939415,0.0632990692975,-0.1537894546083,-0.5505113720037,0.3523849217286,-0.2909586829692,0.0538907111981,0.2870019875541,0.6059313210979,0.0612603518225,0.0071519940063,0.2754628654971,-0.0383471416490,0.0543524652825,-0.0066423386616,-0.2893259141981,0.3488922330004,0.0933245727887,-0.3389020545341,-0.5013429427584,-0.2769624253916
0.5136406701027,0.2626277084371,0.2126534968492,0.7706299664108,0.4425793615429,0.5455243241652,0.7368877310584,0.7787406189578,0.8140653486956,0.3195062609437,0.4442368037608,0.4967664211186,0.6899433552832,0.3022834636805,0.6404147958759,0.8830943895471,0.7230846370323,0.6108061418328,1.0000000000000,0.7769440769767,0.6185663405151,-0.0731963943171,0.3509004540343,0.7585050460112,0.3993970785561,0.6432135794299,0.4062587225309,-0.0315443809810,-0.2598126621671,0.0535512067965,0.7332824963445,0.5865632709735,0.7020732355379,0.2502108045701,0.5667299432392,0.7907598324579,0.1046198082249,0.5376032485530,0.2886690632716,0.3957489459644,-0.0124528616879,0.3324493105756,0.7271072202851,0.4629419689637,0.5614008322430,-0.0530787809271,0.2056794951130,0.3853596803120,0.2686576760218,0.2651632913905,0.3521563530030,0.2702405500920,0.5504261179653,0.5051763734180,0.5198526223912,0.7122145566607,-0.0962315779883,0.1398399030119,0.4005893799370,0.7245665591630,-0.3519814488028,0.1043952724154,-0.1927068893983,-0.2927886124174,-0.1110530613332,0.1119848910057,0.8031437107467,-0.1824450203435,0.8802817733776,0.2893805219826,-0.1288254182534,-0.2786631478109,0.4171150323242,0.4554601399079,0.2409199362100,0.1175188906977,0.1963511317905,-0.3133887497661,-0.2240594935816,0.3305283679134,0.1103305562808,-0.2658229673819,-0.5467093441069,0.5373092666098,-0.0451730019757,0.0172053055872,0.0502285261831,0.7180686306062,0.2323227401059,0.0727090826001,0.2638241652525,-0.0483374061635,0.1911702357559,-0.0589541452099,-0.2718938396847,0.3554492006056,0.0440307309830,-0.1473133622428,-0.4547553630223,-0.2787368560043
0.4082479520700,0.3680263808211,0.1449734141557,0.6399652430669,0.3830441887873,0.4055495188276,0.5158139341158,0.8206711764345,0.8774699513480,0.3591417978777,0.5186512635617,0.5277417247029,0.6162660276066,0.3636069972788,0.5441475819214,0.7652447223393,0.7515706894489,0.8163936161008,0.7769440769767,1.0000000000000,0.6063378338474,0.1337008416641,0.5030810561284,0.7293108694177,0.6969966392983,0.5523462578930,0.6254737696415,0.0717871924466,-0.1113967368462,0.1640852395734,0.7233665284856,0.4919612329181,0.6902319043781,0.0760026250595,0.4024228380507,0.4634279520160,0.2679425818488,0.6656659699312,0.1717179786777,0.2444075054199,0.1744481413711,0.3653892257029,0.6571980313979,0.3328494237337,0.4762819398622,0.0977508863960,0.3620316094055,0.2964521204037,0.1771846857113,0.2570922892785,0.2999646180583,0.1796684729134,0.4123944608651,0.3596240978111,0.3681794430806,0.5580512006535,-0.1565468291829,0.0900664407898,0.3870427842980,0.6221366988339,-0.4194949449196,0.2203382846706,-0.1923464565771,-0.3905513488388,0.0016315240808,0.0436681921788,0.6103245084137,-0.1682271807707,0.6194210881651,0.5601106119894,-0.2509763571069,-0.1223457743462,0.4188343310132,0.6751977272458,0.1221251872131,0.0446414240840,0.3940353262096,-0.3024747335658,-0.2914988728402,0.2991999051472,0.0542253655274,-0.1567204831575,-0.5833728152217,0.3699351430494,-0.1973063768522,0.0006488691826,0.1273535633931,0.6102952710417,0.0392727313886,0.0976354419778,0.1278762306649,-0.1282352044621,0.0865024682016,-0.0285940651113,-0.2867804727961,0.2145951340811,0.0203628577602,-0.2717650197279,-0.5551578322871,-0.3401176816636
0.3483301060261,0.2386713571044,0.1480287092197,0.5408210132571,0.4138558437900,0.4956551026642,0.4724187033830,0.5494788003461,0.5807903074662,0.4385520060548,0.6047314856103,0.6927692752186,0.6418684648387,0.4008670721582,0.6311716351233,0.6165959762354,0.8564674643776,0.6631286134579,0.6185663405151,0.6063378338474,1.0000000000000,0.2253296549035,0.5281285066964,0.7168761761990,0.3191509393815,0.4126199559442,0.4835970703927,-0.0316530815317,-0.0240168093390,0.1957344160989,0.7597360334403,0.5797192325275,0.6989790638284,0.1745212153229,0.5199953973064,0.4444845256160,0.4960064897208,0.3851747149356,0.3630546752167,0.1335007661709,0.1780133108489,0.4577582293686,0.6337095658559,0.1057730219531,0.2368504133828,0.2202598076894,0.4054836071657,0.4706791586149,0.2762760508704,0.4543875194878,0.2884050028107,0.0313674940735,0.3165155308637,0.3578745469976,0.3930177328216,0.4501192088550,-0.1735751922841,-0.0860871627885,0.2035779704774,0.4579130273057,-0.2973669334441,0.3026783660810,0.0234224402901,-0.2940783848477,-0.1673757745804,0.0132846618234,0.4554879189675,-0.0983335490930,0.5569749354305,0.2074395781408,-0.0184517654610,0.0513133849603,0.4784970885307,0.3220303073415,0.2469812819886,-0.0382715219957,0.3048519134093,-0.3174485895156,-0.2775129072629,0.2794517886265,0.0192802119097,0.0110623482445,-0.5094449289178,0.2420665216497,-0.2629693005954,-0.0790331418643,0.3938376447486,0.6662414035400,0.1351032299260,-0.0050935889394,0.4118893842123,-0.1074190307556,-0.0254199613829,-0.0902298449956,-0.3716520161563,0.4005808015336,-0.0137191004557,-0.2689251975403,-0.4152938531634,-0.1426388912504
0.1754923721362,0.3739189069912,0.2978917481046,0.1247759534605,0.1931118995180,0.1752036188129,0.0357662683807,0.1380396860445,0.0534569580164,0.6438022574517,0.4008692304417,0.3352010147591,0.0339737074861,0.4729304078657,0.1302536195444,-0.0061913516810,0.2564164050451,0.1480856453759,-0.0731963943171,0.1337008416641,0.2253296549035,1.0000000000000,0.4095447495273,0.0760501781304,0.0380676544735,-0.2008664943941,0.2686148225451,0.3420249532344,0.4881491872680,0.4753617827570,0.0285781306432,-0.0787191254195,0.0699062614824,-0.0125557431797,-0.0441024823953,-0.1171658607173,0.3010184958453,-0.1746249812306,-0.0776149391445,-0.0994330339017,0.7901459043964,0.4672614939954,0.0686223366243,-0.4254119747040,-0.3164367256466,0.5592184870558,0.4425839212486,0.1221935447634,0.3789787265234,0.1611070175319,0.0970667982046,0.1114368524889,-0.0622430743687,-0.0185389644343,0.0479800478620,0.0375812358601,-0.3257513518439,-0.3345594697668,-0.2625132123458,-0.1073835042952,0.1354962806692,0.3636935210939,0.2078574878519,-0.1548966008162,0.1518196383734,-0.2684284514633,-0.1938718360450,0.0844825709003,-0.1557443792072,0.0831855568038,-0.0353512270413,0.3696767669338,0.1144367465714,-0.0624424071635,-0.2968653361012,-0.4963732847629,0.1672203208180,0.0301986653264,-0.0542714842724,-0.0586961245480,-0.4252835403042,0.0647534701928,0.0099923664748,-0.3129382592580,-0.5791543425935,-0.2619072499811,0.2156249331101,0.0195907386340,-0.3593792587856,-0.4381688814507,-0.0412028902872,-0.2024134608512,-0.5426077565977,0.0172831752474,-0.2666466512005,-0.0034569890074,0.2676772312874,0.1443088985109,0.0518448451327,-0.0397274740593
0.3747763990941,0.2810030504638,0.2599110239909,0.3686741770592,0.4481084370938,0.4758456698070,0.2935958845675,0.3637220255131,0.4178209904758,0.4201986635012,0.6745243503625,0.7551118375067,0.3024140506453,0.5299256855641,0.4015691458514,0.4222758097889,0.5410987832176,0.5164650335034,0.3509004540343,0.5030810561284,0.5281285066964,0.4095447495273,1.0000000000000,0.4637667972670,0.1711639914506,0.3420847347726,0.5628881967966,0.2577054693661,0.1536145109815,0.3742390253452,0.3515387155482,0.5445846566541,0.5858775113167,0.3677076024399,0.3579108783052,0.2427012267203,0.2989189633422,0.1701083783702,0.1202308735065,0.3108281322055,0.4022626479846,0.5498280190921,0.4374597908318,0.0470415321174,0.2011631482850,0.4466470259851,0.6854699766032,0.4052977633640,0.3310869269409,0.3577715898586,0.3859658106922,0.0200911164559,0.1043768541201,0.3176163431373,0.3265729734018,0.2450230184312,-0.3770310979089,-0.2932639105661,-0.1072359965171,0.1085713601485,-0.2991166960012,0.3768641285158,-0.0240169102636,-0.4419051525536,-0.0362268009206,-0.0337628371726,0.1689149165397,-0.1465087070587,0.1577851560474,0.1037615379729,-0.1679660693363,0.2137129405083,0.3007530647354,0.1267221876783,-0.1293879129778,-0.2135268041737,0.3565591880972,-0.2561077268154,-0.2493146414394,0.0935808270181,-0.1041877495491,-0.0540677660393,-0.4558064588342,0.0613327497565,-0.3936997240727,-0.1536048627900,0.2104518138109,0.3332829939844,-0.0029875603271,-0.1904751015437,0.1298798361369,-0.0417305360526,-0.1971914552936,-0.1670794241393,-0.4792250094504,0.3049196599430,0.1634036391149,-0.3640002288578,-0.3907525153407,-0.1919274109147
0.4604816419653,0.2482158645330,0.3019039773106,0.6851247706029,0.5121148467071,0.6495071194242,0.6790758559622,0.6110465911213,0.7332241785976,0.2140041530708,0.6380091272632,0.5366702497241,0.5740307306819,0.3701213768647,0.6253238801983,0.7837949502250,0.7760192040917,0.7723320617936,0.7585050460112,0.7293108694177,0.7168761761990,0.0760501781304,0.4637667972670,1.0000000000000,0.4193621564201,0.4654268494627,0.4495771487869,-0.1134276274359,-0.1424201948509,0.0054109474163,0.7855885012148,0.4863945404072,0.6287199287411,0.0878386775659,0.5846886365425,0.6242216614433,0.4319011050373,0.4977235871940,0.5217931316253,0.1854878826101,0.1043980332650,0.2678652619945,0.6808063180033,0.2235995828356,0.3734799159994,-0.0282468362688,0.2208750109233,0.5877578287364,0.3292601186810,0.2408348691314,0.3786890511253,0.2891163969928,0.5578649183565,0.5384417407749,0.5433791127255,0.6721527907860,-0.0964211561412,0.0004033997283,0.4010029601097,0.5559057819083,-0.3705144825584,0.3719976793691,-0.1226174589692,-0.2666938092312,-0.0287662848107,0.2918631520861,0.6590886904223,-0.0433729636087,0.6612902680016,0.3380482700729,-0.0923698430938,-0.1018356504922,0.6720842110510,0.3919710689720,0.2955346166938,0.0086799920348,0.2886819803783,-0.3683032862358,-0.3003634718908,0.4795424390889,0.0260157825886,-0.1023640598493,-0.5356054925921,0.4623256210175,-0.1864203350610,-0.0735685982634,0.3784571463475,0.7001617831416,0.3403920820266,0.1453458965989,0.5030857326738,-0.1085700295211,0.1086789961931,-0.1211610796475,-0.3583158666955,0.5316229971693,0.1470416527548,-0.2750157415775,-0.4410550522767,-0.1195211411597
