1.0000000000000,0.3398145778754,0.6253526673247,0.2836236891779,0.7562166498399,0.5554953324946,0.4697648732107,0.0330711616055,0.0306545792904,0.3534542103126,0.3300085623340,0.3254492069227,0.2248623266888,0.1982132226517,-0.1463480506168,-0.2548711032153,0.0123645335254,0.1118845109741,-0.1690289426952,-0.0998969761992,0.0131226857061,0.3043232516773,0.2665157342191,0.0551134767379,0.1136277335439,-0.0287098664738,0.0886464709364,-0.2314602753073,-0.2993813415791,-0.3157902818321,-0.2704508713314,-0.2174727956368,-0.0023840148223,0.0114986593669,-0.0738645595873,-0.1707577150364,0.0334059737914,-0.2291858437516,0.0497765276551,-0.1472587999465,-0.0696151772737,0.1647905848349,-0.3208924506719,-0.2222704836780,-0.0194665667402,0.1580716684217,-0.0304815063515,0.1153844436261,0.2025872776891,0.2483188434157,0.6862733389567,0.2215792793456,0.1896502250404,0.5037613505768,0.4640238666022,0.3215617301239,0.1255942471414,-0.0389567873201,0.0964386318109,0.1118067634171,0.3777579501634,0.3027853634067,0.2866423584294,0.2111850747612,0.0601445435515,-0.2207990349401,-0.2294667868107,0.0949025812718,-0.1556641341337,-0.0232773913210,0.2301960199625,0.3574391448649,0.0978213843340,0.1639445550196,-0.1731324065538,-0.2210284201981,0.0180475631316,-0.1386285156958,-0.3215471309502,-0.1951628716996,-0.1602769678407,0.1008852270652,-0.2452495061576,-0.3705482509192,-0.1151291935984,-0.1613660626596,0.0028064422022,-0.0946401843669,-0.1866506646324,-0.2510371635602,-0.0625795723433,-0.1454848147654,-0.1684682363271,-0.0676526782630,0.2368926959185,0.2404450409835,-0.0535244338981,-0.0430762218240,0.2984242841644,0.2426510706887
0.3398145778754,1.0000000000000,0.2343561593892,0.5004323358756,0.4073622489840,0.3129690426461,0.3953888641709,0.1140090969110,0.0782233517223,0.2626196888971,0.1261708833142,0.1368484171804,0.1507061711653,0.3917004272795,0.1807171355585,0.0035328177443,0.1230633822574,0.1129587221371,0.1353777766316,-0.0389046299383,-0.0406408772388,0.2295041838247,0.0213250247056,-0.0090257180477,0.0260145476407,-0.0351091450523,-0.0852170833681,0.0702367074780,0.1008495453266,0.1252698487459,-0.0370304315177,-0.0471632439265,-0.0017174156248,-0.1613552037890,-0.0691120479139,0.0506811119178,-0.1859438268722,-0.2227852891030,-0.1555012447217,-0.2021011324200,0.0073404580340,-0.0171707690122,-0.1948759956205,-0.0947900979633,-0.0752312668293,-0.0342060713450,-0.0966270769610,-0.0196382968368,-0.0868793485694,0.0015166504799,0.2520922908126,0.7330228854976,0.5264048404217,0.2723982238346,0.4654758800516,0.5769641864976,0.0603946772204,0.0716051929949,0.0740088866309,0.0587589580671,0.2293639045415,0.0682086188202,0.1988841945809,0.1405524929344,0.5583754259202,-0.0937822999821,0.2078275757571,0.2052592024729,0.0104942202040,0.0356077947845,0.1229613024839,0.1084770660945,-0.0076895320135,0.0337651959538,-0.1190401273049,0.0691588966474,-0.1306931776439,-0.0272228807614,0.0984418245479,0.0712680277471,0.0133614823305,0.1038927005847,0.0295227967725,-0.0128558026213,-0.0094570191029,-0.1133006708698,-0.1553214998856,0.0208712639032,-0.1630225807974,-0.0458027774140,-0.1762054315718,-0.1460262382216,-0.0435531575535,-0.1020320259727,0.0103153035030,-0.0179379935247,0.2165723250591,-0.1652157690909,0.1566393797043,0.0858550945555
0.6253526673247,0.2343561593892,1.0000000000000,0.1547343416951,0.6259956561445,0.7062260034192,0.4837698699685,0.1361124538749,0.0165994959209,0.2613989361184,0.2599204393919,0.2608228747894,0.2400984435964,0.2168293247702,-0.2998514287761,0.0202704822996,0.1739116324923,0.2425003775380,-0.1583033080583,0.0566290486741,-0.0527306356664,0.1110999805842,-0.0357174036090,-0.0189857426941,0.0638073716434,-0.2621855712414,0.0719914452393,-0.2566786399441,-0.3760158898252,-0.2652819387082,-0.0269237576743,-0.0406083964657,0.1857317621770,-0.1867239642773,-0.0343129015332,-0.1739614156977,0.0580586078496,-0.1018861221466,0.0630920491223,-0.2449986918134,-0.3057402543692,-0.0914549058383,-0.3519419034230,-0.2588601158455,-0.0723905181740,-0.0838731018139,-0.0279250465395,0.1981962794773,0.2317411172333,0.0326641159822,0.4861854417417,0.3692506926836,-0.0944228048695,0.8690518745683,0.4350986860633,0.1844369677222,0.1904915038374,0.0664507602177,0.1782649249900,0.1347709683689,0.3723914231449,0.2966298731860,0.2427046711163,0.1894285615937,-0.0257936921530,-0.1592974003608,-0.0502217810550,0.2427078268839,0.0938208380130,0.1819610785794,0.0739320732301,0.1865903551364,0.0350839418995,0.0950999872581,-0.1575703963517,-0.3508335894548,-0.0076762907432,-0.1917889394942,-0.4390516922333,-0.0189044068864,-0.0072828911107,0.2544403825532,-0.1769190979647,-0.2031819818046,-0.0784878752645,-0.3144388464238,0.0302646360250,-0.0144136201955,-0.2449598632436,-0.0435274269342,-0.0924192179775,-0.4022885523573,-0.2278004857213,-0.1983383445787,0.0863614147113,0.3196667331124,-0.0248368898342,-0.2463196259919,0.0539066412838,0.0178358185160
0.2836236891779,0.5004323358756,0.1547343416951,1.0000000000000,0.4650821383414,0.4622371822932,0.6687219707997,0.0949540281113,0.3192818393557,0.3030816439914,0.3425870096274,0.2611571013365,0.3496913116660,0.2332746987180,0.4296089056626,0.2572954246353,0.2539514840049,0.1817772197605,0.2510889405208,0.1918649680024,0.2221044439575,0.1456682149800,0.2490006557060,0.3010076687870,0.0966905245859,0.0921581857144,0.2973756873069,-0.1452546645371,-0.1142319193038,-0.1370249876813,0.0967497258958,0.0523652927199,0.1620779244182,-0.1301819906381,0.1807482561141,0.3255958659494,0.1277612599733,-0.0721008762993,0.0200734540687,-0.1164655788970,-0.0485667825771,0.1529728558358,0.0919844364510,-0.1551977580767,-0.0864019414407,-0.0071408962920,-0.1306642387465,0.1307831132441,0.0111974746239,0.2403434866907,0.2003736159098,0.4421894091789,0.7693272230215,0.3062051163715,0.6256995160558,0.8185720791348,0.0797861208584,-0.0043113982113,0.1748614001124,0.1892363096826,0.2589535849909,0.2809766755060,0.1943921902084,0.2780655685750,0.3689583612318,0.1348863398375,0.3169236430112,0.2604008752385,0.1033906826322,0.1170144360988,0.2245845272499,0.1993762210000,0.2476172883454,0.0003904072840,0.0281428455860,-0.1383425054874,0.1700077298499,-0.1457056692844,-0.0882485476380,0.2504900409565,0.0428897116189,0.1635426806509,-0.0060654778741,0.0680460941479,-0.2275350925134,-0.1644265340809,0.0646674041377,0.1788236394478,0.0072562230166,-0.1055349812148,-0.0421419050616,0.0251826222600,-0.2108105407066,-0.1547325566156,0.0110400887076,0.1361035301327,0.1174858422071,-0.0550317049112,0.2742714601375,0.3317069646965
0.7562166498399,0.4073622489840,0.6259956561445,0.4650821383414,1.0000000000000,0.7665769417119,0.6174503183946,0.1568708985859,0.0752004134108,0.3831494817871,0.3993150326481,0.3961328506806,0.4292923776575,0.3334129481444,-0.1179077545328,-0.0775109243976,0.2172016771293,0.2342438675701,-0.0360705885148,0.0665850215488,0.0002030373512,0.3540394306888,0.1826886217064,0.0571234842054,0.1402239224468,-0.0351031648038,0.1308351584993,-0.3173250205989,-0.2974691765437,-0.3402192643238,-0.1447197351814,-0.1108687726751,0.1491902240178,-0.1649828621089,-0.0201745885285,-0.1275584430286,0.0111336019886,-0.0883851010988,-0.0063229797726,-0.2173194988630,-0.1845154678530,0.0378589422841,-0.3215423449905,-0.2159970147263,0.0069808947369,0.0108852098442,-0.1387739083512,0.2347853903382,0.3205684527611,0.1185070913656,0.7253237970947,0.3453974052464,0.3209758708468,0.6234839624393,0.7139156106087,0.5296327508771,0.1602891396544,0.0761568064491,0.2033969706190,0.1285470850687,0.3927715789048,0.4154515118533,0.3057559043927,0.3506750803822,0.2640003402477,-0.3099840532509,-0.0559414463811,0.3169419559683,-0.0690251770405,0.0952834746888,0.1771033551557,0.3371299253464,0.0670106095760,0.1256087815265,-0.2039233206778,-0.2491298340530,-0.0301555105002,-0.2983140942417,-0.3478926473136,-0.0212955204000,-0.1110328626045,0.1547631860007,-0.2519434474160,-0.3390496817099,-0.1425987977951,-0.3319861148251,-0.0635320924030,-0.1004991390459,-0.3225641836506,-0.1859044616938,-0.1661443944049,-0.2656372744671,-0.2781814773430,-0.1829277717043,0.0491519539359,0.2845239994208,0.1808177333809,-0.0664834843854,0.2182973767258,0.1257203189899
0.5554953324946,0.3129690426461,0.7062260034192,0.4622371822932,0.7665769417119,1.0000000000000,0.6800043577576,0.2242706238488,0.1458719478340,0.4264980919873,0.5364220533869,0.3991872511530,0.5376464035548,0.2436624595289,0.0365108582001,0.2136458002539,0.3616950383592,0.3740145927709,-0.0568258539848,0.2373307905619,0.0289094756713,0.2391671578588,0.1540120888879,0.2025836109788,0.1708924736857,-0.1270110803314,0.2637798099948,-0.3137324228692,-0.2527864889291,-0.3128918714707,0.1892562897222,0.1443922670659,0.3397859249131,-0.2026514484262,0.2141770375214,-0.0491555936723,0.2253605491698,0.0173742958016,0.1865983705370,-0.1637787223160,-0.1703464033599,0.0063647626066,-0.1894375807301,-0.2621961186043,-0.0815128710766,-0.0426890289121,0.0064035683439,0.4933487070346,0.3563178987632,0.1255062722127,0.4171469712736,0.2269749261919,0.1948110217968,0.8211745635495,0.8450719575683,0.4973648799208,0.2633203399385,0.1488995790830,0.2217714958088,0.1379156005439,0.4584336503808,0.5237909327281,0.2689201967551,0.4047543080411,0.1036435169951,-0.0881720689982,0.0949969141851,0.3831205464295,0.0563150273051,0.2284199265223,0.1155897498697,0.2744143488879,0.2317997333708,0.0822856762509,-0.1653924326967,-0.3640062660650,0.0649379028324,-0.2633484525810,-0.3559699363580,0.2326162239613,0.1069045713043,0.2739415769809,-0.1264930082390,-0.0897435425538,-0.1334913797917,-0.3127738590619,0.1491326598959,0.1036591848970,-0.1760988034222,-0.0018302928287,0.0467685579993,-0.2544903791675,-0.2903331418716,-0.1435559930187,-0.0141609996006,0.5257406099937,0.1524728630362,-0.1028542056822,0.2148066537486,0.1187065871605
0.4697648732107,0.3953888641709,0.4837698699685,0.6687219707997,0.6174503183946,0.6800043577576,1.0000000000000,0.1443045309396,0.2447968864708,0.3295255767331,0.2988657898402,0.2291389665379,0.3715535348831,0.2962974414381,-0.0341011679172,0.2942156721926,0.2903875241919,0.2404877392817,0.1069508593621,0.1862446157828,0.0839122087093,0.1039684905974,0.0599877366406,0.1611587309934,0.1304406438169,0.0645117376138,0.0903283485929,-0.1857350716631,-0.2533571867404,-0.2624070494964,0.0961224561790,0.1559384389595,0.2671694529444,-0.1349708333519,0.3826271916201,0.2919993603674,0.1494173584578,-0.1109499725382,0.2177195089542,-0.2112102239132,-0.2373664037033,-0.0814979539305,-0.2154795904376,-0.2554978747116,-0.1342551408406,-0.1099500716756,-0.0449235704056,0.1966569034766,0.0779327091971,0.1129360785833,0.4628723497474,0.3231730428882,0.4063835133772,0.5632891529184,0.6994656330768,0.6973812352333,0.1724674618999,0.0604655418988,0.3075194843302,0.2760226918021,0.3983784051258,0.2771491929164,0.2847340013509,0.3481066020739,0.2958090676226,-0.0470374473419,0.3333484254791,0.3411847168828,0.2956710972329,0.3057597730502,0.2227218225645,0.1327607732603,0.1592677752025,0.1594437057604,-0.1736717747791,-0.1958601316941,-0.0554456856895,-0.2209463459974,-0.2641130697433,0.1673519317442,0.0240326966170,0.2081407095887,-0.1705577029311,-0.0465943660748,-0.2817745056794,-0.1620759582470,0.0535893691518,0.3464459323571,-0.2661037367056,-0.1363696192528,-0.0669150438572,-0.3023190504868,-0.3045081393079,-0.2566460577121,0.0348579785993,0.3246438422446,0.0532657814652,-0.1924311227477,0.1411597358349,0.1476008017238
0.0330711616055,0.1140090969110,0.1361124538749,0.0949540281113,0.1568708985859,0.2242706238488,0.1443045309396,1.0000000000000,0.5275916530330,0.1218409792640,0.2819789442817,0.4035755757624,0.3465013932172,0.0844693091859,-0.1580030845270,0.1349194792754,0.4542613764902,0.7048684781083,0.5193882013858,0.4580586335142,0.0516958698810,0.1157027280491,0.1957876329813,0.1718377754152,0.6093772849397,0.0575098689037,0.0922500698107,-0.1279842000964,-0.1457754719720,-0.2860269628135,0.0857672092380,0.0148934121624,0.2381134297473,-0.2206073210830,-0.0398534113033,0.1084545406272,-0.0989577740327,-0.0525512243288,-0.2011546977276,-0.2601721971719,-0.1890581903420,-0.1939072560480,-0.2682548507511,-0.1894142711961,0.0020576135523,-0.0714200326696,-0.1884777266912,-0.0954460243881,-0.0293490148024,-0.1513027409924,-0.0649699166681,0.1071447733485,-0.0066847543377,0.1918557951105,0.2030407015080,0.1527779013524,0.5771872737172,0.7918101512538,0.7767829524916,0.5318888858626,0.0904492244631,0.4010469163504,0.2839725118384,0.2017008594595,-0.0006611596757,-0.2712032553855,0.1218964429469,0.5901626613643,0.1876659059980,0.5825263121312,0.2946852937807,0.0642507692457,0.0847067203174,0.4459988844861,-0.0712905010178,-0.0061679740693,0.0464155324501,-0.2431395894652,-0.1249629246963,0.2073900606860,-0.1660694427823,0.0817410621437,-0.3289955678629,-0.0880602320112,-0.2119650797997,-0.2422842551426,-0.2065708934297,-0.0016020867594,-0.3062979065440,-0.1373882889372,-0.2513885314308,-0.2133359524019,-0.4002022965660,-0.3098434081104,-0.2560087997201,-0.0789678465263,0.0023842809817,-0.0971613182455,-0.3005268401548,-0.1476435739695
0.0306545792904,0.0782233517223,0.0165994959209,0.3192818393557,0.0752004134108,0.1458719478340,0.2447968864708,0.5275916530330,1.0000000000000,0.1714085799912,0.4344256588187,0.4173287129269,0.2402707810385,-0.0699995750513,0.0805004947216,0.0557048265898,0.2261033478872,0.4237150720521,0.4972696683109,0.4654754522305,0.2185172135254,0.0843918732462,0.2788731246961,0.4882507906350,0.5751697373822,0.2878832377628,0.3641789445061,-0.0843080444676,-0.1259762626070,-0.2865841456589,0.0288171677861,-0.0012218849199,0.0994550201720,0.0268967262101,0.0369307942687,0.2324376528693,0.0596272711760,-0.0481791004434,-0.0976960949821,-0.0444217344132,-0.0756743174438,0.1035833797726,-0.1089607468373,-0.0440605772089,0.0802108955567,0.0489779504645,-0.1119955306381,-0.1629562189141,-0.1862117706727,0.1406947352499,-0.0494654569996,0.1218887246392,0.2141053124206,0.1295831482845,0.2110890906661,0.3694075867766,0.3503282833912,0.3470038537459,0.6597514349994,0.8598363294211,0.1116210695791,0.4528313537831,0.2136373125635,0.1560868906434,-0.0461932524727,-0.1860935106999,0.0642415421539,0.2902356434765,0.1554174683496,0.3929049007147,0.3921284772349,0.1106017437871,0.2474659575608,0.4966582741387,-0.0430341911463,0.0485002355171,0.2728402011084,-0.1620851852416,-0.1080430065853,0.1395602019038,-0.2037753815172,-0.0373995471683,-0.3635281978312,-0.1776913386523,-0.2829112793189,-0.1587155805803,-0.0395087732317,0.1273416738558,-0.2288069266256,-0.2682407162272,-0.1255262259487,0.0253004009154,-0.3400307417341,-0.2852333543771,-0.1650015812218,-0.1338658838203,-0.1911622893299,-0.0367464718415,-0.0896341625744,0.0635446622662
0.3534542103126,0.2626196888971,0.2613989361184,0.3030816439914,0.3831494817871,0.4264980919873,0.3295255767331,0.1218409792640,0.1714085799912,1.0000000000000,0.6185351893439,0.7214239357899,0.3244452806451,0.3649028419059,0.2494675128393,0.0798905620266,0.3173672484995,0.2674637886564,0.1094473366024,0.0150723161732,0.4910556409130,0.7407533424240,0.4847196076156,0.3375056009150,0.0331591342885,-0.1067411772232,0.2944890610287,-0.3415039279116,-0.2562092636529,-0.0466512961973,0.1431862840803,0.0561877622208,0.3894088365557,0.0047096295804,0.1602877600055,0.1274205235679,0.2599946076238,-0.1998878473844,0.0439066400503,-0.1086043503578,0.0381091179874,0.2544739369730,-0.0498692644346,-0.3558197813838,-0.1922359816453,0.3955608883630,0.2180662992783,0.1094480074651,0.1124892775667,0.4258958710275,0.2364755265849,0.2008850395827,0.1451698030807,0.3310364550974,0.3664798593513,0.2354540627385,0.1198084037354,0.0035543861394,0.1878401729795,0.1480988372107,0.8028661570332,0.5635810267593,0.6143222507821,0.2164661331851,0.1979823646766,-0.0588857900896,0.0419543798834,0.2213231155164,0.0806708256794,0.0621846088443,0.5557469498406,0.6597782077214,0.2964580068858,0.2400099099457,-0.0244857083440,-0.2211127677853,0.2064055716740,-0.1891481561905,-0.3486614161143,0.0935212487106,0.1049693847544,0.2494066149559,-0.0564969159305,-0.1063668360978,-0.1366082003760,-0.0727872188798,0.1663991899292,0.1837339301847,-0.1590480834167,-0.2260879518397,-0.0151299791551,-0.1125504189988,-0.3320308613471,0.0062358456712,0.2448997430819,0.0704302515724,-0.0144463580559,-0.1893570013958,0.4242952519450,0.2477723914402
0.3300085623340,0.1261708833142,0.2599204393919,0.3425870096274,0.3993150326481,0.5364220533869,0.2988657898402,0.2819789442817,0.4344256588187,0.6185351893439,1.0000000000000,0.7387348573257,0.5581413548823,0.0676832225142,0.2291645999332,0.0696096495003,0.3401964241106,0.3909217405766,0.0749764910495,0.2219176012045,0.4339113408972,0.4601957363936,0.5178129789178,0.5078713187157,0.2876010865549,0.0339392651061,0.5436959290680,-0.2675606899669,-0.1090759409040,-0.2675714806298,0.2213961632643,0.0877768603432,0.2895962052878,-0.0406512656943,0.1548879359463,-0.0029531254839,0.3432479351470,-0.0400692582542,0.1279165910734,-0.0982968135351,0.0108339295706,0.2688847808513,0.0192779459457,-0.2725668504418,0.0065085860783,0.2123683030403,0.1316257759853,0.2350087731055,0.1195156806195,0.3595170889120,0.0946978244488,0.1096738703241,0.1664243099580,0.3687138505385,0.5104544854310,0.2936861376414,0.3081327831008,0.1456162937576,0.3304251038978,0.3238212741122,0.5675368810360,0.8520086216403,0.4007509427143,0.4216228819369,-0.0425424368382,-0.0652139714975,-0.1044950476408,0.2867671027086,-0.0952147309720,0.1169112565639,0.4577604746857,0.4810210077151,0.4175545945042,0.2468109796988,0.0875797843751,-0.2811118812393,0.4111423844144,-0.1351308857057,-0.1773322323511,0.2594666571541,-0.0052943870900,0.1343119471275,-0.2243141247343,-0.1218331181125,-0.1811242673276,-0.2002608153191,0.2405213654177,0.1243687915760,-0.0398058596190,-0.1600547372767,0.1148732803035,-0.0888220598549,-0.3858928093660,-0.0194462305338,-0.0016774523735,0.2200716799388,-0.0630730389088,-0.0787298405937,0.2938186090218,0.2943579196836
0.3254492069227,0.1368484171804,0.2608228747894,0.2611571013365,0.3961328506806,0.3991872511530,0.2291389665379,0.4035755757624,0.4173287129269,0.7214239357899,0.7387348573257,1.0000000000000,0.4669507046471,0.2263242789165,0.1600751082500,-0.0169481155732,0.4285134353389,0.5135362596642,0.2554627958489,0.1776262072593,0.4227849435860,0.5999390797715,0.6567271743349,0.3835348039704,0.3115436332010,0.0515222236793,0.3805860843875,-0.2471179100242,-0.1965383584575,-0.2557361592497,0.0414625153614,0.0490782909978,0.3371831724131,-0.0507988189285,0.0456666783089,0.0155477863710,0.1139716226863,-0.1468064272011,-0.0678993015357,-0.1325515286183,-0.0317236098811,0.2023234633661,-0.1446111826021,-0.2999172461570,-0.0074258539804,0.2580163422375,0.0970827355433,0.0760292203643,0.0826136994490,0.2887053497698,0.2026798356506,0.1250269995883,0.1027945130570,0.3223946594144,0.3035817935100,0.2193224255961,0.2195455495292,0.2162166854475,0.4353052607782,0.3673412557853,0.5611946753773,0.7799086873723,0.6600702509131,0.2871914680122,0.0999140931536,-0.1730883514833,-0.0585626554547,0.4373887330063,-0.0393202794276,0.1413902371038,0.6225450495768,0.6430082415278,0.2870191504901,0.3639183784046,-0.0865256572420,-0.1567402628065,0.2498993421265,-0.2246766842687,-0.2582479300399,0.1277365536616,-0.0693282078465,0.1714023437658,-0.2885336251799,-0.2268851108542,-0.2036258855056,-0.2450488370437,0.0485047938663,0.0120319399539,-0.2379789641652,-0.3271695221927,-0.0965886697976,-0.1177073712135,-0.4644084825151,-0.1566344416260,0.0348726137485,-0.0199679706116,-0.0465698586527,-0.2381781971666,0.1919087956685,0.1986622362623
0.2248623266888,0.1507061711653,0.2400984435964,0.3496913116660,0.4292923776575,0.5376464035548,0.3715535348831,0.3465013932172,0.2402707810385,0.3244452806451,0.5581413548823,0.4669507046471,1.0000000000000,0.1075815805521,0.1555891192116,0.1576153764489,0.3383041433723,0.3291990480778,0.0395044392842,0.1824147609460,0.0848622351813,0.3024826091489,0.2326099387304,0.1721272169392,0.2861820319797,0.0470925840318,0.3029574948669,-0.0839140327333,-0.0435209074285,-0.1473493904156,0.1618889246926,0.1540553579106,0.2699428188284,0.0204281876484,0.1219493645774,0.0138099228545,0.1672146878431,0.0335952976568,0.1270596137694,0.0854698412631,0.1648730389829,0.2186443955255,0.0121290686652,-0.0558014972293,0.0487331343860,0.0474552424437,0.0890796767883,0.2521189467447,0.1588630890374,0.2049845838597,0.1462137000789,0.0966594914085,0.1650745331065,0.3833693218900,0.5424287617860,0.3918175628644,0.4686259282239,0.2761220586509,0.2257062011702,0.1314122386336,0.2147999135518,0.5339640008582,0.2586691539367,0.8611252521692,0.0585749292146,-0.1447047123795,0.0551721588618,0.3795388101356,-0.0745610112027,0.1449934376928,0.0825367950249,0.1473051649356,0.1189928750788,0.1027215914422,-0.0645650638674,-0.3297391697855,0.0714910731206,-0.1477839914998,-0.1286782885717,0.2183210083724,-0.0101879659485,0.0720744453289,-0.0969167071684,-0.0560479333991,-0.2493939079299,-0.2169980586386,0.0718135674125,-0.0101671626183,-0.0768519580925,-0.0701456563809,0.0059010808488,-0.0250704747767,-0.2556105329525,-0.0766174881246,-0.2115900235101,0.2094210324685,0.0198728354121,0.0528940128315,0.1552627846911,0.0583809962613
0.1982132226517,0.3917004272795,0.2168293247702,0.2332746987180,0.3334129481444,0.2436624595289,0.2962974414381,0.0844693091859,-0.0699995750513,0.3649028419059,0.0676832225142,0.2263242789165,0.1075815805521,1.0000000000000,0.0746875273928,0.3989741065757,0.4991923492092,0.2865333216165,0.2072865525382,0.1063474994612,0.1845003375780,0.3820228891762,0.0952232259671,-0.0003413777682,-0.1360176935860,-0.2411656900512,-0.0690672458943,-0.1299973867354,-0.1633568038996,0.1770106855780,0.2160967155247,0.2736315651522,0.4787099381714,-0.1948828886154,0.2297507740211,0.2671846845538,-0.0370327090392,-0.0570064449605,-0.0337520479338,-0.1240946355557,-0.1510265144636,-0.1960692820651,-0.1754409734388,-0.3387672985942,-0.2348757587144,-0.0171142850593,0.1253919199969,0.2296916468960,0.3961535073350,-0.1316432664249,0.3475901096380,0.4334386350534,0.1559974090246,0.1880262388625,0.2538031052276,0.1777789475202,-0.0894421906164,0.0116502629237,0.1271070779579,-0.0243919543358,0.3192070154002,0.0761095257870,0.3485498048453,0.0576151199395,0.6880853710747,0.0170167757541,0.3367238289985,0.4089320800147,0.2225348649326,0.0924112124152,0.1835022763702,0.2008239461847,0.0401195673949,-0.0181465886095,-0.3264413289877,-0.2649005753913,-0.2754627474763,-0.2036467336409,-0.2503635836577,0.1549815809458,0.0415795206851,0.1903635469999,0.0739046224347,0.0153943879419,-0.2421133011389,-0.2002404328042,-0.1662785240873,0.0271556082943,-0.3377466772651,-0.0967021377033,-0.2170147238830,-0.2839987799865,-0.3996128459171,-0.2060848260628,-0.1652483936901,0.1667748091891,0.4592495781599,-0.2211949123505,-0.0634926457167,-0.1647558209934
-0.1463480506168,0.1807171355585,-0.2998514287761,0.4296089056626,-0.1179077545328,0.0365108582001,-0.0341011679172,-0.1580030845270,0.0805004947216,0.2494675128393,0.2291645999332,0.1600751082500,0.1555891192116,0.0746875273928,1.0000000000000,0.2217630622795,0.0423955457863,-0.0456147770040,0.0106257112368,-0.0529233381967,0.2715246311304,0.1704822880437,0.2688833775017,0.3447277165432,-0.1310216717666,-0.0092986781668,0.3630446048750,-0.0040580346695,0.1566403259868,0.3110973475175,0.3295744688785,0.1437143327141,0.0530831031277,0.1393281606794,0.2894650823928,0.1849109635738,0.4036577966796,0.1948108962954,0.3615662573399,0.3293293553863,0.4171958589186,0.4757563728301,0.6689550108263,0.2043675461891,-0.0275037183874,0.2147097010857,0.1535640356547,0.2914514307365,-0.0629906692749,0.4758552542249,-0.2546997681680,0.0925345590170,0.3989644588300,-0.1253265075849,0.1293781645404,0.2256621841828,-0.1064449351355,-0.1983352913168,-0.2357236735406,-0.1582655606748,0.0292650668383,0.1368525465888,0.0040070010543,0.0898776902483,0.1637852904332,0.4908190586601,0.0544936067588,-0.1188551017852,-0.1623079022907,-0.2831002122551,0.0098612612695,0.1331230275844,0.2401835955696,-0.1688605929853,0.0760519603214,-0.0577449841181,0.2051505257623,0.1679557779930,0.1299638567335,0.1582059277428,0.2072225544143,-0.0985779488524,0.3424906462690,0.2626178204689,0.0328425884300,0.0776510205525,0.3204149587515,0.2098423198809,0.4824830205995,0.0269173302509,0.4465285496993,0.4972021039897,0.1660987951304,0.1406904443908,-0.0081864866073,0.0896180647928,0.0292359867796,0.0987006493018,0.3881999748458,0.3063036623742
-0.2548711032153,0.0035328177443,0.0202704822996,0.2572954246353,-0.0775109243976,0.2136458002539,0.2942156721926,0.1349194792754,0.0557048265898,0.0798905620266,0.0696096495003,-0.0169481155732,0.1576153764489,0.3989741065757,0.2217630622795,1.0000000000000,0.6424152376172,0.3890269748502,0.3090211815594,0.4936282086879,0.1588063690216,-0.0073653876684,-0.0449511117911,0.2396404166582,-0.0853513832441,-0.1547273112670,0.1674038780277,-0.0719934091419,-0.0892762584967,0.0879775432251,0.7735012419707,0.6012913791726,0.6156687669221,-0.1814256176227,0.6717103959943,0.6049204824870,0.3417236762282,0.2766847035052,0.3276327287643,-0.0948411825850,-0.1548665810048,-0.2209571938910,0.2416034372317,-0.2437559612012,-0.2674136049698,-0.2300504548199,0.1550664983940,0.4226956678418,0.2785006064084,-0.2276118390220,-0.2257302662456,0.0549982533369,0.0796279331757,0.1625155271699,0.2259450041507,0.0884227920154,-0.0023925127437,0.0643409053574,0.1636132657412,-0.0314465013628,0.0745969041797,0.0387454886442,0.0226717822286,0.0668861729022,0.2554598505170,0.4443515486787,0.7132153203871,0.4732619009469,0.5255949146393,0.3708084293793,-0.0202970298587,-0.1141517870179,0.3168700630222,-0.1430665653488,0.0126311987766,-0.2429819912312,0.0145425941015,-0.1033835524750,-0.1499368201301,0.6817742417674,0.4029687502938,0.3333010698355,0.2314188825652,0.6252057053878,-0.1603195473798,0.0177694144690,0.2616130875897,0.4554542972999,0.0617695295177,0.3325020903521,0.2083090558686,-0.1813765876067,-0.2599521405257,-0.0606351140197,-0.2637963703582,0.3803291200330,0.2624779794990,-0.1565958739300,-0.1429999495027,-0.1952078447242
0.0123645335254,0.1230633822574,0.1739116324923,0.2539514840049,0.2172016771293,0.3616950383592,0.2903875241919,0.4542613764902,0.2261033478872,0.3173672484995,0.3401964241106,0.4285134353389,0.3383041433723,0.4991923492092,0.0423955457863,0.6424152376172,1.0000000000000,0.7946796459313,0.4774615101357,0.6212565594449,0.3775196604312,0.2321460581355,0.2871772417604,0.3422175801040,0.1867787844682,-0.0132146076117,0.2990970380101,-0.1455507350270,-0.1657550644395,-0.2489417749181,0.5464138357955,0.4677627052506,0.7795779140822,-0.3112326018118,0.3532535844256,0.4059293403824,0.1745900944199,0.1300404009326,-0.0267899240791,-0.3357994598577,-0.3319659342382,-0.2573138017099,-0.1409957818402,-0.3928091546370,-0.1472553018500,-0.1457151748968,0.0286554859147,0.2802736657858,0.2902892796403,-0.1937362769925,-0.0352530165751,0.1301570118177,0.1179090567848,0.2833955344667,0.3510196401252,0.1457505542758,0.1279051902030,0.2667598286101,0.4739596020199,0.1714281173706,0.3055060873115,0.4221100008392,0.4083489942792,0.1556984870621,0.3244444080528,0.0508474796807,0.5200493014490,0.8601447075056,0.3927360407600,0.5220610561066,0.4000945333918,0.2934689693333,0.3859507084880,0.1422728510066,-0.0966323210986,-0.1046231949078,0.1348341688525,-0.3064069834933,-0.2228957738441,0.6282793342306,0.1876377488851,0.4891127060912,-0.1202298679909,0.1587591438121,-0.1650669770246,-0.2039677307826,0.0521037280111,0.1725712842195,-0.2904310421455,0.1042329799658,-0.1187047200683,-0.3753084987339,-0.5207670612277,-0.1653886036091,-0.1549593153193,0.1831232295014,0.2200535543518,-0.2856722495032,-0.1411363878862,-0.0952822189501
0.1118845109741,0.1129587221371,0.2425003775380,0.1817772197605,0.2342438675701,0.3740145927709,0.2404877392817,0.7048684781083,0.4237150720521,0.2674637886564,0.3909217405766,0.5135362596642,0.3291990480778,0.2865333216165,-0.0456147770040,0.3890269748502,0.7946796459313,1.0000000000000,0.5457219744415,0.6772126802736,0.2680954830955,0.1907001543292,0.3202942752673,0.4377741339314,0.4462003275632,0.0434773157063,0.3431814172947,-0.2023120107960,-0.1877809667546,-0.3235598230490,0.3451004039082,0.2168969934503,0.5764170102242,-0.2471037962722,0.2042614552151,0.2622697744953,0.1215782360315,0.0198070013122,-0.0700916964795,-0.3096325220115,-0.2911449744614,-0.1953235871754,-0.2490703397771,-0.3751279106495,-0.0889531048572,-0.0640950927184,-0.0566286828302,0.1409103874992,0.1317144718784,-0.1295491886652,-0.0335567924617,0.1294194936399,0.0354951386014,0.3314077564560,0.3312995218426,0.1324556343234,0.2994380549006,0.5249881559223,0.7297318633238,0.4108798951393,0.2329892740653,0.4880048857577,0.3537589871372,0.1228579500596,0.1191620887019,-0.1014963952535,0.3152103335266,0.8321633854706,0.3518378134064,0.6444007154581,0.4729830822789,0.2721515303489,0.4357738868595,0.3424234411210,-0.0700648243272,-0.0405746700573,0.2482671968049,-0.2881928135259,-0.2344969752484,0.4964642522429,-0.0016762129344,0.3339167802148,-0.3214157977815,-0.0222974465303,-0.1553593509311,-0.2760497908523,0.0114889537684,0.1359137794831,-0.2856223610056,-0.0682541249990,-0.1072322285334,-0.2844178087583,-0.5239828674690,-0.2448498319261,-0.1735543208020,0.0958010151885,0.0543759251975,-0.2785091847875,-0.1875923008768,-0.0225753249059
-0.1690289426952,0.1353777766316,-0.1583033080583,0.2510889405208,-0.0360705885148,-0.0568258539848,0.1069508593621,0.5193882013858,0.4972696683109,0.1094473366024,0.0749764910495,0.2554627958489,0.0395044392842,0.2072865525382,0.0106257112368,0.3090211815594,0.4774615101357,0.5457219744415,1.0000000000000,0.5242150147180,0.1951730131542,0.0911141024553,0.1726282562236,0.2377036119247,0.3739770487932,0.0902901444465,0.0953493043938,0.0002360081258,-0.0483607448321,-0.1675865613427,0.0650688564284,0.0105031391176,0.2327165394028,-0.1134089500433,0.0982451709655,0.5739752363363,-0.0959966891643,-0.1190980055759,-0.2798366934363,-0.2254751261804,-0.1837663979632,-0.1653494895565,-0.1048525906545,-0.2701442338199,-0.0897975078197,-0.0284560725001,-0.1542123792673,-0.1597313755760,-0.0569383358332,-0.1787603177382,-0.1581788846913,0.1144616217511,0.2293282636608,-0.0764583453360,0.0474818007956,0.2199156722848,0.0896580765744,0.4007088747094,0.5669306590337,0.5204469297107,0.0238301428671,0.1375004153133,0.2409145483712,-0.0524207063778,0.2356630559963,-0.0949368373523,0.5127605805268,0.5099763113924,0.5351701891128,0.5296500013412,0.3702687391896,0.0681989838894,0.1799033772219,0.3695749381367,0.0070571997357,0.0539385397952,0.0648291487005,-0.1920870408257,-0.0098326432571,0.2582778949606,-0.1267990133802,0.1287097735312,-0.2304929107380,0.0957069881960,-0.2506339251308,-0.1047234174766,-0.1503505339565,0.1276960932518,-0.2427861987906,-0.1049535275961,-0.2288709192236,-0.1334862715269,-0.4084597927779,-0.2041185822987,-0.1961275528082,-0.2071497696331,0.0772123034684,-0.1439093532492,-0.2251729846092,-0.0596515413922
-0.0998969761992,-0.0389046299383,0.0566290486741,0.1918649680024,0.0665850215488,0.2373307905619,0.1862446157828,0.4580586335142,0.4654754522305,0.0150723161732,0.2219176012045,0.1776262072593,0.1824147609460,0.1063474994612,-0.0529233381967,0.4936282086879,0.6212565594449,0.6772126802736,0.5242150147180,1.0000000000000,0.2107800740818,0.0066958275905,0.1367242653596,0.4709260491490,0.5145416027908,0.2340728111912,0.4416037665856,-0.0582331565290,-0.0914270866147,-0.3082862104484,0.3896911915334,0.3420207072522,0.4992151866876,-0.1959982143253,0.2463090609065,0.4140336242308,0.1566553670095,0.2704435484172,-0.1205545443799,-0.2033999531654,-0.2384528724509,-0.2210421590765,-0.1767787855964,-0.2128274368517,0.0153035262069,-0.1454026165656,-0.0319960460691,0.1510078124937,0.1806433979452,-0.2483237528772,-0.2136433025140,-0.0401611218833,0.0094397000985,0.1403351683988,0.2180205416630,0.1065963299263,0.1495213891240,0.3245449856285,0.5609967330687,0.3584197763637,0.0178430411077,0.2692597736546,0.0668828746000,0.0400684413329,-0.0046651083832,-0.0103347615614,0.3999657468145,0.6136327650396,0.3831021741019,0.7200452494578,0.2534059162515,0.0590758442810,0.4752961425138,0.2503310226924,-0.0146151522388,0.0224931435898,0.3169725876209,-0.2214352125653,-0.1397409243008,0.5884839733084,0.0516007325404,0.2989051608278,-0.2135143843471,0.0752558008086,-0.1641943724321,-0.1288679969539,0.0623424838260,0.1647752957608,-0.2413586032498,0.2148446141970,-0.1171547459319,-0.1926654655882,-0.3641670117629,-0.1320030503792,-0.2243371050402,0.1079968667993,0.1268922304843,-0.0938153898420,-0.2637158775705,-0.0945462751384
0.0131226857061,-0.0406408772388,-0.0527306356664,0.2221044439575,0.0002030373512,0.0289094756713,0.0839122087093,0.0516958698810,0.2185172135254,0.4910556409130,0.4339113408972,0.4227849435860,0.0848622351813,0.1845003375780,0.2715246311304,0.1588063690216,0.3775196604312,0.2680954830955,0.1951730131542,0.2107800740818,1.0000000000000,0.3861548918536,0.4628966574063,0.5939687543761,0.0795427464845,0.1485195879931,0.4661328575044,-0.2458220837754,-0.1341206512069,-0.0502425120667,0.3196180034771,0.1580819354756,0.4563097791758,-0.0404504579747,0.1452360626978,0.2436406357399,0.3184118321891,0.1664049043181,0.0228632416573,-0.1758068071227,-0.1142392204586,0.1551352412131,0.2190432105273,-0.1753500231334,0.0256457245987,0.2201507707195,0.1669133734349,-0.0381660094996,-0.0366246172769,0.3774143332918,-0.0739682089010,0.0761604009496,0.0513342640158,0.0008984809540,0.0487888261501,0.0156798448498,0.1038322264899,-0.0904919401538,0.2109976252691,0.1414829868270,0.3903003926401,0.3926593175512,0.3458799742120,0.0255141332071,-0.0206541359081,0.0622719240584,-0.0026029733480,0.1397830711764,0.1191066167274,0.1403608794506,0.6921347999825,0.4935826095617,0.4894294204650,0.2474797042339,0.2801565908991,0.0899543211802,0.4845821479164,-0.1569985714527,-0.1693326549337,0.2010064259208,-0.0152464271219,0.2123018361616,-0.1173849871695,-0.0906718774774,0.0018793264494,-0.0898481136569,0.2034306711655,0.2142448552855,-0.0051258984320,-0.0985481510173,-0.0154464341979,-0.1121917042455,-0.2573983677833,-0.0378532171637,0.1784999476019,-0.1194806906947,-0.2078451011783,-0.2511257247256,0.1408342802870,0.3108227662103
0.3043232516773,0.2295041838247,0.1110999805842,0.1456682149800,0.3540394306888,0.2391671578588,0.1039684905974,0.1157027280491,0.0843918732462,0.7407533424240,0.4601957363936,0.5999390797715,0.3024826091489,0.3820228891762,0.1704822880437,-0.0073653876684,0.2321460581355,0.1907001543292,0.0911141024553,0.0066958275905,0.3861548918536,1.0000000000000,0.5055020215998,0.2840944322207,0.1006904090110,-0.0307616937149,0.2642398347256,-0.1654074700276,-0.0497615607184,0.0641312722505,0.0276458308482,-0.0319093021516,0.2778035672582,0.0652805628575,0.0505883541291,0.0348558264646,0.1252577489845,-0.0438983003404,-0.0280280154926,-0.0028615132112,0.2214512524327,0.2770490547503,-0.0679712521533,-0.1910252128421,-0.0055730079599,0.5665326356903,0.3085222651857,0.1374737700285,0.3604020489212,0.2744557710437,0.2144882205489,0.1319033034014,0.0803263343560,0.1247868609496,0.2155994732336,0.0813077553568,0.1056225968885,0.0537201130321,0.1129455717356,0.0577471750313,0.5568095178765,0.4316382464656,0.4443868968364,0.1791107999257,0.2245851574003,-0.1348696943915,-0.0691525681254,0.1488487457231,-0.0752591064950,-0.0201934028284,0.4485243147345,0.6183743090421,0.2319728306684,0.2276806251845,-0.0973847273748,-0.1524716734046,0.1377506485102,-0.0727670969159,-0.2146111871048,-0.0174692786120,-0.0997794911038,0.0679780568356,-0.0309776035924,-0.1790665546605,-0.0477029910286,-0.0906281015449,0.0543267486393,-0.0215246058482,-0.1863887355570,-0.1944428301950,-0.0804792562621,-0.0365289876149,-0.2398584935139,0.1765167550990,0.1758710224264,0.0451882679279,0.2273348186038,0.0824993023110,0.3278605581218,0.1390110622975
0.2665157342191,0.0213250247056,-0.0357174036090,0.2490006557060,0.1826886217064,0.1540120888879,0.0599877366406,0.1957876329813,0.2788731246961,0.4847196076156,0.5178129789178,0.6567271743349,0.2326099387304,0.0952232259671,0.2688833775017,-0.0449511117911,0.2871772417604,0.3202942752673,0.1726282562236,0.1367242653596,0.4628966574063,0.5055020215998,1.0000000000000,0.4363748930041,0.2494456454683,0.3307422227976,0.4985602911106,-0.1596700885791,-0.0872603131711,-0.1968570453183,0.0288039911430,0.1821426883851,0.2671289255654,0.0358147821709,0.0479756836149,0.1264029782019,0.1717608347368,-0.1198380195946,-0.0695416899653,0.0141006409376,0.1398619044162,0.2930008577721,-0.0671058107856,-0.1837571482378,-0.0311230963689,0.5062754148844,0.1221845481182,0.0324142785113,0.0548713095093,0.3158513107039,0.0785534611741,-0.0570127551475,0.2192423831957,0.0615120297481,0.1414568631558,0.1347931043769,0.1304623899190,0.0428652373824,0.2050560207349,0.1908453900557,0.3047472276060,0.5189314844392,0.4125337244996,0.1421987651893,0.0199428430456,-0.0512462624718,-0.0780844141771,0.2002893932606,-0.1111163807171,0.0627156514397,0.5738632335600,0.7058165152134,0.3908008102408,0.2942050959348,-0.0433856229387,0.1004616359435,0.4389601441106,-0.1631322252693,-0.1071407039400,0.1118858649401,-0.0544871114638,0.0862427021848,-0.2461508860398,-0.1850912011531,-0.1631565655652,-0.0995228996991,0.1035127500196,0.0282310296934,-0.1511051480389,-0.3391794286908,-0.0443667375740,0.1520453215290,-0.3720962990078,0.0287738122335,0.1230860293526,-0.0562567963653,-0.0695110707322,-0.0206629918414,0.1865365625449,0.2696789589595
0.0551134767379,-0.0090257180477,-0.0189857426941,0.3010076687870,0.0571234842054,0.2025836109788,0.1611587309934,0.1718377754152,0.4882507906350,0.3375056009150,0.5078713187157,0.3835348039704,0.1721272169392,-0.0003413777682,0.3447277165432,0.2396404166582,0.3422175801040,0.4377741339314,0.2377036119247,0.4709260491490,0.5939687543761,0.2840944322207,0.4363748930041,1.0000000000000,0.2570990453540,0.2839465746230,0.6771488641103,-0.1837939803087,-0.0043829670410,-0.1225633674211,0.3192393527583,0.0860214374539,0.2630819403326,0.0097710366925,0.4067809285355,0.3461690233860,0.5310469945838,0.2270474588160,0.2713503630348,0.0003927525950,0.0111225980355,0.2113757376780,0.1928217327224,-0.1749840684103,0.0110038669297,0.1864744619258,0.0503179217415,0.2931314983062,0.1300128573818,0.3321387891619,-0.1596706764419,-0.0089145403507,0.1011178089587,0.0933796468761,0.2280625942763,0.0906083960577,0.1946306210806,0.0796357693747,0.3397668514061,0.3725929698656,0.2241917332641,0.4806567872655,0.1613582913868,0.0339911061455,-0.1104213081464,0.1586189524964,0.0284520620302,0.2006582433064,0.1650500582677,0.2847190268137,0.5241862878341,0.3928184026583,0.8330546005386,0.3036007341501,0.2057511007249,0.1006020089305,0.6079084298370,-0.0574095851982,-0.0698189173750,0.3068824087578,-0.0556456978854,0.0504908942612,-0.1392753336232,-0.0431022069143,0.0226706579863,-0.1197657186071,0.4689634405585,0.4284365644204,0.0710787776839,-0.0660549270710,0.2882651295588,0.1041206770411,-0.2659574942913,0.0389909773217,0.0600578789076,0.2572630955589,-0.0624791514454,0.0107324090364,0.2146980671125,0.3503161749296
