1.0000000000000,0.1624513966501,0.5274635033761,0.4256151514056,0.7578468706095,0.2008452075647,0.2878438928276,-0.1060565466729,0.0047953871494,0.4095426235603,0.2115260618763,0.3594522860825,0.0511323627901,0.6371870744832,0.3972673295239,0.0545492062673,0.2174727255347,0.0668942593876,0.1620989163358,-0.0293272349679,0.2873800887660,0.0997938641950,0.3886865327286,0.1941362534327,-0.1183340959323,0.0458868736482,0.1244730399375,0.0068702580804,-0.1724431054864,-0.1330173655038,0.1040003734632,0.1573671790175,0.1993282180428,0.0200451815957,0.0592407326282,0.2264114629166,0.2464109909993,-0.0916336070152,0.0261406196989,0.1096578040097,0.2233575738180,0.2349886668796,0.0977900562181,-0.0896970122473,-0.2083047889836,0.1293455886316,0.0561935444114,0.3210838335350,0.1953586650894,0.3275575288957,0.7055266855619,0.4921080912273,0.3530387594512,0.2323012915388,0.1189202510593,0.2217663583763,-0.0214774789553,-0.0841656331166,0.0036267406896,0.0005987135013,0.0505930205230,0.2137815153689,0.1365375099956,-0.0523823512668,0.2526310828923,0.0697482806472,0.0702116078555,0.0295534889185,0.1801092475998,0.0912239114762,0.1694280040932,0.2511975348605,0.0978958833225,-0.1631439196046,0.0397124777582,-0.0525332874652,0.0864889494648,0.0339408743310,-0.2910034143259,0.1714067272000,0.1833713773403,0.0801319412093,-0.2304306146580,-0.0534322335958,-0.3353682413530,0.0761948877290,0.2686402542784,0.1541480605707,-0.0046768550092,-0.1864856614558,0.0195759188706,0.0318465522253,-0.1694145048119,-0.0327996794072,-0.0809629576688,0.1913173453784,0.0182163521539,-0.0035380734073,0.0522526584581,0.2304974365408
0.1624513966501,1.0000000000000,0.4048241032269,0.2297707716524,0.2363071496580,0.2846233511121,0.1148964985201,0.1368202453321,-0.0234698002615,0.1546958638904,0.0797602068827,-0.0553695534797,0.1087045044867,0.4133057792836,0.2776726363886,-0.0797519354507,0.0261302115567,0.0076851918667,-0.0364833361040,-0.0153039378050,-0.0205587761283,0.2114975907296,-0.0660920333405,-0.0132693739552,0.0818190181324,0.0652226435949,-0.0290263660745,0.1571639987806,0.3921781534535,0.3408559542423,-0.1261800574545,0.0095993407124,-0.1366387830717,0.0459717710372,-0.1192748104719,-0.1337235484484,-0.0401245319169,0.1359489075761,-0.0162088588949,0.1245391541357,0.4038208260409,0.1601797915294,-0.1267327449660,0.1566712451981,0.1844166511960,-0.0902004722928,0.1105122304934,0.0698055991097,0.4841852278329,0.1098580697195,0.2267090588897,0.4945877798499,0.2045089231447,0.2662048293332,0.2447570181930,0.0676527956836,0.1458909898373,0.1377177400179,0.0727746452203,-0.0077820307431,0.1349933076363,0.0893184343372,0.0600583479193,0.0539244238413,0.3883186928908,-0.0002781715649,-0.0874934208618,-0.0301312175713,0.0961170414017,0.0001366773143,0.0121918476741,0.0607246321256,-0.0162528222100,0.0856065289936,-0.0541625990175,-0.1530544999416,-0.1143703419991,0.1503273198793,0.3081605235338,-0.1077858826317,-0.0558998812084,-0.0396637812885,0.2801450319152,-0.2374187684257,-0.0082675129536,0.0678451715442,0.0311207042758,0.0154002714732,-0.2067367868003,0.0892131820681,0.1213579119501,0.1111971734565,0.0986751811704,0.1267930527392,-0.0234731753781,0.1225419867849,0.5528388332735,0.2924077126623,0.1570639059996,0.0884574347589
0.5274635033761,0.4048241032269,1.0000000000000,0.5446681674578,0.6570988691317,0.6746032503493,0.5861155138830,0.0529949050192,0.1299108109452,0.4653383728833,0.3388059123604,0.2426261282190,0.1771008322824,0.2948778808140,0.4694687351391,0.2149966402138,0.2048157684758,0.1273677783689,0.2323414463730,0.1772470270172,0.2036555125691,0.2143983966475,0.2469442383327,0.3053922124801,0.0865204938256,0.0535205636534,0.2487567027134,0.0643342684025,-0.1235367778256,-0.1126151289626,0.1427126680602,0.1619605867578,0.1372824593186,0.1073286588265,0.1880070679005,0.3531701448588,0.2458193627480,0.0655239469915,0.2066671071988,0.2497533042978,0.2209145633780,0.3095311083088,0.1431469522916,0.0354987158623,-0.0628334957817,0.1659396248786,0.0910996158440,0.4811448480922,0.0966513528000,0.3760964483164,0.5532967090510,0.5019009735750,0.4116372590854,0.7892638159530,0.5171695680705,0.5313891268692,0.1795285977486,0.0706934678839,0.1694357952102,0.1390739341409,0.2427393786582,0.2764329734228,0.1957760778074,0.0762284107466,0.1240149648599,0.1801315663114,0.2679163996026,0.0652837967448,0.3046585072917,0.2834045126573,0.2061912854019,0.2667153802623,0.2501124377861,0.0331103299037,0.1147351706086,-0.0808201714204,0.2420777648314,0.0862776244297,-0.2528062021394,0.2132095743728,0.2348231973010,0.2402378807869,-0.1746985153117,0.0191496697502,-0.1626576634654,0.0117692899426,0.2845208682608,0.3367313698972,0.0278636031647,0.0360843124207,0.2163398263671,0.2043020192273,-0.0097099897719,0.1128839120306,0.0624402401389,0.3982323241725,-0.0182708847347,0.0581336348075,0.2278761352011,0.2641394539248
0.4256151514056,0.2297707716524,0.5446681674578,1.0000000000000,0.4575060359870,0.3460206848834,0.7228081814987,-0.0274741714911,0.1884550549713,0.2991210431148,0.3409281294740,0.2848467783470,0.1520829050363,0.3208128228837,0.7533588017936,0.4179595168835,0.3127335500823,0.2477186646984,0.3769208679456,0.2062143028759,0.3249807616622,0.0998088866307,0.2905577587285,0.3868732792711,-0.0293941400998,0.0399129881583,0.3710943003584,-0.0310254629193,-0.1910292249184,-0.1896189388830,0.3326136309985,0.1986717395349,0.2604236173550,0.0934486589859,0.2746005564627,0.4138751121277,0.3331610289885,0.0405524926666,0.2955727717363,0.2447248750798,0.0731860666351,0.2583279166478,0.2837284977306,-0.0460209485633,-0.1480268035007,0.0334986729765,0.0141194363288,0.4929205187147,-0.0682861882735,0.4039198400544,0.4934286237215,0.3416876710619,0.7532536481811,0.4464063922914,0.2677517106539,0.6746997396120,0.0681063862191,-0.0010581537950,0.2304827644910,0.1459566860873,-0.0270704580039,0.3213121001179,0.0921825091729,0.0217300274497,0.1509937117172,0.2918269402626,0.4166026130057,0.1871097368109,0.3133402249534,0.3805303139268,0.2022913893011,0.2073420088560,0.2783294108490,-0.0185263236620,0.1291285125337,-0.0100817811712,0.3366303785595,-0.0220540431549,-0.3558694082342,0.3979103857933,0.2630090733634,0.2434570513670,-0.3897828148998,0.1099051754958,-0.1277296814358,0.0347517927714,0.3663653622579,0.4275478824530,0.1459631233824,0.0480170587125,0.2918267374986,0.1175902748312,-0.0998946257253,-0.0826058585102,-0.1414360243946,0.3781451037670,-0.1465249170068,-0.1584817754554,0.0688341655386,0.4169738642601
0.7578468706095,0.2363071496580,0.6570988691317,0.4575060359870,1.0000000000000,0.5578183571116,0.3507810059519,0.1740322947957,0.2448854592781,0.5423207325166,0.4086317841435,0.4189267266007,0.2883017982841,0.4437254853184,0.4150424209807,0.0766309139726,0.3911233550611,0.2766450810381,0.3341267291031,0.0191747323234,0.3171549719616,0.2589912784619,0.3252248444523,0.3879919769751,-0.0095703909382,-0.0923213627798,0.1559962740311,-0.0730482442853,-0.0255718932094,-0.2121256604652,0.1149269953308,0.0305051396227,0.1034146281951,-0.0639092668420,0.0274129545362,0.2585460404947,0.2004073602831,-0.1245025287596,0.0351790598394,0.0558735150867,0.3196089306806,0.3281328864884,-0.0307162858945,-0.1165354148219,-0.1940558315108,0.1137862492374,0.0019902752424,0.3274621430177,0.2643096511064,0.4019283506091,0.7813770187419,0.5067777113268,0.3999242479637,0.5012114136287,0.5112241782416,0.3945023074373,0.2732727068062,0.2048553110997,0.2806964581907,0.2667719578131,0.3076338706794,0.4440884594428,0.2537089201447,0.1610749616931,0.2246245556424,0.0526364421740,0.1697208709754,0.2085726301209,0.4009272344832,0.2586000050574,0.3396757906313,0.2907409997155,0.3339146132512,-0.0075608932120,0.2202772623248,-0.1290872787382,0.0564579009257,-0.0698719170088,-0.1874350802801,0.2544931751854,0.0948745831100,0.1177563258578,-0.1969695242354,-0.1394967224694,-0.3171779835225,0.0466644410900,0.2370765925717,0.1728481487258,-0.0815992914228,-0.1643375087473,0.0837626109592,0.0024970435972,-0.1592150250564,0.0011922926709,-0.0678221634433,0.2321638732058,0.0743256949329,0.2372190353184,0.2683096126206,0.3719652001989
0.2008452075647,0.2846233511121,0.6746032503493,0.3460206848834,0.5578183571116,1.0000000000000,0.3713668000372,0.3929311067565,0.3960609957289,0.5908413989732,0.4895990017391,0.3067434796523,0.4687584366423,0.1691938860286,0.3637915769181,0.1440669357219,0.3818731488311,0.3628474853412,0.3239097272614,0.1375042630291,0.1324471901792,0.3024709357765,0.1205981437538,0.4587403083518,0.1236872932424,-0.1820077835618,0.1258474232662,-0.1609180092646,0.0022941929602,-0.1695397677918,0.0891216260601,-0.0801789067958,-0.0336318823602,-0.0531370517700,0.0331506186130,0.2472666587485,0.1167567928803,-0.1039669615079,0.0652090216389,0.0830302542182,0.2758876544734,0.4082608238401,-0.1253622033594,-0.1022945710991,-0.1048962645229,0.0259648628987,-0.0001744116781,0.3884986148242,0.0760211630981,0.3272294717822,0.3592836451445,0.3281806100028,0.3412475799426,0.8515041686535,0.8817385132303,0.4139111984387,0.5126140699977,0.3985239822167,0.4480113331542,0.4463736677054,0.5657029938150,0.4866106646030,0.4327418511305,0.4539213383869,0.1574800284255,0.1052017495860,0.2430816054206,0.3231230055249,0.3867727483173,0.3488157836273,0.3546036096037,0.2678904543014,0.5000732799255,0.1578399228848,0.1958557582174,-0.1983888893982,0.0631645048420,-0.1173452666138,-0.0638726788834,0.2292746569101,0.0278254235089,0.2330574493312,-0.1068439109450,-0.1442178891462,-0.2242923729392,-0.0696816115336,0.1186907691102,0.1729679177013,-0.1002452172816,-0.0739642981738,0.1209805519512,0.0058997770751,-0.1178425473896,-0.0519624179327,0.0181298789715,0.3449794338867,0.0833928815390,0.1957580107767,0.5104980114993,0.3884603016135
0.2878438928276,0.1148964985201,0.5861155138830,0.7228081814987,0.3507810059519,0.3713668000372,1.0000000000000,-0.0745446275536,0.0770209240360,0.2569176977228,0.2732864345202,0.1446625114173,0.0999725802425,0.1419254269544,0.5473035279095,0.5222153421323,0.2172141514854,0.0902623516705,0.2498017073403,0.2740309886371,0.2963852475645,0.0156701580302,0.1983634608203,0.3327862668477,0.0221565212643,0.3134406706269,0.4054146420692,0.0798201867633,-0.2259931850821,-0.1110057293671,0.3242450079396,0.3525847246244,0.2941323286923,0.1770071632822,0.5898150349515,0.5585385783507,0.4883444260193,0.2099845483436,0.5214194651256,0.3289637932396,-0.0033235103694,0.1660583054014,0.4840858311866,0.0646612351823,-0.0702553326387,0.0945561530694,-0.0217506074681,0.6040069282137,-0.1220008353063,0.2979902327170,0.3767673967881,0.1831045848912,0.4859577104361,0.5101555327466,0.2715528998660,0.7195694312427,0.0911163925888,-0.0877692198556,0.1126363036696,0.0498643156338,-0.0722621920793,0.1948471813165,-0.0550858747632,-0.0311785209685,0.0411498361279,0.3491853521750,0.4786619698069,0.0554563101367,0.2355556046721,0.3659465214642,0.1462123921950,0.0681535120672,0.2518257212002,0.0240387478601,0.1386514577818,0.1131586507710,0.4256408130472,0.0997094446355,-0.3334753303160,0.2963021921612,0.2498748779704,0.2680847440644,-0.3394256249234,0.3388319505358,0.0804864363749,0.0227739453949,0.5314711436613,0.7248068801419,0.3504845394263,0.2811085959111,0.4524621990922,0.2369844392885,0.0545872693948,0.0772437073815,-0.1400386613780,0.5330924338404,-0.2309832316527,-0.2241541162800,-0.0160465550206,0.2610290553447
-0.1060565466729,0.1368202453321,0.0529949050192,-0.0274741714911,0.1740322947957,0.3929311067565,-0.0745446275536,1.0000000000000,0.8204983128065,0.3096139551072,0.4340136553064,0.4132429495114,0.7780007497153,-0.0001665340996,0.0280288714696,0.1389135894541,0.6548500427274,0.6783455804384,0.5923346636597,0.3663942228751,0.1996301758525,0.2615028339960,0.1284863054440,0.5574749207279,0.3747029559270,-0.0867203943256,0.1850427080395,-0.2330865446792,0.3061931619166,-0.0243675326497,0.1980943218762,-0.0344621344582,0.0453923446641,-0.0836367145156,-0.0543775522083,0.1063442667912,-0.0911090331342,0.0828776445272,-0.1892973845289,-0.2141329829173,0.2192708243400,0.2569027691752,-0.2189303975858,0.0839977067147,0.2476067456909,-0.0033056212011,0.0719011625627,-0.1098716277182,0.0797720572952,0.1861063345420,0.0259240316368,0.1431260454069,0.0604076087821,0.2162047865773,0.4271716373555,0.0759381949803,0.7802384178681,0.9196433020989,0.7709330147598,0.8646500875851,0.3812013043303,0.4941044231177,0.4174365088158,0.6435308307577,0.1100431902418,-0.2897248685851,0.1873162687504,0.5977060789255,0.5477319133496,0.5684391604783,0.3394414239333,0.1675055604621,0.6409800929391,0.4733059090114,0.3364716269740,0.0042956765300,0.0307187425242,-0.3482578531563,0.2441420266879,0.2309333284957,-0.0756260920480,0.0951944322498,0.0434936556013,-0.3119962340843,-0.0168626622216,0.1433669321933,-0.1800575026167,-0.1095679469474,-0.2239161740940,-0.0017026647739,-0.2060398621034,-0.2405651076549,0.1961221341023,-0.1667146258511,-0.0317808586098,-0.1453388555037,0.1827110616211,0.3473633228976,0.3487679048188,0.3110540623366
0.0047953871494,-0.0234698002615,0.1299108109452,0.1884550549713,0.2448854592781,0.3960609957289,0.0770209240360,0.8204983128065,1.0000000000000,0.3880013032499,0.5704958500008,0.5938346138804,0.7929191319273,-0.0036888999058,0.1730284838813,0.2521025997471,0.7891032494604,0.7755104825164,0.7198650089452,0.4230953168362,0.4393998934457,0.2940923273985,0.3323221106156,0.7264722459261,0.3049092298143,-0.1048027349494,0.4152172121820,-0.2255316675359,0.1465563403489,-0.1581447473882,0.3452589238295,0.0985023581401,0.1742114653303,-0.0282356201488,0.0722734650808,0.2372984596391,0.1519598990849,-0.0084295412893,-0.1079671119997,-0.1383915822765,0.1005051597084,0.2712312194798,-0.0818441207208,-0.0254979762982,0.0824025477759,0.0336165346379,0.0572001852715,0.0122493922443,-0.0439508067010,0.2919647539054,0.1178573687197,0.0812174024692,0.1720479552361,0.2769835628123,0.4142726851022,0.2202600700188,0.7174191950432,0.7871664921436,0.8358978733313,0.9542762556722,0.3609590854874,0.6092633707994,0.4900236808395,0.6152266344396,-0.0668605284004,-0.2407795304522,0.3096067467300,0.6826251704298,0.5557814342514,0.6830480589650,0.4793334484814,0.3235364878485,0.7993309196458,0.3668663833960,0.4189715157908,0.1196720250726,0.2784496180408,-0.3582951479087,0.0221046032346,0.4599247296266,0.0855437238406,0.1750416408944,-0.2184960156531,-0.2131403834611,-0.0767966440697,0.1143542358279,0.0034082429310,0.0270000066355,-0.1138089430613,-0.0739080017962,-0.1468074904975,-0.1948875574240,0.0530193720032,-0.2083557191056,-0.0914498888784,-0.0872101294986,-0.0649122025721,0.2053713165627,0.3253991066313,0.4176542486372
0.4095426235603,0.1546958638904,0.4653383728833,0.2991210431148,0.5423207325166,0.5908413989732,0.2569176977228,0.3096139551072,0.3880013032499,1.0000000000000,0.5938719389807,0.6896216675202,0.4701970889866,0.2843202063158,0.3448580885640,-0.0682208892191,0.5012457548023,0.2993275634912,0.3590254890799,0.0346271642576,0.3901258949652,0.5920382951428,0.4411951305763,0.5412800265743,0.1168051343966,-0.0730225584728,0.2430610071560,-0.1960129611775,-0.0277382833555,-0.2236907012962,0.0173667574628,0.0974505006436,0.1311919545422,-0.0106378855965,-0.0812388156992,0.1989482655292,0.3679067283954,-0.1954420098125,-0.0268161511638,-0.0272392685617,0.2732256070417,0.5045409631264,-0.0447475028113,-0.0693129788357,-0.2045439278354,0.1628284436831,0.0943075986443,0.2062836089685,0.0735783372863,0.5332968496554,0.3832274109421,0.2848114751775,0.2260501169108,0.5317979318934,0.5526015125236,0.3031439151650,0.3755752408238,0.2712947398159,0.2853364249627,0.3855877025560,0.7119546928338,0.5721343866842,0.5924869753270,0.3752432022258,0.1022111378795,-0.0369125198036,0.0747472592090,0.2656535300005,0.4086560493600,0.1998474317042,0.5411834109090,0.5455141512381,0.5458727681948,0.0766836661513,0.2608612093829,0.0344737930858,0.2203708239006,-0.2619610330030,-0.2227459509021,0.1512441147976,0.2488844816237,0.2276940743258,-0.2480741667314,-0.1154691045777,-0.3317740721452,0.0114537174612,0.3235748953909,0.0942830288093,0.0068994215897,-0.2465599830600,-0.0694932749860,-0.0884459223595,-0.0877029730258,-0.0624384933161,0.0687356682179,0.0855394443217,-0.0258990219043,0.1810802145446,0.4316267766757,0.5148185523995
0.2115260618763,0.0797602068827,0.3388059123604,0.3409281294740,0.4086317841435,0.4895990017391,0.2732864345202,0.4340136553064,0.5704958500008,0.5938719389807,1.0000000000000,0.6667683196104,0.5654840054308,0.1024458326709,0.4080568708747,0.1838494217886,0.6375056227046,0.6156878537002,0.3946124798659,0.3044732258413,0.3892138860813,0.4275105217190,0.4924593497983,0.7120933521344,0.2439393444072,-0.1025654730751,0.4789016435291,-0.1060070534838,0.1513809883972,-0.1227630852627,0.2702241830880,0.1115608900217,0.2515530430905,0.0501270293189,0.1670174969906,0.1454052562492,0.4261505227507,-0.0343964934976,0.1614522948821,0.1029415239865,0.2731852312277,0.4631101349040,0.0601576898030,-0.0267800983369,0.0555973667050,0.1626797311325,0.1552509344916,0.3111313108538,0.1073012769325,0.5017416402543,0.3210800609671,0.1140759323200,0.2830209485665,0.3627766789198,0.4359931156393,0.2357204395152,0.4506639714493,0.4221516176035,0.4833615398334,0.5403761857084,0.4637646881808,0.7985177989546,0.4589130581785,0.4405324790549,-0.1174274675620,-0.0388093486596,0.1836292525317,0.5019118892419,0.3394920240799,0.4281800123695,0.4511661583512,0.4279341673852,0.6434619479514,0.2857606229620,0.2676970263084,0.0118030960919,0.3269815903122,-0.2639247186207,-0.0298764097167,0.3627770147836,0.0771005552475,0.2068290500164,-0.2016008323165,-0.1370079970839,-0.0646171861369,0.0569905624665,0.3362035852821,0.1779416888220,0.0610414427418,-0.0833587986541,0.1194114843129,-0.0373380644295,-0.0337885198641,-0.1155751343370,-0.1250777867569,0.1703989335978,-0.0303614558278,0.1618267259765,0.4101963389740,0.4808522033674
0.3594522860825,-0.0553695534797,0.2426261282190,0.2848467783470,0.4189267266007,0.3067434796523,0.1446625114173,0.4132429495114,0.5938346138804,0.6896216675202,0.6667683196104,1.0000000000000,0.6216819210968,0.1883032105353,0.3130591841714,0.0436298466119,0.6986056364071,0.5421704251885,0.4947931367294,0.1524420366398,0.6351769783521,0.5373252670295,0.6814383203751,0.6319625002058,0.1460389626213,-0.0791705350884,0.4136587656618,-0.1915385029830,-0.0043025283470,-0.2363109753257,0.2187280076678,0.2592843710895,0.4246625131289,-0.0153824455509,0.0148611551326,0.1857509203370,0.3750265016500,-0.1877666216234,-0.0821221802199,-0.1158679396948,0.0916399320916,0.3247994097012,-0.0214632612940,-0.1308691314501,-0.1190187927789,0.1865212377783,0.1884842479117,0.1516322290877,0.0164192280405,0.5163292788934,0.2772032259828,0.1198674841082,0.2499902533543,0.2848792721433,0.2828326762459,0.1821761001217,0.3841069869358,0.3663904619639,0.4401271204783,0.5355929642442,0.4684658324952,0.6221154264205,0.6499844980627,0.4591421425825,-0.0742989476802,-0.1234048003139,0.1414953136627,0.5022616672467,0.4059272048753,0.3803454050220,0.6597451942683,0.6255721999768,0.6285384687958,0.1613981998372,0.4306994855277,0.1822140753367,0.3312204717302,-0.2843215253885,-0.1855235776525,0.3658141015522,0.3469078798743,0.3153659605413,-0.2951826007358,-0.1386876881132,-0.2230102598317,0.0714433736729,0.2310638345092,0.0432777674018,0.0506012189616,-0.2495724665708,-0.1614212917462,-0.2007563192761,-0.0976124838850,-0.1245217052500,0.0116385369380,-0.0315137948112,-0.1118929970376,0.1410219975384,0.2264355134977,0.5553629625872
0.0511323627901,0.1087045044867,0.1771008322824,0.1520829050363,0.2883017982841,0.4687584366423,0.0999725802425,0.7780007497153,0.7929191319273,0.4701970889866,0.5654840054308,0.6216819210968,1.0000000000000,0.0505677791889,0.2055285021709,0.1944121547091,0.8087806165533,0.6818550607613,0.5518617283976,0.2657739524641,0.3519579502873,0.3022636317744,0.1987292935056,0.6519976164565,0.1394146038313,-0.1485552164956,0.2977789094419,-0.2933099389910,0.1200783729727,-0.1965356962212,0.3006791095499,0.0234538071986,0.1811443159320,-0.1342608202211,0.0750229230661,0.1884077408688,0.0933026912473,-0.0300372456416,-0.0614821410632,-0.1513189099499,0.1111881436108,0.2434679543977,-0.1322124140429,-0.1104778558222,0.0054645856419,-0.0492059107573,-0.0147351720169,0.0728485760469,-0.0059738650178,0.2113996466496,0.1601057885101,0.1517675621239,0.2027330992542,0.3325941196512,0.4835434133408,0.2158324653968,0.8363607631080,0.7367075132098,0.7733872129871,0.8256558072793,0.4812998835431,0.6415598638249,0.6373413971037,0.8432965819777,0.0862499125503,-0.1439825214314,0.2886707244653,0.7933344872128,0.5471167935069,0.6015618646804,0.6178528388612,0.2932868245227,0.7441901085865,0.2551365053769,0.4206708741453,0.0695907347514,0.2265303362049,-0.3392665105545,-0.0045745831309,0.4548915941446,0.1174874054843,0.2886680965001,-0.1985588483994,-0.1646974311449,-0.0836774318025,0.0369187519277,0.0717016989801,0.1176482809999,-0.0722786503876,0.0158441390460,-0.0288776114651,-0.2071153243947,0.0136372502467,-0.2525890724207,-0.0714258153067,0.0172333345612,-0.0124266809647,0.1514919965148,0.3667374751090,0.4075519657547
0.6371870744832,0.4133057792836,0.2948778808140,0.3208128228837,0.4437254853184,0.1691938860286,0.1419254269544,-0.0001665340996,-0.0036888999058,0.2843202063158,0.1024458326709,0.1883032105353,0.0505677791889,1.0000000000000,0.3288392989594,0.0343704509573,0.1863799729116,0.0423232097459,0.1929999435702,-0.0855270677572,0.2453197655911,0.0870257868175,0.2510689052330,0.1436957119542,-0.0397731344318,0.1375076116340,0.0798572732223,0.2518562734003,0.0366908561555,0.2304295438116,0.0780366414211,0.1516448402520,0.0752041605908,0.0233855472077,-0.1005912307993,0.1253697400521,0.0624416126110,-0.0209562252667,-0.1917965415470,0.1428979645843,0.3605507946700,0.2293923437557,-0.0198762207099,0.0472247444490,-0.0531294526861,0.0738575082700,0.1004584910135,0.0787390802542,0.3685575483896,0.1599070492504,0.5193141772682,0.5495837555908,0.3005802517006,0.1294118645646,0.0977744286140,0.1153730875172,0.0084175573268,-0.0043288904699,0.0184922612660,-0.0241466214531,-0.0028137603191,0.1898371495819,0.1225800864288,-0.0488710991948,0.6041370410006,-0.0533913937299,0.0458366188074,-0.0571068953486,0.2449369282968,0.0347819409534,0.0735358492330,0.2063439656233,0.0296039670305,-0.0664995060665,-0.0085447725425,-0.0557854830267,-0.0440384870194,0.1950545533077,-0.0466401366903,0.0938794989967,0.1405061049016,-0.0576001958970,0.0415278447286,-0.1972613730177,-0.2992020074096,0.0848031929484,0.0373534505856,0.0207828990958,-0.2172336611134,-0.1220986185333,-0.1309937540065,0.0449042200738,-0.1026048529654,0.0823155021896,-0.1441402963659,0.0525304869518,0.3233831043909,0.0906225390510,0.1203540575953,0.1591337381294
0.3972673295239,0.2776726363886,0.4694687351391,0.7533588017936,0.4150424209807,0.3637915769181,0.5473035279095,0.0280288714696,0.1730284838813,0.3448580885640,0.4080568708747,0.3130591841714,0.2055285021709,0.3288392989594,1.0000000000000,0.2574643917498,0.3199154022858,0.2597780854741,0.2481785454125,0.3322519835758,0.1729995176706,0.0932554813725,0.2380603085797,0.3519022346182,0.0960619867982,0.0508637310262,0.3840100014142,-0.0230450213416,-0.1267860143229,-0.0291874364043,0.2251807964246,0.1558541634923,0.1955412700525,0.2675755420324,0.3106468691672,0.2547433897312,0.3657863311728,0.1871579429067,0.5260539192450,0.3975558790525,0.2866833526736,0.4229289236594,0.3909733873293,0.1431944637644,0.0233361259679,0.1194743430960,0.1957473388489,0.5124667757944,0.0047990866490,0.6126554809620,0.4363015217928,0.2875923450873,0.5447351270590,0.4074924154357,0.2669003500826,0.4237326386733,0.0765074528013,0.0091804465542,0.1489466635475,0.1380189149329,0.0096866490943,0.3899277153782,0.1580958249199,0.0811888262841,0.1496751102649,0.4320516967268,0.1734167173125,0.1683386509249,0.1695398789983,0.2774674656219,0.1145532170582,0.1453985252059,0.2619474912919,0.0388631121401,-0.1078611219886,-0.1247889240594,0.3705454446035,0.0361828945346,-0.2944021884025,0.2351103579150,0.0758677068574,0.1752400034406,-0.2166648676372,0.0597877388755,-0.0295200968606,0.1009412785789,0.3945586404208,0.3794048235894,0.1666245072431,0.1321146401875,0.4964654070233,0.2006891987712,0.0485294999075,-0.0415502823839,-0.1357616169262,0.3602934245021,-0.0856095134866,-0.1340699046072,0.1560599455633,0.3605687990606
0.0545492062673,-0.0797519354507,0.2149966402138,0.4179595168835,0.0766309139726,0.1440669357219,0.5222153421323,0.1389135894541,0.2521025997471,-0.0682208892191,0.1838494217886,0.0436298466119,0.1944121547091,0.0343704509573,0.2574643917498,1.0000000000000,0.2642353393859,0.3223233011240,0.4073325821284,0.6494605603606,0.1546482191938,-0.1226183531982,0.0152803225160,0.2377386822014,0.0128752683427,0.1882957980574,0.4739195679803,0.0488426211770,-0.1727123543054,0.1128297221932,0.8037597171135,0.3889000542064,0.4929220174760,0.2691043115023,0.7239216888831,0.5302933631393,0.2145634148475,0.3840724562961,0.2675804647822,0.2375823042257,-0.0335758637525,0.1204997521919,0.5054430931415,-0.0239800581074,0.1868031486806,0.0562399583568,0.1381483581029,0.4612177014634,-0.1433178838215,0.0103258315191,0.0805042711706,-0.1210730773372,0.3499453193560,0.1780363860868,0.1086816972989,0.3095006499666,0.1650922916009,0.1034908049805,0.3153410560609,0.2425533287359,-0.2099813868510,0.1285025331347,-0.1247747788610,0.0469048971257,-0.1463572448607,0.2465318705692,0.7851230712565,0.2424559559592,0.1915164698791,0.6344329978826,-0.0757666718744,-0.1287561479585,0.1929261522529,0.1684545821680,0.1635780105226,-0.0161762492460,0.4300340368681,0.0706848385654,-0.1734004036096,0.5664864468095,0.1351833824089,0.3066170217704,-0.1795032678328,0.5055343654810,0.3629117369670,0.1361629193457,0.1359152435261,0.5121761650683,0.2731159218791,0.3577173025086,0.2274178351144,0.0763037524052,0.0243918171039,-0.0713664174122,-0.1933764665822,0.4101739788381,-0.2161224803260,-0.1641098765507,-0.0383236403399,0.0218575879510
0.2174727255347,0.0261302115567,0.2048157684758,0.3127335500823,0.3911233550611,0.3818731488311,0.2172141514854,0.6548500427274,0.7891032494604,0.5012457548023,0.6375056227046,0.6986056364071,0.8087806165533,0.1863799729116,0.3199154022858,0.2642353393859,1.0000000000000,0.7955131677787,0.6834441384917,0.3321051936316,0.6504874193117,0.3787800400653,0.4359925148634,0.7947549235682,0.2628327860917,-0.0532490116504,0.5114576233903,-0.2222522974853,-0.0007728389442,-0.2261723835378,0.4757665331389,0.2117363516099,0.3240769970205,0.0276828764026,0.1539789810201,0.2791494433029,0.3199907726883,-0.0430631798569,-0.0297887485737,-0.0951832031685,0.0964895778594,0.3213128060613,0.0841523495157,-0.0516364506362,-0.0046086130830,0.0682528610299,0.1019593903380,0.0537699336589,-0.0386250202294,0.4087961700346,0.2953583588701,0.1108201973477,0.2396923451448,0.2456378959324,0.4014049733102,0.3174701065562,0.6397597937705,0.6281867151313,0.7207785651020,0.7655847688235,0.3717308810261,0.6687197978601,0.5104872235759,0.5679580026124,-0.0165334996983,-0.2109534092034,0.3340110497166,0.7415834620971,0.5974121941774,0.6136362385925,0.6257772598024,0.4045145208878,0.7765355451037,0.2906854128483,0.4940995772487,0.1556289114317,0.3519401969698,-0.3192737123863,-0.1602370082014,0.6046920495081,0.1901108337007,0.2133190140702,-0.3353643294976,-0.1445998584604,-0.1958397228570,0.0995804214110,0.2126929867870,0.1657790539237,-0.0475954613893,-0.1135804929828,-0.0815257054255,-0.1852342581137,-0.0382980807218,-0.2045737606547,-0.1221106379621,-0.0692273337788,-0.1391052010152,0.1235501592068,0.3161877487745,0.4874698198394
0.0668942593876,0.0076851918667,0.1273677783689,0.2477186646984,0.2766450810381,0.3628474853412,0.0902623516705,0.6783455804384,0.7755104825164,0.2993275634912,0.6156878537002,0.5421704251885,0.6818550607613,0.0423232097459,0.2597780854741,0.3223233011240,0.7955131677787,1.0000000000000,0.5750542220447,0.4193196112747,0.4551500436407,0.2416771373667,0.2926447021364,0.7214882992913,0.2196871234273,-0.2160638247315,0.4167607200726,-0.2612662876119,0.1457377360648,-0.1613737655249,0.5219335633385,0.0856803876765,0.2385997988085,-0.0274334925814,0.1431564886082,0.1452795056737,0.2461923251091,-0.0713498191711,-0.0157678964016,-0.1016608557855,0.1365176546517,0.3243870421433,-0.0283873388083,-0.1346012631738,0.0271491971484,-0.0456189759972,0.0837397592729,0.1334127005930,0.0275147078816,0.3374119639337,0.1858296394532,0.0394140112434,0.2289781548136,0.1956362444208,0.3878331909875,0.1731768877912,0.5971489181980,0.6724704715568,0.7866412478455,0.7536532636184,0.2774014989200,0.6155598175096,0.3774592182523,0.5200762121267,-0.1175201716725,-0.1751862981415,0.3149911658866,0.7378632181250,0.4095582292868,0.6454459204953,0.4310260607978,0.2280799247420,0.7378396806838,0.2975322235594,0.4160017940362,0.0474615004582,0.2657195846659,-0.3637331742275,0.0363214651985,0.6072458203707,0.0384060379074,0.1904604816016,-0.2263406028453,-0.1818088878111,-0.0635840185146,0.1056032973123,0.0957749564578,0.0745534219127,-0.1035145568450,-0.1361940302160,-0.0328221561164,-0.2186464267243,-0.0816148877770,-0.3385419768844,-0.2031827240762,0.0417517194557,-0.0213432893218,0.1571426492454,0.3556663544490,0.4398767979227
0.1620989163358,-0.0364833361040,0.2323414463730,0.3769208679456,0.3341267291031,0.3239097272614,0.2498017073403,0.5923346636597,0.7198650089452,0.3590254890799,0.3946124798659,0.4947931367294,0.5518617283976,0.1929999435702,0.2481785454125,0.4073325821284,0.6834441384917,0.5750542220447,1.0000000000000,0.4003844899330,0.5248298127512,0.2388430397660,0.3657490884032,0.5952166584197,0.2174605861749,0.0686406975264,0.3939152675015,-0.1192668545233,-0.0921417403145,-0.1216923892099,0.4633163455981,0.2468886954966,0.2816171512860,0.1256408279888,0.1190130262886,0.5542643210751,0.1061906860531,0.0423422952414,-0.1391120650297,-0.0547805447618,0.0880183715255,0.3376505148796,0.1179872090911,0.0064241734283,-0.0125329125282,0.1894650885273,0.1074120560188,-0.0371886586330,-0.1652809885744,0.3024119745756,0.1932927750722,0.1723522367336,0.3275861856427,0.2722313098760,0.3227589850853,0.4125539767365,0.4132050311105,0.5606157524038,0.6569033568685,0.6999217845494,0.2042442397217,0.4068933821851,0.2632898564451,0.3365186281676,0.0743851717471,-0.1110934196561,0.5559784187294,0.4838843304469,0.7724430764222,0.6430685192963,0.3939169098313,0.2748885689104,0.5958106193083,0.2523689087566,0.4530450253662,0.0676295890624,0.2809200685694,-0.2270889941066,-0.1725727838811,0.5374107125204,0.2498155355764,0.1648135608874,-0.2372793537035,-0.0173277454392,-0.1947542352711,0.1988407828598,-0.0033777189685,0.1336059007491,-0.0418002088478,-0.0635497394479,-0.1759624848430,-0.1030754314356,0.0277520367605,-0.1312695271628,-0.0716815262781,-0.1333035725692,-0.1661509068296,0.1041856685297,0.2134568336688,0.3197463257246
-0.0293272349679,-0.0153039378050,0.1772470270172,0.2062143028759,0.0191747323234,0.1375042630291,0.2740309886371,0.3663942228751,0.4230953168362,0.0346271642576,0.3044732258413,0.1524420366398,0.2657739524641,-0.0855270677572,0.3322519835758,0.6494605603606,0.3321051936316,0.4193196112747,0.4003844899330,1.0000000000000,0.1429589418811,0.0839754775120,0.2027908784623,0.3150059007274,0.4846154346947,0.2974986231707,0.6316806105974,0.0908779695773,0.0324820711710,0.2783811571932,0.5789904876736,0.4630122652425,0.4404860183029,0.4651000169375,0.5798800252093,0.3009268977104,0.2985459198760,0.5619829655980,0.3091848293155,0.2869156045090,0.1632654342238,0.3071284245403,0.5480014370578,0.3014480087356,0.5199335638781,0.2977545518044,0.4346821644006,0.3087164315046,-0.0138647474904,0.3291615721094,-0.0268801489711,-0.1267140153804,0.1003830204297,0.1470687705644,0.0761444095919,0.0211149456837,0.2073540663545,0.2704709829200,0.3234950362099,0.3711071805596,-0.1111267104490,0.1722986951349,-0.0498913112525,0.0458319662272,-0.3279772157750,0.1146797956849,0.3869949614943,0.2192487709344,0.1005206802077,0.6598694166703,-0.1478438758303,0.0270875429675,0.2594577649092,0.5175828509282,0.0232100735402,-0.0641846175617,0.5572496384671,0.0193143707664,-0.0178904703208,0.3217632310829,-0.0378522261124,0.2104647118673,-0.0077561825450,0.2528496839554,0.4120581852692,0.2325515695922,0.1081139152467,0.2672170758263,0.3011778350739,0.3591832619009,0.1778769559967,0.1037102403416,0.3181147761784,0.0494165052425,-0.1093514240339,0.1909647843403,-0.1192427879899,-0.0181225652981,0.0722894581389,0.0512702595187
0.2873800887660,-0.0205587761283,0.2036555125691,0.3249807616622,0.3171549719616,0.1324471901792,0.2963852475645,0.1996301758525,0.4393998934457,0.3901258949652,0.3892138860813,0.6351769783521,0.3519579502873,0.2453197655911,0.1729995176706,0.1546482191938,0.6504874193117,0.4551500436407,0.5248298127512,0.1429589418811,1.0000000000000,0.3684313906073,0.5848120873253,0.6190507652423,0.1058221233455,0.1816880671068,0.4593749030380,-0.0581090023488,-0.0734184376061,-0.1968117432934,0.3957592998852,0.4477371108138,0.4468415380211,0.0307910840486,0.1410164522292,0.3166035652331,0.4596258854607,-0.1650453974677,-0.0825686593674,-0.2252892414841,-0.1465007053957,0.1291975101123,0.2025868224876,-0.0946918328937,-0.1091150271421,0.1257287785825,0.1090656710274,0.0054184841150,-0.0695570664355,0.4222540601695,0.2805450002166,0.0715827931597,0.1727345242852,0.1586713685249,0.0800813441757,0.2451652566905,0.1707965931083,0.1364895346139,0.3353304925602,0.3281219891557,0.1063675279354,0.2910555081913,0.1687228557495,0.0826835003172,-0.1069069099692,-0.2369734237800,0.2569181610298,0.2462987467309,0.3877427084025,0.3616651433173,0.5181569060086,0.4436711885015,0.5306109954869,0.0754828520358,0.5655206860862,0.3531091618476,0.3095809106249,-0.2392013863078,-0.2071907424041,0.4618310018958,0.3529098803084,0.1268568510001,-0.3806355944897,-0.0135715237659,-0.2087608374221,0.0575610882661,0.3092553340230,0.2183779273254,0.1262674089568,-0.2176407566655,-0.1762109068816,-0.2376921595335,-0.1688478441486,-0.0790316845265,-0.1289973888971,-0.0846382410022,-0.2186104161310,0.0421353231355,-0.0392305701863,0.4297272279901
0.0997938641950,0.2114975907296,0.2143983966475,0.0998088866307,0.2589912784619,0.3024709357765,0.0156701580302,0.2615028339960,0.2940923273985,0.5920382951428,0.4275105217190,0.5373252670295,0.3022636317744,0.0870257868175,0.0932554813725,-0.1226183531982,0.3787800400653,0.2416771373667,0.2388430397660,0.0839754775120,0.3684313906073,1.0000000000000,0.4873391217408,0.3784469180961,0.3466427206114,0.0287523186731,0.3217199280486,-0.0519014053900,0.2648681168143,0.0539365724344,0.0366273007438,0.2581519138883,0.2750865183954,0.1297889983726,-0.1667358647024,0.0092911932913,0.3029511483418,-0.0268701786469,-0.1767125953487,-0.0618626370347,0.3193653092680,0.3705466222525,-0.0595353581549,0.1294285550185,0.1612753086619,0.3703604977186,0.3818281262669,-0.0469559796452,0.2912058319198,0.4029175460701,0.0680742359556,-0.0422444665065,-0.0079802535284,0.2241564410778,0.3006806502587,0.0322948226227,0.2307225594267,0.2429813185347,0.1865525587080,0.2595590335464,0.6042930488523,0.3262469142095,0.4565060296337,0.2018941484562,-0.1326897422061,-0.2474250467387,-0.0744117996195,0.2122929523377,0.2002541089351,0.1214321076179,0.3585454360554,0.7341730734314,0.3173596854728,0.2845120615361,0.2738107578888,-0.0070134564588,0.1959446270361,-0.2008479522025,0.0476161997701,0.0823683042278,0.1921803888518,0.2046286975560,-0.0148011289822,-0.1958457154555,-0.1259198183331,0.1183619441187,0.1504017801599,-0.1142567258030,-0.0709415315956,-0.1915366078919,-0.2114503153283,-0.0458181394118,0.0378946382290,0.1686038428795,0.2089114100614,-0.1365882807616,0.1407190891805,0.5012622760129,0.2994217553553,0.3487205063608
0.3886865327286,-0.0660920333405,0.2469442383327,0.2905577587285,0.3252248444523,0.1205981437538,0.1983634608203,0.1284863054440,0.3323221106156,0.4411951305763,0.4924593497983,0.6814383203751,0.1987292935056,0.2510689052330,0.2380603085797,0.0152803225160,0.4359925148634,0.2926447021364,0.3657490884032,0.2027908784623,0.5848120873253,0.4873391217408,1.0000000000000,0.4872911076240,0.2704156109150,0.2437172830509,0.5364369875167,0.1058569444717,0.0317888609576,-0.0488250406890,0.1172521500733,0.5050891165954,0.4607947224879,0.1999142782066,0.0479722323465,0.2056649786580,0.4420093995602,-0.0495761121557,-0.0796085516949,0.1379698823832,0.1214594287010,0.3427924763962,0.1349018558951,0.0933461549933,0.0384417217087,0.5193451941377,0.3668107400699,0.0788751259438,0.0983250992202,0.5222041920350,0.2460108050743,0.0862372200723,0.1537944079938,0.1534822867626,0.0223363753620,0.1263956018983,0.0821422270401,0.1117489834552,0.1856039351490,0.2461397741095,0.1779033138381,0.3484729730104,0.2703444543246,0.0039401816230,-0.1456115775705,-0.1904895221997,0.0236963799072,0.1761526698903,0.2124115831400,0.2585537927410,0.2821671326318,0.6713279281060,0.3333562838427,0.2523177732787,0.2918984136271,0.2159805188381,0.3714635465517,-0.0559739189713,-0.1263190217137,0.2211874106434,0.2935413523791,0.1742509064974,-0.1722800912644,-0.1609005244646,-0.2352921712720,0.1062963179216,0.2724259600563,0.0506320182625,0.1290754725874,-0.2209372988488,-0.1874059275046,0.0173543007757,-0.0321954626072,0.1552532741053,0.0184729996932,-0.0921358001336,-0.0517321855732,0.1134824094622,0.1596026071372,0.4215819022537
0.1941362534327,-0.0132693739552,0.3053922124801,0.3868732792711,0.3879919769751,0.4587403083518,0.3327862668477,0.5574749207279,0.7264722459261,0.5412800265743,0.7120933521344,0.6319625002058,0.6519976164565,0.1436957119542,0.3519022346182,0.2377386822014,0.7947549235682,0.7214882992913,0.5952166584197,0.3150059007274,0.6190507652423,0.3784469180961,0.4872911076240,1.0000000000000,0.2645697134844,-0.0170206625327,0.5434682323281,-0.1739798352151,0.0111059711417,-0.2190285475481,0.3890787514546,0.1729038839260,0.2307884521078,0.0137223472308,0.1893315965873,0.3660783463299,0.4710393977194,-0.0660999876866,0.0842523342923,-0.0212536502387,0.1073705988090,0.3569395031069,0.0950499253149,-0.0503975617434,-0.0347809526048,0.1071575632469,0.0493111914754,0.1843597974844,-0.0053460694071,0.4706672984049,0.3105117686977,0.1126744964510,0.2539694851904,0.3517347006451,0.4303266833244,0.3872579924537,0.5669780328734,0.5163247436742,0.6171152760317,0.6880981339682,0.3792467445226,0.6786742356702,0.4097294448484,0.4534746669455,-0.0724174169770,-0.1372057611938,0.3024206241497,0.5716707743597,0.5267778970691,0.5906299886696,0.5124945237834,0.4365671473092,0.8510268356139,0.2946932281952,0.4395553640166,0.1597852566680,0.3752131495885,-0.3307880892692,-0.1564584198620,0.5224030784762,0.1338112290170,0.1463193068069,-0.3240392879605,-0.1328594858342,-0.1976684172076,0.0990632768492,0.3539362211707,0.3067910294028,0.0467584970261,-0.0517043076163,0.0178869706999,-0.0980147150020,-0.0727280282843,-0.1521611219671,-0.1614290636154,0.0815746599333,-0.1369634838415,0.1522808209551,0.3268393415761,0.5299587481574
