1.0000000000000,0.6026231186070,0.3584509941065,0.2307338973452,0.4768931323511,0.3932767564211,0.1815837990250,0.2002919482182,0.0489237036728,0.3239516613542,0.1662081748099,0.2132834435962,0.1426766201496,0.7690447114441,0.3792511157718,0.2563149342711,0.1769156769973,0.2282591198486,0.1008927137253,0.0741409715997,-0.0167733625368,0.2604916327005,0.0328441342506,0.2129757277174,-0.0827722624750,-0.0212891273876,0.1234576423634,0.4096617384338,-0.1753637196511,0.4709523134886,0.2351553746745,-0.1057892166998,0.0335363389423,0.1912277718819,0.1588535951903,-0.1418321268221,0.1800846408238,0.0531619333589,0.0338800502346,0.3238444445070,-0.0368909121431,0.3230800389629,-0.0231172234104,-0.1581170007259,0.0445598704152,0.2632158783123,0.0015436326224,0.2613355106222,0.2825636477598,0.2838419690201,0.6093959742151,0.1039813148997,-0.0897073572980,0.2977042768287,0.1743995491263,-0.0664268228318,-0.1652411135268,-0.1255777215263,0.1495179830369,0.0760121541014,-0.1801037566904,0.0898687379350,-0.0986827433512,-0.2453703998955,0.2675540605564,-0.3437350762491,-0.1056688690724,-0.1641084872865,-0.0044097978247,-0.2116331284179,-0.3538115070588,-0.0726620316932,0.0736732728168,0.0516266995915,-0.2613503801832,-0.2609284573838,-0.2688735552341,0.0682623527333,-0.1640287003474,-0.0173763322411,-0.2441154579581,-0.3764988767247,-0.1351649686678,-0.2561488572246,-0.2937495427550,-0.1958492649576,0.1229388085977,0.0417914436134,-0.4078278019081,-0.1740965461551,0.0223163828991,0.0801955853214,-0.1783107471990,-0.0656991860125,-0.2824800975971,0.1108362796255,0.0041553761753,-0.2225336289226,0.1006350404953,-0.3152914793375
0.6026231186070,1.0000000000000,0.3074281085426,0.2443018350255,0.1169071942728,0.1845904335467,0.0861195168650,0.0580329474265,-0.0698762167551,0.1995881168359,0.0272223888788,0.0336291248825,0.0040744941730,0.5792422676046,0.4280590647159,0.0932836488112,-0.0652357889432,0.0804744348980,0.0107887980829,-0.0104814290756,-0.2096672575335,0.1671314931672,-0.0369368257194,0.0027381124952,-0.0566676369135,0.1009531699133,-0.0083520632184,0.2340865648438,0.2247718855313,0.5101566580000,-0.0100141545905,-0.0753056978191,-0.1747880471003,0.1879783246176,-0.0225962684549,-0.1553778529267,0.0452672553246,0.1479267707714,-0.0235971832195,0.2917378373545,0.2478004414143,0.2290421785849,-0.0197805077903,0.1843441970422,-0.0119091349904,0.1655306367115,0.1103204460787,0.0899689153104,0.2767508861700,0.1424652215923,0.2527889132424,0.4181320039810,0.0602924933281,0.2928350744211,0.0544854676628,0.0280487624709,-0.0997806121494,-0.0023666905080,0.0696625009394,0.0122808327617,-0.1688291670737,-0.0030896494494,-0.1982195011433,-0.2348902591310,0.1614026467641,-0.2012809028868,-0.0790752319207,-0.2445908036165,-0.0231120861735,-0.2165258475515,-0.3040937573282,-0.0389541384616,-0.0581828611921,-0.1467484708164,-0.2445763614281,0.0083022549878,-0.3036089822203,0.2532314783493,0.1411715545315,-0.2171604271549,-0.2149705232194,-0.2934776091392,0.0044965406382,-0.1249122611957,-0.0768233196390,0.0293611146202,-0.0147933817688,-0.0033119344443,-0.2491509228542,0.0094284034535,0.0385621564584,0.1409573483487,0.1124831895411,0.1320136870960,-0.3279385095464,0.0271560513907,0.0984890829635,-0.1599419202242,-0.0964425546056,-0.3126936080696
0.3584509941065,0.3074281085426,1.0000000000000,0.6235153760234,0.4343329758787,0.6228298255971,0.5867635519287,0.1204793724868,0.1553457368629,0.4059735407478,0.3328983093338,0.3761752934558,0.0777259342675,0.3431441429398,0.5233560291394,0.3750570845686,0.2510335007697,0.1320684698724,0.2260353480066,0.1860863026926,0.0929703185739,0.2713548521407,0.3335939568177,0.3244083358863,-0.1446230980942,0.0241351855298,0.2722863727678,0.2134715976312,-0.1668976684932,0.1864859171120,0.2297781369806,0.0081097254368,0.2361235775359,0.1844047070353,0.3217645632947,0.2112254003245,0.2966186726576,0.1193223004026,0.1579745912919,0.4163662859327,-0.0421983029655,0.2221726451361,0.2162780001197,-0.2866574581690,-0.0387287220044,0.2317507751488,-0.0383663153542,0.3393736903761,0.3010336394542,0.3324092692738,0.3385101711637,0.2340406779286,0.1944592950789,0.6197510788481,0.4443143478282,0.2528034283768,-0.0982929721784,-0.0920254867316,0.2362318789337,0.2326953647662,-0.0943610579307,0.1893303594360,-0.1263733367092,-0.2708751864122,0.2287003993043,-0.0823367801569,0.1097987210473,-0.0465936344999,0.2331044235017,0.0052865611936,-0.1351452643307,0.0324413022195,0.2112373999187,0.0237771062959,-0.1058725184301,-0.3383088368562,-0.0551940283732,-0.0743505203369,-0.1756125708463,0.0907504610082,-0.2580575694114,-0.2924608014217,-0.2825961446618,-0.0191168012881,-0.2895947386896,-0.1896655149387,0.2193700544909,0.1518622567565,-0.1643705480205,-0.1131349574474,0.1108613048537,0.0503046392643,-0.2782361496205,-0.1660739310937,-0.4769974628674,0.3037463766797,0.0348365336239,-0.0765311055194,0.0113612501731,-0.1111667264785
0.2307338973452,0.2443018350255,0.6235153760234,1.0000000000000,0.5140194383710,0.6511209832544,0.8364806832289,0.3000173576039,0.2532434114041,0.4352821031110,0.4600862179355,0.5405708402555,0.2210824318359,0.3143993946438,0.6841568988100,0.5961817693879,0.4936415278560,0.1382118578628,0.3572989389078,0.3788371051099,0.3747158647389,0.2254907411960,0.3880877655369,0.4539892693548,-0.1820317485929,0.1801420844268,0.4545851389992,0.2380567047184,-0.1037054378876,0.1492871426478,0.3371893049169,0.1129970130863,0.4853211635500,0.2258574654442,0.4779957956867,0.2691429604090,0.3888660397830,0.1175806860844,0.1069582527728,0.3883684664385,0.1038981792041,0.2759206736847,0.4049515499284,-0.2828285439305,0.0616808883949,0.2164710897570,0.0295139248489,0.3619867681680,0.3352953357952,0.3984424876833,0.3569005928198,0.1604044527931,0.4179810782070,0.7562412686338,0.5847511370552,0.5394230714839,0.0031418258434,-0.0817755950395,0.1263070153081,0.3608296782882,-0.2218203254806,0.2569338614565,-0.1348642410844,-0.2928826584293,0.0639112978647,-0.1086814263869,0.2661064304953,-0.1125782061588,0.4071850273398,0.1566230812954,-0.1304162027013,0.1204830923880,0.2745159820512,0.1459208426248,0.0475980203054,-0.1679735386306,0.1509888259384,-0.0404604559559,-0.1342275377870,0.1634678490506,-0.0542911055609,-0.1806228651929,-0.3597856208220,-0.0659864252801,-0.2506747016891,-0.0507231529818,0.1790281634471,0.2180529673734,-0.1620383673065,-0.0996224665281,0.0446018327847,0.2018282690744,-0.2216017299335,-0.0821610241010,-0.3681887144226,0.2358482201757,-0.0786356603782,0.1159557895732,-0.0483211634817,-0.1717012884316
0.4768931323511,0.1169071942728,0.4343329758787,0.5140194383710,1.0000000000000,0.7027743886374,0.5394909946168,0.1774734853842,0.1954703801340,0.1446088671296,0.4799781478830,0.3847135559930,0.1206384020607,0.3068699239126,0.2981694537443,0.4708470591198,0.4534517351425,0.2609012646547,0.1821868454782,0.1782446593126,0.2326794320660,0.2194945501638,0.3192871666669,0.4025313430457,-0.1630739936054,-0.0224514859781,0.3746645212053,0.3673158177956,-0.1319106730294,0.1884051645339,0.3708475886764,-0.0827430678934,0.2700393486294,0.1292524552699,0.4777952788813,0.1124421711800,0.3677652748286,-0.0199239898415,0.2116881257807,0.3177875562362,-0.0905841590642,0.2603331753376,0.1746379523920,-0.3457084498843,-0.0652703892446,0.1887043073777,-0.1497796755705,0.5660821796045,0.4489038696103,0.2373031191952,0.7239063242439,-0.3427495322120,0.0137570257866,0.4508833837824,0.6618929336295,0.1255928541034,-0.1972541590550,-0.2777695898393,0.1023926643631,0.1309618425653,-0.2897080519350,0.2293470850196,-0.1610859783882,-0.3412137520555,0.0561297894535,-0.2509676617254,-0.0075634827811,-0.1018564996314,0.1560661456989,-0.0521293964653,-0.2271492603339,-0.1249001312875,0.2541458505921,0.0839779090743,-0.1714965018415,-0.4617179329471,-0.0338931285817,-0.2133942536038,-0.2753858126921,0.2272258046206,-0.3723995510048,-0.3962431780009,-0.2993616676177,-0.1687108921905,-0.5190367539121,-0.4872528477434,0.2677530544240,0.1855624402935,-0.2152726355359,-0.3544939598059,0.0859866157585,0.0380800695844,-0.4470569001919,-0.3585859616604,-0.3858294839787,0.2571376271733,0.2291499289061,0.1498081367709,0.1859049416547,-0.2191541533076
0.3932767564211,0.1845904335467,0.6228298255971,0.6511209832544,0.7027743886374,1.0000000000000,0.6477606415224,0.2759812421969,0.1928681624198,0.4660101987567,0.4399562266123,0.4090650846657,0.1490035563911,0.3769628826210,0.5374824888628,0.5053749127174,0.4812314449999,0.3080155060292,0.2713387384607,0.2652450061235,0.1765370803456,0.4999367173119,0.3407851510498,0.4863115596297,-0.1880848966033,0.0285133078395,0.4128645487103,0.3643990055361,-0.1862967683621,0.1681885299715,0.4018556802749,-0.0287705048566,0.3670261281627,0.2122273194904,0.4498160109868,0.2367891431744,0.4252707396856,0.0879145710436,0.2190012657022,0.3885703138239,0.1607337451086,0.2430167967975,0.2535829203340,-0.3589025271752,0.0193862752483,0.4711492616689,-0.0245474763199,0.5931874817586,0.4240642608168,0.3302046069121,0.4882032757552,-0.0803572337370,0.1651610062470,0.7213044010862,0.7338170018700,0.2570459217019,-0.0120664010182,-0.1104698568727,0.1409921740632,0.2261424847748,-0.0210284156627,0.1754788012049,-0.1168284698490,-0.2893298607388,0.0574227303319,-0.2598502163759,0.1071207791657,-0.0032596002572,0.2583269341761,0.0782202390377,-0.2220151780350,0.0722169325659,0.2834365892335,0.1609710884406,-0.0754422032598,-0.3786128473584,0.0916240824564,-0.0533581583713,-0.3395749007124,0.2432104193172,-0.2213427817061,-0.2826099017725,-0.4112759253042,-0.1189971742082,-0.3916206248242,-0.2439389440707,0.3019195237317,0.2110782920499,-0.2501557990828,-0.1578419210003,0.1854594474470,0.1854891757004,-0.3222517268020,-0.0749663432206,-0.3278323823778,0.3812277091365,0.1661948477905,0.0406217262669,0.1057604121317,-0.2682953134292
0.1815837990250,0.0861195168650,0.5867635519287,0.8364806832289,0.5394909946168,0.6477606415224,1.0000000000000,0.1959931820488,0.2087417668211,0.2901917128754,0.4519727502519,0.4873352530431,0.1692068645598,0.1315997913947,0.5366427340245,0.5953663458021,0.4632733813372,0.1588586247025,0.2814148987031,0.2828363040343,0.3390659559894,0.1237229267188,0.3720284581304,0.4168005109223,-0.1941084860169,0.2329837907764,0.3468091083617,0.1392994118864,-0.1175393410007,0.0125653211932,0.3606194677525,0.1463010690344,0.3818719522367,0.2085030361188,0.5864301609007,0.4372822908675,0.4608666211105,0.1514580126798,0.3404547996993,0.3970264955551,-0.0395945849655,0.1391982159114,0.4104243856457,-0.2555984586568,0.0161632010217,0.0875411169558,-0.1090413211040,0.4676922257573,0.2632115233898,0.2767814117760,0.2916140301481,0.0953201157692,0.4357969254920,0.6900785850481,0.6780653501403,0.6213005229694,0.0909498911149,-0.0764661056790,0.1333674308501,0.2472272336410,-0.1823262852463,0.2676895580509,-0.0983468973037,-0.2208488720272,0.0000786576774,0.0133397433597,0.3558158586104,0.0242028871974,0.3268147046381,0.1050500342268,-0.0377093725933,0.0691498423597,0.2557834026239,0.0320186212584,0.1296959037804,-0.1074398041543,0.1070255190908,-0.0848582818730,-0.1329904532610,0.2747094564525,-0.0245903841317,-0.1338573060627,-0.3809152246368,0.1002700870797,-0.2303778971323,-0.0754657474409,0.2502021447635,0.3463459419348,0.0416267244127,-0.0228128921319,0.2411313983937,0.1811630194524,-0.2037526023972,-0.2305134903227,-0.3974894038517,0.3997654038557,-0.0485649929291,0.0109897754711,-0.1006691847119,-0.0890297060129
0.2002919482182,0.0580329474265,0.1204793724868,0.3000173576039,0.1774734853842,0.2759812421969,0.1959931820488,1.0000000000000,0.6714871101882,0.4691449909308,0.3872598234023,0.4199872683829,0.2585116074055,0.3196085702332,0.2727940742041,0.5066956703449,0.4541193735851,0.5293887920441,0.6781663210658,0.6917423433151,0.5252095866669,0.3683631685685,0.2518096030623,0.6501899448669,-0.2404921950772,0.3329891213475,0.4860725309179,0.4135060998220,0.0550306309256,0.3393752824767,0.4822563301075,0.0912797480340,0.3509324962726,0.2407487972746,0.3691717549922,-0.0448894996447,0.4895560301349,0.2926424848586,-0.0006200420320,0.3331019054696,0.1847661513464,0.3405915598562,0.2793391031086,-0.1939598292094,0.4239139125062,0.3169224824821,0.0245161938448,0.1694130845036,0.1619185768473,0.3102870417136,0.1455040890796,-0.0934436151520,-0.1566321837926,0.3676721703671,0.1250379018097,-0.0181812457797,0.2281371210316,0.2027685407522,0.5204121118893,0.6057484641691,-0.2251579552464,0.2903175782275,-0.0406216367746,-0.1948364425323,-0.0981728375814,-0.4775672690514,0.1384176452088,0.0540796939810,0.4429518585073,0.3925874382895,-0.1574371002836,0.2059999221844,0.5283636208761,0.2952564184281,0.1657182727548,-0.0280144350870,0.1886676813410,0.2152421079959,-0.0232277869102,0.2697093289275,-0.0045592940817,-0.1511445341534,-0.2272189218117,-0.2141357507923,0.0018404757220,-0.0209126455759,0.4247338740346,0.0853747647664,-0.3221149136761,0.0677579752689,-0.0312439847955,0.1975890831215,-0.0510756060657,0.0170307454653,-0.2740461278596,0.0966196134468,-0.1573457924158,0.0083728363245,0.0473479459104,-0.4003376416085
0.0489237036728,-0.0698762167551,0.1553457368629,0.2532434114041,0.1954703801340,0.1928681624198,0.2087417668211,0.6714871101882,1.0000000000000,0.2662765662220,0.3059242301747,0.3767048546784,0.1544005161100,0.0929745754330,0.0443895825655,0.4821677119797,0.2850681215381,0.4520561834574,0.7212006692834,0.7337398411345,0.4152645064149,0.1119432049121,0.2974158888935,0.6551250988593,-0.0489577290739,0.1819712861481,0.3292864640279,0.1642985608838,-0.0482357853646,0.0159396384516,0.2832808561404,-0.0311367510556,0.1755644718648,0.0082977445920,0.3021906627046,0.0497338980570,0.3926237250223,0.0364237917548,-0.1284308188487,0.1624561551528,-0.1405591164897,0.1572441809382,0.0433461004220,-0.1778166118633,0.1130076444735,0.0784501731112,-0.1293530721181,0.0116553634342,-0.1466560268275,0.1184327054029,0.0872286549456,-0.1753764551611,-0.0360930997213,0.2578211150183,0.1184711922035,0.0552089301814,0.2987258820793,0.2609010901167,0.7095475316614,0.7169203079528,-0.1228683184840,0.2247054267674,0.0379075878668,-0.0705223961757,0.0050395612875,-0.1899127121711,0.2662012365385,0.2229290979145,0.6470496503095,0.6049984668832,0.1628330686594,0.1064782315060,0.7510615205304,0.3762182648026,0.2946258305225,-0.0426718815373,0.2819513019617,-0.0349180251592,-0.0103934389479,0.4265647418460,-0.0624793600701,-0.0249064463005,-0.1761051014988,-0.1257457491973,0.0236823342629,-0.1449414301145,0.4340618221314,0.0182838058166,-0.0472569983007,0.0231697981135,-0.1374120134408,-0.0197166357944,-0.1322358264240,-0.2066942735224,-0.1753708330715,-0.0544368093095,-0.1977771874134,-0.1004060945506,0.0510457831272,-0.0050841666447
0.3239516613542,0.1995881168359,0.4059735407478,0.4352821031110,0.1446088671296,0.4660101987567,0.2901917128754,0.4691449909308,0.2662765662220,1.0000000000000,0.3664863629218,0.4785432082550,0.1661068568348,0.5181143868219,0.5691153522824,0.2470174029454,0.4053012287280,0.1665448890618,0.3250879708270,0.3966932403310,0.3636216795878,0.6749003759225,0.2242611512001,0.4623587375766,-0.0803454495641,0.1229032751536,0.3942030497353,0.4799026541536,-0.1978560485531,0.2718989308058,0.2903464105274,0.0292095366942,0.4450123626683,0.3032184281747,0.2286805365120,-0.0806983672290,0.3970750338165,0.1686233832397,-0.0402845944957,0.4313179900986,0.2124258256464,0.3039922094387,0.2143837976042,-0.2129421022222,0.1987005011791,0.4905309981005,0.1685629760572,0.2028508122924,0.2707103427454,0.5564436613490,0.2695807650518,0.0616451413142,-0.1143629444968,0.5126280238593,0.2347836772730,-0.0675371083361,-0.0845384907769,-0.0968271164829,0.1657990035448,0.3783608248082,0.0714626947414,0.2456375781107,-0.0214038162530,-0.3396799441336,0.1100656597660,-0.4080078944818,-0.0906337023483,-0.2106578491707,0.2682637189073,0.0786127068303,-0.2744309333231,0.2209411996297,0.2835263683475,0.3621127059176,-0.1106837710594,-0.2428609060068,0.1388370090664,0.0505980959692,-0.3275360808882,-0.0383320392484,-0.0882733143841,-0.2283246603057,-0.3822099963211,-0.3566882543702,-0.2623083877631,-0.0723512448657,0.2740481739827,-0.0022747522701,-0.4024374342287,-0.0869590811601,-0.0432574039850,0.2275885393530,-0.1355406386466,0.0315953523445,-0.1556912207734,0.1592357520973,-0.1557395308206,-0.0765620477498,0.1548667808456,-0.2852950132524
0.1662081748099,0.0272223888788,0.3328983093338,0.4600862179355,0.4799781478830,0.4399562266123,0.4519727502519,0.3872598234023,0.3059242301747,0.3664863629218,1.0000000000000,0.7432721497635,0.2484015957244,0.2257129954403,0.4243650745381,0.5053003278652,0.5718947076244,0.5065180244216,0.2855994950293,0.2851781194080,0.3983023436436,0.2972448229146,0.4943013820864,0.4955056466207,-0.1960804277596,0.0204592213690,0.4478728121674,0.3642925862953,0.0508955060448,0.2386232588317,0.4795004646926,0.0246355131634,0.4659504503875,0.1839069372934,0.5416203275682,0.0071231274646,0.4321507155098,0.0186858975771,0.2624305996946,0.3990101811915,0.0003498313664,0.3767690369137,0.3235564260329,-0.3146043140115,0.0758273171269,0.1671719149418,-0.0387650587942,0.4796562312612,0.3594024729616,0.4336166226650,0.2955432884651,-0.2935502990273,-0.2054017385075,0.3656287645757,0.4192886300307,-0.0984850313331,-0.2383475163533,-0.3071066255716,0.2263388246138,0.1585333551882,-0.4392527624626,0.4499855038698,-0.2290746030550,-0.3915239258124,-0.1909877306080,-0.4248173142314,-0.1837400969719,-0.1014205890260,0.1753252176306,-0.0767490854380,-0.2269883576580,-0.1589279549271,0.3653656740351,0.0227526963786,-0.1562242599866,-0.4273512820454,0.1303173233259,-0.1825917154309,-0.1457722697889,0.1553720834177,-0.2988127712231,-0.4278636469152,-0.3716415976460,-0.1975194374423,-0.4252199922733,-0.4587937576242,0.3774363942871,0.0505792226696,-0.2225353781549,-0.2398585653274,0.1495010635109,0.1622516174308,-0.3914668770918,-0.3988290075613,-0.3885031723593,0.2961768564066,0.0691225052903,-0.0715327562801,-0.1454968765624,-0.3199399905791
0.2132834435962,0.0336291248825,0.3761752934558,0.5405708402555,0.3847135559930,0.4090650846657,0.4873352530431,0.4199872683829,0.3767048546784,0.4785432082550,0.7432721497635,1.0000000000000,0.4693274006805,0.2520489392276,0.4588254794274,0.4811729996558,0.5913778217290,0.4013984769330,0.4551984078043,0.3655036551887,0.4193342957470,0.3353831025151,0.6798695518076,0.4762524138109,-0.1836167429099,0.1225670283422,0.3445563823152,0.1890000391619,-0.0842287711388,0.1220723099906,0.3444890897296,0.1064083071329,0.5175531142074,0.0514531618083,0.4490329763100,0.0332479966054,0.3538477959627,-0.0453333297123,0.0309744037701,0.2689309079690,-0.0996485947158,0.2350946631765,0.1457211542682,-0.3573104972578,-0.0359908839600,0.1326230127029,-0.0093289070746,0.2694602305480,0.1829213111839,0.4222972423635,0.2680485842462,-0.1089578557083,0.0101796835119,0.5299815394996,0.3241841126489,0.0844498950593,-0.0195017101354,-0.0634245898650,0.3239068436167,0.3662471107650,-0.2300674093414,0.5113547661220,0.1400540260868,-0.1284672217954,-0.0093471896933,-0.3213316217391,-0.0254022792554,0.0530481379584,0.3326438528927,0.1174448659677,-0.0295538782581,0.1419140267099,0.3892629086561,0.1784923673950,-0.0419614476058,-0.1989444592988,0.1018580892920,-0.1896077132011,-0.0821394716526,0.1835044776676,-0.0341457600300,-0.1336723723259,-0.3953209180060,-0.3059682864737,-0.3098485447294,-0.2530001459168,0.2783349560807,0.0315969569379,-0.3114646501987,-0.1850077245594,-0.0550018093254,0.0982661131863,-0.3157687569814,-0.2635872822614,-0.1969254917732,0.1317227268064,-0.1204818691415,-0.0419207021479,-0.0570191489930,-0.1293097474882
0.1426766201496,0.0040744941730,0.0777259342675,0.2210824318359,0.1206384020607,0.1490035563911,0.1692068645598,0.2585116074055,0.1544005161100,0.1661068568348,0.2484015957244,0.4693274006805,1.0000000000000,0.0398700522908,0.1530707370820,0.2013361122569,0.4459342819122,0.2460880946956,0.2379254470642,0.1333709892031,0.2469469474149,0.1223676952685,0.1933409348160,0.2038618439436,0.0232334263387,0.1741141367131,0.2621509463681,-0.0021232859764,-0.0386795891313,0.0657603395464,0.1661542969223,0.1879178804725,0.3669998423762,-0.0143805245462,0.0499546604522,-0.1185909847815,0.0751053345034,0.0477980353726,-0.1034076675565,-0.0029176331540,0.0564260385260,0.1816121092838,-0.0033097316893,-0.0412581524906,0.1802478488803,0.1232018161340,0.2450608920186,-0.1004485285189,0.0067475394509,0.1166288495420,0.0666740789977,0.1098004733144,0.1631228389518,0.2778372835808,0.0649184665094,0.2251563866901,0.2758257014310,0.2298274899279,0.1318572731920,0.2604020230695,-0.0315711906794,0.3978149647203,0.4494009159568,0.5179346493129,-0.0721112057468,-0.2380175870115,0.0495857498568,0.3742665082511,0.0864624742051,0.1494212831561,0.0447058902512,0.1895219817003,0.1416524060999,0.1612703903637,0.0606128964742,0.0918885388970,0.1242898013273,0.0526023233546,0.1128058117018,0.1466183304131,0.0819219373261,0.2022111881131,-0.1173805624199,-0.1767429984021,0.0491009574289,0.0907399586235,-0.0478135379511,-0.1169035787219,-0.2303039015915,-0.0087157918900,-0.1220937770834,0.0316443437567,0.0423566100743,0.1450747477685,-0.0301191199895,-0.1893335021894,-0.0996555360360,0.1261246983019,0.0930321476811,-0.0350569621580
0.7690447114441,0.5792422676046,0.3431441429398,0.3143993946438,0.3068699239126,0.3769628826210,0.1315997913947,0.3196085702332,0.0929745754330,0.5181143868219,0.2257129954403,0.2520489392276,0.0398700522908,1.0000000000000,0.5871907835217,0.2915875633659,0.1624023044554,0.2229906790651,0.1736268360371,0.1821751205924,0.0457949954205,0.4315157447394,0.0534023167708,0.2612522320327,-0.1104145013151,-0.0175016988306,0.2179383358895,0.5153983647883,-0.0488833652409,0.6372754128596,0.2833469590486,-0.0582474984917,0.1437152770603,0.2104068419596,0.2340278832196,-0.1061395561112,0.2187693251111,0.1346334123232,0.0199897514894,0.3811291608979,0.1917694465994,0.3858088998887,0.0845177956531,-0.1989789462411,0.1520890907847,0.4094915635246,0.1146542639085,0.2591567263660,0.4883545985983,0.4634882393635,0.5279300806702,0.1020496125262,-0.1255318205109,0.3847225421489,0.1750088598533,-0.1698772685479,-0.2121385000224,-0.1714569859494,0.1101472526044,0.1538642546092,-0.1745897271836,0.0944642915742,-0.1694610284525,-0.3883796714743,0.2632292231151,-0.4164322114148,-0.1749398531342,-0.3169093268170,0.0743751970656,-0.1399276608213,-0.4234304030777,0.0429156232360,0.1093279030541,0.1199966542371,-0.2890822405622,-0.3315403112537,-0.1977199958589,0.1528085229260,-0.1499608008259,-0.0888489201908,-0.2146645889196,-0.3981228654818,-0.1227891858433,-0.3314578640528,-0.2793858092773,-0.1545447450941,0.1599347951376,0.0131197322757,-0.5459253298284,-0.1477011324764,-0.0120985561793,0.1622280073449,-0.2000888024412,0.0609454694454,-0.3020014163848,0.1661381668176,0.0331337089007,-0.1313119379828,0.0595951999960,-0.4263311781623
0.3792511157718,0.4280590647159,0.5233560291394,0.6841568988100,0.2981694537443,0.5374824888628,0.5366427340245,0.2727940742041,0.0443895825655,0.5691153522824,0.4243650745381,0.4588254794274,0.1530707370820,0.5871907835217,1.0000000000000,0.3595814306718,0.3182574624871,0.1506832704084,0.1129052783887,0.1973450173469,0.1350185937684,0.3904244139265,0.2361918768000,0.2568203668877,-0.2184557949732,0.0708028810217,0.3009600362973,0.4005293520846,0.0193064797691,0.4305636530602,0.2781258500524,0.0922105901492,0.3478993250462,0.3919327047974,0.3519513652143,0.1065992228563,0.2456160369564,0.2863346826963,0.2730507923759,0.5547137937394,0.3519030580379,0.3992675362148,0.4201944183925,-0.1361917648655,0.1623413462334,0.4023652917020,0.2135055952833,0.4341825675760,0.5307130826939,0.6877218991364,0.2784526007920,0.2103578854338,0.1728091948015,0.6437955206887,0.4242568663536,0.1557102734393,-0.1790301068200,-0.1718286094164,0.0201915492525,0.1812024976199,-0.2727515667280,0.1950935531889,-0.2270004607536,-0.3954299081395,0.0235821175917,-0.1989407808594,-0.0633752135136,-0.3179803102770,0.1404706308078,-0.1441209844898,-0.4309712392999,0.0181967168239,0.0493667222456,-0.0384053322238,-0.2798614693434,-0.2849139420159,-0.0454850178932,0.1962399953956,-0.1081915990095,-0.1824955508042,-0.1515131985548,-0.3572266067270,-0.2432071728516,-0.1394341267547,-0.2292764735989,-0.0324919530119,0.0415609972596,0.1421376421342,-0.3050328311930,0.0090426309590,0.2429344938890,0.4615327581411,-0.0934095978757,0.0575219680621,-0.3522436228238,0.3568336116925,-0.0231130435625,-0.0222334413509,-0.2047003208030,-0.4588450741957
0.2563149342711,0.0932836488112,0.3750570845686,0.5961817693879,0.4708470591198,0.5053749127174,0.5953663458021,0.5066956703449,0.4821677119797,0.2470174029454,0.5053003278652,0.4811729996558,0.2013361122569,0.2915875633659,0.3595814306718,1.0000000000000,0.6177755422763,0.6279561678326,0.5727850923230,0.5761019003209,0.4637788618397,0.2106125842845,0.3522366043119,0.7096509448147,-0.2805900701380,0.1637354120820,0.4569420101940,0.3405589557275,-0.0527825073040,0.2927642363990,0.7823669536188,0.1788473488025,0.4414107901083,0.1598983113179,0.7523462739911,0.3830867115954,0.5269632430331,0.1626642789472,0.2393073065296,0.2787229246429,-0.0859033648602,0.2837903461765,0.4046428305109,-0.3768747560775,0.1977785285381,0.1453518943652,-0.1126672245039,0.4866606652774,0.2066364323330,0.3169485994679,0.2990067596174,-0.1945545176226,-0.0151725541311,0.4235292183771,0.4522392533176,0.2043116047148,0.0490789741813,-0.0909202492862,0.4330822373231,0.2612165388581,-0.3711191096653,0.1713960796287,-0.2211699826061,-0.3128495015010,-0.1414573738946,-0.3158453367557,0.4221497690218,0.0625393839347,0.4969668216305,0.1850737214577,-0.1282913199804,-0.0624647171363,0.5504996404959,0.0294994600377,0.2081005750876,-0.2051905505409,0.0121062426073,-0.0401009969000,-0.1167639715368,0.5447107204593,-0.1862133321186,-0.3149744461297,-0.3896965732479,0.0681918676521,-0.1464189821190,-0.2993350253617,0.4763379453918,0.4002537443829,-0.1988166065634,-0.0347359198148,0.1584238157780,-0.0557036499913,-0.3444652997554,-0.3183615366495,-0.4578814191544,0.3423138156493,-0.0614021725045,-0.1566752586000,-0.1117721170352,-0.2895606396641
0.1769156769973,-0.0652357889432,0.2510335007697,0.4936415278560,0.4534517351425,0.4812314449999,0.4632733813372,0.4541193735851,0.2850681215381,0.4053012287280,0.5718947076244,0.5913778217290,0.4459342819122,0.1624023044554,0.3182574624871,0.6177755422763,1.0000000000000,0.5285910346242,0.4195204740875,0.3345734618958,0.6864032012173,0.3941280544479,0.3946067610464,0.6103347246245,-0.2306438476425,0.2690074241604,0.6013578538173,0.2982390694275,-0.0974075457064,0.2012740525804,0.6684344545838,0.2449492200100,0.6781977426701,0.1243421709069,0.5480654495429,0.1868537960179,0.4889062707284,0.1054823392813,0.1398476881471,0.2108003229146,0.0041502487484,0.2607137924482,0.3464768775480,-0.3394210304477,0.1611157046099,0.2081521204112,-0.0221204234911,0.3753771376787,0.2307545528432,0.3611970900309,0.3015198205424,-0.2574388394953,-0.0370308128994,0.4084247957166,0.3914966772005,0.1608190154719,-0.0005705754435,-0.1066179083475,0.2048750995399,0.3029825292171,-0.1986330001929,0.2952095427640,-0.0247009729260,-0.1785343454180,-0.1606199748025,-0.3975817931342,0.1134438798471,0.2084716274233,0.3596118058183,0.0894346047143,-0.0268691152612,0.1241673701950,0.2820769957766,0.2477066241171,0.0993398331347,-0.1351709085916,0.2167801763659,-0.1109100470438,-0.1901398378779,0.3717220952430,-0.0250270990422,-0.1515963510336,-0.4386170391394,-0.1731708625159,-0.2529502807709,-0.2254978374710,0.3197814654948,0.2340355777168,-0.2446634504909,-0.1068193436497,0.0634950728180,0.0946979885252,-0.2153089070317,-0.1850878107999,-0.2570455135084,0.1525091081861,-0.0780140746358,0.1501785426991,0.1905632141003,-0.2647172457655
0.2282591198486,0.0804744348980,0.1320684698724,0.1382118578628,0.2609012646547,0.3080155060292,0.1588586247025,0.5293887920441,0.4520561834574,0.1665448890618,0.5065180244216,0.4013984769330,0.2460880946956,0.2229906790651,0.1506832704084,0.6279561678326,0.5285910346242,1.0000000000000,0.3901129417639,0.3759578205906,0.3340665925407,0.2330947356901,0.2720692764782,0.6005525732618,-0.1510893102079,0.0478962864803,0.2933432840168,0.2737847055654,0.0517717163433,0.2635859123968,0.6179753954966,0.0222888893691,0.2002002211139,0.0535997320826,0.5095658125101,0.0498524663403,0.4345864881325,0.0240780657731,0.2098859788393,0.2351078313128,-0.0428688915392,0.3106104974108,0.1341183444963,-0.2172381938806,0.1797115289697,0.1757668487052,-0.1045045656863,0.3728610213313,0.0416614251299,0.2502910104005,0.1012176308524,-0.2553509077852,-0.2767154512114,0.1695023780069,0.1436075599227,-0.1529838694382,0.0588360201185,0.0094724264348,0.5049931711975,0.1432007957144,-0.3187549002054,0.2005102368063,-0.1900747096508,-0.1989381101590,-0.2172853243298,-0.4469210381389,0.0355992076611,0.2370759014570,0.2407933518675,0.0694318268953,-0.0588951604985,-0.1324468008828,0.5349499682125,-0.0398581200166,0.0865199143590,-0.1953893523262,0.0404433004861,-0.0027728804491,-0.0351065316683,0.4699302495593,-0.2448071782110,-0.3218541990636,-0.2989375016856,-0.0437927508791,-0.1102047716104,-0.3270068308030,0.4596264160619,0.1620288469379,-0.1951781740723,0.0207668435994,0.1990963185802,0.0199985428421,-0.2189074261458,-0.2509733232733,-0.3019192468690,0.1978228185980,-0.0422876485368,-0.3178479481688,-0.1435548601758,-0.3154969310800
0.1008927137253,0.0107887980829,0.2260353480066,0.3572989389078,0.1821868454782,0.2713387384607,0.2814148987031,0.6781663210658,0.7212006692834,0.3250879708270,0.2855994950293,0.4551984078043,0.2379254470642,0.1736268360371,0.1129052783887,0.5727850923230,0.4195204740875,0.3901129417639,1.0000000000000,0.7045407571477,0.4586993935874,0.2297284083158,0.3590694210731,0.6578015155454,-0.0574967552304,0.2839002477205,0.3408050532709,0.1122252869598,-0.1245229206733,0.0487078138795,0.3891061192183,0.1017789513197,0.3434285886960,-0.0241062360959,0.3740667020517,0.2639887554151,0.4357917709161,0.1129161132784,-0.1230059452218,0.0730425604273,-0.0466971204205,0.0911397833512,0.1368452237396,-0.3345891555738,0.0946453087413,0.1085416481623,-0.1131771787676,0.0629558540815,-0.0446685011455,0.0996479765523,0.1550234042872,0.0137939405212,0.0505941683736,0.3981572734207,0.1481225364909,0.2135995250378,0.2321998630500,0.2822012565281,0.6491537347668,0.7058607482544,-0.0333895181138,0.2003884604728,0.1046616489924,-0.0482355875665,0.0695655459279,-0.2181662004333,0.4380992351998,0.2639834339606,0.7666065691830,0.5440716741545,0.1555769861367,0.2629587944361,0.5853632778288,0.4082306809465,0.3105360654660,0.0380935994463,0.1598909034364,-0.0650904123665,-0.1142399385934,0.4424508805695,0.1031185160065,0.0389767777900,-0.3339123115677,-0.1097832020316,-0.0301929863881,-0.0439827695962,0.4568300335777,0.2171419504557,-0.2369177137962,0.0414014970065,-0.1456143468182,-0.0792730605591,-0.2051955536427,-0.0899396956570,-0.1539218493265,0.0046714555828,-0.2097142018345,0.0293265859756,0.0603831099614,-0.0820916132428
0.0741409715997,-0.0104814290756,0.1860863026926,0.3788371051099,0.1782446593126,0.2652450061235,0.2828363040343,0.6917423433151,0.7337398411345,0.3966932403310,0.2851781194080,0.3655036551887,0.1333709892031,0.1821751205924,0.1973450173469,0.5761019003209,0.3345734618958,0.3759578205906,0.7045407571477,1.0000000000000,0.4420018089647,0.1733269300729,0.2753721851166,0.6805742219429,-0.0223810301980,0.2836011784180,0.4488042495744,0.2745815786755,-0.0519016180868,0.1056275355712,0.3910696346598,0.0874275856630,0.3931097925868,0.1693388629855,0.4313332226625,0.1467009175275,0.5009232701864,0.2629877635785,-0.0954541230969,0.2397014809805,-0.0031621838830,0.2473336461555,0.2366633954616,-0.2150212517115,0.3207911948404,0.2036099302796,-0.0322646980027,0.1248130998177,-0.0012633065234,0.2678406961145,0.0868782392867,-0.1141025916571,-0.0654731331478,0.3170857829585,0.1546310676617,0.0712613104046,0.1736544499571,0.0816302688725,0.4939983514646,0.5856312854880,-0.2207328020938,0.0874131449533,-0.1053454807728,-0.2147626926789,-0.1021421036405,-0.2808370560875,0.3025785514726,-0.0042406583706,0.6340044618975,0.6020389338346,-0.0932282637729,0.0796993412301,0.6744145703175,0.3902940394750,0.2575612469937,-0.0594731339985,0.2824273986371,0.0134208511364,-0.1067598307880,0.3463779769993,-0.0809804019171,-0.1204088120048,-0.3213541787078,-0.1367026163624,-0.0090504389381,-0.0946111853253,0.4699565845292,0.0991503227357,-0.1939287388821,0.0976064365403,-0.1227557439236,-0.0131160381526,-0.1786268788728,-0.1523892491298,-0.2734836643691,0.0473887911558,-0.2516887949475,-0.0822523661343,-0.0369908660267,-0.1848583390811
-0.0167733625368,-0.2096672575335,0.0929703185739,0.3747158647389,0.2326794320660,0.1765370803456,0.3390659559894,0.5252095866669,0.4152645064149,0.3636216795878,0.3983023436436,0.4193342957470,0.2469469474149,0.0457949954205,0.1350185937684,0.4637788618397,0.6864032012173,0.3340665925407,0.4586993935874,0.4420018089647,1.0000000000000,0.2342825180698,0.3932816202386,0.5339209243414,-0.0945493730649,0.3593084211097,0.4836984996225,0.1880650589971,-0.0633007153575,0.0817036814039,0.4958625215558,0.3400236509523,0.6398680093228,0.0894155737780,0.4827380155171,0.0805505459988,0.4644710039459,0.0600490564673,-0.0575090164305,0.0218717752373,-0.0367899531070,0.3562148379470,0.3284115922161,-0.1444804912804,0.2998326771237,0.1101967991723,0.0981801504501,0.0919117215176,-0.0184290694042,0.3725104253115,0.1125622603420,-0.2015161885564,0.0002857310691,0.2619623722149,0.1994852302895,0.1431667778317,0.1307739448759,0.0346817714563,0.2565476552769,0.3442473039898,-0.1498277799208,0.2545865726004,0.0156104704616,-0.1225106788948,-0.1170052612157,-0.2929119468127,0.1755416703634,0.1306380992560,0.3837270104343,0.2776979197726,0.1370966803938,0.1893925201308,0.3599655435493,0.2745717109571,0.3553174359516,0.0426352846065,0.3261106337641,-0.1207865072402,-0.1254350982675,0.3387663962520,0.1214941045554,0.0061017917551,-0.2816100506907,-0.1754100674227,-0.0622824418909,-0.0885125032720,0.2904254878126,0.0544123871107,-0.0758812570303,-0.1507631338458,-0.2000980799006,-0.0858322183314,-0.1202104866257,-0.2186389145995,-0.0593022467460,-0.0260354891497,-0.2144281187924,0.0729089347376,0.2453145012277,-0.0396843440247
0.2604916327005,0.1671314931672,0.2713548521407,0.2254907411960,0.2194945501638,0.4999367173119,0.1237229267188,0.3683631685685,0.1119432049121,0.6749003759225,0.2972448229146,0.3353831025151,0.1223676952685,0.4315157447394,0.3904244139265,0.2106125842845,0.3941280544479,0.2330947356901,0.2297284083158,0.1733269300729,0.2342825180698,1.0000000000000,0.3282409166801,0.3167281625753,-0.2102880530516,0.1417606662046,0.3466637745630,0.4659422165215,0.0375696717950,0.3404197609504,0.2424062724658,-0.0294387171136,0.3147186558655,0.1863066191918,0.2457485349905,-0.0699940247549,0.2144117447702,0.1431883075598,-0.0613986532014,0.2810083282544,0.3948283205308,0.1574012805414,0.0184839768473,-0.1801070050868,0.0923730998497,0.6505515312589,0.1572027643645,0.2230151718874,0.4306875637070,0.2980537229547,0.2509663680125,-0.0312832142688,-0.1369426075661,0.3830148787620,0.3013214850172,-0.1201627219164,0.0113049105742,0.0275306116324,0.1738525140031,0.2372842651044,0.1754653805143,0.0953801825260,-0.0435211790115,-0.2565892641422,0.1026147383463,-0.4921905042542,-0.1531349634311,-0.0663566836025,0.1631334124180,0.0292251418776,-0.1823727819721,0.3635858118316,0.1227378941762,0.2491321271202,-0.0869290941590,-0.2292444660677,0.0425767945466,0.1922310872687,-0.2055222015480,0.0146874297426,-0.1117474334951,-0.1802816130773,-0.3013448034518,-0.4127175463251,-0.2603171491515,-0.0626173213631,0.1852405172593,-0.0493940183612,-0.5286054363318,-0.1259240593905,-0.0686274873187,0.1749225692936,-0.1026667564354,0.2711787576039,-0.1325891040667,0.1597863243996,0.2564044982772,0.1028297135634,0.1821210107152,-0.3271322343186
0.0328441342506,-0.0369368257194,0.3335939568177,0.3880877655369,0.3192871666669,0.3407851510498,0.3720284581304,0.2518096030623,0.2974158888935,0.2242611512001,0.4943013820864,0.6798695518076,0.1933409348160,0.0534023167708,0.2361918768000,0.3522366043119,0.3946067610464,0.2720692764782,0.3590694210731,0.2753721851166,0.3932816202386,0.3282409166801,1.0000000000000,0.3604979032780,-0.1500130258120,0.2715587727434,0.2660084117389,-0.0447122502693,0.0048261127964,-0.0714066223582,0.2101133668680,0.2953190129736,0.4602839787752,0.0292359992007,0.4195536567472,0.1688602481564,0.2152118486161,-0.0147318941887,-0.0422822880163,0.1248731675957,-0.0444958279316,0.0516218513105,0.0157661909937,-0.1940543330839,-0.0799683208330,0.1276993769421,0.0427799773839,0.1953512926173,0.0956632382166,0.1743504886523,0.0894783376500,-0.0791857552927,0.1272968066300,0.3781152720962,0.2745806036056,0.1313884281571,0.1297994991305,0.1291860309824,0.3164096805288,0.2596936271219,-0.1017232595671,0.3387311881424,0.1354920018909,-0.0517006091358,0.0311138774758,-0.1454583676690,0.0798259852776,0.1748515826688,0.3043040562504,0.2610847264384,0.2250690318469,0.2755351278222,0.3263330338172,0.1122260986068,0.1693114161814,-0.0495768178537,0.1255078199635,-0.1961073956694,-0.0354581926835,0.3186507596443,0.0916216218435,0.0685629654264,-0.3624392175218,-0.2467268883553,-0.2149721451028,-0.1226453749637,0.1953558638620,-0.0442510707762,-0.2266563823970,-0.2210854113764,-0.1854963357149,-0.0514840410334,-0.2706601111926,-0.1902208500108,-0.1451613017055,0.0806850507416,0.0442010642499,-0.0421915410332,-0.0940847767552,0.0445709151607
0.2129757277174,0.0027381124952,0.3244083358863,0.4539892693548,0.4025313430457,0.4863115596297,0.4168005109223,0.6501899448669,0.6551250988593,0.4623587375766,0.4955056466207,0.4762524138109,0.2038618439436,0.2612522320327,0.2568203668877,0.7096509448147,0.6103347246245,0.6005525732618,0.6578015155454,0.6805742219429,0.5339209243414,0.3167281625753,0.3604979032780,1.0000000000000,-0.1705899283338,0.1903999642997,0.5608571441629,0.3406348687297,-0.1522018433807,0.1831552155183,0.6306436553268,-0.0231251101195,0.4036377716126,0.1295984866183,0.6080908789580,0.2635756143995,0.7325130450642,0.1454020953279,0.1420482649237,0.3175891738817,-0.1370281529933,0.2609642004017,0.3008802678609,-0.4332702783151,0.1733058743516,0.2269959692955,-0.1950357855224,0.3957397740024,0.1183509576091,0.3026301966954,0.2348117950060,-0.2475571039736,-0.1515932671345,0.3929137938879,0.3153882505308,0.0619443199355,0.1168801703471,-0.0048883395943,0.5266579990504,0.5050945769351,-0.2285161410408,0.2594989304378,-0.1292299158616,-0.2989201137321,-0.1083185626300,-0.3641031103945,0.2825660101767,0.1172376441542,0.5982913350132,0.3562498929469,-0.0682519627499,0.0521215095874,0.7696372865584,0.3368140972498,0.2528338921591,-0.2316707582802,0.2157221429245,-0.1505900997833,-0.2697787434789,0.5374718929490,-0.1739857877280,-0.2805568914087,-0.4952450041858,-0.0953082601948,-0.2426787421398,-0.3063972506882,0.6931897790838,0.3037825833207,-0.1992658416653,-0.0290591393780,0.1027752282699,0.0224218615346,-0.3768522498748,-0.2923715409059,-0.3393165515203,0.2563513494853,-0.2040499043797,-0.1459584681981,0.0520838294427,-0.2299692927609
