1.0000000000000,0.7618165175539,0.7606534557566,0.5727251975123,0.7744787288904,0.3630536160255,0.5338117639128,0.0708205482480,0.1360101588041,0.5698696496980,0.0475054756400,0.2299213253193,0.0235882476597,0.6367543165311,0.2585245112105,0.1905959794322,-0.0821817472640,-0.1401534358343,0.1507085485827,-0.2678086430472,-0.0750127149092,0.1797355535795,-0.0424441290689,-0.0762994496854,-0.2274515489873,-0.2223573524171,-0.1850064004544,0.0153626855816,0.0486295414140,-0.0616835107352,-0.1613191181923,-0.0056600408515,-0.2911807294688,0.0175651075640,0.2617856875618,0.2234640356776,0.0472601136038,-0.4228222871318,0.1553485904463,-0.0109287025385,0.3005295392489,-0.0076123216655,-0.1476850072944,-0.2498524670526,-0.3111494809501,-0.0736825694000,0.0204416065073,0.0507759143452,-0.0241523875887,-0.1381819510516,0.8565162067413,0.8683208688214,0.3010948115794,0.6369701571762,0.4659591465306,0.6500388300635,-0.0310546695544,0.0561860111932,0.0810543537550,0.2562729906265,0.5412234720050,0.1568076444822,0.3899245579302,0.0643601173763,0.5570432985176,-0.2908558735101,0.2899056300685,-0.0574839378879,0.2805930386915,-0.1536830369172,0.3593939977714,0.1593259962433,0.1129804084515,-0.0589665636279,0.1497435775825,-0.0632756805498,-0.3003221887315,-0.0264572368859,0.0005789001888,-0.0076104050708,-0.1371637860863,-0.2833383165356,-0.1858922842681,0.0064526720522,-0.2660766978818,-0.1590507881503,-0.0445175709849,0.4852523576581,-0.2530813160433,-0.4463069157907,-0.0700207031797,-0.1323809536275,-0.3233070212326,-0.1511392049900,-0.0548748301701,0.0014876426721,0.3524690502024,0.4333817562057,-0.0843553349498,0.1677148161311
0.7618165175539,1.0000000000000,0.7013185546606,0.3860168302465,0.4277897498504,0.1936974998043,0.3326780385749,-0.0387141180894,0.0124012673599,0.4681698593632,-0.1593120394207,0.1189996923430,-0.1178389393943,0.6919581213521,0.2477926199405,0.0251780692836,-0.1984582783495,-0.2860644323225,0.0844377658756,-0.3036126402158,-0.1540147948707,0.0195524785915,-0.1926766120151,-0.2325376304239,-0.2187528040463,-0.1257638035015,-0.1940441409100,0.1551433460139,0.2013573468427,0.3194435522146,-0.1840813148739,0.0539417700885,-0.3491021075925,0.1349306233747,0.2900578839148,0.1615693626850,0.1222596130403,-0.2848360884550,0.1808286181243,0.0663479404316,0.2208926804760,0.0686569420985,-0.0805126419580,-0.0896888219354,-0.1789549368753,-0.2280647288577,-0.0347121407331,-0.0697638493588,-0.0960377218340,-0.0936884616209,0.4960960355234,0.8886768371959,0.0721350799734,0.5205530959004,0.2229420679935,0.4210259582950,-0.2127708109958,-0.0748314572714,-0.0709892265622,0.1336595268975,0.3420021185237,-0.0579978593402,0.2291987983466,-0.1375743244754,0.3893676273686,-0.2836039259842,0.1940557769399,-0.2734175689991,0.1940459332514,-0.2775864238065,0.1497098995813,0.1026204538828,-0.0951815176548,-0.1429930990098,0.1186625334278,0.0689163436145,-0.2574663279121,0.1283835352417,0.1727528914550,-0.1948662754585,-0.0640283269603,-0.3200923417235,0.1048796574560,0.0443647425716,-0.0836821544816,0.0107131866507,0.0617646786236,0.4523125221347,-0.2554824630635,-0.2934157070466,0.0211562247944,0.0476453401568,-0.0796413882306,-0.0719430745985,-0.0477771358633,-0.1501297353703,0.2206856494734,0.3388899802854,-0.0861451993964,-0.0756445259297
0.7606534557566,0.7013185546606,1.0000000000000,0.4538600761703,0.6750449080711,0.5955137253717,0.5762094680791,0.0440276060154,0.1008588116854,0.4074592123190,-0.0033130034347,0.0168809198967,0.0155226448608,0.5157672577142,0.2795567257924,0.1562571598635,-0.1109951299272,-0.1905835115500,0.1433256933403,-0.1445438781572,-0.1714892528610,0.0655773674404,-0.2558778935020,-0.1257519063750,-0.1421499214961,-0.1864276608398,-0.1329087880009,-0.0639881791615,-0.0111044892880,0.0302910136087,-0.0461059118842,-0.0246936416560,-0.2326743362901,0.0742358169963,0.3676168754937,0.3353613072489,0.1248732441567,-0.1597861860688,0.3869221625096,0.1686217848621,0.3450798650403,0.1217470635044,0.0442921669534,0.0811086634870,-0.0970804013598,-0.0296795475721,0.1209654839980,0.2496757118828,-0.0276220372585,0.0718007073446,0.6149864079688,0.8347357102118,0.1641741601251,0.9065724578256,0.5670845205780,0.6248663657488,-0.1070366501712,0.0234279293392,0.0372840270002,0.1791032939591,0.2858727893581,0.0645339110142,0.0997041621283,0.0069950505607,0.3801573653059,-0.0992661899329,0.2873759361004,-0.1089174420985,0.2508608238233,-0.1877948077925,0.1394552278723,-0.0959781273220,-0.0031936774015,-0.1678537705271,0.0239675646066,-0.2005414476022,-0.2542959500048,-0.1049740058821,-0.0535426038398,-0.0538633678881,-0.1799503786930,-0.2844445926923,0.0125731744564,0.1300708811478,-0.0542714651953,-0.2091982491127,0.0431292974308,0.5672131933616,-0.2502852366395,-0.3306840346162,0.1488630340879,0.0388094939573,-0.1384247701940,-0.1554901308839,-0.1881216442848,0.1910581852804,0.2510334248119,0.2930662449348,-0.0293792714548,-0.0398815820645
0.5727251975123,0.3860168302465,0.4538600761703,1.0000000000000,0.7099041071011,0.5824396223188,0.7835833696735,0.3316415845255,0.4492201955217,0.3205958249122,0.3970376171187,0.1963644155951,0.4214402814577,0.4189402272235,0.5926896505858,0.6180092224360,0.2706671297210,0.1875111197374,0.5352838538531,0.1196563091141,0.0763174502883,-0.0049436755609,-0.0139227048009,0.2126840331704,0.0427515097105,-0.0735778840078,0.0900977265599,-0.1727965142483,-0.0077472519599,-0.3725566497898,0.1016438668035,-0.0602759641941,0.0867834113284,-0.1504149529331,0.2942577776971,0.4182105736315,-0.0796305501395,-0.2049470885621,0.1570994106153,-0.0688540741361,0.2857929508652,0.0665114176820,0.2122624199862,-0.0718780848739,-0.1325146465170,0.0071515905810,-0.0792549725963,0.2132325169221,0.2101453407697,0.2050353058559,0.6339006744992,0.5134367513966,0.7845216206263,0.5179731019728,0.6045879978591,0.8428105229354,0.1970933319387,0.3046462334689,0.3932468568916,0.4751779084169,0.3468015618218,0.3474088957396,0.2154213824178,0.3473721365211,0.5832001018501,0.1006875729986,0.4587911457702,0.3059573132091,0.4548270445247,0.1247301335058,0.3365379197796,-0.0280059308392,0.2760527459023,0.1310463205915,0.0478068958571,-0.2115668430890,0.0029501181269,-0.2040327736317,-0.1169271293875,0.3110126183027,-0.2542650652543,-0.0373802477969,-0.2445417593165,0.1547476620685,-0.3170566877459,-0.2827165356079,-0.1600920882534,0.3662411878827,-0.0500850443368,-0.3457116065739,-0.0841382216484,-0.2405479543156,-0.2543909980614,-0.2731646541845,-0.2999454044597,0.1594478645111,0.4388856528726,0.2934523217007,-0.0817476244252,0.2791156095413
0.7744787288904,0.4277897498504,0.6750449080711,0.7099041071011,1.0000000000000,0.7259369429939,0.8265049728977,0.4317351782221,0.4622302330988,0.5533638798756,0.3436127585524,0.2516016394080,0.4236997358220,0.5530756019564,0.5456747937327,0.4990661650351,0.2344582589166,0.1580370804386,0.4022735555861,0.0437790937540,-0.0233387051536,0.2279306320949,-0.1143844894516,0.1440504164679,-0.0467475474707,-0.2789298789966,-0.1448775135880,-0.1868225765253,-0.0941595182701,-0.2796038611479,0.0448523310432,-0.1653663976210,-0.0283805054797,-0.2152041727889,0.2377081879158,0.3460507847007,-0.0832536953873,-0.2175127430638,0.2091407337776,-0.1178945521377,0.3641592311945,0.0896544535835,-0.0223139361289,-0.1272589872803,-0.1102415560891,-0.0072710569212,0.0461824330662,0.3050520641192,0.2217194550697,0.1112419850973,0.8929123740377,0.6008979858216,0.5482004483537,0.7243149253360,0.8160357919830,0.8487122829289,0.3145138470508,0.4168061113245,0.4564766328655,0.5211606493541,0.5482913084000,0.3774820241613,0.3729563219216,0.4365575364033,0.6619570798574,-0.0954460804570,0.4172930522234,0.3129013229803,0.4234733953420,0.1078176638640,0.4246799045016,-0.0536698608166,0.3589408222252,0.0745185106131,0.0918851245572,-0.3208744237309,-0.3093873276520,-0.2673204237465,-0.1527863971981,0.3124093934942,-0.2913579595580,-0.1100173224079,-0.1733890853469,0.0433875803870,-0.2630602233605,-0.4019832880264,-0.1950940128190,0.4441421222839,-0.2307980041728,-0.3172757005821,-0.0743005112336,-0.2512918484472,-0.3860625191540,-0.2964024631196,-0.1879203331753,0.2628928151908,0.5220053818154,0.3627420569695,-0.0524144186196,0.3160497392287
0.3630536160255,0.1936974998043,0.5955137253717,0.5824396223188,0.7259369429939,1.0000000000000,0.8543289668711,0.4622750307939,0.5030390350219,0.3063694824236,0.4821997566266,0.1198999599809,0.5871442152524,0.2751652420104,0.5995534106904,0.4569302495107,0.3079830803948,0.2823039887728,0.3775141985902,0.2473340397262,-0.0875157249557,0.0879758109114,-0.2098472503631,0.2318946714715,0.1253497250768,-0.1561845002862,-0.0186533632659,-0.1736588632799,-0.0313654304180,-0.2558254675039,0.2043137571637,-0.2424427092138,0.1694557722393,-0.2137829225419,0.2115495944459,0.3428869609021,-0.1215710018100,0.1204503497368,0.3630954432431,-0.0257999583305,0.4288674532523,0.2172661926300,0.1724096489982,0.1567519752340,0.1272494296516,0.0579002427907,0.0579112822792,0.5908640511116,0.3714949019410,0.3687617854825,0.4866380352169,0.3664461213813,0.5148035547584,0.7807099518387,0.9175327001828,0.7532214106595,0.3765290500055,0.4873487552557,0.5499713445015,0.4935495636150,0.2719523084021,0.3862766517223,0.1012570070072,0.5322800830663,0.3955319804003,0.2189579096367,0.2603798521049,0.4475334544894,0.2897230677943,0.1716891130480,0.2252071202442,-0.2339646261780,0.3023660550735,0.0442694753070,-0.1337944945681,-0.4769942653413,-0.1177781058348,-0.2468740493121,-0.1175413497253,0.3598408058320,-0.3658079981021,0.0753974868644,-0.0183171513922,0.0585770002876,-0.1030038569887,-0.4197156096320,-0.2195973344482,0.3129935807800,-0.1262974341459,-0.1310745212534,0.1063907970812,-0.1360595758044,-0.1599834435669,-0.2285360132910,-0.3273732083354,0.5115797796382,0.4060174812484,0.2471595866779,-0.0463593839839,0.2292934843547
0.5338117639128,0.3326780385749,0.5762094680791,0.7835833696735,0.8265049728977,0.8543289668711,1.0000000000000,0.5530358100091,0.6296552346250,0.4216879831499,0.4145419728116,0.2083665893393,0.5954272257746,0.4387482036985,0.6631839248664,0.6274074743601,0.3764425103402,0.3334967659576,0.5459726451036,0.2634162404295,-0.0550037616760,0.0580786787634,-0.2072197405629,0.3107597009022,0.0917619651174,-0.2095522809823,-0.1218424854693,-0.1003750545931,0.0200591551938,-0.2741739248530,0.1819492282846,-0.2671328943128,0.0529829742703,-0.2747600908790,0.2621525758463,0.4653759018335,-0.1177470267297,-0.0680280186819,0.2893189733753,-0.1833620997123,0.3711048807609,0.1375342503897,0.0958564243554,-0.0064995560841,-0.0122354165542,-0.0735681422491,-0.0270033062501,0.3783564166804,0.2553146978182,0.2532844109310,0.6668415624670,0.5014431626152,0.6663534876109,0.7073614702155,0.8732329146274,0.9368548233606,0.4022115212006,0.5526486360799,0.6237027755245,0.6457147855354,0.3937211203082,0.3561307734386,0.2553355366341,0.5712654215708,0.5432134420671,0.0947590654150,0.4436345149326,0.4871984812556,0.4640730777749,0.2314406215485,0.3833406491511,-0.1952604582031,0.4437023900771,0.1201423607416,-0.0449208010739,-0.4156125029548,-0.2730925695840,-0.1939881078252,-0.0518216250152,0.4485345301505,-0.4620349016610,-0.0766283370613,-0.1450043822337,0.0654076621188,-0.2571996881596,-0.4642741299294,-0.2423327118823,0.4225055442456,-0.1870497136570,-0.2754217420280,-0.0153570552216,-0.2797083027546,-0.3074294465811,-0.3157046940883,-0.3413888677621,0.3288961335762,0.4426942873163,0.2514489832303,-0.1127964827388,0.2961207387946
0.0708205482480,-0.0387141180894,0.0440276060154,0.3316415845255,0.4317351782221,0.4622750307939,0.5530358100091,1.0000000000000,0.8714576417707,0.3654509788825,0.4712148681069,0.2791585362262,0.7275532668389,0.2232411731408,0.5140281529313,0.6444501346601,0.5578717949563,0.5449839773870,0.6790499294090,0.6292557429312,0.0886792316539,0.0960509694114,-0.0759753618735,0.3636025981861,0.4152612589038,-0.0519626294397,-0.0477291818556,-0.2162632463586,-0.0977464496523,-0.1555617615159,0.2400280860831,-0.2379767216671,0.3095181999913,-0.4690576894850,0.0236115960899,0.2233041613671,-0.1599586496156,0.2005859742437,0.0035223850626,-0.3053296628617,0.1112529242190,0.1672172979963,0.0935596897661,0.1632233112357,0.3945844767539,-0.0542780200398,-0.0466497053354,0.1250361013545,0.2235846120821,0.3069562968991,0.3085985830052,-0.0150036620546,0.3879034145580,0.1583228125452,0.5057291756537,0.4676695938795,0.7201411018187,0.9078408035136,0.7596037720979,0.8058374493887,0.3972769578467,0.3785292549168,0.3318421826008,0.6767899434747,0.4077519826800,0.0070242059663,0.4182726330580,0.6418374312991,0.4684795757879,0.5940504213718,0.3917020671532,-0.1353550743583,0.5336940315990,0.4369802108650,0.1245893482398,-0.3199022383740,-0.2074193257023,-0.3499435858592,-0.1347904870148,0.4775223813455,-0.4247878485406,0.1382893776754,-0.0908990791273,0.0277526306681,0.0135795519294,-0.5463940393541,-0.2574492255669,0.0501385788265,-0.1230137680679,0.1140060505220,-0.1706576770597,-0.3961778521001,-0.1996933112315,-0.3281470907813,-0.1708182532055,0.1384186153806,0.3192460439916,0.0785364025644,0.0029164045669,0.3221193578902
0.1360101588041,0.0124012673599,0.1008588116854,0.4492201955217,0.4622302330988,0.5030390350219,0.6296552346250,0.8714576417707,1.0000000000000,0.4186339890867,0.5209074873839,0.3910206185354,0.7454668728594,0.2296481609228,0.5609012075229,0.6932381900073,0.5583109346833,0.5575228081024,0.7582218795493,0.6609033036196,0.1497278226830,0.0873823552957,0.0563705412730,0.5112067606481,0.5055538069958,-0.0113183463238,0.0616249182448,-0.1881511277987,-0.0414845871800,-0.2044811570408,0.3168025625741,-0.1012306766565,0.3780251000009,-0.3390306854456,0.0841770583511,0.3987897060680,-0.1474829905588,0.0897994831228,-0.0000077457531,-0.2295138429433,0.1704074082884,0.1504058696815,0.0254216278483,0.1157898506416,0.2085363492450,0.0153439780634,-0.0252431196654,0.0948523745355,0.2014827819715,0.3384405816294,0.3419291137877,0.0677317425678,0.5414150818661,0.2308425220040,0.5216999238897,0.5468757934377,0.6538625218302,0.8353312254939,0.7781909227781,0.9257946601784,0.3904025221761,0.4258371002856,0.3703491460491,0.7057755476493,0.3746007478045,-0.0179784196600,0.4548723317336,0.6165179798686,0.5952001582012,0.6510485857399,0.4007151818008,-0.0256063028600,0.6427225325026,0.5231266457357,0.0251911078606,-0.2840789491810,-0.1292493242840,-0.3053517608084,-0.1152136639521,0.5057950849022,-0.4468702436074,0.1655368023811,-0.2291005655557,-0.0286352549848,-0.1580054655589,-0.5257849103802,-0.2757060567885,0.1107229458030,-0.1296021001805,0.0186286732747,-0.2285571444210,-0.4153747833188,-0.2301608531848,-0.3433904260438,-0.2059162176229,0.0867406921831,0.2798984335656,0.1028090614682,-0.1180328904904,0.3719790629081
0.5698696496980,0.4681698593632,0.4074592123190,0.3205958249122,0.5533638798756,0.3063694824236,0.4216879831499,0.3654509788825,0.4186339890867,1.0000000000000,0.3471499661417,0.7122529242245,0.3495840369302,0.5552744431790,0.3835405206952,0.1922331035659,0.1689314305476,0.1570304927104,0.2869833158547,0.0024288751859,0.2045722725942,0.5341474321326,0.2269962858541,0.1959782614598,0.0691862242632,-0.2622702271025,-0.0506228151083,0.0044485176225,0.0413978199192,0.0953739296869,0.0871432967963,0.0583235180554,0.1414537410567,-0.0850560197716,0.0534389058689,0.1885658259189,0.1632734461923,-0.3563710736345,0.0248541860540,-0.1038836685452,0.3660996942062,0.2348456816035,-0.2828841001091,-0.2332753255286,-0.2352666642653,0.0641481181366,0.2003747370171,-0.1212007027810,-0.0117067064790,0.0919386169626,0.5341721700997,0.4794688597708,0.2200556280211,0.3845646129276,0.3492163603954,0.4307668455499,0.3250591857749,0.3430888205467,0.3200077095709,0.4788388061066,0.8576695815217,0.4270655319282,0.6995854181992,0.3743788410424,0.3655052294042,-0.3714957922487,0.2393873980224,0.2096926905178,0.3622927804601,0.1992449793032,0.5355512274319,0.3782116554001,0.4301743274419,0.2951584864391,0.2726265526953,-0.0916239656948,-0.1760538796807,-0.0673245163107,0.0138327425916,0.2193256484136,-0.0659562496590,0.1212725177594,-0.1425606384128,-0.0763643067745,-0.2823035982707,-0.2247064720813,0.0202022680148,0.2544333627998,-0.1367911238355,-0.2840101284260,-0.1536049367588,-0.1610805019572,-0.2859879738085,-0.1426229831316,0.2224664785144,-0.1744673488898,0.1713743261996,0.4481919414029,0.0337471829648,0.5016290415230
0.0475054756400,-0.1593120394207,-0.0033130034347,0.3970376171187,0.3436127585524,0.4821997566266,0.4145419728116,0.4712148681069,0.5209074873839,0.3471499661417,1.0000000000000,0.4534142075738,0.6911625468789,-0.0099080416435,0.4261994546024,0.3891503142050,0.4424444501431,0.4948270789249,0.3608844746075,0.3107353467995,0.2767348240080,0.2946037915668,0.2409124072717,0.5166865827720,0.3221526772869,0.0978933431746,0.3309805174460,-0.2645946189745,-0.0377054081589,-0.2728012916620,0.4159780659707,0.0032329761764,0.5130589768174,-0.2362467539262,0.0946674101802,0.1080928333975,0.0271677708770,0.1222153096593,0.1597096667061,-0.0126372410210,0.2601235121799,0.1983743592464,0.1252421693292,0.0899664511779,0.1310243028415,0.1927816720391,0.1096335739240,0.3125052878715,0.3114745027812,0.3383395995461,0.2489391839477,-0.0382333073048,0.5052596031564,0.2032954580252,0.4506291626553,0.3494461672585,0.5427642579550,0.4716610987831,0.5771950832779,0.4659939016443,0.4375244380439,0.8196887770563,0.3186661620272,0.6097205386997,0.2571246278313,0.1703811420377,0.0922799948658,0.5653669842433,0.1869685951529,0.3564730351459,0.3497379595354,0.1139379694526,0.5191572705187,0.3987825939159,0.0585007173896,-0.2390374934614,0.2990108048376,-0.2797066886341,-0.1473995958225,0.4204975730949,-0.1256662967465,0.4259776661310,-0.2029170305843,0.0301019787491,-0.0846291320184,-0.3435045630446,-0.0139524839174,0.0061905332065,0.1758987858826,0.0049278941775,0.0453369029493,-0.1591768179019,-0.0632332406692,-0.1070068214758,-0.0589021546050,0.2716711473276,0.2360526223245,0.1709031299854,0.0451810024003,0.5411110887479
0.2299213253193,0.1189996923430,0.0168809198967,0.1963644155951,0.2516016394080,0.1198999599809,0.2083665893393,0.2791585362262,0.3910206185354,0.7122529242245,0.4534142075738,1.0000000000000,0.4140125257049,0.3255853252914,0.2386039672939,0.1617147728088,0.4286701514340,0.4261332953762,0.2824778970835,0.1543260898188,0.5550290745236,0.5273376015320,0.6437130517779,0.3993236589925,0.2835494155362,-0.0211633085677,0.2121608536888,0.0429658401729,0.1098984701361,0.0738106512879,0.1984864304351,0.1881052456347,0.4829078390586,-0.0690380311221,-0.1812752066363,0.0648961024811,-0.0313788753128,-0.3247103585569,-0.3423008017437,-0.1421203228925,0.0826827994041,0.0437533164534,-0.4314844853618,-0.2645915225389,-0.1682559606637,0.1892824428234,0.1234125802438,-0.3345334112846,0.0217330414343,0.0736061354076,0.2400609479492,0.0958202638981,0.2557476334265,0.1041761901626,0.1062555282995,0.1780755529829,0.3784301276429,0.2417800929868,0.3770117786909,0.3775446259104,0.6192335953132,0.5392714611780,0.7384155606347,0.3879111709220,0.2472535785617,-0.3678877364142,0.1051237467072,0.3614320758178,0.2500411774828,0.4331227350881,0.6411989825107,0.6792357753415,0.5332997398726,0.4893901874137,0.3319593027309,0.0204349573604,0.1420277467300,0.0002691949863,0.0435377886544,0.3705573729341,0.0071379758084,0.3687513908679,-0.3523247395883,-0.2459055647082,-0.4152381148687,-0.1819827485978,-0.1109811154464,-0.1403508247563,-0.0486446457862,-0.0914729765689,-0.4256369325096,-0.3506064993606,-0.2876248641542,-0.0741345296459,0.2770436466417,-0.3472246027453,0.0208686376807,0.2185614262506,-0.1754481143355,0.6254948678878
0.0235882476597,-0.1178389393943,0.0155226448608,0.4214402814577,0.4236997358220,0.5871442152524,0.5954272257746,0.7275532668389,0.7454668728594,0.3495840369302,0.6911625468789,0.4140125257049,1.0000000000000,0.0307810729122,0.5236513435402,0.4917099737842,0.5614034269156,0.5697468432961,0.4584867427414,0.4373919863600,0.1755635014080,0.1585481351893,0.0483936328019,0.4752330937011,0.4024468743811,-0.0668442203998,0.1322226386017,-0.1605505503361,-0.0068011431577,-0.2322729893490,0.3583627186787,-0.1495193248451,0.5431308177708,-0.3732385780713,-0.0852081067234,0.1045323161531,-0.1845858033457,0.1477089376980,0.0447755744009,-0.2232621532748,0.1982285448683,0.2113921722862,0.0645417348499,0.0898603739151,0.2199906963955,0.0574356402506,0.0664773312800,0.2403439540258,0.3007728113863,0.3593908345602,0.2470171913641,-0.0573650914850,0.5163448057272,0.2335996005134,0.5564109830644,0.4719987114095,0.6976916708568,0.7337566593270,0.7754803328817,0.6906101314340,0.3791373799886,0.5731725117535,0.2934819590039,0.8862553386311,0.2192985382126,0.0870751357742,0.1280442904945,0.7117401667538,0.2469426651756,0.4503175026467,0.3193968719909,-0.0443121417444,0.5270339017900,0.3856192560597,-0.0688382565993,-0.4073364707516,0.0218860181881,-0.2587345346610,-0.1188070342099,0.5188593185423,-0.3001371315607,0.3558598207796,-0.1718862098997,-0.0869711983117,-0.1585286285407,-0.4202949649727,-0.3044661127685,-0.0567797700020,-0.0499379126285,-0.0205436654428,-0.1303423224935,-0.3615553877872,-0.2334449221767,-0.2081812354024,-0.1529462773088,0.2146926572900,0.1748403982240,0.0608958572743,-0.0717172249105,0.4098591798516
0.6367543165311,0.6919581213521,0.5157672577142,0.4189402272235,0.5530756019564,0.2751652420104,0.4387482036985,0.2232411731408,0.2296481609228,0.5552744431790,-0.0099080416435,0.3255853252914,0.0307810729122,1.0000000000000,0.4467331744149,0.3157959858460,0.2165410305791,0.0824841648364,0.3157463238660,-0.0287931190887,0.0725323578326,0.2124033353930,-0.0606754862369,-0.0538400098852,-0.1533187328055,-0.1351166970755,-0.2034075542464,0.0785770272539,0.2001727501387,0.3315469547412,0.0207468646158,0.0077917971825,-0.1120286321690,0.0160987056204,0.2575683148675,0.3589448730226,-0.0353515554258,-0.2239015346566,-0.0157038554721,-0.0702842530524,0.2551918295476,0.0583367641073,-0.1750825518705,-0.1754538406381,-0.1191372176683,-0.1162707939954,0.0452120964549,-0.1116240613305,0.1847584012060,0.0300266303775,0.5713961623310,0.6327545992105,0.2681028171849,0.4194211491725,0.3260533550508,0.4712994575658,0.0148664181780,0.1515091562021,0.1832946274986,0.3132799157011,0.4520279244254,0.0395522300909,0.3223439060101,0.0149327154038,0.6705942588212,-0.2812238981247,0.4559684057554,0.0369903574182,0.3988832401614,0.0317967790035,0.4308785861470,0.1438060354779,0.1698378952812,-0.0058083525988,0.3204242841141,-0.0168145601968,-0.2785642599315,0.0515357238495,0.2069766180982,0.1920579886999,-0.1213672561136,-0.1950060886652,0.0246407938952,0.0359678833583,-0.2117252387033,-0.1704688859797,-0.0956339342568,0.3404634055018,-0.3051123507432,-0.1543337338971,-0.2062287618712,-0.1450049564101,-0.2632376181220,-0.1631229296098,0.0391571573190,-0.1662150827331,0.4990020156783,0.3538225870435,-0.1548181643956,0.1491066047002
0.2585245112105,0.2477926199405,0.2795567257924,0.5926896505858,0.5456747937327,0.5995534106904,0.6631839248664,0.5140281529313,0.5609012075229,0.3835405206952,0.4261994546024,0.2386039672939,0.5236513435402,0.4467331744149,1.0000000000000,0.4886790998322,0.3765858463119,0.2559908690342,0.4902027337522,0.3051882809276,0.0465727822475,-0.0049793592322,-0.1098705354322,0.2652188865464,-0.0008479436915,-0.0149983432926,-0.0992093914470,-0.1999173121034,0.0256706561653,-0.1268066127388,0.2353236668795,-0.1978373410063,0.1731829589740,-0.3379647732021,0.2555202112429,0.4174505763725,-0.1259797034362,0.0861316870615,0.2255246372729,-0.1712839681345,0.3064678579710,0.2079332245946,0.2295635436760,0.0070573106755,0.0667287588084,-0.1217154488926,-0.1155562615322,0.3101574232162,0.4320072537793,0.6358347606333,0.3680974303708,0.2518900411315,0.5164163575167,0.4029285824866,0.6296175489035,0.5794382434333,0.3255784374544,0.4592097116691,0.5000864504512,0.5569161933288,0.3550905555545,0.3621506815332,0.2219888529910,0.4455329243009,0.4725387492956,0.3146217094480,0.3537071070205,0.3665225418658,0.4189849382338,0.2375112361542,0.2590058163452,-0.0876140713887,0.3398449834217,0.1516944226499,-0.0370609817340,-0.2867857967803,-0.1294189211755,-0.2196862924418,-0.0794037469823,0.3164851548528,-0.3261919896908,0.1436120963225,0.0355828932499,0.1208633969319,-0.1109178979320,-0.4277531396329,-0.2025364884580,0.3125850788600,0.0193130392633,-0.0609934248545,0.0600122232385,-0.0850261182267,-0.1149306303512,-0.3571031059381,-0.1802681688218,0.3247847923316,0.5479972483568,0.2382856301533,0.0484724320054,0.3494207720205
0.1905959794322,0.0251780692836,0.1562571598635,0.6180092224360,0.4990661650351,0.4569302495107,0.6274074743601,0.6444501346601,0.6932381900073,0.1922331035659,0.3891503142050,0.1617147728088,0.4917099737842,0.3157959858460,0.4886790998322,1.0000000000000,0.5789324353866,0.5753931865842,0.7653812199748,0.5875346546079,0.1384296899904,0.0312849330475,0.0038946614962,0.4402814365608,0.3525893659419,0.1229443856002,0.0842267185137,-0.1856749283280,-0.0406388714623,-0.2213424948154,0.4426943886134,0.0146076953991,0.2898213264415,-0.2631900620815,0.3301804921697,0.5485489863336,-0.1277168191637,0.1613798761139,0.0910535974328,-0.1823752837813,0.1372555620297,0.0332551257702,0.1983389512112,0.1611811364579,0.2256145473382,-0.0130415569815,-0.0166976382184,0.1798472572972,0.2147288814716,0.2429841928376,0.3829646345012,0.1176334172522,0.7134100204991,0.2287435352742,0.4803747129058,0.6062059861719,0.4167697240981,0.5464839833535,0.6132121983287,0.6185356646932,0.2058737834279,0.2407458540488,0.1535221838558,0.4201163985611,0.5093713181449,0.1028630759977,0.7290102034439,0.5509241499893,0.5239788164582,0.5524319859556,0.4068837430544,-0.1026937296023,0.4848845635831,0.3862841038320,0.1722410788932,-0.1153428417155,-0.0512818728444,-0.2571576971331,-0.0643896652629,0.6025431822983,-0.3182730562265,0.0598049268975,-0.1933505488255,0.2324942377381,-0.0585598671298,-0.4433835012241,-0.1984606155377,0.2710244489296,-0.0721292864599,0.0985901622685,-0.1412503462978,-0.3568159926128,-0.1652003018457,-0.2814616840641,-0.2232910038623,0.1628127406735,0.3500736356410,0.0495119445409,-0.1050255333590,0.2837306494669
-0.0821817472640,-0.1984582783495,-0.1109951299272,0.2706671297210,0.2344582589166,0.3079830803948,0.3764425103402,0.5578717949563,0.5583109346833,0.1689314305476,0.4424444501431,0.4286701514340,0.5614034269156,0.2165410305791,0.3765858463119,0.5789324353866,1.0000000000000,0.8677629662252,0.5081547033407,0.5101015109799,0.5513525403465,0.1838393985282,0.1682449765440,0.4717890589014,0.2688466862418,0.1417592370143,0.0947891095174,-0.1215263957002,0.0141107486296,-0.0276158754171,0.5785632228795,-0.0352078241579,0.5775885004998,-0.2921921755783,0.0514841700406,0.3230197655559,-0.2458511543607,0.1696327523741,-0.1940263473076,-0.2791698754892,-0.0573601654416,-0.0397997317203,-0.1247166754028,0.0050239687295,0.2308319405951,0.0008284963134,0.0040993040383,-0.0323999740728,0.1793011658401,0.2533160393838,0.0894464728062,-0.1434342321094,0.4494424997232,0.0582228741840,0.2676630605047,0.2691337016355,0.4890288412061,0.4409543095806,0.7064213321264,0.4443555414216,0.1980099610062,0.3876983390257,0.1850792212561,0.4560517065130,0.3294713075505,0.0032183673885,0.3849264874288,0.7136614706520,0.2771288295190,0.5957092557993,0.6052043389133,0.0554207393377,0.5412972775608,0.2495804977302,0.2562712919210,-0.1968015412200,-0.0391254976082,-0.1859935943581,-0.0569252400924,0.7557272791378,-0.2154729491214,0.2456861649359,-0.1999823880372,-0.0727434243861,-0.2414826241875,-0.4008187974330,-0.2712821639564,-0.1234679053172,-0.1704961758312,0.1454869753523,-0.3131243630716,-0.4451747755912,-0.3032287364400,-0.2632026133879,-0.0319972110536,0.0075530390633,0.1315075715766,-0.0567816058723,-0.2961757214353,0.4269470078990
-0.1401534358343,-0.2860644323225,-0.1905835115500,0.1875111197374,0.1580370804386,0.2823039887728,0.3334967659576,0.5449839773870,0.5575228081024,0.1570304927104,0.4948270789249,0.4261332953762,0.5697468432961,0.0824841648364,0.2559908690342,0.5753931865842,0.8677629662252,1.0000000000000,0.4160540413115,0.5620502503186,0.4229349099035,0.1856133977914,0.2412637119311,0.6224075177631,0.3916893330896,0.1170735363384,0.1392144645121,-0.0620326774863,0.0539420055884,-0.0668331426947,0.5880887436150,-0.0083444070652,0.5846890076433,-0.2707426493459,-0.0743061814422,0.1955713660216,-0.2068450857821,0.1697188086914,-0.1954604481776,-0.2311940570664,-0.0047854292750,0.0314818375798,-0.2108981619256,-0.0010082259686,0.1574289434669,0.0414458382489,0.0440570931835,0.0015548037349,0.1365087847160,0.1713875009076,0.0382561450354,-0.2333585230651,0.4417423635871,-0.0178467433862,0.2240551068331,0.2007429521817,0.5443346055157,0.4697191196282,0.7369858267780,0.4195246275900,0.1830889775309,0.3950061185635,0.2053398941458,0.5178847495914,0.2367343944855,0.0003357539860,0.2703413502549,0.8057997164060,0.1293838904370,0.6724308608886,0.5421110170420,0.0954045517369,0.6078620881754,0.3671175130885,0.1476252317646,-0.1564426862559,0.0298339563166,-0.1259111199840,-0.0101147178482,0.8096458420736,-0.2177184055084,0.2899297908267,-0.1755560685754,-0.1358242213651,-0.2080151583078,-0.3624575619667,-0.2507612099522,-0.2278709035774,-0.1022629353305,0.1332581120293,-0.2733575993588,-0.3799692372165,-0.2494392447492,-0.2224587885176,-0.0050659452526,0.0211089872074,0.0676163525333,-0.0971767741284,-0.2096719327469,0.4700036377290
0.1507085485827,0.0844377658756,0.1433256933403,0.5352838538531,0.4022735555861,0.3775141985902,0.5459726451036,0.6790499294090,0.7582218795493,0.2869833158547,0.3608844746075,0.2824778970835,0.4584867427414,0.3157463238660,0.4902027337522,0.7653812199748,0.5081547033407,0.4160540413115,1.0000000000000,0.5852541793566,0.2283471144263,0.0224794905886,0.0115840361751,0.3595930721543,0.3638832802798,0.0626902016033,0.0512797940292,-0.1902100052909,-0.0318285933294,-0.1748679379781,0.2852208761093,-0.0564009294453,0.2142387753012,-0.3054919177115,0.2801422909232,0.5776685836831,-0.1175879507130,0.0299091248103,0.0079455638426,-0.2207075617235,0.1097255942493,-0.0216334882795,0.1535134793380,0.0922540246174,0.1818782544726,-0.0340123742114,-0.1209478038434,-0.0139652418416,0.1446224309069,0.2425170909927,0.3032108370623,0.1271707567274,0.5184032234231,0.2171993726928,0.4023113231768,0.5496853189640,0.4139922090162,0.5599357541579,0.5245621529942,0.7083858198913,0.2597179150750,0.2974482400653,0.2390702819194,0.3785055097993,0.4196329195352,0.0419208772658,0.7102672897658,0.3983330265660,0.7967247035458,0.5444399523982,0.4310250112879,-0.0615650990664,0.4554782653198,0.4511048014281,0.2467503603080,-0.1298897592667,-0.0963592581999,-0.2649293608834,-0.0671978422277,0.4221660067079,-0.3637969263106,0.0528004518754,-0.2125124912437,0.2247337031490,-0.0842722239768,-0.4174917904766,-0.1658634319254,0.2620558907510,-0.0356155911099,0.0854405368131,-0.1722001849490,-0.3572428941325,-0.1086689110588,-0.2852797701078,-0.2743703841548,0.0035145540818,0.3301915768293,0.1670536900609,-0.1455180298893,0.2887020553288
-0.2678086430472,-0.3036126402158,-0.1445438781572,0.1196563091141,0.0437790937540,0.2473340397262,0.2634162404295,0.6292557429312,0.6609033036196,0.0024288751859,0.3107353467995,0.1543260898188,0.4373919863600,-0.0287931190887,0.3051882809276,0.5875346546079,0.5101015109799,0.5620502503186,0.5852541793566,1.0000000000000,0.2773599064791,0.0514486041239,0.2040474981552,0.5610607132381,0.6470516473161,0.3102932230636,0.3600878596287,-0.1567271125308,-0.0988587044203,-0.0893825048252,0.4746228626864,0.1220555740751,0.4831952758914,-0.0876951135630,0.1880392201078,0.4642413989659,-0.0666960943561,0.5026883154112,-0.0023586789460,-0.0218747797547,-0.0037214757806,0.0133389801448,0.1522458630041,0.3254704919521,0.4314131118782,0.1108320211006,-0.0303232760381,0.0962784653340,0.2418335178440,0.3601416080311,-0.0749768647825,-0.2966843769201,0.2603840523362,-0.0380921866743,0.2133199669842,0.1566151688931,0.4584747588301,0.5202175286331,0.4419642819415,0.4642935531494,0.0057638552638,0.1290149189570,0.0573496433483,0.3214426131424,0.0987530043512,0.1846389596830,0.3960177624226,0.4225122787919,0.3730304883527,0.7795208420053,0.1297619834929,-0.0404594381170,0.4867338262172,0.5438000421299,0.0372270680823,-0.0847519031171,0.0772854586961,-0.2231636718308,-0.1021102015228,0.4589574581821,-0.3178538922336,0.2197625860288,-0.1653607009055,0.0505307712757,0.0567171803477,-0.3771983836342,-0.1281912951660,0.0231263279024,0.0247877460691,0.4764372856523,-0.1110517753548,-0.2286626295371,-0.0363436168327,-0.1945924826114,-0.1874304310112,0.1625376144073,0.1089055925430,-0.0655368441442,-0.0602053025565,0.2033454444489
-0.0750127149092,-0.1540147948707,-0.1714892528610,0.0763174502883,-0.0233387051536,-0.0875157249557,-0.0550037616760,0.0886792316539,0.1497278226830,0.2045722725942,0.2767348240080,0.5550290745236,0.1755635014080,0.0725323578326,0.0465727822475,0.1384296899904,0.5513525403465,0.4229349099035,0.2283471144263,0.2773599064791,1.0000000000000,0.4123540981309,0.5451504491358,0.3528888895195,0.3466824455755,0.3044068298509,0.4407343595847,-0.1465342786929,-0.0296165455793,0.0663382782888,0.4431786498236,0.2925861475882,0.5515797110932,0.0016768599866,0.0791672687511,0.2087315470965,-0.0058228189879,-0.0216793991701,-0.2990299185333,-0.0853936506190,-0.1468979368944,-0.0869695367857,-0.1585446148139,-0.0581963184943,0.1585256913531,0.2595754484050,0.1381260962327,-0.3720766111920,-0.0111382526626,0.2302346278322,-0.0587353249892,-0.1679419713151,0.1400162451604,-0.1033438877031,-0.1278381831017,-0.0549370168047,0.2219279425116,-0.0240004933114,0.1797313689071,0.0525619272101,0.2090199101284,0.3344851705881,0.2205417161243,0.0273861053450,0.0746689865562,-0.1692551873300,0.2087142973886,0.1620724741953,0.2006724689584,0.4741821502380,0.4823383389274,0.4390771794040,0.3790243050062,0.3956950063092,0.5157482739674,0.1588806058886,0.3063064722885,-0.1374126439997,-0.1032848844441,0.3843381545007,0.1215827951110,0.4355745884689,-0.3855544836057,-0.0122798619752,-0.1774913547688,-0.0648752785514,-0.0032275921301,-0.0767460288681,0.1503239188137,0.2449335775502,-0.3167090890870,-0.3438447245146,-0.1177280542335,0.0271804456377,0.2792758628628,-0.2958426347950,-0.1781807627342,0.0634903726281,-0.2058246445662,0.5583845198450
0.1797355535795,0.0195524785915,0.0655773674404,-0.0049436755609,0.2279306320949,0.0879758109114,0.0580786787634,0.0960509694114,0.0873823552957,0.5341474321326,0.2946037915668,0.5273376015320,0.1585481351893,0.2124033353930,-0.0049793592322,0.0312849330475,0.1838393985282,0.1856133977914,0.0224794905886,0.0514486041239,0.4123540981309,1.0000000000000,0.4135665211506,0.1860523164952,0.1750852574383,-0.0677418915792,0.2605623208134,0.0429498844013,0.0026889113223,0.1219257617558,0.1985008791003,0.1856202539436,0.2943586889130,0.1023467412163,-0.0446542151222,0.0303275784860,0.0777208906542,-0.0842036859130,-0.0827469469129,-0.0049513035889,0.3080563095419,0.0562300664545,-0.3159877034045,-0.1308581275878,-0.0189464610765,0.3558563336795,0.4255636903742,-0.0585931370620,0.1277560220437,-0.0290690677222,0.2401575284455,0.0858371011535,0.0935651235799,0.0506374097770,0.1185630418911,0.0449430338260,0.2908456643802,0.0939342816460,0.1494740447445,0.0476249104216,0.5575027273002,0.3193458729687,0.4160170664385,0.1306986000550,0.1855526141249,-0.3046497617172,-0.0067998776824,0.1716977831431,0.0670842100802,0.2066237038364,0.3596908059910,0.4359807100735,0.3326994175024,0.3466862869259,0.2591720152076,-0.0575270075574,0.0875083994666,-0.0145581760988,0.0153954580447,0.2542523661264,0.1820015440656,0.2950873558872,-0.1757585559444,-0.2185178433359,-0.1693473822523,-0.0343076778225,-0.0021683637534,-0.0286379919670,-0.0652371277441,0.0705855207487,-0.1643280692776,-0.1494537246747,-0.2007551988778,0.1604996886918,0.4367662837531,-0.0909683119879,0.0125544711943,0.4244036565469,-0.0155267116083,0.4667503980041
-0.0424441290689,-0.1926766120151,-0.2558778935020,-0.0139227048009,-0.1143844894516,-0.2098472503631,-0.2072197405629,-0.0759753618735,0.0563705412730,0.2269962858541,0.2409124072717,0.6437130517779,0.0483936328019,-0.0606754862369,-0.1098705354322,0.0038946614962,0.1682449765440,0.2412637119311,0.0115840361751,0.2040474981552,0.5451504491358,0.4135665211506,1.0000000000000,0.3519199173839,0.3835298980850,0.3355377122202,0.5286967224042,-0.0116172906256,-0.0244019180690,-0.0044927501222,0.1423522299708,0.5622001618562,0.5127052880533,0.2153230123438,-0.2192842865754,-0.0903247076371,0.0144601627030,-0.1454303977546,-0.4159718118520,0.1629686709897,-0.1095038468770,-0.0840093629803,-0.2890906751654,-0.1149064100689,-0.1025386918012,0.4367303076731,0.1165991944004,-0.3376212354822,-0.0411467590895,0.0089959749921,-0.0375522173469,-0.2417376147961,0.0929226819807,-0.2319941100508,-0.2529713174076,-0.2020179752211,0.0935656402627,-0.1187425720633,-0.0215376166017,-0.0276122097526,0.2102205239503,0.2571613616254,0.4945402394863,0.0169295069489,0.0317342111027,-0.2154870235417,-0.0767310190862,0.1036486351355,-0.0296051608546,0.3910051244795,0.2846656351023,0.8326589751175,0.2916916987888,0.4912980779373,0.2231137038411,0.3237357375402,0.4557988761372,0.0268443850202,-0.0698644712108,0.1543418207912,0.2490514204659,0.4282819126719,-0.4035165603651,-0.2317679841087,-0.2708016311511,0.0268237957821,-0.0043726602572,-0.3189416574321,0.1592221810207,0.1264340225525,-0.3722730088001,-0.1399514708315,-0.1148141943556,0.1052759937755,0.3433893463557,-0.3240331859637,-0.1475557908186,0.0686792736792,-0.0446306236514,0.4186154971718
-0.0762994496854,-0.2325376304239,-0.1257519063750,0.2126840331704,0.1440504164679,0.2318946714715,0.3107597009022,0.3636025981861,0.5112067606481,0.1959782614598,0.5166865827720,0.3993236589925,0.4752330937011,-0.0538400098852,0.2652188865464,0.4402814365608,0.4717890589014,0.6224075177631,0.3595930721543,0.5610607132381,0.3528888895195,0.1860523164952,0.3519199173839,1.0000000000000,0.4693560289555,0.1405956078571,0.2884752752695,-0.0928983029420,-0.0447964037787,-0.1673487844919,0.4913381022878,0.0385238917848,0.3737382611880,-0.0415382778485,0.1387462128556,0.3012448995518,0.2439707603416,0.0863969686176,0.0729187954907,0.0046904955220,0.0657660076469,0.0969712205410,-0.0788268265446,0.0200456362356,-0.0391954590701,0.0825973118281,-0.0005517179220,0.0829023449481,0.1584692626921,0.1904904594583,0.0977069793134,-0.1724288788375,0.4331218570674,-0.0012302959885,0.2451917045443,0.2428840086027,0.5359549629853,0.3670799949818,0.5202681720724,0.4262276912379,0.1684526152929,0.4572241324551,0.2985572784382,0.4399040796812,0.0904846349191,0.0684057847960,0.2599505061331,0.5441995688787,0.2839331411831,0.6483896182580,0.2730485611397,0.2307523321626,0.8385168244332,0.5254106723119,-0.0345959954263,-0.1163649229805,0.1028943456209,-0.1128511254104,-0.0945735860408,0.6436437432420,-0.2228365441754,0.2127085140961,-0.2735122511167,-0.0517412251484,-0.2873158459315,-0.2878419842478,0.1311685384787,0.0595760303439,0.0783363832058,0.0592015132444,-0.0340671208528,-0.1458723923103,-0.1920062812445,-0.2044120777640,-0.0685428805633,0.1544681156203,-0.0067615985191,-0.1338160824917,-0.0914174377347,0.4473695022745
