1.0000000000000,0.6545395703456,0.4908266520225,0.6730528904089,0.7866153508971,0.5437373116618,0.4996771532169,0.4525136403062,0.3835227970296,0.4927403879796,0.4651549619424,0.4418185739976,0.4980701352908,0.5923902143039,0.5728896790235,-0.0496501154560,0.2584825643984,0.3443269938879,-0.0700558732724,0.0430057574184,0.2021127174110,0.3430461497288,0.0687193633872,0.2227803097453,0.3359037639822,0.1656081695096,0.2973474333252,0.4170701536551,0.4888443739397,0.3589551976936,-0.0239020232383,0.0284309342758,0.2820616994656,0.1532174502241,-0.0408105985722,-0.1300176979123,0.0891969171533,0.0415463973641,0.1566407192416,0.2596108649001,0.5126287236095,0.4955604903519,-0.0706149058340,0.3073677821641,0.2847248710620,0.2686010562904,0.2815774085589,0.1492774369941,0.5385181267823,0.4406472596493,0.7271323292871,0.5561765868463,0.3968837425595,0.5786245584980,0.6613695516823,0.5128785014001,0.0986229510124,0.1342284089930,0.3839064595019,0.3161381432202,0.3581974888994,0.4468683597009,0.0954075979652,0.1408479338974,0.5327695324215,-0.0522278687403,-0.2357486502091,0.2615398406152,-0.1651813227826,-0.1087354620382,-0.0484162962496,0.0446250556737,0.1214442407735,-0.0165803308215,-0.3562912714613,-0.2828160899292,-0.1574308917146,0.2776124999473,0.2924225212101,0.1512477845661,-0.3339414917144,-0.0893315088168,0.1629851216686,-0.3006417265327,-0.0468126671988,-0.0192762310563,-0.1486461153466,-0.1264344770016,-0.2396043417640,-0.2291326006841,0.0536386537569,0.1729801853332,0.0270989549254,0.2354699935471,-0.0597425458315,0.1756005980851,0.4583875038850,0.5337290531744,0.6101204513034,-0.0297511469594
0.6545395703456,1.0000000000000,0.5426002302794,0.5596303986147,0.4416911041740,0.5095421115928,0.4085881447804,0.1977159476179,0.1750034472887,0.5466344102451,0.2983568601763,0.4560090257083,0.5031482719831,0.6685467463284,0.6739970739259,-0.0918856460623,0.2334658133052,0.1116216461002,-0.1953513972312,-0.0172314013931,0.1275144603144,0.4533225857469,0.0636914543724,0.0317807706690,0.1995810873042,0.1723466031614,0.3136363853886,0.5778254863898,0.5441902958892,0.6133537295044,0.0894980773101,0.2050173557535,0.3438122789880,0.3917384863119,-0.0519622750942,-0.1191767872401,0.1262909672333,0.1058202761907,0.1676353029391,0.4434410807178,0.6102127245491,0.4856220193178,-0.1755139720400,0.4360053717913,0.2694307884794,0.4057247324362,0.5066168329839,0.1338585562815,0.6045815284692,0.4608933452446,0.5321580845761,0.6980967201285,0.3442325539525,0.4701817798534,0.4665260364255,0.3809554094298,-0.1806017799800,-0.2065970495453,0.1070570367088,0.0604171875665,0.2029078206006,0.1518835282724,-0.0315118373396,-0.0083182061011,0.4818523979851,-0.1747751412812,-0.3676982608996,-0.0130094312086,-0.3618842742437,-0.3813718886862,-0.1587223773092,-0.0131827871165,-0.1569291796107,-0.1039765081275,-0.4530113303717,-0.3765389623734,-0.2637033813375,0.3352434289505,0.4516414739256,-0.0590297972936,-0.2055798805337,-0.1201363556195,0.3047828594306,-0.4418531732752,-0.1321981278260,0.2457972550607,-0.1894427716942,-0.1108684689431,-0.3286634029001,-0.3354817527852,0.0249343512000,0.1549494492741,-0.0213998138815,0.4557490681067,0.0089923946351,0.1357689976682,0.4892434919717,0.4942022601408,0.4550170692247,-0.2667237762485
0.4908266520225,0.5426002302794,1.0000000000000,0.4339310866857,0.3515530248591,0.7235950243783,0.5613535160370,-0.0057509776933,0.1493018980009,0.6480904951518,0.5111365120856,0.4799353951760,0.4946734838837,0.5842702660027,0.4649745320516,-0.0170822683643,0.2631915904650,0.0214931929551,-0.3913875375272,0.1342500778627,0.0814260666702,0.5960522892565,0.2123089526175,0.0587159911961,0.3363847125423,0.0578374719436,0.3891013758865,0.4660170798749,0.4306681278211,0.5583660195854,0.3469342919265,0.2713865513921,0.3018824995061,0.4309913503827,0.1770109081312,0.1105341805022,0.3689454444253,0.2019185606437,0.2807655492979,0.5159553855232,0.6027455879785,0.5198444479279,-0.2933868761051,0.4042339159443,0.2100845916863,0.4763914784029,0.5123392524541,0.2999758808910,0.6504670576782,0.4242668538313,0.5441502212864,0.7619268895205,0.3183472177369,0.6857190211821,0.3806969988983,0.3131683631992,-0.1798112812370,-0.3392526849332,-0.0369131282729,0.1253135824494,0.2149056084191,0.1380039570496,-0.0503251320497,0.1062623192257,0.2186790623991,-0.3007364874466,-0.5138488433301,-0.1114537066046,-0.4813233973654,-0.4010243451405,-0.0914997672728,0.0209707543567,-0.0507878741495,0.0638603085110,-0.4608957440784,-0.5322604054888,-0.0837275166517,0.2688722065887,0.3981013417803,-0.0962821921795,-0.2452725614576,-0.0679342094841,0.2954120135226,-0.5151618260487,-0.1705124955256,0.1241353363283,0.0551686730831,-0.1240292752804,-0.3848610325226,-0.3654373681840,0.1070970700089,0.0326802663386,-0.1522720464867,0.5068913462797,-0.1668301525890,0.3524916571056,0.4995424934366,0.2598788445623,0.3940577017618,-0.4027330962581
0.6730528904089,0.5596303986147,0.4339310866857,1.0000000000000,0.7055251547062,0.6214962168003,0.7406065314200,0.4954951063670,0.4834333255146,0.5273409832331,0.4626786423799,0.3790893443028,0.4282343560257,0.5455513725469,0.6425136957704,0.0670270653956,0.3159153054484,0.2957195101694,-0.0850369004782,0.0535062441072,0.1200026429957,0.2700000944563,0.0357856913669,0.2384143647647,0.3823340039853,0.0162858126387,0.2554931805586,0.3519636424347,0.3312276125392,0.3320496748541,0.0293065292761,0.0782077550859,0.2964081782592,0.2259952008142,-0.0048152893754,-0.0946485976901,0.0953410437759,0.0192135037591,0.1267567723410,0.3281558040653,0.5233148239588,0.5447933368706,-0.1372889930623,0.3027532904573,0.2504463784614,0.2176328047950,0.3858728736237,0.1510033466539,0.5267980790133,0.4321613222922,0.6649020576527,0.5174979059940,0.6071924881509,0.6247707995571,0.7320971008398,0.7669311292089,0.1290027502649,0.0970666982103,0.4005248884984,0.4331506973009,0.1170673265027,0.2816687880978,-0.1171426441047,-0.0135888610037,0.4299025647010,-0.0804623670176,-0.2727494590718,0.2080300420833,-0.1975683112158,-0.1692002742182,-0.1947076416261,-0.0941087367851,0.0896852568421,-0.0302971386614,-0.4615768245578,-0.4192192620893,-0.2368645499987,0.1780576501942,0.1682156773085,0.2192847822496,-0.2985030276246,-0.1271591631761,0.0989274228287,-0.3797732879516,-0.1302689766590,0.0324445333859,-0.2174616693320,-0.1699194425554,-0.3138828445646,-0.3061515305106,0.0306483704888,0.1018402063586,-0.0731088155947,0.2599363380738,-0.1173388246093,0.2002348148639,0.3726403476600,0.4533366771585,0.5554401613795,-0.2325699279772
0.7866153508971,0.4416911041740,0.3515530248591,0.7055251547062,1.0000000000000,0.6387675049890,0.6385508269888,0.5624435874376,0.4606095964658,0.4932040093105,0.4138961576862,0.3866269423211,0.3901825701062,0.4477188230838,0.4902346733165,-0.0433405026875,0.2057961094647,0.3771301290713,-0.0154561262882,0.0255127037188,0.1343408253530,0.2327429413830,0.0396823786865,0.2960600925473,0.3652040461212,0.1201985792072,0.2470889087508,0.2980264011091,0.3326006300223,0.1893657798790,-0.1165483665059,-0.0518270694114,0.1767327589035,0.1067638520766,0.0389964440174,-0.0984625159544,0.1105155964936,-0.0272464606479,0.1504544592740,0.1743808383895,0.4157304991184,0.4733649195148,-0.0875255827209,0.1818411636286,0.1968145300617,0.2177018358162,0.2075397717229,0.2465894151348,0.4452574339624,0.3393692285347,0.7239378253492,0.4086119393925,0.3990432650727,0.6667092191578,0.8132799394126,0.6708492180892,0.2277768108251,0.2718117207342,0.5386909560857,0.4393454196515,0.4353228810342,0.4446689793471,0.0864607168572,0.0755242022717,0.4469562711650,-0.0846039997998,-0.2027412859553,0.3178943920060,-0.0730891227072,-0.0383366839267,-0.0357122403274,0.0413349049749,0.2575532421192,0.0557015647962,-0.3536979810517,-0.2458728136262,-0.1410419717576,0.1378552087345,0.1565410323024,0.2088133758544,-0.3294699915468,-0.1347117836223,0.0148679122353,-0.2887539885822,-0.1235259597035,-0.0453397930246,-0.0885621759774,-0.0722911627654,-0.2754399064478,-0.2681307771794,0.0536504397651,0.0606774885153,-0.0910826529717,0.1518429033171,-0.0987081990492,0.2335076435037,0.4304686619620,0.5122122165490,0.6573135830781,-0.0089120497495
0.5437373116618,0.5095421115928,0.7235950243783,0.6214962168003,0.6387675049890,1.0000000000000,0.8333461815548,0.3386815991585,0.3894271108291,0.7468846887005,0.6096103499139,0.5519586602381,0.5533849187820,0.6396697973543,0.5548756282888,0.0813480071386,0.4474894780991,0.3169034443223,-0.2717386381428,0.2519654593238,0.2233487709202,0.5952391601991,0.2676148111309,0.3316370871970,0.5398059811030,0.1334237475990,0.4920924125217,0.4834947059672,0.4456605445376,0.5064852667616,0.3326710022473,0.2450247255547,0.3719384323560,0.3914732613781,0.2031422670718,0.0690171509684,0.3835427390270,0.1307896666655,0.2578443251262,0.4405212262709,0.6398755919526,0.6051432342013,-0.3192879369634,0.3431264476788,0.2391174649156,0.4666200118665,0.5207240681000,0.3833771346982,0.7060327897706,0.4609915252407,0.6123846153931,0.6325595371237,0.4382207939030,0.8612080326948,0.7821717187867,0.6482375438356,0.0667271311386,-0.0877205408028,0.2544573598584,0.3705512449771,0.3104563481764,0.3051409123331,-0.0648794677647,0.0517542735702,0.2889160712552,-0.2797824085638,-0.4254116499273,0.2009511667322,-0.3263076161391,-0.2350120546637,-0.0148640530367,0.0920437074093,0.2193184452610,0.1708388922742,-0.4650142270605,-0.5153017657188,-0.1018448943189,0.2029581565386,0.3135062746262,0.2226847059075,-0.3133245185824,-0.0445340699841,0.1232153769199,-0.4911088586224,-0.1600029503427,0.0712482322570,0.0118460917594,-0.0592436227620,-0.4534838805090,-0.3254627241059,0.0991217857568,-0.0304843329349,-0.1973576565840,0.4753132116104,-0.2294015647349,0.4189695174068,0.5722121921711,0.3970592487312,0.5634816504268,-0.3794011264016
0.4996771532169,0.4085881447804,0.5613535160370,0.7406065314200,0.6385508269888,0.8333461815548,1.0000000000000,0.3480165201794,0.4679781996419,0.7258784930942,0.5318846399102,0.5291494223025,0.4750008757286,0.5875262534709,0.5365088558402,0.0717755719644,0.4333747244938,0.2214096473806,-0.2083763070117,0.1432988127953,0.1692171119554,0.5079123961659,0.1740771391379,0.2626276780262,0.5148170032540,0.0490227413120,0.3057551904690,0.4264899804505,0.3519903725333,0.4320596081463,0.2944240104031,0.1466646509759,0.2586093706448,0.3408848551667,0.2670261955565,0.1299993192157,0.3156965863843,0.0182426711081,0.1884159394571,0.3149852323794,0.6002688360238,0.6121665680590,-0.4048695357169,0.2555709076215,0.1393880099495,0.3691553716607,0.5184741622529,0.1988822902747,0.5682345281850,0.4875715343307,0.6221439319609,0.5827019437836,0.5215609184063,0.7619464738787,0.7704405441237,0.8695513722715,0.0732057324522,-0.0671194820574,0.3791477558615,0.5190549705831,0.2174016127521,0.1618792925951,-0.1343868224001,0.0060741417019,0.3466396678586,-0.2608846361768,-0.4592129399610,0.1707668261451,-0.3015063461224,-0.2735551686266,-0.0217637478526,-0.0242146171330,0.1750702039517,0.1914022576256,-0.4635283079591,-0.4964017144200,-0.2685955564850,0.2104845708395,0.2919810302242,0.2176178405732,-0.3591664156980,-0.0563536188666,0.1163456991952,-0.6087571554689,-0.1513529368716,0.0997012559637,-0.0430800765875,-0.0523338090884,-0.4893714703970,-0.4179207490760,0.0239214409837,-0.1675727794687,-0.2230885479918,0.4303249209702,-0.1349857854287,0.2993038147072,0.4298183890188,0.3523695146799,0.6200101258506,-0.2905342981525
0.4525136403062,0.1977159476179,-0.0057509776933,0.4954951063670,0.5624435874376,0.3386815991585,0.3480165201794,1.0000000000000,0.5774591007327,0.2494516223032,0.3012563525617,0.3622870549657,0.4293535284096,0.1967889386018,0.2825515231384,0.1138088999521,0.3983650779357,0.6915209706060,0.2812684269859,0.2196448461458,0.1870756250858,0.0242108721321,-0.0251901899311,0.3508607900475,0.3997131856925,0.0346303297823,0.1898103233110,0.1440568083125,0.1511531463126,0.0214534324310,-0.1367428314511,-0.0374440098220,0.2935705115601,-0.1759348685008,-0.1915880336563,-0.2408918442032,-0.1681306466670,-0.0951898584384,-0.0598325302707,-0.0370841962714,0.1776987843912,0.2325439811489,-0.0191119967777,0.0287614254507,0.2093188852136,-0.0789582019077,0.0612982612735,0.0720813274169,0.1888333339863,0.1254011803754,0.3328599904283,0.1016766250548,0.2709044599724,0.3331643045475,0.5489078647219,0.4751559918115,0.5372240929992,0.5840669477586,0.6974849682524,0.5209470778020,0.2607358445189,0.5165942057170,0.1941332694716,0.2354304187279,0.3024673473119,0.0603341554978,0.0497430362598,0.6725039927085,0.1643874431191,0.2309273099781,0.0668316066517,0.0485178590001,0.3176725490213,0.1238112698529,-0.2176439295333,-0.1626763115968,-0.1375016693805,-0.0083694529291,-0.0559387280153,0.4253793130946,-0.1741014141674,0.0315944268757,-0.0853485281725,-0.0441418064267,0.0010506687744,-0.1281598761711,-0.3074391196949,-0.1270725155558,-0.1542915314597,-0.0289299992330,-0.0440383973532,0.0707585357338,-0.0359038488133,-0.0392014378403,-0.1434045296611,0.0533879654620,0.2230880667121,0.3400084046008,0.3601969101038,-0.0245040994118
0.3835227970296,0.1750034472887,0.1493018980009,0.4834333255146,0.4606095964658,0.3894271108291,0.4679781996419,0.5774591007327,1.0000000000000,0.3963097893380,0.4977706303313,0.3699378520956,0.3813030799241,0.2841769632918,0.3616556087743,0.0799177585318,0.4138359905728,0.4677819568263,0.2745555756502,0.3875991236543,0.3347197561991,0.1543882276158,0.1676487716994,0.5719539389676,0.6527771090184,0.1667221845954,0.3137214918207,0.1809755095979,0.0104706832977,0.1720070157407,0.0660475413114,0.1705914574627,0.3369438766423,0.1062697587847,-0.0509666434900,0.0386756242659,0.0397567474267,0.0527279987113,0.0429652881363,0.1590947341666,0.3007972429129,0.3790083898877,-0.0334417197750,0.1430029425773,0.2448355732410,0.0449868804768,0.2787363319793,0.0326639272691,0.2611537225272,0.3422304795988,0.3285901124869,0.1225154432163,0.2122952280285,0.3919072796687,0.4483133229622,0.4845163062639,0.4001867094447,0.1997234023519,0.4389222223438,0.8508394519086,0.1079556323988,0.4270403097057,0.0028212813489,0.0612943667193,0.1928008843701,0.0032821453259,-0.1195992493176,0.3895960924844,0.1744554303453,0.2480542259673,0.0539398434543,0.0321052540914,0.4535519786002,0.2477720888867,-0.2190526366000,-0.1968030995761,-0.1577708526191,-0.0157492299790,-0.0851871395531,0.3262493340589,-0.1315235815113,0.0436995512298,-0.0915121198915,-0.2120366459793,-0.0284871333830,-0.0074698116511,-0.1662446467780,0.0013692390318,-0.1736068041127,-0.1102717881150,0.0228961458585,0.0897458138438,-0.0663214690318,0.0707002757613,-0.1428434364418,0.0859561853259,0.1452648040373,0.1586756559981,0.3203109088051,-0.0162255179760
0.4927403879796,0.5466344102451,0.6480904951518,0.5273409832331,0.4932040093105,0.7468846887005,0.7258784930942,0.2494516223032,0.3963097893380,1.0000000000000,0.5899057901812,0.7963430824614,0.6499177637364,0.6842755011182,0.5821531094168,-0.0891737449195,0.5006715801086,0.1228396190264,-0.2254780103367,0.0891689061838,0.2874790306115,0.7454158548138,0.2459193061245,0.1668061492327,0.5150226290781,0.1324483236761,0.3777689889813,0.5483271659851,0.4066978446484,0.5948657560183,0.2775556891889,0.1998121771769,0.2735040347946,0.4553823739609,0.0765286509812,0.0591116691603,0.2432758169634,0.0156852533141,0.1123304814482,0.4101104237672,0.7439575417259,0.6459152406461,-0.5006538848589,0.3370499030516,0.0885758081289,0.4700260796875,0.6388218014366,0.1134287207596,0.6271965632965,0.5046553919376,0.5541044973996,0.6257034974400,0.2924174614097,0.6497762702689,0.5570010719626,0.5591380503121,-0.0763699087247,-0.2668296039890,0.2256922626690,0.3850398960768,0.4258737498284,0.2102068976390,0.0424109872295,0.1159263550407,0.2925651873074,-0.4473099028027,-0.6047987905878,0.1174255735095,-0.3515739529289,-0.3718921305581,0.1128549501074,0.0315429805736,0.0899743781468,0.2456833164070,-0.5527115523000,-0.5229549228141,-0.3463294805348,0.2843372046569,0.4286478682684,0.0109261233379,-0.3675403681851,-0.0654753501886,0.1916810460102,-0.7380718147959,-0.2320955561282,0.1552162774978,-0.1186034472258,-0.1622367013221,-0.6271696750221,-0.4843521057609,-0.0608755141446,-0.1727179877692,-0.2476691295244,0.4930169309344,-0.1249754960381,0.2045939601893,0.4517765802593,0.3817123458207,0.5928470851428,-0.3829844251806
0.4651549619424,0.2983568601763,0.5111365120856,0.4626786423799,0.4138961576862,0.6096103499139,0.5318846399102,0.3012563525617,0.4977706303313,0.5899057901812,1.0000000000000,0.6043478358326,0.5328564143687,0.4107573406315,0.3544143319414,-0.0629986862702,0.5353273718124,0.3851550953325,-0.1509905315496,0.2792088462099,0.3914560918698,0.4809689345106,0.4397189723977,0.4121415522906,0.5038090456933,0.2033013534049,0.4907563593613,0.2405526149457,0.2194536725709,0.2440436253897,0.2064883415202,0.1734560722844,0.2961219483207,0.1826617086106,0.0059993483820,-0.0115398912420,0.1926329231178,0.0008473623726,-0.0018525320988,0.2367873729778,0.4057279114753,0.3582464220928,-0.2908650527202,0.1287968383509,0.1297793746069,0.2453028045743,0.2869594337578,0.0474135472593,0.4271225641204,0.3109669188166,0.4543787587626,0.4469805004270,0.2804269281779,0.5327945892817,0.4770581104384,0.4057666204765,0.2767377299727,0.0218397485285,0.1574946142970,0.4801703963679,0.3252693716329,0.5858085841792,0.1818428000099,0.2614260592124,0.2985386321222,-0.1644788222147,-0.3447941515242,0.3551111548556,-0.1014707229206,0.0520742213968,0.2779863015035,0.2506128746139,0.3781543588614,0.2964548574216,-0.2630183828926,-0.2363555990111,0.1044133535758,0.1059749571347,0.1392319420801,0.2276823095310,-0.1729779091433,0.1096066534635,0.0237412355909,-0.3554379489881,-0.1490246604826,0.0012203508912,-0.0150976939994,-0.0827017800470,-0.2998035646615,-0.2062256876342,-0.0710337251601,0.0059899567673,-0.1497001146014,0.2553080107127,-0.1715809265956,0.1217374429923,0.3272945031805,0.2387201964890,0.3435291161422,-0.0889153237037
0.4418185739976,0.4560090257083,0.4799353951760,0.3790893443028,0.3866269423211,0.5519586602381,0.5291494223025,0.3622870549657,0.3699378520956,0.7963430824614,0.6043478358326,1.0000000000000,0.7978330700042,0.4980996189711,0.4372283828716,-0.1728175242219,0.5317094264526,0.2291325408444,-0.0748368588130,0.0753250218442,0.4091191048321,0.7103658585020,0.4321809275782,0.1966322178497,0.4915474597195,0.2797139720497,0.4255130298201,0.4041601567960,0.3356260854378,0.3852236723621,0.1484102802150,0.1280181362847,0.2760636886757,0.2283970649110,-0.0047242011761,-0.0344587966690,0.1157643718548,-0.2042162543256,-0.0710946797709,0.1975110355252,0.4917860830750,0.3973405650298,-0.5149660679754,0.1121457266276,-0.0306368149893,0.3708341024314,0.4332504499897,-0.0678473412264,0.3881573017891,0.3666909127518,0.4369821081709,0.4714800671669,0.2152073993622,0.4834750137220,0.4184896081078,0.4266072109277,0.1197195371553,-0.1002837631923,0.3017464902031,0.3695653484233,0.5840823396048,0.4411703077876,0.4568324802652,0.3893744533713,0.2820648747871,-0.3980463149653,-0.4680584895807,0.3863185041881,-0.1883287328537,-0.1832203699026,0.4112442824275,0.3539733925355,0.1724247420851,0.3983102915672,-0.3958681974615,-0.2696687013605,-0.2556621663360,0.1059151202626,0.2767946610586,0.0640755757372,-0.2906051041590,0.0857171115946,-0.0502077717070,-0.5898601669888,-0.2677105222611,0.0419052910766,-0.1493381602048,-0.0996829127397,-0.5911761076934,-0.4670496587052,-0.2148649254889,-0.2511753533191,-0.3524636527141,0.3533408341400,0.0063620193060,0.0148832857941,0.2774925127624,0.2564249885260,0.4811231383517,-0.1388210934099
0.4980701352908,0.5031482719831,0.4946734838837,0.4282343560257,0.3901825701062,0.5533849187820,0.4750008757286,0.4293535284096,0.3813030799241,0.6499177637364,0.5328564143687,0.7978330700042,1.0000000000000,0.5047283137054,0.5271378879652,-0.1077071454082,0.5277331128430,0.3069136593773,-0.0780651718393,0.2434034488790,0.3815190351006,0.5797196160980,0.2841071894285,0.3022007333669,0.5301145396172,0.3255326812512,0.5519436805106,0.5385452502318,0.4577505743332,0.5286993819858,0.1555094153325,0.2496386615922,0.4404101515810,0.3322404229392,-0.0248998992435,-0.0694538271232,0.2589379928408,0.0819197706852,0.0904154674039,0.3767502702090,0.5940730972254,0.4689703506310,-0.2259670730879,0.3069958231120,0.2349029126997,0.4525929760057,0.5148963938063,0.0871151653669,0.4950731137820,0.4549711495678,0.3673923278339,0.4071148437266,0.1576437087291,0.4857749534153,0.4310439920501,0.3888187443656,0.1992323661782,-0.0907262567959,0.2281649275833,0.2373787616610,0.3624608335849,0.4941969710432,0.3348319127339,0.5092725107582,0.1473663936117,-0.2612216401993,-0.4108297957497,0.4012618980581,-0.2449963792031,-0.1942982429973,0.1011220141215,0.2380284543834,0.1304742169676,0.2114546648089,-0.4172423478656,-0.3734298277896,-0.2508674246368,0.2049878089525,0.2382009082957,0.0857512701923,-0.2347402632344,-0.0059186174158,0.0287941749730,-0.4555307517084,-0.2089815044599,0.0906496657800,-0.0906228972107,-0.0363661650120,-0.4016257359359,-0.3124887938247,-0.0517958018057,-0.0211624171207,-0.3017013351242,0.4252949473134,-0.0858283788337,0.1191608760593,0.2904908294972,0.3389139792317,0.3980966250923,-0.2659524760160
0.5923902143039,0.6685467463284,0.5842702660027,0.5455513725469,0.4477188230838,0.6396697973543,0.5875262534709,0.1967889386018,0.2841769632918,0.6842755011182,0.4107573406315,0.4980996189711,0.5047283137054,1.0000000000000,0.6952078157111,0.2945297539928,0.5613005507783,0.3191278568063,-0.0672382690877,0.2661263334082,0.3875670144787,0.6384263625285,0.2730665971839,0.1927097678012,0.3764408404122,0.2915049782542,0.4130904817275,0.5885165324918,0.4587896288157,0.6883235007661,0.5198081497489,0.5067991827856,0.5721453151556,0.5363694376426,0.1430108337537,0.1439582174108,0.2741770328774,0.1754069821181,0.0944112900913,0.4182737029470,0.6830610150377,0.5590814028702,-0.2770509977970,0.3692844386731,0.2250515338291,0.4990437249890,0.7024768892393,0.0885998698405,0.7347919957175,0.5931485221614,0.5018145001288,0.6034343855383,0.4513285430587,0.5329855454316,0.4784251206805,0.4720885178288,-0.2428389468919,-0.3728562107116,0.0975876799721,0.1767786490793,0.1108473299295,0.0295303533310,-0.2168938989295,-0.1657480939480,0.4768851735064,-0.3007168516803,-0.2939822041136,0.0561276086573,-0.2753584538339,-0.3207977051174,-0.0798362629392,-0.0292156094285,-0.0063851184363,-0.0392645287096,-0.3025074124451,-0.4692666405332,-0.2550572078633,0.2730832770651,0.4098367651499,0.2441913822076,-0.0797111341448,0.0509872898489,0.3037211436056,-0.4797497655611,-0.1176256458184,0.3326788991028,-0.0975447971339,-0.0619215828954,-0.4396811477993,-0.3412160301063,-0.0552909475699,-0.1035528868964,-0.2749389578036,0.5558168803986,-0.0605406931868,0.2055359479019,0.5305358895621,0.2824850175219,0.3993868959794,-0.3502083852834
0.5728896790235,0.6739970739259,0.4649745320516,0.6425136957704,0.4902346733165,0.5548756282888,0.5365088558402,0.2825515231384,0.3616556087743,0.5821531094168,0.3544143319414,0.4372283828716,0.5271378879652,0.6952078157111,1.0000000000000,0.1217833450732,0.3730175473527,0.2200689459439,0.0189675285003,0.2727884210981,0.3767602246310,0.4152766312489,0.0780884205551,0.3008936048275,0.3245514651777,0.3174552533816,0.4253809456216,0.5639419055969,0.4729407859579,0.6780333078319,0.2601464739286,0.3275638645508,0.4772977739408,0.5245663182290,0.1624770852857,0.1835515068094,0.3749619227240,0.4184708161840,0.4506578871879,0.5996080056252,0.6899676464303,0.5636990888444,0.1339381687648,0.5753585161792,0.5004047690466,0.3697882970645,0.6132691769590,0.3698969855680,0.6850861900825,0.7848013273487,0.3684894867356,0.3743527229731,0.3598727951868,0.4683888838861,0.5197703471439,0.4764941097392,-0.1892639662286,-0.2763960520972,0.0615236551422,0.1293678167158,0.0283427314913,0.1864769376586,-0.2724686531315,-0.2156964310486,0.2423824980398,0.1163848160965,-0.2733991989343,0.0380336257876,-0.2045782724079,-0.3020723369888,-0.2646081216980,-0.1376910109132,0.0003602340601,-0.2425764778549,-0.3970938680251,-0.4216184704606,-0.4064971484468,0.2491549673348,0.3312083815973,0.0651876195126,-0.2411805075513,-0.2261584798512,0.2092449694731,-0.3618533381907,0.0071207618664,0.1962148065007,-0.0122638336952,0.1734178417550,-0.1382168702090,-0.0968834600777,0.3416556146857,0.2187005656791,-0.1024654288115,0.4578846021540,-0.2076416281912,0.4730126823260,0.4101528663263,0.3517922130195,0.3665669777519,-0.2166237246101
-0.0496501154560,-0.0918856460623,-0.0170822683643,0.0670270653956,-0.0433405026875,0.0813480071386,0.0717755719644,0.1138088999521,0.0799177585318,-0.0891737449195,-0.0629986862702,-0.1728175242219,-0.1077071454082,0.2945297539928,0.1217833450732,1.0000000000000,0.3506675861834,0.4409326407398,0.4780268823565,0.5464162929904,0.2819194500054,0.0275183308604,0.2286550708325,0.2405458273621,0.0970713560220,0.1689895866087,0.1353302743727,-0.1199547770999,-0.1495988238114,-0.0194083177173,0.6429138927158,0.4896032841271,0.4941793193934,0.0865147688681,0.4079963121243,0.5491587011260,0.1542277293389,0.1756905914857,-0.0111599803636,-0.0873848604573,-0.1378879007706,-0.1148042123996,0.1718059596316,-0.0741508509905,0.0353143219773,-0.0270734073758,0.0541897707336,0.0274039744526,0.0228615441490,0.0625334121720,-0.1566875302951,-0.1161433905214,0.2931934665710,0.0655583112896,-0.0002148035389,0.0131742799314,-0.0993445927917,-0.0422227314435,0.0865644985605,-0.0083062288413,-0.1943931985317,-0.1853916127863,-0.2661183500211,-0.2660752344153,0.1095435226118,0.0141571999978,0.5755065630249,0.1295676831876,0.3855818077670,0.2945605551199,-0.0031226960106,0.0028077010650,0.1721316029676,-0.0694127421161,0.4276032996895,0.0202898955894,0.1998955696312,-0.2259899330785,-0.1689097437644,0.5974531636758,0.3600989836700,0.3539657395074,-0.0869444086629,0.3547454314844,0.1117918171295,0.0899343684654,0.1801409236758,0.2900259841252,0.0623444909491,0.2280724323973,-0.0049760203886,-0.1717782220533,-0.2076278475932,-0.0463803619529,-0.1052766470120,0.1027637920148,-0.0576359673350,-0.2650777099443,-0.2442950227348,-0.0649872011968
0.2584825643984,0.2334658133052,0.2631915904650,0.3159153054484,0.2057961094647,0.4474894780991,0.4333747244938,0.3983650779357,0.4138359905728,0.5006715801086,0.5353273718124,0.5317094264526,0.5277331128430,0.5613005507783,0.3730175473527,0.3506675861834,1.0000000000000,0.6419328196214,0.1500881536753,0.5442718228027,0.6653420261291,0.5283946490337,0.5038262259118,0.3908556827225,0.5044963425504,0.3089813776977,0.4733154314338,0.2573812232642,0.1097207855578,0.3463475133066,0.5720474340150,0.4656922398387,0.5297402663324,0.2513012198827,-0.0017129066797,0.1174478555950,0.1755437308848,0.0152039945535,-0.1799523391018,0.1832348807585,0.3882257583237,0.2255762619266,-0.3454316308876,0.0597331724251,0.0773693027365,0.3036713889974,0.4410856936403,-0.1380312989596,0.3596397165644,0.3221212931343,0.1217249898564,0.2265401228670,0.2831606026130,0.2713894539089,0.2634168212025,0.3346549297245,0.1431984081686,-0.1342617459339,0.1288155412673,0.3569910578351,0.0582993916151,0.1891174187258,-0.0269421562170,0.0483680068261,0.2560370477239,-0.2547823719653,-0.1492494135847,0.5189770113620,0.0673707393010,0.1280090412509,0.3508633220018,0.2122901725871,0.2851648802525,0.2657186844878,-0.0258365730469,-0.2173109101562,-0.0239495052816,0.0339804641108,0.0312128854234,0.5673443090511,0.0536617227275,0.3727474123050,0.0286351595430,-0.3183732374221,-0.0383813883483,0.1966354052134,-0.0960423770077,-0.0672670384506,-0.3765127024286,-0.0871697001225,-0.2371369818256,-0.1505862914466,-0.2458962538371,0.3208330081432,-0.0641862119905,-0.0227597488645,0.1520209592265,0.0031654797682,0.0751269703242,-0.2020170637732
0.3443269938879,0.1116216461002,0.0214931929551,0.2957195101694,0.3771301290713,0.3169034443223,0.2214096473806,0.6915209706060,0.4677819568263,0.1228396190264,0.3851550953325,0.2291325408444,0.3069136593773,0.3191278568063,0.2200689459439,0.4409326407398,0.6419328196214,1.0000000000000,0.3826276334911,0.5522011154918,0.4746523974691,0.1495081712347,0.3511850153500,0.5506549717548,0.4180063757823,0.3443108006247,0.4434558255300,0.0738666936175,0.0486234090591,0.0327694583123,0.2446193817924,0.2853553214648,0.5119509181532,-0.0140630780217,-0.0315505693272,-0.0360021166074,0.0432571648934,0.0300014454937,-0.0831344322454,0.0053202339193,0.0856201575560,0.0843625480680,0.0387845900833,-0.0518093910947,0.1870887347235,0.0583984699352,0.0889705096342,0.0511319903477,0.2191402707295,0.1467639080994,0.1830627906057,0.0308335584811,0.3109370305232,0.2429937828814,0.3621831290438,0.2845707100740,0.4357341068415,0.3457478210959,0.3673789699694,0.3714970006943,0.1723984458048,0.4483264887866,0.0721142920100,0.0495683736705,0.2907904877196,0.0904135910188,0.2802181736133,0.7354178071337,0.3590569221181,0.4767932543516,0.2226937507004,0.2922531204261,0.5232305916307,0.1714563960872,0.1131169396829,0.0379465440591,0.2190685641709,-0.1409890889881,-0.1964293588608,0.7531207431402,0.1321054718274,0.3021476003861,-0.1579601280461,0.1686771171825,0.0723215907418,0.0359514371423,-0.0741101539437,0.0562225156215,-0.0341736935637,0.1510952755504,-0.0524495302243,0.0795355737717,-0.1169792787574,0.0463959670070,-0.1004931915000,0.0711930420386,0.1393028333467,0.0950412721170,0.1188138652831,0.0724559180483
-0.0700558732724,-0.1953513972312,-0.3913875375272,-0.0850369004782,-0.0154561262882,-0.2717386381428,-0.2083763070117,0.2812684269859,0.2745555756502,-0.2254780103367,-0.1509905315496,-0.0748368588130,-0.0780651718393,-0.0672382690877,0.0189675285003,0.4780268823565,0.1500881536753,0.3826276334911,1.0000000000000,0.3253127509802,0.3551278790337,-0.2209433055570,0.0815772005612,0.3559449950660,0.0276008698650,0.2883787828588,0.0747064787823,-0.2931416723830,-0.3284918490839,-0.2593937118839,0.0237660619775,0.0791012126923,0.1735463248695,-0.1476005904273,0.1121592227062,0.3482493638969,-0.0752851873324,-0.0511757223849,-0.1584592151253,-0.2407254138849,-0.3477862586582,-0.2961600712833,0.3252278540920,-0.2321038328665,-0.0836518066341,-0.2464761589312,-0.2356186587158,-0.1484662657431,-0.3111413393264,-0.0573334801762,-0.2134617689731,-0.3992202247354,-0.0062485704699,-0.1693023982971,-0.1012333686892,-0.1242129324284,0.1621910977354,0.2647920214207,0.2980011653583,0.1583171695739,0.0433265372408,0.1553580271477,0.1033925551535,-0.0970960992594,0.0538606178628,0.1816186252456,0.6421422497767,0.3856267125876,0.8028348776700,0.5260382332755,0.2601349605383,0.1539171211250,0.3393009445291,0.0356853256234,0.4098939769367,0.3659136148577,0.0200959019424,-0.3813272103993,-0.3921170658551,0.3597145406833,0.2257156494428,0.1472717858902,-0.3339494239639,0.4081421616381,0.0081660772724,-0.0571150329550,0.1108401789208,0.2708118260050,0.1876237869767,0.2452466900427,-0.0936888639305,-0.0217423137921,-0.1717396292000,-0.3308548561564,0.0119095722839,-0.1576423320973,-0.2905206327251,-0.2806527332658,-0.2294215885379,0.3361098911683
0.0430057574184,-0.0172314013931,0.1342500778627,0.0535062441072,0.0255127037188,0.2519654593238,0.1432988127953,0.2196448461458,0.3875991236543,0.0891689061838,0.2792088462099,0.0753250218442,0.2434034488790,0.2661263334082,0.2727884210981,0.5464162929904,0.5442718228027,0.5522011154918,0.3253127509802,1.0000000000000,0.5842143641998,0.2325257568728,0.4519524533056,0.6676621638534,0.5687584307087,0.4931374259813,0.6330774811417,0.1071420646628,-0.0005098995230,0.2510973406413,0.6207181672442,0.6034348043154,0.5835667908990,0.2604274076966,0.3324915806130,0.4253542446034,0.4173442181964,0.4350988307751,0.1030608726922,0.1912126973191,0.1599749403104,0.0712582994817,0.2173226710682,0.0933096818613,0.3276593130796,0.2299171867678,0.2955372855022,0.1390657008727,0.2393115295052,0.3272340672820,-0.1186312891225,-0.1099407744184,0.0735182279809,0.0984034666705,0.0516812827017,0.0035115652893,0.1234076632919,-0.1293165042395,-0.1244504732714,0.1572023425885,-0.1549061092408,0.1739065475026,-0.1966115956085,-0.1597560013940,-0.1235761769366,0.0917211823934,0.2051209327121,0.2514956079592,0.2941926306728,0.4116137818699,0.0518089779235,0.2351182397718,0.4651758119552,0.1621907714186,0.2291158439821,-0.0016549190871,0.2380952982043,-0.1512395003284,-0.1516065194196,0.5010665904859,0.2534584526475,0.2881924706875,-0.1083910782067,0.1702847481067,0.1831244239656,0.1600609642574,0.2551666370564,0.4086000404374,0.1060074823811,0.3560756896096,0.1165104736641,0.0039299723210,-0.2221436876534,0.1797559439496,-0.1308063675777,0.2084058573986,0.0160599499128,-0.1176024300607,-0.1711877398717,-0.0189561119615
0.2021127174110,0.1275144603144,0.0814260666702,0.1200026429957,0.1343408253530,0.2233487709202,0.1692171119554,0.1870756250858,0.3347197561991,0.2874790306115,0.3914560918698,0.4091191048321,0.3815190351006,0.3875670144787,0.3767602246310,0.2819194500054,0.6653420261291,0.4746523974691,0.3551278790337,0.5842143641998,1.0000000000000,0.4906969352027,0.6428435689569,0.6407267942409,0.4685115268701,0.7072868586140,0.6474096722345,0.1722518152654,0.0918543563736,0.2420812034329,0.4722983052479,0.4524915756807,0.5090099477709,0.2073734025319,0.1703584383153,0.2791351644840,0.2695117154951,-0.0005055635038,-0.2204502028330,0.0814807165640,0.1988789340951,0.0409051466388,-0.0419944410996,-0.0525033815783,0.0746482193227,0.3029584364034,0.2927939335575,-0.2284316354397,0.1855245381299,0.4145580531636,-0.0378552680618,-0.0816279099432,0.0486499233650,0.0593199761313,0.0420472663381,0.0594784191583,0.0618476464697,-0.2072964244124,-0.0834869620955,0.1451449102329,0.1518604602577,0.2909232420573,0.0501552011575,-0.1423117626228,0.0616192175412,-0.1170230285840,0.0959521952419,0.3674372332418,0.3571989954391,0.3272853958185,0.4670782471730,0.5197441468266,0.5316597090385,0.3020812137123,0.2995784829362,0.2023547788784,0.1424213386827,-0.0779426422389,-0.0572924198994,0.5039548865869,0.2309462754871,0.3621856730438,-0.1547797118095,-0.0522456284784,-0.0038957784133,0.2432497100852,0.2343951561200,0.3246375355103,-0.1388610206445,0.0990626098599,-0.2147443180802,-0.1480766677571,-0.3470160365105,0.2105142568282,0.1426401198261,-0.0827340216686,-0.0515470865665,-0.0564772777926,-0.0340762583999,0.2534659971888
0.3430461497288,0.4533225857469,0.5960522892565,0.2700000944563,0.2327429413830,0.5952391601991,0.5079123961659,0.0242108721321,0.1543882276158,0.7454158548138,0.4809689345106,0.7103658585020,0.5797196160980,0.6384263625285,0.4152766312489,0.0275183308604,0.5283946490337,0.1495081712347,-0.2209433055570,0.2325257568728,0.4906969352027,1.0000000000000,0.5855785532397,0.2514086662824,0.4367450956138,0.4184265722382,0.5759437336539,0.5595724225661,0.4920034556600,0.5955940126306,0.5146173887321,0.3943585314290,0.3382119596144,0.4886978927076,0.1963415750972,0.1277167844395,0.3845135655835,-0.0251167168804,-0.0494228477795,0.3307482534303,0.5821466891390,0.3648197403353,-0.5228725866226,0.1690265570376,-0.0264046558225,0.6583226580258,0.6234839611269,-0.0434057724952,0.5735934959289,0.4170071919951,0.3564917885010,0.5148737569281,0.2243324994845,0.4017894691853,0.2570813967472,0.2883553632070,-0.1676707998892,-0.4319935441135,-0.0556239845857,0.1085034948294,0.3566668624949,0.1225086834163,0.0966452739579,0.0539210050310,0.1976415469776,-0.4882080654383,-0.4688530105826,0.0956355405938,-0.2698274271416,-0.2681527632896,0.2995320323899,0.4169262079920,0.1755664759132,0.3259589809282,-0.2133429179671,-0.2498217120058,-0.0644678492825,0.2711160982915,0.4312494997369,0.1384569762237,-0.1153664951156,0.1517728998640,0.1191107623554,-0.5799161857025,-0.2270039161843,0.3228448162071,0.1283627350919,0.0234870908924,-0.5546922604169,-0.3561274644838,-0.2030517983413,-0.3169096349282,-0.3644305494301,0.6383562200539,0.1100241752172,0.0530853272122,0.3318611392960,0.2537220279329,0.3160732000277,-0.2216099230676
0.0687193633872,0.0636914543724,0.2123089526175,0.0357856913669,0.0396823786865,0.2676148111309,0.1740771391379,-0.0251901899311,0.1676487716994,0.2459193061245,0.4397189723977,0.4321809275782,0.2841071894285,0.2730665971839,0.0780884205551,0.2286550708325,0.5038262259118,0.3511850153500,0.0815772005612,0.4519524533056,0.6428435689569,0.5855785532397,1.0000000000000,0.4543848692891,0.3736367926252,0.5794516107428,0.5666999038731,0.0003192557651,0.0106272467264,0.0655782959660,0.4814609685899,0.5211731849862,0.4383755349074,0.1905236097567,0.1776381496694,0.1754672139905,0.2626520397105,-0.1780335692474,-0.3212763321610,-0.0275270073207,-0.0138402159219,-0.0856898721828,-0.3191071365244,-0.2670248256564,-0.1810924719109,0.3467196956210,0.1882874422997,-0.1959198803361,0.1126335894887,0.1231847043680,0.0506199334436,0.0707601805540,0.1275403339734,0.1211856919784,0.0152863279173,0.0098225914001,0.0816373809324,-0.2133691917940,-0.2087561106102,0.0825529515752,0.2372807429376,0.1644335569263,0.2337041721456,0.0149497635432,0.0605614257443,-0.3198568021883,0.0191500250724,0.2536500247118,0.1667325591688,0.3100936783429,0.4975204146237,0.7448933875832,0.4375210583268,0.4720670847622,0.2751969559927,0.2405679975273,0.3982151006622,-0.1971053629238,-0.0602927312001,0.3969183970091,0.3402378114233,0.5568448009694,-0.2632370884292,-0.0397839274846,-0.1533013709463,0.2622117126686,0.2487841893199,0.2041980531273,-0.2699281898376,-0.0140800867661,-0.3396712484497,-0.3172425846779,-0.4156282171951,0.2089089658794,0.1704902593683,-0.1036051106072,-0.0341714970231,-0.1678724026152,-0.0775339508882,0.1602587039123
0.2227803097453,0.0317807706690,0.0587159911961,0.2384143647647,0.2960600925473,0.3316370871970,0.2626276780262,0.3508607900475,0.5719539389676,0.1668061492327,0.4121415522906,0.1966322178497,0.3022007333669,0.1927097678012,0.3008936048275,0.2405458273621,0.3908556827225,0.5506549717548,0.3559449950660,0.6676621638534,0.6407267942409,0.2514086662824,0.4543848692891,1.0000000000000,0.5795916708351,0.5733575029224,0.6659046725915,0.1380966293568,0.0610026615680,0.1439685369543,0.2301631702118,0.3003071841873,0.3897375153147,0.1324386045251,0.2617181333225,0.2785738220767,0.3907157304438,0.1240819746620,0.0711849384491,0.1865247366631,0.1450019698956,0.0583372773463,0.1495685273266,-0.0407237240439,0.1617007261606,0.1930636344438,0.1558828573203,0.1596332816044,0.2439040868910,0.2697153859897,0.0659122484019,-0.1298434554290,0.1508084990190,0.2182596099708,0.2691493830601,0.1997194421918,0.3944732953509,0.1220704431115,0.1003076564442,0.3410554282061,0.1221598414409,0.4962717386982,0.0284069968210,-0.0773839744489,-0.0276005045113,0.0871043362047,0.2117439968799,0.4406811810571,0.4532631352174,0.5138465290969,0.2100347920929,0.4689243534485,0.7938354016641,0.3112486969461,0.1862673610877,0.1669588296150,0.2236380403533,-0.0915108235174,-0.1886669859259,0.5188192956562,0.1341608815095,0.1908452318020,-0.2589574816347,0.1457781619670,-0.0566497098525,0.1243257566410,0.3553521701219,0.4484027406425,0.0152543588970,0.2608680889690,0.1002858568385,0.1261923091372,-0.2375559155530,0.1341615004848,-0.0642760732515,0.2077541382234,0.0753037168074,0.0553186116517,0.0365717469162,0.2007521533747
