1.0000000000000,0.2924471370916,0.6922189605638,0.1059828653169,0.6972451944259,0.5334987658791,0.1509081167117,0.2113533745361,0.0117319092130,0.3597179590314,0.3030314458074,0.3406491371926,0.2574772455213,0.5079737427485,-0.0471055841246,-0.1354586465170,0.1239461608477,0.2896472171772,-0.1201514018705,-0.0545537899191,-0.0765618137516,0.2552263896797,0.0991746249352,0.0163424156943,0.0155982352556,-0.0552571356574,0.0614057346823,0.0490474898021,-0.1066062901260,-0.0464117552144,-0.1338871011096,-0.0041293762309,-0.0450750429130,-0.0244296890377,-0.1629358548376,-0.2787301351361,0.1676713454368,-0.1295151841443,0.0932756325772,0.0504241362949,0.3901216703611,0.4181081350119,-0.1771017679365,-0.0879038716658,-0.0860280772834,-0.0678911388950,0.1545629657890,0.2738887066634,0.2836037502185,0.3646282539243,0.7378479212184,0.1627407670521,-0.1442473124919,0.5302769830030,0.4473792561589,0.0238726713914,0.2070556384104,0.2227370820556,0.2238490741447,-0.0572080439239,0.2638814500586,0.2139094692295,0.3275666378565,0.3161996414461,0.1485475022057,-0.2224855318170,-0.2919904772141,0.1817011131887,-0.1989610389669,-0.0485656785365,0.0103142463691,0.0940852269970,0.1486537060016,-0.0628995465655,-0.2490199155043,-0.2869935216708,-0.0447115590245,0.0066058625200,-0.0766314009434,-0.0913807390308,-0.1163915163918,-0.0736426956319,-0.0873096696931,-0.2769838583162,-0.3533137248115,-0.1254367578330,0.1748821330841,-0.1485006159559,-0.2727622061747,-0.2018382894115,0.1509713532163,-0.0271241836058,-0.1672096569033,0.0973853971789,-0.0439486333330,0.3387240092258,0.2514589088173,-0.0391068388026,0.4202658356059,0.1707351463331
0.2924471370916,1.0000000000000,0.2377921472912,0.2946456703726,0.0260065480320,0.0529466961114,0.2098771274442,0.0825608285990,0.0763910811637,0.1499079263643,-0.0308193791090,0.1757930956502,0.0598129001602,0.4804685880425,-0.0017666848920,0.0450298559528,-0.0609852490438,0.0711528264993,-0.0554761701640,-0.2315630254068,0.0092852501225,0.0610261256265,0.0699843694176,-0.1726042703968,-0.0835541526434,-0.2632174990673,-0.2863536457664,-0.1172798671706,-0.0078613202499,0.0278799212841,-0.1785607686810,-0.0861010176656,-0.0748438171315,-0.0323588386771,-0.0627214726463,-0.0947513372241,-0.1612959096820,-0.2628932145444,-0.1017213303651,-0.0710656936915,0.3246665092532,0.4261709548424,-0.1827326653581,-0.1078227532709,-0.0231126332601,-0.1316818109037,-0.0179095093709,-0.1587492821348,-0.2077201264446,0.3002677830242,0.2453873947172,0.6224412962641,0.0588373412230,0.0777194437338,0.0481680137381,0.2650620919483,0.0683645870398,0.2066724408837,0.3307861886817,0.0843252898844,0.1428356512560,-0.2476313709992,0.0786530688652,0.1352881084352,0.3917294114532,0.0119528063120,-0.1016435859872,0.0571007204948,0.0060754106854,-0.2597393769623,-0.1104469002240,-0.0974889329089,0.0154749945385,-0.1560477629547,-0.1809076671312,-0.3098980546360,-0.2522979040471,-0.1163536562422,0.1701106173121,0.0240789479913,-0.1435678039553,-0.2532890202687,-0.0907987728733,-0.0574763573318,-0.4084298293878,-0.0821272372019,-0.1068662319592,-0.0133601594191,-0.0485662953854,-0.3627453849253,-0.0436768959777,-0.0275444951898,-0.0923243270769,-0.0568822835680,-0.0157033155920,-0.2117029467874,0.0516422385488,-0.0607660343692,0.2198311346739,0.0791376127810
0.6922189605638,0.2377921472912,1.0000000000000,0.2457713660958,0.5871929749447,0.7490038657594,0.2477470263113,0.2897259826168,0.1066182746834,0.4422788332974,0.4075318485725,0.3702029058841,0.3777118017498,0.4645885268821,0.1247017534128,0.0518724202997,0.2958575061054,0.3358604417620,-0.0224070550504,0.1029869258352,-0.0537203643688,0.1784354103520,0.0936706325049,0.1671584472451,0.1577007445910,0.0841793737487,0.3027023674639,0.0247419127313,-0.0671412973232,0.0950562251596,0.0369753055315,0.2685598162497,0.1901470958526,0.1325542960445,-0.0326451234454,-0.2467305621771,0.2869641340076,0.0156987865172,0.1732980915746,0.1713487613602,0.2986001171352,0.3025844225820,-0.1062251812373,0.0810088048651,0.0312523717417,-0.0100900576214,0.2621134444439,0.4056495468219,0.2101668519778,0.3927247666730,0.5884602959380,0.1485885115438,-0.0653579872431,0.7921521322468,0.5392332092332,0.0458436087956,0.1454542940798,0.1618488347846,0.2579824925202,0.0120322841953,0.1874790808459,0.3551184088799,0.2746446346247,0.1930322778304,0.0284655164146,-0.2413642331135,-0.1418510873613,0.1600337443431,-0.1386803056669,0.0056344304194,0.0190886376614,0.1191320529223,0.1462910265659,0.0861609582420,-0.2134285465243,-0.2482794279423,0.1079568406144,-0.0391881901041,-0.1693603133322,-0.0977218190324,-0.0205286694240,0.1141556611384,-0.1392479846961,-0.2047875677634,-0.2681004660158,-0.0959375337238,0.1571331380320,-0.0576979969587,-0.2534820187647,-0.0648001391157,0.1779585067749,-0.0279849288936,-0.0393234672182,0.0137668616515,-0.1753367870132,0.4102332577563,0.0922310859350,-0.1217867084483,0.3067225052539,0.0425214523560
0.1059828653169,0.2946456703726,0.2457713660958,1.0000000000000,0.3120313238949,0.3889645632532,0.7383991202961,0.2075243349647,0.3855680512503,0.1720298588382,0.2536057331252,0.0597047869437,0.1729247796458,0.2099411356213,0.6267133826145,0.5905907819754,0.2961696908935,0.2534269398182,0.4764400273003,0.3319811347468,0.3718155681240,0.0552975002199,0.2567460393515,0.3647094426584,0.0661747396150,0.2873822311698,0.2619509925805,-0.0021283678376,0.1134163218986,0.0322563564284,0.4544596951915,0.3060093555206,0.3371741131767,0.1912272192103,0.3377000074077,0.2636963259387,0.0246748929662,0.2258588225958,0.0175336886891,0.2786302914843,0.1147304068572,0.1112998789712,0.3837883042420,0.2306831626879,0.1927346259852,0.1842573104335,0.3244842839880,0.0580369605969,0.1154504358705,0.2062693228195,0.0018428471515,-0.0180509337348,0.5134135180267,0.2397440528252,0.3726851228954,0.6573334337446,-0.0018165280572,0.0193687689776,0.1274100502231,0.3999250134853,-0.1716070396111,0.0677297630649,-0.2029506141192,-0.2039248896693,-0.0846434789928,0.0847083197615,0.3795445301489,0.0768986984705,0.3883228875787,0.1351779664688,-0.1111876686789,-0.0496616953927,0.1420688245406,0.2408296396548,0.0476990173822,-0.1013912482485,0.1638317347174,-0.3199194775791,-0.0469909124921,0.2870686778326,-0.0319886226232,0.0598829073644,-0.3260280593139,0.2394278379400,-0.1004357191525,-0.0450485292997,-0.0642583007163,0.1805541952088,0.0450635371854,-0.0663900469854,-0.0370900844681,0.0118442537685,0.1715829206583,-0.1938718063572,-0.3633216061693,-0.0500863139090,-0.1381370768974,-0.1634782588137,-0.1793142881660,-0.1938393721037
0.6972451944259,0.0260065480320,0.5871929749447,0.3120313238949,1.0000000000000,0.7386526583063,0.3423223693464,0.4025619803555,0.2271792637045,0.5123952735617,0.5149228286884,0.4747694887275,0.5533469361739,0.2845599639709,0.2171109102315,0.0082177450677,0.4005700291898,0.4007492438202,0.0874260568756,0.2503609612774,0.1654044691775,0.3425918108706,0.2943188414061,0.3467805984538,0.2175970357040,0.2572084869938,0.3875327571245,0.0032351467205,-0.0928065819953,-0.1615457018996,0.1809157082809,0.2261206615992,0.2760551561596,0.0692724866842,0.0851114339398,-0.1309152335291,0.2659607448923,0.0473541727729,0.0909974803791,0.2448212566244,0.0835428289417,0.1602705137385,0.0420618859368,0.0275455296387,0.0007207215541,0.1565505637242,0.2652936967923,0.3365457651252,0.3281166745424,0.3403192758260,0.6085405244347,-0.1249854268952,-0.0322429665583,0.6948179602222,0.7016214181019,0.1839314627436,0.4113797800894,0.3011073975793,0.2844437861407,0.0909532565293,0.2855650766520,0.5008656063150,0.3681018900937,0.2927910176773,-0.1218796484209,-0.3317579621525,-0.1247702433728,0.3362386173327,0.0083060371512,0.1398340928863,0.1574011125086,0.3039992465611,0.2406363996590,0.2196305728028,-0.0519827596806,-0.0048760277225,0.1466313747004,-0.1482376971980,-0.3823363439391,0.0457146591996,0.0074236357201,0.2182956702857,-0.2876723799141,-0.2872405784787,-0.1663091648099,-0.0796400157164,0.1633054577038,0.0109379869535,-0.3192266868169,-0.0980141390280,0.0776157939442,0.0388060516093,-0.0386691588886,-0.0993842830695,-0.2551840024910,0.4252216139794,-0.0502500601427,-0.0833612125250,0.1961984165976,0.1265307595018
0.5334987658791,0.0529466961114,0.7490038657594,0.3889645632532,0.7386526583063,1.0000000000000,0.4309175158556,0.4493235459369,0.3311373327800,0.5778372361781,0.5676913521921,0.4628567650836,0.5519989021117,0.2355007242637,0.2805065870490,0.1605209484454,0.4583283288184,0.5071050750568,0.1849937842481,0.3104574299231,0.1970149829215,0.2919892377450,0.2738547635297,0.4354970734231,0.3040981347298,0.3204430475048,0.5315235258389,0.0362253945277,-0.0125569687412,-0.0400284857063,0.2414507086737,0.3942745841638,0.3576987730045,0.1283904552831,0.1304604420917,-0.0384171629591,0.4018327578166,0.1293508721421,0.2349573448389,0.3327492025512,0.1098459362121,0.1536344003126,0.0677870791730,0.1449943032202,0.0410246846452,0.1127387082971,0.3250292326750,0.5009787815933,0.2292346686405,0.4400840152582,0.4259831694122,-0.1391161863460,0.0180262468234,0.7667194042544,0.7429415396725,0.1762028858506,0.3176476686591,0.2663281695187,0.3058533311009,0.1832147608356,0.1784544095151,0.5102356438965,0.2514691051685,0.2472822951849,-0.2528573954911,-0.2641292147112,-0.0205804608886,0.3174016319989,0.0449423383127,0.1991296077943,0.1101444869572,0.2505566836957,0.3204690917895,0.3031679747035,0.0047516360086,-0.0295373490739,0.3308225894627,-0.1659027957251,-0.2893752071294,0.0848883191058,0.0365877284200,0.2696016515893,-0.3775282374006,-0.1127897115244,-0.1439455747828,-0.1375201664603,0.3021128220465,0.0450915223857,-0.1225125764094,-0.0038889674051,0.2147477330229,0.0948720212268,0.0384847990847,-0.0722096968811,-0.2931511542847,0.4751772827495,-0.1228893750333,-0.2022239733753,0.1965837065922,0.1225904283154
0.1509081167117,0.2098771274442,0.2477470263113,0.7383991202961,0.3423223693464,0.4309175158556,1.0000000000000,0.3191699172571,0.4564547133799,0.2092214264686,0.0732822018738,0.0145576838204,0.1374955546665,0.0343446259769,0.3599875276308,0.3461499674838,0.2688693860882,0.1784458683245,0.5188888531832,0.2758706423978,0.2463889165335,0.0176672925171,0.0369004089355,0.3754739727980,0.0724329847679,0.2072465945758,0.1392700313860,0.1777066448598,0.0727386384013,0.0354503981656,0.3300711085307,0.0198235845864,0.1680216287525,0.0327759727874,0.1979609475470,0.2091767273248,-0.0990240988647,0.1637062009223,-0.1235882272005,0.1462990663994,-0.0286984930768,0.0566510269637,0.2520642722523,0.2071531072955,0.1110018975415,0.1317366259810,0.1846071940278,-0.1099605996083,-0.1049191082666,0.1996024665013,0.1597668723799,-0.0088599389765,0.3763807806187,0.3589174798952,0.5316408327419,0.8387989059349,0.1464955532133,0.2708474586305,0.2496869390453,0.5276913028191,-0.0380315878129,0.0500836269718,-0.1628431387580,-0.1193049971760,0.0156314513261,-0.0436579265526,0.3582734828178,0.1891541950771,0.5057794127349,0.2633997246698,-0.0451074744646,-0.1011028598473,0.1250701364923,0.2980128795611,0.0829884242541,-0.0002480252482,0.1033606365971,-0.0572847045459,0.0812418768644,0.3324434875025,-0.1917364001884,0.0180038959717,-0.2174803177154,0.1340806527373,0.0099107611220,0.0193022769331,-0.1712796869638,0.1450079799471,0.0442727401091,-0.0251583661281,-0.1599910968367,-0.0097287415938,0.2072475712410,0.0481265942206,-0.1860906945075,-0.1561433071227,-0.1316287946454,-0.0332537569796,-0.0152514404353,-0.0395837710810
0.2113533745361,0.0825608285990,0.2897259826168,0.2075243349647,0.4025619803555,0.4493235459369,0.3191699172571,1.0000000000000,0.7484187827268,0.5720350836153,0.4434066571791,0.4955861898878,0.6760636530171,0.1365485139368,0.1893579343162,0.1405886169567,0.6180769169015,0.4702877694990,0.5420938045247,0.6821938087734,0.3564299139165,0.3597721790665,0.3385359196903,0.5387889857186,0.6321308038702,0.3861002167965,0.4457726129396,0.1111304224510,0.0592823293318,0.0286983836650,0.3336267278616,0.2265455456783,0.3543937734194,0.0881381507806,0.0208547334872,0.0629579910849,0.1287627674574,0.2992226479772,-0.1034696253411,0.2758790188709,-0.1284553384182,0.1645509418942,0.3265270380925,0.4064929128027,0.2819398519619,0.2289398082046,0.3493545739944,0.0623834631958,0.0217068937679,0.3278143884391,0.1774643910530,-0.1861801393455,-0.1415137821262,0.3361942101602,0.3699178098332,0.1929659196329,0.6688781525067,0.7436025293092,0.5905008278082,0.6085010731716,0.1617184315540,0.4841472584390,0.2448977121353,0.1638663520046,-0.2328633397014,-0.4204907520063,0.1162157405296,0.5272250421382,0.5319404426871,0.5637238426976,0.1362459370475,0.2696069710594,0.3117904196145,0.6817765386511,-0.0051156628892,0.0082133698136,0.0561819230989,-0.1466493326145,-0.2241807945176,0.1157026340216,-0.2035334739227,0.1166293993277,-0.2260333389448,-0.1982089215221,0.0645451630740,-0.2143642678820,-0.1167455533314,-0.0768227439182,-0.3088495634068,0.0427343408073,-0.1087418720743,0.0183663794373,0.2561703714286,-0.1966877864667,-0.3663820654071,0.1466475053498,-0.2127477271937,-0.0637885112517,0.0204079831464,0.0984875456228
0.0117319092130,0.0763910811637,0.1066182746834,0.3855680512503,0.2271792637045,0.3311373327800,0.4564547133799,0.7484187827268,1.0000000000000,0.4396970129472,0.3146173841074,0.2980739738931,0.5114086685651,0.0668526795163,0.3601727765391,0.3599371884624,0.5766822924389,0.3867959085110,0.8003775796845,0.7185130807725,0.4010742463734,0.2893844204715,0.3024729235268,0.6770415476536,0.7075660346574,0.4729989970901,0.4656152380250,0.0927617504082,0.1043440243605,-0.0016082555762,0.4674256172627,0.2254972022768,0.3589122826619,0.1447411295863,0.2297033335751,0.4149953160019,0.1187608883351,0.3568514503133,-0.0457375718337,0.3052844829056,-0.1928187067729,0.0543804129379,0.4216583598563,0.4702650204902,0.2419626423995,0.2162140283449,0.2949331779521,-0.0048603419894,-0.0604981125957,0.2620784171514,-0.0580403604339,-0.2724430811019,0.0150772900066,0.1699353566954,0.2433694146243,0.4146553695327,0.5143392078076,0.5579571952026,0.5261558002216,0.8853202953694,-0.0674580429473,0.3043588923137,0.0110467042369,0.0056147708174,-0.3218720157204,-0.2112726371634,0.4030985862092,0.4560403712188,0.7562328347364,0.6950459976124,0.0966389195405,0.1137509592284,0.4020899309167,0.7973329991483,0.0489936437072,0.1112029139239,0.1268012466547,-0.2453998067025,-0.1792079310392,0.3005803300454,-0.2470703340421,0.1064675156201,-0.3508379526044,0.0105078484756,0.1128878078313,-0.1794088651616,-0.0814349451599,0.1679676036070,-0.1815920827458,0.0893562142017,-0.0706620175310,0.0374486981288,0.3729095104483,-0.2453976780186,-0.4408394047892,0.0034286557312,-0.3582079627859,-0.1731768177635,-0.1706518549691,0.0193784366576
0.3597179590314,0.1499079263643,0.4422788332974,0.1720298588382,0.5123952735617,0.5778372361781,0.2092214264686,0.5720350836153,0.4396970129472,1.0000000000000,0.6233251967369,0.7746769718553,0.6406915690751,0.3112034957381,0.2056979398355,0.0211555887070,0.5013019788926,0.4479323295636,0.2705959425783,0.3264093828108,0.3078510524420,0.7030512624291,0.4296260533937,0.4745758649124,0.3425893148433,0.2470294635332,0.4202523328144,-0.0102156238585,-0.0549188421084,-0.0718253833344,0.2008753316531,0.2708633088115,0.3908438898570,0.1264690899401,0.1334557584807,0.0448421043158,0.3399870175150,-0.0419694735867,0.0406002711959,0.2539562637556,0.0781174131402,0.2783002414786,0.0272666824646,0.0684590433934,-0.0423786235834,0.1833184026774,0.2338226804494,0.1916998792234,0.1292262084816,0.5263117659514,0.3619166696541,-0.1165139334299,-0.1808430804659,0.4527143989486,0.3838218408419,0.0706156287411,0.4697443761475,0.4817128622409,0.5550154992914,0.3081084092743,0.4612891048173,0.5354017102556,0.5400458383516,0.3110223101182,-0.1494268280665,-0.3817849927543,0.0099897928195,0.4714781118481,0.2583319517071,0.2807886671244,0.3437169788030,0.5142446206310,0.4266144531350,0.3988541097437,0.0139130183216,-0.0295795340314,0.0503778511419,-0.2543961022411,-0.3141574779562,0.1243891067577,0.0520498326533,0.2515613215555,-0.2936061138456,-0.2827417582903,-0.2252130185722,-0.0981233737028,0.2167870256493,0.0881468083689,-0.3125475807135,-0.1545516012461,0.0345505313168,0.0137280687174,-0.0267348821903,-0.1501306358154,-0.2200427808333,0.1834714642853,-0.2397681427401,-0.0669497193107,0.2381853303361,0.3126475147990
0.3030314458074,-0.0308193791090,0.4075318485725,0.2536057331252,0.5149228286884,0.5676913521921,0.0732822018738,0.4434066571791,0.3146173841074,0.6233251967369,1.0000000000000,0.7460267110797,0.6643961679015,0.2790458676156,0.2999229777848,0.1184265930018,0.5250289138958,0.5065284460406,0.2488692440335,0.3309840796032,0.4048281469272,0.5200406443966,0.6170807452500,0.5042662795453,0.3148493031592,0.2978034017285,0.5490466934343,-0.0977559908471,0.1122839629233,-0.1324837908450,0.3096516458315,0.3804346469988,0.4736365040126,0.0752794640751,0.1204101240228,-0.0323471353724,0.3548441353090,-0.0224432560724,0.1091155365781,0.3020929692957,0.1459613473790,0.1610062922467,0.0729674288326,0.0290232441308,0.0054788021664,0.2055451302846,0.3232133275362,0.3494345206801,0.2902477013129,0.3352897515204,0.2015571943695,-0.1706249093592,-0.0272015892389,0.4022706985697,0.3838596806353,-0.0719385000443,0.3588101528247,0.2224092087792,0.2282488690266,0.1401449540816,0.2591967497981,0.7235366493726,0.5234978664751,0.3208139467269,-0.1877847599747,-0.2400017217815,-0.0638719447450,0.4349187841889,0.1084461603276,0.2166354508675,0.3689316331459,0.5719567346365,0.4692107835255,0.3197649524621,-0.0349744229718,-0.1661794543498,0.1764571732375,-0.3568314353426,-0.3618321595529,0.1444019442268,-0.0301171378381,0.2770956417906,-0.4129063748384,-0.2098060294650,-0.2546932147839,-0.3296092198230,0.2623549332946,-0.0884391961934,-0.2715993039295,-0.2167621235954,0.0974533701580,-0.0039879280918,-0.1591214356408,-0.3225083529844,-0.4099875520815,0.3244590810916,-0.1260737857629,-0.1587880438293,0.0195729873062,0.1729559464963
0.3406491371926,0.1757930956502,0.3702029058841,0.0597047869437,0.4747694887275,0.4628567650836,0.0145576838204,0.4955861898878,0.2980739738931,0.7746769718553,0.7460267110797,1.0000000000000,0.7237452798850,0.3019970560857,0.0393124015817,-0.1387616012725,0.5234740007909,0.4601711237759,0.1127434072077,0.1582426821271,0.3427543714114,0.5976443084904,0.7012037906778,0.3658992510452,0.3273990455758,0.1400038327700,0.3458078070230,-0.0945283964442,-0.0934869605984,-0.2723464605278,0.0634027130710,0.2395950018807,0.4199203931698,0.0024653465657,0.0278734867736,-0.1337108706729,0.2525013748464,-0.2935249883814,-0.1081217429329,0.1521912927504,0.0598298845046,0.2136798154113,-0.2192861108662,-0.1459017472314,-0.2078224229283,0.1123693125646,0.1504876903717,0.1276923582372,0.0007487891608,0.3437433429405,0.3221677479436,0.0257340441802,-0.1466344845160,0.3710112841875,0.2873946739428,-0.0633732123481,0.5506847764296,0.4158185213637,0.4676810991496,0.1141320450362,0.4912660780438,0.6231624963878,0.7636851754790,0.5487711357030,-0.0628972471487,-0.3828511055261,-0.1789960135447,0.5993066186274,0.0636947836416,0.2095996933349,0.5452736784273,0.6905991102964,0.4896473704797,0.2746139775071,-0.0360522237178,-0.1166653278184,-0.0187706946711,-0.2219612010048,-0.3572967089868,0.1466155016638,-0.0077922879636,0.2973126684208,-0.4164626723950,-0.4693782157807,-0.3857222505953,-0.2342547067285,0.1976435273120,-0.1522755738614,-0.3892223875424,-0.3981468267094,-0.0969108972410,-0.0069720118166,-0.2696253782172,-0.2443742648593,-0.2684775252712,0.1427030276511,-0.2542739211372,-0.1639505047061,0.1350263825298,0.3922049933728
0.2574772455213,0.0598129001602,0.3777118017498,0.1729247796458,0.5533469361739,0.5519989021117,0.1374955546665,0.6760636530171,0.5114086685651,0.6406915690751,0.6643961679015,0.7237452798850,1.0000000000000,0.2148921151617,0.2040426514154,0.0428262094537,0.6659935834543,0.4213283226806,0.2580388534583,0.4662155445949,0.4270282270151,0.3954648873231,0.5072809612726,0.4917525631177,0.5624455581163,0.4416848343219,0.5789097960793,-0.0509276805816,-0.0216358523816,-0.2128142676677,0.2718591160008,0.4352996792257,0.5306902564118,0.1556891820833,0.1729849185478,-0.0167669921454,0.3384329894391,0.1132591248188,0.0340056555720,0.3286489467744,-0.1050447125401,0.1130536473869,0.1211509881134,0.2043334153015,0.1405001473521,0.1979641946672,0.3273248352584,0.2335956543116,0.0747342446053,0.3562555894969,0.1882007053072,-0.1809000427789,-0.1739797807379,0.4303382926986,0.3987841732004,0.0052138356395,0.7239537333979,0.4988303333971,0.4738177725993,0.3484801279568,0.2612666089225,0.6328266422435,0.5238697150435,0.5171792620388,-0.3298453129076,-0.4194537090579,-0.0420423401190,0.5355997600712,0.2466718912523,0.3234550471518,0.3395386750420,0.4641700224532,0.3888496780469,0.5389916541798,0.0347990296910,0.0415567992251,0.1302892032729,-0.2416721656283,-0.4697035116445,0.0575513319573,-0.0316311378862,0.3474950053756,-0.4163718063839,-0.2991012905907,-0.1198062513872,-0.2166636850144,0.1151655428197,0.0177131298898,-0.3369040878858,-0.0971803216819,-0.0048530786790,0.0776335315642,0.0846246243472,-0.3204341995799,-0.4320414687611,0.2793608793735,-0.2944943662039,-0.2071298043223,-0.0475288362185,0.1279781606898
0.5079737427485,0.4804685880425,0.4645885268821,0.2099411356213,0.2845599639709,0.2355007242637,0.0343446259769,0.1365485139368,0.0668526795163,0.3112034957381,0.2790458676156,0.3019970560857,0.2148921151617,1.0000000000000,0.2585350375317,0.2518410058905,0.1780922151621,0.2160028457757,0.0069284918574,-0.0430797328630,0.1742951645039,0.3101160962004,0.1428640302531,0.0657721343832,0.0064499589987,-0.2270929630627,-0.0170147532275,-0.0084310878727,0.0886518561292,0.2652220096252,0.1060080493541,0.1438437540788,0.1869819516070,-0.0100497987656,0.0603995174546,-0.0975307152448,0.1854779226050,-0.2266245660841,0.0308578598715,-0.0800672843760,0.4315620561962,0.4963170971741,-0.1076144534432,-0.1428254517329,-0.0236321852894,-0.0549011300565,0.2329910812959,0.1153306394877,0.3253035222638,0.3677344200257,0.3356491552647,0.2377272403930,-0.0262215550010,0.2395548525796,0.2004882477160,-0.0267141713608,0.1044759225871,0.1452105250088,0.2979825381776,0.0433546446371,0.1550256544508,0.1412240968035,0.2446612079635,0.1718268542404,0.3208793799042,-0.1399240347262,-0.0461102103587,0.0955439207352,-0.0211590258828,-0.1141470798316,0.0778298695762,0.1107208020484,0.2158389802814,-0.0560990429927,-0.1984342691360,-0.5863330403784,-0.2623950599831,-0.0962098047419,0.0074896554657,0.0345389098499,-0.0479738923391,-0.0358741971835,0.0508805239815,-0.2250919729856,-0.5362465067732,-0.2485366553448,0.0493498851554,-0.1025579128867,-0.3385272681676,-0.4325531889953,0.0232916044713,-0.2477081197241,-0.2996933035317,-0.0545824651586,-0.1662594588222,0.1290425240568,0.2840049881228,-0.0290382747868,0.2010632657990,0.0859847264250
-0.0471055841246,-0.0017666848920,0.1247017534128,0.6267133826145,0.2171109102315,0.2805065870490,0.3599875276308,0.1893579343162,0.3601727765391,0.2056979398355,0.2999229777848,0.0393124015817,0.2040426514154,0.2585350375317,1.0000000000000,0.6255807258384,0.4537459303463,0.2590774024742,0.4940414157283,0.5387985876691,0.5015806803779,0.2027139312601,0.2606569762453,0.5379232544467,0.1273092891717,0.4828728619255,0.4554544384454,0.0800236196998,0.2402631522280,0.2491017334839,0.6328709899663,0.4735173702195,0.5200027477674,0.2733833286502,0.6397587470373,0.5095998470560,0.3086582568214,0.3940400246345,0.1840735631433,0.3362304850448,-0.0228546910691,-0.1639841577348,0.4893700364471,0.2648271558170,0.1737792953821,0.2538436716837,0.3497800695552,0.3059762080806,0.3798599363496,0.0918202596974,-0.1586548422088,-0.3376707601556,0.3352966051775,0.1219426639349,0.2216815463437,0.2216435088010,-0.0780921180658,-0.0631091327297,0.0921682034476,0.3378223836762,-0.3086568686727,0.2031248791647,-0.2243559510437,-0.3771520213368,-0.2243641413763,0.0371139975369,0.4919150657093,-0.0157266615616,0.4177242139386,0.2452771548835,0.0451853096650,0.0990260740927,0.2285983178937,0.3355469834033,0.3305692679472,0.0960998545107,0.1886691168220,-0.2496067251913,-0.0917377226468,0.2360223206410,0.0979476514825,0.2691551730461,-0.1685764457325,0.1340147848258,0.0467954579463,0.0007657429048,0.0818664633963,0.4480247813739,0.0003591576742,0.1826888745202,0.0596711203745,0.0167659901020,0.1832008834804,-0.2035049734409,-0.4407878045757,0.1823857023424,-0.0891199403302,-0.0753402139766,-0.3464354972595,-0.2098421538094
-0.1354586465170,0.0450298559528,0.0518724202997,0.5905907819754,0.0082177450677,0.1605209484454,0.3461499674838,0.1405886169567,0.3599371884624,0.0211555887070,0.1184265930018,-0.1387616012725,0.0428262094537,0.2518410058905,0.6255807258384,1.0000000000000,0.2543955132930,0.1704047392473,0.5516260807366,0.5046658735999,0.4966905037672,0.0614414711888,0.1928284457261,0.3522935050993,0.1657686083621,0.2960851308200,0.2401096462299,0.0834744261852,0.2203272410178,0.3090075195031,0.7567129820115,0.5228293351035,0.4835308856861,0.2263857245928,0.6263483541892,0.6347030147984,0.2296821351131,0.4632413816810,0.2443484954506,0.1937221076530,0.0133621917443,-0.0410504132305,0.5310917562708,0.3161589668046,0.3519617307344,0.1977661402752,0.3553860750151,0.1486872037284,0.2649365116051,-0.0166108199877,-0.2814577211836,-0.1575357466935,0.4107301501329,-0.0254103266081,0.0365508730378,0.3043225422649,-0.1098470466407,-0.1495641706885,0.0510663879744,0.3970388438432,-0.3974001642256,-0.0718765078223,-0.4181087184664,-0.3367571715503,-0.1636209912956,0.2294946840387,0.7240848180219,-0.0977583008323,0.4581270684048,0.2588085305443,-0.1441256088701,-0.1448058938676,0.2149352867452,0.2757441264516,0.2988038746374,-0.1265044964662,0.2304010607822,-0.2454271201740,0.0584667384437,0.3792743131579,0.1356445250227,0.1574659577590,-0.1389278712582,0.5241623489471,0.1408048459406,0.0067670255693,0.0774117622588,0.4007284870448,0.2006269676922,0.1834002524328,0.1016089403723,-0.0491854489356,0.2080608630228,-0.1243968205204,-0.4253636254210,0.0320942201487,-0.0932330196645,-0.2675936623006,-0.4101906303201,-0.3878678160227
0.1239461608477,-0.0609852490438,0.2958575061054,0.2961696908935,0.4005700291898,0.4583283288184,0.2688693860882,0.6180769169015,0.5766822924389,0.5013019788926,0.5250289138958,0.5234740007909,0.6659935834543,0.1780922151621,0.4537459303463,0.2543955132930,1.0000000000000,0.6815612955032,0.4546051124901,0.6525805170252,0.6180134398211,0.4057458332055,0.4618221837393,0.7325742805466,0.5443573149226,0.5062712153679,0.6601370878405,-0.0083642117793,0.0446159222033,-0.0602627130627,0.6115503257388,0.3780657834899,0.6861876275446,0.0265490295280,0.3200678511087,0.1943674328894,0.3388385443724,0.1486038150094,-0.1235538584982,0.2242022373874,-0.1372264146370,-0.1479053194238,0.1231542825701,0.2023852210287,0.0089673490160,0.1779072527147,0.3024719379799,0.0708627950596,0.0670224935343,0.0445589501220,0.0654585915141,-0.2299302180946,0.1054321183036,0.2855847773709,0.3740372532353,0.0764524913042,0.3924531437963,0.3841032636011,0.4788925604502,0.3608158528965,0.1328841220168,0.6341337146995,0.2799163697544,0.1489221271885,-0.2586185870185,-0.4488775275142,0.2935013045400,0.6518363648027,0.3661049618077,0.5384693791430,0.5109311976064,0.4703918069526,0.5318594810609,0.5575653565086,0.2833979710411,0.0647974752833,0.2536239053677,-0.2417029595312,-0.2960381842439,0.4323933962986,-0.0389552236944,0.4862349020910,-0.3770010938937,-0.3091238781254,-0.1469170705673,-0.2336342126597,0.0845750863611,-0.0048784421917,-0.3484768582285,-0.1061286848079,-0.2256451535120,-0.0764884259656,0.0167312036314,-0.2328533771480,-0.4331419171448,0.1332021654671,-0.2351320237245,-0.0819985534633,-0.1740795383153,0.0479772437373
0.2896472171772,0.0711528264993,0.3358604417620,0.2534269398182,0.4007492438202,0.5071050750568,0.1784458683245,0.4702877694990,0.3867959085110,0.4479323295636,0.5065284460406,0.4601711237759,0.4213283226806,0.2160028457757,0.2590774024742,0.1704047392473,0.6815612955032,1.0000000000000,0.2165258659118,0.3882847365482,0.4096810523203,0.3502566776958,0.3821435591344,0.5942439847062,0.3747835535551,0.2281278925874,0.5077610102525,-0.1766585988445,-0.0512314225711,-0.0763584758141,0.4819937004260,0.2157996877480,0.3859085739157,-0.1071174608224,0.1558645225582,0.0406894264620,0.3780255996056,-0.0783326232168,-0.0127411873829,0.1042421087381,0.0685056217984,0.0412875345976,-0.0787376386464,-0.0758909833560,-0.2302664140424,0.0046042597468,0.1661543726501,0.1457527004037,0.1146350776995,0.1538060967241,0.2227575608693,-0.0588508440459,0.1400867534862,0.3326740967063,0.4437046569746,0.0467541583521,0.2068672930230,0.3258951605972,0.4043168965509,0.1347660751733,0.2080163541202,0.5637252450540,0.2537437796178,0.2017489130810,-0.1119319255329,-0.3449658172787,0.0947639308374,0.5794602058033,0.0797189885631,0.3368941625631,0.3568903617617,0.3709709743176,0.5818911829790,0.2976910610169,0.2372922705898,-0.0302362655414,0.4188124217971,-0.3177613828303,-0.2076369327930,0.4237524766809,0.0015931042672,0.2970632638332,-0.3380028120248,-0.2552980251987,-0.2731943895859,-0.2769644438410,0.3506137739177,-0.0666290248507,-0.1821491264325,-0.2108511432219,-0.0522573497739,-0.0957638643094,-0.1787306592178,-0.2050806656321,-0.2819897782030,0.2349946469550,-0.1261470091165,-0.1202820291601,0.0827753873432,0.2200692571270
-0.1201514018705,-0.0554761701640,-0.0224070550504,0.4764400273003,0.0874260568756,0.1849937842481,0.5188888531832,0.5420938045247,0.8003775796845,0.2705959425783,0.2488692440335,0.1127434072077,0.2580388534583,0.0069284918574,0.4940414157283,0.5516260807366,0.4546051124901,0.2165258659118,1.0000000000000,0.7192315828809,0.5077026239697,0.2679998521892,0.3231097461032,0.6009799323843,0.4345669100362,0.5033044058184,0.3672960631777,0.2079156117200,0.2428672465081,0.1748896137124,0.5745861149546,0.2496968111579,0.3967222190043,0.2227792494790,0.2944701824130,0.5850960375806,-0.0604410584149,0.4426916981866,-0.1692869691450,0.3695221807989,-0.1004273889779,-0.0279919835032,0.5710031811023,0.4960431376903,0.3156649630501,0.3550337504646,0.4289610019585,-0.1374707854452,0.0298189128261,0.1253780569971,-0.2212880956997,-0.3922028958165,0.1100854249517,-0.0024729268566,0.0946849861919,0.4900850352823,0.1910710854447,0.2270717322535,0.1929205345534,0.8216702588355,-0.2809505372056,0.0992797595665,-0.2007373783143,-0.2943889226643,-0.3268943725759,-0.1449395052056,0.5797377814396,0.1911237109512,0.8748198332178,0.6153261140390,-0.0149336303580,0.0700996712269,0.2531901579739,0.6959382301753,0.1397484966428,0.0869812846540,0.1057420195265,-0.2168617271599,-0.0234391721630,0.3005901680332,-0.1847607487818,0.1020229976945,-0.2269717780787,0.1623116441743,0.2096370236306,-0.0160276880262,-0.2548574384718,0.1660581996794,-0.1073348562364,0.1561965922295,-0.2121968399068,0.0766055123995,0.4222194539109,-0.1429852284509,-0.4068554538254,-0.2010731677362,-0.2506407729212,-0.0985038659076,-0.3148766762469,-0.1884085268293
-0.0545537899191,-0.2315630254068,0.1029869258352,0.3319811347468,0.2503609612774,0.3104574299231,0.2758706423978,0.6821938087734,0.7185130807725,0.3264093828108,0.3309840796032,0.1582426821271,0.4662155445949,-0.0430797328630,0.5387985876691,0.5046658735999,0.6525805170252,0.3882847365482,0.7192315828809,1.0000000000000,0.5142343762174,0.2131086316995,0.3396148771524,0.7229898219289,0.6910482713915,0.6923131904868,0.6834317363472,0.1121843572400,0.1639130991861,0.1527168993961,0.6864005798776,0.4816591840927,0.5652342605233,0.2773372354871,0.3928743445206,0.4804263772936,0.2538951860452,0.6159805070974,0.0200251233049,0.4160280508894,-0.2360810238952,-0.1558050044378,0.6057514552529,0.6014294956332,0.4006389169244,0.3393545122137,0.4274290838300,0.1486817715983,0.1893376426007,0.0755100385167,-0.1802971528262,-0.4966078682768,0.0418012236555,0.1150786287212,0.1758538597407,0.1390351333723,0.2903059536750,0.2840466331958,0.2407489481044,0.6109643648733,-0.2813020924078,0.3496593676418,-0.1714506508090,-0.2622814174744,-0.5085284840382,-0.2547299223126,0.5063831376604,0.2615382036903,0.6443185492580,0.7427768569113,0.0310078090206,0.1453941863891,0.2897156068526,0.7979570291979,0.2469011813058,0.2347824936342,0.3622387964050,-0.2593408329993,-0.2110593867684,0.2204835039320,0.0044144996035,0.2854330163335,-0.2489028220150,0.0830888324959,0.3837842942479,-0.0769190554449,-0.0384386137758,0.2417343789548,-0.1548368703945,0.4070890345661,-0.0652880886649,0.0625316168491,0.4647313713989,-0.2544037781946,-0.5077894512229,0.1707462702481,-0.2661928960731,-0.1301474529548,-0.3878557854517,-0.2211962812223
-0.0765618137516,0.0092852501225,-0.0537203643688,0.3718155681240,0.1654044691775,0.1970149829215,0.2463889165335,0.3564299139165,0.4010742463734,0.3078510524420,0.4048281469272,0.3427543714114,0.4270282270151,0.1742951645039,0.5015806803779,0.4966905037672,0.6180134398211,0.4096810523203,0.5077026239697,0.5142343762174,1.0000000000000,0.3768712901254,0.6122716582330,0.4917403851912,0.3446958753857,0.5006249378938,0.4196595947104,0.0611891448317,0.1684600022529,0.0255800571882,0.6540585378348,0.4693480063688,0.7410446511715,-0.0160148075275,0.4599900435872,0.4032386852205,0.1551943014076,0.1940351387389,-0.2216474590288,0.1644552362102,-0.0791083091382,-0.1466869105964,0.2686925436233,0.1634282405539,0.1709878591929,0.3423653102987,0.4107345367020,-0.1880349918528,-0.0017751000757,-0.0005229308085,-0.2229578364059,-0.2394972499411,0.1426996393466,-0.0463835940361,0.0876055552065,0.1566579072984,0.1905160633605,0.0926790985764,0.2337460095964,0.3374321343653,-0.0843073402553,0.2464168260862,0.0612335040701,0.0118246652961,-0.2679236912514,-0.2800635415919,0.4062987872697,0.2999621124505,0.4237076103215,0.3812236326740,0.4341187420976,0.3849531660439,0.5047323945732,0.4662284351636,0.5394182620944,0.0805442736348,0.2577231651065,-0.2512679961606,-0.0707604891147,0.4445875807009,0.0451858701662,0.4583078612862,-0.3793657662915,-0.0617780539549,-0.0749778715778,-0.1218794791613,0.0727038994233,0.0802184065176,-0.0842405096464,-0.1585813529397,-0.3637798015917,-0.0894884350073,0.0268585445661,-0.1736954301523,-0.3561053482649,-0.2406752371757,-0.2479262760116,-0.2352405641213,-0.4284736929169,-0.0121893679727
0.2552263896797,0.0610261256265,0.1784354103520,0.0552975002199,0.3425918108706,0.2919892377450,0.0176672925171,0.3597721790665,0.2893844204715,0.7030512624291,0.5200406443966,0.5976443084904,0.3954648873231,0.3101160962004,0.2027139312601,0.0614414711888,0.4057458332055,0.3502566776958,0.2679998521892,0.2131086316995,0.3768712901254,1.0000000000000,0.4477162744268,0.3921277626824,0.2280189633076,0.2100063655246,0.3280492962410,-0.0029687054641,0.1772862030946,0.0121221191199,0.2440092137263,0.1585664019915,0.3296218457375,0.0372861493668,0.1283039542328,0.1194100306647,0.3215528879468,-0.0689925478260,0.0087248025999,0.1717719686668,0.1979548916139,0.1674229528182,0.0145634151982,-0.0028776453167,-0.0368418195730,0.3392128787395,0.2476084427792,0.0401610867188,0.2787914701457,0.2660829819212,0.2258965360286,-0.2120370599824,-0.2523844069142,0.1669872169958,0.2028801570626,-0.0963751185568,0.2476346792551,0.2451445577844,0.3538627186923,0.1764899696465,0.4002638135290,0.4048213655657,0.4726448344982,0.2090318563960,-0.1100893959250,-0.4097069333548,0.0516435526348,0.3633162198689,0.2179339400409,0.1569733163681,0.3721882633455,0.6496842843713,0.4295665622940,0.2815642868943,0.1071418261139,-0.1041736763664,-0.0158612173115,-0.2143081427106,-0.2021977304501,0.1902277126179,0.0121115429917,0.1828987374561,-0.1117025194191,-0.2680763118906,-0.3051970829134,-0.1262557359406,0.2372303444538,0.0242807647466,-0.3400928316606,-0.2607373077709,-0.0188615372507,-0.0149539429347,-0.1603958929038,-0.0349577741094,-0.0390371643741,0.0567741371843,-0.0302188767370,0.1888006841464,0.1937558062320,0.1593857870544
0.0991746249352,0.0699843694176,0.0936706325049,0.2567460393515,0.2943188414061,0.2738547635297,0.0369004089355,0.3385359196903,0.3024729235268,0.4296260533937,0.6170807452500,0.7012037906778,0.5072809612726,0.1428640302531,0.2606569762453,0.1928284457261,0.4618221837393,0.3821435591344,0.3231097461032,0.3396148771524,0.6122716582330,0.4477162744268,1.0000000000000,0.4059114279538,0.3222513205369,0.3969753593776,0.4264530399061,-0.0470805315818,0.0754981765966,-0.1473325213759,0.3015912464511,0.4602234127159,0.6020397037031,0.1139573509537,0.2418331671334,0.1407161309432,0.1580905686045,-0.0621902150240,-0.1487004303507,0.3446606135349,0.0618613570664,0.0317870006701,0.0519449876225,0.0207897974588,-0.0199357515461,0.3372123374033,0.3562815861465,0.0118311877292,0.0420201097255,0.0947623470165,-0.0707676862327,-0.1270839379321,0.0089061458151,0.0410476217462,0.0269507395842,0.0105381569296,0.2808035869545,0.0740035110514,0.1535557652387,0.1685465184014,0.0208732885067,0.3984265338372,0.3761459557775,0.1813515712073,-0.2897688439035,-0.2707748069165,0.0940662044561,0.3404656973713,0.2160540175607,0.3330690237603,0.4186039358443,0.6487263853648,0.4859045836136,0.3592839324502,0.1560437673427,0.0040897918185,0.1620359163132,-0.3275762642210,-0.1586291925763,0.2164755351486,0.0708829392647,0.3473696952488,-0.5168527850920,-0.2188980711762,-0.2132388408396,-0.1637539930940,0.1530369243267,-0.0733676071406,-0.2724439055411,-0.2912840263672,-0.2244465001155,0.0716660433478,-0.1397908816350,-0.2941640012838,-0.4504263635609,-0.0427128286516,-0.3048320063667,-0.3245467792526,-0.2792002654073,0.0939892394033
0.0163424156943,-0.1726042703968,0.1671584472451,0.3647094426584,0.3467805984538,0.4354970734231,0.3754739727980,0.5387889857186,0.6770415476536,0.4745758649124,0.5042662795453,0.3658992510452,0.4917525631177,0.0657721343832,0.5379232544467,0.3522935050993,0.7325742805466,0.5942439847062,0.6009799323843,0.7229898219289,0.4917403851912,0.3921277626824,0.4059114279538,1.0000000000000,0.5386448156058,0.5364127831608,0.7248677662056,0.0246120721091,0.1499276977137,0.0381252469817,0.6435493134808,0.3440229749753,0.5170032791416,0.0769538199949,0.4472919038628,0.4056571688832,0.4574895130698,0.1877611812395,0.0319353943076,0.2691829091355,-0.2057407703641,-0.1699299845858,0.2809440817196,0.2222586265277,-0.0422518311284,0.2604846160524,0.2723834323287,0.2031208919199,0.1946657379973,0.1183631807198,0.0041618375366,-0.4035663919860,0.1489314594778,0.2439137056795,0.4008170901825,0.2151665695858,0.3134981070410,0.2889186126623,0.3480363368957,0.4981859725912,-0.0142589224231,0.6262547693127,0.0920826848203,-0.0454460733083,-0.3379498588498,-0.3003339529742,0.4566706869137,0.4656438982253,0.5415170420408,0.6098441000634,0.3676126283616,0.4144174043657,0.6212451383716,0.6648478789140,0.3048563768581,0.1761790650639,0.3604933503322,-0.2588042593774,-0.2026765694650,0.4098976505580,0.0364842868735,0.3930055324712,-0.2564657637192,-0.1342694108995,0.0207862268630,-0.1675557651778,0.2388816654559,0.2871570302902,-0.2130725346769,0.0364329856811,-0.0366764447105,-0.0428362657294,0.0948962669934,-0.2052129866858,-0.4232717721712,0.2481594476288,-0.2173565992471,-0.0014414271321,-0.1816339623789,0.1077885661192
