1.0000000000000,0.6205399409622,0.7883806169385,0.4113444913198,0.8455665959437,0.5285899542502,0.2785931824204,0.4124608993168,0.2547557080210,0.3885737834488,0.3317492603685,0.4009016221610,0.2545569709201,0.4838802625037,0.1598538621522,0.0559621354765,0.1638516024449,0.3195241584781,0.0434294651213,0.1085788082624,0.1029789835548,0.1633329730018,0.0661234510716,0.1912165178066,0.0929310260926,-0.1524175291391,0.1072093528795,0.0109221644650,-0.0401439060476,-0.0850867150481,0.0582789396447,-0.1009400700199,0.0429499217131,-0.1970406551258,-0.0252099601203,-0.2416759960751,0.0289689221145,-0.2156786224341,-0.0560869793900,0.0042050670899,0.3430364270548,0.4678954141168,-0.1554389225569,-0.2003591715752,-0.0659930763626,0.0444033527915,0.1895007015856,0.2618556039084,0.1183728438773,0.4406807265991,0.8060532287848,0.5539495319876,0.0728731330700,0.7081713919050,0.5294375953318,0.4047748680163,0.1123637981186,0.3504853013289,0.4819649931776,0.3779808985811,0.3907180581435,0.3446591417626,0.2950078582841,0.1375050187239,0.6003333845767,-0.1897405531835,-0.0689445141396,0.3273956972081,0.2974562995508,0.0480768747232,0.1533342704564,0.1308361688903,0.2227511142770,0.1546829528256,-0.0343000025605,-0.3973613248962,0.0051040386117,0.0156831214904,-0.1914905896089,0.2318330402972,-0.1040382255330,-0.0213524929922,-0.0896077422463,-0.3918673505974,-0.3548577782916,-0.1212939148656,0.0276243768479,-0.0789206691705,-0.1835269963588,-0.2314993081936,0.0318782849043,-0.0896623904101,-0.1478400700933,0.0895842083517,0.0836323441022,0.2717892669106,0.0814244944283,0.0715461931455,0.3160936420433,0.3324497247781
0.6205399409622,1.0000000000000,0.5707120753948,0.4128177186475,0.5031449676771,0.3654022908523,0.4700573345452,0.3105811150360,0.2025903012704,0.2805261605095,0.0494507946668,0.1663703550346,0.1247734723296,0.3524114692811,0.2054598692709,0.0064247859407,0.1176144281807,0.1806535389290,0.0577021662612,0.0341071234354,-0.0527345460926,0.1026945839095,-0.0570913712621,0.0649332002110,0.1096368863268,-0.0217397535251,0.0030292757278,0.0913837063664,0.2007293866921,0.1746751832398,0.0049840416129,-0.1175759910521,-0.0857298217266,-0.1502975316760,0.0081710031650,-0.1349549611453,-0.1086746233928,-0.0258308991559,-0.0410814882235,0.0336503336191,0.2756466726448,0.3528452513046,-0.1413491944108,0.1220161395120,0.0758432338837,0.0237467194821,0.1082371644872,0.0452087335827,-0.0204002873060,0.3636606545093,0.6004462084169,0.7716355199364,0.2607704688710,0.5123574178457,0.4345618586329,0.4891081082953,0.2007079678050,0.3835044115414,0.3881778686940,0.3122586211781,0.2690165581644,0.0503111386888,0.0757286882774,-0.0314393009875,0.6248567236438,-0.0175214954352,-0.1219118540966,0.1783890329640,0.1916447260878,0.0014530528424,-0.0552511691805,-0.0141456540704,0.0517291982572,0.0875588802333,-0.1907335350321,-0.1784789573396,-0.1984705847880,0.1054163928349,0.1813381628670,0.0860782989466,-0.1789215430503,-0.1284584378558,0.0893525791468,-0.3169107722054,-0.2069604085793,-0.1297887040990,-0.0632683570000,0.0209291435753,-0.1884588157382,-0.1304890603935,-0.0023690651305,-0.0291282912799,0.1041526447953,0.1021626570901,0.0300412507964,0.0434175031216,0.2095807388339,0.1968286185052,0.2991417910067,0.2459342934695
0.7883806169385,0.5707120753948,1.0000000000000,0.4122516079877,0.7517583828636,0.7048837925864,0.3370347729054,0.5779142219760,0.3613158491505,0.2745658642979,0.1732645577440,0.2514385990384,0.1430091948444,0.2645282763027,0.0460699283285,0.0950144812860,0.1697503578548,0.4007527056893,0.1083682527635,0.2558773706812,0.0715128410650,-0.0466104362770,-0.0632955840239,0.1821601453020,0.1821774352667,-0.2005897255350,0.0774146598607,-0.0164293703148,-0.1701381506071,-0.1710200847083,0.0786165245072,-0.1780475792185,0.0534092125194,-0.2983854532254,-0.1216377999741,-0.2296330503485,0.0114850323696,-0.1247622419575,0.0154803762918,-0.0100626895834,0.0865348266556,0.3514875409120,-0.0981609343507,-0.1139045163451,-0.0042415390978,-0.0720309121943,0.1076523425301,0.3487075973650,0.0119491926073,0.3507537974327,0.6626529793875,0.6317507048549,0.0426720989561,0.8980493612343,0.6178922138086,0.4323100754714,0.0753401218619,0.4503286477362,0.6085041321061,0.5366089256364,0.3322388214628,0.2453948874562,0.1691459129868,0.0284098488976,0.5189979364050,-0.1485616921322,0.0626265269623,0.3457479646251,0.4081167494052,0.1955707115918,0.0805515164999,-0.0033940813784,0.1528606253411,0.1831874224434,-0.0194250358015,-0.3709313447051,0.0553296867234,0.0204870509198,-0.2456320023649,0.2626885423829,0.0014605121995,0.0188169550031,-0.1296437905116,-0.3815622920418,-0.2050050855396,-0.0994698172105,-0.0426677137475,-0.0935405204500,-0.0824430439862,-0.0692990549949,0.0998163935459,-0.0597241369022,0.0125022025607,0.1044010103285,0.1326484769452,0.4077646467655,-0.0476485098078,0.0723167852790,0.3564278446768,0.2535278657994
0.4113444913198,0.4128177186475,0.4122516079877,1.0000000000000,0.4926532634631,0.5704536977509,0.6304373296936,0.2804830106578,0.2310182009308,0.1589273442996,0.1500398033702,0.1643545584168,0.1930014428064,0.1646029485800,0.3782154559517,0.4071476374802,0.3072230026279,0.4145333438514,0.2918650509403,0.1462859779895,0.1001104458328,-0.0771458364910,0.1511730770573,0.2145832432529,-0.0620812214786,0.0002008100444,0.2286811184574,-0.1937819078677,-0.1439907156687,-0.1757646947023,0.1315305186213,0.1057106043692,0.0797120061200,-0.0306340556693,0.0305174633589,-0.0243266632536,-0.0441454547507,-0.1817497922345,-0.0569043286109,0.0788460289103,0.2104677197404,0.2203214370996,0.1856957059919,-0.0947034786436,-0.0898343178821,-0.0756221583124,0.0234500324246,0.1076235661389,-0.0385043873389,0.2753538747772,0.3889082304579,0.3830624020433,0.6398344254598,0.4520089325511,0.5566817159852,0.7563067645355,0.1319845785624,0.2617910508040,0.3060663115701,0.2348103654242,0.1471499798218,0.2010810060193,-0.0120866196012,0.0923518094562,0.3703393301365,0.1352863913602,0.2202953084701,0.3513907010456,0.2721596923188,0.0555215357295,0.0055670855589,-0.0553633691545,0.0941705358819,-0.0586976898593,-0.0184456892005,-0.1797198568949,0.1197566569209,-0.2091040592487,-0.2287162806863,0.2753058337394,-0.0661013528623,-0.0233692768940,-0.2354436283958,-0.0293175287133,-0.3263094242678,-0.2263916175779,-0.0363369746246,0.0071460204618,0.0454250061818,-0.3451093626317,-0.0374840938991,-0.0355354430447,-0.1347482947940,-0.1898332400296,-0.1505804027084,0.1128882515862,-0.1194329470977,0.0080213335473,0.2295791592019,0.2670601993668
0.8455665959437,0.5031449676771,0.7517583828636,0.4926532634631,1.0000000000000,0.6931186361124,0.3909256291004,0.4182275991100,0.2463069869855,0.3725606495212,0.2900193435139,0.3572920064966,0.2511904772576,0.2591572313698,0.1078907614263,0.0451264149203,0.1661547694593,0.3304155765427,0.0601598425285,0.0596097702808,0.0150470328464,0.0357226376959,0.0374856890141,0.1584741467055,0.0180676846302,-0.1434933116150,0.0293424297468,-0.1143967767895,-0.1524342767767,-0.2257521351098,-0.0231655948853,-0.1906458581835,-0.0419035323709,-0.2260296257602,-0.0879646367442,-0.1851187254915,-0.0180117606971,-0.2069066108547,-0.0397792060845,0.0435436624460,0.2541063005328,0.3298975702213,-0.1574470687079,-0.1920645733278,-0.1106581474636,-0.1191757267309,-0.0167232096747,0.2912511114536,0.0752063413931,0.3382527091445,0.7373516158073,0.4880852318366,0.1925009531525,0.7694473580816,0.7074045815541,0.5055298008785,0.1855924193353,0.4386933434891,0.5009712675845,0.3703121734338,0.4511003172425,0.3128009803559,0.2550593692763,0.2076796671988,0.5141425875296,-0.1013990040723,-0.0170110714904,0.3908644451285,0.2902807268691,0.0454437765874,0.1324694833158,0.0531494452232,0.1667891801239,0.0573676484700,-0.0541283511104,-0.3631748369902,-0.0452781079138,-0.0986069742304,-0.2463585413522,0.2351953228433,-0.2037203325437,-0.0842693932959,-0.1862409553555,-0.3163275116462,-0.3534929240747,-0.2236687250198,-0.0053214952201,-0.0770619862171,-0.1157858503977,-0.2166967697640,0.0527748964424,-0.0519040294461,-0.1299426307515,-0.1036136469227,-0.0029682293012,0.3065243685336,-0.0514147627560,0.0890817384541,0.3303317944491,0.3513832878571
0.5285899542502,0.3654022908523,0.7048837925864,0.5704536977509,0.6931186361124,1.0000000000000,0.5771052765019,0.5646720195826,0.4528827154989,0.3102860530002,0.1118300733205,0.2078346204653,0.2030276874709,0.1622825262160,0.1660583209770,0.2766663880734,0.3711250942163,0.5725025273718,0.3162981298276,0.3231161114370,0.1082080979207,-0.1630661499221,-0.0430010053882,0.3231952595951,0.0936585770021,-0.1348383213431,0.1225193760485,-0.0665922364486,-0.2054982756519,-0.2369499956494,0.1873676435379,-0.0772468589549,0.1311223165344,-0.2062556215794,-0.1333045588508,-0.0918421175101,0.0279491859202,-0.1281359157626,0.0114072503007,0.0697459376001,0.0495716859067,0.2893606448350,0.0088351330067,-0.1043312310149,-0.0192247249774,-0.1011242117951,0.0798344017544,0.3294816424092,-0.0153658101863,0.3700235288025,0.4530010481462,0.3768565443161,0.2536022794383,0.8116675030561,0.8306921192283,0.5334943014877,0.1929499815646,0.4617181901293,0.5543108018485,0.5090982544526,0.3943007656302,0.2462525725952,0.0449774037146,0.1003269094471,0.3391491450857,0.0090008584093,0.2024909940882,0.5335670315602,0.4198609471822,0.2698951009001,0.1378227869882,-0.0933204533588,0.2124093728731,0.0762790297338,-0.0379517282545,-0.3014090335593,0.0887008655671,-0.0782913719890,-0.2277195646979,0.4179372197823,-0.1041365141884,0.0220467991472,-0.2285317592238,-0.2597858360702,-0.2384417129849,-0.2297675820228,-0.0408234120005,-0.0789739697063,0.0371450912462,-0.1838446611382,0.0727215462504,-0.0082048069810,-0.0536192257296,-0.0470292984850,0.1066650262489,0.3670465035271,-0.1633735966057,0.0544549057635,0.4098316877891,0.4201722567744
0.2785931824204,0.4700573345452,0.3370347729054,0.6304373296936,0.3909256291004,0.5771052765019,1.0000000000000,0.3081614199541,0.3485106353458,0.0206210954923,-0.2714888561673,-0.1094043949227,0.0406817016998,-0.0715735587865,0.0796232109232,0.0494889495308,0.2893123737923,0.2914545294667,0.3203377500403,0.1449498355408,-0.1211652421410,-0.2811019341876,-0.2069388282398,0.1062439118035,0.1482743958502,0.0162823514806,-0.0561570185469,0.0640783881074,-0.0538936158417,-0.0371433536590,-0.0165380498137,-0.2051167403843,-0.0991216308010,-0.2700082540801,-0.1686862647279,-0.0990239253628,-0.2424840132763,0.0510886090155,-0.1881700609443,-0.0925672321363,-0.0014611004232,0.1200069206809,-0.1433068910846,0.2324942776992,0.1496636016029,-0.1542134509181,-0.0755587529033,-0.1907041484417,-0.3176440318603,0.2295806916629,0.4011872369349,0.4233480426739,0.4817584172091,0.4825998041565,0.7047473773060,0.8295313656718,0.3188154586359,0.4688638220312,0.2984823080216,0.3315101128193,0.1997135557810,-0.0963740530922,-0.1637418514240,-0.0010522730838,0.4356863030170,0.0303044873542,-0.0081610532347,0.3996717210892,0.2142652678095,0.2142409553593,-0.0577973546011,-0.2910730000257,-0.0537349889640,0.0307552752971,-0.2558008233664,-0.0244437883654,-0.1729187717630,0.0769053836119,0.1039008699288,0.2384704086727,-0.3189841326454,-0.0817086643902,-0.0882618592373,-0.2045673488921,-0.0567828944178,-0.3206355685296,-0.2241383343844,-0.0863169664429,-0.0491441537919,-0.1721732553991,-0.1496923845772,-0.1588654112783,0.2055365072312,-0.0893240862811,0.0712570731303,-0.1551609650184,-0.0953027287990,0.2032831832895,0.3485063849611,0.3250774490382
0.4124608993168,0.3105811150360,0.5779142219760,0.2804830106578,0.4182275991100,0.5646720195826,0.3081614199541,1.0000000000000,0.7361926228376,0.3584816237713,0.1397990454403,0.3300360864503,0.4804810192842,0.0751070604207,-0.0811615928311,0.1544142179796,0.5429583876977,0.5804331770989,0.4475084434287,0.6439172029819,0.3210328768128,0.0338771672903,-0.0649753685451,0.4042019324698,0.4572276604030,-0.0560862352277,0.1617682076263,0.0571362817700,-0.1923098463643,-0.2630797475955,0.2559615207740,-0.0704200280953,0.2968451103043,-0.4156887472573,-0.1692040470951,-0.1670094709955,-0.0046034165251,-0.0740507231013,-0.2254412637002,-0.1582555136032,-0.0881852283576,0.0786376847202,-0.1509389461186,-0.0877093202733,0.0493932227399,-0.1143695274946,0.0995821305160,0.0993315968827,-0.1893592046866,0.1772062292960,0.2784749607416,0.2646251686646,-0.0487993128005,0.5690288727821,0.4405062715426,0.3042924755287,0.4900802367755,0.7064858575374,0.8199736451523,0.7663809429338,0.4214356096371,0.2597491537623,0.1860498886325,0.2745935046000,0.2415886529765,-0.3781108345231,0.1819221974808,0.6478898593428,0.7056644061198,0.5973950554351,0.3605698900070,0.0502615778455,0.3409529539019,0.4706724336386,0.2305667785247,-0.1731224530901,0.1322879622362,0.0656757856759,-0.2767256690107,0.4911275320552,0.0293209734884,0.3141239052314,-0.2746907483616,-0.4710018619430,-0.0664854362156,-0.2000976960374,-0.1394096913046,-0.2025992482568,-0.1540707064139,-0.0563169922279,-0.1828629011560,-0.1683167606297,-0.0087566725299,0.0051684769452,0.1663674586740,0.1462308433091,-0.2406198491410,0.1158540220023,0.1653514383338,0.2370065897203
0.2547557080210,0.2025903012704,0.3613158491505,0.2310182009308,0.2463069869855,0.4528827154989,0.3485106353458,0.7361926228376,1.0000000000000,0.3887295539872,0.1974477691432,0.3534093084349,0.4167224735056,0.1254440336242,0.0879901823354,0.3043755333063,0.6017238153162,0.5698851713432,0.7204306960977,0.6645661516566,0.4258399393291,0.1212705937808,0.1158940594630,0.6098524105953,0.5689645459970,0.0693810228087,0.2843852262780,0.0150511513307,-0.0767688889728,-0.1635137997270,0.3886092358143,0.1181507225485,0.3714176573972,-0.3270970979095,-0.0086788972365,0.1621363353751,0.0710834314295,0.0420308062844,-0.1441233311105,-0.1885302195199,-0.0491866078227,0.0437278441308,-0.1102169527572,0.0650909019012,0.0573287684752,-0.1191486634370,0.0689183303680,0.0497597156871,-0.1832952570663,0.2027593726593,0.1417881656322,0.1515298150663,0.0612441956994,0.3448227735072,0.3210145605275,0.2398799035145,0.4411924849685,0.4533814534603,0.6316173333146,0.8984638545923,0.3489447627217,0.3140998270911,0.1724925460678,0.1998276980642,0.1358726728075,-0.2051399607205,0.3245462193214,0.6078753247541,0.7711189630814,0.7145882898968,0.4577557571282,0.1177924834363,0.5092221872811,0.6383137104355,0.1912964166903,-0.0412395434722,0.1521916804947,0.0275110054012,-0.1540873695917,0.5449420018848,0.0538379462591,0.3423541815448,-0.2555905747235,-0.2914639465803,-0.0276304262073,-0.2271577018515,-0.0396598523894,0.0076525551555,-0.0856945691682,-0.0387419808194,-0.1794128975525,-0.2317337860622,0.0108392057148,-0.0448325085096,0.0140408871718,0.0248193402105,-0.1546350333891,0.1162321740303,0.0606715371521,0.2507849245119
0.3885737834488,0.2805261605095,0.2745658642979,0.1589273442996,0.3725606495212,0.3102860530002,0.0206210954923,0.3584816237713,0.3887295539872,1.0000000000000,0.6022160288887,0.8081541090982,0.6370971691182,0.4657138325228,0.3767657374877,0.2117649210850,0.4789770414132,0.3256059710329,0.3327083610941,0.2452229216360,0.4711484887098,0.6103898188846,0.5456931270752,0.4809179787437,0.0535355450741,0.1381394876408,0.3893759489171,-0.1083778092622,0.0363597417255,-0.0178512152092,0.2971594948030,0.3427007455755,0.3898012662219,0.0563546271752,0.2300783020308,0.1747907171970,0.1982610519851,-0.1675277390920,-0.0303497365346,0.1191762492706,0.3018274606066,0.2118941115487,-0.0801604040692,-0.1937718719090,-0.1819013858013,0.1721802818465,0.1901760008567,0.1696174283657,0.1667358318818,0.2857358558420,0.1921373439488,0.1235576888443,0.0800113386190,0.2303637899622,0.1418893520786,0.0433374678235,0.3584246320608,0.2390090464153,0.4201767340083,0.3225489572635,0.5977627905872,0.5999722592363,0.5416299338507,0.3241658196205,0.1644224371707,-0.0602573045138,0.1617931191184,0.4583007493308,0.4115602695329,0.1791807550688,0.5387914354486,0.5706918395808,0.4977194418936,0.2886584066261,0.1855073010935,-0.1297174838056,0.1164881084621,-0.1314342136536,-0.0848549550253,0.3216008108637,0.0943142868984,0.3122348962915,-0.2060693516688,-0.2302722418265,-0.3217103323175,-0.0733970876830,0.1724989536245,0.1656773619272,-0.2091625493314,-0.1871324251231,-0.0458272937419,-0.0272416769278,-0.3131429940163,-0.0262859695796,-0.1999214217583,0.1064960888125,0.0915154376655,-0.0829262883600,-0.0081169741693,0.2932044703239
0.3317492603685,0.0494507946668,0.1732645577440,0.1500398033702,0.2900193435139,0.1118300733205,-0.2714888561673,0.1397990454403,0.1974477691432,0.6022160288887,1.0000000000000,0.7862351466258,0.4855768341295,0.4486607726837,0.3856418066216,0.3348959855575,0.3419298981892,0.3188408335840,0.2284967399160,0.1656185419374,0.5555804709577,0.5967313286356,0.6855172903482,0.5016776233054,0.0108881942679,0.0882009198697,0.5420648976175,-0.1682881899305,0.1422610859250,-0.0462129852550,0.3800134236215,0.4059351283008,0.4154657651383,0.0929911728131,0.2878227474224,0.1665112650796,0.4305402024514,-0.1867800589074,0.1416892576732,0.1112034766931,0.2497516356218,0.1308210372741,0.0941659033468,-0.3044195849811,-0.1951283201630,0.2032744947377,0.1725230589511,0.3632198690969,0.3521663263957,0.1990572958890,0.1255011107644,-0.0835079999795,0.0523014958523,0.0784229534178,-0.0185948193099,-0.1665817753360,0.0227103468279,-0.1180548054867,0.1576395789475,0.1558299472900,0.3296033795113,0.8453482633230,0.5927141712941,0.3216664763742,0.0515543900604,-0.0429837414696,0.2201954600441,0.3144783958336,0.2610924705850,0.0582372328613,0.5471981267248,0.6666108054226,0.5991751521072,0.2501289070629,0.3339430652011,-0.1567542591553,0.3996380609425,-0.1916909126503,-0.1325638119695,0.3506750634576,0.2407248915280,0.2905272059805,-0.1900663647819,-0.0206827370944,-0.3156583499796,-0.0070464721536,0.4090770170839,0.1932781246789,-0.0653842808513,-0.1835796515300,0.1287861262668,-0.0332648081414,-0.4245908201268,-0.0091558424826,-0.1813715567284,0.3009000511935,0.1083585031671,-0.1686310802094,-0.2475356927609,0.1567367091577
0.4009016221610,0.1663703550346,0.2514385990384,0.1643545584168,0.3572920064966,0.2078346204653,-0.1094043949227,0.3300360864503,0.3534093084349,0.8081541090982,0.7862351466258,1.0000000000000,0.6989021068096,0.4509073951544,0.2854516307838,0.1839362467499,0.5281460101734,0.3659072952994,0.2976788583786,0.2361484786790,0.5675857894806,0.5907471089725,0.7625829302897,0.5196768840880,0.1062502433075,0.1303891008103,0.4673224266352,-0.1373343634729,0.0760000818156,-0.1019565206555,0.3107435675818,0.4141797484068,0.4783478507755,-0.0081029289000,0.1297629391058,0.0548708921037,0.2369517121955,-0.2722931467227,-0.1215225691943,-0.0012355201320,0.2875343847113,0.1633784579434,-0.1544732881546,-0.2599790987681,-0.2608453193691,0.1572684003239,0.2090600444926,0.1469278250477,0.1068075993861,0.2221116188351,0.1732578851816,0.0258546519202,0.0742995826609,0.1691733043439,0.0284115528044,-0.0203484003200,0.3159868190931,0.1525639824977,0.3567271224583,0.2863827303125,0.4217960155683,0.7482529152157,0.6932968319169,0.4569154062958,0.1264728407442,-0.1748715156851,0.1000843355037,0.5137940395739,0.3705286353617,0.2248113774089,0.6362697769220,0.6727692639186,0.5754412682236,0.3843172309899,0.2676925594288,-0.0739862259343,0.2490892711328,-0.1288266798286,-0.1175771480111,0.3906207931424,0.2139113251575,0.4307050160195,-0.3277284012637,-0.2755327656042,-0.3318073617342,-0.0825737181407,0.2271937163371,0.0365069362280,-0.2698284519285,-0.2618629131196,-0.0999170873540,-0.1244501614812,-0.3585735085972,-0.0331633781123,-0.1869184932036,0.0683956915314,0.0314546510037,-0.1477326161515,-0.2039043605006,0.2307787985490
0.2545569709201,0.1247734723296,0.1430091948444,0.1930014428064,0.2511904772576,0.2030276874709,0.0406817016998,0.4804810192842,0.4167224735056,0.6370971691182,0.4855768341295,0.6989021068096,1.0000000000000,0.2553663776356,0.1087345373485,0.1305937419763,0.5215871182064,0.2439722886641,0.2147659447032,0.3136312540647,0.3752896368727,0.3739695742401,0.4305233713571,0.4069009463915,0.2237818188134,0.0722802593439,0.2972017615475,-0.1567702828785,-0.0345004398844,-0.1948393745649,0.1949381211010,0.3055801393853,0.4510344850354,-0.0878402158956,-0.0521655032487,-0.0263919435855,0.0836750033261,-0.0997881456717,-0.1821580180849,-0.1404911792917,0.1700657219625,0.1660425293243,-0.0593234707981,-0.1365936895283,-0.0047402862856,0.0328074911018,0.1635641310270,-0.0036180197628,-0.0098743453639,0.2451224613078,0.1148843877713,0.0181041877549,0.1089616485276,0.1534706610459,0.1114411072018,0.1061643522917,0.6748482186859,0.3705012046775,0.4033122891651,0.3414708431542,0.4671766088233,0.5014295105229,0.5301198947267,0.7691551534793,0.0411499136370,-0.1524381266994,0.0248311862045,0.5594056491512,0.3144905267126,0.2195446486106,0.4341178196017,0.4239703716558,0.3996161075254,0.3755722142726,0.1283890752611,-0.0566118108219,0.1472234618104,-0.1188284845025,-0.2274978799113,0.3210805969966,0.1628029751565,0.4029466817929,-0.2725091178180,-0.1977937172116,-0.1488869087549,-0.1044784848477,0.0026460587094,-0.1021375474477,-0.1522601841236,-0.2068280906644,-0.1571278465325,-0.1983690410377,-0.2016457515437,-0.0672607067099,-0.0514988916892,-0.0427785705983,-0.1055487482227,-0.0645052803269,-0.0264090976406,0.1884389723625
0.4838802625037,0.3524114692811,0.2645282763027,0.1646029485800,0.2591572313698,0.1622825262160,-0.0715735587865,0.0751070604207,0.1254440336242,0.4657138325228,0.4486607726837,0.4509073951544,0.2553663776356,1.0000000000000,0.6096913713105,0.4607871990764,0.3346703712635,0.3236443610627,0.1973321366600,0.1842526863426,0.4456005057742,0.4903047675508,0.3599108729223,0.3280273114202,0.0347712511860,-0.0772237492119,0.3354923366883,0.0587664169777,0.3297746678354,0.3696536156765,0.4763608049929,0.3882121607321,0.4501281642579,0.1654128007191,0.3243055610008,0.1109864528774,0.2687883665315,-0.1376384008101,0.1290863823389,0.1320455953663,0.5433791604110,0.5358840686791,0.1322365205934,-0.1334515026193,-0.0067345992857,0.3053146208306,0.4948651371099,0.2755016944078,0.4834534300617,0.5262792141265,0.2819482766034,0.1978322006621,0.0799198878890,0.1299195318276,0.0695324796183,-0.0435116428929,-0.0495187542690,-0.0871577273334,0.1441278269925,0.1153968753532,0.1775280830174,0.4638735441165,0.2788241227403,0.0046473863383,0.3526206831165,0.0505798580176,0.2055664300393,0.1748884334826,0.1689876426822,0.0353421447555,0.2512116129762,0.3781485400953,0.3045374528096,0.1173718007833,0.1133901926953,-0.3415884429182,0.1065143632782,-0.0203139471442,-0.0052689565187,0.2708419587756,0.2205830036761,0.1750647668870,0.1750116772051,-0.0688895379816,-0.2326387525521,-0.0227956806818,0.1923477840557,0.1635478389731,-0.0968370086356,-0.1827841610315,0.1235414544079,-0.0055758463026,-0.2547369764036,0.1696307731192,-0.0808462621859,0.2180394204951,0.4269579049735,-0.0012515494237,0.0983552436330,0.2639979442659
0.1598538621522,0.2054598692709,0.0460699283285,0.3782154559517,0.1078907614263,0.1660583209770,0.0796232109232,-0.0811615928311,0.0879901823354,0.3767657374877,0.3856418066216,0.2854516307838,0.1087345373485,0.6096913713105,1.0000000000000,0.5955280202795,0.3273575075912,0.3201645862002,0.3227983051597,0.2397338683057,0.4114847187539,0.3837810219001,0.3840628585494,0.4099693393127,-0.0650713486890,0.2494071404949,0.5123924063586,0.0038684032514,0.2941160170801,0.3710540726070,0.4773258398526,0.4841941358525,0.3278974744337,0.2936605498500,0.5928940719521,0.5266022753006,0.3689370818711,0.1382997763238,0.3778617326873,0.3130446902040,0.3587244171647,0.1952978341751,0.3877618081525,0.0507774040096,0.0135118631573,0.2739751372479,0.2504325934401,0.4122861286989,0.5211999370211,0.2876824094134,-0.0049032732451,0.0318080514181,0.3333845728065,-0.0370681384813,0.0685879986611,-0.0133152610756,-0.1681526794303,-0.2719875610275,-0.0595697895686,-0.0171439066695,0.0409281836982,0.3788739327013,0.0426784257886,-0.1873079006904,0.0976924037154,0.4327605897244,0.4169945294094,0.0989679885532,0.0992449727008,0.0268634749045,0.1925537855346,0.2872275241296,0.2940651087072,0.0395323111383,0.1238995789622,-0.0230458371800,0.2234947643133,-0.0743223494893,0.0610056227982,0.2358606569545,0.0510515399454,0.0885183510972,0.0644592190271,0.1606638918366,-0.1878841466103,-0.0621118406930,0.3052117349625,0.5016938786649,0.1396625283477,0.0280705030518,0.2758034449267,0.1068528864583,-0.1025203382221,0.0469417210911,-0.3108754407709,0.3257054230353,0.3683887308957,-0.1546165421425,-0.1001110342655,0.1282344270878
0.0559621354765,0.0064247859407,0.0950144812860,0.4071476374802,0.0451264149203,0.2766663880734,0.0494889495308,0.1544142179796,0.3043755333063,0.2117649210850,0.3348959855575,0.1839362467499,0.1305937419763,0.4607871990764,0.5955280202795,1.0000000000000,0.4080067862179,0.4624327132093,0.4686328938871,0.4870003672124,0.4838811489724,0.2068574356234,0.2948338088179,0.4344506745128,0.1265980317649,0.0936720184574,0.4730819752692,-0.0836105908213,0.0083346179627,0.1013102714097,0.7404096709219,0.5419543353471,0.5365213894028,0.2076181167841,0.5418275580086,0.5176703198615,0.4236618261879,0.1072583944855,0.3379539663196,0.1758504639624,0.1074373774617,0.1238479420798,0.5203471908696,-0.0641554013902,0.0838196045241,0.1399566647692,0.2752791848643,0.3839396222939,0.3563282834481,0.1689898981687,-0.0942928392254,-0.0417797865084,0.3376183903728,0.0374056990206,0.1108843478891,0.0118805577458,-0.0870911700208,-0.1393051425377,0.1518605042896,0.2350001329945,-0.0051200382879,0.3421123005046,-0.0091846958910,-0.0832187231200,-0.0148940448735,0.2768255096547,0.7816800138138,0.2300303114636,0.3531557885485,0.2905184543524,0.1920032713987,0.1798513659101,0.3208864547662,0.1676613169135,0.3438825322681,-0.1474991657392,0.3979037818583,-0.1523340370314,-0.1903159873362,0.4899207680751,0.3467153700565,0.2607985133186,-0.0164566286426,0.3548414247943,-0.0265300285038,0.0177822616256,0.3016494407276,0.4349748657961,0.2438271307302,0.0225266482212,0.2104103029346,0.0509243850007,-0.1872276568595,0.0227193117495,-0.1856193903931,0.3349819942688,0.0896391715518,-0.1999838880466,-0.0383545032772,0.1122939703247
0.1638516024449,0.1176144281807,0.1697503578548,0.3072230026279,0.1661547694593,0.3711250942163,0.2893123737923,0.5429583876977,0.6017238153162,0.4789770414132,0.3419298981892,0.5281460101734,0.5215871182064,0.3346703712635,0.3273575075912,0.4080067862179,1.0000000000000,0.6935263523279,0.6586558810893,0.6627933937300,0.7276463491143,0.2710966423399,0.3655800878475,0.6898018504078,0.2794827666240,0.1249497889487,0.4164261355088,-0.0787764799870,-0.0210408634231,-0.0899227262741,0.6043965450380,0.3120189987317,0.6604984047159,-0.2321445306627,0.1148269990863,0.1713375225024,0.1715650458686,-0.1688507578290,-0.2381119458205,-0.1753313486902,0.0006493799520,0.0326752578105,-0.1104421047424,-0.1765670041303,-0.1287078407090,0.0818435990030,0.1416000634765,-0.0096357539160,-0.0833742479268,0.1640069131764,0.0584050410805,0.0376765208467,0.2283617414151,0.1606369761919,0.2633030714591,0.2086051865756,0.3364131297033,0.3279768545667,0.5210633854812,0.4783279622874,0.3227967908995,0.5014852356047,0.2872942144903,0.2133306386787,0.1301827334465,-0.1364599835225,0.3615747829257,0.8091299877228,0.5563853142447,0.5554566500064,0.6727466130623,0.3264651671013,0.5455002868856,0.4262359299077,0.4281174930878,0.0446733740700,0.2409882624425,-0.1053070092923,-0.1285315368889,0.7551050744184,0.1802258658041,0.5815999834511,-0.3085857014308,-0.2862169721598,-0.1802124751259,-0.2182584196954,0.0515055806368,0.0213755045607,-0.1139200623092,-0.2699335215114,-0.2456679549262,-0.3015132147836,-0.2251703687781,-0.0465058970200,-0.0515718049541,-0.0419089185625,-0.1235213165333,0.0561452308519,-0.0075446138344,0.3508499481085
0.3195241584781,0.1806535389290,0.4007527056893,0.4145333438514,0.3304155765427,0.5725025273718,0.2914545294667,0.5804331770989,0.5698851713432,0.3256059710329,0.3188408335840,0.3659072952994,0.2439722886641,0.3236443610627,0.3201645862002,0.4624327132093,0.6935263523279,1.0000000000000,0.5846263987217,0.6028515702430,0.5491842959646,0.0894884588637,0.2065182291358,0.7053989576302,0.2313710438473,0.0155370540192,0.4725323189177,-0.0230960797407,-0.0432943114720,-0.0127859895486,0.6376219584633,0.1740973322333,0.3679600839209,-0.1769907056460,0.0339448001074,0.0574162990272,0.3011598475064,-0.2059669481123,0.0319610136531,0.0878531078652,0.1330115553626,0.2573731935686,0.0890558225051,-0.2392765582662,-0.1154993108459,0.0949548708996,0.1989550829576,0.2327342657928,-0.0086756208349,0.3682181721021,0.1414715366716,0.1290856192294,0.1532127603983,0.3557733086397,0.4337166094655,0.2321214454866,0.0799295488625,0.2853294597313,0.5453856364190,0.4927076152363,0.1821515204787,0.4276251705500,0.0430048544157,0.0094974066911,0.1472514223483,-0.0730542141134,0.3808653197256,0.6688847232441,0.5437084278546,0.5069619006845,0.4287764192323,0.1415688325114,0.5667533590304,0.3038123527939,0.4368175986522,-0.0867674909258,0.4588887248804,-0.0736596683090,-0.1594472230481,0.7302297311416,0.0923746148426,0.2851849933445,-0.2157675127439,-0.1831325257302,-0.1804295842168,-0.1771065614871,0.2040542388312,0.0268463037736,0.1333552279241,-0.2045249060288,0.0472271545155,-0.0383960276814,-0.2011817217179,0.0394457209902,-0.0285545869337,0.2405781267155,-0.0886867965014,-0.0334503737160,0.1550929239543,0.3793509609362
0.0434294651213,0.0577021662612,0.1083682527635,0.2918650509403,0.0601598425285,0.3162981298276,0.3203377500403,0.4475084434287,0.7204306960977,0.3327083610941,0.2284967399160,0.2976788583786,0.2147659447032,0.1973321366600,0.3227983051597,0.4686328938871,0.6586558810893,0.5846263987217,1.0000000000000,0.5346458443419,0.5583303560052,0.2317304301106,0.2536521222662,0.6226771012856,0.2923993669460,0.1470167157300,0.3411250577910,0.0273339472226,0.0344931884775,-0.0114359911754,0.5073250206071,0.2256228174389,0.4191114917315,-0.1732124756886,0.1669450476222,0.3514212884791,0.0942972624003,-0.0896133099066,-0.1629222136764,-0.0638692944949,-0.1237385843422,-0.1356657300464,-0.0340151863455,-0.0634040433394,-0.1027001868276,0.0281739521793,0.0380374356848,-0.0432262927428,-0.0501265776288,0.0225148143706,0.0222757929241,-0.0123232730508,0.2150877707824,0.1005930343749,0.2063004250260,0.1618677524188,0.1500255926158,0.1741052045269,0.3651231784695,0.5808251723769,0.1933414290730,0.3618685874855,0.1454259382674,-0.0086226025431,0.1234248384728,-0.1221721641940,0.5034003557086,0.5172681008578,0.7295346887978,0.5988083236712,0.5351805832684,0.2116570471926,0.4619033168330,0.3980932130781,0.2977921438599,0.0220707188936,0.1318190901465,-0.0241935031378,-0.0810316928666,0.5817429218853,0.0226964609056,0.3480392959796,-0.1434131451168,-0.1656819392402,-0.1347747515090,-0.2200857647823,-0.0039532083254,0.1137512664305,-0.0673780651878,-0.1742752766200,-0.2307253199092,-0.1717829120789,-0.1886676596423,-0.0992998144831,-0.0955983976837,-0.0448966706887,-0.0433599953170,0.0774903016665,-0.0906536248981,0.2459688226319
0.1085788082624,0.0341071234354,0.2558773706812,0.1462859779895,0.0596097702808,0.3231161114370,0.1449498355408,0.6439172029819,0.6645661516566,0.2452229216360,0.1656185419374,0.2361484786790,0.3136312540647,0.1842526863426,0.2397338683057,0.4870003672124,0.6627933937300,0.6028515702430,0.5346458443419,1.0000000000000,0.6050827615161,0.1379258133654,0.1799414300078,0.6050550576538,0.6737723960754,0.3167452542666,0.5378548132043,0.1085437676374,-0.0335328397117,-0.0048287201878,0.6407009882911,0.4082988567798,0.6550124079397,-0.1560361166543,0.2467842878782,0.3263653455822,0.2720670849113,0.2616444228204,-0.0017034466335,-0.0598472453342,-0.1086282491371,-0.0161576657028,0.0678767480189,0.1030038747107,0.2597673306243,0.1574294579297,0.2909438114257,0.1653290300789,-0.0074773186292,0.0978670156514,-0.1156970137495,-0.0561304704958,-0.0387724512041,0.1881220152321,0.1355459336959,0.0036160073943,0.2509792561608,0.2733590569881,0.4877477662291,0.5719594410474,0.0412553318153,0.2548456780066,-0.0711990266864,-0.0322388593999,-0.0791366064913,-0.1906603468500,0.4914445090093,0.5177468534975,0.5885867248267,0.7925718627506,0.4038005293636,0.1348248514547,0.4729393018421,0.6698056514260,0.4652721475746,0.1109401081589,0.4159766527031,0.0872923630044,-0.1251784149011,0.6111925016392,0.2254570622418,0.5027850394961,-0.2591485532290,-0.2127409396446,0.2261426566327,-0.0710864921044,0.0947005792283,0.1512492749693,-0.0281084632742,0.2357275036305,-0.1088103668174,-0.2067779077031,0.0696816573371,0.1495296073264,0.0095301135799,0.1251740247414,-0.0936685575712,-0.1174545379072,-0.1144819073217,0.0761580436065
0.1029789835548,-0.0527345460926,0.0715128410650,0.1001104458328,0.0150470328464,0.1082080979207,-0.1211652421410,0.3210328768128,0.4258399393291,0.4711484887098,0.5555804709577,0.5675857894806,0.3752896368727,0.4456005057742,0.4114847187539,0.4838811489724,0.7276463491143,0.5491842959646,0.5583303560052,0.6050827615161,1.0000000000000,0.5477585943039,0.5623084697610,0.7068966731586,0.2688667088030,0.2150211539902,0.6228026677772,-0.0195751605968,0.1378889152675,0.0030190544428,0.7189380357441,0.5037361310543,0.7587189662726,-0.1269653914066,0.3376451640542,0.2597225653523,0.4158952800601,-0.1401170759411,-0.0590340191304,-0.1027656268076,-0.0191515332508,0.0038277413689,0.0163774244571,-0.2691296154682,-0.1117384562037,0.3414152724698,0.2987708701152,0.0830138706610,0.0974588478161,0.1550349524158,-0.1377432770925,-0.1824510748416,-0.0303287715651,-0.0570057383679,-0.0568631877105,-0.1705897240190,0.0061769518451,-0.1031642647062,0.2688626090829,0.3380984536541,0.1381218346305,0.6069924748430,0.3157103459870,0.0459986272213,-0.0702703057498,-0.2726397416320,0.3791686466132,0.4691917519980,0.4473085310047,0.4151313681877,0.7351923048303,0.6014801532492,0.6802319673559,0.4902998817510,0.6917805253542,0.0792062147159,0.4559701213199,-0.0766925064702,-0.1133696817023,0.6454949458213,0.3995364043290,0.6375995202296,-0.2818257162664,-0.2137473477450,-0.1563728241363,0.0326366704791,0.2985079255958,0.1727111105696,-0.0519062492165,-0.2072066187502,-0.1300803855059,-0.2708630154649,-0.3045683712778,0.1416731648106,-0.0668365119134,0.0237171186335,-0.0203764241569,-0.0593900128356,-0.2015531355673,0.2951286651299
0.1633329730018,0.1026945839095,-0.0466104362770,-0.0771458364910,0.0357226376959,-0.1630661499221,-0.2811019341876,0.0338771672903,0.1212705937808,0.6103898188846,0.5967313286356,0.5907471089725,0.3739695742401,0.4903047675508,0.3837810219001,0.2068574356234,0.2710966423399,0.0894884588637,0.2317304301106,0.1379258133654,0.5477585943039,1.0000000000000,0.6023253268456,0.3646388434139,0.0451866656432,0.1904713727752,0.4067884829296,0.0003351548111,0.3234815445819,0.0687287196742,0.3286814201813,0.3577951240073,0.4274456913999,0.1083956161799,0.4224164910560,0.2497473600020,0.2432203828121,-0.1574976314888,-0.0241091795749,0.1036182691666,0.2240917642452,-0.0450872672661,-0.1100160460084,-0.2525280210317,-0.1898764582299,0.4393461183598,0.2388473070130,0.0989818633893,0.3683128562732,0.0251509239790,0.0335296609148,-0.0902003771365,-0.0421319460435,-0.1602337395592,-0.2278887383684,-0.2458685567023,0.0608250964400,-0.1458737225991,0.0783055647304,0.0780139592650,0.3668051590866,0.5586487613890,0.5513802415837,0.1769988896840,0.1193705343091,-0.1365779219055,0.1406124890968,0.1144865721953,0.2220940200989,0.0998912275876,0.5682375385141,0.8431529360183,0.5043310974819,0.2973471057554,0.3770360966838,0.0001901923284,0.1552233448310,-0.0738952463587,0.0288451340689,0.2394441872805,0.2274578410366,0.3866624912102,-0.0926264769385,-0.1353740333521,-0.2165415420293,0.1380217238139,0.2477084431090,0.2456162383951,-0.2353404053796,-0.1222949842915,-0.0913715761950,-0.0073645016563,-0.4099908674308,0.1366940286117,-0.0770738667818,0.0535861885164,0.2552106962391,0.0164822482786,-0.2793020343784,0.1188448929681
0.0661234510716,-0.0570913712621,-0.0632955840239,0.1511730770573,0.0374856890141,-0.0430010053882,-0.2069388282398,-0.0649753685451,0.1158940594630,0.5456931270752,0.6855172903482,0.7625829302897,0.4305233713571,0.3599108729223,0.3840628585494,0.2948338088179,0.3655800878475,0.2065182291358,0.2536521222662,0.1799414300078,0.5623084697610,0.6023253268456,1.0000000000000,0.4402958300924,0.0640506585660,0.3630728179389,0.6011789623823,-0.2383506965418,0.1641425208520,-0.0174164663478,0.3226753209465,0.6310891323874,0.5285757551137,0.2129541505004,0.2798319203197,0.2853050906229,0.2245730544823,-0.1599909540837,-0.0658288812539,0.1106326747640,0.2951470649462,0.0137763641116,-0.0222826627608,-0.1561882628875,-0.2071071311152,0.3062839862150,0.2110074938716,0.0228989659236,0.1453070283829,0.0588765766739,-0.1244704386771,-0.1840543142543,0.1770879391485,-0.1875072789908,-0.2315445725395,-0.1632805953191,0.0748219830098,-0.2365616512249,-0.0450655772392,-0.0182282950614,0.0404025943469,0.5961351953593,0.4547118780466,0.2498645079574,-0.0977194472784,-0.0462502027081,0.1955256806582,0.2147785326592,0.1474854816548,0.1503357940168,0.4985252320664,0.7174884525132,0.4814821382300,0.3243527512947,0.3261950273630,0.1613558077729,0.3477646161437,-0.2347868354522,-0.0084257093830,0.2602064280470,0.2865229000002,0.4236201810641,-0.3220052413332,-0.0507535172037,-0.1946069427753,0.0071554198945,0.2462880690554,0.1586238082372,-0.1804356525635,-0.1814418461827,-0.1433057836362,-0.0548659912083,-0.3446269666079,-0.0626679883639,-0.3035413344976,-0.0862152333497,0.0940361570499,-0.3184955614435,-0.4076738617929,0.1166797550950
0.1912165178066,0.0649332002110,0.1821601453020,0.2145832432529,0.1584741467055,0.3231952595951,0.1062439118035,0.4042019324698,0.6098524105953,0.4809179787437,0.5016776233054,0.5196768840880,0.4069009463915,0.3280273114202,0.4099693393127,0.4344506745128,0.6898018504078,0.7053989576302,0.6226771012856,0.6050550576538,0.7068966731586,0.3646388434139,0.4402958300924,1.0000000000000,0.2901974987464,0.2009330555284,0.6202038588471,-0.0403738217610,0.1012593159380,-0.0127103925478,0.6645738571058,0.3682343641788,0.4879676052998,-0.1113817126754,0.2358597094007,0.3854847608134,0.5279788656407,-0.0625125719954,0.1293920639697,0.0118975311758,0.0020937461076,0.0406459531951,0.0611687394871,-0.1819500426092,-0.1659468482393,0.1608836456181,0.1016647506385,0.2759348450830,0.1551701859511,0.2361516673557,0.0216782685652,-0.0351814879536,0.1337922184669,0.1291989497212,0.1972985937059,0.0125655777346,0.1835435525781,0.0472233864829,0.3440118813653,0.4562520942808,0.2184963931920,0.5714172944160,0.1927928226779,0.1090003500688,-0.0201809412690,0.0154619911241,0.3912486584285,0.5691981012418,0.5078451777770,0.4941269933600,0.6155342555776,0.4202752520452,0.8397972154237,0.4952059391136,0.4702692003380,0.0849728158071,0.4265315539066,-0.0788588394165,-0.0875647524194,0.7197643492358,0.1881550396266,0.4239918796307,-0.2569604181777,-0.1214328595621,-0.1984668548202,-0.0868312991913,0.4266633869978,0.2849827764268,0.0686698206634,-0.1349104688043,0.0918331442165,-0.1396547063756,-0.2818168318343,0.0461693030993,-0.1393609008225,0.2466368344533,0.0255129724929,-0.0610900562909,-0.1032105421285,0.3165467254247
