1.0000000000000,0.2486239707750,0.6065612155145,0.4685581219358,0.8202037033916,0.2722337281976,0.4766962940630,0.1955501920459,0.2995033979757,0.1178997586191,0.3949099508824,0.3775705556540,0.2251433705040,0.4769248624303,0.5037861689524,0.3583554613589,0.3543989414948,0.2870173401233,0.0954059215447,0.2667669268600,0.2964227204440,0.1526409305798,0.4905123615175,0.4310030356242,0.2300198249901,0.1507600067009,0.3094863896428,-0.0838845302596,0.0428119517603,0.1989982176099,0.3573045516887,0.1780672244647,0.1919000463889,-0.0721674720300,0.3106528182179,0.3126359771277,0.5149464786019,0.1525277019806,0.5311953759231,0.0459183906831,0.2820319863318,0.3250476242908,0.4080399983407,-0.0181378238893,0.1492677382862,0.2611031195012,0.1864192640376,0.5675647632058,0.2736450354331,0.4483394513887,0.5763297819222,0.0692656037423,0.1403272026475,0.4029760293198,0.1958148907446,0.4832646251035,0.1637862852001,0.0965828993211,0.1134027095705,0.2868268382463,-0.4057907335753,0.2650313214433,0.1308084435083,-0.1808299464826,0.0090780005060,-0.0626664758518,0.4090456036419,0.0374237548691,0.3677734005497,0.1613302337811,-0.1366345363088,0.1011908420343,0.3779496190261,0.2408091740966,-0.0172744299910,-0.0524663343185,0.2265942278830,-0.2307958599907,-0.1967644908788,0.2195491365550,-0.0399197506763,0.1272781985018,-0.2608495779778,0.0750565108728,0.1081509031879,-0.0860678081946,0.3053205561046,0.4723090870683,-0.0348724635301,0.1492009553391,0.4228277090340,-0.0182974497803,0.0132967030427,-0.0657115651279,-0.0644500257999,0.5034127649106,-0.0898249773259,-0.3116707174577,-0.3428457546668,-0.1763159175593
0.2486239707750,1.0000000000000,0.2955387488843,0.2644192792387,0.2944590362689,0.2971278149576,0.0752061878296,0.0824792241333,-0.0070477891531,0.1378597387586,0.1223296431064,0.1560353535717,0.0567007195373,0.7470321547096,0.2678665427609,0.1331732015682,0.0868486418925,0.1690653800424,0.0297456906305,-0.0716913797552,0.1056037314092,0.3363265859102,0.2080313101292,0.0836985855253,-0.1121120185727,0.2040058201031,-0.1708960670470,0.2615831921583,0.7364293676998,0.7784670314841,0.1687627057024,0.1752851955599,-0.0062755381583,-0.0042092755350,0.1146421862866,-0.0396753259854,-0.0495736064705,-0.1358208012680,0.0491189628979,-0.0118307336696,0.4396188106794,0.2494160427809,0.0433057200390,0.2819072435594,-0.0158537197255,0.1474446750205,0.0442648367970,0.0307411645110,0.6764319374692,0.1847008700583,-0.0167257307449,0.5123404025017,-0.1466300263673,0.0662365489546,-0.0006147611983,-0.1783486018698,-0.3053457857326,-0.2576309153797,-0.1363047006557,-0.1480583585521,-0.5203947450645,-0.1185155136740,-0.1841363558510,-0.4257035623326,0.1094040744840,-0.4285722771901,-0.1552249050886,-0.4082525693945,-0.0253832443732,-0.2794982611476,-0.3602769077484,-0.1556206661801,-0.1192031172561,-0.2024486481399,-0.5416617508197,0.2518082911230,-0.4300459206345,-0.1294917604187,0.4967404132550,-0.2507467494728,-0.3246451692918,-0.3531903026519,-0.1661050842860,-0.4599619555374,0.0283643759052,-0.4345958250056,-0.1836023618660,0.0298711773560,-0.5099082247470,-0.2738177385653,-0.0456673085451,-0.3292328006836,0.2799230802310,-0.2209694110630,-0.3509173237236,-0.0444649364499,0.4172513028263,-0.3136626568030,-0.3687177938284,-0.4042186053358
0.6065612155145,0.2955387488843,1.0000000000000,0.5289157436791,0.5714572752260,0.5738489356144,0.5037127593053,0.2879503891052,0.2720484089781,0.3426853415860,0.4212576259226,0.3700503971345,0.3299672631286,0.3851605681195,0.4047887841899,0.4160315282839,0.3796960226629,0.2993567988283,0.2616724896697,0.2641988986926,0.3893103165879,0.3534620218618,0.4084121636187,0.2895151279426,0.1896512428343,0.2422354021405,0.1810526746771,0.2603877977363,0.2111765782358,0.4039114669288,0.4404602602195,0.3673798022471,0.3032386651595,0.1628139634329,0.3991887867120,0.3100098109086,0.2769827426766,0.2026683913282,0.4714619071077,0.1840209970062,0.4216773561308,0.5128974735348,0.4994597500391,-0.0003331697803,0.3195266927408,0.3895033055149,0.2646671362611,0.4823543645044,0.3935530717926,0.5464665502097,0.2600324644628,0.1065526549460,-0.1034508461171,0.6212744394484,0.1077320642202,0.2779679632645,-0.1519466017332,-0.1894245718386,-0.1952593078731,0.1104612927978,-0.4631681588170,0.0077114687615,-0.1569866713902,-0.4388338283084,-0.1713086443260,-0.2948978395442,0.1620094307517,-0.2948401151076,0.1983020861263,-0.0958512588259,-0.3705789371409,-0.1269851682323,-0.0133736681170,0.0078896113542,-0.3340922975632,-0.1540886612503,-0.0635977145986,-0.1351766728528,-0.1108614784418,-0.1503293071698,-0.2598075650724,-0.1806723314463,-0.2860101522280,-0.1917622785809,-0.0772536410126,-0.1908197065221,0.1065269331783,0.2867476618294,-0.3410333211278,-0.0852308641867,0.3416232696740,-0.1941771274308,0.0509613941263,-0.0659197974942,-0.2810193842983,0.3505893470721,-0.0669238965306,-0.3655729016412,-0.3697258142727,-0.4043724834097
0.4685581219358,0.2644192792387,0.5289157436791,1.0000000000000,0.4451917749079,0.5079207175786,0.7230208271436,0.6305320400117,0.6350241277085,0.5456775080859,0.7130089064236,0.6328581159070,0.6174585559027,0.4172425850978,0.7122199099992,0.6974928320433,0.6742379090743,0.6829847556666,0.5653418370371,0.6223735812958,0.6157025390885,0.4255347008958,0.6667400709952,0.5984863994930,0.3869593122356,0.4107004136032,0.4613923466296,0.2700258597582,0.1933822682345,0.3727977621220,0.6743254203319,0.5867301394074,0.5888091290695,0.3492908245552,0.5675911511543,0.5461358101281,0.4572937007337,0.4175223510261,0.5778352171563,0.4196042631312,0.5416700607118,0.6878275941195,0.7098029809538,0.0190249062235,0.5090404521280,0.5465092267620,0.4858011917045,0.5635303642571,0.3473941970599,0.7553527923171,0.0157580587642,-0.0502034718190,0.0025670322172,0.4237896250189,0.0617398843022,0.4514996516866,-0.1066840040762,-0.1336292161696,0.0537572020869,0.4105693546647,-0.5669725168583,-0.0470751730874,-0.2382382633327,-0.4313625903339,-0.2396102812210,-0.3621457729546,0.2887996478909,-0.2188713849542,0.3979353136287,0.1246909694443,-0.4404057434156,-0.2994318397024,0.2643635927508,-0.0124328185215,-0.2315758656078,-0.3424422584668,0.1632923382204,-0.1912084049778,-0.2542871690878,-0.0949795547263,-0.3305696916222,-0.1970248396424,-0.6040769641619,-0.1512744881602,-0.2672303900603,-0.2623894270105,0.2825502731457,0.3528326122376,-0.3671006171949,-0.1386966851685,0.4446932094642,-0.0029855815315,0.0025529376882,-0.2457206471139,-0.4025318217400,0.3617568848472,-0.2811410815037,-0.5743775857872,-0.5932091558019,-0.4952920608932
0.8202037033916,0.2944590362689,0.5714572752260,0.4451917749079,1.0000000000000,0.4084161875786,0.4676287040634,0.1213569505680,0.1914481354188,0.1731858458731,0.3497368596046,0.3531742509200,0.1668571137367,0.5418861112322,0.5883952477554,0.2579864076848,0.2965945094167,0.2100157464831,-0.0141895307993,0.1470816314152,0.2301699546798,0.2490622827545,0.4933606498331,0.3093150506720,0.1923740544812,0.1736709017520,0.2745023928894,-0.0328631750378,0.1046771342172,0.2591952575241,0.2922426817626,0.1918020665023,0.1657990949846,-0.1077587779269,0.2552261399332,0.1900813697236,0.4802323406167,0.0895514833833,0.5093567532502,0.0545702116245,0.2761231972059,0.3228638244886,0.3534788464322,0.1092225152780,0.1071553732511,0.2457589391021,0.1919085480403,0.5776905276596,0.3492923941204,0.4367284068975,0.5729639603311,0.0785518260502,0.1525644344939,0.4674823431632,0.4106497682291,0.4380672199288,0.1536298492657,0.1784805563025,0.1294870451898,0.2075571268059,-0.2729945331655,0.3216464345447,0.1744465938301,-0.1551931565927,0.1158907813666,-0.0222266247915,0.2971875734624,0.0385383154592,0.2587646644083,0.1036428276646,-0.0966751181714,0.1683459222141,0.3044058271410,0.3260886244135,-0.0841806906378,0.0554155694994,0.1754523595620,-0.2162316074360,-0.1594108084811,0.1858500729098,0.0415587791765,0.1491127805199,-0.1792677934988,0.0173261290690,0.2183859760868,-0.0641327852095,0.2606355843614,0.4056649968677,-0.0780367497782,0.1993075229098,0.3902717715048,-0.0411033692844,0.0902040055344,-0.0561365293578,-0.0502530909678,0.4941317936102,0.0024382558418,-0.2061107056459,-0.2183982453712,-0.1136233116395
0.2722337281976,0.2971278149576,0.5738489356144,0.5079207175786,0.4084161875786,1.0000000000000,0.5866986932681,0.5759189114702,0.4139543313882,0.8055410479035,0.5373633216217,0.5364363946523,0.5330557921170,0.3873340773531,0.3934741224262,0.5243867790150,0.5810407462148,0.5335377901152,0.5663705823938,0.3762362251110,0.5699778532249,0.7731518589999,0.5050439029462,0.3361403912674,0.3474651103831,0.4231449524069,0.1795067067539,0.4673651609073,0.3523130172850,0.5073080867207,0.5509796850642,0.5895278681279,0.5976973481458,0.4678679218136,0.4435673139311,0.4064463025392,0.2074202435441,0.2320445444400,0.4017774916916,0.3979681027270,0.6764716054244,0.7760538112231,0.4785232732912,0.1379185848524,0.4492148119360,0.6829291699066,0.5734265634093,0.3607611024019,0.6751099236247,0.6147278001809,0.0455523410410,-0.2302071185151,-0.4560086232096,0.7698508277078,0.3708738585752,0.0500453188020,-0.2677958941469,-0.1949526076327,-0.3163176881036,0.0998402939691,-0.2892277188412,-0.2933984161387,-0.5127542515981,-0.5507544539154,-0.3252334261890,-0.5905969038265,-0.0722201706127,-0.4843248457410,0.1258166870214,-0.1749635309842,-0.5325233945324,-0.2893080516820,-0.1426795984956,0.0795130044604,-0.4894325956471,-0.2548466722101,-0.1907443322479,-0.1190357816759,-0.1237444865182,-0.4473251167564,-0.4133306006728,-0.3887389802727,-0.5268508646323,-0.4234185870720,-0.2072564928936,-0.2245324023943,-0.0063924760848,0.0756319159023,-0.5488645445860,-0.1948450913618,0.2125769193588,-0.1485460849968,0.1522591827130,-0.2899064059461,-0.4620210784228,0.0586507982056,-0.0643072300481,-0.3423382413783,-0.4589445990120,-0.5893903093728
0.4766962940630,0.0752061878296,0.5037127593053,0.7230208271436,0.4676287040634,0.5866986932681,1.0000000000000,0.6295058137383,0.5650696702270,0.5490863540540,0.7038256342592,0.7040275293662,0.6473136014061,0.1920780425845,0.4157541042302,0.7524441600945,0.6857114932627,0.6248652030563,0.5931844553587,0.5507809377532,0.6867576454167,0.3479103203521,0.6355127273120,0.6041097001427,0.2887894872907,0.3927138808539,0.3739468073990,0.0726633796340,0.0492661395448,0.2092378385511,0.6771458223970,0.5549545853726,0.6309164837750,0.4124564847613,0.7366184641633,0.6950477037193,0.4459374476031,0.3386213392679,0.7188376155029,0.4084914662863,0.4456428688049,0.6810224865920,0.7380088616583,-0.0626946928158,0.4699400134392,0.4717013956529,0.5039436834353,0.5761634399407,0.2470301556459,0.7029813139516,0.0758712671315,-0.2196462223956,-0.1318499265425,0.5021267801066,0.1725653288332,0.6345304197479,-0.0991673554638,-0.2076666860973,-0.0993253712844,0.2668271316303,-0.4577498889188,-0.1547031025591,-0.2778502947245,-0.3481474618634,-0.4102918613170,-0.3501557593060,0.3314087700687,-0.2990138469241,0.3320712305649,-0.0443858101710,-0.3536528858620,-0.3669408133808,0.2386037058684,0.0068980278638,-0.1994646815486,-0.4252467642648,0.1185136879873,-0.3655489054675,-0.3643876827310,-0.1668546598230,-0.3531334722161,-0.2724450478609,-0.5565933374257,0.0011240265585,-0.3604572152232,-0.2262943524359,0.2916713245170,0.4886420673636,-0.2130563876242,-0.1691519934436,0.5650925715975,-0.0618410114150,-0.1311766489322,-0.4154934824567,-0.4463382272460,0.3940992425231,-0.4205984100160,-0.5826789941142,-0.5270687113474,-0.4213235033683
0.1955501920459,0.0824792241333,0.2879503891052,0.6305320400117,0.1213569505680,0.5759189114702,0.6295058137383,1.0000000000000,0.8625033712896,0.6686641545246,0.8112639994149,0.7724919101748,0.8516756649253,0.1004382506389,0.2551290748249,0.7844695647806,0.8556660208596,0.9047124836557,0.8941648185764,0.8479467186779,0.8483142497486,0.5064457180012,0.6244384637443,0.7598222477412,0.4929522360272,0.4578821329510,0.4817896919098,0.2359781308155,0.1627052980344,0.2617291409129,0.8418740560063,0.7049124802222,0.8333578110764,0.6481648177318,0.6292042409122,0.7237619993600,0.4469342690309,0.5821218705963,0.5387091002263,0.5048251047466,0.6084284223516,0.8070646955932,0.7001411228407,-0.1113403025414,0.7257389577978,0.6616935200322,0.6718618234556,0.4311583669117,0.2872290425399,0.6679235051779,-0.2379870518787,-0.3878246135459,-0.4775136445239,0.3548983106852,-0.1271180553840,0.1470614092023,-0.0850458924747,-0.1910263361402,0.0264240573508,0.5090859650659,-0.5040966587571,-0.3306727315679,-0.4649824579085,-0.3303631609780,-0.5829521459634,-0.6336938961946,0.1849962552373,-0.3002364606281,0.4632794425356,0.1395170003053,-0.3981473000156,-0.5359728607497,0.2931830131044,-0.1143057682859,-0.1411227911166,-0.5688063506525,0.1338359229015,-0.2544739019311,-0.2594887414226,-0.2422492942436,-0.5424052034157,-0.3869808975885,-0.7485085963482,-0.2549451466842,-0.5431236587511,-0.2387311021141,0.2988463162886,0.1978800603678,-0.3591204530300,-0.2939592880450,0.3305379162690,-0.0439851080540,-0.1747707156532,-0.4935045708634,-0.5717644472057,0.1208318877802,-0.4826448811116,-0.6175831953064,-0.6750532501192,-0.5903351484515
0.2995033979757,-0.0070477891531,0.2720484089781,0.6350241277085,0.1914481354188,0.4139543313882,0.5650696702270,0.8625033712896,1.0000000000000,0.4904261482494,0.7867387611938,0.7044647054909,0.7065478616059,0.0995378971733,0.3913189930129,0.7271659845540,0.7726172926292,0.8195292732420,0.7750749710876,0.9100060723394,0.7171455073822,0.3102874978504,0.6661641594193,0.8062662259381,0.5863040258771,0.3534063880200,0.6290763678981,0.0435733424699,0.0151806773059,0.1083061924852,0.7744139079021,0.5831552431065,0.7142050676832,0.4773056860506,0.5903266234366,0.7234336706493,0.5786610854482,0.6490849295130,0.5797961736634,0.4718791587049,0.4535880043540,0.6569578155972,0.6571210490929,-0.1473456774717,0.6479998034434,0.5703390342311,0.5512403920686,0.5557908747990,0.1072220555269,0.6139844988125,-0.0740664077266,-0.3165253727745,-0.2610918461449,0.3712917612087,-0.0346754898401,0.2518772317495,0.1346052831228,0.0147715170141,0.2958034933413,0.7925952646649,-0.4497506549151,-0.0441760223080,-0.1970888270925,-0.2033316127105,-0.4254198579720,-0.4127477544458,0.3936330968263,-0.0470856308925,0.7014762090133,0.4302766082126,-0.2422671423636,-0.2822870507875,0.5064492573003,-0.0173988858904,0.0823891629731,-0.4962064401145,0.3534828140790,-0.2945141827136,-0.2977368997662,0.0371277454188,-0.3388293043746,-0.1405673239747,-0.6793184719859,-0.0800412385239,-0.4428960102612,-0.1724747712716,0.4375679799167,0.3568578359117,-0.2019505150644,-0.1357833830442,0.4250673968105,0.0927699317873,-0.1623261861070,-0.2746696548598,-0.3571658391371,0.3296519037886,-0.5000348302525,-0.5403467352051,-0.5383590882910,-0.4206654676297
0.1178997586191,0.1378597387586,0.3426853415860,0.5456775080859,0.1731858458731,0.8055410479035,0.5490863540540,0.6686641545246,0.4904261482494,1.0000000000000,0.5832536792377,0.6025926775589,0.7121313948049,0.2813694084419,0.3733151971143,0.6445461052692,0.7353356278539,0.6350916327358,0.6952921164411,0.5088168092170,0.6857302566151,0.8355629724236,0.5410184723638,0.3929884208084,0.4387579399313,0.5380668583179,0.2862913995229,0.5419648472340,0.2502828994818,0.4030827605109,0.6673790885411,0.7320541145470,0.7979186217273,0.7211177428271,0.4975191861918,0.5398722443611,0.2069371556834,0.3875691781705,0.4057274604621,0.6558866228180,0.7356512409897,0.8703977412363,0.5856572525401,0.1861743997163,0.5810983065930,0.8054302238645,0.7691238769957,0.2539392846759,0.5528203755635,0.7228300385132,-0.1973172177412,-0.4748666631537,-0.5201598740938,0.5421604831716,0.1259680643046,-0.0255859994423,-0.2978711754251,-0.2611833280002,-0.3857617591894,0.1139588797201,-0.2737692727822,-0.4373640254370,-0.6241521791584,-0.5420134235381,-0.5114289496994,-0.6401790880410,-0.0411735125850,-0.4992808956121,0.1217822721524,-0.1703636258988,-0.6068308367267,-0.4230502168759,-0.1770855765385,0.0373741528065,-0.4250075403675,-0.3769260865340,-0.1092112038878,-0.0698314368373,-0.2973706388025,-0.4840050850000,-0.4319870447230,-0.3948151365036,-0.7444024385169,-0.4097338728990,-0.2915307538977,-0.1525205091839,-0.0159815772397,0.0080031358316,-0.5260548884121,-0.2096890621899,0.1896190814694,0.0850247143172,0.1279333655637,-0.3872844666343,-0.4746031543882,-0.1150669973068,-0.2919988900415,-0.4466511932830,-0.6246574038679,-0.6551346359828
0.3949099508824,0.1223296431064,0.4212576259226,0.7130089064236,0.3497368596046,0.5373633216217,0.7038256342592,0.8112639994149,0.7867387611938,0.5832536792377,1.0000000000000,0.9086085782413,0.7876328923347,0.1850178464718,0.4129801896645,0.7799162354870,0.8360766280483,0.8438203898599,0.7233939028988,0.7546505354397,0.8402185331094,0.4770661251255,0.8525965414667,0.7534295642460,0.4056194086412,0.4172409280856,0.4973032966287,0.1208744466200,0.1729113159105,0.2240328799843,0.7979049844662,0.6769620385144,0.7753393555327,0.5687284393631,0.7074614575447,0.6869944025891,0.5630126326871,0.4733021807392,0.6568357597277,0.5715572339240,0.5222607538420,0.7739096565207,0.7092677503876,-0.1150803768568,0.5635309983943,0.6671650620501,0.6898561895634,0.6329200945342,0.2554147541171,0.7384256405987,-0.0908989338701,-0.3294383802101,-0.3418879114062,0.3449108852820,-0.0983179712814,0.2363906462611,-0.1259317702121,-0.2421010012316,0.0122531264053,0.4582981925948,-0.5355545826580,-0.1215065698462,-0.2662102075072,-0.3260436077824,-0.4820600225518,-0.5333399565849,0.2599207703996,-0.2716143787496,0.4220275632761,0.1019688751481,-0.3865950757220,-0.3539052407284,0.3710214931202,-0.0406475480188,-0.1955106809654,-0.5416348763971,0.1559828301031,-0.3928627581104,-0.2665588676297,-0.1618894697317,-0.4130842936841,-0.2846357132007,-0.7118764320404,-0.2213841135661,-0.4854589311389,-0.1708111403636,0.3941303719854,0.3076689819417,-0.3471446519346,-0.2476142038980,0.4852147571084,0.0333036940031,-0.1680473543008,-0.4011430715753,-0.4676624387488,0.3447835397303,-0.4649751190469,-0.6719009135426,-0.6420634551780,-0.4975267849157
0.3775705556540,0.1560353535717,0.3700503971345,0.6328581159070,0.3531742509200,0.5364363946523,0.7040275293662,0.7724919101748,0.7044647054909,0.6025926775589,0.9086085782413,1.0000000000000,0.8325866622274,0.1692247702639,0.3358199688685,0.7621830561190,0.8470636017321,0.7919555361918,0.6662918951380,0.6373960998464,0.9023011126861,0.5258670556236,0.8762525467859,0.6695639710496,0.3063064252945,0.4712109076730,0.3404540876188,0.1169648545579,0.2222943943424,0.2418244219406,0.7753920900979,0.6891619073378,0.7814461947475,0.5998548607380,0.7054008731549,0.7021318593239,0.4821986701165,0.3519681544107,0.6435007919931,0.6024305149275,0.5697748672676,0.7835576819807,0.6747894319627,0.0125617373844,0.4916416243963,0.6776972564250,0.7639730176518,0.5793512475445,0.2952702628166,0.7651007680265,-0.1437606443741,-0.3766280411177,-0.3893513714602,0.3056489487225,-0.1425462689465,0.1977318909990,-0.1364324306269,-0.3190478127914,-0.1243134827860,0.3080646335054,-0.5568741783116,-0.2326370043875,-0.2970941125017,-0.3141405072067,-0.5267940015579,-0.5789596750472,0.1724910198883,-0.3603378508935,0.3095356858713,-0.0349390746422,-0.3621258810894,-0.4013622497038,0.2504996282751,-0.1071979746144,-0.2028730873674,-0.4209711031759,0.0656476458176,-0.4445394069430,-0.2109299247058,-0.2832349990489,-0.4543764352186,-0.3349814122240,-0.7459110303762,-0.2564772949676,-0.4436682040252,-0.2037284643642,0.2734787589823,0.2470698602771,-0.3242974239332,-0.2983582530892,0.4211657566895,0.0087135874474,-0.1157060303057,-0.4806872097464,-0.4724088468373,0.2450837561865,-0.4230606180664,-0.6716598681844,-0.6895199665014,-0.5209382450548
0.2251433705040,0.0567007195373,0.3299672631286,0.6174585559027,0.1668571137367,0.5330557921170,0.6473136014061,0.8516756649253,0.7065478616059,0.7121313948049,0.7876328923347,0.8325866622274,1.0000000000000,0.0296073678372,0.2177664337208,0.7656406132110,0.9282072899281,0.7932045502775,0.7614157944308,0.7348784176946,0.9349219294999,0.5379602910917,0.6784551637571,0.6782877782144,0.4073931717442,0.5308044147776,0.4170062374914,0.2038727838126,0.1108148875873,0.1928510676187,0.8257264763520,0.7864542594902,0.8822807682687,0.6811313393034,0.6564476082601,0.7168211693126,0.4264347212788,0.5038489266754,0.5954913891526,0.6406622077335,0.6065513497958,0.8195347755211,0.7319012928153,0.0057942998730,0.7024695033841,0.6554090008860,0.8310853453127,0.4349478524033,0.2678237274130,0.7741691089149,-0.2659610511988,-0.4693414485001,-0.4417986909596,0.3003369798466,-0.2242220207944,0.1493441491964,-0.1261707691861,-0.3378404249688,-0.1872335213599,0.2851511366083,-0.5277335980964,-0.3491871110822,-0.4117984124351,-0.2635272323197,-0.6183233343987,-0.5989371343739,0.1578709661988,-0.3393931276955,0.2756349032922,-0.0043202622567,-0.4102460204070,-0.5278440629704,0.1658163411154,-0.1444900751214,-0.1308037372840,-0.5059035841471,0.1402842304432,-0.3232948187182,-0.3549382073770,-0.3040975448382,-0.4662719475443,-0.3106062542033,-0.7788327970484,-0.2708757025674,-0.4351801600056,-0.1976858898702,0.2403315060234,0.1696659770059,-0.3189385390543,-0.2605265250608,0.3526494331278,0.0842920584035,-0.1512545697973,-0.5348306613569,-0.4478541142925,0.0902407520152,-0.5536777230174,-0.6312219739672,-0.7281610231141,-0.5879578420683
0.4769248624303,0.7470321547096,0.3851605681195,0.4172425850978,0.5418861112322,0.3873340773531,0.1920780425845,0.1004382506389,0.0995378971733,0.2813694084419,0.1850178464718,0.1692247702639,0.0296073678372,1.0000000000000,0.6654448448780,0.2811407322866,0.1739709051211,0.2169936367249,0.0884732315232,0.0321967704654,0.0899278632206,0.4374602006611,0.3504320867931,0.1701503947844,0.1414482339759,0.2390363962921,0.0668786742004,0.3412114104859,0.5723216986723,0.7789278654597,0.2513070451492,0.2179900361317,0.0934610942701,-0.0343510411739,0.1770945531626,0.1066880864156,0.1144322511241,-0.0042300178803,0.1828115489140,0.0195857420688,0.5371649617532,0.3473954702333,0.2340006025635,0.2978338517680,0.0516782955069,0.3072835107173,0.0849872060192,0.2082158293113,0.7118153423924,0.3488279934377,0.1985511525176,0.2847206384515,0.0075638585482,0.2592446505985,0.2154478424759,-0.0061255486605,-0.1806034451197,-0.0020707668686,-0.0297008575472,0.0535914046161,-0.4555928954714,0.0421795563638,-0.1510169242794,-0.5286460072179,0.2069873066631,-0.2970172665991,0.1016821227548,-0.2814409672924,0.2048434068973,-0.0980472801371,-0.4180229483892,-0.0328394555404,-0.0099299720780,0.1362111757855,-0.4689690002047,0.1680846889570,-0.2533484234319,-0.0329410105014,0.2101800053337,-0.0803087888365,-0.2154948577811,-0.1830350811241,-0.2470006198798,-0.3113926051558,0.1329371695801,-0.3859482794626,-0.1208670882878,0.2167296250184,-0.4565226467526,-0.0737042726965,0.0847547813418,-0.2429550532850,0.3029205062091,-0.1208584159650,-0.2985186675038,0.1250579080525,0.3731412674578,-0.2961975701501,-0.3891838658921,-0.3693185395021
0.5037861689524,0.2678665427609,0.4047887841899,0.7122199099992,0.5883952477554,0.3934741224262,0.4157541042302,0.2551290748249,0.3913189930129,0.3733151971143,0.4129801896645,0.3358199688685,0.2177664337208,0.6654448448780,1.0000000000000,0.4596534176902,0.4016450489920,0.3926761084023,0.2396400588778,0.3399922749031,0.2542788227613,0.3365751399675,0.5550686556359,0.3923835252997,0.3685493043691,0.2870355625265,0.4182489733513,0.1635105528507,0.1531095873343,0.3586439032263,0.4144092634561,0.3348178390902,0.3084668725244,0.0646568505366,0.3465621009654,0.3363228524536,0.4190304013252,0.2711425866438,0.4748326285625,0.2267609058206,0.3830991380185,0.4139498015668,0.4633343720698,0.1643779068030,0.2381545450954,0.3742137226778,0.2273400961772,0.5419641917502,0.3464425524625,0.5875636706425,0.2169415870662,0.0414126615508,0.2363800257043,0.4197335041093,0.3360175621948,0.2949797169741,0.0506279615936,0.1613561003392,0.2236237747550,0.3885572334073,-0.3354870816983,0.2370782485346,-0.0026988286159,-0.3693198701927,0.1551821747966,-0.0535546290474,0.3862947457788,0.0056841595433,0.4815958853819,0.2646610817560,-0.3054374210645,0.0637540518937,0.2632453536221,0.2885439459675,-0.1486633858394,-0.0450677505792,0.1773601654796,-0.0900614972741,-0.2039346664754,0.1761341906124,-0.0164778974804,0.0869907999647,-0.3577630347309,-0.0291964454751,0.0815860192545,-0.1942052456275,0.2037520537209,0.4295746291165,-0.2420832037279,0.1029061883248,0.4268641143997,0.0753666734574,0.2028438940818,0.0037328605941,-0.1306526629312,0.4362334073717,-0.0207525674869,-0.3186672583479,-0.3247173660732,-0.2429637006562
0.3583554613589,0.1331732015682,0.4160315282839,0.6974928320433,0.2579864076848,0.5243867790150,0.7524441600945,0.7844695647806,0.7271659845540,0.6445461052692,0.7799162354870,0.7621830561190,0.7656406132110,0.2811407322866,0.4596534176902,1.0000000000000,0.8184906878395,0.8102391171355,0.8301165991457,0.7233959197959,0.8126239039757,0.4885930204484,0.7097177291062,0.7281265161544,0.4314770188854,0.4902326174051,0.4005881447347,0.2266583807063,0.1833458967881,0.3225714083870,0.8970162066264,0.7074694100456,0.7864626298090,0.6333244776512,0.8739079118774,0.9052785869791,0.4236567604181,0.4869830151972,0.6863319655223,0.5069281718034,0.6217388806609,0.8133374345919,0.8703448383074,0.0058508293120,0.6097939914530,0.6523130408728,0.6596981029967,0.5025395071457,0.3171653317671,0.7957096158738,-0.1876784486016,-0.3385813358716,-0.2718242722751,0.3560313856772,-0.1488978983515,0.2794593627124,-0.2011817231225,-0.3251715209905,-0.1282909867421,0.3418695488979,-0.6225395775163,-0.3527995944056,-0.5100072671816,-0.5308937296646,-0.5114722527671,-0.5244881715793,0.4772336813591,-0.4309783235584,0.5013680935974,0.0354992385578,-0.5738717112928,-0.5566047577518,0.2391227387144,-0.0380331661117,-0.2256206851580,-0.5104336751979,-0.0031445709586,-0.3003289782473,-0.3100154892155,-0.1981702521249,-0.5392298355117,-0.3974092689158,-0.7513615323792,-0.1214422595516,-0.4763047339034,-0.3421535317114,0.2024725364625,0.4660849638562,-0.3694988245700,-0.3057970260972,0.4980630809568,-0.0699131019511,-0.1003162588729,-0.5632319769425,-0.5989925426235,0.2180164211451,-0.4536602354957,-0.7299503371962,-0.7743568229856,-0.6133957227401
0.3543989414948,0.0868486418925,0.3796960226629,0.6742379090743,0.2965945094167,0.5810407462148,0.6857114932627,0.8556660208596,0.7726172926292,0.7353356278539,0.8360766280483,0.8470636017321,0.9282072899281,0.1739709051211,0.4016450489920,0.8184906878395,1.0000000000000,0.8544413293122,0.7643934438218,0.7959353633430,0.9308947935371,0.5682160899252,0.7844131359982,0.7887606260874,0.5070011090219,0.6094818153290,0.5735272099201,0.1748959728694,0.1380426997116,0.2375620086464,0.8857248055692,0.8210256254883,0.9122584929748,0.6364219614049,0.7010878861214,0.7489867057272,0.5748817681758,0.5834919157588,0.6667577006620,0.6290454463467,0.6079669683499,0.8322054924905,0.7719333762785,0.0459355206998,0.7208142367197,0.7069453673202,0.7966376970373,0.5127298898798,0.3103214360501,0.8157316041239,-0.1447485427496,-0.4516375482848,-0.3862205140735,0.3814695122848,-0.1186648374525,0.1893244024160,-0.0526680706178,-0.2277319119994,-0.0743646188146,0.4039354020849,-0.5495629441936,-0.2228691165332,-0.3478775444584,-0.3349880547086,-0.5376668781030,-0.5736865925793,0.2647966398897,-0.2396901514645,0.4226523750018,0.1213278234043,-0.4187509743954,-0.3924146123009,0.3008647888365,-0.0049794841217,-0.1339061839047,-0.4774133693606,0.2261184416876,-0.3546609278622,-0.3663132764000,-0.1629822005177,-0.3791158369404,-0.2111273286735,-0.8291649231061,-0.2637604812480,-0.3644716483978,-0.1735664341689,0.3623919228633,0.2884377742428,-0.3059473016650,-0.1437361653648,0.4408248687049,0.1173869726402,-0.0530402737018,-0.4522428420379,-0.4110173951425,0.1852325328227,-0.5260700314389,-0.6674083834174,-0.7491261505237,-0.5794118862562
0.2870173401233,0.1690653800424,0.2993567988283,0.6829847556666,0.2100157464831,0.5335377901152,0.6248652030563,0.9047124836557,0.8195292732420,0.6350916327358,0.8438203898599,0.7919555361918,0.7932045502775,0.2169936367249,0.3926761084023,0.8102391171355,0.8544413293122,1.0000000000000,0.8370773440883,0.8112444550606,0.8229037868805,0.4952381938776,0.7210219858889,0.8209215558122,0.3845848733399,0.3783813734613,0.4615300524255,0.1777392578754,0.2287031869678,0.2881281717124,0.8597093272941,0.6387864671635,0.7956651250932,0.6270897757941,0.6808737389893,0.7045694586427,0.5272693610226,0.4776459505335,0.5648462637451,0.5553693124328,0.5927923156402,0.7906903225814,0.6534455549994,-0.1211193789171,0.5754961634972,0.6718129130614,0.6700883941973,0.4863264791106,0.2878589357215,0.7173668616734,-0.1452410984847,-0.2929550662736,-0.3694832891609,0.3165036238070,-0.1240366380147,0.1356609097410,-0.1723752023540,-0.2552300379177,0.0683821364477,0.4648031651706,-0.5344225673351,-0.2886667459731,-0.4094933739156,-0.3434890084887,-0.4783543604348,-0.5728018814359,0.2310959008876,-0.2632692080574,0.4763685745557,0.1371799480450,-0.3939904926091,-0.4689956136219,0.4024351609337,-0.1172402236562,-0.1747277021537,-0.5655249667720,0.1228350545536,-0.3493557119217,-0.2125062470890,-0.1508491343686,-0.5286663439293,-0.3756730985390,-0.7341161871650,-0.2589521024393,-0.5649865589275,-0.3037888647803,0.3748299910385,0.2632780374615,-0.3336627429889,-0.3410945780191,0.4035820954447,0.0247153832639,-0.1990908820288,-0.4450671416827,-0.5602974032000,0.2105694683536,-0.4250624251578,-0.6486356512048,-0.6634657745385,-0.5115963864277
0.0954059215447,0.0297456906305,0.2616724896697,0.5653418370371,-0.0141895307993,0.5663705823938,0.5931844553587,0.8941648185764,0.7750749710876,0.6952921164411,0.7233939028988,0.6662918951380,0.7614157944308,0.0884732315232,0.2396400588778,0.8301165991457,0.7643934438218,0.8370773440883,1.0000000000000,0.7593983646776,0.7769718768377,0.5151542675406,0.5431303099993,0.6609256492639,0.4344987170630,0.3642357261144,0.3287751856339,0.3373542459662,0.1957445836992,0.2706110030547,0.7902099114155,0.6247481395356,0.7796881436411,0.7054169842978,0.6511990432893,0.7929877388856,0.2803076832159,0.4994304232761,0.4434223126731,0.5251395084414,0.6407012107570,0.7881938456956,0.6929647102018,-0.1200209282967,0.6219131237305,0.6849161191745,0.6289218693592,0.3000257296603,0.2953830157008,0.6400348267269,-0.3002308255854,-0.4036463378314,-0.5035246152406,0.3588150199189,-0.1492581241032,0.0715566004337,-0.2573453544017,-0.2952365861132,-0.1323694638880,0.3793163058936,-0.4776367687643,-0.4798034888303,-0.6202390144631,-0.4715009826811,-0.5946710858629,-0.6329761792362,0.1897446484872,-0.4314752320109,0.4673425140779,0.0444445018613,-0.5241957083297,-0.6221018301934,0.1402773390119,-0.1094460840565,-0.2076021977059,-0.6225353757731,-0.0549457097339,-0.1536840052875,-0.2243947815615,-0.3302250782003,-0.6373678846249,-0.5050831134622,-0.7048120901381,-0.2454110649457,-0.6215955115721,-0.3011362210958,0.1306002175394,0.1542630503311,-0.4118940170006,-0.3994105872672,0.2597080499416,-0.0517735167363,-0.1774441028554,-0.5120348880621,-0.6370651187646,0.0026615891536,-0.4355837591682,-0.5849728699303,-0.6675976015838,-0.6163062522180
0.2667669268600,-0.0716913797552,0.2641988986926,0.6223735812958,0.1470816314152,0.3762362251110,0.5507809377532,0.8479467186779,0.9100060723394,0.5088168092170,0.7546505354397,0.6373960998464,0.7348784176946,0.0321967704654,0.3399922749031,0.7233959197959,0.7959353633430,0.8112444550606,0.7593983646776,1.0000000000000,0.7024351229775,0.2629607712970,0.6250407716520,0.8131795486349,0.6444299141390,0.3996960614800,0.7552615960293,0.0137527624800,-0.0924307189696,0.0326125375207,0.8069949386986,0.6486243591948,0.7938907600119,0.5187865626305,0.5846826401338,0.6972039459333,0.6025431949640,0.7584104954411,0.5831699225754,0.4803822211307,0.3946949022374,0.6495407404133,0.6880842707662,-0.1842768022641,0.7688879316491,0.5366337139996,0.5761578789045,0.5335477346455,0.0336258184823,0.6099564972108,-0.1119068804191,-0.3738419811285,-0.2535533261573,0.3113626511690,-0.0971484715284,0.2368030309703,0.1575267324956,-0.0043014525255,0.2800455744522,0.7224882310405,-0.4191811758673,-0.0579435147837,-0.2060310002534,-0.1481473846966,-0.4800722734707,-0.3773954834714,0.4270236504338,0.0207059311375,0.6131417069573,0.4763495469454,-0.2161176451151,-0.3062113795668,0.4987697422566,0.0498003523713,0.1180380149839,-0.5484428039086,0.4540746713982,-0.2871315568408,-0.4415554034847,0.0861363511114,-0.2587872455890,-0.0541327700043,-0.6951882610454,-0.0486822218742,-0.3957059882631,-0.0604823423281,0.4986530149869,0.3398652605332,-0.1385782258226,-0.0261545501010,0.4761010636764,0.1525725759880,-0.1914579722238,-0.3027508127404,-0.3158361938102,0.3199302507786,-0.6318048130370,-0.5903650556130,-0.5431141569984,-0.3746821677768
0.2964227204440,0.1056037314092,0.3893103165879,0.6157025390885,0.2301699546798,0.5699778532249,0.6867576454167,0.8483142497486,0.7171455073822,0.6857302566151,0.8402185331094,0.9023011126861,0.9349219294999,0.0899278632206,0.2542788227613,0.8126239039757,0.9308947935371,0.8229037868805,0.7769718768377,0.7024351229775,1.0000000000000,0.5569529718386,0.7410056940518,0.7097746804950,0.3498023674500,0.5227545192337,0.3569825257409,0.1880840629721,0.1884845785792,0.2351035978903,0.8360948083483,0.7415276927829,0.8414144866436,0.6518049370953,0.7248653315268,0.7748125176600,0.4425186683435,0.4403180010704,0.6155856871292,0.5955125757395,0.6223060365519,0.8533028033692,0.7368233779459,0.0183433170075,0.6095645704116,0.6900652435740,0.7952094232891,0.4658951081378,0.3104901097187,0.8238512228158,-0.2188610696830,-0.4350266208703,-0.4517193718155,0.3329227195696,-0.2268631013269,0.1580489868215,-0.1737765047396,-0.3900724902836,-0.2076816587006,0.2770534936631,-0.5773912001378,-0.3608996377455,-0.4354841838523,-0.3457594009240,-0.6140461787692,-0.6163641825792,0.1622315919354,-0.4032586339012,0.3334609158444,-0.0382700733157,-0.4101013178183,-0.5188082911448,0.1970468723688,-0.1324041584031,-0.1649622053081,-0.4785099793777,0.0707716905508,-0.3989848969641,-0.2802046632883,-0.3251546185474,-0.5218163778583,-0.3790914669172,-0.7874836637168,-0.2868376180521,-0.4640729354691,-0.2622335417386,0.2401445998868,0.2145143424784,-0.3038694687931,-0.3104935438373,0.3722398677641,-0.0126264058422,-0.1178948731158,-0.5579979675853,-0.5096289473785,0.1222860098964,-0.5047102333839,-0.6568828403233,-0.7361634101797,-0.5765063645254
0.1526409305798,0.3363265859102,0.3534620218618,0.4255347008958,0.2490622827545,0.7731518589999,0.3479103203521,0.5064457180012,0.3102874978504,0.8355629724236,0.4770661251255,0.5258670556236,0.5379602910917,0.4374602006611,0.3365751399675,0.4885930204484,0.5682160899252,0.4952381938776,0.5151542675406,0.2629607712970,0.5569529718386,1.0000000000000,0.4980470736620,0.2555040659377,0.2947819306239,0.5281725610094,0.0675054494276,0.6950536077343,0.5477757233350,0.5966742885712,0.4967091506854,0.6255905490479,0.5800165922997,0.5457997037865,0.3429838972943,0.3492958270386,0.0722009168471,0.2087822160438,0.2480022368172,0.4889560545386,0.8143067528336,0.7653860080794,0.4503956450088,0.3212303172166,0.4196929686683,0.8181529323368,0.6572231162391,0.1214764130471,0.7816927264525,0.5814025238573,-0.1217421328118,-0.3276253258713,-0.5117304062996,0.4344247050009,0.0771341027561,-0.1724995244764,-0.4121417169176,-0.2900536637916,-0.4444288288813,-0.0461681442674,-0.3080145977842,-0.4238955189948,-0.5911466293919,-0.6441014540781,-0.3342312968361,-0.6701511491076,-0.2076588063743,-0.5939570342051,-0.0228819475225,-0.3137028739101,-0.6646004652933,-0.3070648945550,-0.2468409173375,-0.0454361780676,-0.5719155827432,-0.1612108491800,-0.3084672811973,0.0920914438804,0.0427563834951,-0.5580486587970,-0.4579921625003,-0.4558738848038,-0.5673129059670,-0.5222941026757,-0.1778484844344,-0.2259225325931,-0.1653786129350,-0.1183518802313,-0.6469464421725,-0.2505296488899,-0.0143560595605,-0.0402746049310,0.2777144729512,-0.2375670411205,-0.4509337363504,-0.2461707745447,0.0655726601992,-0.2476961782501,-0.5619419102207,-0.6906470309646
0.4905123615175,0.2080313101292,0.4084121636187,0.6667400709952,0.4933606498331,0.5050439029462,0.6355127273120,0.6244384637443,0.6661641594193,0.5410184723638,0.8525965414667,0.8762525467859,0.6784551637571,0.3504320867931,0.5550686556359,0.7097177291062,0.7844131359982,0.7210219858889,0.5431303099993,0.6250407716520,0.7410056940518,0.4980470736620,1.0000000000000,0.6869469495098,0.4070121510879,0.4542222580166,0.4960676815711,0.0593655868742,0.2180272465229,0.2730773691838,0.7365029462338,0.6644720573134,0.7209974163346,0.4564358551522,0.6421928591523,0.6061719262824,0.6114180349424,0.3950988243396,0.6722920954335,0.5731995221166,0.5035979524580,0.6930112545423,0.6631041121774,0.0491817755149,0.4546639653091,0.6785993599177,0.7088534695892,0.6498518462960,0.3119485576974,0.7385898733717,0.0108773700524,-0.2833577431709,-0.2510318043687,0.3264956722215,-0.0239411232482,0.1833326778784,-0.0572825082653,-0.1773435070536,0.0121122692919,0.3883128786292,-0.5473721850526,-0.0075712747832,-0.1379179422428,-0.3484531239792,-0.3254091120428,-0.4597402687882,0.2884646212527,-0.2016029461921,0.3731293659114,0.1251865552276,-0.3723406597283,-0.1363898430164,0.3632518222938,0.0702933028986,-0.1860730229910,-0.3604968131053,0.1502827597390,-0.4371794221348,-0.2325734083714,-0.0623709801530,-0.2634050051474,-0.1278853007924,-0.6807743656049,-0.2305970650170,-0.2889287097306,-0.1297053277042,0.3618410818333,0.3040400826844,-0.3182762418382,-0.1321191889528,0.4854912644998,0.0965783105727,-0.0291674016376,-0.2811836837592,-0.2975303947469,0.3715331742519,-0.3389040113071,-0.6416306185188,-0.6308449022979,-0.4549076908521
0.4310030356242,0.0836985855253,0.2895151279426,0.5984863994930,0.3093150506720,0.3361403912674,0.6041097001427,0.7598222477412,0.8062662259381,0.3929884208084,0.7534295642460,0.6695639710496,0.6782877782144,0.1701503947844,0.3923835252997,0.7281265161544,0.7887606260874,0.8209215558122,0.6609256492639,0.8131795486349,0.7097746804950,0.2555040659377,0.6869469495098,1.0000000000000,0.4538438471024,0.3498489568329,0.6751699155581,-0.0930655850966,0.0640942614920,0.1316810465566,0.8048159847966,0.5224674895631,0.6574564053144,0.3915550231079,0.6487331023393,0.6724132251266,0.7462709812924,0.5935158374762,0.6679714027655,0.3886378930365,0.3892711982459,0.5812449487279,0.6860922019622,-0.1681283583806,0.5810662238477,0.4793727030871,0.4586566928647,0.5957179379846,0.1349889506133,0.6087897982673,0.0470534844184,-0.2295046113197,-0.1580858084914,0.2834397603388,-0.0629379660617,0.3464047934139,0.0772581217879,-0.0524852904542,0.2758915442498,0.6237900348742,-0.5456178794161,0.0692524158547,-0.0843447854848,-0.1976486490866,-0.3590868189336,-0.3261004549366,0.4864499843272,0.0104583056383,0.6530059503043,0.3304809196029,-0.2338218153319,-0.1948247430237,0.6823024130207,0.0153169471521,0.0354801333710,-0.4867934938338,0.3700785475922,-0.3777732284307,-0.2971851026897,0.1919033883429,-0.2659851976655,-0.0699605022013,-0.6246788359777,0.0127311505182,-0.3703523464775,-0.1615366193993,0.6148576017901,0.5072570313559,-0.1113535001610,-0.0671700789568,0.5658692381651,0.1060738891022,-0.1859983261398,-0.2682629312960,-0.3058493248515,0.4418570954256,-0.4962947482502,-0.5974386530310,-0.5627869295212,-0.3581259305859
