1.0000000000000,0.7846171174787,0.7008011060019,0.7261044684447,0.8333943355461,0.3430429050792,0.4891250605975,0.0088940108880,-0.0613459267668,0.2925810839030,0.1247782740491,0.1848400698283,0.0011556291351,0.7190122839736,0.2461377683599,0.2131370681188,0.0610232687737,0.1023979896143,0.0355278737565,-0.2086461602219,0.0272803845924,0.1100614131949,0.0695975111337,0.0300883019267,-0.1394967702718,0.0212535310678,-0.2144690168055,0.0541985950478,0.1322577460088,-0.1092981802914,-0.1336037801293,-0.1512083312306,-0.0793288457017,-0.0016779455398,0.1248261705254,0.1993189317331,-0.0422813883554,-0.3307058500494,-0.0447487775078,-0.1850907091902,0.1627877082745,-0.0080219567430,-0.2518226037775,-0.1899258880780,-0.2537717513469,-0.0879662843146,-0.0472330233565,0.1134271590863,0.3258845489634,0.1287335477456,0.8595272823080,0.8030405311934,0.7123673717999,0.4833443232756,0.3762851664331,0.6150783950500,-0.0679800347453,-0.1489494993326,0.1140444086990,-0.1274732749187,0.3156928556917,0.0351985728131,0.1454380065723,-0.0354727421486,0.5561062242804,-0.0477269435602,0.2587824255729,0.0230565819697,0.0395980521835,-0.1285235140387,0.1011420168936,0.0892671617199,0.0383996496193,-0.0346002411162,-0.1660822765404,-0.0776757568226,-0.2308119135930,-0.0449389802244,0.1053960490667,0.0192033804250,-0.1353440636180,-0.0172410556042,-0.1327112299129,-0.1924682973724,-0.3234478600174,-0.1806357813381,-0.0660750023439,0.1227277049963,-0.2929921649555,-0.2419510237194,-0.0411203522430,-0.2288151570422,-0.2423435398220,-0.1811517278298,-0.1093468026528,0.1312275024962,0.2493215459351,0.2856891763074,0.1785246326204,0.0307286152646
0.7846171174787,1.0000000000000,0.7277262687523,0.8015254354269,0.6959128947863,0.3803069714083,0.4899311909262,0.1090362533849,0.0008084043589,0.3648401880028,0.0238397329103,0.2424458140794,0.0770901233368,0.5949077165467,0.3220299866788,0.1937008289198,0.1012996322869,0.0321345712077,0.0429068436694,-0.2250128265091,0.0598609302267,0.1001819995176,0.0329197221796,-0.0640458127941,-0.1340803857950,-0.0191099487168,-0.3048283888295,-0.1195831340727,0.0104518344143,-0.0558324664093,-0.2280480473124,-0.0725896781697,-0.0419594570313,0.0140824455591,-0.0033982352644,0.1178102889256,-0.1115636517103,-0.3928239111790,-0.2240109399092,-0.2727052765241,-0.0096234105282,0.0082015661937,-0.2792727940776,-0.1519787202526,-0.2585725281260,-0.1919153173135,-0.0736284218694,-0.0544751170778,0.0397968422595,0.1347320437303,0.7409969354500,0.8708892160839,0.7202997507079,0.4568882434607,0.4720196497865,0.6170246635086,0.0183071257514,0.0169649573059,0.2190208461034,-0.0214196848537,0.3895497967876,0.0087652096031,0.2128552925568,-0.0020917151860,0.6481819354542,-0.0849169167573,0.2137340702841,0.1151173636332,-0.0155966785851,-0.1493396828832,0.1244733569527,0.0437273101724,-0.0901562501779,-0.0508880208487,-0.2660841977263,-0.0747694506906,-0.3028742303960,-0.2885887626407,0.0638435017351,-0.0988836359102,-0.0745013599414,-0.0172551548718,-0.1326906700113,-0.2198139814999,-0.2761688144970,-0.2226625792531,-0.1563831476028,-0.0522353874949,-0.3547185452893,-0.3477286158346,-0.2082992613865,-0.3509311192097,-0.3067883143123,-0.3082982786068,-0.1438593500901,-0.0336100358090,0.0615880138243,0.1568611267213,0.1059129550698,-0.0168822779941
0.7008011060019,0.7277262687523,1.0000000000000,0.7602084169265,0.7647758815972,0.7104777087300,0.7182496067569,0.3711293715622,0.2777636600239,0.3237663567913,0.2085770219735,0.4100992016091,0.3225873769504,0.4243865268686,0.2489864554797,0.3642761041995,0.2963625772654,0.2955563909113,0.1845340983147,0.0018826748279,0.0669897936135,0.1110991679487,0.1044408029698,0.0644078880158,0.0700456759071,-0.0429224049155,-0.1145288486372,-0.1406520767797,0.0295328276989,-0.1292942138194,-0.0395276303153,0.0568615154444,0.2174020943703,-0.0538350267468,-0.1174537706529,0.1576543507726,-0.1997547153950,-0.2347072023387,-0.1696984219027,-0.2249468611288,0.0435890306418,0.0651314114443,-0.2096829450467,-0.1194794190794,-0.1678333405046,-0.0648235091009,0.0441816482930,0.1165906900195,0.1887657020098,0.1788572758752,0.7118316646912,0.7321373973018,0.6706960456290,0.7557925663705,0.6442173534700,0.7229778114747,0.2909977076467,0.2155655913464,0.4050210024932,0.2839162000598,0.2897409802104,0.2091471809108,0.2914196159771,0.2547221719205,0.3729687328937,-0.0846889067605,0.3745920455957,0.3469331552594,0.2042193368613,0.0317643738939,0.0656737221113,0.0697555767362,-0.0086641287276,0.0395712052844,-0.2478729906150,-0.2704278805771,-0.2343166103829,-0.1997789191838,-0.0154052515563,0.1012671358958,-0.0025526996350,0.1006929746160,-0.1909927879238,-0.2309550276905,-0.2210920810541,-0.2951816371941,-0.3066763232700,-0.0913459917572,-0.3595251917552,-0.2850281286938,-0.1549105715721,-0.2600555827702,-0.3357686851420,-0.1532099714003,-0.1185194684712,0.1156942388473,0.1267750024517,0.0251539418711,0.0896811629878,-0.1285978112482
0.7261044684447,0.8015254354269,0.7602084169265,1.0000000000000,0.8143106514988,0.5819335564378,0.7618660681025,0.2152105872716,0.1066970949683,0.3428679739735,0.1960659550195,0.3301479798798,0.1893619472875,0.5575511556695,0.4202985022300,0.3593728911067,0.2015687255464,0.2007290666862,0.0807766754276,-0.1782765656055,0.0993735381411,0.1077796097948,0.1458324178181,0.1192757654414,-0.0427828491388,0.0558285245533,-0.1750982376537,-0.1221698497655,0.0826720524437,-0.1363710549129,-0.1207992885990,0.0130401093346,0.0928944630970,-0.0737606108944,0.0640566123532,0.1941102745908,-0.1515385244921,-0.3640590946178,-0.1643826661905,-0.2982147818553,0.0053904831388,-0.0389946556249,-0.2748917957163,-0.2238489107932,-0.2687653159743,-0.1536067675796,-0.0639789588506,0.0934792756079,0.1605708591182,0.1841711863975,0.7795923928864,0.7508391386748,0.8392107096905,0.6497004044976,0.6086022531872,0.8445959379887,0.1036353284017,0.0388666204283,0.2769428637844,0.1061160044953,0.3271371391218,0.2133193976693,0.2824104604652,0.1010877214818,0.5213632980972,-0.0661910440997,0.3658135539269,0.1979208060766,0.1520381072452,-0.0841845206267,0.1193090110805,0.1588473336942,0.0100083993764,0.0195631488298,-0.2928651704267,-0.0902204354109,-0.2146560569719,-0.2061205043963,-0.0150795964854,0.0206632426516,0.0183972706028,0.0709611205474,-0.2127752079726,-0.2087582036621,-0.2851015685849,-0.2503608793373,-0.1982735534854,0.0645509311708,-0.3456224897194,-0.3270730773972,-0.1452819578516,-0.3129663882268,-0.3399102569840,-0.3088361567748,-0.1703351679235,0.1194475856014,0.1157059643126,0.1109572922257,0.1254387989942,0.0651188265258
0.8333943355461,0.6959128947863,0.7647758815972,0.8143106514988,1.0000000000000,0.5636501139723,0.6619139145185,0.1747904043140,0.0545970509499,0.3230475250823,0.1895845418838,0.2607618362574,0.1141980390739,0.5750299833180,0.2540258785573,0.2896711389760,0.1621969403650,0.2203967842435,0.0814802313373,-0.1485260953028,-0.0117761861377,0.1957234739088,0.1410483258544,0.0786460129618,-0.0585102412738,0.0019999654473,-0.1422422709938,-0.0261101233249,0.0832955697253,-0.0952783392029,-0.0928326952340,-0.1028927041260,0.0167946910734,-0.0193003248798,0.0894942274082,0.1760426132564,-0.0452853294960,-0.3182791292250,-0.0874520850139,-0.1875193474894,0.1995819505208,0.0680788614510,-0.2843366104460,-0.1867550968574,-0.2714643115835,-0.0324683906318,-0.0122252571069,0.1241816438427,0.3831694826761,0.0855923714497,0.8466945848254,0.6963568973237,0.7741141962590,0.5693721403067,0.5378928438545,0.7382997694985,0.0875941898099,-0.0053144435782,0.2412802284122,0.0179855307343,0.3010797386640,0.1049458425075,0.1912808695840,0.0758629039324,0.4467391467361,-0.1559571855675,0.3482699492664,0.1752528968753,0.1174167181290,-0.0294150768412,0.0528709658313,0.1284506635294,0.0719004641152,0.0479041057869,-0.2088394794794,-0.1595979002830,-0.1736899663498,-0.1172271478347,-0.0121892218254,0.1242462260722,-0.0748324413180,0.0193023371828,-0.2034783747259,-0.2173543209410,-0.3183485455750,-0.2455398090862,-0.0946949256227,0.1012014056436,-0.3578743101106,-0.2631969287700,-0.0860614933066,-0.2722378389669,-0.2996976238923,-0.1738748700467,-0.1955879922675,0.1223218796583,0.2631532647584,0.1642162064016,0.1720405301787,-0.0159620197549
0.3430429050792,0.3803069714083,0.7104777087300,0.5819335564378,0.5636501139723,1.0000000000000,0.7954321413877,0.3728022592773,0.3471215336084,0.2908287687261,0.2095531465229,0.3924935125568,0.3469873335305,0.1929100279895,0.3590097342136,0.3904953935919,0.2351506104069,0.3084330461820,0.1601617724960,0.1928610011113,-0.0289155862394,0.0134273078306,0.0646258082225,0.2433253990168,0.1706473590845,-0.0074665170451,-0.0028563857911,-0.1480542784640,0.0173904033010,-0.1086031270279,0.0011456166066,0.1356155332016,0.3018012937412,-0.1561904800854,-0.1251822556859,0.2562968263116,-0.2474949188585,-0.0843094056741,0.0023476022636,-0.1240902904498,0.0628808691795,0.0969325343962,-0.0976672778690,-0.1250375668873,-0.0996926263651,-0.0221292040484,0.0325169072015,0.4171831406261,0.3085897396275,0.2344170092965,0.4478917785651,0.3648264542104,0.5463878890778,0.7525333960942,0.8503574697747,0.6578672526519,0.3619600391344,0.2742416300997,0.3672017015915,0.3319598509759,0.1563030889192,0.2800770877371,0.2758969262913,0.2917306656585,0.2227153215974,0.1620352857428,0.3885622531224,0.3849396854796,0.2591927990127,0.1595833905362,-0.0428317037390,0.0320110627063,0.0769786382728,0.0863658990888,-0.3046427901035,-0.2638462074068,-0.1350774634741,-0.1127397910844,-0.0614869572270,0.1198472539797,-0.0285682919988,0.1438048119666,-0.0881868369672,-0.1516934041949,-0.0984982623849,-0.3131782254688,-0.3291485979304,0.0856340437696,-0.2498414475114,-0.0752965948300,0.0424337537127,-0.1609837751784,-0.2582018733461,-0.1876075509289,-0.1596299055432,0.4452138802716,0.1832877717081,0.0032652502239,0.1749892894907,-0.0039344998863
0.4891250605975,0.4899311909262,0.7182496067569,0.7618660681025,0.6619139145185,0.7954321413877,1.0000000000000,0.3771041049441,0.3583430780820,0.3242043794110,0.3321295295459,0.4261145648836,0.3735469467727,0.2995921824069,0.3452837279198,0.4569166127763,0.3188648722229,0.3296736572393,0.2867609308730,0.0520632559478,0.0880393327399,0.0890904048634,0.1252181668139,0.2843562133892,0.1734003645806,0.1265609407565,0.0031699612961,-0.0739426580504,0.1132716513580,-0.1403995351702,-0.0120604469439,0.0247112436860,0.2550816810668,-0.1114348384378,0.0258748904452,0.2638232076968,-0.1843396984870,-0.2383882770511,-0.0483048525279,-0.2088964047360,0.0625883939279,0.0545561845663,-0.2125990689683,-0.1363807824755,-0.1721190899415,-0.0279685286983,-0.0112801538862,0.1976187522657,0.1731570779872,0.2621876171583,0.5609046792222,0.4690908854277,0.6711670485348,0.7911315843116,0.7707576223039,0.8574820605608,0.2947920292570,0.1360936259745,0.4383172456973,0.2887452696918,0.2571687871199,0.3501252954370,0.3431600766353,0.2823382937853,0.3050256789898,-0.0189676409202,0.4917846267957,0.3933578759259,0.4163133858183,0.1624862741568,0.1430913677687,0.1746114072172,0.1645032075259,0.1599722388155,-0.3208525429001,-0.1515754897328,-0.1415687622234,-0.1642630519543,-0.0571978658779,0.1733254957782,-0.0261170835566,0.1569110057666,-0.2612389179907,-0.2168795641459,-0.1851825881862,-0.2981721974371,-0.2864416134178,0.1634390987172,-0.3348316287562,-0.2338127866633,-0.0391906389343,-0.2249276256915,-0.2676788062892,-0.1956488614235,-0.1561726130676,0.2611803075578,0.1000698478761,0.0532909010930,0.1058893661927,0.0414984583281
0.0088940108880,0.1090362533849,0.3711293715622,0.2152105872716,0.1747904043140,0.3728022592773,0.3771041049441,1.0000000000000,0.7630974360674,0.3312154237071,0.3533869800006,0.5493009378009,0.7351825843764,-0.0610571846372,-0.0853604649630,0.2221207123491,0.5061856645957,0.5086925076850,0.3328929141440,0.2827527512805,0.2282775220331,0.2008195897437,0.1467911190765,0.1964237934596,0.3144330785777,-0.1983681392589,0.0515642352794,-0.0901379142887,0.0135235552150,0.0185021283892,0.1603435593536,0.1921782808298,0.4826163342031,-0.1742824044618,-0.3927636591404,-0.1385738791437,-0.2009232207383,-0.0433779669844,-0.2888502902786,-0.1898338737135,0.0717158643169,0.1926634822618,-0.1794444391311,-0.0177046832735,0.0092349966015,0.1808160503356,0.2334403999266,-0.1805048887255,-0.0841950595375,0.1380687660647,0.0823132606170,0.0589949604845,0.1315956137265,0.3318286681425,0.3817735125653,0.3480217487674,0.8163801777527,0.7915411854858,0.7484728083673,0.7420420582899,0.2935826663511,0.3820361751510,0.4702576930925,0.6645081627555,-0.2088956710159,-0.3027388003445,0.2412720391899,0.7391394327743,0.4479504363054,0.4189544728804,0.0439699048871,0.0584209057908,0.1011155237998,0.3621921269281,-0.0741890303151,-0.3132832641169,-0.1264696485687,-0.2275458896668,-0.1436142728924,0.3244491354824,0.1642048640779,0.3801248764339,-0.1752233185923,-0.2282405096965,0.0461330871834,-0.3261555494594,-0.3421455333981,-0.2996509262710,-0.3015291143901,-0.2012846438893,-0.2292257311129,-0.2094829557963,-0.2573286204809,0.0008169770526,-0.0000662082332,-0.1390201698567,-0.0305186842109,0.0229860060597,0.1865733881557,-0.0357210931011
-0.0613459267668,0.0008084043589,0.2777636600239,0.1066970949683,0.0545970509499,0.3471215336084,0.3583430780820,0.7630974360674,1.0000000000000,0.2975451539604,0.4408883599000,0.5703443903979,0.6534121130665,-0.1261735264859,0.0138574930197,0.1887759487072,0.4423238689596,0.4844478294905,0.5155917062388,0.3798995850914,0.2715840126342,0.1853287295127,0.2757548593698,0.4340129495988,0.5760998643976,0.0822311532845,0.2433781414706,0.0045620097833,0.0239424257826,-0.0460698438617,0.1462403067267,0.2576057624889,0.4269242104916,0.0047915952151,-0.2661280697775,-0.0627636869157,-0.1193422692790,0.0070192871540,-0.2577445973463,-0.0675886394601,0.0015946343476,0.1811782714380,-0.1798785587547,0.0621304619356,0.0422907952501,0.2106264876365,0.2553179078059,-0.0901147829908,-0.1475771496575,0.2357866753629,-0.0102959576806,-0.0314130804669,-0.0090569123119,0.2450700300531,0.2821522968841,0.2599500405817,0.7726814042802,0.6276058235049,0.7023226123739,0.8436025958840,0.2593360719009,0.5123725715678,0.5171474963565,0.6376484627254,-0.1815244373679,-0.2656911437665,0.2430082646143,0.6706180148459,0.6046080559666,0.5773816462546,0.2166668535724,0.2735846529729,0.3163519997162,0.5366854919600,-0.0346773580605,-0.1943078826316,0.0553397074425,-0.1997729117413,-0.1746264784595,0.3664497385336,0.2295461118677,0.2591152324896,-0.3006721308510,-0.3078594458141,-0.0518481633095,-0.2152204283794,-0.2902716777801,-0.2494576181352,-0.3297731289697,-0.2424442608440,-0.2676989162044,-0.1460830461297,-0.2954148708186,-0.0127947648446,0.0776824434564,-0.1191393599399,-0.1108049472004,-0.0648860958080,0.0939798388250,-0.0565362713950
0.2925810839030,0.3648401880028,0.3237663567913,0.3428679739735,0.3230475250823,0.2908287687261,0.3242043794110,0.3312154237071,0.2975451539604,1.0000000000000,0.5011251120630,0.6743714874605,0.2865849181602,0.2955162371623,0.3530921851604,0.1477687761398,0.2866657676328,0.2408658556923,0.3435020240931,0.0345302308167,0.3816944822908,0.6173465858968,0.4991256828685,0.3764153489332,0.1640562581898,0.1019886653703,-0.0195465196428,-0.0517161314445,0.0386532031131,-0.2117976938886,-0.1137174759321,0.0674443906024,0.2189875503581,-0.0286026848248,-0.0305227094467,0.0915246786930,0.0629933777653,-0.5101161187535,-0.3063818309589,-0.3349647427480,0.2200693471883,0.1340871320126,-0.5210707066374,-0.3665977380694,-0.4024021851625,0.0620446703370,0.0713177486544,-0.0602409924769,-0.0352953158328,0.4694745494008,0.4073972920858,0.2972917985665,0.3807133777332,0.2373851684058,0.3610050542324,0.3233043347190,0.2663165996096,0.2204139088324,0.4892054864474,0.1748882507538,0.8961476963863,0.4083859848093,0.5933366136293,0.2119236576555,0.2912740415574,-0.1979177534116,0.1956024370561,0.3669780392334,0.3546163365843,0.3128542775211,0.4375966878348,0.4771299913539,0.3313483656101,0.3552258156050,-0.2053589956678,-0.1010052882902,-0.0645020406200,-0.4146281365529,-0.1148184106277,0.1529895434183,0.2284704874889,0.2397695087192,-0.3365931582057,-0.3969052177029,-0.2783644206155,-0.2226757454921,-0.0551025927609,-0.0554020117692,-0.5781490010861,-0.4370060465549,-0.2878382326651,-0.4552938983507,-0.5156119519701,-0.2263532912481,0.0194164931720,-0.0338765126773,-0.0052318326664,0.4948177427972,0.4011974848075,0.1775776866793
0.1247782740491,0.0238397329103,0.2085770219735,0.1960659550195,0.1895845418838,0.2095531465229,0.3321295295459,0.3533869800006,0.4408883599000,0.5011251120630,1.0000000000000,0.5485474430741,0.3956805840185,0.0633351677141,0.1949142959319,0.2207150301802,0.4206912765157,0.3615924904088,0.4076553980379,0.1206342867223,0.3609132638950,0.4770466172770,0.4882059775723,0.4846924707999,0.2797238475968,0.1550274118390,0.2904464650571,0.0130588445643,0.0778812949278,-0.1826814838314,0.2106923962294,0.1167535338869,0.2344149489147,-0.1137284356879,0.0852348159866,0.0691656453297,0.0305074898226,-0.1497598556043,-0.0837353839303,-0.1655444971939,0.1784653084462,0.0290444123031,-0.2307664058525,-0.2158595281451,-0.1722917429200,0.2270672500276,0.0251135588865,0.0801530724032,0.0599671668993,0.3546117101833,0.1855154092654,0.0481670167928,0.1899611011619,0.3198679787221,0.2510675978907,0.2996112108138,0.2942461016558,0.1498329460272,0.3887498325239,0.3364580486985,0.4759984635790,0.7434118719277,0.5595967572685,0.3758256675412,-0.0932343853554,-0.1481014528814,0.2662212335082,0.3749820316760,0.5482343891987,0.3750091700647,0.4153233215316,0.5385062058904,0.4664378721697,0.4295824860986,0.0180526346110,-0.0694237853668,0.1054141509446,-0.1094078271291,-0.2081331402137,0.4199862963717,0.2420593027236,0.1976401855070,-0.4090990702790,-0.2645317664110,-0.2011645236680,-0.2054705520907,-0.0526106278070,0.0342743647534,-0.3587082353689,-0.2836468334571,-0.1342944015943,-0.2475855170530,-0.3457873672060,-0.0259771354281,-0.0778284342313,0.1144339980556,0.1561699881948,0.1555214378370,0.0752839288087,0.0513677261621
0.1848400698283,0.2424458140794,0.4100992016091,0.3301479798798,0.2607618362574,0.3924935125568,0.4261145648836,0.5493009378009,0.5703443903979,0.6743714874605,0.5485474430741,1.0000000000000,0.6647318236317,0.1339450415597,0.0895952861096,0.1829347170123,0.4845638677232,0.4371062009514,0.3591322053192,0.1410732329327,0.3545381061803,0.4051811633027,0.4859741313137,0.3531372131589,0.4274076285717,0.0755695389943,0.1124794818712,-0.0511538545318,0.1006543754408,-0.1359586101052,-0.0028795159193,0.2676636733623,0.4944842589104,-0.0530383369087,-0.3166271686834,-0.0342901222278,-0.2283482766244,-0.3404045763515,-0.3906849044033,-0.3163602447369,0.1764907236885,0.2049204529198,-0.4319974888769,-0.2096739668204,-0.2417714097437,0.1764751664727,0.2489692017876,-0.1133664654427,-0.0892005724044,0.2760228479998,0.2904747149315,0.2096842890722,0.2793313094272,0.3399076679685,0.4305967403451,0.3737167874086,0.5092052360420,0.3974465657532,0.6053353982661,0.4702443338063,0.6152681793243,0.6184563186398,0.8153805949682,0.6156543352743,0.0777352276436,-0.2629803345883,0.2572261044431,0.6533056271186,0.4587121565020,0.3382489557941,0.3349746475158,0.4491799437373,0.2377945834440,0.4420112177823,-0.2312402435546,-0.2052396411275,-0.0976714682940,-0.3151943840590,-0.1185495108005,0.2118634586389,0.2584593216796,0.3422635887506,-0.3664570394056,-0.4315044003732,-0.2104964625433,-0.2625123874030,-0.4016521005568,-0.2670367208632,-0.5453573272583,-0.4330181289350,-0.3663201005984,-0.3831470126446,-0.4760890495521,-0.1643993868522,0.0457578738553,-0.0602939950886,-0.1060104349545,0.2303689997891,0.2663918338968,0.0261569566462
0.0011556291351,0.0770901233368,0.3225873769504,0.1893619472875,0.1141980390739,0.3469873335305,0.3735469467727,0.7351825843764,0.6534121130665,0.2865849181602,0.3956805840185,0.6647318236317,1.0000000000000,-0.0736860070861,-0.0784495713881,0.1571007861149,0.6112442810226,0.4091025440385,0.2329347983273,0.2102682780844,0.2038471921192,0.0650180819460,0.1116762655431,0.1400157048228,0.2721228437399,-0.1584091088872,0.0109503814243,-0.1057335338590,0.0263391954543,0.0251366007662,0.1778222867052,0.2925527726940,0.4839804092924,-0.1058679622253,-0.3878866039030,-0.1463018389887,-0.3821777192967,-0.0158877986608,-0.2933376591766,-0.2042722835209,0.0551066856268,0.1764406931818,-0.1565975727686,-0.0236138368228,0.0087696408233,0.0929630817378,0.2434552652430,-0.1752161042309,-0.1525182732105,0.1365323664327,0.0190128145052,0.0082671293954,0.0658727749638,0.3441262724342,0.3730660063095,0.3372224089251,0.7149735232140,0.6230187794616,0.6532837053582,0.6850602390031,0.2484122154559,0.5182148433569,0.6125444891908,0.9225664579642,-0.1305466250010,-0.2095873757127,0.2287947984504,0.7946329804952,0.4104267805323,0.2352322330884,0.0878580605083,0.0693420995579,-0.0147896791310,0.2167045549028,-0.0510152989234,-0.1980839346416,-0.2607554858454,-0.1681643060109,-0.0862514922798,0.2422173717234,0.2271419691014,0.3580862480773,-0.1661421860135,-0.1659460866497,0.0872534181941,-0.1950468146863,-0.4761291045341,-0.2846563081026,-0.2148328888220,-0.1755363614480,-0.2067932598675,-0.2093894542231,-0.2603736196556,-0.0199664664529,-0.0589233928226,-0.1024794660366,-0.1883374308982,-0.0174539605593,0.1194771022681,-0.0595594261871
0.7190122839736,0.5949077165467,0.4243865268686,0.5575511556695,0.5750299833180,0.1929100279895,0.2995921824069,-0.0610571846372,-0.1261735264859,0.2955162371623,0.0633351677141,0.1339450415597,-0.0736860070861,1.0000000000000,0.3828098458213,0.3647270400445,0.1692283838767,0.2229070638360,0.0246583633208,-0.0659700614421,0.2395609790357,0.1644509740328,0.1220015662246,0.0222178376303,-0.1897895142907,0.1194152502856,-0.1814788146529,0.1887120455966,0.2297279116260,0.0962877657919,0.0876768076351,0.0889664091005,0.1497414311131,0.0454802746326,0.1944751180587,0.3300437098984,-0.0815793376678,-0.2459224795844,-0.0477593343022,-0.1967640732141,0.1312302211094,-0.0648462954273,-0.2101699855223,-0.2142912426102,-0.2080032328118,-0.0574134385467,0.0478230228632,0.1497441879045,0.3566722192069,0.2925984688001,0.6938924206692,0.6304660766338,0.6051787025453,0.2723779063768,0.2702962681817,0.4231868372693,-0.1757296221286,-0.1654552375907,0.0722822617089,-0.2520514901995,0.2966346908872,0.0018487337952,0.0719241601570,-0.1620716496037,0.6284040707172,0.0452601735509,0.2766425402831,-0.0111919325459,0.0055348200494,-0.0704508872294,0.1912648887230,0.0707564179652,0.0647132750460,-0.1429334856440,-0.0801669134414,0.0149776507263,-0.2567854996268,0.0261085197507,0.1358296694546,0.0982430243880,0.0469345742443,0.0375760370226,-0.0324218812715,-0.1279859992169,-0.2155127561975,-0.1086649975915,-0.0663427786085,0.1537345915957,-0.2618891476316,-0.2083147557094,-0.0746053907810,-0.2984172038728,-0.3447681244576,-0.1477376232445,-0.1550491514018,0.1270160376858,0.3110758310981,0.3295988829321,0.1169131491289,0.0018412602244
0.2461377683599,0.3220299866788,0.2489864554797,0.4202985022300,0.2540258785573,0.3590097342136,0.3452837279198,-0.0853604649630,0.0138574930197,0.3530921851604,0.1949142959319,0.0895952861096,-0.0784495713881,0.3828098458213,1.0000000000000,0.2843162974960,0.0675563861611,0.0917733450082,0.1816389276469,0.1062886885931,0.3083393078287,0.1729840462960,0.2488872440341,0.4044411573454,-0.0366528891831,0.2399256877005,-0.0819668305176,-0.0763804816421,-0.0751705871987,-0.1701819861566,-0.0254941253360,0.0477546685015,-0.0183383671543,-0.1342358770907,0.2886964514185,0.3586080386976,0.0891180541296,-0.1585673609410,0.1440374456038,-0.1016358474746,0.0124047343189,-0.0977834417842,-0.0766880353635,-0.2186337098870,-0.1334838218902,-0.1742353668294,-0.1930365241560,0.3573189752581,0.1526645648199,0.6559198283214,0.3529062563510,0.2842051608614,0.4146408898046,0.2691180033317,0.2934508173831,0.3113567851513,-0.0715033347116,-0.1175407473557,0.0529502024799,-0.0830950059629,0.2666388106861,0.2458363711702,0.1188398456423,-0.1505496307181,0.4561687099664,0.3355031580804,0.1988639083706,-0.0601366864592,0.1425829024453,0.1371147549521,0.3152049206825,0.2841850615201,0.2453745232199,0.0479818807504,-0.1067544935377,0.0242981565439,0.0401432641199,-0.1344123562994,-0.0671623491476,0.0798327211595,0.1568221050386,0.0500691643687,0.0013988058462,-0.0940686286010,-0.1696119684165,-0.0824412639198,0.0849524966591,0.3077846625859,-0.1204185334268,-0.0557694532861,0.1264829363487,-0.1076702822831,-0.2091164894615,-0.2702421351404,-0.0341636323016,0.2964695154160,0.1248432256318,0.2394596507145,0.2082315745185,0.3018749317280
0.2131370681188,0.1937008289198,0.3642761041995,0.3593728911067,0.2896711389760,0.3904953935919,0.4569166127763,0.2221207123491,0.1887759487072,0.1477687761398,0.2207150301802,0.1829347170123,0.1571007861149,0.3647270400445,0.2843162974960,1.0000000000000,0.4485891403902,0.5718922055590,0.4220872475832,0.5368331242420,0.2174569218125,0.0742189111706,0.0762424685243,0.1403691258663,0.0997574854314,0.1386391455365,0.0399836834152,0.0189928328848,0.0628765903661,0.1617182458458,0.5951903258476,0.4319579646371,0.4944020236660,0.0525801455295,0.2551372078271,0.7056891485280,-0.0895838615488,0.1707214794907,0.1399860746160,-0.1470633364305,-0.0304902961076,-0.0022427742272,0.1533592549046,-0.0911657570739,-0.0062065954183,-0.0574414355598,0.1524258869738,0.2730331637508,0.2373969360429,0.3185805750288,0.2177117367759,0.1999432581281,0.3834542549628,0.3779704074559,0.3564844966834,0.3570207037993,0.0952714416585,-0.0022976179627,0.3510449440467,0.0684281922865,0.0560659225957,0.1117383616356,0.0138768281199,0.0510258483709,0.1242491013055,0.1701742657138,0.7248277047659,0.2154782369701,0.3748353025686,0.2562418228750,0.1396854863398,-0.0370831726650,0.0800277564416,-0.0668598681885,0.0812297194149,-0.0396825910750,-0.2110279223928,-0.0051647574120,-0.0852621662496,0.4295873723917,0.1176500373110,0.1139495894953,-0.0562831267060,0.1887767658997,0.1292091286655,-0.0972446171515,-0.1838127234203,0.3330832899400,-0.1088380208510,0.0766668055684,0.0629951755519,-0.2968505209004,-0.3166906801904,-0.1023243481633,-0.3514051405251,0.2549400262004,0.1697945394229,-0.0929030465302,-0.1016098705223,-0.1733714730589
0.0610232687737,0.1012996322869,0.2963625772654,0.2015687255464,0.1621969403650,0.2351506104069,0.3188648722229,0.5061856645957,0.4423238689596,0.2866657676328,0.4206912765157,0.4845638677232,0.6112442810226,0.1692283838767,0.0675563861611,0.4485891403902,1.0000000000000,0.7195580362915,0.5347629392367,0.3886597354866,0.5103860814847,0.3127187015519,0.3484670677299,0.1967563431775,0.3063944936506,0.0921887108435,0.1248800350908,-0.0228796605757,0.0015240769577,-0.0135434232723,0.3956093237698,0.2637251355890,0.4794284698850,-0.0874684114895,-0.0907327463829,0.2085390596996,-0.2727410435293,0.0168721424136,-0.2757509460801,-0.1928828792794,0.0635645567167,-0.0099959042201,-0.2508558010075,-0.1557966323848,-0.1247234177439,0.0492148712618,0.0333329680481,-0.1339395464479,-0.0349175871761,0.3349917365316,0.1056012743144,0.0603513460618,0.1512890095777,0.2709282660653,0.2613053743617,0.2985132737197,0.3710565232806,0.2261402036884,0.5031929488967,0.3733111772697,0.2170266623391,0.4448383602075,0.3882480386692,0.4589546418007,-0.0818168920663,-0.1840423548538,0.4339879171087,0.6574469361626,0.5458766337419,0.4246969844693,0.3948769694350,0.2474641457847,0.2038952202896,0.2202033880166,0.1060089285556,-0.1165294299668,-0.1624686858080,-0.1739021612690,-0.1856026466922,0.5061574426331,0.2578983651050,0.2209658852092,-0.3001871379342,-0.2600438545276,-0.1013927868052,-0.2423053354694,-0.3685162592779,-0.1262782464114,-0.3429293756778,-0.1684132615112,-0.2780345104044,-0.3314049885374,-0.3734372945787,-0.0498450629808,-0.2070544517194,-0.0993378795646,0.0273882526972,-0.0412967907717,-0.0530533800333,-0.1918857872204
0.1023979896143,0.0321345712077,0.2955563909113,0.2007290666862,0.2203967842435,0.3084330461820,0.3296736572393,0.5086925076850,0.4844478294905,0.2408658556923,0.3615924904088,0.4371062009514,0.4091025440385,0.2229070638360,0.0917733450082,0.5718922055590,0.7195580362915,1.0000000000000,0.4966394170351,0.4641727984079,0.3406816736764,0.2231010329112,0.3431332197008,0.2468156019362,0.4167435632354,0.1323739703435,0.2404255261051,0.0473627694308,0.0381277613559,0.0397287386835,0.5534072431912,0.3859124447472,0.5735066493589,-0.0392964854112,-0.0591301926357,0.3009790538662,-0.1427850300409,0.1179994559297,-0.0808675355561,-0.1583721008379,0.0555524084953,0.1115721650651,-0.1642105893213,-0.0918845510056,-0.0458158612768,0.1124768927742,0.1567422991880,0.0401729817594,0.0978041993164,0.2671989687066,0.1447308570643,0.0407305021883,0.1376205967418,0.1971567999218,0.2279591659540,0.2776741850486,0.4084701697110,0.2200901985272,0.4691350604650,0.3337335979391,0.1149984675541,0.3572711046165,0.2216629622586,0.3137834393503,-0.1113989651542,-0.1453963682107,0.5513927847840,0.5631605718154,0.4717363083998,0.4764409002088,0.1809305491734,0.1990366299539,0.1961005543151,0.1966400881710,0.1300028358540,-0.0904171862903,-0.0313574097727,-0.0638676938951,-0.1659931340449,0.6504554270608,0.2674218944112,0.2157789373366,-0.2190142259528,-0.1496174762959,-0.0175746034502,-0.1185405082662,-0.2927161212506,-0.0145325453715,-0.2672310435774,-0.0237994313108,-0.1280621164910,-0.2751258911138,-0.2992840998423,-0.0136286070720,-0.1731318753918,0.0087197724128,0.1312159474520,-0.0595015325154,0.0725978637442,-0.1695625651534
0.0355278737565,0.0429068436694,0.1845340983147,0.0807766754276,0.0814802313373,0.1601617724960,0.2867609308730,0.3328929141440,0.5155917062388,0.3435020240931,0.4076553980379,0.3591322053192,0.2329347983273,0.0246583633208,0.1816389276469,0.4220872475832,0.5347629392367,0.4966394170351,1.0000000000000,0.4866529914128,0.4335064353006,0.4271426433910,0.5110944467163,0.4378698998910,0.5039856995836,0.3607221423966,0.2064638542809,-0.0404781622316,-0.1723979739664,-0.2132588447617,0.1761642791369,0.1501054402544,0.1880208807414,0.1232020055490,0.1018005457658,0.3724520865662,0.0880686314515,-0.1575565378984,-0.2641931301551,-0.1583460268543,-0.0104619180875,-0.0958543627518,-0.3456759590196,-0.2476237062839,-0.3444432139360,0.0263348488642,0.0000779481717,-0.1335151505095,-0.0337347109243,0.4718097734267,0.0356634702218,-0.0431385749347,0.0820669465540,0.1631227851585,0.1147323482653,0.1613160129648,0.2507213989075,0.0551646471797,0.4690269447038,0.3008589046348,0.3085480012814,0.3626355243424,0.2834935687849,0.1463932019882,-0.0540890737059,-0.1337322100258,0.4798938207012,0.3838444485184,0.7524592943827,0.7713205324077,0.6172285501249,0.4780881608878,0.5089008582445,0.5052307560257,0.0730465497812,0.0950898352612,0.1359375288993,-0.2987061308396,-0.3821919452687,0.4396949324773,0.2344741235459,0.0437479621873,-0.4797657859325,-0.3639224119633,-0.2053067613954,-0.0582785178636,-0.0639845456246,0.0211462641172,-0.4398745846620,-0.1916385716096,-0.2987405877559,-0.2953817366378,-0.3719615919292,-0.1376393877525,-0.0336741348136,-0.1470551072702,-0.0153928298097,-0.0114042243671,-0.0715623863289,-0.1261811402464
-0.2086461602219,-0.2250128265091,0.0018826748279,-0.1782765656055,-0.1485260953028,0.1928610011113,0.0520632559478,0.2827527512805,0.3798995850914,0.0345302308167,0.1206342867223,0.1410732329327,0.2102682780844,-0.0659700614421,0.1062886885931,0.5368331242420,0.3886597354866,0.4641727984079,0.4866529914128,1.0000000000000,0.3187756960704,0.1108740127314,0.1697261665997,0.2792416498013,0.4397213968574,0.2381222644673,0.2836711239190,0.1042645701303,-0.0428091318988,0.1930143459083,0.4709228306337,0.4247994513551,0.4346315525881,0.1573743400309,0.0230828936825,0.5457982918631,-0.1001166671083,0.4475745952042,-0.0218538383560,-0.0008384163311,-0.0106198259096,0.0167178936753,0.1472760438920,0.0349856742814,0.1447640919236,0.0720462950619,0.2549594182793,0.0958432419587,0.0835731346885,0.3673707289957,-0.1955330903942,-0.2376316001046,-0.1194967394090,0.0262006309201,0.0850505610863,-0.1037607535950,0.2708249393215,0.1754917016537,0.2784427730875,0.2217169237158,-0.0357867946200,0.1089798865650,0.0439973909424,0.1992426723056,-0.1971902543813,0.1735273858959,0.3394951517852,0.2742205599483,0.3396370119799,0.6050888583450,0.2055321748341,0.0233371548102,0.2343064773733,0.2190176241280,0.2241113944300,-0.0537001623688,0.1100933449386,-0.0373125656534,-0.1119686836585,0.3594116692242,0.0951176554019,0.1377018200423,-0.0146187772724,-0.0521371789430,0.1626721827484,-0.0369319980963,-0.2083813042805,0.0934363151358,-0.0565690433484,0.2525559481633,-0.0742526042704,-0.1570761764799,-0.1533458189892,0.0395006950402,-0.0240532314199,0.0600764051377,0.0609626402180,-0.0873012579843,-0.0486784078503,-0.0539188329408
0.0272803845924,0.0598609302267,0.0669897936135,0.0993735381411,-0.0117761861377,-0.0289155862394,0.0880393327399,0.2282775220331,0.2715840126342,0.3816944822908,0.3609132638950,0.3545381061803,0.2038471921192,0.2395609790357,0.3083393078287,0.2174569218125,0.5103860814847,0.3406816736764,0.4335064353006,0.3187756960704,1.0000000000000,0.4846025490601,0.5787512501650,0.4640628098917,0.3136223031420,0.3563309350246,0.2237859631957,0.0655533583039,0.0217549824352,-0.0927568599931,0.2346844161484,0.3152158605584,0.4010027289834,0.0586789086444,0.0688111159643,0.1113093352339,0.0242095467749,-0.1534803941769,-0.3726675974391,-0.2822403656669,-0.0760713578271,-0.1500435128452,-0.2483405314850,-0.1347297494441,-0.0794001918576,0.0813285653885,0.1447060457640,-0.2146689345953,-0.1139564642292,0.6628930969104,0.1212771277206,0.0489406511858,0.0912915304041,0.1068397466926,0.0238947829136,0.1151326681795,0.1355073873631,0.0800632348139,0.2763197192335,0.1558417459767,0.4441930013533,0.4038234503239,0.3684044284163,0.1141340544991,0.0516473862714,-0.2199504771841,0.0765280067906,0.2083071439724,0.4028136895176,0.4065346971405,0.7128803919765,0.5098957375175,0.4073898360161,0.3195190974135,0.0341150113330,-0.0164711584273,0.0647792623256,-0.3574122644591,-0.1936834763089,0.2257318542309,0.3615920839249,0.2061687367199,-0.4079584424234,-0.5257613522704,-0.3312293814786,-0.2206831645674,-0.1219390741781,-0.2355335873200,-0.4381980250006,-0.4290420742062,-0.4872123857897,-0.3443082614475,-0.4014141205744,-0.1353285303392,0.2108282944047,-0.2764350852405,-0.0133658054260,0.2015957852941,0.0320275641618,0.1526876914168
0.1100614131949,0.1001819995176,0.1110991679487,0.1077796097948,0.1957234739088,0.0134273078306,0.0890904048634,0.2008195897437,0.1853287295127,0.6173465858968,0.4770466172770,0.4051811633027,0.0650180819460,0.1644509740328,0.1729840462960,0.0742189111706,0.3127187015519,0.2231010329112,0.4271426433910,0.1108740127314,0.4846025490601,1.0000000000000,0.7425769039870,0.4266964523335,0.2224998240681,0.2529720801514,0.2382139165379,0.1647689043879,0.0458703960957,-0.1036995714690,-0.0388695278878,-0.0014923615680,0.0781425774573,0.1297911990012,0.1200882448614,0.0480694746584,0.2729976177139,-0.3080580867188,-0.2641647325981,-0.0900707600713,0.3265200874616,-0.0466715369857,-0.4583407752874,-0.3202691382299,-0.3634773193209,0.3152434455467,0.0961455789909,-0.1201934083463,0.1549610863648,0.3585443105982,0.2556055907034,0.0823607200166,0.2220379591084,0.0687602814230,0.0698001783958,0.0835455442126,0.1274672917891,0.0592436005959,0.2335891626261,0.0761005983026,0.6225987781976,0.3327729707200,0.3798053274510,0.0174182451395,0.0179848856869,-0.2349236135433,0.0643420907527,0.1927082213884,0.3702691436400,0.4344260208416,0.5490551594196,0.6569881393939,0.5220855894573,0.4960147709677,0.0005131395544,-0.0088868229546,0.2577624050731,-0.2463164540497,-0.1872532304085,0.2171859030131,0.2770792483669,0.1792946234270,-0.3720391673814,-0.4292184832640,-0.3202413472532,-0.0827887756279,0.1836079059798,-0.0486270597875,-0.4880077737872,-0.3301566250466,-0.2917589142782,-0.2267760682624,-0.3195522918880,0.0933094979132,0.2107868842906,-0.1190402047963,0.2236368516589,0.4484323835721,0.1464818490220,0.1527313823096
0.0695975111337,0.0329197221796,0.1044408029698,0.1458324178181,0.1410483258544,0.0646258082225,0.1252181668139,0.1467911190765,0.2757548593698,0.4991256828685,0.4882059775723,0.4859741313137,0.1116762655431,0.1220015662246,0.2488872440341,0.0762424685243,0.3484670677299,0.3431332197008,0.5110944467163,0.1697261665997,0.5787512501650,0.7425769039870,1.0000000000000,0.5284685706425,0.4389631641058,0.5067842048278,0.4265220315290,0.0077562162819,-0.1107476148900,-0.3552875103429,0.0275279450112,0.2114706166911,0.1528357611413,0.2073942446405,0.0820545777721,0.0831973457958,0.1333379123244,-0.3401788117745,-0.4191195219770,-0.2258817752577,0.0274798747263,-0.2221535470845,-0.5543427031786,-0.4032495084889,-0.4630586084652,0.1716950449168,0.0263914149126,-0.1222430673932,0.0047491376540,0.4086370227981,0.2026597324185,0.0256905966672,0.1518922086864,0.0764301687697,0.0368852806185,0.0925514846455,0.0982174915115,-0.0204148016878,0.2012268119555,0.1417066023837,0.5022841671468,0.4558709669267,0.4619021789758,0.0576347946522,0.0327034387537,-0.2083958906670,0.1097564825551,0.1881913381676,0.4369862884219,0.4964646066580,0.6911154857973,0.8717153032139,0.5651174297399,0.5816606439702,0.0718344217859,0.2016784760243,0.4026063476622,-0.3506558525875,-0.3638593440202,0.2917222383902,0.4811439462576,0.2163896672471,-0.5871025713345,-0.5473686934029,-0.3840720667132,0.0025123750794,0.0360458468083,-0.1174486515679,-0.5196189154614,-0.3504912972925,-0.4519444048478,-0.2948274253594,-0.3684277558183,-0.1087702105813,0.2409641969999,-0.1573341025787,0.0275249610333,0.1768797863200,0.0421854371438,0.1267814622558
0.0300883019267,-0.0640458127941,0.0644078880158,0.1192757654414,0.0786460129618,0.2433253990168,0.2843562133892,0.1964237934596,0.4340129495988,0.3764153489332,0.4846924707999,0.3531372131589,0.1400157048228,0.0222178376303,0.4044411573454,0.1403691258663,0.1967563431775,0.2468156019362,0.4378698998910,0.2792416498013,0.4640628098917,0.4266964523335,0.5284685706425,1.0000000000000,0.3793320073692,0.3413724896892,0.3437844282664,0.0661579737643,0.0091733982405,-0.1589886570712,0.0524995297614,0.0357328601405,0.0737822460675,-0.0375917596381,0.2584474778053,0.2171111648017,0.3119413017938,-0.1188767506955,-0.0090205622587,-0.0146759486642,0.0969779663029,-0.0347826676151,-0.2333283722343,-0.1812315358743,-0.1892644997116,0.1570354515643,0.0091395862971,0.2179797933098,0.1491846127037,0.4934099174556,0.1584332692435,-0.0630312890608,0.1213626041246,0.1361978958575,0.1528337749549,0.2097831031229,0.2734008397075,0.0840239738010,0.2688079844700,0.2666617744622,0.3558530770957,0.5613222856132,0.4015471516312,0.1293387931422,0.0008253307136,-0.0013277750563,0.1162419611470,0.1819601196056,0.5275648761495,0.5509425051708,0.5029289745458,0.5862123242205,0.7466484639150,0.5817561478907,-0.0308118205915,-0.0224828759326,0.4106275598643,-0.1684177746443,-0.1821602630485,0.2557673053800,0.2215887521224,0.1148536829722,-0.3039325720942,-0.3554462165077,-0.3046583773977,-0.1450906494182,0.2156696865603,0.1871909279851,-0.2969424868385,-0.1559883418928,-0.0380611991594,-0.0245129783916,-0.1836053772784,-0.1305099134407,0.1953897331378,0.1739299406701,0.1032412934048,0.2442875867692,0.1956051978312,0.3688618057414
