1.0000000000000,0.8217443035826,0.6316949582574,0.6141749090432,0.6543936085806,0.3579294313689,0.3721193840854,0.1472961320604,-0.2211196414254,0.1357678299231,-0.1509904082605,-0.0665130338892,0.0796182963234,0.5959336292731,0.3673387284748,0.1271014053782,0.1093634105079,0.0454965441343,0.0186784287821,-0.1717211341381,-0.0904470164212,0.0177722154891,-0.1593571232318,-0.1347660814988,-0.2582522732769,-0.0703931173995,-0.2694109882648,-0.1338007628567,-0.0167019796021,-0.1766739370560,-0.1696349686866,-0.2044561688433,-0.2011596373002,-0.1746097239113,-0.0234642493553,0.2377429501906,-0.1468827796907,-0.3473883066276,-0.2381403040287,-0.1686884832282,0.0312671379607,-0.0969753174085,-0.2651909302652,-0.2922261157547,-0.3510775520236,-0.2934051922178,-0.1195753123312,-0.0327593330055,0.1213445004218,-0.1796970602475,0.9160704562602,0.7474628031516,0.6846957367938,0.5277164115568,0.3512468094441,0.4340833404353,0.0704579854483,0.0617962729399,-0.0715208366834,-0.0462168101744,0.1313522536798,-0.1054025135743,-0.0022594582204,0.0589566184779,0.6913247843627,-0.2212970342636,0.3204046969269,0.0576097637764,0.1363005396095,0.0810051160522,-0.0321888514770,-0.0725230328489,0.0038138151312,-0.1841377089996,-0.1311906310896,0.0922797897359,-0.3344653392086,-0.1329337325239,-0.0613291542516,0.1351858883486,-0.0081648296296,-0.1194375502513,-0.0898303214855,-0.1185031278621,-0.3499474828157,-0.0972518646072,-0.1161240875587,0.2219929345636,-0.4337823239341,-0.3220840428313,-0.2114510298223,-0.2084034484675,-0.2851279925292,-0.1905239464220,-0.1386064392996,-0.0014460901755,0.3115652264406,0.1638221452654,-0.0601731061429,-0.3138296239151
0.8217443035826,1.0000000000000,0.6176300075945,0.5554145817232,0.3645018209501,0.2528467924531,0.2847917893751,0.2035942813311,-0.2065254224442,0.1090194629929,-0.2073147867920,-0.1269773558941,0.0650003027401,0.5782610252468,0.4392302452333,0.1183860969818,0.0872729831610,-0.0174092520967,0.0324761299804,-0.2384412517933,-0.1679427044627,-0.1049154279255,-0.2363904622920,-0.2309515073932,-0.2924686038914,-0.1373948703375,-0.3094658564170,-0.0536319093958,0.0371142291506,-0.0375958207208,-0.2054388902632,-0.2537478543091,-0.2528257425968,-0.1960403582633,-0.1028833533699,0.2043397720711,-0.2288005766734,-0.3394201726131,-0.2890899748772,-0.1404381588853,0.0625085672261,-0.1077503456779,-0.2937749966651,-0.2245526243878,-0.3917148472286,-0.3355178418393,-0.1544946698239,-0.0778007575121,0.0705705485064,-0.1903947827570,0.8114989057377,0.8977279804728,0.6871654972155,0.5259720430887,0.2703205730652,0.3689174578262,0.0037582558411,0.0923957070396,-0.0846968287314,0.0366946557212,0.0182990183982,-0.2499524612457,-0.1092469409533,-0.0182199194999,0.7357614585051,-0.1776879367727,0.3643630151147,-0.0603038904931,0.1560153416911,0.0577570062372,-0.0684318893915,-0.1328882126120,-0.0791314221467,-0.2406886339249,-0.1167565917402,0.1173922482604,-0.3585721183252,-0.0277803753287,0.0581063624701,0.0794096709687,-0.0361163061828,-0.1586262046419,-0.0793800359293,-0.1150809682184,-0.2953966638293,-0.1168519290866,-0.2200579422137,0.1573665433816,-0.3856524457033,-0.3140344893394,-0.2389562262516,-0.1893452395404,-0.2581568195542,-0.2560650547102,-0.2014123093024,-0.0799918399754,0.3330098433299,0.0396503616834,-0.1620413289677,-0.3340212572732
0.6316949582574,0.6176300075945,1.0000000000000,0.6118119060690,0.5589896235401,0.6781130126628,0.5487856762369,0.4178649281596,0.0400902837969,0.2863846878098,0.0162379307513,0.0633015494470,0.2965368993093,0.2474348829560,0.3468223597416,0.3008138902380,0.3192373169151,0.2393600297465,0.2671090078726,0.0300449204374,-0.1106547756075,0.0249789065260,-0.1563122947389,-0.0104432390884,-0.1142284401900,-0.0822797772066,-0.2198269229464,-0.2087453398500,-0.2296151289838,-0.2069319836384,0.0044605532143,-0.0048913863040,0.0163063430429,-0.1855644280685,0.0048574301471,0.3153380668123,-0.1762788232558,-0.1668494159162,-0.0242534217030,-0.1352027543017,0.0072678173253,0.0222479458914,-0.0577269896402,-0.1566354730285,-0.1507681360424,-0.2440295869177,-0.0217238574050,0.1758049231545,0.0706292540022,-0.0917045108150,0.6154000073594,0.6029209998057,0.6248165393955,0.8948343124769,0.5589480166993,0.6401097360705,0.2625146126808,0.3441479087735,0.2794200350574,0.2796542449836,0.1647645294810,-0.0845009709204,0.1192634744957,0.2384888003597,0.3418798264302,-0.0017981479792,0.5182020365223,0.2328682014909,0.3767326892316,0.2867371038227,-0.0097607634477,-0.0754110494468,0.0219134426605,-0.1528738599103,0.0307329726407,-0.0273308623092,-0.3031184904578,-0.2176142635463,-0.2158921248148,0.2728458366790,0.1513405237677,0.0368590361955,-0.1173706082730,0.0361992840244,-0.1058754033224,-0.1486931771674,-0.2103805056376,0.2865195015406,-0.1410633453895,-0.0764367200281,-0.0058936116917,-0.2305196046848,-0.1932303317894,-0.2582156066184,-0.1507117262099,0.1196312919390,0.0532377831685,0.0199372360759,-0.0632892861786,-0.2700825679915
0.6141749090432,0.5554145817232,0.6118119060690,1.0000000000000,0.5602333708699,0.5077639577073,0.6640202894235,0.3027135657575,0.0550764347035,0.2376734813530,0.0728876625044,0.1102345392158,0.1895862591043,0.3146579014641,0.4878662070904,0.3307439097944,0.3527003424848,0.2589341654650,0.3655963674969,0.0760189978718,0.0816537291355,-0.0028001278605,-0.0627890602414,0.1107295146576,-0.0425902673170,0.0475689764708,-0.0572673873025,-0.0635380736622,-0.0769222121058,-0.1403176205348,-0.0578991484289,-0.0360658149280,-0.0285037352433,-0.0962856815630,0.1530318844645,0.4763722727010,-0.1596604888356,-0.1199838537133,-0.0113964418425,-0.0067133565182,0.0912827546623,0.0406212326316,-0.0689242180715,-0.0977807160721,-0.1285378554194,-0.1517539320540,-0.0471223739356,0.1090222177359,0.1249709709040,-0.0122803277746,0.5741753761243,0.4626203158640,0.7697285365581,0.5946028202013,0.5582041043897,0.6502843713115,0.1079991112767,0.1829846405583,0.2279926611752,0.1944945979931,0.1044549683029,0.0232489069662,0.1288009939545,0.0781808619035,0.4680590720714,-0.0115458495335,0.4575130057557,0.2027258881890,0.3816999751793,0.2172698081293,0.1370910619575,0.0186957913878,0.1086778891559,0.0056484585984,-0.0575021798546,0.0718096385665,-0.1553262818639,-0.0505654751506,-0.0665756752423,0.2587105028271,0.0096239081678,-0.0488593331119,-0.0908171001960,-0.1532784449647,-0.1865185532767,-0.1423461020679,-0.1958608295622,0.3984965091265,-0.2825733863113,-0.0361656448541,-0.0466724275789,-0.0978145008305,-0.0931502953899,-0.0988559996264,-0.0472077612687,0.1134114460297,0.1481985987135,0.1167459671899,0.2166526881905,-0.0496389730769
0.6543936085806,0.3645018209501,0.5589896235401,0.5602333708699,1.0000000000000,0.6722761955506,0.6256297939389,0.1670085933979,0.0183324873363,0.3373189325295,0.0393495123608,0.1036752244774,0.2255865862556,0.2458606327548,0.2665847301748,0.1286084072953,0.1485668616197,0.2000567963060,0.1724060027323,0.0020313460466,-0.1128584043018,0.1690295298858,-0.0818407981703,0.0849205003761,-0.0441409428565,-0.0560580363032,-0.1943034058979,-0.2209975773085,-0.1794283473509,-0.1637920115251,-0.1055001216297,-0.0859440833032,-0.1067104232624,-0.1200948837869,0.0884943182706,0.3448023935890,-0.1027037337748,-0.2495157507050,-0.0773524518288,-0.1334164166499,-0.0215976577318,0.0964096462697,-0.2006802391370,-0.2911586733157,-0.2504726161689,-0.1950932616285,-0.0150418164601,0.1266641732925,0.3168264128715,-0.0817930316898,0.6557569886604,0.2570855555743,0.5216578097248,0.5423949078385,0.6570044064573,0.5664279529729,0.2394981196185,0.1790837894927,0.1234534381898,0.1090739579352,0.3525122411152,-0.0192828072112,0.1609311144740,0.2298512665091,0.3406185650301,-0.0386611334454,0.2950206395202,0.2689449425938,0.2788147866897,0.2275085430096,-0.0622889159100,-0.0232160304418,0.1531982606850,-0.0698676002584,-0.1099336445203,0.0072818223530,-0.2615663201369,-0.2645958581328,-0.2316076784728,0.2225128617860,0.0472415113133,-0.0647631517503,-0.0323242217079,-0.0978191280487,-0.2374561618614,-0.1073434970359,-0.0507047802018,0.3834462378097,-0.2541339162186,-0.1484570616266,-0.0623312528242,-0.1905925436448,-0.1678374451012,-0.1961360142758,-0.0425784965245,0.1552874562022,0.2534421861521,0.1421951503825,0.1449812633213,-0.1565357928901
0.3579294313689,0.2528467924531,0.6781130126628,0.5077639577073,0.6722761955506,1.0000000000000,0.7491383067658,0.5010642265739,0.2000392743130,0.5858952116153,0.1947645578053,0.2018258090165,0.4966380421872,0.0304212417790,0.3789972917120,0.2359776729747,0.3695808001616,0.3227876265821,0.3098690217110,0.1119604477092,-0.0949792643627,0.1116984771335,-0.1012858744933,0.1091970303517,-0.0334286893835,-0.0360563499980,-0.1790215312688,-0.2691980221361,-0.2942381115755,-0.2075239306403,-0.0209679096806,0.0494922563379,0.0672230929265,-0.1494950968400,0.0350221355443,0.4304598070748,-0.1617651241757,-0.0828893308582,0.1035350401292,-0.1357905060614,-0.0066125889252,0.1730742652209,-0.0186284090789,-0.1685429161822,-0.1306230397760,-0.1704367341446,-0.0193352531072,0.3335210699123,0.1349515923212,0.0711055766288,0.3653549764558,0.2115754848182,0.3904899607785,0.7647277303633,0.8860357998160,0.6545526252966,0.4107297601295,0.4644305638628,0.3614007243973,0.4171193246074,0.4240350575788,-0.0112029427262,0.2589285827628,0.4168757950453,0.2002475123186,0.1510607176582,0.3893504169658,0.3674160640286,0.4455329883209,0.4239381982096,-0.0362089050166,-0.0349639074460,0.1723096034671,-0.0705401289720,-0.0677156591776,-0.0636812570382,-0.2722859897905,-0.3699097054247,-0.3360398499399,0.2971520764307,0.0977518066059,0.0144166873830,-0.0685936804978,0.0020510654808,-0.0745033331278,-0.2579223678581,-0.1744702526314,0.4293309689822,-0.0396286974109,-0.0710902268594,0.1045783818792,-0.2217818465582,-0.1734434760041,-0.2619666577423,-0.0837027651385,0.2553665825143,0.0045119908278,0.0872335043023,0.2436693420278,-0.0634444918400
0.3721193840854,0.2847917893751,0.5487856762369,0.6640202894235,0.6256297939389,0.7491383067658,1.0000000000000,0.4961882534236,0.1658799345843,0.3968368881169,0.0599545500091,0.0137670813817,0.3452014430314,0.0367407528303,0.3047313897613,0.2947544298958,0.2501137653725,0.3515471064370,0.3030621492053,0.0866459491942,-0.1551626911417,-0.0427398010147,-0.2658517410841,0.1273891891841,-0.0237868901872,-0.0213845370680,-0.1934468535415,-0.1671648927503,-0.0833926084930,-0.1298721220555,-0.0762509880644,-0.0246091511308,-0.0704018434987,-0.2064994777917,0.1677774880014,0.5548919164914,-0.1127284341309,-0.0876241450612,0.1641311224949,-0.2031384088240,0.0292891630728,0.0984840035822,-0.1239074334301,-0.1694521143398,-0.1617632565502,-0.2708866769278,-0.1784723204135,0.2082224431247,0.0295875209589,0.0442995179855,0.3884619518577,0.2329871798022,0.4538733051784,0.6188651081906,0.7826842952504,0.8515867329277,0.3059303669091,0.3846274552538,0.2569128036844,0.3909308049520,0.2843645332943,-0.0769195634887,0.0238879381637,0.2689756647982,0.2595263510034,0.0712816996291,0.3818248465649,0.3246212290845,0.4295019450851,0.3904569670954,-0.0725154512237,-0.2357404064646,0.2028493715906,-0.0626910005877,-0.2140103890713,-0.0616860579131,-0.2659672862724,-0.3362858792003,-0.1013460382872,0.2553061547264,-0.0307155743943,-0.1213867943734,-0.0465418933486,-0.0745061827470,-0.0698296076191,-0.2852565611481,-0.0924618598565,0.6204841971487,-0.1865805076339,-0.1116754619229,0.1335311047865,-0.2739029262114,-0.1591213742207,-0.3198817061926,-0.1733945954242,0.1840399186532,0.0702711615562,0.0436962764630,0.2762756707205,-0.0711517492109
0.1472961320604,0.2035942813311,0.4178649281596,0.3027135657575,0.1670085933979,0.5010642265739,0.4961882534236,1.0000000000000,0.3898578441869,0.4011960000850,0.0622555680236,0.0645666204258,0.4634919633675,-0.1062603752361,0.1364331933252,0.3017037039960,0.4976184677966,0.5722604606582,0.5190212027333,0.2441853532081,-0.0671268924607,0.0200910645849,-0.2589786115904,0.1016766591357,0.1377463135493,-0.1308023459752,-0.2079273793019,-0.2026934168693,-0.1730566065084,-0.2084865328664,-0.0010411160746,-0.0578331391690,0.0270259596033,-0.2772403642135,-0.0835961708634,0.4742036505712,-0.1466321928424,0.0181809047986,0.0092193575714,-0.2454940565900,-0.1088647169755,-0.0168752188771,0.0357984695778,-0.0940039981508,-0.0437250694229,-0.2563880117500,-0.1762456556474,0.0148556443567,-0.1744650320533,-0.0565845741405,0.0940231631648,0.1973637591867,0.2112384699743,0.4639382104819,0.4308167932547,0.5470311726426,0.5461674116766,0.7161653550219,0.5136851112171,0.7365747021557,0.3124778026578,-0.0316403379421,0.1203560775232,0.4080929068997,0.0931730164779,0.0406092964599,0.4785258808484,0.5090601459401,0.5945915116854,0.6135754211438,0.0813724802006,-0.1822778321940,0.1336422858056,0.0977719619313,0.0297073807609,-0.0170918993880,-0.2784520248749,-0.3234311916484,-0.1778166062357,0.3825164641005,0.0632807899817,-0.0130859761781,-0.1887247866108,0.0894166281537,0.0541250042735,-0.2374258449743,-0.1574462519022,0.3290596463536,-0.0949288472838,-0.0973928376352,-0.0052739580515,-0.2535975127817,-0.1082232039216,-0.2757427365262,-0.0708067366289,-0.0705323000757,-0.1964461531853,0.0580466124680,0.1036703935765,-0.0698543258323
-0.2211196414254,-0.2065254224442,0.0400902837969,0.0550764347035,0.0183324873363,0.2000392743130,0.1658799345843,0.3898578441869,1.0000000000000,0.2356419178657,0.4656977010214,0.3543068572704,0.2289495445203,-0.2220840816670,0.0249749403710,0.2220850872104,0.3605497537488,0.5293998486544,0.7482340791447,0.6250791302015,0.2078174874629,0.1337000090688,0.2485358048798,0.6438532387480,0.4453832730109,0.1884842468663,0.2467572409585,0.0125747986791,-0.1436263776552,-0.0317801208160,0.1536157389203,0.1375796189744,0.2970042841047,0.0070827189770,0.2253815819527,0.4252647635701,0.1626874009223,0.3245789208092,0.1497594946977,0.1217324539837,-0.0527808864135,0.0515803795686,0.0528729001056,0.1441099284216,0.2642003299652,0.1680720373469,0.0947633916648,0.1002054943612,0.1550962980469,0.0033564106115,-0.2026139610840,-0.2357420314777,0.0226538811287,0.1040478742742,0.1856474393705,0.1334573642604,0.2806793019363,0.2904423538178,0.6109902380913,0.6798159083167,0.1457247181973,0.2864626947548,0.2838140479628,0.2262575707197,-0.2489832483399,0.2884035076272,0.2993034493548,0.4488961165783,0.5789899559722,0.5659925900425,0.3330784325164,0.2257937337492,0.5605832591023,0.5210137878114,0.2486011198722,0.1504506831381,0.1835006849571,0.0311808492409,-0.1067251526160,0.5003863776050,0.0428113051155,0.2185523451258,-0.0608519114554,0.0648919865925,0.1023276947600,-0.0390132556070,0.0513160095402,0.3247075546744,0.2045066119281,0.4221253142590,0.1238836188351,0.1155137828860,0.3142417274145,0.0395611745007,0.0710070409578,0.1029156873977,-0.0552314768440,-0.1147419097442,0.2281375363134,0.2531133239083
0.1357678299231,0.1090194629929,0.2863846878098,0.2376734813530,0.3373189325295,0.5858952116153,0.3968368881169,0.4011960000850,0.2356419178657,1.0000000000000,0.4245860868266,0.5109850251438,0.6646746398157,0.0686403791545,0.3691679697316,0.1512993291580,0.3361833951433,0.1794362844593,0.2243045590504,0.0621732761283,0.1490258940884,0.4918641634787,0.2186254420709,0.2099028468801,0.0325576995366,0.1162931430951,-0.0126919552086,-0.1188368725280,-0.1095769022619,-0.1024721062601,-0.0433983867340,0.0595626249738,0.1621306338098,-0.0671472110832,0.0189377801462,0.3247824114963,0.0012524913780,-0.1461957270445,-0.0269864700548,-0.0390681070081,0.1846300152219,0.3128612250704,-0.1356999752630,-0.1812302644942,-0.1606252874869,0.1277923773789,0.1171921691076,0.1481893019921,0.0501601630438,0.1395684324785,0.1414094739044,0.0392231959667,0.0989755433835,0.3267193160233,0.5261155842102,0.2207334596822,0.4531911199796,0.2900346398126,0.2151637848706,0.3926697460832,0.8391479986686,0.1234717825476,0.4259662134895,0.5014573108088,0.1498865005857,0.1084910253764,0.2052085698379,0.1877267861475,0.3209036664718,0.4119694203430,0.1613026977391,0.3348067870140,0.3509218337760,0.1418039811791,0.0092346674692,0.1374529971356,-0.1205647324882,-0.2179851724162,-0.2138321067941,0.3088894341751,0.0584235082703,0.1316120642180,0.0521451639173,-0.0319949310148,-0.1505783436379,-0.1811368221117,-0.0856318347071,0.2957117520954,-0.1531346422527,-0.1112318033928,-0.0326785445904,-0.1499661822519,-0.1916140577668,-0.0768644113692,0.0427928784219,0.0780912858071,0.0941054355373,0.4841405256882,0.5517306401585,0.0112535854071
-0.1509904082605,-0.2073147867920,0.0162379307513,0.0728876625044,0.0393495123608,0.1947645578053,0.0599545500091,0.0622555680236,0.4656977010214,0.4245860868266,1.0000000000000,0.7703662139764,0.3923897122201,0.0227018960839,0.1945862605618,0.1247875692888,0.3286907066971,0.3060082679183,0.2413202594800,0.3266287261248,0.4515970213505,0.5686398346830,0.6104863274151,0.6651283449569,0.2756937985704,0.3015786603758,0.6423914398862,0.1923247456507,0.0878103758780,0.1092911778499,0.2654849323449,0.2390850948104,0.3418625692867,0.2511008142369,0.3327283269345,0.0752558124373,0.5276087398732,0.3027308370687,0.3329559886320,0.3685206342404,0.1727913348606,0.1973340211229,0.2475121249041,0.2705306639191,0.3489487010704,0.4577702382819,0.2542617472163,0.4023625747506,0.3015597856244,0.2112792792433,-0.1769815742008,-0.2509635997086,0.0309031973265,0.0502095586525,0.1357463044013,-0.0417840930897,0.1433338578788,-0.0117879450033,0.1886497041396,0.1974288852832,0.4452634835873,0.6981028769876,0.5859398865067,0.2890586994603,-0.1857284653519,0.3306070394531,-0.0601756398489,0.1881923344322,0.1271523675532,0.1386861894208,0.4400151054039,0.5913340320027,0.6548667976625,0.4210182289360,0.2079802153603,0.0683302807497,0.4990336849019,0.2390542767686,0.0429239527205,0.2179575736365,-0.0021301398145,0.2468755904266,0.0417561155443,0.0711993637876,0.0099384012259,0.0723247744656,0.3520272926682,0.1723449771758,0.2781654361989,0.3756753995798,0.2764327883245,0.2910051780625,0.2531258354953,0.3479176872972,0.0182966695568,0.3715533184290,0.0966301021366,0.1582924893840,0.4764828231550,0.3158578954402
-0.0665130338892,-0.1269773558941,0.0633015494470,0.1102345392158,0.1036752244774,0.2018258090165,0.0137670813817,0.0645666204258,0.3543068572704,0.5109850251438,0.7703662139764,1.0000000000000,0.6362771520927,0.0855167599308,0.1861752809422,0.1157260922016,0.5301970263243,0.2251464933697,0.2341132457480,0.2585486431234,0.4916874716164,0.6140042327217,0.6492909080540,0.5740005196615,0.2112452244693,0.3059260550268,0.5269159736105,0.1508401125210,0.0429182642801,0.1081882809009,0.1995768699488,0.1936392698278,0.4327978562592,0.1984461474085,0.2268147320253,0.0727883511869,0.3371161002664,0.0926119071619,0.0958081085984,0.3326174530523,0.2365566223801,0.2170953478125,0.0590525700601,0.1770152822185,0.1970619502386,0.4234035734000,0.2925947503088,0.2941524280308,0.3053976906187,0.1019163810980,-0.0707707865311,-0.2187363538753,0.0328771571475,0.0924460686667,0.1467519831921,-0.1192390727775,0.3643529127108,-0.0066767022876,0.1696018350434,0.1612616457218,0.5286992407026,0.6405321869415,0.7919835596374,0.5337260859721,-0.1283806623349,0.1840094101328,0.0014204305323,0.2211937201668,0.1275942021285,0.1720602931472,0.5500354100794,0.6732349448556,0.5303384783636,0.3749277402789,0.2851253558501,0.0999855416845,0.3566231623305,0.1979403992726,-0.0259120052529,0.2988132118609,0.0495307541013,0.3537000360280,-0.0189470672911,-0.0518723887604,-0.0976155709737,0.0523713247143,0.1359905711931,0.1038127460903,0.0507164738676,0.2714627193782,0.0406364987258,0.1777055505567,0.1550349550817,0.2769654306440,0.0446331923096,0.2692954612160,0.1492775373086,0.2777323330345,0.4145929354228,0.1667563951263
0.0796182963234,0.0650003027401,0.2965368993093,0.1895862591043,0.2255865862556,0.4966380421872,0.3452014430314,0.4634919633675,0.2289495445203,0.6646746398157,0.3923897122201,0.6362771520927,1.0000000000000,-0.0272369066330,0.1552898010569,0.1251260337481,0.5208957587154,0.2118410259853,0.1438283932198,0.0458491858915,0.1375272868285,0.3560968197936,0.1604118064124,0.2592961279491,0.0580558967117,0.1614498085623,0.0693523467434,-0.0603249985159,-0.0373019119860,-0.0796246779844,-0.0268584787823,0.0637231886975,0.2150534354916,-0.0373936384445,0.0477744468191,0.2412349001404,0.0702343129736,-0.0535879469760,0.0218610600600,-0.0286628178364,0.1227051050262,0.0890789592685,-0.0537685376268,-0.0727539520890,-0.1070243614453,0.0609307998938,0.0370189699983,0.2360415840374,0.0742320087732,0.0863120003656,0.0945323393037,0.0540001966413,0.0712109852304,0.3933952041734,0.4376996981932,0.1915089858442,0.6336463879277,0.3127967547128,0.1702415511441,0.3792273102237,0.6265389659465,0.3357979755824,0.6189725904978,0.8598494278566,0.0328060519214,0.1478209302286,0.1428267818647,0.3132520058832,0.1821357109949,0.3628695675883,0.1937584766515,0.2090226704041,0.3334365374489,0.1204003901444,-0.0046884106044,0.0209385010970,-0.0860511952213,-0.2218106096039,-0.1536298327583,0.2548954552405,0.0454050144708,0.1341283951602,-0.0491417211237,-0.0172236287305,-0.1919059185484,-0.1761925982674,-0.0325571207423,0.3049774340076,-0.1430615982167,-0.0802556850077,-0.0374176716483,-0.1329025724203,-0.1419750864988,-0.0842391202459,-0.0677047324172,0.1934941517821,0.0531517217216,0.3089507242209,0.3017104512970,-0.0102802799109
0.5959336292731,0.5782610252468,0.2474348829560,0.3146579014641,0.2458606327548,0.0304212417790,0.0367407528303,-0.1062603752361,-0.2220840816670,0.0686403791545,0.0227018960839,0.0855167599308,-0.0272369066330,1.0000000000000,0.5113242242973,0.2650704545988,0.0001124651691,-0.1315077764732,-0.1044718633296,0.0102617581379,0.2477466841806,0.1868561507607,0.1786458391229,-0.0393843263413,-0.0535359452276,0.1595118434405,0.0969192586201,0.3554238879340,0.3497662659171,0.3533326172393,0.1956871618156,0.0886372432907,0.1439164632144,0.1178980579344,0.1766783792799,0.0703563307675,0.0044678336446,-0.0664724810183,-0.1229937861055,0.1491472608731,0.3798557870610,0.1543838616597,-0.0156929533316,0.0550881038874,0.0183173037331,0.1373694635792,0.3476235415798,0.0130007043542,0.3356435913087,0.0349170457073,0.5919203540786,0.5338644351554,0.3739369954630,0.1440981631098,0.0294776285147,0.0137599977534,-0.0608932980379,-0.1063307258550,-0.2501950451772,-0.1548528541923,0.0463359573421,0.0096023071077,-0.0051897989650,-0.1469547057234,0.6821712600878,-0.1624872854665,0.1391858205847,-0.2432558626517,-0.0427526936033,-0.0644162371462,0.0861654922896,0.1976468937875,0.0390212371729,0.0284862657922,0.1113810347206,0.1652975033480,0.0104766536029,0.3451873032859,0.2991094312884,0.0188639283056,0.0801181271381,0.1188094857229,0.2068948055494,0.0354985220204,-0.1013654758492,0.1498114993864,-0.0117284584322,0.0128070250314,-0.2243175639644,-0.1019349812618,-0.1534090447775,0.0015580700049,-0.1043240321277,0.2255559146711,0.0364792675346,0.0037302504383,0.5274178796172,0.2816528968342,0.0232318075331,-0.1947058719029
0.3673387284748,0.4392302452333,0.3468223597416,0.4878662070904,0.2665847301748,0.3789972917120,0.3047313897613,0.1364331933252,0.0249749403710,0.3691679697316,0.1945862605618,0.1861752809422,0.1552898010569,0.5113242242973,1.0000000000000,0.3695146220831,0.2781916082239,0.0777142969784,0.1905003639597,0.1803482630931,0.2844909394561,0.1429228693979,0.1944809368122,0.1031523540332,0.0433193605005,0.2486841125518,0.1397202080493,0.0708693325056,0.0352214317921,0.1321912601647,0.1976871838560,0.2380119002844,0.2133179549655,0.1117496112663,0.2111545839782,0.3628373315186,-0.0539013512700,0.0890560962688,0.1006069507506,0.1328548787508,0.2837891322735,0.3351803720269,0.1310407199414,0.1294988159204,0.0369162766212,0.1148383198056,0.2564382824900,0.1825434040676,0.2041810014456,0.3833745914314,0.4003673862767,0.3686387992826,0.4208293897972,0.3986045456109,0.3812673212601,0.2221508057513,0.0103317378096,0.0590850085247,0.0502484438416,0.0758535628493,0.1501322545000,0.0339343303115,0.1202631140997,-0.0289016193006,0.4439820850092,0.2021686586833,0.3208966024773,-0.0104031266084,0.2184384420518,0.1893406377817,0.1643864359434,0.2049526583951,0.1289756754311,0.0429139813295,0.0953684051193,0.2318144308875,0.0350633580826,0.1136498885068,-0.0455330141831,0.2449949962298,0.1155199210451,0.1306192835030,0.1829526627946,0.0872903079258,0.0014459647587,-0.0212190123679,-0.0772868762135,0.2547739477857,0.0609274366309,0.0729303013741,0.0547290356721,0.0125093879709,0.0522887657815,0.0380717351135,0.0127733332450,0.1239224221983,0.2518916567638,0.1643554728459,0.3243327018587,0.0937061125097
0.1271014053782,0.1183860969818,0.3008138902380,0.3307439097944,0.1286084072953,0.2359776729747,0.2947544298958,0.3017037039960,0.2220850872104,0.1512993291580,0.1247875692888,0.1157260922016,0.1251260337481,0.2650704545988,0.3695146220831,1.0000000000000,0.3262814431254,0.3742946402217,0.3346222635345,0.6074336782673,0.3118783253947,0.0793477856687,0.0652428872223,0.2628282221436,0.2628322042263,0.2186751962583,0.1622102684031,0.0019716093938,-0.1315675526328,0.0648840728507,0.7411265820375,0.5131882207924,0.4953175270668,-0.0124361542703,0.6155295660263,0.5613219633442,0.0396619691885,0.2272060741763,0.2396515434692,-0.0699082544763,-0.0123704072339,0.1502614690226,0.2803624714896,0.0771173396058,0.2892136595641,0.1073344377883,0.2595220142634,0.0191580314895,0.0435679118790,0.1587488341744,0.0778912402718,0.1269144460663,0.2556038940612,0.2974412185542,0.2146854052932,0.2185086448186,0.2671695848995,0.2416625965364,0.2919154755785,0.2508127054949,0.0366799364986,0.0068578993385,0.0537330522088,0.0643263506354,0.0939555722843,0.0823693061115,0.6765169812045,0.2214467309992,0.3628858196856,0.4774754859883,0.2448367679144,0.1115243363901,0.0870732121174,0.2116375116293,0.5353386291991,0.1490701135272,0.0984242197017,-0.0239972651357,-0.1270467354861,0.6101511269114,0.3866647957636,0.4039793702570,-0.0239381824650,0.4507137807463,0.2241241314785,0.0142147091582,-0.0427292218746,0.4330968505299,0.0774019383704,0.1527643648906,0.0993045468518,-0.2087749692541,-0.0044321231515,0.0494070413746,-0.0462790147967,-0.0218618598265,-0.0429884658976,-0.0012649635531,0.1424401498739,-0.0893619740321
0.1093634105079,0.0872729831610,0.3192373169151,0.3527003424848,0.1485668616197,0.3695808001616,0.2501137653725,0.4976184677966,0.3605497537488,0.3361833951433,0.3286907066971,0.5301970263243,0.5208957587154,0.0001124651691,0.2781916082239,0.3262814431254,1.0000000000000,0.5958691727463,0.5525416280868,0.3170756191877,0.3350821203978,0.2544707331436,0.2302346262782,0.3250907617344,0.1265534945278,0.1450109706613,0.1101760456947,-0.0985309503450,-0.1300103741148,-0.1161531553567,0.2188441456650,0.0752079765938,0.4192114071994,-0.1272202107365,0.1177498603739,0.3834966539300,-0.0927500748549,-0.0424446509172,-0.0940034476677,0.0024084290474,0.0709182506305,0.0333173903487,-0.0751064980767,0.0182504759843,0.0057082813393,0.0381967295677,0.0509434963260,0.0993500401126,-0.0582813774615,-0.0647835857202,0.0560306660015,-0.0120198567647,0.2486263123727,0.3920606892278,0.3151941865058,0.2505528233373,0.4929123810961,0.3245709169188,0.4352837647860,0.3194216371180,0.2656040486883,0.3256870356423,0.5401981387338,0.4672904883078,-0.0500342863326,0.0065680832144,0.4097125446287,0.6228047270285,0.4859341902956,0.3968053046162,0.5872708858232,0.2910575315809,0.1806023567182,0.1599782723879,0.3401023315762,0.0817319228099,-0.0104198386501,-0.0888250847589,-0.1583349401004,0.5615213210328,0.0930562385860,0.2810314283946,-0.2403250083623,-0.1319549272671,-0.1440353143265,-0.1666207183339,-0.2119410886197,0.2095276444293,-0.1255857305640,0.1012649525826,-0.1403146883165,-0.1240058342371,-0.0042600996598,-0.0287285099074,-0.0473294627200,0.0574605204008,-0.0855289808402,0.1464114254090,0.2289670435716,-0.0146151170450
0.0454965441343,-0.0174092520967,0.2393600297465,0.2589341654650,0.2000567963060,0.3227876265821,0.3515471064370,0.5722604606582,0.5293998486544,0.1794362844593,0.3060082679183,0.2251464933697,0.2118410259853,-0.1315077764732,0.0777142969784,0.3742946402217,0.5958691727463,1.0000000000000,0.6057750097012,0.4415178841885,0.0651671768673,0.1044691132929,-0.0048303834386,0.4357180066214,0.2250169444215,0.0100478740587,0.0677078592386,-0.0948774276834,-0.1647310603759,-0.1306186720892,0.2638294707429,0.0745090072955,0.1784682882688,-0.1620016196273,0.2369660309350,0.4401398409938,0.0218267347100,0.1257493073184,0.0943253844625,-0.0499062021283,-0.1009277386941,0.0401981491932,-0.0242337328889,-0.0444893973213,0.0749871800275,-0.0452473098152,0.0064712521172,0.1191777682888,0.0219007436818,-0.0677258046657,-0.0340703429720,-0.1175939302469,0.1904867646640,0.2751192215348,0.2524951678334,0.4047341817155,0.3759041951923,0.4832427714594,0.6049766028921,0.3909428691231,0.1542022697306,0.1817722918422,0.2029107605123,0.2432312938030,-0.1507860963057,0.0884694286278,0.4459350097171,0.7478208195812,0.5713663127456,0.4817456896067,0.3242421093289,0.0073958912262,0.2771570642922,0.1899074731350,0.3065791804337,0.0052196920843,0.0246294864418,-0.1014186722126,-0.1179132013241,0.6099844219083,0.0742481240710,0.1462880421928,-0.1798503130354,0.0353255994037,0.0171389030610,-0.1108397957075,-0.0003553532508,0.3123293809739,0.0494324378009,0.2321345579509,0.0592146516408,-0.1155593236547,0.0875433137899,-0.0443312325033,-0.0518418491356,0.0593735925500,-0.0803214701826,-0.0879160250998,0.1746070707696,0.0231233309554
0.0186784287821,0.0324761299804,0.2671090078726,0.3655963674969,0.1724060027323,0.3098690217110,0.3030621492053,0.5190212027333,0.7482340791447,0.2243045590504,0.2413202594800,0.2341132457480,0.1438283932198,-0.1044718633296,0.1905003639597,0.3346222635345,0.5525416280868,0.6057750097012,1.0000000000000,0.5614867807767,0.1717698965097,0.0520885823759,0.1075474532660,0.4404448722844,0.3319170628752,0.0401889821516,0.0170998552730,-0.0682101260189,-0.1995157817895,-0.1084226645274,0.0972533004819,-0.0251864834938,0.1973467797936,-0.1442899057229,0.1588072858775,0.6049577911579,-0.1325304654283,0.0614350001431,-0.0356910778782,0.0137793547339,0.0064183159241,0.0704693914144,-0.0889932571420,-0.0118389221922,0.0971777376686,-0.0081497301414,0.0037039878191,-0.0523503212116,0.0311759301643,-0.1340478550664,-0.0057919819863,-0.0377904215243,0.3007675932924,0.2731577910292,0.2763603879709,0.3758479712957,0.3137499117004,0.4351468427328,0.7323358674607,0.6516448295516,0.0871946212077,0.1321766272189,0.2008937037623,0.1392887098494,-0.0731320131112,0.0671906974176,0.5861541673379,0.5311032260479,0.8459951163173,0.6067129506738,0.4216592511241,0.1168628392391,0.3238349561736,0.3377679178915,0.2724054929459,0.1233378443342,-0.0940261441290,-0.0164874233027,-0.1252003324847,0.6207764971916,-0.0159336533047,0.0959714122084,-0.1728594402399,-0.1049899968655,0.0200469437128,-0.1381026300832,-0.2284490882043,0.3094152852674,-0.0398995636104,0.2535384591061,-0.0722301324642,-0.0265376568979,0.1090029854758,-0.0857850901761,0.0454277480116,-0.0785860248529,-0.1257384408710,-0.0605178446873,0.1316706513603,0.0614545580288
-0.1717211341381,-0.2384412517933,0.0300449204374,0.0760189978718,0.0020313460466,0.1119604477092,0.0866459491942,0.2441853532081,0.6250791302015,0.0621732761283,0.3266287261248,0.2585486431234,0.0458491858915,0.0102617581379,0.1803482630931,0.6074336782673,0.3170756191877,0.4415178841885,0.5614867807767,1.0000000000000,0.4081369867745,0.1395228966954,0.3272311237809,0.5474634921216,0.6777014346162,0.3862108245665,0.4466177822414,0.0810969356640,-0.0948978785649,0.0970513792210,0.5918165580777,0.5350185330576,0.6103532392265,0.1649331735074,0.4555908039287,0.4968008708791,0.1597175439931,0.5476944318850,0.2081923052507,0.1440634215834,0.0094932774729,0.1536002048529,0.3095002287282,0.3042000086349,0.5306890382130,0.2966006361951,0.3222819853472,0.0030376682050,0.0837495006129,0.1612263233149,-0.1800589982994,-0.2097977142165,0.0293305628858,0.0539344310974,0.0710453145901,0.0446551462177,0.2184638472320,0.2089784224736,0.4972078493503,0.4230527660880,-0.0177958657118,0.2288273036939,0.1757014105030,0.0363753619494,-0.1665677321477,0.1792269626411,0.4051776753817,0.4048271764029,0.4662283536835,0.6033162123169,0.3772722211984,0.2559613997477,0.3420398866492,0.6348563008528,0.4593476036251,0.2008061555784,0.3718155485396,0.0851865186120,-0.0754954149255,0.5906757257643,0.2560525717868,0.3817708091400,-0.0112915848623,0.2804411497779,0.2798016559545,0.0728122266355,0.0826107573423,0.2589298980924,0.2285905436835,0.5322649333764,0.0704792125188,0.0688521517892,0.3742831704272,0.1997156476608,0.0859271063777,-0.0273679706656,-0.1456617580999,-0.0758176184383,0.1732345784796,0.1526708469182
-0.0904470164212,-0.1679427044627,-0.1106547756075,0.0816537291355,-0.1128584043018,-0.0949792643627,-0.1551626911417,-0.0671268924607,0.2078174874629,0.1490258940884,0.4515970213505,0.4916874716164,0.1375272868285,0.2477466841806,0.2844909394561,0.3118783253947,0.3350821203978,0.0651671768673,0.1717698965097,0.4081369867745,1.0000000000000,0.5061521093981,0.7084741215019,0.5412038399862,0.3246196435972,0.6335155618542,0.6099176313498,0.2505022863806,0.1892167277013,0.1606901431800,0.5019504119014,0.4158436695394,0.6143162534387,0.2782235508828,0.4682769553578,0.1348166945392,0.3665417685255,0.1811400773544,0.0072535530008,0.2215480330971,0.1916898992488,0.0548450221562,0.2376163170959,0.2492219352726,0.4422482158611,0.6071194432201,0.4724292171522,-0.0559189312919,0.1524592982467,0.2539418104147,-0.1384678779903,-0.2038517111722,0.0332505279228,-0.0681156290237,-0.0982893105438,-0.2392603570486,0.0721276384512,-0.1788906569441,0.0287508456943,-0.0035925414927,0.1353058024459,0.4331713402447,0.3777049936041,0.0161224524153,-0.1265068340454,-0.0457797690455,0.0059592079436,-0.0605251318442,0.0506657198361,0.0656521390289,0.6785726424249,0.7082318840976,0.3754287846392,0.5422823196573,0.4366970652567,0.3854864737968,0.4871227666933,0.2457629481010,0.0183917241222,0.2651248255450,0.1349976262675,0.4661776072964,-0.0180360733921,0.1324429732945,0.0415733892694,0.2676909753177,0.2225823146664,0.0812024306021,-0.0064884938506,0.2072284944144,-0.0975543279475,0.0903720066305,0.1590022630093,0.4877473175612,0.3713807627517,0.0014433564127,0.0230568431872,0.2921149166651,0.3394098405211,0.3607717444634
0.0177722154891,-0.1049154279255,0.0249789065260,-0.0028001278605,0.1690295298858,0.1116984771335,-0.0427398010147,0.0200910645849,0.1337000090688,0.4918641634787,0.5686398346830,0.6140042327217,0.3560968197936,0.1868561507607,0.1429228693979,0.0793477856687,0.2544707331436,0.1044691132929,0.0520885823759,0.1395228966954,0.5061521093981,1.0000000000000,0.5426383852540,0.4405518230581,0.1718975974448,0.2516695800274,0.3902996008364,0.2097232947770,0.1359972771339,0.1426452774712,0.2321020446463,0.1183966259899,0.2652498180676,0.2178876615115,0.1712386729330,0.0035257018726,0.4020016856509,0.0143666432561,0.0213902031376,0.2508345648154,0.2670535180105,0.1744867900202,0.0548953456454,0.0514768948070,0.1523294010798,0.5251612612798,0.4107104819259,0.1012493081584,0.3134694739992,0.1093014095718,-0.0445723392515,-0.1961530979544,-0.0250374918014,-0.0103575426934,0.0452122045302,-0.1143283647231,0.2502595940940,-0.0305669417531,-0.0300102307651,0.0339334196970,0.6425796629561,0.4482586732864,0.4413071251226,0.2544688420825,-0.0674556103202,0.0050340785819,-0.0544189472785,0.0401907157624,0.0182147661574,0.0917587601259,0.4091022997042,0.6308938112647,0.4020793565465,0.3528022984762,0.3324280893258,0.1355984967430,0.3076120140677,0.1937821267158,0.0241237448239,0.1761497370247,0.0692227533958,0.2975012618814,0.1208421793506,0.0830040374330,-0.0525518437919,0.2561787738072,0.3105135601216,0.0260528329876,-0.0056485437051,0.0925332425825,-0.0025650491110,0.1890579194279,0.0413945456741,0.4040288233118,0.2876181112868,0.1355035042507,0.2183311798878,0.5328659114845,0.3739805856061,0.1597755157117
-0.1593571232318,-0.2363904622920,-0.1563122947389,-0.0627890602414,-0.0818407981703,-0.1012858744933,-0.2658517410841,-0.2589786115904,0.2485358048798,0.2186254420709,0.6104863274151,0.6492909080540,0.1604118064124,0.1786458391229,0.1944809368122,0.0652428872223,0.2302346262782,-0.0048303834386,0.1075474532660,0.3272311237809,0.7084741215019,0.5426383852540,1.0000000000000,0.5179506821625,0.3048478143739,0.5899249735431,0.7087699438748,0.1293289386902,0.0809781171006,0.0949849038303,0.2820253220234,0.4456690683446,0.6207349039818,0.4407004323591,0.3184858122576,-0.0650247111398,0.4416148586419,0.1943046233947,0.0524273379236,0.3644140486832,0.1851091529389,0.1389264694106,0.1221307011833,0.2819471220286,0.3499815538984,0.6779294317226,0.4857085481657,0.1101590701090,0.2046351668061,0.2234658254339,-0.1253572429033,-0.2548480964831,-0.0445700758536,-0.1194419206547,-0.1305960827268,-0.3585678061661,0.0458552295184,-0.2752008809639,-0.0042289585966,-0.0826706860272,0.2441076467035,0.5880714665467,0.5774256418345,0.0966112906166,-0.1531634969080,0.1009860658204,-0.1584664482405,-0.0533486351761,-0.0297985226482,0.0304026218531,0.5847473150405,0.8740847909811,0.4415546184046,0.5311444726514,0.3268357548603,0.3696750288485,0.6203661690873,0.3142324060565,-0.0296999288245,0.1439916419584,0.2112346196147,0.5508296961114,0.0192271581411,0.0301630929892,0.0428544856206,0.3036433896734,0.2703148230736,-0.0547406055505,0.0905353148730,0.3287416743607,-0.0149176827581,0.2503123821720,0.2550055154320,0.5437277647291,0.3090494564988,0.1462112599314,0.0648923406106,0.3404403032858,0.3329923464371,0.3422687238993
-0.1347660814988,-0.2309515073932,-0.0104432390884,0.1107295146576,0.0849205003761,0.1091970303517,0.1273891891841,0.1016766591357,0.6438532387480,0.2099028468801,0.6651283449569,0.5740005196615,0.2592961279491,-0.0393843263413,0.1031523540332,0.2628282221436,0.3250907617344,0.4357180066214,0.4404448722844,0.5474634921216,0.5412038399862,0.4405518230581,0.5179506821625,1.0000000000000,0.4050095792108,0.4827313035114,0.5996521896643,0.1654998227721,0.0646296462251,0.0628861153732,0.3283446245373,0.2456100601697,0.4027423029596,0.1815974720147,0.5203911045905,0.3415317342799,0.5856996863745,0.2977442344192,0.2595617538848,0.2572008835746,0.0771386925599,0.0631994308834,0.1054278130556,0.1641696262774,0.3425688837448,0.4219813035972,0.2182380863050,0.1941297545129,0.3551476757710,0.0841045146875,-0.1397648517854,-0.2991746401076,0.0443202208691,0.0345039575772,0.1083503075620,0.0320131673800,0.2117130427122,0.0374597768172,0.3133097260501,0.3214864238679,0.2246797253467,0.5441148314397,0.3819617527339,0.2114907088810,-0.2396216801472,0.2418538794700,0.1540536642030,0.3260624560832,0.3308352974978,0.3549311959857,0.5319080667481,0.4899513197889,0.8069685557281,0.5973323902997,0.3429459928574,0.2270268785766,0.4869887276563,0.1894334759507,-0.0093369590587,0.4883160980460,0.0484097745980,0.3559127128595,-0.0164517945907,0.1463165356045,0.0232077434905,0.1167509944078,0.4562082567755,0.3870567025653,0.1376912443631,0.5018040767207,0.2088951223610,0.1920525690750,0.3081141828350,0.2720994629108,0.1213819359091,0.2817392050463,0.0791715176612,0.0338447028071,0.3310750820510,0.3358698495653
