1.0000000000000,0.7408492166225,0.7666825460682,0.5679503292647,0.6401527116448,0.4227264135176,0.3499780865256,0.2141149055259,-0.0238226284833,0.0776205535885,0.0183295373809,0.1588125995433,-0.0341047533920,0.7355928038352,0.5509318164635,0.2498284189644,0.0367666654616,0.1261685272275,0.2868755215904,-0.0863621461732,0.0355498145571,0.0442554271808,-0.0487343025627,0.1516689149966,-0.1381960381985,-0.0503558401559,-0.1715156046778,0.1270291405542,-0.0582525979543,0.0672738191474,-0.0665054157706,-0.0523810205219,-0.0982823388322,-0.0030880364376,0.0536634560586,0.3926571504782,-0.0955539831937,-0.0656459935255,0.1304777472416,0.0876099901127,0.2353031332995,0.1117086584009,-0.0930184989666,-0.0413938090807,-0.1298624683155,-0.0177309635470,-0.0609001772314,0.2767900620070,0.2671956952313,0.1306234084874,0.8035940033307,0.7685089856744,0.5029694665302,0.5980486847283,0.4435386596716,0.4564079148057,0.0301014425559,0.1463042950031,0.2781310058100,0.0208923488070,0.1759320918771,-0.0053646080916,0.0201750371253,-0.1081494848263,0.6747559244117,0.2798311056516,0.0895937037336,0.0797643497109,0.2097222229511,-0.0358965639977,-0.0242578139102,-0.0940216984679,0.0942041933530,-0.2850742527982,-0.0082098111967,-0.1407780593386,-0.2508464668728,0.1162978762789,-0.0653269871226,0.0568539365378,-0.1613363857443,-0.2652931820953,0.0251323848959,-0.1601015836183,-0.1924926915722,-0.0732100234405,-0.0874117715531,0.1188389545923,-0.2569789211931,-0.1939063207855,0.1948424410939,0.0951316857356,-0.1004504109565,-0.0196343979743,-0.1313755694741,0.1493033608527,0.3176511432150,-0.0741011876054,0.1307956839951,0.1470209485501
0.7408492166225,1.0000000000000,0.6920092219425,0.4129177701454,0.2778432936001,0.1740440430482,0.1198930149873,0.1449365190381,-0.0763437064922,0.0064369038335,-0.0835940578375,0.1048211643808,-0.0661241504398,0.5465923542844,0.3996027591891,0.0468910768526,-0.0694831678527,-0.1447549900299,0.1176811700055,-0.2219951917424,0.0006300045977,-0.0479157164609,-0.1182735331711,-0.0465540073352,-0.2939395987688,-0.0190666848441,-0.1579480567100,0.0655026820515,-0.0055865997196,-0.0454629878534,-0.1492474681739,-0.0177149801064,-0.0715747922963,-0.0090075447296,0.0115043400721,0.2749817433385,-0.1700129449085,-0.0976046409011,-0.0546564622311,-0.0411318340796,0.0302430561300,-0.1566452477189,-0.0428695353561,0.0849374520149,-0.1894464589904,-0.1121668420377,-0.0645863095133,0.0796381598801,0.0212336134953,-0.0948573672540,0.4525673861873,0.8711714358974,0.3569860441799,0.4296869414668,0.1484340283551,0.2890186055775,0.0359962107704,0.0007705470304,0.0832718606688,0.0008383489017,0.0819912978401,-0.1377107699490,0.0491405164309,-0.0468801319818,0.5762016198120,0.2284389742566,0.0264849226562,-0.1238659811415,0.0494241944921,-0.1574421696716,0.0048433911185,-0.1150715772258,-0.0728495048271,-0.2343429945781,0.0843780340277,0.0563364643865,-0.2009663007793,0.0814958790856,0.0350995471459,-0.1333754540800,0.0427204264250,-0.2009752210683,-0.0227647548599,-0.0106680320248,-0.1531513204041,-0.0566939928532,-0.1019960162195,0.2237585899086,-0.1409136551645,-0.1657466452115,0.0365378821972,0.0361583893513,0.1165186489589,-0.1079863794990,-0.1086510099458,0.0119310158339,0.1384556456640,-0.1608896828634,-0.1046104767397,0.0336029518869
0.7666825460682,0.6920092219425,1.0000000000000,0.6674171210582,0.5947188133765,0.6302755928396,0.4782831417900,0.3713285691244,0.2456107184790,0.3420764572929,0.2227698101202,0.3809350682362,0.2541961963080,0.5571588115316,0.5412623553243,0.3890068601322,0.2075948245128,0.1928642106395,0.4348221231106,0.0928991417423,0.1545311268440,0.1748269575485,0.0319450423266,0.3207402718249,-0.0364013040925,0.0706277390995,0.0330201259825,0.0834358157046,-0.0248900327104,0.0328816899467,0.0651038413128,0.0546692779972,0.1557094491522,0.0298972040758,0.1331690267089,0.5111256871662,-0.0289786485671,0.0350123802910,0.1741237039409,0.0645420507959,0.2516927593786,0.2033847128712,0.0553078329436,0.0662551414257,-0.1006686960114,0.0412590313939,0.0617249972851,0.3767581036966,0.2550815982479,0.1934321660593,0.6806598170996,0.7923597044714,0.5514429475544,0.7882853389402,0.5507948814181,0.5281662839107,0.2605202973961,0.2426427402001,0.3860106984710,0.3094374192241,0.3763692544576,0.1721147758857,0.1786671343793,0.1765855224403,0.5158437471138,0.2974738666077,0.2448413564228,0.2149552542893,0.3605776049292,0.1429799569864,0.1142617795428,0.0090783346072,0.3187700105662,-0.1039708354773,0.0936083530858,-0.0483951042533,-0.1458780508783,0.0711088335414,-0.0099709861842,0.1985633581872,-0.0686507885440,-0.0997764918083,-0.1169211029891,-0.0545387954088,-0.1514629048726,-0.1126987317221,-0.0475603140183,0.3192092006448,-0.1904705686238,-0.1354263369959,0.1887453058410,0.0158572257657,0.0067688603009,-0.0550502634925,-0.2072329613602,0.2019006301230,0.2325398318975,-0.0370371119341,0.1766182056973,0.2364110114922
0.5679503292647,0.4129177701454,0.6674171210582,1.0000000000000,0.7379493750354,0.6781895086783,0.8041191177193,0.6137330347304,0.3505909677471,0.3813769667288,0.2038458806231,0.3438001644742,0.2662820216980,0.5982351095409,0.8359852787937,0.6069380572374,0.4908147136184,0.4483206126567,0.7253431764171,0.3053088888833,0.2386907141455,0.0736133348528,0.0041617805240,0.4318541874821,0.0096934016398,0.0054766188675,0.0358912040309,0.2203321161440,0.0634122792019,0.0503383030984,0.0670280503959,-0.0047863414847,0.1505643988820,0.0388711757489,-0.0327678337539,0.5458378515123,-0.1422636710498,-0.0778000304488,0.0839672328008,0.1592070417989,0.3640546668682,0.3322678719484,0.0416844927730,0.0896356228585,-0.2995766030640,0.0660673461308,0.0700422826967,0.2015609614789,0.3167758445069,0.4413578585411,0.7156489903097,0.4959466162415,0.8845625943473,0.7025473747775,0.6347981366767,0.8338526395207,0.4076629736478,0.4823839977903,0.6341752974929,0.4314017639262,0.2771388186878,0.2260211865210,0.0381708727501,0.1222989713036,0.6537277312707,0.3664139971995,0.4408807572365,0.5599696543796,0.6796574301768,0.4171795158900,0.1628804192706,-0.0707241153413,0.4213826601530,-0.0477052462120,0.0057509774750,-0.1451120748605,-0.2517636504859,0.0654063238894,0.0649156678986,0.4749727819690,-0.1867951544589,0.0645443967249,-0.1532097563393,-0.2925069422964,-0.3587211567503,-0.1503544649657,-0.2639522843044,0.1905345329430,-0.3046834102389,-0.0588543802070,0.0570525511309,0.0106393668448,0.0955120021086,-0.1415248579475,-0.3447695815834,-0.0167971907764,0.2914976169480,0.1691625853038,0.3695559581279,0.4475816925249
0.6401527116448,0.2778432936001,0.5947188133765,0.7379493750354,1.0000000000000,0.7931303411300,0.7451270685344,0.4595742614355,0.2638764676342,0.3742202362008,0.2092469806799,0.3148812760918,0.2725646311846,0.6214031705997,0.7212373368899,0.4816899036984,0.4375275596993,0.5374699873498,0.5434484963957,0.2681610395272,0.1737216882754,0.1307672034821,0.0311536111344,0.4432732068707,0.0794929951852,-0.1021332600561,-0.0475207757947,0.3117959374394,0.0982060101728,0.1516082009591,0.1196818829829,-0.0972682674844,0.0129518351992,0.0150822403455,0.0496851369522,0.4542811991888,-0.0472003880633,-0.0152810556180,0.1946524055252,0.2484890863472,0.5147256119197,0.4529922111266,0.0012465488175,-0.0688630622456,-0.1525003518904,0.1302469167692,0.0637257095338,0.3996439389262,0.5278777720011,0.4848058362868,0.8476805600605,0.3403893715261,0.6637076276254,0.7364114240430,0.8216543062824,0.7197312903549,0.3295300483519,0.4983714386111,0.5901403494631,0.3223549956648,0.4387764817089,0.1987256608372,0.0244568385783,0.1087604491954,0.5722252655693,0.3597767786519,0.3259965627429,0.5757917873178,0.5426899464936,0.3783602714981,0.0776058299426,-0.1436904755575,0.4444771010058,-0.0865553557200,-0.0374020360718,-0.3396861871072,-0.2879863951281,0.2415834946512,0.0783333344095,0.4828550258991,-0.3605732438694,-0.0688926543864,0.0288343462990,-0.2349189802321,-0.2901017631081,-0.1071927143737,-0.1475001803406,0.0607001883768,-0.2748908036599,-0.0677502231058,0.1644011207004,0.0862507963044,-0.1204533467059,-0.0016514310237,-0.2541971568806,0.1483626517726,0.5111830744262,0.3397094798765,0.4866696962403,0.4023937459598
0.4227264135176,0.1740440430482,0.6302755928396,0.6781895086783,0.7931303411300,1.0000000000000,0.8365322033924,0.5740575208704,0.5312599829053,0.6512284334050,0.2866643543217,0.4293474427808,0.4379044756690,0.3735002472963,0.6516578463590,0.4855451524125,0.4902240674518,0.5436043076647,0.6613691523029,0.3691919351775,0.1383814433092,0.2076544084821,0.0025445591736,0.5427507103184,0.1707979139318,-0.1019559838470,-0.0133849860877,0.1162320611074,-0.0662316129553,0.0572942405805,0.0846995470592,-0.1200300513558,0.1939128851875,-0.0516031290091,-0.0103255959758,0.4745163208994,-0.1064110017792,-0.0043737543509,0.1532190686863,0.1067155557006,0.4104321944963,0.5604767972847,-0.0564341487760,-0.0079945970516,-0.0909488509727,0.1102302291380,0.0498793322938,0.3861892251250,0.3758898129981,0.5300283239517,0.6685009087058,0.1870299551838,0.5712547982262,0.8683788884461,0.9110974384338,0.7305970861139,0.5148743999451,0.6214373145799,0.6998993021954,0.6108370400974,0.5807355722542,0.2177564866522,0.1995507063822,0.3068461986591,0.3957838305209,0.2328510450109,0.3820045351666,0.6622441517052,0.6999637349000,0.5112227627840,0.1139945869278,-0.0819270624090,0.6246587757815,0.0138294749665,-0.0198140052200,-0.3162978735851,-0.2911394198432,0.0499286619756,-0.0410744296745,0.5573151780588,-0.3096334275941,0.0803469907972,-0.1649741764564,-0.3092332433189,-0.2826913321127,-0.2077174692377,-0.2367204460630,0.0379201485233,-0.3966127244968,-0.1050948103559,0.0515703432372,-0.1001922984145,-0.1031582074526,-0.1060864365985,-0.2688953572410,0.0657836577074,0.2288673355910,0.2219283586141,0.5166712405378,0.4525856447800
0.3499780865256,0.1198930149873,0.4782831417900,0.8041191177193,0.7451270685344,0.8365322033924,1.0000000000000,0.6398090166839,0.4455787529868,0.4908652571708,0.0862475808959,0.2510544733432,0.2557674473500,0.4076029021226,0.6999684216068,0.5334507927609,0.4712895225374,0.5096665312965,0.7437707381519,0.3488864185252,0.0224315422157,0.0337497101171,-0.1107561791928,0.4324810142535,0.1047608503110,-0.0674871086686,-0.0925742385734,0.2984057125058,0.0360638747406,0.1345208493098,0.0189691163174,-0.1623325014467,0.1026160342346,0.0654002917577,-0.1255329282603,0.5131414598376,-0.2236146425934,-0.0390152424741,0.0928258945907,0.1984949222466,0.4604069045207,0.5074049365284,-0.0919454690034,0.1671116997990,-0.2321748337460,0.1439481597624,0.0962913807983,0.1637543340815,0.3391918450257,0.4717537166995,0.6362819222123,0.1381244043649,0.7678812904557,0.7384795394467,0.7962446940718,0.8975049483419,0.5687316626746,0.6892002062571,0.7439709364565,0.5798574487796,0.3557317409845,0.0590405686876,0.0059449584687,0.0894120551210,0.5303669460008,0.2497177699449,0.4181586662090,0.6811682583330,0.7839069285738,0.5321911886991,0.0041897163705,-0.2355294440031,0.4803103896647,-0.0589471841239,-0.1044376603996,-0.2957030239230,-0.3924383814062,0.1326365926490,0.1097530146348,0.5687475432891,-0.3310409165348,0.0328443993049,-0.0666965307045,-0.3551008092859,-0.4088829962820,-0.0903633569813,-0.3907542389860,0.0099285693168,-0.3972854080047,-0.0363400021905,-0.0157679829600,0.0023631364388,0.1209232246361,-0.0976373570091,-0.3715563925179,-0.1261865849349,0.2755926046579,0.2582038052218,0.4712256307378,0.3849064298970
0.2141149055259,0.1449365190381,0.3713285691244,0.6137330347304,0.4595742614355,0.5740575208704,0.6398090166839,1.0000000000000,0.6693182701484,0.5486848400434,0.3029279939503,0.5090963090099,0.4658253777551,0.3087693723621,0.6355230747944,0.5274668402580,0.6928762662174,0.6745473567371,0.8234228753684,0.6095249091067,0.2794173129259,0.2505487198418,0.1150174272466,0.5122223257581,0.3533388160950,0.0787526938497,0.1535144215680,0.2144349998618,0.0285161676584,0.0701900020685,0.1365982214752,0.0514161692811,0.3855319364352,0.0755355932175,-0.1457723394197,0.3139276039433,-0.0818833376791,0.1103058837668,0.0900666852853,0.1839228929399,0.3464433701859,0.4017210840874,0.0497177962001,0.2346250025020,-0.0002942751710,0.1556330121544,0.2528409612864,0.0454793686579,0.2337135883365,0.5069446960224,0.3448328211315,0.0923268319573,0.5273440428205,0.4655801838311,0.5022733879690,0.5159501839436,0.6268113211170,0.6345590162389,0.7040091434807,0.6589414030035,0.3110456433494,0.2892126086646,0.1866581624339,0.2688771052022,0.3722119645122,0.1822321736120,0.4351754087291,0.7126011160559,0.7027769516812,0.7083097318378,0.2065956436089,0.0363998616532,0.5605283376922,0.2811577315234,-0.0552837325461,-0.1295456043058,-0.1470433431422,0.0112300029180,0.0444845772689,0.5332892499210,-0.2083746477812,0.2782648710166,-0.1431737172063,-0.3091684747370,-0.1588839959658,-0.0997435824874,-0.2644363391946,-0.0460306170625,-0.3027219791464,0.0936678780608,-0.0394975389477,-0.0268486593806,0.1520210835389,-0.1013502543174,-0.2187088541280,-0.1684853116342,0.1741252561179,0.2244769956241,0.5181608533758,0.5123599202367
-0.0238226284833,-0.0763437064922,0.2456107184790,0.3505909677471,0.2638764676342,0.5312599829053,0.4455787529868,0.6693182701484,1.0000000000000,0.6895525224211,0.5313530491323,0.6481249665518,0.6178992940100,0.0361135858089,0.3451816241749,0.4948750666974,0.6220838876499,0.6206329618546,0.6581751651136,0.7310783735901,0.2912884767267,0.3971765688158,0.2912205327679,0.7009334249101,0.5362873507535,0.1979723251133,0.3369547732616,0.0235911958604,-0.0795290466799,0.0737257915210,0.2459441302768,0.1794289069856,0.5428248299936,0.1018321324838,-0.0344130495372,0.1867857073310,0.0829433699054,0.1573460979681,0.1352311850946,0.1370799901125,0.2031238906976,0.5021524096439,0.0987316556714,0.1166094979092,0.1601108780787,0.1935519727672,0.3130929812990,0.1597774882044,0.2130163196501,0.5101801196271,0.1847811491997,-0.1144744739385,0.2562114407760,0.3563295982707,0.3884712805183,0.2464187646017,0.5386233431428,0.4540208831568,0.5035017315953,0.8291871234883,0.3332731213954,0.4728592670611,0.4315433077555,0.4662383588105,-0.0175498366103,0.0181838948630,0.3318419364450,0.6246323612004,0.5788309214879,0.6771654796706,0.2992193680828,0.2796081579090,0.7446560580625,0.4605041578564,-0.0656213408274,-0.0155084406492,0.1012361881574,-0.1181347013496,-0.1061033059722,0.4502784644172,-0.1127444361258,0.4566481502832,-0.2452429170504,-0.2150215255521,-0.0305306633708,-0.0621201587104,-0.0681726402412,-0.0567854532079,-0.1664086562642,0.0202558729673,-0.0254425226453,-0.0363471064155,0.0089603381349,-0.0460179304804,-0.1302888468919,-0.0321422602334,-0.0171192122774,0.0500988124004,0.4746633964417,0.4909954234191
0.0776205535885,0.0064369038335,0.3420764572929,0.3813769667288,0.3742202362008,0.6512284334050,0.4908652571708,0.5486848400434,0.6895525224211,1.0000000000000,0.5454320604594,0.7208958771748,0.5769640453499,0.2126390815695,0.4623864533618,0.4428436786211,0.5353706411249,0.4338093062399,0.5714549555107,0.5235545807701,0.3729668423733,0.5014474619415,0.2884006382570,0.6632929194064,0.3246804862293,0.1731649186262,0.3309109658563,0.1130116011820,-0.0595694792771,0.1089422475809,0.2337217840522,0.2462002092269,0.5462396059257,0.0850693046205,0.0486707460238,0.3039739694179,0.1213340748271,0.1200557309638,0.0848588918257,0.1671286464755,0.3358629307165,0.5994531359679,0.0839798362726,0.1177541220900,0.0948133275606,0.1581245651371,0.2759205399026,0.2849854737963,0.2623353796194,0.6259240454706,0.2646362649098,-0.0452133045039,0.2283507142752,0.4921880954205,0.5255381822382,0.3242336015099,0.4656876841631,0.4552706490648,0.5287686465438,0.6638525224495,0.6132527124523,0.5066572894509,0.4246677690349,0.4065898921339,0.1186386013492,0.0025331165320,0.3417228993023,0.5844294231158,0.5599950860889,0.5485506160696,0.3058440061141,0.2907512975129,0.7218967721460,0.3047380704987,0.0825638926193,-0.0758363497638,0.0207946567641,-0.0667608462625,-0.0508921439069,0.4740090904316,-0.0861809816341,0.3243303832944,-0.3232517112047,-0.2001337692202,-0.1320112641891,-0.1590682899715,-0.0381500867163,0.0010866101570,-0.2730608302165,-0.0272687987715,-0.0520146287434,-0.1051432859735,-0.0666085853031,-0.1185557110269,-0.2734989798290,0.0334727059316,0.0878995174205,0.0659869862036,0.5681344377933,0.5442550307450
0.0183295373809,-0.0835940578375,0.2227698101202,0.2038458806231,0.2092469806799,0.2866643543217,0.0862475808959,0.3029279939503,0.5313530491323,0.5454320604594,1.0000000000000,0.7694679770038,0.6223058839195,0.1327840278055,0.2199833030291,0.5027436745257,0.5725571554675,0.4827675926148,0.2849202459088,0.6069548780633,0.5851508381284,0.6041088291000,0.6954582227668,0.7014364069891,0.4725357846379,0.4118364251676,0.7160351488907,0.0947422663589,0.2018306021770,0.1604958035098,0.5657736377047,0.4696416520959,0.6446286945246,0.1961891607184,0.3130998626753,0.0797989418177,0.4707161945372,0.3017607951094,0.2873756751734,0.2886271937244,0.2444121635192,0.3229809337622,0.3199710453601,-0.0943704078899,0.3544376238751,0.3115725161165,0.3506098599493,0.5566059145400,0.4748124269489,0.5147334957773,0.1814256309480,-0.0182959884640,0.0771057067722,0.1299072448263,0.2197964690122,-0.1124225289906,-0.0261942211697,-0.0664756312509,0.0137705232037,0.2249806041506,0.3181487962683,0.8785740349804,0.4056593771015,0.4200759229325,-0.1788360469604,0.0629460777405,0.2422051081442,0.2929499497272,0.1091781352756,0.3572358274189,0.4001210146036,0.6555066104364,0.5878126321039,0.5296672339365,0.0904918321707,0.0684042961494,0.5427020533370,-0.0298774247817,-0.0211169746062,0.3052418835845,0.0431982672308,0.4537769325072,-0.1488883460618,0.1308991519576,0.3281677721970,0.0108054966214,0.4133045268078,0.1491508708107,0.1945456597891,0.3069890298685,0.2374278917404,0.1695024331453,-0.2298032765099,0.1971133788265,0.0096119838552,0.4422831525678,0.2608254962519,0.0602790395016,0.3391632948162,0.4398922026462
0.1588125995433,0.1048211643808,0.3809350682362,0.3438001644742,0.3148812760918,0.4293474427808,0.2510544733432,0.5090963090099,0.6481249665518,0.7208958771748,0.7694679770038,1.0000000000000,0.6873710066159,0.2598716886776,0.3543807218063,0.4725480590620,0.6500091074316,0.4733460437155,0.4575597129955,0.5877387954952,0.6466069688106,0.7159231320339,0.6355721572070,0.7458202496851,0.4088187300613,0.3433338202051,0.5484800942321,0.1183932411633,0.0927053635073,0.1743723820093,0.3985276028680,0.4347576077458,0.6278353145911,0.2141872249520,0.1270273752630,0.2161808201237,0.3256812024834,0.1804167661638,0.1385175123885,0.2422370676436,0.2895623184126,0.3865051196531,0.2462796985700,0.0313932995946,0.1669306666041,0.2728687589711,0.4234309787397,0.3854309844731,0.4175481425734,0.5180654200278,0.2678714857295,0.0813298005266,0.1940361332228,0.3169688548571,0.3399336960481,0.0828097181304,0.2809339283600,0.1600146863067,0.2658687217976,0.4713751724212,0.5104352520696,0.7633060815560,0.5506109617270,0.4786317790196,-0.0080035080707,0.0834604328472,0.2783252287851,0.4150205311474,0.3430687163815,0.4780227924079,0.5154213171250,0.6177465412452,0.7185944358954,0.4993208732021,0.1222091092943,0.1032761930473,0.3081470422098,-0.0739737789307,-0.0863860541144,0.3534146002463,0.0379277219196,0.4306853992386,-0.2585216479352,-0.0196066860133,0.0675733085136,-0.0161517285945,0.2501080743481,0.1221022855527,0.0230001155346,0.0959139710182,0.0870105308078,0.0769901059346,-0.0902593230638,0.0867780920989,-0.0880554220335,0.2478107370632,0.2028027769156,0.0885113401483,0.4340933095380,0.5391808766791
-0.0341047533920,-0.0661241504398,0.2541961963080,0.2662820216980,0.2725646311846,0.4379044756690,0.2557674473500,0.4658253777551,0.6178992940100,0.5769640453499,0.6223058839195,0.6873710066159,1.0000000000000,-0.0226355747134,0.2265460119449,0.3327646049107,0.6455023910757,0.4587325812909,0.3963839505130,0.5379278307775,0.4993702662280,0.4074005240204,0.3935894394912,0.5618473835680,0.4093435020304,0.2360066982180,0.4259661807440,-0.0228270311344,0.0876042437799,-0.0294746999237,0.2904106147950,0.2970112118733,0.4966858070387,0.1313774609636,0.0924374578193,0.1481020692518,0.2210261383032,0.2126232785639,0.1206781100155,0.1339663667988,0.1368431818908,0.3776237152816,0.2355006733472,0.0432971864244,0.0978922178734,0.1792260512101,0.2807428504223,0.2997756870309,0.1899904382120,0.4014616452503,0.0981010361266,-0.0693660352385,0.0858297133099,0.2878007961585,0.3181606071346,0.0878392140920,0.4751951886738,0.2968485388590,0.3259942180745,0.5191130417793,0.4939773424647,0.5771781382901,0.5296370669075,0.8264580409403,-0.1967318305826,-0.0256611331900,0.1971182531552,0.4883481083475,0.3450838332285,0.4582905093443,0.4415301351568,0.3246993905862,0.6108292539147,0.4377910148382,0.0548231745709,0.0540691970004,0.1947427277062,-0.1265776050803,-0.1197910516842,0.3146263529202,-0.0208538911824,0.3866468173535,-0.3241409339110,-0.0714600169622,0.0003868757491,-0.1176904634023,0.1215291889965,0.1009852193966,-0.0364454942564,0.0308988268276,0.0235269202173,-0.0480912963063,-0.0307557035825,-0.0772693417863,-0.0490346316517,0.1619582826529,-0.0127016162241,0.1477155007472,0.3540098889888,0.3984619298014
0.7355928038352,0.5465923542844,0.5571588115316,0.5982351095409,0.6214031705997,0.3735002472963,0.4076029021226,0.3087693723621,0.0361135858089,0.2126390815695,0.1327840278055,0.2598716886776,-0.0226355747134,1.0000000000000,0.7052937458897,0.4428161456953,0.2143485094934,0.2102082767396,0.3778800828467,0.0734565315527,0.2731825274611,0.2122837808478,0.1137790950793,0.3228212285063,-0.0786778511322,0.0968566199743,0.0483715018743,0.4346369356740,0.1492096926933,0.3180112853887,0.2210015465239,0.2101847874326,0.0969230833683,0.1343946707452,0.2023169630948,0.4821579369011,0.0806274577532,0.0257075085578,0.1608876546209,0.3203899545755,0.5028861360437,0.2488445667473,0.1031823304861,0.0446072788481,-0.0545611032104,0.1566008106081,0.2019031144302,0.2955313472433,0.4623917797263,0.3621811068656,0.6924786070946,0.5528199317240,0.5346856363361,0.4321840830403,0.4003931649450,0.4563332351769,0.0457669159822,0.1849711275118,0.3072406995589,0.0333235672339,0.1473313424322,0.1457568088809,-0.0793547548592,-0.1806795051220,0.6965953813458,0.3461197099013,0.2385890760205,0.1783860651773,0.2756720871405,0.1045554253953,0.0426252456488,0.0527675713994,0.2146812689740,-0.1135244934041,0.1093464974649,-0.1571592456597,-0.1114364782676,0.2977244075004,0.1740259619785,0.2209402561105,-0.1015559928074,-0.1494041953308,0.1285556709384,-0.0399008879091,-0.1621466150408,0.0074012481948,0.0358021519032,0.1904594354208,-0.1288273662354,-0.0198271368238,0.2426090751512,0.2508156194619,-0.0521895209227,0.1261613791245,-0.1889421880845,0.1786146420228,0.5309425121159,0.0802737956478,0.3298801203988,0.2986419611639
0.5509318164635,0.3996027591891,0.5412623553243,0.8359852787937,0.7212373368899,0.6516578463590,0.6999684216068,0.6355230747944,0.3451816241749,0.4623864533618,0.2199833030291,0.3543807218063,0.2265460119449,0.7052937458897,1.0000000000000,0.5054736501058,0.5492412115916,0.5150445622919,0.7036497328388,0.2878683859907,0.2827338241201,0.0941610722634,-0.0195679244562,0.4377480343431,0.0031205140435,-0.0626011095392,0.0142422864674,0.2463526810774,0.0385961484135,0.0506929067055,0.0657053553854,0.0019003888333,0.1293012341711,-0.0689777276429,-0.0350525492071,0.4107696577641,-0.1373171894357,-0.0987024530566,0.0622589078042,0.1807103397957,0.3970642776941,0.3650741537544,-0.0403134284055,-0.0386788574208,-0.1843095370182,-0.0157745869921,0.0151475782842,0.2045088379316,0.3205095142328,0.5785115236113,0.6882324312622,0.3917560988663,0.7281152374998,0.6440835921119,0.6405282477588,0.7205204062603,0.3278675968359,0.4951260901297,0.6304112430548,0.3677360030877,0.2589039359868,0.2559009927202,-0.0152999599839,0.0583103578262,0.7205356686716,0.3899436039555,0.3698011373460,0.5893489761911,0.6348969174406,0.3973296395201,0.1403602662061,-0.0648876882620,0.4462500037689,-0.0730319313152,-0.0336857376813,-0.2931562212919,-0.2659346726637,0.1633332234601,0.0734685695331,0.4805191652866,-0.2567807338896,0.0421447096003,-0.1851685006569,-0.3337086348550,-0.3351556766372,-0.2009168142679,-0.2414172200902,0.0404420687970,-0.3893185509373,-0.0890940458083,0.0588627494829,-0.0092661475378,-0.0862615807859,-0.1644887779338,-0.3384180079263,-0.0143538394527,0.3617706359099,0.1286116580269,0.4572288480306,0.5747175037013
0.2498284189644,0.0468910768526,0.3890068601322,0.6069380572374,0.4816899036984,0.4855451524125,0.5334507927609,0.5274668402580,0.4948750666974,0.4428436786211,0.5027436745257,0.4725480590620,0.3327646049107,0.4428161456953,0.5054736501058,1.0000000000000,0.5198002924928,0.5792321122411,0.6793029685488,0.6248810347413,0.3830726469710,0.3597667684031,0.3744269500147,0.6449652222579,0.3306264968615,0.3244915391588,0.4605803365317,0.3110330764282,0.1343708705259,0.2861545270541,0.6748688667593,0.3845819276556,0.5609797288944,0.2105386119015,0.3560523769812,0.5763133420671,0.3381638234523,0.3374578525321,0.3613136195639,0.3430672534330,0.3558991818174,0.3886856268167,0.3366521842660,0.1136898841301,0.2695889237003,0.3035808958806,0.3433020152905,0.4166155661508,0.4351153135414,0.5084615711647,0.4211354744900,0.1231413410353,0.5349324312802,0.3732306241849,0.4259427879159,0.4271753360318,0.2105803636609,0.2555180372259,0.4301321666111,0.3749451464404,0.1994025435970,0.4796228931253,0.1243652869356,0.1233857568746,0.2127742909291,0.1159409032068,0.6949002367411,0.4973657877750,0.5310864166250,0.5524692451229,0.1999859744788,0.2830834986528,0.5305010542163,0.3008172198508,0.1526469312788,0.0089515859993,0.2473898336139,0.1189780519965,0.0892689363854,0.6574409543158,-0.0122284498315,0.3115580909125,-0.0013959467537,0.0625892124219,0.1780539427240,0.0494077872013,0.1700644726206,0.3040647357914,0.0193652550520,0.2469754030044,0.2459786293897,0.1880894298006,-0.0074629530627,0.1650916814858,-0.1695853531783,0.2325362218546,0.2541582668956,0.1317531620516,0.3918334909364,0.3399196502508
0.0367666654616,-0.0694831678527,0.2075948245128,0.4908147136184,0.4375275596993,0.4902240674518,0.4712895225374,0.6928762662174,0.6220838876499,0.5353706411249,0.5725571554675,0.6500091074316,0.6455023910757,0.2143485094934,0.5492412115916,0.5198002924928,1.0000000000000,0.7672724321159,0.6428295929517,0.6267984475233,0.5084513594675,0.3239950020324,0.2874235395809,0.6009236916018,0.3747520161872,0.1300073619528,0.3277553352801,0.2032390864587,0.1699719906430,0.1193267956582,0.3258313089816,0.1434659141473,0.4352733618010,0.0424525891946,-0.0635443834240,0.1024198107222,0.0724479488828,0.1301472076692,0.0728801967826,0.2334261155449,0.3643562615814,0.4213628543348,0.0884503268354,-0.0294293917264,0.0557035162416,0.1474945218186,0.2221040365851,0.2276906724956,0.3313027710961,0.5591974656299,0.2814173742092,-0.0800694941889,0.3753166331142,0.3006872785499,0.4398774949351,0.3109872082074,0.4056248380238,0.4208473683330,0.4881436204629,0.4660879217010,0.3168327588008,0.5861606182539,0.2818355398333,0.4053913041219,0.1233322930270,0.1210841328952,0.3896805748168,0.7267031844440,0.5421524507116,0.6202533530213,0.4090694496111,0.2239288860625,0.5998928384828,0.3548267660641,-0.0275422750613,-0.1486885206699,0.0737242140809,0.1210063105925,0.0418316559966,0.5705644261362,-0.2006556915046,0.4154873716287,-0.1792600437765,-0.2285426707065,-0.0448164361395,-0.0329288079266,-0.0529102147519,-0.0506339888134,-0.1255032808112,0.1651880305908,-0.0192684162892,0.0396697093957,-0.0833863820789,0.0341306120867,-0.1602985805908,0.0066160870231,0.2391114538359,0.2528662364062,0.5108010002050,0.5751032704027
0.1261685272275,-0.1447549900299,0.1928642106395,0.4483206126567,0.5374699873498,0.5436043076647,0.5096665312965,0.6745473567371,0.6206329618546,0.4338093062399,0.4827675926148,0.4733460437155,0.4587325812909,0.2102082767396,0.5150445622919,0.5792321122411,0.7672724321159,1.0000000000000,0.6436585204896,0.6781425687044,0.2619491986636,0.2439698085162,0.2313025474392,0.6136515911475,0.4520149298206,-0.0267123470914,0.1842206378323,0.1444881491016,0.0093116671391,0.1300481856035,0.3439773579861,0.0433159764250,0.3375312740776,-0.0181029323979,-0.0504521444605,0.0794672109747,0.0570628280324,0.0924990652249,0.2133355792354,0.2272914311719,0.3721460043372,0.5238784808847,-0.0071052373475,-0.1620408164320,0.1434605968696,0.1496886902774,0.1908836645970,0.2993530090592,0.4384591916697,0.5842643087075,0.3967879420663,-0.1191652830407,0.3838919630654,0.3274457315209,0.5462760482413,0.3387264930053,0.3114649638502,0.4719927188452,0.5303623442879,0.4237888072279,0.2331860270561,0.4766033582154,0.1328119142964,0.2390709055860,0.1539798035946,0.1529794764936,0.4208334233636,0.7694879236154,0.5374659901004,0.6636718418910,0.1872359408908,0.1250749138174,0.6030975462722,0.2568436664343,-0.1435251452468,-0.2921454136513,0.0132186483757,0.1131830257497,-0.0321083979145,0.6485966467522,-0.3034035961048,0.3553151021729,-0.0537769879406,-0.2441817614608,0.0260578557583,-0.0682917098392,-0.0665488193248,-0.1728729351607,-0.1733706234225,0.1384904592661,0.0896187159178,0.0329008723165,-0.2501633121783,0.0510057787714,-0.1155846892363,0.0540271713712,0.3141525811638,0.2636615591023,0.5761448558324,0.4922428606242
0.2868755215904,0.1176811700055,0.4348221231106,0.7253431764171,0.5434484963957,0.6613691523029,0.7437707381519,0.8234228753684,0.6581751651136,0.5714549555107,0.2849202459088,0.4575597129955,0.3963839505130,0.3778800828467,0.7036497328388,0.6793029685488,0.6428295929517,0.6436585204896,1.0000000000000,0.5414477165159,0.2554814696106,0.1999960022730,0.0209232374492,0.5489900745858,0.2189822566087,0.0312392682450,0.1076832419255,0.2041329595159,0.0019993680079,-0.0027506920793,0.1834803564510,0.0519384692500,0.3294468076476,0.0015894465608,-0.0058863797935,0.5436626187939,-0.0619885582882,0.0135138669020,0.1170548419697,0.1535489736512,0.3153625889152,0.4557432504093,0.0120901405532,0.1713691893734,-0.1112038878701,0.0485188622897,0.1442150178534,0.1296052212459,0.1963155170668,0.5248707631959,0.4359947216206,0.1196238498696,0.6268190866586,0.5724147025672,0.5877517256980,0.6626802761686,0.6144000674187,0.6738999341022,0.8130280865228,0.6881069085069,0.3278681160478,0.2863053894375,0.1907506123229,0.2434590908296,0.4480419114205,0.2214011341829,0.5074028327240,0.7620167948342,0.8611573370763,0.6415684795739,0.2822222930124,-0.0038642263064,0.5897338253091,0.1617413732070,0.0718501279499,-0.1387071741743,-0.1873247749194,0.0587033107836,0.0539469684780,0.6195326607318,-0.2043298323344,0.2329168158736,-0.2110671817505,-0.3119845985532,-0.2561882425731,-0.1618124719155,-0.2430312418177,0.0964921513163,-0.3358364279063,-0.0417651726505,-0.0036447327121,-0.0522471223955,0.1033290257139,-0.1973968822325,-0.3241889442839,-0.1030379830652,0.1126909632137,0.1577340823065,0.5041022455168,0.5044899410792
-0.0863621461732,-0.2219951917424,0.0928991417423,0.3053088888833,0.2681610395272,0.3691919351775,0.3488864185252,0.6095249091067,0.7310783735901,0.5235545807701,0.6069548780633,0.5877387954952,0.5379278307775,0.0734565315527,0.2878683859907,0.6248810347413,0.6267984475233,0.6781425687044,0.5414477165159,1.0000000000000,0.3920379496466,0.5046290127135,0.5825209965492,0.7087222324028,0.7546065890386,0.4703672197648,0.6056870695756,0.2164744113800,0.0454584955820,0.2726318240756,0.5261872851228,0.4036071093351,0.6901349474799,0.4000683870260,0.0824357433900,0.1570468996295,0.3432276966567,0.4364248468894,0.2987214402533,0.4173388059375,0.2602952419063,0.4891509277182,0.3110643524446,0.2360287371359,0.2906957211989,0.4518395276467,0.5415133478600,0.2943015684570,0.3997797128124,0.5830989080651,0.1382426927939,-0.2372126138062,0.1803363954869,0.1389757107925,0.3271455452718,0.1292257725248,0.2897371536613,0.2362538524647,0.3173673082559,0.5325839387803,0.1293012534552,0.5659341924553,0.2509694251795,0.2667562311574,-0.1262602355001,-0.0001685106661,0.4573377537048,0.5372892707813,0.4247241177671,0.8098421521324,0.1587758587377,0.4766657081078,0.5959037558668,0.5912903325695,-0.0649140347103,0.1153137220764,0.4193048982763,-0.1236320891416,-0.0824737721589,0.5033377005993,-0.0189448081884,0.5325840259182,-0.1165708360065,-0.0393184397848,0.2006834623063,0.1648934007284,0.1418538888136,-0.0170344922169,0.0615137151630,0.3801660943507,0.1517072430466,0.2155558104534,0.1275571609893,0.1758880174153,-0.0832336339897,0.1510437060437,0.1402439389995,0.1338276849861,0.5055006695762,0.3808208872718
0.0355498145571,0.0006300045977,0.1545311268440,0.2386907141455,0.1737216882754,0.1383814433092,0.0224315422157,0.2794173129259,0.2912884767267,0.3729668423733,0.5851508381284,0.6466069688106,0.4993702662280,0.2731825274611,0.2827338241201,0.3830726469710,0.5084513594675,0.2619491986636,0.2554814696106,0.3920379496466,1.0000000000000,0.5498837513805,0.5795681677753,0.5693628742825,0.2317698894822,0.4143741542405,0.5956991372019,0.1238546880955,0.2773104431787,0.1573699937212,0.4671031810984,0.6020607381814,0.4414075886214,0.1875293773385,0.2900663224214,0.2517747695916,0.4048912523321,0.2497391237121,0.0761579783808,0.1621685807107,0.1786207267400,0.1042541495405,0.4745691032705,0.0146273373907,0.2103584524369,0.2281504962509,0.3485655787901,0.2627148817301,0.2938216505793,0.4515549186073,0.0525953580090,-0.0152327624488,0.0235679972258,0.0756225760337,0.0678266351620,-0.0672619573405,0.0707448331278,-0.0529309609908,0.1044365572487,0.1898436449550,0.2757328876644,0.6492562292565,0.2093065372090,0.3143730803818,-0.1330522326473,0.0622814724047,0.2141356715941,0.1615989794345,0.1971161502747,0.2912486159690,0.6269422723931,0.5933558246488,0.5415287901484,0.5263016471308,0.3423201472356,0.3166769105540,0.4158281405122,-0.0770251940412,0.0078589248188,0.2527854443308,0.1763898508006,0.2978610166931,-0.1937375187880,0.0450755087524,0.1559548232034,-0.0410693923225,0.3822345837171,0.3095083835591,0.2057205368404,0.1789498478656,0.1215713113459,0.0677125913267,-0.0508538555794,0.1428723580959,0.0570124081299,0.2798225319345,0.1577493970990,0.1866007226358,0.1762384443821,0.4285696904384
0.0442554271808,-0.0479157164609,0.1748269575485,0.0736133348528,0.1307672034821,0.2076544084821,0.0337497101171,0.2505487198418,0.3971765688158,0.5014474619415,0.6041088291000,0.7159231320339,0.4074005240204,0.2122837808478,0.0941610722634,0.3597667684031,0.3239950020324,0.2439698085162,0.1999960022730,0.5046290127135,0.5498837513805,1.0000000000000,0.6854554453110,0.6565681111570,0.3762008589750,0.4508958729913,0.5236474843512,0.1266454910982,-0.0056122302683,0.2818568691305,0.4473435730721,0.5362311029896,0.4998692419543,0.3497014696786,0.3415953204061,0.2143719267648,0.5397980879513,0.2599924930494,0.2830892695734,0.2889228059349,0.2367904993215,0.2596364643370,0.3078956151928,0.0607644459880,0.2861223877725,0.4342513884021,0.4869403613974,0.4541433398944,0.4517986643770,0.3634383049069,0.0974955605763,-0.0811749443166,-0.0346927944629,0.0909685548470,0.1943402706272,-0.1112939649253,0.0771023269604,-0.0347630097433,0.0413695002050,0.2546388165264,0.4225505195982,0.5918191708333,0.4670907869876,0.2452662111979,-0.1688500226544,0.0043323513547,0.2198308492620,0.1209937028782,0.1130077026584,0.3649054418959,0.3279047740209,0.7807454805388,0.5653703213687,0.4455910799458,0.1745280285941,0.2583090920045,0.4230698500213,-0.1273682683626,-0.1471801961677,0.2046667094477,0.2251352598911,0.3343123942574,-0.0781518086550,0.1491327890733,0.2242020805344,0.1242340017000,0.4954631685278,0.2335129548760,0.1337905595388,0.2031577405440,0.2934494124662,0.2302780355585,-0.0699805857946,0.2990036980860,0.1413933531599,0.4591860836418,0.2029564082119,0.0999985190158,0.3321453763400,0.2968362306475
-0.0487343025627,-0.1182735331711,0.0319450423266,0.0041617805240,0.0311536111344,0.0025445591736,-0.1107561791928,0.1150174272466,0.2912205327679,0.2884006382570,0.6954582227668,0.6355721572070,0.3935894394912,0.1137790950793,-0.0195679244562,0.3744269500147,0.2874235395809,0.2313025474392,0.0209232374492,0.5825209965492,0.5795681677753,0.6854554453110,1.0000000000000,0.5403613301784,0.5008206873197,0.6561153141235,0.8129222525390,0.1706779459277,0.2073055099354,0.2991379814898,0.5830165362421,0.7141573186529,0.6470987081166,0.5420140138471,0.2709546835876,0.0465161839181,0.5593208641369,0.4659864255347,0.2375298359665,0.4311686025374,0.1329373351704,0.1718382987653,0.4346239320369,0.1146260941514,0.4052405233950,0.5596768911607,0.6060466423422,0.4299994793869,0.4438829537922,0.3421779327128,0.0200179978056,-0.1197618201666,-0.1155151522756,-0.1257799498501,-0.0218489087277,-0.3109048655341,-0.1353707951725,-0.2744861997725,-0.2146159621770,0.0538260513325,0.0688670264177,0.6577777950929,0.2515081939358,0.1949673774170,-0.3239970943682,-0.0696090096534,0.1697772502678,0.0012988189767,-0.0980145319471,0.3292357438762,0.2415638697206,0.8320753012102,0.3732377660043,0.6095882024552,0.1221643170338,0.3744523792005,0.7372699799690,-0.1885558714610,-0.0847684379822,0.1443468690860,0.2603494742338,0.4291423609717,-0.0716869039509,0.2679498639266,0.4314464337582,0.2522394717151,0.5057654502659,0.1407170756012,0.3770401771107,0.4017296073018,0.2220823189144,0.3254985629309,-0.0334465698229,0.3874150332857,0.1106720461136,0.4292887372935,0.2263349792864,0.0271049989532,0.1548933320469,0.1972797211547
0.1516689149966,-0.0465540073352,0.3207402718249,0.4318541874821,0.4432732068707,0.5427507103184,0.4324810142535,0.5122223257581,0.7009334249101,0.6632929194064,0.7014364069891,0.7458202496851,0.5618473835680,0.3228212285063,0.4377480343431,0.6449652222579,0.6009236916018,0.6136515911475,0.5489900745858,0.7087222324028,0.5693628742825,0.6565681111570,0.5403613301784,1.0000000000000,0.4553492578107,0.3235783759819,0.5106248883050,0.1750881074151,-0.0301141751912,0.2792456672032,0.5163033988619,0.3843760349767,0.5276444673822,0.2132075695526,0.2894275982971,0.3605117163937,0.4191300392254,0.2175132946354,0.3475377208156,0.3122317303098,0.3380786060345,0.5204540701228,0.2933144020125,-0.0501052230404,0.1933941779652,0.3383745138863,0.3872242003644,0.5135535758936,0.5643745498971,0.6444560151283,0.3837764100738,-0.0286704056198,0.2763917762107,0.3593050771780,0.5042900726068,0.2288669789923,0.2548419832202,0.2371029004496,0.3533947532810,0.5216932883631,0.3411399150959,0.6749655099830,0.3394390593965,0.3033032856765,-0.0121888120426,0.1149510825228,0.3785471098361,0.4783194099935,0.4688638167536,0.5968434293795,0.2832757842386,0.5264199587430,0.8566058215529,0.4357474555654,0.0052162777683,-0.0117314375706,0.2509998120776,-0.0656542242026,-0.1495007240534,0.4579508161539,-0.0651274277277,0.3353065994183,-0.1912004969536,-0.0659920471358,0.0259703135068,-0.0483494539210,0.2840024349427,0.1822058523960,-0.0450900564884,0.1349518554069,0.2683919315181,0.1253706443700,-0.1758774554185,0.1318931202157,-0.1210175011281,0.3645570743436,0.2789342284750,0.0745431439216,0.5212426990682,0.4644887356872
