1.0000000000000,0.6490360107827,0.5454692350575,0.3182723009759,0.3986038745478,0.1924665697536,0.2574167903129,0.2191828337246,0.0169346776664,0.0240223409455,-0.2380026620549,-0.0561900738742,-0.1363142314357,0.5313202165886,0.2332247683216,0.0659292837825,-0.0691649549605,-0.1303342387347,0.2154859690566,0.0299836413280,-0.0635776633336,0.0202025007073,-0.1906825274469,-0.2009120745150,-0.1299699546523,-0.0419687120455,-0.1387695472276,0.1344488554174,0.2025022354902,0.4483086885678,0.0514795777353,0.0094296685179,0.0307220387879,0.0102857947726,0.0865340230232,0.1336613798412,-0.1084558807338,0.0587039353758,-0.1627230463671,-0.0774636772665,0.0925954340884,-0.0309220536293,-0.1020358881483,-0.0031353174562,0.1288841000274,0.1086651004064,0.1137195931117,-0.0344290176007,0.3770395264376,-0.0787555682365,0.5005153734386,0.5682461968512,0.0986292274481,0.3806101047799,0.2080589411259,0.2695453336050,-0.0846007844860,0.1887080054728,0.1407300087847,0.1043814783755,-0.0652190168072,-0.1929369019939,-0.1441607464970,-0.2588816236753,0.4352162720382,-0.1165677925686,0.0789347641128,-0.1404981720216,0.1043018303326,-0.0081831862779,-0.1728662884454,-0.0462645574127,-0.2114315968194,-0.2223383025343,0.0274069678127,-0.0161108226610,-0.2446535444077,0.0873320769031,0.2631909526566,-0.0762143122835,-0.0317862242741,0.0242786245849,0.2601089138378,-0.1096870805468,0.0145585002305,-0.0084545978099,-0.2406888884834,0.1246939285743,-0.1899774311406,-0.0190942788994,-0.1354791271805,-0.1809013221618,-0.0721459836257,0.0321256514969,-0.0395706818101,-0.0858707941513,0.4013858355084,-0.1177140593859,-0.2205328446392,-0.3028898407999
0.6490360107827,1.0000000000000,0.2048421591795,0.1279441658392,0.0140545161607,-0.1492999702577,-0.0493788300911,0.2642334700954,-0.0684806680591,0.0234547982914,-0.3652839932858,-0.1687679455020,-0.2464772303213,0.6541281963479,0.2504303154748,-0.0182502037868,-0.1640943545011,-0.2577514502877,0.0955832160659,0.1436616461030,-0.0621074041363,0.0251651686783,-0.4578650565813,-0.3488665645286,-0.1386657889214,-0.2082688778013,-0.2685024277615,0.2461354900770,0.3056222366826,0.6817735877446,0.0018631681852,-0.1487707860026,-0.0923143051716,-0.0799719004616,-0.0562460220543,-0.0541170096211,-0.2086744671139,0.1847021271581,-0.2032947251118,-0.1698269835089,0.1872451051544,-0.0820888083570,0.0210190011147,0.0437897978071,0.2267724347843,0.0989793527411,0.0897310717200,-0.1688791271708,0.4597866912743,-0.0868051957509,0.1566697189203,0.5584882478657,0.0744767386244,0.0202076163458,-0.0308714318656,0.0383850951054,0.0269765133449,0.4667843895565,0.1685362403545,0.2975656184960,-0.0674762532007,-0.2860273009180,-0.2489936847534,-0.2597475087290,0.5161879042836,-0.0925556580308,0.0081114549991,-0.2874519635082,0.0666944567749,0.1471596503612,-0.2840938035426,-0.1979711727519,-0.3300857680375,-0.2158743656843,0.2290583568027,0.0101577487446,-0.2770759721235,0.1499635595357,0.4873839928903,-0.2324184633377,-0.1604313608947,0.0466886679995,0.4662931318232,0.0431220727063,0.2483117614030,-0.1639951081829,-0.3253611184736,0.0343276051515,-0.0565615154614,0.1082705199211,-0.1473732384129,-0.2622201086597,-0.1127998624663,-0.0044151929139,-0.2006256738334,-0.1790438887583,0.4581356034379,-0.2473186366451,-0.3453858990623,-0.3235673837103
0.5454692350575,0.2048421591795,1.0000000000000,0.5948434997702,0.7698136654478,0.6265154232117,0.5563664700153,-0.1506606110427,-0.0228436152432,0.0715598567410,0.0499502826775,-0.0394840972701,0.0267578471612,-0.0101196568900,0.0918047851891,0.0594194980846,-0.0687667660918,0.0964466291769,-0.1490806600770,-0.0889062927150,-0.0119137287884,0.0097445254271,0.0224942703710,-0.0424150282380,0.0685761015957,-0.0620129989513,0.2134747724593,-0.0324675057224,-0.0178246146373,-0.0700373911063,0.1132105712202,0.2002507101436,0.1878747873379,0.1052425921511,0.1203602814198,0.0062605441685,0.2016769380072,-0.0084383365000,0.1035177511238,0.1747534384990,0.1307685325402,0.1682278899371,0.0978800520693,0.1459525965036,0.0878719248064,0.1318360077302,0.1104704494953,0.2582892463644,0.2103845282635,0.2368767824106,0.7315265040087,0.7038573448762,0.3301792112545,0.8671842066547,0.5828190268828,0.5697997373099,-0.0455769167565,-0.1103573452070,-0.0617033819340,-0.0757652916911,-0.1185214986931,0.0566272769502,-0.1448628800116,-0.0995190598603,-0.0003716035472,-0.1723322174754,0.1007117728210,0.0074229212066,0.0503930536890,-0.0730450896381,-0.2111689217859,-0.0150403060112,-0.0323239164280,-0.0844037705637,-0.0745025928230,-0.1515007303759,0.1495223184099,0.0401959207399,-0.0431865554236,0.0759424410904,0.1065821889575,0.0235287771167,0.0099530604540,0.0831702438576,-0.0945679815174,0.0614319462874,0.0470151306350,0.1350157665094,0.0955816626755,0.1326208850171,0.0927997991910,0.0888743806509,0.1432272087393,0.1232334709976,0.1534490811473,0.1347488573950,0.1434863574482,0.1399845172944,0.0527398338843,-0.0788339002345
0.3182723009759,0.1279441658392,0.5948434997702,1.0000000000000,0.7092555222634,0.4941395568656,0.6777624883225,-0.0809069931572,-0.0326545065386,-0.0111483202167,0.1815712489864,-0.1017115525370,0.1315381288163,0.2379957798230,0.4843377426034,0.5470846552465,0.2514006189365,0.2391861460007,-0.0506319065674,-0.0427319110199,0.0963289643126,-0.0498654895419,0.0404716994316,0.1104568655845,-0.0348591252559,-0.1415913449635,0.0810749598771,-0.2979989775305,-0.1097780536579,-0.2173573626381,0.3729144864381,0.1790236800056,0.3245642107859,-0.1647250101148,0.3735173221109,0.2367731127781,0.0653681930988,-0.1886965948156,-0.0119388418237,-0.1596695400064,-0.2488058163594,0.0365032603229,0.1369465542762,-0.2275920907358,-0.1099496618781,-0.2028477317315,-0.1431601496391,0.2193671833667,0.3001803595669,0.1436643990998,0.6674052599833,0.6201463528390,0.8369725606443,0.5836268456919,0.4580881347307,0.8399032743092,0.1867568753641,-0.1529957685487,-0.0330777519154,-0.1014749668504,-0.0349193234514,0.1472224400298,-0.0243222735650,0.0986533304874,0.2818232737195,0.3444289216855,0.4446935306109,0.1933985183619,0.2417187810489,0.0784507392694,-0.0276597055310,-0.0080421496182,0.1387780374347,-0.1559827562936,-0.0690182147627,-0.2765178816600,-0.0047925654562,-0.2838144125341,-0.3115096397635,0.3583662548497,0.1337100780218,0.2944349245313,-0.2264822607093,0.1540044422424,-0.1955331233989,-0.1686287265122,0.0248687214613,0.3937441613772,-0.0361604925165,-0.1554938048051,-0.0329492735926,-0.1422816557654,-0.2463068633300,-0.2726003851800,0.0651272367791,0.1680792759711,0.1330908810356,-0.0570761325273,-0.0308366848058,0.0190447500886
0.3986038745478,0.0140545161607,0.7698136654478,0.7092555222634,1.0000000000000,0.7843979631471,0.7468429606340,-0.1468230756670,-0.0046426864689,0.1887556498760,0.1719604143105,0.1367496190277,0.1831979419425,0.1178789038227,0.2996592863050,0.2258735268422,0.1970403643950,0.2506773262740,-0.1128127198558,-0.0765041851879,0.1128751262417,0.1648197219048,0.2396504274309,0.1901782500440,0.1173300417697,0.0443014358347,0.2967876985308,-0.2009910900696,-0.1238929043779,-0.2322443457408,0.2763190582581,0.2411838835958,0.3654621813227,0.0288244228614,0.3217271796087,0.1537745892643,0.2522269959299,-0.1740349013994,0.0660934361375,0.0605792529397,-0.0432854094627,0.1169353118166,-0.0425134231100,-0.0991629052264,-0.0979824876620,-0.0097849838278,0.0615117356401,0.3013853153105,0.3008438902925,0.1974540616757,0.8141369092526,0.5164270311070,0.4515548204894,0.8339518457264,0.7834665195526,0.7411592091592,0.0488061491805,-0.2100050335157,-0.0944546188553,-0.1611348802997,0.0571649088141,0.1732536602569,0.0462593776615,0.0338383335814,0.1727744164864,0.0662955739422,0.2228806559103,0.1954473038304,0.0809591850933,-0.0072361769925,0.0168641590827,0.2239086251169,0.1387763261233,-0.0234523801412,-0.1990672903178,-0.1627167717374,0.1692222220083,-0.0828223053264,-0.2199197154023,0.2954170066207,0.1878173393376,0.1544582957369,-0.1469110993720,0.0066905514633,-0.1947805369090,0.0835761329415,0.1401983155120,0.2782112345481,-0.0624455486644,0.0077822235855,0.0883999972624,-0.0186564432217,-0.0210532249256,-0.0215902530083,0.1959444256844,0.1556458482716,0.1741958634801,0.2154836223682,0.0773320618246,0.0497856602140
0.1924665697536,-0.1492999702577,0.6265154232117,0.4941395568656,0.7843979631471,1.0000000000000,0.7869604831894,-0.1450732170911,0.1040965007755,0.1690727438095,0.1555587188153,0.2256631762698,0.2252614977367,0.0521668295590,0.3269085731801,0.1733769892281,0.1723964459694,0.2777009234929,0.0372935184511,-0.0392620195056,0.0682088268906,0.1645786553484,0.3187662236213,0.3104801115171,0.1391175470621,0.1304223970873,0.3216480428347,-0.1842425055424,-0.1019353047077,-0.2176599803279,0.1892862622951,0.1549330429408,0.2812352438679,0.0615708040712,0.3232875122748,0.2744811203996,0.2854270818395,-0.1014327344102,0.2181153317262,0.1248321177314,-0.0140768522661,0.0422240155529,-0.0464521150627,-0.0321854792259,-0.1145868883722,-0.0887881894920,-0.0108079770718,0.4836016145861,0.2212710702247,0.2422342904514,0.5560475086179,0.2609629071634,0.2192272858931,0.8045156221786,0.8928594251705,0.6427151257615,-0.0003512536412,-0.1922167836914,-0.0413390688547,-0.0672175307269,-0.0116714956577,0.1784776242575,0.1125564339430,-0.0035543846445,0.0966958881439,0.0969631529551,0.2338327321901,0.1921951390179,0.1876563376132,0.0263937171060,0.0610138875685,0.2678951758020,0.2578843982422,0.0771484660133,-0.2407647788005,-0.0252843471706,0.1789514998961,-0.0525254238847,-0.1843971769641,0.2134054262601,0.0952085633003,-0.0001982138614,-0.1185978777208,0.0727905751627,-0.1618069183613,0.1086584540011,0.1807967366855,0.3402357701398,0.0636536369999,0.1320639369248,0.1998633100933,0.0228078197878,0.0499145007417,-0.0632875840168,0.0365670573413,0.3144936697469,0.1011681137753,0.1671845366765,0.0681079523052,0.1359503662376
0.2574167903129,-0.0493788300911,0.5563664700153,0.6777624883225,0.7468429606340,0.7869604831894,1.0000000000000,0.0766295488340,0.1224317184319,0.0195486348632,0.0072966509526,0.0587920588060,0.1096642467657,0.1436323258044,0.3669953605967,0.3413534950661,0.2379611325971,0.1639861268482,0.1422075504541,0.0161761655954,0.1267090614696,0.0951889536159,0.1846861936400,0.2112517385169,0.1617729997719,0.1310365783499,0.1412200356398,-0.3234281291450,-0.0963981799865,-0.1214918512886,0.3028418336031,0.0798797182248,0.2429402652845,-0.1470587567728,0.4558487981109,0.3460192165819,0.0352210727367,-0.1258965099047,-0.0345620700317,-0.1926365379491,-0.2027585503044,-0.0751050097335,-0.0515904648630,-0.2198000220349,-0.0478791403756,-0.2300893955511,-0.1202498637388,0.1194339183679,0.1403296903226,0.1255388323753,0.5859956423594,0.2908018511888,0.3928125607871,0.7264252999152,0.7846368887325,0.8775755209525,0.0796795326644,-0.0511341197541,0.0520253641038,0.0162209582232,-0.0684911710084,0.0205978590861,0.0165341231823,0.0060667317781,0.1593734479926,0.2425938436008,0.3340250698966,0.1471599352661,0.3031372084868,0.0772513297030,0.1771210566417,0.1607499753732,0.1775128883024,0.0331000984001,-0.0384007511954,0.0050323867516,0.0376825819262,-0.3098767241021,-0.2498140907745,0.2548434357634,0.0340164152738,0.0927437429304,-0.2179084340138,0.0494152958713,-0.0712807565586,-0.0081062271053,0.0476178452560,0.3598399723407,-0.1180911747072,-0.0332644290009,-0.0361107839371,-0.2709418666560,-0.2184766319764,-0.3059670845682,0.0106969479632,-0.0044828809929,0.0177425735981,-0.0047535420476,-0.0811250043435,0.0315035636490
0.2191828337246,0.2642334700954,-0.1506606110427,-0.0809069931572,-0.1468230756670,-0.1450732170911,0.0766295488340,1.0000000000000,0.3727386744301,0.0027739062290,-0.1270764483726,0.0233583673340,-0.0787231921261,0.3151414466541,0.0385682716662,0.1768371833732,0.1520612132314,-0.0609825803014,0.5668761043827,0.4681082092512,0.1506142160686,0.1169910211278,-0.1456383625295,-0.1684968092768,0.1726724717694,0.1675143559504,-0.2600781170192,-0.0363547667018,0.1681264420717,0.4059451011627,0.1206189093632,-0.1026673824884,-0.0079392778075,-0.2242304611686,0.0889815054222,0.3193538252863,-0.4311022697587,0.3748844812997,-0.2790882117657,-0.3652495001023,-0.1428031287639,-0.1294741781192,0.0112639301190,0.0101536716634,0.4449735125464,-0.1582661228390,-0.0500702873633,-0.3589270350343,-0.1357818881184,-0.2173364891042,-0.0810418466805,-0.0769040092652,-0.1179618048855,-0.1324862723322,-0.1428160833510,0.0300147523864,0.1053233022766,0.6519653725530,0.5292022664705,0.5708913936071,0.0254763965284,-0.1742614178680,0.0198905247501,-0.0419715494361,0.2257000098961,0.0679270876351,0.0840392766011,-0.0346154583624,0.3700739433206,0.3304463293208,0.1907413211909,-0.1029814156053,-0.1126650334766,0.0315994872268,0.4340268498072,0.2077381374230,-0.3360585415206,-0.2481915368366,0.1233302807853,-0.1106137508938,-0.1993675908134,0.1596017161972,-0.0121989114763,-0.0368386218546,0.3554172109088,-0.1972526156138,-0.2551128487051,0.0481241567272,-0.2692067067125,-0.0548191736194,-0.3118846936031,-0.4217875813203,-0.2932633746621,-0.3714522040641,-0.2095428980195,-0.3238737198095,-0.0134116553220,-0.2753399412351,-0.2506847348282,-0.2023334347576
0.0169346776664,-0.0684806680591,-0.0228436152432,-0.0326545065386,-0.0046426864689,0.1040965007755,0.1224317184319,0.3727386744301,1.0000000000000,0.3572322249347,0.2193773190955,0.4526793246865,0.4518672704636,0.0958621972049,0.2206512964772,0.3542126473470,0.4152813809480,0.4620608896555,0.6478630872392,0.4952695381530,0.3523689479731,0.2994197186352,0.2469987467670,0.5207071846291,0.4486668760896,0.3265086095259,0.3612212913196,-0.0316802489395,0.0234459299709,0.0384075079974,0.3782242384619,0.2496700049604,0.3881361400524,0.1028537891925,0.3002652359166,0.4457086041376,0.2836931008672,0.0789420157273,0.1074008072197,0.0245333741676,0.0401314618369,0.0402025287224,-0.0239146932461,0.0211876828402,-0.0131786355093,0.0238202566972,0.1936296510444,-0.0160446535151,0.0463868657161,0.1337317541594,-0.0863006742247,-0.1424900319267,-0.1159301668690,0.0035461836069,0.0595194849242,0.0413592702875,0.2928923610565,0.0684775290896,0.6249595433924,0.6388793581970,0.2920347640631,0.3531908819435,0.3600663236290,0.2754652207780,0.0524187878081,0.1004878830460,0.3260183661126,0.5311777619747,0.3666774457312,0.3253445612336,0.3901774343652,0.3513830739940,0.5469347583579,0.5313835810641,-0.0859836491694,0.0232221014062,-0.0166078300604,-0.0429881532032,-0.1332825994347,0.3836479801129,-0.0054689479811,0.1255340812694,-0.1627587497680,-0.1217267403666,-0.1515338606916,-0.0136170118723,0.2027695479515,0.2126827006755,-0.1004093202478,-0.0531783895455,-0.0064057950732,-0.1465951052658,0.0012673803815,-0.1122141880594,-0.0284371135925,-0.1196786586220,-0.0984230778975,0.1021310498849,-0.0149489908078,0.0904764043949
0.0240223409455,0.0234547982914,0.0715598567410,-0.0111483202167,0.1887556498760,0.1690727438095,0.0195486348632,0.0027739062290,0.3572322249347,1.0000000000000,0.5116875883928,0.7870742015504,0.6394376916312,0.0910343890604,0.2268476933825,-0.0072314479290,0.4669458000706,0.4007258420126,0.0054012514069,0.1114491380104,0.4171886042573,0.7789301906244,0.4973922882523,0.4987885571807,0.1053104174684,0.2930937556682,0.4940038426624,0.1794288199142,0.0934751927528,-0.0733733121376,0.2418334742588,0.4023770262428,0.5307967206321,0.4082110803571,0.0588121585185,-0.0692194733407,0.5545184766908,-0.2354542906866,0.1356887573211,0.3848477666897,0.3502545577050,0.4942509939217,-0.1697358432099,0.0092022417288,-0.3084231022188,0.3654169053140,0.5246969107288,0.0903464968768,0.1666452281694,0.2983265141732,-0.0199072788883,-0.0019262562365,-0.1148621447155,0.0732130762864,0.1953160654572,-0.0339853844137,0.3663598817381,-0.2301563117625,0.0801343298245,0.0971882752877,0.7741005539285,0.5531818278255,0.5834573231201,0.3245703059839,0.1226430808631,-0.1047574806689,-0.0014695516483,0.4353033460840,-0.1853773618680,0.0692249956406,0.3156691536532,0.6706843770669,0.4263020002458,0.2013687847042,-0.4620486549482,-0.1708152998113,0.2124287056037,0.3590286469443,-0.0043781909637,0.2732490002437,0.2105903976300,0.1093663205045,0.0479612687223,-0.2224981732854,-0.3617942396259,0.2692140020736,0.3113364081945,0.0225163016701,-0.1239721098841,-0.0619536357758,0.1871351894425,0.1814959953224,0.1296687329234,0.3249455047627,0.3322698405311,-0.0419312055054,-0.0001193460602,0.5472672593208,0.3223481036363,0.1151109525822
-0.2380026620549,-0.3652839932858,0.0499502826775,0.1815712489864,0.1719604143105,0.1555587188153,0.0072966509526,-0.1270764483726,0.2193773190955,0.5116875883928,1.0000000000000,0.5557138044073,0.6565132644230,-0.1541553408207,0.1538588566371,0.1621348581021,0.4933003688083,0.5266159330511,-0.1669454920689,0.0271372146992,0.3107223210919,0.4136649993671,0.5785364466598,0.5046185960481,-0.0078124395762,0.1606542897576,0.4576663227385,0.0324936049313,0.0121940152753,-0.3782888153771,0.1586134036692,0.3729505224779,0.4362204622260,0.2786905275859,-0.0011565030651,-0.1212752375945,0.3928689141274,-0.2109245895232,0.1026534147364,0.3347327455317,0.0504661129551,0.3268459233601,0.0572252679405,-0.0101782550295,-0.2561143677889,0.1521915387955,0.2225999737149,0.3058566027766,0.0432285336180,0.2481242239968,0.0361003130455,-0.0123273404748,0.1992374024586,0.0683105228551,0.0751703278158,0.0244884990906,0.3312596336209,-0.3628068062625,-0.0616640612908,-0.1305158031806,0.5618490698423,0.8501027393701,0.6557266730554,0.5659448556944,-0.0591773725700,0.1057229307161,0.0783099479657,0.5307952526534,-0.1739861899419,-0.0174438137029,0.3152784166873,0.4763772695534,0.4975683134794,0.0213486001250,-0.4273570120040,-0.2065812409055,0.2717102392492,0.1483603736386,-0.2400364898572,0.3590577132841,0.2939031519145,0.1547231868554,-0.2406496565652,-0.1220755782248,-0.4489189432698,0.1312554095207,0.2686349052831,-0.0344002901071,-0.0175152436575,-0.1514787680835,0.1103548427675,0.3305627342402,0.0374006158123,0.1307045870167,0.2825417728855,0.2249705927530,-0.0798100778328,0.3433554201854,0.2983672605151,0.1490595937356
-0.0561900738742,-0.1687679455020,-0.0394840972701,-0.1017115525370,0.1367496190277,0.2256631762698,0.0587920588060,0.0233583673340,0.4526793246865,0.7870742015504,0.5557138044073,1.0000000000000,0.6906780326769,0.1063838888558,0.2818890053415,0.0678682862158,0.6155284458399,0.4648173800391,0.1585947321271,0.1745317637493,0.4970884272650,0.7496725541228,0.7525215177516,0.6187398247894,0.1026118296548,0.4157485231854,0.5442128948293,0.1311663924697,0.0748178961152,-0.0915668730835,0.2273633331195,0.4693571926386,0.6013494265680,0.3802323751219,0.1302373825461,0.0364561224508,0.4873372787687,-0.2200710278105,0.0134070668838,0.2767112269700,0.1797833678611,0.3252744088444,-0.2240049246769,-0.1172276059414,-0.3208380979805,0.2539120555703,0.5150400883199,0.0905396969770,0.1040832991541,0.2138162916605,-0.0194946323334,-0.1677373672126,-0.1792194564531,0.0549602129807,0.2058328939118,-0.0670447137223,0.3388862886156,-0.1976582629654,0.1428845318551,0.0878056285180,0.7043793333488,0.6513811654008,0.8048860508254,0.3981688306309,0.1051626018565,0.0400457100864,0.0037672550766,0.5408510445308,-0.1779811808276,0.0683132712748,0.5548991648296,0.8340464735238,0.5104378028250,0.2000354557379,-0.4576333738031,-0.0684801288280,0.1248760931593,0.2126961203920,-0.1156821781224,0.3030215513545,0.1972003714075,0.0966707601668,-0.1210124981581,-0.3052826445399,-0.3978731118425,0.2252032666704,0.2448813405837,-0.0588359771487,-0.2411292458250,-0.2006756312613,-0.0033401643537,0.0329702216853,-0.0677659914160,0.1527595858021,0.2817965213255,-0.1104028985591,0.0174608035563,0.3964445726586,0.2034320035321,0.0720317472901
-0.1363142314357,-0.2464772303213,0.0267578471612,0.1315381288163,0.1831979419425,0.2252614977367,0.1096642467657,-0.0787231921261,0.4518672704636,0.6394376916312,0.6565132644230,0.6906780326769,1.0000000000000,-0.0312928207023,0.2394045530870,0.2779164791193,0.6059191216521,0.5983473098378,0.0090859655373,0.1906188179031,0.4471016608833,0.5144522496134,0.5593717770721,0.6266742485822,0.1788349750035,0.3182865434547,0.6150018661484,0.0884038180911,0.0832750194238,-0.2372855005822,0.3315439589690,0.4999729541013,0.6383310710826,0.3273300317410,0.1837916027657,0.0571438049784,0.5812568313799,-0.2283565042252,0.2268306689274,0.3568652548943,0.1487466612632,0.3407385533408,0.0093402394399,-0.0050742655698,-0.2355443295421,0.2312425573625,0.3909024192156,0.2731604661098,0.2196673422996,0.3023373698273,0.0503981284870,-0.0248485369987,0.0940639622004,0.0773619837552,0.1911721219175,0.0957507967166,0.5550160873372,-0.3570691710729,0.0962448761280,0.0297870091068,0.5397651235302,0.7593403786087,0.6386945804673,0.6848188774331,0.0416385722106,0.0502310680323,0.1790186721823,0.6764648926450,-0.1262543771415,0.0589324389091,0.4033910353287,0.6048666654396,0.5988128800955,0.2573977934148,-0.5232847281382,-0.2844320681252,0.1655695260731,0.1902313613200,-0.1785138235752,0.4938200310582,0.1792219343588,0.1798937011097,-0.1387566160801,-0.2053574874251,-0.4859437288275,0.1081776154269,0.3465483867449,0.1063214188917,-0.0905849018179,-0.2053856057801,0.1568132694895,0.2191040180983,0.0525625678540,0.2017102696401,0.3101959279038,0.1589560470583,0.0360429871215,0.4254952363832,0.2894199013951,0.1588077859314
0.5313202165886,0.6541281963479,-0.0101196568900,0.2379957798230,0.1178789038227,0.0521668295590,0.1436323258044,0.3151414466541,0.0958621972049,0.0910343890604,-0.1541553408207,0.1063838888558,-0.0312928207023,1.0000000000000,0.6290198205207,0.3160316386037,0.2336352834685,-0.0019138437411,0.3288118119738,0.2795724783363,0.0894528461033,0.1823342689451,-0.1270455444919,0.0326370417263,-0.1217051417605,-0.0544070038162,-0.1485159942763,0.0926148883572,0.2159366724520,0.5554962619112,0.1916396666020,-0.0834795338894,0.1672340734432,-0.2318350674499,0.2040383061620,0.2827411734668,-0.1696733150833,0.0139603591720,-0.2606520074488,-0.3160816322571,-0.0981401427845,-0.1918317791909,-0.1793506387000,-0.2954068657314,-0.0066607965821,-0.1636003994177,-0.0043523312513,-0.0385682569174,0.6083300831119,-0.1508073998167,0.1681825269045,0.2987154757074,0.1889692746161,-0.0183222664310,0.1127718283924,0.1634174026513,0.1321600256940,0.3531748302285,0.2658640395476,0.2826879815202,0.0938208224840,-0.0612370831212,0.0770319731974,-0.0875890215599,0.8437054481053,0.3285178778215,0.2590792154101,0.0541747929982,0.2407772117945,0.2934819084863,0.0673161623026,0.1048552600278,0.0228630228031,-0.1413459665186,0.0401919189951,0.0414837166329,-0.3255442424154,0.0197957684114,0.2698263414856,0.0892103323801,-0.0786828773919,0.2179419328117,0.2949435635388,-0.0644223289419,0.0582013956285,-0.1966536768281,-0.2319523568829,0.2747963379697,-0.3183267980208,-0.1402847214680,-0.2065311312757,-0.3943385021240,-0.3961559350320,-0.2233455938600,-0.2066647259178,-0.0435174249095,0.6003625635306,-0.2621584858315,-0.2857307321385,-0.1606716205185
0.2332247683216,0.2504303154748,0.0918047851891,0.4843377426034,0.2996592863050,0.3269085731801,0.3669953605967,0.0385682716662,0.2206512964772,0.2268476933825,0.1538588566371,0.2818890053415,0.2394045530870,0.6290198205207,1.0000000000000,0.5660388111715,0.4981830523296,0.2486758973991,0.3298155773551,0.1810906184075,0.3083624846946,0.2287020873401,0.1578941256733,0.4358372636930,-0.1291840522521,-0.0114625046183,0.0736972071072,-0.1772295568101,-0.0489251120787,0.0758093691622,0.4246173476099,0.1452128990276,0.3256940206738,-0.0954403226339,0.4038020854812,0.5137572331713,0.1503039217391,-0.1286467905116,0.0340241007015,-0.2405154246954,-0.2075561216239,0.0385796133710,0.0470899028102,-0.3861003064432,-0.2935640863833,-0.2232777759432,-0.0523126801290,0.2755582585275,0.5156782038797,0.2006330088331,0.1938072828824,0.1511197122157,0.3430415740603,0.1731732370392,0.3349347207386,0.3809146396604,0.1987073712261,-0.0287775096187,0.1235409610693,0.1841115769906,0.2635953982075,0.2299692813448,0.3006035762036,0.1305662789924,0.5805394557363,0.6843839320307,0.5402842483510,0.3142654291146,0.3657742042472,0.2560655696389,0.3077518322905,0.2917305969488,0.3894858713723,-0.0395587787689,-0.1851375798611,-0.0638902037241,-0.1499722464876,-0.1730125000074,-0.1816563696437,0.3822516384273,0.1155096308123,0.2442577033143,0.0030145214901,0.1151216700590,-0.2028715615086,-0.1151217265833,0.0590921423873,0.5072715454600,-0.0528191259424,-0.1395157940413,-0.0109173148489,-0.3196022376122,-0.3649250009698,-0.3417351887491,-0.0671829723147,0.1533159013954,0.3141022789962,-0.1192593537427,-0.1446648899504,0.1112114115640
0.0659292837825,-0.0182502037868,0.0594194980846,0.5470846552465,0.2258735268422,0.1733769892281,0.3413534950661,0.1768371833732,0.3542126473470,-0.0072314479290,0.1621348581021,0.0678682862158,0.2779164791193,0.3160316386037,0.5660388111715,1.0000000000000,0.5680516848671,0.4162704944296,0.4450582076108,0.4205767330114,0.3474611273394,-0.0058606121220,0.0859348068857,0.3631804291908,0.0763708943766,0.0091198524207,0.1397122466486,-0.2083326738363,-0.1138384034476,-0.0727173991544,0.7367398550440,0.2908851428329,0.4473231499869,-0.1892118729599,0.6292082375065,0.6800152301136,0.0801046751843,0.0822127887596,0.1099407711115,-0.3394069094992,-0.4037144608273,-0.0683269872693,0.2587669730021,-0.3127611320050,-0.0950225566167,-0.2748526617613,-0.1271535438239,0.2007654777202,0.2991978817428,-0.0807234127338,0.2234332746797,0.1452719048010,0.5257685133628,0.1163484265327,0.1657090330319,0.4482299149374,0.2541039186238,-0.1065652219272,0.3183577184405,0.1822212951875,0.0796265925203,0.2049246929051,0.1728631944847,0.1804103264571,0.3496485387302,0.5926635499963,0.8196015633717,0.4470096317034,0.5227743148142,0.3852029660708,0.2941080765699,0.1032579814173,0.4310065361672,0.1484244088912,0.0639769734341,-0.1531126637564,-0.1106528198950,-0.2844129429238,-0.3510456247064,0.6954031814735,0.2202051177653,0.4748310385566,-0.1902433986723,0.2421247500239,-0.2003553256616,-0.2363715514859,0.1074549943275,0.5853073632507,-0.0913406476721,-0.1440588662545,-0.0452132856600,-0.3085194216265,-0.3652567078159,-0.3944722603478,0.0033642514593,0.1827750375411,0.1296152962120,-0.2111508704717,-0.0796134425342,0.1321982571834
-0.0691649549605,-0.1640943545011,-0.0687667660918,0.2514006189365,0.1970403643950,0.1723964459694,0.2379611325971,0.1520612132314,0.4152813809480,0.4669458000706,0.4933003688083,0.6155284458399,0.6059191216521,0.2336352834685,0.4981830523296,0.5680516848671,1.0000000000000,0.5857324188760,0.2024492444253,0.3128923542337,0.6055326747766,0.5067231607179,0.5003744585679,0.5630090718668,0.0757099321580,0.2369014206466,0.4106177174449,-0.0542629632906,-0.0606372596881,-0.1254976349361,0.6445949462553,0.4698369104334,0.7152541595159,0.1178786323983,0.3460626070328,0.2728433800259,0.2851473082562,-0.1221827317263,-0.0843212085366,-0.1115354600454,-0.2336781138369,0.1383765135966,-0.0603813905569,-0.3286024449641,-0.3198172543485,-0.0370261465179,0.2546250640266,0.0575420875170,0.2086878230562,0.0238627599966,0.0820735464738,-0.0676350864662,0.2158870720757,0.0487419740188,0.1693977618763,0.2214660666932,0.4396462490126,-0.1660178932208,0.2574526266808,0.1153605197238,0.5384878917133,0.5500972643862,0.6964927841503,0.4937332034559,0.2621578825799,0.4046152053373,0.4132785659639,0.7315060182420,0.0813764744895,0.2581721070798,0.6620312497283,0.5620250894877,0.5015149704842,0.1435561134770,-0.2507361282315,-0.1600760380517,0.0177126817908,-0.0466434235998,-0.2963484879543,0.6554359058461,0.3247321331947,0.4662954666978,-0.1956585653547,-0.1402506386001,-0.3693447559400,0.0290283846457,0.1499913891823,0.1919150293026,-0.3270199106048,-0.2130950784710,-0.1276405466896,-0.2250157407130,-0.3412051667001,-0.1671079471953,0.2354156500506,-0.0339244685321,0.0766077523969,0.0546159584071,0.0393161549050,0.0561482269828
-0.1303342387347,-0.2577514502877,0.0964466291769,0.2391861460007,0.2506773262740,0.2777009234929,0.1639861268482,-0.0609825803014,0.4620608896555,0.4007258420126,0.5266159330511,0.4648173800391,0.5983473098378,-0.0019138437411,0.2486758973991,0.4162704944296,0.5857324188760,1.0000000000000,0.0781140520833,0.2033639546427,0.3466399719622,0.2564921378914,0.4637398316645,0.6257596457436,0.2418648271083,0.2334904372241,0.5446517483804,-0.1175601795710,-0.1821495277969,-0.3329673427914,0.4483564828371,0.3696840470485,0.5733872652580,0.1244387763599,0.2941387965228,0.1991210871777,0.5036789167984,-0.1550194088325,0.2808114209470,0.1660858068078,-0.0385960526099,0.1737031897283,-0.0379986653206,-0.0728519549767,-0.2923859806805,0.0427529914739,0.1458673304153,0.3232939775368,0.1727718782127,0.1585750914982,0.1165584250309,0.0242568057648,0.1894467949766,0.1565221279007,0.1861101910188,0.1549904388164,0.3105591606350,-0.3604406030679,0.2515269728255,0.0437742563660,0.3094226547342,0.5598540973344,0.4599817545800,0.4263166849350,0.0490665015256,0.1554527866683,0.3552817526838,0.7601726632549,0.0955115848281,0.1837979500219,0.3587203592273,0.4153882862907,0.6490592545873,0.3788371671456,-0.4003184416576,-0.1391463456683,0.3288221438423,0.0502304086030,-0.2868850090765,0.6501009207062,0.2846239375503,0.3372201975589,-0.1900817432246,-0.0298001772846,-0.3301851678333,0.0992237386957,0.3483796855321,0.2938354682869,0.0083381938787,-0.0483588666246,0.2433731872374,0.1245246824290,0.0932338309996,0.0624632043857,0.2924145975612,0.2586569830934,-0.0020243812327,0.2719319864604,0.2679778311316,0.3311672398687
0.2154859690566,0.0955832160659,-0.1490806600770,-0.0506319065674,-0.1128127198558,0.0372935184511,0.1422075504541,0.5668761043827,0.6478630872392,0.0054012514069,-0.1669454920689,0.1585947321271,0.0090859655373,0.3288118119738,0.3298155773551,0.4450582076108,0.2024492444253,0.0781140520833,1.0000000000000,0.4487362772618,0.1153209842007,0.0733245110935,-0.0321419662691,0.2567097710487,0.1383699489488,0.1898918766207,-0.0962439873086,-0.0771894831088,0.0350236173201,0.2855400897483,0.2861495413179,-0.0179440809305,0.0262588548359,-0.1058771962082,0.3764300659181,0.7168409920970,-0.0914996323966,0.1771420301310,0.0265748727368,-0.3219468586316,-0.1918765459104,-0.2231457057606,-0.0515890279865,-0.1573865017739,0.0436067300597,-0.1973990654645,-0.0909963807170,-0.0629594661996,0.0652269030864,-0.1516848713924,-0.1388303804890,-0.2232219412241,-0.1470538629837,-0.1104656744548,0.0210430378632,0.0323457381415,-0.0273146692232,0.2912516775450,0.6382227827481,0.5725109320495,0.0381212607752,-0.0801984823106,0.1086493606791,-0.1467067739469,0.2178803594763,0.2588458076938,0.4265586540069,0.1641949565646,0.6251770912205,0.3150224593083,0.2937374492725,0.0981369194551,0.2914393410672,0.2685369876889,0.2253382257207,0.1873721933007,-0.3011541087152,-0.1832190770185,-0.0282786911760,0.1575561674100,-0.1089181279335,-0.0087475523726,-0.0543752728259,-0.0297224581243,0.0291157763402,-0.0797532734703,0.0208943927181,0.3489174471588,-0.1591811453644,-0.0107538673035,-0.0823961307422,-0.4132483367528,-0.2225201283601,-0.3457139520643,-0.2830140715879,-0.0810943983917,-0.0276835221529,-0.2542580283907,-0.2765934926609,-0.0569694612839
0.0299836413280,0.1436616461030,-0.0889062927150,-0.0427319110199,-0.0765041851879,-0.0392620195056,0.0161761655954,0.4681082092512,0.4952695381530,0.1114491380104,0.0271372146992,0.1745317637493,0.1906188179031,0.2795724783363,0.1810906184075,0.4205767330114,0.3128923542337,0.2033639546427,0.4487362772618,1.0000000000000,0.3442445702915,0.1212678340957,0.0483927815515,0.2496041587400,0.5596954503542,0.2596114007693,0.2608627398964,0.1322784890463,0.0607108286377,0.2418145055842,0.4275954248588,0.1888758209378,0.3949453416817,-0.1276128009509,0.2301924419090,0.3530349976989,-0.0695589698775,0.5084136632911,-0.1179623444372,-0.1452187519782,-0.0618164167316,-0.0597433711653,0.0317166468192,0.0867657671868,0.3355921237628,-0.0426340302666,0.1131700517087,-0.1667166571412,0.1101052604690,-0.0593422923625,-0.0486772546735,0.0303256555498,-0.0061290667155,-0.0516964270679,-0.0800240974798,-0.0375389258351,0.3586376884232,0.3819745355691,0.5670285966827,0.5137753219781,0.0145189471936,0.1001638061683,0.1016910280884,0.1266907135805,0.2307813499874,0.1236379242595,0.2347491946735,0.3014403795342,0.3574965728807,0.6991615702635,0.2112821158452,0.1140519348940,0.3161705064900,0.5070963219821,0.2519008400813,0.1214800670539,-0.0705378945796,0.0038607850610,0.0684702079220,0.2947813149607,-0.0999563359516,0.3563143392792,0.0158143951069,-0.1016751009081,0.2414033991811,-0.2226742558225,-0.1044054567892,0.1769147719488,-0.2917824026766,0.1030654940399,-0.2500993721266,-0.2986814321455,-0.1724666963089,-0.1348899946796,-0.0392059599361,-0.1425926130219,0.1182595249072,-0.1607380455959,-0.1320733631666,-0.0682264916005
-0.0635776633336,-0.0621074041363,-0.0119137287884,0.0963289643126,0.1128751262417,0.0682088268906,0.1267090614696,0.1506142160686,0.3523689479731,0.4171886042573,0.3107223210919,0.4970884272650,0.4471016608833,0.0894528461033,0.3083624846946,0.3474611273394,0.6055326747766,0.3466399719622,0.1153209842007,0.3442445702915,1.0000000000000,0.3939515666822,0.4243038083612,0.3330560867118,0.2759876647406,0.4582593165688,0.5052483115972,-0.0485808952839,-0.0131346509483,0.0309724320612,0.6169595312516,0.5664026061644,0.5240011607585,0.2293043979404,0.3060309932292,0.1355152679282,0.2425334357891,0.1818284368452,-0.0073685907691,-0.0697933363455,-0.0487597124398,0.3854573840761,0.2685781676848,-0.0008760691485,0.1256216015174,0.1625094290838,0.3830781675788,-0.1342845646887,0.0137847882962,0.3157591242890,0.0382801638900,-0.0393655339525,0.0335263759735,0.0925594740506,0.0616292343872,0.1331619093911,0.2950606600098,-0.1206964465543,0.1331599685114,0.1248177235167,0.3883884308409,0.3525187500095,0.3540597177085,0.3400473322055,0.0525367188955,0.1952684297162,0.2342501996158,0.3508412271064,-0.0187455219560,0.1735178458667,0.5649817003159,0.4377948171097,0.2973097487194,0.2212557358766,-0.0431147607235,0.0257038795367,0.2485571015226,-0.1035689972003,-0.2273317072657,0.4497105520403,0.2755872973003,0.3068181219095,-0.1286091397474,-0.0183372543115,-0.0641726481924,0.1959116317404,0.1464524957428,0.0253570042702,-0.0596200396997,-0.0262275092165,-0.0947388622310,-0.2140421853722,-0.0921764670113,-0.0439052874418,0.3706218001874,-0.2956377994024,-0.0727481050296,0.1040939966132,0.2492537759037,0.2273011739342
0.0202025007073,0.0251651686783,0.0097445254271,-0.0498654895419,0.1648197219048,0.1645786553484,0.0951889536159,0.1169910211278,0.2994197186352,0.7789301906244,0.4136649993671,0.7496725541228,0.5144522496134,0.1823342689451,0.2287020873401,-0.0058606121220,0.5067231607179,0.2564921378914,0.0733245110935,0.1212678340957,0.3939515666822,1.0000000000000,0.4822902484596,0.4397523085480,0.0047002027594,0.3226546161118,0.4000042435666,0.1619185976455,0.1736019466887,0.0031203010426,0.1971668039849,0.3178459672777,0.4460378206856,0.2893321251793,0.0971309759319,-0.0379592004087,0.3768235970585,-0.1834944069911,-0.0217169583203,0.1692433945839,0.1352909170401,0.2259845963704,-0.2465178018603,-0.1369358573934,-0.2648378411194,0.2336272337794,0.4480608666904,0.0122933247992,0.2461988228340,0.0726826993050,-0.0052600584708,-0.0230177794093,-0.1061234824747,0.0634463044013,0.2327514091371,0.0106173177907,0.3528994342348,-0.0677012717673,0.1357898576936,0.1303534302314,0.7413597362208,0.4733775256876,0.6381344946164,0.3324953581188,0.1776091035447,0.0165673447395,-0.0511280873095,0.4074706639683,-0.1842540671773,0.0787281322984,0.4627107743348,0.7324201631630,0.3790362188761,0.0942083198263,-0.3415072954691,-0.0441510683516,0.0924181113688,0.2547655323812,0.0581959654338,0.1974237718657,0.1740519828051,0.1377264970232,-0.0142070082834,-0.2962354697560,-0.2734340306616,0.2303798980143,0.2237042785405,-0.0009306595226,-0.2549506164598,-0.1351354520531,0.0390958993813,-0.0022634671339,-0.0638278260285,0.2330344559978,0.2876797870448,-0.1060715171395,0.1151463345200,0.4700667291977,0.1665076991452,0.0358158917537
-0.1906825274469,-0.4578650565813,0.0224942703710,0.0404716994316,0.2396504274309,0.3187662236213,0.1846861936400,-0.1456383625295,0.2469987467670,0.4973922882523,0.5785364466598,0.7525215177516,0.5593717770721,-0.1270455444919,0.1578941256733,0.0859348068857,0.5003744585679,0.4637398316645,-0.0321419662691,0.0483927815515,0.4243038083612,0.4822902484596,1.0000000000000,0.6373312533093,0.1601383689217,0.5675365671932,0.6092106120594,-0.1405376072479,-0.1389937138199,-0.4455692322168,0.1837003497968,0.4923309525812,0.5397199973951,0.2597548903302,0.2091260543471,0.0384510625119,0.3986522440054,-0.2551413490050,0.0042229632911,0.2213057404079,-0.0381715383217,0.2480227166808,-0.2358033857764,-0.1261986228300,-0.3195098322267,0.1290881970772,0.2705665462864,0.1061355151531,-0.1021168486595,0.1971817103233,0.1276408618830,-0.1499000987433,-0.0153976495891,0.1753521177982,0.2489193611022,0.0822247020397,0.2492941841126,-0.3955964231896,-0.0970097232311,-0.2015277236512,0.4561925315499,0.5658264795810,0.6742041873528,0.4077004192783,-0.0361270646353,0.1375790794108,-0.0016344113117,0.4723411964730,-0.1482907991234,0.0127202783831,0.5754500752628,0.8045264538528,0.5238985450532,0.2257348930605,-0.4664048144138,0.0714227107466,0.3667809666423,-0.0356029178393,-0.3590281933134,0.3498226083810,0.3465684054772,0.1953803124508,-0.3550803997378,-0.2559717266672,-0.3130120413126,0.3040551681718,0.3246123627397,-0.0085112581371,-0.2037119437575,-0.1967945381905,0.0032786863875,0.1433900488211,-0.0456903694614,0.1226358668309,0.4226314419050,-0.0551965721106,-0.0653624658338,0.3569382289354,0.3389768016662,0.2551566913937
-0.2009120745150,-0.3488665645286,-0.0424150282380,0.1104568655845,0.1901782500440,0.3104801115171,0.2112517385169,-0.1684968092768,0.5207071846291,0.4987885571807,0.5046185960481,0.6187398247894,0.6266742485822,0.0326370417263,0.4358372636930,0.3631804291908,0.5630090718668,0.6257596457436,0.2567097710487,0.2496041587400,0.3330560867118,0.4397523085480,0.6373312533093,1.0000000000000,0.2380405513599,0.4091230662940,0.5714216554324,-0.1448205734198,-0.1976722112778,-0.3637880285383,0.3234238885608,0.3124436641765,0.4598008189316,0.1067741358252,0.4259184308078,0.3896833010240,0.5528081952319,-0.2595860514722,0.2118942751645,0.1422438509319,-0.1037120516829,0.0769561244989,-0.2244763865597,-0.2568163338934,-0.4843590448967,-0.0704407282260,0.0830545328636,0.2945353345984,0.1746047646337,0.1450237543382,0.0355705495235,-0.1760712414917,0.0485539800284,0.0966949613020,0.2608041307577,0.1088420589780,0.3716279948278,-0.4200396560588,0.1400342029341,0.0337300187263,0.4498069084437,0.5682985140303,0.5819190815329,0.4076584238038,0.0885646052255,0.3402660067287,0.3504862822684,0.6738841335098,0.2044140923880,0.2162445270084,0.5884634370491,0.6988495270427,0.8915946426423,0.4780384032513,-0.5000142225313,0.0501201799640,0.2449077928299,0.0158741365309,-0.3272265575395,0.6126264094790,0.2898759683326,0.1568563186812,-0.2655435987707,-0.1796303516605,-0.4046155344659,0.2005462809893,0.5109112757946,0.3854599140069,-0.1355393614385,-0.1096391493113,0.1922319333359,0.0561897258232,-0.0350585823897,0.0342258622491,0.1973281755357,0.1866737130892,-0.0131679032087,0.2893426601194,0.2214821582841,0.3188462715929
