1.0000000000000,0.6497615460160,0.3999369987948,0.3583257838537,0.4101211018487,0.2266043200693,0.3614555286609,0.1279243653889,0.0628664558766,0.4602111450788,0.1291948398156,0.3341946130559,0.3059396766753,0.7514503474927,0.3736314143544,-0.0678362956939,0.2768499243062,0.1493243197687,-0.0808761976266,-0.1044721394273,0.0335388093021,0.3768548402037,0.0600887816747,0.1779905598768,-0.0886623962299,0.0152362412463,0.0514614825529,0.2204464720553,0.4449761199059,0.5552356331957,0.0786614235643,0.0839364954854,0.0773268375855,0.3201788523062,-0.2696004237137,-0.2651124830947,-0.0203538454901,-0.2352776614376,-0.0867890845418,0.3759127072745,0.4955554196277,0.3814171005065,-0.3624997002317,-0.0952842786316,-0.1288052064250,0.2307847096644,0.2569587409230,-0.0718874581071,0.4822583300614,0.2334320545535,0.4435548847072,0.4928428838935,-0.0934078904494,0.0685850402883,0.1008414448367,0.1909388266207,0.1147655320323,0.0848290274285,0.0575547714317,0.0551507417499,0.1744693334174,0.1120521112065,0.1290805988515,0.1022914790980,0.3648553508488,-0.3971865502193,-0.2630767043136,0.1474420754793,-0.1781396440335,-0.0511110248859,0.0278687555811,0.2199777653027,0.0549454054561,-0.1134395965503,-0.2614495817628,-0.0694195719066,-0.2276578569729,0.2507766467726,0.4368124921357,0.0677042184912,0.0468079616564,0.0014633664038,0.1492438494926,-0.3046277439921,-0.2533685310670,0.2424031536971,-0.1208290585699,0.0607127779431,-0.4018096743701,-0.3283158923615,-0.1195889153993,0.2870810436110,-0.1342781244307,0.1739826400243,0.0324080962024,-0.1541645115784,0.4619226740701,0.2752282684654,0.2137617623574,-0.2639458981360
0.6497615460160,1.0000000000000,0.3116088672882,0.4691507969464,0.1995782919093,0.0456946938435,0.2590175545069,0.2060391171666,0.0061863909827,0.3922282941042,-0.0609193027703,0.1568916166460,0.2407034915038,0.6674221503474,0.5851725211979,-0.0361874488086,0.2155316179135,0.0116572210368,0.0886843189633,-0.0785631056760,0.1575937407716,0.2517745055731,-0.0324498989451,0.0036828312723,-0.2354825711807,0.1002993693476,-0.1347507677243,0.2188205414415,0.4210563653300,0.5722187841893,0.0531759448206,0.0787521897386,-0.0138861756951,0.2660357654293,-0.4638900087012,-0.2131781258855,-0.1622991234694,-0.1934632169299,-0.1467070627131,0.3547192908899,0.2990716863106,0.2268369894538,-0.2401872758994,-0.0235860821673,-0.0765069272922,-0.0188025162153,0.0539592512816,-0.2174023465996,0.2066919067388,0.2340686978195,0.2170066614176,0.7905119890195,0.2774516908419,-0.0207521052412,0.0784636294809,0.3435704803383,0.0735279925836,0.1036476988266,0.0608791247355,-0.0046234941443,0.1844542266359,-0.0214582755584,0.0249389954586,0.0621049884731,0.5761864083023,-0.1342186080255,-0.1237299505788,-0.0626033547200,0.0208204842482,-0.0926834841012,-0.0290316409977,0.1001687857762,-0.1422511548176,-0.2875308688538,-0.0438455817695,0.2087897491256,-0.2202774724528,0.3140110587973,0.4559821956601,-0.0421249675014,0.1902165120771,-0.0138848344716,0.2847485133897,-0.2282623749536,-0.0650676305795,0.2743459756368,-0.2391072952136,0.2062865294115,-0.2062688744675,-0.3284911033904,-0.1113468571477,0.3658844558161,0.1147159093874,0.0345188817547,0.0177137218578,-0.3684735257314,0.3013259016034,0.3051388561010,0.0843829161689,-0.0662351232973
0.3999369987948,0.3116088672882,1.0000000000000,0.1011768499706,0.3531759231979,0.5492777532151,0.2836106814050,-0.0264245257319,-0.0924892047494,0.3034201662377,-0.0697073300498,0.1071542967483,0.0207026166417,0.3839857392796,0.1527826290403,-0.0558975297514,0.1084809181503,-0.1561738369211,-0.2060138418006,-0.1890830084027,-0.0911318922296,0.4414794560898,0.1345683225548,-0.0505043493637,-0.1078701870065,0.0367604528344,0.1009957934231,0.1788739060684,0.2822712869162,0.3615287093066,0.1474141411512,0.2556949882816,0.1215129758614,0.3699545070882,0.0009151795213,-0.1914193897064,0.1066335368914,-0.0426257599607,0.1732631792349,0.3569184347474,0.3677626034384,0.4003432698444,-0.3760251216789,-0.0047793653388,0.1899242461357,0.3388943560850,0.4673571638194,0.2163919122712,0.3511972826936,0.2081319537750,0.1928932918534,0.3530671625563,-0.2728105133142,0.7528936756995,0.2050566521464,-0.2083088016745,-0.1565677820970,-0.2155921328185,-0.1214536162084,-0.2564594521198,-0.0142433840146,-0.0654842206755,0.0497224683304,-0.2397851838656,0.0076637668119,-0.2082015937793,-0.3872972155964,-0.1343900627236,-0.3332872859380,-0.3945580490831,-0.1364873565637,0.1868631647947,-0.1599354709512,-0.1585828180791,-0.5023208205920,-0.3726579090224,-0.2693254355708,0.1167486815780,0.2590471879831,-0.0644301337410,-0.1571197511426,-0.0893460281702,0.0928815146741,-0.3872577714051,-0.0976273315094,0.2538848433101,-0.0860019957492,0.0817532012262,-0.4566655033433,-0.1503790112117,0.1166752244717,0.1216026111462,-0.2947465284565,0.2954015647601,0.1851869222364,0.2147104807595,0.1910952717944,0.0844618361407,0.1343422869330,-0.3166898483405
0.3583257838537,0.4691507969464,0.1011768499706,1.0000000000000,0.1321043409748,0.3221292329137,0.6233118813830,0.3969330535866,0.4549835248415,0.5813667922040,0.2375178049745,0.2726974804601,0.4773972677412,0.3534797523527,0.8010114644234,0.5114235406992,0.6579319165603,0.2226213581158,0.4440311406241,0.4213765696013,0.3756565099559,0.3137140295196,0.1058623069869,0.4143115087971,0.3290084170244,0.2157838788186,0.3799154963235,0.2086313090709,0.2084220192157,0.2718238762441,0.4487420017508,0.3269645644096,0.4509614084450,0.4063500466974,-0.2180529766115,0.2408737673662,0.2567401850343,0.1315117353704,0.1417450847083,0.4862713927047,0.4195780862821,0.3324605408584,0.1557823488166,0.2684846199398,0.0215309144937,0.1604150345690,0.2891090270789,0.1371003214175,0.3372089890019,0.4564199524740,0.1056174156404,0.1802608627440,0.4378805015421,0.1091616266686,0.3415110904273,0.7426995305896,0.1262863217838,0.1010162377087,0.3678296123596,0.5010660577595,0.1281157205559,0.3057385266512,0.0981779494282,0.2249493411811,-0.0199422994659,-0.0753271058705,0.2442581098154,0.2588716455902,0.1671614238962,0.2741340862823,0.0573993931869,0.0843681670793,0.2833426112233,0.1894815197669,-0.1811635174331,0.0129298200593,0.0815842105004,0.2160203474098,0.1090088739741,0.3406287542456,0.3255902362563,0.3160650415811,-0.0891144961460,-0.0935733628795,-0.1130514808435,0.0755062549850,0.0643175477566,0.6076304054925,-0.2194957436493,-0.0358281837749,0.1984076325624,0.2300653597944,0.1022775198776,0.1281606443202,0.0057572348425,0.0361275727115,0.1317452020017,0.3489547505535,0.0421942889026,-0.2596408391830
0.4101211018487,0.1995782919093,0.3531759231979,0.1321043409748,1.0000000000000,0.5939179197359,0.4829443584623,0.3810614435491,0.3253433075918,0.4119845261390,0.4048422470415,0.4586918208352,0.4044679852765,0.2801174124844,0.0940863310427,0.0807402061087,0.2975171910047,0.3228965546240,0.1797183596317,0.0826970960544,-0.0238710003681,0.3624818697073,0.0279997953171,0.1699227468139,0.1311332085530,-0.3515780770870,-0.0244913999169,-0.0130818359163,0.0676980772963,-0.0823104311990,-0.0122130457413,-0.0244074604997,0.1049509751474,-0.1095943200062,0.0613974047733,-0.0185750734959,-0.0817502665619,-0.2529032349368,-0.0474563221771,0.0392705979849,0.3291833016765,0.1106162957972,-0.4775147075251,-0.3668502343872,-0.2401632462452,-0.0603593005660,0.0214202981102,0.2191674958336,0.2346993547451,-0.0691963484293,0.8903462514714,0.1689965101112,-0.0584200034896,0.4567361227325,0.6449406926413,0.3144454925420,0.3560928815468,0.3640538362583,0.3668490922233,0.2581944742334,0.4594022631213,0.4851955482546,0.3811561505592,0.3750039238982,0.3560521272234,-0.2948799938451,-0.1820749490595,0.3682202047289,0.1479585303621,0.1236807054464,0.1206207976682,0.0449802271628,0.1005092016525,0.1064405221588,-0.4397129391118,-0.4285562353676,-0.3938752337697,0.0642838995357,-0.0223770411980,0.0441639620217,-0.1582256207606,0.0777338745163,-0.2183900842648,-0.4447432364762,-0.4444861311522,-0.1869627532824,-0.1447514970065,0.0443560525071,-0.5022305259728,-0.4131702895763,0.0108247876170,-0.1296680830097,-0.5538645255702,-0.0926684461993,-0.3108747506774,0.2482654674053,0.5249148283109,0.2075866729302,0.3113040920466,-0.2217457417263
0.2266043200693,0.0456946938435,0.5492777532151,0.3221292329137,0.5939179197359,1.0000000000000,0.6216157366245,0.2664739684168,0.3203947587533,0.5711418846995,0.4599485300420,0.4169059035712,0.4045763472284,0.1948883204750,0.2807972421309,0.1994436308509,0.4627095029700,0.2631544320646,0.0595093977057,0.1952057408969,0.0726108624708,0.5870544828289,0.2271647791187,0.3292533109884,0.2941576236953,-0.0387516959574,0.3307727675471,0.2160377691498,0.2391396390342,0.0908394219106,0.3643720151770,0.3506161674604,0.4826258738341,0.1792301733574,0.0958809921240,-0.0592992663359,0.2810440453391,0.0847396408309,0.3422271911074,0.3076689233198,0.4764676502587,0.3509775892487,-0.3787415072351,0.0122869844297,0.1105040359056,0.2676792559430,0.4389358202621,0.6338288925457,0.4316019162278,0.2191488569935,0.4141508934184,-0.0773940643135,-0.1916246719680,0.7782162804444,0.7892337601021,0.2165346707955,0.1618837561271,0.0387180890938,0.2107627042965,0.2363014444455,0.2478757681916,0.4779760812176,0.1868248980138,0.2054578546271,-0.1771236956444,-0.2336979047770,-0.2768787042433,0.2684407962339,-0.1718712357185,-0.0022531273102,0.0646912055637,0.1111023706704,0.2004629071814,0.1454124570014,-0.6014637613240,-0.4588935893144,-0.1563248198676,0.1620039828731,0.0857143281390,0.2061850285274,-0.1020709426180,0.1841352577464,-0.2023411086146,-0.4239955363207,-0.2180703852476,-0.0746622415187,0.1039897433982,0.3054145224212,-0.5197262423748,-0.1308046231124,0.3451138945279,-0.0125253440435,-0.3790963522924,0.2458563483311,0.0083888530072,0.5925088634351,0.2765135428238,0.3531601048306,0.2009982957037,-0.4037738351142
0.3614555286609,0.2590175545069,0.2836106814050,0.6233118813830,0.4829443584623,0.6216157366245,1.0000000000000,0.5439511962659,0.5940503289525,0.6039789207426,0.4233058662735,0.3388916290815,0.5939164863548,0.2373753232694,0.4560823221027,0.4910443951384,0.6562836352985,0.4702266651150,0.3492419546839,0.4161511686886,0.1747864282291,0.3802026592060,-0.0076918901589,0.4743858409244,0.3982305085538,0.0636431353216,0.3792651247722,0.2706224638455,0.0713183521815,0.1081626513542,0.5183814667547,0.3837858975988,0.4817032274176,0.1734890027180,0.0723286973286,0.1774336185846,0.3361364391036,0.1584713849091,0.3246137109742,0.3200948839083,0.4073072731124,0.3029227379245,-0.2406528582009,0.2084314583367,0.1120987630142,0.2115381528981,0.3766111089877,0.2541392174189,0.2688115754053,0.2403578687119,0.3664498176218,0.0195450539110,0.0017186308998,0.2780970123482,0.5933199810336,0.6235967738990,0.4667815213501,0.3402744929083,0.4363292953616,0.5138885641372,0.3028446022713,0.4045687446221,0.1166933840488,0.4078446277113,0.0022024109274,-0.2948854295246,-0.0055262267161,0.5272082372529,0.0747053043286,0.2656106211201,0.0813107788459,0.0167813323765,0.4013275095653,0.2955489224278,-0.4719117163216,-0.3713501199645,-0.1145772556729,0.1262257765345,0.0078748054056,0.4066898518560,0.0163250577594,0.2944019637770,-0.2530165083116,-0.3363690875618,-0.2047203049066,-0.0565432127650,0.1749294491886,0.4048768891592,-0.5052929056975,-0.0891334824604,0.3082182090710,-0.0144038267731,-0.2230090083924,0.1263142378559,-0.0764156163595,0.2147869667921,0.2487043679148,0.2469514399046,0.1839146943762,-0.4312607243329
0.1279243653889,0.2060391171666,-0.0264245257319,0.3969330535866,0.3810614435491,0.2664739684168,0.5439511962659,1.0000000000000,0.8439799698724,0.4782253260540,0.5239496524323,0.3651879473647,0.7584392203568,0.0002878761877,0.2333832417180,0.5246502992317,0.6573217718382,0.6737704895579,0.5298392288628,0.6531742414933,0.2520138526969,0.2337167683335,-0.1156619935950,0.4848741952830,0.4883966132213,0.0079595872753,0.3622619507802,0.1873517356440,-0.0586863252779,0.0281171566170,0.3508787381591,0.1841130503652,0.3599559938938,-0.1196586722302,0.1724567065505,0.2805813433552,0.1827350958183,0.1707478040536,0.0500262988710,0.0793055439536,0.2314053646608,0.0156896331431,-0.1165325557260,0.0782211321423,0.0729291048508,-0.0231828521840,0.0243456497437,0.0062299164067,0.1047903734205,0.0339145010753,0.3256335726248,-0.1208388096924,-0.0445587237436,-0.0566730579634,0.4064438695274,0.4915704087904,0.7568528071628,0.7806837212242,0.8406217191328,0.7900247688791,0.3039743009584,0.4767503414923,0.1768500760913,0.6390998785180,0.0352611768770,-0.3275719003207,0.1498735774169,0.6778902813094,0.3819352650968,0.5737799303201,0.2229010054633,-0.0788333027613,0.4411872805667,0.4769375626319,-0.2382860035965,-0.3626285659005,-0.0343515500867,0.0058913498000,-0.0861529531463,0.3960864010760,-0.0260076000049,0.3333446552859,-0.3667886770156,-0.3222791465224,-0.2784296624401,-0.3513022208249,0.1178944237045,0.1638393057857,-0.4444417963944,-0.1826235897928,0.0436626081452,-0.2121789177923,-0.2745590530789,-0.1433611478532,-0.2279970721936,0.0101503925721,0.2064416883630,0.1653028200181,-0.0004016452309,-0.3817057161181
0.0628664558766,0.0061863909827,-0.0924892047494,0.4549835248415,0.3253433075918,0.3203947587533,0.5940503289525,0.8439799698724,1.0000000000000,0.5103765756799,0.6320752849734,0.4767216336010,0.7230544705693,-0.0771016738638,0.2300950963856,0.5642328475392,0.6923124830701,0.6909627955388,0.5349693799150,0.7817155434662,0.3557580158769,0.2510667700565,0.0488669358461,0.6704948908949,0.7088114820810,0.0839737610924,0.5179893971412,0.0848100509748,-0.1121385953210,-0.0937450887066,0.3862541958734,0.2061010194678,0.4432708030142,-0.0713522679429,0.2868961250695,0.4369908840863,0.3118863916921,0.2226369940362,0.1582228106885,0.0874501588579,0.1956167934366,0.0481130361893,-0.0343584935228,0.1808296362474,0.0859392647654,0.0200583329101,0.0585652200532,0.1263393763987,0.1236013307402,0.1064503396388,0.2668035641256,-0.2994185419063,0.0081637924863,-0.0078472132021,0.4053487591957,0.4941068443300,0.6844886732943,0.5933048896514,0.8127206451196,0.8998946252731,0.3116045201484,0.5653941106741,0.2520165379505,0.6291174997315,-0.1461564045837,-0.2824325012516,0.1591946015440,0.7427469797958,0.3903243591414,0.6640456107751,0.3555968555225,0.0135864888921,0.6397814650593,0.7057045650822,-0.2793080138846,-0.3344319805547,0.1100555513739,-0.1021984302222,-0.2007167407695,0.5182139186416,-0.0169638500987,0.4427318996299,-0.4678400484188,-0.2608406249549,-0.2117195198194,-0.2922665728025,0.2769620186778,0.2919812092405,-0.3421724275110,0.0217730962369,0.1277332096336,-0.1901890651501,-0.1749731327132,-0.1074236666753,-0.2246990039531,0.1581635412868,0.1041478361993,0.1125163495958,0.0244319751886,-0.3013401467419
0.4602111450788,0.3922282941042,0.3034201662377,0.5813667922040,0.4119845261390,0.5711418846995,0.6039789207426,0.4782253260540,0.5103765756799,1.0000000000000,0.5473540493381,0.6877972901642,0.6595767620830,0.4439496187407,0.5252451963210,0.2724421071798,0.6735140282210,0.3852727410754,0.2660719910236,0.3766495305187,0.4219107942053,0.7800281494343,0.3438932059996,0.5784476848739,0.3658258217377,0.1003867077848,0.4636093470439,0.2138520822256,0.2966344404827,0.3153785697888,0.4197065972467,0.3046892110140,0.5109689394714,0.2595662132566,-0.0288699469966,0.0691147670439,0.3784617893508,-0.0100384266505,0.1697043167051,0.3989751099393,0.6463396504589,0.4694897776266,-0.2744060481791,0.0154267453868,0.0157414498778,0.3292626626173,0.3793869641678,0.2154388234738,0.5293705052265,0.4250487859999,0.2672640110182,0.0899074334775,-0.0220763695466,0.2908664016562,0.4303278866877,0.3714712037799,0.3159402164311,0.1872287887646,0.3902465707881,0.4098907933224,0.5261860163040,0.4981497525368,0.3811256349345,0.3777382610842,-0.0311537436630,-0.3176438180571,-0.1303810626274,0.4170274328624,0.0490821857380,0.2384855785176,0.2933121022085,0.3845826110358,0.4262313825316,0.2811931064281,-0.3895146586516,-0.3268399374365,-0.0410474551765,0.1724246325061,0.1941342849561,0.3635867755042,0.0619614379876,0.3989903729219,-0.1546398285589,-0.3795117074153,-0.2245987516891,0.0271118031630,0.2287431311705,0.3539366588266,-0.4394799759459,-0.1905212343915,0.2006670697171,0.1274789669503,-0.2264021247180,0.2155611633306,0.0200764773022,0.1913534658263,0.3471485431404,0.4643355639015,0.2734959490781,-0.2523904400379
0.1291948398156,-0.0609193027703,-0.0697073300498,0.2375178049745,0.4048422470415,0.4599485300420,0.4233058662735,0.5239496524323,0.6320752849734,0.5473540493381,1.0000000000000,0.7001937088136,0.6000545243598,0.0092277659343,0.1383479192353,0.2119427315154,0.5227079059239,0.6475958893972,0.2341384801418,0.4628176472241,0.3565465053329,0.4683194161607,0.4040460629016,0.6402435680963,0.4045397181245,-0.0208012019667,0.4219374525532,0.0944701081481,0.0091279643987,-0.1082701016465,0.2020500982232,0.1021721938118,0.4495508186517,-0.1612552134885,0.2642914489572,0.1390437572483,0.3229046398504,0.0095087131383,0.1951514032842,0.1232655088535,0.3087945183388,0.1197527899609,-0.2140013382713,-0.0370164742032,-0.0560465087557,0.0567325900260,0.0539945640745,0.3689073162047,0.3051838161693,0.0804451615421,0.3755065152365,-0.2897905336762,-0.0302368609693,0.0967415587753,0.5216586245863,0.3238635129547,0.5091264830232,0.4222030368088,0.5309784651119,0.5696757135420,0.4664467953129,0.7452855785649,0.3600987449151,0.5749378629356,-0.0467743318075,-0.2462492391891,-0.0909124561873,0.6698740364378,0.1722619567193,0.4352014629980,0.4894818119558,0.2385671767059,0.6002751300988,0.4039487763250,-0.2272982362570,-0.3610832070533,0.1393727972095,0.0369727721772,-0.0376348322750,0.3850068363295,-0.0400684047759,0.3869228751060,-0.2769512373451,-0.2548058878601,-0.3677898644541,-0.2892968292366,0.3194337196859,0.1497941163522,-0.2790982185249,-0.1662676377187,0.1947581045250,-0.1591962557288,-0.2956437091215,0.0108994141714,-0.2630392937539,0.3956622787310,0.2938634109948,0.2552396300557,0.2197879138976,-0.1444646930127
0.3341946130559,0.1568916166460,0.1071542967483,0.2726974804601,0.4586918208352,0.4169059035712,0.3388916290815,0.3651879473647,0.4767216336010,0.6877972901642,0.7001937088136,1.0000000000000,0.5098104653946,0.3059090154760,0.2441366796023,0.1225901757702,0.4023172778422,0.4581518479779,0.2272335071574,0.3727759537307,0.4002255564780,0.6584526616531,0.6391110749518,0.5760173262491,0.3956129693734,-0.0124702427014,0.4379666740281,-0.0710438576631,0.2473588848622,0.0073312275660,0.0929040903035,0.0648924467678,0.3030627344115,0.0156997112089,0.1873667777232,0.1201970237926,0.2190725290331,-0.1996922959053,0.0708062961105,0.1725976134769,0.4112116805462,0.2257401456620,-0.2306017971887,-0.1787646213233,-0.1086312137215,0.2293890199503,0.0392911739564,0.2609785670542,0.4239212244965,0.1626302416720,0.4159700416088,0.0323331038849,0.0772488332728,0.1916558977592,0.3777816850719,0.2606202923842,0.2891488212463,0.2337470164346,0.4225725595192,0.3981077807731,0.5277144231097,0.7195197398786,0.6699907048953,0.4401189688191,0.0990174836626,-0.2468436797312,-0.1247636420320,0.4867686993091,0.1789411774021,0.3850346762949,0.5934883505120,0.5264832145928,0.5004277316406,0.3524778838624,-0.2073256553743,-0.2290203826038,0.1318760146761,0.0041930995846,0.1187426476603,0.2475722807926,0.0237918032026,0.3440900665920,-0.2132452747891,-0.2520663672477,-0.3485386738573,-0.1242963933559,0.2065598929981,0.1785790830955,-0.1987267898114,-0.2770429627645,0.0283101250472,0.0088899051358,-0.2458945100887,0.0762007012830,-0.1412907880266,0.2192728885702,0.4424189494493,0.2931263454772,0.2596713868419,0.0474379699087
0.3059396766753,0.2407034915038,0.0207026166417,0.4773972677412,0.4044679852765,0.4045763472284,0.5939164863548,0.7584392203568,0.7230544705693,0.6595767620830,0.6000545243598,0.5098104653946,1.0000000000000,0.1755261916949,0.3261114731166,0.3735066524543,0.7017144266818,0.5824190149675,0.3246051060631,0.4792138328234,0.2846518407896,0.4470865256942,0.0242332756236,0.5236108182426,0.4548446071533,-0.0215639307949,0.4030781819764,0.2129752926164,0.0569368048961,0.1455297300374,0.4047010263098,0.2527053606328,0.5101607284065,0.0080698136165,-0.0030715130339,0.1105858841281,0.2631285545123,0.1195501334423,0.0837413145881,0.2298037213096,0.3917687027150,0.1728216981798,-0.2311981318955,0.0604512336448,0.0299285755032,0.1349656208146,0.1995241273712,0.0574892863253,0.3204549212952,0.1602714868929,0.3222850713056,-0.0951242734529,-0.0683571991261,-0.0138106775155,0.4319414649250,0.4768037860162,0.6798985669762,0.5576841245059,0.6182993390936,0.6564472466354,0.3760214516069,0.5179477623406,0.2909588386211,0.8257541917514,0.0014684718057,-0.3868631490942,0.0037513288998,0.6747312218161,0.1204566587999,0.4010349667854,0.2384291052306,0.0988585934718,0.4523060707904,0.3748729901301,-0.3326857902324,-0.3718897628797,-0.0641186112712,0.0677975397883,0.0350682205551,0.4343346492266,-0.0263046799175,0.3663832867461,-0.2887693381250,-0.3537876090092,-0.2880967605101,-0.2144253176600,0.1514378674285,0.2145616974384,-0.4974433766495,-0.2021093031796,0.0971507988928,-0.0640188845006,-0.2829299106010,0.0025076089694,-0.1294821952096,0.0508623261361,0.2906455267247,0.2719779215403,0.1170201949355,-0.4323467717780
0.7514503474927,0.6674221503474,0.3839857392796,0.3534797523527,0.2801174124844,0.1948883204750,0.2373753232694,0.0002878761877,-0.0771016738638,0.4439496187407,0.0092277659343,0.3059090154760,0.1755261916949,1.0000000000000,0.5486209257658,-0.0041110521734,0.3457484196929,0.0946458565441,0.0243686120864,-0.0860767618555,0.2508774166286,0.3985508172985,0.1141668493576,0.1180371822563,-0.2076240041086,0.1191824629191,-0.1038221248766,0.1547195997883,0.5260864395713,0.6648967056070,0.2095069345472,0.1740220211827,0.1599944187753,0.3345301910665,-0.2587601933919,-0.1021667808389,-0.0793796628016,-0.1538686570406,-0.0078341280219,0.3327037275701,0.5075625344384,0.4509567738748,-0.2722013573040,-0.1604749224808,-0.1090810406787,0.1742562250162,0.2763122676157,-0.0406826387613,0.5555973949969,0.4057727179199,0.2220305561136,0.5635241481462,0.0715848935663,0.1057580721633,0.0527240172088,0.1191310873493,-0.0814998580884,-0.1027808284331,-0.0492604418838,-0.1064049029970,0.0555142237462,-0.0224237410745,0.0387799528265,-0.0722228832065,0.3889436170844,-0.2105762167055,-0.1537865000704,0.0092785744310,-0.0833134115209,-0.1367517297681,0.0500253181391,0.1582663028952,-0.0602120729744,-0.2491086782259,-0.1338468536833,0.0378609085857,-0.3192204923143,0.2875753640302,0.4985644611156,0.1077923288996,0.1568722984959,0.0284317995412,0.3125424828400,-0.2520208485986,-0.1587124924420,0.2525192656978,-0.2260713896849,0.2209986120138,-0.2675582932039,-0.3068665944342,-0.0150182965556,0.3408927709252,-0.1125626511099,0.1179701479442,-0.0403194532296,-0.1754832948154,0.4619305237405,0.2026966050682,0.1155916128299,-0.1276992795307
0.3736314143544,0.5851725211979,0.1527826290403,0.8010114644234,0.0940863310427,0.2807972421309,0.4560823221027,0.2333832417180,0.2300950963856,0.5252451963210,0.1383479192353,0.2441366796023,0.3261114731166,0.5486209257658,1.0000000000000,0.3820678965139,0.5104993396722,0.1523538531276,0.2907428812021,0.2243958509676,0.3534477594087,0.2935409366622,0.1020667901593,0.2723426757138,0.1327265997888,0.2204926874636,0.1592219957419,0.1897185835448,0.3483930051763,0.4404177127357,0.4571804328504,0.4074715872975,0.3784394985695,0.3693802477326,-0.2813805081714,0.1130556252437,0.2188319206040,0.2201334520353,0.3681233534297,0.6107667716011,0.5313337022511,0.5314564946792,0.1998741121164,0.3055622159625,0.1560202038628,0.1935429049986,0.3100763055145,0.2610249035504,0.4195921651388,0.6909751644173,0.0233133451884,0.3747523087692,0.4604196237254,0.1347381469190,0.3049511764352,0.5882586114291,-0.0018913915653,-0.0158029825150,0.1736221518834,0.2790018323236,0.0694422939937,0.1545337859676,-0.0544840075668,0.0544978072944,0.1607936523016,0.2049682292172,0.1974475869478,0.0773988960986,0.0631460797097,0.0734683027410,-0.0714570302858,0.0593984118375,0.0939509102378,-0.0825387828811,-0.0742955289036,0.1086467981989,-0.0008234271601,0.3222302103682,0.2730621012882,0.2638707050513,0.4276956863816,0.2144074282884,0.1833650758287,0.0161524689185,-0.0112251784316,0.0889798841289,-0.0105694829701,0.5909686707110,-0.0689395003958,-0.0845649766661,0.3999469368994,0.4316321863893,0.1775139039953,0.1809506668750,0.0418003152053,0.0598181000547,0.2174847428153,0.3517125886497,0.1074181270382,-0.1178461281918
-0.0678362956939,-0.0361874488086,-0.0558975297514,0.5114235406992,0.0807402061087,0.1994436308509,0.4910443951384,0.5246502992317,0.5642328475392,0.2724421071798,0.2119427315154,0.1225901757702,0.3735066524543,-0.0041110521734,0.3820678965139,1.0000000000000,0.5751352503790,0.4571145114132,0.6700660827508,0.6359486629635,0.3634707228023,0.0226754743323,-0.0587606748389,0.4088782869461,0.4796114871877,0.2517361959269,0.4428336413477,0.0049723418050,-0.2521404511315,-0.0580735275027,0.7210108761367,0.4949726757024,0.5404819284737,0.2152151313334,0.3920564064533,0.6259316557145,0.3871490387882,0.5516053729255,0.4342934344200,0.1421832959006,0.1344385412101,0.1417155960376,0.4252294741798,0.1816065396441,0.3355567938779,0.1032619696193,0.1974944934417,0.2207738096743,0.1183077645862,0.2354591618513,0.0161740133701,-0.1608245509053,0.2568549413026,0.0531411717200,0.2558180378207,0.5405390647176,0.3554794585403,0.3175134700842,0.5372198822150,0.5505433031259,0.1312477137994,0.2365917539778,0.0234229382415,0.2867994057847,-0.1373034199983,0.0898865612708,0.6446680781924,0.4893278499135,0.4580154174188,0.4876044121318,0.1072097847123,-0.0693638365113,0.4063469743907,0.4512880368583,0.0278216049289,-0.1564378305612,0.2152833912848,-0.0748015478550,-0.2963611222698,0.6123499834633,0.3097746725543,0.4712328287392,-0.2139580436569,0.1778519953275,0.0910752844461,-0.0982543092408,0.2309923800255,0.5269750002196,-0.0608547661241,0.3030571403464,0.3689875261109,-0.0998790860269,-0.1252475962769,-0.0993397283402,-0.0575090099828,0.1736559615047,0.0007364112247,-0.0228934258509,-0.0028747061368,-0.1844039989112
0.2768499243062,0.2155316179135,0.1084809181503,0.6579319165603,0.2975171910047,0.4627095029700,0.6562836352985,0.6573217718382,0.6923124830701,0.6735140282210,0.5227079059239,0.4023172778422,0.7017144266818,0.3457484196929,0.5104993396722,0.5751352503790,1.0000000000000,0.6348851108587,0.4558915532158,0.5937433231610,0.5540514152719,0.4519530044890,0.0639632788747,0.6060757125951,0.3743550559828,0.1514743185933,0.3677229645976,0.2837375709809,0.1260921531519,0.2665509625716,0.6319401591368,0.3368092111563,0.6976583379756,0.0962201976445,0.1058419277761,0.2964463950599,0.3384604167715,0.2351636805303,0.2351903376576,0.2587740232678,0.4666957498219,0.2716731951709,-0.1178154778793,0.0987916451587,0.0691167213312,0.0837020524113,0.3139794014480,0.2055834484354,0.4248456392479,0.3448384702595,0.1957868141117,-0.1620938879153,0.0350180828058,0.1033987143784,0.4494642001010,0.5027013549176,0.4514131777827,0.3424723515063,0.5695447555590,0.6227015482375,0.2200942472255,0.4437214272722,0.0648824939017,0.4084020602716,-0.1509705318790,-0.3331540082865,0.0867121753800,0.6308270033407,0.1995901906548,0.3726758197835,0.3089626732646,-0.0200572991289,0.4441198574035,0.3401532407105,-0.3236720431263,-0.3469576978143,-0.1005446661405,0.1206099479503,0.0693877470379,0.5819020204210,0.0403237771232,0.4508555034399,-0.2012030823330,-0.3717206197873,-0.2333573677022,-0.1942894701039,0.1543183672977,0.4464014641261,-0.4844112710878,-0.1070613324254,0.2662874917462,-0.0571344198096,-0.2681685016113,0.0228406760087,-0.2167538903362,0.1609556948648,0.1989543918400,0.2689412857245,-0.0024265433450,-0.4600351774142
0.1493243197687,0.0116572210368,-0.1561738369211,0.2226213581158,0.3228965546240,0.2631544320646,0.4702266651150,0.6737704895579,0.6909627955388,0.3852727410754,0.6475958893972,0.4581518479779,0.5824190149675,0.0946458565441,0.1523538531276,0.4571145114132,0.6348851108587,1.0000000000000,0.2792793452928,0.5925965435212,0.3009649512538,0.1962319769700,0.0534171321317,0.6610827503556,0.4062261252853,0.0500150658210,0.3340121536179,-0.0243176441289,-0.1372068341979,-0.0705468788389,0.3549837912961,0.1688131513189,0.5070294880614,-0.2366340654940,0.3706552850602,0.2303204027364,0.2300824627287,0.2306088451109,0.2441821895884,-0.0049754646844,0.1490804610164,0.0181706714531,-0.1620248625611,0.0111080233935,0.0083480575282,-0.0645709320859,0.0073290701722,0.1880481895690,0.2086558190535,0.0348135331386,0.2875579343682,-0.2775071000304,0.0178019780082,-0.1415795742201,0.3866755746790,0.4080003408385,0.6356525234841,0.6064512880467,0.6900672502958,0.6562290603791,0.2750888105795,0.5376019654653,0.1322503517963,0.5501959178961,0.0090143868819,-0.2219212735979,0.1231672235947,0.8315658087039,0.2652297207493,0.5649570906024,0.4549593279594,-0.0023592224781,0.5991713590225,0.4699051800832,-0.0679031285663,-0.2626840024419,0.1297061412874,-0.1679668749033,-0.1480830632190,0.5826347547837,0.0862600507919,0.4982833286505,-0.2942746953546,-0.1679868923514,-0.2146954181709,-0.3847780395282,0.2295209329751,0.1264362218558,-0.2411576267580,0.0063366443416,0.2054300907457,-0.2000337166184,-0.2346701992516,-0.1903197793547,-0.2921643990493,0.1442803875663,0.2124537914638,0.0343188230560,0.0210457143598,-0.1960753105441
-0.0808761976266,0.0886843189633,-0.2060138418006,0.4440311406241,0.1797183596317,0.0595093977057,0.3492419546839,0.5298392288628,0.5349693799150,0.2660719910236,0.2341384801418,0.2272335071574,0.3246051060631,0.0243686120864,0.2907428812021,0.6700660827508,0.4558915532158,0.2792793452928,1.0000000000000,0.5900273259102,0.4590482726800,0.0375816147601,-0.0269520295447,0.3741634870673,0.3128636026355,0.0297670155898,0.2270313704465,-0.0494114456093,-0.1965958330387,-0.2002928012118,0.3371393684599,-0.0373944773982,0.1066060047382,0.0331150808673,0.0853385517163,0.7048098206412,0.1387794442151,0.0398481147655,0.0383232065492,-0.0388992953088,0.0416875509556,-0.1500410077006,0.2868070877892,-0.1063403121097,-0.0850415009761,-0.1177980720179,-0.2558685093883,-0.0521047705518,-0.0009342145654,-0.0078046725764,0.1660559369785,0.0674937433502,0.4205505613905,-0.0150864323786,0.2196727017797,0.5852122371125,0.3630949475105,0.3959425052438,0.5768235500663,0.5466101095005,0.3603936765995,0.2492328034773,0.2321906896083,0.3358907589195,0.1731256159177,0.0000193958416,0.5887115527482,0.3353972463805,0.8346049979521,0.6211661110142,0.3062092815312,-0.0016562243840,0.3986772004769,0.3671974627268,0.1790893810891,-0.0321800902547,0.0966969786931,-0.0009412974566,-0.2163976416765,0.3289830943598,0.1205583335725,0.2553071930515,-0.2199371033898,0.0734416900985,-0.0969283331519,-0.0942930235914,0.1517187234661,0.5365306474026,0.0233243026759,0.0104747455546,0.0564843375217,-0.1036419882462,-0.0689141514067,-0.2073227516175,-0.2655909194346,-0.0382563237885,0.1278282528248,-0.0047519249972,0.0657727465055,0.0690444111217
-0.1044721394273,-0.0785631056760,-0.1890830084027,0.4213765696013,0.0826970960544,0.1952057408969,0.4161511686886,0.6531742414933,0.7817155434662,0.3766495305187,0.4628176472241,0.3727759537307,0.4792138328234,-0.0860767618555,0.2243958509676,0.6359486629635,0.5937433231610,0.5925965435212,0.5900273259102,1.0000000000000,0.4374982124741,0.1547479525255,0.1827655885066,0.6722623115673,0.6934419308499,0.3198572613795,0.5870740117201,0.0153246822274,-0.1166054623390,-0.1113291302030,0.4418414208643,0.2500726872033,0.4676713857196,-0.0031915173541,0.3401709787624,0.6152369756597,0.3312082099797,0.3720801103412,0.1891352457012,-0.0043682840443,0.0900787114266,-0.0009346828269,0.1833466509229,0.2213053974111,0.1922298571922,0.0802753257096,0.0268419174940,0.1386491375807,0.1304799932070,0.1594045371782,0.0000025930942,-0.3005178129856,0.1510344223411,-0.0675397776990,0.2413400560589,0.4028302059433,0.4855935186921,0.4124384915100,0.6833401157412,0.7235394772125,0.1291599066524,0.3886119018017,0.1465838889885,0.3752726412632,-0.2339827980792,-0.1099516674273,0.3011666708885,0.5628893204353,0.4489760463701,0.7610441137506,0.3397065690714,0.0395463502879,0.6411210202482,0.7144605896075,-0.0263782585598,-0.1307715303045,0.3438391221498,-0.1784576725903,-0.2155283817988,0.4914779526914,0.0749388903327,0.4586958726174,-0.4117180257249,-0.0781199041836,-0.0133425521088,-0.2723851326967,0.3088865648455,0.3604278258946,-0.1016385154814,0.2177632778242,0.1065117380654,-0.1823110862187,0.0009589486232,-0.0931949322320,-0.1503922603788,0.1105217914545,-0.0233826919450,0.0198899561898,-0.1408542556683,-0.1176851861090
0.0335388093021,0.1575937407716,-0.0911318922296,0.3756565099559,-0.0238710003681,0.0726108624708,0.1747864282291,0.2520138526969,0.3557580158769,0.4219107942053,0.3565465053329,0.4002255564780,0.2846518407896,0.2508774166286,0.3534477594087,0.3634707228023,0.5540514152719,0.3009649512538,0.4590482726800,0.4374982124741,1.0000000000000,0.2868298649441,0.3430483109659,0.4317955892218,0.2367641745656,0.1869008091859,0.3091241829856,-0.0462652773321,0.0277590000426,0.0519897380647,0.2792925738987,0.0725544650530,0.4440553951242,0.0566073874518,0.0947830550623,0.4178572929702,0.2817460045011,0.0809617766960,0.1183509469221,0.0865236446892,0.1801538966174,0.1171989179280,0.2538780215510,0.0590887545615,0.1079265081455,0.0765594774663,-0.0175305643799,0.0714276883828,0.1910145471823,0.2821278118801,-0.0635241040033,0.0320240859594,0.3348052356927,-0.0029967417622,0.1205728481131,0.3155267100606,0.2201459436488,0.0533290002876,0.2857445002492,0.3088210196978,0.3818865475086,0.2637540191880,0.1610190307899,0.2106349392861,0.0353978007615,0.0040211494251,0.2176423212794,0.3210700860152,0.4188951878147,0.3398200351202,0.5658962419285,0.2142523623285,0.4083905274089,0.3191936324829,0.2363200791679,0.0095434156664,0.2334856145948,0.0124070500749,-0.0219391653184,0.4036585507047,0.2025746661194,0.4173970186288,0.0204604444775,0.0246692604378,0.0307273467436,0.0438539727674,0.2636009654472,0.4722752689611,0.1398814405146,0.0941758417209,0.1365533763955,0.0856506118031,0.1068646892992,-0.0184182908897,-0.1339187323132,-0.0002676115737,0.0762221756276,0.1082203879272,0.1232311054457,0.2041429036368
0.3768548402037,0.2517745055731,0.4414794560898,0.3137140295196,0.3624818697073,0.5870544828289,0.3802026592060,0.2337167683335,0.2510667700565,0.7800281494343,0.4683194161607,0.6584526616531,0.4470865256942,0.3985508172985,0.2935409366622,0.0226754743323,0.4519530044890,0.1962319769700,0.0375816147601,0.1547479525255,0.2868298649441,1.0000000000000,0.5123066773964,0.4384995050977,0.2013125938651,0.1413881150000,0.3830817518001,0.2990156663631,0.4464930665593,0.3395663803708,0.2756979127748,0.2048827988188,0.3535033839848,0.2767513915216,-0.0033826657206,-0.1272451624639,0.3524018715129,-0.1147603567996,0.1291715504631,0.3086765644802,0.5665052329110,0.3897727854239,-0.4110787975127,-0.0471753577422,-0.0161354053764,0.4593370224053,0.4386935543601,0.2639791166369,0.5464991420997,0.3182422235881,0.2236454601582,0.0547287674306,-0.2127926274161,0.4223865008032,0.3501951401605,0.0451044061694,0.1036676686929,-0.0149608996031,0.1784093559261,0.1339257543593,0.3649175252785,0.4028000272613,0.4424474094789,0.1888455460017,-0.1243960956083,-0.3780383991790,-0.3664161827474,0.2333214251377,-0.1421982214153,0.0348594670962,0.2809377980945,0.5263011545412,0.2679977334453,0.1115589469514,-0.4609722612808,-0.3141311963265,-0.0741818110879,0.2405771298477,0.3408357774882,0.1875495687203,-0.0940298289063,0.2533920059897,-0.0560434422203,-0.5030473947578,-0.1865909897622,0.1627617568143,0.1922086504606,0.2655325134243,-0.4247068035686,-0.1849213257618,0.1257644114339,0.0919414739970,-0.2269419345136,0.4218641890665,0.1684504736352,0.2681109363775,0.3517640417296,0.4495421255039,0.2106560095979,-0.2201062949984
0.0600887816747,-0.0324498989451,0.1345683225548,0.1058623069869,0.0279997953171,0.2271647791187,-0.0076918901589,-0.1156619935950,0.0488669358461,0.3438932059996,0.4040460629016,0.6391110749518,0.0242332756236,0.1141668493576,0.1020667901593,-0.0587606748389,0.0639632788747,0.0534171321317,-0.0269520295447,0.1827655885066,0.3430483109659,0.5123066773964,1.0000000000000,0.3777537642409,0.2044480873844,0.2071841021537,0.4227721452082,-0.0622550227769,0.1862240706604,-0.0442593333045,-0.0122390729784,0.0231181621355,0.2186203734171,0.2251862456301,0.2054333740883,0.0730240294433,0.3059188365844,-0.1565989799566,0.0787087509101,0.1763212249582,0.2270810868563,0.1935391142236,-0.0624864947814,-0.0877423879156,-0.0218909401180,0.3449739523117,0.0927038301606,0.2672813084855,0.2576899141014,0.1682760430523,0.0093315907228,-0.0110002297805,0.1040047289649,0.2350361623294,0.1095786106672,-0.0586696489997,-0.1425591172946,-0.2209877384189,-0.0099825164779,-0.0394141630823,0.2511377921455,0.3876087739704,0.4546003819704,-0.0151481209802,-0.0934505441738,-0.0543427971122,-0.1857630715582,0.0604401025696,0.0019991734661,0.1179963554628,0.4554025592717,0.6432581004030,0.3166804128822,0.1917406271871,-0.0202912772723,0.0110243880814,0.3623777872156,-0.0189472320695,0.1279172138730,0.0553586691071,0.0617005553185,0.2043145805314,-0.0580634807064,-0.1072455328995,-0.1005794919045,0.1309675511280,0.2985954399462,0.1615770289240,0.1078642756015,-0.0199709405291,0.0248421924618,0.0936133964767,0.0279872382423,0.2487511764300,0.0859355094088,0.2468365225380,0.1575498071933,0.1463674458569,0.1732498662184,0.2765751865100
0.1779905598768,0.0036828312723,-0.0505043493637,0.4143115087971,0.1699227468139,0.3292533109884,0.4743858409244,0.4848741952830,0.6704948908949,0.5784476848739,0.6402435680963,0.5760173262491,0.5236108182426,0.1180371822563,0.2723426757138,0.4088782869461,0.6060757125951,0.6610827503556,0.3741634870673,0.6722623115673,0.4317955892218,0.4384995050977,0.3777537642409,1.0000000000000,0.5344354106284,0.2585288036612,0.6642505308838,0.0560730384038,-0.0581234550802,-0.0276578812991,0.4349807546417,0.1385603495537,0.4235778792185,0.0569507016849,0.2677874145830,0.3033225423267,0.5784231590352,0.1056274223862,0.2912873298567,0.1068567456605,0.2225418048796,0.1174198732359,-0.1210643946023,0.0785265328347,-0.0021280410485,0.2168393414088,0.1269968494956,0.2107722065424,0.3659020842035,0.2239543582940,0.1291094261756,-0.2461357965557,0.0404291741784,0.0416409642368,0.2316479313875,0.3643812396275,0.4582204507424,0.2951961659660,0.5777279024148,0.5803246244916,0.3146729873796,0.5129134817821,0.3733584035163,0.3949434350143,-0.1616929822248,-0.2489506315626,0.0340918576094,0.6627538629653,0.2682383665181,0.6647798645994,0.5223110582068,0.4318808791013,0.8661339390770,0.6111441260195,-0.1574977877923,-0.1464687893801,0.3365743359288,-0.1218572408274,-0.0914343262423,0.5970403158195,0.1246849250927,0.4842678589115,-0.3344547641104,-0.2505737840411,-0.1365434193921,-0.0860827856278,0.5445580233004,0.4322510407526,-0.1910371689680,0.1473275315824,0.2457108712994,-0.0859807177902,-0.0621302699373,0.0683421462622,-0.0715766084401,0.2554730855955,0.1533916547746,0.1254658953814,0.1224553236913,-0.0787790053727
