1.0000000000000,0.2229727730878,0.4297999546168,0.2456626970431,0.7779773003583,0.4337356577254,0.0915161091594,-0.1492403077659,-0.2250141452520,0.0656136450128,0.1158513408423,0.1564652536631,-0.0622949056707,0.5101038539511,0.2717543681034,-0.1848571157831,-0.0280379032982,-0.1258981868796,-0.2448639553730,-0.1954672389970,-0.0916294203627,0.2139110313124,0.2473666745664,-0.2253629190047,-0.0798762897487,0.0900512064249,0.0610118671989,0.0673944726865,0.1409228501961,0.0403194880577,-0.2644587840454,0.0953683767100,0.0663153056425,-0.0652764537884,-0.0987584091733,-0.2083077921074,-0.1221628508852,-0.0774566082751,-0.0606144250240,0.2354866849147,0.2654184988954,0.1360604906629,-0.1983729108470,-0.0959422631203,-0.0358913214262,0.1850469719584,0.2042993901801,0.2819381583073,0.4112115359604,0.1549239362469,0.7189924382555,0.1642900265583,-0.0013700106362,0.3520603898983,0.3412000644969,0.0129423766142,-0.2193978923219,-0.0786440216743,0.0572929941241,-0.2828772299863,0.1932670473346,0.0270845324752,0.2086432040075,-0.0288358566529,0.2197500058816,-0.0573773047858,-0.2647444277698,0.1331033086794,-0.2584851337996,-0.0571703907621,0.0336317752362,0.1451342285823,-0.1397504333127,-0.1381278112451,-0.0406772919420,-0.1266927934607,-0.1718019498674,0.1001373355825,-0.0759946175985,-0.0831176418816,-0.0213998267370,0.1431594409543,0.0753259072644,-0.0768532961015,-0.0560431484175,0.1934414107062,-0.0591741983976,-0.1483205961599,-0.0366653022181,-0.1446897118099,-0.0164051802968,0.1821237088494,-0.1675597161548,0.0517120028098,-0.1394597669792,0.1818672107710,0.2781076312354,0.2184323558650,0.2372996505078,0.1668623546159
0.2229727730878,1.0000000000000,0.1983157088070,-0.1212868484823,0.0536446851206,-0.0138762845921,-0.2451803232962,0.0471236600556,-0.0370022895989,0.1018666645820,-0.0429345608049,-0.1095845743159,-0.0842351997132,0.5697829402978,0.2025021255863,-0.1276828419949,-0.1609546698444,0.0090455794329,-0.3346768861439,-0.1020567762423,-0.1888642424024,0.2049640795997,-0.0401541156658,-0.1871805951204,-0.1979507396175,0.0547910641589,-0.2016691570421,0.2411957869935,0.5125365005214,0.5425912282681,-0.1806793451284,-0.0928733303506,-0.1251741872525,-0.2077645371437,-0.2821153348814,-0.3533515779448,-0.1393399253636,0.0365600013067,-0.1305253121587,-0.1145329348678,0.3836148121505,0.0839668918472,-0.4144351213964,0.2074820362331,0.1858760650328,-0.1348630430298,0.0188910214834,-0.0183997319868,0.4916585619976,-0.0704208402278,0.2361855828140,0.6617142742326,-0.1701468908600,-0.1080473753355,-0.0003699365084,-0.2581104626072,-0.1192971582782,0.0624867018025,0.2923640052470,-0.2177176458673,0.1057165504750,-0.0750610052945,0.0988072954310,0.0127023681840,0.6792785363322,-0.1079443089528,-0.2670476423143,0.1348945755594,-0.2461496258745,-0.1676021791415,-0.0416380714276,-0.0602034727995,-0.0300068983367,-0.0709081836482,-0.1027413804470,-0.2237904601187,-0.3269913486488,0.1423582758104,0.3629462727324,0.0730916368382,-0.2245816000264,-0.0598375817887,0.4354625898185,-0.2065429329346,-0.0800536621032,-0.1026052773640,-0.1007997507068,-0.2261791796717,-0.2352113672715,-0.0974117875235,-0.1291667511919,-0.0484909068868,0.0552505115217,-0.3359251230050,-0.0842345447413,-0.0433504198865,0.5395936372599,-0.0596350398468,0.1195325707807,-0.0075333560453
0.4297999546168,0.1983157088070,1.0000000000000,0.4085844204686,0.3772863360268,0.6578075132275,0.2950002056795,-0.0337647951692,-0.0558107804905,0.1781819029491,0.0580753796106,0.0984280819450,-0.0190509858977,0.2676506775078,0.1102449210133,-0.0532580738269,-0.0611729393221,-0.0367330628127,-0.0280390775870,-0.0630650300239,-0.0595067473648,0.2062014838743,0.1854308507769,-0.1251603697322,-0.0516103174973,-0.0162972307640,-0.0463685772091,-0.0058453182036,-0.0229075010049,0.0579349646918,-0.1272537050145,0.1801941371516,0.0315034919282,0.0919653594661,-0.0036155402525,-0.0431936182592,-0.0277870013305,-0.1037046142213,-0.0237032355343,0.3222129092262,0.2483332175736,0.2276976813356,0.0155322227625,0.0182081603741,-0.0803357260960,-0.0069788427529,0.3082156436886,0.3209268549506,0.1156281998275,0.1720204298248,0.3896423973055,0.4556019605211,0.1488023472147,0.6031533498773,0.3473380206870,0.2636242529819,0.0164949572112,-0.0486821821801,-0.0523550126485,-0.0017164448796,0.0964562764667,-0.1822335632133,-0.0119898630040,-0.0433685803893,0.1083891099321,0.0278793023299,0.0729949431487,-0.1125469151505,-0.0112670862522,0.1432221083463,-0.0841253986197,-0.0270530025671,-0.1449202353173,-0.0023017575373,-0.0802033700288,-0.0179182955922,0.0395197491987,0.0712026550453,-0.1783907181460,-0.1690246869638,0.0589489975553,0.1424059578635,0.0280043104208,0.0035998051964,0.0581360731998,0.4091815067583,-0.0410441032545,-0.0076197817425,0.0015810264663,0.0235669515130,0.0196941618599,0.0562942864048,0.1784052361074,0.0976006896507,-0.0443656195395,0.1789552930226,0.1202134818950,-0.0670809911788,0.0574958090186,-0.0211447446268
0.2456626970431,-0.1212868484823,0.4085844204686,1.0000000000000,0.3884566100596,0.5399025259784,0.7466045121465,0.1724734802278,0.1684436550415,0.3202108457545,0.3793912657817,0.4506392013315,0.3076920723578,-0.0668808057215,0.2719824059938,0.2802414125369,0.3284541362873,0.1081869971227,0.3282327436027,0.0843870792521,0.3070344563406,0.0600303356112,0.2600478686983,0.0969336845968,0.1019664636211,0.0840402927098,0.0447465225038,-0.1728740881798,-0.2436643942370,-0.2594564167048,0.0615937756769,0.2278080566882,0.2628079895694,0.2812949485447,0.1426323583657,0.2242808413623,0.0220259330254,-0.0833664076573,0.0284237287164,0.3452364930420,0.0578610462792,0.2150821718023,0.3103399208069,-0.0750127763842,-0.0810941589333,0.0638892491958,0.2139685120307,0.2120891698743,-0.2923581564619,0.4273027954891,0.1634421252272,0.2444726014462,0.5930160147643,0.4181706133248,0.4004321892741,0.6836467108912,0.2305470991631,0.1562779094517,-0.0011857925914,0.2571334443458,0.0932511819271,0.1493131212831,0.1437345631215,0.1605588700730,-0.1027565755604,-0.0264910972983,0.3726019877913,0.0570491156723,0.3299844357313,0.2339657292644,0.1002536851786,0.1692983923433,0.0423088953541,0.0511873702591,0.0320736552923,0.1761631642977,0.0760105452845,0.0816236571496,-0.2863721014298,-0.0402562850980,0.1916305062756,0.2705501041104,-0.2824557294766,0.0513729904870,-0.0569606446968,0.4417916381905,0.0103273626102,0.1279523169012,0.0954582985176,-0.1425922561576,0.0034051369695,0.1844519027245,0.0458977095776,0.1524010964213,0.1070904407472,0.1260963864934,-0.2643628036010,-0.0576543414731,0.0296543809642,0.0416936762087
0.7779773003583,0.0536446851206,0.3772863360268,0.3884566100596,1.0000000000000,0.5981906725784,0.3100543743616,-0.2174430889634,-0.2230310776303,0.0472126142657,0.2834873032796,0.3035653671692,0.0358836595762,0.3390311139916,0.2535660100497,-0.1762464672598,0.0892129701177,-0.0033358654209,-0.2532268395795,-0.2396102990442,-0.0694818035886,0.1768630403260,0.3203041321351,-0.1472417662670,-0.1688687507773,0.0102789992765,0.0424403816683,-0.0168734368069,0.0369252411217,-0.2747056546638,-0.2373445455301,0.1670415434084,0.1619846473728,-0.1081983178208,-0.0257016364847,-0.2268509024322,-0.1099428237044,-0.1523917126167,0.0300188063593,0.2659321873615,0.1239911799646,0.0846609992936,-0.2147734835930,-0.2143909995788,-0.1243390717256,0.1256956665043,0.1533685380632,0.5129839060730,0.3138549400036,0.2034545510455,0.8066068832575,0.0535154374348,0.1796115029871,0.5268366231456,0.5620655677498,0.2344899616665,-0.1129336596181,-0.0348080878595,0.0569107603299,-0.2202936482454,0.3590727100791,0.2180498883986,0.3368526447011,0.0892296170315,0.1466371221076,0.0419520842712,-0.2357370240315,0.2303092596447,-0.1693970249508,-0.0355089014550,0.1964652821472,0.1903880066409,-0.0585092871731,-0.1295001384044,-0.0265079921720,-0.0930692943453,-0.0993933979667,0.0635709261850,-0.1993922608431,-0.0120957717383,0.0353194344989,0.3278035638438,-0.1784840570346,-0.0951338624564,-0.0108426083027,0.1440474135430,-0.0323386256861,-0.0706861815293,-0.0160361621012,-0.1476539662719,0.0684557289882,0.2376022032877,-0.2166711538528,0.0196990373015,-0.1395957945234,0.3610328616991,0.2532101355405,0.1761140348237,0.2062738746913,0.2568696530926
0.4337356577254,-0.0138762845921,0.6578075132275,0.5399025259784,0.5981906725784,1.0000000000000,0.5823784575711,0.0183279227495,-0.0727105447811,0.1583817716281,0.1780708765468,0.2272318998799,0.1319914481685,0.1636034380912,0.2959645860244,0.1259950207870,0.1885332065144,0.0157340257014,0.0568847684364,0.0075452830414,0.1506566601690,0.2613528735663,0.1947404672043,-0.0337872655410,0.0105091637728,0.0488692248307,0.0940655588014,0.0187040111179,-0.0471274814829,-0.1703104114051,0.0411945928990,0.2694392589609,0.2878559909408,0.0634066561842,0.1545378869880,0.0884439899186,-0.0602283128976,0.0097249991564,0.1291126441345,0.2599390190188,0.0769857572156,0.1072220327850,0.0905351365824,-0.0488934648062,0.0009267724274,0.1767465932644,0.3346591384475,0.6047939406323,0.1579239959872,0.3327556950269,0.4650277520331,0.2176731440136,0.3729393172672,0.8075017079205,0.7194861758831,0.5072352923839,-0.0036082041845,-0.0338437751955,0.0162682767863,-0.0596271194906,0.1926368128564,0.0010219149931,0.0707180150536,0.0273571513790,-0.0511614316463,0.1069803890139,0.1401979362504,0.0558830373920,0.0774339762378,0.0578040853217,0.0714645694342,0.1020223591372,-0.0819673908369,-0.0438233887847,-0.0612394413625,-0.0066321877157,-0.0020566625267,0.1073003070593,-0.2106172212352,-0.0057388017870,0.1656323834210,0.2643195563661,-0.1872754911869,0.0058931429080,0.0639210524150,0.2453566050232,-0.0447334312224,0.1125718058179,0.0207037946807,-0.0538868697229,0.1705652464040,0.1157132937014,-0.0108084808846,0.1651434232718,0.1155992497305,0.4698422518404,0.0559360126945,0.1543918379428,0.0537931543069,0.0910427706518
0.0915161091594,-0.2451803232962,0.2950002056795,0.7466045121465,0.3100543743616,0.5823784575711,1.0000000000000,0.0673512238871,0.1207223649671,0.2463973521844,0.2506118635649,0.3478375854683,0.3293076143129,-0.1676963330081,0.3268730037020,0.2944116157705,0.2931020023832,0.0995190180109,0.3451826666352,0.1100922875287,0.2786705068510,0.0019824974523,0.0733345578537,0.2454795423631,0.1096120199954,-0.0382271992485,0.0443662270327,-0.0921864998128,-0.3057666837266,-0.2633487465929,0.2150232215457,0.1397949886879,0.1908546120892,0.2897201332962,0.4195242850352,0.3113476018418,0.1357789498562,-0.0391594119028,0.1840296515700,0.2165251968746,-0.1678941855404,0.0381287962190,0.2676826678334,-0.1193064383674,-0.1282197197015,-0.0055526470235,0.1135000219708,0.3026168845545,-0.2775982753969,0.3692063287319,0.1496118773072,0.1134803515555,0.7198856930831,0.5096915086276,0.6095962348835,0.8818490241446,0.1702835004133,0.0502416569090,-0.0748483842221,0.1671519667143,0.1898921599220,0.2366532752181,0.1137025232340,0.1048958182945,-0.1308517606979,0.0480258762940,0.4655604451042,0.0097181632313,0.4044343605071,0.1483117742809,0.0773197981864,0.1963271581349,0.0279512517398,0.0360888107386,-0.0980746538742,0.2372935417980,0.0251408460904,0.0392222891137,-0.2298425460972,0.0825587766360,0.3135001801428,0.1881690964555,-0.3221917358647,0.0046538284307,0.0043326819421,0.2908388592623,0.1261340117317,0.3605825559455,0.0631087945530,-0.1042067417908,0.2069212380173,0.1242062348163,0.0497277678704,0.1318968919945,0.1601465667656,0.2559502409519,-0.2861455032039,-0.0811915317912,0.0377462810729,0.0521841238122
-0.1492403077659,0.0471236600556,-0.0337647951692,0.1724734802278,-0.2174430889634,0.0183279227495,0.0673512238871,1.0000000000000,0.6532392422859,0.1985368196791,0.1583095935924,0.0201883027469,0.2937228562433,-0.0387152795048,-0.0901579791556,0.6630438052473,0.3382182478371,0.2390272218780,0.6196928992636,0.7200057899334,0.3556551176614,0.1552592722104,-0.0445484977407,0.1097843934103,0.3624307403026,0.3044381089646,0.2614168204667,0.0774951186121,0.1402323020433,0.1108599740702,0.3001236069034,0.1712491696853,0.2926739477092,0.0537895087354,-0.0199516739432,0.4159663556987,0.0540597182375,0.4071450237695,0.0466343892309,0.0834664639189,0.1223597115102,0.0181157267343,0.3041647041504,0.2993352133661,0.5183270213720,0.0898357742206,0.0892729544844,-0.0964142617614,-0.0488294051595,0.0048897686688,-0.1808604832014,0.0540833521114,-0.1046477198462,-0.0536966109745,-0.0588710122913,-0.0304150166841,0.1377584708994,0.5436300983054,0.4944089544695,0.4147569522645,-0.1326784516209,0.0337304276353,-0.0976338134454,0.0736847365251,-0.0758684189948,-0.1756923918568,0.1467542911696,0.2046931583705,0.2503320512064,0.3599488903468,-0.0169421469021,0.0240025393203,0.2201891885143,0.4761306442439,0.0483012695534,-0.0496032049374,0.1188108167101,0.1632572135613,0.1227020401535,0.0775957431454,-0.0329419568776,-0.0558559217326,0.0255908014715,-0.0100792626116,-0.0154663026690,0.0692908098001,-0.0140056819850,-0.0132238880636,-0.0907188358313,0.0212865520860,-0.0468373329341,0.0051059917283,0.1140009419937,0.0961002905723,0.0989009390192,-0.0814839746452,-0.0616040293754,0.1099686974506,-0.0835976065546,-0.2523354191381
-0.2250141452520,-0.0370022895989,-0.0558107804905,0.1684436550415,-0.2230310776303,-0.0727105447811,0.1207223649671,0.6532392422859,1.0000000000000,0.1005131643285,0.2841454873229,0.0864310513917,0.2002601464484,-0.1507993302897,-0.0701705338978,0.6067771783871,0.2798911608840,0.2347688791255,0.6248628501465,0.7679975164496,0.2780844035647,0.0731345505360,0.0483108646383,0.3760339348453,0.4460422899805,0.2734788183949,0.4063252334643,0.0310958721121,0.0006604600152,-0.0136311708076,0.2911801609378,0.1256188107429,0.2215532014729,0.0913397523101,0.0794110422136,0.3627198256705,0.2069329811148,0.4378042517967,0.1408166161593,0.1535255132205,0.0315609455221,0.0558368467401,0.1993313286296,0.3115840302891,0.3836056293004,0.0947914167076,0.0935970883537,0.0253793301187,-0.1450733541434,0.0085511189656,-0.1807901868759,-0.0530149737213,-0.0237552854882,-0.0044410362476,0.0263021714060,0.0598201383478,0.2806000856318,0.5089870898316,0.5482471930036,0.8105978696434,-0.0420959792482,0.2904175488289,-0.0521205414568,0.0951594693175,-0.0882129433537,-0.0883862160276,0.1945919699384,0.3069004993419,0.5218728933462,0.6253319598660,0.0847478663416,0.0999726959233,0.5016174715831,0.6667468457672,0.0845323652341,-0.0589071906954,0.2369590683261,0.1043349794015,-0.0085106479568,0.2064108159528,-0.0144082712625,0.0270281342074,-0.0836943572081,0.0343508450742,0.0801755553343,0.0097617654147,0.1630990778668,0.0865570392422,-0.0570970062690,0.0769616794686,0.0786518048498,0.0816183502358,0.1144073422219,0.1035786453435,0.0791790343649,0.0040145958917,-0.1283944211041,-0.0390097750338,-0.0375681347574,-0.1358113627873
0.0656136450128,0.1018666645820,0.1781819029491,0.3202108457545,0.0472126142657,0.1583817716281,0.2463973521844,0.1985368196791,0.1005131643285,1.0000000000000,0.3336941094968,0.5853058197887,0.2889587180367,0.2697731725460,0.4348453388929,0.1023168570822,0.2550240245474,0.1298742462383,0.0616411029185,0.0854467543803,0.3513815292165,0.6623284251905,0.3634570705618,0.0777568355434,-0.0145749190086,0.0630889509906,0.0413639460349,0.0801123577654,0.0360213148724,0.1874843419856,0.0611497789653,0.2759150116855,0.3991013569630,0.1982802407531,-0.0064282930886,-0.1106969656971,0.0907295173050,-0.0639775032065,-0.1627503529401,0.3657574530030,0.2658681392343,0.1903083953902,0.0383480161185,-0.0403686377453,-0.0437421228561,0.2068530371813,0.3246127630501,0.0093556214462,0.1469972431854,0.4958370885784,0.0653861465145,0.1461397321044,0.0923776816742,0.1316534137923,0.2414484398619,0.1025200497807,0.0236143093365,0.1214984977596,0.0425548021113,0.0409620666202,0.5090374875194,0.2939436502480,0.3256525351720,0.0233642087743,0.1463112194673,-0.0089895820783,0.0462809802908,0.0936156050025,0.0534299942277,0.1381361229044,0.0855312334111,0.4087273155932,0.1085935254038,0.1093248102058,-0.0543198714652,-0.0578389527588,0.0824765933228,0.0320300836583,-0.1545077924349,0.0389432889229,0.3233733836312,0.2518650208475,-0.0902907961346,-0.1179213090032,0.0570905086186,0.3048478550535,0.0480885873049,-0.0394743335917,-0.1347970417607,-0.0342895788283,-0.1275924553694,0.1398975199568,0.0304787008070,0.1711400784841,0.0644436832574,-0.0484953898276,-0.0240407685897,0.0769767780223,0.2133008583954,0.0620051452684
0.1158513408423,-0.0429345608049,0.0580753796106,0.3793912657817,0.2834873032796,0.1780708765468,0.2506118635649,0.1583095935924,0.2841454873229,0.3336941094968,1.0000000000000,0.7245212201145,0.4323824906906,-0.0227769736419,-0.0298545785154,0.1669284394658,0.4635734764291,0.3892826236581,-0.0929928888160,0.0837205514324,0.2346136180837,0.3103907021083,0.5885304943830,0.0994330846936,-0.1119543867220,0.2379304981743,0.2663015183403,-0.3133540652241,0.1416522314299,-0.3102540529878,0.1102740395059,0.4002766876102,0.5354519776423,-0.2692806163817,-0.0164198813073,-0.2002518786547,0.1307377231793,0.0196744639527,0.2046600001669,0.2976911973788,0.1349412891188,0.0827687060563,-0.0137557656741,-0.0795116178736,0.1310050152762,-0.0228429920670,0.0698812154903,0.3259185496614,-0.0758384673328,0.3265942575851,0.2030403775050,-0.2275773860734,-0.0558835065784,0.1629747071094,0.2808732404914,0.1090270918268,0.3605059668876,0.4282950594900,0.4338021900126,0.3629376662180,0.3171096461848,0.6598777756465,0.4919380164780,0.4864601682636,-0.0409544817645,0.0223726934146,-0.0929350314283,0.6410659090401,0.1934257492123,0.3925531746937,0.5015166574663,0.3336494789361,0.5056095363587,0.2683993915780,0.3729216735975,-0.1953115688378,0.2794188590714,-0.0979491694308,-0.2331736943136,0.3723993344660,0.0227512185006,0.6226531340722,-0.3151197743554,0.1295340356756,0.3177612339305,-0.0284803889603,0.2516171043453,0.0636829518945,0.3026202749772,0.0924094456457,0.1288673267708,-0.0202444852696,-0.0810162096544,-0.1209033715078,-0.2587998084790,0.2273957702862,-0.1063960508987,-0.1575004006028,0.0054473316382,0.3204227074503
0.1564652536631,-0.1095845743159,0.0984280819450,0.4506392013315,0.3035653671692,0.2272318998799,0.3478375854683,0.0201883027469,0.0864310513917,0.5853058197887,0.7245212201145,1.0000000000000,0.4806979596816,0.0679515118308,0.3010259621150,0.0546667529674,0.5078235038789,0.2715989503018,-0.1070761891467,-0.0266374265837,0.4387032463216,0.3956987324609,0.7259369397691,0.1454048806557,-0.1296137630379,0.1474120337688,0.1172688415270,-0.2918141744679,-0.0079174579670,-0.1942538228664,0.0806040620755,0.5159733002350,0.5841784468684,-0.0401838108518,0.0690031327988,-0.1771903072134,0.0776116902710,-0.1106667018280,0.0228612364380,0.2778281048054,0.1034604668244,0.1080827711756,0.0098529638470,-0.2113970216370,-0.0666571638089,-0.0011765652494,0.1924924731789,0.2415335606034,-0.0508023197044,0.5961832226431,0.1816650301320,-0.1490476317292,0.0653177725591,0.2299974711155,0.3012144397254,0.1617514297219,0.2504509702326,0.1670477985588,0.1671702910042,0.1590323277303,0.3941991035939,0.5928904372803,0.6035302670481,0.3472847632689,0.0252595004809,-0.0054226710091,-0.0462535820807,0.4205491153502,0.1246571155679,0.2311844458724,0.4470695629254,0.5013386276833,0.3319750836822,0.1600967328727,0.1898368067182,-0.0311543643591,0.1865594040710,-0.1824348009241,-0.2823829516772,0.2709978726796,0.3711250715154,0.5795748630282,-0.3430170346927,-0.0379033732000,0.2179356591572,0.1400030829329,0.1661865502284,0.0405564450122,0.1102467830239,-0.0316441149622,-0.0217093454087,0.0061126001398,-0.1076041307100,-0.0784434445237,-0.1633013904640,0.1242151016579,-0.1688105566525,-0.1331717667615,0.0660158722292,0.3100337580281
-0.0622949056707,-0.0842351997132,-0.0190509858977,0.3076920723578,0.0358836595762,0.1319914481685,0.3293076143129,0.2937228562433,0.2002601464484,0.2889587180367,0.4323824906906,0.4806979596816,1.0000000000000,-0.1005030310055,0.1810383096839,0.2676511274703,0.7431552490528,0.2423721104912,0.2126366683701,0.2157678405241,0.4794169369271,0.1541062209014,0.1799554305741,0.3689981472228,0.1129740812520,0.1062246493478,0.1135150089514,-0.1578400767836,0.0026921076593,-0.0765182837052,0.3268743416561,0.1869919349582,0.5084023404258,0.1904423875327,0.1877272748679,0.1191890331807,0.1615016275904,0.0266701959970,0.0753607461456,0.0566658022982,-0.0070121963007,0.0443263893035,0.2398651820976,-0.1173923875037,0.0975426280594,-0.0773662927517,-0.0336868808810,0.0691684911703,-0.1682644755760,0.3079398952069,-0.0312276251961,-0.0322990346628,0.1656391989831,0.1143035721220,0.1768227873457,0.2445719299888,0.4409447116556,0.1768299937571,0.0735545069782,0.1493515961228,0.1559237602826,0.3477257496110,0.3435176803593,0.7345540070180,-0.1280953845028,-0.0995765988449,0.1865954732132,0.3882886469922,0.2596685622377,0.1079068812340,0.2836333861315,0.2800556327209,0.2015191319431,0.2152945903022,0.0233333464590,0.1826375954058,0.0977747767549,-0.1373503515600,-0.0479403438619,0.3037893338827,0.1502193163593,0.3165638715017,-0.2242937641072,-0.0645475277802,0.1327771575199,-0.0638104213585,0.1659602946967,0.1809633244025,0.0123314718881,-0.0765022442038,0.0522413673091,-0.1383382350933,-0.0200396387275,-0.1001986111467,-0.1030631363630,-0.0116488619735,-0.3308697840061,-0.0763778864708,-0.0306341652569,-0.0442137840860
0.5101038539511,0.5697829402978,0.2676506775078,-0.0668808057215,0.3390311139916,0.1636034380912,-0.1676963330081,-0.0387152795048,-0.1507993302897,0.2697731725460,-0.0227769736419,0.0679515118308,-0.1005030310055,1.0000000000000,0.4000326582253,-0.0717078979142,-0.0052547364648,0.0494977571661,-0.2879335016526,-0.1614899984358,0.0674831868165,0.4301240393237,0.1513834789094,-0.1878811086930,-0.2536701459332,-0.0428253347190,-0.1415466030840,0.2756280729543,0.3945030434743,0.4403415200003,-0.1054543447367,0.1382809663401,0.0877570696735,-0.1542178710985,-0.1967480030206,-0.3334415309807,-0.1651169576934,-0.1446361644795,-0.2569744754175,0.0793418213294,0.2971950770726,-0.0059629361945,-0.3961296211164,-0.1075433177233,-0.0009997160021,-0.0205606030310,0.1072777641076,0.1273799271712,0.6363234463039,0.1419415855910,0.4339863665440,0.3043046153169,-0.1541823867959,0.0345600922348,0.1124664220417,-0.2291553540184,-0.2298153918411,-0.0030354734288,0.1509239723159,-0.2586092096819,0.2922326490644,-0.0434828423713,0.1724803690099,-0.1019616435253,0.5276868429193,-0.0709918981291,-0.2194104678410,0.0876709804701,-0.2065261221569,-0.0241864042116,0.1520783961511,0.1368492589744,-0.0850294391318,-0.0134889942145,-0.0057989405775,-0.1784413464715,-0.1598759384351,0.2365087751192,0.2116620854827,0.1416075237002,0.0235767104858,0.1234694691682,0.3209747518897,-0.2028569650024,-0.0213845634006,0.1402001637640,-0.1444732731720,-0.2754044622945,-0.3034572406234,-0.0264502204995,-0.2417279175640,-0.0391254324310,-0.1087509353158,-0.0379512048343,-0.1280566089178,-0.0173697398089,0.5794421908719,0.1619807492615,0.1359194276953,-0.0056081478167
0.2717543681034,0.2025021255863,0.1102449210133,0.2719824059938,0.2535660100497,0.2959645860244,0.3268730037020,-0.0901579791556,-0.0701705338978,0.4348453388929,-0.0298545785154,0.3010259621150,0.1810383096839,0.4000326582253,1.0000000000000,0.0183302833390,0.1624548579254,-0.0658899874799,0.0027000590882,0.0293776699741,0.3361515538242,0.2684558395909,0.0813345004073,0.2433979971633,0.1544682489135,0.0013552034724,0.0512420726074,0.2663486880784,-0.0891825971855,0.3138958680406,0.0506493753832,0.0319843271603,0.1770514691983,0.4107863852205,0.3615643080555,-0.0000646915785,0.0653674681931,0.0296831286027,0.0155374148305,0.2312315137255,0.1303076672164,0.1664160460036,0.1019183052619,0.0666802448856,-0.1436953682293,0.2632295870910,0.1692935620629,0.2534541156471,0.3191104829813,0.5480544258141,0.1858204803270,0.2274611951174,0.3257725463063,0.3247704133972,0.4134196525074,0.2695973788859,-0.1718119716729,-0.1643597492529,-0.2371284089746,-0.1641390379955,0.2713093250400,0.2066098642884,0.0847953011291,-0.1434793639515,0.1863410047041,0.2314451762694,0.0694956948882,-0.0477067221809,0.0570026404118,-0.0243013436285,-0.0754152421131,0.3090300511462,-0.1223971434196,-0.0048411191220,-0.3470707565013,0.0524263907703,-0.1433051537366,0.0813608827126,-0.0361189506156,0.0475793918168,0.2882140972062,-0.0237112262234,-0.0147682405654,-0.2212392200816,-0.1133149272128,0.0079751100941,-0.0496640414969,0.1264646452321,-0.2946335136357,-0.0859531633908,0.1432009983635,0.2554425025218,0.0816940488268,0.1261653315031,0.0712125725845,0.2208272632817,0.0254024629815,0.1661741731680,0.2215508724102,-0.0320634016529
-0.1848571157831,-0.1276828419949,-0.0532580738269,0.2802414125369,-0.1762464672598,0.1259950207870,0.2944116157705,0.6630438052473,0.6067771783871,0.1023168570822,0.1669284394658,0.0546667529674,0.2676511274703,-0.0717078979142,0.0183302833390,1.0000000000000,0.4151779088316,0.2480455931087,0.6371309427718,0.6506785159162,0.4563005418409,0.0059498778220,-0.0982359334496,0.2471495617918,0.2916799871936,0.2709265547131,0.3047090212862,0.1278887614947,-0.0081515168275,0.0415461234460,0.5144817780063,0.2295456500473,0.3469648518279,0.1500108425228,0.2945617795511,0.5012980695105,0.0846423383785,0.4266216002305,0.1945271654808,0.1031228112243,-0.0292447538650,-0.0453353906549,0.4533150971395,0.2289764894013,0.5077382088482,0.0104026677443,-0.0352715608843,0.0501595013619,-0.0820573367192,0.0499941906433,-0.1717844957141,-0.0593877738197,0.1460150727116,0.0392339900868,0.0865528626413,0.2244975221257,0.1475559093692,0.4011516400110,0.4566469692268,0.4312741462297,-0.0864162688815,0.0948136597889,-0.1606558723000,0.0471208687204,-0.1134307387019,0.0225922042102,0.4741633167245,0.2548007363878,0.4693422195319,0.4436572942902,0.0221636120466,-0.0629180990391,0.3004175224593,0.3428715257193,0.1535294020015,0.0694881407986,0.1331053794718,0.1542582522778,0.0450965539471,0.4020790275947,0.0717617587709,-0.0128262336312,-0.0414024079066,0.3166718578354,0.1334935993134,-0.0034631733189,0.0347967485079,0.2228280190871,0.0866159267235,0.0368105494367,0.1386585174131,-0.1119139143924,0.0576936610945,0.0700792765520,0.0698476182976,0.0159766539492,-0.1460631431163,0.0351045564854,-0.1854115194740,-0.2228894359494
-0.0280379032982,-0.1609546698444,-0.0611729393221,0.3284541362873,0.0892129701177,0.1885332065144,0.2931020023832,0.3382182478371,0.2798911608840,0.2550240245474,0.4635734764291,0.5078235038789,0.7431552490528,-0.0052547364648,0.1624548579254,0.4151779088316,1.0000000000000,0.1859583617093,0.2990141822711,0.3749289322424,0.7704232267527,0.1724715422380,0.2941948547030,0.3959937069515,0.1995879103493,0.3508464125615,0.3502128531375,-0.0788944649995,0.0507634412009,-0.2049757661051,0.4550634509562,0.4910396706586,0.7599329071425,0.1225028950038,0.1571703413058,0.2531800192017,0.1632890603533,0.2295644390365,0.0508227146490,0.0804547471981,-0.1164729232304,-0.1028532645878,0.2212010726333,-0.0662209706909,0.2978668998911,0.0204943946456,0.0327851360429,0.1003270021290,-0.1457233729606,0.3464279803223,-0.0018256065136,-0.1576026077308,0.0661028879655,0.1589406459447,0.1457134055257,0.1637416222139,0.3285640190526,0.2459841095682,0.2478959744287,0.1878132606743,0.1412709517946,0.3557723624347,0.3198082389101,0.5043925614836,-0.1688437781080,-0.1286169755570,0.1346078932722,0.5347994173399,0.3100078810678,0.2180217278940,0.5688984799061,0.3540212235178,0.4061101497680,0.3419597353540,0.2893478524538,0.0921703733501,0.1072026448588,-0.0549098909098,-0.1011050062200,0.4563002817931,0.2488338006981,0.4246270129451,-0.2955710256150,-0.0039937577222,0.1483589576113,-0.0438829332799,0.1826147736467,0.1125919465743,0.0615447323507,-0.1303110758100,-0.0192520108772,-0.1899541259186,-0.1935752585518,-0.0895493395041,-0.0406646100103,-0.0076535468803,-0.2852134660427,-0.1039666534691,-0.0793167016876,0.1084847829252
-0.1258981868796,0.0090455794329,-0.0367330628127,0.1081869971227,-0.0033358654209,0.0157340257014,0.0995190180109,0.2390272218780,0.2347688791255,0.1298742462383,0.3892826236581,0.2715989503018,0.2423721104912,0.0494977571661,-0.0658899874799,0.2480455931087,0.1859583617093,1.0000000000000,-0.0045692929639,0.0365468761663,0.1017359209209,0.1332655035142,0.2525736907323,0.3554973375380,-0.3371977705621,-0.1139377891789,-0.0326002649114,-0.1964091076805,0.2275027719671,0.0049276453966,0.4803641669668,0.1317668239890,0.1304585367097,-0.3007851996793,0.2023567428676,-0.1861141919197,0.2460130555579,-0.1791110668826,0.2298657271934,0.0859575221029,0.1828347077742,0.0045694298833,-0.0050440831083,-0.2577330462773,-0.1430212540398,-0.3106502664241,-0.2533764134474,0.1741072425276,0.0101849044433,0.2006496712006,0.0636768581835,-0.1705749457664,-0.0154616449942,-0.0708064884093,0.0981593175932,0.1296768210126,0.3480127438012,0.2098136146704,0.2356007953782,0.2522873830539,-0.1045442900692,0.2962980949370,0.0448795793494,0.0716531493289,-0.0305761811976,-0.1003259660894,0.2590914712429,0.2525268054562,0.4007423403208,0.3819117061482,0.2168320907033,0.1110905170262,0.2719571999960,0.1865231718668,0.1889045263471,0.2103708902694,0.5144445496215,-0.0096985599233,0.0941851776445,0.4697129202464,-0.0301623362477,0.2550749452893,-0.1540118151536,-0.0911074484113,0.4336151969567,0.0112882128767,0.3457664320203,0.2767140962376,0.1221958473086,0.4381147866996,0.1317089470522,-0.2300482876067,0.1358782706773,-0.0102257559016,-0.3147443116010,0.0616360200152,0.0590630541358,-0.0265262462233,-0.0312798051255,-0.0843803189313
-0.2448639553730,-0.3346768861439,-0.0280390775870,0.3282327436027,-0.2532268395795,0.0568847684364,0.3451826666352,0.6196928992636,0.6248628501465,0.0616411029185,-0.0929928888160,-0.1070761891467,0.2126366683701,-0.2879335016526,0.0027000590882,0.6371309427718,0.2990141822711,-0.0045692929639,1.0000000000000,0.6809106824025,0.4137121077211,-0.0985631709800,-0.2444003354957,0.3550947374256,0.5374747800309,0.0913873667400,0.1871598454531,0.0906493606092,-0.2444847071569,-0.0828321913946,0.3983672886379,0.0180873686920,0.1170716099647,0.4883639816201,0.2263205385980,0.7740287085760,0.0908262763376,0.2570127295238,-0.0468113676537,0.0231219621917,-0.2097761010039,-0.0613753202378,0.4858388749051,0.1250372041804,0.2151833792297,0.1510204986821,0.0872684906945,-0.1857530958676,-0.3423686147739,-0.0550364008942,-0.3645416998812,0.0146936666310,0.3267966798739,0.0478773597721,-0.0116988819991,0.3412408698046,0.1712061724898,0.1944741742063,0.0772114575997,0.4599208289141,-0.1317540469539,-0.0184236021911,-0.2149591679615,-0.0648677915450,-0.3352905600177,-0.1171209946212,0.5588427631283,-0.1604164959304,0.5748533189723,0.3495699682666,-0.0715409548896,0.0377529900863,0.0853270008275,0.3826781588028,-0.0528470646195,0.2625395292106,0.0800893680046,0.1233075355878,-0.0087783593329,0.0116227379167,0.1811822810457,-0.1822045853106,-0.1437886657407,0.0982049155520,-0.1463164418249,0.1587410959975,-0.0046828411829,0.1660002690776,-0.0808027460136,-0.1333377948359,-0.0451313354919,0.0164037804662,0.0464358947898,0.2887856956423,0.3215247777449,-0.1368931300243,-0.3145029343987,0.0801328288480,-0.1274840682495,-0.3057210565798
-0.1954672389970,-0.1020567762423,-0.0630650300239,0.0843870792521,-0.2396102990442,0.0075452830414,0.1100922875287,0.7200057899334,0.7679975164496,0.0854467543803,0.0837205514324,-0.0266374265837,0.2157678405241,-0.1614899984358,0.0293776699741,0.6506785159162,0.3749289322424,0.0365468761663,0.6809106824025,1.0000000000000,0.4043763167779,0.0653214840551,-0.0587032595477,0.4281949956273,0.6744428899291,0.4378459694068,0.5791596694656,0.1635984818204,-0.0237456034498,0.0483455797600,0.4140623489194,0.1972979982631,0.3472006724879,0.2299273521046,0.1994656067640,0.5548923227158,0.2128213237295,0.6830084345067,0.1263329961605,0.1429662249301,-0.0198846196884,-0.0335772900320,0.3078128949153,0.4366983735987,0.5733211432492,0.2294231388417,0.1499342594987,0.0546306529659,-0.0677018993418,0.0048076727423,-0.2089734256096,-0.0776415404062,-0.0506962822570,0.0918097676604,0.0738939738734,0.0222745432946,0.1078591022110,0.4269671565183,0.4505832112794,0.5295608617573,-0.0865164256908,0.1754485191184,-0.1794512794232,-0.0190319812931,-0.2103630540928,-0.0739246417711,0.1788623947798,0.2281707804872,0.4296642097951,0.5706976279044,-0.0007041959482,0.0887683647244,0.4324374704951,0.6518331601100,0.0616816635058,-0.0624085187881,0.1767671995572,0.1032207122751,-0.0255763248674,0.2100091751614,0.0819151617573,-0.0898339622312,-0.1319029649919,0.0856743141420,0.0458877072363,-0.0363896500836,0.1198095500630,0.1354584523538,-0.1052696268675,0.0527303553590,0.0811326726830,0.0589007377683,0.0706745510669,0.1356774809189,0.1652422648143,0.0675969951626,-0.1993340806241,0.0612146607280,-0.0805311596130,-0.2125505251231
-0.0916294203627,-0.1888642424024,-0.0595067473648,0.3070344563406,-0.0694818035886,0.1506566601690,0.2786705068510,0.3556551176614,0.2780844035647,0.3513815292165,0.2346136180837,0.4387032463216,0.4794169369271,0.0674831868165,0.3361515538242,0.4563005418409,0.7704232267527,0.1017359209209,0.4137121077211,0.4043763167779,1.0000000000000,0.2414445347320,0.2464040343724,0.4714975172045,0.3075524294901,0.3752462723246,0.3575052602182,-0.0046937041950,-0.0338206445178,0.0311848368737,0.5153889514699,0.5472676345652,0.6532617662707,0.3205514190024,0.2591135728389,0.3981933815027,0.2154354119416,0.2500122748071,-0.0511775314667,0.0270926058150,-0.1288152027271,-0.0689798216626,0.3640970478005,0.0152098916591,0.2772427942115,0.1646797679612,0.1498061165725,-0.0419628657227,-0.1014085382247,0.4299405021255,-0.1744865656193,-0.0480639684847,0.1166170717778,0.1524839592505,0.0765780000899,0.1817283738934,0.2019552453003,0.1403962993710,0.0917237035260,0.1402507953952,0.0893017465094,0.2640021310498,0.0895114285022,0.1024123777608,-0.2052042352848,-0.1462074349012,0.3000000612367,0.2032963921484,0.3645216325144,0.1915556337195,0.4266771074988,0.4420948377057,0.2663886818073,0.3325435333286,0.1984040707923,0.2691740593617,0.1327592938127,-0.0544745794946,-0.0467098373182,0.3383598789870,0.4676615071287,0.2032780570301,-0.2220091249041,-0.0280738479719,0.1585115869962,0.0910721407862,0.1531043002639,0.1838408855823,-0.0138670046804,-0.0821700900687,-0.1090639276185,-0.1914277051955,-0.1012919868367,0.1302835864170,0.1926766527324,-0.0589180813845,-0.2523595527557,0.0246284417786,0.0012975906045,-0.0209436440779
0.2139110313124,0.2049640795997,0.2062014838743,0.0600303356112,0.1768630403260,0.2613528735663,0.0019824974523,0.1552592722104,0.0731345505360,0.6623284251905,0.3103907021083,0.3956987324609,0.1541062209014,0.4301240393237,0.2684558395909,0.0059498778220,0.1724715422380,0.1332655035142,-0.0985631709800,0.0653214840551,0.2414445347320,1.0000000000000,0.4267933405726,0.0620120389948,-0.0566903021400,0.0842792337380,0.1223518308913,0.1283677263569,0.2870599334850,0.2341293515112,0.0110565227854,0.2443080584526,0.3439611891290,-0.0859920411151,-0.1513629054402,-0.1874660333620,0.0722807591783,-0.0168559343853,-0.1465757239588,0.2677995811865,0.3796831381997,0.1081921060343,-0.1792945295707,-0.0500032498441,0.0344344880825,0.3392070743795,0.3265633621252,0.1798186879038,0.4180159849646,0.2966887606191,0.2375483811880,0.0743347941242,-0.1220706550777,0.1562249432103,0.2861987167930,-0.1176192302278,0.0549415937118,0.1658473771200,0.2248940993800,-0.0131893532341,0.4911372219899,0.2814316760995,0.2317966844166,0.0495506360539,0.0897886806480,-0.1585636869789,-0.1191024959118,0.2096421486786,0.0036613017502,0.1514525150375,0.2506607435160,0.4535764666406,0.1688468863526,0.1605789941481,0.0813735686838,-0.1641142523949,0.0844217406584,0.0593022338753,-0.0584549375418,0.1437299339686,0.1376005774868,0.2817634791926,-0.0185060093143,-0.1958105682283,0.1502195137255,0.1732725034751,0.0792955741817,-0.1343044489038,-0.1402579919924,0.0846905213875,-0.1383772987054,-0.0094552797009,-0.0925048970574,0.2644067101448,0.0016118671720,0.1005271135177,0.2116353968144,0.3149741678063,0.2635802671026,0.0918149750610
0.2473666745664,-0.0401541156658,0.1854308507769,0.2600478686983,0.3203041321351,0.1947404672043,0.0733345578537,-0.0445484977407,0.0483108646383,0.3634570705618,0.5885304943830,0.7259369397691,0.1799554305741,0.1513834789094,0.0813345004073,-0.0982359334496,0.2941948547030,0.2525736907323,-0.2444003354957,-0.0587032595477,0.2464040343724,0.4267933405726,1.0000000000000,0.0525448565009,-0.1400732664476,0.3664577060783,0.2639567297062,-0.3987494662773,0.1646904088178,-0.1459671276546,-0.0689732720668,0.6197527572303,0.4180789998867,-0.2486662878519,-0.0740472900659,-0.2198470634792,0.1801670805861,-0.0288202496491,0.0469777384588,0.3495422809004,0.3125291355836,0.2065286820657,-0.1487069200909,-0.0705351429292,-0.0196310695539,0.0951112711441,0.2191462426060,0.2886800581106,0.0085992572166,0.4504128950617,0.2435513818238,-0.2581474313235,-0.2633275372396,0.1641477083125,0.1720466625403,-0.1063130900550,0.2276626352267,0.2331935246331,0.2645611207047,0.1427241583909,0.2190876403003,0.3873668829577,0.4015376796497,0.1941343755371,-0.0229793019844,-0.0889283519127,-0.2405789758613,0.4130229007855,0.0417330638108,0.3306674260431,0.4528919106239,0.4524475917929,0.3666991310769,0.2742742138799,0.3381720033254,-0.0643687228622,0.3247946409105,-0.1977252099442,-0.2729875949337,0.1655043803019,0.1089448766579,0.5097699874904,-0.2288284992805,-0.0611579337764,0.3781522239515,0.1709430776744,0.2969657865578,-0.0138124931487,0.1895771301080,0.2190698355223,-0.0511173119773,-0.1319493460527,-0.0332487841428,-0.0547076928330,-0.3303891863190,0.1833988203547,-0.0021934750844,-0.1191606455872,0.2177288345223,0.4032820780117
-0.2253629190047,-0.1871805951204,-0.1251603697322,0.0969336845968,-0.1472417662670,-0.0337872655410,0.2454795423631,0.1097843934103,0.3760339348453,0.0777568355434,0.0994330846936,0.1454048806557,0.3689981472228,-0.1878811086930,0.2433979971633,0.2471495617918,0.3959937069515,0.3554973375380,0.3550947374256,0.4281949956273,0.4714975172045,0.0620120389948,0.0525448565009,1.0000000000000,0.3240613145873,0.0684790124993,0.4145766483143,0.0157084554003,-0.1085469020561,0.0606243132015,0.6050244484086,-0.0098797190273,0.1499586462925,0.3244734740097,0.5389339287385,0.3325772553894,0.5767197959948,0.1987305432305,0.1975213531436,0.0104817353756,-0.0809026173170,-0.0519786969750,0.2299020521446,-0.0357737535423,-0.0491470504364,0.0972454292282,-0.1369714523343,0.0929965618495,-0.1016634890503,0.1498859981781,-0.1638861979498,-0.1005503343765,0.2082180281419,0.1062154406637,0.1910357422506,0.2832020064991,0.3884319166306,0.0292425701495,-0.0581100434211,0.2645461212562,0.0254035852309,0.4009659797095,-0.0786397364776,0.0568250975954,-0.2512959172154,-0.0883787488424,0.4277988523995,0.1154824235945,0.6342442284280,0.3710689079464,0.1619689245764,0.3559452647612,0.3877372134111,0.3952502632992,-0.0314303068738,0.3666573718778,0.3706925678082,-0.1086866636765,-0.0145707014336,0.4355215729587,0.1913509547844,-0.0480338868236,-0.2596311692953,-0.1370928782923,0.2722789864406,-0.1247970064503,0.5263597251823,0.5308071725245,-0.0853902776384,0.2676724924301,0.2009382388181,-0.0817557481249,0.0750854505817,0.1794933654337,0.0250929666439,0.1058718606338,-0.2802723688146,0.0462788325039,0.0849524756638,-0.1756133625676
