1.0000000000000,0.5891838125178,0.6846630092954,0.5884591791662,0.7448544307156,0.7037745277208,0.6322186486340,-0.0147989675797,-0.1729166747022,0.1145714747058,0.1033580627842,0.0109719731792,0.0113465943032,0.5770512372746,0.2890647519256,0.2617018428677,0.0930755984729,0.1349735019624,-0.0292222854600,-0.0189787330191,-0.0079749546193,0.0752852311878,-0.0308963545549,0.0157939600965,-0.1472674518325,-0.0053630664218,-0.1234406307118,-0.0574826112809,0.1596649808510,-0.0622117387628,0.1186632700337,0.0643211149553,0.0539639855535,-0.0928319107351,0.3337595866309,0.2863503090171,0.0245538518702,-0.0619703970123,-0.0174646807122,-0.1791179779398,-0.0320237403444,0.0082822207335,-0.1382670479545,-0.1433729297756,-0.0144033024821,-0.2582254873733,-0.1672824147543,0.3254072704279,0.2808096714832,0.0838807828418,0.8452378866307,0.6657509440677,0.6255371951161,0.7140070252423,0.6511826292819,0.6025663040230,-0.0049408426148,-0.0543473038551,0.0912608122476,-0.0295257265407,0.0996234520966,0.0170420627672,0.0404873882754,-0.1472040838492,0.6253949292511,0.2441279835893,0.3521544694219,0.0492681976523,0.2071013207225,0.0886371992163,-0.0694884577843,-0.0243026135226,0.0589009877835,-0.0902572360616,0.1168907382089,-0.0560225895058,-0.1492096728813,-0.1736942855333,0.1099823025642,0.2615743197170,0.0236772271379,0.0987543238679,-0.0558094371543,0.1225879322049,0.0979320949497,0.0394971115741,0.0824779217152,0.5135540019164,0.1544551401581,0.0888339222822,0.1373103284369,-0.1470506102552,-0.0629212950716,-0.1229384705556,-0.2289178357422,0.4280455240592,0.3046038586648,-0.0594226244245,0.0976565090819,0.1613498118632
0.5891838125178,1.0000000000000,0.5527571161916,0.4235289846141,0.2699432994207,0.4134708685760,0.5089165058433,-0.1441597715187,-0.3200686473041,0.0626581959571,-0.2807886512853,-0.2476579409003,-0.0579823414037,0.3327735932439,0.1253316134545,0.0415084201696,-0.2024683201947,-0.2723766796780,-0.2058654664324,-0.2182829422281,-0.2316959380120,-0.1373349809601,-0.3690956132710,-0.3249798138911,-0.2332768872054,-0.1354374702759,-0.2735436946839,0.2552599488455,0.2271714281634,0.2780043556999,-0.1123965168365,-0.0419816028405,-0.1301933981077,0.0400995262170,0.2218605782408,0.0001825650351,-0.2188955124525,-0.1911113761367,-0.2847322613257,-0.1119251260388,0.0877754784712,0.0116341671359,-0.2796148959153,-0.0221253899469,-0.0658700229144,-0.1347672232679,0.0178113345865,-0.1163693055280,-0.0619156644029,-0.0910946199309,0.4255165550033,0.6618921759685,0.3590982601070,0.4996293621561,0.3394541527117,0.4634948810087,-0.0974894478143,-0.1570352682578,-0.2191181010364,-0.2129705638959,0.0526057292363,-0.3256542611108,-0.1417383408909,-0.1186010908484,0.4442184730582,-0.1472900875330,0.0880527956981,-0.1449981260959,-0.0341828759959,-0.1048323005889,-0.1936322244958,-0.2416020973700,-0.2818023099016,-0.2245910580239,-0.0705433834087,0.0790628917259,-0.1567799035986,0.1589821778485,0.1477680363642,-0.0368870841373,0.1198204223820,0.0380208049307,0.1111753602847,-0.1122616515969,0.1054785979118,0.1742493875952,-0.1953819371429,0.3352970177390,-0.2133170574106,0.0607937031563,-0.1888886230429,0.0386910246015,0.0764387708479,0.0652987339268,0.0383071758947,0.0160843098236,0.0218659951178,-0.0327128807701,0.0682167421478,-0.0674339468018
0.6846630092954,0.5527571161916,1.0000000000000,0.6369655584925,0.6402687465286,0.7819286723392,0.7116084080612,-0.0421908564116,-0.1108634986639,0.0001864003367,0.1073814846410,0.0054701607850,0.1949167549291,0.2846371264577,0.2342823870716,0.2095860861497,-0.0007647022260,0.1152205438314,-0.1139760241969,-0.1011202287074,-0.1206496976381,-0.0733421074723,-0.0802901494042,-0.0372070465055,-0.1664640153609,-0.1147148074870,-0.1232491656784,-0.0864008246214,-0.0666624164983,0.0022896199495,0.1480681335790,0.0819907817575,0.0664175278126,-0.0802151616940,0.2258397387126,0.2085422502548,0.0078963350457,0.0507668030255,0.1245816905420,-0.0358775337566,-0.0100205717799,0.0708152706888,-0.0214741322202,-0.0329484535559,0.0751509708731,-0.1207396596911,-0.0364543216638,0.3711373506959,0.1125156113638,0.0073939382200,0.6985784399779,0.8181482274638,0.5794505990199,0.8574146907728,0.6573876463511,0.7039787993377,0.0841167880308,-0.1382636578702,0.1441904651172,-0.0283377870904,-0.0759416640242,0.0483485268481,0.0337393243088,0.0163648038568,0.4011660749249,0.1582429045279,0.2418820605348,-0.0414454576420,0.0303773497583,0.0105732382362,-0.2501554449055,-0.0819695163162,0.0113860314296,-0.1941891342994,0.1072274248290,-0.0578801848019,-0.0215239173871,-0.1015960368616,-0.0399607149838,0.2636154991074,0.1032771780001,0.0722030068394,0.0282244065285,0.2239677627923,0.2042835089050,0.0576272188240,0.1071669985805,0.4539575980543,0.1757439044055,0.1806165109452,0.2595612860922,0.0745931437690,0.1177141093381,-0.0519739284182,-0.1175153022088,0.4047257615509,0.1343237025600,-0.1053094924410,0.0757641499700,0.0594201227160
0.5884591791662,0.4235289846141,0.6369655584925,1.0000000000000,0.7749553328965,0.8337493836870,0.9234151386646,-0.1202605600611,-0.0913948867475,-0.1518528122517,0.1073360542389,-0.0814982004665,0.1642002022513,0.3905271479414,0.4793697774434,0.5109163913911,0.1402912742622,0.2280719096803,-0.0158207093568,0.0331627017108,0.0735998971082,-0.1303171357607,0.0517282499265,0.1653676208043,-0.1872074174870,0.0297826833167,-0.0687639375692,-0.2017398649837,-0.1006991807536,-0.1992990888583,0.1529135295578,0.0228994544038,0.0220245557603,-0.2566587166051,0.4495619109411,0.4122967422458,-0.0106890637413,0.0477378814079,0.0993971096143,-0.1425952301967,-0.2357589607909,-0.0827222192104,-0.0164342557154,-0.1247998726858,0.0125663531077,-0.1990997182613,-0.1936112725777,0.4525505676889,0.1378347538926,0.0135229013649,0.7411290296836,0.5241870007135,0.8768242011327,0.8202411978535,0.8574822251938,0.8906350527427,0.0852326463399,-0.2898600733657,0.2202590702422,-0.0527036098539,-0.1925018465292,-0.0951844110460,-0.0564879338067,-0.1329891064463,0.3658023151395,0.3223653952004,0.4835927353415,0.0115474822817,0.3141849752126,0.1273472439838,-0.1050041935779,-0.0301805072491,0.1904044049713,-0.0899609056073,0.0328272363078,0.0142750346896,0.0055326267839,-0.2859069693980,-0.1227538525935,0.3246869077833,0.0435420048862,0.0916985377172,-0.2283639397862,0.0808322777741,0.2310735356518,-0.1122359067817,0.1112460175683,0.7144423903445,0.1177898128997,0.1168487551567,0.2221295651415,-0.0746739218462,-0.0445402699708,-0.1470452386671,-0.2674903634406,0.5941937562175,0.1145848256442,-0.1763305177100,-0.1431061152719,0.0244279163046
0.7448544307156,0.2699432994207,0.6402687465286,0.7749553328965,1.0000000000000,0.9084881349495,0.8084907271187,-0.0828545452593,-0.0942015632156,-0.0294955646429,0.2460384915838,-0.0104347240027,0.0423593003136,0.4456723676171,0.3811153848829,0.3884180943449,0.1740884846848,0.2207034312444,0.0211898598294,-0.0021257398793,0.0066896236072,-0.0068496196282,0.0651161465818,0.1386466169583,-0.1729683475343,-0.0472196739393,-0.1477392522367,-0.3032234293460,0.0134064381785,-0.3475493045240,0.1594722917157,-0.0011049664012,0.0651985431050,-0.3912868249130,0.3574664746885,0.4187990473491,0.0897431761728,0.0247080240306,0.1743105667814,-0.2932365244838,-0.2711062286910,-0.0182953155088,-0.0023148386362,-0.2194494985559,0.0177372421737,-0.3781137322669,-0.3374958801601,0.5963820829992,0.4350389336743,0.0790071105383,0.9089246984325,0.5397470254464,0.8559087111346,0.8332647228058,0.9308682712713,0.7611798244173,0.0191354419979,-0.1676350666167,0.2218097216422,-0.0345579052590,-0.0651512167262,0.0946800127619,-0.0551222478302,-0.1716862623142,0.5090381900946,0.4284154060014,0.4682894430594,0.0397031486058,0.2811573306045,0.0964587487597,-0.1123495997822,-0.0376995496376,0.1718556624551,-0.1195720983132,0.1291274677930,-0.1702561730582,-0.1890808557360,-0.4268749055140,0.0244829506129,0.2963950006497,-0.0881379570795,0.0516831273374,-0.1940634171509,0.2488385724279,0.1430312153083,-0.2395809539067,0.2069937497577,0.6133095478290,0.3056517631820,0.0357304120536,0.3226790319381,-0.3026206743742,-0.1947075331297,-0.2105570425348,-0.4553641023132,0.6945426523087,0.3992967251386,-0.1180512980026,-0.0797116496486,0.1917229836534
0.7037745277208,0.4134708685760,0.7819286723392,0.8337493836870,0.9084881349495,1.0000000000000,0.8992341475411,-0.1408782064034,-0.1122124789641,-0.0543778710883,0.1456402325106,-0.0538429823736,0.0857112942287,0.3954513130249,0.3617774605961,0.4097947413033,0.0963944326137,0.1482041661492,-0.0029252750903,-0.0492475843698,-0.0337191186158,-0.0848579022727,0.0139898469413,0.0892343539821,-0.1925154012413,-0.0729964582647,-0.1679714131102,-0.2767289935207,-0.0527337144263,-0.2561560044738,0.1600022302844,0.0350640962970,0.0740581612710,-0.3267049038531,0.3584479853992,0.3893206286998,0.0065398996706,0.0158125296906,0.1146110984453,-0.2639452134283,-0.2607569157479,-0.0557815476053,-0.0293709096578,-0.1865593133356,0.0038981385111,-0.3297068310375,-0.2496869570859,0.5285289523856,0.2572866809928,-0.0037521676814,0.8458695424005,0.6104513098856,0.8458512960103,0.9370862945835,0.9357700530713,0.8397520140558,0.0379012964573,-0.2568202871701,0.2045084402823,-0.0402639694583,-0.1286774688540,-0.0056648004515,-0.0536423825065,-0.1402515585020,0.4772101054474,0.3215755744552,0.4710036557160,-0.0135830557869,0.2477006281404,0.0776343243681,-0.1627869189814,-0.0725412972876,0.1089803743595,-0.1655474862197,0.1062528827138,-0.0782036654668,-0.1429245737519,-0.3760474563210,-0.0593385818583,0.3062182980520,0.0219204150926,0.1122706464908,-0.1851934570299,0.1831277623607,0.1772153087388,-0.1621687534290,0.1022623162081,0.6466417071903,0.1899433652598,0.0826547497306,0.2567991764194,-0.2025517710250,-0.1301359995167,-0.2078341971572,-0.3323368454973,0.6213103852539,0.2351476261169,-0.1906238984238,-0.0965919381473,0.0841386581248
0.6322186486340,0.5089165058433,0.7116084080612,0.9234151386646,0.8084907271187,0.8992341475411,1.0000000000000,-0.1984635053012,-0.1657634858643,-0.1989174289364,-0.0250216269997,-0.2119782450215,0.0446864153305,0.3088897313485,0.3671021835605,0.4388811495935,0.0366671708978,0.0704125604928,-0.0194077984736,-0.0360867245920,-0.0663965016879,-0.1895530989378,-0.0851793815852,0.0477332776711,-0.1906195639999,-0.0438452273872,-0.1897675552641,-0.2529296254762,-0.1077422336311,-0.2177597182803,0.0567040222805,-0.0848286032346,-0.0611758634215,-0.3004545480676,0.4947724548819,0.4589088348567,-0.0018958027297,-0.0135786662684,0.0910958639017,-0.2521738019259,-0.2900465751238,-0.1484413137056,-0.0436761109901,-0.1518412397113,-0.0486814128189,-0.3314823303764,-0.2585729077556,0.3952062174898,0.0946763795129,-0.0825261858310,0.7805787176710,0.5901869139455,0.8771537705902,0.8902124492343,0.8917025445935,0.9444666727416,0.0317095227315,-0.2871370555412,0.1193236503888,-0.1106660321990,-0.1924368859325,-0.1953853915943,-0.1374395401024,-0.1950578386729,0.3897990260904,0.2493334112593,0.4595640365579,-0.0420010829218,0.2957579598587,0.0915155568342,-0.1642197254125,-0.1571837272348,0.0810792237971,-0.1378887597521,-0.0305649678119,-0.0210027268875,-0.1651299522649,-0.3439381707682,-0.1324003181855,0.1968417812055,-0.0213938100528,0.0276884371303,-0.2129175999761,0.0754732760212,0.1304942474695,-0.1623929725106,0.0861870609349,0.7619909481650,0.0913433537009,0.0335940133470,0.1942426658355,-0.1717641860548,-0.1200511773967,-0.2109931871019,-0.3006912277882,0.5630578337245,0.0928739101825,-0.2404552450927,-0.1837662529856,-0.0317124665895
-0.0147989675797,-0.1441597715187,-0.0421908564116,-0.1202605600611,-0.0828545452593,-0.1408782064034,-0.1984635053012,1.0000000000000,0.4162616831573,0.5165856990045,0.4318398553192,0.5836824635384,0.3511992801375,0.1676652196345,0.0332342350963,0.2590383217895,0.5086003181024,0.4953607201573,0.4548419961161,0.5560392103358,0.3358909311936,0.3854662924615,0.3418646648666,0.4140064978944,0.4123622631204,0.2662822047638,0.4565422783609,0.2609757504838,0.1940263361290,0.1884120379998,0.2597399638840,0.2716488621875,0.2669220637673,0.3346684111658,0.0769520653493,0.0771682576765,0.2118237641286,0.1686423440295,-0.0152320988808,0.2538436637079,0.4226403485414,0.3669828826170,-0.0079749384272,0.1611404094208,0.1912134776530,0.3586467045743,0.2363319218793,0.0161435657220,0.1328941367791,0.3470884656924,-0.1386430324375,-0.0094454708134,-0.1513889104800,-0.1911288184770,-0.1727410234004,-0.2849712151981,0.4172981280029,0.7067441851020,0.5760553762685,0.5437697720260,0.3770311407165,0.5255514084584,0.3809951252369,0.2631003995532,0.0471691830845,0.1295895365549,0.0620056357608,0.5715143481234,0.3561306811115,0.5843869960748,0.2998224581253,0.3518994749775,0.4486816099289,0.5381933660963,0.0839070781755,-0.0632647690701,0.3101413478126,0.1856729629912,0.1589211600583,0.2431420244016,-0.0112042087206,0.1844332253058,0.0495068724308,-0.0481223881118,-0.0013138476787,0.1323115971472,0.1729486884260,-0.1659360389251,0.0666599048421,0.0922754888216,-0.0450513001065,0.0742713066778,0.0961714613454,0.1093356912623,0.0183156289558,-0.1154401704576,0.1426987346130,0.1749757634639,0.2893817292962,0.2773719076160
-0.1729166747022,-0.3200686473041,-0.1108634986639,-0.0913948867475,-0.0942015632156,-0.1122124789641,-0.1657634858643,0.4162616831573,1.0000000000000,0.3874774579024,0.4992892989666,0.6123309042264,0.3445829625806,-0.1168962194026,0.2025086577996,0.2976112140663,0.4554191245973,0.5402907129466,0.6647532755132,0.4895392669937,0.4139851047247,0.2909286871280,0.5279804947590,0.6423203567867,0.5465279963630,0.4080199460908,0.5609185290503,-0.0871602921037,-0.1826301907646,-0.2001163675364,0.3203270793611,0.3171921508907,0.2793323258744,0.1663452495255,0.0878828350879,0.1662493576075,0.2991516022291,0.1445420778361,0.1358382565507,0.2259763559443,0.0093870341905,0.1212288775104,0.1055981263045,0.1170869056068,0.0139392733625,0.3046322627343,0.1388925630552,0.0391185724349,-0.0815599308788,0.2825705059364,-0.1844689576377,-0.1379395449540,-0.1331888754256,-0.1447088849276,-0.1550581082387,-0.1951803859791,0.3237684398141,0.2215668650713,0.5220427188138,0.8430938673331,0.2322810888316,0.4424208501764,0.4680450912767,0.3366018649298,-0.1690565872373,0.1185515216730,0.0898341154124,0.4069263312117,0.3718856501074,0.4907343825871,0.3710362837968,0.4128653530843,0.5102495021481,0.6109020161991,0.0056785433357,0.1858672257429,0.4215456094600,-0.0767809035471,-0.1989501056639,0.2982367422798,0.1012937862937,0.2738802949057,-0.1532127753466,-0.0290293712878,-0.0014848174803,-0.0630683069952,0.1493626079133,-0.1228982256433,0.0588159994223,0.1031405854364,0.0642392609665,0.0871768802513,0.0838808263876,-0.0742792771288,-0.0142237023047,-0.0644145937898,-0.1288886728803,0.0325902079225,0.0439116191956,0.1881672889311
0.1145714747058,0.0626581959571,0.0001864003367,-0.1518528122517,-0.0294955646429,-0.0543778710883,-0.1989174289364,0.5165856990045,0.3874774579024,1.0000000000000,0.5193392026790,0.7403768847495,0.3620493427623,0.2228070926667,0.1027190988587,0.1890336557309,0.4503502342374,0.2716799486452,0.4675633811866,0.3434501002946,0.4098544353164,0.4913811294300,0.4788234091227,0.3475016410075,0.3492064474017,0.3744179519925,0.4321699137556,0.1872768020724,0.2140695154755,-0.0633665373196,0.3066178041324,0.4310274977440,0.3725614310572,0.2448317452381,0.0474780088057,-0.0316322442455,0.2477185748326,-0.0463199172709,-0.2026795183518,-0.0197320431486,0.2162133315231,0.4748885601797,-0.1540532040522,-0.0987645172351,-0.0433216853662,0.1778596257535,0.0587443324415,-0.1239892144158,0.0816834458863,0.4878920883792,-0.0623876835033,0.1381544805904,-0.1031928340634,-0.1184993295753,-0.1501707329922,-0.3259226453794,0.3999730544233,0.4747649406225,0.4721558494784,0.4988028185296,0.7400799031360,0.6088732127449,0.6436471593857,0.3970642166688,0.2967202695955,0.1564538135062,0.1519199434098,0.5466471999756,0.2795362799342,0.4937500254699,0.5155870321049,0.5894612384608,0.3240208501085,0.4329433533618,0.1939391981631,0.1660825150106,0.2979196949320,0.0603414564492,0.1826285571696,0.3707012795826,0.1649544301654,0.4939580785462,-0.1052361515569,-0.1081469150806,-0.0499539680760,0.0129731157363,0.0672570591358,-0.1579473584097,0.0298358458918,0.0566498641900,-0.1879542405719,-0.1513620649205,-0.1209636213136,-0.0520803108347,-0.0556344456780,-0.2465420805335,0.1283278475657,0.3315059688211,0.4337276411873,0.5546399175866
0.1033580627842,-0.2807886512853,0.1073814846410,0.1073360542389,0.2460384915838,0.1456402325106,-0.0250216269997,0.4318398553192,0.4992892989666,0.5193392026790,1.0000000000000,0.7348364675806,0.4684380316883,0.1195691955862,0.3145173627680,0.2851795300190,0.4329467715361,0.5623373551505,0.3681935643986,0.3077179350597,0.3727402154793,0.3590425613334,0.5700757292920,0.5013511145145,0.2673389566390,0.2503188480368,0.4196587617889,0.0024603804809,0.1376029471902,-0.1631167996991,0.3568904169972,0.3322431550732,0.3784028828830,-0.0288770031346,-0.0321948917649,0.0778097471672,0.3342464993555,0.2230252081789,0.2765206170209,0.1467110610252,0.1672618152014,0.4283957756728,0.1778905656286,0.0918505452717,0.2529671151670,0.1348226830212,-0.0273405552728,0.4045821802125,0.3854042125646,0.4793764021782,0.1743066143371,0.1253056185651,0.1421649838499,0.1016898331761,0.1756843378884,-0.1036155424412,0.3189070516674,0.1561990234027,0.4954143297273,0.4418085275503,0.2728393322653,0.8093423832110,0.5524919016792,0.4304128412723,0.1756324281519,0.3828573345404,0.1688454266094,0.3599467880051,0.2045185310372,0.2817889987227,0.2314384981021,0.4432079411710,0.4938578926557,0.2772310482167,0.2084163961664,-0.1586139222473,0.2770313291850,-0.0938049750546,0.2329032767109,0.4750696390144,-0.1142487960895,0.2495583144191,-0.0325158306983,0.2058202000763,0.0960314456412,-0.1906742993909,0.2685542288109,-0.1422877808133,0.3581825469738,0.0452490484581,0.3017544022348,-0.0780015258077,-0.0252026801017,-0.1212603522165,-0.2715656151299,0.2496698702710,0.3734063504077,0.1981004276941,0.1980377879059,0.4794030124351
0.0109719731792,-0.2476579409003,0.0054701607850,-0.0814982004665,-0.0104347240027,-0.0538429823736,-0.2119782450215,0.5836824635384,0.6123309042264,0.7403768847495,0.7348364675806,1.0000000000000,0.5399879181377,0.1450029956989,0.2151964303833,0.2577083750347,0.5455891045291,0.5809331548824,0.4946862518967,0.4683818042413,0.5446257842677,0.4676470947446,0.7370882815075,0.5655730421782,0.4408344641940,0.4655489863462,0.6011527629343,0.0490115593651,0.0693201344940,-0.0965531393360,0.4178754915126,0.4794336016373,0.4499063488470,0.2527722430589,0.0222460185953,0.0412692606736,0.3261405362337,0.1902676714869,0.0770242623398,0.1989259123376,0.2369157602470,0.4728733159238,0.0901269424795,0.0794495522411,0.1953908100106,0.3073513888344,0.1156428314386,0.0767353923661,0.1050233216580,0.5329057287048,-0.0683022595834,0.0306827679479,-0.0991329393088,-0.1190032235816,-0.1310853854945,-0.2892840258902,0.4868297969550,0.3749531749403,0.5683293445309,0.6150086434189,0.4760718638474,0.7682942567151,0.7650735386048,0.5088686546018,0.1231830185412,0.2570800731446,0.1324296125677,0.5410109908718,0.2462113577132,0.4928623016946,0.4891691513326,0.6652517929401,0.5152847561550,0.5408611275581,0.2299531503530,0.1122570616948,0.4905202955160,-0.0141572545477,0.1032798229933,0.4906467966205,0.0926383383098,0.4428104380188,-0.1041912994220,0.0243745910846,0.0634399759719,-0.0011075238861,0.2029737925981,-0.1940825659325,0.1917393373114,0.1469248312814,0.0511156948619,-0.0114275224504,0.0478892490511,-0.0775501904309,-0.0934664803280,-0.1138215402322,0.1359856834223,0.2008056007904,0.3345865377346,0.5318104121173
0.0113465943032,-0.0579823414037,0.1949167549291,0.1642002022513,0.0423593003136,0.0857112942287,0.0446864153305,0.3511992801375,0.3445829625806,0.3620493427623,0.4684380316883,0.5399879181377,1.0000000000000,0.1338602143074,0.2129557332564,0.2768445361627,0.3814937109934,0.4283032773038,0.1398994730929,0.2683070070358,0.2612802083210,0.2575005663270,0.3470777818965,0.3448145162843,0.2017361711252,0.2349323912585,0.3436607116630,0.0172860620218,-0.1370584296811,0.0046430093992,0.4156146418277,0.4693117553833,0.4838780620545,0.2264633993352,-0.0273529226414,-0.0558092619084,0.1605528563731,0.3520797803440,0.1142427688982,0.2378739314300,0.1803245125913,0.2915444358129,0.1218246911218,0.2115529727784,0.2366964228697,0.3950446054543,0.3594364858578,0.1280696076448,-0.0220173796192,0.3371351287179,-0.0246652734230,0.0765013052224,0.0279872156308,0.0924412680012,0.0459770133450,-0.0093843569623,0.7372896978087,0.1090250733380,0.4466407490490,0.3250924933259,0.2279139222671,0.4678638623812,0.5839522914539,0.7534253745730,-0.0430278704277,0.0587779341072,0.0776234384296,0.3005991776832,0.0367258602729,0.3679939659733,0.0498706896646,0.3948512364337,0.2765825548222,0.3238691348513,0.1885327450685,0.1107351010492,0.4567818189485,-0.0301275851091,-0.1016643072644,0.4445708841538,0.3040527136480,0.4642540468435,-0.0148070171412,0.1073543938577,0.2410917523235,0.1610228155647,0.2066394528629,-0.0369568554346,0.1533668151161,0.3381853266818,0.1332659709713,0.1664462248808,0.2932324243637,0.0647643141259,0.1674484666921,-0.0188403700365,-0.0208094579458,0.1943763162498,0.2205889746394,0.2259788242375
0.5770512372746,0.3327735932439,0.2846371264577,0.3905271479414,0.4456723676171,0.3954513130249,0.3088897313485,0.1676652196345,-0.1168962194026,0.2228070926667,0.1195691955862,0.1450029956989,0.1338602143074,1.0000000000000,0.4079176493899,0.5055598453176,0.3812364704340,0.3093550002277,0.0860167020242,0.2426741408245,0.2557667844157,0.3475191378239,0.1316968132058,0.1587094518201,-0.0350324549289,0.1818640098826,0.1220168630708,0.1958489798655,0.3456422023074,0.2323557507300,0.4394276656205,0.3782260686165,0.3474558284652,0.1815742988680,0.3617033998022,0.3313907589647,0.0936726592629,0.3296661870580,0.0719009720865,0.0913152959552,0.2636013254819,0.1930128905212,0.1160432186005,0.0814606370892,0.2817844289400,0.0484081741440,0.2048602762434,0.2965698005202,0.4298048208288,0.3188124263600,0.4928858811314,0.4052858625165,0.4353135094727,0.3283695909920,0.3687391669965,0.2177850281408,0.1157487659352,0.1067935331532,0.2334808172765,-0.0083431410912,0.2388940238634,0.1093636231857,0.1667033708863,0.0202700617168,0.6505971634686,0.4312545057751,0.4233644627937,0.2922541565822,0.2321493974753,0.1687984396144,0.1028142458177,0.1505135535602,0.1847701359731,0.0642274031524,0.1861477779058,-0.1712451461578,-0.0729815771277,-0.0108288762689,0.2277973578824,0.3507607187990,0.1281425830577,0.1662553823776,0.0401071176674,0.0280369789852,0.0969700007247,0.0910369112389,0.1598208845688,0.3100508781671,0.1541084388915,0.0562613758602,0.1021604708655,-0.0533601106445,-0.0240607382857,0.0661341130090,-0.1657386773267,0.2771920766610,0.4676443917446,0.1830594532838,0.1982545819621,0.2368278283966
0.2890647519256,0.1253316134545,0.2342823870716,0.4793697774434,0.3811153848829,0.3617774605961,0.3671021835605,0.0332342350963,0.2025086577996,0.1027190988587,0.3145173627680,0.2151964303833,0.2129557332564,0.4079176493899,1.0000000000000,0.3641600576961,0.4128961901530,0.3273167209093,0.2346485765735,0.1844782444220,0.3917895749088,0.0988792332202,0.2600500022948,0.4487158590877,0.1027712335185,0.3658857733583,0.2245209308859,-0.1275551738138,0.0213241484659,-0.1897840349664,0.1684772842335,0.0539052966969,0.1018836296811,0.0789856059486,0.4401293230699,0.5340030718720,0.3948988579483,0.2861198605338,0.5077960952538,0.1778727505882,0.0569284856022,0.2004827265188,0.3325864693463,0.2413734071388,0.1313689239380,0.0116667407742,-0.1151849087319,0.4097729154527,0.2008148074467,0.4687546468489,0.3578742949281,0.2475506696573,0.3814758789031,0.3489254670322,0.3624142775615,0.3044046504795,-0.0126058449781,-0.1159225742229,0.1852131738135,0.1895878876402,0.0594781649316,0.2511484279505,0.2217789592414,0.1577290972290,0.1742014619710,0.5562014211680,0.1218608736790,0.2299651689504,0.2999433357056,0.1281883952905,0.2441246676702,0.1830589266243,0.4000072794752,0.1644338284171,-0.2381304625166,-0.0772603387945,0.0952530542512,-0.2714848031670,-0.0251718542953,0.1370075376716,-0.1731896163927,0.0941707703229,-0.2287771536338,-0.1332259755154,-0.2157465534776,-0.2641077865785,0.3817752398357,0.3525709812820,0.3222547159713,-0.1971186452644,0.4235219647714,-0.0310934529853,0.0720213293265,-0.3357938476794,-0.2139009319226,0.4036263072711,0.1579537872723,0.1137091874707,-0.0198353155375,0.2652754575410
0.2617018428677,0.0415084201696,0.2095860861497,0.5109163913911,0.3884180943449,0.4097947413033,0.4388811495935,0.2590383217895,0.2976112140663,0.1890336557309,0.2851795300190,0.2577083750347,0.2768445361627,0.5055598453176,0.3641600576961,1.0000000000000,0.6002215818646,0.6322252094475,0.4916578243166,0.6534048353234,0.4775320342614,0.2470303479982,0.4077004454127,0.5514771673483,0.3241283347281,0.4182971880357,0.4491115954901,-0.0423399947589,0.0409110005369,-0.1096974467648,0.6775619226882,0.4457911408947,0.4541922539751,0.0488560702432,0.5872122754798,0.5596545993947,0.2081379566019,0.3877657048913,0.1125683451759,0.0554398137251,0.0058802791611,0.0701886774901,0.1495299493795,0.0025225158060,0.1850560766301,0.0880210797841,0.0868050222700,0.2629129590354,0.1658290409164,0.2709376903650,0.3048666978054,0.2283964203503,0.5123347753769,0.3438122421583,0.4200388310760,0.3453642608590,0.2553299504588,0.0882287471006,0.6368255811664,0.3505522984215,0.1293415436491,0.1739024772559,0.2628280651159,0.0549773435442,0.3150859044984,0.4136790803330,0.6688873082683,0.5003167849688,0.6050501441934,0.5729239342243,0.2646971811342,0.2671042991877,0.5491916660311,0.3737055042905,0.0676928211300,0.0116142863145,0.1442269550704,-0.2273493781321,-0.0436704233512,0.5716528174498,0.0590237755531,0.2620359980308,-0.2421511381852,-0.1075573743289,0.0791258831632,-0.1698767869185,0.1944007452079,0.4377063503653,0.0411092984955,0.0692474820175,0.0638397397991,-0.1440757675496,-0.1970308460396,-0.1589150578557,-0.3098643480004,0.2934888167356,0.1650064968057,0.0057236011922,-0.0064670811387,0.1758007932893
0.0930755984729,-0.2024683201947,-0.0007647022260,0.1402912742622,0.1740884846848,0.0963944326137,0.0366671708978,0.5086003181024,0.4554191245973,0.4503502342374,0.4329467715361,0.5455891045291,0.3814937109934,0.3812364704340,0.4128961901530,0.6002215818646,1.0000000000000,0.7153065883728,0.5879487595499,0.6936626346497,0.6509292073968,0.5169072939108,0.6109673010179,0.6786532903820,0.4300857588368,0.5756501073081,0.6302456221376,-0.0600768515658,0.0358893445289,-0.2403746213049,0.5486308940584,0.3580256404469,0.4681865215841,0.1909710460263,0.4143037844539,0.4584697822884,0.3860713448712,0.3575506561969,0.0938656913054,0.0555174028457,0.1065908551946,0.1041155573876,0.0389979778614,0.0023117970789,0.1349629417887,0.1925701753344,0.0459996811768,0.1369414055831,0.1309949062428,0.4400684893364,0.0926094933961,0.0614421082284,0.1733976022667,0.0451385038671,0.1184606866534,-0.0438884151463,0.3550479252097,0.3549789207328,0.6337596096960,0.4706626665784,0.4287852401029,0.4409756973598,0.4427948584533,0.2129129629301,0.1621529751272,0.4307706246175,0.3466199728583,0.8504445792918,0.5494371999555,0.6594996970977,0.6091090480944,0.5610306673730,0.6641919460436,0.6358425768797,0.0216369975421,0.0553131604103,0.3225742389173,-0.2031985827517,-0.0387072539316,0.4747929182006,-0.0185005046326,0.3830118537119,-0.3165851263701,-0.2109448606145,-0.1388336243933,-0.1688088975123,0.3746557483734,0.1322039556670,0.1072883721613,0.0425833443085,0.0190711879106,-0.2296090066136,-0.1646584690542,-0.1590479493445,-0.2493358059603,0.0956604152691,0.1725601305927,0.1897785722667,0.0538602824841,0.3289506920713
0.1349735019624,-0.2723766796780,0.1152205438314,0.2280719096803,0.2207034312444,0.1482041661492,0.0704125604928,0.4953607201573,0.5402907129466,0.2716799486452,0.5623373551505,0.5809331548824,0.4283032773038,0.3093550002277,0.3273167209093,0.6322252094475,0.7153065883728,1.0000000000000,0.4162627502892,0.6834095564407,0.5497508738087,0.3902721260930,0.5843770902151,0.7085972878509,0.4175850965003,0.4362569767130,0.6105668737795,-0.0081130801803,0.0048886964107,-0.1153236083460,0.6801486629440,0.4247278314757,0.4305895104055,0.1658461063225,0.2860311497551,0.2892886812603,0.3217693603569,0.4331155785923,0.2471496303065,0.2601425243703,0.1914780041548,0.1940072397558,0.1496857957058,0.0843461857327,0.2767148668088,0.2974883741967,0.1140837616948,0.3261914782836,0.2243751418473,0.3628308837843,0.1518100968981,0.0771137942873,0.1897846152895,0.1046319355074,0.1725855132647,0.0298151549847,0.3305253737128,0.2563827371056,0.7227402539398,0.5280901750164,0.2022290225081,0.4966935414868,0.4169418620387,0.2483002581055,0.1098503677730,0.4016062421069,0.3450614715508,0.6236667558615,0.4012873435010,0.5628779737628,0.3033990016392,0.4417203020125,0.6978982285117,0.4960281184443,0.2203669893414,0.0652074611458,0.4476788855114,-0.0766857284982,0.0004121658484,0.6766368496846,0.0495561749244,0.2336171735955,-0.1254653626750,0.0997218224790,0.1662818293245,0.0182752631117,0.3932278948003,0.1264010600087,0.2464247144220,0.3109396624331,0.2648821464587,0.0737110345074,0.1243481419373,-0.0236782855654,-0.1618616989557,0.2362100128310,0.2157465936215,0.0898347909274,0.1603959088234,0.2607418889495
-0.0292222854600,-0.2058654664324,-0.1139760241969,-0.0158207093568,0.0211898598294,-0.0029252750903,-0.0194077984736,0.4548419961161,0.6647532755132,0.4675633811866,0.3681935643986,0.4946862518967,0.1398994730929,0.0860167020242,0.2346485765735,0.4916578243166,0.5879487595499,0.4162627502892,1.0000000000000,0.6345314634284,0.5143894385761,0.3718049966567,0.5102743213581,0.6462652293826,0.5501738427678,0.5659160471800,0.5604914365257,-0.1307184520616,-0.0501318166339,-0.2255353693329,0.2622724637334,0.2066639230646,0.1554827082425,0.2210825462033,0.4618220485246,0.5491249002805,0.4777559729143,0.1084341116186,0.0743145672452,0.0286316952533,0.0064522208558,0.0854552406008,0.1333300011381,0.0222369380942,0.0052518619811,0.1109968876613,-0.0427829351088,-0.0521756087534,-0.0860580732108,0.2819296690202,-0.0552205499692,-0.0674670130867,0.0359694173614,-0.0783778347848,-0.0514516976620,-0.1223349985909,0.2451185606434,0.3724217953432,0.4970347358712,0.6785693743291,0.4156482986759,0.3665963186363,0.4518461225420,0.1863871118788,0.0341466243545,0.2502062754730,0.3857054053098,0.5779392621838,0.7643775447521,0.6646200785896,0.5889077903725,0.4156792723932,0.6197338459916,0.6821445599240,-0.1012965809993,0.1466565212983,0.2500311129507,-0.2110431534860,-0.1483926090984,0.2162536526716,-0.1222663051821,0.2028215391239,-0.2985430025011,-0.1832939258860,-0.2897044864558,-0.1949123031679,0.2322981865830,0.1326086230098,0.0124444671177,-0.0827507494057,-0.0534871794101,-0.1954954631913,-0.1928481127001,-0.2578361024391,-0.2368995534856,-0.0915072093722,-0.0681444143518,0.0168469691135,0.0235469789207,0.2256006934044
-0.0189787330191,-0.2182829422281,-0.1011202287074,0.0331627017108,-0.0021257398793,-0.0492475843698,-0.0360867245920,0.5560392103358,0.4895392669937,0.3434501002946,0.3077179350597,0.4683818042413,0.2683070070358,0.2426741408245,0.1844782444220,0.6534048353234,0.6936626346497,0.6834095564407,0.6345314634284,1.0000000000000,0.6431512405299,0.3877893289322,0.5912506657334,0.6674256527676,0.7627344427955,0.6639964200276,0.7824164692325,-0.0038678154368,0.0052789729074,-0.1168765497694,0.5585450566499,0.4587040811928,0.4739418843521,0.3201844977408,0.5144679058081,0.4826015466750,0.3822379782200,0.3865323934512,0.0282280525752,0.1430972385076,0.1368330597267,0.1646255996205,0.0329196677225,0.0597476479262,0.1950698463205,0.3368262255040,0.1637790904839,0.0193677817077,-0.0106188691686,0.3945024765806,-0.0602319091284,-0.0395778540108,0.0363530582814,-0.1045102195866,-0.0477618023652,-0.1232082113614,0.3123448245332,0.4322915851670,0.6189455245926,0.5333893507502,0.3228173280851,0.3067802787696,0.3829586247450,0.1509718790651,0.0253585707223,0.2264930623854,0.3143456243006,0.6509512117992,0.5729051823963,0.7924919764864,0.4577531781854,0.4685020907023,0.6629072744497,0.7443981502003,0.0282965575968,0.1793492677120,0.4309139889174,-0.1075225213605,-0.0881708462993,0.4256730001699,-0.0069313776511,0.2589167494029,-0.2321115076344,-0.2506152549649,-0.1293935612430,-0.0379673378742,0.2782978838540,0.1180729995821,-0.0495143811777,0.1350132771925,-0.0911165436955,-0.1178517338368,-0.1088369119460,-0.0902627312724,-0.1098901831196,-0.0521208825048,0.0211174323657,0.0933715654701,0.1728280564571,0.2510087892831
-0.0079749546193,-0.2316959380120,-0.1206496976381,0.0735998971082,0.0066896236072,-0.0337191186158,-0.0663965016879,0.3358909311936,0.4139851047247,0.4098544353164,0.3727402154793,0.5446257842677,0.2612802083210,0.2557667844157,0.3917895749088,0.4775320342614,0.6509292073968,0.5497508738087,0.5143894385761,0.6431512405299,1.0000000000000,0.4489993028261,0.6693064480079,0.6714519020452,0.5426905311441,0.7247258496607,0.6871110025258,-0.0636060098147,0.0075860751986,-0.2388708079169,0.4748698433228,0.3638459243840,0.3729738889767,0.3001286099290,0.3917791713879,0.3632955056452,0.4380636788006,0.2069445195313,-0.0515244582828,-0.0015317611035,0.0796141225490,0.2346093096128,0.0874219579269,-0.0469876981748,0.2216123626160,0.2344001127877,0.0418675154908,-0.1412180068063,-0.1159464123113,0.6488800174736,-0.0578126652169,-0.0612368430450,0.0300821556413,-0.0750631698287,-0.0644804188805,-0.1132249979653,0.2746310356840,0.2064928793493,0.5677826027554,0.4565851072029,0.3531406172999,0.3695042141800,0.4715611955481,0.2014419470874,0.0407900829150,0.2647045687269,0.2844524513788,0.5344346596869,0.4592368823142,0.5592925025107,0.6972617805902,0.6511618055514,0.6270292316120,0.5915962677877,0.1797736840530,0.3338973831266,0.5058035981844,-0.1284443413015,-0.0818181314211,0.4425823358745,0.0154121365148,0.3890986618523,-0.3987151766974,-0.2880990948278,-0.1509079316909,-0.0388733669796,0.2728222073414,0.1118987159907,0.0321549910817,0.0533593251502,-0.1538795468959,-0.2041390826366,-0.1438015004871,-0.1926914167501,-0.1351241427477,-0.1780831850238,-0.0443934475911,0.2199530952123,0.2181526371998,0.4345395143905
0.0752852311878,-0.1373349809601,-0.0733421074723,-0.1303171357607,-0.0068496196282,-0.0848579022727,-0.1895530989378,0.3854662924615,0.2909286871280,0.4913811294300,0.3590425613334,0.4676470947446,0.2575005663270,0.3475191378239,0.0988792332202,0.2470303479982,0.5169072939108,0.3902721260930,0.3718049966567,0.3877893289322,0.4489993028261,1.0000000000000,0.4530609156229,0.4200035003628,0.2742056370988,0.3195546200679,0.4269412960306,0.1339991867327,0.2769278858428,0.0172791806570,0.3544619504986,0.2696299230526,0.3208617624094,0.2925083515717,0.1039774931572,0.1197605912196,0.3302924218090,0.2009224028632,0.0184520553381,0.1330097605833,0.3860253262242,0.1503616223465,0.0972468180807,0.0041338228994,0.1780089575925,0.3182192243606,0.2340624908909,0.0489600060070,0.2570922752173,0.4004985267398,0.0056228848951,0.0961231641756,-0.0105446609034,-0.1609996469625,-0.0719678161346,-0.2610064835317,0.3324794088909,0.3139916389673,0.3390222182375,0.2931916283196,0.6831088917154,0.3592835228920,0.4692919483940,0.1797728428955,0.2446503708318,0.3185132582825,0.1779488995398,0.4867440144811,0.2130380875863,0.3524030259472,0.4217602993476,0.6278579328905,0.4270568633049,0.4160233343727,0.2730227609933,-0.0398552827772,0.2065236120939,0.0310449376682,0.1212040704784,0.3304173615560,0.0714603927225,0.2691590987640,0.0070711727514,-0.0151847336085,-0.0674737418605,0.0555394898315,0.3670611314068,-0.0844743078241,0.2091837433287,0.0213084564353,-0.0025044403713,-0.1363747015545,-0.0635217896862,0.1735117280982,-0.0084490483914,-0.0147165451545,0.3065972296395,0.3430099125736,0.3898085897177,0.4256691679083
-0.0308963545549,-0.3690956132710,-0.0802901494042,0.0517282499265,0.0651161465818,0.0139898469413,-0.0851793815852,0.3418646648666,0.5279804947590,0.4788234091227,0.5700757292920,0.7370882815075,0.3470777818965,0.1316968132058,0.2600500022948,0.4077004454127,0.6109673010179,0.5843770902151,0.5102743213581,0.5912506657334,0.6693064480079,0.4530609156229,1.0000000000000,0.6949432129657,0.5312998420553,0.6853168292135,0.6923599769646,-0.2475655668443,-0.1055394834317,-0.4141109546304,0.5067053127352,0.4632279960490,0.4568097417387,0.1687791169724,0.2464863299541,0.2588296678748,0.4511530140504,0.2127702724923,0.0302572070037,-0.0205186917089,-0.0729203471683,0.1774884142782,0.0223012881370,-0.0921750171398,0.0923473087514,0.2511181078971,-0.0320636459176,0.1007430047688,-0.0012447947660,0.4323553289688,-0.0065822276960,-0.0690103569751,0.0493943763595,-0.0590345317012,-0.0187757566866,-0.1331305285319,0.3724220214085,0.2122463565538,0.5409568446896,0.4916417335296,0.3360167385657,0.5444537763301,0.6494907129705,0.2808367066294,0.0149801424552,0.3019779672193,0.2560314833737,0.5321617214440,0.3649541402133,0.5321700627730,0.5900379222497,0.7871537070582,0.6295803367368,0.5877572677703,0.1937751747473,0.3032786370679,0.5599533648004,-0.3292637795296,-0.1493344838464,0.5414612167929,0.0404083015197,0.4719612563688,-0.4509622528335,-0.1503964690177,-0.0458893110127,-0.2079934961218,0.3156713801100,0.0267208770753,0.0591507188114,0.1027652457258,-0.0129020897798,-0.2779365965668,-0.2035310663879,-0.2461646128358,-0.2007844770188,-0.0033312290736,0.0345077418016,0.0503879149030,0.1155571457702,0.4503329179472
0.0157939600965,-0.3249798138911,-0.0372070465055,0.1653676208043,0.1386466169583,0.0892343539821,0.0477332776711,0.4140064978944,0.6423203567867,0.3475016410075,0.5013511145145,0.5655730421782,0.3448145162843,0.1587094518201,0.4487158590877,0.5514771673483,0.6786532903820,0.7085972878509,0.6462652293826,0.6674256527676,0.6714519020452,0.4200035003628,0.6949432129657,1.0000000000000,0.5019450734703,0.6258394372756,0.6696207518651,-0.1958665748255,-0.0779356766258,-0.3500290473430,0.4192172817277,0.2073239443991,0.2232466889741,0.1936538478240,0.4463858328170,0.5167158993534,0.6105779742907,0.2323172735872,0.2588542957697,0.1415338538725,0.0111084462764,0.1254717590167,0.1389270986268,0.0257447327410,0.0658955324524,0.2295165997131,-0.0695683053687,0.1953774920799,0.0597637951014,0.3987881375838,0.0446909846946,-0.0467113333947,0.1470665617992,0.0168610462578,0.0891138245398,-0.0189620369946,0.3706361187699,0.2848045091557,0.6381423843983,0.6259407534734,0.3261582881208,0.4601915411142,0.5045664362096,0.2347776943475,-0.0393861046176,0.4669978235807,0.3141287947430,0.6106146586574,0.5777454646929,0.6778836339449,0.6004997604440,0.5826381312568,0.9001438097052,0.6763819653878,0.0501394205030,0.2095892615560,0.4952481358292,-0.2874896172092,-0.1578255038616,0.4951443472517,-0.0870693105989,0.2644687367833,-0.3573680472930,-0.1428210644247,-0.1557093692035,-0.1731321330660,0.5124663134966,0.2136731736256,0.2207172976813,0.0653548351738,0.2005590045320,-0.1160245065430,-0.0589955199419,-0.2319726562772,-0.1832207474819,0.1487117979278,0.0543173670873,0.0828371101873,0.0577587748657,0.3291660905741
