1.0000000000000,0.6522336817721,0.5875199516638,0.3724963972835,0.8504442587969,0.4511986525511,0.1365694267330,0.0065798686467,-0.0639859656321,0.3497568189076,0.3853913996458,0.4892810737013,0.3242567082317,0.7231203600435,0.4936014590401,0.1929692136757,0.1457078100396,0.1367931395587,0.0214211938001,-0.0809589396330,0.3525273122089,0.4086720044062,0.3873281480516,0.2526323884062,-0.2407015501415,0.2472656801365,0.2893266308490,0.3500900838212,0.0878437140776,0.2285398927615,0.1687611114520,0.2836610524152,0.1966759009592,0.2403433628557,0.1986848449360,0.1004819982772,0.3144941313982,-0.0161426118739,0.1215390540871,0.3310707380484,0.4117097922069,0.4250196621600,0.2228465221850,-0.1435254244926,-0.0580199177052,0.3941750345433,0.4384654337528,0.3060171851000,0.4573439273979,0.3853580188865,0.6181825294624,0.3719166733101,0.0774354544580,0.3233013725447,0.3527357370368,0.0891053263582,-0.0936739730501,-0.0954685333358,-0.1924292608283,-0.1098736350180,-0.0500854286604,0.2400356191980,0.0850457414724,-0.0940099180502,0.2211554239698,-0.2346693585908,-0.2646480978994,-0.1231287960290,-0.1661888911389,-0.3107026693431,-0.1277359387298,0.2467653285183,0.1966624972877,-0.0661512447035,-0.2753696818313,-0.3171604955538,-0.0066663808065,0.0406346464514,-0.2336116918718,-0.1493276367162,-0.3191422575465,-0.3308552952512,-0.0923566516805,-0.2359130234904,-0.3845159230520,-0.1471277207716,0.1698914642630,0.0530788587961,-0.2548550541502,-0.2431349889167,0.0537435627821,0.0600786469160,-0.3717952023905,0.0053849682521,-0.3658258524842,0.2611157716279,0.0097053242995,-0.0744939718595,0.0515184317276,-0.0455570201969
0.6522336817721,1.0000000000000,0.7418571004572,0.6381779387530,0.5789167200136,0.4995879634964,0.4573777644142,0.0649885053717,0.0646515349045,0.3287663499739,0.2199982443619,0.3925780841077,0.3062352943155,0.6576644809524,0.4596973011536,0.3495586367339,0.1842507571320,0.0854384375342,0.2189684085010,-0.0734272032624,0.2316896432110,0.2834265187809,0.2053961209356,0.2016786291089,-0.1542198684286,0.2362298015604,0.2133506046526,0.2257494461641,0.0255228074236,0.2845141132492,0.2524398002445,0.1953324507516,0.1822947926984,0.1141730365133,0.1528347040690,0.2794854329020,0.1990063774949,-0.0040865257320,0.1418072543898,0.2026941481810,0.3251700921252,0.3642467540959,0.1865875885121,-0.0075935665717,-0.0912684316231,0.2415880841639,0.2891842682003,0.2470564517532,0.4067265689373,0.3529584273687,0.4773307403387,0.5909083953005,0.3834317969116,0.5224496735360,0.3469650680254,0.3512856896863,0.0910848532058,-0.0149835776443,0.0040742974164,-0.0378858764582,-0.0470802535984,0.0854573480859,0.1016729134184,-0.0372694288930,0.4682936344099,-0.1218832820851,0.0454109509996,0.1061766473905,0.1529083933672,-0.1811855654662,0.0092225867058,0.1795891747277,0.2194278734362,-0.0522811822932,-0.1095159897013,-0.3666259662451,0.0068977874599,-0.0076687795046,-0.0544477199975,0.0785222087444,-0.2846210681423,-0.2437880584212,0.0091227344223,-0.2215117501680,-0.3487695489559,-0.0774344308054,0.1565069101975,0.1097325993469,-0.2902352671183,-0.2517570831439,0.1296311409410,-0.0715342937397,-0.1923879345670,0.0158039081063,-0.2637921375971,0.1598388923851,0.2473693531960,-0.1271152792563,0.0783501518844,-0.1169543941160
0.5875199516638,0.7418571004572,1.0000000000000,0.6773531890917,0.4855537658760,0.7739803771496,0.5325401526608,0.2248846473385,0.1268937332658,0.5257750507670,0.3287441615919,0.3710170160802,0.3228674195603,0.5127742309655,0.4253502283997,0.3772949876427,0.2125313905444,0.2309176978271,0.2957547066142,0.0306692046029,0.2608677268307,0.2446005235876,0.1523812545738,0.2356768176742,-0.2072589832633,0.1472848215143,0.2043170078626,0.1510607302241,-0.0248949184675,0.0726048502173,0.2116476629151,0.2283828357245,0.2854833424827,-0.0280001260666,0.0521775427884,0.3126067552927,0.1916541668094,-0.0372101360607,0.0927966187578,0.1813631637574,0.3472047841760,0.4668655356312,0.1306939399206,-0.1573913790627,-0.0864042767006,0.2380579813974,0.2619455550067,0.4274469300964,0.3227698264814,0.4630707055323,0.5890634980269,0.5438676902101,0.4425579474871,0.7748909495459,0.6394940881904,0.4218534874092,0.0197068958583,0.0359272319446,0.1700813860657,0.0816025562583,0.1852353668674,0.2091502901350,0.0584020108755,-0.0664210007474,0.3344927502657,-0.1332127792056,0.0367951668018,0.1878704311986,0.2115223475731,-0.1938057590612,0.0020246850345,0.1858857860973,0.3303932320155,-0.0552044488555,-0.1887520511807,-0.4503338639990,-0.0133342934443,-0.0642739601172,-0.1157955156686,0.1737694936502,-0.2449048016236,-0.1991052165250,0.0757219429540,-0.2625673616781,-0.4488430036830,-0.0853195755743,0.1598369058164,0.1036727652795,-0.3613803108588,-0.3177033325413,0.0769391302277,0.0417762784748,-0.3145150144347,0.0643565983507,-0.2474669127879,0.3139501728393,0.1780775979551,0.1807584564879,0.2650048971214,-0.1318966184677
0.3724963972835,0.6381779387530,0.6773531890917,1.0000000000000,0.3803426931404,0.6712339166890,0.8384108397127,0.1907734906515,0.1320713987113,0.4674573559719,0.3287373625169,0.4590903360254,0.3182079404004,0.3739572009375,0.6493570723580,0.6528801340002,0.3778806088815,0.3410395038970,0.4199005433636,0.0986386756687,0.3778150125836,0.1350666646962,0.2028763797020,0.4023801101580,-0.2449953014410,0.2823609424793,0.3525247122274,0.0747474033952,-0.1254645088871,0.0216724522519,0.4959388733680,0.3520531217045,0.4085498876660,-0.0369763813042,0.1844724208701,0.5189978716988,0.1944206541208,0.1103434491984,0.2882065708608,0.1927834174659,0.2877829348204,0.4076697480422,0.4019903300477,0.0755201261155,-0.1162143797927,0.1435424489453,0.3043656486476,0.4552499315080,0.1939893079348,0.5374679333540,0.2661364294875,0.2774752393846,0.6501510514013,0.6080564704009,0.6037146580179,0.6828644770240,0.0941328989109,-0.0976489235240,0.1695903360841,0.0238151279861,-0.0930472957712,0.2473035437226,0.0720372944778,-0.1182341518472,0.1320073653287,0.1027880066081,0.2365315212300,0.3370555810817,0.3862904083339,-0.0852098023746,0.0904199915185,0.1156562241474,0.3866534183387,-0.1117326804747,-0.0865096936107,-0.3640344094354,0.0418359558677,-0.2208151664627,-0.1806467038625,0.3638366848245,-0.2497429209309,-0.0668904693480,-0.1568712080328,-0.0685032216991,-0.4015162338440,-0.2328965884598,0.1013188013057,0.2341921986871,-0.1677649163213,-0.3439877406375,0.2447164005221,-0.0752869478619,-0.1974312973112,-0.2127477746811,-0.3462748457587,0.3526323197620,-0.0229277788148,-0.1532441306027,0.1145123725968,0.0449493268116
0.8504442587969,0.5789167200136,0.4855537658760,0.3803426931404,1.0000000000000,0.4251481819322,0.1755960324150,0.0378501494372,-0.0279576305636,0.2880563528520,0.4076072995931,0.5321731771422,0.3419029520165,0.5808516214481,0.4916155586130,0.2281491192011,0.2056228858620,0.1784979424854,0.0199404059264,-0.0702456608065,0.4473494802451,0.3837316675971,0.3938171134219,0.2644967980317,-0.2087347793102,0.2790119116040,0.2766716390715,0.2871315403631,0.1471657455094,0.1318416074062,0.2470776060378,0.2866385152131,0.1958605387794,0.2170298180620,0.2410331023077,0.1091648183887,0.1941886007343,0.0190128366151,0.1694960079092,0.2645222863075,0.2766477731506,0.3662194594098,0.2396600968234,-0.0845131876403,-0.0007069789047,0.2702613647636,0.3825608984298,0.2705822392493,0.3898485238543,0.3563955689979,0.4963706900209,0.3353317520233,0.1265157687377,0.2873879249327,0.3220892323323,0.1645191780363,-0.1504237962687,-0.1093841383180,-0.1472463185375,-0.0825219458121,-0.0998305060312,0.2713019389596,0.1398090864488,-0.0649226653309,0.1464457319934,-0.1982172068750,-0.2324891145883,-0.0662894119388,-0.1627428619483,-0.3011385821403,-0.0327176140467,0.2426060166180,0.1262524743051,-0.0302297895514,-0.2249167877084,-0.3147727684354,-0.0954203997495,-0.0405775744815,-0.1461211438312,-0.1095941151680,-0.3397992038598,-0.2937066682461,-0.1550510393053,-0.2272143775174,-0.3760236523793,-0.2382119438098,0.0386370567589,0.1077407799784,-0.2273118190188,-0.2527991626290,0.0886752402574,-0.0182227997805,-0.3251052725029,-0.1138044330658,-0.3630571984342,0.2816059197242,-0.0511824165446,-0.1885916491892,0.0421317718675,0.0466151197424
0.4511986525511,0.4995879634964,0.7739803771496,0.6712339166890,0.4251481819322,1.0000000000000,0.6100008962015,0.3196012214390,0.1402232290436,0.6869402163162,0.3704969462624,0.3841919176723,0.3258524483685,0.3838574974398,0.5203493518660,0.3889036189020,0.2670721715300,0.3295854203673,0.3363234425880,0.1185006816567,0.2782469936123,0.2923749330472,0.1751743078104,0.3028523974494,-0.2327304099402,0.1466458963748,0.2533541032726,0.1310856699169,0.0458454019702,0.0303214094879,0.3205690497032,0.3031300628696,0.4182581372136,-0.0222340075266,0.0282446561566,0.3771891298200,0.2042389370316,0.0890524142695,0.1577200636826,0.2632528582594,0.4723061456911,0.6292946729396,0.2287882099887,-0.0786292615743,-0.0312850287622,0.3142546132979,0.3456540931650,0.5906885512762,0.2439133492569,0.6094754663552,0.4183744353809,0.2819072583605,0.3601527019026,0.6844449775216,0.8222747104004,0.4082416049339,0.0194160041537,-0.0008217689524,0.2167258224690,0.1366231037710,0.1878186279685,0.2346209337521,-0.0131257602311,-0.1414958955149,0.0986753644512,-0.1025096419416,0.0380893585070,0.2349846749837,0.2550459539114,-0.1748212558774,-0.0553124381855,0.0800111739614,0.3986727345456,-0.0937053068254,-0.2744892071314,-0.5009011169790,-0.0848667354633,-0.1427968399067,-0.1000678609971,0.2229783915983,-0.2404285975513,-0.1541947243822,0.0260191112915,-0.2341840388218,-0.4767527085900,-0.1910485851983,0.0949673023114,0.1270303585783,-0.4072342775045,-0.3477641815145,0.1106955831343,0.0936855774815,-0.2463112964328,-0.0123460967882,-0.2554226670333,0.4428230764012,0.0842352236392,0.2106970348655,0.2711841930140,-0.1704095594419
0.1365694267330,0.4573777644142,0.5325401526608,0.8384108397127,0.1755960324150,0.6100008962015,1.0000000000000,0.1235833160407,0.1309275910882,0.3286981799348,0.1824733042492,0.2688299629000,0.1813711388965,0.1092676020559,0.5096126748466,0.6081401124191,0.2872398902501,0.2921467546374,0.4004282199997,0.0079766850643,0.1479651529621,-0.0285092068747,-0.0110188741335,0.3110256571080,-0.1822925254092,0.1149500326379,0.1428510415709,-0.1168640772214,-0.2064234756033,-0.1271113229949,0.4785806143560,0.1813241932323,0.2951932214856,-0.1244846119554,0.2168415122396,0.5779227825372,0.1808835903918,0.0825527136662,0.4326690227838,0.1001487242683,0.1489224703069,0.3112497378736,0.3417912321567,0.0745621372355,-0.1852559812642,-0.0454683046776,0.0989451770395,0.5201140868381,0.0868895902121,0.3878961394532,0.0943421412433,0.1913412775033,0.6356665783493,0.5660533019181,0.5945743367856,0.8297001408046,0.1629441968179,-0.0983264446095,0.2076534822598,0.0291500633633,-0.0575920917600,0.0950917677457,0.0101881946900,-0.0502976086538,0.0779888966969,0.3324200324028,0.4606101203964,0.4218259597769,0.4851778770325,-0.0407337248921,0.1382708290038,-0.0580617803978,0.3537853292692,-0.2103891977432,-0.0095104323336,-0.2688910370897,0.0075943866284,-0.3000655258479,-0.1716074644904,0.4867200834881,-0.1698603466546,0.0383901147106,-0.0955654240907,0.1352610538959,-0.2780309538419,-0.1875239541341,0.1726316320106,0.4269086098359,-0.0433523997730,-0.2721575086460,0.4486548339080,-0.0413987758136,-0.0882025330158,-0.2509817280833,-0.2051971449479,0.4480640579724,0.0383155556414,-0.1539048278123,0.0822946769390,0.0411669191142
0.0065798686467,0.0649885053717,0.2248846473385,0.1907734906515,0.0378501494372,0.3196012214390,0.1235833160407,1.0000000000000,0.5994824130580,0.3171342776373,0.1933247913187,0.2357185685028,0.4258510456503,0.0671070410299,0.1544172645326,0.3268584051214,0.4103453636237,0.4767263417035,0.4169959688418,0.7611385968762,0.2294842424802,0.1061812262857,0.0453125757195,0.2374146717253,0.3255060428275,0.2145242262206,0.3817920358026,0.1270180607512,0.0700491347856,0.1252457018464,0.3045105630318,0.2481042835702,0.4048556510382,-0.0726820873087,-0.1191874398403,0.2234036813404,-0.0372308758954,0.5359154595939,-0.0187797793399,0.1938243774676,0.2315800023417,0.2585445577659,0.1380502774176,0.3295618562782,0.5008475163749,0.1219755358261,0.1764326156162,0.1708268920324,0.0891409478347,0.1636975715757,0.1181085752456,0.0869607486763,0.1080044254319,0.2110113105693,0.2828377487920,0.0523317091881,0.1487758733592,0.4928673852409,0.5698022314012,0.5302093267080,-0.0822134390210,0.1488961401136,-0.0658189526945,-0.0386525921040,-0.0183163461168,-0.3584573890246,-0.0900984193424,0.3698179018509,0.2608482429712,0.4624308901785,-0.0302627473341,-0.1618547064260,0.1943518343554,0.4441511408978,-0.1020113746193,-0.3966060287088,-0.0279366080759,-0.0538102598957,0.0311204931457,0.1180977383663,-0.3200355821428,-0.1529277925935,-0.0168265623563,-0.3321034830353,-0.1592512383432,-0.2503445357457,-0.2217047216171,-0.0699308341882,-0.3993893463666,0.0874526601724,-0.1383980412529,-0.0695392330810,0.1355597948998,-0.0268914808268,-0.2753953006095,0.0994929452194,0.0642430873447,0.0378514841110,0.0117283942885,-0.3172810590968
-0.0639859656321,0.0646515349045,0.1268937332658,0.1320713987113,-0.0279576305636,0.1402232290436,0.1309275910882,0.5994824130580,1.0000000000000,0.2454440269972,0.1793329819705,0.2062186411591,0.2662783431666,-0.0060345365128,0.1743924630217,0.3494760034951,0.3360800620892,0.1676119544324,0.5656926605899,0.6464813600843,0.1426792259095,0.1286595880136,0.0804200713315,0.1330580887139,0.6501508018734,0.2017448547486,0.2216865495282,-0.0048934025430,0.0846559066062,0.0489437528204,0.2352124873488,0.1992154195184,0.2803971684476,0.1354435409041,-0.2264272319551,0.2980751150841,-0.1317690417769,0.3650750467138,-0.1025012243155,0.1972362171534,0.2727132209908,0.1952116453810,0.1269135244855,0.3685767447641,0.3116306323721,0.0865994207394,0.2211901742534,-0.0567942767111,0.0396620727153,0.1738649574375,-0.1832343929199,-0.0547136757142,-0.0155656490820,0.1259415083895,0.0263782186193,0.0103901544203,0.3673223186204,0.5618816546873,0.6248888436564,0.8372559286540,-0.0888971683101,0.0726416288686,-0.0134961909526,0.1619117554499,-0.0018123550860,-0.2359883354002,0.0872228878877,0.3017642111205,0.4486730833435,0.7439486641960,0.1678678196605,-0.2554436029336,0.3117352954861,0.5450236428890,0.1756562564165,-0.2445675138854,-0.0421590244788,-0.0514458942610,0.0313067418211,0.1717683157226,-0.3469181425282,-0.0374741369164,-0.2290004998639,-0.1252540450625,0.1173697720682,-0.3279013864253,-0.2406246683617,-0.1604072461087,-0.2148534695731,0.2201197252895,-0.1941413899542,-0.2529349597785,0.2534075229527,-0.1463226096273,-0.3216940484594,-0.0886430689159,0.0312088132884,-0.1265639328391,-0.0447489938084,-0.2124434547114
0.3497568189076,0.3287663499739,0.5257750507670,0.4674573559719,0.2880563528520,0.6869402163162,0.3286981799348,0.3171342776373,0.2454440269972,1.0000000000000,0.5062715926611,0.5867066171822,0.5553247452392,0.4482698028048,0.4584616938465,0.3184871567256,0.4592972711429,0.2537767737285,0.3477905714412,0.1827499058522,0.4146424980682,0.5809453280176,0.3650315034289,0.2145120406585,-0.0469713113750,0.3097891333491,0.3214495143754,0.1839901721193,0.1130491576694,0.1363264987706,0.3046420270931,0.4756586271452,0.6337676894986,0.2598833594395,-0.1016239953490,0.3008233673556,0.1782290966518,0.1714659051110,-0.0253530467796,0.4411772096218,0.6019449726019,0.6590024936463,0.2083351390016,0.0643070765479,-0.0210148147384,0.5239896769095,0.5695824857361,0.2983999184659,0.2903357826729,0.6797469396416,0.2340352418779,0.1362998132976,0.1277218462843,0.4328315189844,0.5146550636614,0.1028498739856,0.1468289894533,0.1512527787851,0.1943097855700,0.1850224096072,0.3471035155944,0.3109136270630,0.2077360611342,0.0886791678356,0.0274888677011,-0.2723823156569,-0.1369931692719,0.2091462000359,0.1062261926141,-0.0605411430332,0.0861403005593,0.2536879076458,0.3440416556241,0.0818762615024,-0.1924935538458,-0.4225947687238,-0.0379443583803,-0.0807282936462,-0.0839333261164,0.0739682312642,-0.2344578059922,-0.0277288190240,-0.1141844754462,-0.3481472772964,-0.3745562237297,-0.1177612321917,0.0360385818351,-0.1022423800993,-0.3941515283739,-0.2156881339564,-0.0946269884224,0.1039400622644,-0.0741018848542,0.0354325147653,-0.2615661896551,0.1546494540820,-0.0452992143852,0.2786110891039,0.3802831892629,-0.1428307878624
0.3853913996458,0.2199982443619,0.3287441615919,0.3287373625169,0.4076072995931,0.3704969462624,0.1824733042492,0.1933247913187,0.1793329819705,0.5062715926611,1.0000000000000,0.7176822448818,0.5282181217144,0.2761578555380,0.4342971601715,0.4491448591585,0.5129149932390,0.3324914817155,0.2238636776375,0.1323750510065,0.5110300679587,0.6232010136832,0.6613972909026,0.4351095344814,-0.0725918474015,0.4454434178802,0.4061038610062,0.0652340904488,0.2901655350867,0.0469748858094,0.3831957004596,0.4894174300158,0.4958830804190,0.1748546522859,0.2348751468531,0.2988570810658,0.4103440573670,0.1070754708267,0.1439789643389,0.2751252439227,0.4004339192429,0.3727694779496,0.2418624076591,0.0472105957045,0.0052207694550,0.3643471520685,0.4450210082295,0.2061853678754,0.3580918076173,0.4680834957410,0.0978081639086,0.0575495118479,0.0287320558131,0.2444040798479,0.3128585575319,0.1763029134575,0.1083775278269,0.0038758365293,0.1418345871783,0.0395688593980,0.1050684055247,0.5782764592090,0.2925330728370,0.1883906262166,-0.1274951883890,-0.2867169315683,-0.0886472350744,0.2439804884111,0.0658916893018,-0.0670127780839,0.2442808495975,0.3566820673013,0.4527485222793,0.0403240090067,-0.0917263474696,-0.3208278667657,0.0727891382046,-0.0765654790827,0.0013589294000,0.1835038986107,-0.2942719088670,-0.1070808910355,-0.3096858469422,-0.2571057787979,-0.4197844580423,-0.2706812442915,0.2646638439043,0.0980042190630,-0.1991375970531,-0.3400473019758,0.0890659991372,-0.1447237377856,-0.2083590479149,-0.0732900122418,-0.3864904898468,0.1937036788504,-0.0290175530898,0.0246089029790,0.1354560904664,0.0940340792048
0.4892810737013,0.3925780841077,0.3710170160802,0.4590903360254,0.5321731771422,0.3841919176723,0.2688299629000,0.2357185685028,0.2062186411591,0.5867066171822,0.7176822448818,1.0000000000000,0.7906271614837,0.4304117613623,0.5483904713950,0.5277573842000,0.7001670632511,0.3551610530719,0.2796430229142,0.1758020126906,0.7051205561738,0.5975780501647,0.7429213685769,0.4682804841494,-0.0507483959174,0.6453027111070,0.5157653116820,0.2315445472065,0.1206839707691,0.1773406692864,0.5440402440205,0.7161934399077,0.7074035260464,0.3359750144202,0.2431921547544,0.3059283392541,0.2607027827720,0.2378848341865,0.1532605352113,0.4461533717428,0.4027549611685,0.4649634654998,0.3780464130715,0.2302288541409,-0.0084782706500,0.4704967318623,0.6549504415698,0.1727756738067,0.2776985944385,0.4788968518483,0.1132543843811,0.1653280345086,0.1475202797793,0.2507885981064,0.2149245499770,0.1787146526124,0.2060284087188,0.0008434602973,0.0590760121906,0.0302883356207,-0.0158731543119,0.4666433312308,0.4766763243174,0.2550130842590,-0.0780813861620,-0.2770114674616,-0.1441007381248,0.2514955058877,0.0245874278336,-0.0050120860706,0.2480243856194,0.4721337747090,0.3785935897796,0.1233259953157,-0.1431778316758,-0.2498255217820,0.1522652951609,-0.0308933391107,-0.1862094778590,0.1205236100142,-0.2683939896118,0.0311187089073,-0.3631540746791,-0.2762717969345,-0.3741291236544,-0.1549425747880,0.0656093777374,0.0846518503547,-0.2339677824083,-0.2524400824572,0.0287133353056,0.0075690167120,0.0005876135672,-0.1249589673117,-0.4137417981167,0.1872460173253,-0.1915355538645,-0.2708978833479,0.1241319515007,0.1075681018455
0.3242567082317,0.3062352943155,0.3228674195603,0.3182079404004,0.3419029520165,0.3258524483685,0.1813711388965,0.4258510456503,0.2662783431666,0.5553247452392,0.5282181217144,0.7906271614837,1.0000000000000,0.3023733050921,0.3402589407944,0.4345572249498,0.7911480300626,0.4278454326604,0.3392958158613,0.2981721210908,0.6146835100399,0.4199090879615,0.4046428773449,0.4395297082118,0.0216184381752,0.5048194138858,0.4298203641503,0.2282885441068,0.0346028804336,0.1439165623077,0.5528551621960,0.5329664970308,0.6404742765339,0.2544954698628,0.1662363976927,0.3182477303296,0.1751523714158,0.3311957515247,0.1260138452902,0.3256338793665,0.2577601117453,0.3592618629110,0.3260765714349,0.2331035773735,0.0556029881819,0.3193126802033,0.4395798612062,0.1686140277579,0.1938078137409,0.3569976169842,0.1419344216538,0.2626829161982,0.1268058380528,0.3097538444281,0.1992910920276,0.1400417611905,0.3290436682455,0.2161076383442,0.2230719994616,0.1747074532964,0.1086982809147,0.4845497340998,0.5396209775451,0.4727206454085,-0.1037560615615,-0.3269112953779,-0.1197088581344,0.3956749599660,0.0932450172673,0.0903922593762,0.2297310873029,0.3145494089723,0.3272521896288,0.2325443782775,-0.1554640289230,-0.2597314487284,0.0537825066862,-0.0117475327653,-0.1827147270886,0.1227302315396,-0.2227765581173,0.0331915070424,-0.2224104724826,-0.2939453106518,-0.3480481980078,-0.0596057203717,0.0076838103575,0.0888374499109,-0.3227706508613,-0.1889397307552,0.0188980572387,0.0149532007896,0.0233166467530,-0.0659933292398,-0.2745241369796,0.1836513573862,-0.1690687574487,-0.1315320930621,0.1471107364366,-0.0886508014575
0.7231203600435,0.6576644809524,0.5127742309655,0.3739572009375,0.5808516214481,0.3838574974398,0.1092676020559,0.0671070410299,-0.0060345365128,0.4482698028048,0.2761578555380,0.4304117613623,0.3023733050921,1.0000000000000,0.5299555557671,0.1874201819827,0.1312025033977,0.0594138382450,0.0906807177741,0.0318710798921,0.3466792599833,0.4510911824615,0.3833149753151,0.1641186762647,-0.1478416052122,0.2825799893712,0.3706833947695,0.4223542895682,0.1863845014140,0.5619877170197,0.1823854112061,0.3482451946089,0.2381759477746,0.3227720049794,0.1267745904016,0.1632305821998,0.3043489448511,0.1115045406198,0.0596287453297,0.4139417221460,0.5266885149319,0.4690531428299,0.2742022848929,-0.0347916127069,0.0242645074170,0.5284231080375,0.5258777905184,0.2428139531798,0.5758318332423,0.4312856156602,0.5201978642947,0.3761400007343,0.0291880917281,0.2273676186561,0.2591513861292,-0.0227083995756,-0.1054283750457,-0.0625766906102,-0.1568882619978,-0.0647438931216,-0.0661408268817,0.1697847168751,-0.0304719531270,-0.2232749671446,0.3875864613839,-0.2985297580511,-0.2286218871747,-0.1861753019364,-0.1364866753669,-0.2282657561241,-0.1696131993549,0.2047969871272,0.1125057595978,0.0784376662569,-0.2379498662448,-0.3885004591831,-0.0166389490949,0.1352924601826,-0.1009448283006,-0.2332605301008,-0.3381610976041,-0.3912397590702,0.0285025017130,-0.2277149809815,-0.3153408126121,-0.0995728781096,0.1588004048060,-0.0214249809037,-0.3087308298807,-0.1317865956097,-0.0244252782923,0.0650772768734,-0.1950610318043,0.0695661634802,-0.3761410641336,0.1501748743056,0.1395364313080,0.0077980748283,0.0912932397796,-0.2067108837141
0.4936014590401,0.4596973011536,0.4253502283997,0.6493570723580,0.4916155586130,0.5203493518660,0.5096126748466,0.1544172645326,0.1743924630217,0.4584616938465,0.4342971601715,0.5483904713950,0.3402589407944,0.5299555557671,1.0000000000000,0.5615944476448,0.3345030782881,0.3525308232121,0.2567238754053,0.0993617667784,0.3870790670986,0.3221085433071,0.3913355533779,0.3697698718809,-0.1405296844905,0.3895315649730,0.3948959395094,0.1548945876301,0.1347330976505,0.2480387736250,0.4740999141611,0.4334903231293,0.4205303451139,0.2760703779492,0.3400783763361,0.4461715439447,0.4170164211323,0.2704819937246,0.5087715942338,0.4816899390357,0.5441442898531,0.6226864089254,0.7115068555613,0.2213321737711,0.0661894457078,0.3438747370032,0.5730182579020,0.4726688122527,0.3875635780961,0.7704147741669,0.1984474940634,0.0757814886420,0.1237550995534,0.2514033848729,0.4505829900583,0.3048416772121,-0.0373895072328,-0.1813886271435,-0.0398656314733,-0.0189671194165,-0.3467511253270,0.1836501687682,-0.1011035104144,-0.2354221838386,0.0453833674938,0.0116957272851,-0.0056572537427,0.1408826936078,0.1491717402164,-0.0999706175204,-0.1267180249434,-0.0733148849345,0.3393395749863,-0.1606448865803,-0.2356137631140,-0.4815955717826,-0.1159535295074,-0.1557376602101,-0.1145259358490,0.1406143348808,-0.5312987615986,-0.3154403037831,-0.1321529677208,0.0403583745664,-0.3882077041378,-0.3785361124890,0.2211151983098,0.3605215531492,-0.0678956250686,-0.2266360593627,0.3833919404744,0.0052381347100,-0.1346914521832,-0.2576265871206,-0.4835655174925,0.4022067679515,-0.0226350573187,-0.2274683715383,-0.0208392167689,-0.0733260396461
0.1929692136757,0.3495586367339,0.3772949876427,0.6528801340002,0.2281491192011,0.3889036189020,0.6081401124191,0.3268584051214,0.3494760034951,0.3184871567256,0.4491448591585,0.5277573842000,0.4345572249498,0.1874201819827,0.5615944476448,1.0000000000000,0.6190964565412,0.5689689547773,0.6603906685128,0.2646313338362,0.3773209652387,0.1913664738824,0.2872461833363,0.5769562482449,-0.0644220049804,0.3656572321381,0.3528263833711,-0.0346679355180,0.0001706849814,0.0076299612881,0.7594900150449,0.3905705163273,0.5308628726041,-0.0348832645216,0.2754003574002,0.7564896947862,0.1543555623021,0.2505127514379,0.3178164042734,0.1363417302103,0.2482653555108,0.2926745301684,0.4698945075521,0.1380709475800,-0.0732463002205,0.0937990736731,0.2801175862579,0.3299253231732,0.1840814382427,0.3975149143972,-0.0158523851769,0.0487988268720,0.3715249073873,0.3672898339791,0.3078077901753,0.5278318732510,0.2025377426644,0.0092588037634,0.3595639967607,0.1197527223979,-0.2140345813357,0.2803444367249,0.1620244691661,0.0382515768335,-0.0622711579440,0.0321140344364,0.3831891329462,0.5428158563837,0.5326987046279,0.1475995751455,0.2910624903562,0.0413714035465,0.5173677783577,-0.0878922526135,0.0782194732065,-0.2898179231348,0.0087555545904,-0.2639300459188,-0.1285732732335,0.6050558862405,-0.3015500688962,-0.0216874117812,-0.2847314140056,0.0402815255017,-0.3807921791902,-0.3009885584906,0.0524108727315,0.3515563296267,-0.1048568536443,-0.3863133072298,0.2311101661459,-0.2869709209903,-0.1896251279811,-0.2832096431169,-0.3798231727486,0.3064999361133,-0.0395930131183,-0.2827314249936,0.0273345885951,0.0961802286310
0.1457078100396,0.1842507571320,0.2125313905444,0.3778806088815,0.2056228858620,0.2670721715300,0.2872398902501,0.4103453636237,0.3360800620892,0.4592972711429,0.5129149932390,0.7001670632511,0.7911480300626,0.1312025033977,0.3345030782881,0.6190964565412,1.0000000000000,0.5536044120167,0.5266563077878,0.3618276805604,0.6893439613468,0.2755542689721,0.3484086990854,0.6169806456829,0.0568745114102,0.5150132914470,0.4255961860284,0.0066490880904,-0.0137879913856,-0.0339326341072,0.7207541386692,0.5216622146197,0.6815714278260,0.0494756593334,0.1681027655411,0.4688228291156,0.1327222009274,0.2887586238274,0.1219396467476,0.1290977413169,0.1473148134001,0.2101680255341,0.3663973608039,0.2394406346675,-0.0255468088450,0.1380657636410,0.2717890052562,0.0559553975282,0.0323406325053,0.2998801962189,-0.0258516773826,0.0554470068644,0.1754606358194,0.2936579157061,0.1515047630347,0.2588433802999,0.3521545053946,0.1774291806487,0.3939447097213,0.2301475574972,0.0630505262073,0.4755955697042,0.4679371502592,0.3815734534389,-0.2091074292558,-0.2066317820602,0.0759195164492,0.5573195869370,0.3261067131166,0.2517062122199,0.4984884129241,0.2310049129688,0.5018555063049,0.2158039324219,0.1315515680692,-0.1667719815510,0.1227534903670,-0.2297964819971,-0.2385918388399,0.3714274625502,-0.1552996425498,0.1611843125688,-0.4333255754954,-0.1518438301923,-0.2836658079697,-0.2292481013136,-0.0083716590253,0.1406533222467,-0.1594183283992,-0.2254823082565,0.0400326089490,-0.2299393563714,-0.0172769708583,-0.2849301796736,-0.3191905802601,0.1074189923902,-0.2758706293169,-0.2350752174891,0.0506712881161,0.1096496120344
0.1367931395587,0.0854384375342,0.2309176978271,0.3410395038970,0.1784979424854,0.3295854203673,0.2921467546374,0.4767263417035,0.1676119544324,0.2537767737285,0.3324914817155,0.3551610530719,0.4278454326604,0.0594138382450,0.3525308232121,0.5689689547773,0.5536044120167,1.0000000000000,0.2994304645177,0.2397049422376,0.3854534655439,-0.0301703577609,0.0729065812300,0.6370789312743,-0.2361369789952,0.0492890147738,0.2431238273273,-0.0094259590335,-0.0670096922320,-0.1041164636294,0.6114053601807,0.1701475234638,0.3258333579278,-0.2746647579783,0.1669165609247,0.3607419521567,0.0833458674975,0.1030449708348,0.2968679998140,0.0359203115656,0.2202487774488,0.3432984093447,0.2162024855003,-0.0664819964219,-0.0916581420698,-0.0185623381830,0.0896885740029,0.3728686644268,0.0493107792944,0.2978988509763,0.2125578024692,0.0283447587078,0.2987214439613,0.3727799765164,0.4457332915011,0.3880891139711,0.1340516937788,0.1969203361056,0.4058955473436,0.1698641126717,-0.0387928280180,0.4140298228305,0.1641765305863,0.0479320850850,-0.3157030395735,-0.0925668274455,0.0666078310411,0.6179103177546,0.3202581685261,0.0681792776456,0.1638741366991,0.0055367928244,0.4196652902289,-0.1087724824673,-0.0296857835490,-0.1629857176234,-0.0504265977155,-0.2268277670664,-0.2806211548289,0.5233538663025,-0.0931262716211,0.0549893717150,-0.2309411942866,-0.0766039826917,-0.3507517963811,-0.2704331697778,-0.1169092548232,0.3083858854037,-0.1093259819445,-0.2931524252709,0.1475105121871,-0.0176549342240,-0.3073560031090,-0.2589066850270,-0.2425690707214,0.4186336300615,-0.2891103828200,-0.0647026486974,0.1956010261997,0.0452209404263
0.0214211938001,0.2189684085010,0.2957547066142,0.4199005433636,0.0199404059264,0.3363234425880,0.4004282199997,0.4169959688418,0.5656926605899,0.3477905714412,0.2238636776375,0.2796430229142,0.3392958158613,0.0906807177741,0.2567238754053,0.6603906685128,0.5266563077878,0.2994304645177,1.0000000000000,0.5159466138035,0.2461174626613,0.1212325538602,0.0792634484011,0.4147360003541,0.2437495436962,0.2731636937763,0.3423099228101,-0.0114728630945,-0.0516564661529,0.0069069644664,0.5445070518794,0.2513703935123,0.4205476915872,0.0494611844789,0.0034367537935,0.7687264797838,0.0514512651818,0.3442015990224,0.0774379615932,0.0772935051017,0.1914792199789,0.2248537850258,0.3681454289978,0.2150646215073,0.0447310359807,0.0916279078516,0.1488561642168,0.1017796023123,0.0113345236076,0.3037070820813,-0.0629055975622,0.0987856034415,0.2403424522636,0.3437767881957,0.1823498350416,0.2856194981128,0.1839173826916,0.1181108585121,0.5327408356009,0.4672629857605,-0.0145291302518,0.1800374337166,0.0613236765191,0.1076059280535,-0.0197616248009,-0.0204138880003,0.3826659742470,0.4439160658094,0.7068010343975,0.3977961412514,0.2775238430312,-0.0737591781507,0.4566531701202,0.2564793055236,0.0748032609092,-0.1968143071037,0.1055923468626,-0.2011943107096,-0.1310969358437,0.4710128294924,-0.2165478280527,0.0020774621323,-0.2228615880131,0.0008147875277,-0.2389775813338,-0.2421880227668,-0.0241799230789,0.1057962022021,-0.1263197624221,-0.2033376505104,0.0036750529220,-0.2853113311535,-0.0318771997439,-0.2126009488469,-0.2623173929185,0.0071864123956,-0.0789878553890,-0.0917174886025,0.0830530650482,-0.0087595891286
-0.0809589396330,-0.0734272032624,0.0306692046029,0.0986386756687,-0.0702456608065,0.1185006816567,0.0079766850643,0.7611385968762,0.6464813600843,0.1827499058522,0.1323750510065,0.1758020126906,0.2981721210908,0.0318710798921,0.0993617667784,0.2646313338362,0.3618276805604,0.2397049422376,0.5159466138035,1.0000000000000,0.2626716952489,0.0624618720346,0.1207790157952,0.2751717568613,0.6094242174856,0.3440679328021,0.6099680746737,0.1820241284372,0.0602819245314,0.2128823751050,0.3155829140977,0.3301458993880,0.4224439758465,0.0605287502731,-0.0650208170890,0.2432265106268,0.1066139046188,0.7356571434812,-0.0095908666713,0.1971748904210,0.1170639837552,0.0844812210209,0.2835596147690,0.5196343502845,0.6161501341903,0.1413934796919,0.2112636062040,0.0128297104393,-0.0057309374827,0.0918743289914,-0.0047097062939,-0.0276942793024,-0.0603045620518,-0.0130602086422,0.0534569804569,-0.1016140007631,0.0911452119100,0.3505175954997,0.4126827150456,0.5834362027521,-0.2758176444546,0.0995875620596,-0.2064153618324,-0.1580188272498,-0.1150648235205,-0.3789463386781,-0.1460329706867,0.1310519850687,0.2251911250695,0.6951817434515,-0.1506361417096,-0.2126456835133,0.2423320044274,0.7174021113813,-0.1469382671747,-0.2003566156588,0.2318171052428,0.0151992006084,-0.0175810679687,0.0176121419168,-0.3657589240245,-0.1673498018743,-0.1379365823915,-0.2128759885700,0.1167720317673,-0.3184517710493,-0.0996364865781,-0.1325997709858,-0.2976969276914,0.3388106884470,-0.1141697346190,-0.1366553788829,0.2974635504375,-0.0054959902819,-0.3827451404349,-0.0446369568769,-0.0582834832658,-0.1310742350329,-0.2346171265889,-0.3238437185237
0.3525273122089,0.2316896432110,0.2608677268307,0.3778150125836,0.4473494802451,0.2782469936123,0.1479651529621,0.2294842424802,0.1426792259095,0.4146424980682,0.5110300679587,0.7051205561738,0.6146835100399,0.3466792599833,0.3870790670986,0.3773209652387,0.6893439613468,0.3854534655439,0.2461174626613,0.2626716952489,1.0000000000000,0.3068895489281,0.4836967721786,0.5721475801499,-0.0704931629175,0.5519484805658,0.4987212667658,0.1353118428437,0.0556224910113,0.1089889868683,0.4765479197276,0.6380419054148,0.5457603947622,0.1414241878180,0.2844426887704,0.1836066131413,0.2279683195365,0.1604858501338,0.0861947525916,0.1330813825280,0.1574535909677,0.2711339154232,0.3942947798842,0.0837132773499,0.1109606602660,0.2326867163229,0.3923477939848,0.0321613907523,0.0676866535709,0.3859758929191,0.2015507218468,0.0939725096797,0.0956406915584,0.2693781662792,0.1710992437520,0.1416386443239,-0.0038155420544,-0.0319038614857,0.1539928870176,0.1535463621237,0.0651225670013,0.5081444178700,0.3243872887764,0.0414643232758,-0.1689091167450,-0.3587249514983,-0.2111331470600,0.1454983685651,-0.0069611012344,0.0148569939179,0.2440829851121,0.4129838675798,0.4207652150965,0.2807478399508,-0.1191277846878,-0.1041634561109,0.0911063571865,-0.1055094084804,-0.2479438970008,0.0513248850569,-0.1090963315911,0.0232228519087,-0.3134879093710,-0.2907997436272,-0.3032620345845,-0.1589668669463,0.0378591383963,0.0957502333561,-0.2021145670040,-0.2125239286768,-0.0565169228504,-0.0623970251335,-0.1358235768799,-0.1068311727151,-0.2876895709113,0.1462900513310,-0.3361030111210,-0.1718454715652,0.0808369771709,0.1896147658555
0.4086720044062,0.2834265187809,0.2446005235876,0.1350666646962,0.3837316675971,0.2923749330472,-0.0285092068747,0.1061812262857,0.1286595880136,0.5809453280176,0.6232010136832,0.5975780501647,0.4199090879615,0.4510911824615,0.3221085433071,0.1913664738824,0.2755542689721,-0.0301703577609,0.1212325538602,0.0624618720346,0.3068895489281,1.0000000000000,0.7212905340228,0.1138696124004,0.0521310649974,0.4572785635701,0.2966085245344,0.2071534119813,0.4541798753194,0.3420895815203,0.1583150513612,0.4426900503729,0.4490312831692,0.5063415833781,0.1138359421606,0.1149094155816,0.3140508140699,0.1165158910382,-0.0466769086811,0.5112770920506,0.5982433034135,0.3606174813215,0.0923477066688,0.1112446283975,0.0742691044887,0.7069712447462,0.6679601218887,0.0447777778591,0.5282459676970,0.3658601273775,0.0614347633167,0.0624054484470,-0.2121288494756,0.0144777141633,0.0877038469862,-0.1577225721606,0.0651644615685,-0.0462885077885,-0.0971089164364,-0.0815028542234,0.1051270763680,0.1719824782361,0.1853764585786,0.0894512260538,0.1323177934887,-0.4589128210515,-0.2351864083222,-0.0782316892703,-0.1398291463083,-0.1167512457023,0.0895015078846,0.4343002670754,0.1923054637862,0.0884778901369,-0.1734233456501,-0.3762079778148,0.0441946748996,0.1724680362760,0.2434640876434,-0.1477876125541,-0.3360037860992,-0.1864114117559,-0.0404589987588,-0.4418106228631,-0.3076025429533,0.0360528766602,0.2364429667011,-0.0920427026045,-0.3516942052058,-0.1870361241180,-0.0854576618446,0.0224110472052,-0.0153111685792,0.2836027819866,-0.1809100862023,-0.0513019635206,0.2411813844633,0.1881924095919,0.0939621252554,-0.0754810459211
0.3873281480516,0.2053961209356,0.1523812545738,0.2028763797020,0.3938171134219,0.1751743078104,-0.0110188741335,0.0453125757195,0.0804200713315,0.3650315034289,0.6613972909026,0.7429213685769,0.4046428773449,0.3833149753151,0.3913355533779,0.2872461833363,0.3484086990854,0.0729065812300,0.0792634484011,0.1207790157952,0.4836967721786,0.7212905340228,1.0000000000000,0.3166081641513,-0.0090363528535,0.7039866731474,0.5532593326674,0.2779809866043,0.3098281619253,0.3281592574046,0.2444801787268,0.6912752601603,0.5452465336095,0.4873305055488,0.2380718907215,0.1041343195123,0.3398320399325,0.2107935565834,0.0307073927210,0.5328205851275,0.4283181142282,0.3254142528815,0.2572526821951,0.2522661629664,0.1090797177223,0.6377691807245,0.7056634441589,0.0034104583114,0.3056260886505,0.2985912344892,-0.0401000705679,-0.0922271979406,-0.1426636770444,-0.0923257562101,0.0089424709043,-0.1203925586297,0.0320731874657,-0.1965649617338,-0.1714410990958,-0.1200271983583,-0.1472872799481,0.3166223612282,0.2016673729270,0.0208344357727,-0.0604117557856,-0.3592596376800,-0.2693414978403,-0.0645690002316,-0.1753392141827,-0.0782791886092,0.0818274284423,0.5149161743391,0.3036702636331,0.1344951245583,-0.1832006604024,-0.1429190713275,0.2756570184082,0.1969296227644,0.0432622942357,-0.0612216211201,-0.2328444765252,-0.0954507737735,-0.2629531193274,-0.3180408852198,-0.2855443644712,-0.1245984358664,0.1886144681685,-0.0445544148821,-0.1676158999678,-0.1607858530247,-0.0665138706288,0.0806269118221,0.0410391603068,0.0676715468733,-0.3930823072969,-0.0336389413126,-0.0678977003074,-0.1939123003160,-0.0098110376336,0.1212553816343
0.2526323884062,0.2016786291089,0.2356768176742,0.4023801101580,0.2644967980317,0.3028523974494,0.3110256571080,0.2374146717253,0.1330580887139,0.2145120406585,0.4351095344814,0.4682804841494,0.4395297082118,0.1641186762647,0.3697698718809,0.5769562482449,0.6169806456829,0.6370789312743,0.4147360003541,0.2751717568613,0.5721475801499,0.1138696124004,0.3166081641513,1.0000000000000,-0.1837242882748,0.3515334414386,0.5144317048068,0.1048754536986,-0.0473477226936,0.0013574633657,0.6615185722068,0.3321145035054,0.3977351013682,-0.0725236649505,0.3850473982859,0.4869158343939,0.3937713091083,0.1785876871211,0.3718609558725,0.1059034833190,0.1300945783937,0.1959853209378,0.4100918844508,0.0503051419150,-0.0957865190562,0.1154125868546,0.1729761856633,0.2654966891898,0.1116853995367,0.2631470032101,0.1658744118555,0.0675543752223,0.2049098199363,0.2632440706227,0.3034347826078,0.3291310265734,0.1570114011254,-0.0878957317159,0.2528585974959,0.1069328771830,-0.1014512327456,0.4686066237124,0.1768008812052,-0.0085119557744,-0.2401836336810,-0.1144588325826,0.0613122394770,0.4178796474361,0.3424080856779,0.0673199804396,0.2249295236869,0.1904314365302,0.7389730001722,0.0701026677075,-0.0860061756669,-0.1499276046228,0.2499745318114,-0.1101269101517,-0.3035236175688,0.4843802425800,-0.1399174195028,-0.0390686231158,-0.3207220530589,-0.0891449759738,-0.3878202941571,-0.2409574468011,0.2002889346734,0.3460106506457,-0.0652522579810,-0.3319390476125,0.2243781381532,-0.0779350847563,-0.2335119933812,-0.1443855810241,-0.3077858872073,0.3234914338598,-0.2360341016939,-0.2573991854693,-0.0128652533913,0.1940802631125
