1.0000000000000,0.2414709410547,0.4660579804388,0.3276354594993,0.7564728319145,0.3878509652382,0.2906204693277,-0.1205231181402,-0.0928273258867,0.2950055442011,0.2354162418106,0.2398576545420,0.0636549082075,0.4905212559309,0.0015363704036,0.1540511402091,0.0506396510461,0.1021375642468,-0.1366099413553,-0.2196759918390,0.3000766895299,0.0092401888249,0.2341087887762,-0.0439555740319,-0.1270554305650,-0.0500042156759,-0.0801107435602,-0.2779841462675,-0.0397405379341,-0.2116320660344,-0.0078378568571,0.0618598479465,-0.0834979005000,-0.0764726067004,0.1780267692574,-0.0085044581558,-0.0537423821224,-0.2972111879737,0.0834288771272,-0.1058265342502,0.2049736652219,0.2087242244301,-0.1026968018611,-0.2394652736895,-0.3038494498499,-0.0159742409992,-0.0311084562308,0.2009728648992,0.2753056165765,0.4399278603973,0.6892296859911,0.3517996208059,0.3133728237706,0.4463681377846,0.3135280316371,0.3765569727268,-0.0553344937230,-0.2350626462741,0.0301020108557,-0.0906706580854,0.1588150656542,0.1016236361754,0.2413989721442,0.0921430754054,0.2127396474443,-0.0253361412542,0.0474009782913,0.1142661003587,-0.1005580424819,-0.0543184550033,0.2638819647982,0.0365381654324,0.1642591578625,0.0222556388294,-0.1102913174474,-0.0998867148483,0.0922312948809,-0.1702393498830,-0.1095788949706,0.0844399103638,0.1948329220893,0.1291184904832,-0.1190257004794,0.0041557807031,-0.0925388263287,0.0837738780245,0.0533425626652,0.0465825643911,-0.0955057728542,-0.2005386143341,0.0274865199677,-0.1202022720698,-0.0667986156831,-0.1280895811494,-0.0283109271301,0.2248564508103,0.1755387761422,0.0687975310496,0.1362031393383,0.0394627226007
0.2414709410547,1.0000000000000,0.7899748642755,0.2634672051491,0.2433173566292,0.2308073727139,0.2334372141250,-0.2648655288223,-0.2017249361771,0.3134491182706,-0.1628567158206,-0.0917687782451,-0.1489966925608,0.5293859714070,0.5754918299838,-0.1052019632676,-0.0896980305980,-0.3034574815566,0.0258581564012,-0.4431052624971,0.0114503837787,0.1355433778499,-0.2251556117704,0.0187881583908,-0.4287527443097,-0.1520318354214,-0.5224523597998,-0.0244719130193,0.3538888604073,0.5275284526173,0.0762332356947,-0.4295448780676,-0.3312053702649,0.0195018251554,-0.0488375822337,0.0808107192070,0.0544818461469,-0.2909087496820,0.0997376039026,-0.1543751382660,0.1927307916281,0.1134893607091,0.1031313963590,-0.3455161933517,-0.1110752497973,-0.1354252169198,-0.3382272073495,-0.2367096628473,0.4824211580936,0.1884390367292,0.1388981115428,0.8345692170265,0.2151159970022,0.0458994826836,-0.0197829889095,0.2870356237036,-0.3543448770118,-0.2467974760505,-0.1636346989417,-0.2003014134405,0.1375012494629,-0.3235084173401,-0.0126348953341,-0.1015951078784,0.6121579792803,0.0809677226631,0.0217679091365,-0.1486055978433,-0.0567559420435,-0.4989041203945,0.0500595386770,-0.2947268722207,-0.1044835080070,-0.4643976080370,-0.2360378865297,-0.4533280338485,-0.5617288905614,-0.1126277448322,0.4009890921337,-0.0183852050617,-0.4734122438103,-0.3486385365949,0.4123155938601,-0.0527778217603,-0.2601916726788,-0.3755791087621,0.0916023850693,0.0026298345048,-0.1073728911883,-0.5278093935446,-0.2272793805035,-0.4849477586555,-0.4773648373250,-0.0378764987082,-0.3324672412841,-0.2309333453551,0.6320600493350,0.0870728354765,-0.1038846343545,-0.2673666590330
0.4660579804388,0.7899748642755,1.0000000000000,0.5417307013605,0.4954592244255,0.5659157779026,0.4935616409894,-0.2044912406065,-0.1607631899006,0.4118012314003,-0.1591234758375,-0.0169548068789,0.0203513480932,0.5463174209446,0.5751785539845,0.0396810783976,0.0184256885670,-0.2680630543291,0.1324245209183,-0.3441854154694,0.0301360571685,0.0165019622712,-0.1905108954932,0.1685729844730,-0.3837941998938,-0.1402476719866,-0.3256876602793,-0.0685275033404,0.1723700686475,0.3706430440695,0.2247183050330,-0.2475647768809,-0.1764128574022,-0.0087072693409,0.1487837486139,0.1944648689913,0.1661188825776,-0.3073127554184,0.2162907990134,-0.0860617920630,0.1178476463877,0.1799125455741,0.2499342664077,-0.3039816900637,-0.2213353010468,-0.1404443952784,-0.3511953391464,0.0188541163752,0.4119694621405,0.2532519649874,0.4580187397272,0.8415055278816,0.4299155413228,0.4663985699348,0.2920231999225,0.5191905175551,-0.3359200245510,-0.2830696441139,-0.0955714065714,-0.1334542982305,0.2378182076418,-0.1628045343714,0.0560687745909,-0.0764503932790,0.7005749529598,0.2390412148059,0.1724402616154,-0.1342893578677,0.0083029668866,-0.3828577659841,0.0168850242812,-0.1917489868288,-0.0171556895171,-0.4391294594955,-0.2516410567963,-0.4734741793562,-0.4738002538569,-0.1122993843659,0.2257585109074,0.0343448356699,-0.3081202987962,-0.3233099070985,0.3644422784275,-0.0084945406149,-0.3784019808691,-0.2310078711587,0.1589377943091,0.1973779646202,-0.0289899861322,-0.5053876672661,-0.0938715042474,-0.3842351578946,-0.4058241569610,0.0204360401956,-0.2163912825102,0.0355299529157,0.5622828838870,0.1338029415215,0.1657272601871,-0.1336157802558
0.3276354594993,0.2634672051491,0.5417307013605,1.0000000000000,0.5145810989167,0.7887877404030,0.9036340466255,0.0204350428534,0.3580857124462,0.4267224676319,0.0706466203926,0.1872580196341,0.3059926831872,0.3493228531382,0.6436428690144,0.5782492241872,0.2909094702891,0.0009297933851,0.6359409540115,0.1816375666402,0.2246464291133,0.0718461031342,0.0482584685562,0.6291389878219,0.0973966324133,0.1893911900018,0.1227113527511,-0.0991973883206,-0.0157396997493,0.0775325330157,0.5635930180783,0.0613027050206,0.2303735498241,-0.0254710313867,0.6982971333872,0.7084384984426,0.3802482708834,-0.0273388752669,0.3746859195185,0.0366710602206,0.1092544282633,0.2140884973576,0.5671590616220,0.0063064395654,-0.1175987269982,-0.0264926881494,-0.2457350285207,0.4024797868110,0.2199969962155,0.3399267147592,0.3774163189793,0.3811389958519,0.7927304613753,0.7168979509346,0.7141934479119,0.8512207044617,0.1156516011002,0.0350338762182,0.3513440226222,0.4508417534685,0.2012140516968,0.1542085944013,0.0439260572176,0.1632897243276,0.3329203129164,0.5706111922553,0.6594541223595,0.1671586376523,0.5188473721185,0.2152189391628,0.1215199231431,0.0595877252465,0.5007670263497,0.1052373714474,0.1641422001987,-0.1740998002492,-0.0631912093195,-0.0729867471016,-0.0507831989936,0.5105168159163,0.0070868402742,0.0870758305178,-0.0777961363967,0.3599899026059,-0.2617952997544,0.0708478937616,0.3402497247314,0.7134770642210,0.2853243831051,-0.1639819755705,0.1996101475102,-0.0511933956973,-0.0274342779776,-0.1551962570668,-0.0939569284010,0.2805596164491,0.1134337525135,0.0068287804440,0.2820272678290,0.3026900945798
0.7564728319145,0.2433173566292,0.4954592244255,0.5145810989167,1.0000000000000,0.6334657413447,0.5359396327216,-0.0828867162001,0.0220292306110,0.4424471318989,0.3563661105272,0.3501259901328,0.2233021022530,0.4414585920787,0.2884224168846,0.2809189081873,0.2478562925615,0.1605094409952,0.0880110647102,-0.0962942122074,0.3466342790077,0.2162946904357,0.3658755178646,0.1863780180225,-0.0838324093562,0.1207160120128,0.0389011983328,-0.2933533375796,0.0604556074396,-0.1287140295161,0.2465065342395,0.1939649600350,0.1276293749224,-0.0005862715055,0.3060985704818,0.2025942940935,0.1502773236005,-0.1909096067776,0.2347808042579,0.0341518979531,0.2629333708819,0.2833741514566,0.1278507595114,-0.1309978907623,-0.1882317349641,0.0987516112205,0.0363655242523,0.2654540122186,0.4969961596054,0.5011917555951,0.7102214819177,0.3159005785527,0.4465251580291,0.6225497534265,0.5431722709614,0.5316301971782,0.0140566886803,-0.1652872740419,0.1050694572264,0.0312450423456,0.2643211555223,0.2395658267593,0.2717572030248,0.1461438682777,0.2793534397832,0.1431573098617,0.1500136769249,0.1467665676439,0.0208669221933,0.0068569891492,0.2339107204697,0.1793911701640,0.3206932734008,0.0297021155655,-0.1095195107463,-0.1124572050167,0.0762155580460,-0.1829853779222,-0.0015415722680,0.2434985427820,0.2048450132904,0.1536226964081,-0.0805834398462,0.0433943412516,-0.1406657957637,0.1438201495902,0.2139793782703,0.2056227623724,-0.0205759349440,-0.1870989982549,0.1118823859546,-0.0961308236718,-0.0641521297888,-0.1138876907727,0.0440167588275,0.2488656130974,0.2468778294146,0.1200761371629,0.3068798023991,0.1931172044126
0.3878509652382,0.2308073727139,0.5659157779026,0.7887877404030,0.6334657413447,1.0000000000000,0.8322481313479,0.0254664809205,0.2518701649044,0.5340560721915,0.1882075306234,0.2799654084225,0.3152181919167,0.4296234764775,0.5953173415118,0.4979161913233,0.3435131572652,0.0765584331438,0.5245047541320,0.1363311163036,0.2385772176575,0.1430769386183,0.1584716619373,0.5462490486233,0.0197259151560,0.1613599352739,0.1198844390785,-0.1070722905105,0.0595072984020,0.0733698415735,0.5592413449050,0.1091275335221,0.2560121288020,-0.0037013391382,0.5729448290488,0.5205305149798,0.3589357149905,-0.0777864899243,0.3530182204226,0.1016048158973,0.2278988028205,0.2742039362359,0.4388828591428,-0.0208110740314,-0.0610328377437,0.0528988513153,-0.1575928357608,0.3974969734349,0.3687972105489,0.3539919119664,0.4009935434461,0.3142207833201,0.6072229102042,0.8127696128500,0.7111996489815,0.7383376549109,0.0748841832663,-0.0368633907146,0.1872949554156,0.2835828846768,0.2825460874362,0.1508996729094,0.1227180992001,0.0911752254076,0.3554647312809,0.3754094219987,0.4712302238349,0.1357277257733,0.3502141380063,0.1083852176012,0.1240030224506,0.1238470541647,0.4010847950414,0.0052316080822,0.0267747595118,-0.2202319512168,-0.1139758188461,-0.1272500481184,0.0194665592740,0.4359091481304,-0.0123038712806,0.0355854419289,0.0044846894031,0.1902638997841,-0.3559316942586,0.0816343161637,0.3011380415147,0.5660343717500,0.1254607450225,-0.2264828939933,0.1161163864863,-0.0826833475011,-0.1205475883341,-0.1194101285897,-0.0654464637329,0.3094006186776,0.2279605580879,0.0195050112097,0.3105571657989,0.2667884184300
0.2906204693277,0.2334372141250,0.4935616409894,0.9036340466255,0.5359396327216,0.8322481313479,1.0000000000000,-0.0651359453130,0.3209256820944,0.4252651092933,0.1059688154745,0.1819002660189,0.2630224793237,0.3399513755587,0.6557143206340,0.5444463650111,0.3118679746608,-0.0572883554610,0.6335073127583,0.2042799570828,0.1787386365924,0.0815712216922,0.0470156575760,0.6428545719416,0.1092367879412,0.1503606178605,0.1105709938629,-0.1047084524802,0.0533176677607,0.1012442373750,0.6149212846826,0.0330639116028,0.2372194127218,-0.0349709377139,0.6080865068651,0.6791116896585,0.4249842714481,-0.0386068524316,0.4500254822830,0.0506339815112,0.1366818401212,0.2291649171848,0.5938953301290,0.0031969918897,-0.0528996199005,-0.0060553797274,-0.2352669876354,0.3631261174969,0.2909926762884,0.3379398927336,0.3754495862041,0.3230850685175,0.8050254770441,0.7076601676537,0.7310755952335,0.9176696486538,0.0780414696163,0.0149843403913,0.2605867373189,0.4317302398731,0.2407832344400,0.1483957835229,0.1096730997604,0.1820832765849,0.3447961334474,0.5752652947753,0.6522201796587,0.1712360742421,0.5168426184281,0.2205170982793,0.1328395996748,0.0434491860651,0.4807576234151,0.0816698817361,0.1362372904240,-0.2800347777060,-0.1246349832622,-0.1064310876135,0.0154943245260,0.5767116256579,-0.0116736118151,0.0841577530862,-0.0258093867660,0.3937184078853,-0.2899550744847,0.0318218480918,0.3870532745976,0.6720111222001,0.3268927837215,-0.1734992040366,0.1880525403928,-0.0893765364489,-0.0886818144592,-0.1682223658375,-0.0621096453950,0.2613054933781,0.2032323303135,-0.0043072584051,0.2867230766552,0.3403553749901
-0.1205231181402,-0.2648655288223,-0.2044912406065,0.0204350428534,-0.0828867162001,0.0254664809205,-0.0651359453130,1.0000000000000,0.5631126915484,0.0783241479673,0.2444776722746,0.1862930820364,0.4038988700462,-0.1273602712054,-0.1885078091057,0.3882097996102,0.3122900315016,0.6336809729563,0.2346035019564,0.5026760158183,0.1582260176798,0.0387167462962,0.1868510282494,0.2081426841460,0.4560929467409,0.3614362025801,0.4742252918705,0.0816992717404,-0.1803098905601,-0.1263257493912,0.2122226982283,0.4187989987055,0.4268814331108,-0.0618525177863,0.3331833013018,0.1171574002248,0.0621262788169,0.5419846439326,0.0267778686253,0.1857215701175,0.0038248748987,0.1181897619191,0.0261502775404,0.3807225495730,0.4651050524992,0.1419197585173,0.2432198249751,0.2330079561384,-0.2011831252683,0.0661983228137,-0.1368489180908,-0.2210442314686,-0.0528626799611,0.0884945097884,0.0332502208873,-0.1855781847874,0.6099399008831,0.5737428457063,0.4572026721424,0.3665600065228,-0.0656654485994,0.2588549002473,-0.0554369839318,0.0348275615230,-0.1870168850675,-0.1197113805885,0.0598333423686,0.2307554158344,0.2007693509157,0.3786993245798,-0.0064247845717,0.1712101890869,0.2542573589524,0.3675031483157,0.2728058218569,0.4178952300943,0.3599333850942,0.1898442113496,-0.1689908547877,0.0394326712717,0.3573230101162,0.2839360716230,-0.1544629701873,-0.0218760463347,0.3479082189170,0.3506053457373,-0.0095133390031,0.2411508403639,-0.0589081988719,0.4510133758716,0.2285905927365,0.2958804611268,0.4030791057039,0.0008995874788,0.2049800327311,0.1792214923738,-0.3332911929649,-0.0668039078652,0.0630719424823,0.0662351508466
-0.0928273258867,-0.2017249361771,-0.1607631899006,0.3580857124462,0.0220292306110,0.2518701649044,0.3209256820944,0.5631126915484,1.0000000000000,0.1842953612157,0.3349903717678,0.3133417160206,0.3801099557089,-0.0530511809367,0.1800298781300,0.5797211775888,0.4255418426478,0.5259121726144,0.6614660908601,0.6455359146208,0.3423619269319,0.0727152375783,0.2496994588826,0.5833727882136,0.7091142058716,0.3710262790069,0.6055080110770,-0.1271673707269,-0.1056638251573,-0.1403469111442,0.4570220808606,0.3293746340754,0.4674599946207,-0.1513299534560,0.5595477579096,0.5218801334949,0.3873345736330,0.4758323595617,0.2321059663124,0.1149452615876,0.0323336098000,0.1317700322452,0.2746602173419,0.3696962946450,0.2117129069701,0.0398154111180,-0.0200466395665,0.3124793324281,-0.0906119197188,0.2582661794175,-0.0813701618917,-0.1939976285347,0.3751257246380,0.2749029001434,0.3425713120063,0.2557357232424,0.6410081402106,0.4982100636631,0.6466624269253,0.8971903538955,0.0712766207277,0.3914012036090,0.0425288894097,0.2575861996982,-0.1272897546315,0.3221228550703,0.4001840449439,0.4851016452215,0.5707087914688,0.6560571101927,0.2432321025268,0.2690154836696,0.6791478706439,0.6743513010686,0.4544033684394,0.2464587869597,0.4296760495255,-0.0716100460501,-0.2006835452795,0.5719853937179,0.3437307618620,0.4355199426811,-0.3684640744189,0.3226592382975,0.1425416115110,0.2444795969919,0.3689817371320,0.5554476357910,0.2704701196164,0.4326759615058,0.2874698902564,0.2011011246079,0.4378679580520,-0.2221804150250,0.1286708550252,0.2386043359230,-0.2984937141650,-0.1553406908015,0.1748180774204,0.4019489688130
0.2950055442011,0.3134491182706,0.4118012314003,0.4267224676319,0.4424471318989,0.5340560721915,0.4252651092933,0.0783241479673,0.1842953612157,1.0000000000000,0.4127090938204,0.6382753292398,0.5182232829421,0.6954944854938,0.6048721325873,0.4156217772903,0.5346766214963,0.0783772688977,0.4305133227154,0.0249997542739,0.6048346912579,0.5714651842357,0.3922127321190,0.4815485275087,-0.0110482694396,0.2957935506522,0.1537421844735,-0.1234043092192,0.2964647574335,0.2595215956661,0.5919226493658,0.2802078799906,0.3569809917277,0.1080180415927,0.4313155835800,0.4877457923501,0.4036173141876,-0.0935933980867,0.2100416838594,0.1788964396217,0.4159101874727,0.4294799337177,0.4146411840884,-0.0313644039640,-0.0760631378975,0.3499826584539,0.0836769873306,0.1759530963009,0.5790277494026,0.6529006215164,0.2105424622147,0.2178598551193,0.1702103329841,0.3360750684863,0.2157806783582,0.3504254238252,-0.0873479500329,-0.0832440635356,0.2152153711390,0.1605657289180,0.6125125764990,0.3934330191290,0.3972818086609,0.0708302735367,0.3238481595942,0.1500108091002,0.3751876185050,0.1250461646507,0.3442377773444,0.0041759339438,0.3434068154594,0.3621124283484,0.4008597524745,-0.0204392010720,-0.0113515716185,-0.2174041378096,-0.0782608552397,-0.1007770540076,0.2669885496423,0.3382351722921,0.0835169692821,0.0443252574433,0.1138515541827,0.1373654577263,-0.3115214510597,0.1925876594160,0.3783500783476,0.4182270235875,-0.0328375299848,-0.2656110379737,0.0140509718694,-0.0988570238066,-0.1375284201350,0.1234300447609,0.0804532536632,0.0491206660244,0.4447385627303,0.3318194000600,0.3687474455872,0.1181084992255
0.2354162418106,-0.1628567158206,-0.1591234758375,0.0706466203926,0.3563661105272,0.1882075306234,0.1059688154745,0.2444776722746,0.3349903717678,0.4127090938204,1.0000000000000,0.7442116197744,0.4824917787146,0.2564928019480,0.0910343045624,0.4065300908224,0.4218833788421,0.4999401814941,0.1391307611293,0.2112135541179,0.5530695885771,0.5275355441186,0.7839583464968,0.1842114249584,0.1822523442656,0.4197931011831,0.3378044284502,-0.1965554734196,0.2448716247424,-0.1193318774844,0.2526432196665,0.4972591148051,0.4336175553687,0.0348970737624,0.3025238098357,0.1202635460488,0.1058534856367,0.1400503404706,0.1558560457827,0.3032560725429,0.4837349962452,0.3753274126727,0.1011811301967,0.1919329894103,0.2061752652478,0.4091298878212,0.3320797057664,0.2600774256869,0.3697955012217,0.5483172457537,-0.0248759385364,-0.2997566237901,-0.0000810662388,0.0998952717804,0.1333938465475,-0.0063771957474,0.3298759969331,0.0785930956391,0.2394773547043,0.2701188346382,0.1348700005275,0.6023345521484,0.3992908436153,0.2508110342877,-0.2165905172359,-0.0625023605808,0.0429552761164,0.3066690776866,0.1040442774538,0.2624830139386,0.3151123527696,0.5274785271631,0.4142631597251,0.3650019940812,0.1313407479007,0.2084127138379,0.4312605160497,-0.0800754325122,0.0950901577362,0.3382131487168,0.4041232941559,0.3299036318245,-0.2980114836067,0.0599090094014,0.0292978682887,0.4229114217660,0.2259921895748,0.1060420576808,0.0308021990897,0.1615505455455,0.2217843953461,0.2474387253279,0.2137092062311,-0.1215728769456,0.1997558347113,0.1571535375325,-0.0382026354684,-0.0554664850360,0.1673626144559,0.2611519529287
0.2398576545420,-0.0917687782451,-0.0169548068789,0.1872580196341,0.3501259901328,0.2799654084225,0.1819002660189,0.1862930820364,0.3133417160206,0.6382753292398,0.7442116197744,1.0000000000000,0.6169501426467,0.4341842815294,0.2601943095308,0.3950216453656,0.5675904064358,0.3820318075666,0.2781695301602,0.1470019660423,0.7731469200905,0.6715523150458,0.8115972199895,0.3362537980533,0.1612874014730,0.3832606332883,0.3355886325406,-0.2095398047676,0.3023419306317,0.0173644547627,0.3749258714729,0.5067316444287,0.5200242965418,0.0213125952538,0.3640721367259,0.2581475307358,0.2197273189062,-0.0133039774816,-0.0052353847876,0.1704485418349,0.3750314309127,0.3132715953772,0.1128798726152,0.0613426389336,-0.0084458966636,0.3507797902547,0.2160052394623,0.1720554495507,0.4188181228854,0.5956662522876,0.0761656061540,-0.1978110418716,0.0234755675454,0.1789805694554,0.1314928082965,0.0536893302545,0.2142031857073,-0.0018782792988,0.2964763121623,0.2483585667164,0.3884848108674,0.6258556972009,0.5588511574681,0.2010905013563,-0.0286728953971,0.0025101057418,0.0995542919573,0.2933508917615,0.1829345743533,0.2418544748104,0.4469789235582,0.7187573182894,0.4361275684922,0.3150033043663,0.0604756611125,0.1060276722198,0.2607175324075,-0.1334373317125,0.1553530227311,0.3533364018735,0.3425764569051,0.3321303449154,-0.3060037579986,-0.0443252842925,-0.1289478789368,0.3512974371472,0.2455967629352,0.2288006961861,-0.1250677051098,-0.0167315065808,0.0041548007140,0.0814226197527,0.0707203971606,0.0376146281072,0.2614772562578,0.0668455328299,0.1027569209191,0.0928613812307,0.2063632120840,0.2330965173997
0.0636549082075,-0.1489966925608,0.0203513480932,0.3059926831872,0.2233021022530,0.3152181919167,0.2630224793237,0.4038988700462,0.3801099557089,0.5182232829421,0.4824917787146,0.6169501426467,1.0000000000000,0.2250572339534,0.2440723078847,0.3809637974531,0.6675248622733,0.3551874733090,0.4007031467514,0.3584971945962,0.5120507598259,0.3913474911790,0.5147134058440,0.4559657412051,0.2962426133907,0.4378720222040,0.4959933549415,-0.0575554854555,0.1098589879999,0.0984817518746,0.4970671264885,0.5530001399711,0.6805669851637,0.0196390411423,0.3769986083638,0.2774153317961,0.2919786627391,0.2291877320097,0.0671663791766,0.1401024662032,0.1786358866074,0.3207189091872,0.3158664641358,0.2573783447231,0.1746388852646,0.2641300215588,0.2531705077994,0.2017001440418,0.2137634640027,0.4332527328728,0.0469625818374,-0.1447833635340,0.1282387639039,0.1986306715049,0.2039468367717,0.1337505987479,0.2764582785264,0.0763716649333,0.2126364594081,0.3106792464384,0.2724061100368,0.6006722084638,0.4215101659992,0.3183668051821,-0.0243866994024,0.0308722276019,0.1569993979229,0.1977876665150,0.1782703912314,0.3020544039946,0.1528195251498,0.5121836378054,0.3571703704687,0.3103877996230,-0.0140348873682,0.2198819452410,0.2811461337662,0.0275375647390,0.0779778865817,0.2765942991347,0.3291337176127,0.2986277707634,-0.1761156425048,-0.0030487640937,-0.0748146574068,0.3029169062183,0.2135643573127,0.2946784574957,-0.0476755938931,0.1429981729373,0.0633905537718,0.0896351979240,0.2377205025497,0.0264680212091,0.2647307265270,0.0592867381408,-0.0132268522251,0.1272890066650,0.2512404588927,0.1784620382904
0.4905212559309,0.5293859714070,0.5463174209446,0.3493228531382,0.4414585920787,0.4296234764775,0.3399513755587,-0.1273602712054,-0.0530511809367,0.6954944854938,0.2564928019480,0.4341842815294,0.2250572339534,1.0000000000000,0.5465428112123,0.3481636401541,0.3394683499724,-0.0378513335894,0.2183311958101,-0.1831705771219,0.5248267514245,0.3666665338771,0.1791206701906,0.2703898056867,-0.2368863236597,0.0963621104359,-0.1935391827257,-0.0054427653204,0.3142760089070,0.3962843659389,0.4166620991683,-0.0112071464524,0.0370823536449,0.1024291971933,0.2750835685106,0.3268859508418,0.1641187611916,-0.2920152445130,0.1523538134680,0.0547903460909,0.4545757840952,0.4072262017232,0.2644808746591,-0.2358665596458,-0.1569481416040,0.1677132761466,-0.0767415883412,0.0861648216762,0.6093291340873,0.6376997213935,0.2021744098068,0.3392046799234,0.1563720011333,0.2178710065472,0.0773054540844,0.3473328181641,-0.2511824369022,-0.1983253878415,0.0090781915765,-0.0325738199334,0.3215557299484,0.1247736009333,0.2826652832463,-0.0114640622277,0.4411719892943,0.0827392659870,0.3277670463158,0.0766844531471,0.2510725253662,-0.1514022592061,0.3618881002930,0.0637446499762,0.2147557872027,-0.1652038486587,-0.0700048388397,-0.3105228222642,-0.2442325361091,-0.0317786493744,0.2762643745996,0.2223558749659,-0.1277308023124,-0.0656988616590,0.2348274388395,0.0985804447691,-0.3455829483701,0.0227243345627,0.1898229540411,0.2890846676790,-0.0742494999946,-0.4390687082038,-0.1422513380694,-0.1543122090279,-0.3094153832426,0.0161684205099,-0.1841545192090,-0.0134930185476,0.5549600019761,0.1508940936228,0.1117907331497,-0.0263940499272
0.0015363704036,0.5754918299838,0.5751785539845,0.6436428690144,0.2884224168846,0.5953173415118,0.6557143206340,-0.1885078091057,0.1800298781300,0.6048721325873,0.0910343045624,0.2601943095308,0.2440723078847,0.5465428112123,1.0000000000000,0.3077304002722,0.3825268556795,-0.1824721701040,0.5870282998370,0.0255028518714,0.2463786373552,0.3405298791188,0.0504793580099,0.5834626714718,-0.0844182777828,0.2321422923062,-0.0494151429131,-0.0023131054392,0.3547015667379,0.5333999680375,0.6281905789312,-0.0338951108716,0.1965708215689,0.1581491279468,0.3589760369621,0.6064664808401,0.4399517116244,-0.0941439165465,0.3699774657572,0.1841990220598,0.3285256610302,0.3568768666003,0.6845247246504,-0.0132993393450,-0.0048284664383,0.1218752818231,-0.2034459395898,0.0891486625043,0.5480299744610,0.4055699076331,0.0206772404242,0.3929811281718,0.4198114926671,0.3034618536500,0.3061742886532,0.5897262494674,-0.2113443614156,-0.1197729439072,0.0755088212932,0.2543778690892,0.2422636024575,0.0789489223239,0.0524423739896,-0.0110649836291,0.4252149581770,0.4526325375148,0.4891451857120,0.0284042021462,0.4250404503788,-0.0785829626784,0.1006679672922,0.0120617337424,0.3045633575491,-0.1542697556386,-0.0641285159155,-0.4149540141803,-0.3488506115877,-0.0754334062745,0.3108778198726,0.4246590478712,-0.3098481423773,-0.1761319678717,0.2099343335406,0.2512739990723,-0.4103912401971,-0.0825215687093,0.3971788876614,0.4918616524082,0.2262521953328,-0.3695870234709,-0.0113588328198,-0.1830694988679,-0.2562155555412,0.0056460736884,-0.1620683861039,-0.0505949055705,0.4839991771782,0.0622323383703,0.2009923348906,0.1115098290949
0.1540511402091,-0.1052019632676,0.0396810783976,0.5782492241872,0.2809189081873,0.4979161913233,0.5444463650111,0.3882097996102,0.5797211775888,0.4156217772903,0.4065300908224,0.3950216453656,0.3809637974531,0.3481636401541,0.3077304002722,1.0000000000000,0.4863835318133,0.4761157340645,0.6618868921279,0.4126370727425,0.4477547494699,0.1568342686493,0.2831101593200,0.6219699871228,0.2904262888470,0.3223770769062,0.3361820512322,-0.0795247858142,-0.0668229782715,-0.0870952466305,0.6687443585549,0.3304244334358,0.3825177724560,-0.0353778400065,0.8457300788865,0.7236749276656,0.4554623926069,0.1956286962357,0.4974805352714,0.2137965370823,0.2377425488949,0.3284830509913,0.4702388441577,0.1232081254925,0.0510683438116,0.1312279735037,-0.0047973422281,0.5992592682921,0.1139472893358,0.4838048891316,0.0614489037519,-0.0963969644149,0.4448895062386,0.4594494610315,0.4427115422508,0.4485680679087,0.3901261638777,0.2726286222191,0.5667102285865,0.5592250905733,0.1597926357612,0.3389348128845,0.1353300963198,0.2602984268211,0.0131342443082,0.4098542585256,0.6446527594702,0.4839026644507,0.6057008707206,0.4374848296401,0.3304644909666,0.2160005799884,0.7151845044794,0.3563609520372,0.4377585373614,0.1267440621845,0.2496301520888,-0.0187017344591,-0.1451003904718,0.6657817896369,0.3517550945389,0.3734989221046,-0.1905098125715,0.4903744432919,-0.0315656340912,0.3592821749414,0.4487317526348,0.7848384118738,0.3170500842551,0.1329442922687,0.4585377877703,0.2538444549030,0.1944488390250,-0.1887690867662,0.0276386777185,0.4343699130610,-0.1268632838536,-0.0727969780713,0.2660004490554,0.4039323707519
0.0506396510461,-0.0896980305980,0.0184256885670,0.2909094702891,0.2478562925615,0.3435131572652,0.3118679746608,0.3122900315016,0.4255418426478,0.5346766214963,0.4218833788421,0.5675904064358,0.6675248622733,0.3394683499724,0.3825268556795,0.4863835318133,1.0000000000000,0.4149447751736,0.5429884915017,0.4900968593897,0.6580610041690,0.3213502265849,0.4598934955034,0.6166731497027,0.4006805096839,0.4238589321365,0.5685575391834,-0.0484999641825,-0.0255180708437,0.0485752855979,0.7415676909317,0.5290220540365,0.7248742461746,-0.0438185949710,0.3825224235144,0.4719405759401,0.3940394420541,0.1992177257937,0.1395783032312,0.1647491825502,0.1763632207191,0.3129805135734,0.4182203505232,0.2135805671876,0.1304421792453,0.0960190782085,0.1429578950264,0.2133756696926,0.2463102813335,0.5007959126824,0.0590032270269,-0.1726463095091,0.2048131972158,0.2246868143919,0.2330169953382,0.2263468808555,0.1593596424309,0.0845359714898,0.2218135199839,0.3746277462218,0.2719080427612,0.5515506060750,0.2518811066357,0.0794795726377,0.0526848634405,0.1925308727104,0.3082819043404,0.3518252791816,0.3502804753084,0.4302020263648,0.3261092343468,0.4255951921480,0.5087528827323,0.3774565918656,0.1029106993793,0.1215175553257,0.2820746847030,-0.0166098552451,-0.0501528147592,0.4531110295752,0.3262267877973,0.4009283701595,-0.1251192808393,0.1436299133636,-0.1206887994031,0.3200639589391,0.3493280232175,0.4226667252448,0.0817161918192,0.1382104244103,0.0998142662635,0.0804722389552,0.2067795593762,-0.0263065246012,0.2519562098691,0.1163457543449,-0.0023891451888,0.1170770963564,0.3248170285660,0.3660121658880
0.1021375642468,-0.3034574815566,-0.2680630543291,0.0009297933851,0.1605094409952,0.0765584331438,-0.0572883554610,0.6336809729563,0.5259121726144,0.0783772688977,0.4999401814941,0.3820318075666,0.3551874733090,-0.0378513335894,-0.1824721701040,0.4761157340645,0.4149447751736,1.0000000000000,0.2046821178707,0.3981008861321,0.3416234441630,0.1093257079810,0.4740061400003,0.2587757340685,0.3820900849728,0.2115086795029,0.5334435744763,-0.1078720432237,-0.2181576217398,-0.2920851407729,0.2684847470941,0.5054263629439,0.4020890791698,-0.1218813894571,0.3602357446992,0.0569012741449,0.2632792761120,0.2963333257686,0.1524222494721,0.2430867957642,0.1230883781650,0.2414969345311,-0.0856131263550,0.2251911419458,0.1429769321611,0.1943542052399,0.2959554659511,0.3620055725068,-0.0831155884786,0.3152882186235,-0.0366742069799,-0.3157454294175,-0.0012933561681,0.1660414305685,0.1041099759801,-0.1635506176866,0.5959094149247,0.3717394416389,0.4268663859587,0.3516636271479,-0.0853273354758,0.3958493018697,0.0158622701270,0.1723814083019,-0.2749931998383,-0.0309940199317,-0.0804540075920,0.4920156056934,0.0342992021873,0.4645197868931,0.1610491519164,0.3200319912398,0.4667909617038,0.5074203916696,0.2364116122833,0.4350522620490,0.6674816885766,-0.0007744257798,-0.3375916318555,0.3471538656449,0.5437137809665,0.4990303050433,-0.4256981984421,-0.0226473399335,0.2838568554007,0.4376308182993,0.2635671161814,0.1787637405550,0.0412466531400,0.4738743766507,0.3881775557135,0.3865519115525,0.4787004284676,-0.1239784249861,0.2157850228641,0.3125977698358,-0.4796982954856,-0.2019944071368,0.1677160653029,0.3373783530159
-0.1366099413553,0.0258581564012,0.1324245209183,0.6359409540115,0.0880110647102,0.5245047541320,0.6335073127583,0.2346035019564,0.6614660908601,0.4305133227154,0.1391307611293,0.2781695301602,0.4007031467514,0.2183311958101,0.5870282998370,0.6618868921279,0.5429884915017,0.2046821178707,1.0000000000000,0.5088874304371,0.3325519670401,0.1610381385891,0.1078725196214,0.8831947701822,0.3991168709031,0.2520368134128,0.4053762023760,-0.0787101242408,0.0191526038881,0.1447300025344,0.7998923389497,0.1516638392995,0.4486006269577,-0.0650774126580,0.6620562045113,0.8404260885275,0.6011276740445,0.1718071158659,0.3069708004242,0.1133791438232,0.0916819929602,0.2165516808431,0.6285562206105,0.1673716570800,-0.0079012858003,0.0737729381112,-0.1785814096606,0.3363345958729,0.1192968241936,0.2842628759584,0.0096721143734,0.0201556439014,0.5033156953312,0.4172018003022,0.4589097870428,0.5192602837178,0.2079345233961,0.2399353790839,0.4941547776103,0.7120153214151,0.2640665220931,0.3105451700429,0.0423688027479,0.1547679237906,0.1837485025939,0.5364181630459,0.6597019565433,0.3286782277304,0.7218106690163,0.4340046230633,0.1744558820570,0.1929404610567,0.6279987478546,0.2999583024839,0.2934371243194,-0.1188356778307,0.0321109115260,-0.0856835953288,-0.0006895834392,0.7002939822033,0.0367058477953,0.1823315664561,-0.0613438845384,0.3877890904695,-0.3174695054235,0.0858822375860,0.5232209658396,0.7954618378809,0.3365432165801,0.0252560808895,0.2079959394738,0.0801050965859,0.1075899265323,-0.0832544002210,0.0201964819434,0.1684903885444,0.0445191324895,0.0249006997425,0.2761466773224,0.4264802239185
-0.2196759918390,-0.4431052624971,-0.3441854154694,0.1816375666402,-0.0962942122074,0.1363311163036,0.2042799570828,0.5026760158183,0.6455359146208,0.0249997542739,0.2112135541179,0.1470019660423,0.3584971945962,-0.1831705771219,0.0255028518714,0.4126370727425,0.4900968593897,0.3981008861321,0.5088874304371,1.0000000000000,0.0974399979610,-0.0544089940043,0.1241350361102,0.4984392932658,0.8632590381084,0.4815561329525,0.7745123739105,0.1734959196118,-0.2954220184760,-0.2136216476263,0.4914570402666,0.4383550270999,0.6341518466283,0.0585404781978,0.2804900031961,0.3682791175147,0.3379583414585,0.7500285675385,0.1813011886525,0.2287134848715,0.0078701038478,0.1867446105181,0.3711365965202,0.6678808685107,0.4781860074997,0.1940230638735,0.2186501870142,0.2732711696044,-0.2178151818180,0.1355164689950,-0.1832961964082,-0.4176095335630,0.2079936267231,0.1691393400143,0.1524924578137,0.1469591085592,0.4187359237314,0.4353482297051,0.2664189247741,0.6007446361289,-0.1159787865337,0.2317070134680,-0.1210083848063,0.0751136700095,-0.3048230541557,0.1849006826997,0.3709012607117,0.2846840868403,0.4449125171693,0.8260447017140,-0.0239177468505,0.1282750538836,0.4448356931026,0.7171753710721,0.3227380752529,0.2739203208861,0.5328315960103,0.1933433340053,-0.3542640306457,0.4217105979675,0.3492216902861,0.4195538734600,-0.2572172974108,0.3219931491663,0.2530384034211,0.3057508357349,0.2527603482703,0.3359409521166,0.2925036432579,0.6808116082761,0.1939735938452,0.3516845284267,0.6200060415397,-0.1102297850983,0.2253547242580,0.1518752690205,-0.4283281270953,-0.2129209743373,0.1232138349750,0.3643653301292
0.3000766895299,0.0114503837787,0.0301360571685,0.2246464291133,0.3466342790077,0.2385772176575,0.1787386365924,0.1582260176798,0.3423619269319,0.6048346912579,0.5530695885771,0.7731469200905,0.5120507598259,0.5248267514245,0.2463786373552,0.4477547494699,0.6580610041690,0.3416234441630,0.3325519670401,0.0974399979610,1.0000000000000,0.5172366250443,0.6440506648734,0.4238170427413,0.1694996994486,0.3448113249000,0.3053706624222,-0.2709040581294,0.1153579607149,-0.0168593038936,0.4007415225461,0.3818720478416,0.4254100237860,-0.1169533853404,0.4414104100037,0.3920045014185,0.2115732151952,-0.0973097913620,-0.0889910394042,-0.0295566144879,0.2077199162142,0.1506452198197,0.0328714505842,-0.0847326577210,-0.1482954088397,0.1709079089166,0.0757814558775,0.1277951237927,0.3513673127581,0.6319156736433,0.1382080122542,-0.1309266713850,0.0506271374416,0.1429891033656,0.1445087556875,0.1063764919685,0.1883405163918,0.0063106016988,0.3999769539347,0.3020762429554,0.4635723475309,0.5828226291287,0.5526955719340,0.1777872483143,0.0880250738610,0.0351816588965,0.1910761315728,0.4280909837027,0.3200825068667,0.2553838342987,0.7206692181379,0.5508152647792,0.5692624611489,0.3768019835249,0.1952295775560,0.1674408069603,0.2332714614681,-0.1492040009148,0.0576509717498,0.3600044286155,0.3134083974099,0.4686279373405,-0.1921894882115,-0.0239512155064,-0.0728257905791,0.2879092093971,0.2644778415813,0.3514846409006,-0.1525073103354,-0.0924140406924,-0.0533364822580,-0.0504727243345,0.0387586109843,-0.0057991150864,0.1791309731465,0.0625085030814,0.1243405692256,0.1456224319545,0.2246134276078,0.3369156159862
0.0092401888249,0.1355433778499,0.0165019622712,0.0718461031342,0.2162946904357,0.1430769386183,0.0815712216922,0.0387167462962,0.0727152375783,0.5714651842357,0.5275355441186,0.6715523150458,0.3913474911790,0.3666665338771,0.3405298791188,0.1568342686493,0.3213502265849,0.1093257079810,0.1610381385891,-0.0544089940043,0.5172366250443,1.0000000000000,0.6501221131034,0.1643878384399,-0.0508117204857,0.3687062877305,0.0380998291964,-0.0992523671677,0.6522850358210,0.3042224721980,0.2275534354343,0.3137449728397,0.3718398457044,0.1578385036210,0.1602509482024,0.1708569866416,0.0595391847057,-0.0303075328643,-0.1189658275093,0.1375133830391,0.5292458514260,0.2477980682415,0.0730846435671,0.0150304595692,0.1128283552761,0.4208018863074,0.3051807877072,-0.1002574125263,0.6327177052971,0.3911492781607,-0.1074286635988,-0.0578530159800,-0.1450684964050,-0.1212055721741,-0.0278573206125,-0.0657298030937,-0.0040421677687,-0.0748665242792,0.0908137120841,0.0016085284423,0.3238926396598,0.3258357447478,0.3225033804864,0.0029289355586,0.0352012543264,-0.1432282420010,-0.0155147297369,-0.0352228377531,0.0766503803928,-0.0502333155625,0.2331082451061,0.5615720730391,0.1763886548215,0.0379273156341,-0.0715081111227,0.0131972441669,-0.0162074546479,-0.0606606100485,0.5586496550030,0.1113189274771,0.0439018780925,0.0761468855347,-0.0348367029776,-0.1489736978614,-0.0919087689677,0.1414780879462,0.0895147926772,0.0241499017849,-0.2562559999682,-0.1673845234391,-0.1668164104544,-0.1218130531073,-0.1141982434357,0.2198524166158,0.1595330477569,-0.2181429507397,0.3857439626852,0.3129131489914,0.0096775009457,-0.0313088646916
0.2341087887762,-0.2251556117704,-0.1905108954932,0.0482584685562,0.3658755178646,0.1584716619373,0.0470156575760,0.1868510282494,0.2496994588826,0.3922127321190,0.7839583464968,0.8115972199895,0.5147134058440,0.1791206701906,0.0504793580099,0.2831101593200,0.4598934955034,0.4740061400003,0.1078725196214,0.1241350361102,0.6440506648734,0.6501221131034,1.0000000000000,0.2031172945254,0.1617658301610,0.4156530361383,0.3902341529276,-0.3338684589365,0.2603237345122,-0.1617984992891,0.1981885340290,0.6366733509345,0.5534499668771,-0.0054245545200,0.2303023190298,0.0708414174283,0.1078881866169,0.0205025549183,-0.0590161811387,0.1668935419862,0.3705928754429,0.2552472440668,-0.0404618260299,0.0824424302341,0.0282711413185,0.3234545598720,0.3364001453251,0.1764151440791,0.3342860918665,0.4881949711964,0.0633873990577,-0.3189004961259,-0.0585168157598,0.0642089503552,0.1517720937472,-0.0701462602751,0.2656153509972,-0.0111417253814,0.2167357483968,0.1778759945734,0.2066052151882,0.6041478596421,0.4335222106172,0.1625343502742,-0.1957936678781,-0.1162902328963,-0.1199467895246,0.2687026103760,-0.0320114487220,0.2321335308447,0.3411842140344,0.7308694929674,0.3874033713598,0.3653850700354,0.0021138960873,0.2858909547798,0.4446998179720,-0.1926235405452,0.1109221933596,0.2665222589677,0.4713776495743,0.4089139587443,-0.3596887415723,-0.1351332863504,-0.0053010873816,0.4007641864502,0.1805278512125,0.0405048985369,-0.1626851383118,0.1156753247434,0.0743764000454,0.1247469619470,0.1778005041686,-0.0049475161773,0.3452424182123,0.0841775508081,-0.0593939064910,0.0926627260312,0.1812453592415,0.2709439518118
-0.0439555740319,0.0187881583908,0.1685729844730,0.6291389878219,0.1863780180225,0.5462490486233,0.6428545719416,0.2081426841460,0.5833727882136,0.4815485275087,0.1842114249584,0.3362537980533,0.4559657412051,0.2703898056867,0.5834626714718,0.6219699871228,0.6166731497027,0.2587757340685,0.8831947701822,0.4984392932658,0.4238170427413,0.1643878384399,0.2031172945254,1.0000000000000,0.3583246382233,0.2161080781547,0.5113187344835,-0.0863782334479,-0.0668175335117,0.0961313849785,0.8302018208922,0.2029395589997,0.5057062985631,-0.1407913939586,0.6159829053201,0.7856630054985,0.7245399525642,0.1113069568426,0.3058828985250,0.0690646590835,0.0384392010668,0.2340392157946,0.5668846640895,0.0709330045989,-0.0633664433106,0.1039552487796,-0.1608088242135,0.3826364302238,0.1580685094560,0.3956794216037,0.0927252483173,0.0196208799384,0.5038573567386,0.4547921762295,0.4776115387748,0.5307334247040,0.1778093106675,0.1463461570280,0.3810348075367,0.6032861234760,0.3293657041417,0.4076083361463,0.1279212202736,0.1505219465545,0.2505300020124,0.5341873190459,0.5881034665573,0.3899137265259,0.6172251701584,0.4585414325197,0.2490324235189,0.2458106973711,0.7194742126231,0.3403460035384,0.2077547940158,-0.1064241026185,0.1249529643335,-0.1187077096526,-0.0834391325943,0.7279335050101,0.1054916351899,0.2875818287404,-0.0331513182921,0.3057783146022,-0.2783098617874,0.1056125345339,0.6295474662779,0.7591924904544,0.2988640979710,0.0233357720020,0.2129034586617,0.0631600489989,0.0524240135488,-0.0704875982381,0.0482011429513,0.2311839479179,0.0334681113623,0.0455887201787,0.3729467229838,0.5490867872148
