1.0000000000000,0.7325044167799,0.6133523812828,0.4145089315394,0.8426477883503,0.5052587001013,0.3133024645731,-0.1686944146445,-0.0546419023662,0.3672207947103,0.1591893774090,0.3658197661126,0.0857096506614,0.6115537244329,0.3267090678346,-0.0820066544874,-0.0604748147048,-0.1219526866228,-0.0878342370793,-0.1128471575837,-0.0237039008262,0.1916174730564,0.2550798948777,-0.0409223843047,-0.0582925916523,0.1168747948613,0.1875542357116,0.2391211352760,0.0036201368951,0.1016269354584,-0.1905000213477,0.1506005009420,0.0176347472342,0.1829553588987,-0.1159799227930,-0.0966404302003,0.1033524919415,0.0475401404977,-0.0745900868540,0.2529095200266,0.1154548177609,0.2493802978953,-0.1072357250129,-0.0358423179135,0.0091043636794,0.0325890873463,0.0347120550083,0.1692997587802,0.3555866350242,0.0704136697844,0.8100436348053,0.5197561886653,0.0960991975178,0.4283524190896,0.3866475509854,0.1775344985462,-0.1424681599752,-0.1689113636975,-0.2050915901893,-0.1814475747793,0.2267565646644,0.1249213249739,0.1808787323093,-0.0514117488506,0.3229532404684,-0.1200303935360,-0.2494650776495,-0.0454152137129,-0.0837555409872,-0.2572269513215,-0.1351907794816,0.2360241562258,0.0406507495971,-0.1750933222241,-0.3498683532963,-0.0214737332863,-0.1239615296339,0.2081783154813,-0.0743941646426,-0.2139477582910,-0.0316582336534,-0.0941585803316,0.0495002630875,-0.2492777668550,-0.1439217288700,0.0479971834753,-0.0152943538517,-0.0436440135555,-0.2496683220380,-0.0611463461285,-0.0285592528007,0.2491987911419,-0.0388894554387,0.0196858363741,-0.0630803440008,0.1652549604917,0.2173150905332,0.0849050188413,0.3298762831158,-0.0093983015088
0.7325044167799,1.0000000000000,0.4927338477507,0.3726034389705,0.6486730018472,0.3618131253786,0.2849790413400,-0.0468495584002,0.0218021035805,0.4196098804397,0.0705701424395,0.3526314556705,0.0710908650111,0.6004579438466,0.2885503920642,-0.1704589842677,-0.0656411942900,-0.1125388252617,-0.0570400377243,-0.1337077802014,-0.0321208541337,0.2372391335954,0.0827755543862,-0.0909607638153,-0.1561653767537,0.1139876186499,0.0623329025220,0.1128301214598,0.0500918015799,0.1763406858536,-0.2719590602405,0.0771622809577,-0.0566466372575,0.0818906698215,-0.2543363562009,-0.1465527922467,-0.0126102811945,-0.0056928988271,-0.2245589531920,0.1486676802732,0.1285412483426,0.1068973422547,-0.2277055001647,-0.0975966386700,-0.0954495220559,-0.0648720527682,-0.0073309909653,0.1078572163680,0.3445984576128,-0.0538637960086,0.6518889096830,0.5562177488787,0.0926041760941,0.3863493827779,0.2676657378228,0.2253943927627,-0.0196170357120,-0.0230711283254,-0.0965224282415,-0.0339491615669,0.3129517571804,0.0516471567042,0.1481085883536,-0.0671047301742,0.3695055409144,-0.2331392416148,-0.2606668457301,-0.0478605208923,-0.1150251046477,-0.2947645645321,-0.0447659550588,0.2238981030770,0.0169661558259,-0.1814889180531,-0.2221810986294,-0.0292385752257,-0.1633972646173,0.1096248619738,0.0367442726889,-0.2357272124693,-0.0680261156675,-0.1977746802376,0.0406488928302,-0.2968271794895,-0.1393339499678,0.0200169301859,-0.0775401448241,-0.1675782779539,-0.2560753698506,-0.0151541176082,-0.1976014252661,0.0869288171190,-0.1389830349280,-0.1021745899843,-0.1058891317986,0.0630028304271,0.3350863899646,0.2382205988889,0.3042348483234,0.0740212537387
0.6133523812828,0.4927338477507,1.0000000000000,0.4226147103190,0.5671646600637,0.6909633623335,0.4971863195385,-0.0954053706674,-0.0564460962782,0.3045115188297,-0.1057111546390,0.3016469930506,0.0686645126400,0.2121866150810,0.2604200500192,0.0643338196204,-0.0199984419866,-0.0645622164610,-0.1723559885087,-0.2414056753454,-0.1351373298956,0.0541814373510,-0.0678343146569,-0.1464815484528,-0.0978607107762,-0.2607021793079,-0.0678026147229,0.1696181905753,-0.1983155368664,0.0446009326841,-0.0424431305517,-0.0056527377084,-0.0471332224869,-0.0357066427759,-0.0359044760610,-0.1421013741430,-0.1226709199567,-0.1524516343623,-0.0620402489387,-0.0697171070121,-0.0704483367839,-0.0044636379863,-0.1721640466835,-0.1720235568881,-0.2122467614445,-0.1145500149302,-0.0270374525770,0.1406720043886,0.1411658988889,-0.0632717042813,0.5027040101016,0.8201261109182,0.3671231799573,0.6727077552650,0.5699736032869,0.3128756599327,-0.2150104423352,-0.0274772700619,-0.0067610026479,0.0542580269432,0.4055829604099,0.1517082808896,0.4066251343021,0.2134305224295,0.4528216084705,-0.0937110935862,0.0398834355120,0.0972032949652,-0.0706325320606,-0.1418273577745,0.0790550384412,0.1075165595520,-0.1135005952593,-0.2783390621370,-0.1184071843945,-0.2475237671267,-0.3909929312039,0.3234033150190,-0.0746550604921,0.0375135759030,0.1268090408518,0.0484110033265,0.0585257355826,-0.0417805339081,-0.3909614692618,-0.0606606127406,-0.2052570858501,-0.0728769247242,-0.2552843617561,-0.3503884465872,-0.0273583980683,-0.1323332055444,-0.2037529767793,0.1022416055442,0.0010356469899,0.1915951483102,0.2552710309566,0.2322457288225,0.4440097057843,0.0502500782580
0.4145089315394,0.3726034389705,0.4226147103190,1.0000000000000,0.5041867740588,0.6696325243257,0.7703817188921,0.4140894264822,0.4305921831415,0.3769983144576,0.3245148583733,0.4430897349450,0.3830317997118,0.2953158589965,0.4377882344550,0.3772158994571,0.3003345271681,0.3769488001514,0.3041378944940,0.1953909560597,-0.0043319763801,0.1668600626539,0.1866207180428,0.3318216166222,0.1899055044282,0.1131858840682,0.2902008621999,0.1523682366846,-0.1001423403002,-0.0902129041024,0.1355834813638,-0.0326461230242,0.0611117203161,-0.0136215211046,-0.0078822410472,0.2007947823507,0.0958005069329,0.1154870173775,0.0242866217745,0.1341341294293,-0.0372565911582,0.0615033878066,-0.0777928295040,0.0017993528776,0.0456669320847,-0.0731453126071,-0.1180338544694,0.2889141658095,0.2947165356179,0.2416001927721,0.4383704069529,0.4509538639874,0.6951186994648,0.5995058141154,0.6460509693424,0.7411158767626,0.3564942083972,0.4163310668798,0.4559585421918,0.4167345799737,0.2924720730931,0.4699857154988,0.3371629037062,0.2964826332652,0.2319154195446,-0.1471527772635,0.2737254169073,0.5034763836931,0.2133557570447,0.0883097811138,0.0979673410877,0.1432580816878,0.3251162564905,0.0767815536395,-0.2022866873557,-0.1507352295708,-0.1300752417977,0.0982691499401,-0.2052761767349,0.2935644067032,-0.2514190975937,-0.1055763599897,-0.2832958355867,-0.2013288584064,-0.2601538723750,-0.3175365119022,0.0363525367216,0.1320080843693,-0.4008205171509,-0.1210217202542,0.0655237738357,-0.0101870328125,-0.2114561294462,-0.1298702649834,-0.2644116027500,0.3489418238134,0.0243740696691,0.0488533341451,0.3093080861994,0.1740559867486
0.8426477883503,0.6486730018472,0.5671646600637,0.5041867740588,1.0000000000000,0.6876321747700,0.4012205718242,-0.0172834606272,0.0494770184407,0.5114519832315,0.2891360231681,0.5165849775397,0.1830482210875,0.5669859576544,0.3419976315606,-0.0060262600631,0.0557639913398,0.0094954309647,-0.0084298956228,-0.0511668571665,0.0331181181970,0.2701651379514,0.3184675961063,0.0018557201564,0.0492100914449,0.0695009536804,0.2563747422211,0.2276377264647,-0.0468696769504,0.0807613763658,-0.1147613732033,0.1146199229616,0.1007090661220,0.2076696279390,-0.1331512399606,-0.0491848265689,0.0761611883173,0.0330836679808,-0.0468898389748,0.2340446677729,0.1527485969439,0.3393525737238,-0.0844378920775,-0.0139713467025,0.1349901186466,0.1419571301943,0.0453934716568,0.1695759460478,0.3961679859049,0.1781427616276,0.8723511206698,0.5527098062171,0.1199539899407,0.6042265191427,0.5578863606963,0.2602250432355,-0.0503168711083,-0.0443779450803,-0.0595068503343,-0.0854515702689,0.3397324859378,0.3071031982397,0.3163223423514,0.0178142610387,0.3365727990663,-0.1925657853684,-0.2057212985227,0.1100834985081,-0.0299141665610,-0.2237663509924,-0.0547026705140,0.3244206064973,0.0589272954060,-0.1303601864348,-0.3295271390535,-0.1401563800165,-0.1301272930903,0.1658801757233,-0.1542636061055,-0.1007524725397,-0.0599711069561,-0.0351125056978,-0.0140925480165,-0.2971090223588,-0.1688687459844,-0.0374648724865,-0.0482777697158,-0.0577370844536,-0.3276552631715,-0.1326232768410,-0.0391713772432,0.1342036513156,-0.1213328587250,0.0794179699712,-0.0992712582836,0.1765765177535,0.1869033297898,0.1468177408643,0.3407369925670,-0.0046686984911
0.5052587001013,0.3618131253786,0.6909633623335,0.6696325243257,0.6876321747700,1.0000000000000,0.6667317743149,0.2115578091511,0.2232249326137,0.4436079491492,0.2862540998512,0.5158660789296,0.3445540717106,0.2479138536370,0.4191213038681,0.2642584015656,0.2431022716563,0.2693096188056,0.0486739743989,0.0464686371290,0.0212905527229,0.2012768584804,0.1757202296550,0.1838514048619,0.1652885445083,-0.0955282562364,0.2525564783970,0.1699224782201,-0.1920143543527,-0.0082507915234,0.1408294363154,0.0117470780891,0.1452420856057,-0.0212646565628,0.0413120487662,0.0494739460234,0.0905958392493,0.0352476033622,0.0747425148903,0.0275225549985,-0.0515159295038,0.1340464300415,-0.0732371491393,-0.0788664418503,0.0589112414839,-0.0158038223833,-0.0479984305859,0.3107231975265,0.2984895454570,0.1992726804082,0.5735787504149,0.5931270173170,0.4639526494089,0.8622730776336,0.8704235634825,0.4719575938040,0.1223919398988,0.1918489943013,0.2154769425403,0.2176474953306,0.4139113454534,0.4696801227986,0.5019095888737,0.3247988467206,0.3833187813563,-0.1201198421218,0.1716769771669,0.4301480934968,0.0832848774581,0.0703862184133,0.1083533215417,0.2686144554201,0.1840771716470,-0.0115978998724,-0.1743054385385,-0.2858891956562,-0.1716448420740,0.1882429251163,-0.2144311013323,0.2958664362358,-0.0256306802125,0.1094919130551,-0.1023320002245,-0.1126267560540,-0.2637070577216,-0.2344850400869,-0.0015877113348,0.0730057802867,-0.3037435016520,-0.1877321216894,0.1359184046967,-0.1222489658985,-0.2552631473865,0.0279111146261,-0.1568771091588,0.3792184793591,0.1355861220984,0.1299187335786,0.4029041628335,0.0619258970363
0.3133024645731,0.2849790413400,0.4971863195385,0.7703817188921,0.4012205718242,0.6667317743149,1.0000000000000,0.2816828575543,0.2840454619293,0.3096110376502,0.1795556524786,0.3260795436280,0.3155094700590,0.1220864320301,0.2925897300426,0.3749452938199,0.1783330999356,0.2247448860468,0.1867062436506,0.0713303040975,-0.1357093578474,0.0487303993220,-0.0211030804613,0.1567981536369,0.0270452762883,-0.0224167601087,0.0818808621766,-0.0250590560994,-0.1980966210445,-0.1652417687741,0.1156545333475,-0.1006735903944,-0.0489109056369,-0.1599429270524,0.1973388967854,0.1863856404093,0.0773100887767,0.0270922620539,0.0746550394143,-0.0687052448496,-0.1866988899121,-0.0934731940043,-0.1852546141274,-0.2066241711877,-0.1253331304369,-0.2814282618960,-0.2409070986965,0.2643326149928,0.1047457911961,0.0499068045767,0.3306568482662,0.5664074665213,0.6493868451785,0.7001545457026,0.6311329332760,0.7894790100965,0.1523682211513,0.3424986957168,0.3813794566551,0.4123539456663,0.4019625173487,0.3293470032922,0.4063179055621,0.3792284225587,0.3817777480036,-0.1502953006494,0.3683378475291,0.4324740590673,0.1487734466822,0.0372940119280,0.1572276118963,0.0684961009685,0.1904597084866,-0.0150975668480,-0.0972734244873,-0.1307220085334,-0.2244124859485,0.0742533401461,-0.1043882630587,0.3022031288140,-0.1422624453140,-0.1086867988650,-0.1737686635699,-0.0838391223668,-0.3281992907394,-0.3459303079894,-0.0130546002387,0.2126492157380,-0.3143208518660,-0.1870869159838,0.1074057472438,-0.1619134786793,-0.2645732808299,-0.2556435308730,-0.2452530307939,0.3717747961459,0.0674945489257,0.1047704571742,0.3215903508032,0.1544818779523
-0.1686944146445,-0.0468495584002,-0.0954053706674,0.4140894264822,-0.0172834606272,0.2115578091511,0.2816828575543,1.0000000000000,0.7666861284153,0.1952496763391,0.3568288208489,0.3043534450582,0.5079417423328,-0.0232448839860,0.1330881702491,0.4918547005108,0.4944500893347,0.7468087210365,0.5849731900235,0.5701803152874,0.1328831086279,0.0758825404148,0.0459913680984,0.4735362049648,0.5499618697492,0.0795083157796,0.2659607612668,0.1692413623745,0.0580634619553,0.0529505214738,0.4110397923088,-0.0774055997088,0.1597300652766,0.0707662831858,0.1095135339151,0.2304213762634,0.1643812913677,0.1988337800166,0.2640176586331,0.1611216704065,0.1418445159807,0.0538849891474,0.2201965286525,0.2503209324314,0.3483338268796,0.0478461067690,0.0138065006821,0.2040954680444,0.0309329437194,0.2533706560128,-0.0672310866765,-0.1152746644431,0.1289518545469,0.2129773766491,0.1754696848863,0.3899669854616,0.7467434968729,0.8063704697837,0.8078690623382,0.6816623664278,-0.0205013942133,0.4541747522477,0.0982446838983,0.3483011481818,-0.1574941750901,-0.1304737383713,0.3922648108069,0.6011434474553,0.3842780163570,0.4838077623342,-0.0268437141972,-0.0762116073613,0.3186395120746,0.4048636238760,-0.0400822738774,-0.2743215377336,-0.0791486718967,-0.0647437891788,-0.1493387710674,0.4661147908596,-0.4203427931359,-0.0707001565239,-0.3119790740114,-0.0369289303165,0.0430429894925,-0.3382316590942,0.0851247336033,0.1280721000731,-0.3159888610407,0.0943116457994,0.1991219662085,-0.1224456776706,-0.1224358634497,-0.1542322517225,-0.2478426798800,0.1660217914803,-0.1817919146975,-0.0257310855575,-0.0642871294444,-0.0569753177316
-0.0546419023662,0.0218021035805,-0.0564460962782,0.4305921831415,0.0494770184407,0.2232249326137,0.2840454619293,0.7666861284153,1.0000000000000,0.2093943506610,0.3778845759392,0.3168636780324,0.4974553800459,0.0354049992784,0.2312259385647,0.3719698615240,0.5343064673033,0.5535326088991,0.7320429357776,0.6077161201904,0.2740658701266,0.0833498212171,0.1447880047077,0.5648531500044,0.5847270997357,0.2187866093068,0.4349642463120,0.2519893129631,0.1006181231118,0.0994295856573,0.3132461422865,0.0100474862097,0.1963813709661,0.1687571174379,0.0580123191899,0.4209554653424,0.1906135536360,0.2855501353723,0.1590757300590,0.2469734395445,0.0967711583559,0.0399599722939,0.2149343591475,0.3786663004160,0.3438771668516,0.0374124932986,0.0190528917655,0.1580654155904,0.1134646491339,0.2665090632323,-0.0007863898860,-0.1017214260426,0.1326589726091,0.1859663960967,0.1472360441705,0.3145280765129,0.6611734283572,0.7047913260694,0.6969805312587,0.8004294404807,-0.1135196179023,0.4165318011355,0.0523662332185,0.2922650715772,-0.1589558037230,-0.1624689800942,0.4239372286861,0.5665298421980,0.6334209626191,0.5448208202515,0.0201109151724,-0.0682620298044,0.4088438950532,0.5120540777160,-0.0351683060064,-0.1907308616081,-0.0616962136804,-0.0950881809524,-0.2152967157645,0.4450505775483,-0.3371450868087,-0.0672312837713,-0.4581600339899,-0.0943819484290,0.0232907027919,-0.2923398867482,0.1150992525287,0.1235681400680,-0.3519160274451,0.1848454851110,0.0986282267456,-0.0114179576517,0.0499448722463,-0.1916952281744,-0.3134422822327,0.1210735053674,-0.2244097253934,-0.2160295605246,-0.1470090701649,-0.0531318586161
0.3672207947103,0.4196098804397,0.3045115188297,0.3769983144576,0.5114519832315,0.4436079491492,0.3096110376502,0.1952496763391,0.2093943506610,1.0000000000000,0.4142789305050,0.7646426191976,0.4477554296255,0.4962437250238,0.2933816079383,0.0760563110357,0.4051527384171,0.1679069735376,0.2549508987906,0.0498193300651,0.2435763211156,0.6298851678287,0.3865852809878,0.1637583512154,0.0733829697179,0.1884544038683,0.2967254263691,0.1543484367980,-0.1026395638540,0.0564839027350,0.0355118729281,0.1887752984811,0.2542829210666,-0.0172041160608,-0.1515745543186,0.1001862662168,0.1612698381245,-0.0039323150435,-0.2789188318629,0.1626089797357,0.1062873945387,0.2577336156974,-0.2942418286171,-0.1609494301471,-0.0098288806952,0.1636811340983,0.0403533911069,0.1027908248474,0.2160686374858,0.1462948229638,0.4474144646257,0.3314375593656,0.1332091588321,0.4316970503123,0.3363042579037,0.2280565215575,0.1605872870603,0.2523307244464,0.2916256551315,0.1783762937333,0.6914415112825,0.3838733391240,0.5457492287734,0.2082377788501,0.3957123223111,-0.3832753223338,-0.0005822217955,0.3869389697715,0.1882093149525,-0.0410610337410,0.3687194820136,0.5751741662094,0.2789544392912,0.0717832418405,-0.0084209367642,-0.0235965780250,-0.1224636919547,0.0928416290190,-0.2623477488030,0.1692790614837,0.1314428635655,0.0384687170413,-0.1345228833085,-0.2615294344907,-0.1909331358622,-0.0780302627924,0.0930355687527,-0.0168399939632,-0.4133121719899,-0.0414279231727,-0.2068471009360,0.0657313568392,-0.3014060521244,0.0988570044487,-0.1175343673894,0.1715440074570,0.1024751106327,0.2792939005932,0.4715245805640,0.2566562173833
0.1591893774090,0.0705701424395,-0.1057111546390,0.3245148583733,0.2891360231681,0.2862540998512,0.1795556524786,0.3568288208489,0.3778845759392,0.4142789305050,1.0000000000000,0.5370416348828,0.5105694135376,0.2868007773977,0.3027821286208,0.2486812816703,0.4488685783585,0.3756387960693,0.3472669421834,0.4326617172466,0.3143821608113,0.3527942317195,0.5651932688399,0.4419042549614,0.3640561354400,0.4245721728020,0.5376899258467,0.1596466644744,0.0652134974054,-0.0551989179579,0.2604511354584,0.2077214079566,0.3434646050382,0.0922623294511,0.0717835140974,0.2478380711440,0.3314829894853,0.2594343814694,0.0931373142960,0.4145989060065,0.0440728437831,0.2244167035293,0.1613835161263,0.1601682066569,0.3176230279507,0.1418009928257,0.0856893563726,0.2324060527142,0.2336991606006,0.3889071503324,0.2170591330151,-0.1506669892722,0.0740699784051,0.1949096295504,0.2330583984242,0.1291569379686,0.4108879428546,0.2644364712628,0.2862641353005,0.1606799504013,0.1142793862580,0.6283388153668,0.2919175872139,0.2005733060307,-0.0165003403822,-0.0384152174096,0.0634275011128,0.4222778605370,0.1817717664126,0.2055908561735,0.1193980203805,0.2880749090428,0.4489090519840,0.2953180430927,-0.1073348254093,0.0739174473337,0.2636137845682,-0.1235493435842,-0.2501276610581,0.2691206521749,-0.1007338022310,0.0612745487772,-0.2542812581264,-0.0486935334167,0.1155308721236,-0.1930924039595,0.3001824162078,0.1599294874320,-0.1750283019027,0.2615822030347,0.1409905637345,0.2499468780616,-0.0793246574077,-0.0831222884807,-0.2500958855488,0.2269669982943,-0.1319483887977,-0.1836541319970,-0.0107176972092,0.0862810027036
0.3658197661126,0.3526314556705,0.3016469930506,0.4430897349450,0.5165849775397,0.5158660789296,0.3260795436280,0.3043534450582,0.3168636780324,0.7646426191976,0.5370416348828,1.0000000000000,0.4942723566570,0.4322915383813,0.2690333004390,0.1887015736590,0.4301430610116,0.2889146827635,0.3042202310149,0.2035055772203,0.3108152556239,0.4650608105389,0.5108023257043,0.3085508407142,0.3324323983945,0.2290154812128,0.4641425542431,0.2521238323288,-0.0342929034123,0.0893766769597,0.1644298313058,0.2636518421078,0.4177293756604,0.0611173824970,-0.1345655985613,0.0952811116542,0.2009937181797,0.0370636198062,-0.1488661386487,0.2138257377101,0.0709419544183,0.2620660009763,-0.0860037442666,0.0550413988893,0.1923038093760,0.1722209912917,0.1655385292442,0.0933233546461,0.1653698749551,0.2166364479900,0.4388560731421,0.2775346343967,0.1341797151058,0.4656982221050,0.3910086040177,0.2719683356168,0.3120203796856,0.2948444119723,0.3480558560927,0.2127659099689,0.4964982059222,0.5994509986690,0.6420125033971,0.2361637105132,0.2338766595017,-0.3830907173608,0.0707165905305,0.4478883613701,0.1999874051571,0.0731233803986,0.2929862031275,0.5118227860993,0.3617442510113,0.2165272587914,-0.0670324627708,-0.0564599996589,-0.0738917929528,0.0488726187646,-0.2880947883255,0.2601022233429,0.0431787455415,0.0946029059129,-0.2536023714882,-0.2035886669251,-0.1828156808872,-0.2207543468878,0.1061085502496,-0.1000556110341,-0.4378893681497,-0.1135710203024,-0.1420722405615,-0.0829743976589,-0.3197603568140,-0.0150099174955,-0.2007998858186,0.1117225643785,-0.0542392913817,0.0613728842610,0.3435232273045,0.1729263340290
0.0857096506614,0.0710908650111,0.0686645126400,0.3830317997118,0.1830482210875,0.3445540717106,0.3155094700590,0.5079417423328,0.4974553800459,0.4477554296255,0.5105694135376,0.4942723566570,1.0000000000000,0.1211215748920,0.2426662592659,0.2070610046088,0.4490257104327,0.4379875944251,0.3865095128183,0.2511988169490,0.0158946024515,0.0309639063532,0.0860440583697,0.2501066510720,0.2643166428074,-0.0486887120844,0.2013636374075,0.0983515540728,-0.1237757583022,-0.0648585367828,0.1674050536310,-0.0416200430828,0.2860310282921,0.0706603464503,0.0305008986690,0.1527293785093,0.1317638940315,0.0734221697535,0.2246828185554,0.2014594483426,0.0813999103287,0.1560526680152,0.1485223836717,0.1771001535406,0.1823862790923,0.0979293619629,0.0314788505577,0.2486332840783,0.0076104782787,0.2287590924291,0.1368540447228,0.0846586790950,0.2011698249628,0.2764406438759,0.3139067472088,0.3100993069320,0.5126373367413,0.5774276757967,0.5265288059002,0.4513022971693,0.2429437999747,0.5903042774210,0.5050876309650,0.8116125374458,0.1122685386580,0.0021896136825,0.1394082735923,0.5982659624866,0.2610074750438,0.1741670425017,-0.0427712556138,-0.0385785454758,0.1998337406853,0.1021803831979,-0.1928851042175,-0.2671982937269,-0.1227829448176,0.0198265154957,-0.2655184733989,0.2774028224247,-0.1971048947485,0.1566949333924,-0.1295627834696,-0.0063995644307,-0.1343857645475,-0.1658987867391,0.0063402180783,0.0613823796231,-0.3084734743504,-0.0237694857699,0.1785750056139,0.0138537629374,-0.0904631866015,-0.0305824058716,-0.0646472574157,0.2639657004626,-0.1343203026593,-0.1207896168806,0.0577161476108,-0.0708737197677
0.6115537244329,0.6004579438466,0.2121866150810,0.2953158589965,0.5669859576544,0.2479138536370,0.1220864320301,-0.0232448839860,0.0354049992784,0.4962437250238,0.2868007773977,0.4322915383813,0.1211215748920,1.0000000000000,0.3488759322686,0.1090078282096,0.1679773202019,0.0184151257427,0.0600218802204,0.0366862733619,0.1874231427137,0.4109954199006,0.3525213137201,0.0308715516959,-0.0077989439565,0.2453786980907,0.2290477201818,0.2851786325006,0.1496934439201,0.3814522495135,0.0451926036785,0.3113650725678,0.2627702314198,0.1796641856606,-0.0664550553704,-0.0039644726419,0.1107985238353,0.0657779766869,-0.2174887575997,0.2755723083791,0.2907534000712,0.3222140159407,-0.0353609884337,-0.0859180160607,0.1347134812894,0.1176554077454,0.2672311605281,0.0504851262765,0.4777070330803,0.1121857295313,0.6334005913823,0.2009406879355,-0.0224232841900,0.1878080346801,0.1793606380460,0.0370297687729,0.0155839963967,-0.0481880035229,-0.0737241488252,-0.1336258026429,0.2619983850173,0.1732035450939,0.1774757550562,-0.1317663295381,0.2987995169423,-0.2811726410484,-0.1491505182653,-0.0472291393899,-0.0275028773466,-0.2090077851050,-0.0499757288260,0.3464880727796,0.1078921107814,-0.1123576000814,-0.2224817295996,0.0056071783764,-0.1079179435239,0.1263215518307,-0.0618142858591,-0.1466419832287,-0.0380639233006,-0.1310359144650,0.0779332448821,-0.1813008018163,-0.0491564888740,-0.0117444521210,0.0055187091992,-0.0717300036515,-0.3138186610043,0.0430154694082,-0.2049937173921,0.1248438935196,-0.2852156593809,0.0033820343543,-0.2172616893287,0.0889236538753,0.3840734086531,0.1707995452925,0.2475790872778,0.0172540592827
0.3267090678346,0.2885503920642,0.2604200500192,0.4377882344550,0.3419976315606,0.4191213038681,0.2925897300426,0.1330881702491,0.2312259385647,0.2933816079383,0.3027821286208,0.2690333004390,0.2426662592659,0.3488759322686,1.0000000000000,0.3807680580880,0.3813818193063,0.2594511025469,0.1317369869235,0.3942732447074,0.1948233924327,0.2969192449692,0.2779386667373,0.4362185584476,0.2031360533949,0.3009324323422,0.4605195340050,0.1783570805751,-0.0388398999979,-0.1179598055137,0.1212237644585,0.1602686687668,0.0564738825459,0.0372115685012,0.2407841946565,0.4451629917328,0.3891370312773,0.5558213457459,0.2077759330032,0.3414911555906,-0.0147012556545,-0.1262269593473,0.0960347691571,0.1492363142535,0.1362607158036,-0.0994705902164,-0.1375993663692,0.4941632519793,0.4616989102831,0.3333249538666,0.2938162468147,0.1138583729708,0.3111020396815,0.3209034665074,0.3277908462439,0.1017655824710,0.1256599898899,0.0975884909908,0.0937870410117,0.0992367245918,0.0931769806943,0.3340027475401,0.1648257413684,0.1311129125748,0.3416821919438,0.1433696877795,0.1265431760192,0.3483678216296,0.2658464527189,0.1315742891174,0.1364731236988,0.2252427194480,0.4751665885307,0.0768667854961,-0.3019417255937,-0.1525712711110,0.0221875498222,0.0105711690987,-0.2496365887381,0.1930738026609,-0.0576069489048,-0.1628862792536,-0.3348903681636,-0.1736278148001,-0.0476034624932,-0.3541242021237,0.3294145319386,0.2602133560798,-0.2944389205985,0.2059916690053,0.2755609422379,0.2321291309808,-0.0434710223189,-0.1740124137657,-0.3674969801386,0.4708295272012,0.0965741937910,-0.0544869857285,-0.0570597623172,0.0818994350828
-0.0820066544874,-0.1704589842677,0.0643338196204,0.3772158994571,-0.0060262600631,0.2642584015656,0.3749452938199,0.4918547005108,0.3719698615240,0.0760563110357,0.2486812816703,0.1887015736590,0.2070610046088,0.1090078282096,0.3807680580880,1.0000000000000,0.4980962911510,0.5548740580523,0.2781378015602,0.6213762529871,0.2379252080127,0.1544741391907,0.2048392490172,0.5311269449478,0.4358542753025,0.2175909018593,0.3348633420523,0.1647276520920,0.0905263856906,0.0797754801396,0.6890055547253,0.1562823740824,0.2711891260365,-0.0128101873457,0.5847108508518,0.5086050262832,0.2655968836398,0.3259193670754,0.2579653295268,0.0217482324852,0.0239614850843,-0.0713467959445,0.2333501183153,0.0076039223788,0.3151171965489,-0.0761639721858,0.0735047371454,0.2444510967491,0.2038969567411,0.2755107070994,-0.0209815028794,-0.0861221453724,0.3074130346534,0.2377445172494,0.2205938424619,0.2148544504926,0.2932025462057,0.2954631978788,0.4677015125172,0.2966262205342,-0.0324088050574,0.3127758439739,0.0898593358077,0.1241805440243,0.0031000350363,-0.0925071166716,0.6577928039570,0.4111860096340,0.3068640400650,0.4547866459947,0.1592729141537,0.0564457543260,0.4284580982861,0.2872702152322,-0.0333032232988,-0.1070388434672,-0.0407198559889,0.0373900610455,-0.0797455885304,0.6333589069632,-0.1499463798612,-0.0012526422470,-0.2255489885450,0.1313282869846,0.0720253582491,-0.4036223841117,0.2371953737101,0.4142412235735,-0.3050602357593,0.0634852827933,0.2166048981760,-0.2005796484558,-0.2833119881229,-0.1947545065843,-0.3729863798028,0.2738554821459,0.0233109011027,0.0237277201116,-0.0901439804247,0.0332063171292
-0.0604748147048,-0.0656411942900,-0.0199984419866,0.3003345271681,0.0557639913398,0.2431022716563,0.1783330999356,0.4944500893347,0.5343064673033,0.4051527384171,0.4488685783585,0.4301430610116,0.4490257104327,0.1679773202019,0.3813818193063,0.4980962911510,1.0000000000000,0.6528292169915,0.5998696748801,0.5653124040132,0.5444346180075,0.3585141484692,0.4250627585063,0.5499384408735,0.4702220632742,0.3767113739248,0.6044800365867,0.2843729361957,0.1090560013730,0.0535192624973,0.5424369596561,0.2855087674232,0.4538532950549,0.0487848485420,0.1531714852927,0.4975257937112,0.3940470204605,0.3693486274114,0.0071653548320,0.2631190790727,-0.0031327345647,-0.0090578407598,0.0823331821178,0.2735007176199,0.2804600923699,0.0727676825312,0.0761862714907,0.1111930074849,0.1321997089636,0.2272932388761,0.0151109053432,-0.1471157036450,0.1188302975441,0.2254138950824,0.1279945169294,0.1682094492566,0.3883294300524,0.4250479090802,0.4958842196876,0.3763537898537,0.0308451259669,0.4861385379772,0.1510705424540,0.2297849007206,0.0182532292257,-0.2805328684077,0.4055838022771,0.6578605084292,0.5394505772963,0.4190744568451,0.3022471941712,0.1844030276956,0.4393678101377,0.3645104691765,0.1051052061338,0.0108967495627,0.1314136330124,-0.0607789599629,-0.2717561491288,0.5999151750818,-0.0214864558613,0.0401082347872,-0.5071504146528,-0.0926267863255,-0.0029441271596,-0.3109571185626,0.3558099248710,0.1209064219712,-0.3457775170405,0.1411126059487,-0.0096739267755,0.0389612387600,-0.0588993016011,-0.1217776905517,-0.3931912867128,0.0906538861679,-0.1920131749993,-0.1799974504566,-0.0859211731115,0.0547437506040
-0.1219526866228,-0.1125388252617,-0.0645622164610,0.3769488001514,0.0094954309647,0.2693096188056,0.2247448860468,0.7468087210365,0.5535326088991,0.1679069735376,0.3756387960693,0.2889146827635,0.4379875944251,0.0184151257427,0.2594511025469,0.5548740580523,0.6528292169915,1.0000000000000,0.5934261847274,0.5110790379598,0.1357595285495,0.0936880800401,0.1429875554620,0.5030142117364,0.5123568620509,0.1152674550916,0.3525691223189,0.1369932182489,0.0700364697601,-0.0450452860170,0.4475108000573,-0.0769246270900,0.1912587289472,0.0503015614704,0.1224187841925,0.3192971599332,0.2099943846152,0.2239290892214,0.2912916376595,0.2111916509879,0.0997705851920,0.0410460850725,0.1355691492622,0.2610214433869,0.3119227847212,0.0689997510887,-0.1041766312845,0.2262356762616,0.0090285354569,0.2200132803622,-0.0206149547698,-0.1252782641771,0.2223966731712,0.2317372064006,0.2283323909068,0.3016905017367,0.5740693101249,0.5885031306186,0.6330901005429,0.4738966045846,-0.0204407797391,0.5179933071914,0.1644030369474,0.2871333094294,0.0475509631985,-0.1159679553311,0.4107155524805,0.7520837595670,0.3334228711947,0.3714072244399,0.0788380066086,0.0352276399285,0.3868083784472,0.3488874196058,-0.1020456541428,-0.2928850519478,0.0916227879601,-0.0310945350840,-0.1154758851666,0.5891693345043,-0.4046798969415,-0.0737070923990,-0.3506507904118,-0.0827341999311,-0.0474692283361,-0.4100380270096,0.1484013892846,0.0666603290166,-0.2904879422245,0.0314599060274,0.2115838776784,-0.0661725086750,-0.1608321332570,-0.1736375474443,-0.3031849821638,0.1744369510313,-0.1675253264260,-0.0719129768668,-0.1221730996289,-0.0601273323350
-0.0878342370793,-0.0570400377243,-0.1723559885087,0.3041378944940,-0.0084298956228,0.0486739743989,0.1867062436506,0.5849731900235,0.7320429357776,0.2549508987906,0.3472669421834,0.3042202310149,0.3865095128183,0.0600218802204,0.1317369869235,0.2781378015602,0.5998696748801,0.5934261847274,1.0000000000000,0.4784379377895,0.2438452758694,0.1215972954664,0.2411830671358,0.4588829004877,0.4159796471906,0.3455375062631,0.4358517712807,0.1698444149649,0.0030471219144,-0.0474329226853,0.2474028208759,0.1331410385572,0.2435025259565,0.2007663348709,0.0270218976187,0.5456601787899,0.2189274663815,0.1895992638619,0.0670305306834,0.3348226358437,-0.0248238728475,0.0306170444947,0.1065063278876,0.3314855240625,0.2556701907789,0.0641055862465,0.0151343647729,0.0201316857947,-0.1118372345371,0.1270532194217,-0.0268279608319,-0.1409296858287,0.1059935226149,0.0539969795587,-0.0455144125055,0.3353587875079,0.4844046424324,0.5773571635821,0.6266462802881,0.5912479248347,-0.0363757438835,0.3562262379336,0.0978630284557,0.1917732677781,-0.0436129059906,-0.2808614343315,0.3761212587598,0.6144810450581,0.6793626571131,0.3466689007985,0.1615250001901,0.0080953527959,0.3712395086293,0.3862979828942,0.0368045609196,-0.0687889594365,0.0400205977795,-0.2251803229138,-0.3096794328529,0.3842067881943,-0.2785522793393,-0.1391368762530,-0.5463132268002,-0.1235490697295,-0.1098403055387,-0.2985159414640,0.1253309764584,0.0183760150846,-0.2792227471657,0.0882809343935,-0.0454652055284,0.0490836476146,-0.0226624035895,-0.2356997176419,-0.3898445042332,-0.0453127653437,-0.3320551963086,-0.3489436191784,-0.2063123426392,-0.0228111716407
-0.1128471575837,-0.1337077802014,-0.2414056753454,0.1953909560597,-0.0511668571665,0.0464686371290,0.0713303040975,0.5701803152874,0.6077161201904,0.0498193300651,0.4326617172466,0.2035055772203,0.2511988169490,0.0366862733619,0.3942732447074,0.6213762529871,0.5653124040132,0.5110790379598,0.4784379377895,1.0000000000000,0.3672444410817,0.1693420216625,0.3717121561972,0.6870847862966,0.6842291887267,0.5033157110429,0.6721272712079,0.2791564479689,0.2168379877360,0.1162817528141,0.5667285366647,0.2099238948577,0.3220369661650,0.1758089046343,0.4450128211385,0.5538875197211,0.4781295143660,0.6883916105614,0.3495658939971,0.3956125828372,0.1372138224231,-0.0357759304994,0.4173267537110,0.4236247196728,0.5128371901529,0.0348555183681,0.0810221309101,0.3423174408925,0.2558385834231,0.3381497096200,-0.1093942559524,-0.4283149143889,-0.0758442777632,-0.0228377521168,-0.0516932402923,0.0105269240005,0.5878398910059,0.3960638981495,0.3992344935093,0.2927153163524,-0.3079200780315,0.3395873383411,-0.1474590299206,-0.0140253773155,-0.3492119062563,-0.0739477832474,0.3949960410037,0.4090701239321,0.4415146583345,0.6699309015767,-0.0091671852016,-0.0064471907157,0.5304290671185,0.5779438990373,-0.1188996556758,-0.0481606199500,0.1697053410983,-0.2033388110350,-0.2248949647986,0.4617802155317,-0.3224317208397,-0.1229679917536,-0.5082838651029,0.0053173210647,0.2966995254909,-0.4182117149642,0.4612988503543,0.3433035047013,-0.2766044910255,0.4533146634985,0.2905926268807,0.1196970427856,0.0187235142957,-0.2928433599699,-0.4708220772328,0.2269225232518,-0.2293814965801,-0.2435680905205,-0.3195620763197,-0.1025423129912
-0.0237039008262,-0.0321208541337,-0.1351373298956,-0.0043319763801,0.0331181181970,0.0212905527229,-0.1357093578474,0.1328831086279,0.2740658701266,0.2435763211156,0.3143821608113,0.3108152556239,0.0158946024515,0.1874231427137,0.1948233924327,0.2379252080127,0.5444346180075,0.1357595285495,0.2438452758694,0.3672444410817,1.0000000000000,0.4899303438254,0.5925627602001,0.5365119435682,0.4827480845354,0.5820169506887,0.5894150544440,0.2024223321007,0.2057241944002,0.1463721260943,0.3780412111577,0.4731398922455,0.4125949682675,0.0483393373347,-0.0158525406580,0.3692819166384,0.4184175005691,0.2438013308125,-0.3580528414117,0.0164467634771,-0.0522113225808,0.1667520423210,0.0513188808521,0.1516514443765,0.4325387150953,0.2291411700440,0.2783502568124,-0.3513180929289,0.0460983648608,0.3484830504162,0.0009396203753,-0.2730827044666,-0.2059456689819,0.0665600258785,-0.1466109831540,-0.1282815475503,0.1534042642019,-0.0046617121629,0.1171137585726,0.0589542320423,-0.1257640672809,0.1272382426941,-0.0964147360312,-0.2259466427707,-0.2051792965459,-0.3121824824339,0.1256863664990,0.1385433995234,0.4099778060865,0.2942930792450,0.5056278100702,0.4689228742065,0.4904754749869,0.5177809978542,0.3767699925199,0.3482666493912,0.3091115303603,-0.2309091038923,-0.1490658998388,0.3868055611699,0.2752510049609,0.0872534141315,-0.3693425048433,-0.2205691465350,0.3463480574798,-0.0690015477057,0.4146883442069,0.0730155765460,0.0240291162854,0.1978525821970,-0.2961233025620,-0.0597843587029,0.1032583343929,-0.0125377880007,-0.0463204441507,-0.3304486035521,-0.3052275917515,-0.1541345876525,-0.0214969856413,0.4114987229990
0.1916174730564,0.2372391335954,0.0541814373510,0.1668600626539,0.2701651379514,0.2012768584804,0.0487303993220,0.0758825404148,0.0833498212171,0.6298851678287,0.3527942317195,0.4650608105389,0.0309639063532,0.4109954199006,0.2969192449692,0.1544741391907,0.3585141484692,0.0936880800401,0.1215972954664,0.1693420216625,0.4899303438254,1.0000000000000,0.5983108682472,0.3144674583631,0.0975302514271,0.4395339106503,0.4302399545398,0.1721903690053,0.0272617681166,0.1269379018620,0.1266897875580,0.3279107170183,0.1842785997967,-0.0739670329210,-0.1066566518475,0.1894919777047,0.2205805376589,0.1779251958768,-0.4117605019777,0.1349542750519,0.0781542622615,0.0785892593811,-0.2502268840900,-0.1566721096278,0.0844616748816,0.2099564788311,0.1396267088481,-0.0521509417858,0.3251916711728,0.1638053207637,0.2204253418220,-0.0049796439582,-0.0003468576689,0.1610298854187,0.1120866863582,-0.0402429951079,0.1040897862668,0.0151033471609,0.0894079743476,0.0112881315320,0.3615399918298,0.1891428250359,0.1830196156259,-0.2027985236880,0.1555936029506,-0.3772960585633,0.0168056283377,0.1462659443351,0.1983165155790,0.0410322013888,0.4865323277134,0.7704567572356,0.4202564822941,0.2621909416440,0.1749541212825,0.1895630348468,0.0695596551017,-0.0357755857236,-0.1984831309898,0.1365300674476,0.2687929258487,-0.0813272414905,-0.1642620724095,-0.3002957166810,0.0921477182302,-0.0332035844539,0.2591306808679,-0.0166513020218,-0.1953391035125,0.1601774238783,-0.2985478735111,0.1147647134095,-0.1953184478856,0.1496966586311,-0.1326123793895,-0.0155554448760,0.1943956411392,0.3227992803828,0.2318785526538,0.3447620315254
0.2550798948777,0.0827755543862,-0.0678343146569,0.1866207180428,0.3184675961063,0.1757202296550,-0.0211030804613,0.0459913680984,0.1447880047077,0.3865852809878,0.5651932688399,0.5108023257043,0.0860440583697,0.3525213137201,0.2779386667373,0.2048392490172,0.4250627585063,0.1429875554620,0.2411830671358,0.3717121561972,0.5925627602001,0.5983108682472,1.0000000000000,0.4531975150160,0.3477592670385,0.6601284031367,0.7011566747867,0.2283038558329,0.0434662707600,-0.0357599195391,0.2519810745839,0.5408499078997,0.4835792348747,0.1447499762877,0.0020338370665,0.2889750511604,0.3799672002058,0.3025198033121,-0.2152712010343,0.3977607308647,-0.0449006787799,0.2119251930307,0.0554255402266,0.1230862902725,0.3574180106531,0.3514584942437,0.3029212516909,0.0030846363271,0.2374254347385,0.3602714215099,0.2512132683261,-0.1971248957876,-0.1166793621159,0.0979171760362,0.0548906333861,-0.0762464786967,0.1790029095458,-0.0693797359589,0.0282035912797,-0.1196969679434,0.0247326629032,0.3651351604189,0.0906484021838,-0.2373941692082,-0.1263797335452,-0.2501071027590,-0.0238931783447,0.1632275340953,0.2221644468171,0.1398440367849,0.2537087959564,0.5921014201253,0.4496610188568,0.3586518608792,0.0509925164195,0.3342439042966,0.3286630948675,-0.2392482016149,-0.3881916339351,0.1662784776756,0.1895598284592,0.1018583433225,-0.3791699619672,-0.1894447184898,0.2329794487084,-0.1149041111763,0.3639430978619,0.0679764055737,-0.0908675875911,0.2515751294690,-0.1534158002722,0.2369459576534,-0.0447481363690,0.0726165828176,-0.2116783512057,-0.0192108536141,-0.1940343278630,-0.1610487334783,0.0169715450012,0.2501619872936
-0.0409223843047,-0.0909607638153,-0.1464815484528,0.3318216166222,0.0018557201564,0.1838514048619,0.1567981536369,0.4735362049648,0.5648531500044,0.1637583512154,0.4419042549614,0.3085508407142,0.2501066510720,0.0308715516959,0.4362185584476,0.5311269449478,0.5499384408735,0.5030142117364,0.4588829004877,0.6870847862966,0.5365119435682,0.3144674583631,0.4531975150160,1.0000000000000,0.5907943141520,0.5246687500492,0.5989084943667,0.1885069152694,0.2016119960713,-0.0319464083028,0.4212168034728,0.1689679256081,0.1580914200749,0.0103769062574,0.1757319522111,0.5869533445401,0.5266144994995,0.4310358906311,0.0784184608294,0.2030071148934,-0.0099408770936,-0.0519842778892,0.0976230563995,0.1796642549366,0.2920220424920,0.0240152638364,-0.0465534086364,0.1467372035280,0.1463253970359,0.3413868317798,-0.0524072855261,-0.2735645593499,0.1036058972171,0.1486741033672,0.0871133019070,0.1208918908970,0.5083864945258,0.3183738057514,0.4235075774831,0.3716375960587,-0.1449224001090,0.3725696383985,0.0105705881705,0.0084131695149,-0.1421025067074,-0.1508789244104,0.3857158380758,0.4920309013284,0.5043536389836,0.5715149486408,0.3363245896948,0.2621848139836,0.8528064804996,0.6284150660048,0.0124028692867,0.0899730878466,0.2180320007239,-0.1412970372672,-0.1443791261531,0.6199967029571,-0.1126360298091,-0.1166095237749,-0.5061860250912,-0.1705890915176,0.1843938123973,-0.3381512633037,0.5704110539799,0.3097607488928,-0.2145667999993,0.2896615718895,0.1747151808631,0.0800274569158,0.0066199197803,-0.2266835453815,-0.3205311010789,0.1158570274910,-0.2916895452556,-0.1696352166349,-0.1638215685665,0.2340649342973
