1.0000000000000,0.3991427841194,0.7202938457689,0.3975235655456,0.6836017633234,0.4048472779644,0.4074171020117,0.0353066338525,-0.0119563419334,0.4023685701840,0.1450332711079,0.1514658391209,0.0715714731258,0.4893069474893,0.1434043349947,0.0724878409192,0.1837344872543,0.0712961725725,-0.0692481129871,0.0464221914877,0.0922224818805,0.3140464557640,0.1688645757071,0.2264550886035,-0.1230869219135,0.1482352620958,0.2337334983473,-0.0194559652416,0.0885103748661,0.2540508221955,0.0997518740775,-0.0571747213734,-0.0459792230673,0.0821421421712,0.1868530022580,0.0427255799773,0.1907186713789,-0.2408949014651,-0.0479332746514,0.0781907118916,0.3176420526362,0.2045655941201,-0.0967624522227,-0.0927179306119,-0.0798069408814,0.0864429363468,0.0707261948369,-0.0590347718978,0.3164219516690,0.1797216383666,0.6680766325021,0.2195499434740,0.2994695406035,0.4197125244232,0.4018180906703,0.3047437465132,0.0847392076072,0.0888520242940,-0.0055755951771,-0.0529133207326,0.1539538075736,0.1881274798600,0.1354759497720,-0.0325563532624,0.2917996041608,-0.0646983099192,-0.0048739393931,0.0930645219649,-0.1498890100808,0.0461325314302,0.0018985840923,0.2546178182905,0.0835973250076,0.0115496523936,-0.0431583538922,0.1575011039801,0.0349546536925,-0.0097992266073,0.0908215489075,0.0927385000632,0.1038404939280,-0.0137045390076,0.2368757857983,-0.1349711571333,-0.1602440668919,0.2154082071740,0.0989123629622,0.2895814532107,-0.0453059238255,-0.1183529833362,-0.0271498553602,0.0345508730387,-0.0712289386709,0.2097888902790,0.0461479630750,0.0669942512139,0.3505505049590,0.2726991296333,0.3936135800878,0.2825513744418
0.3991427841194,1.0000000000000,0.3305835712143,0.0732508413362,-0.0458137622949,-0.2330153116783,0.0732536757815,-0.3890796308077,-0.2384507587416,-0.0320577777794,-0.3449365039282,-0.3259002114557,-0.3045753363828,0.2624181825123,0.2163029950279,-0.2494333055447,-0.2735448442387,-0.4138914026309,-0.0777278755603,-0.2539045158632,-0.3792024701194,0.0526087966670,-0.2257993697269,-0.2759278295856,-0.0714647506830,-0.0774597712641,-0.2573922928109,0.0873264863160,0.3203290392827,0.4977276143207,-0.2389450404264,-0.1098715028690,-0.2431892570994,-0.1056124134270,-0.1562699791641,-0.2511467640423,-0.3365085901010,-0.0244068519680,-0.1243534276396,0.1376905489546,0.3634422586271,0.0607543793125,-0.2720353440617,0.2597853939284,0.2743392877883,-0.0763854553283,-0.0423629261238,-0.3654298394407,0.1547062188999,-0.2405971850316,0.0345048934601,0.6328265991954,-0.0778293446685,-0.0716531117021,-0.1200295123971,-0.1221578622455,-0.3048342850664,-0.0891596383248,-0.2219947343588,-0.1206197358379,-0.0993944250173,-0.4074520265964,-0.4052983212656,-0.3339837616941,0.5326513106947,-0.0715887948589,-0.1181503686066,-0.4360967116485,-0.0230099774055,-0.1125894987579,-0.3762656805524,-0.1848424509276,-0.3810774523041,0.1864138648295,-0.2900249151655,0.0660814565084,-0.2176757302529,0.0849793955540,0.4138793738077,-0.4270846478285,-0.1179580281057,-0.3676344142192,0.4945343429501,-0.0734822024904,0.1750241593067,0.0371611418262,-0.2470274687199,-0.0178879293494,-0.1278452692320,0.2078595166516,0.0001249077709,0.1826917782201,0.2860104598495,0.0804210701990,-0.1600802019124,-0.2204614827953,0.3751511765397,0.3209383136495,-0.0325279665131,-0.2288525607911
0.7202938457689,0.3305835712143,1.0000000000000,0.5845674088973,0.5958995567313,0.6155653097148,0.5314331002710,0.1657096846777,0.2156113048291,0.4753597203748,0.2120580377861,0.1459769963161,0.1258275393804,0.4616237182484,0.2630109195261,0.3403620720431,0.1972842160620,0.1764872084035,0.0832367781786,0.2637622162672,0.1959302812772,0.2704990404384,0.1991592049498,0.3345150433167,0.0587865946322,0.1356360435512,0.3503156267465,-0.0088552072464,0.0344532996185,0.2411258162798,0.2556592259381,0.1171196605630,0.1496808008855,0.1104794811844,0.2885550033077,0.2529597184140,0.2558248090823,-0.0152565820436,0.0315766075754,0.0566845238779,0.2236112253314,0.2717864383948,0.0557904526890,0.0120206842180,0.0405551775192,0.0812475816556,0.1030538156830,0.0947122107776,0.2623740183876,0.3218985649693,0.5491394382208,0.1553109930377,0.3759205923627,0.5326064008159,0.5277504026134,0.4301731134261,0.1784161710600,0.1831934835104,0.1548764883223,0.1525678750655,0.2332528668527,0.2670902504088,0.0796583087597,-0.0791590234461,0.2683021713976,0.0136725155243,0.2912491751939,0.1566582699446,0.0570218869667,0.2618493082424,-0.1048094495838,0.2261693376470,0.1996034404941,0.0566343633770,0.1102164487613,0.0444149641851,0.2010003320877,-0.0548727628556,0.0117486502678,0.2544276453844,0.1731210999873,0.0656149721975,0.1797311436799,0.0892125025331,-0.1013632448434,0.0451002904949,0.1701220021821,0.3446782299267,-0.0360649767712,0.0163451558467,0.0179576913055,-0.0064895579079,-0.0548200105433,0.1269425681694,-0.0588503290929,0.2042395614714,0.2648046032131,0.1622268602306,0.3209895553678,0.2193702600091
0.3975235655456,0.0732508413362,0.5845674088973,1.0000000000000,0.5829651551938,0.6898316960954,0.8661728105190,0.3777119657099,0.3741025025133,0.4171765892839,0.3388413667874,0.3057588216187,0.3525685923163,0.3194442818303,0.6097758421898,0.5909564740525,0.3950195737319,0.3269925634856,0.4370243994225,0.3653683403341,0.2656739729205,0.1986780246169,0.3087946405054,0.5663769598743,0.0315316999032,0.1915496298642,0.3523442818614,0.0363366927649,-0.0716885508907,-0.0179316377360,0.3879483765146,0.1668699075112,0.1253234600545,0.1386873925835,0.4125338641802,0.3097782118553,0.3549768313242,0.1187853487926,0.2087119081054,0.0528180625553,0.1866496919374,0.3441776001575,0.2869213485157,0.1072675688384,0.0745197215231,0.0437346360328,0.0645238151630,0.2561008594532,0.1747958395355,0.4528995629519,0.3542302741931,0.0082527139137,0.6932660266756,0.6052398744981,0.6996611116235,0.7130213421596,0.2782454020899,0.1129303670476,0.2821680383072,0.2436400265404,0.2248252636386,0.4486245207723,0.2199701597387,0.0745162447612,0.2102838098753,0.1894655739548,0.3796794570690,0.3808661873698,0.1647406460216,0.1564177441265,0.0796838157944,0.2812382710732,0.3444863198589,0.0201190760879,0.1112366316435,0.0320638979121,0.1681732076474,-0.0621906310529,-0.0842422362437,0.3477638512034,0.1322440083171,0.0782084914936,-0.0193471352375,0.1043605983202,-0.1743321237808,-0.0525026102895,0.2011463724795,0.3992158886425,0.0810034840335,0.0008235351505,0.1841836002675,-0.0526774138016,-0.0032453004009,0.1199531004980,-0.1243822531798,0.2779969238721,0.0587764997480,0.0648141821710,0.2426955584201,0.2378623798250
0.6836017633234,-0.0458137622949,0.5958995567313,0.5829651551938,1.0000000000000,0.7187752406037,0.5577448739019,0.2989857707973,0.2270444614875,0.4761872479153,0.3938840865988,0.3735657302874,0.3027212269040,0.4523422569032,0.2829460987118,0.3167355371465,0.3985029519402,0.3588238169505,0.1140277838437,0.2189664896666,0.2520488193124,0.3651227464340,0.3039972293441,0.4823134697829,-0.0674651325545,0.1542004006295,0.4249591295014,0.0108685784451,-0.0722546270949,-0.0199725388099,0.2693760005845,0.0271089892187,0.1054039715785,0.2464417226748,0.3269314828125,0.2412585602792,0.4168139494543,-0.1501467363169,0.1631016271815,0.0935708993251,0.2662226552116,0.3257556530105,0.1635922179101,-0.1583470096563,-0.1096289674882,0.1535924983660,0.1276120998451,0.2723121984765,0.4134228158158,0.3618027723537,0.7733840283766,-0.0160738297269,0.5300420289587,0.6460275699873,0.6720325945138,0.4942061697631,0.2440605544703,0.0749125709006,0.1855579895706,0.0620649356236,0.2613954307898,0.4942172421541,0.3525390344098,0.1138271663438,0.0862823144516,0.0666303621921,0.1257797625672,0.3928647471710,-0.1322721021149,0.0358721001243,0.1321001571575,0.3537904056306,0.3458673808380,-0.1366534526273,0.0317600490691,0.0114921318053,0.1388277608211,-0.0273676327929,-0.1410879992319,0.3593656104808,0.1330901199801,0.0861584627683,0.0062177219006,-0.0928136747935,-0.2887250914132,0.1722970612346,0.2495351675633,0.3453382711318,0.0178704594240,-0.2137022278355,0.0912425505764,-0.0593177138461,-0.2261809480099,0.1895809795239,0.0092241625865,0.3179324022729,0.2458182248013,0.1490840961208,0.3822178604885,0.3214897338701
0.4048472779644,-0.2330153116783,0.6155653097148,0.6898316960954,0.7187752406037,1.0000000000000,0.6670135865054,0.5070632391746,0.4278024539712,0.5052170998787,0.5170610614713,0.4496163024651,0.4514433980785,0.2987868940421,0.3951139725571,0.5071165709600,0.4990962791635,0.5253310368828,0.2232286593591,0.3655364649642,0.3616259629887,0.2576549164263,0.3177760512954,0.6464949241881,0.0171559151828,0.1142280308855,0.4615634824955,0.0028026090182,-0.1407867207832,-0.1565846155360,0.3994945539009,0.1073199526621,0.2487714079608,0.1980137955290,0.3874660642499,0.3970360997122,0.5056658470742,-0.0364849601426,0.2226543602403,-0.0305511714136,0.0614044829143,0.2820062518205,0.2817600512171,-0.2053130960910,-0.1494316191140,0.0201889911712,0.0917410240376,0.5225898264367,0.2230979635455,0.4853849422693,0.5408658221974,-0.1323768941903,0.5774625970188,0.7428663619961,0.8678863417411,0.6429593829969,0.4017319232534,0.2553559351125,0.3505980696388,0.2901615068604,0.3116318380174,0.6481164180439,0.4332689598851,0.2479563073448,0.0316694403840,0.1962241732371,0.2885531524455,0.5578527800544,0.0241665093117,0.1707831303892,0.1860545400945,0.3150299800755,0.5181472655228,-0.1356944869465,0.1456426394621,-0.0872003835827,0.1990541828396,-0.0664335885553,-0.2520479505908,0.5411151470869,0.1735891062933,0.2343864701667,-0.2037957799140,0.0070332668120,-0.3254056876873,-0.0317516468407,0.3088737715445,0.3301565198784,0.0280697097003,-0.2208369279077,0.1481529026162,-0.1231997774907,-0.3107327179498,-0.0208690691783,-0.0313893304499,0.4872048899485,-0.0415049609257,-0.0385437675901,0.2641117309436,0.3007205419794
0.4074171020117,0.0732536757815,0.5314331002710,0.8661728105190,0.5577448739019,0.6670135865054,1.0000000000000,0.3759492928062,0.3901084155023,0.2964299527595,0.3111164622134,0.2237424245394,0.3519591837288,0.1960409152816,0.5523124803166,0.4948985182312,0.4020667226882,0.2676632473610,0.4648703292689,0.3160442876166,0.1964227620705,0.1460447854222,0.2386516039613,0.5443175354395,0.0285455542851,0.1258239022587,0.3168724595251,0.1080080305739,0.0221052995464,-0.0330350899905,0.3354963802966,0.0596005608274,-0.0222401652042,0.1146337753894,0.4921449268243,0.2896561687275,0.3970105323759,0.1650327450969,0.3146699437794,0.1824284819787,0.2501367668054,0.2820012221064,0.3067961190381,0.1684506812461,0.1240799161629,0.0306939896595,-0.0362307797181,0.3030484841187,0.1912922103674,0.3173470085597,0.3558541801546,0.0853235639470,0.7109338466838,0.6112273554046,0.7232602763837,0.7553925300037,0.2942449024525,0.1577737124968,0.2953598087350,0.2567492329423,0.0927713092223,0.3947706267344,0.1310704392162,0.1025691868956,0.1124965358361,0.3040327741802,0.3712073945089,0.3587246586649,0.1646625216845,0.1694454333515,0.1320842342301,0.1723781429038,0.3895235652488,0.0359256246818,0.1132121852709,-0.0187950229685,0.0622327984658,-0.0059529635515,-0.0220387186617,0.2979693040503,-0.0399262724393,-0.0513838064186,0.0128643746179,0.1385305554268,-0.1485048787063,-0.0899660711056,0.2975934916983,0.5100421707961,0.2636617978967,0.0839503024855,0.3105949672635,-0.0104585201819,0.0810679636989,0.1935272709738,-0.2052821272264,0.3480551115470,0.0737772185367,0.0998470237135,0.2324752060956,0.2734433247258
0.0353066338525,-0.3890796308077,0.1657096846777,0.3777119657099,0.2989857707973,0.5070632391746,0.3759492928062,1.0000000000000,0.6876062086254,0.3457947112723,0.5264200240971,0.4781773055869,0.5076951846116,0.0549008373750,0.2374045974558,0.5548369910732,0.5361353377031,0.6622079436064,0.2911456716950,0.5734029884465,0.4522982085174,0.2266357560464,0.3656589300038,0.5393599022174,0.3455879116420,0.1611371147799,0.3917950363589,-0.0395050989037,-0.2781038151665,-0.3178473697034,0.4031327175724,0.1591380643761,0.2685041188950,0.0979680597386,0.2497621873204,0.4956086085807,0.4078547924627,0.0846491670849,0.1226751953354,-0.0928540940315,-0.0714462881258,0.1569041528002,0.2761862911941,-0.1676843577435,-0.1397910772540,0.0835478008775,0.1248609655831,0.2966654852210,-0.0191310791143,0.4769222832053,0.2566943632245,-0.3024690752144,0.3801980854682,0.3495438123500,0.4400951597007,0.5237158352052,0.5189763070502,0.6241777300377,0.6900272327302,0.5852117165670,0.2683413726667,0.5755840372637,0.4381487558090,0.3471104025389,-0.1511756320887,0.1907375119335,0.3199429621912,0.6174919358325,0.0585979979313,0.3712856736191,0.3264961697307,0.2715682457288,0.6518866029485,-0.1333187820286,0.3874701655149,-0.0462979693860,0.3347489180261,-0.1166538705672,-0.4271769484117,0.6663985799023,0.1232319172228,0.3310411216697,-0.3142480440570,0.1124087525738,-0.2410867332388,-0.0699178521418,0.3434828174197,0.2174533279288,0.0939488581972,-0.2260865361474,0.0306230593513,-0.1617265403280,-0.2785331679518,-0.0360160078726,0.0747024091815,0.2424740354525,-0.2629085610884,-0.0993468241009,0.2348818303883,0.3419252931446
-0.0119563419334,-0.2384507587416,0.2156113048291,0.3741025025133,0.2270444614875,0.4278024539712,0.3901084155023,0.6876062086254,1.0000000000000,0.2974908905701,0.4738291846790,0.3970845985537,0.3782321591209,0.1275156522360,0.3489265838870,0.5466062518468,0.4584832995854,0.3743410172295,0.5695954301487,0.5687376640269,0.4219349754464,0.2580758348580,0.3692399472152,0.4400251294873,0.4647329109791,0.1813978891747,0.3536141801059,-0.0007232323595,-0.2683487234855,-0.2401474980202,0.3775191543624,0.2366522581829,0.2303040888417,0.1469132878690,0.3276215971346,0.5241743238614,0.2603521821746,0.1069769326078,0.0949710099431,0.0147035906892,-0.0157366298124,0.1308907346085,0.3118265441587,-0.0421436792424,-0.0065591974489,0.1201957342182,0.1255888677844,0.2076320182203,0.0559135201743,0.3880039768780,0.1085366989365,-0.1972380554580,0.4246054346033,0.2962758467685,0.4049957082889,0.4531449827235,0.3683866584409,0.4879174596387,0.5936117566855,0.7358653218302,0.2113842361429,0.4705649499568,0.2689445963462,0.2187630346804,-0.0107176442150,0.3403378547364,0.5044631315055,0.4197715171990,0.4414533207319,0.4317978444072,0.2536461955725,0.2109210535086,0.5037840365920,0.0896249578686,0.4097047599345,-0.0928372330503,0.3241557672855,-0.0491693465038,-0.3382784454657,0.5153191455076,0.0877227763564,0.2087283145316,-0.1687332605604,0.3207555235043,-0.0961984973797,-0.1070465597089,0.2388552095525,0.2692199354165,0.1666001630007,-0.0513108630675,0.0224254855640,-0.1169045258273,-0.1343530373086,0.0434453569942,-0.0735170475730,0.2171929569754,-0.1921074234119,-0.1101533409752,0.1010920812017,0.2262618184061
0.4023685701840,-0.0320577777794,0.4753597203748,0.4171765892839,0.4761872479153,0.5052170998787,0.2964299527595,0.3457947112723,0.2974908905701,1.0000000000000,0.4881730494897,0.5647339080090,0.3250036618007,0.4272750247691,0.3449232274694,0.3120564140196,0.4760180940959,0.3908841816763,0.0672584534558,0.3800090184493,0.4647546808093,0.6988558520402,0.4157060272423,0.5496037078575,0.0307399041967,0.2389331441901,0.5281268274800,0.0887703886326,0.0052251861488,0.1325692299637,0.3857964931424,0.1600948098947,0.2405618957656,0.2285820667587,0.4514963869845,0.3223058443287,0.4625869157043,-0.1622187245070,0.0774075546677,0.0404006801128,0.2003238969313,0.2768512713381,-0.0613950559614,-0.2312897339303,-0.2200150550304,0.1256332768510,0.2159050453285,0.1583126338899,0.2563865132508,0.6634050216648,0.3615638925573,-0.2128794845231,0.2510201060377,0.2918992178239,0.4018168925933,0.1668414696366,0.3053495655065,0.2550604471219,0.1914047131188,0.2396873613875,0.7778918541090,0.5480851905654,0.5463121520378,0.0924231176158,0.2238795619243,0.1384343996120,0.0531391656784,0.4745662446992,-0.0115111044325,0.2199435386621,0.2825531862655,0.5913262665125,0.3844678070805,0.0285731102383,0.1344077297107,0.1668537883258,0.2711926681728,0.0946210669597,-0.0716649814887,0.5379179749769,0.2355345994369,0.3101162808304,0.0846097934391,-0.1561241325059,-0.2769757760230,0.0962842170347,0.3066996331493,0.3403512472498,-0.0594862751410,-0.1745772582294,0.0363949371153,0.0957528872519,-0.2309582182351,0.1479603431823,0.1970971531196,0.2059942852450,0.1820328054745,0.3397513093969,0.6051487385223,0.4832042397364
0.1450332711079,-0.3449365039282,0.2120580377861,0.3388413667874,0.3938840865988,0.5170610614713,0.3111164622134,0.5264200240971,0.4738291846790,0.4881730494897,1.0000000000000,0.8140616948507,0.5748333942711,0.1217450035203,0.2847532720720,0.3715997923981,0.5812590662324,0.5167631391302,0.1884605532566,0.2736578623628,0.5046807973685,0.4607561604917,0.5764309736940,0.5592338024707,0.0439798859944,0.2625418807262,0.5488332939233,0.0012138718091,-0.0585403647791,-0.2079269898676,0.2686127088125,0.1944828787603,0.2302751880972,0.0939056760500,0.3097371666954,0.3021414841010,0.4004498612528,-0.1611225627433,0.1433559615210,-0.0207212902185,0.0057606108467,0.0804068793647,0.1673002478414,-0.2756019829915,-0.2044824187764,0.0816243503268,0.0239852329223,0.3961930376254,0.1537238488474,0.4857836143797,0.2837780585148,-0.1724670211497,0.4438937831972,0.5146438360388,0.4523415750186,0.4041438126397,0.5385197450535,0.3626268150155,0.3448489062553,0.2619414271260,0.3701867339850,0.7770293937083,0.6579149119286,0.4352710549934,0.0258027169969,0.2841169449617,0.1255692411949,0.6308945074074,0.0168807278961,0.0999166240952,0.4969662683658,0.4647871281481,0.5642994094176,-0.0395266164949,0.1951056149223,0.0913012682637,0.3347280557540,-0.0011644159992,-0.1255565367306,0.5391239628290,0.1278815980403,0.3449099177590,-0.2431922893917,-0.0403325315809,-0.2321915774109,-0.1381065129752,0.2879937401449,0.2107057685555,0.0580179404247,-0.3020588176784,0.0897091727164,-0.0112819813929,-0.3012075365872,-0.0167963545724,-0.0618576189785,0.3478382045948,-0.0674357646350,-0.1137804479227,0.2154959037048,0.4096706963129
0.1514658391209,-0.3259002114557,0.1459769963161,0.3057588216187,0.3735657302874,0.4496163024651,0.2237424245394,0.4781773055869,0.3970845985537,0.5647339080090,0.8140616948507,1.0000000000000,0.5625609788952,0.1497260854498,0.1568367408038,0.2984458896653,0.6191504125080,0.4291121707287,0.1660446336720,0.2628191238981,0.6014827263928,0.6079176860860,0.7417054895287,0.4820427612928,0.0961800455949,0.4564437283974,0.5404804569059,-0.1098727180873,-0.1461583216420,-0.2523936200605,0.2298857557545,0.3138215575191,0.2645037374033,0.0321287333042,0.2813689713241,0.2027477614260,0.3027845185840,-0.2369214053394,-0.1025193566025,-0.1573276739012,-0.1130368191748,-0.0160708512723,-0.0514972513347,-0.3359353999460,-0.3059411861608,0.0918144072651,0.0666836244962,0.1774805996137,0.0674954580760,0.5247749249699,0.2228429612528,-0.1576718920338,0.4077406084549,0.4163434163592,0.3990078830684,0.2901424610889,0.5566798280768,0.3466899144682,0.2837585688617,0.1791082867315,0.5002064137389,0.7525187943796,0.8234398986997,0.4142292009233,0.1260715809192,0.1379829269578,0.0259919782621,0.5989232287742,0.0594396917980,0.1049489250228,0.6478861572529,0.6837332828206,0.4459874377340,0.0812473765796,0.2182107927584,0.2751831470717,0.3887658416375,-0.1402535156928,-0.1712171786703,0.5261713158963,0.2331341779301,0.4975462915643,-0.3389345580671,-0.1586256377248,-0.2480781900607,-0.0946647036644,0.2096318245666,0.1581950483070,-0.1144216378535,-0.3509789366479,-0.1589536492931,-0.1483859290210,-0.2989699116711,-0.0856936432726,0.1079123718550,0.1304661576271,-0.1454705495081,-0.1601409958323,0.2214943241783,0.5068601024663
0.0715714731258,-0.3045753363828,0.1258275393804,0.3525685923163,0.3027212269040,0.4514433980785,0.3519591837288,0.5076951846116,0.3782321591209,0.3250036618007,0.5748333942711,0.5625609788952,1.0000000000000,0.0299853273526,0.2978434670946,0.3767726821559,0.6131980149069,0.5070292271298,0.1526800967055,0.3530065978557,0.4762332934580,0.1874734560224,0.3106393719750,0.4945947162639,0.1884024608187,0.2827886676228,0.5018829361980,-0.0174835955850,-0.0830509073015,-0.1943310957889,0.2629658835113,0.2124286638860,0.3939555661965,0.1349030781970,0.1711842305060,0.2214667257015,0.3242199544987,0.2086043005577,0.0630753353646,0.0097157310468,-0.0249799111104,0.0089786111722,0.2021143473266,-0.0084524100834,-0.0698456937680,0.0009424965405,0.0456637108382,0.2867641101152,-0.0180558372588,0.3749436024041,0.1163608692454,-0.1067425790643,0.3857563843880,0.3934717400240,0.4579668000892,0.3882439103643,0.6453040416997,0.3757464335083,0.2836376662426,0.3329111718730,0.2248455108255,0.5182897738883,0.4896396900800,0.8070720482548,-0.0740891271056,0.2335601626449,0.1278682517496,0.6554528597453,0.0362930414753,0.1577031476256,0.3853444184187,0.1666005616781,0.4841194708729,0.1111282578339,0.1639377825234,-0.0291392201887,0.3099884130278,-0.1058742867019,-0.1993385158585,0.3962141326400,0.0306393451009,0.4202956704667,-0.3469880587180,-0.0054737598272,-0.1706206050175,-0.2219091535251,0.1821843317447,0.0563451557925,-0.0234563298597,-0.0472136872969,0.0484614701176,-0.1079285474849,-0.0860060936494,-0.1553220901975,-0.1793941108173,0.2494840267805,-0.1365023261907,-0.1245910006175,0.0733926512999,0.3490875026666
0.4893069474893,0.2624181825123,0.4616237182484,0.3194442818303,0.4523422569032,0.2987868940421,0.1960409152816,0.0549008373750,0.1275156522360,0.4272750247691,0.1217450035203,0.1497260854498,0.0299853273526,1.0000000000000,0.3257626541894,0.3193746207691,0.1993195989604,0.0642507251281,0.0687912291620,0.2283007085612,0.1988757329688,0.3337899583637,0.1594041788059,0.2588194430524,-0.0132618480107,0.1236781532012,0.2575617315135,0.0199608778647,0.1743544864411,0.4926797622231,0.3645834201415,0.1714347274390,0.3118982693660,0.2855201288763,0.2994477984486,0.2650155856454,0.2199257666951,-0.0702008253000,0.0617043477574,0.0766526822175,0.3354148656408,0.3364661555120,0.0670954138838,-0.0686290006498,0.0206966160514,0.1965976553799,0.2391973588554,0.0903293990380,0.5487909822758,0.2858536571750,0.3140506854312,0.1753960068346,0.0651184775748,0.2698868051292,0.3004933705486,0.0187231752667,-0.0726667393889,-0.0760240397089,-0.0315047000969,-0.0137943538463,0.1997370820043,0.1759240488956,0.1042085920276,-0.1226079815673,0.4171354497479,-0.0042785794461,0.0820712498365,0.0791374662047,-0.0449132778619,0.0435984360356,-0.1544702644325,0.1992827493997,0.0482588045628,-0.0359376699155,-0.1158140849247,-0.0030912023758,0.1137324344436,0.0995132217927,0.1550673932842,0.1987251526220,0.2222378558534,0.1277942945540,0.3777406638293,-0.1110603546713,-0.1578706671264,0.1293081813197,0.0157529596923,0.1964131040141,-0.2720764446862,-0.1005206857000,0.0406208802577,0.1656773938572,-0.1964603638663,0.0612506868422,-0.0316702952140,0.1784918227481,0.5014713515746,0.2846755719879,0.1511963697446,-0.0794071850817
0.1434043349947,0.2163029950279,0.2630109195261,0.6097758421898,0.2829460987118,0.3951139725571,0.5523124803166,0.2374045974558,0.3489265838870,0.3449232274694,0.2847532720720,0.1568367408038,0.2978434670946,0.3257626541894,1.0000000000000,0.3144118126582,0.2963395097389,0.1452699302730,0.3281139899308,0.2781113626166,0.0395914244443,0.1652015815092,0.0685009665693,0.3755541323353,0.0425494709178,-0.0609685321079,0.1889058296512,0.1735015817497,0.1006283875961,0.1119262927446,0.2278358908867,0.0152820813404,0.0353029487712,0.2876153905794,0.3590085798082,0.2528221955552,0.2352112544654,0.2310456656390,0.4700791175552,0.2933522306248,0.4176352275303,0.4187658133462,0.3535329122645,0.2201938997830,0.2263733807587,0.0978835866349,0.1048345927145,0.4453963891945,0.3109356332231,0.3811173273270,0.1464742467764,0.1210552076370,0.4460206211914,0.3907177247665,0.4735930781386,0.3602390359562,0.0756099993313,0.1159471112234,0.1215773457432,0.2738372916757,0.1868063178024,0.2922263093757,0.0917655687745,0.1115133180082,0.2075454827556,0.5049661682490,0.1303882478370,0.2351274884574,0.1018224292864,0.0601433091454,-0.0263281217942,-0.0092151828344,0.2061862180424,0.0466691177631,-0.1727157576241,-0.2704434689422,-0.0995058133851,0.1364624730564,0.0305214771373,0.1343395182869,-0.1833710415429,-0.1671348796911,0.1582924645054,-0.0067558054346,-0.2232368094821,-0.0611083911966,0.0661064523508,0.2458721001200,0.2049660816490,0.0830313113712,0.4525431636356,0.1999006576841,0.0843329915550,0.1678376719815,-0.2951101169350,0.4384691264455,0.1804518707735,0.2033100218335,0.1499716701126,-0.0068764721803
0.0724878409192,-0.2494333055447,0.3403620720431,0.5909564740525,0.3167355371465,0.5071165709600,0.4948985182312,0.5548369910732,0.5466062518468,0.3120564140196,0.3715997923981,0.2984458896653,0.3767726821559,0.3193746207691,0.3144118126582,1.0000000000000,0.4615550817959,0.4278016895934,0.5143225605833,0.7189447491236,0.5579757239799,0.1072014853878,0.3486752556176,0.5827197333929,0.3884566626425,0.3393729870615,0.4844012147215,-0.0158780440735,-0.1365996347045,0.0010826258387,0.7699036570441,0.5241847291841,0.6037832462882,0.1916839715035,0.5250167525201,0.7164839420160,0.3600327687446,0.3586013369741,0.1591324655677,-0.0537354137327,-0.0019706328903,0.2145932451553,0.4976325387845,0.0906508776429,0.0907488697024,0.1711904395190,0.2919565227541,0.3040533318227,0.1331362127294,0.5056171952642,0.1321693659834,-0.2115672192174,0.4309997838702,0.3812125341504,0.4669844944413,0.4428180730238,0.3040507977671,0.1039860390446,0.4161575498090,0.2601708121266,0.0830405928471,0.3928010354110,0.1298731854109,0.1102710301609,0.0041646982223,0.1542445869883,0.7032592186477,0.4028193576894,0.3363017092065,0.5138468176952,0.0056285645724,0.1257762114709,0.4477866359227,0.0253799277163,0.4451982027297,0.0302342765199,0.4320089854966,-0.0544589511520,-0.1799486335970,0.5839629257402,0.3845339014727,0.4269855004970,-0.1251947821145,0.4444243697923,-0.0083934282639,-0.0298908717073,0.2199367296944,0.3843145152437,-0.0125932637821,0.0652858501779,0.0762023769839,-0.0982069847144,-0.1305811936826,-0.0419802586677,-0.0682429557682,0.2965816903699,-0.0279859814276,-0.1766847322305,0.0197950576651,0.1372927348231
0.1837344872543,-0.2735448442387,0.1972842160620,0.3950195737319,0.3985029519402,0.4990962791635,0.4020667226882,0.5361353377031,0.4584832995854,0.4760180940959,0.5812590662324,0.6191504125080,0.6131980149069,0.1993195989604,0.2963395097389,0.4615550817959,1.0000000000000,0.5308733096266,0.3538387500970,0.4829381019565,0.5928592607209,0.5008455913830,0.4669599163414,0.6062007299633,0.2395477028992,0.3667727798337,0.5901889189045,0.1456688384081,-0.0220675451722,-0.1658750719406,0.4938220963592,0.1256280141347,0.3162181764468,0.1112393118361,0.4397398436857,0.4168877529633,0.4365783765476,0.0292086954639,0.1125438979337,0.0212100995141,0.0514863984544,-0.0006321820618,0.0837945118284,-0.1153902369397,-0.1650537188126,0.0666041549906,0.0537818841883,0.3081168523104,0.0980565429865,0.4415704263588,0.3010274103148,-0.0887388813471,0.3978268670456,0.4472237072511,0.4233540692717,0.3532312566340,0.4893353332419,0.3496498839370,0.2609932763708,0.2361948851660,0.3105890189380,0.6247026952473,0.5838665836455,0.4100218373406,-0.0265848151575,0.2461297226021,0.2086365398011,0.7536445918991,0.0967012852113,0.2680006719558,0.4839261503927,0.4709932531072,0.5012805686013,0.1562879263314,0.2458981866614,0.1099281759879,0.2657241118139,0.0338753215586,-0.1474827484717,0.6270240828740,0.0706671137118,0.3418357029954,-0.2501418686428,-0.0447624419963,-0.2540964407089,-0.0460401442546,0.2833340097560,0.3011156599852,-0.0522928886676,-0.1592943174195,0.1007812137601,-0.0876101858316,-0.1583345789866,0.0735750361375,0.0376944863719,0.2940317714525,-0.0782878311936,0.0366774442441,0.1699894202508,0.3370351244635
0.0712961725725,-0.4138914026309,0.1764872084035,0.3269925634856,0.3588238169505,0.5253310368828,0.2676632473610,0.6622079436064,0.3743410172295,0.3908841816763,0.5167631391302,0.4291121707287,0.5070292271298,0.0642507251281,0.1452699302730,0.4278016895934,0.5308733096266,1.0000000000000,0.1022440700952,0.3899161347414,0.3032418616933,0.1679497971830,0.2956176215414,0.6624641253616,0.0017764649339,0.1414889011188,0.5254135377628,0.0517212446972,-0.0772588767337,-0.1323974143359,0.3431783324331,0.0396350535790,0.1953468363485,0.0954303226760,0.2864387876289,0.3919311022765,0.6148285821973,0.0125766815145,0.2647208487598,-0.0939412110403,0.0460838083535,0.2445672873810,0.2142834620456,-0.2309448882123,-0.2579458817406,0.0194577985347,0.1319722786815,0.3723919958779,0.0346203391283,0.4394046168292,0.3080442983556,-0.2904273497267,0.2283188856316,0.4100654674042,0.4084131090676,0.3646934014342,0.5215267464023,0.3347061627765,0.4234167083748,0.2940339243474,0.2588619880296,0.6489356644105,0.5080819038648,0.3305387104114,-0.1865359752138,0.0035113782670,0.1268660851629,0.8061009772318,-0.1415465161736,0.1068923007584,0.2742733568408,0.3182046904377,0.7084801050425,-0.1838224415004,0.1559940273259,-0.0006323223449,0.2681712670236,0.0180057601589,-0.2354466102578,0.7365580660042,0.1082742085288,0.2502299641142,-0.2029445413725,-0.0869761110122,-0.2522764079576,-0.0353249837791,0.4426331066420,0.2313667123847,0.0992095067621,-0.2330686807938,0.1107854514059,-0.1369700349973,-0.2944867425107,0.0161374556456,0.1272517064651,0.3119958074152,-0.0840948204072,0.0348542999914,0.3386903740555,0.3266947365420
-0.0692481129871,-0.0777278755603,0.0832367781786,0.4370243994225,0.1140277838437,0.2232286593591,0.4648703292689,0.2911456716950,0.5695954301487,0.0672584534558,0.1884605532566,0.1660446336720,0.1526800967055,0.0687912291620,0.3281139899308,0.5143225605833,0.3538387500970,0.1022440700952,1.0000000000000,0.5281802052891,0.2522807873938,0.1091648160063,0.2759979568445,0.3244276668318,0.3710705709966,0.1998978067246,0.1468739277348,0.1448247588489,-0.1501958237042,-0.1846972991229,0.3792667947064,0.1896771814740,0.0136870802083,-0.0026608434295,0.3691408897706,0.4451817860195,0.1035254404727,0.2403347281409,0.0568042467569,0.0335223332123,0.0125283535341,0.0380461037010,0.1943660812395,0.1432219066589,0.1265022788701,0.0084526429391,-0.0134602599925,0.1086095273018,0.0068208227168,0.2023775664215,-0.0032764472560,-0.0670265153630,0.4054338502442,0.1337124627434,0.2410513145328,0.3093382629797,0.1703591283442,0.0211886730324,0.2583905208986,0.2783438094751,0.0006412268168,0.1994565506078,0.0560424952304,0.0339480759329,0.0495266431382,0.3223123563903,0.6134728981389,0.2519567318753,0.6378359393436,0.3336197212856,0.2205073058485,0.1322672095025,0.2620692585464,0.3489007102093,0.3220017035463,0.0937896282277,0.1158377450845,0.0932659375465,-0.1050064370534,0.2800420394741,0.0287305022320,0.0094604076009,-0.0513409796695,0.4241041228300,0.1332697324953,-0.0695644982362,0.1112066645869,0.3559800006860,0.2685118312263,0.2015008248641,0.0748720363609,-0.0748596143482,0.1248682247817,0.1412472281844,-0.0726670652506,0.1286081229735,-0.1179773734465,-0.0650599046709,-0.0228266988528,0.1366377180448
0.0464221914877,-0.2539045158632,0.2637622162672,0.3653683403341,0.2189664896666,0.3655364649642,0.3160442876166,0.5734029884465,0.5687376640269,0.3800090184493,0.2736578623628,0.2628191238981,0.3530065978557,0.2283007085612,0.2781113626166,0.7189447491236,0.4829381019565,0.3899161347414,0.5281802052891,1.0000000000000,0.5496171690734,0.1993314418863,0.4096370780086,0.5229205385899,0.6675688042964,0.3719059041346,0.5290565009585,-0.0236731167780,-0.1732811170070,-0.0764600764923,0.7118298151814,0.4253181838129,0.5128047456332,0.2496934768291,0.4968146962884,0.6571650450955,0.3228590452372,0.4354466639211,0.1239178197710,0.0740769571163,0.0801949903231,0.2224914292825,0.3530796543266,0.1341252436022,0.1001130969293,0.3026478993229,0.3238417295011,0.2031961935324,0.0526413429780,0.5223896823994,0.1839608535789,-0.3442242193261,0.2839494260929,0.1623555565061,0.2795249375170,0.2339798829124,0.3002942090766,0.2051434251529,0.3132666889256,0.3502092031855,0.1457552252947,0.3152009447086,0.1506409859856,0.0825182349383,-0.1223687880414,0.1927614444426,0.5622064609903,0.3877175657221,0.3491987204706,0.6986847923041,0.0417888278405,0.2089431188877,0.4160664041015,0.3360471126158,0.4017021911533,-0.0037994222343,0.4070033916231,-0.0945749814687,-0.2647194967495,0.5682116222796,0.1985671341256,0.3473582793025,-0.0880715089732,0.3509065955786,-0.0842596395921,-0.0350968917679,0.1878712340571,0.3497269318875,0.0271539684825,0.1269023402371,-0.0016600382066,-0.0677134808893,-0.0514478450029,0.0926307093781,0.0038571180187,0.1734378475486,-0.0865004613267,-0.0747278049520,0.1783784214105,0.2570640134288
0.0922224818805,-0.3792024701194,0.1959302812772,0.2656739729205,0.2520488193124,0.3616259629887,0.1964227620705,0.4522982085174,0.4219349754464,0.4647546808093,0.5046807973685,0.6014827263928,0.4762332934580,0.1988757329688,0.0395914244443,0.5579757239799,0.5928592607209,0.3032418616933,0.2522807873938,0.5496171690734,1.0000000000000,0.4051441891069,0.6002850909069,0.4457035828826,0.3590952310351,0.5493196100514,0.5801471426430,-0.0556971773697,-0.2278860980766,-0.1462083769604,0.5413586628003,0.5498677890608,0.6136231250090,-0.0118210348993,0.3314315395829,0.4445570525199,0.3011286732555,0.0084908154329,-0.2336447977060,-0.2345118293927,-0.2581585487461,-0.0234977471432,0.1615312628957,-0.2205270761860,-0.1493015892287,0.1539163819183,0.2774989963976,-0.0001944897834,-0.0994063272626,0.6573901195175,0.1481490849230,-0.2872491529281,0.2581441981904,0.2781185929899,0.2713218458231,0.2436592105676,0.4351213759616,0.1945292356417,0.2658158792247,0.1803113327142,0.2787245532077,0.4576059400073,0.4415164399044,0.2507903021762,-0.0086187255421,0.0558512619498,0.3192050992133,0.4313102458791,0.2494861196576,0.4427756543759,0.3753692223751,0.4823383334610,0.3949743999389,0.1616297390761,0.5893663574771,0.2918181224717,0.5364633983362,-0.1236832818247,-0.2755089513504,0.5684682976166,0.4626281437055,0.6959027552311,-0.3128313494801,0.1447515557874,-0.1392894082275,-0.1175994861278,0.1743300247268,0.1598237221746,-0.1853576002779,-0.2235585908961,-0.3269761826562,-0.2749399768843,-0.3040826226860,-0.0632958420111,0.2484931359477,-0.0365735188875,-0.2237842360416,-0.2221714684244,0.1833564415884,0.5004073628553
0.3140464557640,0.0526087966670,0.2704990404384,0.1986780246169,0.3651227464340,0.2576549164263,0.1460447854222,0.2266357560464,0.2580758348580,0.6988558520402,0.4607561604917,0.6079176860860,0.1874734560224,0.3337899583637,0.1652015815092,0.1072014853878,0.5008455913830,0.1679497971830,0.1091648160063,0.1993314418863,0.4051441891069,1.0000000000000,0.5470307162723,0.3102027434908,0.0809444933273,0.3040699844204,0.4293931911273,0.1509735898036,0.1104061334780,0.0581727422484,0.1702685907579,0.0974640983899,0.0436257062725,0.0532644525169,0.3378280653050,0.1709596147230,0.2528796241665,-0.2785827447247,-0.0969284255334,0.0421196661494,0.2030102395542,0.0541932777138,-0.3145072244126,-0.2314425549782,-0.2398251252757,0.2268546757056,0.1371484020680,-0.0217869846184,0.2698368328056,0.4010303665842,0.3228572308845,-0.0504819410351,0.1874845585806,0.1773099749671,0.1739537934829,0.0145641053558,0.1972373007131,0.2170288759098,0.1140687203742,0.1252098703072,0.6273161085235,0.4368292348642,0.5655921056193,0.0374790992033,0.3136327948783,0.1029728684750,-0.0654527680797,0.3596882133467,-0.0381252116127,0.1312421841826,0.4468258998003,0.7405440712743,0.2269010311372,0.1549252429173,0.0923482130854,0.2990350064521,0.2213399599461,0.0956573078523,0.0975265504427,0.3666346591308,0.1695850607566,0.2147565927360,0.1167226061622,-0.2531864948743,-0.2025146628580,0.0722603935838,0.2030247570945,0.2456333802041,-0.1216825944470,-0.1915432390722,-0.0728290594376,0.0907173786257,-0.1224038445760,0.2156472615818,0.3229756198094,0.0434760870602,0.1372823531348,0.3651310709375,0.4707001005117,0.3985461047249
0.1688645757071,-0.2257993697269,0.1991592049498,0.3087946405054,0.3039972293441,0.3177760512954,0.2386516039613,0.3656589300038,0.3692399472152,0.4157060272423,0.5764309736940,0.7417054895287,0.3106393719750,0.1594041788059,0.0685009665693,0.3486752556176,0.4669599163414,0.2956176215414,0.2759979568445,0.4096370780086,0.6002850909069,0.5470307162723,1.0000000000000,0.3287688147406,0.2278370892797,0.6273006308313,0.5238734283100,-0.1743003913042,-0.1151216905758,-0.2102279424113,0.2585827003847,0.5024919741154,0.2442632896394,0.0102939505492,0.3343761662967,0.3071275467685,0.2475368801954,-0.1008358703099,-0.1346290593406,-0.0078551988269,-0.0036710577256,0.1522835342721,-0.0220414699726,-0.0565700252128,-0.1205624747045,0.4046799690103,0.2611508843263,-0.0267909119441,-0.0749212355073,0.5600487618561,0.1928272163841,-0.1655799625839,0.4033559713548,0.2059506646774,0.2556148174424,0.2237949680877,0.3824120890379,0.1471666710874,0.2403496643217,0.1037174772083,0.2798691706274,0.5254109974025,0.5860488324699,0.1086199149135,0.1766700926809,0.0056188521922,0.1152946406844,0.4252139703384,0.1433111425017,0.1858398714588,0.4511732386471,0.7615363174386,0.3312601321961,0.0943041829496,0.2334781806913,0.3978784187744,0.4223187487698,-0.2757925830185,-0.0808059348463,0.4759239779580,0.2706590024778,0.3953919843489,-0.1932365397818,-0.0899141572473,-0.1733099343823,-0.1394156575254,0.1438187787281,0.2141205975112,-0.0607059862594,-0.2405508039479,-0.2717468363349,-0.1334898798041,-0.0724177652390,0.1069699493394,0.1979764587547,-0.0731705760072,-0.2178920676836,-0.2091377028738,0.2864757723690,0.4745775399262
0.2264550886035,-0.2759278295856,0.3345150433167,0.5663769598743,0.4823134697829,0.6464949241881,0.5443175354395,0.5393599022174,0.4400251294873,0.5496037078575,0.5592338024707,0.4820427612928,0.4945947162639,0.2588194430524,0.3755541323353,0.5827197333929,0.6062007299633,0.6624641253616,0.3244276668318,0.5229205385899,0.4457035828826,0.3102027434908,0.3287688147406,1.0000000000000,0.0560175502401,0.2178111861627,0.6687435848504,0.1607528949363,0.0561028562639,0.0606252364938,0.6134379803717,0.1376781351225,0.2607093216941,0.1613612727061,0.5315802641088,0.4525941101859,0.6882166985975,0.0942863597482,0.3710229717390,0.0087634887110,0.1882514557987,0.2907294110218,0.3442873104243,-0.1567886249609,-0.1126401166036,0.0453254528928,0.1116580173619,0.4492879482408,0.2888811258239,0.5193178746933,0.3517848174239,-0.1493233079868,0.4035660942961,0.5849152583006,0.5950582476844,0.4593269351618,0.4911647010665,0.1566569761058,0.2906425242080,0.2273295094663,0.2722142598670,0.6760487129329,0.4327744488504,0.1934617719311,-0.0635623888457,0.2374030143287,0.3004170978828,0.6724351691035,0.0554458482678,0.2821193886505,0.2092265332943,0.3401534987471,0.7328859912010,-0.0090452708637,0.1888101013119,0.0352339721246,0.3141006599248,0.1369561624279,-0.0919514191319,0.6737310848445,0.1748762572113,0.2435253649808,-0.0580410568483,0.0915736691051,-0.2351651516836,0.0017626219049,0.5155952441585,0.5076030083408,0.1524345176280,-0.0659872871583,0.3067538373389,-0.0142015844094,-0.2674812011247,0.1196396029499,-0.0544389210431,0.4620889715425,0.1160257366536,0.1043628615869,0.3320899360365,0.3772540603644
