1.0000000000000,0.3643184611319,0.6244455933170,0.4393299314754,0.7581484015585,0.5294458874991,0.4349509797113,-0.0585719159767,-0.0167498969258,0.3182959304601,0.4844515739580,0.4219072133627,0.2834318214865,0.4080101033674,0.2281078449082,0.1797784114987,0.2776471458107,0.3289214546768,-0.0958984739980,-0.1456289797576,0.2179394405726,0.2473589608685,0.3101615137332,0.3187100015598,-0.0098802842185,0.2630617283487,0.1041068087500,-0.0077991735250,-0.1009785212995,-0.0646849228417,0.2317905293482,0.3012554547999,0.1578149634928,-0.0777450273076,0.2882005725275,0.1612328880900,0.1336632730628,-0.1299352284853,0.1449091432646,-0.0262125264049,0.3677284377093,0.2428943428114,-0.0611191536564,-0.3200475879016,-0.1522344082322,0.0706258411388,0.1680206251562,0.4334705788645,0.1883353893830,0.2672204030831,0.7122678172388,0.5476329991480,0.5382424506435,0.7351815556848,0.5535111518300,0.3367451094337,0.0846796199319,-0.1767245845446,0.1356092795584,-0.0892346007820,0.2876623465936,0.3612264489098,0.3898967182259,0.2318780640710,0.4755782221352,0.2039699059266,0.0975629191423,0.3513559721847,-0.0523309864111,-0.1569499321487,0.1188720321395,0.3302168800942,0.3306239601829,-0.0553877344823,0.0798289990616,-0.0435352642533,0.0560979130781,-0.1272978834273,-0.1154391475359,0.4126849179427,0.0074073481662,0.1506114886241,-0.0864410538428,0.0307899881362,-0.1521794202638,-0.0645760639611,0.3264891960226,0.2254424286558,0.0188955916850,-0.1418940841793,0.1733645742754,-0.1454875695901,-0.4006239448391,0.1614138328162,-0.0718933890609,0.4567083260136,0.1372921552326,0.1322121581961,0.3680330863607,0.3085631866375
0.3643184611319,1.0000000000000,0.4201590618297,0.3507666366334,0.0863593211436,0.1629388362136,0.2137034221241,0.0213304830152,0.0556385281946,0.1617562617294,-0.1747115476213,-0.0311165514242,-0.0704377708890,0.4642274529515,0.1542241504401,-0.0011528712504,0.0033850963881,-0.2349660414720,0.2954516558348,-0.1000491803241,-0.1996851872308,0.1314598911211,0.1090580036123,-0.2303647372303,-0.3324938628402,-0.0669853210381,-0.3713243379974,0.2140426017567,0.2620218538263,0.1232612194325,-0.0968925498169,0.0573055919867,-0.0648512507138,0.2854656185028,0.0257768021959,0.2661834464790,-0.1925729209478,-0.1593971962349,-0.1002129349473,0.0973139476918,0.4502781569502,0.3501355891311,-0.1414155528225,0.0545227561017,-0.2820780512953,0.3555615453767,0.2298196073079,-0.1469162825607,0.1062545450815,0.1923033897294,0.2398500612145,0.4447839755664,0.4378790804035,0.1704368575172,0.1081236225127,0.4784657493602,-0.4093455576551,-0.1898863010987,-0.0933858066498,-0.1323302409174,0.1947764746293,-0.3394012074158,-0.1682995168666,-0.1382366129241,0.2351426101732,-0.0034971017104,0.2282386552853,-0.3025515444462,0.0270238831419,-0.1412442181158,0.0278997882936,-0.1751028539413,-0.1665320660921,-0.2678652304451,0.1634837405836,0.0028819549188,-0.3027974415591,0.1314679085099,0.2060635146453,-0.1990648998130,0.0162652345264,-0.2438579175353,0.1281913239224,0.1789117268296,-0.3744245310905,0.1220751788356,-0.1180912149361,0.2011602778374,0.0936192070658,-0.1726283961845,-0.0804067934033,0.1348929871990,0.1000346300137,0.0123630015728,-0.0486241252353,-0.2222366821785,0.2511555295360,0.1581350509097,0.0468499147638,0.2644372684275
0.6244455933170,0.4201590618297,1.0000000000000,0.1452568234602,0.6230741022149,0.6125014203818,0.3120115377128,-0.1066830747116,-0.0814770190567,0.2426757198444,0.1580553113406,0.2368654975310,0.0526775670820,0.2884615274496,0.1266324657518,0.0607740143052,0.1259393878921,0.1393513893980,-0.0476822601976,-0.2108864482104,-0.0217776857495,0.0780614011460,0.1268447113300,0.2218904092040,-0.0588980324695,0.2310383356843,0.0711626089664,-0.0076388260288,-0.1218019106813,-0.0432207953563,0.1500072211062,0.0887239223672,0.0017037806182,-0.0683682236464,0.3255388093395,0.3051076603530,0.2238866445979,-0.1733169610647,0.2952112854999,-0.0524596240313,0.2496432405145,0.2032375784873,0.0448710206034,-0.1562983783130,-0.0125673585474,-0.0433767428916,0.0477439533313,0.3387535443447,0.1351527078998,0.1486399748326,0.6759459548009,0.6755123114480,0.3077317445048,0.7448550594426,0.4262147138048,0.1426088076721,-0.0890019568162,-0.2822175097854,-0.0201387145994,-0.2229346770395,0.1972440800445,0.1359149076068,0.1322781564708,-0.0019411081760,0.4012968014451,0.1244201555863,0.0630378961583,0.1844178889563,-0.1225762054972,-0.2596963956732,0.0099286683949,0.2134979082833,0.2255490134622,-0.0586791300734,0.0123401122578,-0.0214185836533,0.0214542387586,-0.0544042136697,-0.1018192785823,0.2559102072610,0.0391407308316,0.0337258789792,0.0693389114446,0.0495895446216,0.0574082036197,-0.0724246749849,0.4588633036319,0.3379087744423,0.1008265138745,-0.0449614274590,0.3441316270674,-0.1051833124968,-0.2471894270388,0.0022788073508,-0.0213547539123,0.3469278967193,0.1093897719245,0.0783966768520,0.2537043736311,0.1698730851602
0.4393299314754,0.3507666366334,0.1452568234602,1.0000000000000,0.3500556813157,0.4876359174131,0.7677771752408,0.0880706003822,0.2705496470361,0.3647005564427,0.4696642242522,0.3433716465388,0.3361012249359,0.1823878338038,0.6346546724127,0.6079365748545,0.3023674867348,0.2448736811746,0.2535201680771,0.1707087101639,0.4172717462737,0.3899839621786,0.5392051482365,0.3706947372992,-0.0854344257991,0.0478618036579,0.1653437388905,0.0372556452643,-0.0254557001317,-0.2282981705960,0.3571973099700,0.4649204602000,0.4782012640476,0.2382340487089,0.4865295045800,0.3543237323748,0.2193441886264,0.0112755248309,0.2873621752883,0.2780864161608,0.3920709185214,0.3758175764532,0.2474866004696,-0.1814632033841,-0.3379462766107,0.5419915102820,0.3266223286276,0.3777672624999,-0.0381294463808,0.5614097593709,0.0929480378786,0.0996548091907,0.8105127753621,0.3983714311065,0.5127728859446,0.7905065258292,0.0193228601522,-0.0232398596831,0.2971300154656,0.2683450150212,0.2606438692934,0.2590677634198,0.1810445345169,0.2802427768713,0.1503146734410,0.4869942399955,0.6049607396796,0.1534085801147,0.3632456782941,0.0991623981088,0.3160474843480,0.1160079969400,0.3285363587804,-0.1140485522322,0.4706316126958,-0.0277246620397,0.1645131110020,-0.1996492751076,-0.0250007065599,0.4257032174132,0.0610231194934,0.1647843665825,-0.2524230209022,0.4824941865733,-0.4980654562055,-0.0376041183549,0.0666093576350,0.3192764575731,0.4088857312592,-0.2713721698922,0.1910891631874,0.1580956518768,-0.1341225043722,0.2638651954183,-0.2676226339020,0.2922515861441,-0.0836279100932,0.1086760893223,0.2908498078731,0.5636652203574
0.7581484015585,0.0863593211436,0.6230741022149,0.3500556813157,1.0000000000000,0.7144534537909,0.5617228595571,0.0572133270314,0.1386854646557,0.3897779162585,0.4879671177895,0.5096773072489,0.4118545394326,0.2558868278482,0.3462327655215,0.2661076537510,0.4319998334076,0.4577042887414,-0.0678844089113,-0.0650988747937,0.2076708571821,0.1713965759637,0.2336106008952,0.4580215410626,0.1178571294261,0.2587245306333,0.1969591856772,-0.0711217207575,-0.1775986187301,-0.1822929258589,0.3881223372508,0.1423753767814,0.1578013333402,-0.2044093158605,0.3372815018756,0.2619579844119,0.2652781612496,-0.0858809951975,0.2924055699844,-0.0617682777782,0.2547395188456,0.2342286869208,0.0441101679217,-0.2714792935338,-0.1054314721349,-0.0532028564367,0.0574212664588,0.5812798090799,0.1072812019044,0.3333046455550,0.6991713314848,0.4226813502372,0.4224483643862,0.7927953839624,0.7134908089278,0.2294779505569,0.2284836445583,-0.0528161457347,0.3123225708705,0.0773181407424,0.3618412169719,0.5222709979707,0.3928796977374,0.3431198287396,0.5055332409550,0.2360312219060,0.0765995322644,0.5307828820867,-0.0071282191576,-0.1238842934423,0.0503705432091,0.2987896304289,0.3826437794846,0.0776678150725,0.0051204878702,-0.0319278990887,0.1164743756529,-0.1724589868248,-0.2306844506577,0.4929546604408,-0.0244440246019,0.1676639843289,-0.2199550499815,-0.0497842397715,0.0042751386185,-0.1980921281097,0.3442386355738,0.3319828627606,-0.0013436521309,-0.0634319435438,0.2678496068536,-0.1937459044592,-0.3882797353793,0.0767826607227,-0.1328185612545,0.5747066477353,0.0261184372004,0.2147520479091,0.4072562275114,0.2146616620419
0.5294458874991,0.1629388362136,0.6125014203818,0.4876359174131,0.7144534537909,1.0000000000000,0.7279197323869,0.1292017606172,0.2329982667734,0.5799373510881,0.5414412840485,0.5022230512269,0.4723017869199,0.2622490413683,0.4719552565871,0.4314540010239,0.4382484616888,0.4821914603216,0.0198386726629,0.0558202634646,0.1246674929425,0.2508710121164,0.3373817828984,0.5194447790262,0.0755086423176,-0.0224638152062,0.1299615796063,-0.0418995585732,-0.1251956526692,-0.2564307608231,0.4856144395337,0.1797340605088,0.3140510278697,-0.1573196792007,0.4680758020265,0.3891732056505,0.3600909087314,-0.1165476540350,0.5105481883498,0.0028462033484,0.4468596116575,0.4424260161252,0.0312952179894,-0.3216533914580,-0.2307544618343,0.2706363553351,0.0831413740653,0.7776961245432,0.1309002509108,0.4832328015184,0.4194878781378,0.2770876157123,0.4566373416950,0.7821350527822,0.8177246866067,0.3576289836604,0.2348118319389,-0.0537217134280,0.3966535411643,0.1491370042904,0.4924304244896,0.4474395570303,0.3437618016402,0.4272420564580,0.3576740421847,0.2495785735556,0.3078133276495,0.4651660449281,0.0708766005759,-0.0478140011799,0.0908459279006,0.2392477018759,0.4960357137657,0.0074169457722,0.1802322626332,-0.1764994982717,0.1218111673426,-0.2612352049887,-0.1518088371823,0.6021951761584,-0.0783280210508,0.1822714629432,-0.1401386371148,0.1737059052263,-0.1930451446384,-0.2828621104110,0.3602586719642,0.3039964842232,0.2106778641279,-0.1730225725102,0.4465061609121,-0.0889232992781,-0.4118325534950,0.1134303870941,-0.0853766417533,0.6480988003009,0.0347692017117,0.2899442441170,0.5158388563928,0.3823920907028
0.4349509797113,0.2137034221241,0.3120115377128,0.7677771752408,0.5617228595571,0.7279197323869,1.0000000000000,0.2163431803799,0.3463150095894,0.4430159822871,0.4877135839553,0.3659376531590,0.4366641176226,0.1693996692494,0.6184343459095,0.6574143346478,0.3961741767195,0.3987488407947,0.2028800350703,0.1981704919201,0.2099988754875,0.2589909859816,0.3384306421076,0.4696384015566,0.0205431744583,-0.0055654884945,0.1180782598964,0.0145273461520,0.0146957425394,-0.1898442880104,0.4986022271087,0.2710742844398,0.4106063599274,0.0511609915475,0.5736876740065,0.5008406408945,0.3580695137442,0.0065869357266,0.5010208305364,0.1662285948599,0.4303583793401,0.4414690547960,0.1911408890171,-0.1374691935494,-0.2492457240360,0.3967768049254,0.1974477957378,0.5745498783839,0.0898700140815,0.5114706918418,0.1697338204335,0.0980602014443,0.5964525547673,0.5708164338966,0.7282775791220,0.6747341234103,0.1392094645756,0.0022807991027,0.4249487753346,0.2643922747247,0.3400020864662,0.2970158609746,0.1384757810075,0.3861547806301,0.2284279605883,0.3152227388482,0.5428428095034,0.3197553190148,0.2534438279515,0.0588497590481,0.1252191582996,0.0202974773967,0.3913222450515,-0.0217089171043,0.3342229131443,-0.1027419611689,0.1135471528549,-0.1952959724805,-0.0550126681274,0.5165927473146,-0.1188800000637,0.0806544021014,-0.2604199768479,0.3579783505719,-0.3094195600383,-0.2129435498204,0.1986605942355,0.4406049017681,0.3294340697609,-0.1424910736151,0.3673910384557,0.0696617164982,-0.1689634819122,0.1125776159453,-0.2516314044558,0.4324176134925,-0.0497946382497,0.1489453851096,0.4049222476853,0.4282244192585
-0.0585719159767,0.0213304830152,-0.1066830747116,0.0880706003822,0.0572133270314,0.1292017606172,0.2163431803799,1.0000000000000,0.6898602443218,0.3439008028076,0.2509989486256,0.4100046560194,0.5546642374862,0.1838023735390,0.2532387694548,0.3822493429016,0.6245949324255,0.5081805328758,0.5420911576324,0.6100630873240,0.1607770850978,0.0683345778171,-0.0730253077115,0.1978486971714,0.2640456675558,-0.0649829720685,0.1095271795342,0.0935679969856,0.0106886732465,0.0339605949055,0.6201087054223,0.0037997056299,0.2831849813440,-0.0874914219962,-0.1383223539800,0.1913597519212,-0.0014226036785,0.2646628729915,-0.0474271228503,-0.0112998666615,0.2045000224541,0.2819419148752,0.1015500631750,0.1306836857715,-0.0107410718948,0.1582458921497,0.1904151264202,0.0429080543534,0.0101977742155,0.3060561506022,-0.0132852677283,-0.0734375241690,0.0052352270779,0.0111116184136,0.1645440652670,0.0459774348157,0.4060098708541,0.6429396744888,0.6398027206277,0.6092342869096,0.2677501092858,0.2051282317936,0.0833130087807,0.3978494049308,0.1784156844481,-0.0379734414988,0.1132442705368,0.4403474652757,0.3617895533867,0.4919579749419,0.0475945641731,-0.1382147462461,0.1296352501094,0.3528573311423,0.0749777429768,-0.1882686706455,0.0296827791672,-0.0363030295679,-0.1104345956248,0.1880059905104,-0.2323299364235,0.0830227062141,-0.2390560001546,-0.1365825418276,-0.0896502746901,-0.2271235506787,-0.2951147392248,0.0188661053570,-0.2178607850246,0.0607210229451,-0.2517674335611,-0.1442490973283,0.0080683226729,0.0436943794504,-0.1371862229739,-0.0473241504231,-0.0192170661482,0.0908373008230,0.0922534154708,-0.0718092636724
-0.0167498969258,0.0556385281946,-0.0814770190567,0.2705496470361,0.1386854646557,0.2329982667734,0.3463150095894,0.6898602443218,1.0000000000000,0.4679006969541,0.3456245644523,0.5146882666246,0.6323118537009,0.0987362944865,0.1915828420247,0.4966713550515,0.6900746771315,0.3996806531702,0.7139217383085,0.5893371306672,0.2478317575074,0.2544543454462,0.1903216275915,0.3972547369527,0.1427761040198,-0.0174209194501,0.0984381616093,-0.1349591191379,-0.0561120898733,-0.2663279579658,0.5752931639093,0.1098785640064,0.3593419858380,0.0797979385954,0.0780113111156,0.4989970601679,0.0057963503143,0.2419663018217,0.0162847833745,0.1095933951388,0.2127725949634,0.2416622263417,-0.0188275633900,0.0331617999368,-0.3203508705373,0.2854644980832,0.1124769352741,0.1802844479336,-0.1285693238168,0.3262691783467,-0.0395694680959,-0.1842383101735,0.2164420460868,0.0675943519149,0.3127555697549,0.2642797191519,0.3584037203649,0.4382976434569,0.6376587037853,0.8208908588769,0.3784722962081,0.2571218276747,0.1626788174356,0.5328153411214,0.1316479214425,0.0509424325800,0.3256813488264,0.3511221458550,0.5960172912083,0.5024119947812,0.2996051659926,-0.0652602235312,0.3141110395252,0.4102719905269,0.2793761089451,-0.1405816247129,0.0645518129850,-0.2443124078622,-0.1450004065811,0.2600454650004,-0.1261448926863,0.0772627714771,-0.4597120765116,-0.0141975099816,-0.3386146733142,-0.1820518864884,-0.2733782551169,0.2242493405051,-0.1170317716583,-0.0279277109468,-0.1445726893030,-0.0076193345329,-0.0627274118236,-0.1221041999134,-0.2922209537775,0.1254806623477,-0.1339822108546,-0.0215921070975,0.0258803233932,0.0575943478470
0.3182959304601,0.1617562617294,0.2426757198444,0.3647005564427,0.3897779162585,0.5799373510881,0.4430159822871,0.3439008028076,0.4679006969541,1.0000000000000,0.5809650635093,0.7434150476153,0.7096105648181,0.5181412134296,0.4119560867479,0.3827525790140,0.6438485500520,0.4376956541609,0.2064636196684,0.2492323644321,0.3872414823488,0.5232110372363,0.3284757765977,0.5063763386800,0.1735310700076,0.0850533525711,0.1645431924622,-0.0896891553641,0.0505911434500,-0.1501316140153,0.5512370829034,0.2147346837462,0.4715062251938,-0.2232587831002,0.1530333521045,0.3596158217128,0.1348701587010,-0.0448171374754,0.0969219666270,-0.1657794187930,0.5283843445119,0.4741591621015,-0.1216935793832,-0.2494337990374,-0.2480803303759,0.2170874024823,0.0567415767770,0.3951563527149,0.2363443723206,0.6755249641030,0.2965292230413,0.2174018418394,0.4218134057468,0.3490681441180,0.5965725043309,0.1687087598521,0.4727779284849,0.1170714267759,0.5162760469605,0.3414883125889,0.8592281349191,0.5604913117720,0.5512787170165,0.6413538154884,0.5366351019798,0.3811116737726,0.1249322241339,0.4969663598942,0.2030326926151,0.0948198500080,0.4946136789742,0.3427741994660,0.4570189552131,0.2255077408544,0.2412184240362,-0.1473842250754,0.1320578124051,-0.2662788704520,-0.0024489630079,0.4479585759666,-0.0371984933215,0.3446234363487,-0.0925947402389,-0.1048999468175,-0.1885206212588,-0.4261906225197,0.0362576306658,0.1601065909370,-0.0100712736240,-0.1556542198513,0.0135594044063,-0.3058425151250,-0.3204804940546,0.2020068151532,-0.0605994987906,0.3493852543935,0.2280693963958,0.4963914002114,0.5930061609005,0.4588002310609
0.4844515739580,-0.1747115476213,0.1580553113406,0.4696642242522,0.4879671177895,0.5414412840485,0.4877135839553,0.2509989486256,0.3456245644523,0.5809650635093,1.0000000000000,0.7236063813162,0.6514907857798,0.1584369513514,0.3702949598725,0.4665720914741,0.5614208892248,0.6568787986578,0.0215179949365,0.1754004631112,0.4569577230902,0.4474920857146,0.5385504084125,0.6208627878272,0.2282300813527,0.0819800465088,0.3463484396737,-0.2134700207871,-0.1740030386292,-0.2804904773585,0.5449730159067,0.3765018312171,0.4881709936171,-0.1503947660934,0.2825128163154,0.1261672505890,0.2755717549889,0.0351185331440,0.2176119071867,0.0130226466387,0.2640714627377,0.2382182550518,0.0145443974759,-0.3802842443626,-0.1915070395508,0.2071955111102,0.0445766506993,0.5964667797936,0.0495802526785,0.4782392218376,0.2800262620729,0.0453255109741,0.4208538396354,0.4749590785499,0.5830813390844,0.2817037027005,0.4738127659018,0.1087895572224,0.4600666417268,0.3528216580831,0.4668376699920,0.7801971308289,0.6695617459323,0.6616264648987,0.2666175818689,0.3715748102041,0.2124513191147,0.6232875641528,0.2591621479298,0.1234345498874,0.3767710630816,0.4373058542210,0.5857339981586,0.0864735440468,0.2850950502583,-0.0939518972967,0.3485771575518,-0.4095628928393,-0.1518485349168,0.6714305058770,-0.0557578768379,0.4368011199591,-0.2732459682408,0.1294556932482,-0.1981212416956,-0.2622179821211,0.2064210797198,0.0613590433199,0.1127632826882,-0.1361779768745,0.1624352037364,-0.1376424445782,-0.4180105105171,0.1882549348664,-0.1707957302089,0.5574449554378,0.0155963165088,0.1368604278551,0.4226000028410,0.3697180524603
0.4219072133627,-0.0311165514242,0.2368654975310,0.3433716465388,0.5096773072489,0.5022230512269,0.3659376531590,0.4100046560194,0.5146882666246,0.7434150476153,0.7236063813162,1.0000000000000,0.8201967995718,0.3406756689007,0.3393844000099,0.3882259344185,0.8333603646937,0.5899379220841,0.1687157313706,0.1681759974278,0.5450255291076,0.5470489235035,0.4572869100139,0.5529735430445,0.1823581328829,0.2390496281689,0.3499770730054,-0.1678866016486,-0.0498336757472,-0.1876299271787,0.6603652214984,0.2883525057341,0.4128039885262,-0.1804946368979,0.1264208293159,0.2374263100404,0.0803652834205,-0.0028921468763,0.0609924390125,-0.0657895853759,0.3927041327198,0.2682049908120,-0.0852339012418,-0.2994828010094,-0.2764805082831,0.1250892784699,0.1207993175321,0.4282880127433,0.1106081264822,0.4964559100382,0.3593372352793,0.1910646791937,0.3477419942454,0.4374293970317,0.5398881896554,0.1292023035795,0.5282554086378,0.1953671697602,0.5548959166247,0.4302526304431,0.6479529742865,0.7595806110286,0.7312815973453,0.7208792739649,0.4282499396099,0.3090783966634,0.0727621341293,0.6769535476968,0.2690866614356,0.1394174626130,0.4956474174602,0.4955313793748,0.4878743223997,0.3185663277249,0.1760803773266,-0.0726552140002,0.2198445595380,-0.3134424279674,-0.0520181370468,0.5339109354178,-0.0542032098286,0.3720710922287,-0.2900955518946,-0.1532024122552,-0.1977066098241,-0.3287646898274,0.0297598061652,0.1193670064151,-0.1406674877273,-0.1749814453865,-0.0333725137026,-0.2985525459098,-0.3953100011383,0.1655153559601,-0.2331058969605,0.4369401310861,0.1088457346426,0.2878019059576,0.3781580970977,0.2736705798942
0.2834318214865,-0.0704377708890,0.0526775670820,0.3361012249359,0.4118545394326,0.4723017869199,0.4366641176226,0.5546642374862,0.6323118537009,0.7096105648181,0.6514907857798,0.8201967995718,1.0000000000000,0.3217861287753,0.4207760749967,0.4041408513998,0.8871796832029,0.5725860494871,0.1957704504424,0.3034302897706,0.4182169994478,0.3806028632639,0.2872893587050,0.5249473255055,0.2831112170401,0.1127939345286,0.2930988864452,-0.1023510670662,-0.0268057669438,-0.1638182009671,0.6601229524824,0.2003561202988,0.4957439668430,-0.1603296794245,0.0150579231783,0.2264621934383,0.1010462672220,0.0962843505719,0.0522306812531,-0.0210600041308,0.4204113318153,0.4247591546643,-0.0823852030460,-0.1740730765265,-0.2250564428227,0.1851949362036,0.1691939403090,0.3879594278350,0.0984657562668,0.5240408689218,0.2214794267464,0.0063475652007,0.2739539750460,0.2920470366347,0.5098724617669,0.1313825527132,0.6720861608957,0.3547300481555,0.6643495546189,0.5501506086851,0.6210983596166,0.6566288945203,0.5593487952097,0.8909897814899,0.3806034663712,0.1714625753889,0.0611388673099,0.6804012271016,0.2483142181585,0.1969235412448,0.3170120940355,0.2598835004716,0.3929404810161,0.3260721994835,0.1096739667507,-0.1767905111079,0.1403492741136,-0.3260519148306,-0.0671319280451,0.4662751964927,-0.1322114733944,0.2939140421160,-0.3163572662635,-0.1975162461455,-0.1979215997805,-0.3771209635880,-0.1197392554455,0.0237115978564,-0.1858134563100,-0.1474640686754,-0.1424175830163,-0.2798405386920,-0.3237632717229,0.1324724049635,-0.2010629159926,0.3414283279925,0.0473848380848,0.2909424015332,0.4435287010098,0.1498210916240
0.4080101033674,0.4642274529515,0.2884615274496,0.1823878338038,0.2558868278482,0.2622490413683,0.1693996692494,0.1838023735390,0.0987362944865,0.5181412134296,0.1584369513514,0.3406756689007,0.3217861287753,1.0000000000000,0.3135670369591,0.0483654267926,0.2984921548232,0.1962296719742,0.1046939251430,0.0562580668444,0.2457077091459,0.2520276595920,0.0442045530302,0.1544083414118,0.1408188120707,0.1069478623795,0.0109539549703,0.2677651110514,0.3343565550781,0.4264555959411,0.2188131998619,0.0141013855462,0.1562140142497,-0.2416044935516,-0.0479127659033,0.0852475211595,-0.1076554751637,-0.0204615242064,-0.1811328051396,-0.1959189504148,0.5686765328001,0.4881720489528,-0.2197219817527,-0.0488825167870,-0.0227292932565,0.0529241871537,0.1060591846957,0.0815892179610,0.5664652955159,0.4132446028715,0.4918994044422,0.5088074013310,0.3338269370588,0.2244963484221,0.3292038260087,0.0022149560029,0.1577455702800,-0.0083805420863,0.1128173574079,-0.0112326488685,0.4602947130738,0.2088806370168,0.2744505404131,0.2098853934247,0.7030089624487,0.1656743869489,-0.1478098847465,0.2437417352668,-0.0677794961933,0.0028051713386,0.1930118803702,0.1791117104507,0.1534430022988,0.1171108865690,-0.0018168999260,-0.1264432705605,-0.1661090148916,0.1175656205589,0.2549959808869,0.1793184641162,-0.1873503533519,0.0443449146777,0.3320516100906,-0.2670720446220,-0.0876764070157,-0.3404990382524,-0.0711459906836,-0.0109752164334,-0.2373233952391,-0.0891778433885,-0.2063973447050,-0.3722875022413,-0.1681101017719,0.2162648858590,-0.0843665402359,0.0958137826792,0.5982314044668,0.4561321803217,0.4125562269966,0.1191860526772
0.2281078449082,0.1542241504401,0.1266324657518,0.6346546724127,0.3462327655215,0.4719552565871,0.6184343459095,0.2532387694548,0.1915828420247,0.4119560867479,0.3702949598725,0.3393844000099,0.4207760749967,0.3135670369591,1.0000000000000,0.4130439005644,0.3534706168333,0.3527485052000,0.1107202609974,0.2464942188824,0.3912267641808,0.1976843396407,0.2033156164302,0.3827013982299,0.2772331410026,0.0390997401990,0.3844803441457,0.1530367851927,-0.0134243294291,0.0723296724635,0.3907256773500,0.1906397777146,0.4228448567390,0.0046267879824,0.2180172386073,0.1752618003451,0.3538936999255,0.1186079121283,0.3713585061263,0.2631551747271,0.3871225410719,0.5906702078880,0.4099306757203,0.0630780357424,-0.0251777623790,0.3215767609919,0.3411429216603,0.3618706127665,0.0981573473662,0.6957061652611,0.1860570392061,0.1461596644826,0.4570487636135,0.2723439043724,0.4362950772313,0.3386345575543,0.1713200020041,0.0601589518395,0.2544618027257,0.1963979594116,0.2060415370586,0.3756713694645,0.0969544379800,0.3023247392341,0.3321746521757,0.4627270709055,0.2284876534755,0.3363368995861,0.1198717445879,0.0830932610842,-0.0031234993744,0.0569438226653,0.2169928722318,-0.0102373470969,0.0865287100588,-0.0759934691611,0.2549804884029,-0.1059937329145,-0.0555780631748,0.3597225598934,-0.1490770654237,0.0886407784565,-0.0509181858323,0.2344504004383,-0.1344910772460,-0.2183409206486,0.1136269497244,0.0561734791692,0.3031597477898,-0.1439777654627,0.1749466258175,0.0480521513691,-0.0028567771959,0.3317135494928,-0.2010472079515,0.2494736199952,-0.0229524576917,0.2063227826739,0.4192605829498,0.3071590586701
0.1797784114987,-0.0011528712504,0.0607740143052,0.6079365748545,0.2661076537510,0.4314540010239,0.6574143346478,0.3822493429016,0.4966713550515,0.3827525790140,0.4665720914741,0.3882259344185,0.4041408513998,0.0483654267926,0.4130439005644,1.0000000000000,0.4473537295953,0.5653753154385,0.4185384732895,0.4964093017560,0.4456903941348,0.1777348274081,0.2671274683171,0.6039712805554,0.1530584983513,0.1010366884017,0.2356178182947,0.0697110620457,-0.1056503001325,-0.2022184487557,0.7430217770946,0.2957084522816,0.4570229570077,-0.0311925343992,0.6491924656260,0.6236285580386,0.3762231007969,0.1412463319230,0.5157504638370,0.1179714373024,0.1803546547843,0.2700771923246,0.4288967306038,-0.1049224792623,-0.0771056486405,0.2994745417149,0.1515632590361,0.4955588971794,-0.0650505576128,0.4374361205599,-0.0013351297519,-0.0250924677943,0.4498731466037,0.2933000723091,0.4329038842919,0.4182407493950,0.2738118572886,0.1974007700661,0.6056227787377,0.4841323888898,0.2534850130236,0.2978169814424,0.1699863414691,0.3350534470803,0.0555771588817,0.3858732695036,0.6700571000723,0.3879387944656,0.5654395759391,0.2980540323837,0.3599407894602,-0.0362310212534,0.5262495754733,0.1804276815252,0.4684423693199,-0.0915738590084,0.2291612375723,-0.1078408220518,-0.1496909791519,0.6301819141270,-0.1736634165882,0.1290556824638,-0.2729860645414,0.3661205690746,-0.1751751415756,-0.3129845558098,0.1825906401086,0.5231899391647,0.2755434700635,-0.0705358748382,0.3448479887922,-0.0371900321607,-0.1719594743661,0.0264389624919,-0.3304160582354,0.4343772034547,-0.2060845900163,-0.0254063721642,0.2731665591138,0.2907166411975
0.2776471458107,0.0033850963881,0.1259393878921,0.3023674867348,0.4319998334076,0.4382484616888,0.3961741767195,0.6245949324255,0.6900746771315,0.6438485500520,0.5614208892248,0.8333603646937,0.8871796832029,0.2984921548232,0.3534706168333,0.4473537295953,1.0000000000000,0.5778092693802,0.3109723739285,0.2858071691214,0.4232076905303,0.3286720436819,0.2329030937717,0.4742459081163,0.1442519731773,0.1341032548790,0.2408943737946,-0.0708105021784,-0.0484127120609,-0.2009481514239,0.7754094173865,0.1679133227872,0.4347824051647,-0.1323524013070,0.0546486495575,0.3552840918951,0.0534060946803,0.0649803168679,0.0638990173793,-0.0274883743185,0.3557196549472,0.3418573834238,-0.0118642084158,-0.1810389071673,-0.2791434802208,0.1652082133312,0.1644486429363,0.3556058474939,0.0487070835641,0.4486234571144,0.2692236201233,0.0544635354059,0.2497861338276,0.3165039463720,0.4965769904241,0.1538944044433,0.5243575936986,0.3408579057474,0.6640692925065,0.5302149949292,0.6075891875078,0.5800245585034,0.4447432923740,0.7165512684011,0.3661545912060,0.1328298196275,0.1354269459150,0.6657954962320,0.2881602868424,0.1923124832232,0.3258879902487,0.2017846172382,0.3148277614915,0.3386070830453,0.1178829919090,-0.1415206294831,0.1024141711255,-0.2725896496032,-0.1222771628278,0.4386764020144,-0.1044359174767,0.2254717951603,-0.3767411443146,-0.1986899207797,-0.2121250448781,-0.3169622366784,-0.1328552176592,0.1880924449422,-0.2060928432671,-0.1336369328109,-0.1182291629228,-0.2612333903187,-0.3224171788266,0.0625208750534,-0.2580866420710,0.3109411495532,-0.0210057077874,0.2374630925523,0.3274393901796,0.0746960638020
0.3289214546768,-0.2349660414720,0.1393513893980,0.2448736811746,0.4577042887414,0.4821914603216,0.3987488407947,0.5081805328758,0.3996806531702,0.4376956541609,0.6568787986578,0.5899379220841,0.5725860494871,0.1962296719742,0.3527485052000,0.5653753154385,0.5778092693802,1.0000000000000,0.0046908068168,0.3046107211001,0.3824931233198,0.1121358835742,0.1798582234860,0.7002784142691,0.3164990176416,0.1589359021700,0.3448161303940,-0.0052700251493,-0.2211803568993,-0.1036151482346,0.7398519562134,0.1437764247303,0.2724487770591,-0.3521934370240,0.2215248534774,0.1205873206513,0.2639836174981,0.0669758385954,0.2089043283829,-0.1258559551143,0.1211583640534,0.2309063079690,0.0497253650557,-0.3246911552039,-0.0144402256218,-0.0421584804852,0.0082463013662,0.5229235541626,0.0616803380261,0.4023676143661,0.3479110916727,0.1637962643391,0.2424141338432,0.4358812522316,0.4403704644083,-0.0118456661015,0.5815395466157,0.2505290592983,0.6315552091597,0.3838183937275,0.3071868414182,0.6174456523570,0.5076457961854,0.5013082701766,0.3918478575572,0.2508141232996,0.0672018002048,0.8172385150370,0.1778819484394,0.2166992407831,0.1523703707365,0.2320397408343,0.6684210245647,0.2025795111330,0.0354214363466,-0.0839175466871,0.2713171897310,-0.1745890133498,-0.2396031655797,0.7371867528793,-0.2223907638850,0.2780419988486,-0.1783970665741,-0.1245228462962,0.0453824617595,-0.3632499695869,0.2105218363860,0.0583484371314,-0.1200484022989,-0.0326526427550,0.1164897359873,-0.2853905028874,-0.4162367139562,0.0801441015154,-0.1164192868427,0.4738238314172,-0.0243010750971,0.1059644059741,0.4154950947355,0.1264671386305
-0.0958984739980,0.2954516558348,-0.0476822601976,0.2535201680771,-0.0678844089113,0.0198386726629,0.2028800350703,0.5420911576324,0.7139217383085,0.2064636196684,0.0215179949365,0.1687157313706,0.1957704504424,0.1046939251430,0.1107202609974,0.4185384732895,0.3109723739285,0.0046908068168,1.0000000000000,0.6001106764370,0.1653497428074,0.1754389410549,0.1194344883083,0.0588950250356,0.0414269476483,-0.0794500199233,-0.0265496128991,0.0431876071245,0.0026642220153,-0.1049270844259,0.2606857945805,0.0907978490922,0.2358601973797,0.2194565398891,0.1454533747568,0.5211968427058,-0.0650943501703,0.2705017339610,0.0082232126084,0.1767938135630,0.1730123079490,0.1514173196539,0.2384615376668,0.2277503202487,-0.1316930792648,0.3902957547752,0.1666015592579,-0.0544322616550,-0.1821096526948,0.1966892916988,-0.1615797179466,-0.1212993459916,0.1617951309332,-0.0939937511242,0.0815868518460,0.3236251155990,-0.0468890004351,0.3832694806952,0.3081815982408,0.6237775699565,0.1396733454350,-0.1129799147361,-0.1331624825349,0.1068831382623,-0.0611495888834,0.1211860199822,0.4500632628723,-0.0822254036084,0.7116950014455,0.5254609598531,0.2728026067939,-0.2340633604819,0.0545093627980,0.3079180718648,0.4355848462701,-0.1447822068765,0.0228047775123,-0.0188353921880,-0.0687048960606,-0.0159785144261,-0.1420563155876,-0.0826498355942,-0.2575228737954,0.2738132452352,-0.3329671898817,-0.0611934976037,-0.2915743878925,0.3006523633822,0.1146729923376,0.0304755081302,-0.0965245372991,0.1470353717122,0.1770692172279,-0.0706291038173,-0.3215464248908,-0.1022198043568,-0.1294384895335,-0.0944404360932,-0.1948270846515,0.0850871147255
-0.1456289797576,-0.1000491803241,-0.2108864482104,0.1707087101639,-0.0650988747937,0.0558202634646,0.1981704919201,0.6100630873240,0.5893371306672,0.2492323644321,0.1754004631112,0.1681759974278,0.3034302897706,0.0562580668444,0.2464942188824,0.4964093017560,0.2858071691214,0.3046107211001,0.6001106764370,1.0000000000000,0.3145388408799,0.0830869333209,0.0622452824300,0.2756589049206,0.5682144444560,0.0630159541173,0.3092761144846,0.0085199639598,-0.0848190868710,-0.0291267261628,0.4298553042841,0.1688736214081,0.5039628704665,0.0311596362371,0.1040684553739,0.3082856779395,0.1871392049316,0.6473319229706,0.1650724747492,0.0943826661971,0.0533571187914,0.1969624132620,0.3097687347522,0.3772698311175,0.2064604396922,0.2069023065115,0.1523895572558,0.1014985383178,-0.0772586777310,0.2638964933516,-0.1686500278010,-0.2388357699120,0.0437839709773,-0.1060653740800,0.0824274311097,0.0529707483579,0.3700611895788,0.5494500443439,0.4527074588480,0.6273471782834,0.0747876252632,0.0991740010583,0.0052031236285,0.2493859637245,-0.0392574454921,0.1170877122817,0.2830751585596,0.2118438907243,0.4826126968621,0.7916359087195,0.1704546405221,-0.1163440299132,0.2563912598927,0.5701687761569,0.2713368000559,-0.0546642459665,0.3361647386960,-0.0801038673156,-0.1549727045355,0.2619090314031,-0.1635256758351,0.1762525986360,-0.2213152941953,0.1368659251020,0.0438441785329,-0.2057903666718,-0.0846325349494,0.1002802618703,0.0415794216857,0.3842037284416,-0.0046633675236,-0.0261866853093,0.2257230836555,-0.0399371194290,-0.1886176439863,0.0667897105527,-0.1101795549360,-0.1327565857319,-0.0071544718082,0.0034088439962
0.2179394405726,-0.1996851872308,-0.0217776857495,0.4172717462737,0.2076708571821,0.1246674929425,0.2099988754875,0.1607770850978,0.2478317575074,0.3872414823488,0.4569577230902,0.5450255291076,0.4182169994478,0.2457077091459,0.3912267641808,0.4456903941348,0.4232076905303,0.3824931233198,0.1653497428074,0.3145388408799,1.0000000000000,0.3552833524256,0.3259134889915,0.5768387928155,0.3104237311153,0.4451019688083,0.6209851191788,-0.0311604418017,-0.1562374677103,0.0089670388717,0.4601388647036,0.3863677978529,0.5137590369550,-0.1846723932016,0.2841398710927,0.1247311979698,0.2329300570074,0.2265038892068,0.0714201718526,-0.0498004189236,0.0300483372710,0.0853174998032,0.3837957969776,-0.1240968217504,0.0794949632975,0.0066518914040,0.1146402422504,0.2045455147539,0.0363151527505,0.4892012829024,0.1515775370915,0.1220706454990,0.3112886270429,0.1508007307479,0.2085175652910,0.0240272517621,0.4233877750059,0.1277613299044,0.2736959310859,0.3283592935434,0.2197943412699,0.5709399230132,0.3772956635368,0.2807833109369,0.2745537625222,0.5357477606718,0.1227117997845,0.4416657217096,0.3047724020369,0.3066957172441,0.5343568815683,0.4424126896292,0.4749935213873,0.4356813704730,0.2620017271877,0.0700577597027,0.4289516336905,-0.1617551883487,-0.1614029095291,0.4890402393530,0.0545299013452,0.4300393989713,-0.1934295355435,-0.0044299147674,0.0271597625539,-0.2563128846351,0.1454679244316,0.1960192810183,0.0562234125261,0.0084851243903,0.0307382632780,-0.2760817334264,-0.1778345052363,0.2773503121074,-0.3289648872590,0.3250900408160,-0.1012317256919,0.0418691128283,0.2288710443159,0.2460390793795
0.2473589608685,0.1314598911211,0.0780614011460,0.3899839621786,0.1713965759637,0.2508710121164,0.2589909859816,0.0683345778171,0.2544543454462,0.5232110372363,0.4474920857146,0.5470489235035,0.3806028632639,0.2520276595920,0.1976843396407,0.1777348274081,0.3286720436819,0.1121358835742,0.1754389410549,0.0830869333209,0.3552833524256,1.0000000000000,0.6833328737031,0.1852532783158,-0.0887067418498,0.1029651905251,0.1685091525008,-0.1534039396456,0.3082768709787,-0.0092209370783,0.1931240953758,0.4367655013304,0.4174784882201,0.2159354295268,0.1068289033259,0.0853436331704,-0.0842607680122,-0.0007530699295,-0.0844987870683,0.2019479825507,0.5247492986885,0.2174550368174,-0.2025567352463,-0.1336972923905,-0.3390388357994,0.4622066586123,0.2266473822076,0.1529344935089,0.3061536551916,0.3023091048914,0.0637283433428,-0.0081229733262,0.3347266236333,0.1857677724720,0.3389766683118,0.3347543237502,0.1057778203931,-0.0763221407352,0.1424392638016,0.1604028343733,0.4946830913298,0.3673798395447,0.5095635053905,0.3474829304992,0.1251538188447,0.2774114895418,0.1692842763924,0.1206674973994,0.1491786911427,0.0708956930142,0.5129149510654,0.6171857403696,0.2194902332945,0.0618928725342,0.3454860000636,0.0805105189821,0.2034179354544,-0.2133574173015,0.3359058408760,0.1846886738508,0.1312347762701,0.3176389005757,-0.1243365375336,0.1229766815841,-0.3600872632762,0.0794021520832,-0.1012151284110,0.0401012396032,0.1363426051226,-0.1818953430659,-0.0758160387594,0.1246081385048,-0.0723720975809,0.3955602445403,-0.0890452995609,0.1073347500534,0.3657788289279,0.3233353087336,0.1451806171200,0.4399325709348
0.3101615137332,0.1090580036123,0.1268447113300,0.5392051482365,0.2336106008952,0.3373817828984,0.3384306421076,-0.0730253077115,0.1903216275915,0.3284757765977,0.5385504084125,0.4572869100139,0.2872893587050,0.0442045530302,0.2033156164302,0.2671274683171,0.2329030937717,0.1798582234860,0.1194344883083,0.0622452824300,0.3259134889915,0.6833328737031,1.0000000000000,0.2574782466976,-0.1163125931426,0.1940981544004,0.2447498113396,-0.1834386768161,0.0092010728233,-0.2637273478270,0.1594946356629,0.6702493190140,0.5273319746527,0.4389561895927,0.2671930959580,0.1480006133070,0.0067077708723,-0.0114250990914,0.0651253177125,0.3264973572966,0.2879394173746,0.1724240172811,-0.0570647317634,-0.2270374858949,-0.3916494678367,0.5490482293224,0.2699095123922,0.2813903836714,-0.0614874287675,0.3380709897959,0.0665431244226,-0.0999266418300,0.4465230482433,0.2632229801630,0.2983178248578,0.4800554583423,0.0118715039225,-0.1788998902129,0.0813996565419,0.1361438875847,0.2753764576582,0.3352087993571,0.4732237193748,0.3090397484478,-0.0549911146195,0.2958338008690,0.3212997742251,0.0798825262856,0.2006896610506,0.0631943830707,0.4239483326597,0.5463085671318,0.3031036290060,-0.1244337562639,0.4231156267260,0.2059966524398,0.3249266927079,-0.3294411292449,0.0980927566561,0.3088944172917,0.2870563136065,0.3692477553801,-0.2829259628979,0.3439030216671,-0.4640249799564,0.1888069092528,-0.0097825022769,0.0511619667466,0.3087385334809,-0.2040476668772,0.0718870393129,0.2959492974412,-0.1485347123173,0.2843587869145,-0.1768581334161,0.2240079342732,0.0236484723639,0.0445202587437,0.1400156573175,0.5295210101619
0.3187100015598,-0.2303647372303,0.2218904092040,0.3706947372992,0.4580215410626,0.5194447790262,0.4696384015566,0.1978486971714,0.3972547369527,0.5063763386800,0.6208627878272,0.5529735430445,0.5249473255055,0.1544083414118,0.3827013982299,0.6039712805554,0.4742459081163,0.7002784142691,0.0588950250356,0.2756589049206,0.5768387928155,0.1852532783158,0.2574782466976,1.0000000000000,0.3852872559842,0.2867076316185,0.5364221703007,-0.0926089495894,-0.2382053235162,-0.1603884540689,0.6193030881232,0.1473498674348,0.3415673616355,-0.3491729628292,0.4900397808334,0.3712552096762,0.5036004432322,0.1319790080467,0.4344678741102,-0.0592863362599,0.1046264254546,0.2015397128736,0.2028310618312,-0.2626682822185,-0.0273468732133,-0.0502489428833,-0.1204143789870,0.5980664239049,0.0724938988857,0.4655771434441,0.3123287397070,0.1927215588157,0.3526181277151,0.4681969462076,0.5222938806589,0.0236439705439,0.5732035615019,0.0903567038000,0.4879301084045,0.3988005814026,0.3139152422140,0.6551861425358,0.4343304104082,0.4760361859221,0.3749346459108,0.4364087043598,0.1596290187830,0.6581800793888,0.3261905844962,0.2170819849441,0.3077841116256,0.2868541205097,0.8478460487855,0.3894818862502,0.1713553446693,-0.0788313238510,0.4002878831603,-0.2391765281927,-0.2453019982448,0.7478905137647,-0.1891199504380,0.2527040455596,-0.2115326367884,0.0003476286751,0.0750076257352,-0.4148499159535,0.4492917772558,0.3257561455006,0.0672573932899,0.0073261541312,0.3712027324303,-0.2544646310846,-0.3546147328874,0.0355180669274,-0.2688611184711,0.6378793430729,-0.1093525726325,0.0499750773651,0.4232701004709,0.2339616144551
