1.0000000000000,0.5315979203547,0.7651626719632,0.7089121534291,0.7728005909604,0.6898411249546,0.5594256206498,0.1778439558137,0.2764936940299,0.5328977450481,0.5374998056955,0.4960953737403,0.2928675139649,0.4500128764716,0.4082616628067,0.4123147943525,0.3752658340811,0.3520029922209,0.1728224678836,0.2220058191414,0.4107324369145,0.3534742275755,0.4557706906725,0.4458591954083,0.0459067845166,0.3266366943896,0.2933926093133,-0.0121894956231,0.0803565782590,0.0561633990532,0.3802253085122,0.4894836429852,0.2667848608104,0.4292280688524,0.5137285196061,0.4345543209734,0.3187433858297,0.1923394790022,0.4283446319183,0.3375334207302,0.4051573314573,0.2635756932420,0.0693992276230,0.0388491394588,0.1030060381885,0.2554694048339,0.3064015514369,0.5206229555943,0.4383966826992,0.3171178686270,0.7159915102362,0.5959498843692,0.4912761992950,0.7361136032248,0.5259368300832,0.5193199739893,-0.1347244809558,-0.0529600205691,0.2530221595278,0.1935304457852,-0.0037873819213,0.2257441513895,0.0176514371354,-0.1516166468138,0.1549417727767,0.0268862683945,0.0492363087271,0.1298536636575,0.1538939174030,0.0201574016685,-0.2453258755097,-0.0295048833246,0.4046240364378,0.1164315746846,-0.2474870702221,-0.3490900696962,-0.1231020962663,-0.3352341283619,-0.2615040530525,0.0969241042730,-0.3397932704445,-0.2927238049127,-0.3564672505546,-0.1912093281740,-0.2773618281045,-0.0630449421118,0.2988025701571,0.4345900083888,-0.2242986514396,-0.1141227883242,0.3893312508952,0.1313460346156,-0.0036371711178,-0.1220771832134,-0.3192481721825,0.4656447525813,0.1548455177795,-0.1303222437013,-0.0386659606742,-0.1238571404678
0.5315979203547,1.0000000000000,0.5990664362271,0.4471610588238,0.3649944145754,0.2673455827559,0.1950692049275,0.2186912948459,0.1343393432810,0.3446696951302,0.0344304849513,0.1316953895881,0.0070068240453,0.4631254663577,0.4035773105246,0.1924725155643,0.1334003354345,-0.1368288836711,0.3839091770751,0.0565634160206,0.1312500008035,0.1314992237178,0.0638242938001,0.0301448487405,-0.1210745449762,0.2161026436518,-0.0802697874893,-0.0427994677170,0.2458048279841,0.2775234071985,0.1736448696066,0.1289956039531,-0.0735415303009,0.1861594204439,0.1972706006364,0.5392131570234,0.0254484966165,0.0176241590400,0.1732394103737,0.1593396970097,0.3517105958425,0.1856586196312,0.2203648158918,0.2773086783121,0.2235469669502,-0.0852444686687,0.0908140327432,0.0555504617609,0.1597029685066,0.2679037483619,0.4524880634013,0.7659100672703,0.3636301298525,0.4197766666017,0.1835430595363,0.4283201267541,0.0046294803902,0.2368530699947,0.0513197464983,-0.0365094047873,-0.0096287683757,-0.1742217047770,-0.3677724320439,-0.2371700704566,0.1938934040881,-0.0185932753632,0.1963523128512,-0.2322669869248,0.2985450062786,0.0299057993599,-0.1062228126404,-0.3216648941998,0.0074995674448,0.0344630833644,0.0799826763241,0.0504981540263,-0.2318724157372,-0.1549111035503,-0.0834411388854,-0.1585856386921,-0.3310321769598,-0.3548033551813,-0.1501503697653,0.1017122217168,0.1714611453144,-0.0911985145392,-0.0075348538801,0.4506030498160,-0.0076914708756,0.2373792730722,0.1716614093720,0.1423641456034,0.2906224493444,-0.2869121214369,-0.4579728886051,-0.0326121623506,0.0975976413438,-0.2654290773761,-0.2287722839199,-0.1327339547393
0.7651626719632,0.5990664362271,1.0000000000000,0.5906042183754,0.6487717027084,0.6706414665498,0.5701843070003,0.1021707712292,0.2039014443827,0.5123499999587,0.4015272788840,0.4373518086883,0.2082917383240,0.3780221082264,0.2533648355886,0.3226771919354,0.3501344995530,0.1949962939385,0.1465529180868,0.1306265268466,0.2995517761949,0.3524778251903,0.3533374997788,0.3753077335317,-0.0229404722537,0.2920217003648,0.2531869688444,0.0918161782783,0.1375199723308,0.1031916522542,0.3053590793067,0.4306848435786,0.1777091895189,0.4251003777454,0.5225008793620,0.4760699086593,0.2750721252177,0.0980959560581,0.4245092863108,0.2175520568428,0.3603111750787,0.2258118051560,-0.0027794908289,0.0455824687257,0.0538635870975,0.2071128250570,0.3196139212058,0.3762901054943,0.2829153417960,0.2502400842308,0.5474743296202,0.6658065812450,0.3386208974971,0.7742105478278,0.5034627752446,0.4557313916159,-0.1859163709164,-0.0844377598003,0.1979879548473,0.1379147282183,0.0464404009503,0.0862723660437,-0.1007859464146,-0.2057709137506,-0.0127787454922,-0.1032826476134,0.0876177026041,0.0284401709460,0.1294520055798,0.0036592292502,-0.2754363276383,-0.0231034208789,0.3191419654316,0.1753311122472,-0.2095889781973,-0.3787977054300,-0.1365484510502,-0.2585050891418,-0.1345784949823,-0.0005006953931,-0.3182847660053,-0.3486967725731,-0.3651805384383,-0.2169159771434,-0.2807832124767,-0.0897827953855,0.2858254645218,0.4898414039985,-0.2432851089454,-0.1548937189198,0.3628880087239,-0.0129106597532,0.0451030657818,-0.0507584696335,-0.2705059304930,0.3043000382567,0.1325734934102,-0.0737089755687,-0.0296504052822,-0.0812896415483
0.7089121534291,0.4471610588238,0.5906042183754,1.0000000000000,0.7030850544300,0.7290434918254,0.6813914472131,0.3273484790553,0.3900098168384,0.5010742637883,0.5646095046808,0.4610788960752,0.3645262878846,0.2886687890257,0.6520482557155,0.7335061717120,0.4283051259850,0.4641640557833,0.3943565400188,0.4082165354216,0.5587067156837,0.2612027542280,0.5376969184667,0.4824271879954,0.0957798521106,0.4474467644278,0.3106052001691,-0.2714488723727,-0.0606320690649,-0.1278239618943,0.5573699387480,0.5540619618432,0.3741363113865,0.3026890993618,0.6674279870335,0.6239441720756,0.3506492944047,0.2183452985613,0.5222200672812,0.3284021859642,0.3120774219878,0.2135745856229,0.4229389817989,0.0256830452683,0.2509953013099,0.2350400206684,0.1706364643440,0.6079709201568,0.1806181877218,0.4411394845092,0.4806953990894,0.4713064202588,0.7269346860072,0.7130851931439,0.5605755242121,0.7346477285811,0.0918859110674,0.0406238631661,0.3832373779245,0.2206516343097,0.0037615347164,0.2827046127509,0.0662184029740,-0.0016459061773,0.2342586880383,0.3753968988675,0.3442797024193,0.2553568425324,0.3577078186359,0.0900106811387,0.0344183438828,-0.0983592578582,0.4509243582829,0.0510570985928,-0.0605231566481,-0.1354588602334,0.0140588019282,-0.5545671988735,-0.4254967341310,0.3551728447612,-0.2184858238431,-0.0726074550535,-0.3306965311775,0.0806741218020,-0.1460075232732,-0.1403365337488,0.2550231912348,0.5834993888419,0.0660929045713,-0.0488806690658,0.4983931839232,0.2190558085105,-0.0883489156746,-0.3338000844461,-0.3659885828650,0.5356597972881,-0.1313886284030,-0.2835357105748,-0.1231340692994,0.0439085061116
0.7728005909604,0.3649944145754,0.6487717027084,0.7030850544300,1.0000000000000,0.8513814685312,0.8131916854106,0.2844039850915,0.3726438120060,0.4335290326609,0.5022641091456,0.4769697822555,0.3327315190938,0.3775600454777,0.3962632393756,0.4287431113776,0.4556623170092,0.4761244249892,0.1904063447059,0.1486448860965,0.2718244268695,0.3089853028839,0.3293830269621,0.4415644792061,-0.0549864434023,0.1793599738469,0.1547793529335,-0.0487012073659,0.0154021241374,-0.1229357650171,0.4895354589837,0.3174783696217,0.1467560476251,0.2049324757021,0.5189032930838,0.4689815787768,0.1697591145869,0.0588063868053,0.3985724828824,0.1415151478563,0.2286421797663,0.0547120365178,-0.0345883467726,-0.0745478201954,-0.0607615966690,0.1623394256001,0.1055159205391,0.6197233675552,0.3878230584292,0.2478543084882,0.7505688943543,0.3842006119788,0.5313016027186,0.8718279516074,0.8191836220667,0.7161557338042,-0.0511395980829,0.0040302903369,0.4252327924853,0.2828123923518,0.1492938239358,0.3461074781523,0.1093049389764,0.0063356425153,0.2442254231785,0.0711366339287,0.0834601594592,0.2755734210766,0.2895816374036,-0.0184249304138,-0.0963812694521,-0.0184494721955,0.3375597102615,0.0958511995449,-0.2715450448558,-0.3263926309381,-0.2033600320249,-0.3365329924336,-0.2501493815109,0.1358128452552,-0.3749257688606,-0.2424060279258,-0.4405301854205,-0.2773423957778,-0.3258983254946,-0.1994213277124,0.0647406059535,0.5455525403776,-0.2872130080611,-0.2375239205973,0.2861959037211,-0.0386257198401,-0.1712256058997,-0.1225422053931,-0.3391497367026,0.5482904672751,0.1393659085451,0.0085538686365,-0.1536725545028,-0.0817529808706
0.6898411249546,0.2673455827559,0.6706414665498,0.7290434918254,0.8513814685312,1.0000000000000,0.8311301206853,0.3243385821890,0.4658714487592,0.5792796023468,0.6687741984699,0.6199594003934,0.4998596790848,0.3148512585579,0.4964416513957,0.5154994519603,0.6061856737672,0.6013873243512,0.1715635716843,0.2457823178032,0.4063109632672,0.3954627671655,0.4826998846472,0.6082613457742,0.0725578095248,0.2379924871359,0.3547983959711,-0.0465273448833,-0.0493710425760,-0.1596342783795,0.5824849055483,0.4328799208321,0.3240356696998,0.2818861562064,0.6213998003511,0.4709748448086,0.4119721508815,0.0786442599485,0.5372971062905,0.2452237323290,0.2716090547291,0.2049217507396,0.0588558841196,-0.1320785053309,-0.0082852419984,0.3461072303051,0.2300010096164,0.7703232800729,0.2808607870509,0.3568216969961,0.5701086521628,0.2930299841610,0.4926158654886,0.8761150725780,0.8680282912026,0.6575830608996,0.0136088961451,-0.0845003514339,0.4477226007111,0.3504379594743,0.2538968834678,0.5006629173472,0.2903185122442,0.1122312889949,0.1997310440150,0.1715940814630,0.1181823415614,0.3976342599588,0.2266716160149,-0.0295348646250,-0.0772959533183,0.1625569395632,0.5067530621678,0.1585079957914,-0.2963235709818,-0.3850074292595,-0.0130211521150,-0.4272310452921,-0.3348502695884,0.2601471577308,-0.2840053716644,-0.1447103098714,-0.4309006915704,-0.2132567097808,-0.3892891212761,-0.2654434917087,0.2708574474020,0.5339696085493,-0.1739299934433,-0.3113562221856,0.4362144620763,0.0232679120403,-0.2449593083787,-0.0923721155637,-0.2195496881445,0.6649238080889,0.0001182801600,0.0113397360409,0.0628388780909,0.0711199233070
0.5594256206498,0.1950692049275,0.5701843070003,0.6813914472131,0.8131916854106,0.8311301206853,1.0000000000000,0.2497372002409,0.4245458166999,0.3270118938965,0.4528584314729,0.4030777344543,0.3070680297802,0.2751796100965,0.3788744018879,0.5505732364219,0.4386925712223,0.5325351790651,0.1476379621828,0.1923359890478,0.2037623848618,0.1909291516655,0.2657506560334,0.5141739165726,-0.0158634057084,0.1247068773494,0.2035269876510,-0.0098531842024,-0.0663278114568,-0.2048135736977,0.5149507333312,0.3108153196438,0.1761002770348,0.2035409634246,0.6452260862254,0.5008886991962,0.3020865803172,0.0387496298407,0.4967742232415,0.1109664318503,0.0999077439971,0.0400373488015,-0.0430764394491,-0.1315876615758,-0.1403703837049,0.1589102220357,0.0940012813293,0.5971622118112,0.2321475075070,0.2163477629848,0.5230005075742,0.2332998158611,0.5062426291848,0.8115636556356,0.8073581890361,0.8109905418145,-0.0550965536317,-0.0652245777998,0.5003289962803,0.3647418950632,0.1493381211291,0.3617303163343,0.1278304076805,0.0551433570705,0.2226674859675,0.1415811834936,0.1941285798053,0.3543119829975,0.3103604701043,0.0198970575101,-0.0542687398436,0.0306991723291,0.4224462417444,0.1412484447881,-0.2697625466619,-0.3590260759017,-0.1307969563077,-0.2891792613829,-0.2549588928806,0.2241469495576,-0.2724584015246,-0.1924479471497,-0.4583823111268,-0.2771689888593,-0.4118774148606,-0.1869348964555,0.1470309526597,0.6188131116452,-0.2390203853339,-0.3321199911023,0.3531980745497,-0.0689333354791,-0.2218116352322,-0.0868947789598,-0.2336596559795,0.5041677222606,0.0007792447829,-0.0388109285899,-0.0565622908767,0.0521037124405
0.1778439558137,0.2186912948459,0.1021707712292,0.3273484790553,0.2844039850915,0.3243385821890,0.2497372002409,1.0000000000000,0.6819231174125,0.3771485813834,0.3434651476378,0.3984927938301,0.5424581507467,0.1886876173758,0.3192843748502,0.3963652687882,0.4831103745613,0.4363149121399,0.7050218143184,0.6531584607578,0.3438019896789,0.2259578543385,0.2933153702001,0.2998575237172,0.4103926977751,0.3922919076647,0.3020505557072,-0.2365540242985,0.0398651855987,-0.0354848169284,0.4454435990708,0.2198918766168,0.2955102022112,-0.0097859705017,0.1095484933282,0.4543222443184,0.1944163504037,0.4418516998040,0.0725855877580,0.1874829608328,0.1592481134629,0.0607741498750,0.3731929626735,0.3832788563588,0.4538615506142,0.1715168320357,-0.0197369678101,0.3274046679233,0.1464658794497,0.1299895537701,0.1274244720077,0.0883158639476,0.1797953147820,0.2145123703841,0.2932761098047,0.2316494952261,0.6250391802322,0.5670107401446,0.5117385832320,0.5518291389684,0.1486315735247,0.2000746813588,0.1441751621424,0.3289045986458,0.2378211522004,0.1613415588091,0.0879370329829,0.3098509440512,0.3998658247478,0.3592736812718,0.0696268073769,-0.1270430724417,0.2424565559642,0.5625968799932,-0.0491749738286,0.0788001343646,0.0263253458627,-0.4211856096130,-0.2290586168085,0.0934498447824,-0.2970481634183,-0.0044017864083,-0.0562065677416,0.0259083080485,0.1684111539391,-0.3721088075975,-0.0312345413736,0.2337294601023,-0.0399315152847,0.2879345421501,0.0582952628730,0.1012538068445,0.1802774864524,-0.3211663698599,-0.4079805178300,0.2138079608636,0.0748480715520,-0.1426619179306,-0.1575582283515,-0.1485796193519
0.2764936940299,0.1343393432810,0.2039014443827,0.3900098168384,0.3726438120060,0.4658714487592,0.4245458166999,0.6819231174125,1.0000000000000,0.5282884755896,0.5567659981371,0.6182787989132,0.6307592705553,0.1731534576108,0.3046226967077,0.4822707926553,0.6338956739798,0.5857823684793,0.5001913504499,0.4977244205956,0.3192534791160,0.3450553463631,0.3650198677773,0.6062135450513,0.3612270679972,0.2135142781569,0.3356705073694,-0.1286004586106,-0.1005934222944,-0.1844193036932,0.5443557079910,0.2843709435707,0.3145794768270,0.1143040988061,0.3152040432029,0.4871070685699,0.3396424452633,0.2174841691433,0.2314332506628,0.0465307533081,0.1689692936134,0.1329934118103,0.0991249959350,0.0411562453092,0.0516193319180,0.2823595675655,0.1032771740269,0.4669985792471,0.1302126861326,0.1474498638374,0.1433680285199,0.0672543198907,0.2361522940320,0.2822018748300,0.4609905047293,0.2805220078512,0.4093106764095,0.3121574476592,0.7190643428101,0.7987136538472,0.3367022039332,0.4886235844529,0.3395490625831,0.4342981399561,0.1388056068899,0.1824355381833,0.1215412423381,0.4615560844324,0.4395667651249,0.2945372149073,0.1276165501542,0.1197893113766,0.5274785025700,0.4983901303282,-0.0774258504395,-0.2105278290583,-0.0033840882236,-0.3821841945334,-0.3563470815919,0.2886366118629,-0.2274012874532,-0.0094774925573,-0.2774209206794,-0.0591854028497,-0.1986999616191,-0.2701780282456,0.1390897907949,0.3089754655571,-0.0754379538316,-0.0793483440010,0.1647317975185,0.0111843566627,-0.0553286799997,-0.1312045155783,-0.1832903827852,0.3493956938417,-0.1081916761571,0.0105028275947,0.0058442942483,0.0032115243620
0.5328977450481,0.3446696951302,0.5123499999587,0.5010742637883,0.4335290326609,0.5792796023468,0.3270118938965,0.3771485813834,0.5282884755896,1.0000000000000,0.7866388669064,0.8626715574220,0.6127450636044,0.3968099676601,0.4923873833781,0.3311198969961,0.6235760221995,0.3940699158130,0.3411699923838,0.3432418380841,0.7077901726310,0.7796019483015,0.7424999500952,0.6431296124763,0.3145607574976,0.5057558319722,0.6289612667619,0.0231908131946,0.2409485519682,0.2192541019800,0.4254483169443,0.6613371538280,0.5177906519569,0.5373971855828,0.4233381343679,0.3980301051401,0.5343479172882,0.2766733722441,0.3865862803079,0.3957368011293,0.6758017442004,0.5900335072246,0.2067437243259,0.1262372877193,0.2708524497701,0.6109564014047,0.5706873766332,0.4904678810300,0.3651714202139,0.6071921751492,0.1906973475486,0.2135021050113,0.1003579563865,0.4117386671575,0.4009369793266,0.1888445900270,0.1015951933330,0.0329287108780,0.3278220516935,0.3483495867579,0.3086541123417,0.4721639418223,0.2725100513397,0.0574218028305,-0.1217672229533,0.0570364212142,-0.0345530382791,0.2133759099439,0.1462862393864,0.0963693499185,-0.0335392501249,0.3397323806817,0.5809216071501,0.3825377311197,-0.1092819271845,-0.3419803045181,0.1598027015851,-0.4836597617986,-0.1776052127674,0.1889371427115,-0.2226854546172,-0.1275045000775,-0.3643000535548,-0.0409015255088,-0.2502463043687,-0.0606330619555,0.4327995022082,0.2060159494549,-0.0606040841448,-0.1041303967092,0.3796561285153,0.2389357607395,0.0746559579286,0.0020595538798,-0.1668054737999,0.3790525360459,0.0271161755373,0.1440273197883,0.2220181713369,0.1222431854362
0.5374998056955,0.0344304849513,0.4015272788840,0.5646095046808,0.5022641091456,0.6687741984699,0.4528584314729,0.3434651476378,0.5567659981371,0.7866388669064,1.0000000000000,0.8497993978426,0.6398625377054,0.2398973866517,0.4537817897864,0.3932623397281,0.6317471855850,0.6211936902388,0.1976241626612,0.3147120892800,0.6696967058337,0.6743452214716,0.7952193374502,0.7903404241922,0.2822915141943,0.4403902974912,0.6703259370042,-0.0389874578347,0.0766175814663,-0.0211848243926,0.4779711159795,0.6302141031410,0.5180701614011,0.4302049536177,0.5299613940122,0.2812539511544,0.6059029409652,0.2586708481343,0.4708562952024,0.3783439450939,0.4461313226998,0.4194010160726,0.1862720756435,-0.0874694728891,0.1801312401567,0.5889149136767,0.4224144424367,0.6647119515858,0.3385549110941,0.4555776824189,0.2782568254354,0.1112375473152,0.2176477977031,0.4660132804227,0.5367809198342,0.2499417368455,0.0394571004986,-0.1742237707592,0.3779408420973,0.3945616847736,0.3109589497659,0.7245486405390,0.4935049705912,0.1622487843963,-0.0060002854727,0.2293893000088,-0.0956612208466,0.4260719440957,0.0749226053267,-0.0454509333049,-0.0072124749487,0.4107118812874,0.7239642972013,0.2519854327095,-0.2454513896594,-0.4071620613933,0.2541284023079,-0.4824673383848,-0.2544086393818,0.3792014888359,-0.1710411038216,-0.0911240066536,-0.3417722510616,-0.0943371339843,-0.4442531142266,-0.0848210754359,0.5101186919003,0.1739332062562,-0.0539720115814,-0.3386081472868,0.4706636688585,0.2271308716001,-0.2041336978370,0.0107398088468,-0.0915448659213,0.6187290609597,-0.0103380166782,0.1527703201726,0.2430091059717,0.1814082571855
0.4960953737403,0.1316953895881,0.4373518086883,0.4610788960752,0.4769697822555,0.6199594003934,0.4030777344543,0.3984927938301,0.6182787989132,0.8626715574220,0.8497993978426,1.0000000000000,0.7857141373009,0.3991624237323,0.4613205248213,0.3757662882752,0.8047591846750,0.6333787545271,0.1936405947505,0.3658790817742,0.6530861421265,0.7526165908507,0.7613168637266,0.7094589707835,0.3237794393479,0.4352900695141,0.6864545231284,0.0021289137588,0.1492579252562,0.0948685313644,0.5388541383886,0.6586069675606,0.6027894888821,0.5201905806615,0.4184632506693,0.2901550108897,0.5227625172045,0.2681015520297,0.3956769565571,0.3476548307773,0.5703383845809,0.5022974254940,0.0693254852681,-0.0076438453603,0.1532337993978,0.6358317725652,0.5529878888203,0.5719064626961,0.3127646378204,0.5132554532007,0.2359263707672,0.0706017457789,0.1341834494910,0.4027483758339,0.4826097303435,0.1501994175316,0.1093520310547,-0.0510751965661,0.4882154560580,0.4809053291512,0.2677282293043,0.6594413317218,0.5329704452849,0.2665437998402,-0.0875803394784,0.0826142978379,-0.0782967396230,0.4988735174676,0.0422385583811,0.0540643230668,-0.0507178120568,0.4041185847134,0.6207385962673,0.3902947528134,-0.2823774886994,-0.4555677800336,0.1311442354019,-0.4646533604290,-0.2292485417063,0.2975077161151,-0.2039938529736,-0.0405346426068,-0.4040954264687,-0.2222588080117,-0.4402966637858,-0.0589112431997,0.3747735230603,0.1726993373407,-0.1931357393810,-0.3121448122372,0.3172422454969,0.1337186561758,-0.0921854789640,0.0692746702767,-0.0570593475312,0.4787195244498,0.0332060809164,0.2218568447377,0.2675504278719,0.1039265594552
0.2928675139649,0.0070068240453,0.2082917383240,0.3645262878846,0.3327315190938,0.4998596790848,0.3070680297802,0.5424581507467,0.6307592705553,0.6127450636044,0.6398625377054,0.7857141373009,1.0000000000000,0.3127645117091,0.4375648730907,0.4286341753591,0.8994855255957,0.7330360966429,0.1184568472153,0.5569930246969,0.4587951973267,0.5035917790039,0.5018009419775,0.5094002604930,0.4345309972589,0.2850450219037,0.5883218094094,-0.0673188653701,0.0649520329735,0.0349865781065,0.6383724345539,0.4847754357114,0.6995199463697,0.3682883529663,0.2071076252401,0.1598064967764,0.4638095990116,0.3256944130170,0.3711381294008,0.3496285156820,0.4480104833147,0.4256747758709,0.0824037931317,0.0865393296683,0.2078022639806,0.6130248789892,0.4574806390346,0.5245980541447,0.2330044899653,0.3464579848205,0.1278991637980,-0.0425291694439,0.1543478600306,0.2806544104653,0.4367369018994,0.0664947472975,0.4372588551675,0.1390920350624,0.6086457057841,0.5671100387566,0.2182737959662,0.5444580411555,0.6014945213181,0.6776570489170,-0.0165159825355,0.0238385903165,0.0002098385077,0.7267203089131,-0.0545045170885,0.1402496728965,-0.1038750413629,0.1829814459840,0.4192027279748,0.3854077765595,-0.3325092116222,-0.3733862483745,0.0729668917355,-0.3849229654641,-0.2352773154829,0.3535216661048,-0.2066672739389,0.2101783561189,-0.2503005831520,-0.2364945191948,-0.2939500823912,-0.1887471577677,0.2051587465898,0.0828807310584,-0.1926487470038,-0.1850074155282,0.2403908528041,0.1571699468036,-0.0563814582634,0.0830108708880,0.0218514506433,0.4182005559020,0.0107335698797,0.2166353765441,0.2722374714134,-0.1010488074949
0.4500128764716,0.4631254663577,0.3780221082264,0.2886687890257,0.3775600454777,0.3148512585579,0.2751796100965,0.1886876173758,0.1731534576108,0.3968099676601,0.2398973866517,0.3991624237323,0.3127645117091,1.0000000000000,0.5019698746513,0.1935946030792,0.3307321465871,0.2894894881104,0.0903186874426,0.2351719867742,0.3275427331164,0.4150952588854,0.2641729803702,0.2015884691990,0.1937135204870,0.2315561088215,0.2927890290605,0.2308789267666,0.4770007315522,0.5755830099909,0.3026138407210,0.3247540937603,0.2923791925261,0.4219026407257,0.1342427044965,0.1760953920243,0.1032237268093,0.2386279131167,0.1105998719115,0.3481270028866,0.6370260083697,0.4083133977909,-0.0817413404985,0.2221396140326,0.1275084997923,0.3032498949380,0.3921569414274,0.1289811333235,0.5096244002681,0.4875135739552,0.3821668693337,0.1729907376681,0.0743534491238,0.3384043134417,0.2295286318396,0.2525914607907,-0.0087784481479,0.1463021536609,0.2965775490707,0.2330911241595,-0.1287843021816,0.1282707007602,-0.0234035378325,-0.0575457703366,0.1920945751104,-0.1167385166733,0.0162846343583,0.1905393574417,0.1187245233827,0.2076454800847,-0.1868924282522,0.0007870132576,0.1681018835790,0.3096223775567,-0.1500388239470,-0.2442946963770,-0.1134996444244,-0.0335471043998,0.1228799698490,0.1178512333256,-0.3581672455963,-0.1545152356876,-0.2602999966230,-0.2226958282305,-0.1415964807105,-0.0415699985694,0.0475332859599,0.1087311396873,-0.3257883277402,0.0005163744181,0.0627254644087,0.1415770871348,0.2150811094819,0.1466983328312,-0.3032867958458,0.0996195953472,0.4652695701643,0.0650416418338,0.0623526665471,-0.1206230358146
0.4082616628067,0.4035773105246,0.2533648355886,0.6520482557155,0.3962632393756,0.4964416513957,0.3788744018879,0.3192843748502,0.3046226967077,0.4923873833781,0.4537817897864,0.4613205248213,0.4375648730907,0.5019698746513,1.0000000000000,0.5047997363326,0.4236718717525,0.4335287391263,0.2756570839365,0.3815140904271,0.5022230863832,0.2906056486238,0.4520771885231,0.3474198872030,0.1700428303003,0.3558766582587,0.3279696145180,-0.2450601058613,0.0629585088637,0.1274112825782,0.5166549926343,0.4677338661041,0.4326579168365,0.3252131928047,0.3481983625435,0.3914251701075,0.4315746459402,0.2168041830486,0.5272043785882,0.5121323152085,0.5253916101710,0.5381155508675,0.4650326194376,0.1625420001153,0.3570329115274,0.3180788934402,0.3013713324103,0.4819970990083,0.1545901690209,0.7602490552856,0.2564081662868,0.1676108525249,0.4049324308618,0.4069776924228,0.3554742176790,0.4648970250546,0.1770755691618,0.1324256943921,0.3292745121529,0.1414797800997,-0.0153558917714,0.2724625526289,0.0899000123846,0.0606038243616,0.3378367677246,0.3920697401583,0.2171314353057,0.2908141825294,0.2024135634877,0.0704212871874,-0.0238408643427,-0.1343361240310,0.3028651357775,0.0060467003747,-0.0708153953715,-0.0922595069913,0.0601203013083,-0.4316192322208,-0.3233750941736,0.3494811475941,-0.2401939807393,-0.0187042477482,-0.1670689131653,0.1940331441953,-0.0336081577204,-0.1456513227749,0.2352209368145,0.2879281395173,0.1678314427933,0.0173479485505,0.4657679006509,0.4582021522509,0.0061467493062,-0.2873697996322,-0.2615377713145,0.3660539189791,-0.0799930138561,-0.1940582707916,0.1362609564762,0.1108515551247
0.4123147943525,0.1924725155643,0.3226771919354,0.7335061717120,0.4287431113776,0.5154994519603,0.5505732364219,0.3963652687882,0.4822707926553,0.3311198969961,0.3932623397281,0.3757662882752,0.4286341753591,0.1935946030792,0.5047997363326,1.0000000000000,0.4893394097927,0.5608543272288,0.4213497449518,0.6580088071245,0.4804279689608,0.1361937009315,0.4303412168712,0.3562009287763,0.2938572738840,0.4306453175243,0.3553739282174,-0.2639428181411,-0.1383747008939,-0.1441401759158,0.7444049353814,0.5571890895203,0.5724543212775,0.2689598465019,0.6180490710679,0.6393210775742,0.4205005104116,0.3577776475473,0.5375463552571,0.2493266254971,0.2159450954879,0.2779834427081,0.4450536822147,0.1655939380164,0.2900105857842,0.2902708162011,0.2112114465182,0.4766982278046,0.0452311454028,0.3017048291613,0.1788080257995,0.1538471070200,0.5690848568557,0.3918257817684,0.3860796459787,0.4640569961573,0.2301880618789,0.1682406682877,0.5826688385696,0.3661017739342,-0.0889597074483,0.1900055869403,0.0696098973605,0.1946080708102,0.1498401060915,0.3213580485039,0.6517134757917,0.4319671610784,0.3290329462012,0.2838324862201,0.0683836892952,-0.1038889485577,0.3105299125254,0.2359434131550,0.0521670988300,-0.1058341566207,0.0792838315816,-0.5351256294004,-0.3956062820720,0.5568213133561,-0.0592491858703,0.1929888119729,-0.1762429531271,0.1469174178257,-0.0638609646774,-0.1826270774403,0.2030994652577,0.5673685891325,0.1266467310361,0.0402649730210,0.4684481528914,0.1265379520124,0.0394729900640,-0.2088866310343,-0.1940236815132,0.4055438761725,-0.1987038746722,-0.2735784750585,-0.0570070887294,0.0043406236903
0.3752658340811,0.1334003354345,0.3501344995530,0.4283051259850,0.4556623170092,0.6061856737672,0.4386925712223,0.4831103745613,0.6338956739798,0.6235760221995,0.6317471855850,0.8047591846750,0.8994855255957,0.3307321465871,0.4236718717525,0.4893394097927,1.0000000000000,0.7247413686733,0.1062694193649,0.4347846336341,0.4356410135885,0.4842082303859,0.4518528593716,0.5509523036503,0.2567039527784,0.2224198910601,0.5148987321627,-0.0297304094495,0.0183462642776,-0.0582292951662,0.7713713538426,0.4497713206122,0.6168415863689,0.3382535230840,0.3296822656749,0.3074917186701,0.4369417675332,0.1968385840376,0.4205955108051,0.2200766388262,0.4032570455928,0.4043973097876,0.0440033229235,-0.0469060145321,0.0560036528101,0.5284642970669,0.4331581058816,0.5380885109676,0.2034880000986,0.3034675933316,0.2558468456014,0.0939589767642,0.2531995617470,0.3978583444529,0.5729407171249,0.1845358535912,0.2581400712122,0.0102622367365,0.6400645101905,0.5143175242372,0.3396290178439,0.5763871914454,0.5631551945573,0.5400225473495,0.0605531624076,0.0679185678149,0.0835096842494,0.7135700474454,-0.0152513787274,-0.0011426881439,-0.0747648016815,0.2247882144346,0.3938692725942,0.3319297001414,-0.3712545102324,-0.4625200439978,-0.0177302036730,-0.3704000897384,-0.2435558235644,0.3572867823922,-0.2229481444691,0.1124312053121,-0.2584183624245,-0.3184265390253,-0.4238116399440,-0.2465626743243,0.1638780058701,0.2901219318155,-0.2254626078828,-0.3162041036799,0.2704471010347,0.0113727679605,-0.1865529246917,0.0806025832021,0.0306662609348,0.4430421368744,0.0111047162285,0.2931332845766,0.2767362119172,0.0075521317691
0.3520029922209,-0.1368288836711,0.1949962939385,0.4641640557833,0.4761244249892,0.6013873243512,0.5325351790651,0.4363149121399,0.5857823684793,0.3940699158130,0.6211936902388,0.6333787545271,0.7330360966429,0.2894894881104,0.4335287391263,0.5608543272288,0.7247413686733,1.0000000000000,0.0036580270468,0.5116946439624,0.3879944672750,0.3352757069640,0.4493053337071,0.5676505529275,0.3846777449699,0.2117264724139,0.5356915740588,-0.0796965573394,-0.0859281184424,-0.1754848692921,0.7222128767616,0.4328305857736,0.5904503626880,0.2352424757586,0.3570926275457,0.1183553349100,0.4246066286929,0.2676531160531,0.4057481740691,0.2589293547579,0.2502673919122,0.2841035021093,-0.0494554251544,-0.1055720221477,-0.0090535993034,0.4499055766913,0.2517988424462,0.5642499327613,0.2031411257766,0.3142596020294,0.2240290051149,-0.0844238241010,0.3383858683208,0.4030942680744,0.5494065937228,0.2785411413989,0.2872219897615,0.0074982662749,0.6916602974638,0.5498012468595,0.1167173321991,0.5937306686390,0.5450270964656,0.4748647032075,0.1821675117451,0.1858882576043,0.0457290810625,0.8002215741826,0.0127088159447,0.1234981699077,-0.0074834358027,0.1928197318669,0.5267283486377,0.2834609576874,-0.3025276841812,-0.3623634570742,0.1754247371825,-0.3551621596326,-0.2407358462655,0.5886266213910,-0.2012222198106,0.1969218399152,-0.2823402641588,-0.2860567498778,-0.4313929985089,-0.2246405317380,0.2417490211858,0.1619779723436,-0.2155628636492,-0.3346942549597,0.2888653637160,0.0894093216617,-0.2476515670730,0.0433874374104,-0.0236757068381,0.5455205139084,-0.0256855031652,0.1426111266739,0.2229183070138,0.0391485501632
0.1728224678836,0.3839091770751,0.1465529180868,0.3943565400188,0.1904063447059,0.1715635716843,0.1476379621828,0.7050218143184,0.5001913504499,0.3411699923838,0.1976241626612,0.1936405947505,0.1184568472153,0.0903186874426,0.2756570839365,0.4213497449518,0.1062694193649,0.0036580270468,1.0000000000000,0.4728335498121,0.4022312725254,0.1638691327437,0.3260008503190,0.1557307471084,0.2789917627580,0.4854143852527,0.0982556310213,-0.2823846387893,0.0399377732470,0.0156515055406,0.1686607774402,0.2414383181000,0.0631560142516,-0.0004191755706,0.2342528617484,0.6935554287684,0.0657771362310,0.3529018699026,-0.0021699522972,0.1122679939696,0.1308408851279,-0.0120250359016,0.5970316981473,0.4131510609885,0.5037388603685,-0.0003439251384,-0.0998403645995,0.1650218636207,0.0820129811937,0.1572954194187,0.0147755744411,0.1977477469606,0.1930643384023,0.1107827562520,0.0738708011733,0.2822357584420,0.3901503231997,0.6041244257727,0.2560340039707,0.3190623787941,0.0100090315215,-0.0458321948465,-0.1821486314368,-0.0432099995057,0.1758789828674,0.2968236480844,0.3324638642790,-0.1064405389476,0.7183290888216,0.4563171124478,0.2447692490631,-0.1876915711665,0.1497207815472,0.4562987782809,0.3338844950721,0.2599735249774,0.0027029426274,-0.4420961808136,-0.2440629297915,0.0360093050376,-0.1857899915065,-0.1048573023837,-0.0067156434524,0.4202133923743,0.3734831755637,-0.1718908182108,-0.0351865308409,0.3104400828658,0.2371527451987,0.4783752287752,0.0859478919707,0.1479339292816,0.3063734174464,-0.4223437512031,-0.5305990536119,0.0796794588452,0.0071387201961,-0.3975106163421,-0.3827300281313,-0.0399086726232
0.2220058191414,0.0565634160206,0.1306265268466,0.4082165354216,0.1486448860965,0.2457823178032,0.1923359890478,0.6531584607578,0.4977244205956,0.3432418380841,0.3147120892800,0.3658790817742,0.5569930246969,0.2351719867742,0.3815140904271,0.6580088071245,0.4347846336341,0.5116946439624,0.4728335498121,1.0000000000000,0.5494844514516,0.2355309152511,0.4159438228371,0.2501338515069,0.7104287150766,0.5647750370935,0.5623586532343,-0.2009928309524,0.0101935682637,0.0850771310580,0.5375013863432,0.5587029029547,0.7045103930933,0.3152753729950,0.2197044777400,0.3085812662351,0.3620474736599,0.7360929324110,0.2369832695229,0.3632199310505,0.3144649956717,0.3326111164656,0.4047436219029,0.4976903783286,0.5631016051211,0.3752134670913,0.2848625316598,0.2554794052690,0.1235706492197,0.3010298431956,-0.0974621782946,-0.0272569437472,0.1826068310480,0.1164748277480,0.0788857618451,0.0628564603014,0.4946928617738,0.4185158801709,0.4701166563555,0.4765246009659,-0.2300635572199,0.0363544322981,0.0853813406279,0.2748731607375,-0.0042184199257,0.1106206846522,0.2559021070955,0.3862803840647,0.1510854260632,0.6071186206144,-0.0930663882566,-0.1478948076111,0.2125155948389,0.6046697011613,-0.0492529993926,-0.0311671378332,0.2453951617278,-0.5188340362281,-0.2637463618839,0.3419642490182,-0.0721015415139,0.2738546312403,-0.0356853127539,0.0393251550020,0.1182968381293,-0.1758920007599,0.2011910267500,0.1270117242207,-0.0064743340440,0.3487535755815,0.2162208808339,0.1955279400561,0.3559698232232,-0.2019555666763,-0.1866284414549,0.1734895971843,-0.0461512675210,-0.2373054467860,-0.0198601737456,-0.1702265706806
0.4107324369145,0.1312500008035,0.2995517761949,0.5587067156837,0.2718244268695,0.4063109632672,0.2037623848618,0.3438019896789,0.3192534791160,0.7077901726310,0.6696967058337,0.6530861421265,0.4587951973267,0.3275427331164,0.5022230863832,0.4804279689608,0.4356410135885,0.3879944672750,0.4022312725254,0.5494844514516,1.0000000000000,0.6399548336944,0.8143621972571,0.5574760295730,0.4444184247088,0.7561774339023,0.7465406988338,-0.0832156478860,0.2067674889367,0.2230927544382,0.4149772146052,0.8271319004542,0.6746250753361,0.5578541302892,0.4827921855821,0.3202755509182,0.4901959983228,0.5561177444744,0.2776226552904,0.4923873085947,0.5241298598968,0.4573711202617,0.5199710059624,0.2389140374525,0.5274599675784,0.5461168864665,0.5016674578060,0.3779733379105,0.3173623491374,0.5806423657741,-0.0263326992817,0.0347079249675,0.0855565593936,0.2430582690171,0.1665775995292,0.1172818434782,0.0659188105975,-0.0037702903328,0.1764832710148,0.2160805070265,-0.1192062257131,0.3063355662899,0.1830904506357,-0.1098936142648,-0.1292608069264,0.2449901087402,0.0787189020018,0.1700035170848,0.1723750819647,0.2501265842164,0.0500517520861,0.2552287303615,0.5081691801795,0.4030950803890,0.0128563715320,-0.1348948526351,0.3599311851626,-0.5587939845456,-0.2048060679876,0.3479911492055,0.0111734872926,0.0847122741670,-0.2119117975927,0.1113916091088,-0.0935358653433,0.0254213315070,0.4638995598486,0.1477870137536,0.0787772366636,0.0939585418401,0.3827317697128,0.2982635307773,0.1822941596655,-0.1036322870040,-0.1878049646191,0.3378899882880,0.0002299170821,-0.0825426253248,0.0346808292104,0.1259948239879
0.3534742275755,0.1314992237178,0.3524778251903,0.2612027542280,0.3089853028839,0.3954627671655,0.1909291516655,0.2259578543385,0.3450553463631,0.7796019483015,0.6743452214716,0.7526165908507,0.5035917790039,0.4150952588854,0.2906056486238,0.1361937009315,0.4842082303859,0.3352757069640,0.1638691327437,0.2355309152511,0.6399548336944,1.0000000000000,0.6913330091989,0.6109510652608,0.3462947171400,0.4509381586452,0.6903201088971,0.1539279681331,0.4921925654797,0.3850786595370,0.2235367178175,0.5718148119160,0.4728192494693,0.5939097675473,0.3275949548747,0.1369545419532,0.4219879275245,0.3451423891463,0.2276427040280,0.4088701984415,0.6508943885011,0.4057970700951,0.0298960873693,0.1372913752400,0.2030211648415,0.6621910434477,0.5840188052841,0.3346400220723,0.5125056789133,0.4474946308313,0.0614798936265,-0.0007414902256,-0.1360913472240,0.2454636960538,0.2954707177676,0.0093342786294,-0.0277124209572,-0.0715236448147,0.2082061497321,0.3162300947166,0.1286698262327,0.4228035753415,0.2878477368612,0.0039743285200,-0.3333887180051,-0.0849646896620,-0.1882885998398,0.2054239986349,0.0453274655607,0.1192809713618,-0.0768668238051,0.4827059021396,0.5624007656322,0.4436210955876,-0.1569001016831,-0.3643312547661,0.2583506345886,-0.2958666448156,0.0789591397090,0.1425766398729,-0.2032546786130,-0.1064321388765,-0.3938746441705,-0.1551256945711,-0.3136549353612,0.1094525029495,0.4197152819504,0.0228487745284,-0.2197314598204,-0.1396922804342,0.2561754986168,0.2289877005439,0.1536795956186,0.2087188159627,-0.0920704266566,0.2971170585757,0.2508820263705,0.3261591376111,0.0887550099315,0.0394798506498
0.4557706906725,0.0638242938001,0.3533374997788,0.5376969184667,0.3293830269621,0.4826998846472,0.2657506560334,0.2933153702001,0.3650198677773,0.7424999500952,0.7952193374502,0.7613168637266,0.5018009419775,0.2641729803702,0.4520771885231,0.4303412168712,0.4518528593716,0.4493053337071,0.3260008503190,0.4159438228371,0.8143621972571,0.6913330091989,1.0000000000000,0.6340686031000,0.3281881941066,0.7570933976659,0.7379677527122,-0.2348285880565,0.1002686377661,0.0776119429533,0.3555290967703,0.7906461640996,0.6119068763341,0.5080380895469,0.5275191627620,0.3182751042395,0.5328598230681,0.3789423893635,0.3332728758080,0.4765586638428,0.4876381883446,0.4306763808032,0.3716155109192,0.0841227724513,0.4524901660466,0.5969488094652,0.4273078859008,0.4711068983920,0.2257604937499,0.5878676350830,0.0780136906989,0.0253043974331,0.1304588321242,0.2918995354125,0.2335038061834,0.1352648728517,0.0723149581452,-0.0979578742915,0.2021872239806,0.1884870324111,0.0380883138987,0.4300286937788,0.3152704232658,-0.0020138051854,-0.0872892443349,0.2703134660920,0.0067783984569,0.2401759240280,0.0845908949361,0.0892129265398,0.0984308128814,0.4072395400807,0.6336128313688,0.2897124740047,-0.0106993290000,-0.1144015840732,0.4092045646098,-0.6532201112511,-0.2942235573691,0.4009487120494,0.0242080187938,0.0414011862731,-0.2933771162023,0.1141449393890,-0.1930110934170,0.0649340820681,0.5255272333509,0.1232396841239,0.1137500620942,-0.0699069927395,0.4372827674275,0.3312497058279,0.0217143227080,-0.1463262330807,-0.1498790023316,0.4339135205535,-0.0507316809374,-0.1024604315051,0.1249717309861,0.1998747060049
0.4458591954083,0.0301448487405,0.3753077335317,0.4824271879954,0.4415644792061,0.6082613457742,0.5141739165726,0.2998575237172,0.6062135450513,0.6431296124763,0.7903404241922,0.7094589707835,0.5094002604930,0.2015884691990,0.3474198872030,0.3562009287763,0.5509523036503,0.5676505529275,0.1557307471084,0.2501338515069,0.5574760295730,0.6109510652608,0.6340686031000,1.0000000000000,0.1807772023992,0.3525634785479,0.6311098816914,0.0430986979565,0.0492891750710,-0.0633983240151,0.4379564688781,0.4988585810857,0.3500375408657,0.3954009231382,0.5864457940713,0.3113831988288,0.6360699005445,0.2074473347843,0.4799600387196,0.3174996324065,0.3003382647056,0.2165844089648,0.0789040782108,-0.1618987382482,0.0071907560801,0.4679538928985,0.3408906041909,0.6428164566538,0.3610142687355,0.2935339293225,0.2191970170856,0.0894343149958,0.1507504372332,0.4236884692556,0.5493493262372,0.3034302912692,-0.0054977741394,-0.2561339594883,0.3753685707574,0.4847173749786,0.2964967405280,0.6341248443588,0.4263704338083,0.1044439888526,-0.0444740677142,0.2420481032120,-0.1368703193529,0.3820333362247,0.1951122310951,-0.0281790756786,0.0186923402951,0.4189967471792,0.8918126858349,0.3541150172456,-0.2994495826253,-0.3889432984038,0.2926369979643,-0.3517747322335,-0.2512262583793,0.3157438420781,-0.1606992249417,-0.1755930639254,-0.3835373653043,-0.1998417149758,-0.5022473162924,-0.0832873002994,0.5939687332822,0.3293944763786,-0.0954415711170,-0.3547138304200,0.5006055530297,0.2030076071323,-0.1955147708073,0.0105557401427,-0.0538072148195,0.6125987840964,-0.0270412393973,0.1497008519756,0.1570348319210,0.2112012646160
