1.0000000000000,0.6264716881081,0.6621664317953,0.7602380146592,0.8478079801386,0.6030219738048,0.5392673194869,0.1808911480426,0.0040977343939,0.0495722164188,0.0298628813348,-0.0137917461338,-0.0389080660664,0.5318212141037,0.2705751715808,0.3833277944812,-0.0003113924449,0.1576484520737,0.1516426122923,-0.0739683745726,0.0585009194824,0.1244366501412,0.0729520357326,0.0380648790811,-0.2783119432792,0.1488220583439,-0.0303046618401,-0.2222681199076,-0.0963133857171,-0.1388178990622,0.0040250609004,0.0960432532661,-0.1177681726529,0.1046541815987,0.2619290715896,0.2527256836338,-0.0972646865996,-0.1219669816575,0.2437827446262,-0.0093150017272,-0.1503117351795,-0.0206424283691,0.0041378672912,-0.1616472800429,-0.1750994062641,-0.0184179272755,-0.0282273956532,0.1822206705469,0.3215792738485,-0.0495113456831,0.8720298869769,0.4231324018524,0.5491915668528,0.5983340708785,0.5597664029892,0.5989067510392,-0.1917986743452,0.0932711444087,0.0864565380024,-0.0243287850018,-0.0250804953350,0.0661467053746,-0.1719206740780,-0.2108927354394,0.2965859088487,-0.3288744132800,0.1691344394100,0.0555759495370,0.2350296524158,-0.0694262384054,-0.1721001398510,-0.1448532573992,-0.0482970212025,-0.2257082683518,-0.2512117960569,-0.1672198169695,-0.3024777322055,-0.0841780766976,-0.1940942589512,-0.0484168126787,-0.2728538888805,-0.3444666777956,-0.3288872355540,-0.2713889741862,-0.3772351688319,0.0072489042446,-0.1698830845640,0.6158090570413,-0.3455120994577,-0.1463900034698,0.0023627679910,-0.1671190511239,-0.2129978257662,-0.1470604459692,-0.2638490614834,0.3038338514259,0.1930424488880,-0.1097093771045,-0.1806518797144,-0.2026283170511
0.6264716881081,1.0000000000000,0.5654881713207,0.5220109843542,0.3972294803111,0.3342229348335,0.2823890902854,0.1367572954246,-0.0545141242647,0.0582307919547,-0.1540619939009,-0.1354382092794,-0.1372798551009,0.4946309932783,0.2162693887367,0.2469446606719,-0.1297985282776,-0.0033522421279,-0.0650736082242,-0.2244981925851,-0.0190612109081,-0.0015600024558,-0.1974381556798,-0.1384199599488,-0.3417187787714,-0.0634868255501,-0.2751863474115,-0.0405092521664,0.0707373115626,0.0123340405926,-0.0710220781842,-0.0094962186473,-0.1956260654743,0.0130940450704,0.1110045056523,0.0470699348879,-0.1833157479609,-0.2200572533182,0.1722860993498,-0.1444768850946,-0.0645502390282,0.0089295899478,-0.0201471948011,-0.2069923907477,-0.0740552783832,-0.1145978905232,-0.0370397805120,-0.0046021708611,0.1586766813830,-0.0645977647303,0.5598548281720,0.6652099230804,0.3909422530273,0.3729297509490,0.2253409711739,0.3708080772297,-0.1789568084605,0.1287884828683,0.0351263464244,-0.0924013145005,0.0790325235854,-0.1789830902405,-0.3062774840558,-0.2440236623585,0.2900419668122,-0.2971661122746,0.1874306027353,-0.1057818452220,0.0564410726600,-0.1449835555627,-0.2033846401492,-0.2510615577207,-0.1855705924564,-0.2743547406100,-0.1874395436819,-0.1235375252960,-0.4000419978556,-0.0348525383567,-0.0098274972447,-0.1357864593857,-0.0855322826260,-0.3306702862682,-0.1394689056244,-0.1955606811396,-0.2454197623854,0.0069668783391,-0.2326813411024,0.4438840297121,-0.2164467682213,-0.1757575343496,-0.0364086597650,-0.1758699793356,-0.3315732337609,-0.1419869548259,-0.0092806998658,0.0816018829119,0.0428189841944,0.0272595026275,-0.1800593439521,-0.1454238815907
0.6621664317953,0.5654881713207,1.0000000000000,0.6796555845259,0.6610071946429,0.7672931742032,0.7270206028925,0.4231651358609,0.2455605749328,-0.0542214580461,-0.0823421651195,-0.1840369599096,-0.0928128993785,0.0430842027405,-0.0731335769030,0.3045501241187,-0.0375569710322,0.1149639478086,0.1349700882672,-0.0003899428224,-0.1079116712432,-0.1180699816171,-0.1732068572730,-0.0294880417494,-0.1635108124279,-0.0415933790108,-0.2030858648190,-0.2185091335992,-0.2616264764574,-0.2120719904541,-0.1347336851368,-0.0364247754542,-0.1476175621907,0.0019411204238,0.2048745069151,0.2406330468260,-0.0483752896138,-0.1662701213101,0.3083713799530,-0.1883046158535,-0.3558774284511,-0.2260249885135,-0.1798539470649,-0.2423375931924,-0.1201301967889,-0.1140901408894,-0.0943051336150,0.1429899395850,-0.0117406221444,-0.2818887911406,0.7585686847345,0.6718068288596,0.5064005497666,0.8847365100005,0.6423953944929,0.7751545675170,0.0390284392376,0.3654590729597,0.3490696202383,0.2566978957985,0.0713311376015,-0.0193194022785,-0.0892734653613,-0.1039846610564,0.1087867949813,-0.3446785494179,0.2085495058512,0.1686187369848,0.4152686683316,0.1387216153033,-0.0435319880195,-0.2108685185329,0.0241889179985,-0.1218715520928,-0.1490890671671,0.0283624358071,-0.2792718065323,-0.1990940864942,-0.1941720581249,0.0107555721450,-0.1230000637836,-0.1605854313515,-0.2645229703089,-0.2957837240792,-0.2167308311478,0.0282327448310,-0.1233951535525,0.6158411970220,-0.3657193473163,-0.1102017477873,-0.0773717481747,-0.2710607746428,-0.2934989332222,-0.2067368502265,-0.0580928241395,0.3455689483227,-0.2106953226422,-0.1592690130503,-0.2204191648191,-0.3740268184909
0.7602380146592,0.5220109843542,0.6796555845259,1.0000000000000,0.7158455493975,0.5420199620298,0.6753647090143,0.4576256142099,0.2404283915726,0.0108688921768,0.0989524510322,-0.0036816878177,-0.0284733159157,0.4567679540669,0.2449737836529,0.6607013467229,0.2106144362809,0.3898580885082,0.3497509823391,0.2099097879264,0.1644303653498,0.1068662128410,0.0567061005440,0.2076772560401,-0.1059104615900,0.2454662447318,0.0439490752824,-0.3039855494617,-0.1814789716725,-0.1867243293587,0.1935163215367,0.1722978245493,0.0622214573506,0.0770307455246,0.2352330742837,0.3000381202631,-0.0302212687768,0.0394950923926,0.1940684910820,0.0585394145807,-0.2334084199524,-0.1058660310910,0.0156257823714,-0.0592989933189,-0.0449526915927,-0.0061885466958,0.0317115994548,0.0951228922808,0.1905239227155,-0.0624557457190,0.7488528828682,0.3988109926781,0.7831569846075,0.6838192454540,0.5034843562206,0.7416674503660,-0.0344378603875,0.2728245329895,0.3423441697132,0.2056935342197,-0.0520287854014,0.0681134683748,-0.1646114865122,-0.1393559362140,0.2695865774225,-0.3540609501466,0.3243570617463,0.2672137086025,0.4911996190633,0.2438842817516,0.0421082126514,-0.1202948900286,0.1621731510392,-0.0992047845560,-0.0552400953225,-0.0508846729172,-0.2002657428795,-0.1309286985968,-0.2605992870361,0.2588136343255,-0.1605792558152,-0.1160919632088,-0.3328971671999,-0.2566776481142,-0.2272910720258,-0.0785124313397,-0.1057439713288,0.5268709809491,-0.3645177274071,0.0301490798531,-0.0470958512862,-0.1448750550936,-0.0924422211380,-0.1923838265701,-0.2521576637450,0.1784309217357,0.0476898475553,-0.1881371036071,-0.1761480382646,-0.2667521959936
0.8478079801386,0.3972294803111,0.6610071946429,0.7158455493975,1.0000000000000,0.7657769376941,0.6896124151598,0.1707613455798,0.0619655007545,-0.0067697653794,0.0465386520529,-0.0372766637950,-0.0893512292085,0.3590017776669,0.2283677446620,0.4126729085448,-0.0191404742015,0.1687849069250,0.1944654265248,0.0007839546963,-0.0219606564908,0.1255055758061,0.0685675678840,0.1197634736113,-0.2360809201915,0.1946776755178,0.0207383448053,-0.2630169932625,-0.1549522924644,-0.1014142844717,0.0236435148884,0.0719732415870,-0.1582682812583,0.1106697749076,0.3991534936314,0.3351086417637,0.0227815526945,-0.0160919743454,0.3771424330619,0.0225407971206,-0.2026237209968,-0.0981918398764,0.0299093910588,-0.1387025848034,-0.1663565618386,-0.0070383469308,-0.0760313670799,0.3542062136904,0.4070069159438,-0.0835605931847,0.8025118508076,0.2466141740886,0.4806201961993,0.6986536882814,0.7337140481639,0.6664858255715,-0.1907550100737,0.0567805442787,0.0940404270301,0.0497056954704,-0.1006730903665,0.0377655351737,-0.1553243873480,-0.2365093011554,0.1486035611531,-0.2772425595936,0.1877455667286,0.0773217593000,0.3269332064368,-0.0195366438285,-0.2010628645375,-0.1405412316826,0.0537185588020,-0.2070299604811,-0.2402842761710,-0.1544472412905,-0.2315698838705,-0.1519952582145,-0.2354074194471,-0.0517925030864,-0.3167666068011,-0.3353171139087,-0.3237885115638,-0.2122250743424,-0.3160306040630,0.0040828554042,-0.0351859343011,0.6280009906799,-0.3051080224879,-0.0537497692621,0.0710567499900,-0.1767471829147,-0.1712181488049,-0.1849107201593,-0.3201516299643,0.4395297238632,0.1368072496161,-0.2105780514308,-0.2360636305116,-0.2457312614424
0.6030219738048,0.3342229348335,0.7672931742032,0.5420199620298,0.7657769376941,1.0000000000000,0.8263746747558,0.3315963993630,0.3317302250882,0.1470936095437,0.0923665107440,-0.0052696538796,0.0332161379737,0.0690432831151,0.1424773949859,0.2839126071061,-0.0197394155042,0.1326690696940,0.1425749807617,0.0548466087283,-0.0379136157194,0.0009667916272,-0.0311826378707,0.1709052123235,-0.0169302745439,0.0774471373560,-0.0084912536314,-0.2260518499689,-0.2129573826811,-0.1588645801447,-0.0462360318192,0.0111651765923,-0.1341880615474,0.0518419294144,0.3300600374151,0.3998530874557,0.0480635856091,-0.0809828392312,0.4993437005510,-0.0540165721910,-0.2400604920755,-0.0414313609207,-0.0695431227147,-0.1113253643014,-0.1357691242794,-0.0264775850580,-0.0877081631597,0.4262688424847,0.1903958242701,-0.0985088218299,0.6043469577704,0.3544712220165,0.3188243009656,0.8244389663381,0.8749138455364,0.7246338876565,0.0636575448960,0.2339153002001,0.2657176029022,0.3520116023385,0.0576583019158,0.0942058440426,-0.0614133988105,-0.0720827332913,0.0521673127319,-0.2000908428899,0.1304414495704,0.1543010332272,0.4061753250946,0.0655464042151,-0.1441769068098,-0.2186805740800,0.1939047579829,-0.0377950467715,-0.2710109185972,-0.1097444252626,-0.1749970626177,-0.1819182376615,-0.1766826893995,-0.0466887343201,-0.2803140443162,-0.2482896956683,-0.2781120020480,-0.2557470353428,-0.2562733834140,-0.0909137804051,-0.0416243927653,0.6682211000499,-0.3287374421076,-0.1124763387861,0.0863971741617,-0.2164253925727,-0.1926123179132,-0.2106275966338,-0.1916117102865,0.6383251063681,-0.0742907356039,-0.1650333480797,-0.0886794532125,-0.1634455864510
0.5392673194869,0.2823890902854,0.7270206028925,0.6753647090143,0.6896124151598,0.8263746747558,1.0000000000000,0.5150737986413,0.4183778881623,-0.0506146113402,-0.0803173139984,-0.1428807886124,-0.0629525068497,-0.0176925186531,-0.0201071740468,0.4107677673650,-0.0064038526092,0.2314997555015,0.1290389556399,0.1838615547000,-0.1128281743081,-0.1541514532238,-0.1739221353813,0.1515246685872,0.0365724968914,0.0780922041140,-0.0803322898745,-0.2298785982567,-0.2660161358735,-0.2806893288598,0.0152252062231,-0.0518235038075,-0.0862211181764,-0.0312820668110,0.3847856266932,0.4408802030956,0.0564804174594,-0.0156565707270,0.4346053139818,-0.1627921368075,-0.4210951121400,-0.2327066326020,-0.2016167307953,-0.1548594104481,-0.0477457700195,-0.1165316626664,-0.1663637590251,0.2400329779495,0.0246140908957,-0.2949053378861,0.5701170757774,0.3577483018857,0.4715475504810,0.8190773734821,0.7887163281856,0.9011802854187,0.1034665466726,0.3032830755814,0.4246907368623,0.4389250520599,0.0154449515367,-0.0949642074238,-0.1581580231671,-0.1082791856595,0.0613269120335,-0.3023082427659,0.2780940652244,0.2315861517608,0.4955002010050,0.2762183190013,-0.0511073171494,-0.2657486084006,0.2363582721800,0.0220743692775,-0.1419759390891,-0.0562241053211,-0.1897732240543,-0.2266787517953,-0.1569339582391,0.1151520088717,-0.1953471014343,-0.0865851194567,-0.2519726305365,-0.2613708284936,-0.1035154433237,-0.0560847650152,-0.0238294526508,0.7232378435661,-0.4305221401971,0.0459514244785,-0.0189515392157,-0.3452112535026,-0.2263063959439,-0.2346494125852,-0.1583927665507,0.4609717290330,-0.1277978873356,-0.1393675674548,-0.2046167311746,-0.3195598960048
0.1808911480426,0.1367572954246,0.4231651358609,0.4576256142099,0.1707613455798,0.3315963993630,0.5150737986413,1.0000000000000,0.6993712220887,0.1871133228863,0.1857040401586,0.2446544260297,0.3205727742034,-0.0363098771934,-0.0454870261942,0.3766540230089,0.5271966674263,0.6571533308495,0.4128900222590,0.5717380296541,0.2691559949572,0.0715640143177,0.0314731600582,0.3588873424215,0.4561528758889,0.1407519646678,0.2129175367237,-0.1485925322471,-0.1619594556842,-0.1256294872860,0.2613523319965,0.2033684914938,0.3499646695926,0.0374532541873,0.0514295591018,0.1601679068739,0.2144148648098,0.1924035343286,0.0988419403199,0.0380995743176,-0.1484259420464,-0.0256457759891,-0.0464991438262,0.1286582124368,0.2055776337934,0.0953336498896,0.1369757897464,0.0156160404457,-0.1785975076554,-0.0531036592786,0.1856853521799,0.1569369974269,0.2883604517940,0.4634167455809,0.2875263666668,0.5042938187402,0.5146769009543,0.6493950286717,0.7361587848133,0.6634712053142,0.1971120614100,0.1510564520870,0.1970960795478,0.2032042431030,-0.1022607155684,-0.3733563594483,0.1877707838039,0.6011553173057,0.5300534046181,0.6422292452869,0.3169321887276,-0.0057241673059,0.4651381539095,0.4804580580203,0.0476980955804,0.0133040920275,0.1229474529159,-0.0428925560359,-0.2328545222730,0.4694358280220,-0.0675316322309,0.2015068747184,-0.3267413221254,-0.2059922131121,-0.0198396222571,-0.1801459929462,0.1243686019094,0.3050615248045,-0.3599927925752,0.0762659901717,-0.1499238021795,-0.1581123762930,0.0200584330357,-0.2301125314594,-0.0933163344007,0.0919699738485,-0.3392271923856,-0.1455640843043,-0.0577330526717,-0.2479922668454
0.0040977343939,-0.0545141242647,0.2455605749328,0.2404283915726,0.0619655007545,0.3317302250882,0.4183778881623,0.6993712220887,1.0000000000000,0.2831423289038,0.4026586586064,0.4228431604273,0.3545468291704,-0.1709200737826,-0.0213939471997,0.2394090342794,0.4294649841296,0.4328677897220,0.4381890901998,0.5989750779544,0.3088827821296,0.1684199741178,0.2264495573722,0.5965659917660,0.6401133269148,0.2902561151003,0.4352785121439,-0.0907995135612,-0.0300339667374,-0.0396346807156,0.2636952386012,0.2538709712542,0.3248262020300,0.1388865421023,0.1488251151830,0.2140692414688,0.4091646640062,0.2552185552987,0.1406715090741,0.2244009992911,0.0272179952977,0.0472186520859,0.0677058038792,0.2452452469846,0.1280367642173,0.2013662891558,0.1491929145328,0.2021168036791,-0.0861878501989,0.0896434682032,0.0130054922633,-0.0151963816395,0.0519730190216,0.3361554868397,0.2537717860921,0.3017571101489,0.5483232972861,0.4694912076148,0.5813973165090,0.9191902875004,0.0866785890597,0.3110099747396,0.2820244576569,0.1992363431231,-0.3246958219980,-0.2397425761670,0.0511421838712,0.4091540354321,0.4763726958890,0.5020832452394,0.2190368967144,0.1004276069784,0.6737298617333,0.6122107836391,-0.0525755029042,-0.0046903060923,0.3240985581362,0.0604694726332,-0.1898754258470,0.3001645442694,-0.1486120690255,0.1618018751651,-0.3188182431922,-0.1267238700896,0.0051387459399,-0.2362524765941,0.3315504016712,0.2286228868326,-0.2279534964037,0.0234663298628,0.0216911772632,0.0644723034687,0.1523563680058,-0.1440762711081,-0.1570629221271,0.2064139369403,-0.2963831317633,-0.2006620016418,-0.0509492768862,-0.0779059553397
0.0495722164188,0.0582307919547,-0.0542214580461,0.0108688921768,-0.0067697653794,0.1470936095437,-0.0506146113402,0.1871133228863,0.2831423289038,1.0000000000000,0.5036008191431,0.6238662327737,0.5056608314841,0.3259357012536,0.5831622354823,0.0362416910158,0.3584769747880,0.1487193244054,0.2277109845818,0.1273248035688,0.6504114125301,0.5165741056556,0.3193484047533,0.2677809029450,0.3246192093613,0.1812328162078,0.3894253471801,-0.0403102853174,0.0977730218293,0.1846954715247,0.1361909906444,0.3606163207483,0.2660126557310,0.2442306133269,-0.0500695239948,0.1611898478260,0.1311117051528,0.1376249845335,0.1618970363894,0.3905244873105,0.5703711091332,0.7455124603163,0.3744052701142,0.3826375882638,0.2182288066400,0.4240042109466,0.4313440005933,0.1754750265248,0.1791483747800,0.6586545221763,-0.0965014462563,-0.1817134729497,-0.2560884062235,0.0074614869326,0.0447379900927,-0.0714615958949,0.2493500246850,0.0387858608938,-0.0316107192207,0.1484960396128,0.5146661844263,0.3944272760937,0.2995111103985,0.2019861320599,0.0088960713193,0.1425975827701,-0.1401782716891,0.0463712035602,0.0838089531233,-0.0454743847311,0.1402219035172,0.2008083502934,0.2200493663958,0.2866718176362,-0.1147428258732,-0.1374009597285,0.1563660026024,0.1378877986132,-0.1752600437646,-0.0624679208470,-0.1391246459471,-0.0895959395597,-0.1497398050021,0.0319019287724,-0.1589587161651,-0.1662158990009,0.0690159499999,0.0366239095718,0.0966798269723,0.0207299190442,0.2555845193688,0.2895271817420,0.3289843197890,0.0239699097769,0.0381955478691,0.1865564269459,-0.0254285700648,0.2019578370669,0.5346649739135,0.4238394223529
0.0298628813348,-0.1540619939009,-0.0823421651195,0.0989524510322,0.0465386520529,0.0923665107440,-0.0803173139984,0.1857040401586,0.4026586586064,0.5036008191431,1.0000000000000,0.8025303884449,0.5170642399377,0.2163135282952,0.4469417883312,0.2202424690873,0.6146987973676,0.3856083977987,0.5186994469381,0.4097474708546,0.6017838588449,0.6824690633526,0.7668929648023,0.6623549551972,0.4140913826135,0.5930362350126,0.7647733820262,-0.0504287801580,0.1031593319387,0.2648986018934,0.4833322947280,0.6013333328139,0.4677780539462,0.3734936132606,0.1600561357062,0.1392174261672,0.4659488775240,0.4191221129179,0.1143786801225,0.6809121768929,0.4205335154243,0.3805772807510,0.5221260871398,0.5171196800249,0.1413738222945,0.4862697206216,0.4023552002514,0.4387250957554,0.3029797816416,0.5845998634738,-0.0948835829793,-0.3248308317136,-0.1246528249555,-0.0105801949533,0.0356226107383,-0.2090913356697,0.2352392627072,0.0309475639018,0.0356717109834,0.2846109374342,0.0151280565315,0.8260649044827,0.4543710523691,0.2774435251748,-0.1875682367104,0.1846673824882,-0.1397872434015,0.2711152378599,0.1464757629806,0.0681192654150,0.2020895771199,0.4690846338311,0.4922949159176,0.3664053501339,0.0070001942682,0.0431490630194,0.5491819871549,0.2556981278081,-0.2133057303632,0.1967610513579,-0.2412691677841,0.0218868043794,-0.2663845281513,0.1771041609729,-0.0536486453450,-0.2683888662548,0.4493802645250,-0.1172469000048,0.2001542144138,0.0740647215555,0.3579912334727,0.5207211982322,0.5490052953285,0.1052222810411,-0.3627199700302,0.2864290888541,0.1130829180417,-0.2389923215859,0.1515571321829,0.3118546937068
-0.0137917461338,-0.1354382092794,-0.1840369599096,-0.0036816878177,-0.0372766637950,-0.0052696538796,-0.1428807886124,0.2446544260297,0.4228431604273,0.6238662327737,0.8025303884449,1.0000000000000,0.5305776550216,0.2412933810408,0.4201723200231,0.1510450401829,0.6445620330858,0.3798413816373,0.4662649774025,0.4100296672732,0.7241219350094,0.6784380688868,0.7710334411451,0.5837489835664,0.4927893982897,0.5170630601446,0.7363736330086,0.0541301357311,0.1767036813799,0.2498728913821,0.4070400320052,0.5893297328954,0.4751046779785,0.3833209445089,0.1374995618314,0.0833174306101,0.4358866236958,0.3269336851451,0.0355257658445,0.5651807034699,0.4445760161258,0.4190659229458,0.4567673544238,0.4484901236231,0.1394507249480,0.4916057580452,0.3886591558249,0.3160805052760,0.2878179666931,0.5633967062027,-0.1740523187089,-0.3845503639757,-0.2605756829669,-0.0875633248088,-0.0319095451351,-0.2280923338563,0.2699496346461,0.0234064174654,0.0530909335180,0.2584966517405,0.1947683265406,0.6892665373456,0.5703816559057,0.2244272224947,-0.2167527616698,0.0672933583515,-0.1576138630908,0.2205848987956,0.1309136192754,0.0869656278794,0.3174888718655,0.5679395447807,0.5010346862930,0.5011301506804,-0.0145134940032,0.0092813396123,0.4554957111328,0.2639662301597,-0.1713005675930,0.1300780052391,-0.2797690996857,-0.0152236256712,-0.2766484967208,0.0997432677644,-0.1398738331846,-0.2454140619215,0.3956279910587,-0.0829297484589,0.1171286090839,-0.0122717979132,0.2440413598984,0.3758066244602,0.3899362506319,0.0369429104317,-0.3186362183525,0.1816420286642,0.0580609427030,-0.1169321725626,0.1440962176649,0.2884821318985
-0.0389080660664,-0.1372798551009,-0.0928128993785,-0.0284733159157,-0.0893512292085,0.0332161379737,-0.0629525068497,0.3205727742034,0.3545468291704,0.5056608314841,0.5170642399377,0.5305776550216,1.0000000000000,0.0754422435477,0.3601417383091,0.0333585546589,0.5791723771618,0.2813770803513,0.3119170743774,0.3068155406876,0.5274481862386,0.3278093663656,0.3395652102465,0.3546820164065,0.4300018529441,0.1647810893819,0.3806796314502,-0.0253033395876,-0.0194970480225,0.0883092003028,0.1233213894448,0.3204954689475,0.4446197572120,0.0356095200863,-0.0787374695782,0.1086532837334,0.2578910204359,0.1821477309640,0.1147835351756,0.3238030939022,0.3085421217225,0.3224713415106,0.2693457560618,0.3674352055195,0.1642966602574,0.1863938683133,0.2332340324596,0.2031930048940,0.0346523982274,0.4427803199060,-0.1357153193630,-0.2109674833486,-0.1913283616117,-0.0644433144222,-0.0294207970753,-0.1199037813921,0.5754373303776,0.2289777233120,0.1750741610688,0.2927226624239,0.1984588212032,0.5042566110098,0.4625469243271,0.8068557359828,-0.0865535976657,0.1443782401151,-0.1806330331683,0.3615371116603,0.1323751718828,0.1825394571954,0.2198857006360,0.2205413729171,0.3646104284724,0.4101452518575,-0.1608804216134,-0.1349653969622,0.2751786185954,0.1298739285089,-0.1785561937593,0.1529227095169,-0.1317060806172,0.1698325649089,-0.1570743359783,-0.0115886772573,-0.0211634409891,-0.2975010485618,0.2093465167317,-0.0590513169203,0.0490678233879,-0.0322400448117,0.2645221621993,0.2467856767451,0.3801551681582,-0.0551807101119,-0.0600975509923,0.1854739464768,-0.1075790615850,-0.0514020815518,0.2280348620080,0.3390874560570
0.5318212141037,0.4946309932783,0.0430842027405,0.4567679540669,0.3590017776669,0.0690432831151,-0.0176925186531,-0.0363098771934,-0.1709200737826,0.3259357012536,0.2163135282952,0.2412933810408,0.0754422435477,1.0000000000000,0.6959193939382,0.4248000094594,0.1805060673734,0.1779067391791,0.2368369525677,0.0090235672033,0.4407314091128,0.4318277282610,0.3026632107415,0.1843270879949,-0.2067541839264,0.3003918364090,0.1884031696999,-0.0157991591067,0.2538298628118,0.2930203978438,0.2716461584334,0.3394391673012,0.1180373544126,0.2248533715536,0.0821186421597,0.1182665705279,-0.1016585518095,0.0671691474688,-0.0123414942515,0.3041807995287,0.3331737431220,0.3779398998458,0.3038965740179,0.1187825071849,0.0116661576816,0.2019837334613,0.2528375801629,0.0759264528522,0.5534678283161,0.3898874036297,0.3457339188025,0.0392113067580,0.2839152307289,0.0182456644146,0.0085717045767,0.0255336518537,-0.2682969510019,-0.1582327024522,-0.2078351742099,-0.2852579306449,-0.0007157262778,0.1382437126372,-0.1639094870941,-0.1508890874222,0.4849226260003,-0.0792732561051,0.1364836347669,-0.0905274027408,0.0680523426518,-0.1574632120094,0.0056130354003,0.0761377718087,-0.0490918705383,-0.2043454548655,0.0085924747333,-0.0853486142057,-0.1241026616580,0.2188361686860,-0.0223042634537,0.0289244862199,-0.1220648833234,-0.2378725852161,-0.1409668173959,-0.0195780926594,-0.2762016155314,-0.0824053633580,-0.1601720314817,0.1457213490425,-0.0157612327078,-0.0064602156119,0.0311414503777,0.1513364813306,0.0698903800772,0.0091192547219,-0.1752902368163,0.0003898921619,0.4479738444083,0.0086918865548,0.1269665169997,0.2305388158571
0.2705751715808,0.2162693887367,-0.0731335769030,0.2449737836529,0.2283677446620,0.1424773949859,-0.0201071740468,-0.0454870261942,-0.0213939471997,0.5831622354823,0.4469417883312,0.4201723200231,0.3601417383091,0.6959193939382,1.0000000000000,0.3153137725255,0.2857080085145,0.1583761835869,0.3116198021765,0.0944912547434,0.6325038472256,0.4262133449755,0.3988720192316,0.3900841373078,0.0181087461398,0.3655406873234,0.3504585245010,-0.2009863690563,0.0967874068312,0.1444475403360,0.2741218246075,0.4532532169224,0.2238773658483,0.1348252633796,0.1285897780204,0.2803430184701,0.0679840982620,0.2093776776109,0.2072586747047,0.4111396149784,0.3819993441368,0.5235548215733,0.5453053382285,0.3177567321908,0.1261053414234,0.2194694916609,0.2946623676662,0.3455812902944,0.4667774341971,0.6925940361136,0.0525847463448,-0.2449257626889,-0.0697378433739,-0.0368820441958,0.0593613560041,-0.0839423168240,-0.1618818532042,-0.2625191703895,-0.3180006633032,-0.1684777112203,-0.0257371166154,0.2465720396954,-0.0978531840637,0.0399138087668,0.2068517099373,0.2060782832175,-0.0666119385345,-0.1327780862608,0.0327447150177,-0.2508736006264,-0.0614659885657,-0.0073731202083,0.1067143932361,-0.0972614752516,-0.1676144999172,-0.1826069845989,0.0175288267831,0.0165689105960,-0.2183036902265,-0.1480997660933,-0.2608068042796,-0.3018207957040,-0.2719697373554,0.0498445859668,-0.2500173399896,-0.3303894705527,-0.0014786348751,0.0679356668902,0.1705965448686,0.0382643929806,0.3204859414684,0.2311964183578,0.2757208370045,-0.1080282122293,-0.2093517966565,0.2549206618499,0.2127830228191,-0.1088062687950,0.2510458347726,0.5579368437100
0.3833277944812,0.2469446606719,0.3045501241187,0.6607013467229,0.4126729085448,0.2839126071061,0.4107677673650,0.3766540230089,0.2394090342794,0.0362416910158,0.2202424690873,0.1510450401829,0.0333585546589,0.4248000094594,0.3153137725255,1.0000000000000,0.2729891282861,0.4059961155170,0.5343042925334,0.4523999739293,0.3432155840365,0.2311421382458,0.2519903880261,0.3899493642819,0.0898380628129,0.4795457178263,0.2982356332083,-0.1901489055335,-0.0624477151980,0.0536234624593,0.6051453901669,0.4398966832383,0.4406259712563,0.2662183587071,0.5037960351206,0.4555867016271,0.1982546439141,0.3734944550188,0.2787820796087,0.2052489608578,-0.0586291129994,0.0388595223678,0.3693227895679,0.1462522406521,0.2833060183798,0.1479123816577,0.2633618054524,0.2049269557464,0.2363849748590,0.1641803906876,0.3000667870571,0.0578063616876,0.4431284159488,0.3161267248707,0.2245029433250,0.3409073535382,-0.1229858809219,0.0274220662018,0.1623146133212,0.1070907715684,-0.1894310051641,0.0348168233539,-0.2098714403040,-0.1457139546049,0.0689138344506,-0.1613135605544,0.6474922343314,0.1387676296487,0.4987683272095,0.2887225343578,0.0185378634272,-0.0517190376831,0.2124343917144,0.0114588089263,0.2047096388976,0.1082554335194,0.0978123623318,-0.0114204863549,-0.2414199933210,0.3881349852116,-0.0556500379488,0.0155067162262,-0.2876304344963,0.1616784949865,-0.0133818952653,-0.0768180147751,0.1533771094474,0.4455952732494,-0.0972433655132,0.3358545531649,0.1215559244334,-0.0088021760319,0.0697923656176,-0.1842643554793,-0.3301697099789,0.1406580682477,0.0267890269600,-0.3023691030426,-0.1843469638286,-0.1412723871241
-0.0003113924449,-0.1297985282776,-0.0375569710322,0.2106144362809,-0.0191404742015,-0.0197394155042,-0.0064038526092,0.5271966674263,0.4294649841296,0.3584769747880,0.6146987973676,0.6445620330858,0.5791723771618,0.1805060673734,0.2857080085145,0.2729891282861,1.0000000000000,0.7511428313159,0.6002920173802,0.6635704194928,0.6679817605441,0.4394990998311,0.5455028056026,0.6284328528984,0.4821401256057,0.4154365120006,0.6037550388106,-0.1092890487561,0.0159040946923,0.0527420317786,0.4656595269171,0.4910658577269,0.5629295994004,0.1903980720143,0.0142930514751,0.0476124483373,0.3719077515786,0.3676456854383,-0.0321329747282,0.4807631557392,0.2057784884069,0.1826612902008,0.2819757092899,0.4093655643758,0.1210651871206,0.2696011351914,0.2285448998282,0.2068583863103,0.0795441862103,0.3601826279486,-0.0573272147062,-0.2689514862778,0.0206227984838,0.0296052284653,-0.0258400310753,-0.0437387560368,0.4901573005814,0.3583767365006,0.3882014807035,0.3575600273887,0.0412606981676,0.5664814160035,0.4572487452826,0.3929180809907,-0.1460949718980,-0.0859770696061,-0.1452032963095,0.6456064408160,0.3444475988587,0.4387580226097,0.4831868139982,0.3869469163033,0.5545000384867,0.4992444418389,0.1080154785094,0.0441987033431,0.4226687232348,0.1390899123251,-0.2144873132962,0.4713652552009,-0.2293729819653,0.1915533979397,-0.3308552863299,-0.0323167180037,-0.0636424792879,-0.3171977069545,0.3047272765697,-0.1407576501390,0.0047527254751,0.0592536955245,0.0921130339362,0.2742692287005,0.4193173637900,-0.1114552138900,-0.3484958421765,0.0281383482402,-0.1208583763067,-0.2622290578112,0.1028067329548,0.1500851393864
0.1576484520737,-0.0033522421279,0.1149639478086,0.3898580885082,0.1687849069250,0.1326690696940,0.2314997555015,0.6571533308495,0.4328677897220,0.1487193244054,0.3856083977987,0.3798413816373,0.2813770803513,0.1779067391791,0.1583761835869,0.4059961155170,0.7511428313159,1.0000000000000,0.4905944718773,0.7359413255643,0.3805573555046,0.2184570266561,0.3669723138743,0.5861632688217,0.4365670646165,0.3772883557708,0.4723501369050,-0.2320735616915,0.0097728289340,-0.0568593812722,0.5384588598890,0.4094226718757,0.4518887606761,0.1316213104835,0.0487450325289,0.0193710052620,0.2598318555414,0.3718291130493,0.0187571703617,0.3314973521253,-0.0082809362962,0.0634205652309,0.1392964103711,0.3471759009805,0.1674747405063,0.1927671080155,0.1840294560969,0.1023107048450,-0.0149814764611,0.1822103244330,0.0853190350545,-0.1860565176780,0.2543326945244,0.2318539611869,0.1634056945448,0.2188159365133,0.3445225313243,0.4549526553705,0.5561419744484,0.4271352794150,-0.1147460118930,0.3026821221699,0.1455325357724,0.0990455294829,-0.1295347081997,-0.3684220851429,0.0292108005346,0.7242221768503,0.4070739951123,0.5965332351251,0.3055587848663,0.0832191898249,0.4998015661852,0.4111781165243,0.1172774687202,-0.0001326869496,0.2574901225208,0.0203533157673,-0.1699781117345,0.6281106596352,-0.2426790270725,0.1140403236344,-0.4537028322958,-0.1423421764822,-0.0806075458327,-0.3478587898196,0.1975485215203,0.0054401815590,-0.1783306691423,0.0611575974803,-0.0469604663371,0.0441015206209,0.2030161657721,-0.2347382068489,-0.4022927037239,-0.0127837841484,-0.1452817366795,-0.3806910820906,-0.0847709670208,-0.0796683157723
0.1516426122923,-0.0650736082242,0.1349700882672,0.3497509823391,0.1944654265248,0.1425749807617,0.1290389556399,0.4128900222590,0.4381890901998,0.2277109845818,0.5186994469381,0.4662649774025,0.3119170743774,0.2368369525677,0.3116198021765,0.5343042925334,0.6002920173802,0.4905944718773,1.0000000000000,0.5946489395427,0.5244937992582,0.3803734636910,0.5118805903515,0.6074854938314,0.3231554299219,0.4673646735495,0.6093082112959,-0.1933324065060,-0.0253383304961,0.1184828244266,0.3913048006599,0.5045061814430,0.4578992665189,0.2491499690678,0.2329136498665,0.2779819002996,0.3368073870583,0.3205851535797,0.0276313659475,0.4489250441762,0.1365385369955,0.1185496167463,0.4360704653186,0.2746694127707,0.0863905514157,0.2603870503182,0.2294965974796,0.2539501641646,0.2005083170571,0.3299246372874,0.1063731214354,-0.1973721878932,0.0864429059591,0.1798565960922,0.0976971487522,0.0804865778018,0.1926803817227,0.1850958896974,0.2598526630548,0.3007673501295,-0.1793326307425,0.3956089792147,0.2024296134815,0.1273541647780,-0.1368466029565,-0.0808645318547,0.1682497966891,0.3276152629673,0.6082556464708,0.3493533528044,0.2073428623104,0.2107377544544,0.4359080962046,0.3228036958060,0.1159233369415,0.0414123420360,0.3966752281546,0.1076207595521,-0.3208956205864,0.2505361870936,-0.2723248046407,0.0442559746100,-0.3528488221041,0.1191129454463,-0.0963521547518,-0.1894814821368,0.2932183225519,0.0945186265468,0.0591061656249,0.1165847969833,0.0856713560463,0.2511705433163,0.3435765443657,-0.0633389660665,-0.3770949197141,0.1388719161650,-0.0754146962451,-0.3649818374773,-0.0238383775821,0.0545634811198
-0.0739683745726,-0.2244981925851,-0.0003899428224,0.2099097879264,0.0007839546963,0.0548466087283,0.1838615547000,0.5717380296541,0.5989750779544,0.1273248035688,0.4097474708546,0.4100296672732,0.3068155406876,0.0090235672033,0.0944912547434,0.4523999739293,0.6635704194928,0.7359413255643,0.5946489395427,1.0000000000000,0.4023551131060,0.2232257929578,0.4350748682326,0.7163738264853,0.7268004095242,0.4293206795282,0.6032804031417,-0.1601340435250,-0.0324854383083,-0.0085135344604,0.5924085582615,0.4395753307034,0.6303311696441,0.1820810323323,0.1673294916944,0.1702796232560,0.4507131491411,0.5353732627271,0.0641803516074,0.4295220261747,0.0267660490445,0.0253198540077,0.1698924101542,0.4358145316433,0.2833366578653,0.2911056298516,0.2454105823335,0.1979860131185,-0.0403874506242,0.1724253665614,-0.1131764896980,-0.2531775479328,0.1036708749410,0.0844013832973,0.0419893304954,0.0501494496413,0.4052446836911,0.2772550595005,0.4655642652485,0.5629044949451,-0.1921508181512,0.2479842200248,0.1542280793794,0.1760393689317,-0.2547586843152,-0.2037958455397,0.0981838113447,0.5198356904945,0.4369913587765,0.6830439112428,0.2776666631320,0.1938306158369,0.6190845220657,0.6093085362463,0.1570944384133,0.1215426022066,0.5580128298451,0.0848046310616,-0.1896588187917,0.5692729751334,-0.1023215006447,0.3439898237951,-0.3421289856895,0.0175134002351,0.1773602049756,-0.2358697041202,0.3951763019333,-0.0377252502302,-0.0917237299376,0.2503644965627,0.0765350710011,0.2232801665924,0.3806246331886,-0.1118097593422,-0.3228624223318,0.0456695388195,-0.1551631784760,-0.3827814767009,-0.1018285863117,-0.0551759197539
0.0585009194824,-0.0190612109081,-0.1079116712432,0.1644303653498,-0.0219606564908,-0.0379136157194,-0.1128281743081,0.2691559949572,0.3088827821296,0.6504114125301,0.6017838588449,0.7241219350094,0.5274481862386,0.4407314091128,0.6325038472256,0.3432155840365,0.6679817605441,0.3805573555046,0.5244937992582,0.4023551131060,1.0000000000000,0.6461626660389,0.6146774434804,0.5116394180782,0.3442110943670,0.5589394040166,0.5986339525305,-0.0230156736190,0.1553079264277,0.1507978820596,0.4378046538984,0.6676578327066,0.5169972623028,0.2705685108651,0.1558375693489,0.1489266675866,0.3262981476217,0.2773399386334,-0.0242054611642,0.4640435216381,0.4251212230122,0.4387431187622,0.4912765538991,0.4060372466479,0.2370384053899,0.4029119035992,0.3736365536615,0.1217802497035,0.2326389759244,0.6197009915481,-0.0967911222720,-0.3157849363381,-0.1403127764901,-0.0546917812976,-0.1507570356720,-0.1499212429800,0.1565449806410,-0.0330475864251,-0.0114621652833,0.1132322155959,0.1762262894155,0.4653315498036,0.3237425463522,0.1923594190047,-0.0620083571237,0.0122490135283,-0.0193110359272,0.1312581588139,0.2240607593118,0.0941131374839,0.4235227848491,0.3894134091672,0.3565171796680,0.3227877767288,0.0708448634604,0.0417481821769,0.2597877470713,0.2011244172221,-0.2186807993484,0.1473522267872,-0.2020130463654,-0.0422347603557,-0.3582416935493,0.0350714501053,-0.2208686126026,-0.2931736375047,0.2766726224786,0.0417189113993,0.1176875642520,0.0109837627192,0.1738180594017,0.2483251064038,0.3243774093381,-0.0922134637178,-0.2170297229071,-0.0193373178277,-0.0264728681304,-0.1093741245041,0.1875028003511,0.3866977623144
0.1244366501412,-0.0015600024558,-0.1180699816171,0.1068662128410,0.1255055758061,0.0009667916272,-0.1541514532238,0.0715640143177,0.1684199741178,0.5165741056556,0.6824690633526,0.6784380688868,0.3278093663656,0.4318277282610,0.4262133449755,0.2311421382458,0.4394990998311,0.2184570266561,0.3803734636910,0.2232257929578,0.6461626660389,1.0000000000000,0.6693269453588,0.3773474592274,0.2324267207283,0.5512115848535,0.6233138492954,0.1852779015327,0.2760564647310,0.4312186172282,0.3831377185678,0.5318753916162,0.3121340910658,0.4184572369133,0.2226713576553,0.1007277840187,0.3672377033611,0.2921325257499,-0.0048485092323,0.5915470227576,0.5698357133051,0.4056042624448,0.4575135442124,0.4034608134004,0.1424949662330,0.6460453196985,0.4302621092736,0.2562665971908,0.4777830815138,0.5156062271478,-0.0135476066895,-0.2643995638247,-0.1422321442669,-0.0709826558655,-0.0709919139975,-0.2213230833645,0.0473833836418,-0.0853208709843,-0.1364585738394,0.0140463274764,0.2695532363692,0.5849603881051,0.3871444461508,0.0897157702778,-0.0446593931809,0.1239453516843,-0.0248198732522,0.0447656700674,0.1016923514704,-0.0409143592548,0.2671982038236,0.5904875434699,0.2597985020206,0.2327764780939,0.1105424716936,0.0280717644266,0.3448248133294,0.4417811079761,-0.1190719937934,0.0367958316957,-0.1890454586377,-0.0761060498894,-0.1255346808922,0.1855052279514,-0.1468142792025,-0.0334626284293,0.3641906943591,-0.0132396923598,0.2131995618365,0.0686225202105,0.2032613386546,0.4610575369006,0.3784023482418,0.2118315816668,-0.1679130444695,0.0970524318745,0.2585059272476,0.0312406298430,0.1292781722789,0.2788112108045
0.0729520357326,-0.1974381556798,-0.1732068572730,0.0567061005440,0.0685675678840,-0.0311826378707,-0.1739221353813,0.0314731600582,0.2264495573722,0.3193484047533,0.7668929648023,0.7710334411451,0.3395652102465,0.3026632107415,0.3988720192316,0.2519903880261,0.5455028056026,0.3669723138743,0.5118805903515,0.4350748682326,0.6146774434804,0.6693269453588,1.0000000000000,0.5943411054709,0.3244824204065,0.7210173220843,0.7840476680914,-0.0206819130927,0.1983220908393,0.2454474281782,0.4931565936861,0.7340725832070,0.5127982252845,0.4680718253451,0.2265899294706,0.1217235759340,0.3965475883188,0.3431065357103,-0.0478647896167,0.5991788462427,0.3455305757394,0.2771291341803,0.4122098167414,0.4058576300716,0.0947137676490,0.5381055097113,0.4188992959649,0.2850395937060,0.3334157599103,0.4936148284250,-0.0640509347437,-0.3782253589681,-0.1138854395919,-0.0793278969415,-0.0468901195272,-0.2795432092179,0.0109473046039,-0.1554288917673,-0.0907565937860,0.0851741512409,-0.1411640022605,0.6603935652462,0.4112060569148,0.0906505685767,-0.1724231401074,0.0108994824564,-0.0630404445170,0.1504940457587,0.1364140880257,0.0454221749595,0.2174656271261,0.6013948957203,0.3868532693905,0.3055133266482,0.0907683900938,0.2431705523942,0.5148332599177,0.2716554797402,-0.1216856988395,0.1789357333876,-0.1872433253162,0.0365956244572,-0.3059160265268,0.1377125919996,-0.0959181512077,-0.1479592317836,0.3819099619610,-0.1114297648146,0.1582382889978,0.0432294229567,0.2110532080716,0.3946098428376,0.4199404756805,0.1390046937795,-0.3899774421931,0.1265744679964,0.1822709519931,-0.3123771692871,0.0180013405232,0.2465819001819
0.0380648790811,-0.1384199599488,-0.0294880417494,0.2076772560401,0.1197634736113,0.1709052123235,0.1515246685872,0.3588873424215,0.5965659917660,0.2677809029450,0.6623549551972,0.5837489835664,0.3546820164065,0.1843270879949,0.3900841373078,0.3899493642819,0.6284328528984,0.5861632688217,0.6074854938314,0.7163738264853,0.5116394180782,0.3773474592274,0.5943411054709,1.0000000000000,0.5452402460232,0.5529995870732,0.7281344949973,-0.1903271754553,0.0716715116519,0.0569594011603,0.6314319656496,0.4696145229234,0.4291432951021,0.2226938625945,0.2468613546150,0.2078442754807,0.5650775397780,0.4975098800320,0.0907238122435,0.5334557182818,0.1556942236396,0.1384566712438,0.3817834378975,0.3898003617299,0.0867491763759,0.3192021807045,0.1961292008140,0.4069511390381,0.2604691588984,0.3703641743400,-0.0531742787866,-0.3501696943142,-0.0252808684773,0.0791527802152,0.1346076663797,-0.0375936548750,0.2612080349909,0.0778416681671,0.2152292407694,0.5248908079016,-0.2338164432755,0.4500039200819,0.1741591888949,0.1133282755880,-0.2474970002331,-0.0447423060975,0.0025974022286,0.3372167464835,0.3323280586702,0.3268548396733,0.1523544113948,0.2443246823415,0.7889048126025,0.4760654072680,0.0235283614106,0.0390160688321,0.5486711143165,0.1038221855769,-0.2175405001413,0.3810324529162,-0.2353418506628,0.0352338148298,-0.4094895956110,0.1038596973281,-0.0200826738317,-0.3075648809760,0.5262593321295,0.0366836556140,0.0737760874577,0.1773898814576,0.2019888774888,0.2888051909185,0.4133213592828,-0.0799836239996,-0.4295645169211,0.2729817620667,0.0163206633618,-0.4282223380189,-0.0261019097359,0.2018875967900
