1.0000000000000,0.2071969881490,0.6094283105876,0.5633667492393,0.7501177798679,0.5597144987067,0.4964226990719,-0.0728022357027,-0.0380061680251,0.2257455207135,0.2393709928204,0.2894003057251,0.1668619948617,0.3803689687492,0.3577719933822,0.3157325618426,0.1154185808360,0.3094311890536,-0.1369978820342,0.0532784268738,0.0853398510546,0.1146241498501,0.1961058831292,0.2444814781818,-0.0734614308617,-0.3375492298259,0.1197318036638,-0.0547380142269,-0.2689709469786,-0.2111036121600,0.0723080346849,0.0591233879423,0.2161616402749,-0.0624661346834,0.1825012017746,0.1436939343011,0.1345872723110,-0.3521502900195,0.1093114552853,0.1058458242162,0.0148175070207,0.3457238377154,-0.1716966293730,-0.3480363993941,-0.2431614064111,0.0660288545644,0.1437000496841,0.3284371900625,0.0960718523867,0.2164243681771,0.7375987945483,0.4412084868107,0.4586228207462,0.5065422514396,0.5352224737796,0.5294938485310,0.0742440279859,-0.1310877560031,0.0743751023367,0.0887769046573,0.1763321638578,0.1427642175918,0.2646213249883,0.1455571689278,0.3785311639790,-0.0191624468833,-0.0418845901181,0.1429869752152,-0.1790378194754,0.0956297683180,0.0795737535304,0.0201155209985,0.2185131876925,-0.0221039448614,-0.2720409852167,-0.2299260651241,0.1554772826675,-0.0702845509953,-0.3316934802528,0.2286588201710,-0.0415697558014,0.1856401621704,-0.1894031435748,-0.2740776739497,-0.2277406907083,0.1943143954873,0.1317963359603,0.1704714790891,-0.2152376716908,-0.3018974913175,0.1228351117762,0.0561845788413,-0.2563131563912,0.0761882463097,0.0486209277940,0.3065799291031,0.0198374527699,-0.2169737104448,0.3094294604262,0.1664125224262
0.2071969881490,1.0000000000000,0.3953619557186,0.2687196100574,-0.0102110288306,0.1302910132155,0.1966958619273,0.1198232927365,0.2292711709314,0.1888505375775,-0.2584609809828,-0.1815110033719,-0.0146278590002,0.5411013021415,0.3062017479252,0.0331652365936,-0.0603044506029,-0.2496762884613,0.1896784180247,-0.0529959980281,-0.1138680239960,0.1788956948797,-0.2768018398025,-0.2092184133781,-0.0018482026750,0.0840422168614,-0.3331182210242,0.0761909480695,0.1196555078551,0.2647431881959,-0.1783495004390,-0.1314848551973,-0.1055030568220,0.1025071021081,-0.2551686716153,0.1255000837905,-0.2529447373304,0.0544366452197,-0.0825975396627,-0.1128917217718,0.1532726322596,-0.0580104307083,-0.1725952011228,0.1736933893941,0.0934016545821,0.0008396193082,0.0658026679865,-0.0913093099587,0.3311767999782,0.0253644350266,0.2946755605808,0.6617345768655,0.1420113246539,0.1793765561634,0.0590700716917,0.1510913559916,-0.0339797484970,0.1570532442791,0.0655692811856,0.1222329008998,0.0354171668831,-0.3186203298832,-0.0720872810730,-0.0439322961391,0.4733691956606,-0.2595937170574,0.0795242153821,-0.1489855982880,0.0505658014859,-0.0537773308202,-0.1697842285038,-0.1974129244747,-0.2460138998161,0.1423245931212,-0.1621899381878,-0.1693668854584,-0.3892018567958,-0.0092055960318,0.0504273707264,-0.1714547066567,-0.2316590262273,-0.1400291856179,0.0784558687178,-0.2225755101963,-0.0595257733480,-0.0486177011610,-0.2498850097410,-0.1923479518191,-0.3146337826423,-0.0958607566715,-0.0526825776090,-0.2343409347987,0.0297748311436,-0.1226273843339,0.0490463667950,-0.0380504989013,0.3439144145636,-0.0640987049100,-0.0090046507216,-0.1133916084707
0.6094283105876,0.3953619557186,1.0000000000000,0.5373769821516,0.6705155888745,0.7992352464808,0.6994765209729,0.0106940693060,0.2144500864962,0.4368885171313,0.1503528811258,0.2101417671262,0.1705643836711,0.2194594593751,0.3290615242254,0.4151740088463,0.1562975532033,0.0863929297160,0.1187059270367,0.0934526744123,-0.0167284592893,0.1911209930792,0.0589300705711,0.1586145265186,-0.0845887364819,-0.2008212387061,0.0964853443763,-0.1257376177538,-0.2383486003832,-0.2482358980871,0.1017364817714,0.0197850969198,0.1758999429656,0.0769962577834,0.1966826857210,0.5172463612618,0.1983694525526,-0.1543066232542,0.2004199315012,-0.0256244614665,0.1488357917025,0.1121477185339,-0.1547257008892,-0.1806346409560,-0.3002768659756,0.1096619009442,0.1263027699298,0.3655013119094,-0.0428220438534,0.1512143658002,0.6450163354468,0.6812655741736,0.4063358311654,0.7822263834749,0.6664763055662,0.6743195139993,0.1754299952826,-0.0039985406000,0.3236320941900,0.2154456341235,0.4601394801065,0.0358933382480,0.2943284468755,0.1838295891187,0.4057993038506,-0.0371179218625,0.2377185774212,0.1717236383104,0.0876775705499,0.1685557687124,0.1215122658088,-0.0206514548999,0.2200363077365,0.2047063876502,-0.1725927965250,-0.1811274845412,0.0533793458617,-0.1696928461110,-0.3304771676756,0.1563858444403,-0.1874884760298,0.1601552405140,-0.2110868793283,-0.1205236698967,-0.2731225950696,0.0367196597698,0.1697586370797,0.2456092089254,-0.2446024247524,-0.3177340241024,0.1296371399128,-0.2139158431523,-0.2363776490966,-0.1134146812761,0.0454429063333,0.4294118500730,-0.0106027029425,-0.2540108373411,0.2830716693179,0.2070682546476
0.5633667492393,0.2687196100574,0.5373769821516,1.0000000000000,0.5578973888113,0.5482356192499,0.7340092985231,-0.0482892942783,0.1319917311907,0.2366486684470,0.3813116841359,0.3941056831031,0.3953347525758,0.0919915552953,0.6438181938080,0.6649017615955,0.4037127529196,0.3749962687495,0.2058134244079,0.1702407564142,0.1151534762386,0.0487396091260,0.3270121626004,0.4389265761051,-0.1370050209813,-0.0617374172232,0.2639829974637,-0.2441797503524,-0.2852896082307,-0.3265736333318,0.3146183692671,0.2571978959935,0.4151409887508,0.1416816876832,0.3069366385830,0.3729018404548,0.2507081762800,-0.3252257636395,0.2746991811964,0.1865455580007,0.1462807778997,0.3117092653099,0.1495470713219,-0.1965371663588,-0.4266668733039,0.2452875602626,0.1650205675390,0.3175174514463,-0.1895326118221,0.3666272679294,0.4082334526504,0.3549531980297,0.7924997589745,0.5124685040255,0.5683055568152,0.7570081234582,0.1528612198424,-0.1974601992531,0.1980527817130,0.1455843201652,0.1558639319150,0.2352619990723,0.2497147496177,0.3092940031751,0.0950519354729,0.2144176189503,0.2757978300109,0.2710168911379,0.1005792463577,0.1547605941807,0.1212274572923,0.0029424627843,0.3955519538446,-0.0426707194732,-0.1556154759923,-0.0632849561877,0.2365212895450,-0.2913629808052,-0.4304857532746,0.4447141217348,0.0619179373197,0.2158998057985,-0.3837905111477,0.0593166263407,-0.3369657140365,-0.0843053107341,0.2780370168299,0.1883510892851,-0.0452891412701,-0.2538706602841,0.2366051681329,0.0501729382722,-0.1029178209597,-0.1872377530318,-0.2437937660364,0.3134660368480,-0.2254387038427,-0.1699281665339,0.2071074551410,0.2543690901427
0.7501177798679,-0.0102110288306,0.6705155888745,0.5578973888113,1.0000000000000,0.7892536750513,0.5943047276893,-0.0848645560235,0.0102371813248,0.3949204582045,0.4073308572980,0.4342200946140,0.2361251220559,0.0172150998763,0.3705542266584,0.3743372675351,0.2332327099396,0.3731655253495,-0.0706059595288,0.1213985807683,0.0769030422697,0.2167424396273,0.3309258361554,0.3528482997994,-0.0858150138286,-0.3264309293137,0.3421152303099,-0.1728963671679,-0.4090457464889,-0.4365243370646,0.2127718499623,0.1580539237322,0.3424107863517,0.0630171788129,0.2257344394203,0.2324281828718,0.2741954099693,-0.3548084354848,0.1441650854486,0.0875350370196,0.0411150799430,0.3083924999870,-0.1280434233126,-0.3204823801464,-0.4016331848822,0.1965992638096,0.1867954031815,0.4477047441350,-0.1100705608733,0.3081292978129,0.6341746894804,0.3454138334797,0.4903735021794,0.7316761281643,0.7601134302372,0.6555803138257,0.2053897097782,-0.1470894540297,0.1735608768283,0.1231376035062,0.3893961472848,0.3364533097546,0.3421441523499,0.2518452445175,0.1675239268754,0.1369187376085,0.0806567605407,0.2742795876428,-0.0516727194640,0.1602163281771,0.2365312291875,0.1328354956351,0.3716125702370,0.0565918553684,-0.1470048142347,-0.0623445892308,0.3254544693480,-0.2043897805920,-0.5021081811696,0.3036839433315,0.0431234415683,0.2982743457691,-0.4076036421701,-0.0956468856376,-0.2570034179005,0.1219695687791,0.2459770625449,0.2843942182600,-0.0638877107818,-0.2925549836233,0.1446827864156,0.0551032780519,-0.1853308540197,0.0422822276805,-0.0383512898714,0.4353594225546,-0.2694868389234,-0.2227596827140,0.2413957021280,0.2841708227350
0.5597144987067,0.1302910132155,0.7992352464808,0.5482356192499,0.7892536750513,1.0000000000000,0.7145274177842,-0.0267850951472,0.1136656319661,0.4922455798168,0.4498948432992,0.4341216531277,0.3427297721280,0.0453506463924,0.3927509879037,0.4448847774513,0.2977846515806,0.3832185769690,0.0069606064752,0.2066993637899,0.0224016101685,0.2404067123034,0.2900756707268,0.3923802876882,-0.0450829018435,-0.3476352882787,0.2983152526109,-0.2408650856011,-0.3970182114664,-0.4223940092921,0.2751524996435,0.0558884860654,0.3984471774837,0.0025748140084,0.2529297864675,0.3675613962837,0.3585877113755,-0.3146833124064,0.2645504828089,0.0312869163250,0.0478487611521,0.3249043738413,-0.1807098728729,-0.3109907295307,-0.3695202750314,0.1224834474367,0.1419736674771,0.5700962772069,-0.0967131842356,0.3881342924314,0.5304296717482,0.4501033758729,0.5162372368863,0.9010846516917,0.8754230559226,0.6804957883867,0.2795815151995,-0.0794105268901,0.2506897976709,0.2208420597782,0.4840090421823,0.3359973799399,0.4000341653363,0.3365901231238,0.2003806399899,0.0538079030070,0.1224574147577,0.3190706378406,0.0555997927671,0.2381453598110,0.2008828475586,0.1469795201092,0.4019281893758,0.1158131144962,-0.2233805777982,-0.1298315266266,0.2214799441651,-0.2792433497936,-0.4256188785675,0.3507108667972,-0.0375377815200,0.3150425904464,-0.3152878495080,-0.1293862049930,-0.2687431507859,0.0702836422758,0.2993503127539,0.2972700930420,-0.1657146558755,-0.3302660340248,0.2623445489872,-0.0405742630156,-0.2585823372950,-0.0715959795376,-0.0329061787903,0.5974505440951,-0.1841408097612,-0.2311763226585,0.3196686459917,0.2651382468419
0.4964226990719,0.1966958619273,0.6994765209729,0.7340092985231,0.5943047276893,0.7145274177842,1.0000000000000,-0.0868146999353,0.1949807966528,0.3613531052394,0.2971747604069,0.3032917914318,0.3332608963578,0.0030316788962,0.3824382736460,0.5572914231949,0.3961664798586,0.3090666665930,0.2243769723228,0.1574627427850,0.0804155274690,0.1264051127595,0.2428657195229,0.4511214852327,-0.0559466626005,-0.1256414959066,0.3304691236621,-0.2635749805152,-0.3466107196209,-0.4060457431948,0.4716506109563,0.1314780520606,0.3038814660752,0.1734104044523,0.5005485775461,0.5496989070281,0.4244047105413,-0.2652507688916,0.4591943247906,0.1144693464046,0.1386287066558,0.1528495148260,0.0306057537998,-0.1388701516607,-0.4954497192353,0.2252000630919,0.1158890730176,0.4001648652659,-0.2194413919569,0.2858416465611,0.4402895684331,0.4239634143085,0.6494272739031,0.6773882260665,0.7086719339430,0.8278209229511,0.2218902788790,-0.1544088015336,0.3010725315179,0.2239363317129,0.3470575878971,0.1526143160090,0.2901131341536,0.3389894887020,0.1962085554687,0.1201797835366,0.3342943502290,0.3325016647391,0.2066221657634,0.1761899563948,0.2565445093877,0.0189302789935,0.4790643995973,0.1069849908112,-0.0158323667679,-0.0468528682598,0.3084555489904,-0.3436186249946,-0.4464007064641,0.4828455888798,-0.0886140634863,0.2425889066475,-0.3687724867001,0.0796200653256,-0.3336946415055,-0.0003805549074,0.4397458591286,0.3408099051260,-0.0708838834612,-0.1970144115726,0.3272686776754,-0.0868015452541,-0.0931184871402,-0.2206539065087,-0.1707905691088,0.4564675057591,-0.1669273989823,-0.3052902537611,0.2660095517515,0.3611127197055
-0.0728022357027,0.1198232927365,0.0106940693060,-0.0482892942783,-0.0848645560235,-0.0267850951472,-0.0868146999353,1.0000000000000,0.6949383376287,0.0074144878024,-0.0755624716423,-0.0957008839312,0.4761102857754,-0.0694893485755,-0.0640672924477,0.1943825765832,0.3721669530488,0.2189441204359,0.4097212668250,0.7000557546759,0.0125799583985,-0.0588009568173,-0.2235046773153,-0.0283339152650,0.5643230304406,0.2045960033520,-0.0212774520982,0.1701798143796,0.0500567221997,0.2048665222529,-0.1942911443857,0.0754566832189,0.1771977431681,-0.0112305687142,-0.2518925741267,-0.0952140360452,-0.2443499044190,0.3158100121754,-0.1903998088623,-0.0650337525385,-0.1218472189869,-0.0224792065082,0.0676132617784,0.2294514280989,0.3987805491554,-0.1912085183049,0.0254343589615,-0.2121988241165,0.1319498993028,-0.1266691523198,-0.1660078338612,-0.1379692417019,-0.1962614295406,-0.0144636440626,-0.0939558414169,-0.0560965561831,0.5301775589702,0.7646590785599,0.6339051653683,0.6461980477767,-0.0863450409078,-0.0581647408920,0.0340677661364,0.3535035203467,-0.0410314276367,-0.4525774324536,0.2300300256977,0.4164166088013,0.3512406199865,0.5391726110851,0.0359471550585,-0.2781849484938,0.0590349703618,0.4307807890354,-0.1267423971467,-0.2137014328643,-0.1948743712875,0.1268757209248,0.0099627452223,-0.0473016651197,-0.2832198416545,-0.0804184989061,0.0105435299177,-0.0836585086484,-0.1570083023365,-0.2063825037957,-0.2697417355433,-0.1912132355648,-0.2716136780798,0.0626822858515,-0.1684272554035,-0.0353828920841,0.1129958389375,-0.1350732505399,-0.0363690793428,-0.2128406564249,0.1002946763827,-0.0082923133315,-0.1934532868813,-0.4218395301051
-0.0380061680251,0.2292711709314,0.2144500864962,0.1319917311907,0.0102371813248,0.1136656319661,0.1949807966528,0.6949383376287,1.0000000000000,0.1244595810283,-0.0768759536436,-0.0405443474452,0.3868014229834,-0.1578783409170,-0.0105911100525,0.2109213808752,0.3568974099590,0.0192271194927,0.6969708522094,0.5594560573822,-0.0754967715384,0.0149045218212,-0.1286346246781,-0.0477128930925,0.6017428323891,0.2480584752271,0.0449195981610,0.1200964743608,-0.0786238377577,0.0778156358621,-0.1168032652993,0.0818591271034,0.1498122136664,0.2982279861810,-0.1681880209258,0.2462208592765,-0.1604253629662,0.2038202234605,-0.0434699132943,0.0528325374342,0.1533421794532,-0.0813290988731,0.0387876706295,0.2882274376427,-0.0215396549457,0.1257443817869,0.1342268481725,-0.1838061851310,-0.1546824900398,-0.1674131832943,-0.0927782121701,-0.0245481958931,-0.0331791393010,0.0674664643867,0.0017452704150,0.1165254701968,0.4022717954219,0.6074957581312,0.6681871575867,0.8047713608553,0.0327213548013,-0.1375248489822,0.1059702641879,0.3405213193892,-0.0396600028181,-0.3020042189088,0.4572771109491,0.3221406013047,0.6076014960075,0.4933196817073,0.0921067415976,-0.3017818384831,0.1120935776907,0.6114256056128,0.0536818846493,-0.1923755248995,-0.0705206120824,0.0112775727527,-0.2195022302499,0.0101691608057,-0.3440856747684,-0.0798568372275,-0.2026372326284,0.0969489824571,-0.3405842501155,-0.2258651047328,-0.1496120951157,-0.2283954969006,-0.1886231181438,0.0622377841045,-0.0853990740794,-0.1524908389831,0.1886156539221,-0.2376958419293,-0.1619239277329,-0.1483120985168,-0.0317465950947,-0.2714787728614,-0.1125410988452,-0.2002437334503
0.2257455207135,0.1888505375775,0.4368885171313,0.2366486684470,0.3949204582045,0.4922455798168,0.3613531052394,0.0074144878024,0.1244595810283,1.0000000000000,0.3900726141187,0.5880954707411,0.2234257631758,0.1758216500376,0.4944188132035,0.1676425661489,0.3206949507950,0.2582326189951,0.0406370858179,0.1508908586594,0.4079937148381,0.6758837276144,0.3637805254363,0.3659211007694,0.0344416915092,-0.3121780139952,0.3771990805576,-0.1316319786620,-0.3321812953225,-0.1986267413935,0.3105558920762,0.1788493167340,0.4662228985140,0.1471358643189,0.1152458595106,0.1816940451315,0.3283659916007,-0.2018740783992,0.1260799159727,0.0448177180418,0.0696013921395,0.3995889206446,-0.0837523563991,-0.2650775971173,-0.2392030881185,0.3159390977209,0.3678102585955,0.2805139171514,0.0379170066318,0.4566115642643,0.1588071694658,0.2806695145802,0.1035113516687,0.5131238773232,0.3666897772671,0.3226898468737,0.1076331591605,-0.1056836412039,0.1752800202190,0.1523367202266,0.6555463110315,0.3264200463916,0.2866917159464,0.0839791064163,0.0985683985112,-0.0670273049417,0.0495700537878,0.1551162740389,0.0483094785746,0.0481604797587,0.2231993788483,0.3669177677971,0.3262282125387,0.1265033014005,-0.1481487377937,-0.1449913941760,0.1344376174268,-0.2888302560272,-0.4131029314641,0.1427230135522,-0.1834239342207,0.1499676654197,-0.3102173936879,-0.1537979499588,-0.3610770966471,0.0868747614629,0.2315167440206,0.2296802901975,-0.1850545672237,-0.4963176860412,0.1029034267284,-0.2197358593461,-0.2231097726229,0.0626113696804,-0.0485788485949,0.2790820247516,-0.2449333850789,-0.0724167674389,0.2389757496192,0.1552048551197
0.2393709928204,-0.2584609809828,0.1503528811258,0.3813116841359,0.4073308572980,0.4498948432992,0.2971747604069,-0.0755624716423,-0.0768759536436,0.3900726141187,1.0000000000000,0.8102739275258,0.4858080283708,-0.2508990988347,0.3508755540107,0.2946366217851,0.4936396611721,0.6380930423376,-0.0897822677751,0.1947803636289,0.2212163204171,0.2517128085356,0.7298458978620,0.6465765405180,-0.0706384752925,-0.2893209716975,0.5867508404761,-0.3372296225286,-0.2900946859593,-0.4643938460353,0.3071325076058,0.2702958174467,0.6280992726356,-0.1048341296281,0.2923347117248,0.1131026263808,0.5038950513959,-0.4039757504845,0.3576048834567,0.2152136865724,0.0732107978649,0.4510322363513,-0.0056549969582,-0.3533653031255,-0.3395865319231,0.2204888130706,0.0964692144054,0.4854787640412,-0.2292919368399,0.5002248261275,0.0784835706920,-0.0779923272903,0.4001713464076,0.3729642658973,0.5118236632459,0.2675600037834,0.2607697063206,-0.1730338318945,0.1867371444029,0.0874964480678,0.3828789788033,0.7922115623490,0.4920230199003,0.4475019502587,-0.1793298517222,0.2377466885224,-0.0820075820068,0.4886784905870,0.0187498687561,0.2136086903556,0.4296152337369,0.3794193431329,0.5940373558143,-0.0541970081145,-0.1153598632843,-0.0507229786840,0.4731837001824,-0.3703075718391,-0.3394288045380,0.4916258713051,0.1327193245732,0.4149595107204,-0.3187708706029,-0.0295226796246,-0.2851705537753,-0.0922823034261,0.4409419928885,0.2103975033731,0.0495318737641,-0.2372533277999,0.3748351839470,0.1880007215166,-0.2238257659748,-0.0686579845862,-0.2147299373011,0.4757487115462,-0.3148759402689,-0.0599631767491,0.3214133576245,0.3518455248211
0.2894003057251,-0.1815110033719,0.2101417671262,0.3941056831031,0.4342200946140,0.4341216531277,0.3032917914318,-0.0957008839312,-0.0405443474452,0.5880954707411,0.8102739275258,1.0000000000000,0.4680691994990,-0.1087522054230,0.4503477729994,0.2597517562051,0.4971759089792,0.5539227208336,-0.0798123182724,0.1569587361706,0.4068925112014,0.3697994527542,0.7894770063617,0.6008841420716,-0.0480580825919,-0.3100021557837,0.5881336944814,-0.2783499814677,-0.3524091668895,-0.4480347434117,0.3248340846092,0.3582285877258,0.7128250639949,0.0213136689063,0.2115573953929,0.0853865292378,0.4634740264847,-0.4111216383268,0.2267351830555,0.2103512045002,0.0737176110636,0.5533765444601,-0.0095106044034,-0.3927057204122,-0.3772662654147,0.3580212433598,0.3249885444797,0.3777845981030,-0.2521309501626,0.5146898792836,0.0866600060396,-0.0139557742906,0.3092832688177,0.3618796416991,0.4170007692987,0.2633670046121,0.2021030031458,-0.2303628466731,0.1749838999218,0.1245143514749,0.4690429924292,0.7174425326559,0.5904658711849,0.3806683784713,-0.1346231719997,0.1535581993855,-0.0741792107093,0.4036081279763,0.0023798599869,0.1288099568258,0.4334951212210,0.5108512557084,0.5434834820169,-0.0575689185947,-0.1043756943365,-0.1056299435199,0.4537957937056,-0.3756159714149,-0.4566902806076,0.4220223019121,0.1201961307618,0.4127446003988,-0.4035960691805,-0.1035694314134,-0.3612836645140,0.0118854368270,0.4139352259026,0.1756097672441,0.0047709558657,-0.3636489826005,0.2010764920652,0.0706642135626,-0.2547809379604,0.0182894282539,-0.1550783763846,0.3418242729664,-0.4183181104542,-0.1302039257678,0.3635511079821,0.3498850258449
0.1668619948617,-0.0146278590002,0.1705643836711,0.3953347525758,0.2361251220559,0.3427297721280,0.3332608963578,0.4761102857754,0.3868014229834,0.2234257631758,0.4858080283708,0.4680691994990,1.0000000000000,-0.2051504643918,0.2178964424771,0.3749925603981,0.7259281521708,0.5640989369972,0.1770123579471,0.5160475621283,0.0816735009317,0.0206295212125,0.2310598737636,0.4345167394750,0.1750124883956,-0.0052194909329,0.2903595806298,-0.1588412308540,-0.1830993537753,-0.2202099162282,0.1122618969623,0.2174244595350,0.6103134551627,0.0208626957189,-0.0176637749468,0.1057446409356,0.1401590135811,-0.1352569645489,0.1837670141400,0.1499996372915,0.0396771300043,0.3527866955397,0.0969352146828,-0.0807648581632,-0.0659895320714,0.0288762874428,0.0725656851756,0.1572423068980,-0.0696305602749,0.3520387111267,0.0242357479214,-0.0700989420306,0.2507167692325,0.3357392160036,0.3840388806355,0.3281542480477,0.6172695272240,0.3036986486443,0.5082677391116,0.4572100779060,0.1589386338631,0.4666477979306,0.4825370248621,0.8416086296682,-0.2078354460928,-0.0989199492124,0.0203897243753,0.6814013806901,0.1762191937492,0.4057399331697,0.2449844844490,-0.0603780910849,0.4307527866293,0.0761871878509,-0.2047600079350,-0.1762008232158,0.1152088402416,-0.2153190122781,-0.2436173434224,0.3296829248187,-0.0490448063006,0.2224879928812,-0.1682270708375,-0.0844912792596,-0.3311957941869,-0.2757443947539,0.0715899421746,-0.0272138369736,-0.1507045678754,-0.1326795963655,0.2248617685901,0.1590850434134,-0.0571403947715,-0.2408428573818,-0.1621507510438,0.1423726867002,-0.1183976252878,-0.0293992133238,0.1683558533353,-0.0340044908129
0.3803689687492,0.5411013021415,0.2194594593751,0.0919915552953,0.0172150998763,0.0453506463924,0.0030316788962,-0.0694893485755,-0.1578783409170,0.1758216500376,-0.2508990988347,-0.1087522054230,-0.2051504643918,1.0000000000000,0.3779202405509,0.0487129365792,-0.1884506775980,-0.0755375389964,-0.1282549376410,-0.1269740382693,0.1899182308410,0.1311375867300,-0.1687965654076,-0.1320156461521,-0.1048641558098,-0.1774831948160,-0.2747490064154,0.1597986388316,0.1414625839640,0.3708574682929,-0.1309997397686,-0.0963185491549,-0.0432753539639,-0.1953188326063,-0.1186478640226,-0.0498277397441,-0.2368295208294,-0.0492229721333,-0.2268626029395,-0.1174881807104,-0.0987118778062,0.1793174997825,-0.1944397173175,-0.2121238302966,0.2279363117391,-0.1385131509998,0.1298873142837,-0.0363092495433,0.5632261196634,0.0837327784873,0.3355546190623,0.4431977793447,0.0132962285227,0.0850253800374,0.0174302727178,0.0473002133365,-0.2090989484260,-0.0790180763463,-0.2427986647640,-0.1551240921706,-0.0959136352807,-0.2535754047852,-0.1981995800339,-0.2974880413531,0.5433497552261,-0.2338417622080,-0.1503278277843,-0.2947386652782,-0.2201481688930,-0.1430913028450,-0.1960660357044,-0.0089005920603,-0.2399947973672,-0.1390047126757,-0.2648913644421,-0.2169535935585,-0.3091427093381,0.1222318874682,0.1077615120027,-0.1577687934696,-0.1065953626992,-0.1191086064343,0.1415666550249,-0.3919237701431,0.0342309105511,0.2105179019171,-0.2441349046793,-0.0595562756874,-0.3928955585273,-0.2011575309740,-0.1687244307601,-0.1508925838518,-0.2708065005330,0.1507227740815,0.1368775987006,-0.0017979033888,0.3065858584123,0.0486634542100,-0.0648040645678,-0.1220897967812
0.3577719933822,0.3062017479252,0.3290615242254,0.6438181938080,0.3705542266584,0.3927509879037,0.3824382736460,-0.0640672924477,-0.0105911100525,0.4944188132035,0.3508755540107,0.4503477729994,0.2178964424771,0.3779202405509,1.0000000000000,0.5048114093221,0.4436068748645,0.4018386008740,0.1491348706334,0.1936122878299,0.4009764183859,0.2165702033574,0.3785692694012,0.4182924160979,-0.0772094080950,-0.2204805003290,0.3046195166933,-0.3042868654776,-0.3212525023380,-0.2740139583160,0.3707650606609,0.1902839276459,0.4576883549634,-0.0008984502625,0.1964335181769,0.2664488697625,0.2549359670221,-0.2545104571143,0.1302065400439,0.0084403287193,-0.0625820698835,0.3531600897503,0.1473777626592,-0.3299714549606,-0.2587513372317,0.0692973234236,0.0815271587569,0.3070537885291,0.0177484870696,0.5955528732604,0.1868684672116,0.3217682243293,0.5186194844809,0.4680558447672,0.4006376468881,0.5064874344430,0.0551627155475,-0.2041490246663,0.1044783318891,0.0449019658521,0.2622181513461,0.3088598233752,0.1262477901645,0.0474198526568,0.1442613379938,0.1529222196316,0.2170219143739,0.1808787349284,0.1267995769127,0.1382991365244,0.1708918496443,0.2515471275847,0.3153380464203,0.0046464638641,-0.1432653488219,-0.0072476874538,0.1151667992213,-0.3377695083304,-0.3874761317155,0.3594512558825,0.0842966364647,0.1715969078626,-0.4129774542771,0.0237527714871,-0.2706826455618,-0.1095601203932,0.1811179672594,0.2609341747911,-0.1099575130676,-0.2971978022331,0.1560325605782,-0.1003241839419,-0.2200343665458,-0.0785660047599,-0.2598625109008,0.3019615451938,-0.3453013641639,-0.0292174402409,-0.0261108138207,0.0824194202281
0.3157325618426,0.0331652365936,0.4151740088463,0.6649017615955,0.3743372675351,0.4448847774513,0.5572914231949,0.1943825765832,0.2109213808752,0.1676425661489,0.2946366217851,0.2597517562051,0.3749925603981,0.0487129365792,0.5048114093221,1.0000000000000,0.4733900466432,0.4700406097042,0.3353557991642,0.4536939550411,0.1836966043829,-0.0257004185212,0.2503017163755,0.5253683563394,-0.0797885124789,0.0473639108784,0.3269508234196,-0.2783413246545,-0.2340024558310,-0.2626088627448,0.4611123389688,0.3111259636720,0.4592958387355,0.0463070811375,0.5005644157948,0.5978143848757,0.3090421466470,0.0044818788499,0.3049553108727,0.0942908988668,0.0242834803177,0.1305205301428,0.3474651645568,-0.1533225534096,-0.1756023610962,0.1397687743026,0.0775277772208,0.2982589179738,-0.1670628686388,0.2301609383718,0.2146667886151,0.1331802751607,0.5028105099946,0.3827384452932,0.4755774318176,0.6205780371874,0.2722994052433,-0.0482657334861,0.3651134036913,0.1986576284760,0.1462628770565,0.1536788793283,0.1444111750744,0.2418465263630,-0.0204799797427,0.1204921444422,0.5205853777920,0.2822967920537,0.3121028554949,0.3387563050955,0.1552677052178,0.0135486072169,0.4773661495891,0.0440890545184,-0.0479130597849,-0.0171691255269,0.2328387873802,-0.3128698642867,-0.3336575311884,0.4983067888277,0.0678928225091,0.2369273799806,-0.3341160928438,0.2563230909196,-0.2039510471439,-0.1417737679185,0.2854189278495,0.4061196273866,-0.1325149324750,-0.1020933070018,0.2042355142601,-0.0314324805453,-0.1465647310726,-0.2408287773840,-0.2443400654378,0.3424615925663,-0.2216146566395,-0.1254227972565,0.0377616580683,0.1125741354828
0.1154185808360,-0.0603044506029,0.1562975532033,0.4037127529196,0.2332327099396,0.2977846515806,0.3961664798586,0.3721669530488,0.3568974099590,0.3206949507950,0.4936396611721,0.4971759089792,0.7259281521708,-0.1884506775980,0.4436068748645,0.4733900466432,1.0000000000000,0.6955916759869,0.3650867066578,0.6356455498782,0.3654797281874,0.0890609315231,0.3924673292673,0.5592684110621,0.2818527071288,-0.0492049649170,0.5413014700797,-0.3101284447834,-0.3507175787089,-0.4137584014219,0.4244597086366,0.2227316744145,0.6492431706096,0.0467881905725,0.1536195464596,0.3034470161358,0.2802000306893,-0.2098859955046,0.2230306047771,0.0346668526035,-0.0422411865216,0.2091239370766,0.1738116119171,-0.0909035583617,-0.2853675218379,0.0821849173572,0.0075983018377,0.0994023856573,-0.1955090435796,0.3924159864034,-0.0494038501628,-0.0597249713201,0.3525956695740,0.3168870133870,0.3712155249387,0.3697868937779,0.5526606995239,0.1740225291001,0.5630461776624,0.4634869908282,0.2529809752835,0.4322179520216,0.3725501074813,0.6318846009582,-0.1402850519850,0.0001533453731,0.2333543342288,0.7732634559616,0.3933385626905,0.5410127720849,0.5174939503782,0.1051335521564,0.5996164870787,0.2942160647469,-0.0097322250083,-0.0016886752877,0.3627683394235,-0.3571714506741,-0.3953987175184,0.6130324210670,0.0379644651356,0.3440119302082,-0.3490995244630,0.0717667320120,-0.3767457991590,-0.2748577576781,0.2338438623900,0.0859443069346,-0.0832222321861,-0.0721692134915,0.2006180660437,0.0141245216846,0.0153338035990,-0.2468803022076,-0.2650274271259,0.1596513707137,-0.2838483978846,-0.1115656589845,0.0707347685070,0.1027352651783
0.3094311890536,-0.2496762884613,0.0863929297160,0.3749962687495,0.3731655253495,0.3832185769690,0.3090666665930,0.2189441204359,0.0192271194927,0.2582326189951,0.6380930423376,0.5539227208336,0.5640989369972,-0.0755375389964,0.4018386008740,0.4700406097042,0.6955916759869,1.0000000000000,-0.0886285993694,0.5759589820784,0.3502944733526,0.0696561984546,0.4994978452808,0.7831128932374,0.2129219184955,-0.3437726851074,0.6384144254327,-0.2870381823350,-0.3711660481800,-0.4499218889594,0.4855217589987,0.2049400827066,0.6265398581947,-0.2511633977097,0.2689894923725,0.0493888995793,0.4700245045974,-0.3527413644749,0.2808728215015,0.0703962544025,-0.2429530061159,0.4405175340333,-0.0302347999839,-0.3664787004633,-0.2113377411018,-0.0690858460871,0.0559069551469,0.3177741257157,-0.0873948131321,0.4737805035063,0.0338560712129,-0.0940358685531,0.4038497601656,0.3547866928527,0.4544307557217,0.3069954823112,0.5052978676065,0.0081472252974,0.3845095304721,0.3247931969807,0.2009640779054,0.5557647791545,0.3554264846349,0.5088845981055,-0.1146304706555,0.0619550811548,-0.0701604914416,0.7049084424894,0.0344783073220,0.5409202402137,0.4175176232867,0.2176659518218,0.7466335976670,0.0896729179855,-0.2025547538219,-0.0495181269788,0.5377326515392,-0.2930410324255,-0.3768986176512,0.7228468912297,0.1291042419957,0.4751980151174,-0.3005287742747,-0.1370392018771,-0.2197208746752,0.0156399138184,0.4220662810240,0.2444516942328,-0.1295246250044,-0.1095803484381,0.3367739988749,0.1837244719457,-0.1292201477087,-0.0402117287213,-0.1482213880269,0.3168973381144,-0.3024719996391,-0.0892319665765,0.1625306110614,0.1312950363962
-0.1369978820342,0.1896784180247,0.1187059270367,0.2058134244079,-0.0706059595288,0.0069606064752,0.2243769723228,0.4097212668250,0.6969708522094,0.0406370858179,-0.0897822677751,-0.0798123182724,0.1770123579471,-0.1282549376410,0.1491348706334,0.3353557991642,0.3650867066578,-0.0886285993694,1.0000000000000,0.4120170412181,-0.0097230274578,0.0439851023495,-0.0317126687251,-0.0352234185670,0.2755542554165,0.4125662177232,0.0443149505015,-0.0293591973940,-0.0279531510579,0.0712717011516,0.0385813402742,0.0960721590579,0.0417266009307,0.3674410902578,0.0222248340154,0.4518567594748,-0.1714198634002,0.1668585246555,-0.0492228284856,0.0515902425716,0.2720646481648,-0.1669970342924,0.3008915202970,0.3408164033528,-0.1336394068514,0.2541001888859,0.0145555829929,-0.2511783192058,-0.1704293240671,-0.1567313761090,-0.1160586112235,-0.0599202826715,0.0701417453118,-0.0100544826518,-0.0139053682525,0.1705960161432,0.1771726288706,0.3164544306710,0.4049116014076,0.3769455892967,-0.0930736089826,-0.1797780847757,-0.1555988309914,0.0726342906945,-0.0986073138342,-0.1596553932854,0.6377561205687,0.1129870864464,0.7948486476346,0.3153393623660,0.0606053970437,-0.1777519556550,0.0604436699224,0.4469883836726,0.2195307424389,-0.0034634835221,-0.0850293298919,-0.1142918421371,-0.1257234399647,0.0463359216052,-0.2606291449661,-0.2295909634521,-0.2791365960621,0.3466093096613,-0.2934241689157,-0.3904461575659,-0.1608004813982,-0.1434237990493,-0.0499705182171,0.0993179250931,-0.1425249609613,-0.2205264515493,0.1728572294384,-0.3108089644311,-0.4090362210467,-0.1727730389280,-0.0352492460099,-0.1808109740772,-0.2299478666970,-0.1579803178594
0.0532784268738,-0.0529959980281,0.0934526744123,0.1702407564142,0.1213985807683,0.2066993637899,0.1574627427850,0.7000557546759,0.5594560573822,0.1508908586594,0.1947803636289,0.1569587361706,0.5160475621283,-0.1269740382693,0.1936122878299,0.4536939550411,0.6356455498782,0.5759589820784,0.4120170412181,1.0000000000000,0.1691905128863,0.0079216778054,0.1257211445455,0.4126867985998,0.6284834506301,0.0368346494718,0.4254602484369,-0.1673324154111,-0.2587111974542,-0.1999904127095,0.1712778081660,0.2078507849675,0.4469681653177,-0.0435604474025,0.0117420716456,0.1423693094189,0.0945878694375,0.1469315519420,0.0197362637226,-0.0468038446377,-0.1718945182912,0.0950925301715,0.0437405216311,0.0321461095497,0.0740908696646,-0.0808598466580,-0.0348983069995,0.0132248510284,-0.0958066361610,0.1403172839441,-0.1005940287566,-0.1088526547923,0.1251476669266,0.1930462808382,0.2094565101776,0.1949242671016,0.6000420137754,0.4507497332970,0.6180760045463,0.6415426002134,0.0725041800862,0.1818416002620,0.1240871745379,0.4337292742798,-0.1003800098440,-0.1978384101560,0.2697750745597,0.6068905283346,0.4254966138773,0.7518891324676,0.2568590982824,-0.0613493578023,0.4465767869680,0.4702491883954,-0.1270043262334,-0.0130015792034,0.2177633854785,-0.1865384777122,-0.2801540085320,0.3936960759042,-0.0809946278709,0.2027705762701,-0.2753896447687,0.0004597690220,-0.2074774218650,-0.1864345701440,0.0560069723587,0.0259806501401,-0.2077793822520,0.1015431324495,0.0394709341737,-0.0029920053143,0.0884973703690,-0.1911635727686,-0.1684197415823,0.0246601849600,-0.2131519295733,-0.0665422489568,-0.1299827912818,-0.1631269714927
0.0853398510546,-0.1138680239960,-0.0167284592893,0.1151534762386,0.0769030422697,0.0224016101685,0.0804155274690,0.0125799583985,-0.0754967715384,0.4079937148381,0.2212163204171,0.4068925112014,0.0816735009317,0.1899182308410,0.4009764183859,0.1836966043829,0.3654797281874,0.3502944733526,-0.0097230274578,0.1691905128863,1.0000000000000,0.2400094353880,0.4360065199257,0.3800067531294,0.1234058824323,-0.1446302851008,0.4656039656561,-0.0349443303037,-0.1830333071724,-0.1561286116050,0.4337876406791,0.4105716881535,0.4739763435625,0.0198690104867,0.2300110257463,-0.0317059228388,0.2415003677676,-0.1653405878769,-0.1524325169689,-0.1387918345846,-0.2759114815630,0.1807266610762,0.1994422216007,-0.2360368808677,-0.0921922128599,0.1962516577095,0.2978542083091,-0.1052446949626,-0.0778899783554,0.1404080085326,-0.1373053054872,-0.0415388005818,0.0304619913428,0.0252918932513,-0.0295634257266,0.0611823151395,0.0139100025295,-0.1989837293679,0.0408303954173,0.0312507947475,0.1953670229503,0.2135086885955,0.0859657885730,-0.0700015691724,0.0388030681276,-0.0054325642988,0.0407681760811,0.1294667475228,0.0249475446959,0.0969310969625,0.4185310046748,0.4141214975881,0.3803203358086,0.0618478389721,0.1197594898768,0.0034587240500,0.3631163032537,-0.0966937801938,-0.2371100029146,0.3214166449647,0.0487790424466,0.2420122274556,-0.2755529547872,-0.1311875339529,-0.1886530851342,0.1782642678151,0.2587674038918,0.1160763244472,-0.0630171007787,-0.2075773950483,-0.2720392494322,-0.1782783482786,-0.1229344243410,0.1375858809045,-0.0047411283331,-0.0884673683371,-0.3368348178153,-0.1133967532436,-0.0337550170285,0.2122571900666
0.1146241498501,0.1788956948797,0.1911209930792,0.0487396091260,0.2167424396273,0.2404067123034,0.1264051127595,-0.0588009568173,0.0149045218212,0.6758837276144,0.2517128085356,0.3697994527542,0.0206295212125,0.1311375867300,0.2165702033574,-0.0257004185212,0.0890609315231,0.0696561984546,0.0439851023495,0.0079216778054,0.2400094353880,1.0000000000000,0.3333776351659,0.1503579477136,-0.0031193629961,-0.1442787878577,0.1910005647965,0.0074975480112,-0.0352734609492,0.0509193893820,0.2127261193020,0.1513332022697,0.3094763516365,0.1921637569341,0.0495034464738,-0.0119927435982,0.1803083377761,-0.1260130058642,0.0259854604821,0.1385635919896,0.3368459055941,0.2294825345633,-0.0967122620083,-0.0573489701214,-0.1065774323688,0.4548538377107,0.4143387207092,0.1623617814605,0.2511408013766,0.1618209101009,0.0900599340851,0.0953656099834,-0.0248307719140,0.1934298462199,0.1898086159078,0.0280042247584,-0.0800990983038,-0.1253566916784,-0.0359553549005,0.0321351201077,0.3769452057003,0.1248254155032,0.0799979275167,-0.0901556089375,-0.0044196751060,-0.1676424694645,-0.0531043382155,-0.0627555188752,0.0305406020518,-0.0505443638295,0.0317018611926,0.4308288929025,0.0987003091206,0.0991939789559,-0.0641500994296,-0.1790136329101,0.0730755768091,-0.1816508330174,-0.1596388323847,0.0085159326640,-0.1645677801772,0.0561132162753,-0.0871030164870,-0.1710691028110,-0.2182020442680,0.1399478601198,0.1156594985443,0.0571299074531,-0.1868469745915,-0.2901435871509,0.0179983152718,-0.1376850853984,-0.0692359559728,0.1942705122944,0.0031339429519,0.1701626447611,0.0188259273977,0.1093601855194,0.2492528164232,0.0403660945228
0.1961058831292,-0.2768018398025,0.0589300705711,0.3270121626004,0.3309258361554,0.2900756707268,0.2428657195229,-0.2235046773153,-0.1286346246781,0.3637805254363,0.7298458978620,0.7894770063617,0.2310598737636,-0.1687965654076,0.3785692694012,0.2503017163755,0.3924673292673,0.4994978452808,-0.0317126687251,0.1257211445455,0.4360065199257,0.3333776351659,1.0000000000000,0.5514150295803,-0.0619644657811,-0.2490646491075,0.6555773772797,-0.4398929251627,-0.3728220896402,-0.4704980574092,0.3864904034079,0.5167596370691,0.6734773339753,0.1168686907624,0.3672544256224,0.1122105417168,0.4561109235114,-0.4108446883969,0.1751834304137,0.2372096699683,0.0690782530966,0.3581873900627,0.0848505814800,-0.3760187099285,-0.4446221998648,0.4518007401881,0.2754811423174,0.2526982103494,-0.3646160533570,0.3574572761158,-0.0128403552037,-0.1144734644711,0.3055829785870,0.2008236165435,0.3028719864545,0.1751856336119,0.0407675403327,-0.3462097068427,0.0465146700739,0.0159411354225,0.3144982304154,0.6125601742294,0.3719730667420,0.1806740791839,-0.1783992910395,0.2238168361275,0.0202773021579,0.2868651928116,0.0681955576610,0.1430900730266,0.4469811803206,0.6491549858417,0.5529284381720,-0.0265345980477,0.0376946582004,0.1342484447529,0.5961686232935,-0.5193122492953,-0.4753697081866,0.4780136445624,0.2864148803802,0.4407326259804,-0.4906953087219,0.0426603629845,-0.3112625120835,0.0923548150205,0.4665902189033,0.1629195699960,0.0801902705052,-0.2067702689674,0.0981242939349,0.0878944659592,-0.1646040504585,-0.0073124622797,-0.2855540027556,0.2435687942787,-0.5209881658413,-0.1487467235518,0.2114335842451,0.3933922731873
0.2444814781818,-0.2092184133781,0.1586145265186,0.4389265761051,0.3528482997994,0.3923802876882,0.4511214852327,-0.0283339152650,-0.0477128930925,0.3659211007694,0.6465765405180,0.6008841420716,0.4345167394750,-0.1320156461521,0.4182924160979,0.5253683563394,0.5592684110621,0.7831128932374,-0.0352234185670,0.4126867985998,0.3800067531294,0.1503579477136,0.5514150295803,1.0000000000000,0.0623185006865,-0.2531865005831,0.7264265301542,-0.4106766957134,-0.3813909912941,-0.5039470812537,0.6305055364355,0.2818722355141,0.5546896607221,-0.1168994797619,0.4942628210667,0.2667119192863,0.6984854599466,-0.2987587406335,0.4966920595249,0.1029457898175,-0.1045512377191,0.4039227946169,0.1233868496998,-0.3120535261601,-0.3304519568118,0.0995967728837,0.0387257735930,0.3972221819049,-0.2092901743311,0.5174140114912,0.0232141443705,0.0130038426674,0.4594179726342,0.3659765617902,0.4759593287192,0.4498938984479,0.3271727272139,-0.2562930292166,0.2812103646755,0.2160864098464,0.3106514010089,0.5676033802780,0.3244407672267,0.3560314428098,-0.1386586486126,0.2640301011500,0.0806649121006,0.5117572094845,0.0963913927592,0.3355112675855,0.3804672057531,0.3051830226663,0.8670266803307,-0.0001494364457,-0.0840703715817,0.0493873326172,0.5988452554275,-0.4386635637799,-0.4004796481103,0.7231777830840,0.1388812750932,0.3964374461832,-0.3862597406121,0.0612296619715,-0.2570356772889,-0.0622250140850,0.6747519977930,0.4681866032663,0.0280958503594,-0.1268700226098,0.4532596038714,0.0815500768392,-0.1073804439839,-0.0883984177890,-0.1955647523081,0.4026273296078,-0.4072405481847,-0.0668969086145,0.2203644205411,0.3521015689377
