1.0000000000000,0.2179397407442,0.0608441182387,-0.0565125700727,0.4649330882243,0.1194706971042,-0.3247433088474,-0.4471243459884,-0.2106937526335,-0.1818182502978,0.0591746243113,0.1301416089429,-0.0663401715564,0.4236667918687,0.0839260183321,-0.1233791689012,-0.0197904905010,0.1722756009251,-0.4199613537902,-0.3321276120586,0.0308864125939,-0.0745922276547,0.2983364381223,0.0623346215139,-0.0596673549565,-0.0243995088391,-0.0883783667461,-0.2810209135549,-0.1315851428279,-0.0950563057964,-0.1908656712233,-0.1410218824919,0.1168919981364,-0.0527972346088,-0.0450313382073,0.0606043843948,0.0750101959093,-0.4240002895347,-0.0250431601499,-0.0150451365177,-0.1867963852684,0.0328997226205,-0.2183797764674,0.0964191077945,-0.2196149323620,-0.0841437247473,-0.0196668034433,0.3017102498564,0.2186933050694,0.4237960519899,0.4121851888137,0.0819602676627,0.0793932720566,0.1510319150779,0.0751002271173,0.0206567445567,-0.1539767878957,-0.3672581334817,-0.4425743242876,-0.3169461753337,-0.0825772492942,0.1131970079531,-0.0266265143149,-0.1886028794092,0.2930867798590,-0.0139032219638,-0.3111590488255,-0.0342905564742,-0.4657152411063,-0.1912965336576,-0.3134409852726,0.0908337435281,-0.0229656164138,-0.2331835723867,-0.2973494664132,-0.1080878648116,-0.2400357309219,-0.2705220927179,-0.1447651347648,-0.0432459836446,-0.0260531145202,-0.0448436519113,-0.1455216906251,-0.2318617424106,-0.3766419024914,-0.1285368700985,0.0877495271117,-0.1036183045768,0.0004706633830,-0.2210886076147,0.0187009849697,-0.0442625927342,-0.2581876043999,-0.1959302134441,0.0998334265776,0.1602516428120,0.0385003303722,-0.1255131519080,-0.0692958061502,-0.1294909435220
0.2179397407442,1.0000000000000,0.5842083416988,0.0945427895443,0.0135530768194,0.0346812973567,0.0289280215034,0.0614983241176,-0.1987947050169,0.3598620785654,-0.2603142779067,-0.2323632326935,-0.0066299948681,0.3858914616402,0.3949307101089,-0.1732561736737,-0.0668707233340,-0.1793323340587,-0.2207762947987,-0.2213109070370,-0.0837107062152,0.1550088064269,0.1401023649197,-0.2587499582257,0.1109953005906,0.1679333738774,0.2247182501782,-0.0779563739867,0.1053031334300,0.3589269304492,-0.2666216443470,0.0507964938118,0.1308895960195,0.1636893220886,-0.2298444996340,-0.1149383416405,0.0341175485046,0.0171102171210,-0.1529367697445,0.0117536286198,0.2615926647586,0.2349199572222,-0.1899595112739,0.0149889482884,0.0668651301561,0.3020294920774,0.2424343276674,-0.2704466388631,0.3213222003300,0.1967678199941,0.1010363026940,0.5921409628570,-0.0504036465995,0.0072213499366,-0.0573793785668,-0.4198884290634,-0.2722573469821,0.1288182577599,-0.1052067661720,-0.1427268375632,-0.0125234954963,0.0006369835231,-0.1401375858252,-0.3645396161005,0.3992453673329,-0.2511121821785,-0.3840258524415,-0.0593850103209,-0.0752111010496,-0.3513714780563,-0.3356295835232,0.1384950326629,-0.3222707445675,-0.0988615361713,-0.1746313260633,-0.0808488556467,-0.4403796838566,-0.1923584499363,0.1021808988743,-0.3258937483632,-0.0614666884376,-0.4046892939856,0.3505335810910,-0.4333107274593,-0.1416734917922,-0.1128246667021,-0.1793536003355,-0.2746354210159,-0.2793251510817,-0.0555222353979,-0.1688572269344,-0.0053569390809,0.1137525096077,-0.0550109437088,0.1025809204159,-0.0714655670029,0.2416958602082,0.1896262782562,0.2372190363553,-0.1747561914446
0.0608441182387,0.5842083416988,1.0000000000000,0.4729453628283,0.4075450274138,0.6405206093683,0.4397613081974,0.2301819013433,0.1326828977084,0.5099083232155,-0.0068778471840,-0.0011119419233,0.2226064950145,0.1073263918116,0.5880891068155,0.0408312454724,0.1575122673709,-0.1527299845824,0.0724780463340,0.0494157710500,0.1431513361441,0.0625000585797,0.1314896045790,0.0025791750576,0.0151725953769,0.3563212300913,0.4666147094620,-0.1151149161607,-0.1789298910813,-0.1536483696220,0.0218897730266,0.2762085262420,0.2897650083026,0.4003780170644,-0.0440168180917,0.1008402051175,0.1990229501646,0.1854017207656,0.2261170428547,0.1757481503246,-0.0257143434452,0.1210348008122,0.1343239156827,-0.2032214716425,0.0773469460716,0.1543140708610,0.2730718852057,0.0481968050505,0.0025930508558,0.1279163562515,0.4773767119801,0.6907873041288,0.2686403863930,0.6070571259818,0.4531162949486,-0.1679981046612,-0.1543638332659,-0.0099107375176,0.1269634050036,0.0458625985245,-0.0148830951005,0.2198577846650,0.1236412294360,-0.1017338000852,0.1542074763979,0.0036020942381,-0.1547283116233,0.1713951344490,0.0558234587487,-0.1171999922340,-0.0957231302749,0.1389873877435,0.0039729095555,-0.0727378935371,-0.2140852232695,-0.2242480863575,-0.3287920618294,-0.1287907063737,-0.1526552862856,-0.1076547459750,0.0002560463761,-0.1884701103507,0.0466043467426,-0.2375983218102,-0.2369235912408,0.2198810472699,-0.0069205442003,-0.0116869857231,-0.1815286508291,0.0080492520960,0.0381964664080,0.2286199590762,0.1130449657304,0.0115409685083,0.0195410496515,0.3121593243397,-0.0574148633011,0.0028546343507,0.1166115026771,0.0302397158267
-0.0565125700727,0.0945427895443,0.4729453628283,1.0000000000000,0.4024402080209,0.5900413411084,0.8044723259283,0.1679676534972,0.1743573650362,0.3718493166791,0.1692021958109,0.1538455396431,0.3677310033955,-0.0120564978550,0.7143233422110,0.3957544585146,0.4074799447786,0.0444632611745,0.1429716103516,0.2045538161269,0.3906132403214,-0.0373569367256,0.1981401374718,0.3975621982067,-0.1401182044023,0.2545110370124,0.4450693938408,-0.1064210274059,-0.2564263332616,-0.3604885119704,0.2806632085610,0.2965527086280,0.3545907385836,0.2293243543822,0.0361180089701,0.0755226624665,0.2292808007945,0.0697592967477,0.3081197554518,-0.0484412477634,-0.2124243625610,0.0559339414870,0.2697232097382,-0.3162046568457,-0.0306716420263,0.0562087627397,0.0496771183020,0.0483031516071,-0.1721159814370,0.1867423178566,0.4147434060531,0.2477249830005,0.7561422894184,0.4538522774380,0.6208462098476,0.5307432073823,0.0213437807234,-0.1620094928737,0.2153257061104,0.0986483572812,0.0430220083457,0.3156368345286,0.2885465862484,0.0166134024839,0.0241073528016,0.0712546424153,0.2698014747424,0.2884628169148,0.1030195815715,0.0780285190620,0.1713522731302,0.2294701339016,0.3802809282036,-0.0694953679821,-0.1662554073970,-0.1915048319659,-0.1298564038544,-0.1534543601634,-0.2573174087568,0.1726103720871,0.1989709544891,0.0641862644657,-0.2603635003778,-0.0692520938942,-0.2730751474247,0.0855268894576,0.1028423310786,0.1668307385625,-0.1392220218990,-0.1843133702917,0.1007624658667,0.0036998995597,-0.0524504675537,0.0561602920060,-0.0347737444550,0.2408292802614,-0.2671473268987,-0.1933898558031,0.1208560140104,0.2374732322978
0.4649330882243,0.0135530768194,0.4075450274138,0.4024402080209,1.0000000000000,0.6660533679310,0.1671330821091,-0.0266139743887,0.1126123211588,0.1444866197748,0.2368209178088,0.2713422837007,0.2312824174150,0.0871145458822,0.2634699032525,0.0250994924474,0.2035186679246,0.1646856995572,-0.0525930442964,-0.0487347626249,0.2777925685819,0.0428493897358,0.2107098799442,0.2322811271545,-0.1811016905935,0.0584590965404,0.1394204469209,-0.1686522611400,-0.4052271509416,-0.5475166281744,-0.0680847751221,-0.0019179816081,0.1938471438293,0.1305229657342,-0.0862345907230,0.0379581214883,0.0147018452973,-0.2327904758020,0.0789011797553,0.0682303431539,-0.4037450891751,-0.1370604475226,-0.1233071027883,-0.2910575851831,-0.2995126510428,-0.0605564889951,-0.0120054767970,0.2835994062838,0.0401792719789,0.1678150498049,0.7811858169885,0.3386918992652,0.4628345959665,0.6721333838040,0.5880701048204,0.1577285680642,0.0787918473492,-0.1964971450966,0.1018468805026,0.0773655649994,0.1212014696923,0.2360095626118,0.2830437110506,0.1369811941251,0.1662870756708,-0.0012196725961,0.0173902724503,0.2670212696702,-0.0810729872010,0.0105936435253,0.1577174402602,0.2827994985864,0.3055947417130,-0.1769392184545,-0.0560906034399,-0.2792714487148,-0.1049632711118,-0.1242057091874,-0.3890443226770,0.1135363753776,0.1638553408291,0.1990082072997,-0.3037813594226,-0.2233922007601,-0.4028077529966,0.1278410125561,0.0758837561364,0.0685115302911,-0.0572200047588,-0.2133719524184,0.0012527485479,0.0918657193599,-0.2748932052473,0.0126175637086,0.1827503328843,0.3291103947525,-0.1522160035958,-0.1459834277938,-0.1156260290051,0.2460574232677
0.1194706971042,0.0346812973567,0.6405206093683,0.5900413411084,0.6660533679310,1.0000000000000,0.5518284893783,0.1005821654674,0.1507135101185,0.4327750042397,0.2630556794209,0.2808365453292,0.3282548858760,-0.0877986306105,0.4268028451365,0.2059356914160,0.3236874467454,0.1429149921004,0.0609551146270,0.0983448784757,0.3243874650993,0.1009901902695,0.2480332312400,0.2828375882833,-0.1354552862914,0.2171611061840,0.3517388819106,-0.2423725027692,-0.3813411154411,-0.5618735654603,0.1893967128572,0.2360557635981,0.3124575522975,0.3263666749708,0.1276079775898,0.1045951519028,0.2241436663259,-0.0543723180919,0.3344374235971,0.1651739996556,-0.3108939464006,-0.0560393100786,0.1120611760381,-0.3754482890060,-0.1871636768270,-0.0095766703874,0.1068040994188,0.4092394769089,-0.1091558654639,0.1353657761942,0.6520883984983,0.3911011268135,0.4775944531978,0.8011135043358,0.8410014031410,0.2143735805359,0.0358289902000,-0.2150791960685,0.1760389095285,0.0345817347691,0.1928095037843,0.2937517114340,0.3566819384596,0.1591030070967,-0.0630539586562,0.0576673299304,0.0679424918293,0.3376302060317,-0.0573062113006,0.0047395544733,0.1452038872625,0.3143026500835,0.3307109906270,-0.1645255649639,-0.1691888823461,-0.3360885255734,-0.0523145234298,-0.1975076424190,-0.3487970284142,0.1948055525448,0.1964442183928,0.1524312280998,-0.2749359727360,-0.0910582865171,-0.4196814621224,0.3026822261920,0.1742517014466,0.2003550788243,-0.0901013676099,-0.1685379592178,0.1858076250088,0.2104966602691,-0.1891205174528,0.0940728550912,0.0106693392283,0.5524127885630,-0.2235009788554,-0.1830560005532,0.0017697571412,0.2136997828699
-0.3247433088474,0.0289280215034,0.4397613081974,0.8044723259283,0.1671330821091,0.5518284893783,1.0000000000000,0.3196193965342,0.2802337104664,0.4281291586078,0.1580447818108,0.1113749622532,0.3771282968271,-0.0920269257845,0.5212214333649,0.5296603601727,0.4190621311961,0.0703293857281,0.2589997979270,0.3561671559605,0.3549795176282,0.0775100212923,0.0715065876319,0.4286646530749,-0.0996175297165,0.2456736860041,0.3586869400695,-0.0391423609729,-0.1338653774815,-0.1718055462309,0.5013597813675,0.3718062355339,0.2212925326175,0.2372758754381,0.3554957736356,0.2053811375402,0.3765403344007,0.2608796385272,0.5564801007717,0.0067781908153,-0.0116783753916,0.0013020892678,0.4727861649753,-0.3397823747519,0.1354809895700,-0.0168772550241,0.0998932131924,0.0863108821273,-0.1180753354475,-0.0237165181353,0.2080849809303,0.2084994807872,0.4979691272070,0.3699194826819,0.6248079869834,0.4395522247630,0.0564723650080,-0.0579468584099,0.3648839238410,0.1531465214027,0.1323963178301,0.2310615816093,0.2176830953989,0.1140961085656,-0.0873493567863,0.2189536913894,0.3286278588115,0.2842106512611,0.1819896149685,0.1362351897932,0.2169666103083,0.1435068341744,0.4106857141675,-0.0069934814545,-0.1255088373445,-0.1521541504701,0.0158177075629,-0.0742303641271,-0.1508360005197,0.2504037770567,0.0983351112698,0.0407929624871,-0.1171758337610,0.1297570853984,-0.1319829928180,0.1778191074089,0.2696121821318,0.4024942186163,-0.0017984166101,-0.0371644342434,0.3044852523337,0.0287275325459,-0.0118930128947,0.1448896969892,-0.1915617312623,0.3699027321643,-0.1669864922918,-0.0724074449839,0.1372781145798,0.2126690813763
-0.4471243459884,0.0614983241176,0.2301819013433,0.1679676534972,-0.0266139743887,0.1005821654674,0.3196193965342,1.0000000000000,0.6583565214326,0.3981554438987,0.1082232365649,0.0671581105024,0.3527549625454,-0.0595810875598,0.1688895950557,0.2243118937600,0.3649012476364,0.2728840551364,0.5028282148345,0.5696214681369,0.3067135676398,0.0925060206795,-0.1757472963629,0.0708535981175,0.3414119131111,0.0778226543031,0.1685293325808,0.1423809198603,-0.0636461676090,-0.0854213902070,0.1945873540773,0.2297844840757,0.1028606720497,0.0768984583504,0.0833914235465,-0.0538991723704,0.0589935039622,0.3514204362034,0.0437607184698,0.0435056734505,-0.0709900618585,-0.0472478924629,0.1363436878647,-0.3666925039491,0.2190357193508,-0.0068232628432,0.1150474249308,-0.2528416731712,-0.2116074400539,-0.2887517496552,0.0455268430696,0.1865554509551,0.1245761152635,0.0923557855747,0.0840198268524,-0.1622178528775,0.1888678827791,0.6087469201346,0.7355737781914,0.6864357990466,0.2662224596757,0.1282952075324,0.2481981835824,0.2510444851451,0.1205006464233,-0.1791962222470,0.1759573430228,0.3352467596040,0.4221963023491,0.3654792915481,0.4133519542568,0.0908607036806,0.2350976367410,0.2362212821453,0.2700857296215,-0.1360460472851,0.0829830216573,0.0792931998430,-0.1226423751758,0.1843782799582,0.1060089393952,0.1375450896890,0.0256592942484,-0.0863012227331,-0.0175049770736,0.0389271838720,0.0139083897540,0.0944236940610,-0.2031959078018,0.0161111897908,-0.1099012845710,-0.0701485776293,-0.0746064580339,0.0503362787799,-0.0192699293224,-0.1172823972045,-0.0189184080376,-0.0609161376234,0.0710903687148,0.2074615658006
-0.2106937526335,-0.1987947050169,0.1326828977084,0.1743573650362,0.1126123211588,0.1507135101185,0.2802337104664,0.6583565214326,1.0000000000000,0.1735608359987,0.1733720176958,0.2338267810311,0.2686965710375,-0.1294837030732,0.0786270977735,0.2085667358204,0.2807852518989,0.1090073077875,0.6301183078659,0.6277720093689,0.3246533919183,0.0099211556876,-0.0997343453183,0.2574648973967,0.3617127038201,0.1038211208552,0.1721702938432,0.0950430491730,-0.2019321558769,-0.2302194802090,0.1336806287448,0.0945144812065,0.0238265554091,0.0086960506637,0.1318368448499,0.2553666453437,0.0316242982432,0.2562856685819,0.1224213902964,-0.0484454577182,-0.1956592942476,-0.1641413648467,0.1578046499097,-0.2211921548529,0.1123111435163,-0.1384230879045,-0.0698492173992,-0.0512051859286,-0.2114847102325,-0.2637332723811,0.1358951271102,-0.0126576839465,0.1955773139461,0.2102018748592,0.1738098433970,0.1263066189677,0.2355367538845,0.3324721014563,0.5364891456141,0.8822894273163,0.0988193263340,0.1980952511176,0.2233258396444,0.2312512351664,-0.0388083913522,-0.0547260502330,0.2983251346114,0.1734040271291,0.4863913359235,0.5946438685458,0.3699660965236,0.0658243964537,0.3938824716003,0.4412206678063,0.1945257650995,-0.0404559884420,0.1494189344322,0.0495502601407,-0.2444547327405,0.0987153252988,-0.0180100221234,0.1845517250890,-0.2669640948459,0.0601474946411,0.0398461400430,0.0237931715165,0.1149751647617,0.1582037969886,-0.0689744383577,0.1376245425960,-0.0557513139378,-0.0923653678414,-0.0333237252494,-0.0044451759592,-0.1575891607073,0.0039753230487,-0.1263166026744,-0.2429926176507,-0.1316535782545,0.1792697909893
-0.1818182502978,0.3598620785654,0.5099083232155,0.3718493166791,0.1444866197748,0.4327750042397,0.4281291586078,0.3981554438987,0.1735608359987,1.0000000000000,0.1338315071550,0.2443895824820,0.3971859430263,0.1227425630988,0.5345166606008,0.1353138592843,0.4004769474156,0.1511347196968,0.1802129257495,0.0669054457314,0.3870844996467,0.3338192206305,0.1958335203723,0.0835456111224,-0.0864008831435,0.2357283852045,0.3531948466779,-0.1909728130165,-0.1881222335270,-0.1183130094613,0.1543471329650,0.3508896363647,0.3721995781607,0.3752124572855,0.0607522295844,0.0049889112495,0.2840014558409,0.0596746237861,0.1360237636250,0.1789613189588,0.0124244874036,0.1628486101973,0.0855590163495,-0.4435161410675,-0.0699106961333,0.1149167215655,0.2440794363286,-0.0701782563736,0.0980232087985,0.1692490833674,0.1917340638361,0.2806842990424,0.1401712070816,0.1478349299649,0.3823775683828,-0.1827818473854,-0.0816007618136,0.1169227523156,0.3579133494561,0.1283392274358,0.4568198466567,0.3174953565504,0.2920982902768,0.0216022719353,0.1892156678996,-0.1158289167907,-0.0981728374257,0.3996341567553,0.0650472211645,-0.1545809187515,0.1676093243458,0.3919889654216,0.1553053920352,-0.1777745461693,-0.0816806618294,-0.4524742370578,-0.1799871032136,-0.2318526691752,-0.1845495699584,0.0836928155449,0.1747887194329,-0.1116433437360,0.0915418354385,-0.2642803028733,-0.4285002943063,0.2094048879792,0.1379354891056,-0.0121351275117,-0.1756142515720,-0.1745133287754,0.0312925537057,0.1257415654032,-0.1669292889552,0.0311819460168,0.0118208216363,0.1239867914055,0.0762520014759,-0.0872435770438,0.3596324714301,0.2736130851016
0.0591746243113,-0.2603142779067,-0.0068778471840,0.1692021958109,0.2368209178088,0.2630556794209,0.1580447818108,0.1082232365649,0.1733720176958,0.1338315071550,1.0000000000000,0.6359277396960,0.4600611066843,-0.1328096498641,0.1163832776036,0.0391708823437,0.2710967813828,0.3293413607985,-0.0264876849708,0.0266873499246,0.2560313049814,0.0999654881831,0.3458337638543,0.2921177005434,-0.1757017948754,-0.0965693848799,0.0697839995008,-0.0163033909438,-0.0742100928382,-0.2443886379051,0.1950432922729,0.0998086766285,0.2240450053844,0.0487131570838,0.1300490937281,-0.0665507930959,0.1622808930552,-0.1460672582447,0.2526165405566,0.1319369125185,0.0017610093211,0.1414586240304,0.1218305897764,-0.1894295832823,-0.1069068285070,-0.0152458502814,0.0143222526118,0.3081546406294,-0.0117652995428,0.1927936761167,0.2125356807743,-0.1309092526215,0.1118035240843,0.1875937271307,0.2572661969782,0.2062893559908,0.1057799819894,-0.0089030842769,0.1680750698299,0.0814932514417,0.2994429587162,0.6907889160412,0.5774949440766,0.4813677477750,0.0218515162357,-0.0603380990400,-0.1103010049417,0.4020920095584,-0.2327497724531,-0.0438339559557,0.3765853745023,0.3034839388810,0.3416375308433,-0.1144075707060,-0.1497884685787,-0.3326948744790,0.2314877959667,-0.0331141752350,-0.0447053424358,0.2396839559485,0.0006753198997,0.2744577337328,-0.3040403486801,-0.0664002823232,-0.3793138523688,-0.0776238346299,0.2375824015639,0.0053400774764,0.0080482481119,-0.3490691459993,0.2378320219242,0.1215757897710,-0.3054437543523,0.1283634170026,-0.1507613761477,0.2441401982912,-0.0664004845026,-0.0751201356783,0.1140529922228,0.1225167979865
0.1301416089429,-0.2323632326935,-0.0011119419233,0.1538455396431,0.2713422837007,0.2808365453292,0.1113749622532,0.0671581105024,0.2338267810311,0.2443895824820,0.6359277396960,1.0000000000000,0.3726806033099,-0.0458940100080,0.0484274645120,0.0796814317553,0.3551534399917,0.2835507236991,0.1063943689238,-0.0208045906914,0.4833383642343,0.1549033484422,0.5543421182528,0.2897908637673,-0.2112381173213,0.1957170725386,0.0688538203948,-0.0252933333801,-0.0732282745372,-0.3485965481726,0.0643940885867,0.1637325222879,0.3250451327563,0.0884253144365,0.0911569595179,0.1351268270881,0.1617713138468,-0.2336318923547,0.0913820360931,0.0532914646022,-0.1077219346498,0.0290290066074,-0.0535839686239,-0.2474221500414,-0.3905142129032,-0.1521699620915,-0.0892576481616,0.1188619629587,-0.1273798465600,0.2015372837422,0.2941553120959,-0.1989104397759,0.1728590649446,0.1777153222676,0.2734174939288,0.1545228929321,0.1418573347432,-0.2419980606793,0.1601670766915,0.1253830035165,0.3503118378473,0.5687568263528,0.6459294792893,0.2955046187837,0.0792921430424,-0.1182911238432,0.0062259887905,0.2837604463126,-0.0723718307470,0.0239146043968,0.4394976341941,0.5671563193682,0.4462685830532,-0.0703399031928,0.0212969090882,-0.1576394906932,0.1976995215460,-0.0542667237503,-0.0860778692259,0.1809080535041,0.1085306989367,0.2516086543735,-0.4638479798355,-0.1548724012175,-0.4626996052901,0.0551939163077,0.3191392900110,0.0186320821012,-0.0499629998910,-0.2851009980111,0.0250954198076,0.0868028260357,-0.3045376130138,0.0572940968377,-0.1675797571070,0.1439240188544,-0.1648175783638,-0.2227704327916,0.0429788066292,0.3343574193793
-0.0663401715564,-0.0066299948681,0.2226064950145,0.3677310033955,0.2312824174150,0.3282548858760,0.3771282968271,0.3527549625454,0.2686965710375,0.3971859430263,0.4600611066843,0.3726806033099,1.0000000000000,-0.1908310599415,0.3109151771884,0.1814934076262,0.6411214621557,0.3842339551121,0.1103351208959,0.2018268763018,0.4667756207234,0.0397776003804,0.1773570616424,0.3525294012399,-0.0683293387674,0.0723807243160,0.3177646603597,-0.1365699369158,-0.2397008771465,-0.2825050759312,0.2892996965713,0.3184645472655,0.3845829261056,0.2291815660137,0.1266727066833,-0.0931486416333,0.4089977949614,-0.0118218832138,0.2522978075983,0.0842546381232,-0.0951032148065,0.1105322665898,0.1927855680513,-0.3887259299233,0.0628338881442,-0.0214322528640,0.0748016951272,0.1295575213502,-0.1221055033926,0.1214091276918,0.3335077777274,0.1083163710272,0.2241375624733,0.1696013401259,0.3732528871985,0.1216206314687,0.3011420627338,0.0275257984555,0.3736632036330,0.1598264209593,0.3342609799500,0.5391356330963,0.5658953936515,0.6321715648338,0.0341695383096,-0.0885641144489,-0.0516397349667,0.6208699678901,-0.0454664360491,0.0240787931585,0.4201667301038,0.2480499874051,0.4048288728982,-0.0767108546636,-0.0551497458829,-0.3460741153184,0.0470953565407,-0.2415569160941,-0.2369707874274,0.2388803578622,0.1287468480611,0.2575108274581,-0.2731781139808,-0.0907118069754,-0.3839282836374,0.0000651669427,0.3599359764205,0.0350097072416,-0.0794642621620,-0.2976580485413,0.1644574754540,-0.0002413047770,-0.3295777225900,-0.0490982952093,-0.1584078606289,0.1983535699671,-0.1558262588753,-0.1796186033196,0.1002474260649,0.1738371579887
0.4236667918687,0.3858914616402,0.1073263918116,-0.0120564978550,0.0871145458822,-0.0877986306105,-0.0920269257845,-0.0595810875598,-0.1294837030732,0.1227425630988,-0.1328096498641,-0.0458940100080,-0.1908310599415,1.0000000000000,0.1829491757298,0.0993050811360,0.0706190069169,0.0509026985696,-0.0418812369066,-0.1654093076845,0.1724792374022,0.1439374498838,0.0066436120574,-0.1269359139829,-0.0557237237333,0.0149003412909,-0.1146149725926,-0.0887889887934,-0.0396321243715,0.3641352326023,-0.0746141294822,0.0951790831226,0.1324330975718,-0.0545194554006,0.0589709723386,0.2031765862638,-0.0315520030532,-0.0904288445874,-0.1554173041315,-0.2348367392704,0.0708816894131,0.0296727660670,-0.1256693739406,-0.1805187905858,-0.0407574476971,-0.0112522267591,0.0744039970518,-0.1023272558621,0.5020348975307,0.1081575636075,0.1327608390757,0.1328734566033,0.0359424902898,-0.1223535791231,-0.0962163090445,-0.2594680869103,-0.2766411269129,-0.0631349782241,-0.1239939005991,-0.1569504539587,-0.0571460841012,-0.0109928446011,-0.2221738555199,-0.3509696311499,0.5913718064079,-0.0314782010458,-0.0847048739843,-0.0772206553060,-0.0700743964969,-0.1422126458140,-0.1940778956782,0.0202479260169,-0.1138334874936,-0.1125843590215,-0.0296482388672,-0.1748221676058,-0.2586502271185,-0.1167789018888,-0.0154921004615,-0.0325643584857,-0.0785115083913,-0.1767629692592,0.1619223517691,-0.2193047144379,-0.2205353496221,-0.1955354999279,-0.0988513645171,-0.1021392374074,-0.2040660590501,-0.0070529443719,-0.2193236472786,-0.3602285079078,-0.2260950831310,-0.0980524829475,-0.0829368059267,0.0070556369370,0.3747098198150,0.0136493015189,0.0919607133187,-0.0590399968457
0.0839260183321,0.3949307101089,0.5880891068155,0.7143233422110,0.2634699032525,0.4268028451365,0.5212214333649,0.1688895950557,0.0786270977735,0.5345166606008,0.1163832776036,0.0484274645120,0.3109151771884,0.1829491757298,1.0000000000000,0.2375613922175,0.3864020855665,0.0935123341552,-0.0033018847238,0.0623049136196,0.3411402248219,-0.0177076371305,0.1938804183701,0.2279348629176,-0.0801793094247,0.2605428496585,0.5492286363404,-0.1613169195419,-0.1874796435023,-0.2058209553631,0.1799714996327,0.2766650060914,0.4532235238051,0.2605028956917,-0.0248778228795,0.0334110913841,0.2957885067203,0.0323556005641,0.2961918314812,0.0726568588067,-0.0516262952991,0.2699156853314,0.2634467502847,-0.1978282643655,0.0649724044259,0.2205809655346,0.2208952392222,0.0420954452342,0.0102649444023,0.4914961792404,0.3101952138603,0.2441990809037,0.4480663198493,0.2112727110203,0.3899796490068,0.1206165697779,-0.2433051659313,-0.0806525910754,0.1295147018065,0.0078908044922,-0.0277863579243,0.3717209541582,0.1683555974014,-0.1680975071976,0.2048637558433,0.0544803682097,-0.0598548663615,0.3561574216142,-0.0485040753951,-0.1560627429654,-0.0697193691101,0.1092516125025,0.1588073484494,-0.2405512720438,-0.3402832559129,-0.3690860818476,-0.3942102653364,-0.2024158164245,-0.1473707345339,0.0806943792772,0.0789139085342,-0.2117624963096,-0.0303039385432,-0.2119790166166,-0.4041007917759,-0.0453002094520,0.0249407495760,0.0258452652561,-0.1840623706651,-0.2154519925709,0.1250449629038,0.1354175615134,-0.0261296128538,0.0590605294917,0.0302558421173,0.1880922901685,-0.0999863086055,-0.0458268954669,0.2204062175756,0.0643876840935
-0.1233791689012,-0.1732561736737,0.0408312454724,0.3957544585146,0.0250994924474,0.2059356914160,0.5296603601727,0.2243118937600,0.2085667358204,0.1353138592843,0.0391708823437,0.0796814317553,0.1814934076262,0.0993050811360,0.2375613922175,1.0000000000000,0.4559010498296,0.3581806097778,0.2508927152332,0.4518240022088,0.4601323932613,0.1013850399880,0.0654140682562,0.5406547888672,-0.0968040847915,0.1321735962897,0.0829674215827,-0.2054960220141,-0.1758415728092,-0.1783012608236,0.7126791252172,0.3242141019244,0.3584178639101,0.0469825160744,0.5728313336434,0.3836413918301,0.2084332146351,0.0431444833650,0.3018511743207,-0.2525022194587,-0.1223484687561,-0.1668855856981,0.4003280155248,-0.3316140593512,0.0512235916825,-0.2737521610892,0.0185422777762,-0.0493950680158,-0.0406949175947,0.0070690521590,-0.0283258096679,-0.1697324125359,0.3425650616141,0.0986926605950,0.3358193410609,0.2584774250578,0.1911132884383,-0.0634970659690,0.4209114690547,0.1575860294370,-0.0204162791957,0.0902731327980,0.0211160108275,0.0450643943703,-0.0076197817638,0.2340763721584,0.6831872199349,0.2681240553368,0.1591251205843,0.3187949574935,0.2330823167745,0.1196802301547,0.4987345685705,-0.1061309627153,0.1913885177716,-0.1124699940188,-0.0371579666190,-0.1214288963266,-0.1811130747028,0.6774756595178,0.2488194438692,0.2892799814949,-0.1841891455292,0.4223415423086,-0.1144949921078,0.1123157126306,0.2109909319701,0.5221128198130,-0.0181363726552,-0.1409871693886,0.0768254234819,-0.2715979722138,-0.2316248702002,0.1129401529743,-0.0942093397418,0.1854239477604,-0.0885094264696,-0.0288405704987,-0.1099369220509,0.1771787113345
-0.0197904905010,-0.0668707233340,0.1575122673709,0.4074799447786,0.2035186679246,0.3236874467454,0.4190621311961,0.3649012476364,0.2807852518989,0.4004769474156,0.2710967813828,0.3551534399917,0.6411214621557,0.0706190069169,0.3864020855665,0.4559010498296,1.0000000000000,0.6557248513735,0.1938906913519,0.2785885057985,0.8262055036681,0.0701176260579,0.1260112604325,0.5381753852654,-0.2500908709562,0.1180277658827,0.1397544045968,-0.1207856382910,-0.1838261742761,-0.2801935267778,0.4536199821743,0.2326988341004,0.4584690146660,0.0689406538912,0.3047996975739,0.1783006066431,0.4879346244639,-0.0597064706783,0.2997398767715,-0.0475092935069,-0.1547446879936,-0.0714804613740,0.2444190994085,-0.4791284008437,-0.0603096741130,-0.2169850148654,-0.1055071866071,0.0472706553050,-0.1095535374092,0.1773695483931,0.1711437560543,-0.0545199309920,0.3447762529707,0.1668334032167,0.4390744280837,0.0972213618250,0.0499347534812,-0.0665332174836,0.5202413573092,0.1825831894424,0.2600516959211,0.4651551967992,0.3707692496905,0.1893582695312,0.0817150762986,0.0166720686394,0.2525692429687,0.6914385189277,0.0631056891168,0.1795125631560,0.5210194541191,0.2947918520856,0.5788286442278,-0.2310414093303,0.1465840902668,-0.3393749137688,-0.0952077092946,-0.1788733133266,-0.2286472155968,0.5329961945086,0.1765947524904,0.2889451051190,-0.2971702157219,-0.0467550571214,-0.4500921088854,-0.0319654736811,0.4677367378771,0.2540885379010,-0.0826120252458,-0.2981975666562,0.2108722683932,-0.0903579559876,-0.4249406842507,-0.0661799341357,-0.1447254384218,0.2050678596812,-0.1655901461230,-0.2490937100268,-0.0328972932096,0.2658043414478
0.1722756009251,-0.1793323340587,-0.1527299845824,0.0444632611745,0.1646856995572,0.1429149921004,0.0703293857281,0.2728840551364,0.1090073077875,0.1511347196968,0.3293413607985,0.2835507236991,0.3842339551121,0.0509026985696,0.0935123341552,0.3581806097778,0.6557248513735,1.0000000000000,-0.0725891111422,0.1496567536942,0.5032678721089,0.0331173024403,0.2030039757754,0.5222277811378,-0.2011162169448,-0.1311821324106,-0.1400540675748,-0.2419754099737,-0.1207015448172,-0.2520929652587,0.3986337678419,0.0243325726852,0.2360820182498,-0.0245403924782,0.3364989053843,0.0039135843784,0.3981314099783,-0.3673250215188,0.1800453651593,-0.0037654282420,-0.1611145545781,-0.0355724059171,0.0725283107520,-0.4422023058153,-0.2089680041628,-0.1940456835494,-0.0837135528531,0.1613365531824,-0.0799027735130,0.2509490604032,0.0775969128761,-0.1711003849808,0.1903137286036,0.0458044237516,0.2526440446990,0.0122796242743,0.1579546824057,0.0357913770963,0.4280003190641,0.0680184466112,0.2852049068313,0.3345505703815,0.2867672422066,0.2006562411827,0.1024230208974,0.0104020785249,0.1349927435307,0.6347410629391,-0.1775049896980,0.1017230589351,0.3742138069473,0.2568509240040,0.5584242245738,-0.3776580408165,0.1429190888642,-0.3717306062722,0.0507579840146,-0.2523165978820,-0.2204820368407,0.6837104423042,0.2343251296615,0.3374053540265,-0.2595282203175,-0.0076524224423,-0.5284207121282,-0.0625885655478,0.4586305899454,0.2743922182516,0.0646321220520,-0.4924915920160,0.2479290298895,-0.0517636207562,-0.6134799943288,-0.0826033961800,-0.0067859613479,0.1673366718735,-0.1476097870710,-0.1757863504694,0.0162338060928,0.2466928118734
-0.4199613537902,-0.2207762947987,0.0724780463340,0.1429716103516,-0.0525930442964,0.0609551146270,0.2589997979270,0.5028282148345,0.6301183078659,0.1802129257495,-0.0264876849708,0.1063943689238,0.1103351208959,-0.0418812369066,-0.0033018847238,0.2508927152332,0.1938906913519,-0.0725891111422,1.0000000000000,0.5135389192333,0.2311031407003,0.0049602500968,-0.1932835696636,0.0977964828126,0.1787337467202,0.1847008170706,0.1804439639523,0.1171546731243,-0.1715729683381,-0.1190071854815,0.1396077060300,0.1106045615117,-0.0168760321248,0.1063909741462,0.1328451184269,0.5163141941637,-0.0680017347251,0.3332338301755,0.0234108224163,-0.1269755761613,-0.0736725456254,-0.0812048065468,0.2370695418736,-0.1531472977895,0.0657573742944,-0.0462992725798,-0.0911782467069,-0.2113625941299,-0.2128217880362,-0.3621478292664,0.0166771733037,-0.0694164634199,0.0750558842694,0.0570991064063,0.0078958500048,0.0934996302241,0.1322468288054,0.2762706603230,0.3635303363975,0.5916751802816,-0.0209318938489,-0.0185418076105,0.0220033714005,0.1301895785436,-0.1324739795546,0.0114185121534,0.5299196071444,0.0640963562651,0.7701688112312,0.5026284400059,0.3805816278939,-0.0919270800104,0.2418291098900,0.5027616881132,0.3441460041674,0.0703338709855,0.2768461747400,0.1354515792974,-0.1778269524028,0.0606586259337,-0.1222205808439,0.0583078770923,-0.1928037797786,0.2272709247580,0.2304519465277,0.0987746851646,-0.0264505366756,0.2052102119820,0.0178120311586,0.3136434986950,-0.1421946470370,-0.1169949773052,0.1607674394609,0.0846582349016,-0.2403517589451,-0.1176249170352,-0.1750404999124,-0.1759363027944,-0.0564386169471,0.1812823820837
-0.3321276120586,-0.2213109070370,0.0494157710500,0.2045538161269,-0.0487347626249,0.0983448784757,0.3561671559605,0.5696214681369,0.6277720093689,0.0669054457314,0.0266873499246,-0.0208045906914,0.2018268763018,-0.1654093076845,0.0623049136196,0.4518240022088,0.2785885057985,0.1496567536942,0.5135389192333,1.0000000000000,0.1856959864531,-0.1055720426915,-0.1188179777390,0.2647487647888,0.5244179305952,0.1875003079626,0.2818179673498,0.0691001076175,-0.0465856633430,-0.1916842382629,0.4559459261136,0.2018352153801,0.1296678167987,-0.0067211614199,0.1962936385812,0.1565184379704,0.0247056999154,0.4782634758108,0.0857356122501,-0.1444572301087,-0.1604191518788,-0.1089697508709,0.2690364020122,-0.0931724296230,0.3333172682197,-0.1074875778555,-0.0014673890830,-0.0857973723960,-0.2341231937374,-0.2911216280147,-0.0611625883378,-0.0613699668850,0.1184865258413,0.0647871911270,0.1383589575026,0.2050973043275,0.2511259104735,0.3412353312425,0.4413908515927,0.5535865745777,-0.0656038392069,0.0152396169184,0.0673006751041,0.1834003261472,-0.2001605743280,-0.0301698900410,0.3935516733781,0.1155763290307,0.3384435590135,0.7899621377443,0.2274630643689,-0.1088415012027,0.3138364201227,0.5287732229800,0.1199866196173,0.1409510009509,0.2308312196719,0.1167115623281,-0.0747530128627,0.3127963925019,0.0603055773309,0.1518200555737,-0.1216249590595,0.2614446548381,0.2563913966313,0.0473184559161,-0.0070154878922,0.1941058199694,-0.1324269945550,0.2073875343957,-0.1490740199835,-0.2030524190185,0.0890350607163,0.0434275580461,-0.1091839085612,-0.0374417978358,-0.1051568877225,-0.1678275423405,-0.0614404603565,0.0156670848997
0.0308864125939,-0.0837107062152,0.1431513361441,0.3906132403214,0.2777925685819,0.3243874650993,0.3549795176282,0.3067135676398,0.3246533919183,0.3870844996467,0.2560313049814,0.4833383642343,0.4667756207234,0.1724792374022,0.3411402248219,0.4601323932613,0.8262055036681,0.5032678721089,0.2311031407003,0.1856959864531,1.0000000000000,0.1994258913240,0.1969780677551,0.5607492223437,-0.3239490056501,0.2067312492355,0.0700432184385,-0.1235281832431,-0.2263445241350,-0.3372606816502,0.2836631808564,0.1237277129812,0.3995152336541,0.0039808702799,0.2721154250267,0.3176855766076,0.3102846995761,-0.1144361549898,0.1602006194558,-0.1423044530828,-0.2727184483448,-0.2159574101598,0.0986708748907,-0.4793680079563,-0.2644295765559,-0.2963389343805,-0.2179192382592,-0.0205355636965,-0.1008502005511,0.2080488549961,0.2409390712023,-0.1025470809662,0.4122093802090,0.1904696163847,0.4101284769436,0.0594038610675,0.1052569351383,-0.1615800754673,0.4553652991969,0.2709432567047,0.2464459662647,0.3947831339111,0.3127830978919,0.0454069421509,0.2216554022057,-0.0313740563326,0.3412245572761,0.4766303247009,0.1663583612095,0.1971839381673,0.5595265933359,0.4217886457940,0.6342512008510,-0.1495552356459,0.2919066715947,-0.3076743709284,-0.1340962532273,-0.1533739439579,-0.2848654153120,0.4248488541382,0.2160151122951,0.2798584714930,-0.3425729600189,-0.1852183285542,-0.4527293990338,0.0064530578037,0.3996605413085,0.2938688091388,-0.1509080493756,-0.2179740095662,0.0817213768953,-0.1281833551425,-0.3493208521623,-0.0389707393129,-0.0308593794196,0.2109192115575,-0.1475006644522,-0.2360681723708,-0.1170756959298,0.4976648253811
-0.0745922276547,0.1550088064269,0.0625000585797,-0.0373569367256,0.0428493897358,0.1009901902695,0.0775100212923,0.0925060206795,0.0099211556876,0.3338192206305,0.0999654881831,0.1549033484422,0.0397776003804,0.1439374498838,-0.0177076371305,0.1013850399880,0.0701176260579,0.0331173024403,0.0049602500968,-0.1055720426915,0.1994258913240,1.0000000000000,0.0579041116378,0.0385154936209,-0.2493384082199,-0.0413506924820,-0.1434433066743,-0.0007044619838,-0.2042478347221,0.1465038371903,0.0063529265193,-0.0024730226381,-0.0071185632806,0.1455321949860,0.1061460783629,0.0587946402650,-0.1183906528606,0.0010289517782,-0.0243655668421,0.1757315010778,0.2834466572191,-0.0530864393278,-0.1034820293407,-0.1493625007413,-0.0986533313287,0.0472015708335,0.2146965079271,-0.0267129015225,0.4772934977655,-0.0357917038334,-0.0202737998401,0.0705738182735,-0.1181484696052,0.0421519529436,0.1435257941063,-0.2254253868472,-0.0550522570130,0.0531845670343,0.1933561736328,0.0326383927651,0.2970494312506,0.0336836039197,-0.0330342711883,-0.0526315495791,0.1713428635592,-0.2433714310796,-0.0153940535516,0.0363164283729,-0.0014383015177,-0.1804972593114,0.0915528986888,0.4741456894707,0.0751876153809,-0.1156927229419,0.0902491752916,-0.2678087683794,-0.1042052612509,0.0205366240020,-0.0314622800578,0.0043877358481,-0.0005792024825,-0.0153331938097,0.3107134765901,-0.2627569622344,-0.1803714604830,0.1842601226709,-0.0317225309390,0.0179205554845,-0.1659850066936,-0.0690482633053,-0.0049988523651,0.0289931169771,-0.1081788827472,0.3693397322733,0.1598802441697,0.0188408172463,0.4783120064820,0.5026899595358,0.0233955050474,0.1116554562253
0.2983364381223,0.1401023649197,0.1314896045790,0.1981401374718,0.2107098799442,0.2480332312400,0.0715065876319,-0.1757472963629,-0.0997343453183,0.1958335203723,0.3458337638543,0.5543421182528,0.1773570616424,0.0066436120574,0.1938804183701,0.0654140682562,0.1260112604325,0.2030039757754,-0.1932835696636,-0.1188179777390,0.1969780677551,0.0579041116378,1.0000000000000,0.2809715750515,-0.1355493560969,0.4034701003045,0.2649143214017,-0.4329509756974,-0.0502953821496,-0.3433776407400,0.0267827596799,0.2056600250817,0.4625012967100,0.3162283238119,0.0147186714558,0.0977804316453,0.1774524672363,-0.3852215014923,-0.0181649036082,-0.0076285176359,-0.1706373470034,0.1771224090311,-0.1464064190422,-0.1740949143026,-0.3848518914760,0.0454077303726,0.0945765959945,0.0366422478545,-0.0945575598585,0.3915124201186,0.2018435759029,0.0328463120399,0.1551248704088,0.1060290951251,0.1939980898836,0.0714527029656,0.0594386486093,-0.3174469576135,-0.1054608829060,-0.1579038704378,0.1745451238352,0.3778646762125,0.3895479039355,-0.0348204128290,0.0632974227428,-0.1319825575690,-0.0975733793340,0.1195232200409,-0.1822084482442,-0.1699080722907,0.0356064221089,0.5886655378672,0.2489223986637,-0.1930360571963,-0.1205583262958,-0.0256868676174,-0.0146768002012,-0.4323272401763,-0.1017631875138,0.1320336220625,0.3088679433796,0.0509522259011,-0.3648272131473,-0.1942100911001,-0.5131217922047,0.1261516879641,0.1713362749570,0.0169761162141,-0.0848764698610,-0.4168052748592,-0.0816377693930,0.0778565580235,-0.2621024433353,-0.1195650174772,-0.0141810912347,0.0883369953400,-0.2592058943849,-0.2559932656166,0.1829715756248,0.1633832235797
0.0623346215139,-0.2587499582257,0.0025791750576,0.3975621982067,0.2322811271545,0.2828375882833,0.4286646530749,0.0708535981175,0.2574648973967,0.0835456111224,0.2921177005434,0.2897908637673,0.3525294012399,-0.1269359139829,0.2279348629176,0.5406547888672,0.5381753852654,0.5222277811378,0.0977964828126,0.2647487647888,0.5607492223437,0.0385154936209,0.2809715750515,1.0000000000000,-0.3811450491527,0.0848768824663,0.0276351364920,-0.1941444870587,-0.1149877395739,-0.3478745821211,0.5524322220761,-0.0513838643058,0.1291930648959,0.0585432006113,0.4072309731215,0.3198889117275,0.4345957699538,-0.1780965561201,0.3558817971474,-0.0843430695909,-0.1524066922968,-0.1030822405635,0.2941228715579,-0.3483487094271,-0.2481987870041,-0.2659957292033,-0.2294279719760,0.1748490442484,-0.1377347640832,0.2496868673130,0.1315575209596,-0.2052540400652,0.3833542257277,0.2335465932294,0.4466526647407,0.3863686754104,0.2647588203194,-0.2323554118382,0.3557404083390,0.1665108770870,0.0829883143250,0.3237271192123,0.2030588747209,0.1482264418693,-0.0951907159598,0.2170060659921,0.3983246987185,0.4640357051667,0.0323211713788,0.2345490669584,0.3994851978567,0.2553010020657,0.8390898324918,-0.1974264909213,0.1021806236339,-0.2498298023045,0.0547092122335,-0.1821993830639,-0.2407742373677,0.6267378763859,0.0916486184094,0.2216082699550,-0.4392524914406,0.1028163490294,-0.3579991197638,0.0395381786893,0.5615703494318,0.4603435943041,0.1449839759564,-0.3514925607577,0.3291969242311,-0.0618024326507,-0.3694351976214,-0.0780694837558,-0.1280180347971,0.2924273670268,-0.2964932473642,-0.1694900448375,-0.1025765731443,0.3912679561865
