1.0000000000000,0.4507478694148,0.6825430181028,0.4853564483899,0.6042821346557,0.4768306926665,0.3886986660397,-0.0506748535737,0.0291909947589,0.2750405673117,0.1573984299818,0.0404380707170,0.0305457295366,0.4556178062899,0.3893095430351,0.0822734255925,-0.0412870867595,0.0822480088984,-0.0005377922240,0.0464205417500,0.0763337325886,0.2524716541624,0.1284679847963,0.2249278816950,-0.0482523369758,0.0628976899227,0.0675667402763,-0.3225978094674,-0.2294926980287,-0.0275718231329,0.0759079034951,0.0446316598036,0.0602396064859,0.1588654501467,0.1342678124445,0.1640440985120,0.1585425230919,-0.0467783793361,0.2462344028744,-0.0397603101900,0.0093818729371,0.1492847861941,-0.0063600691578,-0.0014890803160,-0.1036187956866,0.1123366481959,0.1176410914839,0.3053738199728,0.3923818184945,0.2892190035040,0.7145648507078,0.5774357684970,0.4819013472097,0.5201955304928,0.4328675934693,0.3072363619844,0.0523132870818,-0.2265564204507,-0.1759843836658,-0.0331249311316,0.1721089216028,0.0483570703479,-0.0039349856068,-0.1795885668031,0.3466509694158,0.1672683446813,0.1579466118003,-0.1293112460466,0.0565627115282,-0.0117268345740,-0.0885414349443,0.1972674883737,0.1627226344513,-0.0521781065319,-0.1207689307646,-0.0230025543431,-0.0421475168491,-0.2975286528247,-0.1879621403056,0.1014214568855,-0.0816884188521,0.0680432247715,-0.0536043577776,-0.0602693142246,-0.0997730488311,-0.0227558727630,0.1618912625925,0.2429392338428,-0.0427306370802,-0.0464417552462,0.1991197796881,0.0496560019173,0.0186491978616,-0.0376827847302,-0.1653770430968,0.3302868884281,0.2394595634516,0.1537375428370,0.0831088160060,0.1040742910811
0.4507478694148,1.0000000000000,0.4100946973802,0.0999542491801,-0.0164614549493,0.0497592832099,-0.0005062110807,-0.0236750441472,-0.0930489518093,0.2220951005029,-0.1524716688769,-0.3305846184464,-0.1704093824316,0.6582199086328,0.1871953704873,-0.2506251278713,-0.1661555730001,-0.0548996239382,-0.0690226728245,-0.1246322890599,-0.0949341516663,0.1893609426130,-0.2912665112250,0.0240495911835,0.1171641873234,0.0137871961474,-0.0853402807098,0.0877907142838,0.4564691562364,0.6274786882151,0.0184456697231,-0.1385405488541,-0.0763344555306,0.0108433100483,-0.1432696034273,-0.0809497848983,0.0232524888225,0.0894551094334,-0.0617427769773,-0.0998921732559,0.2992452961501,0.1052864634240,-0.1859976253437,0.3642098037701,0.0542513290430,0.1123621561760,-0.1674717354258,-0.1030144743946,0.6814201275239,-0.0090773511285,0.0044232138060,0.7373469958573,0.0065948742181,0.0674667258291,-0.0263114375824,-0.0668441624723,-0.1090168164171,-0.0773331158459,-0.3260267867884,-0.1242359645088,0.0290477647199,-0.1634942086752,-0.2973799490279,-0.2837897220431,0.4082846949157,-0.2740835952859,-0.1941939235597,-0.3329054166836,-0.0333514198788,-0.2884496341266,-0.3061813102775,0.0993833577991,-0.0495388245399,0.1205878144256,-0.2679900022989,0.1685327157436,-0.2005099662348,0.0659977431932,0.4753893758002,-0.2251704093640,-0.1780296168082,-0.1994579118492,0.5241617079077,-0.3561810342505,0.1424005739824,-0.1196905001781,-0.0015113938508,-0.0110413149391,-0.2415935580265,0.0547346784598,-0.0196544064904,0.0749291380918,0.2946478058824,-0.0041804925226,-0.1434711642473,-0.1463933057251,0.6726895541100,0.5119595819992,0.1205851571571,-0.1360500972327
0.6825430181028,0.4100946973802,1.0000000000000,0.6364328587421,0.6990609833523,0.7782433960236,0.5956366019551,0.0308537611966,0.0574349840458,0.3987512791295,0.2227242778072,0.0035581280090,0.0045023303357,0.2683671088066,0.3987869045041,0.1766463343897,0.1009474419427,0.0193596032370,0.0889767187458,0.0965049813957,0.2121010535166,0.3110613527555,0.1915579723532,0.1838211778221,-0.0120194888158,0.1797311644708,0.1435709141875,-0.3087742661075,-0.1946918450687,-0.1331824268280,0.1150253988953,0.1956744923822,0.2347434570547,0.2093317000202,0.2145956985054,0.2182662871040,0.2039178854173,0.0537704506925,0.4621927083485,0.0857828277911,0.0331339351438,0.0016078018935,0.0589965548513,-0.0444621925065,-0.0031704864806,0.0496572012022,0.1935014491260,0.3826312669915,0.3549519181492,0.3219200190650,0.5956734437396,0.5376128727290,0.4621532522945,0.7894954847269,0.6063164786334,0.4295975302728,0.1118860207760,-0.2020987130431,-0.1088052032501,0.0323371146944,0.2136185760057,-0.0111432159469,-0.1065423668184,-0.1914064825629,0.0905102377562,0.2734536997964,0.0834502649815,-0.1812736018622,0.0371839384705,0.0233669481493,-0.0768851003070,0.2693166826041,0.2087921797420,0.0808175493411,0.0615906569538,-0.0212307820789,0.0656450466161,-0.2078398184987,-0.2199783026213,0.1046688299969,0.0060264307629,0.1306662819718,-0.1024887649747,0.0177919340124,-0.0607090588418,0.1015853509827,0.2520635383785,0.3111105390929,0.0701482784279,-0.0012507638695,0.3373075715313,0.0888046171540,0.0447304074495,-0.0397620021314,-0.1630035277246,0.4628629531317,0.0529489006878,0.0841528439426,0.0115085005305,0.2561880342879
0.4853564483899,0.0999542491801,0.6364328587421,1.0000000000000,0.5992699249882,0.7192508377714,0.8859169270559,0.1557188611452,0.3079484760856,0.3368623244723,0.4136566500997,0.2727662040727,0.3075732996219,0.2363895256498,0.5827638438726,0.3671503072413,0.3057528438217,0.2286018457102,0.3964630563512,0.2817076050219,0.4001353992975,0.2758505276687,0.4398567126441,0.5305242625717,-0.1718977574070,0.2637792359701,0.2954420902007,-0.5835554888560,-0.2675201169902,-0.2543489857077,0.2854900846819,0.2428751028786,0.3562642528299,0.2859351995023,0.2202079280387,0.4698766536019,0.2392540778989,-0.0901690813480,0.4628128535447,-0.0421160554239,-0.0559126257874,0.1317524711484,0.1694963786898,-0.1434437043982,-0.1930642125263,0.0385778461573,0.2121721467292,0.3703075413650,0.1488286169156,0.3766136156049,0.4637647062362,0.1942947783262,0.8489533639895,0.6744615020774,0.7172191429014,0.8239144574120,0.2873590436357,-0.1594650173384,0.1388057855985,0.2388209090268,0.1508254799740,0.2550075716346,0.1208890986291,0.0805201140000,0.0596360928458,0.3829104591808,0.5524193873634,0.1564185875540,0.4432859380630,0.2997781880007,0.2837336279874,0.3890943580839,0.5761453087812,0.0809639807665,0.0853254162522,0.0068248451887,0.1354846347407,-0.5207163220026,-0.3500440397929,0.3896769088539,0.0907362997375,0.3854776687508,-0.4078674883438,0.1783162602869,-0.1402357455255,-0.0461950358667,0.2690937972732,0.4388673377596,0.0755832494020,-0.0971159984650,0.3172842747183,0.0255418520592,-0.0980740348125,-0.2455927761670,-0.2493624716557,0.5365426764158,-0.1488690042969,-0.1794442406462,-0.0621886613753,0.3223590542840
0.6042821346557,-0.0164614549493,0.6990609833523,0.5992699249882,1.0000000000000,0.8397380272791,0.6160544487436,-0.0068650087436,0.1193344240155,0.1950220755638,0.2710704242253,0.1466239869975,0.1539626980340,-0.0005498403621,0.3388458784058,0.2170425974534,0.1208199470691,0.1100500225607,0.0685999620427,0.1653296111727,0.2005258423826,0.2519937661643,0.2630636500483,0.3248932240627,-0.1988576545951,0.0156734764497,0.0666050426667,-0.3737506132954,-0.4745661429677,-0.4979774032780,0.0558034219425,0.0662076764811,0.1193931346058,0.0808436729487,0.2233904781782,0.2429762829507,0.0949164001945,-0.1821792803325,0.3205879221608,-0.0615376062429,-0.1274322710367,-0.0921683358826,-0.0492522822951,-0.3381512737356,-0.2293644550823,-0.0983584723539,0.1629105638119,0.4747814289060,0.2325082550298,0.2461266178000,0.7514410149047,0.2584866862876,0.5721784397096,0.8088531892870,0.7796805691202,0.5068511906015,0.1889065289634,-0.1936607276444,0.1025972322538,0.1073965015803,0.2160409174257,0.0825037898060,0.0618663909429,0.0297795714614,0.0807693296394,0.3153685753665,0.2734613463357,0.0738318260535,0.0823465320020,0.2345164598147,0.1508394807221,0.2955760640409,0.2952568184764,-0.1031519467762,0.1193760731407,-0.1783464829721,-0.0366956122934,-0.2850430960917,-0.4944208769169,0.2448064627043,0.0752664499955,0.3276801835410,-0.3296964199182,0.0738180565813,-0.2380147828959,-0.0063680215891,0.1813385332903,0.3281879503561,0.0204633462699,-0.1578369560648,0.2816910331444,-0.0919954832068,-0.2323007577652,-0.1572154354227,-0.0394517612090,0.5665157126697,-0.0689645434700,-0.0232119536907,-0.0656351952394,0.3173134921138
0.4768306926665,0.0497592832099,0.7782433960236,0.7192508377714,0.8397380272791,1.0000000000000,0.7714415120467,0.0338896378862,0.1522870539459,0.3141081480791,0.3770946075568,0.2078606841045,0.1659947704924,0.0417536218115,0.3626599335348,0.2974998496182,0.2187766273261,0.1384564950556,0.1705751612249,0.2406307516739,0.3116455207674,0.3214199766882,0.3580783352069,0.3855932492684,-0.1469204663784,0.1346630029374,0.1956881291720,-0.3475485821944,-0.3836918832216,-0.3997190559397,0.1727375543779,0.2043860315575,0.2581563163315,0.1933669931561,0.3353822592987,0.3625560189029,0.2536146674035,-0.0997240929664,0.5105598475031,0.0241694411572,-0.0906059600986,-0.0397767798127,0.0591909110404,-0.2917969093286,-0.1742805424476,-0.0040374961559,0.2040713981250,0.6078023991965,0.2312096514873,0.3029604059848,0.5958434492867,0.2927062911455,0.6028783600206,0.8987897388090,0.8733218265168,0.6382486374795,0.2665361106473,-0.2045733062830,0.0935000216609,0.1438696777117,0.2209156055607,0.1484497778631,0.0720513812477,0.0031953011856,-0.0561177341983,0.4166649354785,0.3089298403375,0.0535187923289,0.1605881783602,0.2672491277381,0.1501834928165,0.3759975709272,0.4143376382619,0.0038438813825,0.1716109974760,-0.1383204472834,0.1252248115953,-0.2721418934297,-0.4197352147972,0.3350433564033,0.1336480596245,0.3621525763227,-0.3522350308821,0.1649653856783,-0.1996274603912,0.0627617229200,0.3320245042942,0.4686996449816,0.1369794819238,-0.1053390852887,0.4505384402809,0.0271340169684,-0.1798296692342,-0.0886420622587,-0.0941166732256,0.7024454597127,-0.1092148876446,-0.0082772864354,-0.0390526061688,0.3738360722412
0.3886986660397,-0.0005062110807,0.5956366019551,0.8859169270559,0.6160544487436,0.7714415120467,1.0000000000000,0.1677802822616,0.3330116041140,0.2658253562896,0.3895701097988,0.2734824319200,0.3278841744522,0.0715256328932,0.4395326455702,0.4337910606504,0.3673388861693,0.2025967068501,0.4311176114005,0.3036202575704,0.4596352820689,0.2226793808450,0.4111454991208,0.5523658639731,-0.1458394937871,0.2712953476491,0.2883474477007,-0.5193989681022,-0.2593839143295,-0.3120727963954,0.3200330202415,0.2219335452564,0.3270180973170,0.2356316517288,0.3615771727165,0.5290204795676,0.2279377433329,-0.0458994178136,0.5754841411360,-0.1102985983236,-0.0954942256612,0.0012850868326,0.2174138439212,-0.1756598338403,-0.1739259057124,-0.0638703497420,0.1427574638329,0.4494822571476,0.0943488237790,0.2878544357489,0.4647909332764,0.1562087948424,0.7592888446604,0.7205938299615,0.7550348353311,0.8914342061520,0.3998499213574,-0.1293922763503,0.2293348107580,0.2804969593846,0.1719498390056,0.2478234624342,0.1355291347699,0.1316365948751,-0.0519056206577,0.4551880712658,0.5849650170396,0.1352051083086,0.4709232708222,0.3617698155887,0.3281025521439,0.3408628819817,0.6235827017613,0.1170224669829,0.2166138549379,0.0522847905316,0.1548766860569,-0.4646771184706,-0.3274945034311,0.4101178950855,0.1135278332337,0.4088765394667,-0.4387901390162,0.3028950536523,-0.0761822118769,-0.0516673955993,0.3054252811419,0.5839092610395,0.1799365047964,-0.0267937732199,0.4341967437714,0.0076711276594,-0.0887134928468,-0.3000245188778,-0.2134910994048,0.6375276957263,-0.1837363804803,-0.1750086395759,-0.1358139727149,0.3712797327277
-0.0506748535737,-0.0236750441472,0.0308537611966,0.1557188611452,-0.0068650087436,0.0338896378862,0.1677802822616,1.0000000000000,0.8546375671082,0.2874548151066,0.3969874099782,0.1971986511529,0.5666680328021,0.1324861014102,0.3869747770773,0.4248261995034,0.5749893323092,0.5425597775735,0.6483781278046,0.6479895820554,0.2522424103574,0.2143306274127,0.0396453838451,0.3299574017452,0.1779719464009,0.0913556291056,0.2101513161699,-0.0125794078876,-0.0210360851400,0.0832993700712,0.2723446892381,0.1617583940668,0.1799420028053,0.1709022878122,0.1564492733144,0.3711644144708,0.1178652812133,0.2632962092724,0.1906648419458,0.2813999128047,0.2637462988835,0.3050798848163,0.3330515449104,-0.0132793705179,0.2356944258985,0.2005924109596,0.1871549771966,0.0943901975891,0.0453826281071,0.2443156176946,-0.0929372856923,-0.1362328933329,0.0515250330648,-0.0536081177994,0.0187767567110,0.0600590599911,0.2529598362687,0.5582089930112,0.6638310392520,0.8199762438761,0.0959367400641,0.3020703483161,0.2647798115161,0.3587670222093,0.0595831022092,-0.0814806471270,0.3134701536143,0.5059620853051,0.4714985389125,0.4938127948022,0.2699763264114,0.0812917026339,0.3022477634608,0.1860889549775,0.0514440335551,-0.1394747587308,-0.0438312652072,0.0357827525519,-0.0330957781632,0.2474401770854,-0.2433234245554,0.1062146376010,-0.1139243855996,0.0805936580906,-0.0492990753525,-0.0585214598907,-0.0516236031398,0.0723990213803,-0.1232210442152,0.0285890843369,-0.0688062730909,0.1039886989630,-0.0204917437042,0.0298216074583,-0.3100776978851,0.0057402768073,-0.0289841241890,-0.0084447986958,0.0353670135074,-0.1808943222550
0.0291909947589,-0.0930489518093,0.0574349840458,0.3079484760856,0.1193344240155,0.1522870539459,0.3330116041140,0.8546375671082,1.0000000000000,0.3260074310461,0.5054785627792,0.3678266652809,0.6368047932339,0.1070406825269,0.4833765064103,0.4441925616863,0.5709858972810,0.5433945761474,0.7434526412870,0.7288084447908,0.3621176493474,0.2932451049723,0.2659952746919,0.5293711789826,0.0786240292609,0.1791505696667,0.2673076958864,-0.1574415415402,-0.0893690612080,-0.0244126738026,0.3166480231399,0.1769246773018,0.2383325018363,0.3001892056747,0.2244185560134,0.5425951303543,0.2015336078147,0.1982373717969,0.2514915091766,0.2446677767271,0.2327522556651,0.3519652480965,0.3541795151540,-0.0368920823324,0.0869004136425,0.1885337275066,0.2227214217032,0.1961653420583,0.0436857954949,0.3410906374515,0.0197817151488,-0.1863424854828,0.1887539525314,0.0420163072012,0.2076566615570,0.2375543617390,0.3748776007438,0.4224809318182,0.6585610289101,0.9331176179649,0.1470151297707,0.4395282573276,0.3992393947599,0.3785568335429,0.0676833602879,0.0401633925633,0.4879475400907,0.4973307849410,0.6694817026753,0.6066457409019,0.3378427959829,0.2356381604385,0.5059987576459,0.1768165149628,0.0737242495491,-0.0642710625852,-0.0528761861959,-0.1628697941055,-0.1255741503532,0.3438873885393,-0.1570216518973,0.1891704242885,-0.2633595439481,0.1613461475228,-0.0787144269101,-0.0031166808471,0.0745118034647,0.2318255971957,-0.0278189379069,-0.0185118429679,0.0175333106504,0.1759349792928,-0.0279899066252,-0.0633327835041,-0.3367493763080,0.1571478313051,-0.0962840808261,-0.0459208909787,0.1155030194914,-0.0273208919979
0.2750405673117,0.2220951005029,0.3987512791295,0.3368623244723,0.1950220755638,0.3141081480791,0.2658253562896,0.2874548151066,0.3260074310461,1.0000000000000,0.4944547972551,0.3891434055054,0.3389325437132,0.2869242696956,0.6023718090263,0.0981244317177,0.4095148864565,0.2055484164661,0.2663772432300,0.2912872978013,0.3959489153360,0.7310220925813,0.3572709783990,0.2596289745721,0.1775405174366,0.3105812766436,0.4524070139005,-0.1258025476225,-0.0950628643373,0.0547806599300,0.2930456906022,0.4717721592519,0.4597681026932,0.4929411254120,0.0948626051806,0.2348892304307,0.4012507190228,0.2651749203309,0.2523827726374,0.4677495406360,0.2826587250542,0.4221914247766,0.2476252539162,0.0996447826820,0.1438073553820,0.4857639771268,0.4277405430382,0.1762998191673,0.2545958142765,0.6635799218420,0.2471267811000,0.1029704816068,0.1091094040173,0.1525269809684,0.3533991590933,0.1109477939750,0.1246054294169,0.1137329150164,0.0001783138116,0.2510632805000,0.5998065333851,0.4181969145198,0.3053467749012,-0.0350172270019,0.0991921974303,0.1535790479954,-0.0139182919229,0.0647618028327,0.1625439775529,0.1218481314314,0.1160687074095,0.5781677606995,0.2042121993145,0.2785186276466,-0.0376815564476,-0.0352779947378,0.1305747510597,-0.1461585813974,-0.1838280248898,0.0869781616999,-0.0149347551685,0.0712587651293,-0.1653117055603,-0.0145203824867,-0.0476870052778,0.2927076655969,0.2697601156576,0.0483587415148,0.0126330877581,0.0593670975835,0.1381886299119,0.3800282551404,0.1456189601067,0.2416974363878,-0.2899618864439,0.2023469357997,-0.0329250015528,0.2417766765105,0.4356911639291,0.2423557572008
0.1573984299818,-0.1524716688769,0.2227242778072,0.4136566500997,0.2710704242253,0.3770946075568,0.3895701097988,0.3969874099782,0.5054785627792,0.4944547972551,1.0000000000000,0.7519950547308,0.6919079406738,0.1442121016494,0.5756776220700,0.3004222264317,0.6633454477864,0.5621536661152,0.3368700466215,0.4852864077547,0.5699078957225,0.3450307311674,0.6104143611472,0.5703302558580,-0.1603435991483,0.3149473302969,0.5686969711155,-0.2200035105071,-0.0673742804091,-0.1134439616403,0.4407171761798,0.4620981541142,0.5594134221745,0.4140333416133,0.2642007359836,0.3211251310623,0.4858360167539,0.0244637564356,0.3919456509823,0.3860310751540,0.1900278039587,0.4255696002930,0.3524723584240,-0.1657054628454,-0.0244549340954,0.1949665829732,0.4086332924616,0.3923333413621,0.0534552166574,0.5887905435233,0.1871477775310,-0.2113983823193,0.2731600558356,0.2469956470280,0.4286735889741,0.3510394936833,0.2655353229842,0.0242213869676,0.3619314696307,0.4313276582918,0.3509847509611,0.7917545329447,0.6213133355816,0.3693189239888,0.0801782527116,0.1889514229969,0.2489865536540,0.5590565902383,0.2437900346190,0.3771694074835,0.4265347581853,0.5281299870101,0.5341255417594,-0.0162313959181,-0.0029492350488,-0.1958760601994,0.2866515156765,-0.2376078236124,-0.1621987500338,0.5349135628513,0.1268875114148,0.3723631231390,-0.3462196965165,0.1217911907062,-0.3415525534162,0.0539987143336,0.4191722900928,0.1434703639423,0.0828470564586,-0.2634436376664,0.2410491375751,0.3022839640526,-0.1978505314738,0.0269907400587,-0.2605860932199,0.3205818515001,-0.1792717675477,-0.0972017777532,0.3280253617202,0.1836539131166
0.0404380707170,-0.3305846184464,0.0035581280090,0.2727662040727,0.1466239869975,0.2078606841045,0.2734824319200,0.1971986511529,0.3678266652809,0.3891434055054,0.7519950547308,1.0000000000000,0.5941233463556,-0.0425826226212,0.3212251814893,0.2125393834097,0.5399665569474,0.3180519662387,0.2571455348659,0.3372220920709,0.6177888741887,0.3244345871467,0.7559221026118,0.3696724643721,-0.0435658320891,0.3541126483924,0.4494682537352,-0.1457802919446,-0.1399258614680,-0.1966924758378,0.2051657167868,0.4405885318362,0.4356741464461,0.4348622257354,0.2291576790137,0.2513017161191,0.2789426521516,0.0438864972607,0.1846911951192,0.3327626256914,0.0896722668198,0.3729538834099,0.2540797126914,-0.1501906288425,-0.0939196496614,0.2346099095997,0.3459189520071,0.2573796660491,-0.2658289422677,0.4555496816384,0.1545659016304,-0.3201366403434,0.1746093905319,0.0512163066186,0.2804448224637,0.2910246870025,0.3153172365099,0.0102770710873,0.2494706717813,0.2846434253997,0.3727937116376,0.7796041318881,0.8274616930292,0.3620278244616,-0.0392463797868,0.1183442097180,0.2080153891628,0.4197425155018,0.2376169129889,0.3853984537112,0.5590320223570,0.5786353666528,0.3632944269032,0.1151292979173,0.0757756681740,-0.0336728548821,0.2937393671983,-0.2208993298989,-0.1783078870923,0.3190786270961,0.2600532654159,0.3751134551144,-0.4260345702045,0.1117163008091,-0.2167883233645,0.1869637872217,0.2381970739858,0.1206347103634,0.0409455036706,-0.1125660952201,0.0560767158975,0.3591692142782,-0.1121980033420,0.0929170036807,-0.1296785239232,0.2896521256144,-0.3117034462065,-0.1874402297853,0.3771234447122,0.3166829286176
0.0305457295366,-0.1704093824316,0.0045023303357,0.3075732996219,0.1539626980340,0.1659947704924,0.3278841744522,0.5666680328021,0.6368047932339,0.3389325437132,0.6919079406738,0.5941233463556,1.0000000000000,0.1793193054184,0.5536673070753,0.2664713390941,0.7232298931201,0.6174150710364,0.4054238870178,0.4939305959524,0.4673728838993,0.2066932530451,0.3105673683841,0.5616682789848,-0.1115471205673,0.1667236584417,0.3977985143039,-0.1154671420195,-0.0005071017504,-0.0034621824307,0.3592596938427,0.1834533100183,0.3620476849583,0.2171934052117,0.1656431520022,0.3115617460310,0.2773826249280,0.0152652743142,0.2262112761487,0.2213383356871,0.1718978260452,0.3405965226902,0.2442608208943,-0.1567685386385,-0.0994102782163,0.0968686836862,0.1384672818692,0.2561339703676,0.0584507137151,0.4237604343051,0.0067759906205,-0.2670300036300,0.2193152577376,0.0422256977909,0.2882239138352,0.3076899690761,0.4403052581919,0.2473649053716,0.4930473397101,0.5191170465342,0.3307054345857,0.6365376703115,0.6419903824553,0.7352006084610,0.1877109125156,0.0140974914771,0.3064768512756,0.7323044120207,0.3630356455953,0.4464848326126,0.4942849172193,0.3725284890635,0.5157065214463,0.0117291781231,-0.1015515531538,-0.1900975125109,0.0554695531216,-0.1990905280364,-0.1209146320762,0.3850943376359,-0.0229093109156,0.4622268568097,-0.3102771722192,-0.0151385799151,-0.2653662126978,-0.1143372068651,0.1990917479263,0.1267523508121,-0.1360611815214,-0.1577387380953,0.0885500820895,0.1385259605376,-0.2003174126584,-0.1675188570260,-0.2416230665363,0.1772922124399,-0.0921783095033,-0.0404686859043,0.2184081478710,0.0664455343330
0.4556178062899,0.6582199086328,0.2683671088066,0.2363895256498,-0.0005498403621,0.0417536218115,0.0715256328932,0.1324861014102,0.1070406825269,0.2869242696956,0.1442121016494,-0.0425826226212,0.1793193054184,1.0000000000000,0.5167560054873,0.0029006173854,0.1790615915190,0.3276772014947,0.1449087112296,0.1466345134650,0.1685776935728,0.2552666807476,-0.1034182837607,0.3148211912407,-0.1234609927108,-0.0278212471762,0.0871138603885,-0.0423391312383,0.3448085539084,0.6227817578826,0.3747639303652,0.0488405736033,0.2069014024839,0.0615399747775,-0.0540584948715,0.1477532003438,0.2152692418517,-0.0017927663365,0.0204080872615,0.0119142967502,0.3775213064065,0.4229018898044,0.0703166444211,0.0738237034659,-0.0628114025661,0.2217791527592,0.0161764170963,0.0461601712807,0.6563040870718,0.2918012715714,0.0352480716015,0.5067067215482,0.2138430232759,-0.0167761833843,0.0779462561705,0.0344294173052,-0.1047966236711,-0.0914372456133,-0.0493848815343,0.0366315945332,0.0802455278478,0.1238927344869,0.0040418571921,-0.0308261823453,0.6117906099226,-0.1131746363669,0.0800693533681,0.0920238241852,0.1741569191412,-0.0361576342260,-0.0751629618081,0.2442541368505,0.2257490933739,-0.0795687971250,-0.3058156182431,-0.1082132554264,-0.1836813890996,-0.1346255540148,0.3135539258211,0.1255972824865,-0.1426071656789,-0.0001928965222,0.3367888220452,-0.2218810776329,-0.1446824005084,-0.1933186146300,0.1290033416109,0.0253675452501,-0.2845923792324,-0.1129950598380,-0.0320983961910,0.0562389642991,-0.0162824195219,-0.0546891999424,-0.2094868355361,-0.0783458155736,0.6068784769084,0.4539706122898,0.3032506431592,-0.0675648610567
0.3893095430351,0.1871953704873,0.3987869045041,0.5827638438726,0.3388458784058,0.3626599335348,0.4395326455702,0.3869747770773,0.4833765064103,0.6023718090263,0.5756776220700,0.3212251814893,0.5536673070753,0.5167560054873,1.0000000000000,0.2716005535758,0.5110449338696,0.5609346014098,0.3971957116334,0.3981810431219,0.3707209717256,0.3896939862559,0.3155996018350,0.5436472173904,-0.1472009995502,0.1733278537122,0.3264256906738,-0.3829169028179,-0.0782473326208,0.0048839387477,0.4528631294288,0.2969895571145,0.4100782046982,0.3807272033277,0.1379459229763,0.4000161088413,0.3599267878190,0.0128755535956,0.3253705329089,0.3092373315835,0.2263580008616,0.4385148177918,0.2761486925046,-0.0638353960359,-0.1194197148270,0.2331037633400,0.3023221565810,0.3482419481321,0.3594161017152,0.7248529765476,0.3031035052166,0.0842871289298,0.4770389418328,0.2798492479189,0.4710004776050,0.3124593068216,0.0640181743541,0.0095186775457,0.2352082033932,0.3795881360357,0.3181172137515,0.4214882832222,0.2791831408009,0.1631871400126,0.4658158794716,0.2525309198149,0.2990771194981,0.3646463739943,0.3717949823738,0.2006292848740,0.1487826065690,0.4200994265443,0.4483342257002,-0.0724297321922,-0.2371313254639,-0.2243667775989,-0.1023473319040,-0.4454513302660,-0.2345772245505,0.3367392559545,-0.1635036748732,0.1243315340496,-0.2711546591259,-0.0623478991848,-0.3181956798160,-0.0560089080223,0.2608667923061,0.1539213491531,-0.1610574065577,-0.2114927207997,0.1862223250655,0.2227413588774,-0.1236804894369,-0.1466920850965,-0.4130791929991,0.2625140781266,0.0101801783975,0.0330608755596,0.2402681385963,0.0655549835622
0.0822734255925,-0.2506251278713,0.1766463343897,0.3671503072413,0.2170425974534,0.2974998496182,0.4337910606504,0.4248261995034,0.4441925616863,0.0981244317177,0.3004222264317,0.2125393834097,0.2664713390941,0.0029006173854,0.2716005535758,1.0000000000000,0.6059625118761,0.3898789897181,0.6333195793996,0.5575405954487,0.4782655910432,0.0927685123605,0.2893572238345,0.3266589620049,-0.0628616252235,0.3431548327506,0.2598953174497,-0.2487786684994,-0.2420108024978,-0.2074830855689,0.3996388849106,0.4362802865638,0.3470676089784,0.2507921541867,0.6947666251931,0.6863321045880,0.2194890292523,0.3263018466887,0.5531411592741,0.0976773295920,0.0550843021255,0.0694246504010,0.6632060421651,-0.0665028585696,0.2622356400245,-0.0335583537962,0.3290388699209,0.3167911609524,-0.1670127183146,0.2249607916097,0.1791196115557,-0.2002911584387,0.3031453321208,0.2057725437207,0.2106620898575,0.2373684311625,0.2090484671375,0.0941115363399,0.5076311648496,0.4522151776067,-0.1075191220915,0.1768941971094,0.0864834943718,0.0334543865038,-0.1524930212499,0.3115712396099,0.6832894964656,0.3146266222198,0.4528553338956,0.4293421550098,0.2685280078527,-0.0731295874383,0.3769471718006,-0.0355433253553,0.4311205434873,0.0243696872765,0.0892930252520,-0.2059030694429,-0.2362168103931,0.5642079674451,-0.0837713417380,0.1401449986184,-0.4537225650726,0.5978413433084,-0.0107923977583,-0.0571109100458,0.1417129168492,0.4871278202729,0.1929546483967,0.0338255162133,0.2084512611626,-0.0011542244666,-0.0012828079414,-0.1892326033468,-0.3337563183449,0.3352567486536,-0.2678126919446,-0.3512707609490,-0.2349025242613,0.0551099140569
-0.0412870867595,-0.1661555730001,0.1009474419427,0.3057528438217,0.1208199470691,0.2187766273261,0.3673388861693,0.5749893323092,0.5709858972810,0.4095148864565,0.6633454477864,0.5399665569474,0.7232298931201,0.1790615915190,0.5110449338696,0.6059625118761,1.0000000000000,0.6035414693298,0.5837563377703,0.6141461975195,0.7471562080241,0.2845202186377,0.3458289240356,0.4971199494892,-0.1042357846220,0.4159362624242,0.4791466619253,-0.0932519361967,0.0042018068787,0.0077724314321,0.5481499780001,0.5153421517538,0.6125461838690,0.3291138290654,0.3797143547243,0.5110910654083,0.3527940732301,0.2982223477086,0.3803757233230,0.2686128621489,0.2508925644021,0.3032023391969,0.5631570143945,-0.0433193216696,0.1846463557732,0.1281104511665,0.3143098040400,0.2567565316345,-0.0125605256233,0.4648462729762,-0.0241281621173,-0.2478760619253,0.1535093575425,0.0687431148563,0.2302940866010,0.2339016133937,0.2537967133221,0.1558260017269,0.5018979309412,0.4908531383186,0.1969087317133,0.5418525123769,0.4300326833010,0.3443812682646,0.0147960601849,0.1480161883815,0.3824663738685,0.5716472123534,0.3941601460727,0.4587726483417,0.4637301783726,0.2553278752709,0.4988864530639,0.0417966378270,0.1694454990354,-0.0723963544499,0.1519425816292,-0.1320851137552,-0.0681223894244,0.5190270564933,0.0050085784652,0.3600809736434,-0.3852664511052,0.2481219523034,-0.1605416167347,-0.0336648861284,0.2406381703133,0.2096165192867,0.0103765864703,-0.0648391858733,0.0736688237146,0.1589334842421,-0.0583491516819,-0.1185580633820,-0.3650661319409,0.1843221804781,-0.1696344781427,-0.1321246008617,0.0777536177363,0.0850162610746
0.0822480088984,-0.0548996239382,0.0193596032370,0.2286018457102,0.1100500225607,0.1384564950556,0.2025967068501,0.5425597775735,0.5433945761474,0.2055484164661,0.5621536661152,0.3180519662387,0.6174150710364,0.3276772014947,0.5609346014098,0.3898789897181,0.6035414693298,1.0000000000000,0.3187193693294,0.6002095241987,0.2911817922839,0.1127821797784,0.1423853746332,0.6486214601830,-0.3471793722719,-0.0472489546393,0.2748162384102,-0.2184125020358,-0.0308631474660,0.0596493711364,0.6105362475865,0.1638052670514,0.3044863590536,0.0895513170966,0.2913065062072,0.3262492170474,0.4203580490887,-0.1268774601025,0.2594838482589,0.1769459447290,0.1379160808955,0.4061663857357,0.2898852251622,-0.3496614889460,-0.1491637056939,0.0937468858803,0.1659891850797,0.3467342451525,0.2345855409262,0.4628460152714,0.0008281900781,-0.0836957638191,0.2403506506390,0.0513996865382,0.2666395099614,0.1714020054370,0.0626352144113,0.0500814669113,0.5969562230361,0.4796667731787,0.1713182049656,0.4465585638291,0.3267737121219,0.3625510596500,0.3080504302085,0.1659735688578,0.3645165017234,0.7526958946354,0.2999938209381,0.4385525369502,0.2645348305682,0.2578300021317,0.5503380428357,-0.3350778729034,-0.1778223867187,-0.4344967872286,-0.0172454101568,-0.2633363332064,-0.1005603242243,0.6351700953175,-0.0806572800194,0.2168524894192,-0.1118702474047,0.0530096521756,-0.5131135066803,-0.1739895312229,0.3119772088763,0.1664436083379,-0.0910063570602,-0.3666095578098,0.1747990247107,0.0601305919990,-0.4371273471999,-0.0993676775317,-0.2531609017868,0.1717911813618,0.0336738944644,0.0806977991670,0.2417304132605,-0.0692382940970
-0.0005377922240,-0.0690226728245,0.0889767187458,0.3964630563512,0.0685999620427,0.1705751612249,0.4311176114005,0.6483781278046,0.7434526412870,0.2663772432300,0.3368700466215,0.2571455348659,0.4054238870178,0.1449087112296,0.3971957116334,0.6333195793996,0.5837563377703,0.3187193693294,1.0000000000000,0.6535790639724,0.4689133403585,0.2441541142977,0.3141109438017,0.4410506649110,0.0887107731841,0.3295765626015,0.2833505942557,-0.2601828832796,-0.0535295951466,0.0073621143272,0.3166362349355,0.2127818518460,0.3072723524280,0.3872896989684,0.2651074989136,0.7853954431045,0.1045851477172,0.3515477312756,0.3036697883449,0.1439338927799,0.2811887764806,0.2970748211255,0.5065750906159,0.1027031099774,0.1608737873312,0.1256076653654,0.2218207122430,0.1874674108239,-0.0167516367382,0.2290408277927,-0.0168119324823,-0.1424982667989,0.2776455380002,0.0505511166730,0.1640545678494,0.3110472662772,0.2829118393451,0.2527536079187,0.5003258251709,0.7204585704501,-0.0325800705283,0.2899075842552,0.2103550569128,0.1241910568942,-0.0351775632574,0.1228481986411,0.6999306911322,0.2329858320488,0.8549418639570,0.5035086553163,0.2829827049151,0.1112051319865,0.4730806692797,0.3031752259507,0.2033871401724,0.1374604612052,-0.0180457248308,-0.2600758744310,-0.0711492131129,0.3116315473762,-0.1983373800510,0.0835289758117,-0.3280320938256,0.3611071028056,0.1386402723091,0.0064184326028,-0.0002563149875,0.3816770059020,0.0937538269732,0.1729574346636,0.0224537187156,0.1854488807352,0.1681708336206,-0.2326217268327,-0.4139112621082,0.1825588413039,-0.1348607124761,-0.1504128423289,-0.0533599055126,0.0300805135400
0.0464205417500,-0.1246322890599,0.0965049813957,0.2817076050219,0.1653296111727,0.2406307516739,0.3036202575704,0.6479895820554,0.7288084447908,0.2912872978013,0.4852864077547,0.3372220920709,0.4939305959524,0.1466345134650,0.3981810431219,0.5575405954487,0.6141461975195,0.6002095241987,0.6535790639724,1.0000000000000,0.3992885004686,0.2421975334552,0.3386617669603,0.6033934628525,0.0611302223631,0.2663836192855,0.4381474989256,-0.1838970152085,-0.1346596010141,-0.0519662641540,0.5427518863585,0.3308171182387,0.4682464795389,0.3300756691516,0.3793139350096,0.6282495205714,0.3463024798810,0.2891407348555,0.3496733812565,0.2237283511022,0.2405488126860,0.3668602983348,0.4732313550936,-0.0861684111961,0.1944829710020,0.1996178662987,0.3301231429407,0.2937910754123,0.0917245447802,0.3448523431202,0.0672971444642,-0.1368497564399,0.1461788622370,0.0843993633022,0.2559288046855,0.2288899085534,0.2882910788956,0.1689763919442,0.5620180759304,0.7033140816870,0.0562952580358,0.3598381447973,0.2564934248491,0.1539047593168,-0.0652840925191,0.1675774089718,0.4895908186866,0.4526703229332,0.5369037668037,0.7826920626442,0.2044211098329,0.1942156275016,0.5602252883085,0.1460196422064,0.0899869255130,-0.1256423015564,0.1725796951185,-0.1879555229086,-0.1526640660769,0.5620915630618,-0.0532242829692,0.2502827635821,-0.3147464488535,0.2979713615347,-0.1207716273364,-0.0093402386059,0.2391599868983,0.2910545698698,0.0584945200289,0.0321082925131,0.1165286556326,0.2167762554605,-0.0747087378371,-0.0300476596400,-0.3435625364419,0.2245928579957,-0.1132889487589,-0.0369039580529,0.1445594566215,-0.0297194468267
0.0763337325886,-0.0949341516663,0.2121010535166,0.4001353992975,0.2005258423826,0.3116455207674,0.4596352820689,0.2522424103574,0.3621176493474,0.3959489153360,0.5699078957225,0.6177888741887,0.4673728838993,0.1685776935728,0.3707209717256,0.4782655910432,0.7471562080241,0.2911817922839,0.4689133403585,0.3992885004686,1.0000000000000,0.3518514987141,0.5012478391359,0.4787203425795,-0.1717954694132,0.4886362956973,0.4656213663237,-0.1008119152805,0.0258702366038,-0.0027776901694,0.3939671054695,0.4777394943193,0.5956823367251,0.3022192452084,0.3928619736081,0.5027610214190,0.2730820273577,0.1962815799621,0.2765564389148,0.0660581232364,0.1335592308563,0.1754074395030,0.4669402883042,-0.0403397981925,0.0381597285319,0.0300618143284,0.2183370075927,0.1206862001019,-0.0294027697136,0.4049944912095,0.0872677548006,-0.1473715597754,0.2117743246411,0.1581962672475,0.3116288460000,0.3505184683506,0.3235770181024,-0.0723255007241,0.2307071262092,0.2786400275885,0.1906128797749,0.5239491111325,0.4057194617355,0.1543612094336,0.0041313080732,0.1820417017794,0.3499251509594,0.2421019694813,0.3745685690631,0.3521389362425,0.5456041484257,0.4198858581212,0.5174311842401,0.1624611568009,0.3524746916440,0.1079230342018,0.1973090190348,-0.1468183957837,-0.0464263295206,0.3924078015953,0.2068787320308,0.3850612672194,-0.3307888135353,0.2505869642804,-0.0609590150486,0.0118636870454,0.2927063120443,0.3405647516740,0.1518370463567,-0.0541755432313,0.0633372569625,0.1276801339209,0.0542562207331,-0.1034759809163,-0.2301199821795,0.2392840553048,-0.1472923991653,-0.1614372086712,0.0755475878501,0.4674545389298
0.2524716541624,0.1893609426130,0.3110613527555,0.2758505276687,0.2519937661643,0.3214199766882,0.2226793808450,0.2143306274127,0.2932451049723,0.7310220925813,0.3450307311674,0.3244345871467,0.2066932530451,0.2552666807476,0.3896939862559,0.0927685123605,0.2845202186377,0.1127821797784,0.2441541142977,0.2421975334552,0.3518514987141,1.0000000000000,0.3508328257811,0.2331270955993,0.1384100468874,0.2191049237004,0.2703212181829,-0.0494412422298,-0.1096549760787,0.0160156571013,0.1904431392609,0.3610908629263,0.3298489910722,0.3713087688316,0.0930831364992,0.2707659115139,0.2681221500073,0.1627894068341,0.1343289250522,0.2751095014557,0.2353408800285,0.2843213251475,0.1163473272678,0.0680219165172,0.0503632024889,0.5551770941436,0.3443694455748,0.1085668678829,0.3009742754916,0.4214131695091,0.2588707400151,0.1725215448255,0.1001129074014,0.1387225503474,0.3338568213983,0.0937084020149,0.2235927053741,0.1311803506196,0.0250754061438,0.2642499250197,0.3792329160397,0.3265890089839,0.2727212946345,-0.0565419614616,0.0383316052443,0.0696443688235,0.0713451892614,0.0361079663215,0.2220094667005,0.1502743427225,0.1495087216845,0.5834812213520,0.2032664751149,0.2515699703081,0.1526862022358,0.0178580174213,-0.0248305524889,-0.0651431952749,-0.1279160231856,0.1061409221480,-0.0151129342066,0.0994528805525,-0.0988177616854,0.0499620907966,0.0055908541763,0.1724209242149,0.1677911571668,0.1202038601266,-0.0502601205259,0.0517424096183,0.0417990942286,0.2243327466437,0.1447929726105,0.2854783541578,-0.2227248014922,0.2119269385394,0.1176685481914,0.4119456871817,0.2372401825768,0.2379013294409
0.1284679847963,-0.2912665112250,0.1915579723532,0.4398567126441,0.2630636500483,0.3580783352069,0.4111454991208,0.0396453838451,0.2659952746919,0.3572709783990,0.6104143611472,0.7559221026118,0.3105673683841,-0.1034182837607,0.3155996018350,0.2893572238345,0.3458289240356,0.1423853746332,0.3141109438017,0.3386617669603,0.5012478391359,0.3508328257811,1.0000000000000,0.3497385802040,0.0205029329850,0.5093107822995,0.4832355321337,-0.4348288662083,-0.2155230809595,-0.3099964593421,0.2391594172376,0.4987289028617,0.5241773880341,0.6204548565009,0.3291362425247,0.4067516617399,0.2969478599855,0.1218798377000,0.3330868469590,0.2576849741733,0.1042243766942,0.3248626541922,0.3626578249388,-0.0285217360072,-0.0193934221358,0.1966519719704,0.4858147894225,0.2956643096141,-0.2187636263141,0.4087947080756,0.2597659526791,-0.2549856692828,0.2410476622967,0.2286880579680,0.3825311351733,0.3961239002387,0.2446099339479,-0.1229302940162,0.0344353578035,0.2084755803116,0.1109558585503,0.5910939562723,0.5228542157976,0.0449779903609,-0.2399658721804,0.2791248557966,0.2955543709561,0.1458274963687,0.3212349952419,0.3225758466315,0.2778198995835,0.5395882377985,0.3485096669176,0.1715117476012,0.1896520575198,0.1386161228523,0.3264326064405,-0.4682942148776,-0.2609959979348,0.3474967046736,0.2101624097299,0.2428175531245,-0.5419410790086,0.3202204575422,-0.0576052963161,0.2494763541949,0.3007515142213,0.2787853032782,0.2274537825731,-0.0035189242791,0.1843877500177,0.3976739554031,0.0435947582797,0.0065030523383,-0.2350992325458,0.4002715130921,-0.4199080002845,-0.3221999595390,0.1988912750413,0.2835265396915
0.2249278816950,0.0240495911835,0.1838211778221,0.5305242625717,0.3248932240627,0.3855932492684,0.5523658639731,0.3299574017452,0.5293711789826,0.2596289745721,0.5703302558580,0.3696724643721,0.5616682789848,0.3148211912407,0.5436472173904,0.3266589620049,0.4971199494892,0.6486214601830,0.4410506649110,0.6033934628525,0.4787203425795,0.2331270955993,0.3497385802040,1.0000000000000,-0.3905126251586,0.1855474009014,0.4384721215124,-0.3841743606168,-0.0218619264465,-0.0501595624660,0.6191061346326,0.1122642245419,0.3648941260793,0.2532178328284,0.3106159293366,0.5546886323275,0.5374296830533,-0.1335928304827,0.3719177543591,-0.0128984760107,0.1612174376875,0.3004024276206,0.2578817686361,-0.2461080602913,-0.2963518643250,0.0515987275204,0.1331604800119,0.3939746272679,0.3285821347320,0.3728916879237,0.1751428821206,0.0467709644775,0.4471770726604,0.2608909141399,0.5300380209902,0.5521896397338,0.3471942918620,-0.1965666627287,0.4020916903043,0.4214268765816,0.1378924185394,0.4650065429231,0.2798348159294,0.2521888742532,0.1658467728747,0.2762212635971,0.5488518562686,0.4538497166760,0.4974355907075,0.4864946556102,0.3313079993004,0.4256770446678,0.8849483933124,-0.1439591372252,-0.0315919932213,-0.1573266380938,0.0777765167833,-0.4291118693117,-0.0975245972481,0.6801554392906,0.0136920514357,0.2985370944110,-0.2815586638517,0.1993319196044,-0.3781501161578,-0.1262354016657,0.5575446043485,0.5306659842375,0.0870214871965,-0.2883954489442,0.3932949254982,0.1341864859887,-0.2578124633417,-0.2313121727999,-0.2953925398541,0.3992821503310,0.0565922227935,0.1037703228024,0.1746541743262,0.2382486564190
