1.0000000000000,0.4078255376690,0.6968267272250,0.4404400747693,0.6404650175456,0.5300273307362,0.3818750947956,-0.0223744934089,0.0393841677439,0.3856875788581,0.2867852479521,0.3117033567699,0.0962824894608,0.5791756255819,0.2439693317342,0.2633057932762,0.1500166301261,0.2182298807109,0.0576641576498,-0.0140395460004,0.1079274987444,0.3206465764058,0.3272044326309,0.1294843183524,-0.0139128118177,0.1462226485190,0.0789958641097,-0.1385858615510,-0.1159925122380,-0.0836317930500,0.0790216013446,0.2869742248988,0.2670138397651,0.0715522383840,0.2877442886954,0.0373869641760,0.0602677294802,-0.0663239890718,0.0777926703463,0.0777264395700,0.0984115673010,0.1293937855376,0.0125624482138,-0.0934700902833,-0.0380569290929,0.0714709632816,0.0573110002153,0.3591626609281,0.3955981248040,0.1475086370753,0.5390477067916,0.4698618680479,0.3980505082556,0.5451140671382,0.3319945105836,0.3274156159281,-0.0991487768872,-0.0559138164568,0.1501488414003,0.1855366888249,0.0125363371654,0.1015763725057,0.0455701453189,-0.0715779984557,-0.0619739998149,-0.1351882790794,0.1904944367585,0.0702074480232,0.0627221478623,0.0053683176320,0.0374868956338,0.1685261843288,0.2263720434817,0.0171390471599,-0.0725266133441,-0.0621688631832,-0.0218239236413,-0.1914512265462,-0.3287196457104,0.0855499440616,-0.0582967139873,0.0842823592009,-0.3156553040994,-0.1731577948298,-0.3054984120742,-0.1501059104314,0.0455606109685,0.2014578208762,-0.1663291095542,-0.1570630641925,0.0131498613525,-0.0601856019636,-0.2314515139363,-0.1181418163855,-0.2185943688968,0.2230512628837,0.0018973863842,-0.2740169166257,0.0749359548934,-0.0823385366397
0.4078255376690,1.0000000000000,0.4052719426913,0.4380905433432,0.1309202026299,0.2931131372226,0.3191799398845,0.0810132576381,0.0098376174691,0.5157293779706,0.2044164458386,0.2668812636633,0.0864929812450,0.7495863369205,0.4118710646506,0.1984911899447,-0.0116299601257,-0.1158680465467,0.1329244655355,-0.2522734460622,0.0330829592457,0.4414407280193,0.1111070660569,-0.0937021449604,-0.3365107727384,0.1806381274987,0.0991106191110,-0.0202338101377,0.2596935252714,0.4777579400110,0.0119188787862,0.1668642913726,0.1380549292117,0.2219060664608,0.2417994047134,0.1304602785576,-0.0830777202830,-0.1137003571073,0.0429627370653,0.2062690048669,0.2490609843703,0.3398043545452,-0.0031768807245,0.0823122877402,0.2182554339588,0.1527765727332,0.2785660513748,0.0081422279628,0.3475479962689,0.2724911553504,-0.0619517542472,0.3646109302280,0.2661917194165,0.1896982216529,0.0646403152387,0.1862296818829,-0.0637279065059,0.0298593004583,-0.0250247320869,0.0729046673251,-0.0362970925356,-0.2880020955892,-0.3067608723785,-0.1701809122916,-0.0850542505905,-0.1821486870956,0.0435436542128,-0.2203141841777,-0.0102427877555,-0.2993014262214,-0.0822955700708,-0.0188158258152,-0.0226539093336,-0.2772180745364,-0.0591373332507,-0.2639365270275,-0.0445228006396,-0.0662630308159,0.0744436777571,-0.2014839798105,-0.3505151639584,-0.1254027838341,-0.2045080846137,-0.1384273917199,-0.4024357049022,-0.0033856126590,-0.0529829539781,-0.0219649426599,-0.1886188000206,-0.2383518908004,-0.1292755669233,-0.0632268226466,-0.0377808609493,-0.0345931438667,-0.2180060616448,-0.1388730164810,0.2177532083648,-0.1562842775203,-0.0292784216313,-0.2676332189386
0.6968267272250,0.4052719426913,1.0000000000000,0.3731978832784,0.5048804140946,0.6993231404416,0.6218229993877,0.0397337619132,0.0791100052686,0.3671740803912,0.1609030761522,0.1604490669197,0.0797945852382,0.3819468770634,0.1056067484659,0.1869607312546,0.0921907006389,0.0772035905070,-0.0634775470419,-0.1228925820947,-0.0869122552988,0.1036680041873,0.0866552685997,0.0038629445142,-0.1352677858844,0.0769824984789,-0.0625322504357,-0.2506079003363,-0.1671466713259,-0.0425090968858,0.0779218755676,0.1076311352295,0.1251249608483,-0.0448670343754,0.2570559759940,-0.0345892512719,-0.0455871492811,-0.1319083129151,0.2144654454104,0.0316039180121,0.0007168246628,0.2377944965560,-0.1308158134452,-0.0649775886094,0.0447721339777,0.0050204119795,0.0410955854068,0.3377031396516,0.1377676017120,0.1451204992934,0.4101534326922,0.6733501123905,0.4296159070834,0.7695999654159,0.4661416352459,0.4579240786984,0.0400678769788,0.0868229470264,0.2329595722465,0.2283745528758,-0.0133761617479,-0.0178800209159,0.0262884867397,0.0186190579725,-0.0254340481282,-0.0054118994784,0.2642597868141,0.0253834526652,0.0998193848775,0.0062708027210,0.0329790287309,0.0234992914697,0.1548023523440,-0.1339555570017,-0.0206078685838,-0.1301756644658,-0.1354131608888,-0.2715340585140,-0.2448156922480,0.0882992564846,-0.0383508014534,0.1096059175374,-0.0853124961226,-0.0829141336705,-0.1587632138568,-0.1399911038614,-0.0581337470639,0.2465485158871,0.0009081333433,-0.1641660764782,0.0896014186785,-0.1691756661028,-0.1655192557400,-0.0787796254455,-0.1532240155884,0.2312407780941,0.0489047338998,-0.2585347558772,0.1947192361148,0.1392199681770
0.4404400747693,0.4380905433432,0.3731978832784,1.0000000000000,0.3610601593669,0.4218688574624,0.7105146310556,0.1227745935759,0.2046697739391,0.4662692869724,0.5696371166004,0.4024416865784,0.4189326395574,0.3408289644103,0.5347268806752,0.5173576665745,0.4342400558185,0.1823443357381,0.0954861112282,0.2393854754742,0.2750543279190,0.3087468689339,0.2265466668393,0.1037616510496,0.1763633461822,0.2505865798216,0.2320146509122,-0.0853334090617,0.1281035800507,-0.0640333645706,0.3554466847937,0.2416433694045,0.4840876813098,0.0225675416076,0.2640461886494,-0.0017731508190,-0.0627138089627,0.2177732237222,0.0560332040551,0.1456513060866,0.2080728176478,0.1181590674028,0.2093187281638,0.2137189122630,0.2136898933244,0.2955884006989,0.4065573215894,0.1341536912515,0.4280087452038,0.3059478111230,0.0108400843923,0.2596083776826,0.5556953564647,0.3173741675200,0.1981218057882,0.6426438593485,0.0030562932801,-0.0623518528432,0.1693972041987,0.1453587549396,-0.0368053745073,0.2119931155369,-0.0482936799768,0.1496484083525,-0.2349948387602,-0.1614666334581,0.1572665922885,0.2746080330165,-0.0924189132071,0.0903043117919,0.0612999906819,-0.0757000629238,0.0898964935291,0.1502752672039,0.0212770579143,-0.3294077009092,-0.0376034991153,-0.0100094416330,-0.2874342945705,0.1297908885989,-0.3615436228623,0.0085230698471,-0.4371930190881,-0.1070494716470,-0.3778507696517,-0.3039115361715,-0.2051434999590,0.1029516542403,-0.1685372174080,-0.1052789138366,-0.0520401767332,-0.2058899143257,-0.0670463853778,-0.1632323924206,-0.2798914176724,-0.0428447354139,-0.1939624264543,0.0475891169532,0.0192785007693,-0.1132687350151
0.6404650175456,0.1309202026299,0.5048804140946,0.3610601593669,1.0000000000000,0.6421446138549,0.4761255616401,0.2376779218785,0.2723421849993,0.2333769725953,0.2176428938166,0.1398318777757,0.1918313417374,0.3491552978308,0.0138015016319,0.2278007322470,0.2139135638029,0.3519832704311,0.0422752691502,0.1846528894427,0.0283878085139,0.1167224426979,0.1493814160225,0.1854844589526,0.2689335251783,-0.0953107003919,-0.0760516653967,-0.0841178763848,-0.0588341349682,-0.2339774641949,0.1597484547470,0.0440628164153,0.1146793711943,-0.0586059183741,0.1464285466195,-0.0502457544773,0.1502499531057,-0.0515749413948,0.0987161013404,-0.0395573642544,0.2013060070905,0.0532151200028,0.0423907898659,-0.1462114559915,-0.1521322098044,0.0010401437556,0.0032024070476,0.4550877718187,0.5089370973758,-0.0142005063429,0.5653900274955,0.3215954081920,0.2966519173841,0.6068363230204,0.6437910351288,0.4647120391267,0.1321185391795,0.2338211771041,0.3004060176302,0.2303274493111,0.3757600653078,0.3371045887121,0.1216914263723,0.0885053135822,0.2550736088897,-0.2453809983465,0.2864093489365,0.2987786288493,0.2637769020616,0.2280582579098,0.0409748131996,-0.0740999562607,0.3058031598761,0.1595511998761,-0.0387137524488,-0.2527789763616,-0.2392754722112,-0.0689659060655,-0.3039106622695,0.3266124529713,-0.0855891590413,-0.0803370054767,-0.1549898655253,-0.0862958947367,-0.1152537681147,-0.1661408393024,0.0478773087130,0.3014616308277,-0.2033674053542,-0.2387505523578,0.1064760426504,-0.2076835983944,-0.3334296972713,-0.0364534748969,-0.1853180784231,0.3716341196273,0.0977427359643,0.1479344994974,0.1791011440416,-0.0354820619878
0.5300273307362,0.2931131372226,0.6993231404416,0.4218688574624,0.6421446138549,1.0000000000000,0.7233248602363,0.2793789734092,0.3374836632874,0.5398247032638,0.2638563798348,0.2005115608362,0.3231418203930,0.4213784243282,0.0943076357062,0.2534695409767,0.1952109019481,0.2249476047604,-0.0799147567390,0.0194472872705,-0.1873632854930,0.1951651927739,-0.0154223083257,0.0414920402995,0.0499808824928,-0.0399139705041,-0.2716017029201,-0.2149891094416,-0.1185914687371,-0.1307890158457,0.1350555714141,0.0881412864551,0.1025383754799,-0.0399542140658,0.2562186273264,-0.0444939291111,0.0690523627118,-0.0270910954369,0.2208674478584,0.0064524749193,0.3344254187229,0.3690048516590,-0.0198854194564,0.0205656551086,0.0368542789904,0.0280537626885,0.1281321235655,0.6365902658823,0.3217254861975,0.2017888835872,0.3424562436066,0.4876626773128,0.3626976159183,0.8748235618894,0.8319487383764,0.6789415849352,0.1949232518395,0.2343369598365,0.4124664199033,0.4582707942386,0.2768058556767,0.1253854965228,0.1116618676496,0.2034565716490,0.0187417927573,-0.0696825219450,0.3932468626412,0.2949712180421,0.2015854774617,0.1310536212740,-0.0083827002979,-0.1830917548365,0.3325540816893,-0.0628703742357,-0.0693376726536,-0.3883194848772,-0.3651585945889,-0.2138514635591,-0.2918034586798,0.2402286497874,-0.0178391235576,0.0264944575937,-0.0623873990239,0.0023914850077,-0.1808371030972,-0.1761648888318,-0.0706175085006,0.3929795619870,-0.0323347347635,-0.2521530325225,0.1485137384639,-0.2030302001288,-0.2006674594938,-0.1629006016331,-0.2056644930855,0.4002593348753,0.0470906890352,0.0391422980198,0.4063608945570,0.1827813715241
0.3818750947956,0.3191799398845,0.6218229993877,0.7105146310556,0.4761255616401,0.7233248602363,1.0000000000000,0.3309617633024,0.4182787928807,0.3812015892084,0.3113613610141,0.1505908644865,0.3541325284211,0.2802405129987,0.1222604313305,0.4417024804212,0.3407689201856,0.0852630798385,0.0259266075975,0.1831664324026,-0.0243349600307,0.1586347353273,-0.1223367619949,0.0357188757647,0.0950435884491,0.0058969056776,-0.1303984046800,-0.1723962165843,0.0356088379019,-0.0298415820172,0.3961009327667,-0.0285161267502,0.1827645165280,-0.0146109914909,0.4023030900436,-0.0448327095544,0.0179150507466,0.1005108290718,0.3244524412360,0.0706172335577,0.2123281836388,0.2045350646947,0.0200796916108,0.0610193303508,0.1681628769810,0.1886770639564,0.3768505085202,0.3626957987801,0.3608799303783,0.1485113820643,0.0793817459704,0.3818134910245,0.4581857560466,0.6536353458899,0.5567070744298,0.8152017848485,0.1974631106004,0.2371009418030,0.4059052269603,0.3223275271092,0.2249604007465,0.0303790411902,-0.1061977314780,0.2480646217215,-0.0739822525759,-0.1103331319610,0.3878579254479,0.2899520205741,0.2030977405270,0.1366822998818,0.0368571940848,-0.2930569032718,0.1413768196498,0.0103639917854,0.1960786281866,-0.4362480673439,-0.3465533981921,-0.0461499481223,-0.2160929896284,0.2792515911305,-0.2669331751335,-0.0292905696334,-0.0623570378110,0.1287656357640,-0.1791862943836,-0.1700220671988,-0.0700374950480,0.3588133741904,-0.0029248824279,-0.1935904722856,0.1349185090613,-0.2560895113853,-0.1549072901435,-0.1615295958472,-0.1614291853014,0.1567735575300,-0.0783548150507,0.0807478325757,0.3450634812411,0.1105435082386
-0.0223744934089,0.0810132576381,0.0397337619132,0.1227745935759,0.2376779218785,0.2793789734092,0.3309617633024,1.0000000000000,0.7118388471641,0.3228925869057,0.2065182034526,0.2952302765210,0.3311012594184,0.1945731292884,0.0425861150073,0.5225533300931,0.3674827214472,0.3479018980818,0.5276421416606,0.4179453882430,0.0707593138326,0.2532153346878,-0.0782676576813,0.2250259037367,0.2095770803464,0.0518848926072,0.0253847931376,0.1467623239000,0.2734753644717,0.0901972350109,0.3966910574115,-0.0901178262514,0.1347913284122,0.0940034360291,0.2835479273089,0.2093358798044,0.0142824646440,0.2004125299912,0.0919445783074,0.1721289748050,0.1358556286509,-0.0310937043832,0.0920345741687,0.0933329378741,0.1642959007224,0.2112796743390,0.1168797389621,0.1499138225821,0.2594794204141,-0.0324680286451,-0.1668796194915,-0.0661898003981,-0.0388752908421,0.1839850603172,0.2875449201345,0.1468327505068,0.3159116017723,0.4133109427362,0.3916138512237,0.3872937489713,0.2447776449068,0.0637295109543,-0.0430612849863,0.1697823758232,0.0170018364649,-0.1254967408642,0.1800909072104,0.3693364159806,0.3384979355374,0.2876902052139,0.1434996033986,-0.1806677976519,0.2502053718113,0.1929094094027,0.1341801043813,-0.2793734749929,-0.2472887157858,-0.0444449278267,0.0641662786256,0.3771428408332,-0.2580123379537,-0.1557589415708,-0.1403770371451,0.0207512376874,-0.1893487555570,-0.2190725726602,-0.0654026980472,0.0766658836464,-0.1538746715105,-0.1451737855168,0.0014797958961,-0.0862795795555,-0.0707623862006,-0.2458620379564,-0.2691703928306,0.0188778665755,0.0177210932439,0.0531301818040,-0.0262470562918,-0.1755213640840
0.0393841677439,0.0098376174691,0.0791100052686,0.2046697739391,0.2723421849993,0.3374836632874,0.4182787928807,0.7118388471641,1.0000000000000,0.2324822061262,0.2399446225567,0.2777715209025,0.2927219660738,0.1160133407065,0.0499519138231,0.4808259081171,0.3637811698069,0.3740072294237,0.3429624242334,0.6163898975421,0.1189671422918,0.2254582696591,-0.0052950994557,0.4524808102703,0.4866215424743,0.0033028020080,-0.0490538055808,-0.0632451515750,0.0214712396159,-0.0241603581804,0.5182926816090,-0.0261698258837,0.1681808119036,0.0153177914344,0.3882980567306,0.0883567161603,0.1659559430953,0.2323871920226,0.1761837865286,0.0483847887442,0.0958548962866,-0.0029518812331,0.0802293397030,0.0544924591722,0.0327944135307,0.1119493152356,0.1765888222020,0.2258907207967,0.1589131690555,-0.0231049025800,-0.0642805122839,-0.0705973419180,0.0388912553528,0.2481195238701,0.3417926558679,0.2654515139588,0.2795937135291,0.5147316016828,0.7265635438037,0.7503179082994,0.2977769900520,0.1962189282306,0.1149044346810,0.2087224341777,-0.0853182436983,-0.0238225629632,0.2623148182405,0.4285725834178,0.4039269817241,0.5808620675560,0.1545841332570,-0.0903075567584,0.5479015206443,0.4531315341647,0.2680734879965,-0.1668829399835,-0.2939615746476,-0.1109768192374,-0.1915766549227,0.5376391006709,-0.0798045524725,-0.0053935323978,-0.1387498162726,0.1349629434942,-0.0539901550102,-0.0989973752527,0.0465125971653,0.1176277074146,-0.0713227738757,-0.0396992913648,0.0490693494048,-0.1222154095883,-0.0554727650492,-0.1497576227089,-0.1703675454517,0.1482478529726,-0.2293176693877,0.0807151469762,0.1381571279531,-0.0566026524411
0.3856875788581,0.5157293779706,0.3671740803912,0.4662692869724,0.2333769725953,0.5398247032638,0.3812015892084,0.3228925869057,0.2324822061262,1.0000000000000,0.6059164658313,0.6816304406919,0.4938861355394,0.5831172740932,0.4812864181173,0.3829649430279,0.3377502395533,0.2422253224213,0.1571907945182,-0.0092469815177,0.0950731956643,0.6196994918264,0.3049413724986,0.1159561652394,-0.0563856148617,0.3689156067665,0.2027926669695,0.0745856659186,0.2637948388136,0.1621805078563,0.2164076423873,0.3617684138230,0.4096327563017,0.2561305102887,0.2085925821023,0.1717606117725,0.0828707705874,0.1728330336457,0.1253244273252,0.3472626166300,0.4243501300374,0.4489037054298,0.1212385262666,0.3335344999980,0.2762122099314,0.3287328511463,0.3040226690950,0.2422136458639,0.3342436992747,0.4235720905417,-0.0448159604835,0.2586932463681,0.2633438710714,0.4128787335859,0.2815711701627,0.2832624999386,0.0952774752053,-0.0733195852594,0.1374766270038,0.3060559334928,0.0406758849810,0.1081478030168,0.1059183322534,0.1705612362242,-0.2317537935692,-0.0970949710248,0.0926192001055,0.1868892921697,-0.0473797748160,-0.0601920837400,0.1287089035564,0.0616908820310,0.2676953200908,-0.0233550946400,-0.1333605168570,-0.3321862367280,0.0148091721129,-0.0788393286656,-0.0535723639830,0.0117672785148,-0.2952909775620,0.0922083930715,-0.3876815921836,-0.1515255666655,-0.4599351244501,-0.3035084088679,-0.0941426230750,0.1043214248025,-0.1231454014764,-0.1232604530616,-0.0044409133885,-0.0008311791473,0.0681056600483,-0.2495587379096,-0.3491571821938,0.0021479609993,0.0945015011877,-0.1586427984617,0.0363831178541,-0.0415751333108
0.2867852479521,0.2044164458386,0.1609030761522,0.5696371166004,0.2176428938166,0.2638563798348,0.3113613610141,0.2065182034526,0.2399446225567,0.6059164658313,1.0000000000000,0.7126519407122,0.5605698544688,0.2036292307283,0.5875739435035,0.3873432100266,0.5783699121617,0.4575455808679,0.0480286810495,0.3360663854529,0.3042858051590,0.4568246699703,0.4400860534206,0.3451698557543,0.3051788659674,0.4021657918456,0.4430197127581,0.1690505614659,0.3479283339167,-0.0698377222854,0.4381500803181,0.3226576651806,0.6051514976891,0.1081193178602,0.0847721567726,0.0454482337187,0.1550066070338,0.3987084934311,0.1503339417849,0.3341188175338,0.2190448133814,0.1101298523760,0.2341405161993,0.3493737839440,0.2722858547531,0.3440635541663,0.2664869218783,0.2193279061371,0.4037758827142,0.3964387052961,-0.0684918185885,0.0635671700751,0.2680720098806,0.1523898072714,0.0886265562517,0.2133486283618,0.0627250927372,-0.1542182460365,0.1439285754387,0.1779563800583,-0.0945847260648,0.4963887945390,0.1913466415556,0.3153430212268,-0.2729794868967,0.0434457091200,-0.0833436097817,0.4212316466665,-0.2444193968722,0.1943243783947,0.2116160634451,0.0941033523678,0.3382056723431,0.3219053955062,-0.0009810455521,-0.2271760074731,0.2257635371672,0.0292551298847,-0.1107348331681,0.2088815237505,-0.3554115058235,0.2027491665151,-0.5366319277729,-0.1300648088525,-0.3234195160544,-0.4374623996241,-0.0091031761668,-0.0112570888362,-0.0568798921881,0.1379644984161,0.1063202539375,-0.0269777154481,0.0845698245639,-0.1173908754444,-0.3711485748402,0.1471398447096,-0.0494684736983,-0.0400468949330,-0.1636627013392,-0.0562926570426
0.3117033567699,0.2668812636633,0.1604490669197,0.4024416865784,0.1398318777757,0.2005115608362,0.1505908644865,0.2952302765210,0.2777715209025,0.6816304406919,0.7126519407122,1.0000000000000,0.5122396301999,0.3731626020054,0.5964848975857,0.4115302586006,0.5796935737161,0.5005091251710,0.2657692503226,0.3601812582832,0.4396079220263,0.6437961862645,0.6747410771869,0.4795919745945,0.2278557573850,0.5657468907976,0.5106598019778,0.1768929073471,0.3323503456717,0.0965391555162,0.4238670957077,0.5249362914840,0.7102587049511,0.2185756041426,0.2105556232049,0.2051486973148,0.1270257167911,0.3230355212567,0.0368127220853,0.3818830199579,0.1390730633814,0.1067529287976,0.1530761247890,0.2900568876609,0.2052768239825,0.3292068744471,0.2204950165235,0.1487995140977,0.2588200937929,0.3072809983619,-0.1044638345738,-0.0071961012636,0.1017918574672,0.0611774631939,-0.1026243018910,-0.0483571867237,0.0471812555430,-0.1089562555487,0.1424008850954,0.2543933830980,-0.1150810929145,0.3320476230126,0.3209360828053,0.1394377907034,-0.3783161134232,0.0083586791075,-0.1640832305210,0.2881159674621,-0.1670277373140,0.2251252067200,0.3329385997789,0.3700925936835,0.4468444983667,0.3727108963264,-0.0135422441704,-0.0217809876670,0.1998203985448,-0.0742456291736,-0.0066165497884,0.1574905518180,-0.3309589495907,0.1493099024136,-0.6376560405897,-0.2427903464257,-0.4447680251169,-0.4341783113605,0.0033350586605,-0.1310835126382,-0.2241795859015,-0.0150909647931,-0.0407393400568,0.0329585142986,0.0074809022353,-0.1961511916893,-0.4172259970948,0.0269007649637,-0.0520284981062,-0.2320131280191,-0.3298875888234,-0.2133618593532
0.0962824894608,0.0864929812450,0.0797945852382,0.4189326395574,0.1918313417374,0.3231418203930,0.3541325284211,0.3311012594184,0.2927219660738,0.4938861355394,0.5605698544688,0.5122396301999,1.0000000000000,0.1439728172588,0.2775656174726,0.2501975640115,0.7236103130589,0.3876791476221,-0.0238079841309,0.3079341447220,0.3056209016411,0.3126742655554,0.2157784319337,0.1716540814810,0.3100517370317,0.1538011112755,0.1794197166484,0.0356403888435,0.2485810710213,-0.0147308365324,0.4240412093041,0.1093439312647,0.5062349080877,-0.0795832947307,0.0272192421904,-0.1847432185841,0.0285833917280,0.3078535501584,-0.0105061298710,0.0082281652575,0.2179825237528,0.1151945623612,0.1150305499122,0.1981005201217,0.1409442520384,0.0924489686483,0.1765383163931,0.1618977453063,0.2179211729421,0.1804038177850,-0.0568819143167,0.0436001620675,0.1246910452124,0.2436905891134,0.2170991838808,0.2963197902537,0.6686448807787,0.1253093097296,0.1414920144034,0.2000409875098,0.0793784135130,0.4007653192140,0.3175667124983,0.7650558495758,-0.0788139465077,-0.1264442803696,0.0520894725780,0.5777303667246,-0.0000566346117,0.1202632291046,0.2095478300748,-0.0379725878899,0.1680194005798,0.2758543209819,0.1341392962134,-0.1734302827015,0.0049629209570,-0.0133476070707,-0.1277848533094,0.2739830564291,-0.2169657033807,0.1360725612038,-0.3086134109327,-0.1341193415990,-0.1416922850600,-0.2691600343982,-0.1649796957662,0.1826571304384,-0.1397185515105,0.0170737749400,0.0267210876090,-0.2375236280274,-0.0019868656459,-0.2249061329275,-0.2064309767168,0.0639586410504,-0.1658921868059,0.0741711758716,0.0061400163239,-0.0788149482224
0.5791756255819,0.7495863369205,0.3819468770634,0.3408289644103,0.3491552978308,0.4213784243282,0.2802405129987,0.1945731292884,0.1160133407065,0.5831172740932,0.2036292307283,0.3731626020054,0.1439728172588,1.0000000000000,0.3969659038275,0.3293038633690,0.0994395952634,0.0506006990111,0.2572948073394,-0.1470515053782,0.1220793126918,0.6125303590379,0.2641454432751,0.1240101724333,-0.2392349575000,0.1909384346397,0.1404773179038,0.0887830622130,0.1851357961838,0.3798408086912,0.0656751649377,0.2971239914070,0.2387036961738,0.2762859774700,0.3562400671829,0.2537147756049,-0.0209860164709,-0.1574790908056,-0.0192890645989,0.2555623702694,0.3192323060521,0.2357429518916,-0.0268524943672,-0.0684270787700,0.0497529229237,0.2120620586704,0.2192264948451,0.1724987209309,0.4827289287169,0.1504417617055,0.2064224238126,0.3041435300970,0.2327694946800,0.3170938817466,0.2267832704154,0.1589561592895,-0.0250586515232,0.0417022254858,0.0283872055524,0.1887755032661,0.1862105161876,-0.1691018534397,-0.1053906223639,-0.1461366163170,-0.0480981845450,-0.2626284276960,0.1432430551565,-0.0629846385192,0.1784461026985,-0.1609111213609,0.0756848964448,0.1848153533627,0.2034919397069,-0.1459636371724,-0.1050940486940,-0.1861024223984,-0.0747713316238,-0.0366191860354,0.0212051177051,-0.0545044480574,-0.2808412384114,-0.1071030139713,-0.2841359083720,-0.2470657698444,-0.5391065242124,0.0091252950329,-0.0041423236311,0.1117723996085,-0.3816794086782,-0.3286273374227,-0.1494038569028,0.0057597042413,-0.1996519222193,-0.0143372343782,-0.2579724326159,-0.0146852810903,0.2975889676273,-0.1238040063318,0.0111191330752,-0.3227619436326
0.2439693317342,0.4118710646506,0.1056067484659,0.5347268806752,0.0138015016319,0.0943076357062,0.1222604313305,0.0425861150073,0.0499519138231,0.4812864181173,0.5875739435035,0.5964848975857,0.2775656174726,0.3969659038275,1.0000000000000,0.4521789357881,0.3452613165562,0.2353216382209,0.2345016926437,0.1643343687608,0.4179495506469,0.4952015146815,0.4795292359335,0.3740523575230,0.0083582678735,0.5871421725015,0.5201546799142,0.2438280333107,0.2639707249619,0.2057245984874,0.2548314751557,0.5429471879797,0.5587501612079,0.2390761023806,0.3262601655579,0.3532472214449,0.0961939304844,0.3589711293744,0.1704018209214,0.4924568389242,0.2307567886021,0.2018189904611,0.4670487820176,0.3347595625220,0.2954358255437,0.3014891676865,0.2337503502589,0.1989345643489,0.3758186804292,0.6362017293969,-0.1496229026084,0.0291808636191,0.1160145681073,-0.0241135882264,-0.1470012509951,0.0037971020629,-0.2052757868339,-0.3746056408608,-0.1414516751473,0.0782865443581,-0.3334931694239,0.1315473024359,0.0660307395972,-0.1082800340100,-0.4849209293830,0.1922101533971,-0.1211748887080,0.0427137146008,-0.2712026671924,0.0135858890661,0.0616286321489,0.2137799995910,0.2395082024200,0.1413714025193,-0.2533612276361,-0.0693914648710,0.2570894843389,0.0617473778223,0.0063927612945,-0.1528883562436,-0.3280625993933,0.0015926126413,-0.5447526548435,-0.1924151778026,-0.4110845805648,-0.3122596124658,0.0530243315756,0.0021959954085,0.0243721022768,0.1590391677932,0.1514298463254,0.2500300538481,0.2043684229691,-0.1186802321289,-0.4980722014735,0.1134203414943,-0.0127440458157,-0.2455614529359,-0.3341885710828,-0.1025541905662
0.2633057932762,0.1984911899447,0.1869607312546,0.5173576665745,0.2278007322470,0.2534695409767,0.4417024804212,0.5225533300931,0.4808259081171,0.3829649430279,0.3873432100266,0.4115302586006,0.2501975640115,0.3293038633690,0.4521789357881,1.0000000000000,0.4125702087797,0.3476177307271,0.6922766037969,0.3523335405649,0.2468192270144,0.3668935044750,0.2045578348487,0.3729708702294,0.1604195815882,0.3956195445134,0.2948078526034,0.1625978592678,0.1964514295651,0.0379415539642,0.5603774326461,0.3361211617026,0.4504409581370,0.2922662486050,0.6266931317161,0.5601719332137,0.1000114061707,0.3293051729107,0.2470623473718,0.4436705417836,0.1281009925723,0.0313372407551,0.3893271587328,0.2106401640082,0.2339435219415,0.3917915628053,0.3052194201907,0.1657613280346,0.3205862491994,0.2245544290404,-0.1085806904598,0.0127448441631,0.1633475496756,0.1316760887654,0.1029129341117,0.2081360280463,-0.0437318217983,-0.1248351014172,0.0982199016979,0.3358060392466,-0.0331246428178,0.0429833177215,-0.0129644445059,-0.0420687515223,-0.2998250932109,0.0373428917401,0.3381510434316,0.3268179790389,0.2333044314185,0.2345728823427,0.1280602466115,-0.0543725298035,0.2860691778297,0.2019532250399,0.0001275770037,-0.2387733346006,-0.0412002394487,-0.0180588211228,-0.1067022316600,0.3479434387078,-0.2979717598514,-0.0386681547755,-0.4058072317288,0.1059490655639,-0.3534105290507,-0.2601947514877,0.0095921231472,0.1164246419664,-0.0243781620876,0.0694516030103,0.1130887616553,0.0512378445892,0.0792469032589,-0.2580409997934,-0.4675300032396,0.0696208071667,-0.0664402382039,-0.1682999766898,-0.2011777618915,-0.1848346149585
0.1500166301261,-0.0116299601257,0.0921907006389,0.4342400558185,0.2139135638029,0.1952109019481,0.3407689201856,0.3674827214472,0.3637811698069,0.3377502395533,0.5783699121617,0.5796935737161,0.7236103130589,0.0994395952634,0.3452613165562,0.4125702087797,1.0000000000000,0.5975882739473,0.0892765309798,0.6488828752550,0.6040394347282,0.3009280955700,0.3694178368478,0.4310556822313,0.4536234169317,0.3186343498313,0.3386390101663,0.0193844881542,0.2053909625726,-0.1162067586957,0.6816162646964,0.2755902156761,0.7418396862735,-0.0502006228743,0.1321057859072,-0.1203791707754,0.0464176832449,0.4334898435103,-0.0624715036611,0.0331738899480,-0.0546002458458,-0.1678772177801,-0.0072336138504,0.1741626276549,0.1257851668120,0.2233310929005,0.1845327359905,0.0735134411743,0.1865476570507,0.0635623200567,-0.0908775649619,-0.0490520409856,0.1670670808830,0.1325067084876,0.0621443478612,0.1666297848127,0.3665965488750,0.0985407756680,0.2155439401384,0.1843051776964,0.0063198751631,0.4550117083022,0.3172147649045,0.4766896198421,-0.1996605896967,-0.0805440067889,-0.0418657663673,0.6431600097650,-0.0093441091060,0.3775672246127,0.4652641649282,0.1530415450066,0.2619947175654,0.5167015963752,0.3075358411386,0.0360002634891,0.0901177818483,-0.1270218605695,-0.1508820402466,0.4564152544440,-0.2280616454193,0.2823052271815,-0.4788416354433,-0.2258847304090,-0.2132109519191,-0.3460088782851,-0.0920331192283,-0.0010479227922,-0.2339286232121,0.0637272520341,-0.0624104603713,-0.3016398242936,-0.0396495424987,-0.1966810152297,-0.1947626090918,0.0410802903841,-0.2735084883989,0.0163465100744,-0.1605789144806,-0.1419512508084
0.2182298807109,-0.1158680465467,0.0772035905070,0.1823443357381,0.3519832704311,0.2249476047604,0.0852630798385,0.3479018980818,0.3740072294237,0.2422253224213,0.4575455808679,0.5005091251710,0.3876791476221,0.0506006990111,0.2353216382209,0.3476177307271,0.5975882739473,1.0000000000000,0.0472004701263,0.5783473389627,0.2924592400215,0.1882327790861,0.4393367331187,0.5315401277675,0.6300500393384,0.2127004372733,0.2934547375284,0.0565811935387,0.1100130303346,-0.3072140258558,0.4737279008266,0.2361329367324,0.4212412936857,-0.0802703105364,0.0467348142680,-0.0174743434772,0.2214179639829,0.3276616137741,0.0765564186944,0.0809881689136,0.0400892260631,-0.0722769747853,0.1217538202406,0.0557527262114,-0.0567157425267,0.0382465543972,-0.1800335922566,0.2834567099383,0.1501204532168,0.1126405048007,0.1834443460793,0.0397059500151,0.1349686191922,0.1541974953433,0.1507078500956,0.0794414317676,0.1837265267128,0.0537126838197,0.3363712324112,0.3142249473201,-0.0387268699259,0.5468420993602,0.3187907086562,0.1875509954104,-0.0188340498750,0.0958015903949,0.0630630716870,0.5653489909367,-0.0269907885740,0.5731849287572,0.2242708508019,0.1863264108022,0.5784342233925,0.6336340774062,-0.0347855558579,-0.0176243420788,0.1453346667825,-0.0904188955708,-0.1751350560590,0.5455537424630,-0.1148737154130,0.0585121534611,-0.4140868716889,-0.1216507517853,-0.0221089101017,-0.3301378518570,0.0419186259659,0.1204401669158,-0.0709544308422,0.1330945784864,0.1946938917163,-0.0660164823434,-0.1293156425454,-0.0797361463210,-0.3348707177192,0.2599754480771,-0.0155716943085,0.0327373943166,-0.2382342152485,-0.0641600010486
0.0576641576498,0.1329244655355,-0.0634775470419,0.0954861112282,0.0422752691502,-0.0799147567390,0.0259266075975,0.5276421416606,0.3429624242334,0.1571907945182,0.0480286810495,0.2657692503226,-0.0238079841309,0.2572948073394,0.2345016926437,0.6922766037969,0.0892765309798,0.0472004701263,1.0000000000000,0.1909947011910,0.2215884836721,0.2991722591253,0.1334537401027,0.2699298496624,-0.0192629147905,0.3026565684929,0.2218316390426,0.2540209536972,0.2688427566866,0.2015335786487,0.2740049060312,0.1970848844252,0.1938452959141,0.3673084138636,0.4467833928093,0.7227832549816,0.0563827032665,0.1179722720199,0.0560971301056,0.3998686252691,0.0623893378971,-0.0580041779937,0.3250222965307,0.1033299251724,0.1522105247922,0.3281403288933,0.1668454772451,-0.0717267934886,0.1769870027540,0.0764126776775,-0.2363194671828,-0.2296275503514,-0.2248375574635,-0.1931949864034,-0.1541400835408,-0.1813184748811,-0.1288610661815,-0.0659831754188,-0.0949523998293,0.2064130558535,-0.0278235999819,-0.1968268424619,-0.1959412805778,-0.2734707631755,-0.1845316593133,-0.1012834026424,0.1523273469369,0.0006801629307,0.3384221794699,0.1134925211368,0.0825841889547,-0.0406921760957,0.1378391719813,0.0783210715837,0.0211920906491,-0.1111867192790,-0.0582056463804,0.0134867278143,0.0988576087566,0.1586613328139,-0.2763266463710,-0.1952667729984,-0.3131723226060,0.1223040279151,-0.2967411802296,-0.1508010076381,0.0661123215447,-0.0879845006078,-0.1308976565374,-0.0498209935919,-0.0614888915939,0.1258638895034,0.0572489078982,-0.2228480693382,-0.3347961630891,-0.1408369525964,0.0294172155976,-0.2296650050719,-0.3470910122481,-0.2985853005010
-0.0140395460004,-0.2522734460622,-0.1228925820947,0.2393854754742,0.1846528894427,0.0194472872705,0.1831664324026,0.4179453882430,0.6163898975421,-0.0092469815177,0.3360663854529,0.3601812582832,0.3079341447220,-0.1470515053782,0.1643343687608,0.3523335405649,0.6488828752550,0.5783473389627,0.1909947011910,1.0000000000000,0.5170274162171,0.2014740775043,0.3160393925551,0.6533749558315,0.7861595871026,0.2624607590112,0.2464908466856,0.0137445145910,0.1024434766089,-0.1494510531784,0.7162715676927,0.2040940506400,0.4952006047690,0.0176387840985,0.1767451063875,-0.0683564078612,0.2115585051434,0.5170207086970,-0.0357433291502,0.0150802893951,-0.0612061800105,-0.2508445954218,0.1113688160613,0.1420287516052,0.0919936356720,0.2078981243563,0.1744646180210,0.0846807122797,0.1185147189351,-0.0223471120889,-0.1024418021525,-0.3213342453530,-0.0863939850684,-0.1032184072499,-0.0189354464450,0.0212374268299,0.1112739075278,0.2044657002141,0.4601518729944,0.3290625821814,0.0952681085924,0.3696386020665,0.2048391796137,0.1072248780482,-0.2162909666905,0.0087910717294,-0.0644576966823,0.4675322706478,0.0026489464596,0.7663032189749,0.2642111028471,0.0925995616485,0.4674096104864,0.8020970676271,0.3040227138653,0.1466364787300,-0.0223460393937,-0.1104146675080,-0.1764745442813,0.5649333281111,-0.0489797105113,0.1550033718267,-0.3587728200969,-0.0005183654939,0.0411978913959,-0.1182434324293,0.1140734152628,-0.0739072931236,-0.1291476278754,0.1851534653114,0.0019095620461,-0.1461833143447,-0.0037578497219,-0.0878283978900,-0.0936702101705,0.1282295455702,-0.3766228635981,0.1260434065655,-0.1255111421703,-0.1025554210487
0.1079274987444,0.0330829592457,-0.0869122552988,0.2750543279190,0.0283878085139,-0.1873632854930,-0.0243349600307,0.0707593138326,0.1189671422918,0.0950731956643,0.3042858051590,0.4396079220263,0.3056209016411,0.1220793126918,0.4179495506469,0.2468192270144,0.6040394347282,0.2924592400215,0.2215884836721,0.5170274162171,1.0000000000000,0.3715789930909,0.5971687288355,0.5334673377070,0.3545970789108,0.4130686794651,0.5336115960977,0.0279837708975,0.1830442596283,0.0471116987726,0.4803217989065,0.4184702486974,0.6600721999268,0.0459634022522,0.1967665936009,0.0239470906421,0.1227386349633,0.1579337317722,-0.3392001319865,-0.0176772834750,-0.2366720244990,-0.1966863516747,0.0098003759990,-0.0167385592300,0.0739883699414,0.3056715082887,0.1454902120469,-0.2732449917637,0.0287112408714,0.0672368180481,-0.0839582777926,-0.1677418077302,0.0231319249512,-0.2423703914203,-0.3386422823545,-0.1746574015268,0.1105658998482,-0.0860069803915,0.0009900588840,-0.0329971647205,-0.0938425529660,0.2512937832914,0.1263692611644,0.0632989450272,-0.1933450066996,-0.1391607353033,-0.2387058782109,0.2222220665687,-0.1221525975973,0.2935536238728,0.4401729044989,0.4291987111493,0.2048977950395,0.5575464086678,0.3380922446333,0.3514345021679,0.3008657391920,-0.2314764258370,-0.0319934392399,0.2410989147457,-0.1538781297607,0.2999451305210,-0.4907513103566,-0.3028109563021,-0.2126317625305,-0.1228971963722,0.1050252832234,-0.1870562415570,-0.3988293242258,0.0171115650997,-0.3429220621455,-0.2212905769876,-0.0589035847488,0.0226205999143,0.0430879803879,-0.2145716704769,-0.2735605290803,-0.1332015537943,-0.3036358311632,-0.1606407928668
0.3206465764058,0.4414407280193,0.1036680041873,0.3087468689339,0.1167224426979,0.1951651927739,0.1586347353273,0.2532153346878,0.2254582696591,0.6196994918264,0.4568246699703,0.6437961862645,0.3126742655554,0.6125303590379,0.4952015146815,0.3668935044750,0.3009280955700,0.1882327790861,0.2991722591253,0.2014740775043,0.3715789930909,1.0000000000000,0.5327733574120,0.4232426224569,0.0911059133079,0.4239365215214,0.3859175781338,0.2552392479371,0.4131207203800,0.3604056899731,0.4045164368649,0.4839175616032,0.4865323101797,0.4401226121131,0.3117391149715,0.2836542675712,0.2302840726987,0.2117954640706,0.0203710230344,0.4665201548331,0.3287725174943,0.1986000885343,0.1914068917359,0.1635565497165,0.2604552410750,0.5387137981462,0.4353610765318,0.0818126139388,0.4663585979966,0.2521811765298,-0.1006814387231,-0.0652749259851,-0.0420080967768,0.0204374480296,-0.0463523051448,-0.0313862603492,-0.0659698106967,-0.1310754260044,0.0565021913767,0.1683079797494,0.1895875685028,-0.0282378967432,0.0068567058992,-0.0659089050684,-0.3555487370404,-0.1595679143599,-0.0758697975020,0.0152465090584,-0.0153000479976,0.0560707584634,0.1290850371072,0.3409704892634,0.3432620794655,0.1831143466755,0.0211490830129,-0.1644708563664,0.1040000376171,0.0011211841138,0.0698257203309,0.0325209336166,-0.3164364496732,0.0258507784101,-0.4655110600667,-0.0946968469878,-0.4838114980964,-0.1142292441056,0.1813368644843,-0.0452381112918,-0.3051197073789,-0.1316818282247,-0.1258128677416,0.1353008472514,-0.0409548394212,0.0553182476387,-0.2458493904235,-0.0761685037110,0.0908498916777,-0.1236202440559,-0.1557437404092,-0.3513890969956
0.3272044326309,0.1111070660569,0.0866552685997,0.2265466668393,0.1493814160225,-0.0154223083257,-0.1223367619949,-0.0782676576813,-0.0052950994557,0.3049413724986,0.4400860534206,0.6747410771869,0.2157784319337,0.2641454432751,0.4795292359335,0.2045578348487,0.3694178368478,0.4393367331187,0.1334537401027,0.3160393925551,0.5971687288355,0.5327733574120,1.0000000000000,0.5128317916676,0.3518892495198,0.5608658221565,0.6377002689695,0.1258673089982,0.1663347253841,-0.0721872118116,0.2402254054101,0.6701005749310,0.7107021784244,0.2178614404872,0.0974274739036,0.1737592565016,0.1803235047705,0.1082996151479,-0.1962739560364,0.2345904652827,-0.0231138514818,0.0406670106612,0.0809371060712,0.1163804159908,0.0189029301556,0.3304390046179,0.0787303548879,-0.0264462978677,0.0885260432343,0.1721628600841,0.1773644013687,0.0023053315221,0.0557933311258,-0.0931965462073,-0.2307084965271,-0.2410377303384,-0.0549040632195,-0.2617147795091,-0.0577084820264,0.0509625227075,-0.1179137493409,0.3101382597063,0.3519134907640,-0.0389620853509,-0.2262483908175,-0.0327203434497,-0.2609390465275,0.1650930286946,-0.2592923403085,0.2844038481520,0.3229909547968,0.6019062598010,0.4040749709950,0.5013880260984,-0.0946176114054,0.2726389908999,0.4348844247613,-0.1416336309098,-0.0767276584270,0.1184882193628,-0.1063989730058,0.2707278514025,-0.5940633328265,-0.3682755954069,-0.2780577600045,-0.2245544577621,0.0886916480248,-0.1925723596115,-0.3346863343604,0.0498271746493,-0.1717707063466,-0.0065140321634,0.0081734320160,0.1257609800758,-0.1785101929485,-0.0167660976370,0.0276412920367,-0.2089619874204,-0.3739650745312,-0.1507213219713
0.1294843183524,-0.0937021449604,0.0038629445142,0.1037616510496,0.1854844589526,0.0414920402995,0.0357188757647,0.2250259037367,0.4524808102703,0.1159561652394,0.3451698557543,0.4795919745945,0.1716540814810,0.1240101724333,0.3740523575230,0.3729708702294,0.4310556822313,0.5315401277675,0.2699298496624,0.6533749558315,0.5334673377070,0.4232426224569,0.5128317916676,1.0000000000000,0.5527096121185,0.3685414766963,0.3803939177830,0.1886687663994,0.1065789920009,-0.0185458360228,0.5687528680755,0.3758168271172,0.4313521821750,0.1528895133200,0.3909893363870,0.2536124090972,0.3978352136507,0.2496100782573,0.0804938679239,0.2290142802967,-0.0303787662648,-0.1635177966628,0.1477039683911,-0.0759050673187,-0.0598883101330,0.2077793005478,0.0517281486397,0.1681068803347,0.1204671985624,0.0499426294151,0.0472861442268,-0.1696231286984,-0.0602386352827,-0.0635675348329,-0.0567211783973,-0.1280245655263,0.0074572301894,0.0010374325963,0.3227186696556,0.3321687555999,0.1341071504615,0.2925489696585,0.2557990736269,-0.0310551710040,-0.2499491676363,0.1516374318262,-0.0253692945622,0.2694772305240,0.0610941286501,0.6653620117046,0.3374128003949,0.3659689922108,0.7581146585458,0.6724103529186,0.1362504710643,0.2206364790430,0.0610107526898,-0.0438900140305,-0.0243422136232,0.4557877254789,-0.0997762880047,0.0672514765982,-0.3756676690680,-0.0399849459634,-0.1461787092478,-0.0965001638778,0.4088384985915,0.0758794064177,-0.1727180078316,0.1274077664080,0.1204286333909,0.0954997677274,-0.1231364939371,0.0682603521328,-0.1949873565713,0.2298274784242,-0.0548290132501,-0.0357312654107,-0.1908293720995,-0.1092123081243
