1.0000000000000,0.6277016406176,0.7580924552995,0.5526641824538,0.6374370849685,0.4904996880205,0.4095707625695,0.0379979055424,-0.0858615877516,0.2587214321284,0.1228116998637,0.2555879001028,-0.0100715207202,0.5844551999832,0.2549104054005,0.1167030853944,0.0169234526169,-0.0517074740356,0.1415925498234,-0.1059808493098,0.1011689894501,-0.1091272322125,-0.0110565143691,0.0310288752050,-0.1632389139489,-0.0954065147551,-0.0629429840824,0.2268067025186,-0.1276996659445,0.1297575441190,0.1903503522861,0.1096319284766,0.0118508986670,0.3339454631529,0.1917882222837,0.1762537082146,0.1138338152293,-0.0333004308448,0.3663756224643,0.0567611206247,0.1122243123887,0.1185838195454,-0.1695782570428,0.0911803562152,0.0064207358777,-0.1624502004888,0.0311779606215,0.3927741114067,0.2972217976259,0.0064952118383,0.8619002528768,0.7597654073837,0.5201067478109,0.5154791887642,0.3837823726491,0.5219301463827,-0.0888630299348,-0.0761204900864,0.0344671981955,-0.1242627183710,0.2553236331656,0.1264293828137,0.1537398458202,0.0260376606638,0.5787774896073,0.0586002279744,0.2991915751272,0.0434307923685,0.1653448937522,-0.1063041393481,-0.0145312297608,-0.0751412867639,0.1662861320764,-0.0960807646339,-0.0995137863414,-0.1671542574159,-0.0966120152799,0.1548191388909,-0.0224018497405,0.0728514991896,0.0140279195938,-0.0300371755651,0.2938705752975,0.1411609164594,0.0065086746126,0.2032296201838,0.0282247707597,0.5655028579108,-0.0139771530224,0.0378025499118,0.2693361737801,0.1788713469135,0.1432986609753,0.0241806983766,0.1418554812661,0.3359979436777,0.4466650923105,0.0083088587241,0.2545784026334,0.1107939450770
0.6277016406176,1.0000000000000,0.5809300354361,0.4732148612166,0.3810282688166,0.3174666323035,0.2784547893842,-0.0976348040513,-0.1285507775866,0.0832325825500,-0.1212389151543,0.0007463534059,-0.1756121171560,0.6500844278680,0.3456408514472,-0.1274106988402,-0.1750031474028,-0.1796130294714,-0.0599417757169,-0.3135361284361,-0.1299980547673,-0.1243347077615,-0.2613467888465,-0.1565845448164,-0.2663924712037,0.0646838546996,-0.3398798326230,0.2822609909642,0.3554193921553,0.4990776462425,0.0420785348428,-0.0660522366750,-0.1889067335404,0.0265008433007,-0.0371511281932,0.0110723616915,-0.2167367268010,-0.2127919448559,0.1989550153228,-0.1855483677756,0.3613525274981,0.1063142537523,-0.3686863547290,0.0113029690140,0.0632250917359,-0.2236651640250,-0.1362657350177,0.1794389430227,0.2760781329040,-0.0157425470363,0.6324200006436,0.8509366922239,0.3017862095225,0.3498584085944,0.2310862587533,0.3207051174355,-0.2521635389568,-0.1199662599543,-0.0115871573217,-0.1785851779333,0.0320376274884,-0.0948905161162,-0.1382393438811,-0.1168379680330,0.6084729770771,-0.1463356221715,-0.0573497307702,-0.1663732172909,0.0588371088253,-0.3022745869383,-0.1256696001900,-0.2640378726454,-0.1021996922200,-0.2520725564098,-0.0744218971877,0.1148604232556,-0.3137538177298,0.2167022393314,0.4506367911540,-0.0908360276099,-0.0507752522232,-0.3163014272930,0.5296922824448,-0.2595845389900,0.2212482317404,-0.0799752308613,-0.2523173608828,0.3330990465562,-0.2529497533953,-0.2335617641435,0.0604951388591,-0.1256808844399,0.0165856080331,-0.1560492796506,-0.0231474003303,0.0791965727905,0.4948613462262,0.1444140016231,0.0571503746406,-0.1310953002945
0.7580924552995,0.5809300354361,1.0000000000000,0.6778521056762,0.7641838103226,0.8003096589736,0.6577363584628,0.2071174631251,0.0927251520302,0.3591528060118,0.1668577487514,0.2773561369515,0.1440801909236,0.4397575305325,0.1541438978129,0.1543595592037,0.0921214802056,0.0417297978963,0.3997221030831,-0.0452314400294,0.1381258097995,-0.0633224681360,-0.0732077992885,0.1223582621399,-0.1129837922250,-0.0313559867543,0.0162238719658,0.3087461946240,-0.1350606330783,0.1734208753697,0.2902266286005,0.1468871494267,0.1141374261857,0.2879937895566,0.2685674885184,0.3979502374335,0.1291645747625,-0.0132364138622,0.4136002418905,-0.0161960978470,0.1342400925098,0.1093755922554,-0.3698909840788,0.1841551644972,0.0179573168487,-0.1021782608713,0.0062810420650,0.5505719508688,0.2728177777991,-0.0179262428068,0.7281206743749,0.7424359382801,0.4397340493455,0.8547401682679,0.6673853140385,0.7893041875450,0.0209064379561,0.0845890939794,0.3154845591940,0.0567418304116,0.3652283538103,0.1666202213136,0.1679593485884,0.1531921703080,0.4001900362885,-0.1799966223008,0.4419201773801,0.1729376542975,0.4579217536195,-0.0462328838146,0.0366325744339,-0.1302450213922,0.2195735925856,-0.0100561947803,-0.0119916110802,-0.1749355169603,-0.0339476463648,0.2510093082589,-0.0502664433770,0.1506858660971,-0.0333256808692,-0.0259704923840,0.2489436807072,0.0356817633604,0.0033963590865,0.0689719659640,0.0318904966010,0.6260913328093,-0.1900025060883,0.0230725172984,0.1450760495094,0.1121486387488,0.2141181319834,0.0786263781590,0.1597896455904,0.3874382134892,0.2371826532429,0.1202336728251,0.2022455139387,-0.0233920572186
0.5526641824538,0.4732148612166,0.6778521056762,1.0000000000000,0.6260315273193,0.5504247866468,0.6147822381561,0.2365012071921,0.1626043660258,0.2529506360554,0.0828786207545,0.1374028580437,0.0721812635073,0.4333946151364,0.2647813700084,0.5076410787451,0.2053665444478,0.2081366366817,0.4958567736647,0.0270509044652,0.1875286216306,-0.0338104720994,-0.0125229517721,0.0908009999154,-0.0775518924913,0.0589183241375,0.0692292730267,0.0749947596272,-0.0620645941160,-0.0124755327723,0.4493639392296,0.1210930787178,0.1986319089490,0.2752359194922,0.5366421021403,0.5226017317914,0.0828207272686,-0.0530882278757,0.2894087682622,0.1142996863044,0.2164267855987,0.2446161345033,-0.0744508468572,0.0229019441936,-0.0296488483414,-0.0307798179367,0.0875312410718,0.4674397108230,0.2712712666012,0.1557839993462,0.6571470328298,0.5677464806669,0.6732784752617,0.6081134583185,0.4405117570708,0.7280172381441,-0.0534846377960,0.0713682234358,0.2669382311123,0.0825886208343,0.1277420600013,0.0224686328528,0.0056720744239,0.0237548880805,0.3422090547831,-0.1101821766438,0.5791938749458,0.1723359765326,0.4373254838392,0.0405054044203,0.1338610885215,-0.1056612971984,0.0861004461817,-0.0340417887525,0.2259268803342,-0.1249396569006,-0.0438204749080,0.0568741702972,-0.0742940082177,0.3441787495928,0.0658629686414,-0.0239819218060,0.1349273081076,0.0439934743631,-0.0633727111422,0.1287394989638,0.0429402873345,0.4897969139371,-0.1577015292987,-0.0867242853216,0.0676062130615,0.1875844915171,0.0069608525510,0.0052469524208,-0.0124295950711,0.3184680399625,0.1430853389415,0.0442151035616,0.1488093083540,0.0304072420520
0.6374370849685,0.3810282688166,0.7641838103226,0.6260315273193,1.0000000000000,0.7341747084507,0.5961349085280,0.1562707731952,0.0915896537751,0.2258567145212,0.2799188843485,0.2938199138385,0.1569129165723,0.3175997057150,0.1462760194194,0.2395395890560,0.1514286567668,0.2199006393691,0.3106108580746,0.1419947198154,0.1800124191332,0.0734527462516,0.1243399765369,0.2454722911078,-0.0037497505104,0.0543484407033,0.1185892021185,0.2151540586166,-0.0662479110711,0.0830838488686,0.3095965550507,0.1846874871179,0.1195790144403,0.3037196101144,0.3901873895759,0.3865154426115,0.2816317584517,0.0803509818766,0.4545717580868,0.1095475562933,0.0940004758881,0.0452722882744,-0.1855665717973,0.1389926344794,0.0770981052061,-0.0401444902380,0.0287398446601,0.6038148775466,0.4463809943156,-0.0284653741249,0.6788266975524,0.4810773392219,0.4792256234691,0.7125633463734,0.6850703648517,0.6597739911740,0.1226104154253,0.1093443635279,0.2312507038907,0.0827919684974,0.3192625965645,0.2264396801607,0.2534435146044,0.1650759977081,0.2965424070475,-0.0397302494121,0.3960034590389,0.2318291476961,0.3564435018898,0.1198465996096,0.1962609289251,0.0724483804022,0.3165699689580,0.0836527938081,0.0459385777855,-0.0775054734299,0.1000496490223,0.1974140019077,-0.0276643173331,0.2445662647477,0.0330594191484,0.0017422799151,0.1599242126318,0.1335615000019,-0.0517048128087,0.1256805980221,0.2046077673633,0.5216409877463,0.0243543767350,0.1471231382907,0.2254975694041,0.1824280555379,0.1523394129886,0.0692711350835,-0.0052564352987,0.4696819954504,0.3174860281443,0.1062060579887,0.1590050378379,0.1307213915012
0.4904996880205,0.3174666323035,0.8003096589736,0.5504247866468,0.7341747084507,1.0000000000000,0.8208463426414,0.3015791636946,0.2428629686644,0.4132465210158,0.2835333344185,0.3229990178054,0.2539955248566,0.2444053902352,0.0986461078729,0.1365948619050,0.1322206995614,0.0494078122870,0.4159830593951,0.0105441209173,0.2273749659023,0.0715828889460,-0.0055394467733,0.3260261200093,-0.0277917758467,-0.0669200814258,0.1408081743849,0.1841215573119,-0.1697750241170,-0.0214788286464,0.1709944821817,0.0570821286341,0.1173277270193,0.2304338597962,0.3002185075210,0.5680374760698,0.1796351989324,0.0292532515284,0.5440225235466,0.0987483601961,-0.0039915150325,0.0136259780186,-0.3092566655097,0.1737227233560,-0.0819778036382,0.0156149957713,-0.0591857135322,0.7161869889364,0.2587986513006,-0.0131988039152,0.4950225116881,0.5033067240866,0.3909534422782,0.9118205153947,0.9078652062174,0.7964116651235,0.1778517911547,0.1812920423590,0.4291347675261,0.2253852181181,0.4698824823736,0.2762476697010,0.2806998181123,0.2954946108838,0.2817906142208,-0.0548580655506,0.4623999157343,0.2688912488722,0.5794790823795,0.0522527403828,0.1185894462764,-0.0486090048589,0.4147583127140,0.0967710805890,0.0250131663434,-0.2278706667523,0.1002841850031,0.1495750700092,-0.1484709301873,0.1972410347723,-0.0526762160122,0.0884940146660,0.0751399835818,0.0504370727641,-0.0988072602959,0.0516960063642,0.1410565850384,0.6711666616739,-0.0850141875719,0.0615349300877,0.2899998487335,0.2541609028039,0.1982033109078,0.1012603319502,0.1474980192013,0.5276029938902,0.1158772075169,0.1297699233446,0.2316799250605,0.1088934710063
0.4095707625695,0.2784547893842,0.6577363584628,0.6147822381561,0.5961349085280,0.8208463426414,1.0000000000000,0.2525449018968,0.2105249427853,0.3429216501364,0.1752820761083,0.1595366200491,0.1511352866092,0.2733569488658,0.2429366255440,0.2342301740441,0.1081122533471,0.0445009832484,0.3642690134923,-0.0726907497850,0.1299969514696,-0.0889997641040,-0.0965955897717,0.2679872216223,-0.1477365051041,-0.1627770909063,0.0749720787314,-0.0325103195692,-0.2276572461835,-0.1208647203335,0.1599857915266,-0.0755436358584,0.0199546553861,0.2563478009700,0.4046054962268,0.6178224887213,0.1466136948930,-0.0505447548877,0.6434841005374,0.2216930998701,-0.0374214732882,0.0869558324622,-0.1550768544899,0.0289980049445,-0.1925918680026,0.0459420298901,-0.0375794893696,0.6541998121158,0.1302412133625,0.0456860060970,0.5011308538465,0.4265084051157,0.5101898287266,0.7989501185944,0.7801656997569,0.8235448664614,0.0427341926841,0.1025576574322,0.3760507560641,0.1851523953757,0.2818133421618,0.1334007144070,0.1267394551215,0.1949219218328,0.3420154501308,0.0998634724236,0.4517899781808,0.1830230549786,0.5191550418397,-0.0333077048683,-0.0005626183517,-0.1965752902234,0.3042271182069,-0.0777949429981,-0.0315168133514,-0.3355082081132,-0.0153790011959,-0.0604871436505,-0.2033577657695,0.1904714307404,-0.1296347509753,-0.0621431085116,0.0301139597468,-0.0093411727079,-0.2046457597640,0.1471529670281,0.1215711927114,0.6556070013950,-0.1082758190401,-0.0623079975033,0.3922359447326,0.3489272731564,-0.0042194734157,-0.0279778822189,0.0091418030051,0.4852928226613,0.0885896727865,-0.0793109766788,0.2016910001845,0.1520793157071
0.0379979055424,-0.0976348040513,0.2071174631251,0.2365012071921,0.1562707731952,0.3015791636946,0.2525449018968,1.0000000000000,0.7380212667480,0.3730358288717,0.2845305554950,0.2729957637317,0.6175323895465,-0.0194243934590,0.0431786498141,0.3265040941803,0.5344240898175,0.5088749076773,0.6800413306217,0.5067268984756,0.3300745672398,0.2909743664348,0.1551079527446,0.3990852415605,0.4655292089298,0.1783634192741,0.4473074370776,0.2366519322594,-0.1092632452903,0.0427993092856,0.1917890484858,0.3480867196535,0.4885554896054,0.1967031389511,0.1448727136333,0.5163714810273,0.2379982113910,0.4392872999384,0.0225878629848,0.4215831754931,0.1470266310526,0.2397645946298,0.0198207101317,0.4847550289179,0.4100256813397,0.3847135170302,0.3032870993510,0.0955101561036,0.0634513919789,0.2816270704503,-0.0132446517207,0.0691910850260,0.0791252349213,0.3042074439414,0.2252787916049,0.3177287491008,0.5786342858245,0.8302998367312,0.7594366648648,0.6881717513357,0.2233995060797,0.1980310239043,0.2324531033067,0.5452904318540,-0.1409278345700,-0.1506513262621,0.3911028512671,0.5936030993931,0.7167102436556,0.5256981700875,0.3123447607866,0.1331287271520,0.3290356293692,0.5036672020838,0.3516797390893,-0.0338833283751,0.3896403773814,0.2637509761659,-0.1636397098657,0.4113563528895,-0.0125645653359,0.3722873962024,-0.1080778217417,-0.0631651752729,0.3495079396406,-0.0478456298552,0.1422999147860,-0.0455393387203,-0.1319496436879,0.3388201463547,-0.0437350762091,0.3594613896131,0.4119793651212,0.2699439886926,0.2037310450270,-0.0338520003300,-0.1175372281657,0.0283259945046,0.0289467568630,0.0642963646405
-0.0858615877516,-0.1285507775866,0.0927251520302,0.1626043660258,0.0915896537751,0.2428629686644,0.2105249427853,0.7380212667480,1.0000000000000,0.3435172007525,0.3626157719573,0.3233291689251,0.6473901799889,-0.1782718849734,-0.0223389137940,0.3091818822954,0.5987285136862,0.5534954964631,0.6733039942540,0.6314664880110,0.3879751922981,0.2736668117429,0.2777745241842,0.5816881227238,0.6864017846765,0.2659653215708,0.5302743853076,0.0747631394519,0.0078202286201,0.0136200058563,0.1733692586187,0.4094566923568,0.4903880912648,0.1075790105684,0.2317551435102,0.5603286508712,0.2920962777132,0.5035643122795,-0.0192284331279,0.4074706568484,0.1631409205643,0.2545401812240,-0.0251916087807,0.3967766666334,0.2425627403508,0.3511317585208,0.3261510079236,0.0775566799344,0.0317484708524,0.3240879476215,-0.1322572940342,0.0312639233305,0.1055152591541,0.2412647897517,0.1660186794442,0.2859587382644,0.5914318995347,0.6718168894272,0.7856104081626,0.9548950735823,0.1972230229268,0.2923544707060,0.2956848382557,0.5770762550936,-0.2587620025811,-0.1026078289074,0.3834870821823,0.6653018741162,0.7424573900039,0.6841761507165,0.4263115022803,0.2410451786992,0.4958570995993,0.7092895249195,0.3639170701350,0.0458098162204,0.5321501113868,0.1906700865371,-0.0609014511915,0.5210575760902,0.1621850008460,0.3657422528129,-0.1855479569688,-0.0302025462516,0.1601241061739,-0.1116185935498,0.2480938965792,-0.0431474466530,-0.0601835617943,0.3129707512390,-0.0304185469738,0.2747669467530,0.3468109044497,0.2636815727550,0.1423674264933,-0.0086338147386,-0.1876164067806,0.0267055375241,-0.0120908628314,0.1505518753900
0.2587214321284,0.0832325825500,0.3591528060118,0.2529506360554,0.2258567145212,0.4132465210158,0.3429216501364,0.3730358288717,0.3435172007525,1.0000000000000,0.4989805678966,0.6154247262010,0.4218064516296,0.1285727065966,0.2548460521504,0.1370558085573,0.3505633385337,0.1607870841764,0.3735570672598,0.0419976183558,0.5448856982616,0.4047070820421,0.1772592428756,0.3865449875215,0.1365976420550,-0.0489202370550,0.3120486181512,0.1684826321156,-0.1964804031132,-0.0931862223768,0.1765142195651,0.1742542658090,0.2365544308659,0.2133340154887,0.0338030967898,0.3694981811634,0.2874594654105,0.1490815381317,0.2547326236268,0.1624549357534,0.2681891798615,0.4310130568606,0.0182741432407,0.2068731765517,-0.0486075458471,0.2648631859064,0.2751195034711,0.2455427180627,-0.0605575106714,0.3807860608049,0.2170567751370,0.2153190901905,0.1045162977113,0.4590158922869,0.3503959940200,0.4000779841819,0.3527833468171,0.2516505421579,0.4021424695434,0.2857138020897,0.8074477323573,0.4111941616187,0.5261290054653,0.4053014387248,0.1705515899567,0.2293814080297,0.2478295904089,0.3642024101111,0.4846427166629,0.1262157113179,0.2924433154417,0.2292878265469,0.4529147659011,0.3124048352667,0.1537620296969,-0.1548395207239,0.3179788988020,0.0652820173017,-0.1611827462166,0.1648155186409,0.0506731567298,0.2247806230841,0.1440105963586,0.1349286763625,0.0860710900769,0.1957930802781,0.2249101127791,0.3451217290672,0.2003737468700,0.1155766495057,0.3056454357293,0.2816959926325,0.2335945788511,0.2063395626766,0.4290442683367,0.2177636973025,-0.0290901470337,0.2219321002508,0.5895746418497,0.4675631672209
0.1228116998637,-0.1212389151543,0.1668577487514,0.0828786207545,0.2799188843485,0.2835333344185,0.1752820761083,0.2845305554950,0.3626157719573,0.4989805678966,1.0000000000000,0.7928525579430,0.5419586341908,-0.0416084124084,0.1329696547346,0.2303179063259,0.4907142418435,0.4438917723124,0.2569147254813,0.3661360886711,0.5570133085148,0.5240329065702,0.5876837257691,0.6543144446396,0.3587372413852,0.1612547635479,0.5693237395935,0.2171084361335,0.0142339852824,-0.0081855991946,0.3250020332233,0.3711122734647,0.2914946237056,0.2321372171465,0.2865826869211,0.2438037158541,0.5169528670252,0.4178793148014,0.3047472493848,0.3976055698619,0.1648285866575,0.2503385377375,0.1332389546128,0.3047642693980,0.1828343128849,0.1571846560954,0.1338317629936,0.3755033580218,0.2628335542761,0.1893831487936,0.0774987497215,-0.0074589560978,0.1736882617937,0.2595443944786,0.3299235377646,0.1879105484258,0.5501600640282,0.2680209858161,0.3095923795020,0.3390442790584,0.6190143241056,0.8519472939628,0.7886668916357,0.5150744345316,0.0513974761165,0.3145698910333,0.2410084854790,0.5086702630566,0.3151850911610,0.3735369060299,0.5424179482216,0.5389068866286,0.7421975497086,0.4943045531579,0.1823671130463,0.1344343733171,0.5728367691169,0.2309147143696,-0.0227958431424,0.3312024943945,0.0748126349710,0.3268366859995,0.1001516403593,0.3677722379572,0.0491675212918,0.1510808231111,0.5180908937079,0.2618901954951,0.4350655175914,0.4879376904401,0.3878679266654,0.4008524690402,0.3109880594099,0.2723526499514,0.1558572935499,0.3954244890771,0.0858993529618,0.2463882831877,0.3905995570609,0.5056786366150
0.2555879001028,0.0007463534059,0.2773561369515,0.1374028580437,0.2938199138385,0.3229990178054,0.1595366200491,0.2729957637317,0.3233291689251,0.6154247262010,0.7928525579430,1.0000000000000,0.5738238657298,0.0015145512800,0.1637382395194,0.2649713304468,0.5148924148635,0.3180347379600,0.2633211250219,0.2251125368989,0.7020939304965,0.5157192265304,0.6549717733550,0.5608102247346,0.2780260518791,0.1992523037916,0.4287357153177,0.1653960351131,-0.0350963791825,-0.0603659173727,0.3832743477961,0.3677716162612,0.3136692886820,0.3460807415513,0.1826331622370,0.2381364486617,0.4933801819447,0.3071548035207,0.3171048555883,0.2507838618084,0.1683145826967,0.2205081228644,0.2348565092692,0.2571880743686,0.1717764115774,0.1293489657492,0.2439300256449,0.3626962443469,0.1337374237992,0.1819672157476,0.1622056367807,0.0755780055215,0.0800741430561,0.3154962125525,0.3227913256010,0.1923679658586,0.4832013492248,0.2226326787890,0.2895922820617,0.2568248776156,0.6972088965119,0.7809099842598,0.8646380975759,0.5569016094090,0.1093722669352,0.2971767208324,0.2401259298015,0.4717666585972,0.3462381554366,0.2542931732977,0.5529820337561,0.5872291674817,0.6580802255249,0.4306840902837,0.2915731586003,0.1436709995212,0.4554214270194,0.1318685113499,-0.0509953035818,0.2455854169886,0.2055710794318,0.3553810872271,0.1664113105142,0.4222979951999,0.1144594880657,0.2856681609911,0.4374256957865,0.3766038961482,0.5142960925118,0.3470447808138,0.3433054415816,0.2985683317629,0.2822655034740,0.1952251953585,0.2924771543445,0.3631976819440,0.0621186251615,0.2220680323846,0.3854625968920,0.5683877587703
-0.0100715207202,-0.1756121171560,0.1440801909236,0.0721812635073,0.1569129165723,0.2539955248566,0.1511352866092,0.6175323895465,0.6473901799889,0.4218064516296,0.5419586341908,0.5738238657298,1.0000000000000,-0.1633691423211,-0.0604665599496,0.3522545037708,0.7700996882276,0.4867257849562,0.4995301969897,0.5134632962006,0.4541873966630,0.3915348106172,0.3791531541345,0.5050533092418,0.5464140213981,0.2161049543673,0.5206120795139,0.1384590711072,-0.1342297252865,0.0022401931931,0.3285847547129,0.4322715686390,0.5327230635471,0.1784966926624,0.2311940637809,0.3655500305569,0.4306176748104,0.4709845023727,0.1005978182481,0.2982842111278,0.1005602890120,0.1967523044943,0.0755022568516,0.3768938156429,0.2857658712801,0.2496320466537,0.2957181759556,0.2199031633913,0.0667484267584,0.2457371096171,-0.1039630768683,-0.0355650423629,0.0183865736302,0.2398175067527,0.2283939949178,0.2019485876177,0.7238909447548,0.5415951634206,0.5703138711791,0.6277526396149,0.3982276772405,0.4826044227153,0.5530755116644,0.9171980718297,-0.2428797885123,-0.0197460963139,0.3241648748594,0.7334041142985,0.5181453666445,0.4850298961237,0.4449676220660,0.3445590858101,0.5139905200316,0.5531532726678,0.3821187270492,0.0380303012331,0.4540605758287,0.2048498275714,-0.1968634672305,0.4084540708700,0.1196069229998,0.4708228464954,-0.1314270770916,0.1916346611571,0.1680485701667,0.0060964061411,0.3805070445719,0.0526755194942,0.1055740753630,0.3593435859551,0.0584053505750,0.2170115156378,0.3558948408129,0.2461727045744,0.1755595408975,0.1697258822320,-0.1715396688550,0.0915548399479,0.0963479120112,0.2373307838837
0.5844551999832,0.6500844278680,0.4397575305325,0.4333946151364,0.3175997057150,0.2444053902352,0.2733569488658,-0.0194243934590,-0.1782718849734,0.1285727065966,-0.0416084124084,0.0015145512800,-0.1633691423211,1.0000000000000,0.6206603577695,0.0758609029745,-0.1593140781023,-0.1268459693949,0.0003427750175,-0.1335592141354,-0.0761015432297,-0.1107388665214,-0.1550092519178,-0.1166627382964,-0.1555291328193,-0.0280635082901,-0.1697058445958,0.3441763142743,0.1862077494544,0.4681222245565,0.1386929235967,0.1715032569890,0.0500684710958,0.1839208928558,0.1283394574746,-0.0144978016593,-0.1562379506447,-0.0469268592581,0.1809266878896,0.0339552138642,0.4519251434898,0.4025531413902,-0.2108352969253,0.1659846891503,0.1320680312183,-0.0971780902790,0.1235901151671,0.1341223367966,0.3493637735986,0.3390627073562,0.5814370398397,0.6221439931934,0.4189995248594,0.2419685363112,0.1294688849068,0.3469831336361,-0.1368824061542,-0.1500133692841,-0.1768951777562,-0.2283439074838,0.0022777371409,-0.0381644981943,-0.1318127780840,-0.1501645716393,0.7718542318713,0.0771955510130,0.1024269836807,-0.1821072644283,-0.0263498607637,-0.1809909521160,-0.1672967004626,-0.1621571492232,-0.1093570245001,-0.1814512358989,-0.1874297254538,-0.0432050709648,-0.2259164799272,0.2941731323474,0.2484822390755,-0.0290614561554,-0.0491411835122,-0.1042126149470,0.5354510644921,-0.0891546721947,0.1726314917713,-0.0167005007838,-0.1889480490221,0.2836333214005,-0.1724879167888,-0.0181884780901,0.1542867662025,0.0095552494846,0.1891309703130,0.0627305796668,0.1397356713739,0.0912086785786,0.5607496497018,0.2235357720221,0.3251644686947,0.0169877105679
0.2549104054005,0.3456408514472,0.1541438978129,0.2647813700084,0.1462760194194,0.0986461078729,0.2429366255440,0.0431786498141,-0.0223389137940,0.2548460521504,0.1329696547346,0.1637382395194,-0.0604665599496,0.6206603577695,1.0000000000000,0.0871608411758,-0.0199125918885,0.0280568187341,0.0118183735264,-0.0162901840025,0.1780266097942,0.0996868257212,0.0403381219454,0.1487303569769,-0.0581206811363,0.0240849822428,-0.0629534239750,0.2313844545173,0.2392628301775,0.2363865786538,0.1014031475896,0.1806623034557,0.0113662766416,0.1722495180389,-0.0123559788574,0.1114084759595,0.0226087582097,0.0836650751165,0.2114352844302,0.2498427237912,0.4332646666922,0.4155287079297,0.0801978496827,0.1775374854935,0.1078597128167,0.0365017239070,0.2257356044846,0.0576211401403,0.1844078630283,0.4192351028508,0.2660515210651,0.2548236232714,0.2819617518926,0.0797195592324,0.0575405010178,0.1835295733406,0.0729042817928,-0.0344605483561,-0.0774601920924,-0.0879568302012,0.0833072815758,0.1136104361161,0.0481767709508,-0.0718969615912,0.6937074581943,0.3907411642927,0.0225697305952,-0.0652903135066,0.0082016302889,-0.0449965409020,0.0345017005807,0.0085820481556,0.0881896647555,-0.0282442745774,-0.0238463720816,0.0498522101888,-0.0959414278902,0.2019586370748,0.2901112910390,0.0355168127720,-0.0333748086257,-0.0135415431056,0.4325391772048,-0.0171695085674,0.1141565392170,0.0636145998603,-0.0219405254849,0.1897949345703,0.1635023588539,0.0398570658489,0.3097248763153,0.2191323156982,0.1580292436097,0.0146767718595,0.1668520385709,0.0783886243404,0.4169501351369,0.1959975792125,0.3404474219224,0.3766699299467
0.1167030853944,-0.1274106988402,0.1543595592037,0.5076410787451,0.2395395890560,0.1365948619050,0.2342301740441,0.3265040941803,0.3091818822954,0.1370558085573,0.2303179063259,0.2649713304468,0.3522545037708,0.0758609029745,0.0871608411758,1.0000000000000,0.5444610070013,0.5389091530277,0.6038622493417,0.4402418183016,0.3890317690797,0.0717929562718,0.3872457827387,0.2659840755271,0.3073156273195,0.3736160200022,0.4437724071731,-0.0584657853741,-0.1526802655807,-0.0691398226432,0.7963874105509,0.4874415010944,0.6315871750865,0.4951590096032,0.6720628773977,0.4615049078818,0.3704333569089,0.3171578583495,0.2364701755798,0.3057798718896,0.1155207163846,0.3689318963687,0.5044541063549,0.1129996042778,0.1781969929827,0.1579771041356,0.4283169535854,0.1753996985469,0.0477052440545,0.4059755355041,0.0933301104961,-0.0115572814350,0.2898286826063,0.1713901328094,0.0386904613155,0.2617988688507,0.1717904628920,0.1869683025132,0.2767884760348,0.2517387835425,0.0487948732090,0.1751004968393,0.1998637511917,0.2263574222149,-0.1308363026431,0.0675266262989,0.6573822644768,0.4615767936245,0.3771560063984,0.3401285584244,0.3819839516905,0.1817984754002,0.1475474312688,0.2109516545703,0.4923308600983,0.0609073132099,0.2589042937681,-0.0643985942259,-0.2514145658000,0.5939295521293,0.3467219685674,0.3209657080296,-0.1060835813051,0.4217384646399,-0.0159576681445,0.2234845515089,0.2578740126950,0.1442844274123,0.1388402840852,0.1245847600372,0.0675229545921,0.1923127290447,0.0218257751793,0.0714690991115,-0.0065156916888,0.0855945980192,-0.2088290634887,-0.0952137291957,0.0091357384774,0.0985753732227
0.0169234526169,-0.1750031474028,0.0921214802056,0.2053665444478,0.1514286567668,0.1322206995614,0.1081122533471,0.5344240898175,0.5987285136862,0.3505633385337,0.4907142418435,0.5148924148635,0.7700996882276,-0.1593140781023,-0.0199125918885,0.5444610070013,1.0000000000000,0.6719905548132,0.6358427991631,0.4886277960513,0.5844788618752,0.3718396026428,0.4119161486053,0.4306776323329,0.4413058288202,0.2031492458986,0.4893692028533,-0.0144234621283,-0.1347140844705,-0.1361309684190,0.5415474024179,0.3862135501453,0.4825807781787,0.1626910080981,0.2876003405755,0.4785662165802,0.4008143167650,0.3949330472548,0.0584558644516,0.2708517480278,0.1287604068278,0.2630219325890,0.1686615398283,0.2346663628898,0.1374255415821,0.1646581280597,0.2852921910727,0.1850571220084,0.0208665927862,0.2627198074555,-0.0132665313789,-0.0067661804005,0.1082599441287,0.1509228360247,0.0879533648939,0.1995372742578,0.5172518697839,0.4622425847317,0.5949642479456,0.5569643564361,0.2760659447228,0.4727542114104,0.5204472552545,0.6825421877796,-0.1996468535435,0.0033314824645,0.4251222856103,0.8508049996230,0.5443944758684,0.4973156236667,0.6416152987324,0.2998669826310,0.4353924207259,0.4752083418724,0.5174808236368,-0.0344034228699,0.3921846664696,0.0525611040449,-0.1959476935639,0.5906304269579,0.1464100171386,0.3649692107914,-0.1439897358257,0.1648219610058,-0.0057650988714,0.0576754822721,0.3406087312753,-0.0007064906652,0.0992438932139,0.2630826963314,0.0493787344731,0.2330737847329,0.2037290885120,0.1104099715754,0.0674393177223,0.1016287594009,-0.1772678825012,0.0736120993787,0.0836442724959,0.2383408107945
-0.0517074740356,-0.1796130294714,0.0417297978963,0.2081366366817,0.2199006393691,0.0494078122870,0.0445009832484,0.5088749076773,0.5534954964631,0.1607870841764,0.4438917723124,0.3180347379600,0.4867257849562,-0.1268459693949,0.0280568187341,0.5389091530277,0.6719905548132,1.0000000000000,0.5490641981269,0.7017890463032,0.3564660079435,0.3928162697708,0.5135047844680,0.4788817624637,0.5519814230092,0.4347317120948,0.6055397869530,0.1744662765068,0.0720852902371,0.0729466350400,0.5198175811661,0.5740115547545,0.5070308436759,0.1953948122664,0.4652355586055,0.3742285179291,0.4903670048149,0.6221720748025,0.0297786701380,0.4309600625709,0.2222715997073,0.3092537934637,0.0972463456583,0.4011948260010,0.3674743873836,0.3308473734457,0.3811689574563,0.1149117867585,0.2627707599161,0.2457015568006,-0.0725036252190,-0.1163964216819,0.1779784887900,0.0539699260038,0.0353120136665,0.1156479046121,0.5282249946818,0.5009473621978,0.5282158847716,0.5382973590177,0.1032805140796,0.3811570182010,0.3544007850074,0.3780128559008,-0.2259939153233,0.0317743811906,0.3514391474015,0.7078928511558,0.4225160482423,0.6552987688382,0.6173330775831,0.4174321920128,0.3869100841754,0.5619089733115,0.4344399349157,0.2758019603445,0.5482605547527,0.2791677832091,0.0210862708118,0.6983758586847,0.3081212165251,0.3204627823197,-0.0803718588935,0.1081388080033,0.1595323955511,0.0409991515618,0.4122289562131,-0.1883886081886,0.1126815512346,0.4711105831484,0.0880313865178,0.2864969264286,0.3145712350328,0.2908168081173,0.0568988753214,0.0723491543373,-0.0215637616608,0.1019743298618,0.0515376695147,0.2009704279473
0.1415925498234,-0.0599417757169,0.3997221030831,0.4958567736647,0.3106108580746,0.4159830593951,0.3642690134923,0.6800413306217,0.6733039942540,0.3735570672598,0.2569147254813,0.2633211250219,0.4995301969897,0.0003427750175,0.0118183735264,0.6038622493417,0.6358427991631,0.5490641981269,1.0000000000000,0.5182189815944,0.4088746735459,0.1219131436028,0.1646571356630,0.3304096507367,0.4179853267388,0.1978979588928,0.4713689750376,0.1480239173494,-0.2093485264411,-0.0476616694990,0.5230465692347,0.4651412184827,0.5457505058716,0.2490662863162,0.4207621539331,0.7282515243290,0.2766502667512,0.3858672786967,0.0766248744418,0.2410691057847,0.1372143435793,0.3283363747628,-0.0676524130684,0.3615753193452,0.1341906614984,0.2057800661008,0.3354601264625,0.1788586038079,0.0198579329319,0.3383678921433,0.1079150055723,0.2024747738344,0.2758689145767,0.4692286426157,0.2688558214195,0.5912407163441,0.3802208236013,0.4758923253050,0.7210729853392,0.6326209780634,0.2476960013174,0.2302542837609,0.2348958519710,0.4156090408240,-0.1213256434740,-0.1527293871773,0.7635273888253,0.6428646218179,0.8292720527212,0.5049962376623,0.4143418187600,0.0896385249347,0.3015193627178,0.4609459709520,0.4293301404943,-0.1234301374423,0.3547767870942,0.1919496046108,-0.2328460093152,0.5910386470763,0.1742218936901,0.3810431495239,-0.1454995331639,0.1394316805993,0.0182610057783,-0.0271027625565,0.1913739180371,0.1621627033945,-0.1492733730931,0.2217565287340,-0.0430905200163,0.2248469610571,0.3420388079693,0.2380586610569,0.2528114166477,0.0500918907248,-0.2271803896700,0.0575232347311,0.1105135118878,0.0150884901381
-0.1059808493098,-0.3135361284361,-0.0452314400294,0.0270509044652,0.1419947198154,0.0105441209173,-0.0726907497850,0.5067268984756,0.6314664880110,0.0419976183558,0.3661360886711,0.2251125368989,0.5134632962006,-0.1335592141354,-0.0162901840025,0.4402418183016,0.4886277960513,0.7017890463032,0.5182189815944,1.0000000000000,0.2391422745568,0.3236941452644,0.4556370279433,0.5105864422513,0.8518619302620,0.4585085560423,0.6853569023357,0.3173679087511,0.0544059656228,0.1918091946258,0.3845920972239,0.7220388720319,0.6426483285486,0.2355075150025,0.4329295123079,0.3114837206337,0.4792692479399,0.8197718600722,-0.0367336120051,0.4437687197180,0.1434873064665,0.2345099091128,0.0539190690001,0.5846260284358,0.5523645903542,0.3608758065832,0.4435349823746,-0.0075737629944,0.2772496696519,0.2942745702641,-0.2094677358199,-0.1675370530551,0.1762902451269,-0.0100571101113,-0.0370042555487,0.0688407280881,0.5826102759582,0.5052181603773,0.4069971575433,0.6613935707434,0.0459477987046,0.3103090207331,0.2642450994321,0.3857324001801,-0.2708195678408,-0.0161308767761,0.3890168820632,0.5590223945464,0.3388699111620,0.8452207087250,0.4447936601600,0.4401297801033,0.4239262582561,0.7654409525016,0.2714871011192,0.2668539749307,0.6264096983350,0.4268776776522,0.0177971229125,0.5931763817374,0.2620323669631,0.4555038154278,-0.1556656220889,0.1678447316832,0.2132888598220,-0.0676559847773,0.4000469886580,-0.2241010094290,0.0729293285111,0.6842914119131,0.0113906952089,0.2074813684022,0.5323812418679,0.3973300272735,0.1112840484370,-0.0060989443513,-0.0193016305093,0.0967263981124,-0.0521239026410,0.1356388544936
0.1011689894501,-0.1299980547673,0.1381258097995,0.1875286216306,0.1800124191332,0.2273749659023,0.1299969514696,0.3300745672398,0.3879751922981,0.5448856982616,0.5570133085148,0.7020939304965,0.4541873966630,-0.0761015432297,0.1780266097942,0.3890317690797,0.5844788618752,0.3564660079435,0.4088746735459,0.2391422745568,1.0000000000000,0.3437680944624,0.4967066927863,0.5397078878794,0.2410395230659,0.2017430568998,0.3346235700190,-0.0456136435461,-0.0997134682594,-0.2915648848857,0.4001852044806,0.2798007369735,0.3413716083001,0.1635389968416,0.1925636507520,0.4577865547163,0.3292633718176,0.1941659902477,0.1924189610407,0.1395164237741,0.0634151287433,0.1714244644137,0.3227974903420,0.0552959917238,-0.0311017972013,0.0446084767067,0.1302567377421,0.1652267639774,-0.1215177825819,0.2248206015285,0.0079028258163,-0.0450059116951,0.0086561137730,0.2123134061732,0.1936277992226,0.1637834863620,0.4258463736644,0.2749135878566,0.4054822243267,0.3130847913637,0.5421650699881,0.5190679008251,0.6565827007079,0.4338222983155,0.0274443923529,0.2562484644069,0.3397856777848,0.5129714754170,0.4509756815361,0.3932079354625,0.7259358151078,0.4306386447477,0.5277189822169,0.4662440999420,0.4786183886693,0.0445803105422,0.3739678176846,-0.0864657409967,-0.1280347268952,0.4325589759180,0.1870243351598,0.4222916005887,-0.0400963630515,0.3130214203712,-0.0036912196584,0.1721146100822,0.2610583287199,0.2981864937085,0.5393274451615,0.1607869707393,0.2146281256863,0.2533499411774,0.1171904804536,0.0168854975570,0.1955599857811,0.1526287891536,-0.1417340297731,0.1092420758230,0.3645681217827,0.6001119640416
-0.1091272322125,-0.1243347077615,-0.0633224681360,-0.0338104720994,0.0734527462516,0.0715828889460,-0.0889997641040,0.2909743664348,0.2736668117429,0.4047070820421,0.5240329065702,0.5157192265304,0.3915348106172,-0.1107388665214,0.0996868257212,0.0717929562718,0.3718396026428,0.3928162697708,0.1219131436028,0.3236941452644,0.3437680944624,1.0000000000000,0.5520887270626,0.4059198533345,0.3070226543712,0.2812847316219,0.4120461056447,0.3022963103091,0.1932625568023,0.0463731531490,0.1643740887617,0.2703011477883,0.2605764180355,0.1491089128951,0.0411090501570,0.0916067625407,0.3479683928978,0.3355826309938,0.0163506515623,0.3424160497044,0.2559925066465,0.1493128810574,0.0872896608757,0.3131276812022,0.2739066369378,0.5542524058923,0.2685315086994,0.1909686828741,0.2977414964723,0.1035213841685,-0.1078314802284,-0.1266705611820,-0.0199750811179,0.0079403075239,0.1229115052893,-0.1077752793995,0.4721276627398,0.3904624908939,0.2224109392461,0.2758497747463,0.4870056969203,0.4978304764048,0.5202063172609,0.3426368003565,-0.0665569713098,0.2073845414293,-0.0222035895352,0.4085777696442,0.1630807464875,0.3636779146894,0.4785058911608,0.6628594645298,0.4103960371959,0.4320863299274,0.3085766388146,0.3120891618301,0.4717432854898,0.3211205973373,0.1366856294975,0.2087645867327,0.1433000750830,0.3800953506807,0.1237530514389,0.1365100845668,0.2844829365027,0.1971282241248,0.3625921943457,-0.1304774364225,0.3284457547423,0.4013848128813,0.1810331571866,0.3853726952237,0.2916260227814,0.3931237841407,0.2669121994847,0.1677785817158,0.0984250705159,0.4697039836553,0.2192671356741,0.3425348122197
-0.0110565143691,-0.2613467888465,-0.0732077992885,-0.0125229517721,0.1243399765369,-0.0055394467733,-0.0965955897717,0.1551079527446,0.2777745241842,0.1772592428756,0.5876837257691,0.6549717733550,0.3791531541345,-0.1550092519178,0.0403381219454,0.3872457827387,0.4119161486053,0.5135047844680,0.1646571356630,0.4556370279433,0.4967066927863,0.5520887270626,1.0000000000000,0.5236238673186,0.3957893398013,0.4360072684618,0.5564295067240,0.0970871762453,0.0314901661877,-0.0722650000974,0.3861195427314,0.4937936485876,0.4572963674787,0.3784276851762,0.3746936645096,0.1213418379935,0.5748439499870,0.4254470186279,0.1555146679125,0.4648179901857,0.0457069005948,0.1126284080658,0.3622770492795,0.2178418097635,0.2416150711292,0.3632808718883,0.3661450711394,0.1771618019193,0.2107323915152,0.1342910027498,-0.1074362176330,-0.2446751449364,0.0531045234061,-0.0773040309500,0.0015658952112,-0.1326732027420,0.4550702216692,0.2184267054457,0.1106240064061,0.2632649189259,0.2638387692774,0.5582208024994,0.5998235501124,0.2949904475056,-0.1187166391440,0.3176476780398,0.1942027351218,0.3983593293349,0.1200147999095,0.4774464665338,0.5080421333960,0.8267219190462,0.4800226557945,0.4841461364885,0.3254924814034,0.3677587446177,0.5767919831028,0.1492099136349,-0.0177349333350,0.3978389563303,0.4019397366930,0.5018388870461,-0.0054573718159,0.4192982199479,0.1128740366356,0.3422375314474,0.5040934105261,0.0096407540130,0.5357701466556,0.4640115457655,0.2523432211329,0.3703254337768,0.2140744898770,0.3527417112366,0.2012947443667,0.2191987975827,0.0282305923928,0.1547458986454,0.1567734289586,0.4616733378620
0.0310288752050,-0.1565845448164,0.1223582621399,0.0908009999154,0.2454722911078,0.3260261200093,0.2679872216223,0.3990852415605,0.5816881227238,0.3865449875215,0.6543144446396,0.5608102247346,0.5050533092418,-0.1166627382964,0.1487303569769,0.2659840755271,0.4306776323329,0.4788817624637,0.3304096507367,0.5105864422513,0.5397078878794,0.4059198533345,0.5236238673186,1.0000000000000,0.4670390777798,0.2953248167693,0.6056538722543,0.1633244035653,-0.0111958955159,0.0035794399487,0.2278916077064,0.3705969733430,0.3465523859821,0.1863220403402,0.3670864151502,0.4835271315029,0.5897341281567,0.5028860979940,0.3494468248594,0.4736316342795,0.0482591795014,0.1537897813195,0.1372211323164,0.3004769141436,0.2071087249919,0.2542133112227,0.1352935799141,0.3030026618266,0.2366657676932,0.2064127197577,-0.0483768351758,-0.0667087975513,0.1953888641516,0.2796657189485,0.3602401305998,0.2054575419238,0.6198963904808,0.4299322354960,0.4458280390390,0.5835751212217,0.4241742788461,0.5974998322204,0.5862943290721,0.4549905319515,-0.0346387846500,0.2934534938347,0.2945618660249,0.5598640822123,0.4848502368734,0.5877105664044,0.5508052543848,0.4814036099345,0.8519694476673,0.6393014264602,0.3145166183439,0.1917805689401,0.6182363996973,0.1974238756486,-0.0253065986939,0.5084185619940,0.1466354356702,0.4336305460227,-0.0471341277886,0.2898750229192,0.1399048831366,0.0565800269443,0.5690164654983,0.2492542691363,0.4427604335568,0.4884267490483,0.3987681994063,0.3564467442321,0.2635003552917,0.2488114622474,0.0848708017103,0.3205296895734,0.0407853256796,0.0545706665726,0.2336255904097,0.5199916027923
