1.0000000000000,0.4676186220872,0.7651059618385,0.3353636711508,0.8043217491533,0.5328326823368,0.2180268484271,0.5308903780616,0.5551997713440,0.1344394142898,0.3831752679142,0.3769641530373,0.2926122805135,0.4968848886095,-0.2646460463352,-0.1577826855017,0.5141067196923,0.6054841449178,-0.2273616658593,0.3172890272163,0.0801932784202,-0.2604104032152,0.0410871458823,0.5011877956883,0.1114189824471,0.0977356441642,0.4001944463869,-0.4517576343879,-0.4279399356809,-0.3564739781311,0.2308470845883,-0.1284922641990,0.0777446191174,-0.3457677700242,-0.1772913316251,-0.1545748311093,-0.0258493405118,-0.2387178778734,-0.1480672766943,-0.3799008759590,-0.1454347036109,0.1026095635300,-0.4422919632608,-0.1762091101946,-0.1435042299748,-0.6027691904044,-0.4599219261964,0.1441924728702,0.1290118216828,0.2162806245120,0.8305319296265,0.7179687519264,-0.1104408489990,0.7213667084499,0.6019580662965,0.1656241948441,-0.0534397964961,0.5502916191189,-0.0040553089927,0.1811522956294,-0.1741090822784,0.5552036046009,0.2190562420248,0.3511644157019,0.3061304202710,-0.5609542385807,-0.4571230047543,0.5356850204815,0.2802812984560,0.5452583576846,0.0278570815383,0.1028127203620,0.4266591864574,-0.1008905807931,-0.3906942239276,-0.3541499296597,0.1825633607479,-0.4193105865552,-0.3566528674313,0.0410163336280,-0.4747791671392,0.2061776313776,-0.3378471901190,-0.5193017913271,-0.0849716929406,-0.6067944003386,-0.0207232607262,-0.0984512526583,-0.4265356306374,-0.0840523421198,-0.0503972803401,-0.5687511676538,-0.3063675313767,-0.4424927051753,-0.5313588475363,0.3687893548887,0.3765912329290,0.0633417723741,0.0404535157997,0.0436213672331
0.4676186220872,1.0000000000000,0.5887785829055,0.4205835767125,0.4083492691096,0.1913450486150,0.1822128814479,0.1122906723038,0.4418420130591,0.2217261641268,0.1021091076881,0.1324327889918,-0.1122197476991,0.7154866033615,0.3197481637117,0.1741951173810,0.0907963416507,0.2400553747913,0.1047277629598,0.1812699037560,-0.1883720998908,-0.1219121369880,-0.0795540735653,0.3131584765634,0.0854872765163,-0.0009390953497,0.1374357428995,-0.3398035753776,-0.0693371357303,0.0491361407302,0.1692746232532,-0.2827160665794,-0.2031178296151,-0.2254541560073,0.2197582984113,0.1610035818497,0.0531609454164,-0.3437239635599,-0.0294692436085,-0.1258999500140,0.1208826207548,0.1623682810656,-0.2901070316716,-0.0764808728347,-0.3051132944268,-0.4879094547385,-0.3326707598067,0.0056820982276,0.2921053399253,0.2998568688407,0.2894548594143,0.7217522564332,-0.0386367784132,0.3488190506211,0.2521966662474,0.0766557940463,-0.1705208699542,0.1084849587241,-0.0182377200013,0.3331504996327,0.1242441159378,0.0957429932797,-0.0329033713056,0.1933975754521,0.6334528326744,-0.5159340964100,-0.3391917808473,0.2059365792175,0.0492180100269,0.1181423389912,0.0226642307894,-0.0134632462347,0.4378421148417,0.0199785497297,-0.3214313223388,-0.4205077740156,0.0365973448889,-0.1581015921751,0.2698318950912,-0.0456182582820,-0.4518131144185,-0.1705044430186,-0.0406452160593,-0.6582464915621,-0.2014068125720,-0.4683375715653,0.0601219144492,-0.0215801254666,-0.4214942137695,-0.2158173097824,-0.0413548003615,-0.3596415384915,-0.2083520145108,-0.2253421017107,-0.2598925930584,-0.0012758624720,0.3726996462937,0.2173214508199,0.1238402039992,-0.0013067995150
0.7651059618385,0.5887785829055,1.0000000000000,0.4078537865968,0.6526874686715,0.5857215445619,0.2899418333219,0.4848801722652,0.5370205773481,0.2411789521957,0.3216135809105,0.3259696328040,0.2730295878970,0.4605137663293,-0.1007623982363,0.0073975872570,0.4726486499221,0.4573266876492,-0.0082935302723,0.3468176944663,-0.0510977574656,-0.2057472750904,-0.0438523820489,0.3928345172924,0.1581737236017,0.0489688875919,0.2986978575024,-0.4670792984927,-0.3758326849770,-0.2928865002364,0.1888540025294,-0.0980117451261,0.1184137270835,-0.1881016806518,-0.0493061574345,0.0727546559691,0.0152368197050,-0.1752862502206,-0.1655022847336,-0.2176609371622,-0.0988311294750,0.1562342302241,-0.3713757109085,-0.1010760529692,-0.1562595469144,-0.4955653300634,-0.3479395770925,0.2035631709990,0.1077411734980,0.2261111920878,0.6257162870280,0.8153044749295,-0.0181047131264,0.7647075226149,0.5175006005960,0.2150582198901,-0.0231077156652,0.4427117146365,0.0626951332993,0.2764618421607,0.0585043564288,0.4098974808233,0.1805738873008,0.3976225212412,0.3084305134849,-0.5055581472183,-0.3402884278403,0.4960383952844,0.2854146556411,0.4832157879717,-0.0343145880219,0.0845126770971,0.4369992674215,0.0463209410226,-0.4269439492580,-0.3751741376341,0.1361979840527,-0.3893299007572,-0.2129568071287,0.0383616539537,-0.3664883812804,0.2008986016903,-0.2708212942037,-0.5570220646850,-0.1045714154975,-0.4738051649977,0.0094223392961,0.0162637895439,-0.4598914951067,-0.0885656158869,-0.0744168310285,-0.4256921979077,-0.2301467068228,-0.3123221930901,-0.3512872578158,0.3358159646332,0.2290354449631,0.1515468289009,0.1500078486590,0.0066858961376
0.3353636711508,0.4205835767125,0.4078537865968,1.0000000000000,0.6037221841055,0.4490456602658,0.8521985038055,0.2773809381633,0.1744720286158,0.1504206802839,0.1328897144074,0.1335380028893,0.0411292176181,0.2506717896376,0.2250586780037,0.6133732069882,0.2550991875737,-0.0371263563790,0.6029055870481,-0.1387712464282,-0.1902093567533,0.0397621309644,-0.2892567077665,-0.0625666740603,-0.3012152157650,-0.2567989018277,-0.3602506622506,-0.2129557934506,0.0357721749188,-0.2472422125966,0.0393535002177,-0.3376075996375,-0.1039322215762,-0.1854439455739,0.2591726804632,0.5242449236632,-0.3289527645641,-0.2658741408737,-0.2359546336379,-0.1360748685186,0.2326560234300,0.1802858163263,-0.2956773663370,-0.2058559385939,-0.5248038075758,-0.2288386976700,-0.0505580995994,-0.0957951672993,0.0272144994967,0.0753609163003,0.2740706955338,0.5736340251962,0.7402767338478,0.5876516103183,0.5401784027803,0.8073629291923,0.3459289471162,0.2388571123492,0.5520488765046,0.3971375105782,0.3894477615423,0.1481183043095,0.2175931716009,0.1988991117296,0.0793952952946,-0.0926026732147,0.3449542420145,0.4558407059461,0.4275515969257,-0.0269982749042,0.1565101576205,-0.1388548802717,0.0911091821291,0.0376194193894,-0.2365905130501,0.0078955468270,-0.4115746689457,-0.1721983979514,0.1257742929088,0.1259150520287,0.0665769513882,0.0670830452170,-0.1277918357361,-0.2294266517735,-0.4585295804495,-0.1527940796944,-0.3601648944862,0.5262971591574,-0.1354880392967,-0.4233450355000,-0.2052385328926,-0.0886460603328,-0.0574759333863,-0.1746119184523,0.0828088917040,0.0161380486130,0.0848891155657,0.3865223921576,0.4252518080108,0.0006846981338
0.8043217491533,0.4083492691096,0.6526874686715,0.6037221841055,1.0000000000000,0.7310597799659,0.5309579510894,0.4600104008702,0.3700754783182,0.0166660629090,0.2621145130470,0.2453195838058,0.2268615123682,0.4330332815952,-0.1230752289888,0.1664697485659,0.4674257906152,0.4172155579787,0.0799631292158,0.1314817893572,-0.0493842705562,-0.1642607252631,-0.1532845839696,0.2834695202171,-0.0897748937480,-0.0638254986609,0.1227814640046,-0.2930706871575,-0.2046340660444,-0.2832949449580,0.2145086956892,-0.2239387016583,0.0292475370069,-0.3835405678790,-0.0047972221040,0.1292066467571,-0.2132239607278,-0.2169554241411,-0.1473929158987,-0.3082134259413,0.0731826152578,0.0826011406644,-0.3901387509951,-0.2083283421210,-0.2259119670946,-0.4357825850222,-0.3362414563961,0.1426489976364,0.2634268112486,0.0896132179290,0.7369922068390,0.6183557693400,0.2201596036583,0.8378342289812,0.7938922026146,0.4619925588260,0.1359377169558,0.4736616860158,0.2099278753469,0.1947736863784,-0.0726897872056,0.4784726826665,0.1945606115108,0.3193717586344,0.1894631688806,-0.3960022521221,-0.1468126345327,0.5665588692101,0.3415101876368,0.3082828155670,0.0756881022808,-0.0316020756974,0.2101581173121,-0.0825492264237,-0.3358614189296,-0.2602728722847,-0.0680072039241,-0.2754444683281,-0.1217632645211,0.0919359775755,-0.3341386372090,0.1787328110551,-0.2730677324348,-0.3908666291901,-0.2126145822478,-0.5078954894128,-0.2268763964727,0.1325312301515,-0.3295335725745,-0.2036073046812,-0.1090656218062,-0.4443348553168,-0.2436406286849,-0.2580913412097,-0.3837729814565,0.3243617947466,0.3836030768395,0.2333816357912,0.1337883472386,-0.0278710978639
0.5328326823368,0.1913450486150,0.5857215445619,0.4490456602658,0.7310597799659,1.0000000000000,0.5132255733725,0.4593906431695,0.3235195071682,0.1972382658892,0.3516596618415,0.3168170942135,0.3841736008451,0.2214792417534,-0.0066365087840,0.1958993041770,0.4890984274118,0.2909569492486,0.1385744566638,0.1151286406075,0.0651780474877,-0.0393914381979,-0.0406932387763,0.2205573234259,-0.0234783530819,-0.0761535045148,0.1550455965481,-0.2327165736186,-0.1761016587449,-0.2834432760888,0.2305274877325,-0.0539817707728,0.2030980948314,-0.1659846614328,0.0502291339468,0.1854913419902,-0.0316557142399,-0.0602422564790,-0.0412686009302,-0.1803256435396,0.0417998078458,0.2111831946570,-0.2297744445086,-0.1341284585576,-0.0592472037866,-0.1854186618177,-0.2377632855829,0.3884562536678,0.2290472107002,0.2053734735550,0.5386735597813,0.4075522957017,0.1461820522289,0.8169545424162,0.7969780350787,0.3307188074514,0.2701182363528,0.4352771454233,0.2318942519629,0.0942625465244,0.1302277996683,0.4677337711391,0.2517567262391,0.4338497778938,-0.0273673079901,-0.2270406614103,-0.1061079595463,0.5021860473351,0.2878300926927,0.2803472769345,0.1021620713623,0.1018787136585,0.1952707456961,0.0457164412224,-0.2955701310609,-0.2370970946606,0.0429687938006,-0.2875090082404,-0.2115281100745,0.1407088755401,-0.2228645376023,0.3323935274083,-0.2519795710927,-0.2700821919018,-0.0962322943631,-0.3829118894585,-0.0689805028308,0.1226262085522,-0.2049961818366,-0.1408144706946,0.0243700937433,-0.2825520430543,-0.2078945114465,-0.1518147870244,-0.2507358447771,0.5032204519901,0.1914307157191,0.2347725372472,0.2433371343680,0.0480492666447
0.2180268484271,0.1822128814479,0.2899418333219,0.8521985038055,0.5309579510894,0.5132255733725,1.0000000000000,0.3329221627833,0.0458257159228,0.0895864397153,-0.0566148317097,0.0118015832719,0.1593213104742,-0.0178795094826,0.0654573438063,0.5440087977096,0.2419018261389,-0.2090624839813,0.6232750402903,-0.2511639213330,-0.1578871515227,0.0721613393905,-0.4195886967508,-0.2495891994192,-0.3471151431383,-0.2885053294334,-0.3904409815824,-0.0357333882530,0.1619714049248,-0.1944069939203,-0.0210469649078,-0.2276643869304,-0.0199386906368,-0.1243259033527,0.1700998861552,0.4752562495396,-0.3874926969726,-0.0707865983097,-0.2366504574628,-0.1053034252180,0.1726674009916,0.0022789645038,-0.2221479637829,-0.0937675503042,-0.2808148857850,-0.0633822161413,0.0795586660410,-0.1033040331672,-0.0460066197048,-0.1289581859850,0.1825859067843,0.4275798527632,0.7336999399879,0.5377830690325,0.5450499924939,0.8632885466039,0.5206884627921,0.3122193586275,0.6738365832882,0.3205500681766,0.3931712368381,0.0274909956462,0.2223382451366,0.1624378736591,-0.1165295533980,0.0707296137847,0.5102467963206,0.3987654749578,0.4922132774436,-0.0101780838836,0.1068758124932,-0.2349478349427,-0.1486487135123,0.1165443127195,-0.1634500504834,0.1802127079402,-0.4923813990465,-0.1175428043499,0.0687883581239,0.1400323104879,0.2286081060277,0.2065715952185,-0.0597273270114,0.0002044354069,-0.2784787780629,0.0372674534996,-0.4438323342404,0.7132582894822,-0.0537601725976,-0.2917339418306,-0.1565874178498,0.0797141736584,0.0267940191738,-0.0663419391557,0.2310356188990,0.0255218438162,-0.0907307959675,0.4225541069716,0.3958644306302,-0.0564033501922
0.5308903780616,0.1122906723038,0.4848801722652,0.2773809381633,0.4600104008702,0.4593906431695,0.3329221627833,1.0000000000000,0.5880568252189,0.1767969735877,0.3671549820599,0.4116809286540,0.6275808343133,0.1707357027188,-0.3571045676906,0.0463931951578,0.7222064105761,0.4803559255467,0.1583038012624,0.4598262039363,0.1228869311957,-0.0994241315286,-0.0804710826866,0.3122135089026,0.1736959833630,0.0632642659485,0.2691546100012,-0.3005063836033,-0.2556778408548,-0.2575639624029,0.2183242611852,-0.0387484430458,0.3401470803262,-0.2024513188305,-0.1709977542428,0.0268495386492,-0.1193510189382,0.1172742469633,-0.2740704537950,-0.3278009119530,-0.1270789515987,0.1126213711236,-0.3666470235807,0.0160055410851,0.0360251422765,-0.3440474630041,-0.2781988190486,0.0731295184481,-0.0895155275588,0.0316068359243,0.4211778843866,0.4060233133959,0.0260130632051,0.5457945212406,0.4906801382803,0.2532562668027,0.4164099973842,0.7549828292819,0.4402255336855,0.3631322426702,0.0753528261034,0.4902870692009,0.3886793444138,0.5220903133005,-0.1474501526799,-0.4232595230611,-0.1072662759683,0.6815995418568,0.4333979241470,0.6827699400920,0.0076452157492,0.0537799348968,0.2309634022177,0.2337040821067,-0.4167796193105,-0.0451495598529,0.0578576261900,-0.4456667456170,-0.3292921507545,0.1842586562635,-0.1628467967013,0.4600389486846,-0.3424407988956,-0.3424764872340,-0.0055076605499,-0.2927727347211,-0.2029026922075,0.0784721900858,-0.3995577455681,0.0838046999982,-0.1848451123857,-0.3340658778773,-0.0298242945175,-0.2915190486612,-0.2396109080947,0.1916545206822,-0.0122851645247,0.1459986261410,0.3197783932230,-0.1455547351750
0.5551997713440,0.4418420130591,0.5370205773481,0.1744720286158,0.3700754783182,0.3235195071682,0.0458257159228,0.5880568252189,1.0000000000000,0.3586844079657,0.4921830126408,0.4244985701187,0.2362562904871,0.3512846618021,-0.0477420031644,0.0925527118151,0.4358874348978,0.6114519810242,0.0670597282595,0.6493005843323,0.1178134787764,-0.1462916836005,0.2227705407709,0.7140049730751,0.4939300799968,0.3202738872194,0.6099411390983,-0.4769850568006,-0.4899543730715,-0.3932076230310,0.4487736577021,-0.0753678198272,0.0742976279884,-0.2486825337190,0.1643554540274,0.1146524259539,0.2943955657985,-0.1465287474740,0.0286140022451,-0.1566976108108,-0.1725347342415,0.1288470047935,-0.2341401659626,0.0273482476354,-0.1085054504486,-0.5515179250857,-0.5485349950494,0.1681824991402,0.0746551356685,0.3356100947204,0.3555755956717,0.4906912599181,-0.3328488625040,0.4070908077158,0.3707338378246,-0.1293322831563,-0.0628471461904,0.3392633137298,0.0214086247355,0.5581213811357,0.0544126013700,0.3398651845926,0.0780712210880,0.4374417977286,0.3247534899142,-0.6480638105635,-0.5245400840946,0.4049113005124,0.1316540993357,0.5420476363339,0.0676410794700,0.2155467373704,0.7177668705110,0.3033142328617,-0.4545145867040,-0.4041101772801,0.4706265165712,-0.3746572559839,-0.1521947531727,0.1378456096141,-0.5552648949434,0.0422237789896,-0.3824915247477,-0.6511443909208,-0.1817669525971,-0.5998269339193,0.2935676368035,-0.1592892278697,-0.4544400987932,-0.0548333363888,0.0588432710842,-0.4844103509940,-0.1926889991446,-0.3169117649200,-0.4777416410507,0.2542654308673,0.1474594059360,0.0771887398180,-0.0062580551873,0.0256904262566
0.1344394142898,0.2217261641268,0.2411789521957,0.1504206802839,0.0166660629090,0.1972382658892,0.0895864397153,0.1767969735877,0.3586844079657,1.0000000000000,0.5412065566517,0.6455140109362,0.3462337059119,0.2511934603376,0.3192754531539,0.0346077488796,0.2720812656390,-0.0452799457204,0.2883334505485,-0.0610875533634,0.5041000351869,0.5800394375787,0.4266748677390,0.2460129389390,-0.0566132341126,0.0507982357265,0.2579434719971,-0.1640936861126,0.0617845228173,-0.1112958102032,0.1765319910131,0.0950122843762,0.0206411937806,-0.0988918702176,0.1447034389555,0.0398573226932,0.4255117846154,-0.2876952313259,-0.1864670802179,-0.0765666845215,0.1391689542700,0.3479366436434,-0.1524002452943,-0.2955791752220,-0.1789331854253,-0.0341999296858,-0.1014007434862,0.0206666448763,-0.0216142535844,0.4272180171201,0.0651616866962,0.2506474256622,-0.0419537744282,0.1491085853732,0.0378573287771,-0.0458205736872,0.1398195847331,0.0647041428618,0.0920072068178,0.1551461847882,0.7075977705734,0.2608903134526,0.4840035538770,0.3684981670481,0.0708310204437,-0.2133134735606,-0.2030144958749,0.0728147392652,0.1734917060457,0.0165414248766,0.4451928617572,0.6340361744033,0.4142389682206,0.0880706381197,-0.1520743117799,-0.1094394867886,0.0916661964259,-0.2380786472509,-0.0783043348162,0.0483569928689,-0.0214491755201,-0.0370741361798,-0.2472432475117,-0.2290929451680,-0.2984104335759,-0.1998141783558,0.3449868549083,0.0809769618159,-0.1938282839830,-0.4134793693975,-0.0668601320820,-0.1623482392097,-0.4638399699692,-0.1699611592914,-0.0232252094740,0.1075931101843,0.0270755630215,0.3663227752321,0.2254411561239,0.2614747950627
0.3831752679142,0.1021091076881,0.3216135809105,0.1328897144074,0.2621145130470,0.3516596618415,-0.0566148317097,0.3671549820599,0.4921830126408,0.5412065566517,1.0000000000000,0.7617144066351,0.4081796527465,0.2185396459757,-0.0278445816397,-0.0918865609737,0.5114168421918,0.5095517859255,-0.0568216731546,0.1856737840294,0.3820894480257,0.2280327714487,0.4997948524531,0.5667892612907,0.0292500897858,0.0620447509586,0.3665145423557,-0.3261351989189,-0.2472052893941,-0.3552804517601,0.2528871608650,-0.0548124124616,0.0856715613993,-0.2685644612387,0.0176677395320,-0.0482843591525,0.2952120807628,-0.3733053546552,-0.0447858599081,-0.2068346613489,0.0444460973124,0.3658252940749,-0.2095703324066,-0.2740715523226,-0.2655102655186,-0.2490498257631,-0.3652209674360,0.2164755120986,0.0356844566768,0.4368736389843,0.3770326785699,0.2306603492621,-0.1062780897262,0.3734985276993,0.2826344398830,-0.1110473202187,0.0122786530249,0.2978905604224,-0.0136207377114,0.2015979405371,0.2482169615101,0.7114616141576,0.4883658064177,0.5085967580883,0.1077344716816,-0.3253957114354,-0.4031222191674,0.4436761773227,0.1821311335891,0.2482431803665,0.3532755553869,0.5686579475545,0.6088052263886,-0.1411176748489,-0.1719342733052,-0.3638575606709,0.3202766204806,-0.3041579501183,-0.2174330486775,0.2093426069745,-0.3065845257950,0.0088062508099,-0.3646285360172,-0.3040535425184,-0.3423622014186,-0.4816125397695,0.3085506236972,-0.2525089132670,-0.1544313959867,-0.3439801464567,0.0053232100542,-0.3558602703942,-0.3713536429183,-0.3107982890839,-0.3689746660651,0.3507159033285,0.2079516633660,0.0349007390969,0.1208733958630,0.3166864969000
0.3769641530373,0.1324327889918,0.3259696328040,0.1335380028893,0.2453195838058,0.3168170942135,0.0118015832719,0.4116809286540,0.4244985701187,0.6455140109362,0.7617144066351,1.0000000000000,0.6230241081857,0.2956348191247,0.0098819657587,-0.1285254300104,0.6309039213303,0.4028020470884,0.0067663216462,0.1129203369327,0.5885763604862,0.4099706931456,0.5880697000038,0.4527251959265,-0.0651627878624,0.1274493582141,0.3479462081301,-0.1993565194519,-0.0912066449924,-0.2082303349285,0.2148858628508,0.1153905311268,0.2671913456869,-0.2674915461254,-0.0192886518824,-0.0912303787728,0.1524121039004,-0.3991962439991,-0.2628466172286,-0.2751074895704,0.0977222866512,0.3234830013175,-0.3071585239254,-0.2776789083646,-0.1988046263932,-0.1714307495939,-0.1152675186226,0.0551559507479,0.0384523621120,0.4119459530822,0.3225451016399,0.2330059861605,-0.0424526215145,0.3462289185923,0.2114827947691,-0.0904648549927,0.1514055192901,0.3496333012974,0.0793966780063,0.1405308804043,0.3331204314536,0.6579922807477,0.7124712103964,0.6013476443462,0.0230069792163,-0.3396548078026,-0.3726938312044,0.4708798782980,0.2260127042754,0.2813891055574,0.4972419415976,0.6941094797850,0.5098981290932,-0.1414503801840,-0.1661960450903,-0.2166555298697,0.1939533462501,-0.3200868481112,-0.2431285145217,0.1601714271787,-0.1962417961059,0.1247017381654,-0.4653651949726,-0.3168865311363,-0.3768061891259,-0.4292375405236,0.1144858600736,-0.2392369768155,-0.1758438982458,-0.4520007181063,-0.1998746324293,-0.3948441702776,-0.4483875645242,-0.3759648977433,-0.2529270857776,0.1623201838424,0.2111366545531,0.0735624802812,0.2064401911626,0.2717615510182
0.2926122805135,-0.1122197476991,0.2730295878970,0.0411292176181,0.2268615123682,0.3841736008451,0.1593213104742,0.6275808343133,0.2362562904871,0.3462337059119,0.4081796527465,0.6230241081857,1.0000000000000,0.0138459617354,-0.2617471535633,-0.2010665250405,0.7747798442478,0.2229488529161,-0.0083877523017,0.0939725399275,0.4160057730788,0.2106186875500,0.1763450808407,0.1166133076013,-0.0449956084267,0.0679525664270,0.2123535039952,-0.0736905285149,-0.0384395699408,-0.1410037776638,0.0711403465208,0.2290342167654,0.4555295565716,-0.0927004236548,-0.2736001884464,-0.1993932657757,-0.0801097800937,0.0229035318834,-0.3590206805844,-0.2530611585420,-0.0409086984716,0.1115402245423,-0.2109782778308,-0.0420644904138,0.1529934413891,-0.0233668565464,0.0304211660910,-0.0033215904036,-0.1775611665142,0.0700694909707,0.2276977514411,0.1190755934873,-0.0024310533672,0.3396627232309,0.2767331696901,0.0815275582772,0.4757072628757,0.5900167069757,0.2944067239030,0.1118937410942,0.1989360799627,0.5219214921883,0.6338793240208,0.7418399113158,-0.3149157707505,-0.1759803919549,-0.0833227002364,0.5329177503108,0.3054347053860,0.4064704646021,0.1953206920055,0.3339086026554,0.0545505689839,0.0444922068700,-0.2106110409958,0.0548383618848,-0.0030377286027,-0.3382788711863,-0.3643696392619,0.0716060372791,0.0445320580913,0.4466038842416,-0.3691752723773,-0.0756957763448,0.0101106908525,-0.1269620701211,-0.1681035419917,-0.0400929913857,-0.1696838819816,-0.0803307244195,-0.2441841531047,-0.2506574377058,-0.1510973389895,-0.2426575390995,-0.0819972204578,0.0970732713371,-0.0898195749293,0.0713719728452,0.2676245223563,-0.0352770666997
0.4968848886095,0.7154866033615,0.4605137663293,0.2506717896376,0.4330332815952,0.2214792417534,-0.0178795094826,0.1707357027188,0.3512846618021,0.2511934603376,0.2185396459757,0.2956348191247,0.0138459617354,1.0000000000000,0.3448237756080,0.0903705588449,0.2551237418294,0.3722868057753,-0.0351232784494,0.1905060351081,0.0709782815828,-0.0384563126656,0.1078509429422,0.4097193835018,-0.0003262096806,0.0946522858113,0.2499323422833,-0.3191281753874,-0.0568391718414,0.2266308930977,0.3065945142901,-0.0638625974870,0.0007004277403,-0.2449422563985,0.1563618187104,0.0187233353928,0.1388040499513,-0.2754469623675,-0.0566225479265,-0.2850802106833,0.1606769405001,0.2847845264463,-0.2614709581546,-0.2608315362699,-0.2624030400049,-0.4347180492061,-0.3229158205096,0.0929797664961,0.4139967921423,0.4101265341974,0.4254717486593,0.4835142873601,-0.1453757603894,0.3622422931082,0.2654456539477,-0.0489510921074,-0.2202580673671,0.1739522408780,-0.1257319851142,0.0677044524491,-0.0431855606507,0.3489679696304,0.1034701342606,0.1831212114939,0.4960685314326,-0.5086583291929,-0.4025192286041,0.2247716052881,0.0343217673865,0.1553245939679,0.0703441396784,0.2029428326989,0.4137270493590,-0.2003674436662,-0.2618936860893,-0.3650301328099,0.0552746281748,-0.2763998684757,0.0579042013427,0.0034159313369,-0.4376060202126,-0.0297847236528,-0.1768021697548,-0.5620980681857,-0.1047665653841,-0.5639147340799,0.0893211836122,-0.2044734180879,-0.3626792030310,-0.1303837022935,-0.0660001806341,-0.5164979359254,-0.3956018091416,-0.3123555658315,-0.4542503227765,0.1172979377871,0.5116583695346,0.0869894784148,0.1222771511313,0.0089147231701
-0.2646460463352,0.3197481637117,-0.1007623982363,0.2250586780037,-0.1230752289888,-0.0066365087840,0.0654573438063,-0.3571045676906,-0.0477420031644,0.3192754531539,-0.0278445816397,0.0098819657587,-0.2617471535633,0.3448237756080,1.0000000000000,0.3813789586794,-0.2501920197423,-0.2567280003503,0.3229940305025,-0.1905668948891,0.0504820964169,0.1742557082286,0.0575016914803,0.0384854059406,-0.1692770503719,0.0571727349425,-0.1159776372716,0.1007777638774,0.2009245585801,0.2560803171338,0.1886798027103,0.0309546195172,-0.1922015543390,0.1139855812573,0.5698567682389,0.3600545351185,0.2963066885522,-0.0080264541317,0.3342808580574,0.1341667627960,0.2177849786272,0.1355524185785,0.3503045453965,-0.1006051979679,-0.1941679034024,0.0405596509605,-0.0031639673094,0.2247220803567,0.3464547716657,0.4186318559526,-0.3048291477735,0.0122957076208,0.0989832063173,-0.1145934881813,-0.0744438678517,-0.0807275042353,-0.1671697902440,-0.4517293710641,-0.1032427561213,-0.1126964975307,0.2769073674675,-0.2163705118285,-0.1648959142224,-0.1257796469984,0.2286364305235,0.1208303948376,-0.0122735114493,-0.3213953153231,-0.2860553412309,-0.5398731396762,0.0115367630637,0.0415200444547,0.1271101621751,-0.1544980338770,-0.0620184318023,-0.1188552192001,-0.1691017346552,0.0985043216534,0.3491487769352,-0.1738310312112,-0.0794129958623,-0.4383407186994,0.0473839111574,-0.1110080119575,-0.2415597450836,-0.0475358463861,0.2726259924096,0.1219375531626,0.1453045090133,-0.1646364653371,0.2745413427554,0.0812042947110,-0.1940621818144,-0.0094253182688,0.0063470639572,0.0731757648630,0.1957379239738,0.0219706178560,0.0356514056680,0.0618719314266
-0.1577826855017,0.1741951173810,0.0073975872570,0.6133732069882,0.1664697485659,0.1958993041770,0.5440087977096,0.0463931951578,0.0925527118151,0.0346077488796,-0.0918865609737,-0.1285254300104,-0.2010665250405,0.0903705588449,0.3813789586794,1.0000000000000,0.0383465775245,-0.1180989739569,0.7700913379886,0.0030074291492,-0.1296718357650,0.0485130339718,-0.2362494163204,-0.0574178229368,-0.1220782540892,-0.1375550912800,-0.2700342185909,0.0040706845241,0.0903348695225,-0.0665591907977,0.4477141452155,-0.0797538099903,-0.0273618301795,-0.0375112729899,0.6935791504433,0.8011362555872,-0.0968146770536,0.0223493171109,0.0888760742166,0.0342518953568,0.2043850682584,-0.0026917153532,0.1228747486832,-0.1040791916479,-0.1785179381947,0.0021760882920,-0.0436748450315,0.0052652236060,0.1749567151659,-0.0758830492089,-0.2099723456933,0.0502209250891,0.4442090696981,0.1503307341890,0.2202064857328,0.4271622122011,0.1719791293610,-0.1597604700901,0.4077218307405,0.2263904605312,0.2990214587172,-0.1871191906916,-0.1268268904701,-0.0066065275493,-0.0599150366764,0.0374533640317,0.4364659484300,0.0828693052551,0.1698637563661,-0.2275759491085,0.0942265978445,-0.2094827025367,0.0169039107566,0.2342763273244,-0.0950161295122,0.0678371938777,-0.2206140980353,0.0670502919256,0.3274144689337,0.3213092315038,0.1191364037092,-0.0061751726258,-0.0098189427359,-0.0778216107086,-0.2323787057333,-0.0091038449779,-0.1203179597668,0.5141792539716,0.0477278132186,-0.2146133798925,-0.0066171868062,0.0578963794070,0.0443925524022,0.0957876728026,0.1108506449890,-0.0242081602760,-0.0055777800756,0.2937540565257,0.1795639720536,-0.0768211611375
0.5141067196923,0.0907963416507,0.4726486499221,0.2550991875737,0.4674257906152,0.4890984274118,0.2419018261389,0.7222064105761,0.4358874348978,0.2720812656390,0.5114168421918,0.6309039213303,0.7747798442478,0.2551237418294,-0.2501920197423,0.0383465775245,1.0000000000000,0.5573673331035,0.0419216977420,0.3368719483820,0.3651538604017,0.0114840122367,0.1566945830178,0.3562737201029,0.0078654713587,0.0998204306401,0.2636132289874,-0.2825610730752,-0.2552698405418,-0.3147893880184,0.3771641491880,0.1282705482629,0.4670578270148,-0.2298158316107,-0.0951107894534,-0.0364726483396,-0.1402768535559,-0.0765245981437,-0.3238570070805,-0.3811608755756,-0.0590361647558,0.1489114280092,-0.3719957502657,-0.1286790570430,-0.0390014939731,-0.3322471565673,-0.2528388507258,0.0527284869783,-0.0617470977185,0.1437135047168,0.4226562242995,0.3092596825906,0.0217624610703,0.5526075904285,0.4444573473275,0.1315087299323,0.3135796539729,0.6687730293316,0.3126814700377,0.1996991236737,0.0893043996410,0.6620329647407,0.5579481024418,0.6681128665070,-0.1224873105113,-0.3838321365399,-0.1861668211909,0.7570908818402,0.3713079595953,0.5422190628401,0.2228862464246,0.2747078036949,0.2855603693450,-0.0311775328654,-0.3045165857050,-0.1067441129509,0.0775990364011,-0.4460584412449,-0.3597466065409,0.2324771638593,-0.1591159864769,0.4841851241452,-0.4774560899429,-0.3120092906088,-0.0747475626287,-0.3904314933236,-0.2070366840147,-0.1096090964094,-0.2582646185073,-0.1043022315530,-0.2392054855639,-0.4519443353706,-0.1694681196607,-0.3840911350162,-0.3373290647007,0.2043711557954,0.0768497772443,0.0491516479114,0.2749727230107,-0.0043295098364
0.6054841449178,0.2400553747913,0.4573266876492,-0.0371263563790,0.4172155579787,0.2909569492486,-0.2090624839813,0.4803559255467,0.6114519810242,-0.0452799457204,0.5095517859255,0.4028020470884,0.2229488529161,0.3722868057753,-0.2567280003503,-0.1180989739569,0.5573673331035,1.0000000000000,-0.4137505068661,0.6977967396470,0.1378139244075,-0.3431037250819,0.2933485175228,0.7853667745467,0.3964762992137,0.3444217014315,0.5736324344214,-0.4071631111370,-0.5326320808419,-0.3264099353864,0.5052504521872,0.0000856753994,0.2181440969897,-0.2799367901194,0.0465581354887,-0.1539516124047,0.1337903423332,-0.1420995383287,0.1371915499565,-0.3080867125075,-0.1955112955286,0.1004820592858,-0.2528313850259,-0.0198285504986,-0.0231240162819,-0.5511399239589,-0.5481156811690,0.3033766045098,0.1741555744271,0.2745673814309,0.5008029926673,0.2665427996889,-0.3999291834416,0.4279270729271,0.3644662400491,-0.2964790986696,-0.3006965144061,0.3897025573351,-0.2680052817108,0.1053302574019,-0.4087728886370,0.5793549675370,0.0847936228263,0.3315526068822,0.2571314145329,-0.5545748056365,-0.6448896568239,0.5347258810810,-0.0264890631867,0.5936676589163,0.0118305603169,0.1545592808948,0.6436031185675,-0.1117699107654,-0.2582789091719,-0.4892495529584,0.5393016179847,-0.3339391889192,-0.2536160117944,0.2252300511263,-0.6417805298103,0.1382844903620,-0.4202488857255,-0.5198820732744,-0.0061505105892,-0.6581678385959,0.2009458039566,-0.4963909352752,-0.2060921979670,0.0778308557069,0.1080971687019,-0.5732859160879,-0.1136596974414,-0.4132795986018,-0.6906538202541,0.3876971229943,0.3554855537703,-0.3082055093442,-0.1304345377609,0.1407469874551
-0.2273616658593,0.1047277629598,-0.0082935302723,0.6029055870481,0.0799631292158,0.1385744566638,0.6232750402903,0.1583038012624,0.0670597282595,0.2883334505485,-0.0568216731546,0.0067663216462,-0.0083877523017,-0.0351232784494,0.3229940305025,0.7700913379886,0.0419216977420,-0.4137505068661,1.0000000000000,-0.2140981723228,-0.0279295645433,0.3296699615455,-0.2146924950852,-0.2650500158814,-0.2676734087071,-0.2424800265465,-0.3835678565056,0.0662285849545,0.2606960154693,-0.0299883060879,0.1496917361986,-0.1230488949413,-0.0491695032044,-0.0171541922019,0.4025196135621,0.7335958594801,-0.1441308293477,-0.0290702086914,-0.2126276340723,0.0734828925980,0.2709833115634,0.0514891859093,-0.0098036748969,-0.1417756858355,-0.2354886907184,0.1709618145057,0.1749887765277,-0.2277931805859,-0.0224002084478,-0.1224443257888,-0.2878946590243,0.1088274860383,0.5553350158222,0.1044435055274,0.1500535666783,0.5580629881828,0.4575747366115,-0.0796793597667,0.6531575968353,0.3700298557447,0.6376647346788,-0.2045443672259,0.1273368858549,0.0747400479182,-0.1627531824069,0.0892735872951,0.5748775838261,0.0716136245373,0.3754225814438,-0.2436451838134,0.2281160645020,-0.0659919238404,-0.1020695663434,0.3498988211371,-0.0968144238581,0.2615567466448,-0.4309122889094,0.0617791022058,0.2904760877759,0.2069365605056,0.3596353872382,0.0028818965496,0.0186146701011,0.0148871193842,-0.3300647333482,0.1961300773331,-0.2249631192289,0.6525522047160,-0.0479326768968,-0.3457456613549,-0.2241788730714,0.1950657586832,-0.0114798437785,0.1855143047666,0.4003274618761,-0.2282238109546,-0.2036097451177,0.5271498854183,0.3749183071924,-0.1123437669891
0.3172890272163,0.1812699037560,0.3468176944663,-0.1387712464282,0.1314817893572,0.1151286406075,-0.2511639213330,0.4598262039363,0.6493005843323,-0.0610875533634,0.1856737840294,0.1129203369327,0.0939725399275,0.1905060351081,-0.1905668948891,0.0030074291492,0.3368719483820,0.6977967396470,-0.2140981723228,1.0000000000000,0.0064708116455,-0.3676134261887,0.1897485226091,0.6109237716232,0.7773878665564,0.5134919585244,0.5948051192586,-0.4702760164648,-0.5832879131379,-0.3037745324323,0.4073279714709,0.1017646033581,0.2739890476485,-0.0870600992032,0.1392264366934,0.0002646045380,0.2190102918191,0.2404489384191,0.1240020332297,-0.1379343625672,-0.3333209982449,-0.0133494922496,-0.1374834797221,0.2728634860931,0.1577045913812,-0.4306713705788,-0.4944948506397,0.2562733495597,0.0328372186108,0.1186485797162,0.1718588062190,0.1797845425892,-0.4733493712995,0.1927671279452,0.1642600714168,-0.3379636040309,-0.2463618503678,0.2265650754616,-0.1933270990459,0.2381126114112,-0.2932082417927,0.1904112391291,-0.1298462305986,0.2201195521010,0.1895766756620,-0.5554303922423,-0.4996379314669,0.2877514729687,-0.1256347059191,0.6237378176731,-0.1446750824032,0.0456894958866,0.5131148082083,0.3390980031891,-0.3047304087546,-0.3030510659763,0.6018535796515,-0.3375833343642,-0.1810819906176,0.0966793573234,-0.4981063590417,0.1373068635487,-0.3079842398254,-0.5349213928131,0.0646257924797,-0.4392090621439,0.2372955383982,-0.3946207114703,-0.3456089959728,0.3267790128341,0.0770992325390,-0.4132407563124,0.1250676871023,-0.2628054779667,-0.4911231212092,0.2437244522475,0.0919377227565,-0.2121646974658,-0.1179767091691,-0.0749359658116
0.0801932784202,-0.1883720998908,-0.0510977574656,-0.1902093567533,-0.0493842705562,0.0651780474877,-0.1578871515227,0.1228869311957,0.1178134787764,0.5041000351869,0.3820894480257,0.5885763604862,0.4160057730788,0.0709782815828,0.0504820964169,-0.1296718357650,0.3651538604017,0.1378139244075,-0.0279295645433,0.0064708116455,1.0000000000000,0.5259830289425,0.6683659617477,0.2909657903713,-0.0836013405556,0.2945930335885,0.4084094624349,0.0525906300620,0.0543737660342,-0.0180927438473,0.3446725159565,0.5084076201165,0.3966239510923,-0.1983048694586,0.1020465270759,-0.1679516639446,0.3568533934301,-0.1271176235969,-0.1223001444705,-0.1986797613675,-0.0819821151689,0.0235471371500,0.0021010518953,-0.2037846416189,0.2010999616526,0.1586537777214,0.0790694150507,-0.0264340491415,-0.0644043004330,0.2472222827248,0.0750507274116,-0.1114541460861,-0.1630641014512,0.0120869946457,-0.0675527018612,-0.2282621808761,0.0357122648356,0.0672917236419,-0.0663391418943,-0.1631627652686,0.1292528878133,0.3231233929176,0.4706290287477,0.1545848673130,-0.1658614114468,-0.0942391320859,-0.2145144525554,0.0526404834228,0.1437512315083,0.0937110843511,0.5776583004041,0.6813139755624,0.2371398854132,-0.1505715893996,0.1741385497588,0.0796297709289,0.1613755879655,-0.1471944678421,-0.3430755362835,0.3002858031124,0.0573565873725,0.1104203372470,-0.4765803132555,0.0380520835891,-0.1141092662153,-0.1985338731452,0.2486124955696,-0.0990106367336,0.0399061109234,-0.2824587247667,-0.0544812121649,-0.2113230487923,-0.4573393144601,-0.2190909862718,-0.1687520870838,0.0854610653421,-0.0226412079236,-0.1412881818232,-0.1329975016523,0.2727475499279
-0.2604104032152,-0.1219121369880,-0.2057472750904,0.0397621309644,-0.1642607252631,-0.0393914381979,0.0721613393905,-0.0994241315286,-0.1462916836005,0.5800394375787,0.2280327714487,0.4099706931456,0.2106186875500,-0.0384563126656,0.1742557082286,0.0485130339718,0.0114840122367,-0.3431037250819,0.3296699615455,-0.3676134261887,0.5259830289425,1.0000000000000,0.4793981982921,-0.1350038471318,-0.3403907315510,-0.1021659368726,-0.0283120586451,0.1940811476076,0.4482056083226,0.1404096620627,-0.0284016331443,0.1757666945217,0.0828100138327,-0.0810996762475,0.1065905820791,0.0527346548663,0.1615242885724,-0.3009788784782,-0.2564660630371,0.0367127247681,0.3815556170396,0.1504734697286,-0.0550657398333,-0.3375097740147,-0.0678323988749,0.5077001759377,0.3507542560139,-0.1845769284814,0.0021945156370,0.0479545743505,-0.1830736169673,-0.1639854304221,0.1965429158068,-0.1302208497774,-0.1733570571717,0.0742995734609,0.2352561718277,-0.1395515901501,0.1377345680390,-0.0237078094678,0.5963728026881,0.0455501180742,0.5037041202100,0.1315024734313,-0.1343832372285,0.1339517275335,0.1661536983689,-0.1405737674317,0.2342365257809,-0.2441532162306,0.6415769973419,0.6462529347967,-0.0310209116460,0.0066216525775,0.2915342040644,0.1586008018694,-0.1384474037168,0.1149824138010,0.0751985216035,0.2055148347703,0.3586569809335,-0.0701001848788,-0.0423938771840,0.1944609668730,-0.3543370289509,0.1385107502307,0.0745646709481,0.1626602776202,0.0281433075959,-0.5556712100151,-0.2402368859986,0.1212886287876,-0.3865032846991,0.2035809625736,0.3378331096889,-0.2051776569488,-0.0672130007555,0.3820776317306,0.0835109070788,0.2443162137910
0.0410871458823,-0.0795540735653,-0.0438523820489,-0.2892567077665,-0.1532845839696,-0.0406932387763,-0.4195886967508,-0.0804710826866,0.2227705407709,0.4266748677390,0.4997948524531,0.5880697000038,0.1763450808407,0.1078509429422,0.0575016914803,-0.2362494163204,0.1566945830178,0.2933485175228,-0.2146924950852,0.1897485226091,0.6683659617477,0.4793981982921,1.0000000000000,0.4747374790360,0.1671959703549,0.3807675790453,0.5177493210808,-0.1611351385358,-0.1143613428859,-0.1634227438336,0.2346683624463,0.3343029717754,0.2442086371555,-0.0947658977111,0.1206797699746,-0.1929834352582,0.4296164987907,-0.3643716622594,-0.0529003813959,-0.0568489329134,-0.0280329006553,0.1633738617527,-0.0918697723244,-0.2249851354464,-0.0355191327144,0.1518923980103,-0.0505824555025,0.0546760348936,0.0205274509974,0.3485410440166,0.0211660637613,-0.1377427116876,-0.3474334448876,-0.1034182877195,-0.1564503799276,-0.4732882349266,-0.2130824744951,-0.1324541607062,-0.3568684909118,-0.1040210306731,0.0776153112017,0.2871802502513,0.3330361253281,0.1686488756833,0.0945164127050,-0.2282113657586,-0.4760788010600,-0.0459528501110,-0.1087446409352,0.0853880341397,0.4913064789100,0.7945528382034,0.4725516689196,-0.0997945655322,0.1075361061438,-0.1747754494719,0.4645160367862,-0.1242685961136,-0.2212172993157,0.1656210833787,-0.1483553585210,-0.0778267028414,-0.3552181355020,-0.1923887473688,-0.3146135461255,-0.2655442991600,0.4177705320683,-0.4409373765333,-0.0443137816352,-0.3732607986920,-0.0539836495905,-0.2188081226056,-0.4260166128969,-0.1350629456462,-0.2271615284371,0.0901606605401,0.1002065473616,-0.1381290637688,-0.1765952862183,0.3274416173855
0.5011877956883,0.3131584765634,0.3928345172924,-0.0625666740603,0.2834695202171,0.2205573234259,-0.2495891994192,0.3122135089026,0.7140049730751,0.2460129389390,0.5667892612907,0.4527251959265,0.1166133076013,0.4097193835018,0.0384854059406,-0.0574178229368,0.3562737201029,0.7853667745467,-0.2650500158814,0.6109237716232,0.2909657903713,-0.1350038471318,0.4747374790360,1.0000000000000,0.3809735651061,0.4104532400763,0.7232558146360,-0.3880796628278,-0.4914092151281,-0.3093602262501,0.5866871993881,0.0074479784384,0.0529283840533,-0.3182470417862,0.2895737252015,-0.0014833598791,0.5262780466775,-0.2074430983946,0.2964138151282,-0.2111995075190,-0.2115797359499,0.0752910946886,-0.0904352929350,-0.0967985037334,-0.0857232185130,-0.5081254564974,-0.6014523055985,0.3627916470428,0.2581355922175,0.4018614788209,0.3804188114089,0.3013783049206,-0.4784317873168,0.2876069466207,0.2854351156047,-0.4197111663461,-0.4080691668611,0.1115346540859,-0.3933968852329,0.1084142148985,-0.2210194716428,0.4744232973494,0.0321195980956,0.2788261975267,0.4265551340755,-0.5708262003724,-0.7290772741793,0.2906697292912,-0.1198978414270,0.3728481538114,0.1108288763679,0.3580743000396,0.8490880903980,-0.1381561548554,-0.2738685124367,-0.5755179785253,0.5781342742434,-0.2781430989943,-0.2168412062190,0.2326190982449,-0.7048196890346,-0.1644975372310,-0.4255031433762,-0.5629461135284,-0.2001987024757,-0.7066138160334,0.5439884313532,-0.3947605004637,-0.2632153139231,-0.0524585202417,0.2762588112685,-0.5472776154772,-0.3760179071865,-0.3847264220950,-0.7026963676772,0.4710266374133,0.3828751203811,-0.2164775739331,-0.2420387898269,0.2179058035242
