1.0000000000000,0.6141675029156,0.5043163071308,0.7589996863180,0.8261940701668,0.4912155878556,0.6299906087689,0.3465094770526,0.3001460761936,0.2565347451339,0.2838654126396,0.2962524497993,0.3271241485817,0.6439311297377,0.5456875191448,0.2717977497262,0.3200366272604,0.3883008018097,0.1636695570407,0.0859328099388,0.2193906448105,0.0790071133825,-0.0685622816587,0.0758674420323,-0.1412955621083,-0.1621997968749,-0.0465483537671,-0.1045519678209,-0.1137726767882,-0.0437122742302,0.1306596953339,0.0929768588115,0.0978259446919,-0.0446835041896,0.2426482695723,0.0164217042763,-0.0964870024091,-0.1497104346821,-0.0400468906134,-0.0957812073682,0.3510114381756,0.4318296138592,-0.0612767504424,-0.1985479080810,-0.0724511265550,0.0596009526243,0.0250641287741,0.2687273448317,0.0768268827227,0.2906648690836,0.8133951495538,0.4913101728050,0.6464280838627,0.5113514811318,0.5409744230090,0.6992728259119,0.1802360836336,0.2545508994317,0.3506649844695,0.3339228789075,0.0330941930406,0.3948153886874,0.0847920241908,0.1788822031176,0.3993820314261,0.0159396127302,0.3635400435206,0.3191878410532,0.1250516628840,0.1124945707336,0.1339231070744,-0.0797123199540,0.1575753197498,-0.0593880373766,-0.0896701605660,-0.4819464897745,-0.3976673647354,-0.0889273041453,-0.1757142470757,0.2121435270343,-0.1542381000177,-0.0807605930099,-0.1636249204191,-0.2936875613343,-0.4282057428909,-0.2523881712963,-0.1994930490120,0.3056840216877,-0.3010125092597,-0.3971094337951,-0.0424898103457,-0.3254654246860,-0.2713172062664,-0.1534318077456,-0.2600537650831,0.1592143539380,0.1841181179353,0.1096951280649,0.1601613979357,0.0799057565273
0.6141675029156,1.0000000000000,0.6431199124627,0.5575766181859,0.4926626287511,0.5227766060253,0.4388159372539,0.1845015992885,0.1550165527241,0.2647650006495,0.0864825564901,0.1323257995431,0.1526385082271,0.6662638731648,0.4332286279348,0.2522238585269,0.0536282492583,0.1976832225675,0.0539022349979,-0.0040372393519,0.0456441796967,0.1497469678984,-0.1321516248592,-0.1648642581223,0.0263006715740,-0.1805273712232,-0.1493003722090,0.1315316129322,0.1206026325840,0.2638054470334,0.0047376324420,0.0819633336997,-0.0572193452260,-0.0179465071149,0.2045158527685,0.0578692963298,-0.1196043470455,-0.1642177498412,-0.0640972773080,0.0155472785559,0.3602858753793,0.3250413593615,-0.0600693179808,-0.0028527144709,0.0013698601758,0.0170447846378,0.0003140546440,0.1876760384957,0.2933436268351,0.2351720505706,0.5228882173140,0.4980304959235,0.3978698606174,0.5411171434393,0.4064422401081,0.5528415634695,0.0439306957203,0.2027627895813,0.2419694404487,0.2318719227430,-0.0754112514525,0.0496630357901,-0.1607200402447,-0.0477713058651,0.3385666366926,-0.2179577189688,0.1667303352897,0.0130448700443,-0.1145152418398,-0.0571306079829,-0.0818107473419,-0.2525682591114,-0.0456828091868,0.1130905550438,-0.2069117350801,-0.3653208917037,-0.4543434763072,0.0889208218216,0.0822971430665,-0.0268445063808,-0.3516888878520,-0.3397961865450,-0.1581375034025,-0.3341769135756,-0.2556587113225,-0.2099341675816,-0.2686648171003,0.1588398900882,-0.4478938030458,-0.2314092817868,-0.1265910553944,-0.3337258831514,-0.0701913884109,-0.3070689223354,-0.4309500669591,0.1136923092307,0.2339732937095,-0.1108795268725,0.0964802101423,-0.1303357342776
0.5043163071308,0.6431199124627,1.0000000000000,0.3386342320615,0.3200352579558,0.5322097399659,0.2418879952243,-0.1466777778786,-0.2287156618416,-0.0465231577655,-0.1420655117528,-0.0908882154005,-0.1166008487166,0.5094562956706,0.0943821983034,0.2106318915467,-0.1312441955434,-0.0800950567957,-0.0289358948072,-0.0513049056083,-0.0538012655377,-0.1252858876443,-0.0709226741311,-0.0712138545996,0.0259561443720,0.0277492583754,0.0265443537072,-0.0607519523483,-0.1365726857742,0.0775981009661,0.0436473419967,0.2140842802436,0.0362775210862,0.0960270584680,0.2427459814813,0.2058112971076,0.0735707637408,0.0617140765029,0.1733535916125,0.0923375147568,0.1400602982845,0.2026939090241,0.1012090050034,0.0886341154233,0.1500669963303,0.0295480447951,0.0616861920802,0.3529713395413,0.0588115728606,0.0918159210765,0.4551893595588,0.7153115983151,0.2472601552117,0.8190087351470,0.3986416692400,0.5202483782024,-0.3223261135965,-0.2278128040609,-0.1568636945878,-0.1945757653221,-0.2844135305262,-0.1268874731123,-0.2538113271874,-0.2751931786394,0.0281442885166,0.0267616037927,0.0981275025195,-0.1707092576517,-0.1065515938393,-0.0897728032622,-0.2581732314415,-0.2444767819966,-0.1771369762754,-0.0960667016247,-0.1386834723819,-0.2530320204444,-0.1694029594583,-0.1392130927489,-0.1355413701258,-0.0285636665505,-0.1810523716169,-0.1631627360720,-0.0479728386604,-0.0355598282270,-0.1630876790158,-0.1201315273587,-0.0106300682188,0.3137478713142,-0.1690762933987,-0.0398014245234,0.1710951866942,-0.1650431105222,-0.0193996004545,-0.2587904305963,-0.2559175290847,0.3456063272809,0.0426470302298,-0.2568659728082,-0.0745856673969,-0.1499204031280
0.7589996863180,0.5575766181859,0.3386342320615,1.0000000000000,0.7506903896546,0.4696684245941,0.7954053656847,0.5524281659976,0.5148869814659,0.4456646574498,0.4731074985714,0.4968988407138,0.5474113240596,0.6132161000092,0.7313907779247,0.6018708595112,0.5351167962392,0.5796039188248,0.4331709546154,0.4015999173257,0.3666756014562,0.1710738920794,0.0785846186281,0.2198262850077,-0.1271512311370,-0.0215347127504,0.0958419628299,-0.0978709029428,-0.0863138905005,-0.0790900876213,0.3398853826405,0.2883899123290,0.2509333652825,0.0567176589702,0.4971186689724,0.2604396348370,-0.0707158989624,0.0739279992637,0.0284838351752,0.0227593365746,0.4092664118050,0.3918630679795,0.0829955293517,-0.1115922863645,-0.0116397025304,0.0879601663999,0.0793499844178,0.4288207177003,0.1142524763659,0.4155660441785,0.6020922408319,0.2623584364635,0.8231703909608,0.4055504580960,0.5460400277797,0.7432193863861,0.3455375150482,0.3991549433062,0.5447119947123,0.5024636846585,0.0468024833435,0.4876410183113,0.2488696618119,0.3164198624962,0.5256513720512,0.1193090052545,0.5660993906079,0.4766319895908,0.2996704545428,0.4030395152717,0.2051769281773,-0.0332838669644,0.3770809424965,-0.0260406431868,-0.0454323370127,-0.5641308582016,-0.4085922487940,-0.1378201054216,-0.1855732479977,0.4449251802345,-0.1196384023999,-0.0591800524327,-0.3135652692792,-0.2989037205229,-0.3629263200100,-0.2236177092176,-0.2096433766537,0.3603662848271,-0.2992539351092,-0.2691110500259,-0.0338871764225,-0.2692730040856,-0.2344127722686,-0.2157053789510,-0.3394608482151,0.3090586759835,0.0733038289627,-0.0069417515817,0.2203233159324,0.0890904645935
0.8261940701668,0.4926626287511,0.3200352579558,0.7506903896546,1.0000000000000,0.6987228150490,0.7661654154968,0.5332419572654,0.5159982580330,0.4025743463755,0.4528363156765,0.4372194938047,0.4883679062351,0.5859635274966,0.6391727795844,0.3475136462138,0.4781714795303,0.4762235932718,0.3044900109984,0.2341332156266,0.3436753416023,0.2226824693935,-0.0588769792992,0.1718279294662,-0.1882403055856,-0.1406065897491,-0.0504969002663,-0.1317783990808,-0.0684189707232,-0.0763080998392,0.2603390545292,0.0929737781776,0.1102659828005,-0.0436635411411,0.3372505823459,0.0712078483505,-0.1000548256116,-0.1008905332493,-0.1317105723164,-0.0960735344687,0.2934316767414,0.4023168950662,-0.0937069065750,-0.2628342313007,-0.1058927809776,0.0162275075231,0.0105285586955,0.3563375379322,0.0431415998594,0.2818661059486,0.7598786428183,0.2176475093416,0.6398266618229,0.4561470490896,0.7233313935821,0.7070700469230,0.3917129222055,0.4593524459718,0.5463974991954,0.5423977103799,0.2425868635544,0.5313729731586,0.1768621704034,0.3722382369572,0.4849772098210,-0.0340200197101,0.4296585948814,0.4507609537482,0.2437454384502,0.2317809600059,0.2688613523268,0.0064066501696,0.3537784184981,0.0228780751728,-0.0438090351304,-0.4783890663597,-0.3749526326447,-0.0744388301989,-0.1825894823273,0.3162440801558,-0.1101714670871,-0.0993864698629,-0.1672797997122,-0.3069491267674,-0.4116326522840,-0.2173327830236,-0.1895653541184,0.3149864519939,-0.3021407185914,-0.3941236207125,-0.1741133569268,-0.3349760469464,-0.3052424518463,-0.1225557811854,-0.2500980461419,0.1837925228607,0.1507883729812,0.1306399113278,0.2450233285094,0.1109070125200
0.4912155878556,0.5227766060253,0.5322097399659,0.4696684245941,0.6987228150490,1.0000000000000,0.6221139001505,0.3005257682048,0.3008486353321,0.4554000938600,0.3170715442744,0.2652423911723,0.3153808263392,0.4237812902559,0.4119462053057,0.3564940166730,0.3322913229559,0.1549106481865,0.2391593888980,0.2811371224080,0.2468907914904,0.3004721517663,0.0198095002455,0.1220353321858,0.0909244909049,0.0087430721980,0.0963321367832,-0.1154563517887,-0.1563389882715,-0.0336762155031,0.2696748362480,0.2766228116307,0.1858499855258,0.1715133433425,0.3311626267334,0.2504072111931,0.1501397368917,0.0935727941741,0.0406739028581,0.1349598694570,0.2048059676405,0.3288906948172,0.1210152198723,0.0423183645236,0.1470265093599,0.1003251225676,0.1884658596841,0.3818037231328,0.0456232405283,0.2612802652260,0.4254258166737,0.1816140183474,0.3049044758572,0.6839590606584,0.7866057211346,0.5642985176790,0.1739773458086,0.2483050039475,0.3207068034362,0.3255971419618,0.2544598026673,0.2815434770348,0.0028148838301,0.1761541975046,0.2003525420667,-0.0436733896088,0.2456844505314,0.2159591220282,0.1747123733450,0.2382637161253,0.0862741248410,-0.0186723825551,0.2667862243644,0.2449667893350,-0.0061426796222,-0.4732190393724,-0.1208317166937,-0.1399493318168,-0.2290880400653,0.2105913455861,-0.1474366189078,-0.0547208131057,-0.1415985626623,-0.1087079597517,-0.2243014685944,-0.0568465423386,0.0125545963099,0.2836074011626,-0.2477828903858,-0.0933684825098,-0.0315297217022,-0.1589372959762,-0.0043243966493,-0.1979819481430,-0.1996116328583,0.2623413857477,-0.0190009420768,-0.0939776675663,0.1890012913600,-0.0671737638438
0.6299906087689,0.4388159372539,0.2418879952243,0.7954053656847,0.7661654154968,0.6221139001505,1.0000000000000,0.6131981308756,0.6390545374823,0.4974091096216,0.4735291291457,0.4795022617919,0.6347916629811,0.3456143298475,0.6282368359839,0.5199781452684,0.5892185175484,0.4062094523186,0.4855693688213,0.3611948171160,0.2772131028086,0.1732228165566,0.0065880361430,0.1044348796527,0.0047333826424,-0.0542228040328,0.0798700921642,-0.1444123419553,-0.1292515440482,-0.1419327253564,0.2963268683729,0.3013014697796,0.2607999180116,0.1522957012256,0.4044511069775,0.1704909923531,-0.0492055603465,0.0426545019044,-0.0058844789613,0.1676269701909,0.3135833138928,0.2801113779095,0.0362210805363,-0.0009076586013,0.0812958766466,0.0837556374990,0.1490780355965,0.2926598107757,-0.0012043696142,0.3420879243754,0.5088273995604,0.0887780709674,0.6442955395609,0.3727254713021,0.6471182865917,0.7746981673187,0.5063651503930,0.5705555420308,0.6371671065905,0.6320269942340,0.1906469612970,0.5250283935640,0.2542852420225,0.4840471166704,0.4044302915867,0.0118632264612,0.4795265196881,0.5184814476922,0.3393200673828,0.3837848164458,0.2127053922839,-0.0727584914341,0.3896200997708,0.1390199950145,-0.0956797063998,-0.5330476392288,-0.3301613902007,-0.2002375449219,-0.2455124975464,0.3750829916691,-0.1672261451227,-0.0113294786257,-0.3062654365183,-0.2245409738603,-0.3598520189329,-0.1583992451961,-0.1688029992352,0.3144472983999,-0.2969746827691,-0.2498290942746,-0.0619618438869,-0.1420594121116,-0.0621795556504,-0.2376869393285,-0.3192037134169,0.1450757884198,-0.0613725480713,-0.0841635433690,0.1986648597246,0.0726552533623
0.3465094770526,0.1845015992885,-0.1466777778786,0.5524281659976,0.5332419572654,0.3005257682048,0.6131981308756,1.0000000000000,0.8543467239183,0.4482117727805,0.5784161052096,0.6249906927495,0.7127488815578,0.2083445110913,0.5759661183909,0.4255927723337,0.7203938561019,0.7653402885533,0.6330996182539,0.5361099795798,0.3923498289951,0.2071080341103,-0.0578868753204,0.2092708436864,-0.0210911344067,-0.1231469320546,0.0151848665402,-0.1113269649653,-0.0822865343775,-0.1664007644632,0.3177956228686,0.1109147484735,0.2175132013340,-0.0215341830024,0.2114260181051,0.1075809654885,-0.1368776893134,0.0468002120228,-0.1426746581998,-0.0235724199026,0.2244654255645,0.2028829921022,-0.0894878153918,-0.2020943323072,0.0120273930324,0.0167719003845,0.0008718849340,0.1702661820268,-0.0809450479207,0.2135806284797,0.2917263959130,-0.1027101831985,0.4255027942572,0.0210517743751,0.4243697841940,0.4368103959018,0.7962584999767,0.8189697896282,0.8767360934268,0.8370317872892,0.3449037752967,0.6805252850184,0.3722398335070,0.7031690911162,0.4503590230141,-0.0184290934124,0.5165405238842,0.7590864611032,0.4068290460622,0.4945703312930,0.4033296769622,-0.0144229825608,0.4709909151431,0.2146717832646,-0.0356419066201,-0.4152365683031,-0.2697639477988,-0.0611403623302,-0.1705444484835,0.4710796247292,-0.0847101063038,-0.0308790022669,-0.1476034484420,-0.2390270176113,-0.2820815793531,-0.1943683706266,-0.1935634458751,0.2100919773690,-0.2445099192741,-0.2806201552366,-0.1798746838274,-0.2092005758198,-0.2449695777655,-0.1054296975896,-0.2131829353952,0.0609570223771,-0.0555622792404,0.1032928942885,0.2671779194940,0.1302165644936
0.3001460761936,0.1550165527241,-0.2287156618416,0.5148869814659,0.5159982580330,0.3008486353321,0.6390545374823,0.8543467239183,1.0000000000000,0.4381036348845,0.5023921218013,0.5205435748503,0.7015185363043,0.0988157169132,0.4879731745439,0.3907086380669,0.6300579767254,0.6292523806226,0.5460187596416,0.5072731221970,0.2489441495131,0.1579144222190,-0.0991767439171,0.0969381526091,0.0213061376259,-0.1959452392757,-0.0768618726605,-0.1840525613938,-0.0903230250040,-0.1409244383892,0.2555623955870,0.0575099693779,0.1566305526868,-0.0475309013182,0.1749106917534,0.1230127583970,-0.1587358847204,0.0231232569316,-0.1537690540237,0.0037549992569,0.1392162794782,0.1194508598700,-0.1775420176913,-0.1982501221729,-0.0657936817831,-0.0542803314134,-0.0206907240903,0.1793686294716,-0.0937341539067,0.1930186811111,0.2412706585150,-0.2105251842678,0.4378736918441,-0.0096554072571,0.4140419039686,0.4140579130224,0.8049429143893,0.8302776850505,0.8713656719975,0.9345325221904,0.4061460415299,0.6390913521206,0.3404978079132,0.7050532564486,0.4002960816310,-0.0995584482856,0.4552565309069,0.7225952062290,0.4192800417707,0.4892114622082,0.3471990214177,-0.0337908308395,0.5021418113285,0.2041127565567,-0.0368899199570,-0.3533959005653,-0.2800644662384,-0.1703904527994,-0.2372656549137,0.4940243175643,-0.0264631447087,-0.0223157118461,-0.2099704757550,-0.2754197682459,-0.2414492986159,-0.1628679893372,-0.2366470698927,0.0920530573638,-0.3088288108192,-0.2095695717042,-0.2198936893090,-0.1285990464584,-0.1788256516340,-0.1636854805025,-0.1915989989493,0.0563767795893,-0.1368418885802,-0.0103942512390,0.2452571895280,0.0839605485825
0.2565347451339,0.2647650006495,-0.0465231577655,0.4456646574498,0.4025743463755,0.4554000938600,0.4974091096216,0.4482117727805,0.4381036348845,1.0000000000000,0.6292636966093,0.6683778232338,0.5546093861253,0.2546371094087,0.7017237954022,0.2390559829579,0.5480133459124,0.3026173539700,0.3112624693352,0.3889687942971,0.6214265597663,0.7616456691546,0.4334905396567,0.3200008442890,0.1945212076510,0.2134131817330,0.3584088904366,0.0418577063441,0.0430686505519,-0.0445643565508,0.2914258913098,0.4574753245772,0.4777496544564,0.4096092761797,0.2003119773188,0.0379336992552,0.2655174025429,0.0633687825338,-0.0851742838378,0.3475178101675,0.4910841961618,0.4165450333996,0.2915476152929,0.2034819089259,0.1096375846736,0.4718180347498,0.4310490191362,-0.0045651470149,0.2197393493271,0.6369958227182,0.0279094936434,-0.3171680315034,0.1764133204232,0.1075506630029,0.2727325794855,0.2125775082672,0.2693390346523,0.3559069774740,0.4271601611173,0.4430417484006,0.3794821898334,0.3797582216756,0.3506316514145,0.2627322836135,0.2628204538655,0.0347719209715,0.1367056268370,0.2777503341811,0.2385047844841,0.3710393453361,0.3631291405237,0.3574124608162,0.5478083354439,0.5129051565730,0.1328200908248,-0.5217968074345,-0.0347057381081,-0.0249370666278,-0.0375060019658,0.1461774724365,-0.1178811506699,0.1596273704469,-0.3747533559598,-0.1092469496358,-0.0994399767828,0.0606647849437,0.1149856575931,0.0556319214819,-0.0476449278251,-0.1339278901719,-0.1233728931081,0.0252895154066,0.1220569794235,0.0779570084968,-0.1118548385815,-0.1004247682629,-0.0360011583395,0.0968666111225,0.3997983266034,0.2709069775753
0.2838654126396,0.0864825564901,-0.1420655117528,0.4731074985714,0.4528363156765,0.3170715442744,0.4735291291457,0.5784161052096,0.5023921218013,0.6292636966093,1.0000000000000,0.8113129338536,0.6132957670950,0.2805314899991,0.6068305908075,0.2295020897604,0.6413477242571,0.5336648565384,0.3274955624747,0.3387402584704,0.6448748536222,0.5538815788339,0.4048502578919,0.4701989247426,0.0669282368960,0.0896373314532,0.3673838562751,-0.0245155453768,0.0761241049052,-0.0961336474987,0.3041700945852,0.2365557111241,0.3556442424456,0.0446432573884,0.2177925159769,-0.0236167832003,0.1892981627647,-0.0155243552054,-0.0367969810157,0.1010994888021,0.3513721281530,0.3468923441603,0.1972048281073,-0.0637192478646,0.0395992428663,0.3332025587491,0.1673420674315,0.1047505082615,0.0840075724428,0.3904989400768,0.2033702988528,-0.1443902128748,0.2965703164295,0.0021400872465,0.3409546309508,0.2668947025345,0.4114013230995,0.4009116038465,0.4874514203414,0.4573372315841,0.4272464116686,0.7620052273103,0.5831246453095,0.4869258510621,0.3556855447905,0.1171555777261,0.2213572057065,0.4779474957141,0.2332336621498,0.3300540793217,0.5483997684555,0.4624184471570,0.5990557222740,0.3233497614732,0.1585978924041,-0.4631889446325,0.0686705092345,-0.0172322320428,-0.0157689996283,0.2955716819559,-0.0885700009701,0.1409745146720,-0.2677171646451,-0.1428102446663,-0.2419502297417,-0.1790503326689,0.1302917003178,0.1206220870938,0.0032412424757,-0.3350466535527,-0.0631449854673,-0.0641137386244,-0.1686512678373,0.1650767716308,-0.1519162032313,-0.0098705872658,0.0895980987353,0.2510098366139,0.2757343479674,0.3727584142298
0.2962524497993,0.1323257995431,-0.0908882154005,0.4968988407138,0.4372194938047,0.2652423911723,0.4795022617919,0.6249906927495,0.5205435748503,0.6683778232338,0.8113129338536,1.0000000000000,0.7623205624875,0.2819969550938,0.6859912699877,0.2266685250728,0.7218188049491,0.5597150382497,0.3841516249945,0.3836313214617,0.6868938101320,0.4784091159698,0.4621788425809,0.3737803970714,0.1037814753572,0.1725255628368,0.2997541525538,-0.1070068288258,-0.0049695205489,-0.1486730798977,0.2873729875934,0.3379748635918,0.4556471605020,0.1962633414971,0.2491239542945,0.0126055327268,0.1424086391765,0.0223756899673,-0.0336034154863,0.1216592531371,0.3570932383162,0.3546844455912,0.1630508411968,-0.0523302976158,0.0219218443636,0.3062279620984,0.2450298516440,0.1241068847867,-0.0031790280074,0.5022003373197,0.1790813308767,-0.1700122081847,0.2998108551382,0.0549482430985,0.2538696707219,0.2881569038860,0.4186469524015,0.4289564307476,0.5228709183773,0.5016633309682,0.3368141858806,0.6910975042814,0.7000659254582,0.5925651348313,0.3937397184444,0.1098928645831,0.2055427320616,0.5345589819273,0.2472871923105,0.3495357287547,0.5530803205666,0.3840992973938,0.5300980570450,0.3158197515437,0.0496430355141,-0.4837939476683,-0.0717644572649,-0.1315765364576,-0.1505263865938,0.2582705401480,-0.0333083692494,0.1670007869654,-0.3636507720607,-0.2324667439340,-0.3484854281567,-0.1702022330617,0.0034269341239,0.1441504445857,-0.0724112530677,-0.3802433738291,-0.1052579031001,-0.1173507516522,-0.2168600598048,-0.0238096755526,-0.1444650353596,0.0109906129626,-0.0607802675168,0.0401036507613,0.2999936984929,0.3378268523661
0.3271241485817,0.1526385082271,-0.1166008487166,0.5474113240596,0.4883679062351,0.3153808263392,0.6347916629811,0.7127488815578,0.7015185363043,0.5546093861253,0.6132957670950,0.7623205624875,1.0000000000000,0.1750568831307,0.5678848570227,0.3779774278948,0.7821605284723,0.5108137679526,0.4404965843595,0.4333463996584,0.3783153034472,0.2380792582144,0.1458977741352,0.1225484371136,0.1028612419774,0.0292582104359,0.1195650263264,-0.1810183888257,-0.1395777651366,-0.1963536045524,0.3129306327663,0.3411732680426,0.4213868360821,0.1982278024691,0.2408175780267,0.0948763377846,-0.0452151174933,0.1187044067634,0.0047370332881,0.1542149635564,0.2478167094581,0.2056994601467,0.0326846346285,-0.0564850198025,0.0817656565099,0.1209213349260,0.2036435494554,0.2296913414102,-0.0400824680508,0.3311278491276,0.1858487633186,-0.1564275100139,0.3665156224562,0.0139521736883,0.3510304185455,0.3938825654037,0.6277057523599,0.6567794871780,0.6672732506439,0.6845769476471,0.2912923339062,0.6823907694370,0.5474649908503,0.8226459038961,0.3108267692817,-0.0048906457432,0.3320442761080,0.6121367562896,0.2636228660264,0.3956894611079,0.3355802729971,0.0601523015508,0.3511412750152,0.2390777366775,-0.1486163113219,-0.4751544887857,-0.2528881177482,-0.2408193855254,-0.3027707696769,0.3209306061472,-0.0439158532473,0.0772618974558,-0.3109781490423,-0.2583299907869,-0.3337148208165,-0.1424406190616,-0.1906998033127,0.1569153317996,-0.3007383985463,-0.2324883209257,-0.0823530814370,-0.0973081924198,-0.1194215384779,-0.1972225183410,-0.1848127599043,0.0972926845450,-0.1521888064742,-0.1053609173598,0.1865505074110,0.0608468744459
0.6439311297377,0.6662638731648,0.5094562956706,0.6132161000092,0.5859635274966,0.4237812902559,0.3456143298475,0.2083445110913,0.0988157169132,0.2546371094087,0.2805314899991,0.2819969550938,0.1750568831307,1.0000000000000,0.5682905750107,0.4041978793663,0.1953454988683,0.3301783567723,0.1459272012378,0.0994593732992,0.2966916468162,0.2360084160635,0.0262624638894,0.1283679797277,-0.1530462229112,0.0241519883888,0.0138044543805,0.2081976035987,0.2245885099388,0.3888494046371,0.3021573123077,0.1583973163601,0.0515917210819,0.0536602013330,0.3699098498805,0.2170348238265,-0.0576114728634,-0.0044335713117,0.0224955471145,0.0008796572216,0.4868445757939,0.4593720285294,0.1574578386382,-0.1217472570714,-0.0199855718537,0.1017984079114,0.0507140039860,0.3814536245844,0.4000061951008,0.2694825635043,0.5317374530093,0.3744274587597,0.3911387480328,0.4029803636986,0.3761781129708,0.4166304040877,-0.0159830352939,0.0725895841029,0.1665630820397,0.1403145975658,-0.1468130650760,0.1551514647644,-0.0962064707646,-0.0598219521075,0.3792461319829,-0.0303695098421,0.3204685867593,0.0445741464622,0.0150254751194,-0.0174538147483,-0.0355799609144,-0.1053397494355,0.0810426897733,-0.0578128515829,-0.1144987181496,-0.4071569563731,-0.3620833599275,0.1977592882134,0.1242661352506,0.1370806110116,-0.3246415474811,-0.3345345780610,-0.0223993470387,-0.2105375565078,-0.2993411492351,-0.2215712823284,-0.1424034273031,0.3348639945744,-0.3167317179380,-0.2416150964444,-0.0303504157633,-0.3183962598959,-0.2521597176776,-0.0865525548539,-0.4134453114824,0.2972331624198,0.4209456171097,0.0400454008019,0.0998928900292,-0.0887397979215
0.5456875191448,0.4332286279348,0.0943821983034,0.7313907779247,0.6391727795844,0.4119462053057,0.6282368359839,0.5759661183909,0.4879731745439,0.7017237954022,0.6068305908075,0.6859912699877,0.5678848570227,0.5682905750107,1.0000000000000,0.3128143657328,0.5875323767807,0.5250593700793,0.3756898109594,0.2857529051349,0.6097975203868,0.4640053176257,0.2537651780698,0.2880969489435,-0.0162558073996,0.0577474502979,0.1616356158306,0.0087780157594,0.0491103048944,-0.0202376930090,0.2688129802084,0.2890257816383,0.3320833019940,0.2000526085676,0.2544664514434,0.0281818146070,0.0181679941989,-0.0866832930443,-0.1261781988196,0.0782209268994,0.4536575950249,0.4451240308139,0.1613128233390,-0.0571388839601,-0.0453659260711,0.2551027507727,0.2092492330627,0.1002353463104,0.1550327142322,0.5802236390151,0.4095616888278,0.0100023026263,0.5297361010980,0.1980607437173,0.4098024757637,0.4555592972829,0.3133605796630,0.3975892623948,0.5202150377257,0.5182471529346,0.1796528343463,0.5012337697938,0.3843571287532,0.3352345159078,0.6445148222614,0.1527010011588,0.3309282669100,0.4026558333895,0.2737633894872,0.2843387724192,0.3942239077304,0.1822370295257,0.4618701308832,0.2420241116380,0.0100202835020,-0.5730085547674,-0.3053275163170,0.0310210800535,-0.0197385530955,0.2224684393899,-0.1817336422302,0.0026356903204,-0.2968489588428,-0.2806322774119,-0.3764672690998,-0.1229659818047,-0.1246089410113,0.2269527726034,-0.1327407225669,-0.4132580554683,-0.1647584877196,-0.2158116202073,-0.1902994626888,-0.0403790378902,-0.2448787496401,-0.0227925181424,0.1079708083754,0.0864352004081,0.3815594386079,0.2818846382710
0.2717977497262,0.2522238585269,0.2106318915467,0.6018708595112,0.3475136462138,0.3564940166730,0.5199781452684,0.4255927723337,0.3907086380669,0.2390559829579,0.2295020897604,0.2266685250728,0.3779774278948,0.4041978793663,0.3128143657328,1.0000000000000,0.4695739835420,0.3909184351862,0.6411194138304,0.6100270351427,0.1891642290293,0.0554703606287,-0.0164813610455,0.1622098916907,-0.0279776678080,0.1832001562635,0.1996524660614,-0.0273602717324,-0.0833993283794,0.1663712456344,0.6815553708994,0.4244174419921,0.2780233172762,0.2554134740067,0.6541889851923,0.6739655845441,0.0109077298015,0.5441464130248,0.3930422669779,0.2732356094975,0.3483355975933,0.2008057294317,0.3897472769287,0.1376694721164,0.3052757811275,-0.0117548347292,0.1482877196908,0.5800709377862,0.2159400976623,0.1635315167024,0.1428210147923,0.0304863368157,0.4021608120157,0.2324393155775,0.3714665721470,0.3974724983803,0.2920386021228,0.3109716067244,0.4088099225493,0.3348344145024,-0.1089089860675,0.2087255737530,-0.0612422811526,0.1967773648831,0.0198163410086,0.0685261178372,0.7066596381709,0.3571211294559,0.3395189414966,0.4344471850583,-0.0627632763609,-0.2703818054072,0.2165855123919,-0.0681410727941,-0.0282408033778,-0.3439676671205,-0.1677861942124,-0.0970125899290,-0.2041799886885,0.6092252586870,-0.2083180623148,-0.1975951467568,-0.0468940427820,0.0946859987087,-0.0121401911814,-0.1446027300687,-0.0528661973892,0.4475105969488,-0.2565814369669,0.2516523197952,0.2391128431561,-0.0349314014437,0.0015529589449,-0.2579083645597,-0.4136049796771,0.5058588877801,0.0265018665427,-0.1679956983596,-0.0140464848831,-0.2355280023808
0.3200366272604,0.0536282492583,-0.1312441955434,0.5351167962392,0.4781714795303,0.3322913229559,0.5892185175484,0.7203938561019,0.6300579767254,0.5480133459124,0.6413477242571,0.7218188049491,0.7821605284723,0.1953454988683,0.5875323767807,0.4695739835420,1.0000000000000,0.6809947386810,0.5380690137362,0.6147361169850,0.6536671224967,0.3410897307521,0.3022241401886,0.3820584394139,0.1277112576031,0.2156171196995,0.3950099063265,-0.1153596241498,-0.1701036275623,-0.1804692349007,0.6283028535726,0.4212817736249,0.6082684380719,0.2685551582089,0.2762893226445,0.1296210967836,0.0993792225198,0.2984192237878,0.0787877975635,0.1848763073711,0.2729369760793,0.2188075165313,0.2101204028406,0.0343147998147,0.1715021013898,0.1656751894293,0.2961663241399,0.1990109729160,0.0132321288376,0.3421517307725,0.1751754979925,-0.1299553964838,0.3105017703091,0.0264802453010,0.3543061081288,0.3591178460387,0.5335963097874,0.5155850583206,0.5879917684972,0.5615258311701,0.2886108426864,0.6735935867469,0.5214556133923,0.6165207719389,0.2439344317273,0.0984923714800,0.3797733609608,0.6674663842973,0.3761428659034,0.5407611824576,0.4508506352463,0.1844199238670,0.4844840807442,0.3194146974314,0.0356225135047,-0.4943895235924,-0.0053541775254,-0.1351013499382,-0.2884931306855,0.4985806912309,0.0107078350403,0.2269827974296,-0.2326928897885,-0.1805854894147,-0.2526344675123,-0.0295941576167,-0.0147288856352,0.1759663775644,-0.1860486893352,-0.1144034075846,-0.0217673493845,-0.0299541491878,-0.0574951853627,-0.0433248358866,-0.1193304295524,0.0751711562145,-0.0886749508401,0.0763455357444,0.1521876196864,0.0993363595305
0.3883008018097,0.1976832225675,-0.0800950567957,0.5796039188248,0.4762235932718,0.1549106481865,0.4062094523186,0.7653402885533,0.6292523806226,0.3026173539700,0.5336648565384,0.5597150382497,0.5108137679526,0.3301783567723,0.5250593700793,0.3909184351862,0.6809947386810,1.0000000000000,0.3962323446036,0.5056053797255,0.5125696112795,0.1758907506246,0.0096963919709,0.3426408784949,-0.0605027968581,-0.0741871397309,0.0738621468374,-0.0955432654584,-0.0367757410931,-0.0451742265942,0.4375121080570,0.0519290272049,0.2518358926880,-0.1664131429516,0.2284199832087,0.0311461179712,-0.0358104850149,0.0413964953192,-0.0874877360532,-0.1829598029064,0.2197239995780,0.2854444710578,-0.0711254694377,-0.2756954511465,-0.0755681754258,0.0062246671142,-0.0898834623651,0.1929404700295,0.0126669855557,0.2419858205792,0.3453334240458,0.0392773029836,0.4709696166174,0.0745402177895,0.2710473783549,0.3967023444197,0.5326465972796,0.5218389056464,0.6382026257913,0.5869412913001,0.1901428732899,0.6070554693142,0.3803482755806,0.4237516337605,0.4584914786174,0.0353633508030,0.4866389834166,0.6385548154931,0.2620790050742,0.3883524018404,0.3710967797720,0.1086908890080,0.4089175799224,0.0825948329530,-0.0455765229037,-0.3123408984104,-0.1662668185410,0.0087179529120,-0.1139389606214,0.4817212765673,-0.0249201676997,-0.0032096902448,-0.1236576349127,-0.2930657635864,-0.2666350713414,-0.2397199992780,-0.1205618678319,0.1987599604687,-0.2262470092621,-0.3117257481283,-0.1567126985982,-0.2749448481239,-0.3879827541561,-0.0282010997829,-0.1055211890304,0.1056901207251,0.0243760358377,0.2091190958434,0.2047147509788,0.1096341264835
0.1636695570407,0.0539022349979,-0.0289358948072,0.4331709546154,0.3044900109984,0.2391593888980,0.4855693688213,0.6330996182539,0.5460187596416,0.3112624693352,0.3274955624747,0.3841516249945,0.4404965843595,0.1459272012378,0.3756898109594,0.6411194138304,0.5380690137362,0.3962323446036,1.0000000000000,0.6582631900318,0.2923753959903,0.1628014566068,0.1346219602420,0.2660169977455,0.0786212569750,0.2150668639498,0.2580628723737,-0.0315226999012,-0.1519949001509,-0.0813490709397,0.4641473483819,0.4013160830605,0.3331765077070,0.2564604653977,0.3990240607083,0.4245227280573,0.0496021081136,0.3521223446199,0.1007676449010,0.2644146417445,0.2712600849232,0.1450309599874,0.2338220030654,0.1098967816578,0.3006485295332,0.1172131834713,0.2545918285351,0.2293667033504,-0.0753896510618,0.2517555653745,0.0818707291127,-0.1784154807579,0.2325031304612,0.0046875124079,0.2399770942795,0.2743861875718,0.4115681437436,0.4376438250126,0.5511246160532,0.4801028125664,0.0736688247488,0.3303412478112,0.1415284432318,0.3656841985113,0.1353427370328,-0.0260217868675,0.5002070158422,0.5731740023657,0.6186646880089,0.6247043685588,0.2546618680679,-0.0748996554157,0.4536850608756,0.1649673227163,0.2222527420108,-0.3814316805377,-0.0912881519740,-0.1176694631921,-0.2458722780111,0.5866327729256,-0.0966304578567,0.0368244506338,-0.1142970635418,0.0233605970907,-0.0622516334950,-0.0162901447536,-0.0035135277458,0.1880174359324,-0.0857190516074,0.0530850674579,0.0035837354789,-0.0388385731043,-0.0051686160332,-0.0549684103282,-0.2288290981746,0.1283826475900,-0.1599158376701,-0.1116944147822,0.1960572379921,0.0085426780083
0.0859328099388,-0.0040372393519,-0.0513049056083,0.4015999173257,0.2341332156266,0.2811371224080,0.3611948171160,0.5361099795798,0.5072731221970,0.3889687942971,0.3387402584704,0.3836313214617,0.4333463996584,0.0994593732992,0.2857529051349,0.6100270351427,0.6147361169850,0.5056053797255,0.6582631900318,1.0000000000000,0.4395739990719,0.2819395237584,0.3031784076487,0.4608425481750,0.2447634970963,0.4125092046580,0.4873646402113,-0.0238670475253,-0.1762881583453,-0.0960333232235,0.6277977364124,0.5421332415589,0.5635071516612,0.3625858978754,0.4007656516623,0.4199537817465,0.2894328273180,0.5915417884260,0.1798377657097,0.3064039773973,0.2808999729203,0.2415527455965,0.3699938376498,0.2275106256986,0.4076102364457,0.3031970050968,0.3614950299265,0.2826492431057,0.0033775487969,0.3934130715151,-0.0585639866808,-0.2055183416369,0.2041112918786,0.0570972080239,0.2014301818165,0.1572560204014,0.3623481834150,0.3122216617944,0.4265660037278,0.3728323305303,0.0810078092873,0.2615891662198,0.1943712279125,0.2336905403894,0.0034358945856,0.0861968217734,0.4021680557271,0.4763032483103,0.4722217060495,0.8168032301864,0.1562488866273,0.1176300470668,0.5191087925573,0.2582095034427,0.2107347844012,-0.3738729450820,0.1357717326824,-0.1779218545830,-0.2991044669101,0.5917702965298,0.0768477775694,0.2399301771694,-0.2394720594518,-0.0336629213215,0.0530887352321,0.1160777509316,0.1216465359435,0.1673988965369,-0.0929234707815,0.2422476658609,0.0416994733982,0.1180752271244,0.0703673509494,0.0433956010229,-0.0458131944038,0.2036017860819,-0.2324607809028,-0.0434584243903,0.2314370717543,-0.0708017236666
0.2193906448105,0.0456441796967,-0.0538012655377,0.3666756014562,0.3436753416023,0.2468907914904,0.2772131028086,0.3923498289951,0.2489441495131,0.6214265597663,0.6448748536222,0.6868938101320,0.3783153034472,0.2966916468162,0.6097975203868,0.1891642290293,0.6536671224967,0.5125696112795,0.2923753959903,0.4395739990719,1.0000000000000,0.6337326708307,0.5596690984659,0.6642351270987,0.0718977445984,0.4112136505410,0.5066425849070,0.0562330964449,0.0800261342236,-0.0720428736052,0.4810896090539,0.3610009620894,0.5781467204596,0.2120291061313,0.2954867991984,0.0331350339527,0.2908513636221,0.1039658844492,-0.1042929877842,0.0472179862784,0.2979291708539,0.3108797431688,0.3222437129912,0.0202926950127,0.0451677767323,0.3919767389174,0.2942740105183,-0.0303776612056,0.1575324450329,0.4380265867971,0.0911367405550,-0.1260926404038,0.1743836077101,0.1028752455191,0.1628060441268,0.1426943078396,0.1175209493418,0.0741029119167,0.2552242564939,0.2213860724888,0.2199714359806,0.3954838357862,0.4798084666139,0.1583469978864,0.2853809508992,0.2336850879626,0.1690276074316,0.2705826309437,0.3301511329040,0.3711191511579,0.5774757194276,0.5700423247450,0.6041801306820,0.4002332886387,0.3562155438501,-0.3249428084393,0.1660820544071,0.0565983357623,0.0164313553311,0.2391376120707,0.1511357105997,0.3696886517923,-0.2701227216207,-0.0882059522365,-0.0556086411753,0.0558550321744,0.2651446422770,0.1934464504772,0.1840528101596,-0.2127234441197,-0.1290559786557,-0.0890325582576,-0.1204828781464,0.2116038954351,0.0802493130325,-0.0852557374144,0.0567755052794,0.2790224714421,0.2145245616825,0.3988218298915
0.0790071133825,0.1497469678984,-0.1252858876443,0.1710738920794,0.2226824693935,0.3004721517663,0.1732228165566,0.2071080341103,0.1579144222190,0.7616456691546,0.5538815788339,0.4784091159698,0.2380792582144,0.2360084160635,0.4640053176257,0.0554703606287,0.3410897307521,0.1758907506246,0.1628014566068,0.2819395237584,0.6337326708307,1.0000000000000,0.5479617877631,0.4545408011950,0.1642933473401,0.3298935675660,0.4518996047387,0.2562311060341,0.3191330566596,0.0772707400863,0.2464637464956,0.3240232904429,0.3810810497721,0.2962187789601,0.1214270246573,-0.0352581333633,0.3351940832100,-0.0072233249714,-0.1467920219217,0.2827657998062,0.4980607756782,0.3501727816066,0.3538451050450,0.2009156960973,0.1416047066485,0.5790878439278,0.4226531996842,-0.1716881563286,0.3387790559794,0.4624418597001,-0.0940858249533,-0.3586579134327,-0.0954043540893,-0.0839431805367,0.0776107020834,-0.0928322737459,0.0715407684878,0.0839043231175,0.1325223082293,0.1274531784006,0.3159775650934,0.1704915210233,0.2209837838287,0.0170541354534,0.0765953117154,0.0278926394340,-0.0842613231621,0.0886015334183,0.0866742753767,0.2165426439553,0.3693912031659,0.5391166817606,0.5018290596419,0.4985871967777,0.3382569144652,-0.3991622217247,0.1371960753785,0.2237257909791,0.2059718909070,0.0364856695164,-0.1063365557495,0.2130840858238,-0.2488091449914,-0.0492028295528,0.0382648389364,0.1207019265841,0.2835080648993,-0.0907686051295,0.1224406659060,-0.1116434799840,-0.1433352619913,0.0653681341194,0.0970833254809,0.3065217649103,-0.0376413825208,-0.2104740411489,0.1629106820664,0.3628174371737,0.3388478032619,0.3281212966903
-0.0685622816587,-0.1321516248592,-0.0709226741311,0.0785846186281,-0.0588769792992,0.0198095002455,0.0065880361430,-0.0578868753204,-0.0991767439171,0.4334905396567,0.4048502578919,0.4621788425809,0.1458977741352,0.0262624638894,0.2537651780698,-0.0164813610455,0.3022241401886,0.0096963919709,0.1346219602420,0.3031784076487,0.5596690984659,0.5479617877631,1.0000000000000,0.5092657071046,0.3020692984267,0.6478093449087,0.7112901684493,0.0357946281331,0.0662431641907,-0.1990096399271,0.2792156497493,0.5562285080395,0.6110838743564,0.4397514991667,0.1211473927275,-0.0224611832820,0.4814172115821,0.2208100882341,0.0464866734516,0.3634522780727,0.2252244333884,0.0994928412474,0.4357158296681,0.3374510524285,0.2690998478645,0.6004870338595,0.6181204658659,-0.1337817149386,0.0719128630500,0.5070859113159,-0.2253907830526,-0.2325162936040,-0.1532714832170,-0.0907265950862,-0.1712139163778,-0.1952266697569,-0.2425408824950,-0.2770003751301,-0.1897440752282,-0.2338305000703,-0.0177449928032,0.0831322456303,0.4020907856158,-0.1154170894263,-0.0914856644737,0.1481041433738,-0.2488601783941,0.0404715073698,0.1408514051727,0.3235309253281,0.3597247086351,0.5917874225920,0.4321539588328,0.3052982592377,0.4738778510914,-0.3113762213199,0.4404459334362,-0.1213035495961,-0.0043343928681,0.1398972417307,0.1407857808183,0.5182735198053,-0.4020604797962,0.0009207746398,0.1000202755276,0.2493598119053,0.3843054680899,-0.1707685136233,0.2584527963826,0.0635863501574,0.0332269304182,0.2278962793174,0.1767352176224,0.2884564480605,0.1413067385236,-0.1602719445609,-0.0398491544376,-0.0417684358359,0.1461257521575,0.2150967151868
0.0758674420323,-0.1648642581223,-0.0712138545996,0.2198262850077,0.1718279294662,0.1220353321858,0.1044348796527,0.2092708436864,0.0969381526091,0.3200008442890,0.4701989247426,0.3737803970714,0.1225484371136,0.1283679797277,0.2880969489435,0.1622098916907,0.3820584394139,0.3426408784949,0.2660169977455,0.4608425481750,0.6642351270987,0.4545408011950,0.5092657071046,1.0000000000000,0.0694547666920,0.5160023265884,0.6099258950408,-0.0454593017126,-0.0398595505850,-0.2013217260321,0.3405648518268,0.2971020452861,0.4111288726546,0.2115471444397,0.3993211817748,0.2327831142945,0.5288923286001,0.2671532049525,0.0860160040575,0.1211805153116,0.2300028467426,0.2904426973593,0.4761381618774,0.0715884603533,0.1896004734141,0.4076559400694,0.2555618636444,0.0735493589304,0.0308457421216,0.3349487967967,0.0207386318458,-0.1411012160505,0.0738860495441,-0.0050188221078,0.0724883911973,-0.0262373054636,0.0065733415064,-0.1009349583953,0.0602032276589,0.0179095448127,0.1112661541530,0.2460753143788,0.2775399319707,-0.0013782826486,0.0472961778684,0.3756153821224,0.1202177968743,0.2368220249043,0.3382905410185,0.4399773798538,0.3825267152169,0.4681702022858,0.7102382856916,0.1936420990854,0.5106712638725,-0.3135254561874,0.3235456950076,-0.0417002362675,-0.0829567860252,0.3027970238220,0.1428010145050,0.3864013845907,-0.1889946048489,0.0859539380458,0.0254290636117,0.0842826553955,0.5493322421734,0.2480959820640,0.4115282005706,-0.0356948017419,0.1236800819143,0.1008588114904,-0.1359164778931,0.2597820376839,0.1413139027357,0.0565293385941,-0.0248606997130,0.2917030081042,0.2377353558733,0.3802020422988
