1.0000000000000,0.3317196033226,0.6067021196677,0.2733568207091,0.4269097831404,0.3452955076502,0.0004346316704,-0.0773876327455,-0.1748899001950,0.0042108936143,0.0768320780068,-0.0094234274468,0.0582669579332,0.3156341145759,0.1336953341098,-0.0899630977062,-0.0415973843324,0.1244768524606,-0.2218705781426,-0.1146088153735,-0.1535673725542,0.0731913362654,0.0070491018129,-0.0002249951713,-0.2124764518238,-0.0890363984993,-0.0313039142836,-0.0787867057117,-0.1616341741443,-0.0792034481180,-0.1602889045032,0.0137633916690,-0.0524517985278,0.0492194748435,0.0063397906616,-0.1527461799748,0.2102915260070,-0.1158034615628,0.1308708320652,0.0089728431032,-0.0480011149518,-0.0572614325891,-0.2105021979121,-0.2787900261128,-0.0811404983102,0.0058814382723,-0.0780956707687,0.2829728626744,0.4004563200882,0.0006643696938,0.7337777220912,0.5325131038469,0.3255325205984,0.5861609169918,0.2749604318365,0.0892022415579,-0.0646457578520,0.0234385780189,-0.1592862784613,-0.1634960329711,0.0413718901066,0.0608088035962,0.2123323880759,0.2062989850784,0.2467882734491,-0.0348205703582,-0.1578606325875,0.0081225383849,-0.1579084295885,0.0285768716958,0.0106478754035,0.1169758295309,0.0511926178252,-0.0052215785357,-0.1359804249728,0.0385722219706,0.1149227606934,-0.0162042890628,-0.1650943696297,-0.0894023164446,0.0237753657998,0.0229739768509,-0.0307131791375,-0.1714591772272,0.0357485955136,-0.0307716345341,0.2178018251921,0.0985643329074,-0.0658048139182,0.0388159992676,0.2044759028858,-0.1006464747683,-0.1218460905923,-0.0519661775707,0.1687242714215,0.3585797885314,0.0770793189456,-0.0487627866503,0.0038236338128,-0.0750157971333
0.3317196033226,1.0000000000000,0.6117951900696,-0.0071487103130,-0.0504372453357,-0.0272906381437,-0.1230621054889,-0.1152024624057,-0.3377008804707,-0.1128924258098,-0.2540406782069,-0.2701178551626,-0.2047688149782,0.4273804759451,0.2880619331168,-0.2123789856115,-0.2364475648071,-0.1948187212304,-0.1787680991445,-0.4045288957777,-0.1245027924223,0.2644829958327,-0.3196099552954,-0.3246695393749,-0.4140042745428,-0.0302118187863,-0.3686575639362,0.2742916303544,0.2348115666230,0.5816082133362,-0.1977491664003,-0.2437053454003,-0.3108034681491,-0.2059633496816,-0.0671087903486,-0.1813628192508,-0.0832648197847,-0.2806257231241,0.0872113369235,-0.0821914519155,0.1372355255797,-0.2451171328656,-0.2430364868450,-0.1100342363180,0.1422606889860,0.0435094536955,-0.1550545891364,-0.1893800990423,0.5589709355104,-0.0674371145429,0.1184832447945,0.8299367675242,0.0764776124725,0.0833678428590,-0.0313511256615,-0.0854192691818,-0.1311917353730,0.1218979609986,-0.3138307556101,-0.3555177274342,-0.1699910361281,-0.2818280371390,-0.1738615497549,-0.1584951999913,0.4426867351461,-0.0694006153442,-0.1654207067789,-0.3845473958228,-0.1487564058503,-0.2939758374152,-0.2031317280029,-0.1091906318174,-0.3587657846784,-0.2464597455517,-0.0803245548281,0.1408181980258,-0.2461691491509,0.0253024631362,0.1334448487353,-0.3910370274774,-0.1516871265100,-0.2225133519022,0.4432676176615,-0.2511878555377,0.1392406693756,-0.1783639392075,-0.0698782281125,-0.0597333784163,-0.1535786446540,0.1000848336553,0.1318895875160,-0.1625915179960,0.1336014356681,0.2088821116149,-0.0959709828803,-0.1184979331702,0.4687296740500,-0.1017461310348,-0.1882932533702,-0.2648121591374
0.6067021196677,0.6117951900696,1.0000000000000,0.2251129092148,0.2982921686846,0.3566274736738,0.1201126583269,-0.0831087894250,-0.3130755690573,-0.0629658978155,-0.2097122272838,-0.1971159783362,-0.1065336676567,0.3764721803701,0.2187628993454,-0.0906677580318,-0.2315086023593,-0.2024990091654,-0.1188269902101,-0.3099777609226,-0.1214062050884,0.1475223722652,-0.2431809081641,-0.2667543176508,-0.3389502560598,-0.1186248826890,-0.2277828896843,0.0738806916708,0.0824295360172,0.2332237574681,-0.0930673585684,-0.2026234162414,-0.1635677985454,-0.0007342752950,0.0532778795899,-0.0934606722783,0.0538081086035,-0.1317921124572,0.2327807090126,0.0502284949604,0.0763228923795,-0.0620851106117,-0.1735725620292,-0.0946555654863,0.0805220651030,-0.0425909030187,-0.0078385799711,0.0667173776149,0.4413394777955,0.0256069003683,0.4917091289339,0.7665163569615,0.2078293089799,0.5182152161985,0.2601288847601,0.1595646823413,-0.1197583794823,0.1178358893656,-0.2886090190486,-0.2982751092593,-0.0905266600021,-0.1762962852028,-0.0300570929201,-0.0552981143520,0.3448907543823,0.0046819591686,-0.1012377334121,-0.2669495606836,-0.1232134439485,-0.1385665476978,-0.1681040128614,-0.0227625693056,-0.2076730566722,-0.1644949135448,-0.0805342290541,-0.2110172850185,-0.2526881285868,0.0583890276995,-0.0108685317295,-0.2714115672175,-0.3690216889644,-0.1699292357645,0.2758779156633,-0.0872390555904,0.0107794509912,-0.1649348146633,0.0579481793441,0.0457492924803,-0.0628525942013,0.1196267196366,0.2533540208896,-0.1139078807423,-0.0259238703971,0.0580809802223,-0.1469835685221,0.1614459663165,0.3001701812605,-0.0741627044823,-0.0154348005636,-0.1348913151652
0.2733568207091,-0.0071487103130,0.2251129092148,1.0000000000000,0.5494739397676,0.6017772630263,0.7689570019855,-0.1016808517470,0.1439778594798,0.3063479283889,0.0656599749791,0.1150915466640,0.1235777726044,0.3606297223045,0.6709209693109,0.6703550582243,0.2705431497336,0.2227829631739,0.3712142728523,0.1378686001001,0.4713023245533,-0.0320520520496,-0.0164284922158,0.4811235674133,0.1066545295197,-0.3004649120563,0.1259085935653,-0.2832411259975,-0.2918015074629,-0.2854935617255,0.4886674884960,-0.0324861051144,0.3192424721879,0.0902673693049,0.6415588609419,0.5804309418600,0.3908287500681,-0.0523315722721,0.3820738664010,-0.0011716062412,-0.0715777970718,0.2887631089417,0.4449375750884,-0.2389707544603,-0.3713665028208,-0.2559331845075,-0.0844019523580,0.4991697893093,0.1334309129756,0.4510368697782,0.3228865188319,0.1474955778725,0.8243884721172,0.3884023514343,0.5390587869947,0.7863501247191,-0.1098564326294,-0.3643706420041,0.1319593352235,0.1606077916520,0.1582391792458,0.0851131878974,0.0501969591820,0.0601758026297,0.1711345704923,0.4875923308560,0.5848275883514,0.2019163945846,0.4282137855382,0.0877583818286,0.1998127714432,0.0265150757686,0.4514495256926,-0.0469285812072,0.1369472511469,-0.3400244923027,0.0173895898148,-0.0622162016277,-0.2812047215088,0.4036731488670,0.0188765565201,0.1556718507806,-0.2419101383169,0.4358376302112,-0.2822195858818,0.0337232005936,0.3051640932970,0.5468146007186,0.2714886780931,-0.3810635653859,0.3335615149855,0.0657397657401,-0.3698606392748,-0.3079395325929,-0.0850075854538,0.4524750055970,-0.1492503492484,-0.0739636563859,0.1236593830565,0.3288691577757
0.4269097831404,-0.0504372453357,0.2982921686846,0.5494739397676,1.0000000000000,0.8025262231342,0.4473370439505,-0.0980917944071,-0.0623767169127,0.3597111921640,0.1344632933974,0.1736599932340,0.2054963538682,0.2502267279135,0.3477333183604,0.2374804985058,0.1653728486387,0.1764368145603,-0.0510041140312,-0.0805743947559,0.1087095491245,0.1267824626953,0.0240843576139,0.2294445641491,-0.0090145986767,-0.3348141384527,0.0250196803325,-0.4155624574546,-0.2249446031358,-0.3266721632850,0.1737097631935,-0.1552049331061,0.1097227062406,0.1144518630862,0.2386309350895,0.1144933572137,0.2908764043689,-0.1289097973427,0.2428601474021,0.0157145606625,0.0896384186738,0.4985069517230,0.1365443181744,-0.3012062798661,-0.2992078652820,-0.1169290945421,-0.1000748721069,0.5458760885872,0.1956648480665,0.3947315560160,0.7060985813930,0.1299123700204,0.4119184142809,0.7160964732521,0.8022990861744,0.5127758413698,0.0382025082399,-0.1652590225962,0.0090232667486,-0.0510381514608,0.3998345404189,0.1778226940096,0.3659338037869,0.3105542286957,0.1522390079639,0.3273856091172,0.1928885996369,0.2593592095151,0.0297915001432,-0.0807593716554,0.1119234964846,0.2621092784233,0.2915131329440,-0.1120927462162,0.0261763300701,-0.2815105938431,0.0752549415515,-0.2067600005005,-0.1777905591167,0.2386830835781,-0.0417284946992,0.1045932255272,-0.1815784592640,0.1689153233655,-0.2313255777154,0.0186849587561,0.2423527941933,0.2854616309511,0.2351879081396,-0.3100263617010,0.2298988799272,-0.0373109217707,-0.3552456611602,-0.3329580572681,0.0787857043179,0.4884117185545,-0.0338886388165,-0.0259457673562,0.5046873273788,0.3436212522063
0.3452955076502,-0.0272906381437,0.3566274736738,0.6017772630263,0.8025262231342,1.0000000000000,0.6685215418163,-0.0235464342154,-0.0323282088277,0.5178970466928,0.1685718964991,0.2169605072349,0.2010187077323,0.3342848037080,0.4551726126948,0.3383994926808,0.1777129449526,0.1220909186751,0.1608855035574,-0.0927279877179,0.2492997005878,0.2351558657741,-0.0256516239624,0.2603087720654,-0.0070200832293,-0.3847178620749,0.1447297716892,-0.3471724735370,-0.2499736134685,-0.2670093717557,0.3298362270154,-0.1854773943896,0.1797492706616,0.0790334211090,0.3493806280071,0.2556854857763,0.4279738135144,-0.1094685805618,0.4209335536961,0.0527372088396,0.1111294438787,0.4914313470555,0.2267229760647,-0.2929060040026,-0.3144473949840,-0.0457440312290,-0.0142468794237,0.6037690512026,0.2048725056337,0.4936883522468,0.5504480789447,0.1440701522622,0.4946986623737,0.7049949717552,0.8988429744435,0.6520057406758,-0.0112234493593,-0.2175852239558,0.0278012555634,0.0019545553722,0.4741583591339,0.1984588397062,0.3289397529858,0.2536134326465,0.2517974748479,0.4417185766477,0.2976321326527,0.2156921247322,0.1948464103615,-0.0743721127850,0.0850560832280,0.2380452234264,0.3233741482559,-0.0655673229649,0.0074204302918,-0.4212986954618,-0.0026397180038,-0.1724444923014,-0.1926229509670,0.2796884715197,-0.1643986483984,0.0685057988303,-0.0629545034809,0.3118887873887,-0.2993552147571,-0.0401586594121,0.3545958241885,0.3614300407496,0.2873376270262,-0.3116486689246,0.3804879216718,-0.0436444646561,-0.4197258690686,-0.2805565096111,-0.0324616679060,0.5438680349464,-0.0139787731433,0.0880379399951,0.4862351962457,0.3878648660448
0.0004346316704,-0.1230621054889,0.1201126583269,0.7689570019855,0.4473370439505,0.6685215418163,1.0000000000000,-0.0985367616825,0.0972336319543,0.3711439532536,-0.0393947797806,0.0431262728436,0.0410634046701,0.3254920497913,0.5723890512516,0.6914451719173,0.1628551857963,0.0464761976210,0.5317679965670,0.0334064728034,0.5111461805682,0.0267800051556,-0.1214521308122,0.4005812268174,0.0909744936729,-0.3057209673093,0.1118804209063,-0.2220035685143,-0.1447649642777,-0.1324343028102,0.6189225487116,-0.1830564423337,0.2200555453369,-0.0434817646183,0.6862595191167,0.6696996883871,0.3566460959221,-0.0448115562314,0.4874255445280,-0.0519796699177,0.0353017514401,0.4118352647394,0.5154496238949,-0.0955570677450,-0.3532317611578,-0.2129146721272,-0.0843815550595,0.4246749500354,0.0829291976051,0.4849331498344,0.1036307525655,-0.0254701881193,0.6197295471392,0.2746517098668,0.6220291909749,0.9226468252551,-0.1226802828014,-0.3834952906994,0.1294390641825,0.1461112800015,0.1978248746472,0.0052857009113,-0.0264747259579,-0.0535920714554,0.1783559689765,0.5229783131388,0.6795332942692,0.0635173581794,0.5132465254649,-0.0196976474353,0.0242441831487,-0.0187506145202,0.3786605741674,-0.0956259789045,0.0875419129529,-0.4552733892154,-0.1954353842315,-0.0314598066115,-0.1140590456690,0.3881419780288,-0.1522986474900,-0.0138011178908,-0.0641539963338,0.5868493843241,-0.3502541799301,0.0048047404206,0.2479686784387,0.5583849945425,0.3423973290567,-0.3898178807449,0.3638971826670,0.0451586332752,-0.3164384358256,-0.2391239581954,-0.1849516271154,0.3418762629926,-0.0375368958812,0.0221914126461,0.2436928673887,0.3151750035204
-0.0773876327455,-0.1152024624057,-0.0831087894250,-0.1016808517470,-0.0980917944071,-0.0235464342154,-0.0985367616825,1.0000000000000,0.4311888716990,0.0897905672458,0.1055505012014,0.1871785140500,0.2747712696780,-0.0567540144503,-0.1753611998060,0.1624735946918,0.3440504190087,0.3504811868517,0.3520527523797,0.4564442721281,0.1382645674381,-0.0820104844314,-0.0895543140882,0.2306720636350,0.3062965569903,-0.1123993118533,0.2620544137133,-0.0677689539197,-0.1570266445377,-0.0560077330479,0.1824115503566,-0.0920253882645,0.3043014775870,-0.1738391568772,-0.0399905982917,0.0566202454133,0.1461626612610,0.2923410515059,-0.1324669986992,-0.2724995408060,-0.1887519749437,-0.1401580321570,-0.1436372758720,-0.0348433638876,0.3009583869549,-0.1259392816327,-0.1222654853544,-0.0842083883495,-0.1489042328187,-0.0792733540738,0.0394763465591,-0.1501842898188,-0.0425662105826,-0.0011961255673,-0.0578382399774,-0.0877023910395,0.3217572226850,0.5944958267997,0.5484315160962,0.3982189564692,0.0204497603821,0.0747987057826,0.0754676803991,0.0882912027546,-0.0346911927307,-0.2132093193570,0.0493709540189,0.3852899091663,0.3311784165575,0.4586040048686,0.1479596143080,-0.1026543609487,0.2604451092585,0.5087919038710,0.1103246103307,-0.1322002199700,0.1912751515745,-0.0105865938023,-0.1480364975786,0.2985899869842,-0.0776662686022,0.1431986520793,-0.1528947124843,-0.2104522787823,-0.0225211590809,-0.2066590243538,0.1040852600044,-0.0069659895224,-0.2165003199651,0.1485318717694,-0.1328531043676,-0.2675292607654,-0.1092249636910,-0.0668711524592,-0.0737970625566,-0.0691832812103,-0.1387933562506,-0.0194936063171,-0.1080264806930,-0.0666161597587
-0.1748899001950,-0.3377008804707,-0.3130755690573,0.1439778594798,-0.0623767169127,-0.0323282088277,0.0972336319543,0.4311888716990,1.0000000000000,0.0545961386583,0.2676182059362,0.2404377982398,0.2313637497527,-0.2359866024642,-0.0826192802951,0.4296076413598,0.4024566032758,0.5249420069779,0.4362162986990,0.8421778451412,0.2858293282812,-0.2229263088075,0.1532791840377,0.6457675864987,0.8140949074287,0.0882716727465,0.3869529975607,-0.2365560895057,-0.3418148397035,-0.3655499256898,0.4322833073232,0.1914095449847,0.3281494532856,-0.0995312153226,0.2873040541972,0.4237715818640,0.2555155394891,0.5103310938330,-0.0117841984135,-0.2044501898678,-0.3786089918778,-0.0724833215660,0.1232239509637,0.1255802623972,0.1580778873153,-0.2449908083116,-0.1444532519115,0.0749092012741,-0.3160559606001,-0.0507914016598,-0.0663052083415,-0.3591329112303,0.1271490328965,-0.0569174666256,-0.0980189710948,0.0697954023305,0.2362429410900,0.0945123301207,0.6669082684571,0.9247695441782,-0.0420547807874,0.2088332522914,0.0334699382758,0.1315601623363,-0.2477071131181,-0.0306907693405,0.4182076527356,0.4104115366566,0.5302195995750,0.6205590508684,0.3331290317183,-0.0630582475568,0.6212757770619,0.5755654207086,0.3714165087271,0.0935711175427,0.3846420159531,-0.0360890771865,-0.3031430869097,0.5304130524075,0.1602024886588,0.2215141387528,-0.4146034578174,0.2185981069647,0.0391497034345,-0.0746949706131,0.2254849832938,0.3159021483786,0.0390519340664,0.0144224257564,-0.0708007698436,-0.0609189412487,-0.0161659626506,-0.2044761201872,-0.0449084902146,0.0110717648516,-0.3182007579294,-0.2652525968718,-0.1531964826345,0.0725829253473
0.0042108936143,-0.1128924258098,-0.0629658978155,0.3063479283889,0.3597111921640,0.5178970466928,0.3711439532536,0.0897905672458,0.0545961386583,1.0000000000000,0.4919727825967,0.6743939977797,0.4131645596932,0.4002595943336,0.4237216961027,0.2451161645842,0.4687368031094,0.1518123903080,0.2259605037060,-0.0867162604407,0.5061550295962,0.6182029742788,0.2561902978655,0.2964077501400,-0.0271690426303,-0.4299937622630,0.2090390448820,-0.3641370665929,-0.0926537909394,-0.1140729375684,0.3055188244423,-0.0556185254912,0.4085329041243,0.0751903914562,0.0722254769567,0.1255166458805,0.3022054982085,-0.2432557666219,0.0393251122654,0.0045403390268,0.3566618374100,0.5836377574551,0.2412936435671,-0.3187810538574,-0.4265643256524,0.0960219078991,0.2366961737040,0.2274162186123,0.1122935050347,0.6111259730339,0.1523893972598,-0.1206832500540,0.2456062252414,0.0965241635232,0.5164457797465,0.3178791792446,0.1575116820541,-0.1508106206103,0.1202461792341,0.0569716212724,0.7924721075767,0.5024597552699,0.5042678213350,0.3216199475017,0.2679878223604,0.3930370196049,0.1475633277149,0.3679236574037,0.2171618255047,-0.0658631194908,0.3484270109774,0.4991794891568,0.3080141711685,-0.0478370701916,0.0930596216622,-0.2503019339736,0.0566515389542,-0.4004564391829,0.0268164302202,0.3032572473563,-0.0447852590074,0.3199991547266,-0.0811261910398,0.1738306200306,-0.2014087052921,-0.1626894948878,0.2058605987140,0.0465186598446,0.2345016018339,-0.3008378953287,0.0196947223520,-0.0833113403629,-0.3002362015956,-0.3795044571295,-0.2543532444261,0.1986671660396,-0.0526886561105,0.2045996801711,0.5616816638860,0.5080867915590
0.0768320780068,-0.2540406782069,-0.2097122272838,0.0656599749791,0.1344632933974,0.1685718964991,-0.0393947797806,0.1055505012014,0.2676182059362,0.4919727825967,1.0000000000000,0.8150262913450,0.5783092935050,-0.0894058406163,-0.0873702116524,0.0350202933155,0.4853687703349,0.3120290580988,-0.0928889146682,0.0850230741304,0.1859553825361,0.3870686414105,0.6552795690920,0.3482254812287,0.0543045603816,0.1191463778688,0.3478797002063,-0.2764356101990,-0.0108745042182,-0.2737204827734,-0.0263285050005,0.3852855307764,0.2947845868696,0.0478921729531,0.0142170247456,-0.0301737251788,0.2573386719731,-0.0899831273367,-0.0141169323141,0.0395300661833,0.0370606553523,0.1806123668989,0.0621959698681,-0.1027362447145,-0.0769313134459,0.1201685993459,0.0982823901423,0.2707903738115,-0.0134148487890,0.0962983178383,0.2033992583682,-0.2327022777804,0.0162849531895,0.1602899522511,0.1504474322387,-0.0708591579190,0.1899567829741,-0.0661323730357,0.0935788232844,0.1689558482582,0.5177903819454,0.7960203938383,0.6443269780253,0.6048239780434,-0.1042286460617,0.0031838145876,-0.1319663988082,0.4357762696947,-0.0951283470241,-0.0281735422660,0.5159858133024,0.5421809263706,0.4367185318081,0.0154613840562,0.1130087894701,0.0785094340131,0.2851032082642,-0.3040897962682,0.0506856168948,0.1852044752033,0.1735772651900,0.2475130855526,-0.2132046341359,-0.0660218933072,-0.0836537151744,-0.1289912662348,0.2323860679718,0.0518085986137,0.1021250935801,-0.1767714161892,-0.0119127093742,0.0039574583785,-0.1868709823450,-0.2296711678175,0.0313522457085,0.2512205433060,-0.1164370952617,0.0684649141606,0.1950153306976,0.3526064633532
-0.0094234274468,-0.2701178551626,-0.1971159783362,0.1150915466640,0.1736599932340,0.2169605072349,0.0431262728436,0.1871785140500,0.2404377982398,0.6743939977797,0.8150262913450,1.0000000000000,0.6242397124894,0.0801826181099,0.0361876767360,0.0846873960195,0.6197614238664,0.2797313451035,0.0655137537960,0.0702672239405,0.4129612229614,0.4795834522562,0.6557588903138,0.3224449458249,0.0489205240898,-0.0451358812432,0.3262535533940,-0.3264267899954,-0.0106150861249,-0.2058625910450,0.0917219534155,0.3474297780120,0.4479201306093,0.1406207498618,0.0183821256999,0.0184445662539,0.2038918040771,-0.1149082376303,-0.1202813421622,0.0376468186483,0.1490727745654,0.3098391099840,0.1121226348168,-0.1563327356149,-0.1998066565007,0.1282879929195,0.2619337883372,0.1575677638374,-0.0501495254924,0.2564467680322,0.0929386808984,-0.2718592932065,-0.0153521388849,0.0608886427345,0.1372662613803,-0.0220018849694,0.2092464395627,-0.0391005480121,0.1509466077673,0.1645444095250,0.5725478960982,0.7195196931460,0.7090812824671,0.5429305427269,-0.1026581710953,0.0415639869932,-0.0883289636414,0.5172717248833,0.0345124150620,-0.0055416494248,0.5865735789654,0.5998487423540,0.3683735334781,0.0109378619795,0.1548326740477,-0.0464981660263,0.1979862262106,-0.3375370826419,0.0564134628445,0.2253563646645,0.1126254072270,0.3195061462644,-0.2342274928592,-0.0717666585036,-0.1709479646870,-0.1160589400149,0.1521665648269,-0.0153602438111,0.0927941112947,-0.2525924263788,-0.1735984111755,0.0027184338051,-0.2135539872425,-0.2985321885709,-0.1225883285450,0.0875937507400,-0.1931159768458,0.1196376175491,0.2563255985002,0.3330471804806
0.0582669579332,-0.2047688149782,-0.1065336676567,0.1235777726044,0.2054963538682,0.2010187077323,0.0410634046701,0.2747712696780,0.2313637497527,0.4131645596932,0.5783092935050,0.6242397124894,1.0000000000000,-0.1000058152267,-0.0280603747419,0.0954210830647,0.6808923431746,0.3322222458159,-0.0885667881066,0.1359936845475,0.2196548801755,0.2118645401922,0.3054250919018,0.2786635381481,0.1837658109718,-0.0105249706600,0.2873975421333,-0.2575616671459,-0.0965331463478,-0.1599455769115,0.0769093355839,0.2352958526796,0.4793970161429,0.0900574008852,-0.0282957427197,-0.0514456231486,0.1783542139109,0.1470298889217,-0.1261581875254,0.0125468626848,0.0462248258582,0.1837441983188,0.1164634799452,0.0098679193537,0.0623183851550,-0.0284531224111,0.0993521442143,0.2047350217048,-0.0376798767821,0.1483508570531,0.2390737759473,-0.1793537008858,0.0328736217568,0.2094836739578,0.2060366918462,0.0391615005222,0.4466819447440,0.0089065574207,0.1271913762483,0.1442642068190,0.3952146125911,0.5403358584135,0.6673066070229,0.7784044426488,-0.1621831338326,-0.0694734547136,-0.0695969592647,0.4409137515757,-0.0886330952301,0.0085468199863,0.2022519079664,0.3459607004614,0.2803537874137,0.0512791743915,0.0199670005773,0.0119888981845,0.2891693243735,-0.3037709114843,-0.0536716010562,0.1556794889873,0.1802084170450,0.3244482616575,-0.2199939884684,-0.1324034600149,-0.0255652587517,-0.0753880001541,0.0937050146724,0.0237631721731,-0.0218523435920,-0.0801320875268,-0.1514665867531,-0.0473721175091,-0.0753481842794,-0.3075357295378,0.0229590882578,0.1706602386412,-0.2002595234435,0.0547068438265,0.2027616091684,0.1568790854464
0.3156341145759,0.4273804759451,0.3764721803701,0.3606297223045,0.2502267279135,0.3342848037080,0.3254920497913,-0.0567540144503,-0.2359866024642,0.4002595943336,-0.0894058406163,0.0801826181099,-0.1000058152267,1.0000000000000,0.5422558364691,0.2908100203879,0.1566182337957,0.0214137257930,0.2751879630064,-0.2616677961480,0.4402247756602,0.4303364549288,-0.0862972560314,0.0528395474565,-0.3337461903404,-0.3666954091859,-0.1139569490835,-0.0379494083848,0.1106025505093,0.3445752532361,0.3004285817906,-0.1672295007834,0.1671968813912,-0.1318804305572,0.2418099341045,0.2313541152134,0.0756162992807,-0.4045438346768,0.0996283537586,-0.1059830653186,0.2413344574097,0.2298240447296,0.0621519982716,-0.3618802836312,-0.3098845167298,0.0169075991361,0.0484986588392,0.0733836134743,0.5736124503132,0.3833739444929,0.1691643688037,0.4098306974530,0.3454023832549,-0.0132840466477,0.3027118354669,0.2362717646971,-0.1613330816123,-0.1059244284909,-0.0437048852507,-0.2095142828499,0.2267710004995,-0.0290373789404,-0.0514516547301,-0.1773317718399,0.6771713862813,0.2586786517393,0.1875015762194,0.0415827165609,0.2740106117665,-0.1462447250626,0.1796296715668,0.1812707884594,0.0170519800276,-0.2376435243460,0.0551451653346,-0.2344193669970,-0.3102560061513,-0.1598802098295,0.0731955269907,0.1548678273073,-0.1964409573160,0.0580260065842,0.2509442998269,0.0332368891614,-0.1511810499643,-0.2856593562780,0.0152631704665,0.0454201265810,-0.0214785277931,-0.3005489049892,0.0516723551529,-0.1948024280409,-0.2942071248726,-0.1281655505161,-0.4330128760111,0.1026269497026,0.3707254770468,0.0817124342018,0.1939954379322,0.1681416867227
0.1336953341098,0.2880619331168,0.2187628993454,0.6709209693109,0.3477333183604,0.4551726126948,0.5723890512516,-0.1753611998060,-0.0826192802951,0.4237216961027,-0.0873702116524,0.0361876767360,-0.0280603747419,0.5422558364691,1.0000000000000,0.4375534004049,0.1654830435445,0.0304612923607,0.3409551274188,-0.0894012843277,0.4720402678964,0.1102806118482,-0.1020808961860,0.2429587477701,-0.1269429497571,-0.2765327877744,0.0398523776708,-0.1221931480359,-0.1476727910250,-0.0318204249364,0.3776049578198,-0.0987558887233,0.2871220410745,0.0359038948196,0.3682485109476,0.4001701838476,0.3360450608007,-0.1899721445434,0.4408972575882,0.0962605112522,0.1075193599185,0.3821502066414,0.4995568034075,-0.1723123762665,-0.4156822694180,-0.1476334666896,-0.0614972641809,0.3141379048581,0.2570326896487,0.6712413212647,0.1542484646132,0.2766890850262,0.6126758229739,0.0916712283040,0.4531895804466,0.5657591402944,-0.2445028087608,-0.3293441286229,-0.0376368935047,-0.0861174115477,0.2391635686316,-0.0563923387682,-0.0896692045259,-0.2020447132044,0.4839581192909,0.6667964656609,0.3640815179595,0.0302262648636,0.3091836117852,-0.1216144334931,0.0219910344058,-0.0108753220623,0.1549001987728,-0.2405904776770,-0.0175067762846,-0.3476231536396,-0.1886040050919,-0.1292538653851,-0.1917457581376,0.2255324448700,-0.1330190544195,0.0598372328746,-0.0432998183502,0.4006255129788,-0.2840805781571,0.0042494723786,0.2173853376967,0.2521889946642,0.4009376924117,-0.3447769288385,0.3883127090215,0.1026363057982,-0.2686263149687,-0.3126157533896,-0.2042102774301,0.2828769959108,0.0226735628231,-0.0463443859589,0.2330528764091,0.3569683445004
-0.0899630977062,-0.2123789856115,-0.0906677580318,0.6703550582243,0.2374804985058,0.3383994926808,0.6914451719173,0.1624735946918,0.4296076413598,0.2451161645842,0.0350202933155,0.0846873960195,0.0954210830647,0.2908100203879,0.4375534004049,1.0000000000000,0.3880751227593,0.3841817050897,0.6353004410263,0.4010983499765,0.6254936097266,-0.1083002758178,-0.0248668922136,0.6170848773622,0.3493295306606,-0.1712339581405,0.1496994260492,-0.2649084156538,-0.2694851426039,-0.2349016219004,0.7716099263637,0.0285747708421,0.4322223535592,-0.1439878880020,0.8342908804858,0.8691869599452,0.2607032211321,0.1573390606490,0.3059089241043,-0.2152886262184,-0.2346929999850,0.1936549344101,0.5216148723458,-0.0398692129351,-0.1228804676153,-0.2692004029723,-0.1278953643186,0.3974053048223,0.0201337568761,0.3415712629166,0.0428619209168,-0.1441797856180,0.6349157623307,0.0466721898638,0.3201736402958,0.6441691460381,0.0246779523034,-0.2084947341471,0.5147042827636,0.4344061733712,0.0469535553940,0.0266839824081,-0.1414314778541,-0.0725286026402,0.1484312863929,0.4132514757492,0.8768846307359,0.2902170257864,0.6991117986104,0.2807990293451,0.2988292579864,-0.1119543382562,0.5966438572936,0.0648589030130,0.3513877051926,-0.2942035738547,-0.0207655765176,-0.0907686855611,-0.2303500909369,0.6857803551553,0.0227552688428,0.2418136827366,-0.2606730026097,0.5383474422605,-0.1582105862864,-0.0957294667901,0.1861637678647,0.6876113595510,0.2454872106232,-0.3508070087936,0.2059861579289,-0.0505665734100,-0.2726933139863,-0.2788233624345,-0.1806402960337,0.3343281574752,-0.0871462180602,-0.0961045239791,0.0086340891293,0.3302733765455
-0.0415973843324,-0.2364475648071,-0.2315086023593,0.2705431497336,0.1653728486387,0.1777129449526,0.1628551857963,0.3440504190087,0.4024566032758,0.4687368031094,0.4853687703349,0.6197614238664,0.6808923431746,0.1566182337957,0.1654830435445,0.3880751227593,1.0000000000000,0.6786122243162,0.1996689339460,0.3708352945473,0.6786211185569,0.2275588857411,0.3794896295500,0.5774979204285,0.2713832377543,-0.1045769142972,0.3757255744162,-0.3038447168278,-0.1490065811878,-0.1805439907595,0.4886745242031,0.2646792012324,0.7399551591533,-0.0053166192723,0.1740531873310,0.2330184474501,0.3070843745286,0.1473603789388,-0.0880000592523,-0.0952116907348,-0.0765673644416,0.2287650124307,0.1971982985735,-0.1292027540222,-0.0049232604549,-0.0041355278887,0.1082005495297,0.1429448618043,-0.0433014768274,0.2961788138316,0.0988473770164,-0.2464167112869,0.2021576283439,0.0158081009064,0.1446434334373,0.0962838885376,0.3567147388466,-0.0297907697736,0.3334156767455,0.2994567754137,0.3002064717809,0.4170426925354,0.3906624472650,0.3903161534697,-0.0046282702839,0.0628358055653,0.1812863390526,0.6469335849302,0.2051241844905,0.2044701067195,0.5525716953468,0.3794905646432,0.5167160058121,0.1678241676806,0.3251595682705,0.0003242478018,0.3552709567033,-0.2673657535970,-0.0934417603418,0.5271419364674,0.2105723295170,0.5536942843351,-0.3437444025838,0.0015066172935,-0.0914323739170,-0.1529416123189,0.2128028636514,0.1269453087679,0.0677481798885,-0.2258843207070,-0.1647047740594,-0.1165306270658,-0.2068336281583,-0.3205328180014,-0.1579512993214,0.0463676296710,-0.2419115311292,-0.0339671583224,0.0899713021869,0.3285282345264
0.1244768524606,-0.1948187212304,-0.2024990091654,0.2227829631739,0.1764368145603,0.1220909186751,0.0464761976210,0.3504811868517,0.5249420069779,0.1518123903080,0.3120290580988,0.2797313451035,0.3322222458159,0.0214137257930,0.0304612923607,0.3841817050897,0.6786122243162,1.0000000000000,0.0717155749033,0.5661722407353,0.4240688159249,-0.0570242502576,0.2605725295622,0.6677581797669,0.4480299598888,-0.1013496142896,0.3429661257073,-0.3820201110179,-0.2225638336182,-0.2471605267162,0.5407519080068,0.2189607940641,0.4587494748658,-0.1820882040376,0.2309786434598,0.1966536622968,0.4191179340186,0.3160005533895,0.0661833623246,-0.2529694995771,-0.3143954427858,0.0351499818091,-0.0910664234230,-0.2050861641822,0.0647819140521,-0.1329073282175,-0.0429490315583,0.2782304439351,-0.0598573820418,0.0912541956462,0.1845966480730,-0.2051280323951,0.2814907998960,0.1261427404604,0.0786276109332,0.0436887906713,0.2770497533144,0.1310796321133,0.4738802207336,0.4425277532516,0.0144500614495,0.2531115034163,0.1213337315267,0.2468721691927,-0.1011956013410,-0.0352561531502,0.2938187199491,0.5707385178387,0.2580019938846,0.4617966856759,0.4049496402249,0.1548864919819,0.5896797224161,0.3713872669879,0.3725632785739,0.1953189118281,0.6254144737766,-0.2246001752646,-0.2066747388499,0.6204047357521,0.3846241190137,0.4806170277452,-0.4523639534631,-0.0182642435087,0.0911323902834,-0.1278579381230,0.3512024900677,0.3109660588638,-0.0238003907999,-0.0466893299880,0.0235879584713,-0.1781266920884,-0.1328272006644,-0.2959161400128,-0.0071949351603,0.1757784638742,-0.2441599597234,-0.3209826339365,-0.1063135224779,0.1280045090044
-0.2218705781426,-0.1787680991445,-0.1188269902101,0.3712142728523,-0.0510041140312,0.1608855035574,0.5317679965670,0.3520527523797,0.4362162986990,0.2259605037060,-0.0928889146682,0.0655137537960,-0.0885667881066,0.2751879630064,0.3409551274188,0.6353004410263,0.1996689339460,0.0717155749033,1.0000000000000,0.4173095933761,0.5642736820491,-0.0919356614367,-0.0684107754092,0.3934655864558,0.2808213180926,-0.2175584271894,0.2510703902499,-0.0422562009830,-0.1968546521678,-0.0987432424241,0.5670026000729,-0.1092058562541,0.3512633501989,-0.0728435898164,0.5294099482365,0.7487226954847,0.2424669967522,0.0513946647707,0.1722105974045,-0.1472780950607,-0.1625194702126,0.0576701414920,0.4531863797231,-0.0387412258824,-0.1763412879526,-0.1824353123198,-0.1489721824524,-0.0001123695135,-0.1242527689318,0.1708516334212,-0.2135051152143,-0.1715866575181,0.3297886407767,-0.1509547097765,0.0939095144799,0.4804546283186,-0.1308304972107,-0.1651848971378,0.4080897463048,0.4860692342339,0.0295678893483,-0.0473401661175,-0.1679940956411,-0.2871423612145,0.1235893139982,0.2496181623852,0.5611985070990,0.1286151740535,0.7975427776274,0.3166209119194,0.1810581968500,-0.1373450551807,0.3979345228343,0.2603269171302,0.1681928493455,-0.3694003871972,-0.1735804742834,0.0813867986984,-0.1876410415908,0.4128446622671,-0.1322686421280,-0.0335248295635,-0.1517338176321,0.4457279677913,-0.3281779314462,0.0020702368026,0.1728925216419,0.2967722471676,0.1308273664364,-0.2605214203199,0.0334944827307,-0.0040383369154,-0.2659892600479,-0.1924614603211,-0.2606598859969,-0.0609169498494,-0.1598597833045,0.0012192752696,-0.0713484684398,0.1136805349797
-0.1146088153735,-0.4045288957777,-0.3099777609226,0.1378686001001,-0.0805743947559,-0.0927279877179,0.0334064728034,0.4564442721281,0.8421778451412,-0.0867162604407,0.0850230741304,0.0702672239405,0.1359936845475,-0.2616677961480,-0.0894012843277,0.4010983499765,0.3708352945473,0.5661722407353,0.4173095933761,1.0000000000000,0.2596560902457,-0.3734532169807,0.1147190744988,0.6510616440297,0.8228833014382,0.1728000304402,0.5117626259601,-0.1515500359201,-0.4282117010086,-0.4297694704184,0.4299342275341,0.2631065665544,0.4543614257331,-0.0332904486551,0.2486690568954,0.3925453738867,0.2726534536007,0.6633829146215,-0.0791830734750,-0.1577853009316,-0.5029324475298,-0.1642405523328,0.1266075866410,0.2130338030960,0.2338286803484,-0.2355355335237,-0.1294739496607,0.0389762552037,-0.3645013543989,-0.0893980866349,-0.0455168318357,-0.3449227665602,0.1412915494397,-0.0589138795711,-0.1609970476343,0.0043620668204,0.2005749534318,0.0781798043500,0.6006134251161,0.7829663768408,-0.1912582448654,0.0508659586822,-0.1068034283587,-0.0139440437220,-0.2538858319065,-0.0866484027785,0.3361633324678,0.3962504432087,0.4268849629109,0.7798751688135,0.2503589566608,-0.1509395486888,0.5605690585843,0.6682116368989,0.2750132991078,0.0747534233810,0.4325977998770,0.0732698830966,-0.4367904606287,0.5441556610101,0.2063245112278,0.2904933169030,-0.4943724611136,0.1680622850696,0.0583212224174,0.0052223128895,0.2133206536443,0.1913403540681,-0.0869436039727,0.0962835176589,-0.1189062930350,0.0114220780994,0.0167237314936,-0.1901085538149,0.0264436710248,-0.0080141129318,-0.4172490563167,-0.2681082029555,-0.2497567723669,0.0003358212909
-0.1535673725542,-0.1245027924223,-0.1214062050884,0.4713023245533,0.1087095491245,0.2492997005878,0.5111461805682,0.1382645674381,0.2858293282812,0.5061550295962,0.1859553825361,0.4129612229614,0.2196548801755,0.4402247756602,0.4720402678964,0.6254936097266,0.6786211185569,0.4240688159249,0.5642736820491,0.2596560902457,1.0000000000000,0.2473714025283,0.2334716939569,0.5604200290285,0.1514241431281,-0.2432966711449,0.2945419451183,-0.2435847236665,-0.0913949487901,-0.0550502907235,0.7341836370350,0.1027437147373,0.6282088551114,-0.0622467966767,0.4949315723190,0.5744130952195,0.3467239756116,0.0057618987949,0.1118501933429,-0.1205094430087,-0.0585511477678,0.2767769147203,0.4256382624944,-0.1193378027196,-0.1803259346903,-0.0703686805054,0.0589967228224,0.0694819530878,0.0200359232981,0.4587456806320,-0.1355681546099,-0.1147404122555,0.3792720805558,-0.1138587729173,0.1556048586996,0.4000416050088,0.0449698526077,-0.2318200409225,0.2504260782569,0.2368378270949,0.2076249868864,0.2090900107918,0.0645606440791,-0.0601902177021,0.1678173107648,0.2765370991551,0.4773933961502,0.3229687559866,0.4882097836816,0.1376193298645,0.5057153465381,0.2654919372948,0.4678057087274,0.0430315302854,0.4086176322597,-0.1853694476868,0.0623399078536,-0.1675200021049,-0.0600747456313,0.5077605158564,0.0573757895780,0.3615854671329,-0.2416476424641,0.2770692915799,-0.2176117851597,-0.1186166968664,0.2145161747816,0.2976466927039,0.2122713685775,-0.3549516684328,-0.0516228408835,-0.0372388836156,-0.2224634957330,-0.2934800175145,-0.3319989574210,-0.0423272542646,-0.1303756441361,-0.0796416416470,0.0233085967417,0.3633123899447
0.0731913362654,0.2644829958327,0.1475223722652,-0.0320520520496,0.1267824626953,0.2351558657741,0.0267800051556,-0.0820104844314,-0.2229263088075,0.6182029742788,0.3870686414105,0.4795834522562,0.2118645401922,0.4303364549288,0.1102806118482,-0.1083002758178,0.2275588857411,-0.0570242502576,-0.0919356614367,-0.3734532169807,0.2473714025283,1.0000000000000,0.2479793259358,-0.0539264335635,-0.3179637643104,-0.2106432595609,-0.0456281424097,-0.0028715224054,0.2810930331494,0.3246236492447,0.0023124241372,-0.0430828731011,0.0724431862179,0.0301056689300,-0.1061507337940,-0.1685418864200,0.0777135170790,-0.3547135804981,-0.1021308799526,0.0458353627564,0.5693769177906,0.2001160629516,-0.0722268967749,-0.2564878427928,-0.1665093363576,0.5323843158713,0.3409896276278,-0.0106424884933,0.4982642106994,0.2428690912082,0.0636681889718,0.1803867091254,-0.0508739717018,0.0102257370138,0.2261002999584,-0.0574490099955,0.0542854312967,-0.0758781127189,-0.2084190602698,-0.2536162841714,0.5195720213033,0.3612708902154,0.3834883973335,0.2315261638724,0.3119987050170,0.0450596869580,-0.1737732600978,0.0716686811001,-0.1285085845003,-0.3168474721793,0.2174888484632,0.5910286923575,-0.0544286964518,-0.2289969473210,-0.0006004335317,0.0005216847202,-0.1126001718980,-0.2868372608868,0.3317159377256,-0.1021817543165,-0.0911494210644,0.1277180238075,0.3276502831042,-0.1690942641330,-0.0499292103750,-0.2827875824758,0.0434614578773,-0.1370083824856,-0.0399621588198,-0.1620000087067,-0.0794751980147,-0.1500445027937,-0.1142158079063,0.0427120413845,-0.2139349967252,0.0014846375602,0.3728702977742,0.3553668087453,0.3312000810943,0.1942428758863
0.0070491018129,-0.3196099552954,-0.2431809081641,-0.0164284922158,0.0240843576139,-0.0256516239624,-0.1214521308122,-0.0895543140882,0.1532791840377,0.2561902978655,0.6552795690920,0.6557588903138,0.3054250919018,-0.0862972560314,-0.1020808961860,-0.0248668922136,0.3794896295500,0.2605725295622,-0.0684107754092,0.1147190744988,0.2334716939569,0.2479793259358,1.0000000000000,0.2519963156132,0.0574322460081,0.2500575492719,0.4178782816950,-0.2052187266972,0.1083780841472,-0.2622725995070,-0.0493284207638,0.6307665538623,0.3719435823629,0.1501043043283,0.0144582042262,0.0092521363482,0.1955467428038,-0.1240820680709,-0.1719293778126,0.1782527652326,0.0342145966615,0.1436492240072,0.0265366580765,0.0047300953472,-0.1869924398808,0.2938593041996,0.3149096507718,0.0486711893375,-0.0977036786657,-0.0218263506932,-0.0000673821736,-0.2595921561588,-0.0966148214071,-0.0370943400795,-0.1056274926706,-0.1831651394714,-0.0575330457705,-0.1831802485225,-0.0212361128584,0.0600712477202,0.2567153845567,0.5898929160788,0.4392251987054,0.2660538391790,-0.2011942246984,-0.1033995926738,-0.1826494801465,0.2703243043235,-0.1183501545953,-0.0011577001933,0.4591426156652,0.6587128581907,0.2705536189442,0.0070895808514,0.1104689862757,0.1155203474930,0.2640825357608,-0.2808830164420,0.0524131685456,0.0980976890418,0.3339257493177,0.2503211689792,-0.3380141603266,-0.1069924888037,-0.1439074880600,0.0166273333288,0.1435763825390,-0.0704877098884,0.0069010559719,-0.2251126687477,-0.1963616943933,0.2227969776431,-0.1336096515936,-0.2166581942072,0.0089885122482,-0.0066119055370,-0.2046227600877,0.0156424532767,0.0143843981857,0.2184275494481
-0.0002249951713,-0.3246695393749,-0.2667543176508,0.4811235674133,0.2294445641491,0.2603087720654,0.4005812268174,0.2306720636350,0.6457675864987,0.2964077501400,0.3482254812287,0.3224449458249,0.2786635381481,0.0528395474565,0.2429587477701,0.6170848773622,0.5774979204285,0.6677581797669,0.3934655864558,0.6510616440297,0.5604200290285,-0.0539264335635,0.2519963156132,1.0000000000000,0.5196513564512,-0.0490490479134,0.4600003400930,-0.3062889469311,-0.2925500351301,-0.3814075141487,0.6073303061045,0.1833343562979,0.4473811545080,-0.1140905212573,0.5212094265517,0.5348739385262,0.4868786368655,0.2823141185071,0.1795898977064,-0.1397148118398,-0.2717868755973,0.1625412632147,0.3205603202221,-0.0342934290455,-0.0842008748916,-0.2188422790555,-0.1534554834962,0.3561957945754,-0.1124220740352,0.2350774737724,0.1137194313615,-0.2858751834237,0.4140576799534,0.0746837646277,0.2254108271229,0.3425175010682,0.2335505543552,-0.1070442726577,0.5206726196503,0.5729787382670,0.1267745772480,0.3575800029522,0.0958085497818,0.1271717789880,-0.0394677244803,0.1894063852397,0.5465413177100,0.5459840314693,0.4720316964940,0.4828983760173,0.4412699910938,0.1218953609618,0.8121091767258,0.3315156748234,0.3333518615782,0.0473208914051,0.3943333877851,-0.1185492150450,-0.2695666999962,0.6809811937226,0.2086848126830,0.3610620401554,-0.4535694191322,0.3173148885165,-0.0956886439087,-0.1048477251656,0.3451785417079,0.4940618908394,0.1386975152976,-0.2138728568280,0.0975164033401,-0.0145772113351,-0.1656058880675,-0.3409666668549,-0.1176582785896,0.2635377488880,-0.2438197449519,-0.2030109193731,0.0290946422137,0.2574780924655
