1.0000000000000,0.4688061212649,0.5850314383635,0.5286055311682,0.7101573438975,0.4879535002804,0.2887535394343,0.1719218830667,0.1735175184852,0.4013746305567,0.4086969738145,0.2557744754315,0.1961999358274,0.6847313390169,0.5487808651861,0.3223440544316,0.1800741977569,0.3063466082437,0.1093923271962,0.2841955513356,0.2782550706894,0.3235071432038,0.3764578407202,0.3197164545584,0.0838340270629,0.2690439814010,0.3442950540773,0.2408924894699,0.1058120589340,0.1396648201674,0.2030799224202,0.1870295546336,0.1711310624411,0.2430826312297,0.2707611079435,0.2098107985451,0.3024178381873,0.1080991265111,0.1372834798563,0.4588700960586,0.4338592968203,0.3113682264879,0.2122762664163,-0.0921440551091,0.1500214931160,0.3449049105737,0.3053340573131,0.2752017974471,0.4622547031575,0.4652920401010,0.7785957815575,0.6233185229149,0.3423912551804,0.4896754275758,0.4395531516691,0.4176426968299,0.0937716473170,0.0327536519190,0.1864971224490,0.2061765248912,0.1202263781215,0.2969826726154,-0.0103555207961,-0.0502870318529,0.3316032679842,-0.1385440420738,0.3008973549070,0.1597693309781,0.1625282781662,0.3042075016097,-0.0069037846688,0.3017848445367,0.2624907230474,0.2976662633674,-0.2694160082859,-0.0843043240735,0.2905305919044,0.1648424644742,0.0263438976302,0.1949977163303,0.1410743963332,0.0475176641291,0.0361256884642,-0.1821802462910,-0.2673043145541,0.2367884415512,0.2539104077839,0.3290215371904,-0.2405053126674,0.0220664982189,0.1622219865515,0.4225782039427,0.0038767260286,0.2151384205711,-0.0613279666443,0.3139425932655,0.4059584451437,0.2412105158721,0.1818014016450,-0.0124514647379
0.4688061212649,1.0000000000000,0.4919379207965,0.1344444449249,0.3901843631642,0.2696341757276,0.1014747850567,0.0412651572449,-0.1725423822218,0.4214069015036,0.0643721048201,-0.0544960920033,-0.0722418818595,0.6132775619972,0.3688570950392,-0.0372113276092,-0.1426542999265,-0.1111721465357,-0.1485602017592,-0.0272164767662,-0.0185603682234,0.4235901042326,0.0921060994908,-0.1122994905121,-0.0728864797545,0.0053256367217,-0.0517248267116,0.3183842720624,0.4115768500993,0.6645804799512,-0.0856785465586,0.0614068577760,0.0124384357376,0.1573764837440,-0.0173986668949,-0.0611864537706,-0.0329702634442,0.0495112709594,-0.0393690142759,0.2362203088249,0.5863919509575,0.1459752477641,-0.0033912362109,0.2370587891381,0.2119769843616,0.2447855141199,0.3550403474449,-0.0587524283810,0.6816770003517,0.2165912412403,0.3844952611703,0.4190025031858,0.0378881089005,0.2127239600255,0.3302011925164,0.0509614211351,-0.1268018707424,-0.0530110067992,-0.1791945741355,-0.1726464138675,0.0993108255736,-0.0297829347654,-0.2512148448588,-0.2765252819303,0.4026397699924,-0.2503744019717,-0.0616042446882,-0.2409003000103,-0.1308214876813,-0.0883957127342,-0.2516368756516,0.1038453515567,-0.1237896637713,0.1650964828347,-0.3473488399779,-0.1866216993845,-0.1593505130702,0.3680946815034,0.4499269171264,-0.1741896071500,-0.0193031250719,-0.2456371375812,0.4671183508272,-0.2229593592615,-0.0610756514093,0.2498599471634,-0.0556814145633,0.0017689270924,-0.3743483009036,0.1105304937585,-0.0177567792105,0.2277227931624,0.2461792536548,0.2691968378430,0.0362538393278,0.0653732423951,0.6869287530241,0.1229849044151,-0.1146689369762,-0.1398437175375
0.5850314383635,0.4919379207965,1.0000000000000,0.5512788025876,0.6693593401839,0.7183502478089,0.6056209688946,0.0396456048133,-0.0758614463106,0.3240652900266,0.3023716525028,0.1786927135305,0.0713083350662,0.2791112672050,0.3043759840076,0.3238185804087,0.0473010310854,0.1179700834915,0.0963943196806,0.2214912857681,0.2191488927921,0.2539652206453,0.3552598721059,0.2652009788625,0.0261024702474,0.1973617826760,0.2482871980870,0.2999465962351,0.1696898385601,0.2900668593146,0.1478297260652,0.2051962452135,0.2214732031257,0.1568376294842,0.3543967735031,0.1949204367419,0.4134716422602,0.2579000914470,0.3725677446670,0.4763966861884,0.3969670600719,0.2267918750915,0.4012195297854,0.0755471815764,0.3792049975044,0.2528844862057,0.3287233617148,0.4784309767375,0.4422719925806,0.3892585477850,0.5679229158854,0.6131984833466,0.3259188998971,0.7809196487758,0.6078603645375,0.5810843904507,-0.0209822088591,-0.2242150692240,-0.1091244936678,-0.0414544377636,-0.0961914668376,0.2006840035730,-0.0455461933786,-0.1786268593503,0.0030146142304,-0.0636844029990,0.1748383021438,-0.0708062533526,-0.0982188568035,0.0923114923680,-0.1645910474120,0.2237692547686,0.1773835830349,0.1456627461196,-0.3567058996910,-0.1804615921607,0.1957855903828,0.2716468180212,0.1228514341243,0.0416094528342,-0.0054030965250,-0.0712375200646,0.0375311228810,-0.0186394469258,-0.1833965415780,0.0889282970872,0.4087216768641,0.3101660758197,-0.1835962167745,0.1591340159996,0.3389267506991,0.3953433942980,0.1719937529286,0.1130576755339,-0.1342343399752,0.4660501119412,0.3115902570707,-0.1423198200189,-0.0202229063740,-0.2315990391947
0.5286055311682,0.1344444449249,0.5512788025876,1.0000000000000,0.6224865702404,0.6300226357869,0.7727366396754,0.2870399324928,0.3261546611661,0.3018497608766,0.4835949604748,0.3173136011677,0.3307699905424,0.2417343622754,0.6349380854087,0.6807232405282,0.3194227765460,0.3539126294229,0.3912140822908,0.4164848111679,0.3948313247058,0.0297609632177,0.3859980967271,0.5917804398163,0.1276040853429,0.3280193566730,0.4191189636369,0.2226594643477,-0.0131087074040,-0.1685195636279,0.3626546918264,0.3129695126875,0.4219042338211,0.1485925054147,0.5266874983442,0.2232494483839,0.4185020250849,0.2508852618961,0.3829139098522,0.3741910344307,0.2370297212026,0.3545762791395,0.4438863688650,-0.0586795788751,0.2720429677836,0.1624373408900,0.2499311979339,0.5196404945290,0.1526798031305,0.5749965511797,0.5923327985380,0.5525410255099,0.8128680658842,0.6491662651421,0.6153489491745,0.8821909693881,0.2767622229409,-0.0191589066934,0.2901552472897,0.3791214022060,-0.1086216123422,0.3332278215992,0.0564778033520,0.0143253009132,0.1978658537525,0.1555461337343,0.5432303010337,0.2504056033573,0.1489337697229,0.3178503478257,-0.0179878594624,0.1151325536095,0.5716853770547,0.2328031723991,-0.1236373716069,-0.0413542695806,0.3903455820535,0.0625311702519,-0.1465007853357,0.3864879052465,0.1469035674024,0.2352769827030,-0.2987821967431,0.0601120100631,-0.1757451401419,-0.0849775157827,0.4044524704662,0.5689902067824,0.0495341259034,0.0754895975550,0.3577637762984,0.2446918531911,0.0495884443646,-0.1123677552180,-0.1473631907316,0.5078968341485,0.0758310925168,-0.1198376922889,0.2403340579479,0.1225147446849
0.7101573438975,0.3901843631642,0.6693593401839,0.6224865702404,1.0000000000000,0.7465840109614,0.4646180143531,0.1854941296034,0.1596185227064,0.4299354544304,0.4070700567322,0.2673164813630,0.2015603699816,0.4885192540551,0.5750216698413,0.3858869281194,0.1922593123833,0.3448767526520,0.1587561010338,0.2780405259468,0.3095054810664,0.3578154327423,0.3159586255244,0.3801878498540,0.0422237428992,0.1685962161831,0.2336018060901,0.0865742894018,0.0739611793908,0.0279779044483,0.2511824318734,0.1340308209448,0.2592159232882,0.2024998067934,0.3256009396126,0.1960926636242,0.3289449591479,0.0360690564136,0.1845254609984,0.2976950255286,0.3573369806619,0.2319039664841,0.2825128317064,-0.1682759099391,0.0878362425725,0.0722015213205,0.1308173022001,0.4141239192735,0.5059618745542,0.5001130352145,0.8262679124726,0.5617186074603,0.4779090550652,0.7381857440028,0.7254339038664,0.6115540356570,0.1165233820997,0.0057496272217,0.1660398096216,0.1978292932000,0.1191359917658,0.2787288021287,0.0288345798035,-0.0442124960839,0.2810199309634,-0.0074933762823,0.3475257259167,0.1674176640910,0.1271072427891,0.3040161157342,0.0192192435976,0.2659543097304,0.3581068309635,0.2402303032136,-0.1855770052414,-0.1229605577560,0.2450389781905,0.0056468822069,-0.0225796736084,0.2482336452151,0.0881267367617,0.1493569042632,-0.1348893233120,-0.0958155271669,-0.2684847916324,-0.0274026389860,0.3221380163729,0.3873405608446,-0.1108385401481,-0.0088357431525,0.1872108875284,0.3041443392331,-0.0584663285589,-0.1014542007488,-0.0151801819304,0.3799220191551,0.3345820599711,0.0802984151824,0.1581049107313,0.0654382379125
0.4879535002804,0.2696341757276,0.7183502478089,0.6300226357869,0.7465840109614,1.0000000000000,0.6902088378842,0.2280841910350,0.1514921730294,0.5969851342687,0.5439192902519,0.4752295595999,0.3726776269910,0.3227959978454,0.5230656198760,0.4304853896128,0.3140065827156,0.3637556900028,0.2540813484539,0.3722197334696,0.4163154151173,0.3945813478987,0.4952939400733,0.4307402523808,0.1569199661595,0.4075649815328,0.3868554491714,0.1905469937404,0.0482365957749,0.0087750843073,0.3800083678117,0.4576065275041,0.5011012108982,0.2725093251493,0.4496664997326,0.2165119697531,0.4590171929152,0.2956576410774,0.4448184674340,0.4498105544366,0.3375664124519,0.2730594048857,0.4533481404014,-0.0221091786466,0.3796898411752,0.1406251846037,0.2972756095231,0.6161558990971,0.4118273862899,0.6184880049542,0.5469647867546,0.3763976783410,0.3161980404945,0.8518593992194,0.7912362577027,0.5773425768573,0.1202603405277,-0.0725039737709,0.1250931644084,0.1766886423646,0.1410573283379,0.3699609145655,0.2048225646521,0.0537856138705,-0.0213187568784,0.0221741787913,0.2488307933488,0.1864207428779,0.0024255499629,0.2059056798228,0.0019379750167,0.3503022701134,0.3481830946268,0.2085908968282,-0.2467067737864,-0.0622056920712,0.3647942584026,0.0567440208668,-0.0711957684334,0.2744460053690,0.2980288096034,0.2525820438891,-0.1696196326141,-0.0273288271774,-0.2029435293921,-0.0002156761257,0.4606621643331,0.4448815619590,-0.1099832804029,0.1464432935621,0.4014193087428,0.3576697073980,0.0938628491481,-0.0839830057477,-0.0598689448077,0.5059765765411,0.1396788952459,-0.0808448880933,0.1440790510405,-0.0196741025562
0.2887535394343,0.1014747850567,0.6056209688946,0.7727366396754,0.4646180143531,0.6902088378842,1.0000000000000,0.1372075059021,0.1153336945781,0.2884287920655,0.3692076426725,0.2979229252383,0.3077530894548,0.0327376229024,0.3744080244733,0.5500150943490,0.2671374695538,0.1909055741530,0.3107532220229,0.3127326472174,0.3670689137208,0.0445016575887,0.3358641803367,0.4246794922238,0.1466368018661,0.3629206592244,0.3728429564049,0.2250730897560,0.0100593846808,-0.0605662308970,0.3876215120584,0.3984301820853,0.4444424505253,0.2140281417218,0.5971337694973,0.2869552184612,0.4679014339269,0.3575316782322,0.5818364462082,0.3927430688345,0.1766136297642,0.2497226883045,0.5222674279190,0.0519774576251,0.4173926591967,0.1612698804674,0.2829375702169,0.5988569563717,0.1553544374762,0.4940800364145,0.3520352500438,0.3295431112790,0.5463923690652,0.6781578080183,0.6471039449599,0.8008479271710,0.1450530740107,-0.1921803580283,0.0444060996412,0.1643856951073,-0.1092413256342,0.2327672393546,0.0981607048553,0.0479028686946,-0.0896858183019,0.1962308126166,0.3945266323572,0.1270972294599,0.0286763046362,0.1454078638565,-0.0367072960697,0.0805509858431,0.4256606362757,0.1960675135221,-0.1392726974106,-0.0120790699867,0.3446251850826,0.1173673568719,-0.1010326064921,0.2672264322889,0.1929075242690,0.2465643683279,-0.1693765235005,0.1841647017204,-0.0340422413127,-0.0195000162659,0.4881555745049,0.5940765220923,0.1299917848661,0.1796586539478,0.5563988118578,0.2884427409635,0.1808182078402,-0.0522824828765,-0.0897049179079,0.5341154456976,-0.0195655575722,-0.2334057579667,0.0701520173053,0.0179654189654
0.1719218830667,0.0412651572449,0.0396456048133,0.2870399324928,0.1854941296034,0.2280841910350,0.1372075059021,1.0000000000000,0.7341608496724,0.4671021869123,0.5353448364743,0.4498764449328,0.4916463182824,0.2881783630415,0.4687144253521,0.5968266248686,0.6452609732305,0.6371550201765,0.6775310094621,0.8436039669973,0.5393253841057,0.1118298103537,0.3784263524781,0.5435116017309,0.4388911843870,0.4941512401274,0.5446994161396,0.2816162975388,-0.0457016458955,-0.0829620519667,0.5633148616522,0.3666283015150,0.4917757833679,0.1521540084661,0.2511669127225,0.2594952077570,0.2291847333086,0.4368998206844,0.0692033936314,0.1842382499401,0.2152883735892,0.3492830484662,0.3927220038455,0.1098434137287,0.4528077610765,0.1091267070220,0.1192831414614,0.1068944529798,0.0229873244939,0.3752821909098,0.1581550740105,-0.0224769714534,0.1036228474135,0.0792357563182,0.0592324716836,0.1341805890124,0.5205194118146,0.7453295707066,0.6494781303487,0.6819035895805,0.0240639571261,0.5166800533037,0.1370945241860,0.0614749411217,0.1300985672360,-0.1484578045686,0.4402868072705,0.6200341783475,0.4740546618101,0.7619070913448,0.1279600884110,0.1775131385297,0.4185422574203,0.5082651238772,0.0685506176711,0.0671041675343,0.3667701710628,0.0268719813144,-0.1948243522692,0.5315801408236,0.2351578533325,0.2724852348085,-0.2691003037898,-0.0358891271684,-0.0975451411394,-0.1211873696150,0.1926337499521,0.3765136275216,-0.1289804368981,0.3715405852331,-0.0581816508262,-0.0038377045314,0.1787094519059,-0.1853977012813,-0.4027710761053,0.0577276063260,-0.0683976639097,0.0781766706777,0.2918757591884,0.0024790928404
0.1735175184852,-0.1725423822218,-0.0758614463106,0.3261546611661,0.1596185227064,0.1514921730294,0.1153336945781,0.7341608496724,1.0000000000000,0.3105163134288,0.5420893296003,0.4622480851583,0.4473380205740,0.1801486543120,0.4192499268368,0.6271641122614,0.6225052374518,0.6766259214952,0.7542934979991,0.7446338231414,0.5267123008939,-0.0312846245052,0.3940143775126,0.6722281163267,0.3832982542174,0.3549235368882,0.4830253812098,0.0912077564079,-0.1813954118649,-0.2968770554588,0.5449744818476,0.2431526536233,0.4020510140126,0.0462293961509,0.3049136477188,0.2529754526013,0.2436477082606,0.2518024291915,0.0596319501515,0.0916943876901,-0.0067815784739,0.2422966964674,0.2287811932048,-0.1515928583722,0.1291328990396,-0.0013959504852,-0.0174508562253,0.1623019196156,-0.1866619353383,0.3190657449728,0.1422657069782,-0.0078376918885,0.2284058685020,0.0496195855587,0.0400568431669,0.1866084128056,0.4909659116860,0.5509836028316,0.8231584823406,0.9693636581661,0.0453764867745,0.5181761681151,0.2730914940340,0.1572984167880,0.1535163823397,-0.0471057753252,0.4806300315547,0.6613954386405,0.5649170928997,0.7493954819428,0.3539611205210,0.2287071757876,0.6247476435271,0.4270915606579,0.1712813095811,0.0989412483406,0.3707279871476,-0.0994345151628,-0.3021212351925,0.6325521600040,0.1942682223352,0.3662453489170,-0.4216016018450,-0.1268091372475,-0.2801582671752,-0.1759686979865,0.2193588597997,0.3587861905747,-0.0439850402870,0.0695635179291,-0.0499334366549,-0.0756381688000,-0.1126474219589,-0.2255427589054,-0.3347675798103,0.0914329095634,-0.2425355453677,0.0508999725557,0.3137858014013,0.1615470455208
0.4013746305567,0.4214069015036,0.3240652900266,0.3018497608766,0.4299354544304,0.5969851342687,0.2884287920655,0.4671021869123,0.3105163134288,1.0000000000000,0.5160693694194,0.5751469241854,0.4765645619396,0.5504243426302,0.6298187790993,0.2671773851253,0.4331781213089,0.3528374146276,0.2757551942439,0.3990150865520,0.4465060158578,0.5373171736070,0.5456400564996,0.2638094959455,0.1956885876216,0.5546143885604,0.4438320550767,0.2580547480235,0.1504896717064,0.1645042079742,0.3404054378430,0.5354042106001,0.4855763260650,0.3634868805626,0.1614476362425,0.1875352633935,0.2196823136203,0.2435257502787,0.0936549074282,0.4122791295328,0.4601597050484,0.3141043257843,0.2869698885841,0.0976246098875,0.3759730259929,0.2131002334629,0.3342247980894,0.1681464235587,0.4547005216072,0.6056913986662,0.2716767790165,0.1188795013007,-0.0217726621621,0.3434565054240,0.4439626190148,0.1197878399920,0.2053589651251,0.2503937913188,0.2085458868049,0.2835959583472,0.4822500513436,0.4004289052341,0.2769227062853,0.1050057314905,0.1516841949202,-0.1567595247053,0.1944915348764,0.2680846310520,0.2597417329546,0.3246818894250,0.1410042860731,0.5011887515382,0.2237248038550,0.4783229759576,-0.1717042700880,-0.0075439132843,0.3303662896801,0.1084302571997,0.0649340502874,0.2005372699817,0.4715280686349,0.2723857789708,-0.0528679193854,-0.2028249596638,-0.1618400465084,0.2116923513894,0.1917522336579,0.2993319465591,-0.3017711257642,0.2310750213576,0.1291536459969,0.3218572582721,0.2500571532695,0.0251888291977,-0.0888383223583,0.1645100747687,0.2209964037026,0.2086196577463,0.2205776767805,0.1175998812893
0.4086969738145,0.0643721048201,0.3023716525028,0.4835949604748,0.4070700567322,0.5439192902519,0.3692076426725,0.5353448364743,0.5420893296003,0.5160693694194,1.0000000000000,0.7830850245604,0.6100258514106,0.3097175861021,0.5095473905217,0.5164382630866,0.6255287434842,0.6731488653568,0.4655871231035,0.5916414219940,0.6497683346259,0.3042649956124,0.6674838705299,0.6558294381320,0.1853300932299,0.3904379042095,0.5364919704789,0.2569447821994,0.1071092528480,-0.0302474639166,0.5526986167567,0.4007747568993,0.5195403232443,-0.0769623648607,0.4886377209757,0.1184480016014,0.5745424365052,0.2848724387270,0.4014056281986,0.2939465786375,0.3565564768168,0.4424722658946,0.4500186662270,-0.1694747599165,0.3609380536814,0.1177922505985,0.2141840586587,0.5111828990922,0.1319545817916,0.5679315410741,0.3661805898656,0.1787253759141,0.1992025926613,0.3584972363713,0.3181132957298,0.3442992582095,0.4265026171899,0.2279954499374,0.5087851168037,0.5373814393593,0.0992463230773,0.8375106920298,0.4532284477655,0.3086950748100,0.0485469054534,-0.0461489701579,0.2795274820079,0.5904839685844,0.1543458005902,0.4403034652392,0.2395388543072,0.4562653841939,0.5290330968740,0.1912632281814,-0.0522249050254,0.0301065821128,0.4382615726490,0.0894796179730,-0.0007965274336,0.5597911612480,0.2212308630313,0.3249809234781,-0.2444168838493,-0.0266709105836,-0.2260889799502,-0.1416173661814,0.5708107084511,0.4393610998066,0.0012040164900,0.0751908488220,0.2970887684694,0.1217568480691,-0.0776880683482,-0.1116057586321,-0.3241719733836,0.4008688930936,0.0280617274183,-0.0116958551899,0.3143796374975,0.0765924996189
0.2557744754315,-0.0544960920033,0.1786927135305,0.3173136011677,0.2673164813630,0.4752295595999,0.2979229252383,0.4498764449328,0.4622480851583,0.5751469241854,0.7830850245604,1.0000000000000,0.7390162110921,0.1917633029943,0.3789860001064,0.3813660524155,0.7250263392010,0.6174035298536,0.3912408222515,0.5015703657327,0.6894525134141,0.3522056210354,0.7811705464757,0.5433602674581,0.1243853861720,0.4996180865875,0.4953294601380,0.1036378250032,0.1146611514722,-0.0825815307868,0.5354747747230,0.4541002468185,0.5023141697461,-0.0177296779822,0.4025895618581,0.0877721137419,0.4787368596187,0.2195660015464,0.3158574610902,0.2391303850289,0.2363585729265,0.2127386232533,0.3785030395530,-0.2067939828672,0.2709884516888,0.0600345889622,0.1444868905283,0.4665171923248,0.0776838480174,0.4485990126671,0.1442904037630,-0.0414655312571,0.0202516978470,0.3011420501960,0.2011937959673,0.2003011591743,0.5199106080719,0.1591221968548,0.4034268879723,0.4417796621868,0.1773909819452,0.7472662896788,0.7143281080470,0.4975393252097,-0.1358992276499,-0.1140623804591,0.1728745634808,0.6199467853480,0.1779796402769,0.4023983267097,0.4543185584012,0.6299547407862,0.4254270006391,0.2236208325214,0.0714665487391,0.1840087566251,0.3805955030077,-0.0382001484251,0.0002405575391,0.5079504577381,0.3748442412527,0.4190595791677,-0.3517116007936,-0.1129404803767,-0.2644263468736,-0.0796779103885,0.4985047342118,0.3301125720514,-0.0108134888061,0.0113152793322,0.2724087230069,0.0846681101769,-0.0614717901610,-0.1076671652099,-0.2024283565611,0.3082870561239,-0.0951386891714,0.0523031034843,0.1726988131270,0.0806624849258
0.1961999358274,-0.0722418818595,0.0713083350662,0.3307699905424,0.2015603699816,0.3726776269910,0.3077530894548,0.4916463182824,0.4473380205740,0.4765645619396,0.6100258514106,0.7390162110921,1.0000000000000,0.1620798162143,0.4377077200197,0.4014423454227,0.8205208300031,0.5554596989408,0.3767258680015,0.5052521318531,0.5840658491504,0.1995236179127,0.4535012009546,0.4936725686252,0.1954673084696,0.4947071444147,0.4039556200116,0.0728492291388,0.0685583341503,-0.1965998273356,0.5715389499069,0.4566493827186,0.6184536968220,0.0871556217272,0.2912402034292,0.0737293574785,0.3108216432080,0.3435400114975,0.3440214470071,0.1660387621417,0.0966171609799,0.1983506049841,0.3553265490015,-0.1106526826189,0.3061577192610,-0.0450531862565,0.0824013108696,0.3257703021968,0.0425754669419,0.4358094870221,0.1252096305326,-0.0618956994444,0.0891472935704,0.2422310395951,0.1675099925306,0.2245075208892,0.6489544007558,0.2341282579266,0.4256126696165,0.4566278121291,0.1361391799410,0.5690758504484,0.6546294540970,0.7641322005276,-0.0299257154791,0.0208211657373,0.1992684736970,0.6643106156586,0.1288036347190,0.3621516313269,0.2721767072473,0.3022505639608,0.3408131335303,0.2570999828769,0.0858341328192,0.1317579095522,0.2895232230158,-0.0668142338655,-0.0603726728382,0.4985805904365,0.3265781940502,0.5201282350228,-0.3372374835290,-0.0377815067587,-0.1389688072640,-0.1481024308328,0.3225263325956,0.3346448130371,-0.0016737767417,0.0931687668177,0.2931291424942,0.0318310831869,-0.0239254847285,-0.2049048440667,-0.1655146695081,0.2321191917447,-0.1630903342209,-0.0074198575386,0.1652832002417,0.0263606165626
0.6847313390169,0.6132775619972,0.2791112672050,0.2417343622754,0.4885192540551,0.3227959978454,0.0327376229024,0.2881783630415,0.1801486543120,0.5504243426302,0.3097175861021,0.1917633029943,0.1620798162143,1.0000000000000,0.5537452067430,0.2291772391754,0.2133441070819,0.2939023918088,0.0946127464220,0.2601430673004,0.2783099820347,0.4343814998123,0.2942867503927,0.1932509078545,0.0775812039186,0.2034367671246,0.2127773511504,0.3272319902861,0.1466870148004,0.3374324903184,0.2158049467814,0.2044424497573,0.1873538225102,0.2770477912737,0.0868174892633,0.1393736862552,0.1002516300114,0.0340163922667,-0.0897297373808,0.2991575988756,0.4929416768549,0.2367992897459,0.0649124460209,-0.0756806176604,0.1485006541290,0.2909074365035,0.3359971572379,-0.0260731429892,0.5462276968815,0.3655957363202,0.5422659663287,0.2726984085816,0.0862519190013,0.1935264754430,0.2881297656064,0.0557969868539,0.0848814782861,0.2412563378322,0.1922094534717,0.1752021635663,0.3132359478759,0.2217992492464,-0.0150137234799,-0.0996156521685,0.4696484348744,-0.2248990839251,0.2263658416741,0.1942123861040,0.1960406229885,0.2850385493240,0.0392102242170,0.3218869374083,0.1266163380659,0.2897167162244,-0.1173642990272,-0.1019043344832,0.1119427900098,0.2047594089612,0.0763710240592,0.2117886135484,0.2305261933359,0.0648495775350,0.2588772819708,-0.2755524297549,-0.1935816258753,0.2602812764681,0.0263598147272,0.1666733584764,-0.3247010155049,0.0797926541031,-0.0732884864252,0.2796807946209,-0.0083854934683,0.2316848185266,-0.0036317284010,0.0619966870964,0.5141321739843,0.4290918316596,0.1775169505283,0.0982575783777
0.5487808651861,0.3688570950392,0.3043759840076,0.6349380854087,0.5750216698413,0.5230656198760,0.3744080244733,0.4687144253521,0.4192499268368,0.6298187790993,0.5095473905217,0.3789860001064,0.4377077200197,0.5537452067430,1.0000000000000,0.4828595202005,0.3928545540212,0.3845027352206,0.2812307601453,0.4003741644202,0.3999110078405,0.1612485600799,0.3215097116462,0.4097157937837,0.1599358633651,0.3065235702163,0.3277123612866,0.1946028695669,0.0222936444596,-0.0590471606487,0.3198802969265,0.3573032959375,0.5139318082052,0.1751976025093,0.2287104832434,0.2377986455237,0.2314263176808,0.1846084072142,0.2158956744432,0.2458524176229,0.3389960690368,0.4122578762359,0.3868170471828,-0.0517967004855,0.2572836061911,0.0697266846148,0.2205419733805,0.3194552621873,0.2707461646069,0.7208709601215,0.5321694602349,0.4464903501054,0.4930128657960,0.4255551295464,0.4861434454171,0.4302811129251,0.2377234334698,0.2794482968143,0.3622928528475,0.4253703168300,0.2010733083749,0.3382988330799,0.1333770524916,0.0874208345880,0.5540013402562,0.1986758945666,0.3982134979025,0.3556301967390,0.3057460104167,0.3839115646927,-0.0096979707865,0.1291208779655,0.3634945604141,0.3366168833925,-0.1564043413167,-0.2195618075946,0.2297171226600,-0.0041242105060,-0.0831415488671,0.2933268631134,0.2079681311566,0.3277315657441,-0.2109741562924,-0.0504297497685,-0.1711373253991,-0.1435065690540,0.1727624328826,0.4183788325181,-0.0874829966680,0.0720533237507,0.2106334959490,0.1237547091422,0.0087060964627,-0.2148304609588,-0.0834487758528,0.3381905944549,0.1981150252516,0.0162563527691,0.3056415383458,0.2448656595456
0.3223440544316,-0.0372113276092,0.3238185804087,0.6807232405282,0.3858869281194,0.4304853896128,0.5500150943490,0.5968266248686,0.6271641122614,0.2671773851253,0.5164382630866,0.3813660524155,0.4014423454227,0.2291772391754,0.4828595202005,1.0000000000000,0.5904433027359,0.5364617887966,0.7467226249294,0.7691665333763,0.6650485898711,0.0075127224713,0.4472923075600,0.7666714591144,0.2591921335355,0.4371179124968,0.5415075075990,0.2486883867660,-0.0871446865161,-0.1551098883964,0.7268962875429,0.3926456954666,0.5761366884630,0.1711463480021,0.6444637710980,0.5261605868478,0.4930242227707,0.4113301452727,0.3411618067367,0.2910146185438,0.1226807619369,0.3004518142292,0.6079948809326,-0.0508770548423,0.4002308625316,0.1233947227913,0.1817907622560,0.3818162963763,-0.0382404244368,0.4317787699867,0.3678744920579,0.2600267420137,0.5223883639700,0.3942577037659,0.3004891606070,0.5840445342792,0.4018376902699,0.2525682238280,0.5312365604291,0.6466629250171,-0.1967503809313,0.4472217574298,0.0762787649458,0.0217517451580,0.0873107855588,0.0792604790735,0.8094208653179,0.5261491389995,0.4376291505860,0.6683724162537,0.2127736512248,0.1412805149019,0.6639701451243,0.3865998867860,0.2082272998518,0.0487368521389,0.4091701724527,0.0231316921497,-0.2687696432138,0.6809149418168,0.2471529332575,0.3888146048057,-0.4135122702519,0.1807300560873,-0.1792440222466,-0.1588161724619,0.4923867479933,0.6955871261652,0.1291186788593,0.2369051526745,0.1878508302382,0.0473065759572,0.0726180877583,-0.2021728050982,-0.4101284708121,0.3170670885440,-0.1380380419452,-0.1957242152764,0.1487474890739,0.1071947191818
0.1800741977569,-0.1426542999265,0.0473010310854,0.3194227765460,0.1922593123833,0.3140065827156,0.2671374695538,0.6452609732305,0.6225052374518,0.4331781213089,0.6255287434842,0.7250263392010,0.8205208300031,0.2133441070819,0.3928545540212,0.5904433027359,1.0000000000000,0.7616762710414,0.5960495894823,0.6970021208571,0.8273387974846,0.1079787657295,0.5618038071962,0.6415613112685,0.1710535377526,0.5122527507058,0.4655055702466,0.1261302407280,-0.0330998116164,-0.2082135368869,0.7703931892991,0.3971483199818,0.6274151831115,0.0985666712786,0.3937819857929,0.2043428702033,0.4099728373269,0.3122863007616,0.2629557245403,0.1420967205385,0.0123976831878,0.0964203668362,0.4062994897669,-0.2438973604156,0.3009855856445,-0.0338552088436,0.0334909733709,0.2684848011387,-0.0803973366097,0.3358703852976,0.1045595511632,-0.0987898434904,0.0886406696767,0.1719361924627,0.0694086967238,0.2201375116346,0.6525754141878,0.3321940382057,0.5817628792974,0.6005141581475,0.0654649163242,0.6003360003823,0.5575108355259,0.5037132151496,-0.0410589334499,-0.0745256505898,0.3464258828038,0.8388848518290,0.3391729746349,0.6142853332195,0.5310563325662,0.3950367378267,0.4645314455900,0.3066113241151,0.2959866352562,0.2158513982616,0.2980243614624,-0.0551720051360,-0.1613913153859,0.7145838554023,0.3203263170468,0.5672590218717,-0.4482691979134,-0.0838475221654,-0.2222047889018,-0.1755285198513,0.4237773548239,0.3698465688316,0.0824051954814,0.0171111698585,0.1726101045463,-0.0379953121316,-0.1356692035862,-0.2255387366405,-0.3040689539792,0.1201521861865,-0.2081152487480,-0.0138223750709,0.1458272339932,0.1462138768523
0.3063466082437,-0.1111721465357,0.1179700834915,0.3539126294229,0.3448767526520,0.3637556900028,0.1909055741530,0.6371550201765,0.6766259214952,0.3528374146276,0.6731488653568,0.6174035298536,0.5554596989408,0.2939023918088,0.3845027352206,0.5364617887966,0.7616762710414,1.0000000000000,0.4868444014339,0.7277294111749,0.7201308966430,0.1405192882389,0.5819123767265,0.7442967941027,0.2071299546560,0.4331145742871,0.4655480169444,0.0845490680101,-0.1046143667024,-0.1316856074558,0.7368969735976,0.3599423320652,0.5093025568333,-0.0295462396168,0.4429983448832,0.0948846463571,0.5030625618879,0.2413675401849,0.2850588105228,0.2001916674451,0.1498498185844,0.2496110479332,0.2492085067396,-0.3160569720967,0.2187360137167,-0.0006664417187,0.1154819838454,0.3744998346958,0.0332128324677,0.4198905168529,0.2453516713959,-0.0094379206014,0.1622806460871,0.2241763650566,0.1380972339806,0.2122829088393,0.5245980621019,0.4267450197309,0.7649453511408,0.6481395419443,-0.0237374960033,0.6213389303250,0.3715894373365,0.2196735282375,-0.0354775241633,-0.1686720435515,0.2580004979727,0.8378120750225,0.2426464439634,0.6549227204913,0.3995615473247,0.4221248375187,0.5778535673233,0.1869846143046,0.0403324976284,0.2306671511174,0.4160246160017,-0.0909746992751,-0.2061089958084,0.8378243056387,0.3060781801758,0.4679606050696,-0.3921817477009,-0.2761642500206,-0.2795588505628,-0.1228931084775,0.4784713751449,0.3698510039320,-0.0687194617868,-0.0239465724883,0.1853983085240,0.0853115622534,-0.2500504343467,-0.1544163394761,-0.2006902064943,0.2607404661830,-0.1362923323155,0.0630409716581,0.2043194068695,0.0688460828480
0.1093923271962,-0.1485602017592,0.0963943196806,0.3912140822908,0.1587561010338,0.2540813484539,0.3107532220229,0.6775310094621,0.7542934979991,0.2757551942439,0.4655871231035,0.3912408222515,0.3767258680015,0.0946127464220,0.2812307601453,0.7467226249294,0.5960495894823,0.4868444014339,1.0000000000000,0.7665888613884,0.5819218773606,-0.0099006192947,0.4133638681982,0.6266273085824,0.2809656835082,0.4230536024213,0.4808953537340,0.2855475192667,-0.0732244530545,-0.2203709123009,0.5758437680037,0.2347307954782,0.3809553906577,0.2117386230805,0.4448100973539,0.4539420533009,0.3077640874216,0.3243985643567,0.1224619251831,0.1966930609721,0.0421400910852,0.1561562353758,0.4905356250978,-0.0734637263062,0.3124088032881,0.0691990316552,0.0054278344412,0.1788892647914,-0.1897010596878,0.2377727731999,0.1631905526409,0.0479390844251,0.2082690684936,0.1279043698294,0.0736490231700,0.3117378144790,0.3814175816169,0.3486564290071,0.5286896027495,0.7483637837726,-0.1548515158475,0.4635753727006,0.1498044297659,0.0196866316741,-0.0388796316890,-0.0091024844657,0.5758312017033,0.4653678060034,0.6095710703887,0.6943970142832,0.2645877769454,0.1672880947232,0.5401109486611,0.4604931424643,0.2694992333571,0.0872237652967,0.3264481500660,0.0742752469669,-0.2714130049907,0.5111597881093,0.1301733860008,0.2286590922026,-0.4179351150582,0.1263755717384,-0.2527350581583,-0.1720423265493,0.3330477349806,0.4760159212625,0.1160318748710,0.2075763789151,-0.0018714786069,-0.0245736823299,0.0890040029282,-0.2562026806983,-0.5305732562994,0.0792816396877,-0.2520495037176,-0.1578814490521,0.2109750197901,0.0994782356420
0.2841955513356,-0.0272164767662,0.2214912857681,0.4164848111679,0.2780405259468,0.3722197334696,0.3127326472174,0.8436039669973,0.7446338231414,0.3990150865520,0.5916414219940,0.5015703657327,0.5052521318531,0.2601430673004,0.4003741644202,0.7691665333763,0.6970021208571,0.7277294111749,0.7665888613884,1.0000000000000,0.7079149171074,0.1287452661885,0.5494083342782,0.7382839136150,0.4536334411461,0.6098908503982,0.6820655073616,0.3651629380617,-0.0353704205289,-0.0672386503014,0.7708758805289,0.5038090163763,0.6162739627364,0.2103349818703,0.4768400299242,0.3632825987781,0.4567069551449,0.5936435450568,0.2597440267453,0.3456112572102,0.2167150388557,0.3576281046004,0.5286893855720,0.0618371605586,0.5558094007697,0.2165731550404,0.2642216711021,0.2894239513271,0.0173617859674,0.4424495207084,0.2327009312303,0.0402727570868,0.1633604124637,0.2395884468303,0.1152629015809,0.2833230630915,0.4936266491495,0.5073515453429,0.6783208418079,0.7189815661345,-0.1427580660513,0.5824608044780,0.1794114876081,0.0309356528268,-0.0534725611616,-0.1454648009671,0.5091804720887,0.6361341115642,0.3844572861331,0.8212790027551,0.1923966034168,0.3082184280875,0.5546420253761,0.4813724690391,0.0648095256620,0.1417275608026,0.5155244669173,0.1133931898397,-0.2318257124612,0.6841130007675,0.3274711447458,0.3448701871832,-0.3825133698575,-0.0331180820073,-0.1500616149294,-0.0640440422770,0.4318745310885,0.5264377970123,-0.1021277092294,0.4078138100209,0.0687897112149,0.0974491425263,0.1582264664843,-0.1165789456800,-0.4400174736467,0.2023893897874,-0.1676596183425,-0.0628622087274,0.2176935311839,-0.0709125427835
0.2782550706894,-0.0185603682234,0.2191488927921,0.3948313247058,0.3095054810664,0.4163154151173,0.3670689137208,0.5393253841057,0.5267123008939,0.4465060158578,0.6497683346259,0.6894525134141,0.5840658491504,0.2783099820347,0.3999110078405,0.6650485898711,0.8273387974846,0.7201308966430,0.5819218773606,0.7079149171074,1.0000000000000,0.2163548801516,0.6970500336464,0.6809264175885,0.1237376809981,0.5106517532526,0.5007456906409,0.2335799959191,0.0243865063847,-0.0191905037264,0.8219963941892,0.4795713597228,0.6628605621957,0.1085374206582,0.5687966954898,0.2979966592246,0.5555789982620,0.3383153224769,0.3038694829836,0.2155369623382,0.1493883465188,0.1663887481193,0.5652796067592,-0.1911899809355,0.4063507512061,0.0907646566945,0.2325323289757,0.3218527327410,-0.0188325412480,0.4326701159709,0.1892314911674,0.0247684967136,0.1146159752081,0.2532923731332,0.1353869512399,0.3089151887563,0.4546481119948,0.1494152295514,0.4662176822668,0.5094669737913,-0.0549335186627,0.5894627631492,0.3858672806828,0.1951160097486,-0.0983606018184,-0.1264911423644,0.3814031456890,0.6658249739952,0.2747080125969,0.5733977667282,0.5368563911321,0.4894346084289,0.5044511251924,0.2530819030465,0.2714231113234,0.2075596688333,0.3366457450465,0.0476998846740,-0.1279845769955,0.7068700257047,0.3640460166661,0.5112455388009,-0.4366788082401,-0.0360197086494,-0.2276560677520,-0.1192233731935,0.5665012708281,0.4663388415234,0.1346135135979,0.0499744243970,0.1494806706270,0.0015826394061,-0.0684114395173,-0.1555577515952,-0.2679854241252,0.1494870148985,-0.1751367998380,-0.1379724592919,0.0626148584179,0.1808132588110
0.3235071432038,0.4235901042326,0.2539652206453,0.0297609632177,0.3578154327423,0.3945813478987,0.0445016575887,0.1118298103537,-0.0312846245052,0.5373171736070,0.3042649956124,0.3522056210354,0.1995236179127,0.4343814998123,0.1612485600799,0.0075127224713,0.1079787657295,0.1405192882389,-0.0099006192947,0.1287452661885,0.2163548801516,1.0000000000000,0.4601082527334,0.0395366824120,0.0083549513824,0.2907064687473,0.2243520919310,0.1634332046743,0.5091945093489,0.4704365879936,0.1321503476893,0.3003113578811,0.1597296407428,0.2175411022630,0.1333674360631,-0.0324849174026,0.0934198124326,0.0889729462247,0.0009496915133,0.3661931623540,0.6695164344120,0.2365800724643,-0.0018967208919,0.1115230991837,0.2032047473428,0.4067799614395,0.4290403034417,0.0861063569785,0.6679381112944,0.2749534981144,0.3086424666012,0.0705324843483,-0.2033165197666,0.2121415066274,0.3178996773439,-0.0786968099253,0.0260739517468,-0.0029937629036,-0.0076799970690,-0.0415523214587,0.2915774606580,0.2730726113983,0.0463927479838,-0.0199507183936,-0.0427177190033,-0.3865014937859,-0.0297650725439,-0.0109163068540,-0.1011568109980,0.0261349113014,0.0510460673002,0.5978088905847,0.0191579724081,0.2119437202423,-0.2351131410810,0.0299014588476,0.1404147070009,0.1861395764230,0.3798321824542,0.0528767831770,0.2829366748387,-0.0273643876810,0.2918015340900,-0.2589456906400,-0.1445671137157,0.3599153981621,0.1120099603456,0.1255130748811,-0.4116685348467,0.1434254215949,0.0226476394325,0.3670414235575,0.2061137943074,0.3929619058160,0.0655275296087,0.1517178974884,0.4455492723056,0.4323101387919,0.0362838397347,-0.1177020627208
0.3764578407202,0.0921060994908,0.3552598721059,0.3859980967271,0.3159586255244,0.4952939400733,0.3358641803367,0.3784263524781,0.3940143775126,0.5456400564996,0.6674838705299,0.7811705464757,0.4535012009546,0.2942867503927,0.3215097116462,0.4472923075600,0.5618038071962,0.5819123767265,0.4133638681982,0.5494083342782,0.6970500336464,0.4601082527334,1.0000000000000,0.5295464317186,0.1142692807443,0.6048061860270,0.5948677178656,0.2346842787956,0.2017503408074,0.1387282744769,0.5275696627716,0.5300087086218,0.5060258540843,0.1408129287683,0.4906666877606,0.1153837689991,0.4893495539393,0.2387117452446,0.2483032023855,0.4478644884221,0.4181896426023,0.2976330422025,0.3146106680059,-0.1075884615102,0.3728502248959,0.3171689944184,0.3891181121527,0.3900971064073,0.1795758737540,0.4543045818307,0.1998184718458,0.1287677127768,0.0606401860099,0.3188888083700,0.2159134107312,0.2168047717725,0.3527981225185,0.0871827340306,0.3590160987552,0.3784415611858,0.0364565858851,0.6370864884491,0.4226262274056,0.0901892106286,-0.1701498392143,-0.2877683279599,0.2296127820341,0.4394172514427,0.1569738718748,0.4197873601635,0.3650658636416,0.7878454770322,0.4228244878793,0.2753466813848,-0.0099648460043,0.2846920429310,0.4489248426891,0.1287385829305,0.0563705739312,0.5032284740140,0.4603293070270,0.3184830264714,-0.2691355500494,-0.1948126742673,-0.2273087647496,0.1807083193700,0.5257028409668,0.3596442301863,-0.1212808840820,0.1053727850883,0.2051093082482,0.2384314062126,0.1065551232263,0.1033547277627,-0.2310379622404,0.2761108001400,-0.0049476839476,0.0450506724315,0.1622494051184,0.0488096917382
0.3197164545584,-0.1122994905121,0.2652009788625,0.5917804398163,0.3801878498540,0.4307402523808,0.4246794922238,0.5435116017309,0.6722281163267,0.2638094959455,0.6558294381320,0.5433602674581,0.4936725686252,0.1932509078545,0.4097157937837,0.7666714591144,0.6415613112685,0.7442967941027,0.6266273085824,0.7382839136150,0.6809264175885,0.0395366824120,0.5295464317186,1.0000000000000,0.1946818716753,0.3615607532182,0.5295445006002,0.2271239907206,-0.0846376730208,-0.1725446897887,0.7155157169653,0.3240158915398,0.4936310658714,-0.0143323376926,0.6244356780704,0.2579484779219,0.6418885644049,0.3595759147951,0.3975403257081,0.2344818623842,0.1192616038366,0.2760834503023,0.4329000322002,-0.2341715770767,0.3099683483010,0.0277805207359,0.1436109348871,0.4576899801251,-0.0052288144580,0.4033371846098,0.3487488001636,0.1506127521009,0.4196533018958,0.3521240053189,0.2525586953911,0.4747321312154,0.5952903817038,0.2332262484872,0.6695326724031,0.6878906939915,-0.1429924913279,0.6172647067691,0.2879931887011,0.1744497097221,0.0107878572156,-0.0171289801166,0.4933654796216,0.6723511307728,0.2529150630115,0.6098893199019,0.2861167520747,0.2896388604568,0.8449200815742,0.2284364376311,0.0700678514850,0.1091154884657,0.4425858294734,0.0271966551966,-0.1929612970986,0.7939116734787,0.1824107191707,0.3321633789033,-0.4184316093931,-0.0790530975274,-0.3139891193024,-0.1862808328660,0.6271356606741,0.5732318822969,0.0342736372715,0.0856896646893,0.2508516124972,0.0590411841010,-0.1594051703019,-0.1725039739027,-0.3583167730128,0.3993299937278,-0.1224397426486,-0.1203501201911,0.1855091588577,0.0934032962447
