1.0000000000000,0.0873316517675,0.5300188662705,0.3168873615012,0.7326444250565,0.5051213779207,0.3479936270122,0.1708508724472,-0.0387458827802,0.3722621899950,0.3679082981366,0.3012272992404,0.1978059291755,0.5606537961264,0.3065235520651,0.3120193678360,0.0184274228923,0.2644119871797,-0.0982784158330,-0.0965339583513,0.1459515029338,0.2525355454224,0.2104864280157,0.2358971061133,-0.1166428607048,-0.0707311190954,0.0302828486450,-0.1459064408038,0.0786136386792,0.0015449856056,-0.0492029135632,0.1432552649727,0.1633726479792,-0.0876891310288,0.2089922292091,0.3924485922778,0.3053270547174,-0.0869788252461,0.2530221056679,-0.0045838143878,0.2212832429159,0.3008894729490,0.1560168598500,-0.3333781883032,-0.0589513629905,0.1226785349578,0.0844626996927,0.4682068593117,0.3918235133055,0.2544931679779,0.7256322979823,0.0584350589030,0.1036036803604,0.4602369053112,0.3370354148188,0.2059668818989,0.0676385174639,-0.0222252085049,-0.0542567696555,0.0258257443305,0.2390696836515,0.1709903899292,0.0838389411836,0.0569568048367,0.0341706499126,-0.0514773266738,0.0727834496839,0.1332692979899,0.0576209947025,0.0784273612686,0.1520184293881,-0.0015659624149,0.2350426111059,-0.0794944605838,-0.0206224266819,-0.1860305385545,-0.0944934088665,-0.2096329646408,-0.1361332708184,0.1563796376705,-0.0842723991734,-0.0359803045319,-0.1486083134658,-0.0696377423056,-0.2003926071091,-0.2435226527166,0.2614522612972,0.4211320896802,0.0222693785867,-0.0882867662305,0.1930143631044,-0.1509987466436,-0.3998221468783,-0.1207781254220,-0.1355827781668,0.3457920496383,0.1284753947529,0.0899842697633,0.1096300394692,0.1430019754494
0.0873316517675,1.0000000000000,0.5886936311103,0.3544295830393,0.0376356400254,0.1817109082534,0.2609741284978,-0.1019790567748,-0.3588232285049,0.0335287941968,-0.3727671734977,-0.2819859678277,-0.0975708435591,0.6115671930382,0.5257379758405,0.0915613290454,-0.1629309206936,-0.1943035356490,-0.0974697380297,-0.1917281893321,-0.1593569668854,-0.0946359163335,-0.3123321798268,-0.3402432189489,-0.1112940425366,-0.3392676598732,-0.3622157957074,0.0347042326911,0.0563974914688,0.6225405598328,-0.1098284458572,-0.2645664808632,-0.2442775290323,-0.0201566221403,0.2591583159198,-0.0757722405221,-0.1374231673282,-0.2183588765985,0.0782635891633,-0.0996428061327,0.1181134748080,0.1655294867655,0.0473081919155,-0.1550035047298,-0.1816117539035,-0.0296752394232,-0.1349000600104,-0.0294265565147,0.3925035065561,0.3450037107505,0.2769177915997,0.7676737376343,0.3524183038075,0.2988037917198,0.1366259971122,0.2993930285039,-0.1554334083471,-0.0224557491944,-0.1705361809745,-0.1597446560362,-0.2036252440162,-0.3475357598354,-0.2179337970875,-0.1085490260180,0.6352719909357,0.2288945983929,0.1626636311964,-0.2018165903525,-0.0261116536334,-0.2128550217510,-0.2735443081673,-0.4114635691471,-0.3194666840252,-0.0267651523781,-0.1944752884069,-0.4054495593767,-0.3321791089400,-0.0450302737425,0.1651928557311,-0.2157410910031,-0.3686422093749,-0.2620590847632,0.2816543281979,0.0613768915564,-0.1514702883088,-0.1581521640456,-0.2267275081927,0.0731044620175,-0.0941474151673,-0.1110886398106,0.0867109906714,-0.2274967202154,-0.1679355073718,0.0056836091625,-0.2383748999594,0.1600889749804,0.5198350753941,-0.2136006694384,-0.0990155017555,-0.1297848196489
0.5300188662705,0.5886936311103,1.0000000000000,0.5816149545238,0.5222686426376,0.6025497319794,0.5289206206927,-0.0198446781566,-0.1499298953501,0.2060332943692,-0.0287164168872,-0.0420389615722,0.0175489497341,0.6071242226284,0.4073407738668,0.3129516073349,-0.1226715595626,0.1055269452149,-0.0275555573815,-0.1854148240147,0.0161140848015,0.0683847642527,-0.1229290690473,0.0261401933687,-0.1919180511469,-0.2901518613124,-0.2064799569925,-0.1416783485680,-0.0017125321171,0.2830682496186,0.0989057621077,-0.0876736900455,0.0244500192319,-0.1310939101550,0.4105690911012,0.1837689529610,0.2544704728600,-0.1806335280883,0.2909743716972,-0.1346135854436,0.1319326181402,0.2480154239704,0.0731428888677,-0.3738990787860,-0.2284010185394,0.0009168416945,-0.1062109244850,0.3828197114167,0.4471265510585,0.3006890919024,0.5796900099806,0.5268227052656,0.4251401558610,0.7426906098783,0.4255125911759,0.4547156775192,-0.0475745958380,-0.0876855879518,-0.0244593740184,-0.0530160448885,0.0186523829216,-0.0641331493653,-0.0866549601721,-0.0091081344602,0.4379511355495,0.2488291995255,0.3012337888900,-0.0272388296186,0.1579676676313,-0.0560447200921,-0.0354964536451,-0.1891941473411,0.0583339921737,-0.1464268397740,-0.0324449376157,-0.3519779617393,-0.2431703512988,-0.2053924173848,0.0355006725795,0.1147489952975,-0.1404853549383,-0.1210687315215,0.1375449786907,0.1204695933528,-0.2188840385312,-0.2455351785348,0.1717845167325,0.3697292567241,0.0684858279979,-0.1834877274625,0.2865986166581,-0.2548537678744,-0.4180067022991,-0.0531434908096,-0.1745950294504,0.4149903964104,0.4303526903426,-0.0552684847117,0.0385985983733,0.0593938641599
0.3168873615012,0.3544295830393,0.5816149545238,1.0000000000000,0.5028999320315,0.6553355983406,0.8551937718092,-0.1672991409456,-0.1109002283236,0.1421891970414,0.1546417211266,0.0335098013519,0.1016200391845,0.4277374390639,0.7270763763251,0.4905553426394,0.0891350673412,0.1570011983766,-0.0583341199128,-0.2056517682281,0.2080573483100,-0.0809207242166,0.0946171518204,0.1435501230494,-0.3908519487113,-0.0175478631369,0.0346431010041,-0.2863699527763,-0.0497510129078,-0.0900149482031,0.2867703319695,0.1279921477453,0.0627916187655,0.0479339599029,0.6336658805933,0.2062499400560,0.3421345123187,-0.1423841228069,0.4465597182181,0.0472445842438,0.0333210310634,0.2290743199377,0.3883317528337,-0.2569315961556,-0.2399612764685,-0.0992864372297,-0.0309445607281,0.4400072334877,0.2795906429331,0.5331176848578,0.4401825233489,0.3177093938108,0.7568509476764,0.6838320246241,0.5947144832328,0.8174396573530,0.0633859765071,-0.2966942722391,-0.1811029888127,-0.2834128963036,-0.1296112794600,0.0933948594520,-0.0766515904959,0.0541196490648,0.2046712982195,0.5034787681465,0.3752142369414,0.1052410728175,0.0245687298482,-0.2086991119936,-0.0233006086647,-0.0826725335657,0.2149999854616,-0.4365251155978,-0.0561950092550,-0.0816578371890,0.0552825694488,-0.3181281975971,-0.1904363391083,0.2749727805525,-0.0399981341812,-0.0813912105311,-0.1813370751322,0.4033762706687,-0.3258571765508,-0.1986860967941,0.3085704685035,0.4568751162866,0.3065471231925,-0.3588736628833,0.4453531255681,-0.0867528052822,-0.3285519485134,-0.2754079594108,-0.2308460028901,0.4636428325630,0.1847871226052,-0.1240547037341,-0.0626782316531,0.1582003949606
0.7326444250565,0.0376356400254,0.5222686426376,0.5028999320315,1.0000000000000,0.7977838881644,0.6054644636130,-0.0379166909075,-0.0711903485749,0.3679562033567,0.3860828934920,0.2450850846803,0.1089955083474,0.5179540021649,0.4349312571056,0.3046270139691,0.0346174850147,0.2944096635988,-0.2154905332410,-0.1417201833598,0.2250008753575,0.2322993453538,0.2164035443828,0.2934501210352,-0.2191737336768,-0.0400643182668,0.0810190529976,-0.1807496941041,-0.0022794713476,-0.0875325195533,0.0921900959433,0.1797645893261,0.1927873209088,-0.1083760239378,0.3780094177858,0.3088793830088,0.3978435359406,-0.0969328412449,0.3755834620651,-0.0638833476762,0.1529775356757,0.3346843178600,0.0919348002381,-0.3615765496511,-0.1519238122666,0.0834340213249,0.1239827557529,0.6530308618321,0.5185925799703,0.3500837817535,0.8020047471733,0.0339812466609,0.3881948181090,0.7531623342954,0.7399927929498,0.4496534559981,0.0754614755198,-0.2000073918642,-0.1745199269509,-0.1359621058020,0.1982811314054,0.2408396403412,0.0844894815781,-0.0160870368427,0.0925705117814,0.1225640624009,0.0409611763566,0.1703467957274,-0.0277749160794,-0.0231577403293,0.1865672474282,0.1108752754890,0.3358618424288,-0.2307713598545,-0.0541635062961,-0.1351595476934,-0.0327395455665,-0.2224558411531,-0.1630342441058,0.2921726346612,0.0172770751184,-0.0226430256637,-0.1939028224557,0.0103984056610,-0.2563657813917,-0.2519261761906,0.3764375919551,0.4447418744203,0.0990637698128,-0.1773886678341,0.3273760397031,-0.1124553753696,-0.4252078390078,-0.1536287086434,-0.1081969383383,0.5866920072087,0.2121463239268,0.0399105312650,0.1474419714347,0.2060629559215
0.5051213779207,0.1817109082534,0.6025497319794,0.6553355983406,0.7977838881644,1.0000000000000,0.7338929225283,-0.1733410794652,-0.0956585828880,0.3869225621193,0.3014473740089,0.1473176468195,0.0240772338496,0.5053487324738,0.5851945773204,0.3548635273549,-0.0053084500000,0.2529967975957,-0.1790509402135,-0.1888076129085,0.1851379952470,0.2437027271112,0.1267491575610,0.2562687789600,-0.3190889995112,-0.1530543222769,0.0644561136756,-0.2276032229959,-0.0018631905186,-0.0275360308273,0.2735971692792,0.0811052608145,0.1155713109097,-0.0617322799784,0.4950618197058,0.2151167321250,0.5327255122958,-0.0625638632012,0.5471693619160,-0.0374603440551,0.1594181553044,0.4082619946044,0.1208476405063,-0.3819194667236,-0.1738672956236,0.0341898685625,-0.0247859649431,0.7527663115663,0.5317720346681,0.5457924513393,0.6087448276219,0.1793670384069,0.5653633475520,0.8849773368645,0.8405512664799,0.5548819600671,0.0787839933654,-0.3010469637622,-0.2190331700317,-0.2225918811297,0.1362927499135,0.1771151342811,0.0372664028207,-0.0125415644557,0.2682396818474,0.3635207811015,0.1136047339666,0.1402370241935,-0.0534041693920,-0.1022851091784,0.1026793246802,0.0288999062698,0.3174172273914,-0.3393955206359,-0.0966184925547,-0.2738153407672,-0.0044217418919,-0.2641453758974,-0.0468678685432,0.3202329768288,-0.0676590235909,-0.0506484315902,-0.0868618534166,0.1935536208010,-0.2078008636193,-0.2617005034530,0.4522608462357,0.4161265711643,0.1472366890416,-0.2011319411827,0.5475160664330,-0.0702209778220,-0.4413833184213,-0.1696271922243,-0.1690744928060,0.7373981967069,0.2934825992761,-0.0647656667483,0.1534042416551,0.2001114402208
0.3479936270122,0.2609741284978,0.5289206206927,0.8551937718092,0.6054644636130,0.7338929225283,1.0000000000000,-0.0891796375280,-0.0683697764669,0.0817481100703,0.1287870906388,-0.0679577804445,0.0577580508545,0.3517966305670,0.6117818574431,0.5465746622970,0.0544128458339,0.1161736503395,-0.0623460018876,-0.0935957535806,0.1227635176054,-0.0558469268095,0.0334606402624,0.1648915793100,-0.2521294385957,0.0092498345493,0.1020351020821,-0.2106251971236,-0.0586250529042,-0.0729381110565,0.2599277067057,0.1426998280144,0.0391831593460,0.0734844856423,0.7192338985636,0.3394720095228,0.3540916355393,-0.0062692736223,0.5671473519057,0.1066249057924,0.0606070491478,0.1591554796879,0.3631139876216,-0.1835068654093,-0.0785832754620,-0.0000058526075,0.0129582831645,0.5218721700187,0.3491724171272,0.4374442037803,0.4712961990840,0.2714009702987,0.6797077392487,0.7167298707312,0.7131115614129,0.8599442279217,0.1347893798591,-0.2628753982936,-0.1637276051495,-0.2213998294841,-0.0619128522070,0.0231306042170,-0.1306766495910,-0.0137162073940,0.1965123972505,0.3915263879446,0.3504400022548,0.0423253531632,0.0189014711475,-0.1314199859899,-0.0762612262941,-0.1498067722535,0.2274332024486,-0.3553075180786,-0.1264986683928,-0.1476352599182,0.0519507596703,-0.2591797599355,-0.1298556738171,0.2315050781649,-0.1162189922977,-0.1392918348499,-0.1068734537302,0.4174453454237,-0.2511199169654,-0.1653864458321,0.3464594309538,0.5705240795816,0.2155911577774,-0.2728805804744,0.5200004884747,-0.0077342230654,-0.2625955193037,-0.2344596172304,-0.2604205931578,0.5845218488664,0.1950388195396,-0.0831222625300,-0.0238495514246,0.0951152057115
0.1708508724472,-0.1019790567748,-0.0198446781566,-0.1672991409456,-0.0379166909075,-0.1733410794652,-0.0891796375280,1.0000000000000,0.5222669397174,0.0067625372257,0.1165815051936,0.2054679480229,0.3592271576652,-0.1294542198734,-0.1595712659537,0.2354445180497,0.3591065089852,0.4978909480942,0.3169798585538,0.5518539701908,0.1642038397154,-0.0191981361593,-0.0206318774094,0.4303758651938,0.5313125157762,0.0240922373489,0.2260656017829,-0.0384937897120,-0.0853187920066,-0.0217747048098,0.0113422856090,0.0630675078543,0.2722155219294,-0.0345524609413,-0.1073114759626,0.1412291916248,0.1505179137814,0.2410716254553,-0.0710536969784,0.0992903278455,-0.0394831320267,-0.0925839007215,0.2723430909167,0.0716661143825,0.2524175422319,0.0444567339547,0.0641395611877,-0.0435506401757,-0.0473980342138,-0.1173560503525,-0.0967962331027,-0.2272835680144,-0.3628204409240,-0.2213115994140,-0.2466809291678,-0.1256708908425,0.3779384021793,0.7057575434592,0.6181885096959,0.6148149142236,-0.0087198836997,0.0657572603123,0.0802204526402,0.1079386182549,-0.2445834335174,-0.3012697273257,0.1475249252484,0.2283451822362,0.4183797889182,0.4801931719275,0.0940843506371,-0.0726531541231,0.2559177987998,0.4316284787329,0.3567611754185,-0.0719876665847,0.1298946434716,-0.1145705561033,-0.1903020732196,0.1381064309287,-0.0721088943877,0.0711838951807,-0.2130208461311,-0.1724841212976,0.0371030892269,-0.0986526104191,0.1025396767310,0.2476669627528,-0.0487865152592,0.2039879085972,-0.0616960726792,0.0104150632640,0.0521996449867,-0.1037950135156,-0.0802310517583,-0.1413803912596,-0.1411191262221,-0.0730051758798,-0.1677932449866,-0.1420096998436
-0.0387458827802,-0.3588232285049,-0.1499298953501,-0.1109002283236,-0.0711903485749,-0.0956585828880,-0.0683697764669,0.5222669397174,1.0000000000000,0.0428204352129,0.2528894363302,0.2274309821155,0.1381708143081,-0.2726893363191,-0.1926515427020,0.2126150842441,0.2973174633290,0.3818987945619,0.5545619158328,0.5841970600457,0.2838953841056,-0.0099058591371,0.1778381034841,0.5721481107425,0.4037213866914,0.2254550384403,0.4673094735818,-0.0947146713598,-0.2025056142784,-0.2746108421223,0.4309333386230,0.1499107613999,0.2987140958863,-0.0524775284279,0.0185256343465,0.1946277311295,0.2297365245021,0.2837440254222,-0.0859350373297,0.0001785427114,-0.1629311695824,-0.0746102299739,0.0757592248581,0.1003815431418,0.1540932265981,-0.1054965444651,-0.0695378967060,0.0454460981624,-0.2025028822102,-0.1686197651783,-0.1987203262152,-0.3426545333532,-0.2152251831880,-0.1603101215854,-0.1674826606258,-0.1249511289297,0.3341414815179,0.2959009917991,0.6116221956247,0.7681834049482,0.0134956263205,0.2238811482566,0.0940894874747,0.0575253067241,-0.3459086624092,-0.1493006991755,0.2209994966633,0.2261915473792,0.5388897162828,0.4918499110234,0.1933373617436,0.1572163609431,0.4874984242225,0.2371252211956,0.4172645729869,0.1328767316344,0.3223911953680,-0.1205564258434,-0.2771197720247,0.3799751234058,0.0184238049662,0.1742141672093,-0.3042267922319,-0.0285622627914,0.0426529287827,-0.1311728541825,0.2071205901004,0.1638805540386,0.0502488432573,0.1269137529648,-0.0709497984687,-0.0293788696223,0.0878157502452,-0.1683737028323,-0.0522091681380,-0.1002478183082,-0.2698008474139,-0.0704901011080,-0.1860787182540,0.0411969949328
0.3722621899950,0.0335287941968,0.2060332943692,0.1421891970414,0.3679562033567,0.3869225621193,0.0817481100703,0.0067625372257,0.0428204352129,1.0000000000000,0.4075895334812,0.6421397031203,0.2178659821184,0.4451369660780,0.3616856511607,0.0460144785310,0.1240706439333,0.2683151612020,-0.0591418529437,-0.1004842815019,0.4079924160031,0.6692046936596,0.3390164314069,0.3474791805198,-0.1157516497833,-0.1538271783018,0.1009388892611,-0.2420973786238,0.0992651795664,0.0754879076861,0.2328687779204,0.0307610475525,0.2484208501525,-0.1373708426953,0.0138800119814,0.0338926397697,0.4287016579140,-0.1783034045696,0.0983132987527,-0.0556237668462,0.3198522454823,0.6655968779873,-0.0779874394856,-0.3622446756253,-0.2261209753841,0.0147698158052,0.0990332041163,0.2634541583998,0.4081776278114,0.5259063204935,0.2947976661251,-0.0082722198542,0.1213260195976,0.3369281015836,0.3196048469937,0.0007740030070,0.0545376482041,-0.1047720920314,-0.0423674972792,0.0461636929836,0.6456838132842,0.3634808452456,0.4026344907163,0.0910304706394,0.1399859092424,0.0672471027910,-0.0793689545266,0.2036146643664,0.0130100296504,-0.0174092461636,0.4125045873039,0.3538261103797,0.3238615821732,-0.0391851155086,0.0382568382949,-0.2429460085019,-0.1138761500299,-0.3025737028810,-0.0444238479869,0.2200441794738,-0.0646805588817,0.0642064384662,-0.1400784501338,-0.1609793081171,-0.2690981969927,-0.1978088796977,0.3294386196512,0.0675294961404,0.0715538353720,-0.1287021704635,0.1314006981700,-0.1365846626394,-0.3780221581404,-0.1877205376608,-0.0039275719181,0.2750391990440,0.2002335677892,0.0434691027639,0.3199193843386,0.4532966274675
0.3679082981366,-0.3727671734977,-0.0287164168872,0.1546417211266,0.3860828934920,0.3014473740089,0.1287870906388,0.1165815051936,0.2528894363302,0.4075895334812,1.0000000000000,0.7799649461102,0.3286436420615,0.0698655066299,0.1158895840283,0.0177551815032,0.4115333969255,0.5361091073798,-0.1061579983658,-0.1654916706139,0.4922278705379,0.2196169251278,0.6721740804037,0.6009878369196,-0.2867436215099,0.0875226267752,0.3058364982950,-0.3476622252075,-0.0292044693959,-0.3599447211679,0.1066047934102,0.3286900421027,0.4306569342215,-0.2570144272285,-0.0447899664102,-0.0451491625627,0.4296452450344,-0.2527884351574,0.0918416833567,-0.0892112204326,0.0346264637078,0.3832763078858,0.2625237700758,-0.4303829820819,-0.2185140864614,-0.1495887554045,0.0734854152818,0.3740214044006,0.0947793477758,0.2319616000096,0.1868694848894,-0.2991946037760,0.1221861872867,0.1642068631014,0.1990058083085,0.1596078080524,0.2540580793639,-0.0080161680142,0.0552898854676,0.0760582692964,0.2892919059435,0.7909254601315,0.5230127610331,0.2731774144973,-0.1905187525216,0.1229459133131,-0.1179116403422,0.5086613474663,0.0652128262936,-0.0785249981889,0.5962748519392,0.5435684904434,0.5993748079634,-0.3081788301608,0.3187140992175,0.1437986290219,0.1719716922348,-0.2197029890489,-0.2162435646481,0.4706443864871,0.1659234967708,0.2954930143414,-0.3917541507941,-0.0282117696862,-0.2750988375034,-0.3395244413173,0.3927654475373,0.1422163893674,0.3293328699606,-0.3601816273969,0.1608045728092,-0.2411890683476,-0.4527773121828,-0.3553139847805,-0.0541064091481,0.1394768376941,-0.1711478415507,-0.0419867792426,0.1608467521338,0.4625269437333
0.3012272992404,-0.2819859678277,-0.0420389615722,0.0335098013519,0.2450850846803,0.1473176468195,-0.0679577804445,0.2054679480229,0.2274309821155,0.6421397031203,0.7799649461102,1.0000000000000,0.5461347166269,0.1031274958576,0.1426581195968,-0.0624946722063,0.5628169323279,0.5416385443248,-0.0598428153543,-0.1581091807013,0.6370638492396,0.3225142762575,0.5892318512543,0.5157543958544,-0.2153379219412,0.0090055811663,0.1441226349074,-0.3205154308661,-0.0587169954802,-0.2650829405695,0.1026021687018,0.2723550774119,0.5599671840122,-0.2626220982580,-0.2018185992520,-0.0800067529697,0.3284519863424,-0.3095531048760,-0.0429410316083,-0.1458784085587,0.0027733928867,0.4611112375621,0.1440834676853,-0.4181567018753,-0.2627437583792,-0.1361134173236,0.1970409481171,0.1680528996056,0.0407087123074,0.3135615432507,0.0928543130974,-0.2149483402301,0.0476930263802,0.0873058980440,0.0538138994413,0.0032901426907,0.2344185922316,0.0503413130919,0.0963644689056,0.1211659357638,0.4234088493668,0.7254216948124,0.7529303343107,0.4170478022571,-0.1692548829027,0.0653790934088,-0.1441558857573,0.5490430362712,0.0783392307365,-0.0910386843555,0.6824131877758,0.5660052956767,0.4588855811833,-0.1845551568192,0.3236198884946,0.0730284182274,-0.0441603935643,-0.2501255245230,-0.2543545614182,0.3798162523620,0.1750196064403,0.3974992808161,-0.4407282155315,-0.2139652849134,-0.3392922140371,-0.2514908702984,0.2672652992219,0.0501974094441,0.2613920434538,-0.3290450641046,0.0184851837671,-0.2517810405872,-0.3980169708663,-0.3252747550695,0.1161934052611,-0.0115507733991,-0.1679094033587,-0.1119597259407,0.1727772836444,0.5183445060980
0.1978059291755,-0.0975708435591,0.0175489497341,0.1016200391845,0.1089955083474,0.0240772338496,0.0577580508545,0.3592271576652,0.1381708143081,0.2178659821184,0.3286436420615,0.5461347166269,1.0000000000000,-0.0331009874896,0.0893570289962,0.0516552121998,0.7300037632118,0.4680157331411,-0.0897541291531,-0.0385419699835,0.4744066507365,-0.1306243593360,0.0650241683545,0.2448610366055,-0.0946870956763,-0.0521987727174,0.0130059408434,-0.2414207527849,-0.1852959116319,-0.2376966102445,0.0387220060278,0.2121584548934,0.6343114467387,-0.0472140514492,-0.0946292822211,-0.0557884569273,0.2315445961826,0.0037343049837,0.1663918868884,0.0448794226121,-0.2180534272640,0.1017239558145,0.3988664799565,-0.1692666767089,0.0764476072819,-0.1621284099471,0.2278366617260,0.0787282655322,-0.1168130187900,0.2447035686924,0.0470220611433,-0.0880974062882,-0.0099524270276,0.0449921097768,-0.0281451006412,0.1667742625179,0.4474619038296,0.1854620515364,0.0934277703300,0.0233598805716,0.1441077782734,0.4189764282047,0.5709133519620,0.6924504074538,-0.2182123679891,0.0492722912168,-0.0726597645399,0.4762135546386,0.0111576118391,-0.0525054606231,0.2593944128919,0.0770221577365,0.1039264565188,-0.1343086295880,0.2239816544425,0.0232363656955,-0.0726633095754,-0.2589393094031,-0.3074658236901,0.1888701472971,0.1304082779138,0.3947197824930,-0.3717272473124,0.0006813479905,-0.0556847392136,-0.1229148960419,0.1894241543738,0.1766525633900,0.2394573535610,-0.1393302772816,0.1510003864685,-0.0715801761228,-0.1848915133915,-0.2953660662040,0.1298246727053,-0.0835837737639,-0.2039693292355,-0.1684368241232,-0.0053359596331,0.0881973640298
0.5606537961264,0.6115671930382,0.6071242226284,0.4277374390639,0.5179540021649,0.5053487324738,0.3517966305670,-0.1294542198734,-0.2726893363191,0.4451369660780,0.0698655066299,0.1031274958576,-0.0331009874896,1.0000000000000,0.6163662706806,0.2623669298753,-0.1125918402467,0.0625961666872,-0.1866229469585,-0.2486294507065,0.1440029318688,0.2933623185993,0.1375192886405,0.0158299780637,-0.2894033284412,-0.2171118211050,-0.1386142193474,-0.1306131041235,0.2572865611945,0.4691078768457,0.0311413934024,-0.0209956136754,-0.0574422944004,-0.0447650972272,0.3416735481604,0.1829293972017,0.1606036448780,-0.2928366165459,0.1701427796497,-0.0685540208201,0.4150740007222,0.4473179746730,0.0581743372384,-0.4307584658643,-0.2737995955940,0.0902335716320,-0.0375606795038,0.3351001245195,0.6845624624284,0.4513929399289,0.6493670704720,0.3925612622681,0.3657253449868,0.5052415663596,0.3719623823841,0.2721019288059,-0.0697221473334,-0.1601152608385,-0.2263046767456,-0.1427421156027,0.1207983393816,-0.0025773804650,-0.0756713920006,-0.0926967712538,0.5261121392585,0.1434829411656,0.1471914749677,0.0095033041188,-0.0215714312645,-0.1152856729916,0.0641955832326,-0.0447728282587,0.0674553607237,-0.1870142377983,-0.0979985629458,-0.3412896588801,-0.2387792828126,-0.2004705977818,0.1406078063231,0.0942045854492,-0.2379389144341,-0.1665227218739,0.1058613723092,0.0592255991345,-0.3018988305563,-0.3161026442332,0.0828963700761,0.2247899673633,0.0539322134900,-0.2106147836678,0.1493222014367,-0.2755837277158,-0.4836775296267,-0.1335921704168,-0.3237052096123,0.4143696779722,0.6134717450003,0.0407877354606,0.1000959590062,0.2073433480635
0.3065235520651,0.5257379758405,0.4073407738668,0.7270763763251,0.4349312571056,0.5851945773204,0.6117818574431,-0.1595712659537,-0.1926515427020,0.3616856511607,0.1158895840283,0.1426581195968,0.0893570289962,0.6163662706806,1.0000000000000,0.3546087913187,0.0908970735425,0.0902717352279,-0.1317801656810,-0.2078130769726,0.2762514778765,0.0340487514778,0.1120042001340,0.1014812422015,-0.3474973189297,-0.0574056868429,-0.0179200228469,-0.1929829192480,0.0025968423208,0.1481414124843,0.1813654251933,0.1117369884395,0.0205908889580,0.1017353850013,0.5065952680591,0.1137115782850,0.2540379949272,-0.2142704147166,0.3308043907968,0.0208829574101,0.1044653877149,0.4094266003397,0.3516240094856,-0.2534604042684,-0.2492356773744,-0.0632659076977,0.0487412624917,0.4033125239168,0.4002345911442,0.7614692630773,0.4700041548754,0.3471200338790,0.6756835841377,0.5528290189530,0.4975332141369,0.6183430045904,-0.0128053563354,-0.2474255367165,-0.2544990422026,-0.2551381273451,-0.1116689274601,0.0841826412583,0.0176588018562,0.0072540363787,0.3310729868697,0.4850710949002,0.2102954592470,0.0998252316189,-0.0476941532507,-0.2253742282651,-0.0363214896837,-0.0934370260613,0.1082591793396,-0.3351012695769,-0.1373722179856,-0.1710265784453,-0.0961105364377,-0.2609614805348,-0.1445979444728,0.1211553387320,-0.1621073913412,-0.0644701795636,-0.2214075950582,0.1811052397765,-0.3273492468497,-0.2014847415655,0.1463763432560,0.3682693172689,0.1882482718120,-0.2929290289460,0.3300196796193,-0.1167699204868,-0.2984899263964,-0.2903327722290,-0.2752602789754,0.4638761131390,0.2591492539509,-0.2311979850422,-0.1152777327649,0.1721740417533
0.3120193678360,0.0915613290454,0.3129516073349,0.4905553426394,0.3046270139691,0.3548635273549,0.5465746622970,0.2354445180497,0.2126150842441,0.0460144785310,0.0177551815032,-0.0624946722063,0.0516552121998,0.2623669298753,0.3546087913187,1.0000000000000,0.1132183321682,0.2613262870410,0.3330147248387,0.3043145326182,0.2491808386252,-0.0448603944862,0.1174673677113,0.3258076097386,0.0647857402600,0.1387579121447,0.3090830082189,-0.2827249917238,-0.0059839556290,-0.0691248507507,0.5074743200834,0.2984358402359,0.1603846821947,0.1919741510818,0.7379981773302,0.7262458106778,0.3134191256620,0.1150260210317,0.4300613019050,0.2007563379099,0.0775013738108,-0.0221900847513,0.5048152100732,-0.0690666845659,0.0048982358932,-0.0004257224394,-0.0905213514298,0.3576549044918,0.1382036018100,0.1569122818953,0.2726732683251,-0.0259837722942,0.2591888520499,0.3071352115250,0.2818248779490,0.3997838916980,0.1465655979802,0.0287244001699,0.1898465156254,0.1695087251530,-0.1630449381583,-0.0803294271017,-0.2301345926161,-0.0257169974584,-0.0267363404957,0.1623908388495,0.7220600039148,0.1633134489977,0.3924157978851,0.4056209232628,0.0292757266451,-0.1264389724784,0.3331915185033,-0.0288169368861,0.2031893950164,0.0474862363198,0.2621094397521,-0.3442796592354,-0.1999689980169,0.3811801336454,-0.0871010723631,-0.0303519091382,-0.2325696077991,0.5431288272983,-0.1010949257405,-0.1097517681602,0.3390851761099,0.6457216860152,0.2960796656094,-0.0615371817755,0.3092086856553,-0.0710468574436,-0.1194979048006,-0.3233384760590,-0.4289541110578,0.3512151943257,0.0410172090448,0.0272708545376,-0.2571727421205,0.0164602902040
0.0184274228923,-0.1629309206936,-0.1226715595626,0.0891350673412,0.0346174850147,-0.0053084500000,0.0544128458339,0.3591065089852,0.2973174633290,0.1240706439333,0.4115333969255,0.5628169323279,0.7300037632118,-0.1125918402467,0.0908970735425,0.1132183321682,1.0000000000000,0.5358004069391,0.0976256179562,0.0429179142551,0.7087175836581,-0.1394324649068,0.2034114429535,0.3734755645703,-0.1657227858446,0.0119199759762,0.0336599244406,-0.3036262950431,-0.1794404878039,-0.3158218508605,0.2458801948243,0.1984003484396,0.7229236559291,-0.1044763587554,-0.0741400687846,0.0011355447046,0.1655215313779,-0.1020365217048,0.0257320025007,-0.0678008600885,-0.2914124022784,0.0177577451378,0.4004604596768,-0.2411773055381,-0.0171587633290,-0.3032821356115,0.0898826409340,-0.0088390630560,-0.0864944643049,0.1941130358591,-0.0794238678047,-0.1180996018960,0.1450155254910,-0.0342892533837,0.0258023149984,0.1504712230281,0.3919313266607,0.1773460378807,0.1781556739511,0.1033353584419,-0.0038837575420,0.4166366760317,0.5529625441939,0.5337036229805,-0.1526662700351,0.2441397415293,0.0734473573571,0.6532636509401,0.1155441418784,-0.0209973509981,0.4471898805265,0.1744033723032,0.2550538261732,-0.2140447982229,0.4517960061105,0.0344946822394,-0.0952402842183,-0.2690978504437,-0.3293367985912,0.4493923739472,0.0533784188844,0.4642419543293,-0.5057597910694,0.1111253621087,-0.1387373315730,-0.1862036163397,0.1096059907366,0.0902896001630,0.3680378212226,-0.2516515368789,0.0718873293627,-0.1971305381688,-0.2382101314487,-0.3955408267695,0.0268997801805,-0.0984519621077,-0.2072056784303,-0.3133257271109,-0.1669389152883,0.2321965950762
0.2644119871797,-0.1943035356490,0.1055269452149,0.1570011983766,0.2944096635988,0.2529967975957,0.1161736503395,0.4978909480942,0.3818987945619,0.2683151612020,0.5361091073798,0.5416385443248,0.4680157331411,0.0625961666872,0.0902717352279,0.2613262870410,0.5358004069391,1.0000000000000,-0.0402314603620,0.0619252601589,0.5459904092833,0.0229473064470,0.2674270348434,0.7091452278065,-0.0724145282401,-0.1413379559639,0.1977160209664,-0.3792122056209,-0.2203430993264,-0.2258881576440,0.2975570538438,0.2311588327687,0.5197002818702,-0.2528214729692,0.0101749622285,0.0144387793696,0.5537298151057,-0.1411002603173,0.1607404335754,-0.1646628425077,-0.1188322902925,0.2444139325075,0.3334811896179,-0.4512700915503,-0.2738204379757,-0.1426487152295,0.0995620488430,0.3475042555192,0.1204567327029,0.2290241520099,0.1399713836556,-0.1893516126191,0.0496546264838,0.1871020795509,0.1241747837635,0.1852950303003,0.4348802003796,0.3931480635605,0.3350694275916,0.2580628265646,-0.0055884223920,0.5343830943389,0.4123072353669,0.3563687980263,-0.2195912683564,0.0802360471909,0.1397908295492,0.7194373494802,0.3561709220202,0.2284864475255,0.5375123039176,0.2255556660582,0.6038252238909,-0.1049660509378,0.5742753549546,0.0358381159457,0.1474922033451,-0.3558496057636,-0.3367199296050,0.6773526109316,0.2172523441918,0.3741934632613,-0.5065238420323,-0.0086709589696,-0.1640706760219,-0.3501531483747,0.4878623399678,0.3645866776250,0.3552956735427,-0.1722117956193,0.2447009863328,-0.2327532606445,-0.4509082921899,-0.3181083864642,-0.0106110026642,0.1523444270215,-0.1312423670106,-0.2330260790553,-0.0802614173869,0.1781566518820
-0.0982784158330,-0.0974697380297,-0.0275555573815,-0.0583341199128,-0.2154905332410,-0.1790509402135,-0.0623460018876,0.3169798585538,0.5545619158328,-0.0591418529437,-0.1061579983658,-0.0598428153543,-0.0897541291531,-0.1866229469585,-0.1317801656810,0.3330147248387,0.0976256179562,-0.0402314603620,1.0000000000000,0.5626362381866,0.0393331399883,-0.1088910118165,-0.0192627270968,0.1638159219049,0.3732227180820,0.2163970887635,0.2352179765291,0.0977176268004,-0.1340677100598,-0.0696464931119,0.4711599052384,0.0166060622073,0.0350417619480,0.0297077756594,0.1218549771892,0.4095215995485,-0.0679989821790,0.2471249416246,-0.1654530588846,0.0231750519796,-0.1436928022356,-0.2369373837966,-0.0578388731160,0.2835398744881,0.1418755791531,-0.1797478731121,-0.1355910589437,-0.2034878124649,-0.3035623284093,-0.2769421433218,-0.2378192016625,-0.1357033698437,-0.1708979633877,-0.1823501713388,-0.2460031855107,-0.1562543324181,-0.0521672014077,0.2016639455018,0.5684412108539,0.5809122177484,-0.1515193454579,-0.1752950965822,-0.1939491471608,-0.1119987590789,-0.2526007031314,-0.0813977566558,0.5517764655685,-0.0753798788739,0.6785151959889,0.4297674049631,-0.1280957634030,-0.1024376247345,0.1150678129418,0.3742630745499,0.3067629439569,0.1355230509585,0.1713070742960,0.0681689337446,-0.1661941743267,0.1394742908439,-0.0653546529137,0.0112202479143,-0.1401338025121,0.1353020159332,0.0924478169295,0.0870357291335,-0.0682005292339,0.0912162923216,0.0099318860173,0.1928662417002,-0.1661284869837,0.0113210132803,0.3034021344979,-0.0116821499375,-0.0640104303485,-0.2418999462408,-0.2459376125779,-0.1064115160825,-0.3962599383080,-0.1114729524822
-0.0965339583513,-0.1917281893321,-0.1854148240147,-0.2056517682281,-0.1417201833598,-0.1888076129085,-0.0935957535806,0.5518539701908,0.5841970600457,-0.1004842815019,-0.1654916706139,-0.1581091807013,-0.0385419699835,-0.2486294507065,-0.2078130769726,0.3043145326182,0.0429179142551,0.0619252601589,0.5626362381866,1.0000000000000,-0.0243411648099,-0.0544273289380,-0.1198749259752,0.2809870382563,0.8223776090234,0.2748917977560,0.5094037541052,0.1875263511932,-0.1366179495332,-0.0305797680242,0.3953543600710,0.0950140209936,0.1171047509927,0.1182273992484,0.0672605751463,0.2878055665814,0.0437715759380,0.6614537866108,-0.0908470392709,0.1243242585393,-0.1440288836425,-0.2801375697428,-0.0933188365346,0.5005112910232,0.5114531359452,0.0403607709801,0.0169187297621,-0.1049991017218,-0.1673936065040,-0.2562917338888,-0.2369455373893,-0.2961739626895,-0.3303137555266,-0.2543854666973,-0.1862971120315,-0.2837436624692,0.1405520526365,0.3643806960337,0.4687109034070,0.5877873315869,-0.1243642085124,-0.2039502213485,-0.2736949905619,-0.2420959334611,-0.3186763974388,-0.3240302900132,0.2396069930536,-0.0969269791172,0.3474259168737,0.7545536175348,-0.2113623781080,-0.1651814976252,0.1994834117229,0.7147767163180,0.1231028220929,0.0286167205452,0.3840041080469,0.0536519153035,-0.1470479525463,0.1054737037684,-0.0885655960184,-0.0389788798285,-0.1638195851861,-0.0842905820512,0.3041085050816,0.0748890673995,0.0237799799289,0.0741719499687,-0.2289996356678,0.5408825599692,-0.1321118630338,0.1505450886428,0.4690394913840,0.0358460493139,-0.0935434150829,-0.1348100799004,-0.2187027278417,-0.0612089644042,-0.3100612757385,-0.2639680348344
0.1459515029338,-0.1593569668854,0.0161140848015,0.2080573483100,0.2250008753575,0.1851379952470,0.1227635176054,0.1642038397154,0.2838953841056,0.4079924160031,0.4922278705379,0.6370638492396,0.4744066507365,0.1440029318688,0.2762514778765,0.2491808386252,0.7087175836581,0.5459904092833,0.0393331399883,-0.0243411648099,1.0000000000000,0.0812747786707,0.4132749399522,0.5964286726654,-0.2543921728457,0.0179414783500,0.1108613847691,-0.3582717344581,-0.1236228728759,-0.2763793939172,0.4559217697228,0.3211406920345,0.6902713380322,-0.1434428514772,0.0962388845212,0.1105191354664,0.3449788771372,-0.2785861465756,-0.0187290373266,-0.1870886529010,-0.1682961048417,0.1875700778512,0.3418505531778,-0.4550110143791,-0.2747760200599,-0.1681082174498,0.1456641870344,0.1535962779291,0.0958640938096,0.2661338009073,0.0887581550315,-0.0952108387454,0.2920890340690,0.1622224385557,0.1746298264975,0.1929812625659,0.1948531538194,-0.0392936054944,0.0821526585150,0.1180947583177,0.1527753691989,0.5355742538102,0.5209191115996,0.3298628089397,-0.0706996179014,0.2050202119257,0.1910373242528,0.5752770777828,0.2205468721261,0.0252942660626,0.6082957016494,0.4217592621923,0.4735518999714,-0.2495595512289,0.4341976641950,0.1140346811944,-0.0872081252777,-0.3332809629698,-0.2901539986199,0.5708096080821,0.2441847820560,0.4244417915578,-0.5035248948900,0.0647642913552,-0.3481173991444,-0.2065001878969,0.2632339810020,0.2368593830886,0.4632394957913,-0.3971760330381,0.0128018414909,-0.2937470313243,-0.4265919282032,-0.3649790911390,0.0440982416195,0.0805114506577,-0.0924394591955,-0.1711025631055,-0.0637188139400,0.4639674402495
0.2525355454224,-0.0946359163335,0.0683847642527,-0.0809207242166,0.2322993453538,0.2437027271112,-0.0558469268095,-0.0191981361593,-0.0099058591371,0.6692046936596,0.2196169251278,0.3225142762575,-0.1306243593360,0.2933623185993,0.0340487514778,-0.0448603944862,-0.1394324649068,0.0229473064470,-0.1088910118165,-0.0544273289380,0.0812747786707,1.0000000000000,0.2979654970209,0.1678293684939,-0.0022361412768,-0.0885399286289,0.0929086875899,0.0224842242629,0.3965989025428,0.2526844826031,0.0331151680699,-0.1251259511246,0.0130320439867,-0.0961893815401,-0.0870605439366,-0.0585344623841,0.1781098467991,-0.0062309880641,-0.0695682160435,0.0812624741401,0.6085245580127,0.4875065246155,-0.2061715973508,-0.1768871837381,0.0421751174974,0.3394681364186,0.1185953469019,0.1565226205408,0.4515590405898,0.1804969172247,0.1521728569741,-0.2261609461475,-0.1749245194523,0.1046859408851,0.1830449603551,-0.2196734275361,-0.0523973909765,-0.0654437232321,-0.1026721468214,0.0272540323214,0.6089007920665,0.1025058728772,0.1117206696763,-0.2141736898211,0.1802686077853,-0.2295424114437,-0.2301453380361,-0.0784002446353,-0.1349133829657,-0.0323449050288,0.1786652281516,0.3798037228014,0.1508834054447,0.0491233183495,-0.1015384614802,-0.2637522469642,-0.0896939740580,-0.0426535389071,0.2516048408320,-0.0186012872174,-0.1206915758033,-0.1482292946436,0.2036174072892,-0.2361096639538,-0.0525829235232,-0.1183809568902,0.0590359992055,-0.1111040920325,-0.2191633817987,0.0583987760467,-0.0467194159349,0.0758415498974,-0.2103811498340,0.1299026423147,0.0379955098989,0.1922603170161,0.2753404419689,0.2964507412929,0.4380224631807,0.1928172232830
0.2104864280157,-0.3123321798268,-0.1229290690473,0.0946171518204,0.2164035443828,0.1267491575610,0.0334606402624,-0.0206318774094,0.1778381034841,0.3390164314069,0.6721740804037,0.5892318512543,0.0650241683545,0.1375192886405,0.1120042001340,0.1174673677113,0.2034114429535,0.2674270348434,-0.0192627270968,-0.1198749259752,0.4132749399522,0.2979654970209,1.0000000000000,0.4251245709931,-0.2764815125524,0.4125970186192,0.4657907208035,-0.2951781892151,0.1834259157932,-0.2938397420729,0.1691587687652,0.5795964259121,0.3165764763687,-0.0844144210856,0.0654596113709,0.0749348841617,0.2101248746796,-0.3486514823624,-0.1043355317792,0.1437115343688,0.2268130793901,0.3149542416776,0.1865792613664,-0.2716677826666,-0.2883256633372,0.0850850829072,0.1781915125324,0.1396987433410,-0.0024715939325,0.0748947002326,0.0955285803758,-0.3517194906823,0.0569563591408,-0.0030642218544,0.0616343829935,0.0236745415320,0.0253311243929,-0.1327029267140,0.0179229579697,0.0813343651727,0.2022582340703,0.5248480690931,0.2281044159713,-0.0036830328584,-0.1267828281367,-0.0058747666972,0.0002621334012,0.2548945536137,0.0643346972120,-0.0673465240817,0.4287346341668,0.7301669755238,0.4563899735121,-0.3062051626181,0.1703980427675,0.3596015000829,0.3290435433234,-0.0757168052417,-0.0737688242741,0.3437149617481,0.1893962611471,0.0779543494032,-0.2636641544126,0.0061631699898,-0.4340218138341,-0.1708567289443,0.2214417943887,0.0379354464780,0.2123064147962,-0.4657627357009,-0.1066451988932,-0.2013512093688,-0.3119150290761,-0.3382779945133,-0.2128891507147,-0.0008293723905,-0.0922506405787,0.1946553614040,0.1627832995316,0.4436386652042
0.2358971061133,-0.3402432189489,0.0261401933687,0.1435501230494,0.2934501210352,0.2562687789600,0.1648915793100,0.4303758651938,0.5721481107425,0.3474791805198,0.6009878369196,0.5157543958544,0.2448610366055,0.0158299780637,0.1014812422015,0.3258076097386,0.3734755645703,0.7091452278065,0.1638159219049,0.2809870382563,0.5964286726654,0.1678293684939,0.4251245709931,1.0000000000000,0.1135537871850,0.1318699702819,0.4927935815913,-0.2764924710063,-0.1946674417817,-0.2762007839571,0.4159142140227,0.3254946584726,0.4582245685116,-0.1697195907961,0.1385694497709,0.1919569804103,0.6363213281007,0.0272950613278,0.1354243994877,-0.0838364875126,-0.0765692893074,0.2134031713001,0.2938036076876,-0.2817091836229,-0.0777854068979,-0.0465824574840,0.1208287783102,0.3691415642714,0.1178753943039,0.1609622208385,0.1141108436799,-0.3437860004839,0.0467650296832,0.1560187971767,0.1764504528696,0.1479143609946,0.3411248775988,0.2614063939905,0.3896456413452,0.4564291176154,0.1374201252968,0.5742084408959,0.2908542710478,0.1128206214931,-0.2268710137474,0.0384921007878,0.2115633125331,0.4902412756965,0.4767787041795,0.3770748957278,0.5025422516424,0.4116963491476,0.8649690466861,0.0549303887368,0.4897631378733,0.1696465060658,0.2798899014811,-0.2396355336216,-0.2981493580781,0.6427901562900,0.2193931657608,0.3015971748101,-0.4155070781118,0.0319102860893,-0.1227871008635,-0.2365343017627,0.5559222380991,0.4509504491940,0.3354911032586,-0.0765723404138,0.1950839144125,-0.1115669917937,-0.2814008116444,-0.2503694905666,-0.0205422732653,0.2003242590696,-0.1459056597927,-0.0789769428521,-0.0254678971003,0.3116675337238
