1.0000000000000,0.5704726517349,0.1109131253508,0.2132049595918,0.7456363947257,0.1255203977016,0.1824665015657,-0.0652574646911,0.0369821332371,0.1924667021886,0.3982648071672,0.5037725232835,0.1401619012386,0.3504605937448,0.2748887480961,-0.1914262331530,0.1509329945572,0.1827693914041,0.0050073479451,-0.1953104090846,0.2582965404529,0.0531401078897,0.3476766967144,0.1712093676728,-0.2242834540537,0.1626873118439,-0.1047291241954,-0.3985675158377,-0.2728620328055,-0.3878458910400,-0.1606078693631,-0.1687564805628,0.0340661065350,-0.2180732477391,0.0039951798597,0.0076387203664,-0.0676173095199,-0.4122641258928,-0.1638317216549,-0.3431736918963,-0.2317731621398,0.0751130148449,-0.2616394319661,-0.4507994448620,-0.2673371446210,-0.2061968483855,-0.2050123603210,-0.0519540615552,-0.0808030129145,0.2632282544376,0.7854409321422,0.0640439377120,0.3962790892548,0.1898181660697,0.3106721216706,0.2067825749092,0.1386104514206,-0.0510024071031,0.1027179045330,0.0727958041714,0.3106500350238,0.2852846059838,0.3143309727489,0.0934678050827,0.3257243876737,0.2047874491364,-0.1323237239220,0.0166822360409,0.2614200948961,-0.1175845356907,0.3334671919484,0.3315987195655,0.2408841146067,-0.0566302282908,0.1661189701705,-0.2243827877664,-0.1459598411436,-0.3013776809925,-0.3186535887395,-0.0371223279092,-0.0913227403115,0.0916816037400,-0.3141946741922,-0.2302558965241,-0.2183032631712,-0.2832571206862,0.1006288128542,0.0099283730277,-0.2294215473825,-0.3839630292078,-0.1490662880171,-0.2949674974956,-0.4878292432416,-0.3706147476787,0.0755863222700,-0.0639549234674,-0.0507812620711,0.0234947472862,-0.0795365813821,0.1140646503416
0.5704726517349,1.0000000000000,0.3709282511654,0.1780416289081,0.3662482561499,0.2486740419972,0.0168788827244,-0.0061004734859,-0.0764532708844,0.1610441186445,0.0813331600741,0.1259450091695,0.0645482820717,0.3687219509524,0.2597048145251,-0.1187310428355,0.0700757871383,0.0468178947609,-0.0483410782157,-0.1293704722307,0.0231499940635,0.0143050331454,0.1225131983054,-0.0459865244276,-0.1849584076778,-0.0402753301519,-0.0113939624356,-0.1037612404503,-0.1344365448202,0.0127678667034,-0.0375191268706,0.0330526429831,0.1170762437489,0.0771387811809,-0.0287684654695,-0.0150861616218,0.0196203866865,-0.1194905111135,0.0280902359670,-0.0343719120314,0.0333235950261,0.1295437543214,-0.0371070649017,-0.1192940945839,-0.0135634363279,0.0035221524613,0.0468084107279,0.0805576224199,0.0376060302812,0.1696666189559,0.4069874715226,0.5138147672929,0.1671154888690,0.3260577726821,0.0998835972348,0.0414342186861,-0.0561792803393,-0.0540105044953,-0.1509139974734,-0.1360371824515,0.0595908394738,-0.0041042430360,0.0720423412977,-0.0079387441619,0.2725223353779,-0.0217764732173,-0.0581759045307,-0.0982435824356,-0.0571458769979,-0.1785307961254,-0.0090478451762,0.0501698823726,-0.0392449249198,-0.1233937092802,-0.0880933856601,-0.1623755043078,-0.1341417897608,-0.1592862915821,-0.1622339311002,-0.1149836851950,-0.0284931249905,-0.0425681231295,0.0113343360950,-0.1336736326458,-0.2076947085199,0.0254503396816,0.0265766882556,0.0251154602993,-0.0952032060086,-0.0795403781371,-0.0155167679402,-0.1494037544734,-0.1107665993094,-0.1538596568681,0.0869156587649,-0.0418432404567,-0.0303310110385,-0.1083624789726,0.1208019272835,0.0107351042797
0.1109131253508,0.3709282511654,1.0000000000000,0.2063722340333,0.2390255425275,0.8127196549203,0.1013281396637,0.0364885033820,0.0065458625635,-0.0376905519461,-0.0067164118953,-0.2468866172158,0.0886667697406,-0.0849802001622,0.0581426694327,0.2869200842515,0.0704955470481,0.0224150811090,0.0886781514732,0.1537075044448,-0.1835904014087,-0.1177649799993,-0.1295100480651,-0.1642737253921,0.3604772768288,-0.2033200130014,0.2184130999979,0.2208291157991,-0.0837640082927,0.2322851842799,0.3060850636429,0.3816100234492,0.1561504907947,0.3339100262500,0.2363344738205,0.1260231236270,0.3474949759814,0.3479998223123,0.4443369717924,0.4010098816696,0.2413352644754,0.3251455226883,0.5432940612866,0.4803383860656,0.4931011357546,0.3223386703681,0.2997841674645,0.4552205009143,0.0930659796077,-0.0045543932849,0.0433736427135,0.6169119248749,-0.0105062050804,0.8367737409455,0.3119746993483,0.1160411315737,-0.1882402767040,-0.1108203935742,-0.1009685428105,-0.1469894035220,-0.2434013836979,-0.0802119582245,-0.0606914451594,0.0515918034444,-0.2986591822289,-0.3098988422459,0.2589085986184,-0.0012961147307,-0.3582683491791,0.0298493377999,-0.3797298836760,-0.3626035268359,-0.2846368435206,-0.0567073977462,-0.3503170787890,-0.1226359747069,0.0618971942256,-0.0859727500080,-0.0945385937493,0.0580053504305,-0.0799096671240,-0.1993169173477,0.1150788710652,0.2895642829448,0.0034748366775,0.0214737083751,0.1123271809636,0.1483297415795,0.2968540304982,0.2900608043594,0.3248936361785,0.1602476406061,0.3385982507060,0.1837455338501,0.0641020794607,0.3448739047499,-0.1860253167117,-0.2879986931928,0.1993533206390,-0.1082201992600
0.2132049595918,0.1780416289081,0.2063722340333,1.0000000000000,0.5793003817098,0.2936072928429,0.8604730744691,0.4217826526610,0.5128097183028,0.5501722325948,0.4367771753385,0.2537143461985,0.4048561207326,0.2205528192288,0.6488975512238,0.5123999983928,0.4874518801070,0.3585978314783,0.5707443803326,0.4149796371744,0.3687112736025,0.2913904441425,0.3369668699559,0.5032421393006,0.1947075673949,0.3311612978119,0.4904422268610,0.0916347675684,-0.1633025267104,-0.1580784360331,0.4505603200822,0.3772265935457,0.2740139688038,0.3959899880186,0.4014217217445,0.2002789513682,0.4181564758261,0.2362257645141,0.1905250324824,0.3005209527482,0.1705365592231,0.1349379506680,0.4080381138533,0.2487674638900,-0.0836486892275,0.3786989941302,0.0879251474686,0.1122262473349,0.0835407186565,0.3136187538810,0.2300905952582,0.3196639580064,0.7322804823145,0.1691186887797,0.6150832433143,0.8417892812403,-0.1316089778651,0.0048477028863,0.4323645038316,0.5076628279676,0.2729503629841,0.3930618479041,0.3026707723895,0.2923321695626,0.0574639803687,0.3828898886852,0.5657875849530,0.4810112292431,0.4161794923268,0.4937669123896,0.1611338454440,0.0877634286762,0.3865952862985,0.2901496038079,-0.0275630252398,0.0807101257682,0.1977263077027,-0.3192366592183,-0.3313088447297,0.3279909009137,0.1755447868884,0.1576586772722,-0.3996979019452,0.0649578036183,-0.4532815779001,0.0590954169845,0.2152602060206,0.3406855618544,0.1204192705260,0.1391366801012,0.1455946193234,0.1264978839127,0.2989110004140,-0.0028550151719,-0.0621764205104,0.0859844937271,-0.1320635539887,0.0236415737393,0.0071145468879,0.2077907432476
0.7456363947257,0.3662482561499,0.2390255425275,0.5793003817098,1.0000000000000,0.4329417238402,0.5417896850375,0.2550509309446,0.3543450212657,0.4800708318101,0.6468420836084,0.5170439789916,0.4031890225324,0.3193644567204,0.4859671619573,0.1998537306913,0.4767525159226,0.4654583476559,0.3481787643076,0.1869407901483,0.3937493516925,0.2193632916269,0.5097145674591,0.4352713638769,0.0856223693174,0.2588252389359,0.2531474399174,-0.1786178726766,-0.2615657039490,-0.2862332875844,0.2443537728527,0.1232677237510,0.3089891292762,0.0229291941911,0.2056432227697,0.0209042399457,0.2265344080830,-0.0962369093596,0.0080536274665,-0.0891679154762,-0.0782955683265,0.1734008088615,0.0880230023916,-0.1059579280238,-0.1030345395479,0.0815856492271,-0.0052025725187,0.1024524375962,0.1028324633500,0.3156988986819,0.7011586390242,0.1396417094882,0.5531112938982,0.3093172170564,0.7074146847549,0.5104373531875,0.1464844666944,0.0447454695119,0.3895669709912,0.3699784407313,0.4137286575167,0.5411227282196,0.4758962712093,0.2979405233228,0.1762098958467,0.2413496197933,0.1338390728934,0.3778553928546,0.3329727872563,0.2718618324881,0.3236980756580,0.3555704274746,0.4292261913622,0.1641285227907,0.0515783267884,-0.1331228506565,0.0442053814472,-0.3465253876247,-0.3453353649712,0.2621671621945,0.0211997013949,0.2311786782933,-0.4320747769941,-0.1640334962130,-0.2819129103932,-0.1901292405003,0.1836387368918,0.1066626132983,-0.1197581548341,-0.1538972803455,-0.0050155082701,-0.1728607762667,-0.1487434761686,-0.2438311889244,0.0018629257184,0.0748625533925,-0.0181592689382,0.0324102272388,-0.0093637088978,0.1245593596762
0.1255203977016,0.2486740419972,0.8127196549203,0.2936072928429,0.4329417238402,1.0000000000000,0.2682193218080,0.1049423866149,0.0961895316255,0.1402446351695,0.1587600619777,-0.0728521874450,0.2792186684791,-0.1249355458785,0.1933444418434,0.3589582554383,0.2580634917140,0.2768965068376,0.1785490647899,0.1880821840566,-0.0911177557740,-0.1008918157829,-0.0764095615720,-0.0247481626190,0.3719391418749,-0.1879482559030,0.2304225610397,0.1414128722549,-0.1197492841801,0.1605747537736,0.4066666379212,0.3357639907993,0.1731343175913,0.2233702558511,0.3142484144277,0.0797994302682,0.4535504816831,0.3532955486967,0.5222713557040,0.3786317762310,0.1482029034418,0.3000843637929,0.5744338835142,0.4244954634889,0.4259609553575,0.2050733097458,0.2162780749457,0.5916679397627,0.1626905083211,0.0631151980407,0.1674255827706,0.3986720419626,0.1177951218802,0.8415238934340,0.5978945604750,0.2389638600440,-0.0266772988180,-0.0356392560405,0.0884814985200,-0.0159206680356,-0.0030076804843,0.1349411836096,0.1378004588889,0.2605441251129,-0.2596807251138,-0.1740907984014,0.2396741587645,0.2526822559604,-0.2559428352439,0.1214594735846,-0.2441623089448,-0.2528772613594,-0.1117260388769,-0.0382957083362,-0.3854857148740,-0.1820531068239,0.0461006549550,-0.1203710122391,-0.1022352560252,0.2070684480888,-0.1455922720185,-0.0860982806607,0.0226958936912,0.2668198574333,-0.0343126791668,-0.1197177655066,0.2087469305648,0.1802930425113,0.3284602910315,0.2456526156050,0.4145306058091,0.1253001177160,0.2688336644662,0.0346902513113,-0.0671640559295,0.4702027421782,-0.1008832722258,-0.1625438496019,0.1992600947459,-0.0115312773554
0.1824665015657,0.0168788827244,0.1013281396637,0.8604730744691,0.5417896850375,0.2682193218080,1.0000000000000,0.3951267475097,0.4819914632010,0.4842567339750,0.3697990053746,0.2543960713541,0.3956985507768,0.1861373132950,0.4922864518232,0.5690376632982,0.4214664709467,0.3481962328327,0.5357469298294,0.3600976486694,0.3183023083157,0.2589024562783,0.2460885023377,0.4110156013648,0.1552474943740,0.2523709392455,0.3477597249682,0.0704160488033,-0.0978067332009,-0.0754708525294,0.4293718175918,0.3431090762812,0.2056199131992,0.2829030866408,0.5232182636447,0.2400493313221,0.3119981407190,0.1825072210872,0.1423823147017,0.1834222889891,0.0891014089670,0.1159199244388,0.2684094653130,0.1435556923516,-0.0738602485861,0.2882801333180,0.0377022413207,0.1084229737853,0.0455271207720,0.2661315737888,0.2387342398415,0.1902271113103,0.6958155356420,0.1486320381027,0.6036867755475,0.8415863027097,-0.0001318576951,0.1178630202062,0.4951752815886,0.5249971213638,0.3052944573618,0.3698302886218,0.2851658881505,0.3500781544444,0.0736099535878,0.3393042252471,0.6173258670229,0.4980279305063,0.4577600783580,0.4405153297293,0.1959760002589,0.0855037146959,0.3838682595214,0.2565714168960,0.0060421417922,0.0548603466031,0.1281554601820,-0.2765150871324,-0.2182525232415,0.3573638730970,0.1279769610694,0.2001212809992,-0.3354565853886,0.0615843648816,-0.2453589724856,0.0353784181572,0.1203189414654,0.3430042233030,0.0330562189088,0.1351783910102,0.0548765310698,0.0410184176451,0.1897120014108,-0.0196009294210,-0.1446302099156,0.0938512357495,-0.1157345208429,0.0754712939905,-0.0752588368582,0.1732093710670
-0.0652574646911,-0.0061004734859,0.0364885033820,0.4217826526610,0.2550509309446,0.1049423866149,0.3951267475097,1.0000000000000,0.8034407219870,0.5778501573541,0.3601818802247,0.1193643377281,0.5038611428676,0.2186796544437,0.2932712020418,0.5618863420171,0.6450284828358,0.2254623785136,0.7494151854760,0.7105558850214,0.5520313034612,0.5776505571444,0.3206790983570,0.4698555609450,0.3274922821167,0.2550976000916,0.4628748240233,0.4973719979263,0.2574053302289,0.1447361902457,0.4849045079475,0.3841815081814,0.5246904287902,0.5229158513298,0.1507126748164,-0.0237258592554,0.2553537154787,0.2554567941929,-0.0850485656899,0.1988797067120,0.2509876029485,-0.2033456865451,0.1559890824200,0.3327086520441,0.0168306239553,0.5845343384393,0.1920078617550,-0.0855214454051,0.1849484206872,0.0137678707169,-0.0612267969425,0.2841586459170,0.1120091119743,-0.0936020698088,0.2993012060804,0.3056121403977,0.1274332988122,0.6694155346330,0.4685867562629,0.6864827828875,0.1522731405630,0.3513768638666,0.2511485948244,0.3235306470277,-0.1039143302007,-0.1215465200871,0.3763575712868,0.4546417997658,0.2771610190884,0.4762791114922,0.2642832576869,0.1448329514870,0.4152789248833,0.6284072207336,0.1046628418537,0.1190442722926,-0.0940161239754,-0.0242650625076,0.1090916847553,0.2515161016383,0.2371035757122,0.3387071901982,-0.3868020549584,-0.3223525460521,-0.0369430926252,0.2037632149273,-0.0608566895317,-0.0305236449602,-0.2358141963655,0.2201807686761,-0.1155285494042,-0.0847111562411,0.4476933127031,0.2500760347745,0.0313541787402,-0.1189721815488,0.0658100417922,0.0139732588509,-0.2459456620436,-0.2210441086974
0.0369821332371,-0.0764532708844,0.0065458625635,0.5128097183028,0.3543450212657,0.0961895316255,0.4819914632010,0.8034407219870,1.0000000000000,0.5505953293050,0.4612618326289,0.2425822408209,0.4867633993545,0.1891919078400,0.3415518550529,0.6449527801030,0.6407053796517,0.3304222685652,0.8775849416328,0.7473538848610,0.5981254361153,0.4505870502484,0.4136541338133,0.6254177948697,0.4871721038779,0.3819298158839,0.5121289645927,0.2440233328468,0.0636530685328,-0.0221303151893,0.5833840007767,0.4229142249697,0.5375603481382,0.4092352587453,0.2071234070678,0.1176788538527,0.2905847145273,0.1655743888496,-0.0807458979772,0.1144143051836,0.1445260104057,-0.0423583200466,0.2085681298910,0.2306239487399,-0.0263350205903,0.4983016241778,0.1720683494140,-0.1463170873625,-0.0343782059412,0.1878035436674,0.0792465074636,0.1705461366896,0.2774427374272,-0.0490481258410,0.3504403984199,0.4724324363884,0.2563336546105,0.4482473364251,0.6741522428069,0.9034574852202,0.3029149229897,0.4486825218179,0.3424933308664,0.3455418724653,-0.0692269406887,0.0574777183453,0.4725661919544,0.5532264204250,0.5533225735526,0.6579798512632,0.3818473730315,0.1902736148817,0.6197584426096,0.6828339392200,0.2486957993940,0.0883763659795,0.1087021981485,-0.2052784186777,-0.1046546682497,0.5015428502384,0.3064697088159,0.4674334196023,-0.4195845038010,-0.1958932147719,-0.0798992519337,0.1811193161443,0.0686451254171,0.0668630726184,-0.1173834387926,0.1250321865721,-0.1190228054757,-0.0849740349815,0.2924828249963,0.1771405813977,0.0657217743773,-0.1493540919005,-0.1443751515069,0.0098085353633,-0.1169071360976,0.0257663150711
0.1924667021886,0.1610441186445,-0.0376905519461,0.5501722325948,0.4800708318101,0.1402446351695,0.4842567339750,0.5778501573541,0.5505953293050,1.0000000000000,0.5405304072277,0.5442238748530,0.5849055429566,0.4465652986561,0.6482085762018,0.3458895873177,0.5414628079799,0.3528513028158,0.5061240419292,0.3135715591958,0.6092550945024,0.6870304709234,0.4928951116217,0.5203044736929,0.0509561878400,0.3809997061059,0.4992485008176,0.1592472779741,-0.0027894592593,-0.0364909372928,0.3891153295130,0.3824677952619,0.4607206689899,0.3440052874233,0.1761521486360,0.0351888899439,0.3208285339514,0.0964710549891,-0.0521041051095,0.1346583560788,0.1554301769635,0.0435012934147,0.1065344478481,0.0538666349788,-0.1178934497799,0.4103536380367,0.2125687770676,0.0018825992381,0.2370136485857,0.4825531509787,0.1888161963179,0.1062779501627,0.3886159913498,-0.0622052470143,0.4359129262274,0.3638985135905,0.0718794529220,0.3710519934817,0.3786178179562,0.5265243541875,0.6473279425711,0.5600328771064,0.5495136013889,0.4066965979261,0.1762524042468,0.1672350897490,0.2571569489372,0.4146776475176,0.4018708463504,0.2796149378071,0.3963346801687,0.4608055727726,0.4922105149665,0.3659297508470,0.1611056516019,0.0470536282094,0.0506852465606,-0.2640683488555,-0.1064830567319,0.2167878656875,0.3210071576673,0.3415582089202,-0.4276617062580,-0.2885474327940,-0.2333418042317,0.1154107233623,0.1716825497448,0.1063862730184,-0.1869991940101,0.0001856856568,-0.0727616462751,-0.1390185650228,0.1326959068078,0.0263295653879,0.1196122481358,0.0025965979778,0.0745243259460,0.2175884887659,-0.0863005431834,0.1096319665512
0.3982648071672,0.0813331600741,-0.0067164118953,0.4367771753385,0.6468420836084,0.1587600619777,0.3697990053746,0.3601818802247,0.4612618326289,0.5405304072277,1.0000000000000,0.6731825020546,0.5015356254359,0.2375512939474,0.5055827568248,0.2208279832929,0.5730102146532,0.5997258053806,0.3897940057533,0.2861846624017,0.5532002551406,0.3580472112591,0.7069297811227,0.6790354366501,0.1397272590059,0.4513124847328,0.4167763685512,-0.1896150741591,-0.2117122628108,-0.3574852409072,0.3346851922589,0.1721159037436,0.4667509187137,-0.0105253080607,0.1615589341225,-0.0404643015008,0.3130967333058,0.0076957715131,-0.0150784273518,-0.1227846089713,-0.0706316002716,0.1385708908043,0.0794716934241,-0.0295373056642,-0.0608718054726,0.1124736910829,0.0337942870630,-0.0333003065483,-0.0001105809728,0.3377299180310,0.4139448436568,-0.0959462816186,0.4328324919676,-0.0110980580978,0.5212777633183,0.3410582513017,0.2435026967142,0.0646749415192,0.4985715763280,0.5382883503717,0.4427665939856,0.7750834428249,0.6521990099924,0.3339965990008,0.1409128028926,0.2453006582795,0.0435000635517,0.5199157186913,0.3864189716562,0.4329584621322,0.5327836467968,0.5489492361796,0.6417661074694,0.3129490910827,0.1731992496510,-0.0153454731634,0.1624412467671,-0.3773983700102,-0.3397470789033,0.3588399500641,0.1590279434439,0.3906337355011,-0.5517717748015,-0.2034781063073,-0.1751702008656,-0.1686482583199,0.2569347466764,0.0396852768106,-0.1662950769277,-0.1635050574745,-0.0074227219957,-0.2104967878424,-0.1088093980901,-0.2395833834567,-0.0402448511467,0.0447354359327,-0.1027329863488,-0.0733499317690,-0.0793176015873,0.2008609872804
0.5037725232835,0.1259450091695,-0.2468866172158,0.2537143461985,0.5170439789916,-0.0728521874450,0.2543960713541,0.1193643377281,0.2425822408209,0.5442238748530,0.6731825020546,1.0000000000000,0.5010078548785,0.3125688601304,0.4511118908641,-0.0731042434733,0.3825248912268,0.4399734025377,0.1504343860755,-0.0393197741260,0.5274370563719,0.3495376766894,0.5999184775101,0.4750285096228,-0.1950190081768,0.4322692669156,0.1115864520895,-0.3866306090594,-0.2406851862072,-0.4592258644127,0.0209025617371,-0.0573884191817,0.1542234232691,-0.2005630775506,0.0606525065615,0.0091607470755,0.1196585105747,-0.2949366341782,-0.1577004582686,-0.2627343909799,-0.1865806421819,-0.0270136570783,-0.2584842596949,-0.4273791683643,-0.4108950389150,-0.1322676085958,-0.1727278771490,-0.1287034292199,-0.1086582618151,0.3659498163771,0.5083768896393,-0.2308925532887,0.4476912382047,-0.1296450107619,0.3289540768276,0.2416524173653,0.3685343827689,0.0198240811009,0.2621319029061,0.3311446869713,0.7165875357762,0.6039508739603,0.7530239876095,0.3998155333188,0.3970536169750,0.3832578559486,-0.0770952609192,0.3212084178256,0.4574000913866,0.0913122434007,0.6161931420206,0.7216674319082,0.5500773937139,0.1101954526585,0.2822209348468,-0.0898916703573,0.0462104348434,-0.3245647766606,-0.3321270866741,0.1686342858368,0.1276201405796,0.4080811468849,-0.4084140654973,-0.2539037939874,-0.2540671421742,-0.2097431327154,0.2855579525623,0.0575791953693,-0.2250161712534,-0.3897040379557,-0.1352890223658,-0.2036232475079,-0.4474337073281,-0.2612340455281,0.0742638308817,-0.0342763413951,-0.0546195264467,0.2177644166597,-0.0490287769142,0.2709898547174
0.1401619012386,0.0645482820717,0.0886667697406,0.4048561207326,0.4031890225324,0.2792186684791,0.3956985507768,0.5038611428676,0.4867633993545,0.5849055429566,0.5015356254359,0.5010078548785,1.0000000000000,0.0369159506879,0.3651529064634,0.3464916385486,0.7410239162194,0.3152026340808,0.5102617584039,0.3948726574677,0.4934947183402,0.3327168892916,0.3695959087913,0.3982960166348,0.2029016667084,0.2502055554809,0.3811997929108,-0.0300696719565,-0.1906041411055,-0.2516225711394,0.3681530463284,0.2295039831732,0.4749219149960,0.2624095086545,0.2344643628579,0.0563231376813,0.3399452145000,0.1146119112806,0.1109615122997,0.0874374319863,-0.0347941239887,-0.0168494730975,0.1815214696766,0.1749551859721,-0.0583551487397,0.2050328166037,0.0452753375952,0.0916095972890,-0.0627446877572,0.1901009526576,0.2243744453803,0.0881917844492,0.2774834864813,0.1277161611787,0.4413173688657,0.3308884324637,0.3782796267729,0.2443375778306,0.3317821172451,0.4547486824622,0.4983266011722,0.5253649027466,0.7390567572950,0.8692715935850,-0.0525556109220,0.0895880830554,0.2319679399460,0.6074296729522,0.2742881824313,0.3603977315867,0.3673749079861,0.3038380491086,0.3811630061981,0.3743433905725,0.0052925060011,-0.0044750936394,-0.0165016168133,-0.3346391369527,-0.2978446873940,0.3147225975758,0.1072328845737,0.4882743219989,-0.4448110586965,-0.1310361453911,-0.1944621469904,-0.0856455199733,0.2053752668380,0.1204884803449,-0.0382083598882,-0.0024800476794,0.0603238306968,-0.1412616236312,0.1394945210625,-0.1251336959426,0.0431639449181,0.0657158640553,-0.1698339902439,-0.0590458731412,-0.0169376968567,0.1244757742823
0.3504605937448,0.3687219509524,-0.0849802001622,0.2205528192288,0.3193644567204,-0.1249355458785,0.1861373132950,0.2186796544437,0.1891919078400,0.4465652986561,0.2375512939474,0.3125688601304,0.0369159506879,1.0000000000000,0.4231257536448,0.1296019395195,0.1952506040205,0.1028818082568,0.1895159804953,0.0621152173306,0.4013467479804,0.4471353181792,0.3802448998680,0.3207688220489,-0.2553107466815,0.3384325204436,0.1703028941511,0.0237127705071,0.0632368286255,0.0857850650366,0.0982627239244,0.2395364469879,0.2893595817435,0.1013295351439,0.0925318804847,0.1972548406991,0.0147159059611,-0.0632742254566,-0.3104345797697,-0.1847420549073,-0.0499394240519,-0.0539712642513,-0.2443550545934,-0.2845881164403,-0.1952000224487,0.2171301076524,0.1774517628262,-0.1453928378252,0.3003836711185,0.3621402829782,0.2427367639557,0.1545706988338,0.2026500266380,-0.1515163088857,0.0919127830554,0.0923604246157,-0.1031205006403,0.1921769848921,0.0885270794376,0.2123090174421,0.2959353326335,0.2805936461718,0.2052829944375,-0.0272171977562,0.4258930661098,0.2537917495940,0.1263804636991,0.0004905257398,0.3647395144379,-0.0191712360211,0.3243142013271,0.4446141398693,0.3094280820556,0.1206509951502,0.3388769252322,0.0761162027010,0.0021243436046,-0.1830467345169,-0.0286773770280,0.0157534622604,0.4205770561830,0.1622136873616,-0.1814160701451,-0.2983128087802,-0.1134962823513,0.0863799068822,-0.0223028409248,0.1032169846680,-0.3608328633273,-0.0273821077768,-0.2921331828976,-0.3180189695102,-0.1759289858972,-0.0012713672476,0.0913853630523,-0.1290182897100,0.1843338726690,0.1429247972261,-0.1752691848809,0.0766668563431
0.2748887480961,0.2597048145251,0.0581426694327,0.6488975512238,0.4859671619573,0.1933444418434,0.4922864518232,0.2932712020418,0.3415518550529,0.6482085762018,0.5055827568248,0.4511118908641,0.3651529064634,0.4231257536448,1.0000000000000,0.2602413714918,0.4854389913934,0.4211740974111,0.3151492044287,0.1825888232276,0.5440648556040,0.3747942003258,0.4258334161986,0.6124313583413,-0.0543803013776,0.3864944189079,0.4266773470774,-0.0035432812844,-0.1220120923335,-0.2112655148908,0.2707528464746,0.1899234646994,0.2839352439128,0.1752834799875,0.3177585382194,0.2463854098317,0.4863866187254,0.2045543608867,0.2710891896295,0.1694631235790,0.0830054966357,0.1027532266232,0.3114303809044,0.0397169672763,-0.0647652742028,0.1724173797605,0.0658557452656,0.2610867861548,0.1663242893955,0.6283577081045,0.1676659491368,0.0363363075785,0.4499431253256,0.1038592130435,0.5039424614480,0.3832453819357,-0.0361342795299,0.0221498299912,0.2796995575168,0.3350604461237,0.3800220049271,0.4717919430684,0.3772479630043,0.2254669408498,0.1282537732957,0.4787845937359,0.2222696432070,0.3628971617338,0.4341294470786,0.2358115463448,0.3672163691145,0.3275723288167,0.4798156453332,0.2164531530030,0.1102487695053,0.1531064588655,0.1056877683165,-0.3054216904963,-0.2901885283965,0.1509928452503,0.1892628572729,0.2154017020309,-0.4510682793533,-0.0001855126105,-0.3221785694499,-0.1033444839825,0.3661453292772,0.3767290805302,0.1118103710977,0.0228537749282,0.3037595376449,-0.0380834815068,0.1127900624293,-0.1730222994951,0.0320131927595,0.2734960754154,-0.0770488387279,0.0514542435330,-0.0696532773692,0.3819066592104
-0.1914262331530,-0.1187310428355,0.2869200842515,0.5123999983928,0.1998537306913,0.3589582554383,0.5690376632982,0.5618863420171,0.6449527801030,0.3458895873177,0.2208279832929,-0.0731042434733,0.3464916385486,0.1296019395195,0.2602413714918,1.0000000000000,0.4893611333467,0.2196020036042,0.7308333612603,0.7046040974066,0.3139036399920,0.2470223605690,0.1097569243267,0.3258577334616,0.4593543038339,0.1376126344129,0.4011763660947,0.3104147107069,0.0249876669065,0.2771285318741,0.7933766261294,0.6487109594008,0.4404341194433,0.4810110679678,0.5903816556219,0.3731598277028,0.4219087316809,0.5322422345146,0.2652016205445,0.2715036203865,0.1030460653043,-0.0077242497222,0.4990031815361,0.3922078748943,0.2405156750910,0.4811488855959,0.2466619225830,0.1783703942506,0.1171652974566,0.0612957833328,-0.1055083036606,0.2829256881812,0.1284402889489,0.1910782228977,0.4534898589462,0.4215068190457,-0.0344046211076,0.3017747236384,0.5459049571887,0.5611358901994,0.0172472949536,0.2559241628645,0.1589402118854,0.2935864641388,-0.2465305902356,0.0064792960330,0.7811574818296,0.4785575695319,0.2625598242855,0.5899497628727,0.0628848171533,-0.1283767497825,0.2619242622149,0.4037206951706,0.1050057653894,0.1432892479184,0.1621550506945,-0.2048808808740,-0.0395797632874,0.5914555174882,0.3193842794053,0.2449602955766,-0.1263739053184,0.2167058387158,0.1713412836662,0.2150778497098,0.0815026401504,0.3373656884378,0.1198374540941,0.5402275043534,0.1399156416176,-0.0287590056701,0.4217144956772,0.1674175590856,-0.1966781524128,0.1812970792339,-0.0968173262958,-0.1145045436285,-0.0514935421192,-0.0177643819881
0.1509329945572,0.0700757871383,0.0704955470481,0.4874518801070,0.4767525159226,0.2580634917140,0.4214664709467,0.6450284828358,0.6407053796517,0.5414628079799,0.5730102146532,0.3825248912268,0.7410239162194,0.1952506040205,0.4854389913934,0.4893611333467,1.0000000000000,0.5072833473356,0.6791215806427,0.6748170725420,0.7094484457697,0.3275748003885,0.4746673636899,0.6005476567674,0.2865474158086,0.3539968465290,0.4828917291661,0.0297576243105,-0.1689342784806,-0.2269995980232,0.5327526293216,0.2866423389703,0.6570096846966,0.2222950615370,0.2097855617983,0.0946178572186,0.3507776924921,0.1523688438998,0.0441093687950,0.0527054218296,-0.0652532538457,-0.1113733956899,0.1967113268206,0.1619880002912,-0.0713886391011,0.2510767196878,0.0509006657126,0.0005804212127,-0.0406894715976,0.2178259605088,0.2547978391181,0.1237329430408,0.2825689177912,0.1062260738053,0.5385672619727,0.3880054026097,0.2686570210763,0.2512725853137,0.4638235263678,0.5529038386375,0.3832512001090,0.5713675748671,0.5640110479485,0.5741928772171,-0.0499786865708,0.1600861064636,0.2722989861430,0.7377135250288,0.3985610486086,0.5517318551334,0.4595244066157,0.3229211736787,0.5042669526724,0.5092190717555,0.1738887843804,0.0141849642666,0.0690238586338,-0.3202018675130,-0.2887974399646,0.5298887906276,0.2128038849227,0.6248251856322,-0.4600843313514,-0.2038574985230,-0.1677786766991,-0.0876055920980,0.2029427919235,0.0744396537955,-0.0757999267210,0.0751712514924,0.0298087566806,-0.1976689980263,0.1618295951879,-0.0847178544700,0.0023510878301,-0.0255951063439,-0.1431990039104,-0.0355050409249,-0.0862634216699,0.1162568757039
0.1827693914041,0.0468178947609,0.0224150811090,0.3585978314783,0.4654583476559,0.2768965068376,0.3481962328327,0.2254623785136,0.3304222685652,0.3528513028158,0.5997258053806,0.4399734025377,0.3152026340808,0.1028818082568,0.4211740974111,0.2196020036042,0.5072833473356,1.0000000000000,0.2102886175889,0.2828691612338,0.2885619267679,0.1151015459237,0.3419741173928,0.5815654318070,0.1815404727578,0.1646070153953,0.3059015197170,-0.1938544559587,-0.1534317083380,-0.2112879366975,0.3955608890267,0.0515789056281,0.2609861240279,-0.1812333956656,0.2161608306441,-0.0236236279286,0.3522374767324,0.0401068950282,0.1936033495120,-0.0255447692029,-0.0633631686173,0.1969306171310,0.1345075079359,-0.0025578953918,0.0065047490441,-0.0998680621747,0.0117829880033,0.1180193993683,0.0234004305509,0.2812809858522,0.3125366851660,-0.1526801184396,0.3381293172184,0.1636733719990,0.5239192066363,0.3287115655810,0.2499807115167,0.0324976840848,0.5059326945025,0.3466105903482,0.3686744285115,0.5868879592241,0.3907775491957,0.2345089464533,0.1586029697165,0.1816490041028,0.0726462244210,0.5665193684855,0.2986620330761,0.3954245417450,0.2471362820173,0.3553567286206,0.5066104632287,0.1672250794048,0.0243426280348,-0.1077138565999,0.2232540532901,-0.2281275033706,-0.2335069794065,0.5143648811442,0.0168691927708,0.2630791827985,-0.2458287374991,-0.0351463353385,-0.0714508575943,-0.1768100579509,0.3050526010101,0.1125399097467,0.0080236357944,-0.0313902581826,0.1938631517879,-0.0892180469249,-0.1078792532437,-0.1973400050976,-0.1264704836477,0.1399194048005,0.0006300450998,0.1065585206383,0.0608092481268,0.1911075869311
0.0050073479451,-0.0483410782157,0.0886781514732,0.5707443803326,0.3481787643076,0.1785490647899,0.5357469298294,0.7494151854760,0.8775849416328,0.5061240419292,0.3897940057533,0.1504343860755,0.5102617584039,0.1895159804953,0.3151492044287,0.7308333612603,0.6791215806427,0.2102886175889,1.0000000000000,0.7534797833037,0.5880922337576,0.4085813809273,0.3546874094401,0.5156073819191,0.4364590280689,0.3744299702034,0.4980523596919,0.2651213727020,-0.0208031050593,0.0183159915497,0.6407642153797,0.5042504042673,0.5119583769202,0.5145979605407,0.2552997790478,0.1678257111908,0.2959369693377,0.2669470021829,-0.0343220576062,0.1624940415015,0.1205925843221,-0.1163279431088,0.2796031261601,0.2844628040979,-0.0449228192650,0.5572511617014,0.1647206652734,-0.1161396004256,0.0209208868837,0.1029333001853,0.0703069449405,0.2745564678875,0.2889223737651,0.0062520695118,0.4015078341622,0.5069228380076,0.0895886789203,0.3181625272559,0.5906659445289,0.8018039133448,0.2026779309481,0.3663015216755,0.3362817993239,0.3819770182154,-0.1600684576010,0.0872132179889,0.5679482634038,0.5467442137811,0.5119093673282,0.6359492134383,0.3420550540930,0.0979867572048,0.4764993762164,0.6373980342459,0.2147150104233,0.1275035315591,0.0649464906480,-0.2363790855208,-0.1472212495327,0.5105118420647,0.3181942839605,0.4358175559924,-0.3755367870935,-0.1357995330325,-0.1252485024263,0.2155267457522,0.0575296617478,0.1307828300827,-0.0581224208394,0.2486188417459,-0.0937324272461,-0.0787863148304,0.3724562057236,0.1997174429268,0.0144125401009,-0.1252176889529,-0.1701203967249,-0.0368710700303,-0.1208254139493,0.0218515923800
-0.1953104090846,-0.1293704722307,0.1537075044448,0.4149796371744,0.1869407901483,0.1880821840566,0.3600976486694,0.7105558850214,0.7473538848610,0.3135715591958,0.2861846624017,-0.0393197741260,0.3948726574677,0.0621152173306,0.1825888232276,0.7046040974066,0.6748170725420,0.2828691612338,0.7534797833037,1.0000000000000,0.4353905540235,0.2561406199439,0.2646804276881,0.4996149625354,0.6131224141071,0.3101574397538,0.5387860349807,0.3366681937807,0.0372147961890,0.0600221135409,0.6652568722393,0.4373532100927,0.6167990367889,0.4390144442094,0.2479467438395,0.2545666845690,0.3011752946253,0.4013413703525,0.0293607244718,0.2538588085858,0.1411222204111,-0.1578133153981,0.2991768055657,0.4365782013771,0.0875656171389,0.4903957467154,0.1681015487890,-0.0302915138993,0.0682861612567,-0.0416871663545,-0.1064662556403,0.2603329143654,0.0632922064604,0.0423554053040,0.3328837828868,0.3584529791555,0.1536595012545,0.3024023777714,0.4460172443589,0.5972428451454,0.0490996092144,0.2875402335480,0.1725878079864,0.2270838509360,-0.2407339916517,0.0089699666150,0.4484622580810,0.5163074430651,0.2920138866950,0.7743914163071,0.1043495107802,0.0086229248566,0.3703542691555,0.6755927137222,0.0928340018874,0.1165486797594,0.2153059876828,-0.1148893093987,-0.0875177965341,0.5743951757715,0.2212735205052,0.4478409340763,-0.2713033679153,-0.0488919201419,-0.0389567205772,0.1513409211953,0.0250131849756,0.0871524537102,-0.0492723202119,0.3734368810803,-0.0014663247362,0.0403257681160,0.4424051630552,0.2088516641114,-0.0589444835623,-0.0716688647933,-0.0539349695326,-0.0643167932294,-0.1434828116432,-0.0873591943657
0.2582965404529,0.0231499940635,-0.1835904014087,0.3687112736025,0.3937493516925,-0.0911177557740,0.3183023083157,0.5520313034612,0.5981254361153,0.6092550945024,0.5532002551406,0.5274370563719,0.4934947183402,0.4013467479804,0.5440648556040,0.3139036399920,0.7094484457697,0.2885619267679,0.5880922337576,0.4353905540235,1.0000000000000,0.5291701774271,0.5948324785614,0.6689952189729,0.0294707450796,0.5917022027964,0.4667691625819,-0.0431114499974,-0.0717831140155,-0.2475159829728,0.3040889086010,0.2442705021980,0.5055312071902,0.1989987317225,0.1091447163502,0.1071416511773,0.2392230748964,-0.0613227860958,-0.2496675203789,-0.1356189487289,-0.1479005795047,-0.2206236256933,-0.0707205281684,-0.1179607115998,-0.2925984158766,0.3128333991437,0.0432487996080,-0.1804998144992,-0.0067674051483,0.4158959831641,0.2233284067784,-0.0018932885877,0.2536445802386,-0.1788986145307,0.3001519763958,0.2414299128700,0.1721755849896,0.2695011300126,0.3907785925938,0.5719119805650,0.4568121466566,0.5683561722129,0.5624041961106,0.3634926377032,0.0743664474684,0.3171757728584,0.1786549166876,0.4975088245896,0.5618717968554,0.3953847268718,0.7752671084550,0.6014199973533,0.6594488559437,0.5754850253549,0.5417703554981,0.1831792438973,0.0888441622177,-0.3557103256092,-0.2250067377061,0.2762971477298,0.4288783019041,0.6265350141245,-0.5512452890054,-0.4165198446469,-0.1484225059709,0.0477016337226,0.2693292217552,0.0791142378806,-0.2326144014759,-0.0584575075153,-0.2259555890823,-0.3184696271687,0.0076090260158,0.0050640883885,0.1995128626464,-0.1163630402781,-0.1185936524157,0.0444698094868,-0.1903542624015,0.2519436963075
0.0531401078897,0.0143050331454,-0.1177649799993,0.2913904441425,0.2193632916269,-0.1008918157829,0.2589024562783,0.5776505571444,0.4505870502484,0.6870304709234,0.3580472112591,0.3495376766894,0.3327168892916,0.4471353181792,0.3747942003258,0.2470223605690,0.3275748003885,0.1151015459237,0.4085813809273,0.2561406199439,0.5291701774271,1.0000000000000,0.4853242430928,0.4088385948626,-0.0332240393753,0.4007414868856,0.3584486378052,0.4162253341680,0.3901724925096,0.0876327468682,0.1904728813161,0.2627472970577,0.3192965168444,0.4153240835102,0.1073061961191,-0.0377503771465,0.1746134885625,0.0303609163871,-0.2265494858885,0.1572385302726,0.3702962181462,-0.1926262868703,-0.0707443084558,0.0259794806029,-0.2124211121638,0.5887858452298,0.2524744066578,-0.0998162308477,0.4479374234849,0.2102866770749,-0.0721671765774,0.1461578652310,0.1545225722328,-0.2492230924657,0.1634111265478,0.1312431220049,-0.0728504775174,0.4519109895573,0.2677337939868,0.4376222532082,0.3457091088478,0.3654318876129,0.3249211667315,0.1697078185426,0.1363984712912,0.1069197918265,0.1504660460817,0.1330489564326,0.2653676741993,0.2079365242244,0.3896342915767,0.5150631874027,0.4137154695234,0.4022467554898,0.2637996698488,0.1605232216498,-0.0688830896674,-0.0116392953463,0.2128701225536,0.0050276073176,0.3097197270161,0.1945925679617,-0.3514463406062,-0.3554191207688,-0.1946324525946,0.2396043975428,0.0439222242800,0.0582530815259,-0.2622678950635,0.0065891866107,-0.2053584766332,-0.0224640566186,0.1933791920338,0.2637615140370,0.2161034858163,-0.0760864360925,0.2997578072527,0.3726117959412,-0.2583424641742,-0.0198976738418
0.3476766967144,0.1225131983054,-0.1295100480651,0.3369668699559,0.5097145674591,-0.0764095615720,0.2460885023377,0.3206790983570,0.4136541338133,0.4928951116217,0.7069297811227,0.5999184775101,0.3695959087913,0.3802448998680,0.4258334161986,0.1097569243267,0.4746673636899,0.3419741173928,0.3546874094401,0.2646804276881,0.5948324785614,0.4853242430928,1.0000000000000,0.5749844866085,0.0319962859263,0.6495075469310,0.4469548501130,-0.1357487846208,-0.1481377542902,-0.3597365412436,0.1712856886814,0.2061753664892,0.5424826770438,0.1021340584593,-0.0421045154023,-0.0791213231241,0.1099452026786,-0.1100738924631,-0.3098659750076,-0.1572647172972,-0.0307179675444,-0.0155477898692,-0.1215282579307,-0.1132032138013,-0.2292643513507,0.2665504017797,0.1397140616007,-0.2444669769034,0.0260011129753,0.3127740729827,0.3237091244467,-0.0077962661562,0.3510969096569,-0.1820741855689,0.2783241729287,0.2569733950656,0.1406646635035,0.0401039342280,0.3121821908769,0.4543116192214,0.3979889000132,0.5847076954950,0.5101227550485,0.1734673419038,0.2318669549680,0.3069319729412,-0.0630334661615,0.2973186516253,0.3588571296683,0.3553645453982,0.5486033198402,0.6932729939450,0.6007764386817,0.3939047813477,0.3270729815708,0.0522441232223,0.2262906094916,-0.3721839655294,-0.3203507851736,0.1877723527725,0.2847337008916,0.4743695882216,-0.5606552560520,-0.3776415632946,-0.3163113974778,0.0068089683373,0.1398710300149,-0.0915008600338,-0.2819239507577,-0.1760972948642,-0.2675081839612,-0.1818032603382,-0.1034492370783,-0.1202559582283,0.1692090770695,-0.1616552672955,-0.0427580084058,-0.0283235335272,-0.1257684296284,0.2101185980503
0.1712093676728,-0.0459865244276,-0.1642737253921,0.5032421393006,0.4352713638769,-0.0247481626190,0.4110156013648,0.4698555609450,0.6254177948697,0.5203044736929,0.6790354366501,0.4750285096228,0.3982960166348,0.3207688220489,0.6124313583413,0.3258577334616,0.6005476567674,0.5815654318070,0.5156073819191,0.4996149625354,0.6689952189729,0.4088385948626,0.5749844866085,1.0000000000000,0.1824288127970,0.5881833368275,0.5557804062707,-0.0413419662964,-0.0311960151739,-0.3026326722429,0.3998436241270,0.1337037938870,0.3919712149302,0.1139828962714,0.2409505116423,0.2054060229756,0.4585588454264,0.0977673192566,0.0092226357154,0.0301709335888,-0.0355514906212,-0.0854654604896,0.0815751417682,-0.0195197388268,-0.2183719475721,0.1859971926437,0.0045921610407,-0.0023207397637,0.0760453196923,0.3762300070049,0.1800299687537,-0.1311243417930,0.4043882643700,-0.1202462829092,0.4239935459043,0.3951756359720,0.2088344020378,0.1156979376022,0.5362271179694,0.6276538431331,0.3841637143827,0.6495052922603,0.4717970026029,0.2503083296645,0.0930427165441,0.4752584301339,0.1664666852702,0.5495092683853,0.6302513847900,0.5712940942711,0.5677049688055,0.4911683085478,0.7925844512657,0.5331636616135,0.3594006863584,0.1848805752128,0.2314507245406,-0.2819867052669,-0.2402052289384,0.4506870749246,0.2657713069918,0.4220858218173,-0.5515198381329,-0.1662646253107,-0.2373590660191,-0.0108377482186,0.4107351471032,0.2524853537099,-0.0484476135915,-0.0017542353300,0.0684903097799,-0.0873319097214,0.0433816563605,-0.0875606609973,0.0271589937189,0.0511380532559,-0.0808749316961,0.0515598395345,-0.1558104154399,0.3636148734210
