1.0000000000000,0.4496996559180,0.5523053372201,0.4223417200143,0.7049168949802,0.3695465104340,0.3148967610660,0.0545094198695,0.0883115008977,0.4117771966340,0.1572715525790,0.3630878633316,0.1401886414417,0.6403464142303,0.4974974746496,0.1750980907747,0.1353114374620,0.0793140137803,-0.0039890160892,-0.1030090681848,-0.0321235470613,0.1325264482590,0.2011308216260,-0.0294876795018,-0.0276786204055,0.0369510292456,0.0090678377842,-0.0058143819298,-0.0306581192495,-0.0099674559378,-0.0165005979927,0.2315876341805,0.0252652052204,0.4161362992486,0.1240696032108,0.0998118271674,-0.0170768265148,-0.1800860277172,0.0164172308305,0.1726641806228,0.2583442006301,0.2657153771537,-0.0381739805090,0.0367095385740,-0.3761827352765,0.1387586916320,0.1643433361087,0.3883359539891,0.2253583698565,0.2732268517826,0.7627241464906,0.5826600921853,0.4370056629309,0.4556147729771,0.3987410791343,0.3836281558449,-0.0695355956623,-0.0688413043818,0.1737582775451,0.0483313487695,0.3694932885322,0.3034710818646,0.3754269929886,0.0819694929778,0.4938855235633,0.2731322826027,0.1152590364692,0.1229892732158,0.1857496649527,0.0410570601841,-0.1020729726377,0.1867614578726,-0.0042513421737,-0.1048884852684,-0.2578367137392,-0.0189700411288,-0.2715346341494,-0.0119832252703,-0.0932999990961,0.0104268425648,0.2262786953258,0.0094113140655,0.1849256131484,-0.0772211247508,-0.2793704063104,0.2568063173152,-0.0816050354850,0.1169910337829,-0.1141072075911,-0.3435781998106,0.0091968545543,0.0798608801350,-0.0669095922276,0.0076807912541,0.0256974546183,0.4408111660382,0.1191496275112,0.1496136090538,0.5021041119360,0.1597083061205
0.4496996559180,1.0000000000000,0.5319927938174,0.3731111453164,0.4347409975151,0.2854147959914,0.2828559272229,0.3278007173060,0.1777863549071,0.4614467388424,0.0279443317924,0.2740163308442,0.1888912779160,0.6079497163474,0.3758865369007,0.0815408453371,0.1856175157488,0.1490070187832,0.0788391066374,-0.0520074506540,-0.0420813656486,0.3802146961527,-0.0652242430134,-0.1226702908201,-0.1060271939114,0.0429731516409,-0.0480352218334,0.3910717077053,0.4121154666299,0.5046126535102,-0.0235716241531,0.0163208432945,-0.0600232861683,0.2244140496397,0.0240911212429,0.0033466558615,-0.0827906743458,-0.1983496761928,-0.0489714720680,0.0746294943619,0.5369108928446,0.2053227499102,-0.2786656112864,0.0086097080312,-0.1490890677403,0.0008115550020,0.2588723330959,0.1044125270031,0.2289529282943,0.2511345098384,0.5191550503953,0.7784637285656,0.4084779590992,0.2881667481676,0.3071965668164,0.3669659762237,0.1523728516413,0.2608842452880,0.3066004198585,0.0707251374630,0.2962557209473,0.1243407607920,0.1766302382040,0.0775555454416,0.6899110510266,0.2190286747530,0.1098840067739,0.0230026547996,0.2555952212259,0.0925514913318,-0.0826218906134,0.0283755913603,-0.0181104157657,0.0394920613916,-0.1614430016447,-0.2911353501115,-0.3320055268281,0.3581160327941,0.3940360873211,-0.0849234199774,-0.1425093575296,-0.0906738534388,0.3431176859787,-0.2244593633116,-0.3129342688613,0.1543764895179,-0.1017730922285,0.0725601756666,-0.1418955151875,-0.4005530155472,-0.0631500027421,-0.1352721536602,-0.0386185255110,0.1292448554793,-0.1737785272427,0.2046026775853,0.4373452325978,0.3619786390237,0.3724916774255,0.0800487536146
0.5523053372201,0.5319927938174,1.0000000000000,0.5943961214129,0.6803085451121,0.7981722216109,0.5731740294921,0.3199879747846,0.3034614841502,0.4488565224331,0.2458090127807,0.3225302362225,0.3800480835491,0.5104208835423,0.5321956352016,0.4864362133843,0.3886339052616,0.3296902945273,0.2978597971933,0.2727802401870,0.1913486028615,0.2801647591586,0.0653352470741,0.1486290672115,0.0743451829581,-0.0494431855259,0.1474846783200,0.0632204927274,0.0354364628081,0.0814140458689,0.2824762019877,0.2668558524036,0.2484135384742,0.1791514541253,0.3039796404558,0.3289175830524,0.0162544244606,0.1502920809169,0.2088070749550,0.1405852481274,0.2880459865565,0.3180703616184,0.0598968826584,0.2084098359004,-0.1142883796829,0.0245133616966,0.1733903820202,0.4954724709864,0.1298089843404,0.4441773415416,0.6338157838069,0.7357795858364,0.4745756364272,0.8319537958203,0.6461045829644,0.5571832159964,0.0958775559272,0.1531840662839,0.3746334210325,0.2127216477563,0.1817796094991,0.2987949637407,0.0642980938885,0.1244455246662,0.4684300832859,0.4231447751640,0.4149473994878,0.2801313609975,0.4072874696018,0.3168013556439,-0.1786588813021,0.0792393638807,0.2301189760632,0.0393219287241,-0.2608510373062,-0.2753422541346,-0.2660685346301,0.0710938525828,-0.0544680777926,0.3260601947100,0.1093507264541,0.0580891545868,-0.0281812329873,0.1214527458841,-0.2157794981596,0.0090408986254,0.0059302698414,0.3750665149141,0.0922403273932,-0.1171155498390,0.2370843856598,-0.0547764155290,0.0564102028385,-0.0456074454301,-0.2250490368660,0.6225715072603,0.0706572500551,0.1037392582479,0.3852519647451,0.0613830784530
0.4223417200143,0.3731111453164,0.5943961214129,1.0000000000000,0.6670341262708,0.7127573644603,0.9158964982676,0.3994640649406,0.5945700014621,0.5100771858992,0.4813888590392,0.4257332526201,0.5240458255641,0.4537739583835,0.7772908412426,0.6964872372722,0.5772917010966,0.3730687166198,0.4136842587530,0.3607790126797,0.3646026505973,0.1287227478466,0.0894729110454,0.3597559513267,0.1461595408204,0.0749269716058,0.2151659255228,-0.1153806284765,0.0155864815122,-0.1143055722918,0.3383735527158,0.2267950229854,0.3308950138320,0.1194656396030,0.3325214752700,0.4700034572237,-0.0267516805673,0.1935602743127,0.2113330588462,0.0012962195977,0.2723081632297,0.2409660158840,0.1217079821597,0.1895957530399,-0.1895202941415,0.0095720365411,-0.0133208957246,0.4721996223056,0.1542818330346,0.6281814598727,0.5952668749514,0.4412690803433,0.8334384161179,0.5654173974835,0.7653550373358,0.9014245088112,0.2313149206800,0.2022426891773,0.5869559259361,0.5735769862772,0.2561998719899,0.4297404255670,-0.0541952639307,0.2282501346122,0.5428290791281,0.7366549998531,0.6830522691335,0.3741863217818,0.5106983927358,0.4763129934850,-0.0423640886164,-0.0030328317256,0.5007684417680,0.1036123691701,-0.2383907323878,-0.3739856343376,-0.2669926647088,-0.0997406462970,-0.1027258398109,0.4673121919336,-0.0601582490164,0.0248183978589,-0.0991345515952,0.1373282726602,-0.3498858574338,-0.2094597696910,-0.0302729611950,0.6037585134351,0.2376683792012,-0.1398594979638,0.1974347940502,-0.1803875228092,-0.1040478539663,-0.1091266451795,-0.4335485425512,0.5267505719083,0.1056692082658,0.1650150091839,0.3560636433911,0.1684727682612
0.7049168949802,0.4347409975151,0.6803085451121,0.6670341262708,1.0000000000000,0.7021647320325,0.6561420614247,0.3065433976143,0.3526729501141,0.5138650240990,0.3758888319292,0.4898509340711,0.3780074119055,0.5112249100090,0.5902785272888,0.3773942688592,0.3767830381821,0.3087030030956,0.2498295096597,0.1079441796284,0.1258619420032,0.1454475010476,0.1402564147450,0.1480376701930,0.0116551148043,-0.0212033751519,0.0826178105505,0.0151353933210,0.0762488892777,-0.0053623837997,0.0979694378304,0.1520361873019,0.1256517914072,0.1636422299116,0.1468155837963,0.1994276008691,-0.0338632367792,-0.0878193886744,0.0361995996988,0.1059924507855,0.3482970794322,0.2884332985798,-0.0376737514263,0.0507675353870,-0.3090545108227,0.1133542793242,0.0141033403246,0.4797688484046,0.2533791013225,0.4558678440871,0.8120660503492,0.5687696669943,0.6542664910115,0.6627312814381,0.7425135232107,0.6658162803175,0.1551897899923,0.1556025379049,0.4472132551499,0.3492307620282,0.3411519701044,0.4380487348627,0.1842023638757,0.2099222864751,0.5700450325455,0.4462739193334,0.3669380061388,0.2551193366401,0.3502303822655,0.2791843628198,-0.1037570437372,0.0548823245436,0.2141536092628,0.0208216234766,-0.2714153892275,-0.2303994869755,-0.2870235538033,0.0361172668965,-0.0075429349033,0.1994209293201,0.0574506749765,0.0193041830583,0.0485610648603,-0.0571279194143,-0.3633559570758,-0.0236056989262,-0.1169057844200,0.3280173320940,0.0143477458973,-0.2826183754407,0.0603107663139,-0.0518499849217,-0.1012122774452,0.1128184539099,-0.2358308371664,0.5271305531826,0.2597307510648,0.2496040169711,0.5157121182401,0.1614136927604
0.3695465104340,0.2854147959914,0.7981722216109,0.7127573644603,0.7021647320325,1.0000000000000,0.7407817345801,0.3346909191771,0.4372440656491,0.4615135438120,0.4927869794414,0.4359277570379,0.4710039626176,0.3479721146302,0.6150596850203,0.6119785908769,0.5076869768746,0.3863579968748,0.4011045412996,0.3857311891054,0.3861449533433,0.1820255394894,0.1641454503806,0.3096016927580,0.1492288817445,0.0124560174598,0.2787387739718,-0.0733565694207,0.0448493229945,-0.0608569904617,0.3969298082293,0.2632716297144,0.3825745019956,0.0040773303576,0.3237393835602,0.4084429516077,0.0183020487995,0.2383158725766,0.2554739112214,0.0432727317213,0.2597333031846,0.2412473700520,0.1965998976198,0.2031447075370,-0.0513944008471,0.1381294406557,0.0472438324912,0.5754273773279,0.2355891440621,0.5766215794590,0.5163647408167,0.4658443078101,0.5118912723899,0.8247624823455,0.8326104226356,0.6523115755145,0.1547371340841,0.1445684464875,0.4291193393998,0.3963425181096,0.2076762292472,0.4314647818555,-0.0257462868236,0.1688141751042,0.3481270049535,0.5369572978811,0.5285082994292,0.3252911966409,0.4296758295820,0.4028938907615,-0.0888732381686,0.0516627590605,0.3999146891278,0.1192974421088,-0.1821123775312,-0.2974599386483,-0.1748830610362,-0.0244787450526,-0.1005925428946,0.4431091755587,0.0033399305316,0.1726476435186,-0.1215787315642,0.1984169678269,-0.1765012382839,-0.1610524007451,0.0225336463558,0.5010965321627,0.2651012196461,0.0243559383552,0.2859521897916,-0.0969300587465,0.0269230378465,0.0356323739597,-0.3828811035988,0.6238444860611,0.1332474984994,0.0786331304211,0.2747011642837,0.1028664920624
0.3148967610660,0.2828559272229,0.5731740294921,0.9158964982676,0.6561420614247,0.7407817345801,1.0000000000000,0.4442566967899,0.6555619596266,0.4696535505001,0.4295929791267,0.3598873492578,0.4758349697849,0.3532647592867,0.6511748411309,0.6985986388329,0.5297393724354,0.3586411051105,0.4966377217331,0.3723097481634,0.2884570642957,0.1106735029222,-0.0054156994843,0.3355470973747,0.1325388279537,-0.0345380619704,0.1219168364054,-0.1168813665550,0.0090303876037,-0.1116234247909,0.3253905578895,0.1288843102334,0.2740105016889,0.0031179686929,0.2482395006971,0.4490384902211,-0.0642589603781,0.1327961534977,0.1478874620738,-0.0399777789588,0.2605849316669,0.2114804869071,0.0772320860803,0.1411928436249,-0.1921903537215,-0.0175195700390,-0.0621018508775,0.3876652511552,0.0924735875527,0.5423129293936,0.5437746489432,0.3512409197043,0.7968719510370,0.5628194176220,0.8039609200933,0.9385715470902,0.3103259069175,0.2703720607805,0.6374866140770,0.6646488303533,0.2093063222360,0.3536565731648,-0.1269663334054,0.2294651858883,0.5039878662783,0.6592134353450,0.7312474034841,0.3782754372067,0.5585944127428,0.5482757096040,-0.0998627715217,-0.0818483727122,0.4968295023754,0.1302227311365,-0.2799305762022,-0.4183921334839,-0.3135006098461,-0.0723072423745,-0.0897276229577,0.5076467968163,-0.0981615160869,-0.0069168333930,-0.1392350118378,0.0890457222635,-0.3831398891468,-0.2789995168139,-0.0782803098400,0.5977295675686,0.2395128319623,-0.1488550256539,0.1480064786526,-0.2080465524894,-0.1422288489740,-0.1075948398849,-0.4495578396273,0.4508955259991,0.1048865214564,0.1585960999536,0.3154180690453,0.1241239540185
0.0545094198695,0.3278007173060,0.3199879747846,0.3994640649406,0.3065433976143,0.3346909191771,0.4442566967899,1.0000000000000,0.7345610830721,0.3349731569984,0.2111946155829,0.2443307929332,0.5514820292648,0.1225781812658,0.2806001176949,0.4397627336745,0.6800773510469,0.6133438900769,0.6239723681702,0.4915085567509,0.0998138171254,0.0525075108618,-0.2857174775057,0.1048178258649,0.1655064449288,-0.2820234208184,-0.0494421123344,0.0581960787176,-0.0022186498344,-0.0137314452483,0.2820216910308,-0.2093851500728,0.2266469890129,-0.2233856026944,0.0681957459050,0.2355311867119,-0.2397766050031,0.0773236116669,-0.0916831741981,-0.1584621219989,0.1531422846420,-0.0359684459989,-0.2178041519010,-0.0560160288957,-0.0674498452394,-0.1820677481628,-0.2083398535432,0.1102473997657,-0.0543689899298,0.2051718791646,0.3466127600995,0.3816413384454,0.4782474875417,0.3026807737077,0.5003224060977,0.4915354263034,0.6671842885826,0.8742234601993,0.8242550180636,0.6019593130258,0.1565057019244,0.3090879069817,-0.0942083720226,0.4264138178602,0.4151251996755,0.2653572855437,0.5715289157126,0.5931917687934,0.6510685396395,0.7079410342670,-0.1475725814046,-0.2612570433701,0.3079541383993,0.3331532242698,-0.2280594567493,-0.4756457200118,-0.2859520571064,0.0372860594729,0.0497492231414,0.3724408049967,-0.2522058585473,-0.0100903854928,-0.0764990042254,0.0916271395108,-0.1947884425970,-0.3098687682335,-0.2316084539411,0.3622466449751,0.0109268047200,-0.1036498488307,-0.0367199416889,-0.3784244640929,-0.1679726768406,-0.1501256581328,-0.3795184010595,0.2369930531051,0.1839408746082,0.2441914718501,0.2227801168608,0.0078525892995
0.0883115008977,0.1777863549071,0.3034614841502,0.5945700014621,0.3526729501141,0.4372440656491,0.6555619596266,0.7345610830721,1.0000000000000,0.4292776874458,0.3822022767879,0.3328320465801,0.5515970563791,0.1778681982934,0.4861159114840,0.6742148052187,0.6081387317860,0.4941282210091,0.7624711615713,0.6236346777403,0.2806793703979,0.0118569269002,-0.1299721764520,0.4235288818359,0.3807630738069,-0.1122091431311,0.0813443103182,-0.1068343273073,-0.0624719761364,-0.1440144701460,0.4478182788118,-0.0043789534785,0.3130579200654,-0.1312559373657,0.1685530261110,0.5425392887135,-0.1236956975752,0.2260092089707,0.0527244239416,-0.1382862486890,0.1526578467084,0.0721079985345,0.0059917526903,0.0854432980665,-0.1291629556783,-0.0982328978872,-0.1743883019442,0.2451885648405,-0.0238756324280,0.4115267231206,0.3202965830432,0.2363889501111,0.5672776462935,0.3072211240257,0.5742273297484,0.6434305669358,0.5261364841947,0.6069272713051,0.8453735501707,0.9342874974046,0.1445707179732,0.3175015574457,-0.1709975769627,0.3929353134817,0.3741496624769,0.5002323008086,0.7766662911293,0.4529404100777,0.7999312912663,0.8225152207297,-0.1087135126586,-0.2418645610913,0.5232973588586,0.4094024016990,-0.2503071514996,-0.4486777932031,-0.2668959347033,-0.1052203152575,-0.0938965904762,0.5244948918078,-0.2276796147165,-0.0415745214191,-0.1917476523797,0.2382302368609,-0.2400644511808,-0.3715435817864,-0.1323049937057,0.5555268000011,0.1684712987671,0.0129995255492,0.0391707676418,-0.3136841756507,-0.1379976768162,-0.1744474335130,-0.5108993920989,0.2888316859391,0.0907815412988,0.1490536762615,0.2362582616944,0.0541212723707
0.4117771966340,0.4614467388424,0.4488565224331,0.5100771858992,0.5138650240990,0.4615135438120,0.4696535505001,0.3349731569984,0.4292776874458,1.0000000000000,0.5109508963233,0.7700946276676,0.4972126981015,0.5761682555230,0.5749059864240,0.2972643354348,0.4164818172303,0.3320631917856,0.2153134268593,0.1122566512763,0.3207833365985,0.4143302391588,0.3881340208995,0.2471135961614,0.1649136545286,0.1335323384567,0.2371204939950,-0.0035174287818,0.1006196336415,0.0106524890301,0.2119838947732,0.3190867463114,0.2497666606983,0.1873719336350,0.0191830129932,0.1246538757524,0.1756361578665,-0.0533221495134,0.0474919880933,0.1609606344177,0.3957359993215,0.4809052390425,0.0586178616134,0.2157658210004,-0.1704674824656,0.1626798775480,0.2108747970754,0.2080437553497,0.1515329606914,0.6960075385418,0.5201912963700,0.4714551227011,0.4868330664313,0.3687463115031,0.4772553519448,0.4816775543776,0.2863290191347,0.1971533496346,0.4694218479784,0.4136496713311,0.6715673542613,0.6014493006160,0.4801841658529,0.3727977615552,0.4733246223301,0.3871606088264,0.2566673795391,0.2205866533333,0.3265112096519,0.2945584313247,0.2054078979045,0.3402831670977,0.2306227295860,0.2051474188485,-0.0096470000723,-0.1922637519777,-0.1751394560638,-0.0388065925521,0.0069947484238,0.2239486478258,0.1790265921952,0.1995253161919,0.0050175347459,-0.1139436265729,-0.2865587015450,-0.0090712671880,0.1103895665024,0.1856036157233,0.1054794239209,-0.3199094950617,0.0039400535277,-0.0184290048367,-0.0466995242252,0.1113650343549,-0.1346569044458,0.1835267706084,0.1735319763965,0.3756638990344,0.6231994290469,0.4494994939270
0.1572715525790,0.0279443317924,0.2458090127807,0.4813888590392,0.3758888319292,0.4927869794414,0.4295929791267,0.2111946155829,0.3822022767879,0.5109508963233,1.0000000000000,0.7091673902112,0.5513692878858,0.0835037833569,0.4586210539135,0.3931886052270,0.6029827055846,0.4750823866118,0.2602933251908,0.2690619466940,0.5547068439793,0.2292172913805,0.4631793669693,0.3821099447050,0.2917157141144,0.1177423372160,0.4853181186931,-0.0790102195466,0.1041742289657,-0.1512268861390,0.3599947912834,0.2820376805613,0.3838878953041,-0.1260501659430,0.0320940528269,0.1257558655995,0.1464096787439,0.1630831609823,0.1265249691465,0.0832211969534,0.2929893985724,0.3993072315345,0.3170907340202,0.2159210151992,0.0309457062124,0.2887481047266,0.0735459648822,0.3301271305480,0.1975499479852,0.6701218207541,0.2253809240182,0.1212175784096,0.4398914387576,0.3288077929948,0.4846357855886,0.4105345130431,0.1863168538172,0.0757475012419,0.3315407371391,0.4179249972339,0.4028982970845,0.8090740127122,0.1458027430393,0.3681393982447,0.0555756622165,0.2828873491278,0.2684260388358,0.3806617802909,0.1331436738432,0.2749162135738,0.1956525021620,0.2732094390872,0.4705814084219,0.2069765070960,0.0362176038969,-0.1605820402467,0.0927831968012,-0.0939291572686,-0.0583516710254,0.3357575328709,-0.1163683279106,0.1637682860267,-0.1062517779429,0.0559713914039,-0.1131838585841,-0.1924627717038,0.0202353979115,0.2249637929761,0.3344776555149,0.0283905210625,0.1419551760620,0.0203080287643,-0.0131872856703,0.1396904883209,-0.2643291058583,0.2129037868287,0.0575726601764,0.2227770107100,0.3531094198721,0.2934867893236
0.3630878633316,0.2740163308442,0.3225302362225,0.4257332526201,0.4898509340711,0.4359277570379,0.3598873492578,0.2443307929332,0.3328320465801,0.7700946276676,0.7091673902112,1.0000000000000,0.4553405185131,0.4122563656372,0.5062627247081,0.3294768036565,0.5186154297280,0.4369343106817,0.1973334062116,0.1515445205747,0.4174500914466,0.2593738107616,0.6074002461105,0.2755299184446,0.2490230909826,0.2447864554796,0.4243770745569,-0.0220818550571,0.1141943733773,-0.0576200871953,0.3272147814763,0.4067803184645,0.4030619126104,0.1007681433357,0.0700180136332,0.1056282270024,0.2820372364473,-0.0511926978785,0.1208478397595,0.1019875644332,0.3007091313790,0.3277462889586,0.1447520903882,0.1833396004692,-0.1097918201803,0.1466363578463,0.1458321316925,0.2233232742450,0.1050559294173,0.6640482414801,0.3682401086967,0.3138864749032,0.3901310886723,0.3499176660703,0.4012510877376,0.3406417940078,0.2315856690428,0.0957385243710,0.3556020334867,0.3078419273533,0.4746164261650,0.7588697799671,0.5278603224368,0.3336222888526,0.2615859474427,0.2737108390213,0.2073736964910,0.3359736329181,0.2417963391359,0.2582030356136,0.3094320507780,0.4160169465486,0.2545537258147,0.2712965037386,0.0810906962599,-0.0277647675096,0.0284649199785,-0.0856149357067,0.0018276038534,0.2762444446499,0.1015091714055,0.2911141623017,-0.0664601873293,-0.0365423533528,-0.1475634865742,-0.0343381618672,0.1467717388663,0.1580896100538,0.1216742413203,-0.2094949119744,0.0726417337906,-0.0315697003902,-0.0382612668918,0.1626511895023,-0.2219945391186,0.1186699011875,0.0781094035934,0.1928607418423,0.4190603272613,0.3605268142390
0.1401886414417,0.1888912779160,0.3800480835491,0.5240458255641,0.3780074119055,0.4710039626176,0.4758349697849,0.5514820292648,0.5515970563791,0.4972126981015,0.5513692878858,0.4553405185131,1.0000000000000,0.1446750171893,0.4463832670053,0.4217837625607,0.7149978486517,0.6835971440579,0.2797721409037,0.3976145835643,0.3082728561291,0.1337620563022,0.0767731704067,0.2760370673436,0.3476823044711,-0.0603352871892,0.2842419462520,-0.1810634670797,-0.1413320688022,-0.1741952355729,0.2971707919862,0.1945476691146,0.3971658193786,-0.1571517161640,0.1475987164777,0.1294879292527,-0.0614107776670,0.2738048795395,0.0127593449236,-0.0687129208227,0.0542771446637,0.2044267860866,-0.0276278379172,0.2011526966007,-0.0141758155792,0.0090293565139,-0.0690485833967,0.2274332433729,0.0109869985468,0.5166986236525,0.3986136483146,0.3768655314072,0.5823982664452,0.4501656594326,0.5833445733544,0.4724605788238,0.5910217490425,0.4725149415830,0.6992365268983,0.5452417612636,0.3146055209313,0.6256946433180,0.1959441466968,0.7833052039356,0.3058685296685,0.3499722557520,0.4456986675658,0.5502005926635,0.3879685996246,0.5380497350740,0.1032096092784,0.0487179641125,0.4098593968044,0.3602913329495,-0.0468076202452,-0.1708960306874,0.0145340623185,-0.2007902985997,-0.1626564733125,0.3771343055934,0.0555529647560,0.3124683989876,-0.1877491900047,0.0985071358018,0.0198752744281,-0.2391942509238,-0.1377213382116,0.3830030304319,0.1847803976689,0.0730910634215,0.0257365320263,-0.2508470411015,0.0194608223714,-0.0670592369394,-0.2743991571962,0.2963061390354,0.0766426654049,0.1966991856232,0.3688324589313,0.2540005817794
0.6403464142303,0.6079497163474,0.5104208835423,0.4537739583835,0.5112249100090,0.3479721146302,0.3532647592867,0.1225781812658,0.1778681982934,0.5761682555230,0.0835037833569,0.4122563656372,0.1446750171893,1.0000000000000,0.5219232214387,0.3209478430411,0.1811460827135,0.1135175709932,0.1413613246850,0.0769901291146,0.1749625474290,0.4333865979319,0.2598565638294,0.1014826271478,-0.0331190295458,0.2784251298806,0.1944980274240,0.1714393468494,0.2213905437985,0.2965677758710,0.2325203529244,0.3321134692431,0.2409804426908,0.4950834162887,0.2013324586767,0.2381700264446,0.1229008347040,-0.0410044017466,0.1034606738692,0.2011416219676,0.3938244522530,0.2360192417080,0.0351599112861,0.1454155901635,-0.1829953206140,0.0642737024705,0.3302817635394,0.2349576307919,0.2787663475042,0.3659026487251,0.5506919348417,0.4923075807945,0.3453267584956,0.2587533370654,0.3254073929898,0.3698995455815,-0.0357212720210,-0.0412244916806,0.2055404650683,0.1018756602782,0.3008330944782,0.1846798790028,0.3145938774842,-0.0003760288015,0.6714700036616,0.3824457079960,0.2252303110310,0.0579494683489,0.2534165424102,0.1264506841538,0.0437202386816,0.3218267076223,0.1376255142260,0.0273286185806,-0.0506731831192,-0.0805110031087,-0.1879660716389,0.1399269084936,0.1333738891554,0.1850629898239,0.2443189369706,0.0839250507037,0.1803817615193,-0.0074021789936,-0.2639095442651,0.2559508076469,0.1329648450692,0.2029499065898,-0.1184053117004,-0.2383629194698,0.0554292005914,0.0103179197648,-0.0287278024293,0.0572339760713,-0.1178068814322,0.2551279946591,0.2768302538117,0.1650669666890,0.3484642059656,0.1748453002238
0.4974974746496,0.3758865369007,0.5321956352016,0.7772908412426,0.5902785272888,0.6150596850203,0.6511748411309,0.2806001176949,0.4861159114840,0.5749059864240,0.4586210539135,0.5062627247081,0.4463832670053,0.5219232214387,1.0000000000000,0.5361241862470,0.5287270646059,0.2953232751458,0.3144056121090,0.2533164341937,0.3663073264407,0.1045061289040,0.1665371643863,0.3396197968160,0.1168052547598,0.1399962489833,0.2346641141956,-0.0906328722150,0.0345404962281,-0.0871322565854,0.2973815408624,0.3486675574470,0.2601575302225,0.3239263912441,0.3648727929062,0.4824500106754,0.1069002890847,0.3126614834407,0.4628280827869,0.2615599900790,0.3259575450883,0.3638697619008,0.2448575570138,0.3743935491287,-0.1380933097542,0.0614106187860,0.0286269350573,0.6076320179975,0.2471257301974,0.7492159383392,0.5154666260820,0.4394743845803,0.5903138548118,0.5101564291978,0.6078899973526,0.6256552423150,0.0610881708861,0.0660014368138,0.4289425586241,0.4250893109769,0.2908699723188,0.4479485065186,0.0750111841853,0.2005217294276,0.5063332120896,0.7314453809377,0.4786522607800,0.3120113072857,0.4541664284041,0.3467113881878,-0.0462860593194,0.0296488072466,0.3530075211305,0.0075125876387,-0.2894418037094,-0.2948294533896,-0.2415949359132,-0.0754596287554,-0.0923392647219,0.3527006757520,0.0014175560230,0.0446131876416,-0.0381688460228,0.2107573200593,-0.2654507921199,-0.0959407625319,0.1037243912953,0.5292478539175,0.4288929392917,-0.0528851232330,0.4203958283550,0.1309204994835,0.1090790130785,-0.0371026059834,-0.3699560510317,0.5751229058327,0.1078151725840,0.1103472387512,0.4491952378986,0.2159531426452
0.1750980907747,0.0815408453371,0.4864362133843,0.6964872372722,0.3773942688592,0.6119785908769,0.6985986388329,0.4397627336745,0.6742148052187,0.2972643354348,0.3931886052270,0.3294768036565,0.4217837625607,0.3209478430411,0.5361241862470,1.0000000000000,0.6212973580341,0.4594292874188,0.6652478776589,0.7378496813140,0.5001128084760,0.0603573798249,0.1019203976162,0.4866946637948,0.3209901485266,0.0981615129967,0.3029691987835,-0.1489519637860,-0.0643412109243,-0.1540046721563,0.7689718180940,0.3052859245673,0.6406489631079,0.0398782969480,0.5293328360407,0.7900382894856,0.0351754252771,0.4468727951343,0.3332235469023,-0.0887272894654,0.0798841677099,0.0556743923524,0.3031012774412,0.2352347756917,0.0241452082188,-0.0365989468262,-0.0007989596969,0.3583670828957,-0.0434776935681,0.4338330695338,0.2772230930481,0.2045715727177,0.4847718371047,0.4829507438809,0.5549686654420,0.6306567567917,0.2300446740900,0.2117650040465,0.5764322329481,0.5701434384830,-0.0220622340432,0.3085090625753,-0.1760271903984,0.1363879976389,0.2388748495191,0.5844552568887,0.8755490763567,0.5112480250319,0.6997471174643,0.7111842319761,-0.0440314012331,-0.0594569934022,0.5776021242655,0.2787873793354,-0.1475610391796,-0.2887555256060,-0.1622121659032,-0.1539059101843,-0.1887070591797,0.8185346537944,-0.0523919809924,0.1003345883156,-0.2915037964449,0.4778471042300,-0.0959433302617,-0.2676590718330,0.0813717920241,0.6804419108006,0.2113158437959,0.1958120047104,0.2841774361001,-0.2784422309606,-0.0359520516385,-0.1775333556874,-0.4810521902689,0.4210962019075,-0.1096477409528,-0.0945122716488,0.0538066654752,-0.0509737975775
0.1353114374620,0.1856175157488,0.3886339052616,0.5772917010966,0.3767830381821,0.5076869768746,0.5297393724354,0.6800773510469,0.6081387317860,0.4164818172303,0.6029827055846,0.5186154297280,0.7149978486517,0.1811460827135,0.5287270646059,0.6212973580341,1.0000000000000,0.8175255387773,0.5253513830549,0.5843418140538,0.4424848463467,0.1415383229805,0.1252517719077,0.3209731227311,0.3576871488423,-0.0238139421824,0.3558899531448,-0.1322746333162,0.0001773306272,-0.1610861230415,0.5416824774449,0.1584949024450,0.4947889232079,-0.1508028272079,0.2649876886106,0.3295142904826,0.0269494069102,0.3947118701800,0.2184272642916,-0.0129285373999,0.2221951185925,0.1567509202891,0.0539133740062,0.2643699869664,0.0205266957000,-0.0026115778656,-0.1093448495542,0.2855495734351,0.0273072788589,0.5182014411262,0.3026645937771,0.2987192685547,0.5434654127539,0.3897267341865,0.5584369869564,0.5277598315053,0.4162643424289,0.5234998091809,0.6785046285304,0.5148839664125,0.1679064863901,0.6125770263247,-0.0201310487902,0.4290162613742,0.2894469311161,0.3554088027928,0.6023378937510,0.8005852127392,0.5012082482281,0.6165417112104,0.0221568521637,-0.0044942073913,0.4827238541515,0.2846471224722,-0.1384381374501,-0.3827186408315,-0.1035893692460,-0.1270888990985,-0.0612914076599,0.5842368402624,-0.1947664102539,0.1080831443298,-0.1999343766765,0.1910247110092,-0.1640984109934,-0.3328349732701,-0.0336274108798,0.4449453611757,0.2537821651466,0.0498661727036,0.2261489429516,-0.2059044980930,-0.0346155842652,-0.0925895621214,-0.5303002269417,0.3152991692516,0.0530424700112,0.1160854712486,0.2257437136694,-0.0097919282993
0.0793140137803,0.1490070187832,0.3296902945273,0.3730687166198,0.3087030030956,0.3863579968748,0.3586411051105,0.6133438900769,0.4941282210091,0.3320631917856,0.4750823866118,0.4369343106817,0.6835971440579,0.1135175709932,0.2953232751458,0.4594292874188,0.8175255387773,1.0000000000000,0.3417289514513,0.5790770338503,0.2621475408581,0.1028358187671,0.1409629894677,0.3867737370422,0.5399781746936,-0.1261755119203,0.2999084265776,-0.1681750085852,-0.0893955738863,-0.1457068248254,0.4885717552416,0.1072179173936,0.3770552111759,-0.2968133992717,0.2159224128095,0.1732205717777,0.0835628617494,0.3541949831257,0.1213660849537,-0.0948225296493,0.0618756911425,0.0560189636884,-0.1576917677521,0.1508673239971,-0.0609687259327,-0.1064248737387,-0.1391273871709,0.2412905390094,-0.0730353214904,0.3756922410191,0.2852960650901,0.3127915826674,0.4746152939077,0.3562593362545,0.4761241014226,0.3278608370207,0.4807111771816,0.5727466872560,0.6680130250004,0.4264260289365,0.0743326032453,0.5345364082433,0.0510844357449,0.4454608070380,0.2463205115813,0.1762386770914,0.4943155914946,0.7392666931940,0.4256390247326,0.5644403378802,0.0905160164156,0.0271384113316,0.4085558991228,0.4502468871091,0.0151934434079,-0.1844274392369,0.0547510939055,-0.1592515568350,-0.0742315382302,0.5018279299718,-0.0537569853421,0.2398589729848,-0.1909582375708,0.1919375195896,0.0852668816945,-0.2804418096656,0.0077888853130,0.4332426096888,0.1190344451487,0.1695089460442,0.1386802616604,-0.2802989121396,-0.0390725839462,-0.1064236655830,-0.4254230078212,0.2807456776995,0.0352663712131,0.0282688766380,0.1470541718264,-0.0097851071233
-0.0039890160892,0.0788391066374,0.2978597971933,0.4136842587530,0.2498295096597,0.4011045412996,0.4966377217331,0.6239723681702,0.7624711615713,0.2153134268593,0.2602933251908,0.1973334062116,0.2797721409037,0.1413613246850,0.3144056121090,0.6652478776589,0.5253513830549,0.3417289514513,1.0000000000000,0.7034992256540,0.3631877476402,0.0792298415025,-0.1258716347598,0.3725679901412,0.1854625814863,-0.0291077228695,0.1458371675147,0.0784974154392,0.0575821554935,-0.0183519534976,0.4663369567617,-0.0368759500037,0.3599497610293,0.0007643161678,0.2520369501328,0.6208051587401,-0.0889961672988,0.2746685088623,0.0839047806522,-0.0007460530472,0.2004785607170,0.0188465528915,0.1122168831705,0.1061493598723,0.0204643809336,-0.0130389716515,-0.0896594787458,0.1262077506090,0.0205602602301,0.2747670160572,0.1405153258932,0.1005690413924,0.2896233590120,0.2534809863868,0.4078279565151,0.4393770556911,0.2071047986761,0.4695217503009,0.6131128667307,0.6494182906565,-0.0238561257746,0.1756606292812,-0.2795008965825,0.0629068835403,0.2302987921244,0.3248438837886,0.7125238367198,0.4035703880040,0.7461300127250,0.7295733944681,-0.1094452234801,-0.1662678895749,0.4483762154476,0.2925001491461,-0.2546265360621,-0.4408803790220,-0.2353019283541,0.0569244295123,0.0079770254573,0.5516567436296,-0.2018481162138,-0.0765589484132,-0.1301480353941,0.1930861459028,-0.3026948997409,-0.2159631888258,-0.0612674838838,0.4163115866519,0.0898258799991,0.0870527129319,0.0926043018847,-0.1672430962816,-0.0994862644076,-0.0497980756130,-0.4244509143425,0.1668471655551,0.0705726180607,0.0912543522434,0.0769598614424,-0.0985241837237
-0.1030090681848,-0.0520074506540,0.2727802401870,0.3607790126797,0.1079441796284,0.3857311891054,0.3723097481634,0.4915085567509,0.6236346777403,0.1122566512763,0.2690619466940,0.1515445205747,0.3976145835643,0.0769901291146,0.2533164341937,0.7378496813140,0.5843418140538,0.5790770338503,0.7034992256540,1.0000000000000,0.4877863196146,0.0236225443353,0.0507131192802,0.6069819158054,0.6188570278468,0.1118371141453,0.3734040615354,-0.1814047948866,-0.0920854518162,-0.1639792411438,0.7026634037003,0.1629342964186,0.5682338551465,-0.1345181804176,0.4725977230772,0.6600716439672,0.1042060450315,0.6503021191883,0.2519953074196,-0.1195800347995,-0.0518251655094,-0.0869733399104,0.1392235234992,0.2739775860388,0.1991739497226,-0.0998285928733,-0.1496024412613,0.1943726172296,-0.0564342844401,0.2526305417984,0.0241316610935,0.0464008912253,0.2352494248455,0.2766466150795,0.3558528806472,0.2755112246629,0.2464935069115,0.3352886976945,0.5240293676271,0.4962524086933,-0.2080928600328,0.1769092672536,-0.2936713957164,0.0665304308087,0.0631281471051,0.3475735558243,0.7140899441395,0.4593564698731,0.6307784708674,0.7501312445246,0.0442772237815,-0.0891627740950,0.5901520024278,0.5665108936636,-0.0371647202408,-0.1963134430800,0.0807548090297,-0.2049461497424,-0.1351327520711,0.6966775543584,-0.1187312463930,0.1606719367616,-0.3450808477062,0.4320127173626,0.1199609435262,-0.3208043790196,0.1178772013962,0.5883108768675,0.1134231718873,0.4607538600211,0.2180625800444,-0.2697760165033,0.0555885676183,-0.1930410134529,-0.5021315601319,0.2417930278115,-0.0806133192359,-0.1795889711798,-0.1576315044300,-0.1320220063472
-0.0321235470613,-0.0420813656486,0.1913486028615,0.3646026505973,0.1258619420032,0.3861449533433,0.2884570642957,0.0998138171254,0.2806793703979,0.3207833365985,0.5547068439793,0.4174500914466,0.3082728561291,0.1749625474290,0.3663073264407,0.5001128084760,0.4424848463467,0.2621475408581,0.3631877476402,0.4877863196146,1.0000000000000,0.2282174328375,0.5647668353972,0.5336998776530,0.3599492373327,0.5428122918275,0.6915568413122,-0.1093725943885,0.1205031817300,-0.0593077020829,0.6022577343958,0.4783609656886,0.6120541964859,0.0082026032940,0.3273954890038,0.4050333641257,0.3378963331653,0.4406337907751,0.3074181316771,0.0878011146521,0.1074834123745,0.2395333006932,0.6158870509109,0.4537437604635,0.4445077496230,0.2746403773049,0.1558141150985,0.0923256425024,0.0742004714638,0.5678523333045,-0.0770706039739,-0.0732287761331,0.1052018095911,0.2162441700455,0.2744537667120,0.2437442995477,0.0094427950235,-0.0948677316590,0.1448920105169,0.2190203213318,0.0807117896618,0.4316746170825,-0.0389210065038,-0.0445810615498,-0.0718822646819,0.2966368238151,0.3055318353309,0.1813303877230,0.2365431421095,0.2810709846947,0.4276295723430,0.3561602213735,0.5115489354372,0.3248719146433,0.3848086803561,0.0726381780288,0.3207959008034,-0.0852128923367,-0.0408351854654,0.4967843640859,0.0421279078207,0.3252366626908,-0.2282402104654,0.2294604401355,0.1738068583590,-0.0849441147432,0.2990275732070,0.3693588122353,0.2513173410062,0.2841689114924,0.2322666431967,0.1099605699130,0.2862282454704,0.0988030479770,-0.2205608702494,0.0979414836752,-0.1087180818640,-0.1269586777565,-0.0217547279255,0.2382115539121
0.1325264482590,0.3802146961527,0.2801647591586,0.1287227478466,0.1454475010476,0.1820255394894,0.1106735029222,0.0525075108618,0.0118569269002,0.4143302391588,0.2292172913805,0.2593738107616,0.1337620563022,0.4333865979319,0.1045061289040,0.0603573798249,0.1415383229805,0.1028358187671,0.0792298415025,0.0236225443353,0.2282174328375,1.0000000000000,0.3023731096814,0.1236073437185,-0.0560956955159,0.1883653728324,0.3571443303179,0.3894111161155,0.2699259706329,0.3404454146537,0.1003300852595,0.1147617661047,0.0724968224574,0.3482149259975,0.0207869680894,-0.0288536006440,0.2397797506985,-0.0121337019049,0.0513722461572,0.3751072268420,0.3999681341721,0.3160448694579,0.0951231393657,0.1441225221837,0.0731730779147,0.4416190453639,0.4586222414726,0.0397576824333,0.3259415721931,0.2565106923476,0.2000523200854,0.1789408153630,0.0991205569830,0.0084202273584,0.0878651563879,0.1284807704885,-0.0378386504496,-0.0170481900581,0.0445439325342,0.0027937046106,0.3422387202864,0.2579253599583,0.2243218089263,-0.0142002048092,0.2421702580246,0.0063746156210,-0.0484718545939,0.0138425561280,-0.0101853034519,0.0110383314027,0.1548921199338,0.5723696511749,0.2211776089537,0.1370844965131,0.1377444338391,-0.0660944384919,0.1518803626844,0.2645081554314,0.0983119882635,0.0869877029599,0.1882747530554,0.1016149465053,0.0765921740392,-0.1779510627341,-0.1629338149299,0.3532324705007,0.2303782892824,0.0379296580403,-0.0521456399389,-0.0625793036962,0.0899007560494,0.2028974397161,0.0739349256731,0.2351563389030,0.1511385296984,0.0256294511918,0.2213276633860,0.3764007993286,0.2107454626441,0.2303893888307
0.2011308216260,-0.0652242430134,0.0653352470741,0.0894729110454,0.1402564147450,0.1641454503806,-0.0054156994843,-0.2857174775057,-0.1299721764520,0.3881340208995,0.4631793669693,0.6074002461105,0.0767731704067,0.2598565638294,0.1665371643863,0.1019203976162,0.1252517719077,0.1409629894677,-0.1258716347598,0.0507131192802,0.5647668353972,0.3023731096814,1.0000000000000,0.3315783424431,0.3082081055805,0.5584649639772,0.6186056672511,-0.1590963745987,0.0502041560051,-0.0549397349479,0.3045255330567,0.5831148555265,0.3452207416645,0.2022666080381,0.1176236222659,0.0110473974327,0.5135919745726,0.0797137359286,0.2068871800988,0.1914214742168,0.0817752547448,0.2450601818793,0.3870734315969,0.2688532680753,0.1315035960056,0.3487396099526,0.3048725585171,0.0889150009035,0.1083596469624,0.4366138445373,-0.0124580675000,-0.0927793898971,-0.0531891745091,0.0410612139570,0.0157123875311,-0.0386712352804,-0.1546572187619,-0.3631562590628,-0.1613865142701,-0.1040317513209,0.2611685247007,0.4635207751883,0.4624338237552,-0.0771890454675,-0.1357099218948,0.0221045492375,-0.1125025832672,-0.0307863211993,-0.1447955119042,-0.0997337422499,0.4814578113112,0.7435036126826,0.2031365137665,0.2648615025931,0.4340304249203,0.3762214979572,0.4372267008296,-0.1171170162146,-0.0756554378164,0.1558152932190,0.3738904762117,0.4105952820459,-0.0735704611488,0.0186663013990,0.1811722652433,0.2467700753410,0.4186110463931,0.0444757176775,0.0741925057930,0.0530535795595,0.1501706525150,0.2959546158638,0.1570144233256,0.1861164786072,0.0608751429442,-0.0178947670775,-0.1231029580219,-0.1168039318650,0.0727555786692,0.3056079176231
-0.0294876795018,-0.1226702908201,0.1486290672115,0.3597559513267,0.1480376701930,0.3096016927580,0.3355470973747,0.1048178258649,0.4235288818359,0.2471135961614,0.3821099447050,0.2755299184446,0.2760370673436,0.1014826271478,0.3396197968160,0.4866946637948,0.3209731227311,0.3867737370422,0.3725679901412,0.6069819158054,0.5336998776530,0.1236073437185,0.3315783424431,1.0000000000000,0.5129207640090,0.3045200044520,0.4745665615867,-0.1816445187323,-0.0482265137402,-0.1908994097982,0.5437667539352,0.2112475889736,0.2374290297177,0.0114465921407,0.4803241320638,0.5815093224563,0.5106415277990,0.5021469659152,0.4819112546999,0.0863649832827,-0.0201898893550,0.0437992959786,0.3205657445187,0.2720925014117,0.0845145085499,0.0265449096159,-0.1206931927022,0.3367952468653,0.0249642827392,0.4403875438501,0.0461972486530,-0.0693216397949,0.2098348795679,0.2008000818078,0.2772959588556,0.2254594034111,0.1310141613726,0.0045895467239,0.2952119279982,0.3967482466766,-0.0492773953382,0.2865609022821,-0.0886658136647,-0.0016440387891,-0.0202940660008,0.3817817180189,0.3790105871980,0.2090898366083,0.4078338153353,0.4787981681074,0.3539283190107,0.1693437734270,0.7555883532201,0.5661507848569,0.2423308575734,0.0765376048228,0.3462377402726,-0.1866703512875,-0.1544288102118,0.5761948683362,0.0563754122265,0.1994041342345,-0.3289716995764,0.3093638482850,0.1710714305902,-0.1523369303147,0.5545146945657,0.6658826668231,0.2084519026044,0.3924672547230,0.4198175261731,0.0299387333571,0.1403010585405,-0.0446206829381,-0.2574777544295,0.3123264485620,-0.1193870446791,-0.1894287934750,-0.0453948509323,0.1823025423381
