1.0000000000000,0.5127172940088,0.4610474726880,0.5645373214811,0.8354592927285,0.4423389718956,0.4988253368026,-0.1128934330745,0.0762464717830,0.3655287203387,0.2540629337849,0.3115760973075,0.2290700291209,0.4758866811212,0.2481891166434,0.0949662847326,0.0757071420252,0.1970622781236,0.1194437830765,0.0640981041032,0.2014111103922,0.2543526071444,0.4092357505921,0.2695997666672,0.0209217484413,0.2390719552154,0.2462557464001,-0.3329100370825,-0.3739832253557,-0.3457778602205,-0.0464574493406,0.0257869832227,0.1311994109604,0.2157543693041,0.1891612682759,0.1488732206819,0.3240995780691,-0.0025515852607,0.0260274850292,0.0602107339381,0.1954932115851,0.2499722090677,-0.1076021675485,-0.3031327824717,-0.4169911765633,0.1800602358725,-0.1014544247978,0.1726261345456,0.2313440593690,0.1747697055299,0.8310506338868,0.3746515082647,0.4732799318777,0.5766552129886,0.3786112871703,0.5525507649434,-0.0271000377304,-0.3144351711927,-0.0702475282961,0.0593891606265,0.3885008114093,0.1735984035330,0.3878633828203,0.1907022455397,0.2387728706458,0.0347616724952,0.2856289846200,0.0672213444615,0.1916472302807,-0.0018208443749,0.2678970632490,0.3992146649273,0.3782690822327,0.0372507197108,-0.0383651931263,0.2628646587859,0.3255675186731,-0.0726544461849,-0.2739840775685,0.2034807815784,0.0956796890210,0.2000315930059,-0.2736979388396,0.0169964614989,-0.4412031409343,0.4084893020322,0.3560546761993,0.2855399386753,-0.0198679285748,-0.3580224340447,0.0187126546412,0.0870325504426,-0.1851204104049,0.1082029277389,0.0661748673244,0.0558702253675,0.1056733641988,0.1696776902205,0.0069482403143,0.2229637731524
0.5127172940088,1.0000000000000,0.5761246227035,0.2794420966841,0.3757395404416,0.2325465731633,0.2881340483548,0.1779980512524,-0.1388261431433,0.2999815542395,-0.0584498670101,0.1276960830059,0.0945989043898,0.4997840647211,0.1704486082433,-0.1979622716757,-0.1156273746711,0.0065239852350,0.0334597180194,-0.0470852715056,0.0495412751376,0.2109356889499,0.1193432494994,-0.0676560337125,-0.1480522498702,0.1032708701107,-0.0071384982486,0.0397490843378,0.0882649568340,0.2142326867898,-0.2417174465539,-0.2296444116449,-0.0477029079242,0.2672423174712,-0.1153180766201,-0.0802418865501,0.0086544997242,-0.2817841188466,-0.1827981857241,-0.0143795512619,0.1929739081242,0.0347914930804,-0.4251725316236,-0.2759990542646,-0.2459053528546,-0.1794201568681,-0.1075456910232,-0.1201646916039,0.0983480770686,-0.0082183634669,0.4942072853418,0.7102672909167,0.2460473287653,0.4355076386835,0.0216918607621,0.2058288082405,0.2418279219539,0.0260005343978,-0.0467897619339,-0.0830884338153,0.2466642462599,-0.0089939648953,0.2241866016778,-0.0187697599911,0.4252894819499,-0.1757009205490,0.0306344826130,-0.1612179661642,0.2343337446520,0.0534846030733,0.1715968495957,0.2514155841297,0.0342977516066,0.2089584048107,-0.1740237345565,0.1311357382438,-0.1271514398574,0.1644129566084,0.1207028290727,-0.1554709978376,-0.1910235394608,-0.1162081558034,-0.0236405482879,-0.2518966414109,-0.2185437763609,0.2644991525455,0.0282319273366,-0.0386439469982,-0.3122494247173,-0.0907565356310,-0.1495451293567,0.0451264915373,-0.1010454108645,-0.0847022012316,-0.0908408610111,-0.1743484302336,0.0451601979148,0.1132918412988,-0.2569319299579,-0.1323198160294
0.4610474726880,0.5761246227035,1.0000000000000,0.2750863411081,0.4461395568987,0.6376452470408,0.4267176650631,-0.0354796404145,-0.1034262124351,0.4897617646558,0.1662788051143,0.3907907485824,0.1954894805400,0.3465489657992,-0.0015062004938,-0.0667289948953,-0.0606120236504,0.1668333700631,-0.0615794702642,-0.0661718499695,0.1199101447697,0.4031600671590,0.2623753496583,0.0983797942112,-0.1570862050664,-0.0429165743522,0.2567116298623,-0.0173765788077,0.0175008284043,0.0367412169559,-0.0459367615181,-0.1323144277013,0.1773206458338,0.1107436337960,0.0369997895099,-0.1471701681957,0.1177248868953,-0.2244834136525,-0.0265633508443,0.0785007456683,0.2748805386180,0.1129202884342,-0.2932096578410,-0.3371982591769,-0.2506522404931,-0.1409879850721,-0.0106773599311,0.0970711599711,0.3744632503533,0.1806128034243,0.6019922297148,0.5870185770035,0.3661145588723,0.7935843215542,0.5012857167913,0.2263047029978,0.0682414291412,0.0277212603298,-0.0970150966828,-0.1259416923387,0.4348742956695,0.3484228593867,0.3695996102375,0.1456346514778,0.5982475311371,-0.0686366176374,-0.0021617716692,0.1673593600172,-0.0202712312439,-0.1385836843880,0.2826620789943,0.4265330960671,0.1713561323960,-0.0867972624532,-0.1358171933425,-0.1702202545378,-0.0930007094122,0.1031328234796,0.1405241916218,0.0198607065318,-0.2094480430400,0.0015665119664,0.0594808665705,-0.2389824972550,-0.3133980275402,0.0806839626607,0.1166319195686,-0.0058310131921,-0.2444114206339,-0.3028706605492,-0.0143064317359,-0.1739237287221,-0.4068389222102,0.0079643040049,-0.1208587429617,0.0653323368403,0.3133300110213,0.3260030817851,-0.0061399294701,0.0449556308156
0.5645373214811,0.2794420966841,0.2750863411081,1.0000000000000,0.5108999000814,0.4693603800763,0.6560529469006,-0.1722734533907,0.2009060034640,0.1106725546841,0.2340153073002,0.2382248222504,0.1964876951137,0.1909221320372,0.5157999213267,0.3492384528587,0.1816769401153,0.1929769099325,0.3076379144085,0.0950040033590,0.1871479937204,-0.1041726303189,0.2834188479002,0.4021540256944,0.0485372910281,0.3019720547308,0.3389163538334,-0.3524953785948,-0.4582854913981,-0.4651931420226,0.0749295367674,0.1602476275811,0.0950402198286,0.0955505085852,0.4047168247710,0.3770270301010,0.2752340588898,0.3015928027311,0.2895001892206,0.2323275103226,-0.0812572609595,0.2187723543784,0.2673931623355,-0.0621713283852,-0.2720583209208,0.0908937140209,-0.2395200860026,0.4323918423109,0.2343189746672,0.2540828297373,0.5384085062866,0.1715131596329,0.7076713004093,0.4413448569341,0.4377148408564,0.8253464553647,-0.1563706637929,-0.3444959671111,-0.1306548695132,0.1675088453531,0.1120518321104,0.2080715675599,0.1971144371308,0.1571844212441,0.0427537602243,0.3904585449040,0.3949273033756,0.1390312699336,0.2208591100377,-0.0558210758648,0.1027733991489,0.1187263750434,0.3736141636841,-0.1904605371934,-0.1361213793708,0.2204501404139,0.3390804405644,-0.1383413874958,-0.3797622638649,0.2331520330608,0.1100315279834,0.1031648514863,-0.3796570434764,0.2603693933208,-0.3978019386513,0.0673294468365,0.3402505581181,0.4347411254339,0.1239885483007,-0.1213582661519,0.2413020326007,0.2032239748226,-0.0926015286039,-0.1090306851550,-0.2972534914372,0.3601258627714,0.2858064675003,-0.1258490155000,0.0302113856006,0.1266554599523
0.8354592927285,0.3757395404416,0.4461395568987,0.5108999000814,1.0000000000000,0.4963294671069,0.5259036379904,-0.0218828675905,0.1249541441292,0.4548615266714,0.2966331263532,0.3593519894392,0.2831820540979,0.4557001246041,0.2362627707109,0.1200360987249,0.1925011433793,0.2813238929030,0.1351846860941,0.1413729039776,0.2450130181137,0.3652605099799,0.3584511187076,0.1902863189386,0.0978618191021,0.1817450479751,0.2952556017481,-0.3387694484842,-0.3421398704884,-0.3634531516863,0.0204735481810,0.0142869380320,0.1640082313987,0.1273286860327,0.1794302189296,0.1686162736146,0.3383865823333,0.0421281654681,0.0504551965035,0.1180829083726,0.2845036122401,0.1612459583738,-0.1230842063703,-0.2892743052691,-0.3886418294597,0.1512164117346,-0.1644462654288,0.2691152991982,0.3778836015033,0.0892322596994,0.8562325570424,0.3589583078276,0.4241852815459,0.6247251267438,0.5319399023870,0.5331322517156,0.0283324875100,-0.2060333520407,0.0525589951931,0.1014880185697,0.4088024555900,0.2770738191164,0.4469510578614,0.2293342212184,0.2058648506581,-0.0067079609682,0.2789414415187,0.2251570339521,0.1965106633860,0.0618266543369,0.3360245381848,0.3585935816696,0.3646650290416,0.0634698787166,-0.0020461640830,0.1608521445390,0.2359178461914,-0.1228749353676,-0.2760626574712,0.2367021107514,0.0411919415134,0.2258262222936,-0.3686918627464,-0.0065537615998,-0.4792623434067,0.2587278103380,0.3462103804510,0.2516866144239,-0.1114494466682,-0.3418339445637,0.0493329721057,0.0792328511878,-0.2637244043552,-0.0048798424320,-0.0677777071740,0.1533716683150,0.2379747387275,0.2145084625176,-0.1235030911085,0.1451850520748
0.4423389718956,0.2325465731633,0.6376452470408,0.4693603800763,0.4963294671069,1.0000000000000,0.3958519762629,-0.0657979092974,0.1938171751547,0.4884679926347,0.5277955566914,0.5305466369682,0.3920040210591,0.2503260827562,0.3397665188722,0.2401006019725,0.2178086269282,0.4372479981900,0.1165190331270,0.1245617522811,0.2164310663979,0.3493869535620,0.4483059757468,0.5028765079642,-0.0351744204610,0.1053855656921,0.5052202313360,-0.1788941367798,-0.2090594051639,-0.2505251422418,0.2042461502736,0.1567758169706,0.3006718787106,0.0496744419483,0.3005340021075,0.1714774460107,0.3253266369068,0.1591344617491,0.3077802419251,0.2163039575087,0.2083886718548,0.2832119406087,-0.0238391849988,-0.2001715657932,-0.2228388530125,0.0758813661542,-0.0565249115456,0.5734875862340,0.5316523521729,0.3616269644617,0.4739352703815,0.1284305950848,0.4830683244281,0.8602045312346,0.8158463845475,0.2954531007447,-0.0583356705908,-0.0724389814177,-0.0622201537962,0.1158496871529,0.4229202063024,0.5754712081647,0.4200791036298,0.3187022229888,0.2750929818209,0.2488907091662,0.0986393285016,0.3918289114665,0.0089348009282,-0.1271184580024,0.2643341713682,0.4514812472236,0.4381874799688,-0.1909112258105,-0.1203590582458,-0.1407520085590,0.2853462230866,-0.0601044525560,-0.1111942636049,0.3486245377187,0.0224464433342,0.1775941201757,-0.1458726543508,-0.0608032406399,-0.3482673324796,-0.0437151814690,0.3349560087637,0.2264991662560,-0.0362059802085,-0.2338016646703,0.3358875233828,0.0458113758494,-0.3475711504831,-0.0827341472158,-0.1468944642484,0.4688882863345,0.4065688483291,0.1701692570219,0.1612152163766,0.2010467262595
0.4988253368026,0.2881340483548,0.4267176650631,0.6560529469006,0.5259036379904,0.3958519762629,1.0000000000000,-0.0404189022091,0.1350228181064,0.2082935699264,0.0587605150250,0.2101166522985,0.2298369094881,0.0846164221549,0.2812462202245,0.0717131967936,0.0398282444068,0.0522191962117,0.1485237046829,0.0473727141486,0.0829556058292,0.0027025450467,0.1784837505310,0.1174057250698,0.1213406578754,0.2115978742002,0.2906926445116,-0.2763039075005,-0.3151763646340,-0.3409189319136,-0.1237849211484,-0.0770237763734,0.0073083594519,0.2356132013860,0.4954017534799,0.2071138979405,0.4158445437894,0.0919701051461,0.3714116733404,0.3116657144557,0.0795578041024,0.1837268733666,0.0343817881103,-0.0460286255865,-0.2019325348707,-0.0163055612952,-0.2873717232649,0.3629408138348,0.2007695819643,0.2309214764667,0.5621612484264,0.3743822134596,0.4149326065950,0.4738726833987,0.3917168111325,0.6846647756316,0.0370161349277,-0.1836483484333,0.0240573330681,0.1089001111483,0.1543413905910,0.1384978414500,0.2713114992623,0.1916779245122,0.0599857419248,0.2350910633534,0.2580466641724,0.1061639582136,0.1845416131576,-0.0367044756555,0.1698885576479,0.1474340170868,0.2348803645498,0.0638673012576,-0.1449653444282,0.2045268779784,0.0760262924378,-0.1250111740819,-0.2432346937936,0.0031414800868,-0.1737891603314,-0.0316962056597,-0.3834947557640,0.2061550379703,-0.3971105826726,0.0635759343519,0.4375473097582,0.4897629679461,0.0653786288134,-0.1606518058424,0.3112497559149,0.2203135172018,-0.0725526003620,-0.1379807377643,-0.3041545142004,0.3516027396605,0.1507604390894,-0.0152050468738,-0.0752195972786,0.1136735669680
-0.1128934330745,0.1779980512524,-0.0354796404145,-0.1722734533907,-0.0218828675905,-0.0657979092974,-0.0404189022091,1.0000000000000,0.3542811651297,0.2069295856335,0.1654865290768,0.2259988988096,0.2665459292523,0.0076159979179,-0.0441550398974,0.0630091006192,0.3603093129254,0.3694989665482,0.4475121936053,0.5775433348454,0.1517979305854,0.1994836224902,0.0777944692766,-0.1446988268905,0.3052558350766,0.1067739301371,0.1138574436638,0.1627342849493,0.1832253720304,0.2241187671941,0.0456651470492,0.0321856939503,0.1488555419650,-0.0230126679974,-0.2381622188427,-0.0094276892167,-0.1308224768264,-0.0382583325007,-0.1698901415837,0.0097552373094,0.1418248079533,-0.0740403520693,-0.0401482901051,0.2121598562151,0.3465733122570,0.0599723602995,0.1063656284276,-0.1781578905402,-0.1737757387895,-0.1827075484659,-0.0715114372458,0.1025007036540,-0.3530588444788,-0.0231174110581,-0.1663577568571,-0.0649427538297,0.6402245249313,0.7615620938325,0.5380424005216,0.3719272227946,0.0805963674933,0.1542981133710,0.1939569615296,-0.0017808442555,-0.0949489541903,-0.3207716526748,0.0573087705263,0.3015032196364,0.3343378812566,0.6019320975968,0.1948915094665,0.0250102308362,-0.1308036349224,0.6135651642789,0.0386043287574,0.0046083840273,-0.1382645351804,0.1055270954680,0.0865294532124,0.0553447909491,-0.1270727783404,-0.0280627987705,-0.1174094786839,-0.1151507238571,0.1880512624569,-0.1381165934727,-0.2117872426913,-0.2258933339275,-0.3308409678588,0.1896883198056,-0.2150843592590,0.0305011778342,0.1488909961170,-0.0815628766094,-0.0991043185355,-0.2118369458918,-0.1960489431418,-0.0744791463456,-0.2684514003357,-0.3731663446416
0.0762464717830,-0.1388261431433,-0.1034262124351,0.2009060034640,0.1249541441292,0.1938171751547,0.1350228181064,0.3542811651297,1.0000000000000,0.2730693682122,0.5074621812981,0.4298509216387,0.3709483925613,-0.1538704593043,0.0148134588796,0.3592498567234,0.4025217660606,0.4727022805383,0.5974019893120,0.6784695293407,0.3050181494182,0.1072056695941,0.3413324871618,0.4819986947349,0.6222866747774,0.3368885462407,0.4433211031409,-0.1075721188751,-0.1560573567900,-0.2528917658894,0.2537919418483,0.2165341359811,0.3013228945038,0.0019939266183,0.0265289786447,0.1602439809419,0.1841117785965,0.3445695781477,0.0825330373068,0.0853084345869,-0.0625590248623,0.1168561291695,0.1009210820677,0.2507770644267,0.0906349397503,0.1696582576303,-0.0288754201640,0.1348659216443,-0.1453197588695,0.0377430971960,0.0780296537778,-0.2120094727805,0.0354391283947,0.1294527742438,0.1810292257350,0.2404693706277,0.2822275455902,0.1658046729107,0.5032012398397,0.8987447848666,0.1598460816849,0.3930815366514,0.2286186190354,0.1720452738240,-0.2477282614101,-0.1716248812907,0.0975973807128,0.4484499554068,0.1449882019355,0.4098233036950,0.3040400961667,0.1361665064063,0.3904581277862,0.3134773051676,0.0702592500521,0.1356453632706,0.3056212816368,-0.0977972640729,-0.2161862568326,0.4949569680436,0.0745524222470,0.1781886916583,-0.4275346269878,0.0055682748750,-0.0407867672287,-0.0661584726455,0.1344057172605,-0.0328058553545,-0.0954446969385,-0.0390152733078,0.0227056906987,-0.0310615344133,0.0900438791462,-0.0329238586692,-0.1471192696717,0.0508503756403,-0.1635567174007,-0.1900169342436,-0.0350139820735,-0.0955573403266
0.3655287203387,0.2999815542395,0.4897617646558,0.1106725546841,0.4548615266714,0.4884679926347,0.2082935699264,0.2069295856335,0.2730693682122,1.0000000000000,0.4922427965272,0.7073090503091,0.5499154617136,0.3230956027099,0.0199165759884,0.0867698641075,0.2714048801148,0.3869572310243,0.2238609238638,0.3209632861842,0.4645061337380,0.7419458097607,0.4961140757088,0.2656338711797,0.1276031712610,-0.0134405736396,0.4430707733543,-0.2684964667689,-0.1268239174666,-0.1494912683813,0.1357835335168,-0.0229859752167,0.4017921818453,-0.0969801896170,-0.0446369732623,0.0002757622100,0.1444543982425,-0.1480757699709,-0.1734329604773,-0.0687424687631,0.3224508697421,0.1749594041131,-0.3385034431469,-0.3953650062020,-0.2512168039941,0.0024589507218,-0.0573792259227,0.0373907639438,0.2822302775170,0.1549899671619,0.4253362362539,0.2458988563523,0.1594698849607,0.5368711567376,0.4277284634764,0.0955957434610,0.3328325534439,0.1351511634990,0.2004010017560,0.2522050557724,0.7706969875858,0.5394207728511,0.6756496481257,0.4034283161096,0.2815507395568,-0.2317187169647,0.0884725662243,0.4017427242744,0.1937250225789,0.2273337147580,0.5559190775364,0.6237569797052,0.3995145029016,0.2716656620324,0.1385025207508,-0.0902920169604,0.0863120310521,-0.1650545619058,-0.0861110663151,0.3074468089662,-0.0296777831155,0.3478744052371,-0.2016512275241,-0.2310976359321,-0.3471924144687,0.0596371573746,0.1554586561804,-0.0300414691401,-0.2771576537186,-0.3484243130690,-0.1242953386060,-0.2133469492895,-0.3952556114983,-0.0789415094148,-0.0596713329539,-0.0620919708453,0.1320578812372,0.4385743350128,-0.0759766585966,0.0776481573044
0.2540629337849,-0.0584498670101,0.1662788051143,0.2340153073002,0.2966331263532,0.5277955566914,0.0587605150250,0.1654865290768,0.5074621812981,0.4922427965272,1.0000000000000,0.7060111687309,0.5663978340059,0.0058230559054,0.1399538928095,0.2734138190200,0.4252739853755,0.5524735242962,0.2453438609093,0.3760194734074,0.3705860956597,0.4342841877118,0.6910406815244,0.5370464642209,0.1891620057277,0.2538181432190,0.5505992250777,-0.0366382906987,-0.0741755782315,-0.2468780704052,0.2847822311105,0.2379491500188,0.3969903403407,-0.0227732559891,0.0665500892055,0.0137211645904,0.2678418099955,0.1227459983334,0.0907126887248,0.1642052030239,0.1738412727396,0.2545518249953,0.0705874975154,-0.0210217963528,-0.1022141037270,0.3314665073614,0.0076234385913,0.2364418964387,0.1389628898565,0.2647112135713,0.2514291548632,-0.2133347657280,0.1681841045902,0.4258540642286,0.4107838041407,0.1529830660956,0.1218297313428,0.0530971021486,0.1087974660343,0.3779016667204,0.4953503164074,0.7865938414568,0.5288533891840,0.4492179358202,0.0114861371080,-0.0155192698364,-0.0305016402817,0.5450562865599,-0.1295748569681,0.0677790285084,0.3931642503651,0.5468903051079,0.4749906356049,-0.0185612859190,0.0759553489443,-0.0461515067597,0.3424926681202,-0.0048693488387,-0.0452697971579,0.4852869296803,0.1144145100057,0.3098555239034,-0.2370288416475,-0.1077964010770,-0.1859287729039,-0.0807998457550,0.2452123783347,-0.0245799832757,-0.0442102538928,-0.3134039742290,0.0649885120992,0.0574678079289,-0.2803534696649,0.0922047568768,0.0015032030587,0.1136207614157,0.0993938542339,0.1431783710632,0.2169899103782,0.1966488037181
0.3115760973075,0.1276960830059,0.3907907485824,0.2382248222504,0.3593519894392,0.5305466369682,0.2101166522985,0.2259988988096,0.4298509216387,0.7073090503091,0.7060111687309,1.0000000000000,0.7036832212339,0.0882899534939,-0.0056382108554,0.2353320779480,0.5156941291132,0.6534363886583,0.2918180252775,0.4346702888271,0.5198547317755,0.5533247589757,0.7797671289517,0.4060763438387,0.2246830109188,0.2124478085041,0.5692081522587,-0.1855537965991,-0.1278284508500,-0.2930402583322,0.2942275947853,0.1356780025547,0.5290253363106,-0.0900784975938,0.0295192990548,0.0248759871360,0.1566836144811,-0.0406738379203,-0.0867251529766,-0.0447936685450,0.0757228333937,0.1243714743498,-0.1764469261988,-0.2548075909736,-0.2183206108537,0.1475099748510,-0.0804794565732,0.1332184892069,0.1160076817159,0.1283961305962,0.3586258493106,0.0293798513503,0.2041141801438,0.5392699961947,0.3962446330011,0.1842835473782,0.1810657725823,0.1180832874579,0.1802771280982,0.3016506850672,0.5836180603757,0.7156906021256,0.7388053801751,0.5130004731181,0.1689391850560,-0.1651606255738,0.0474655720634,0.5935078278560,0.0346137626842,0.1680889296363,0.5452790192309,0.6952566520432,0.4201985364849,0.0582948784021,0.1134209704520,-0.0405765209905,0.2233768648725,-0.1130337948125,-0.1182816353049,0.4979798126673,0.0435302811690,0.3809263506204,-0.3269072997667,-0.1837155336151,-0.3111566901739,0.0114401031816,0.1564725345272,-0.0300709263106,-0.2627069089321,-0.3913193752989,-0.0814064866195,-0.1816324224212,-0.4343232827780,-0.0922383425097,-0.0195997407499,0.0180558195944,0.0622293213516,0.1859198548964,-0.0358799853325,0.0098688762653
0.2290700291209,0.0945989043898,0.1954894805400,0.1964876951137,0.2831820540979,0.3920040210591,0.2298369094881,0.2665459292523,0.3709483925613,0.5499154617136,0.5663978340059,0.7036832212339,1.0000000000000,0.0922375727996,0.0701136120496,0.3055914536078,0.5018775512230,0.4518708965850,0.3040879100804,0.4800105831190,0.3945576253514,0.3920254562998,0.5522220207869,0.3233006120800,0.3834670377189,0.2627219992780,0.5186892826941,-0.1569708011048,-0.0509826838937,-0.1710711499022,0.2763007148008,0.2361532191609,0.5617650548034,-0.0165715949582,0.0345460246539,0.1266005588213,0.1980913071033,0.0713779796638,-0.0327631661802,0.0633863335198,0.1925037622526,0.2486718986455,-0.0210647740256,0.0092654696548,0.0250493870843,0.2322665799406,0.0589310628155,0.1008262637331,0.1086711113242,0.2645335217315,0.2646321935394,-0.0275362261998,0.0325872468680,0.3649125914536,0.2523432178023,0.1716212589612,0.1948635451551,0.1291808981001,0.1881740913711,0.2596169892173,0.2755456620752,0.5499343728168,0.5328561435989,0.6460142546426,-0.0607657757208,-0.2275964478320,0.1188467908892,0.4103435829023,0.0621898730284,0.2274629410110,0.2490170594750,0.4027198919627,0.2720753260055,0.1946576998093,0.0633255614598,0.0218618377203,0.2196185623120,-0.1496965623912,-0.1459098296987,0.3666889746883,0.0641176953502,0.2674548356237,-0.2843030935707,-0.0146249794952,-0.1726273256235,-0.0254351556561,0.1111908255843,0.0377661637555,-0.1707417792246,-0.2646320417628,-0.0635917149876,-0.0523486330084,-0.1808885503511,-0.0050843152166,-0.0526270370500,0.0080395606299,0.0467652494925,0.0124953169757,-0.0073370382052,-0.0437301085306
0.4758866811212,0.4997840647211,0.3465489657992,0.1909221320372,0.4557001246041,0.2503260827562,0.0846164221549,0.0076159979179,-0.1538704593043,0.3230956027099,0.0058230559054,0.0882899534939,0.0922375727996,1.0000000000000,0.3247038497503,0.2637391066425,0.1424154229162,0.1983259469456,0.0832321861872,0.1138468004723,0.1815393670590,0.3357862744541,0.0767160677979,0.0238704174205,-0.1477457590817,-0.0447584767929,-0.0105157762892,-0.0957540561851,-0.0390572892769,0.2483980221807,0.3097720382578,0.2409266824320,0.2762560217648,0.0315773036451,0.0113188267025,0.2459420046086,-0.0350460056256,0.0371727169730,-0.1070024146292,-0.1704995128372,0.2612061112110,0.0578433733913,-0.1040487237311,-0.3693209377518,-0.0761821320448,-0.0296593490069,0.1875927579919,-0.0156415772987,0.4579868640554,0.0695515365100,0.3819875956419,0.4600452186111,0.3273935414851,0.3658388229431,0.1854673853685,0.0810956390423,-0.0199217252775,-0.0369426960000,-0.0739924485508,-0.1543020139470,0.2432056898758,-0.0012564339031,0.1486830107087,0.0437534837413,0.5543219690832,-0.0329203084107,0.3093179614889,0.0627399137540,0.2086228236941,0.1132191661037,0.0596226460732,0.1158337837471,0.0466810027367,0.0218794185629,-0.0250226075685,-0.0498149048080,-0.0566924323225,0.0319174319607,-0.0511745181366,0.2197755556038,0.1647640978902,0.2862781232157,0.1206265490900,0.0195298632915,-0.2047857783267,0.1588349761235,-0.0430736679824,0.0587205865654,-0.3018966137465,-0.1423916189995,-0.1231037294321,-0.1180993068539,-0.2638804637676,-0.0895380154253,-0.0116475606191,-0.0995053143914,0.3449433687761,0.1692510235056,-0.1584580138988,-0.0361051169689
0.2481891166434,0.1704486082433,-0.0015062004938,0.5157999213267,0.2362627707109,0.3397665188722,0.2812462202245,-0.0441550398974,0.0148134588796,0.0199165759884,0.1399538928095,-0.0056382108554,0.0701136120496,0.3247038497503,1.0000000000000,0.1181749333102,0.0553478122978,0.1049683432319,0.1222599498482,-0.0226110141709,-0.0914375762695,-0.0694861153665,0.0603491605835,0.3124687779412,-0.1109953845139,0.1200473358743,0.1437160413093,-0.0782758197569,-0.1923084363730,-0.0434227351453,0.0583828230467,0.2063495541333,-0.0411936077062,0.1482833773994,0.3548289988653,0.3601659816290,0.3763876637163,0.3935710872507,0.5726017425419,0.3769865565879,0.1803663995402,0.3426036410673,0.3759582355419,0.1677166824776,-0.0012210751450,0.1511458613706,-0.0828751513184,0.5034480250840,0.4079964185463,0.5093856562984,0.1375109775678,0.0028112526455,0.3114698276332,0.1941230440398,0.2515487736841,0.2695224475190,-0.1920342825608,-0.1500348233479,-0.2197049657454,-0.0127215304861,-0.0110540070726,0.0694759441234,0.0274800363831,-0.0258660494865,-0.0122935538407,0.6351331886695,0.1618168456226,-0.0141804791649,0.2213398861758,-0.0864581164030,-0.1831924560726,-0.0096833232612,0.1459505120918,-0.0897476119973,-0.2296114880663,0.1153565409587,0.2793660181623,-0.0108729201165,-0.1893653355529,0.0591796910242,0.1439184444762,0.0220049541311,-0.0664272902004,0.2904261825053,-0.0603852048853,-0.0689250536123,0.3768156967246,0.4694518138617,0.3128580013354,0.1997892021946,0.5321556545774,0.4814945805153,0.1676838150214,-0.0418167801526,-0.2134061913848,0.4653661489998,0.3691728668556,-0.0696887371267,0.2743324846615,0.2099545607667
0.0949662847326,-0.1979622716757,-0.0667289948953,0.3492384528587,0.1200360987249,0.2401006019725,0.0717131967936,0.0630091006192,0.3592498567234,0.0867698641075,0.2734138190200,0.2353320779480,0.3055914536078,0.2637391066425,0.1181749333102,1.0000000000000,0.5960668229297,0.4737054484970,0.5139750393881,0.5549594377425,0.5000340197362,0.0126354044832,0.2191066152212,0.3829628024577,0.2276743986287,0.1752341762292,0.2725355361244,-0.1644440751530,-0.2231437662062,-0.1294187330939,0.8235462716399,0.6549709636402,0.6072442675807,-0.1923211692170,0.2433999626517,0.6458644248830,-0.0289865121297,0.4283986794701,0.0666903489218,-0.1702403404845,-0.1405845288528,0.0474265629912,0.4593288662037,0.0058062672166,0.2373142802827,0.2157048918892,0.2714932471697,0.1267114831250,0.0063846847699,0.0529675020127,0.0299928137927,-0.1702358695218,0.2954087022574,0.1700530908588,0.2644745389577,0.2902110059266,-0.1090099243546,0.0523082131687,0.3047892930543,0.3266681163730,-0.0551020164640,0.1787485824105,-0.0448204211983,0.1252657386092,0.0126245416599,0.0207041646427,0.6883331771169,0.4423862769952,0.2273166035613,0.3913758850784,0.0559199596885,-0.0607070678932,0.1948156716994,-0.0351865101521,0.3763353320090,-0.0257534770390,0.2908785430158,-0.1396058340957,-0.2676679479750,0.7412109900176,0.4492319014228,0.5010246187620,-0.0572288576966,0.4520949792417,-0.0426446176731,-0.0698364411676,-0.0439677673985,0.2335534422739,-0.0369541086805,-0.0709352508392,-0.0567675588274,-0.2435012136824,-0.1065375262250,0.0460931685819,-0.0637003496481,0.0658849817243,0.0796978744637,-0.2248470637923,0.0314577267562,0.0096596035190
0.0757071420252,-0.1156273746711,-0.0606120236504,0.1816769401153,0.1925011433793,0.2178086269282,0.0398282444068,0.3603093129254,0.4025217660606,0.2714048801148,0.4252739853755,0.5156941291132,0.5018775512230,0.1424154229162,0.0553478122978,0.5960668229297,1.0000000000000,0.7475135989019,0.4758583989474,0.6067916797487,0.6105876400378,0.2865653440137,0.3831360188596,0.2499388820000,0.2359784276353,0.2681557652259,0.2650063734749,-0.1842519702659,-0.1115789892036,-0.1938528503385,0.6079439630843,0.3420052449057,0.4888291981529,-0.2274362968865,0.0172306251713,0.3597700707715,0.0555733968285,0.2674082007543,-0.0783829338784,-0.1411725912769,-0.0618125138178,-0.1064413983195,0.1235839653542,-0.0191193518123,0.0800008048621,0.1327530359293,-0.0260381018042,0.0495996924230,-0.0602441613563,-0.1252828049562,0.0114860806270,-0.1707603009359,0.0764066593282,0.2135631205144,0.1904878946053,0.1753905159747,0.1351294313277,0.2004165104266,0.3449295593246,0.3094735077712,0.1079106314705,0.3749563048511,0.2966881039065,0.3433143570782,-0.0042513326641,-0.1237534874298,0.3548298889709,0.6972607786310,0.1789140569660,0.4123294225885,0.3787516894269,0.2215456493926,0.2371831785166,0.1058467596019,0.3517915134712,0.0724226918879,0.2552629904177,-0.1647991069436,-0.1867370130612,0.6587017935868,0.2387425377386,0.5328107066259,-0.2986485431737,0.0758497576568,-0.0501030828978,-0.1125057581914,0.0202782481492,0.0120670469795,-0.1753417272663,-0.0828492408075,-0.1347622733317,-0.1426928286456,-0.0913617847799,-0.1356334817049,0.0040771292520,-0.0525892215122,-0.0620481198244,-0.1174048311570,-0.1727649787335,-0.0450268066031
0.1970622781236,0.0065239852350,0.1668333700631,0.1929769099325,0.2813238929030,0.4372479981900,0.0522191962117,0.3694989665482,0.4727022805383,0.3869572310243,0.5524735242962,0.6534363886583,0.4518708965850,0.1983259469456,0.1049683432319,0.4737054484970,0.7475135989019,1.0000000000000,0.4675527598800,0.6341819780542,0.4663941131471,0.3403734928349,0.4450414287083,0.4120185730924,0.2376603416014,0.1440447804977,0.3286809820411,-0.1917720367564,-0.1617284606072,-0.1833965142760,0.5393028885649,0.2624880727286,0.4676170989207,-0.1683103335781,-0.0113503447065,0.1921022453221,0.1419988693220,0.2392286746193,0.0642219852181,-0.1174460131019,-0.0045815638965,-0.0178379475480,0.0113387838501,-0.1574625214424,-0.0866179570056,0.0857939173448,0.0042200687604,0.1288791763629,0.0703694155928,0.0168904476022,0.1692172248862,-0.0305827842265,0.1640581642617,0.4355969303905,0.3591368859477,0.1680336064467,0.1298436091527,0.2759651498423,0.3285109253767,0.3510220187899,0.2984472899262,0.5383330784503,0.4389381755351,0.3226725068085,0.0972709125074,-0.0755774455681,0.2021689055032,0.8144132343183,0.1175662199679,0.3151834822913,0.4606753759387,0.3339399248045,0.3219099495641,0.0476048702592,0.1471713408091,-0.0510117080273,0.2226206652877,-0.1500728527927,-0.1732078859513,0.7227940631939,0.1576303793820,0.3770236590921,-0.2886454154365,-0.0729935542834,-0.2236293633913,-0.0960317854204,0.1062990556022,-0.0353197886245,-0.2218775655670,-0.2425862205560,0.0175521411613,-0.1809574481302,-0.2928834385120,-0.1501471120326,-0.0224372345276,0.0013935590240,-0.0274182158039,-0.0343581718374,-0.0672370861615,-0.0334615215499
0.1194437830765,0.0334597180194,-0.0615794702642,0.3076379144085,0.1351846860941,0.1165190331270,0.1485237046829,0.4475121936053,0.5974019893120,0.2238609238638,0.2453438609093,0.2918180252775,0.3040879100804,0.0832321861872,0.1222599498482,0.5139750393881,0.4758583989474,0.4675527598800,1.0000000000000,0.6181158790641,0.3854990309249,0.0323307446399,0.2168078135667,0.2871141016004,0.4105121501179,0.2315985761306,0.2709328056302,-0.1213535435249,-0.2033214664993,-0.1805769719186,0.2931841231850,0.2918561169409,0.3122901859472,-0.1262822997737,-0.0143358021613,0.3779201770029,0.0104621721977,0.2372052594298,-0.0613630273658,-0.0348092692071,-0.0905395949658,-0.0332988512104,0.2020757675648,0.1265188548842,0.1464882028522,0.1179234521097,0.0400096194481,-0.0288481728766,-0.1195944785956,-0.0861217067849,0.1018610140036,-0.0585913766262,0.1172538621698,0.1233759443248,0.0870756309961,0.3793156791553,0.2377078635048,0.3461164006131,0.3536389665282,0.6838828059175,0.0772140737919,0.2123789014333,0.1537480606170,0.1146803985477,-0.1239088722698,-0.1291509135278,0.4808596544660,0.4041624734802,0.6476093780538,0.5359227755142,0.2469663406188,0.0432338068318,0.1391654145989,0.3202839707866,0.1467430869207,0.0921390291568,0.1916978581506,-0.0908843896720,-0.2968834068143,0.4469315908951,0.1767866555567,0.1871826287545,-0.3664812283521,0.0910360301095,-0.0322463608574,-0.0934065514947,-0.0319527759383,0.0240350017121,-0.1864658299998,0.0011931038358,-0.1630022434313,-0.0880317174413,0.0998989295450,-0.0286612540034,-0.2884559157996,-0.1260196830328,-0.1174900276781,-0.2821411025873,-0.1771004504040,-0.1855133116638
0.0640981041032,-0.0470852715056,-0.0661718499695,0.0950040033590,0.1413729039776,0.1245617522811,0.0473727141486,0.5775433348454,0.6784695293407,0.3209632861842,0.3760194734074,0.4346702888271,0.4800105831190,0.1138468004723,-0.0226110141709,0.5549594377425,0.6067916797487,0.6341819780542,0.6181158790641,1.0000000000000,0.4182952565419,0.2002091835160,0.3195802154172,0.3134516176333,0.6236421001063,0.2873601514610,0.4048866856479,-0.1260685110555,-0.0799071297449,-0.0542929358922,0.4920338976355,0.3468309842044,0.5359990445931,-0.0841771625100,0.0039813422779,0.3368443677720,0.0500344440434,0.4072127523307,-0.0774384002588,-0.0899477497484,0.0656489004789,0.1164137112631,0.1031547800434,0.1651221175840,0.3257456195035,0.1976870896695,0.1727845614163,-0.0311215767513,-0.1166334674723,0.0293438265035,0.0416763297065,-0.0611424038468,-0.0549396648379,0.1136942879451,0.1166809255229,0.1343594966261,0.3780825180156,0.4299346862031,0.5489926871290,0.5922981013662,0.0723135857956,0.3074701527307,0.1833914227623,0.1412765938760,-0.1577537489548,-0.2727346101792,0.3234209436713,0.5641145455972,0.2980445749787,0.7343784950341,0.2767726411746,0.0749274507940,0.2280412549463,0.4888283650773,0.1877185424720,0.0146086207593,0.2111957331609,-0.0739397632424,-0.1502418676637,0.5583693041249,0.1286050986245,0.3409944497078,-0.2963937911588,0.0633156919649,0.0275803046519,-0.0987713894362,-0.0391580840886,-0.0122605006113,-0.2657593467377,0.0682654662367,-0.1568573087253,-0.1641979924013,0.0454692169041,-0.0551393619063,-0.0579486829725,-0.1043927218863,-0.1449177450195,-0.1200175041615,-0.1383383851455,-0.1709097359763
0.2014111103922,0.0495412751376,0.1199101447697,0.1871479937204,0.2450130181137,0.2164310663979,0.0829556058292,0.1517979305854,0.3050181494182,0.4645061337380,0.3705860956597,0.5198547317755,0.3945576253514,0.1815393670590,-0.0914375762695,0.5000340197362,0.6105876400378,0.4663941131471,0.3854990309249,0.4182952565419,1.0000000000000,0.3963368757732,0.5306003740971,0.3897313983188,0.0746774182967,0.3641035166079,0.2941350058345,-0.1578686943148,-0.0704267533666,-0.2276232925080,0.5188284914017,0.1844566890236,0.4948122950116,-0.2122597526202,0.0504808402484,0.4164841596184,-0.0047480419353,-0.0236362021302,-0.2967110096792,-0.2837946954030,-0.0378554669424,-0.0852577857678,-0.0680646390775,-0.2927121785861,-0.0924074986468,0.0588104537159,-0.0844130851474,-0.1251836390581,-0.1540165859623,-0.1157098745091,0.1923386885300,0.0034104207224,0.2676386919647,0.2309906408019,0.1484515774985,0.1602696965615,0.1617784390685,0.0434800554822,0.3030928196579,0.3030180075581,0.3567901184190,0.3472747801749,0.3510776555302,0.2169238476326,0.2321508434557,-0.2885021849356,0.3887457853855,0.4755105793993,0.2721284384827,0.3496377482928,0.6423189208944,0.4576545732243,0.4345909835377,0.1275531593042,0.5301488699038,0.2232096410893,0.1129516626842,-0.1403827577461,-0.0803292909143,0.5545304568128,0.2310711522273,0.5869926754657,-0.2020483160022,-0.1266342667538,-0.2179194244526,0.0333931330329,0.0698347413839,0.0422193645396,-0.1810711080806,-0.3062745985558,-0.3155685778020,-0.2960681355788,-0.2306628389828,-0.0032601037486,0.0022634779838,-0.1944387444449,-0.0606635029030,0.1374772441321,-0.1288706112281,0.2137053525556
0.2543526071444,0.2109356889499,0.4031600671590,-0.1041726303189,0.3652605099799,0.3493869535620,0.0027025450467,0.1994836224902,0.1072056695941,0.7419458097607,0.4342841877118,0.5533247589757,0.3920254562998,0.3357862744541,-0.0694861153665,0.0126354044832,0.2865653440137,0.3403734928349,0.0323307446399,0.2002091835160,0.3963368757732,1.0000000000000,0.4509090437891,0.1651904241912,-0.0691368414080,0.0689509862011,0.3437692337094,0.0154010591924,0.1304604344484,0.0460092180394,0.1165393439526,-0.0844208369574,0.2251924520123,0.0918668922699,0.0005126664578,-0.0334008938645,0.1344329329720,-0.2391230975158,-0.1643463975936,0.0297833072359,0.5150464452233,0.0410751386209,-0.3223780287329,-0.3719076756964,-0.2201983269441,0.1419395525609,0.0334324987926,-0.0100520915707,0.3468412092516,-0.0096408983666,0.2729978977184,0.1682433846035,0.0108286280868,0.3889651520683,0.2757058869401,-0.1423624292249,0.2819001486448,0.1481353703531,0.1057241716551,0.0605104877489,0.6525677869795,0.4310172569507,0.5754233179159,0.3371126119051,0.3443573191792,-0.2649800016832,-0.0411820039622,0.3235225799150,0.0456407377132,0.1553255579266,0.4994323776247,0.7089552642562,0.3474899602252,0.2143693725601,0.2063623406838,-0.0551785840611,0.0638103670311,0.1025807031247,0.1327866465701,0.2072179328147,-0.0892884335800,0.3108797699299,-0.0045297460044,-0.3144585274255,-0.2044617363528,0.1688140792766,0.1661151488341,-0.0571352957654,-0.2623049804007,-0.2669219986908,-0.1333639033742,-0.0875962872265,-0.3617535454682,0.0784689283307,0.0515979995516,-0.0930512328064,0.2303328204387,0.6010043156888,-0.0656411927619,0.1252064816084
0.4092357505921,0.1193432494994,0.2623753496583,0.2834188479002,0.3584511187076,0.4483059757468,0.1784837505310,0.0777944692766,0.3413324871618,0.4961140757088,0.6910406815244,0.7797671289517,0.5522220207869,0.0767160677979,0.0603491605835,0.2191066152212,0.3831360188596,0.4450414287083,0.2168078135667,0.3195802154172,0.5306003740971,0.4509090437891,1.0000000000000,0.4904657836698,0.2184775840857,0.4597848293023,0.6008672688605,-0.1654084510123,-0.1226093773616,-0.3792828651161,0.2134599128295,0.1607758823079,0.4889229850305,0.0363319998211,0.1216630828056,0.1157044121030,0.2160325364883,-0.0496040724930,-0.1357346352337,0.0184498284123,0.1430495489303,0.3016521097665,-0.1041447072907,-0.1614828022073,-0.1753550152571,0.4006721389904,-0.0791982714829,0.0882422537521,0.0612126793069,0.2367423406064,0.3565324876097,-0.0651075108160,0.2665986818205,0.4185133048022,0.2518815790353,0.2440034493436,0.1136535207995,-0.0232761108695,0.0424366501164,0.2589756513373,0.4701763484926,0.5906155156121,0.5754706138005,0.3932999722615,0.1065009811797,-0.1260720634196,0.0541767462900,0.4056183951424,0.0476081044019,0.1207820114484,0.4467914585526,0.7382938125129,0.4961130763343,0.0604225163250,0.1450864575798,0.1617181970122,0.3690124978679,-0.0527875320997,-0.1070598590092,0.4154235158730,0.0985065086294,0.3781229075084,-0.3290748477637,-0.1904409584263,-0.2448858748461,0.0887377328706,0.2370875881504,0.0618942202468,-0.1092566185018,-0.3395897783730,-0.1439726358162,-0.0250524191015,-0.2776168097384,0.0921416030147,0.0743340821691,-0.0290133398162,0.0339996988017,0.1532088367154,0.0943976374885,0.2477817973157
0.2695997666672,-0.0676560337125,0.0983797942112,0.4021540256944,0.1902863189386,0.5028765079642,0.1174057250698,-0.1446988268905,0.4819986947349,0.2656338711797,0.5370464642209,0.4060763438387,0.3233006120800,0.0238704174205,0.3124687779412,0.3829628024577,0.2499388820000,0.4120185730924,0.2871141016004,0.3134516176333,0.3897313983188,0.1651904241912,0.4904657836698,1.0000000000000,0.1940343120188,0.3958602251575,0.5197886596531,-0.1199659550058,-0.2182077688079,-0.2690406370741,0.2885300448636,0.1738722944130,0.2269484625904,0.1081935687074,0.3872171700221,0.4225764292997,0.4704652313852,0.3086061587220,0.3475124427816,0.1548371837336,0.1107558199277,0.3314465451801,0.1565903139866,-0.0158454307586,-0.1888696785182,0.2561108930360,-0.0820884333299,0.4221070699882,0.1669689370804,0.3503313945833,0.2098793049089,-0.2134703944808,0.4063067917157,0.3221727897831,0.4701790851666,0.2394882400141,-0.0880698516297,-0.2195673772719,0.0362325189153,0.3778043875092,0.2346064092151,0.4172679305633,0.2058996500596,0.1799601610579,-0.0402716711309,0.1729880151861,0.1429562415903,0.3088728785608,0.1007103789566,0.0091688358305,0.2512828364404,0.3521208892509,0.7487486581553,-0.0319046338249,0.0382545001665,0.1206471961111,0.4748154567751,-0.0581104157827,-0.2112885756098,0.5140113690524,0.1088949329414,0.1906245781509,-0.1818810229568,-0.0435588390865,-0.2238375284506,0.0049115391039,0.5097802823055,0.3461073040855,0.1807168218249,-0.1606689449052,0.3449616079588,0.0844658749744,-0.1372711598606,0.0463640864070,-0.0098730627029,0.3499693972278,0.2075850806024,0.0052696468001,0.3153188027560,0.3614626918008
