1.0000000000000,0.4462069819355,0.5626379071869,0.6553700507937,0.7756688740710,0.5850513361789,0.5838691472592,0.0785268134599,-0.1020457152095,0.3394938773733,0.2473442896788,0.4189267198996,0.1538665566566,0.6965531285239,0.2766710315796,-0.1561228347078,0.2279302487211,0.2135982404053,-0.3357859995602,-0.0852046693918,0.1022721978191,0.0819361052993,0.0938674295975,-0.0599633220565,-0.2008445286024,-0.2644887482088,-0.2615946013685,-0.0670388447751,-0.1403283509683,-0.2426092903660,-0.4230358220696,-0.1363405683747,-0.1449119052741,-0.3939715005134,0.0454880036767,-0.0048933198626,-0.3640897219038,-0.1708175051541,-0.2699403921843,-0.2511706661784,0.0950338236332,-0.0040683347241,-0.5578223584386,-0.3956652002134,-0.3658228877489,-0.1189584550270,-0.0980842231616,0.2761244102571,0.2528173284755,0.3091087375415,0.8399271578483,0.5556761054499,0.5956675773184,0.5834592353727,0.5375920978386,0.5609030783149,0.1495287998794,0.2203833530711,0.0816807087630,-0.0282054096587,0.3210532370065,0.2670673555471,0.3326416296910,0.3558256116695,0.3283878350355,-0.1499009231393,0.0982906764698,0.2563569297401,-0.0548962591320,0.0459728477864,0.3741192864575,-0.0554321668627,0.0563447024555,-0.1161267618921,0.1957285356215,-0.2113893490074,-0.2352859787234,-0.1764642893433,-0.0681568242614,-0.0358437886432,-0.2347657984551,-0.1426743691288,-0.1757176404771,-0.3214368055245,-0.2122767922647,-0.3582247652475,-0.2418332186852,0.2098287722523,-0.2688781037220,-0.2539897452730,-0.2263351350101,-0.3214410302807,-0.4528828134655,-0.3852738161640,-0.0187546466702,0.1830332789188,0.2506941472537,0.3439744688183,0.1499424965897,0.2390764354115
0.4462069819355,1.0000000000000,0.4725573431565,0.5200478584193,0.4377740272404,0.4377533876014,0.4130019993328,0.1855955800100,0.0556406596869,0.3301892917093,0.0716486636572,0.1375087798019,0.1804165375341,0.3199802815716,0.3710848128884,0.0811444489037,0.1853938331464,0.0032995634599,0.0698227433140,-0.0471600481623,0.0225003612292,0.1768626544341,-0.1426639895606,-0.0868589252409,-0.1795407902012,-0.2020377183390,-0.2765515341710,-0.0854602216860,0.2172880138021,0.1531213115666,-0.1181078942651,-0.1813433334277,-0.1192686701194,-0.1200389550558,0.1211031561299,0.1674864026025,-0.3314954186567,-0.2201015589666,-0.2877377193997,-0.0829139157094,0.1956646366474,0.1316776999606,-0.1779326352095,-0.1142564787757,-0.1988519684676,-0.1397284967845,-0.0640210826024,-0.0423996623466,0.2620529383398,0.0761040725180,0.4614908309387,0.7330586692772,0.4830056483784,0.4222178947535,0.4020586065380,0.4091799054046,-0.0751693026153,0.1673793135060,-0.0578497133092,0.0768204642430,0.2389340172376,0.1310031543593,0.0485748012557,0.0902594412937,0.6213291446986,-0.1109607403829,0.1744543967533,0.1708942389651,0.1995364796215,-0.2006691156068,0.1125907030518,-0.1196862355936,-0.1362463810910,-0.1001249407477,-0.0567198806685,-0.2397174412752,-0.4495130108570,-0.1799441106088,0.1949587107099,-0.0241217616279,-0.2675836203949,-0.2831658811175,0.1111337542380,-0.2751812546795,-0.2697387661663,-0.2677119499293,-0.3040064064569,0.1424941619302,-0.3811597325862,-0.1756220772398,-0.2201942169636,-0.2419897389293,-0.1512320548541,-0.2702413803458,-0.2065812115314,-0.0049064633579,0.4212719809700,0.2080556081719,0.3452524704900,0.0148394630588
0.5626379071869,0.4725573431565,1.0000000000000,0.6441485118199,0.6447001842790,0.7485774535574,0.5813575759334,0.2215159255194,0.0398263037137,0.4729707445028,0.2378757668582,0.3563889361870,0.3137087313606,0.2880652495254,0.3333318775260,0.2440306395919,0.2111715570837,-0.0511228260318,0.1323243464429,0.1999181719748,0.2976415076915,0.3016992757023,0.1934721977914,-0.0970726304143,-0.0665236907803,-0.0359230485934,-0.0979543754710,-0.1727473238807,-0.0088196132943,-0.0265140689858,-0.0040328920752,0.1370325177110,0.2059613176356,-0.0820689816052,0.2244511902545,0.3057375916742,-0.2583567555185,-0.0450113839119,-0.1621068918857,0.0034935305683,0.1513439344233,0.1099118290602,-0.0647275470747,-0.0440080107006,-0.0206490327152,0.0649459263010,0.1675126383075,0.1451377508017,0.2620275949218,0.2236771300109,0.4901865994592,0.6788374274538,0.4490659739347,0.7756825658797,0.5030056539515,0.5190610851240,0.0591329872358,0.1495830681298,-0.0378559846333,0.0307318739072,0.2663716710151,0.1854009645704,0.0809888491385,0.1461983892510,0.3251704782563,-0.0164578961755,0.2407681648513,-0.0028676720653,0.0871317007207,-0.0089154335544,0.1296359528235,0.0126793101890,-0.0951790003493,0.1243668877459,0.1573466904298,-0.2411773073599,-0.4209809837047,-0.3102896361649,-0.0540456766133,0.0046067130126,-0.0175775746371,-0.0098696040858,-0.0822372153172,-0.1548365368891,-0.1613268686774,-0.1928822579167,-0.2424959137441,0.1745327209415,-0.2606832603170,-0.0681454681824,-0.1315409945478,-0.4290836220215,-0.1389425221888,-0.1666845450060,-0.0625162615627,0.1228417582372,0.1482011883790,0.1795744603862,0.1362725749591,0.0777939598072
0.6553700507937,0.5200478584193,0.6441485118199,1.0000000000000,0.8065049375806,0.7983352970597,0.8602423347591,0.3855533883739,0.1880208323259,0.6015805047000,0.3648852620338,0.5061961675332,0.4969890915398,0.4456262062952,0.6548976159184,0.3029719675631,0.5089506756591,0.2993944400667,0.0781762687652,0.2209805185555,0.3365460309303,0.2356552916636,0.1961071091725,0.0241243134469,-0.1139039807646,-0.0664984704516,-0.1848339553390,-0.2768808870170,-0.0166151966734,-0.1415461438454,-0.0408888230029,0.1450775264771,0.1928630305665,-0.1046423108197,0.3350531706013,0.3357172992203,-0.2938487885006,-0.0298096093351,-0.1715441759548,-0.0434660830772,0.2505771652348,0.2092945912063,-0.2023573397601,-0.1209406849000,-0.1326887558278,-0.1235156324471,0.1566724605839,0.2453991920538,0.2348134720070,0.5272493963090,0.6562083507832,0.6690807541054,0.8131933595342,0.7361892967891,0.7591798001002,0.8306532155784,0.2317323903359,0.4041071559599,0.1213579592118,0.1671046491873,0.3755060588026,0.3249713565526,0.2216598865758,0.4474810971570,0.4554373036483,0.0226475012672,0.3507560000677,0.4085673072976,0.1858188543753,0.1583136441795,0.3629996194397,-0.1248074666309,0.0362453926155,0.0125955716205,0.1785034062244,-0.3370204228407,-0.4611666467663,-0.4230815148536,-0.0576722751000,0.2244965746338,-0.1971271775762,-0.1210834040866,-0.2870694363193,-0.2918017552889,-0.2580817378912,-0.3729889836330,-0.3345983437368,0.4020996191403,-0.3863555116794,-0.2086877967356,-0.1333424601999,-0.5041141791656,-0.2806656531953,-0.4697636283219,-0.2045031974055,0.2860454772238,0.1156525254051,0.2451443854096,0.4010681956469,0.2417504072933
0.7756688740710,0.4377740272404,0.6447001842790,0.8065049375806,1.0000000000000,0.8366494148544,0.7836907500038,0.2956796357267,0.1256011685179,0.5190397806567,0.4353421370102,0.5197710002110,0.4162528394520,0.5421191562373,0.5751583039405,0.1139462173860,0.3988381418889,0.3025018435135,-0.0235526581468,0.0929561067657,0.2632478493559,0.2108935523380,0.2108139922990,0.0418822698415,-0.0897342629006,-0.1120059759637,-0.1689552042118,-0.1756884214067,0.0428440753883,-0.1469897509490,-0.1754657824586,0.0355038825935,0.0864691765840,-0.1871034639477,0.2684600096846,0.2073100027421,-0.2540914469328,-0.0301687040301,-0.1457714848228,-0.0331082180749,0.2933502132547,0.1979485074505,-0.2709191736293,-0.1547655673004,-0.1805149722686,-0.0775735300626,0.1203308971870,0.3394178770589,0.3270242813689,0.5274202475469,0.8008262070289,0.6866689984424,0.7293506391061,0.7503028522594,0.8165293262376,0.7510493633952,0.1742684368556,0.3449614149532,0.1620749261705,0.1432772404120,0.3444747631048,0.3727909047950,0.3240144029210,0.4341603641133,0.5241069477891,0.0193345263570,0.1385185367666,0.3328366023277,0.0874547256876,0.0769040388080,0.3523869160178,-0.1142965061344,0.0537411200199,0.0092940560110,0.1587433245329,-0.3479894066934,-0.4165723352193,-0.3624795515264,-0.0006031215412,0.0827633537787,-0.2833605304999,-0.2324238019459,-0.2330319666269,-0.3132231864722,-0.3040692562916,-0.4279121776191,-0.2790862540505,0.3018082504357,-0.3470789194388,-0.2780542100008,-0.1081773650213,-0.4538712119608,-0.3600433398272,-0.4506831488441,-0.1032460082597,0.3419321016334,0.1990421336393,0.3168047775568,0.3668112355398,0.3052399745939
0.5850513361789,0.4377533876014,0.7485774535574,0.7983352970597,0.8366494148544,1.0000000000000,0.8240981225524,0.4066594467722,0.2364131506566,0.6564974357604,0.4436808926203,0.5483294212446,0.5215187837115,0.3832366711858,0.5771487800990,0.2285767873011,0.3757957664141,0.2113751717419,0.1210268197482,0.2341909392734,0.3640755008483,0.3518676412540,0.2338613946739,0.0420276256144,-0.0469243514306,-0.0272085044585,-0.0847375191547,-0.1817963387199,-0.0185648443348,-0.1469848887960,-0.0919210805957,0.1074806509197,0.1704114919176,-0.0567939582967,0.3627649131118,0.3420116423607,-0.2745166181921,-0.0044802230226,-0.1487529404081,0.0031739889951,0.2617196144712,0.2350015453681,-0.1626676065976,-0.1035240116296,-0.1154918445739,-0.0290589397372,0.1672676160473,0.3443541618199,0.2437758819208,0.5089740962120,0.6227450506656,0.6935859474087,0.6421434401071,0.8886474305115,0.8397099933439,0.7331379186106,0.2520014496308,0.3576623650306,0.1507344018386,0.2349328573982,0.4564557812664,0.4131015111639,0.2731062640309,0.4185232573104,0.4796555458861,-0.0404708796994,0.1694667719880,0.2723382787841,0.1637086057014,0.1309096618966,0.2941870713862,-0.0117489653430,0.0619372712267,0.1735153497889,0.1881485787234,-0.2972955695077,-0.4552353700790,-0.4335649309159,-0.0638527985197,0.1288908245671,-0.1656841548787,-0.0928707633846,-0.2470482783094,-0.2805943965478,-0.2728561249663,-0.3158884241761,-0.2628518964314,0.3561806330196,-0.3853995431959,-0.1799639018497,-0.1280243925852,-0.4702899118193,-0.2936266680358,-0.3607865285005,-0.1128831565221,0.3604256396564,0.1008342934140,0.3063771217183,0.3439420263159,0.2874348461114
0.5838691472592,0.4130019993328,0.5813575759334,0.8602423347591,0.7836907500038,0.8240981225524,1.0000000000000,0.4730537839222,0.2544270905834,0.5449389979389,0.3078871049886,0.5574967226366,0.5365087396320,0.3359617739503,0.5387532848375,0.2380813439827,0.5103819562966,0.3437686126888,0.0442758106254,0.1926750783596,0.2903207565479,0.1233146579609,0.0812641225014,0.0161025081227,-0.0078176477506,-0.1302106480799,-0.2467984553574,-0.1924735577422,0.0111924357072,-0.1862262861210,-0.0864168713170,0.0257074811698,0.1157486706921,-0.1847646352275,0.4972080453537,0.2545692234760,-0.2583089551374,-0.0526399699640,-0.1230013970706,-0.1243075683509,0.2101768544112,0.1806628865572,-0.2419461538494,-0.1685754887458,-0.2009691181435,-0.2250572991984,0.0473473369879,0.2419734946465,0.1387225749191,0.4553538622466,0.6381948074051,0.6048829498949,0.7622989525778,0.7914320067480,0.8201118471959,0.9049145045658,0.3256861858340,0.5022151686535,0.2386990836661,0.2522797926182,0.4278442712487,0.3711041043587,0.3262289816280,0.5489793083054,0.4473408321056,-0.0216244413379,0.2484373615311,0.4870044756450,0.2037433933411,0.2022300366347,0.4598654271696,-0.1386334392189,0.0828124739531,0.0813125938217,0.2455246437392,-0.2771947534303,-0.4353460088051,-0.4433447078427,-0.0041473550723,0.2251004956633,-0.1954750901266,-0.0986798253425,-0.3216337488267,-0.3339500858819,-0.2724070311494,-0.4086744418422,-0.3280703955141,0.4392571621385,-0.3413976797436,-0.2931552993546,-0.1246920842465,-0.5113434880317,-0.3187521121297,-0.4953362609581,-0.1081926554390,0.3022065870136,0.0676343342756,0.2476022388505,0.3576705050081,0.3210084782321
0.0785268134599,0.1855955800100,0.2215159255194,0.3855533883739,0.2956796357267,0.4066594467722,0.4730537839222,1.0000000000000,0.7507402609523,0.4982328911714,0.3739242977183,0.4260154520164,0.7010110844831,-0.1994222091632,0.4001852535872,0.5070040699801,0.5205098741290,0.4399272183173,0.5067645570052,0.5559604630417,0.2996145356825,0.1484287162267,0.0139375777095,0.2439722167859,0.3117762588250,-0.0550425393597,-0.0326093455388,-0.0518957049940,0.2822228136247,-0.0617996751263,0.1957359429382,-0.0347130188633,0.1742683682632,0.0701229015078,0.5843512089011,0.4964462896262,-0.0698885744580,0.0569151696072,-0.1142424719816,0.0219067241931,0.3225498250825,0.3321576565030,0.1814217768686,0.0026142189787,-0.0179022750797,-0.2528465633674,0.0514120242721,0.0228301483428,0.1457859413449,0.3361173779739,0.2215811717860,0.4207589520936,0.3649119836205,0.3547342866442,0.4303680524688,0.4259005378179,0.4617037816424,0.7012664212573,0.4269733686380,0.6464819964136,0.2977621211540,0.4026713784492,0.1878030069958,0.4461322932479,0.2962698221525,-0.1067723430011,0.2384436067132,0.4855612778756,0.5313865486261,0.3794385719969,0.3328976298492,-0.1552920518546,0.2797213213468,0.4088658521405,0.2311011503121,-0.2507783013206,-0.4481028947089,-0.2694183743701,0.1776292238462,0.4146136781131,-0.1701340732629,-0.1145004546492,-0.1817854715595,-0.2842552282251,-0.3404896242489,-0.3576870832750,-0.2059768105335,0.4336182221578,-0.3936769508750,-0.2065180209707,-0.1114599685743,-0.4333504912492,-0.1384620147023,-0.3033337460339,-0.1674397111869,0.1948037230632,0.1493835173365,0.2111443841056,0.3913441087362,0.1715085466194
-0.1020457152095,0.0556406596869,0.0398263037137,0.1880208323259,0.1256011685179,0.2364131506566,0.2544270905834,0.7507402609523,1.0000000000000,0.4050660191609,0.4412974089167,0.3805261773948,0.5855114087062,-0.2299807795028,0.3162986558150,0.4785030150124,0.3046279664201,0.2976718772470,0.6452080787686,0.5768989777557,0.2871285870191,0.1762412959889,0.1082119489624,0.3686333702828,0.2741003377394,0.0980662782570,0.1656204667814,-0.0256033694542,0.2538363096813,0.0567255248725,0.1846656947179,0.0123297282925,0.1552686990305,0.2297647158592,0.4969014425634,0.5050977731427,0.0788553162953,0.1417722809836,-0.0089037084254,0.2201255645812,0.3398374682107,0.2889221682124,0.2966025789801,0.1717962925377,0.0774588381134,-0.0923501420470,0.1498471328898,-0.0367828090767,0.1639760525652,0.2485099274385,-0.0510140163743,0.2110991793298,0.1174639436155,0.1500066313267,0.2151396529227,0.2000150659412,0.3990345790018,0.5551264428859,0.4860902455223,0.8718376626267,0.1808276248123,0.3459740014273,0.1557906247308,0.3393840122420,0.1415499812724,-0.0811130786173,0.1387724743629,0.2964089201328,0.5590537273977,0.4607790025300,0.1439537054051,-0.0695979389114,0.3535629315700,0.5079277727991,0.1471891388673,-0.1404454093338,-0.3206557709218,-0.2059053532455,0.0785461178975,0.2931979034424,-0.0958768959454,-0.0405922265608,-0.0832191729837,-0.1930559764293,-0.3002624245113,-0.1225968070705,-0.0461953379110,0.2848771911317,-0.3051227096662,-0.0908520433078,-0.0060164471084,-0.2696189975145,0.0078059340207,-0.1513303699936,-0.1391246556334,0.1095477453236,0.0917157925094,0.0577674363733,0.2135573647227,0.1013121604900
0.3394938773733,0.3301892917093,0.4729707445028,0.6015805047000,0.5190397806567,0.6564974357604,0.5449389979389,0.4982328911714,0.4050660191609,1.0000000000000,0.5685386919848,0.7120488873441,0.6185174939188,0.1911931776709,0.5047760924602,0.3270163950991,0.4650434443063,0.1990761859840,0.2635393099450,0.3190221707707,0.6061306809791,0.5946370653768,0.3735696360818,0.2138496843259,-0.0767702488986,0.0570832096771,0.0792234065703,0.0392322769651,0.1616143750156,-0.1087055364538,0.0553196422622,0.1735464817236,0.2158546795352,0.1087550265676,0.3658574035554,0.4548969750588,-0.1591702357940,-0.0082081197325,-0.1986481944153,0.1465610849756,0.4015818153228,0.2250844843764,0.0043028170598,-0.0787217315605,-0.1625337288893,0.0407071832743,0.1697019741930,0.1419428403427,0.3628591936166,0.4636476109586,0.3030434700760,0.4780062381344,0.4158676129088,0.5204262538839,0.5294411585337,0.4346258547509,0.2951873566837,0.3705166842253,0.2218614113907,0.4255085591249,0.6681654222051,0.6334539965169,0.2997248823588,0.3628469558384,0.3165416906792,-0.1235744039956,0.1829312259261,0.2543208858144,0.3132896274227,0.1833004677868,0.3688423071104,0.2142632115054,0.2367772555729,0.2971702041312,0.2989581446838,-0.1798935339916,-0.4222494097167,-0.3544499162111,0.0744847366113,0.1134274124244,-0.0422107856677,0.0063634276525,-0.1980916605028,-0.2555080366933,-0.3535048806579,-0.1960116990659,-0.0982084472193,0.3421252531255,-0.3190633282256,-0.1153889560306,-0.1579757978772,-0.4582245497662,-0.2052107620414,-0.2196336944591,-0.2107870392535,0.2794688841077,0.2387336273042,0.3961673935708,0.3636044436355,0.4382501050598
0.2473442896788,0.0716486636572,0.2378757668582,0.3648852620338,0.4353421370102,0.4436808926203,0.3078871049886,0.3739242977183,0.4412974089167,0.5685386919848,1.0000000000000,0.6034353776611,0.5126002611012,0.2675346768986,0.3927081691733,0.3404723968261,0.4192509783300,0.4168604029899,0.2718275284402,0.3493385135332,0.5617395065602,0.4183835859419,0.5322290167164,0.4748788909234,-0.0051005172289,0.2448383220710,0.3115080434003,0.0711680401633,0.3050082309513,0.0149719273776,0.1008918983316,0.3099622804716,0.3024382096047,0.1284144757599,0.2666976948322,0.3678667459609,0.0954309501857,0.1207692536077,-0.0618931407984,0.2823442263137,0.4322976093836,0.2200151038974,0.0798468072836,0.0801260575934,0.0412739678664,0.0940492535471,0.2585530698845,0.1455477040321,0.2704191154918,0.5640484726297,0.2287926676514,0.2906439458438,0.2177949708485,0.2412338538106,0.3341838969287,0.2636177195369,0.3654595910854,0.3131943786006,0.3794851155278,0.3595847666243,0.2536075859338,0.5685965875101,0.3399750634036,0.4367856485121,0.1929123240274,-0.1011992004372,0.0468491738299,0.2258393915006,0.1338766698656,0.2797068913388,0.2742745677337,0.1277846689695,0.4227632162580,0.3266666776594,0.3161648601826,-0.0869860165205,-0.1749979213487,-0.1730096420252,0.0826019153957,0.2127009419064,-0.0577781886379,0.0630653291667,-0.1552265783198,-0.1916707603965,-0.2471421162847,-0.1804676305676,0.1303695435971,0.2249862628183,-0.1401796204900,-0.1073118760598,-0.0171356315476,-0.3638829296160,-0.1571962978238,-0.1526921502874,-0.1546268554950,0.2386151438890,0.1803401577158,0.1948969306147,0.2475722508967,0.3848993750449
0.4189267198996,0.1375087798019,0.3563889361870,0.5061961675332,0.5197710002110,0.5483294212446,0.5574967226366,0.4260154520164,0.3805261773948,0.7120488873441,0.6034353776611,1.0000000000000,0.6439353235005,0.3070676028258,0.3246943485817,0.2076236979274,0.4609154516890,0.3859767149282,0.0634015773201,0.3079921403793,0.6335154555343,0.4621523319202,0.4905328436564,0.3655350626574,-0.0419851953844,0.0771296570087,0.1544727045290,0.1239017957928,0.1413594101537,-0.1672113991026,-0.1116271056841,0.1741413274710,0.2249158406600,-0.0331761867257,0.3898536901720,0.2940786440273,-0.0395045885347,0.0473553335533,-0.1695380712281,0.0946185625193,0.3126942093109,0.0812215094930,-0.1604582800387,-0.1373630054300,-0.2012749358656,0.0485827487665,0.1227590007077,0.1881260760077,0.2291340506637,0.3819999205736,0.3327803023296,0.2849860284520,0.3843755539469,0.4428983367365,0.4375082015477,0.4574094270285,0.4971183251965,0.4016434657710,0.4439856481291,0.4301477714503,0.5327357517756,0.6975764163520,0.6113120158008,0.5782174298236,0.1678207975786,-0.1439546926109,0.0466361462172,0.3140398729509,0.1576944212977,0.3709783344448,0.5281593278988,0.3240780772416,0.4678841743764,0.3357461148316,0.4468092897840,0.0013424481638,-0.2291958163866,-0.3793165731654,0.0474309771937,0.1590291377460,0.0314505616036,0.1114204540474,-0.3243827448697,-0.3444032331866,-0.2833469122771,-0.2036049201914,0.0196729861409,0.2881253587502,-0.1951881819493,-0.1806716086980,-0.1728242733992,-0.4466060146569,-0.2715004678239,-0.2774235859807,0.0218459198068,0.2360995750593,0.1281700462281,0.2877131271164,0.1716963994473,0.5246859473964
0.1538665566566,0.1804165375341,0.3137087313606,0.4969890915398,0.4162528394520,0.5215187837115,0.5365087396320,0.7010110844831,0.5855114087062,0.6185174939188,0.5126002611012,0.6439353235005,1.0000000000000,-0.0146753727786,0.5579145325277,0.5020025193696,0.6189879423464,0.4124613972643,0.4311447788818,0.5123969084977,0.4992827614988,0.2976109338571,0.2241167812449,0.3245008984555,0.1355214252165,0.2207203784619,0.1213017881695,-0.0085986473049,0.2628191633118,0.0553539942599,0.2418943237350,0.2808067623177,0.3710824604920,0.2656910896874,0.5333518928273,0.4968803084604,-0.0132753725225,0.2234550937557,-0.0132098748299,0.2458867206087,0.4324486460687,0.3775518019127,0.2261140068264,0.1566134178638,0.0613485322390,-0.0751374820736,0.2944966729115,0.1121564166412,0.2297687019178,0.4740431886371,0.2247366499728,0.3714000875795,0.3459757571654,0.3677160302859,0.4726600997432,0.4670260903084,0.4353959109370,0.5090857615993,0.3719704438278,0.5142950688385,0.2429627432888,0.4977698223023,0.3570207104904,0.6685785720343,0.2999386599938,0.0137350694794,0.1831131544814,0.4014050343672,0.3208863265418,0.2995520321175,0.2955343313505,-0.0836613865422,0.2697835648772,0.4229531665842,0.1279765170327,-0.1508305363610,-0.4811687058879,-0.3456115275052,0.0679523893599,0.3207818963171,-0.0295335946831,-0.0055099333489,-0.1859246813000,-0.2932742634556,-0.3363016578580,-0.1908423468864,-0.1537540396681,0.3638082839377,-0.3579340983559,-0.1308932614399,-0.0348510145026,-0.4449828837002,-0.0764086792800,-0.2553857892471,-0.1471468429572,0.2884117775784,0.1058597987450,0.1238200057356,0.3226847828794,0.2090727673535
0.6965531285239,0.3199802815716,0.2880652495254,0.4456262062952,0.5421191562373,0.3832366711858,0.3359617739503,-0.1994222091632,-0.2299807795028,0.1911931776709,0.2675346768986,0.3070676028258,-0.0146753727786,1.0000000000000,0.2196022445118,-0.2007388580706,0.0901801196711,0.2128650508865,-0.4487650936255,-0.2288164432353,0.1348722439522,0.1733567127379,0.1784606907964,-0.0085008203395,-0.2627691270322,-0.1092816058394,-0.1264709741532,0.0582799973980,-0.0935994029925,0.0069877370955,-0.3663829521744,0.0596410376172,-0.0342252187024,-0.3155113342627,-0.2055400025754,-0.1084632268814,-0.2766003119939,-0.0637344768026,-0.1953730057182,-0.1326674204405,0.1319763064474,-0.0128715813069,-0.5229851290210,-0.2267072305606,-0.2645705263766,0.0814370914349,0.0673545823589,0.2179161285826,0.1681089100644,0.3696533383478,0.5484846930437,0.2754503963418,0.3448089307331,0.2874835167233,0.2885685030150,0.2878904442757,0.0715731714337,0.0076386521830,0.0507415569346,-0.1501816079769,0.1364916960064,0.1433469595948,0.2737811532940,0.2620145108091,0.2852333424440,-0.0439986264738,0.0090534679276,0.0988307923357,-0.2460497283791,-0.0062064105295,0.2235544040705,0.0011132976430,0.0545282626001,-0.2192563611957,0.1625198921975,-0.1096984305164,-0.0510070221704,-0.0381326683390,-0.0837307552837,-0.0938612352705,-0.2208409656620,-0.0695748928403,-0.1016204726979,-0.1992044383965,-0.0240047772015,-0.2473790036709,-0.1443174072491,0.0180807184134,-0.1455353981553,-0.1358544119205,-0.1830112242081,-0.2065194639036,-0.3320939251870,-0.2361264956894,0.0352533001800,0.0585498291571,0.1559749990026,0.2602725677557,0.0171035204596,0.1986017560566
0.2766710315796,0.3710848128884,0.3333318775260,0.6548976159184,0.5751583039405,0.5771487800990,0.5387532848375,0.4001852535872,0.3162986558150,0.5047760924602,0.3927081691733,0.3246943485817,0.5579145325277,0.2196022445118,1.0000000000000,0.3730408982060,0.4105424981592,0.2624641551394,0.3217975931499,0.2826323321399,0.2301429954244,0.2107889213765,0.1046693941448,0.1133088560129,-0.0401184036894,0.1803471619107,-0.0669068034078,-0.0504332942194,0.1980688157765,0.1590740221326,0.0666711415457,0.1831345199884,0.1349837505079,0.2954376306416,0.3296452340309,0.4303722907623,-0.0599895608738,0.2756865165683,0.2293004008976,0.3658927821962,0.5917082752599,0.5275792719152,0.2482012481869,0.2766451324183,0.1441567126435,-0.0060826784247,0.3203200685038,0.3563433826933,0.3820436377119,0.6995079183641,0.3357748458104,0.4953882261019,0.4976372604689,0.3853704231189,0.5833179144156,0.4795356796838,-0.0081143684075,0.2899919257744,0.1183458636328,0.1709140164384,0.0281737411182,0.2138042513996,-0.0397538246553,0.2887681861883,0.4884364496028,0.3737458063162,0.1106278365023,0.2739449761714,0.1477267838103,0.0091672146039,0.0092599129154,-0.3367508574407,-0.0223498416391,0.0722446244935,-0.1593515537080,-0.3503056660573,-0.5088328984435,-0.1771459982201,0.0854470271210,0.0906542515754,-0.2754930738301,-0.3929870927531,-0.0461031251801,-0.1600600047316,-0.2856483409347,-0.2239165488255,-0.2341984308355,0.3208038613460,-0.3009714246453,0.0331875705979,0.2765327205788,-0.1917377038038,0.0336566260866,-0.3289418110272,-0.2590330114473,0.4854504237283,0.1879737121187,0.0426378950100,0.4556345248320,0.0920827754544
-0.1561228347078,0.0811444489037,0.2440306395919,0.3029719675631,0.1139462173860,0.2285767873011,0.2380813439827,0.5070040699801,0.4785030150124,0.3270163950991,0.3404723968261,0.2076236979274,0.5020025193696,-0.2007388580706,0.3730408982060,1.0000000000000,0.3058975147870,0.1805188168741,0.7964891424676,0.6228743494492,0.4408393243911,0.3444023188078,0.3069030197446,0.1968853192220,0.2532885631415,0.4118486957081,0.3435106259035,0.0137044671913,0.3947020802689,0.4024636551711,0.6240375591602,0.4357429526563,0.5346625448299,0.4317606427577,0.5160964309130,0.6689315745619,0.1612396079342,0.2624378553583,0.0665747313404,0.4181786688538,0.4394019584570,0.4636147203677,0.6366622693139,0.4575281014759,0.4002639794854,0.1504713923727,0.4359433414022,-0.1862473013067,0.2109240862344,0.2955164157430,-0.1495317035274,0.2304451050048,0.0940094472063,0.0890056054840,0.1042828492020,0.1947696701802,0.0846474543888,0.3049358665632,0.2802652751181,0.2349016749100,-0.1521317471068,0.0720179186242,-0.2048434707957,0.0782097617787,0.1493901604255,0.0050369314377,0.4843758399107,-0.0223403653862,0.3371648084626,0.2124242299038,-0.1727515078776,-0.0890600668943,0.1187868099812,0.3963499122593,0.0681840356766,-0.0870591017753,-0.3255079878619,-0.1909299999188,0.1599302052763,0.3632014038091,0.1225245535515,0.0865688855391,0.0042353104953,0.0250698633784,-0.1329747555543,0.0276970419654,-0.0008718988397,0.2210347565939,-0.1146807942521,0.1233986965682,0.0425331222463,-0.4336042882807,0.2668369383568,0.0641820508936,-0.2176758768855,0.0098818154208,0.0309866066693,-0.0864654354872,0.1831294926706,-0.0620317575758
0.2279302487211,0.1853938331464,0.2111715570837,0.5089506756591,0.3988381418889,0.3757957664141,0.5103819562966,0.5205098741290,0.3046279664201,0.4650434443063,0.4192509783300,0.4609154516890,0.6189879423464,0.0901801196711,0.4105424981592,0.3058975147870,1.0000000000000,0.5474971509833,0.1921011919911,0.3571772806671,0.5532476231315,0.1054914855553,0.1422525966132,0.3902248035314,-0.0172863254316,-0.0021465663888,-0.0174332406883,-0.1577366810015,0.2049950379491,-0.2414773635109,0.2690944796148,0.0798850553400,0.2185023590180,-0.1017635760856,0.4295954490973,0.3758598525115,0.0018674534957,0.0617864901539,-0.0810995818409,-0.0893869584720,0.2095537400077,0.1131419124349,-0.0207025515137,-0.1352711385774,-0.2347797073629,-0.2685636645606,-0.0579372656814,0.1090979692529,0.1103943882482,0.3296468171944,0.3788096821270,0.3808518295961,0.4914917667695,0.3812358318772,0.4927562819502,0.5375480077189,0.3803012876522,0.4199870135690,0.1878940334979,0.3564690965406,0.3524949879642,0.5082472367296,0.4114623620694,0.4990300338303,0.3216886404847,-0.0703857237885,0.2790129770308,0.6121780793771,0.4183939657002,0.2903353957617,0.6215143057712,-0.0259257729874,0.3728211643371,0.2029633368939,0.3836060026163,-0.1994051309563,-0.3260589122936,-0.3462452852817,0.1528584669428,0.4769826298500,-0.2098700017420,-0.0427076200970,-0.3596588855365,-0.3036979373537,-0.4212251854496,-0.5160303318132,-0.0702187031902,0.4790744111345,-0.3157762537204,-0.3425749564189,-0.0999284558823,-0.4227959335381,-0.3337839244433,-0.3980117822801,-0.2493729939572,0.2542878381798,0.1047462762741,0.2093181705372,0.3045705191897,0.3753417164792
0.2135982404053,0.0032995634599,-0.0511228260318,0.2993944400667,0.3025018435135,0.2113751717419,0.3437686126888,0.4399272183173,0.2976718772470,0.1990761859840,0.4168604029899,0.3859767149282,0.4124613972643,0.2128650508865,0.2624641551394,0.1805188168741,0.5474971509833,1.0000000000000,-0.0526099792797,0.2626127281082,0.2954841397526,0.0344304821254,0.1259445785171,0.4982823499613,0.0983127876858,0.0892091689689,0.1091551962597,0.0592278070804,0.2115049162060,-0.1177518026075,0.0805258728588,0.0506020859762,0.0759971623685,-0.1555203495227,0.2132511623149,0.1462886690862,0.1034011061854,0.2478538927781,0.0616932837804,-0.0321849309615,0.2867630523857,0.1673760127946,-0.1967369918895,-0.1070733556306,-0.0884330706320,-0.2339573020581,-0.0115535739995,0.1882748371576,0.0234893109182,0.4638644528991,0.2623055236159,0.0602307079089,0.2904861131789,0.1322423335489,0.2992072216577,0.3228031565907,0.5138977752919,0.4407420372315,0.5752693858067,0.2846071429870,0.0872024272357,0.3110970832347,0.3430547912711,0.5206356011196,0.0852386365847,-0.0614409281462,0.1181239093504,0.5771023301639,0.1384141027054,0.4903088984361,0.4302160243027,-0.1098274367770,0.5737854838476,0.1650698153258,0.3059792847134,-0.0282015368066,-0.0539562142879,-0.1491847067600,0.0892203306261,0.5608388216224,-0.2980318516089,-0.1029586699127,-0.3205653366047,-0.2864817485352,-0.1195793669128,-0.4414209620914,0.0327531185473,0.3960749074833,-0.1717938589934,-0.2374821998292,-0.0084472436242,-0.3108071316122,-0.3193665358394,-0.3776283317731,-0.1103246706978,0.2474406172355,-0.0218495988933,0.1114182665816,0.1502419588601,0.2807752297118
-0.3357859995602,0.0698227433140,0.1323243464429,0.0781762687652,-0.0235526581468,0.1210268197482,0.0442758106254,0.5067645570052,0.6452080787686,0.2635393099450,0.2718275284402,0.0634015773201,0.4311447788818,-0.4487650936255,0.3217975931499,0.7964891424676,0.1921011919911,-0.0526099792797,1.0000000000000,0.5994018706903,0.2843857378143,0.2490697979049,0.1700729931133,0.2098046514943,0.2143867394767,0.2839483315996,0.2621033496814,-0.0746407362785,0.3499128774916,0.3531409517891,0.5761313270945,0.2305818379400,0.3404849138571,0.5239284841678,0.4790960899590,0.6346996325198,0.2051008910882,0.1695866619279,0.0916450394995,0.4570713529033,0.3651856357603,0.4525628217223,0.7545351736937,0.4811126417809,0.4128115255945,0.0872679750697,0.3293851632490,-0.2477044640110,0.1687270920626,0.1244695943277,-0.2564963548783,0.2443611151174,-0.0315283413190,0.0236533351824,0.0442787329001,0.0463848329712,-0.0594261216439,0.2181642357655,0.1548236499356,0.4417513757527,-0.1229009134214,0.1004408003357,-0.2443115620400,-0.0874598296133,0.2094153383268,0.0310516623903,0.2873722502460,-0.0624754650498,0.5315666631978,0.1096848326868,-0.2710669963706,-0.0885641201678,0.0237685968685,0.3935170941090,-0.0937684440002,-0.2212278277564,-0.4212270609562,-0.1475741120060,0.1655447997589,0.2349007779326,0.0658927040778,-0.0771441793515,0.1299719237550,0.0424026389165,-0.2765754039593,0.1130908832500,0.0029604983755,0.1121789005462,-0.1704016454025,0.0861722153632,0.0997241946587,-0.2219335676635,0.3121843872988,0.1442782511218,-0.2474949281845,-0.0391613186602,0.0763584117317,-0.1252778661761,0.2354506904198,-0.1336307579755
-0.0852046693918,-0.0471600481623,0.1999181719748,0.2209805185555,0.0929561067657,0.2341909392734,0.1926750783596,0.5559604630417,0.5768989777557,0.3190221707707,0.3493385135332,0.3079921403793,0.5123969084977,-0.2288164432353,0.2826323321399,0.6228743494492,0.3571772806671,0.2626127281082,0.5994018706903,1.0000000000000,0.4916136928957,0.2277988736307,0.2634797672015,0.4576556902299,0.3786478729682,0.4283364360667,0.4520239698420,-0.0539983135984,0.2488000351199,0.0558527075898,0.4664950229041,0.2930751603207,0.4403156783348,0.2595022768726,0.4412120280532,0.7264854929473,0.1536840712802,0.5010253085552,0.0652110575944,0.1947819000177,0.2959763977373,0.2638273973409,0.3776239329732,0.2209157099951,0.2294272066605,0.0001681504780,0.1567234242448,0.0077456537633,0.1541880378100,0.2151724775809,-0.0967868092293,0.1431867552590,0.0358895743018,0.1707644896074,0.1177388800223,0.1580844295756,0.3113646949145,0.2978369710531,0.3970232287300,0.4480264027156,-0.0220505850401,0.2389754836026,0.0335716948901,0.1272958454769,-0.0356887294352,-0.0372961071130,0.3538633546064,0.0464548344175,0.3724316346143,0.5966205388211,0.0269017702378,0.0202771666623,0.4102612901343,0.6376150965343,0.1813037610849,0.1149842580346,-0.1933076803614,-0.3181397374807,0.0160904448334,0.3555369208738,0.0503981163937,0.0957598635445,-0.1455090895796,-0.0215654766797,-0.1732440449233,-0.0917122061847,0.1086136637402,0.4283778644876,-0.1635331167507,0.1811945933298,0.0067531906972,-0.4127204813718,0.0511126378169,-0.1116556240408,-0.2308495687998,0.1783019192361,-0.0722846126335,-0.0607032911911,0.0634336595274,0.0348574396251
0.1022721978191,0.0225003612292,0.2976415076915,0.3365460309303,0.2632478493559,0.3640755008483,0.2903207565479,0.2996145356825,0.2871285870191,0.6061306809791,0.5617395065602,0.6335154555343,0.4992827614988,0.1348722439522,0.2301429954244,0.4408393243911,0.5532476231315,0.2954841397526,0.2843857378143,0.4916136928957,1.0000000000000,0.5518562352517,0.6512603563605,0.5764739905474,-0.0948489064999,0.3072413228069,0.3810971764113,0.0658660293693,0.2928665679776,-0.0270771118303,0.3218503264419,0.4159001601520,0.4741529267150,0.1476791710386,0.3365221534215,0.5265909422955,0.1017720666098,0.1437414048801,-0.1383763763464,0.1749977052669,0.2386355236662,0.0099850208094,0.1673416680570,0.0077860288560,-0.0608012116927,0.1469866212613,0.1802938111077,-0.0377267604600,0.1734340521327,0.2771452996148,0.0582050391881,0.1798418982120,0.1587930613630,0.2852596700296,0.2005766377248,0.2384231946751,0.4273720593827,0.1701687631693,0.3317731731850,0.3263010634831,0.3615371995977,0.5488765114678,0.3732967328403,0.2923574581115,0.0177136133864,-0.2221938974421,0.2014011834797,0.0761107482487,0.2738346557083,0.3201613665438,0.3720136506579,0.4554963588716,0.5382412761456,0.4097579289675,0.5270068934864,0.1184156668030,-0.2226172524606,-0.3931921526455,0.0596450890922,0.2832476696991,0.1115782121703,0.2182410444735,-0.3554953532037,-0.2538848117131,-0.3108445744786,-0.1671386598437,0.1984183093647,0.3094373824925,-0.1169189860232,-0.1040394664654,-0.1926292203971,-0.4783125076854,-0.1756774489917,-0.0750975016791,-0.1615596811039,0.0764982139889,-0.0012671116770,0.1866979891005,0.0176657857500,0.5708921410708
0.0819361052993,0.1768626544341,0.3016992757023,0.2356552916636,0.2108935523380,0.3518676412540,0.1233146579609,0.1484287162267,0.1762412959889,0.5946370653768,0.4183835859419,0.4621523319202,0.2976109338571,0.1733567127379,0.2107889213765,0.3444023188078,0.1054914855553,0.0344304821254,0.2490697979049,0.2277988736307,0.5518562352517,1.0000000000000,0.5650155336029,0.2637334446091,-0.0882570075158,0.2229677504257,0.3466191639674,0.3714700933917,0.2756848084568,0.1705313456000,0.1010128657009,0.3451945051111,0.2489737235229,0.2609626269643,0.1385704575652,0.3294393329845,0.0286549513149,0.0767822759298,-0.2043433377835,0.3076753087276,0.3686811855898,0.1220660806244,0.1371510672542,0.1232051475021,0.0150699056578,0.5570165037869,0.3810350138802,-0.0609053597576,0.3312236322566,0.2600280875200,-0.0458797458821,0.2315322008533,0.0300755353368,0.2044031384555,0.1316098574337,0.0548483297773,0.1642027663796,0.1396359774860,0.2706740289290,0.1665390720764,0.3203025384549,0.4011542882787,0.1573518092728,0.0708083977613,0.1156617944738,-0.3187525850398,0.0680797295073,-0.1190567022318,0.1071888284977,0.0949571968287,-0.0028613685660,0.5277448983695,0.2329725989024,0.3419816209772,0.2548895272329,0.0894667665561,-0.1895507649172,-0.1723381397674,0.1475860660403,0.0520635279903,0.1790629342007,0.1127022965761,-0.0350306831608,-0.2349383518985,-0.2337660468757,0.0613093517216,0.1311140298380,0.0392066891994,-0.1952165002471,0.0508609185589,-0.2329343604617,-0.3027303026475,0.0093931041523,0.2096476939496,0.0077791054918,0.0079466720389,0.1396351754195,0.5389058515335,0.1281972316232,0.2694480148127
0.0938674295975,-0.1426639895606,0.1934721977914,0.1961071091725,0.2108139922990,0.2338613946739,0.0812641225014,0.0139375777095,0.1082119489624,0.3735696360818,0.5322290167164,0.4905328436564,0.2241167812449,0.1784606907964,0.1046693941448,0.3069030197446,0.1422525966132,0.1259445785171,0.1700729931133,0.2634797672015,0.6512603563605,0.5650155336029,1.0000000000000,0.3917988162441,-0.0949114139044,0.4092375881469,0.5040890126409,-0.0322259780611,0.0933850901705,-0.0265844715056,0.1451567686281,0.6204358500366,0.4988946667376,0.2353977822647,0.0655137051902,0.3199143152073,0.0794710511199,0.0871010809846,-0.1438553223561,0.2718158284339,0.1243968719386,-0.0874359581990,0.1337332767916,0.0052495981906,0.0400353929555,0.3891494676198,0.3232748427035,0.0280052872940,0.1397387993583,0.2650842999460,-0.0167425261056,0.0156147108086,0.0076794892670,0.1177578453339,0.0634465934387,0.0724301709904,0.2449244606554,-0.0360849714500,0.1865727246602,0.0960912645956,0.1777243974710,0.3527506905821,0.2602741014935,0.1289480208156,-0.0944571599089,-0.1757098160343,0.0803457677603,-0.1829587686433,-0.0070288759119,0.2253384806743,0.0557725364831,0.5959249783795,0.3814958704427,0.2750053697329,0.3398082605624,0.2015823165615,0.0564857864704,-0.3648673896778,-0.1141818453394,0.0730163159342,0.3576886220233,0.3569178359965,-0.2422969045642,-0.0573173367813,-0.1002636193363,0.1051189178668,0.2186205639042,0.0489241297659,0.0604860769776,0.0513021305840,-0.1566646815501,-0.3330461679378,-0.1259348585215,0.0211756713253,-0.0702177447304,0.0546170094757,-0.0351799811068,0.1080282753313,-0.0856405417987,0.4133632383867
-0.0599633220565,-0.0868589252409,-0.0970726304143,0.0241243134469,0.0418822698415,0.0420276256144,0.0161025081227,0.2439722167859,0.3686333702828,0.2138496843259,0.4748788909234,0.3655350626574,0.3245008984555,-0.0085008203395,0.1133088560129,0.1968853192220,0.3902248035314,0.4982823499613,0.2098046514943,0.4576556902299,0.5764739905474,0.2637334446091,0.3917988162441,1.0000000000000,-0.0627516715443,0.3736956286118,0.5062412591262,0.0991596934452,0.2633088573400,-0.0813546662016,0.2165955115906,0.1450919019082,0.0962444153211,0.1294817987794,0.2393490268189,0.4288075256924,0.4442946481335,0.3617868609199,0.1364759463272,0.2189299018963,0.2035071172410,-0.0350469396738,0.1266008367323,0.0234610969107,-0.0120872404064,0.0147106772810,-0.0508939597963,0.0802692352559,0.1007255860950,0.1840698816459,-0.0674741264218,-0.0466469126654,-0.0740122688071,-0.0299621965041,0.0108711322301,0.0165509553791,0.4254814649577,0.0925135901818,0.4639799252201,0.3994426680304,0.0865331640289,0.4022380796415,0.3647802170713,0.2558687276204,-0.1094985780675,-0.1695316694441,0.0452262774076,0.1670141810969,0.3227196806071,0.3597877114857,0.2714772758789,0.2633763394868,0.7884777703289,0.3426488797867,0.2841046377629,0.2282779331277,-0.0044467878550,-0.2409334313807,-0.0297983728829,0.3564364343816,-0.1084741044737,-0.0328785949228,-0.2439596361813,-0.1978796758119,-0.2706365246247,-0.1803256494468,0.4984427726518,0.4022200285751,-0.0604970773219,0.0009221209927,0.0250561157538,-0.1437729200413,-0.1689001942708,-0.1723426744515,-0.2031653860593,0.1701192130045,-0.0568536195148,0.0512510573055,-0.0147550107471,0.3911564672113
