1.0000000000000,0.4304152082893,0.6579725431515,0.3677146223705,0.7887326157046,0.3397270528168,0.1769746569482,-0.1615433545772,-0.0501236976647,0.0793774191179,0.0680318206750,0.1360649864291,-0.0818937116440,0.5548470041383,0.1504400568745,0.2742125195716,-0.0237892011904,0.0670087077496,0.0683309792173,-0.1465870485483,-0.0834477743803,0.1387826874750,0.2557424970786,0.0954951815729,-0.2893527941194,0.0799188055539,0.2085439005801,-0.1123669379565,-0.1366091881163,-0.1998290036730,0.2024218651212,0.1878275310361,0.0928336777140,0.3351780713828,0.2458817910798,0.2844569020292,0.2275588516492,-0.1823037828562,0.1545337892953,0.0536424025058,-0.0893484092527,0.0915251852181,-0.1532943339659,-0.3918102898606,-0.3715832315168,0.1694869956523,0.1766590009050,0.2160899652679,0.1082660223608,0.1641309702846,0.8228466594370,0.5780730690296,0.4696471714324,0.4404293559003,0.2309245489791,0.2456923730257,-0.2037495024989,-0.1674470561463,-0.0695740964562,-0.0730365448615,0.0969747255122,0.0545592127601,0.1499814356962,-0.0648294028544,0.1987431352286,-0.0170657939346,0.2787026073051,-0.0196698599136,0.1673270802189,-0.0166658634394,-0.2199170240040,0.0932516905498,0.0981074472935,-0.0423720353209,-0.1418601096634,-0.2248166549021,0.2228449144060,-0.2133511953692,-0.1527090086435,0.1593474634092,0.4547755695016,0.0847134423499,-0.1573985000370,-0.1406372177433,-0.1786194217591,0.3669934207494,0.2551324383172,0.3537040102271,-0.2373876539792,-0.2992009669210,0.2377027652798,0.0805632046452,-0.4102464435099,-0.0525745078520,0.0754858905051,0.2240323161396,-0.0244228618165,-0.1520130547135,-0.0551702439989,-0.1716818749616
0.4304152082893,1.0000000000000,0.3807454729372,-0.0139734462667,0.3323118211674,-0.1105066810594,-0.2807409933419,-0.4585128368697,-0.3954305911901,-0.4263845287198,-0.3291765824333,-0.4003727957453,-0.4599721903398,0.6024772389510,0.0487017654658,-0.0398978827798,-0.4877580318423,-0.3654071937228,-0.3239161204443,-0.3762720678963,-0.3781555244618,-0.1397712984120,-0.0668690284895,-0.3560727206263,-0.2741828531165,0.0837414691231,-0.3966557385178,0.1864482077379,0.2244357451182,0.2319287031067,-0.1551004384185,0.0183145729582,-0.3601108668033,0.0637045938859,-0.0259552013862,-0.0452343734328,-0.3336727881864,0.0353436637206,-0.1673618528831,-0.2047819721971,0.0064421767908,-0.1385225951406,-0.0972841348254,-0.0343491773292,0.0141338297270,-0.1977893638217,-0.1071725598045,-0.1316438361124,0.2006511029727,-0.0509414897313,0.3233620380525,0.3360353360940,0.0847530240660,-0.0744189252668,-0.1951502553553,-0.2171870064808,-0.5423641970675,-0.5412700313162,-0.2939738968494,-0.4339704154936,-0.3933232446144,-0.4226817848266,-0.4182100027905,-0.5483486712732,0.3001873658743,0.0748964268173,-0.0417490470642,-0.4590864241550,-0.2100955593412,-0.3191511017159,-0.3312382420943,-0.2090627985526,-0.4251962981741,-0.3164825953218,-0.1945712486914,0.3614513163487,-0.2709495847835,0.1981594323118,0.2505095297329,-0.2295450913509,0.1622818604102,-0.3989036410046,0.3467000325540,0.0475948532810,0.0187812002175,0.1117408468861,-0.1435714938587,0.0838168361452,0.0650929730802,-0.0001180131332,-0.0479434263071,-0.2482815938436,0.1906025583011,0.1021725695546,-0.1507733599432,-0.1284130183325,0.3637823139559,0.1002858252575,-0.2206858958788,-0.0645393772917
0.6579725431515,0.3807454729372,1.0000000000000,0.3560487674431,0.4628026438609,0.5579375592941,0.3528234760732,0.0253709949815,0.0347277513350,0.1367045463300,0.0194995667012,-0.0119206402496,-0.0869971441497,0.4879109845685,0.0201718931238,0.1502391280997,-0.0705024988340,-0.1026349443275,-0.0949792197232,-0.1662216094170,-0.2591431264943,0.1771945708390,-0.0740661110239,-0.0273521578576,-0.1514660141952,0.0109378709538,0.0296845224291,0.0813751118636,0.0908715375010,0.0898153659056,0.0800446659061,0.0265157339181,-0.0121076088221,0.0807254510639,0.2607104956213,0.3153060822567,0.0979971501612,-0.0143963418205,0.2089970275700,-0.1576690812817,0.0795180610047,0.1890790670894,-0.2843831647120,-0.1617963976132,-0.1173211786938,0.0963156787836,0.1200214434400,0.2729991630544,0.1643673674586,-0.0316879350309,0.6141443847012,0.8502512548551,0.3884530998752,0.6499121716591,0.3569520188923,0.3937061992625,-0.0845772353025,0.0440095439289,-0.1115543052928,-0.0341815009583,0.1503813881284,-0.0202108018496,0.0471627231613,-0.0549256212556,0.3348895836441,-0.1362316539686,0.2292839966095,-0.1083707728023,0.1770720669290,-0.0262001989104,-0.3651013762059,-0.1156134679885,-0.0674475532945,0.0358878972349,-0.3519894459371,-0.0895144871635,0.0501874027734,-0.0786216850662,0.0561187789337,-0.0506942809657,0.3184308677112,-0.0618961652596,-0.0277594586167,-0.2119276782030,0.0085660074241,0.2459909287679,0.0829574721039,0.4945873613800,-0.3547023684210,-0.0979045486334,0.2156489348128,-0.1227268573481,-0.0987360201657,-0.0760086157229,-0.0012316367831,0.2371855915871,0.1240471198731,0.0195976804993,-0.0328106632532,-0.2250494383049
0.3677146223705,-0.0139734462667,0.3560487674431,1.0000000000000,0.3827937477551,0.4839139568770,0.6490231658259,0.3339866797150,0.3710622091337,0.2196802176336,0.3745103385734,0.3190687220506,0.2858133330939,0.0842822777374,0.3334315796910,0.5790025617086,0.2917444452945,0.3560488993365,0.4486479720584,0.0699816574688,0.1772926018138,0.0703051466199,0.0134120584205,0.3430990946032,-0.1655944076254,-0.0907086942151,0.2137853396242,-0.2235559543467,-0.2237796833517,-0.2615920779847,0.3165819629167,0.0531441088367,0.2298604046394,0.1565286294935,0.3471543846501,0.4731072689442,0.1623273101501,-0.1683334843381,0.2256138595677,-0.0185530070463,-0.1910382431503,-0.0671424750828,0.1941831355350,-0.3584942621713,-0.3040740780826,-0.0119517583525,-0.0763806937868,0.2814324277507,-0.0744954062050,0.0018387274626,0.5328313898656,0.4773894771018,0.7476236356669,0.5532208617292,0.3866355488855,0.8034371310579,0.1448717564940,0.1918231349709,0.2973614098044,0.3322095721980,0.1358668628462,0.2953060480634,0.1617575436645,0.2016972875167,0.1436528597563,0.0951397373673,0.4830035957957,0.2251281777606,0.5360929176363,0.1285654313324,0.1114020929815,-0.0732658105516,0.3363381316820,0.0019379726500,-0.0378574955360,-0.2498735858306,0.1012648738849,-0.2350586930180,-0.2586029358886,0.2820394080841,-0.0092612685403,0.1341562475323,-0.3840289460374,-0.0307907665779,-0.2334349196946,-0.0575724143275,0.0937381297659,0.3924032971891,-0.0782408877732,-0.2855480276863,0.1277308040761,-0.0611471035519,-0.3521025349662,-0.3303012146215,-0.1828526307657,0.1666791773446,-0.2153352491782,-0.3114542824499,-0.1970748552848,0.0072683614495
0.7887326157046,0.3323118211674,0.4628026438609,0.3827937477551,1.0000000000000,0.4982184847683,0.3716272773123,-0.1071324290475,0.0075240300895,0.0873287297923,0.2078251217259,0.2431019704008,0.0117089657927,0.4075461341185,0.2027920875629,0.1593208941514,-0.0328691892827,0.0918157260654,0.1222025417372,-0.1865390670764,-0.0091657248827,0.2382480566995,0.2987337591754,0.1812596578973,-0.2693539531947,0.1945363212078,0.1482119376250,-0.0517691958243,0.0190242131896,-0.0701335903553,0.1195302535774,0.1607284951256,-0.0080211908563,0.2429581554173,0.2878494736122,0.2227174561309,0.1796605819647,-0.1586452629201,0.1185775963211,0.0388041419249,-0.0344283704553,-0.0637640013974,-0.1782132633374,-0.3037643988238,-0.3658634484404,0.1456445553259,0.0933742153151,0.3450970218200,0.3252081570952,0.0979111409301,0.7480408374092,0.3266289394719,0.3521746877595,0.5631016462756,0.4530819774896,0.3837843044952,-0.2178892400194,-0.1676348021807,-0.0251408540773,-0.0008873715977,0.0839866980411,0.1065435639368,0.1833771439177,-0.0437839046177,0.0793680890859,-0.0923072141411,0.1229820754701,-0.0586248774236,0.2190069006039,-0.0843584040604,-0.1497913406570,0.1757990001654,0.1729016368038,-0.0613206023289,-0.2254177571156,-0.0869237908139,0.1196772867287,-0.1362310121371,-0.0128627243762,0.1034198985313,0.3637990034344,-0.0234748301000,-0.1235335612791,-0.2061370538244,-0.2881742244137,0.2771109559206,0.2038778211486,0.3124965336895,-0.2724981077931,-0.2754406010742,0.1860967692374,0.0474406497072,-0.2975490686049,-0.0532070572368,-0.0317790272199,0.2609491376462,0.1499316686638,-0.0703751442465,-0.1625958256575,-0.2192073801516
0.3397270528168,-0.1105066810594,0.5579375592941,0.4839139568770,0.4982184847683,1.0000000000000,0.7920740304133,0.3140872610076,0.3982139411281,0.4267878892406,0.4726479096445,0.3994275676701,0.3730036037251,-0.0261513268017,0.1268310146810,0.1304770997496,0.3434300886175,0.2383581184428,0.1992976411117,-0.0402834159220,0.0981211552747,0.3262694207422,0.0943316593868,0.4021154505803,-0.0292330870493,0.1127928865047,0.3502522054630,-0.1562951136404,-0.0643822472591,-0.1355889886399,0.1958033035711,0.0610831396025,0.1025360195494,0.0464986821358,0.4333325022879,0.3317344963336,0.3413602270097,-0.0931374920534,0.3903434989608,-0.0009287708514,-0.0005142752566,0.1679626175798,-0.1012331135091,-0.2221559341115,-0.2697269576480,0.1767955714941,0.0218450034151,0.6414798107507,0.1636569534285,0.0508355455569,0.4112021662434,0.4282896152944,0.2670784785494,0.9107851480856,0.8563755826415,0.7042452074700,0.2316375854498,0.2640387197462,0.1686292244760,0.3546968402227,0.3997700245704,0.3910849800261,0.3301703375305,0.3385392762141,-0.0759960457420,-0.1798206495183,0.1055687125162,0.1990579895695,0.4565594445388,0.0379957707704,-0.1279614235033,0.0740848726595,0.3702203126910,0.1567295065004,-0.3172243394438,-0.2221329029006,0.2231951035721,-0.2539878013478,-0.1290144781528,0.0848118293523,0.1603319153011,0.0445279676660,-0.3087810730635,-0.2636010182493,-0.2484214482618,0.0431543411553,0.2352455903599,0.5050237437764,-0.3412227886336,-0.2245179563393,0.2800525366888,0.0248091535004,-0.2943583249665,-0.2062533113999,-0.1019599410856,0.4630260648981,-0.0774821795351,-0.0963400567727,-0.0012060172621,-0.1350105548814
0.1769746569482,-0.2807409933419,0.3528234760732,0.6490231658259,0.3716272773123,0.7920740304133,1.0000000000000,0.4919797060443,0.5449212459404,0.3616866855670,0.5364269905850,0.4631899566211,0.5090456400714,-0.1542482964418,0.2273866702390,0.2549391953413,0.4754287180393,0.4393797624824,0.4133332808022,0.0970712339936,0.1835907254129,0.1854327064373,0.0755758355009,0.4964350133743,0.0100915358519,0.1006191582666,0.3649657357217,-0.1391147368414,-0.0919769178999,-0.1472143759419,0.2866471448024,0.0952946230550,0.1755885315228,-0.0210343415580,0.4584694934349,0.3477595723002,0.3084527921620,-0.0601874051544,0.4572168147095,0.0157463737676,-0.0370714517258,0.0888441233803,-0.0496443768572,-0.2352876408278,-0.2400213438491,0.1329076989558,0.0023881466142,0.5496027612056,0.0490003575925,0.0832860382194,0.3047282362032,0.2860013055492,0.4062856923334,0.7759442420710,0.7276307320271,0.9015845501110,0.3954923421904,0.4353459903850,0.4022249101413,0.5068367291715,0.3238688134041,0.4551266089117,0.4067438999038,0.4889295596448,-0.0644444865694,-0.0881127643977,0.2210792891006,0.4131263660655,0.5961092397059,0.1697480845995,0.0649303607187,0.0380138007794,0.4707282960136,0.1649152577764,-0.2273694416084,-0.2351492571138,0.2290625396987,-0.2251299368596,-0.1461180349658,0.2310074772222,0.0316164439304,0.1502384113895,-0.3580627376237,-0.2848723630937,-0.2686654073886,-0.0650768034886,0.1457997465506,0.4462257876914,-0.2983995875649,-0.2606478334736,0.2785330439284,-0.0122989761609,-0.3192372752201,-0.2151619521429,-0.1028442901217,0.4040395791206,-0.1442119379403,-0.1648623976663,-0.0057779030481,-0.0598496240939
-0.1615433545772,-0.4585128368697,0.0253709949815,0.3339866797150,-0.1071324290475,0.3140872610076,0.4919797060443,1.0000000000000,0.8372350471470,0.4266462031303,0.5798868552443,0.5281202027197,0.5930893805920,-0.3627929364330,0.0289373540220,0.2833338358142,0.6716050221686,0.6675334079982,0.5157515454431,0.6104850536397,0.4389078392167,0.1574442303861,0.1222538913414,0.5666397876836,0.4392639246068,0.0721219209575,0.5053989828320,-0.1450759823268,-0.2262498261432,-0.2292656540743,0.3603131633293,0.0666751556330,0.4489683342676,-0.1490182541079,0.1669193982159,0.1087668070558,0.2513329845544,0.2114850033599,0.1951601909635,0.1494168932374,0.0009803670350,0.1918503356507,-0.0454050108982,-0.0782285807040,0.0697503668117,0.1451495930672,0.0690254932983,0.1615844958666,-0.1667563278188,0.0494582514869,-0.0140147401912,0.0792423116920,0.2310625583940,0.2882771729576,0.3175336524908,0.4122145307883,0.7354299805659,0.7629688574134,0.6871650304155,0.8090279751003,0.3110283785059,0.5833445867147,0.3897837439629,0.6462179532605,-0.0970794917468,-0.1036801612541,0.2758639151907,0.6381417607373,0.4840709404705,0.5837154757695,0.3537105969747,0.1713048828187,0.5832881886741,0.4580775465393,0.1455633676589,-0.2878328438344,0.4115669658743,-0.1807681824561,-0.2947896954608,0.4336391666529,-0.1550419959472,0.4072168708372,-0.3359838963707,-0.2679943016325,-0.0512394512745,-0.1576200493689,0.1120102738893,0.0685665698095,-0.2103469781461,-0.0843576283401,0.0513931493851,0.1300585048613,-0.2468769203537,-0.0811262018122,0.0866788413161,0.2196561194282,-0.2967455926946,-0.0746872151799,0.1535247928704,0.1061454558134
-0.0501236976647,-0.3954305911901,0.0347277513350,0.3710622091337,0.0075240300895,0.3982139411281,0.5449212459404,0.8372350471470,1.0000000000000,0.4655381500558,0.6439334092156,0.6282371136499,0.6271112446216,-0.3720917903034,0.1047804692327,0.2526753815364,0.6680563904424,0.6774735120826,0.5885047992886,0.5064953370497,0.5239307625761,0.1683142719726,0.2564960715418,0.7153503503539,0.3826156362112,0.1029304920244,0.6046153654651,-0.2110390875781,-0.2618705515533,-0.3340370766983,0.3505390195937,0.0928879390599,0.3588602048438,-0.0778618000803,0.2529690898583,0.1548897825520,0.3424972583456,0.0871806898074,0.2406853071931,0.2123679661602,-0.0427274030363,0.2248755402423,0.0051632007499,-0.2512226385073,-0.1631308421872,0.2392740119103,0.0582289452518,0.2670531873255,-0.1967371182297,0.1685149768494,0.0332120213018,0.0667318538657,0.2166499604517,0.3462386339837,0.3745269608778,0.4611724154686,0.7071693063434,0.6329241284662,0.7439745392412,0.9619635313977,0.3837105055154,0.6423090025409,0.4769394561416,0.6437659111462,-0.1624198951436,-0.0292005369955,0.1939541416029,0.6123221262944,0.6469319183063,0.5257772930136,0.3981743580682,0.2879733017270,0.7019589558646,0.4392473764786,0.1890383177528,-0.2802149989830,0.5090214282719,-0.2172605992061,-0.2958266571115,0.4198422044834,-0.0157322820642,0.3619460141811,-0.3989086261973,-0.2812367736089,-0.2718023904816,-0.1094042450466,0.2643531102365,0.1364002286909,-0.1540935956051,-0.3008544028822,0.0665259665261,0.2063872457319,-0.3845889015031,-0.1257926598182,0.1218229275021,0.2913547681949,-0.3569005876576,-0.1203514728847,0.2270894578357,0.1896501904375
0.0793774191179,-0.4263845287198,0.1367045463300,0.2196802176336,0.0873287297923,0.4267878892406,0.3616866855670,0.4266462031303,0.4655381500558,1.0000000000000,0.5497736174143,0.7016290761875,0.5532478460099,-0.0800969266619,0.3322353579118,0.1096657470424,0.5536040326696,0.3176973212973,0.1872132368673,0.3441141203829,0.4177195505417,0.6597639097682,0.2766489123253,0.4017067180653,0.3184926622733,0.1315786987919,0.5288344141005,-0.2854439493648,-0.3785695243244,-0.3743966335362,0.2408519212208,0.2323096103925,0.5616351922760,0.2651392173267,0.1742488047950,0.2739556108385,0.4398408577243,0.0320164923409,0.2470504385821,0.4467571204442,0.2007747753255,0.6132772732290,0.0993993456624,0.0338580800128,-0.0369411189576,0.5291091322758,0.5340888578674,0.2327101216748,-0.0793037822724,0.4153556663126,0.1204050570666,0.2194783113162,0.1323662458661,0.4342960304526,0.4357496904142,0.3549617356148,0.5206614530393,0.4399786250593,0.1721941469058,0.4559353690376,0.8669995432989,0.5289690908863,0.6413892252869,0.5222145457544,0.0336550718834,-0.0839406627052,0.0682073946716,0.3518072611056,0.3011603615161,0.2854402171838,0.0887727171858,0.4770281817619,0.4157432862904,0.4586939344164,-0.0373933852855,-0.4240757865164,0.4718141146443,-0.3966997710806,-0.4785244683817,0.1463586166577,0.2845592716270,0.5651625243387,-0.3558256810662,-0.1440182939592,0.0076757680073,0.2593818881229,0.2686977196554,0.2192636904266,-0.2276682022347,-0.1018474456946,0.1416747567188,0.5203857994499,-0.1964568057957,-0.1040772917265,0.4594250174966,0.1801484262646,-0.4357934844378,0.1245702570885,0.4315637609966,0.1427667560357
0.0680318206750,-0.3291765824333,0.0194995667012,0.3745103385734,0.2078251217259,0.4726479096445,0.5364269905850,0.5798868552443,0.6439334092156,0.5497736174143,1.0000000000000,0.8111229054456,0.7275781258413,-0.2429036437340,0.2890221286510,0.2449740314125,0.6903183247457,0.6129516714163,0.3455405983062,0.3002531291127,0.5815116940230,0.3812847937289,0.4821826248465,0.6505241971796,0.1439755745705,0.2074411056190,0.6295028302713,-0.1524363377991,-0.0800033417124,-0.2060791574953,0.4459851302644,0.2569790141671,0.4311078724351,-0.0968011183957,0.3869900164988,0.1122372471745,0.3970231942353,0.0280403550116,0.3356424475254,0.1935444573230,0.0293199439196,0.2130420499675,0.0619260976011,-0.2460912444903,-0.2151489374440,0.2463251761674,0.0213780804630,0.4157985691041,0.0414042942149,0.3238929527555,0.0928081879979,0.0785633534744,0.2301737932992,0.4489889255707,0.4722846766234,0.4511836462202,0.4720214200328,0.3852088250145,0.5045813190396,0.5954384578191,0.4300559905580,0.8611344451741,0.6483855936993,0.6702513830536,-0.1939630097537,0.0909829609566,0.1994098237495,0.5594167276012,0.4166529918379,0.2780201666421,0.3284112646654,0.4573861505575,0.6233226268572,0.2498364839531,0.0516236057854,-0.2931532636964,0.4905659082210,-0.1527829901681,-0.1497117979003,0.4703160208130,0.0756478354842,0.3869697566301,-0.3261714029925,-0.2254345158508,-0.2595101145617,-0.1428709559569,0.3186132408203,0.2315577041429,-0.1186629909692,-0.3000490033796,0.2462407465231,0.1769198599556,-0.3929733268502,-0.0342722214626,0.1325871096453,0.4291719120122,-0.1770156140277,-0.0256875363800,0.1313889500593,0.1804187423524
0.1360649864291,-0.4003727957453,-0.0119206402496,0.3190687220506,0.2431019704008,0.3994275676701,0.4631899566211,0.5281202027197,0.6282371136499,0.7016290761875,0.8111229054456,1.0000000000000,0.6698592143666,-0.1835916712837,0.3491633703582,0.1958968802025,0.6740100946570,0.6049417514234,0.3919705678938,0.3193783775846,0.6525814247647,0.5125281243735,0.6673133087551,0.6618422467944,0.2014679324081,0.2460733445660,0.6611285538513,-0.2025872679994,-0.2129628583694,-0.3222356127927,0.3827487019345,0.3347804864531,0.5113753192577,0.1055780985833,0.3064783333643,0.1733457021808,0.4706456765691,-0.0493280610908,0.2771591375217,0.4141653153462,0.0648187480664,0.3517644615819,0.0683187860422,-0.2332364989363,-0.2535841598125,0.4508051263497,0.3134350497183,0.3403480182998,-0.0130208565588,0.4319598130065,0.1299768877015,0.0238824036334,0.2035201846086,0.3715148724419,0.3990430960390,0.3815994494004,0.5063389918141,0.4043026727340,0.4609033709993,0.6092473105347,0.6282920477057,0.8177584541487,0.8272678592452,0.6300345352273,-0.1394547596426,0.0183627180737,0.1164950733557,0.5439147274798,0.4288534163291,0.3129254979334,0.3295205077503,0.6811614300431,0.6429189366263,0.3423125921642,0.0451746492322,-0.3608342833330,0.5269954620267,-0.2523081590150,-0.2880259395675,0.3947031987268,0.2646727275660,0.5174294548627,-0.3692512560452,-0.2718692888643,-0.2764597314671,0.0542979008255,0.3632017363142,0.1778562260326,-0.2016734048423,-0.3504398441223,0.1776332095423,0.4211055146817,-0.4156142202524,-0.0152313267700,0.4142550922290,0.3592945494708,-0.3255866250541,-0.0043633478491,0.2993440298032,0.1856846044500
-0.0818937116440,-0.4599721903398,-0.0869971441497,0.2858133330939,0.0117089657927,0.3730036037251,0.5090456400714,0.5930893805920,0.6271112446216,0.5532478460099,0.7275781258413,0.6698592143666,1.0000000000000,-0.3674814185289,0.2212515341151,0.1279534422718,0.7621889277835,0.5144463773436,0.3028384820063,0.3798512615551,0.4719270501796,0.2890939549541,0.2689389312921,0.5808501346341,0.3220988368182,0.2237595802533,0.6099046428089,-0.3068007667149,-0.2480940775597,-0.3466478858092,0.2982638091185,0.2344773402376,0.4646138146586,0.0634846370131,0.2115333456226,0.0912392059909,0.4287984665220,0.0544533706973,0.2764182616533,0.2636025115904,-0.0328109536290,0.2061330519558,0.0904273821359,-0.0858021782094,-0.0893422891670,0.1876214711074,0.1363090122769,0.2740730973947,-0.2162804817165,0.2171059112950,0.0033027088161,-0.0773849241108,0.1004317018642,0.3462323992617,0.3714601946885,0.4261374905715,0.7026023979944,0.5256835739737,0.4326311976231,0.5696518962181,0.4911370419964,0.6832648573562,0.6516555821561,0.9200551534194,-0.1778580752623,-0.0742129282589,0.0983815031855,0.5981392027234,0.3805628492352,0.3397138245487,0.2135400808977,0.2588944035947,0.5418761654789,0.3691919883728,-0.0652276953424,-0.2995790281539,0.5001644599116,-0.3093872897297,-0.3158332394090,0.3510509060318,0.0295398114493,0.4412307192110,-0.3327278431501,-0.2126223334453,-0.1564451515250,-0.0626038718798,0.2446868846014,0.1277625702839,-0.2064878429966,-0.1967678699653,0.1678714611366,0.2402904542559,-0.2921397674421,-0.1932027967993,0.1076406910912,0.2124928444767,-0.4149842462433,-0.1021505187198,0.1511580687821,0.0675725330868
0.5548470041383,0.6024772389510,0.4879109845685,0.0842822777374,0.4075461341185,-0.0261513268017,-0.1542482964418,-0.3627929364330,-0.3720917903034,-0.0800969266619,-0.2429036437340,-0.1835916712837,-0.3674814185289,1.0000000000000,0.3271711435086,0.1642243839388,-0.3232938715269,-0.2402041518759,-0.1717217068759,-0.2793802989336,-0.1580300043203,0.1857892297427,-0.0499006119436,-0.2671288674239,-0.2644196143727,0.0296184348444,-0.2823879788042,0.3177800783380,0.2816612151097,0.3231279529717,0.0022209987203,0.0270064088595,-0.1506108715313,0.0922042324095,0.0440672431783,0.2591635044552,-0.1543383839037,-0.0178387571369,-0.1083543196241,-0.1761074674150,0.2926366887052,0.1783428482992,-0.1341112886208,0.0055808668092,0.0124457710616,0.0476253768335,0.1750268685188,-0.0936847093366,0.4697448961471,0.1058846187222,0.5552312137640,0.4890046546358,0.3059689327888,0.0973403915862,-0.1035284388881,-0.0512514901161,-0.3879362317503,-0.3473085881693,-0.3742907360726,-0.3910258150233,-0.0659788320321,-0.3108505651271,-0.1730055994815,-0.3899028201216,0.6701505917266,0.0269143319547,0.1349252750776,-0.3684045558466,-0.0920185311838,-0.2179518114004,-0.2309862556020,-0.0739406370322,-0.2852647701866,-0.1363732641556,-0.1736762201243,0.0828747288631,-0.2336393152677,0.2194225019295,0.2588920093776,-0.1630312524777,0.2517074395736,-0.2004292007485,0.3169148722814,-0.0656627693181,0.0796190927070,0.2428643070762,-0.0896054573990,0.1824966715026,-0.1243914770880,0.0295851092777,-0.0110955795190,-0.1596749349329,0.1495760537255,0.1201420022348,0.0907742350938,-0.0526413056525,0.4505534684349,0.2852974071041,-0.0025400462002,-0.0561930616358
0.1504400568745,0.0487017654658,0.0201718931238,0.3334315796910,0.2027920875629,0.1268310146810,0.2273866702390,0.0289373540220,0.1047804692327,0.3322353579118,0.2890221286510,0.3491633703582,0.2212515341151,0.3271711435086,1.0000000000000,0.1058270986003,0.2059023529861,0.2203309072731,0.1541853454622,0.0157141144802,0.3477625431363,0.2823228637811,0.1672986927894,0.2183525310205,-0.0560741629396,0.0911187382692,0.1400006191226,-0.1325520472667,-0.0837934810475,-0.1568910927166,0.0854697251686,-0.0066530407054,0.0311169858163,0.1631780271500,0.2345739366526,0.3116722521256,0.1626234850638,0.0047572122271,0.3164836282158,0.1515858727841,0.1181129937252,0.2263347169394,0.2141816410787,-0.0808726758337,-0.1118980921872,0.2013440529872,0.1150973268055,0.2307127834244,0.1664403715590,0.5709493762883,0.2444722289175,0.1750578319061,0.3817269916424,0.1708684771681,0.1318528928280,0.3028959602970,0.0809555556213,-0.0277461211912,0.0572262490793,0.0960826330321,0.2233413499674,0.1847600163475,0.1977160071624,0.1135695733808,0.4794923418305,0.4714319827341,-0.0089838909761,0.1042191818105,0.2275841465730,0.0790133876869,0.1131478125195,0.1322995822371,0.1730428302459,0.0281024861284,-0.1047186836468,-0.1498577595875,0.0727919109441,-0.1421939824660,-0.1214034676120,0.0211400057759,0.0412996790749,0.0943783650330,-0.1225590705351,-0.1676563446736,-0.1549459840904,0.0679773899922,0.1007184362892,0.2636438507680,0.1531316329510,-0.0876407389927,0.2696283099999,0.1751092632244,-0.0936915997121,-0.1624720029470,0.1118132543358,0.1883323725733,-0.0891570489917,0.0394963256463,0.2683604763182,0.4730551059942
0.2742125195716,-0.0398978827798,0.1502391280997,0.5790025617086,0.1593208941514,0.1304770997496,0.2549391953413,0.2833338358142,0.2526753815364,0.1096657470424,0.2449740314125,0.1958968802025,0.1279534422718,0.1642243839388,0.1058270986003,1.0000000000000,0.3535083025510,0.4163796125446,0.5355778051973,0.3288527441970,0.2937400130682,0.0092164667015,0.0742985928510,0.3102500153096,-0.1480538474506,0.0020247622503,0.2285118787945,-0.1229872038796,-0.1579545687358,-0.1636592845550,0.7375567651191,0.2496948740350,0.4937597546264,0.1591773013676,0.4387764013888,0.6333416227422,0.2122022905746,0.0211501983492,0.1558577377987,0.0021847180378,-0.1666928863681,-0.0405272542814,0.3003160568964,-0.2868061465972,-0.1308034599038,-0.0310270845696,0.0000687318097,0.1655143896644,-0.0127636214295,-0.0301971527225,0.3000928299335,0.3296106880870,0.6382002701366,0.1798039791328,0.0853331815813,0.3902976812029,0.1023647494234,0.0850903490908,0.2495511904786,0.2271649694214,0.0090147859699,0.2018220761869,0.0733579940491,0.1120599639831,0.0171116849069,0.1732371015578,0.9049087972587,0.2487409857602,0.4792169916233,0.2583588011190,0.1353833914862,-0.0046404844978,0.3347363404231,0.0238437550393,0.2945906667338,-0.2087164741828,0.2062027338718,-0.1490675211212,-0.1832421955925,0.5837691286255,0.0917242786203,0.3119759552120,-0.2620241725366,0.2353631597487,0.0145070871720,0.0065298832145,0.2052404258493,0.3753683947715,-0.0184018047385,-0.1381635227167,0.1113507236564,-0.0440443847628,-0.3022250766136,-0.2164274705793,-0.0371477002014,0.2168755660128,-0.0969231407355,-0.2465797982126,-0.2349645895135,-0.0773979265030
-0.0237892011904,-0.4877580318423,-0.0705024988340,0.2917444452945,-0.0328691892827,0.3434300886175,0.4754287180393,0.6716050221686,0.6680563904424,0.5536040326696,0.6903183247457,0.6740100946570,0.7621889277835,-0.3232938715269,0.2059023529861,0.3535083025510,1.0000000000000,0.7712086677882,0.4646697899512,0.4767254163128,0.6591992274855,0.2524998213322,0.2879579728238,0.6923970844952,0.1864801824571,0.2026162153984,0.6864497681840,-0.3134613749432,-0.3073614982385,-0.4198658751064,0.5755107315176,0.2224378209483,0.6169703260112,0.0749017478433,0.3155745193609,0.2384088659923,0.4717364229037,0.0364227188236,0.3261196274451,0.2569342524210,-0.0449273412652,0.2738005053831,0.0814520746647,-0.2414648649617,-0.1893624786685,0.1880332741027,0.1274066802012,0.2612060419876,-0.1974775819164,0.2312044221124,0.0286301416363,-0.0005051746050,0.2184857971838,0.2941073517810,0.3066902425773,0.4109490198517,0.6729758700778,0.5874881663145,0.5645118220281,0.6384775123119,0.4866312215321,0.7079209210669,0.6107425382129,0.7818647367707,-0.1653051503065,0.0124280382343,0.2839861876815,0.8221458487613,0.4964096777328,0.4853195767109,0.4121950759659,0.2907469073238,0.6888372382086,0.3736407034566,0.1254771047582,-0.4017260614632,0.5696012344501,-0.3158387935511,-0.3917431485739,0.5813050267720,0.0576366578220,0.5849664293427,-0.4360340839118,-0.2568462445024,-0.1769291717487,-0.0533561037204,0.3082944526380,0.1901551006503,-0.2128003759832,-0.2767431920147,0.1964586868467,0.2684258153117,-0.4631544947398,-0.1319655753847,0.1936612661614,0.3122570726773,-0.4344881335662,-0.0897023629635,0.2312652148268,0.1449653438884
0.0670087077496,-0.3654071937228,-0.1026349443275,0.3560488993365,0.0918157260654,0.2383581184428,0.4393797624824,0.6675334079982,0.6774735120826,0.3176973212973,0.6129516714163,0.6049417514234,0.5144463773436,-0.2402041518759,0.2203309072731,0.4163796125446,0.7712086677882,1.0000000000000,0.6288380016466,0.4689089704570,0.5949293856433,0.0918396706015,0.3041875238282,0.6991443433066,0.0916622990046,0.1247518610214,0.5911987231170,-0.1845832220666,-0.2210179786057,-0.3075635664248,0.6092028681330,0.1997661742590,0.4482821815256,-0.0004898702956,0.2978447750751,0.1256710796188,0.4021230968533,0.0187220319662,0.3395248924214,0.2368567332325,-0.0573337992814,0.1303165443668,0.0311711961813,-0.3333171683593,-0.2147244072519,0.1181522658633,-0.0016686690526,0.2651348287140,-0.1028740920179,0.2417031103450,0.0870856577601,-0.0297054195476,0.2768740711053,0.2087652469560,0.2338205351986,0.3835659334008,0.5469787636341,0.5590603540506,0.7954956583907,0.6917393858217,0.2384986714782,0.6616291134807,0.4620991972697,0.5636188722873,-0.1410640981128,0.0891636861463,0.3704844783703,0.8531643667852,0.5975872230687,0.5250330471014,0.5260697763068,0.2641670690196,0.7201678028259,0.2333406763653,0.2642807185009,-0.3411946728640,0.4950945443354,-0.1626730086066,-0.2712939477291,0.7408647020871,-0.0446007546113,0.4680505262365,-0.3370785246383,-0.2279032830787,-0.2369929283737,-0.0772528749911,0.2832758915323,0.0884058775742,-0.1023707814461,-0.2892427372857,0.2071405292386,0.2129934613497,-0.5024951813527,-0.0426798770833,0.1142912464638,0.3153821740682,-0.2855952953270,-0.1512666499719,0.1501390046513,0.1154779631235
0.0683309792173,-0.3239161204443,-0.0949792197232,0.4486479720584,0.1222025417372,0.1992976411117,0.4133332808022,0.5157515454431,0.5885047992886,0.1872132368673,0.3455405983062,0.3919705678938,0.3028384820063,-0.1717217068759,0.1541853454622,0.5355778051973,0.4646697899512,0.6288380016466,1.0000000000000,0.4492219526099,0.4609114485205,-0.0792219724326,0.1600837805102,0.5819034503662,0.0920063774113,-0.0977716925019,0.4108231556733,-0.1889112088262,-0.3590629254409,-0.3704144294791,0.3887940583605,-0.0226489281122,0.2714350339812,0.1237029876680,0.1666517316144,0.4036175963901,0.2586213310281,-0.1425370736925,0.0987653500721,0.2225787429556,-0.1868783388832,-0.0506638288972,0.2011818156520,-0.3141475153953,-0.2849461723423,0.0711723459347,-0.0219034474379,0.1650622507337,-0.0833726147921,0.0709428702737,0.0893693222569,-0.0491467223718,0.3247441449057,0.1549158696541,0.2202208522784,0.4322984614492,0.3571907146969,0.4337139459371,0.5292502867542,0.6495069337823,0.0790957456842,0.3627632319697,0.2247560923545,0.3202583298598,-0.1761703784767,0.0366106690267,0.4405030251605,0.5168005988831,0.7433415099568,0.3983184363991,0.3877625366719,0.1345016004261,0.6173262529482,0.2344078889652,0.4291110382080,-0.3757061619201,0.3445183423913,-0.1623203411742,-0.3453945708241,0.4755844830994,-0.0705819144147,0.3553531357166,-0.4327194221824,0.0405030856548,-0.2149548891508,0.0038097832682,0.2078445748606,0.0802021211588,0.0617791669497,-0.1905347532258,0.0007869492555,0.1940514963432,-0.4600252824327,-0.1060936428523,0.0100684216150,0.2002816415661,-0.2760913501691,-0.3155356638155,-0.0506542833693,0.0459929695674
-0.1465870485483,-0.3762720678963,-0.1662216094170,0.0699816574688,-0.1865390670764,-0.0402834159220,0.0970712339936,0.6104850536397,0.5064953370497,0.3441141203829,0.3002531291127,0.3193783775846,0.3798512615551,-0.2793802989336,0.0157141144802,0.3288527441970,0.4767254163128,0.4689089704570,0.4492219526099,1.0000000000000,0.3758568255097,0.0239638164148,0.1520588598347,0.3971291467937,0.6798918783966,0.1014260750730,0.5368533457637,-0.1650534928933,-0.3887484653172,-0.3203996033530,0.3839692991539,0.1828187323267,0.5796144781567,0.0716911040180,0.0411414835972,0.2003116198269,0.2543457773489,0.4766954835806,0.0938033526540,0.3011094894860,-0.0628554436966,0.1803920685610,0.1718687786375,0.2271398880813,0.3435238453391,0.1664591588114,0.1948135145311,0.0129578082721,-0.2199987408010,0.1667684273491,-0.1442713119061,-0.1123740092398,0.0493638285338,-0.0575592363715,-0.0091553643415,0.0579013033443,0.6346917558072,0.5706364255407,0.4523692814757,0.5333547718598,0.1893540548581,0.3338739559361,0.2568822224542,0.4069408226533,-0.2154178739722,0.0168757156356,0.2895061351295,0.4926043760111,0.2683409725041,0.7852654008548,0.2547059306438,0.1870379275928,0.4659633393569,0.7284924522560,0.3762942810255,-0.2902120305529,0.5524132902414,-0.2014639407379,-0.4237901897020,0.4385202310428,-0.1161058873092,0.5708082963703,-0.3435297666216,0.0586206392754,0.3082550999805,0.0081852481395,0.1277140539699,-0.0851063396501,-0.0109690477376,0.3008694068457,-0.0206241452656,0.2612723429990,-0.0714599214693,-0.0585051507424,0.1723722447624,0.1111018653278,-0.4033712588026,-0.1591706184619,0.1100209228096,0.0773014919553
-0.0834477743803,-0.3781555244618,-0.2591431264943,0.1772926018138,-0.0091657248827,0.0981211552747,0.1835907254129,0.4389078392167,0.5239307625761,0.4177195505417,0.5815116940230,0.6525814247647,0.4719270501796,-0.1580300043203,0.3477625431363,0.2937400130682,0.6591992274855,0.5949293856433,0.4609114485205,0.3758568255097,1.0000000000000,0.3027441799918,0.4587575553130,0.6944025002316,0.1155693202170,0.2987316619766,0.5186489320499,-0.1448648077733,-0.1412857397374,-0.2538935754836,0.3885458000834,0.1776346648532,0.4020442886150,-0.0558871421501,0.3274311476626,0.2674350916861,0.3611031758037,0.0546264252645,0.1282443621359,0.2205373336335,-0.0095301791095,0.1774807262703,0.2754887688561,-0.1786569512887,-0.1590929537503,0.2223835292772,0.0664498202716,0.1351774732641,0.0279424208630,0.3141788146170,-0.0521435133144,-0.1741310349357,0.1307673597227,0.0611312560632,0.1004510056223,0.1686546965001,0.4371242933725,0.2926839131316,0.4667499433721,0.5440463552812,0.3364495073960,0.6132507722029,0.4370859556956,0.4508658238241,-0.0975012447021,0.2127179897788,0.1278520352059,0.4919853071464,0.4290713252114,0.3694644038340,0.6362423564058,0.4664581156905,0.6783453798574,0.2635243489309,0.3677322643350,-0.1592786678902,0.4065209827910,-0.0931487260842,-0.1899735888214,0.4056153304464,0.0903501652532,0.3853059633314,-0.2937382379298,-0.1713674116954,-0.2440327335468,-0.1217870570778,0.3531305801047,0.1050653605268,0.0860523971101,-0.2399623053595,0.0519100094587,0.2584572854542,-0.2983708876963,-0.0185390545046,0.2642345259690,0.2648141913206,-0.2000225858568,0.0287205294755,0.2590132551199,0.3621731253764
0.1387826874750,-0.1397712984120,0.1771945708390,0.0703051466199,0.2382480566995,0.3262694207422,0.1854327064373,0.1574442303861,0.1683142719726,0.6597639097682,0.3812847937289,0.5125281243735,0.2890939549541,0.1857892297427,0.2823228637811,0.0092164667015,0.2524998213322,0.0918396706015,-0.0792219724326,0.0239638164148,0.3027441799918,1.0000000000000,0.4055896183067,0.2768928939744,0.0555555397709,0.2982307600411,0.2898659885087,0.1469378891936,0.0855352830520,0.0755151755368,0.1536034411129,0.2215620689072,0.2799102170770,0.1035301459966,0.2332150815259,0.1418695145630,0.3576527373169,0.0650521083116,0.1307016964369,0.2940993180161,0.3949245974398,0.4280743373459,-0.0674453553272,0.0651621822583,-0.0263600397693,0.6241752451007,0.5099465206296,0.1768415202004,0.3105556515735,0.2770510936312,0.1586278399536,0.1817706401376,-0.0080890138217,0.3571199790043,0.3479910085184,0.1598171740744,0.1949081697978,0.0850946184870,-0.0483385382336,0.1424209836060,0.6959560217716,0.3578677065730,0.4833865435285,0.2647625880481,0.1966520884811,-0.1181751134595,-0.0408533566723,0.0136916829467,0.0871230339994,0.0229650663667,-0.0367516959407,0.6172293161796,0.2380734781713,0.2077618241642,-0.1265192874115,-0.0453187099397,0.2232181801884,0.0340678722434,-0.0286781931741,-0.0095107909748,0.4011960237712,0.2109380168450,0.0369133500358,-0.2001345439155,-0.0305403988848,0.2871846947442,0.3098170839058,0.2353504571969,-0.2152156560203,-0.0811047577903,0.1179489372271,0.3767919781638,0.0220371097418,0.2169705772865,0.4723617278500,0.1068607547913,0.0608011903559,0.4285718523484,0.2919211599909,0.0471684875140
0.2557424970786,-0.0668690284895,-0.0740661110239,0.0134120584205,0.2987337591754,0.0943316593868,0.0755758355009,0.1222538913414,0.2564960715418,0.2766489123253,0.4821826248465,0.6673133087551,0.2689389312921,-0.0499006119436,0.1672986927894,0.0742985928510,0.2879579728238,0.3041875238282,0.1600837805102,0.1520588598347,0.4587575553130,0.4055896183067,1.0000000000000,0.4849343991088,0.0561072906295,0.3387943265148,0.5437074320399,-0.0442557725402,0.0021220466040,-0.1433057650557,0.2896228609210,0.4093009636345,0.2956698863969,0.0602281438317,0.2243804448887,-0.0285281943869,0.3332404678215,-0.0859707643689,0.1296646311139,0.3496031721029,0.0402741815328,0.2044762835195,0.0050053703546,-0.3255262464750,-0.3175579806988,0.4601185939119,0.2253847510203,0.2124440416210,0.1332817377727,0.4271336055369,0.0576456930627,-0.1174501243551,0.0241726443814,0.0603793351107,0.1280812758288,-0.0260232980299,0.1310125943603,-0.0733993846157,0.2490105529898,0.2684282931612,0.2911178335208,0.5640038762580,0.5331597305749,0.2738457565783,-0.2545846932636,0.0754728816247,0.0004589144434,0.2235430073209,0.1220882408862,0.1229879670512,0.1367550692458,0.8447620995414,0.4377460015196,0.1528852698721,0.0603656813500,-0.1414112963971,0.4297214918008,-0.0600087014987,-0.0336135237779,0.2902345803009,0.3769777944194,0.3011687103895,-0.1437810054608,-0.2327278227762,-0.3338232400800,0.0495502533451,0.3887679669345,0.0325271202541,-0.1021275521333,-0.3790722295959,0.1322694350725,0.3330381698111,-0.4083268026455,0.2352686654975,0.4504498283798,0.3067978418669,-0.0741796864206,0.0793259400989,0.2536643409603,0.1895036111479
0.0954951815729,-0.3560727206263,-0.0273521578576,0.3430990946032,0.1812596578973,0.4021154505803,0.4964350133743,0.5666397876836,0.7153503503539,0.4017067180653,0.6505241971796,0.6618422467944,0.5808501346341,-0.2671288674239,0.2183525310205,0.3102500153096,0.6923970844952,0.6991443433066,0.5819034503662,0.3971291467937,0.6944025002316,0.2768928939744,0.4849343991088,1.0000000000000,0.1307958818576,0.2491080713846,0.7236943414038,-0.2606962575830,-0.2161830038325,-0.3689829984784,0.4871052639517,0.1774699335028,0.3312711675379,-0.0170378931718,0.4782701063330,0.3097573590377,0.6267156055401,0.0024810180202,0.3871754034640,0.2305967182824,-0.0813828987280,0.1588490087809,0.0052010304524,-0.3733198882514,-0.3501715258713,0.2160235397452,-0.0041370599029,0.3878185629065,0.0421681357776,0.2709277572965,0.0957197262570,-0.0313608221073,0.2539321540270,0.3299446054443,0.4062263916705,0.4562615694073,0.5856845816397,0.4206362266526,0.6757346303427,0.7483575470216,0.3616582233540,0.7008756595934,0.4940869460905,0.6011678567036,-0.2528773732221,0.0448729397394,0.2409463532405,0.6329185177051,0.6950170266282,0.5071571504013,0.3775450699437,0.4281047535449,0.9227406299183,0.3713760727834,0.1559066546110,-0.3113204660483,0.5757376761419,-0.2559005248921,-0.2647386744092,0.5630565971086,0.0880730173625,0.3597156216902,-0.4199873836356,-0.3634417029530,-0.3984896118682,-0.1255460886592,0.5520602611715,0.3118101815637,-0.1806855993057,-0.3564743334797,0.2809750980667,0.2775113445208,-0.5478118871660,-0.0943455562505,0.1405982404503,0.4635187093990,-0.2787107143804,-0.1342446408715,0.2014936799827,0.1748745464280
