1.0000000000000,0.6084550475789,0.5406629498828,0.2250378626622,0.8408169220012,0.2007826716796,0.0720984591077,-0.3674942958876,-0.2030695288158,-0.1487191144890,-0.0986428075574,-0.0022488232122,-0.1857662782325,0.4339805237222,0.0728780535671,0.1641284043742,0.0281103722097,0.0257050525647,-0.1243145857572,-0.2744906028076,0.0190076106668,-0.0790391360578,0.1586413180604,-0.0690458394439,-0.3462526798945,0.0321125805888,-0.0458974893034,-0.2684390457240,-0.0831423678694,-0.1768017841411,0.1807691459431,0.2492568702930,-0.0038488263449,0.1972946897428,0.2356166058703,0.1165767935703,0.0969617783403,-0.1687943880678,0.0622549078646,-0.0411903179196,-0.2420116354079,-0.0790018932426,-0.0797580252807,-0.4220750215376,-0.3901410494051,-0.1059019066558,-0.1324613478797,0.2504642632074,0.0698997973941,-0.0253450567236,0.7540963156621,0.4636411482140,0.2101169307868,0.3082798727971,0.1863248287555,0.0751271678991,-0.4076589330922,-0.3457988372797,-0.2177805634173,-0.2426295646138,-0.1344636972416,-0.1804348306810,-0.0263501233454,-0.2114568714194,0.1636219197482,-0.0960972574068,0.0715218702603,-0.0749442234972,-0.1058259650836,-0.1512205105348,-0.2330060536674,-0.1215857282168,-0.0881417623563,-0.2677677208539,-0.2113351589051,-0.1052126561952,-0.0052668613433,-0.1951039561822,-0.0869362050061,0.0598236031263,0.3847989020718,-0.0970966406953,-0.1556029596551,-0.0540123025588,-0.3302915589751,0.2736282594450,0.1621131271417,0.2621569650647,-0.2427088464539,-0.3467811070200,0.1896514491052,0.0291968659564,-0.3779517864720,-0.1937042015552,-0.1093458360573,0.1745054318494,0.0427367269990,-0.3322382182027,-0.1727786308211,-0.2316148930618
0.6084550475789,1.0000000000000,0.5293907171679,0.0828419780828,0.4647022676749,0.1106794666829,-0.0106798203224,-0.3461603882931,-0.2439562831014,-0.1836267806893,-0.3480862150347,-0.3121157665340,-0.3343826728260,0.6222915385237,0.0268596088692,-0.0573374418920,-0.2812214534259,-0.3657102275206,-0.2917031094876,-0.4081130479953,-0.2287734453014,-0.0652352026171,-0.2542548073512,-0.3034257394544,-0.3607993226522,-0.0679549959122,-0.3619476878514,0.0583367093201,0.1652167077697,0.1979586737455,-0.1615632513883,-0.0867980083157,-0.2480432075873,0.1296589718626,0.1522060756186,0.2161674733732,-0.1606713593915,0.0120986545815,-0.0760312339098,-0.2366930427394,-0.0133673003952,-0.1675504338954,-0.2906242234660,-0.0235894958432,-0.0623414898967,-0.3214408114814,-0.1635633989668,0.0011016404383,0.3017958604923,-0.2452692482577,0.5397073357776,0.4567026946418,0.0859485477359,0.1799822742463,0.1098565528520,0.0260631348792,-0.4395625260688,-0.3175137899994,-0.3852462572862,-0.3383494736046,-0.1791450403071,-0.3983635956134,-0.3462660221341,-0.4225668683202,0.3019478764144,-0.2487036411506,-0.0369783743169,-0.4350784008948,-0.1511664055600,-0.3862412675037,-0.4696749179013,-0.3785264008106,-0.3682491155770,-0.2818137632020,-0.4075485023609,0.0245722155926,-0.2597091696071,0.0461118742745,0.1838430898508,-0.3291350117079,0.1872246261965,-0.3963109094113,0.2262597738327,-0.1894834094394,-0.1598246572703,0.1699428159612,-0.1156993673329,0.2928834364958,-0.4294291559583,-0.0333407814623,0.0156627611323,-0.2265545695128,0.1293078873598,-0.2383599126152,-0.1908209325945,-0.0929413731160,0.3485844268537,-0.0813692024720,-0.2924195964382,-0.3349384101140
0.5406629498828,0.5293907171679,1.0000000000000,0.5077428845582,0.4917102929773,0.6563573054435,0.4971331306257,0.0887181661153,0.1112942835492,0.1801815803343,0.0075103421423,-0.0552480575639,0.0613127544787,0.1183315800279,0.2023921040016,0.2343624456187,0.2287409817535,0.0736427379099,-0.0101961559271,-0.1687120447582,-0.0591946974818,-0.1258321185194,-0.3151919086369,0.0307859008169,-0.1093945586493,-0.1792231414654,-0.0437612445888,-0.1577698915014,-0.0862354098137,-0.1650312177151,0.0929913496566,-0.1374103960033,-0.0215224226754,0.0795559613110,0.1957013527503,0.3738717616793,-0.0006568643202,-0.1731916573919,0.2078633427132,-0.1328251786774,-0.1424701934328,0.1020940380053,-0.2186317929363,-0.3084726877539,-0.2765918882679,-0.2566860082750,-0.2868839489245,0.3753957787275,0.0621353516965,-0.0390310817789,0.6593628806906,0.8379198371110,0.4463010895092,0.6691133460006,0.5675252028997,0.5255637291985,-0.0151302298076,0.1363407740519,0.0317119350283,0.0390364218775,0.1481984588633,0.0539812923953,-0.0367217485526,0.0691444218394,0.2944525940074,-0.0659428324557,0.2096630404782,0.1079954125396,0.1954918752639,-0.0174098761306,-0.2035441736498,-0.2794188957557,-0.0730887358069,-0.0346733138393,-0.4218335341313,-0.2266971490259,-0.1054527504308,-0.1969604635595,-0.1211657818503,-0.0053952910411,0.0859406275854,-0.0252711133664,-0.1724923057453,-0.3085228612656,-0.2760298331750,0.1741374235489,-0.1518707077935,0.4850278574496,-0.4112224581648,-0.1677487631059,0.2499989966854,-0.1833507218257,-0.1560232829940,-0.2690993771617,-0.1289546953077,0.3288635612819,-0.0557730378564,-0.1548301282954,0.1047516472230,-0.1222660853577
0.2250378626622,0.0828419780828,0.5077428845582,1.0000000000000,0.3025268256449,0.5610442527980,0.7100509448415,0.3413758607206,0.2738495001109,0.1250321643260,0.1306087960462,0.1660439615897,0.1390291146568,-0.1962130589634,0.4475633920569,0.6043571975638,0.4756665963330,0.4485713749273,0.4812489618625,0.1171899348421,0.2174539473232,-0.2154885598291,-0.1309442248463,0.1977359052629,0.0231024380427,-0.1964423167298,0.0821835831762,-0.3232431307144,-0.3291536471435,-0.4463005081143,0.3525396972776,-0.0545031072034,0.1226670666321,-0.1232732705732,0.1426517809905,0.4363949307613,-0.0175034600641,-0.2604199279649,0.2477636086706,-0.0140926008274,-0.2234544733409,0.1976674775992,0.2324259311072,-0.3041211659548,-0.3150716183244,-0.1100258235225,-0.2220467429758,0.3021765977687,-0.2455139373028,0.1494721750691,0.4687172912575,0.5217065849743,0.7072751118801,0.5706248734704,0.5010748049369,0.7833422532894,0.1716215791574,0.3637565391865,0.3735997187717,0.2536795433881,0.1366608248279,0.2207381429594,0.1259313966601,0.1743381494964,0.2526287730846,0.2607215449444,0.4931540613092,0.4490230375744,0.5179059465269,0.2385423393264,0.2066455447793,-0.1640349848851,0.1829219539954,0.0052881448053,-0.0150337583001,-0.2358137872643,-0.0320038467331,-0.3036767242237,-0.3656067195333,0.3691490381618,-0.0804817798395,0.1523495204501,-0.4383923758229,-0.0457640417879,-0.3575359833062,0.0375809164785,-0.1473139316012,0.3774552194588,0.0130543865425,-0.3023808017564,0.1834535343647,0.0303347931368,-0.2885681357799,-0.2897014157719,-0.1375215814438,0.2051661451739,-0.3692056749675,-0.2309549991826,0.2238793350036,0.2021318249510
0.8408169220012,0.4647022676749,0.4917102929773,0.3025268256449,1.0000000000000,0.4153254448860,0.2894771962521,-0.2861185465926,-0.1704887598093,-0.1214093195844,0.0095923610677,0.0919218960831,-0.1499072455278,0.3055599271521,0.0726473414469,0.1451313150873,0.0934767093326,0.1303036580191,-0.0060829057219,-0.3055106591129,0.0309207806243,-0.0040803884817,0.2263002673227,-0.0282589606943,-0.3231282866744,0.0832843907151,0.0081886979917,-0.2768700047718,-0.0717136925352,-0.1819916820811,0.2004438440460,0.2007815277939,-0.0765778648326,0.1481032969072,0.2678602365638,0.0736296368376,0.0412099497676,-0.1661387358316,0.0578559344947,-0.0312496012985,-0.1926585176983,-0.1457125322046,-0.1372184608584,-0.3931498199928,-0.3906422783509,-0.1047261966741,-0.1808709391890,0.3306819354040,0.1597799176187,-0.0521481818107,0.7149007366773,0.3230896285858,0.1203967686011,0.5175685815273,0.3939775331328,0.2431145616238,-0.3598445693116,-0.2320956929736,-0.1075828392359,-0.1911115309864,-0.1167543503378,-0.0676329465218,0.0309411921403,-0.1685331520315,0.0387292191184,-0.1932116029415,-0.0049296685303,0.0209866370113,-0.0299491401861,-0.1888072418638,-0.1826970473673,-0.0215298669656,-0.0350743827710,-0.2685059261429,-0.2259294277668,-0.0793528836400,-0.0385053753985,-0.2077681475840,-0.0910144401695,0.1246391198994,0.3400289118847,-0.1355252881921,-0.1454517007164,-0.1394215794217,-0.3940119021890,0.1970769664905,0.1136865409559,0.1992938067434,-0.2702456046687,-0.3506769091440,0.1027028897384,0.0372517644204,-0.4013666071835,-0.1667291616095,-0.1613922811726,0.1660160203306,0.0714943484212,-0.2309590228401,-0.2112790591880,-0.2976726532061
0.2007826716796,0.1106794666829,0.6563573054435,0.5610442527980,0.4153254448860,1.0000000000000,0.8340870731783,0.2736996398899,0.3387502709252,0.4026309415350,0.2326877403844,0.1701037432787,0.2645743740069,-0.1979987533838,0.2745702507932,0.2502135122096,0.3683200974500,0.2404667260360,0.1649670015885,-0.0296172360781,0.0723277372613,0.1019901125420,-0.1936236331997,0.2989647528642,0.1316492341000,-0.0963215006041,0.2136879780102,-0.2788190711167,-0.1762762820688,-0.3201259798248,0.1892839441863,-0.2158692315727,-0.0546237116523,-0.0140502498501,0.3495257971838,0.4299341701629,0.1744270242823,-0.2029134246370,0.3917641846692,-0.0943042220682,-0.1030932033292,0.2304557627684,-0.1104275056338,-0.2898467927049,-0.3262506916218,-0.1346118223827,-0.2676189733115,0.5259711032479,0.0030706600393,0.1042978207508,0.4265404264520,0.5323841987881,0.3148765256368,0.9232794468195,0.8904198035638,0.7764420927893,0.2185804772891,0.2853935370256,0.1803896372102,0.2654559832580,0.3965657906249,0.3331653077141,0.1903361603172,0.2842602391237,0.0927138487950,-0.0539475440308,0.1582714851225,0.2591259526348,0.3659329271161,0.0889378109490,-0.0549552534589,-0.0617122047695,0.2001443895850,0.1241772822506,-0.2807672154916,-0.2216785461166,-0.0163485604265,-0.3634253645782,-0.2183984488244,0.1291133774964,-0.0845993783697,-0.0076882967669,-0.3469154410786,-0.2984494140884,-0.3651012812016,0.0196600191800,-0.0328947546090,0.5261662092321,-0.2685230083446,-0.2306688713884,0.2861739490760,-0.0875080581998,-0.2424738517832,-0.3097750219736,-0.1579700829862,0.3890667008864,-0.1978067219284,-0.0695056301587,0.2119427711052,0.0056126111587
0.0720984591077,-0.0106798203224,0.4971331306257,0.7100509448415,0.2894771962521,0.8340870731783,1.0000000000000,0.4206241906352,0.4267937501014,0.2996464486724,0.2062646088003,0.1670166615996,0.2229740564903,-0.2432918750490,0.3335920435478,0.4441391689476,0.4197347195673,0.4042109911667,0.3940942043260,0.0974016805223,0.1733017306634,-0.0126625892670,-0.1605476740193,0.3820107843507,0.1588048307444,-0.0760559812537,0.1994108008423,-0.2389145677701,-0.2254557168464,-0.3086893849697,0.3122849420488,-0.1384239670939,0.0055923976503,-0.1231095193848,0.3530593361251,0.4739546498866,0.1658343746426,-0.1715588975914,0.4256910872799,-0.0911386639852,-0.1057376036475,0.2536704564663,-0.0039438585942,-0.2581910711674,-0.2901361819215,-0.1278510298943,-0.2123004304082,0.4495237884630,-0.0722718845583,0.1615371029880,0.3331177839469,0.4001708351406,0.4275842735246,0.8113585639951,0.7978179413409,0.9228440777802,0.2953943883853,0.3962769946171,0.3836026430172,0.3742488981907,0.2826961781797,0.3278190104373,0.1493292535369,0.3272843866899,0.1352803790198,0.0366421789718,0.3022079399829,0.4083255930238,0.5558164696277,0.1935330281941,0.1117761008496,-0.0784428552244,0.3186091220153,0.1022213884299,-0.1718664567670,-0.2054389011942,-0.0103996397247,-0.2924800998931,-0.2593971406305,0.2917267276111,-0.1266403118130,0.0626697308853,-0.3413169708016,-0.2746309986160,-0.3653290319469,-0.0591819229319,-0.0588912658041,0.4989188112712,-0.1958327295164,-0.2437765361480,0.2565843743443,-0.0858853167370,-0.2271304338608,-0.2472871036157,-0.1017050408043,0.3389321817794,-0.2280384594805,-0.0422402137701,0.2464962297158,0.0752831535676
-0.3674942958876,-0.3461603882931,0.0887181661153,0.3413758607206,-0.2861185465926,0.2736996398899,0.4206241906352,1.0000000000000,0.7634776797446,0.4663587271574,0.4462695836308,0.3954997778734,0.5400013605330,-0.5315962248817,0.2248088994466,0.3590350409920,0.5461317976518,0.5632371074687,0.5533163208445,0.6340945466239,0.3109838466991,0.0310347401736,-0.0735471562836,0.5265740651302,0.6596571593370,-0.1010277947823,0.3787430818865,-0.1866924693837,-0.3673838791187,-0.3915262588977,0.2675500839111,-0.1406439680178,0.4043676485909,-0.2318873378295,-0.0276346210865,0.2652015629817,0.1241159762532,0.1539998899693,0.3497861518194,0.1870236605418,-0.0902288470230,0.3661958350425,0.2195299784000,0.0440452000145,0.1007787251561,0.0630726362030,-0.0950747088962,0.2010396382496,-0.3451220368460,0.3045287427443,-0.1323288473134,0.1347893999062,0.2587598561266,0.1512759401244,0.2446168780905,0.4086474519120,0.7739633774344,0.8045072269003,0.7056240865681,0.7569142126692,0.4022413117140,0.5391872347564,0.3215465767424,0.5965788882903,0.0010342165822,0.2959506989233,0.3042499006768,0.5802306062481,0.6122994417775,0.6065156397551,0.3585208996492,0.1617877825535,0.4902916964596,0.5902021231387,0.2073123993222,-0.1778174465874,0.2620949921193,-0.2340306401886,-0.4121110348728,0.3249605369674,-0.2690153766734,0.4370398655910,-0.2950518023931,-0.0999611307836,0.0836119864156,-0.1156718549987,-0.0683570548585,0.1295891102467,0.1308947183322,0.1111032533476,0.2190973798675,0.1531783720844,-0.0100344981465,-0.0836244161682,0.0858255612507,0.2555679751216,-0.4749666865308,-0.0200049384616,0.4556964010366,0.3520476741034
-0.2030695288158,-0.2439562831014,0.1112942835492,0.2738495001109,-0.1704887598093,0.3387502709252,0.4267937501014,0.7634776797446,1.0000000000000,0.6112465019255,0.5203260155553,0.4751981355673,0.6127030550780,-0.5495380419408,0.1732197693405,0.2699937107121,0.4843755627899,0.4166658175520,0.4516597838445,0.5190766881959,0.3729614711613,0.1497111609903,0.0099921949735,0.7635353401190,0.6725824859454,-0.0067415982039,0.5356919141724,-0.2504361937191,-0.3463981044357,-0.4731285157495,0.2384410963924,-0.0791067593931,0.3368085033950,-0.0923981800452,0.1318225108686,0.3688051596578,0.3677544830200,0.1147208619361,0.4707700605521,0.2606298358910,-0.1169619915951,0.3728462466456,0.2786620438840,-0.1316905831717,-0.1020398517598,0.1324414432424,-0.1483832685321,0.2614963873568,-0.3861472071708,0.3123186571946,-0.1043736155449,0.1127605667397,0.1972084585298,0.2015331767895,0.3317932609687,0.4125876152369,0.7122102312548,0.6061933546228,0.6253354108618,0.9463502976700,0.5936855015097,0.6312121688096,0.4533176810732,0.6531969861675,-0.1327766560458,0.3300365853547,0.2126165170032,0.4304303634977,0.6459797744443,0.6010426721661,0.2908336409133,0.2683868998866,0.6997681977314,0.6580049366188,0.1862473001220,-0.1059185359918,0.4000552645006,-0.3131515861040,-0.4017574179010,0.2483906805694,-0.1311469289921,0.3533425367340,-0.4164422401867,-0.0872685048112,-0.0617484898176,-0.0118192293857,0.2272263711450,0.3474441125655,0.1662171387556,-0.0611935577136,0.3729521485090,0.2400393984596,-0.1249064709078,-0.1030645051450,0.0528715923229,0.3147868146394,-0.5239182893244,-0.1234973700334,0.4133273889221,0.3091574637864
-0.1487191144890,-0.1836267806893,0.1801815803343,0.1250321643260,-0.1214093195844,0.4026309415350,0.2996464486724,0.4663587271574,0.6112465019255,1.0000000000000,0.5285204926532,0.5735333467485,0.6185821622871,-0.3411855802815,0.2716161050923,0.1125543103348,0.4703526668419,0.1906455512790,0.0883040141180,0.1927899948096,0.3242013873223,0.5899517159533,0.0116150979800,0.5371491470734,0.3830746475145,0.0031795131670,0.5464033775039,-0.3329641563994,-0.4155346300559,-0.4398255898830,0.0972620736329,-0.0995544114495,0.4312945665091,0.1292807261579,0.1534238001746,0.3772190673448,0.4514540499414,-0.0654654785152,0.4501213419496,0.3218244616719,-0.0052205273547,0.5688016452656,0.0977970367420,-0.2264650574732,-0.2130341024626,0.2759026934611,0.1051628310348,0.3299523444786,-0.2024385459304,0.3581876912139,0.0484152542945,0.2314108936691,0.2156122152187,0.2821015587475,0.4182161509212,0.3166820561838,0.5736423937456,0.4500321093745,0.2636640618356,0.5502168005176,0.9207384582434,0.6344394309402,0.5944914898632,0.6166312219260,0.1018042327177,0.2648236721630,0.1558248882580,0.2971562132747,0.3306242338954,0.3345455796387,0.2417335699150,0.4194020056107,0.4302586622811,0.5360692086201,-0.0490340448486,-0.2189263990747,0.4434990948792,-0.4588441107762,-0.4843404031825,0.0709859554309,0.0666521621235,0.4845805904268,-0.2179046345322,-0.1586218903963,-0.0233642011608,0.1537147730787,0.2446066135619,0.4316938521412,-0.0020379200194,-0.0560350216038,0.4290297837286,0.3020514878201,-0.1571356220911,-0.0315425384983,0.3382377681775,0.4020626523283,-0.4308530759404,0.1276573913781,0.6096201745377,0.3269996568360
-0.0986428075574,-0.3480862150347,0.0075103421423,0.1306087960462,0.0095923610677,0.2326877403844,0.2062646088003,0.4462695836308,0.5203260155553,0.5285204926532,1.0000000000000,0.8101577506931,0.6117574075553,-0.4380507529083,0.2851660856417,0.0849552508123,0.4482596903341,0.4939046444294,0.2063727612840,0.2589962481134,0.4082091567982,0.3000276679958,0.4928947072251,0.6171970979526,0.3269466483317,0.1001166876127,0.6418999624365,-0.1999283618069,-0.1977166018952,-0.3601310559127,0.1876350103721,0.1409373105541,0.3645844470498,-0.0993457876287,0.0126104113250,-0.0840017848619,0.4031928603033,-0.0935949687796,0.3911661430978,0.3595616661473,-0.0611152507807,0.2844454409055,0.1028306561924,-0.2375985231435,-0.2733352710485,0.2997919358477,-0.0921944664952,0.4182215291019,-0.1227060529943,0.5213619307303,-0.0749914880245,0.0335493508906,0.1408329543070,0.1293298745967,0.1935066212908,0.0955613871728,0.4110576123133,0.2498830578949,0.4511139689398,0.5278714908693,0.4919095626373,0.8553906364088,0.7529489040508,0.5779365947553,-0.1479007949297,0.2865359686353,-0.0934401928181,0.4249273199787,0.2065518104516,0.3183887348591,0.3528447124994,0.6193975493482,0.5884122070436,0.3725560063653,0.0475004685971,-0.1273641999065,0.4674727755271,-0.1904008913594,-0.2679660381702,0.3036767838960,-0.0861048690650,0.4457542050201,-0.3390521549049,-0.2296313650922,-0.2317715465337,-0.1463852358495,0.3002189331230,-0.0155258415075,0.1711913248147,-0.2581929828164,0.3652143646927,0.3603922761573,-0.3225787543123,0.1451651862136,0.1832035120213,0.4210569257923,-0.3349132863736,-0.0511942014503,0.3929050850195,0.4166984128643
-0.0022488232122,-0.3121157665340,-0.0552480575639,0.1660439615897,0.0919218960831,0.1701037432787,0.1670166615996,0.3954997778734,0.4751981355673,0.5735333467485,0.8101577506931,1.0000000000000,0.4997073721801,-0.3371469378899,0.2942807297513,0.1808440259553,0.5082769245241,0.5408974624349,0.2471104217761,0.1884563279942,0.5529401673151,0.4138308979770,0.6366294249666,0.5721239033276,0.2142735041660,0.1194288437145,0.5296315398110,-0.2034350397345,-0.2888280034498,-0.4134148219359,0.2758411352168,0.2087535934104,0.4895329420898,-0.0884910575344,0.0834448077413,0.0232199566235,0.3993054782345,-0.1836872724173,0.3352108819314,0.3912311551298,-0.0486630220841,0.3577429063897,0.1484573272171,-0.3320412790527,-0.4022957883859,0.3958577183233,0.0413026241894,0.4049711083887,-0.1460645673463,0.5029269363707,-0.0199200032501,-0.0395654355793,0.1720137299432,0.0662376564681,0.1404807167498,0.0989003897717,0.3576108924327,0.3099146746121,0.4594689337972,0.5040504850833,0.5708467668871,0.7902032987125,0.8418498793932,0.4875198240832,-0.1126671955888,0.3242438529336,0.0349730902990,0.4538014983392,0.2630667460237,0.3166469307436,0.4507733734769,0.7743048061258,0.5686268683725,0.3154873580516,0.1378340846534,-0.0700610119806,0.4382812376737,-0.1830770261715,-0.3325999939613,0.3649589019286,0.1603526778523,0.5114644579234,-0.3044775089092,-0.1450620367561,-0.2883725097692,-0.0085483027634,0.3844773016709,0.0861323899151,0.1613164921143,-0.3268463561275,0.3250913166795,0.4348328910382,-0.3594126404295,0.1906299756731,0.3695878454870,0.3996912672690,-0.3854509130736,0.0084638510273,0.4586477247431,0.3841144573107
-0.1857662782325,-0.3343826728260,0.0613127544787,0.1390291146568,-0.1499072455278,0.2645743740069,0.2229740564903,0.5400013605330,0.6127030550780,0.6185821622871,0.6117574075553,0.4997073721801,1.0000000000000,-0.5632044894816,0.1753798116709,0.0921351692596,0.5607795646312,0.2684097292411,0.1388193785348,0.3481744445802,0.2986865835043,0.2669028687393,0.0931951821224,0.5507767091463,0.4790930981033,0.0866556475086,0.5258066964310,-0.3253746157689,-0.3304357913358,-0.4555310636262,0.1281894338539,0.0490741944933,0.4334787115502,-0.0247595381186,0.0788140621725,0.1560684638454,0.3907139286276,0.0206707772497,0.3766598607358,0.2080416200436,-0.1479307847828,0.2967325284797,0.2616159010120,-0.1198658348502,-0.0798113906653,0.1680680297977,-0.0343919487929,0.2417058251832,-0.3271797190581,0.2960099935812,-0.0656592936789,0.1301715359758,0.1844172032019,0.1696590368249,0.2645072186762,0.2057619181830,0.6921621978667,0.3747152296472,0.3241170526588,0.5646581670858,0.6140613997815,0.5725472839988,0.6335635508015,0.8914923048174,-0.1278070041146,0.3092141312862,0.0470823011861,0.4038655872735,0.2433254795605,0.3687794323993,0.2060860745269,0.3404728313006,0.4645347669974,0.4758751336276,0.1090746115202,-0.1073663608467,0.4544634188469,-0.4049819615106,-0.3775265217959,0.1115068896289,-0.0468425771335,0.5024981170013,-0.3650932216867,0.0001209094892,0.0338010556555,0.0404241839088,0.2075960726816,0.1959051803027,0.2720750812963,-0.0323547517307,0.3612704579650,0.2543412907653,-0.1293726759939,-0.0800522684621,0.1628198718438,0.3663484987343,-0.4355273770799,-0.0772967159141,0.4174955637442,0.3746841554564
0.4339805237222,0.6222915385237,0.1183315800279,-0.1962130589634,0.3055599271521,-0.1979987533838,-0.2432918750490,-0.5315962248817,-0.5495380419408,-0.3411855802815,-0.4380507529083,-0.3371469378899,-0.5632044894816,1.0000000000000,0.0591991691792,0.0162243128165,-0.4371556522057,-0.3557431745521,-0.2111854596707,-0.3240607227553,-0.1146350337389,0.0153017351046,-0.0693915615538,-0.4225825237992,-0.4569041712691,-0.0813159354070,-0.4248768009346,0.2290887347034,0.3281995911524,0.5213819714059,-0.0630604390980,-0.0438799352791,-0.1513659243398,0.0974007428376,0.0553076204431,0.0575438887758,-0.2684388514417,0.0160395728622,-0.2875773579960,-0.2905954845753,0.1681095534206,-0.1678005709306,-0.3459476114250,0.0701078675557,0.0901964812619,-0.2233749885524,0.0784863768332,-0.1839654756902,0.5649327946220,-0.1769737468445,0.4076086733546,0.1448146390204,0.0169525583237,-0.0817304506760,-0.1956674904153,-0.2505445938144,-0.6205146795142,-0.4826753815009,-0.4976492963730,-0.5881390579418,-0.4078542890686,-0.5110340959220,-0.4041988124983,-0.6136833874262,0.5029732904302,-0.3200573323200,0.0491775076839,-0.4969380622978,-0.2594137527022,-0.4095173232856,-0.2820932480706,-0.2550937967092,-0.4407059875267,-0.3616081861625,-0.2223013600194,-0.0697428689702,-0.3655080608619,0.2528984553691,0.3601606523155,-0.1974856411681,0.0936312244839,-0.3489325666326,0.4953110121884,-0.1045523283940,0.0128086421476,-0.0300062555362,-0.1694758765812,0.0171161301985,-0.4393922595253,0.0532057882993,-0.2207637359837,-0.3336524397317,0.1143763335347,-0.0114647924612,-0.0642457954169,-0.2240329093561,0.6338524047556,0.1182070834001,-0.3388758990048,-0.2696203746899
0.0728780535671,0.0268596088692,0.2023921040016,0.4475633920569,0.0726473414469,0.2745702507932,0.3335920435478,0.2248088994466,0.1732197693405,0.2716161050923,0.2851660856417,0.2942807297513,0.1753798116709,0.0591991691792,1.0000000000000,0.3252141170979,0.3361147152402,0.3510855616102,0.2763870630733,0.1513239651006,0.4626896004968,-0.0144061757237,0.0572641707971,0.2275294294980,0.0420228984366,-0.0895543861240,0.1438561677574,-0.3018677426883,-0.2293295587822,-0.3156319283479,0.2072990524213,-0.0891694121604,0.2442838630155,-0.1178489213301,0.1040488453950,0.3171800637328,-0.0677185744442,-0.1643981797763,0.2632736247683,0.0085042438359,0.0024510973813,0.4281056645081,0.1335717636113,-0.2240942889096,-0.2580864156920,0.0199391203021,-0.0152400967456,0.1959043998319,-0.0676238861767,0.5666107190796,0.2768872138721,0.3450346624680,0.5805047180727,0.2372427391313,0.1802575383302,0.3254629279782,0.0755718744525,0.1382540877156,0.2628405906638,0.1456800316826,0.1710894320276,0.2267640936715,0.2046451096083,0.1296031408973,0.5674123494567,0.5167684809955,0.2473702090934,0.2879899994011,0.3437480359040,0.2612286044638,0.4039131547601,0.0635114310085,0.1975203637212,0.1202827008424,0.0609328153600,-0.3055791688647,0.0942660528564,-0.2766629774959,-0.2909275302081,0.2964112579842,-0.1358775515014,0.3480974156650,-0.2499352102410,-0.2742170277781,-0.1904746119575,-0.0889281933598,-0.1397284093934,0.2894889670724,0.0962735920755,-0.1673293803386,0.2565410767691,0.0710150335298,-0.2072823442441,-0.1142969940611,0.2406157778436,0.2583009429076,-0.2501998335413,0.0472072609800,0.5015048310543,0.6596394060577
0.1641284043742,-0.0573374418920,0.2343624456187,0.6043571975638,0.1451313150873,0.2502135122096,0.4441391689476,0.3590350409920,0.2699937107121,0.1125543103348,0.0849552508123,0.1808440259553,0.0921351692596,0.0162243128165,0.3252141170979,1.0000000000000,0.4458602053108,0.5662813278031,0.5899891029078,0.4123220484304,0.3548133266302,-0.0266174174017,0.0035051089708,0.3703586148584,0.0989444642934,-0.1241936848080,0.0912387262246,-0.2834215551854,-0.2531848291833,-0.2891455914153,0.7408636782382,0.0126491451634,0.3863273746123,-0.1549942686138,0.3747584431095,0.6046424800642,0.0869793573712,-0.0376976203430,0.2729915784076,-0.0625840387920,-0.1784039703265,0.1763121813530,0.2537948303424,-0.2794896217223,-0.2058039324315,-0.1146918161490,-0.1479186864526,0.2563649282820,-0.0926157157549,0.1499015103692,0.3454654008555,0.3075570237387,0.6593479274448,0.2581835998894,0.2353427706186,0.4836493932159,0.1848557516444,0.3284692474375,0.4561128363361,0.2775649430114,0.0855038211124,0.1342768851750,0.1183503498179,0.1884258662273,0.2514082851029,0.2616188214868,0.8782045357810,0.5028329890068,0.5831842322099,0.4963024439282,0.3489797652228,-0.0384572497669,0.3240170892785,0.1123155499554,0.3198195265572,-0.1848046443281,0.0046431172161,-0.2904793793206,-0.2683770613260,0.6731185752105,-0.0619532143350,0.2643826731389,-0.2754360632807,0.0823086398914,-0.2001207424227,-0.0711969262759,-0.0101073265153,0.4176537623845,-0.0005075485476,-0.2138846309516,0.1048450450818,-0.0462626791622,-0.2793758707791,-0.2767435742143,-0.0360605517596,0.2410148913666,-0.1823924876109,-0.1607260864352,0.1919037135657,0.1574343032155
0.0281103722097,-0.2812214534259,0.2287409817535,0.4756665963330,0.0934767093326,0.3683200974500,0.4197347195673,0.5461317976518,0.4843755627899,0.4703526668419,0.4482596903341,0.5082769245241,0.5607795646312,-0.4371556522057,0.3361147152402,0.4458602053108,1.0000000000000,0.6897968726461,0.4188798527318,0.3769297475294,0.6494156870537,0.1313812808690,0.1599287424495,0.5531607119080,0.2801428718123,0.0156462483344,0.4767349318267,-0.3843374490281,-0.4051300420316,-0.5402026643626,0.5329809283477,0.0516503885428,0.5189334603601,-0.1510762021631,0.1617633972850,0.2851363251534,0.3237546178231,-0.0468639641211,0.3425786012991,0.0933916036532,-0.2022433576683,0.2995252212477,0.2611265710190,-0.3881794926728,-0.3042156279137,0.1138618623558,-0.1411290732840,0.2464673898759,-0.3538778848520,0.2766165298785,0.1548685815095,0.2055364187231,0.4202892792199,0.3248280361338,0.2977000536293,0.4150799381099,0.5201458818846,0.5137961714993,0.5288930244539,0.5040190126865,0.4886202427550,0.4960985973383,0.5553650098618,0.6175982692119,-0.0429620245590,0.2560220831783,0.2885552811638,0.7491221058120,0.4457621334846,0.5307760737177,0.5256619662998,0.2582539264194,0.5674396362124,0.4155667624463,0.2360039505853,-0.1953677697683,0.4083420639405,-0.4013487581008,-0.4601128330975,0.5011730506292,0.0538793087202,0.5703976577598,-0.4760248387863,-0.1385014675319,-0.1852196999766,-0.0210464433676,0.2213614873496,0.2429913892606,0.1511019430906,-0.2105687372433,0.2895640731455,0.1285047670518,-0.4015640981422,-0.0762023113494,0.1021270131374,0.2809187069625,-0.5220311709357,-0.0688129185675,0.4239263187649,0.2864138663520
0.0257050525647,-0.3657102275206,0.0736427379099,0.4485713749273,0.1303036580191,0.2404667260360,0.4042109911667,0.5632371074687,0.4166658175520,0.1906455512790,0.4939046444294,0.5408974624349,0.2684097292411,-0.3557431745521,0.3510855616102,0.5662813278031,0.6897968726461,1.0000000000000,0.5973099513547,0.4763452158984,0.4881931495917,-0.0001832216242,0.3558458917269,0.5674000161991,0.3035262766519,-0.0151936659668,0.4283380021270,-0.3110842136713,-0.3223546130963,-0.4179871445653,0.6790468296901,0.1256582862642,0.4080160407387,-0.3120279911948,0.0951209545914,0.0510029131990,0.2373319630873,-0.0791961203737,0.3688513015296,0.1640985855139,-0.1177896491998,0.3087362873191,0.1905285594905,-0.3647294044725,-0.3315954260351,0.1280353102986,-0.1506786319209,0.3336620897961,-0.2457141589757,0.4222458286393,0.0998583906170,0.0811285517423,0.4021601166701,0.1813867881445,0.1637673418064,0.3254366881721,0.3815434237518,0.4753935680282,0.7630165857598,0.4795160693374,0.1597007706005,0.5315494565879,0.4161416691398,0.4026004176908,-0.0352319096565,0.2907838984350,0.3705294956173,0.8318138807113,0.5072859187562,0.5897946490717,0.5600420067381,0.3096920755014,0.6152711970006,0.2586153956994,0.2863791186995,-0.1799362746423,0.2855772525165,-0.2440197780398,-0.3592605282880,0.7951883375095,-0.0981273682757,0.4825869585239,-0.3796635158203,-0.1483151562677,-0.2991083889950,-0.1677626423639,0.1513430259853,0.0207027809238,0.1380787396622,-0.3312912191243,0.2427861829993,0.1956953660124,-0.4629832128789,-0.0046598271944,0.0826822655341,0.3188366875797,-0.3886297222318,-0.0931054772097,0.3875840413532,0.2904039246605
-0.1243145857572,-0.2917031094876,-0.0101961559271,0.4812489618625,-0.0060829057219,0.1649670015885,0.3940942043260,0.5533163208445,0.4516597838445,0.0883040141180,0.2063727612840,0.2471104217761,0.1388193785348,-0.2111854596707,0.2763870630733,0.5899891029078,0.4188798527318,0.5973099513547,1.0000000000000,0.5897177264693,0.3546030502374,-0.1388622618458,0.0440697418625,0.4224586581305,0.3806204072140,-0.2695183356307,0.2104880312534,-0.2150224139546,-0.2839681321401,-0.3225176248465,0.4234914237796,-0.1318656649813,0.2294002902575,-0.1929373448257,-0.0275572889669,0.3347581992337,-0.0025001259586,-0.0279119980740,0.1208575029739,0.0910901626490,-0.1335369757864,0.1545329154660,0.2852638479112,-0.1456022086090,-0.0293436662378,0.0078790917539,-0.1289022993521,0.0461719382626,-0.2227179065145,0.1729625590087,-0.0013786116432,-0.0219298246672,0.3002477056267,0.1320976757347,0.1273214601978,0.4059614132698,0.3532089550096,0.5160240924544,0.6025589657416,0.5216577214289,0.0620371746554,0.2654182370356,0.1431648312163,0.2077884371906,0.0329810184201,0.2004475005044,0.5333303667835,0.5152380626576,0.8187325574305,0.5916442781006,0.3945450048534,0.0353137157661,0.4800471243603,0.3567956603706,0.3913611977983,-0.3195910180622,0.0615488650270,-0.1863289574160,-0.3155106391515,0.5294619906456,-0.2632194258894,0.2077262932083,-0.3328480205363,0.1175790282810,-0.1050381622090,-0.1253144319784,-0.0660922512122,0.0466897899439,0.2024136481433,-0.0694922127814,-0.0270608895044,0.1011026157582,-0.2850984256699,-0.1316959419811,-0.1213761046625,0.0036262285186,-0.3442397713748,-0.1374428652001,0.2097283415957,0.2155466795015
-0.2744906028076,-0.4081130479953,-0.1687120447582,0.1171899348421,-0.3055106591129,-0.0296172360781,0.0974016805223,0.6340945466239,0.5190766881959,0.1927899948096,0.2589962481134,0.1884563279942,0.3481744445802,-0.3240607227553,0.1513239651006,0.4123220484304,0.3769297475294,0.4763452158984,0.5897177264693,1.0000000000000,0.3518164391797,-0.0369025179236,0.0588186681112,0.5285575942488,0.7458440733474,-0.0480107816571,0.4952121695613,-0.1419669892850,-0.3228239006303,-0.2836275116876,0.4060747602793,0.0353020975619,0.4816395656793,-0.0829672816588,0.0154531128952,0.2195587701718,0.2063138296530,0.4155088430338,0.2332593558574,0.1685914155345,-0.1526094271677,0.2272777679231,0.4488639158557,0.1086870312438,0.3157967794684,0.1007365691855,0.0428788875851,0.0239421652233,-0.3034923390572,0.2624910406766,-0.2640042859117,-0.1064418398119,0.0882097556507,-0.1135538433130,-0.0818697685032,0.0512826669743,0.5937842377394,0.4782013667704,0.5256519400364,0.5728640019348,0.1304344354856,0.2941510703712,0.1429119643433,0.3759001379520,-0.0928012151955,0.2429513073007,0.3672303625508,0.4337268540539,0.4850094596206,0.8162257631852,0.3331910530513,0.0925323027727,0.5407342780512,0.7108094686244,0.4664653433404,-0.1752791899087,0.3990203692303,-0.1636261782631,-0.3505455422082,0.4307422791959,-0.2836164957484,0.4119630674042,-0.3033364453988,0.2096989518682,0.3101554869507,-0.0509358154828,0.1098211702991,-0.0546921126336,0.3189135520301,0.2658026561152,0.0352031553648,0.1349233964078,-0.0495120448915,-0.0526771954628,-0.0040400786355,0.0696261291454,-0.4065225151315,-0.1698531790561,0.2383134509816,0.2620220603922
0.0190076106668,-0.2287734453014,-0.0591946974818,0.2174539473232,0.0309207806243,0.0723277372613,0.1733017306634,0.3109838466991,0.3729614711613,0.3242013873223,0.4082091567982,0.5529401673151,0.2986865835043,-0.1146350337389,0.4626896004968,0.3548133266302,0.6494156870537,0.4881931495917,0.3546030502374,0.3518164391797,1.0000000000000,0.1460460115782,0.3853225633707,0.5122495906936,0.1785083064459,0.2003739393541,0.3748733018650,-0.1819579837680,-0.2077306671056,-0.3434711858089,0.3982440075517,0.1150374052792,0.5350082970195,-0.2306908531911,0.2016590937356,0.2320084216522,0.2258981239277,0.0270688945716,0.0841943995031,0.0433606783940,-0.1527521849584,0.1649300555808,0.3000330427567,-0.1760710896159,-0.1804053253062,0.1969985984374,-0.0664835014604,0.0246225328657,-0.2502772788851,0.2999630337684,-0.0174689128693,-0.0817990029270,0.2333211960973,0.0448713472882,-0.0276394398340,0.1196741620141,0.2597640231894,0.2289860749728,0.3887449271435,0.4001336470710,0.3548601381441,0.4018823947842,0.4959168770000,0.2828073082871,0.0462437760613,0.2531828015568,0.1471065146755,0.4019309928598,0.3449605299742,0.4276144681124,0.7289292885603,0.4066727923330,0.5365645391018,0.3783957701856,0.4274858702349,0.0046856019250,0.3649358470795,-0.1727135012854,-0.2479664172179,0.4148659045957,0.1011748651607,0.4811859589445,-0.4066738088627,-0.1415960858102,-0.1098618653220,-0.1912878689784,0.2861120608912,0.1444040795526,0.1912722710116,-0.1674067227577,0.0317824958931,0.0929218925574,-0.2129379676907,0.0628483773375,0.2098762010729,0.0719118820925,-0.3554906304261,-0.0383982934193,0.2874158425790,0.4478196159598
-0.0790391360578,-0.0652352026171,-0.1258321185194,-0.2154885598291,-0.0040803884817,0.1019901125420,-0.0126625892670,0.0310347401736,0.1497111609903,0.5899517159533,0.3000276679958,0.4138308979770,0.2669028687393,0.0153017351046,-0.0144061757237,-0.0266174174017,0.1313812808690,-0.0001832216242,-0.1388622618458,-0.0369025179236,0.1460460115782,1.0000000000000,0.3109695708404,0.3065383081830,0.0851704991754,0.1179839504950,0.3101469647851,-0.0186277093359,-0.0145641315125,0.0442389774939,0.0675268633149,0.0240667292076,0.1884873599066,0.1665338282570,0.2453767646373,0.1088520032785,0.4014629842354,-0.0458807147310,0.1945749472676,0.1893063357356,0.2987639793366,0.2607235582487,-0.1040063890848,-0.1185276073003,-0.1330624041016,0.3644094045722,0.3268743792523,0.1403910876818,0.2689900539667,0.0920965776869,-0.0438195962647,-0.0706135723872,-0.1297264185812,0.0933630149173,0.1297639849326,-0.0361103022380,0.1609646285340,0.0016537690725,-0.0907279585828,0.0889108942534,0.5362460227039,0.3071368216291,0.3703019238008,0.2387386497417,-0.0244148245738,-0.1044778129566,-0.0521813482900,-0.0282730008906,-0.0431941546639,-0.0122809483923,-0.0072267077131,0.5441400011113,0.2020313366581,0.2188601930572,-0.0650293385666,-0.0109010300944,0.2086559761659,-0.1185840520754,-0.0562687885067,-0.0265164296398,0.1668497712186,0.1412103525086,0.2003851636794,-0.1247178540877,-0.0805543664424,0.0756250296731,0.3372751195235,0.2065568460530,-0.1322111404624,-0.0877794563526,0.1875988256030,0.1893283153468,-0.0559080791072,0.2114136395382,0.3401209190567,0.1484827072033,0.1630917390824,0.4342480817170,0.1900080529785,-0.0353004062944
0.1586413180604,-0.2542548073512,-0.3151919086369,-0.1309442248463,0.2263002673227,-0.1936236331997,-0.1605476740193,-0.0735471562836,0.0099921949735,0.0116150979800,0.4928947072251,0.6366294249666,0.0931951821224,-0.0693915615538,0.0572641707971,0.0035051089708,0.1599287424495,0.3558458917269,0.0440697418625,0.0588186681112,0.3853225633707,0.3109695708404,1.0000000000000,0.2968023245167,-0.0499712715659,0.3291567276987,0.3864623663833,-0.0215517251488,-0.0949441228474,-0.1530253471501,0.2107056848830,0.5272468720949,0.3403180894047,-0.0272021661852,0.0707313563693,-0.3163431533981,0.2952928259821,-0.1403176093086,0.0863968921392,0.3993588780578,-0.0498416691085,0.0082167671692,0.1175739682625,-0.2796931054739,-0.3339150954472,0.5554223165416,0.2075324348447,0.2130116641957,0.0054757597912,0.3116828296269,-0.1320687159959,-0.3561338127708,-0.1446307338438,-0.2053314761265,-0.2147014190235,-0.2881104509752,-0.0382274477386,-0.1440627153542,0.1777148717109,0.1118782205832,0.0366084180790,0.3755345530726,0.5099985633427,0.1055915877519,-0.2949634154196,0.1017582009359,-0.2060330312581,0.1767611257018,-0.0920697389560,0.1010479616800,0.2902692373683,0.7972442392175,0.3710926877196,0.0160525060080,0.1958938604746,0.1320800844541,0.3817978805536,0.1124071667037,-0.1028117709033,0.2780529234006,0.3383262136338,0.3091569928529,-0.1681451808729,-0.0293618238882,-0.2382409285002,0.0040478632227,0.4702180175118,-0.2459407797657,0.2294268656943,-0.3551716297379,0.0738254633313,0.4386799479914,-0.4072061257596,0.4633180521601,0.3387273689208,0.1502365465377,-0.1007310596282,-0.0255435745055,0.0736134506507,0.1684844077190
-0.0690458394439,-0.3034257394544,0.0307859008169,0.1977359052629,-0.0282589606943,0.2989647528642,0.3820107843507,0.5265740651302,0.7635353401190,0.5371491470734,0.6171970979526,0.5721239033276,0.5507767091463,-0.4225825237992,0.2275294294980,0.3703586148584,0.5531607119080,0.5674000161991,0.4224586581305,0.5285575942488,0.5122495906936,0.3065383081830,0.2968023245167,1.0000000000000,0.5213460846094,0.0277137084338,0.6857077382681,-0.2661321830498,-0.2811088258394,-0.4060277342558,0.4541528296655,0.0103682509959,0.3590202150106,-0.1415818171394,0.3243352782702,0.2973463789362,0.6285674785005,0.0365757867627,0.5264979546524,0.1879836594982,-0.0689776774726,0.3458565280884,0.1969829432114,-0.3471526281560,-0.2905791707766,0.1926869236444,-0.1174950753221,0.3581067226080,-0.1587377111382,0.3570200338089,-0.0673822378162,0.0551166740224,0.2254465822969,0.1980504361319,0.2911179186383,0.2934235601221,0.5871941075724,0.3598607507525,0.5536869911446,0.7406791794850,0.5136505594851,0.6717406411760,0.5509197058935,0.6301723723599,-0.1417205102991,0.2535391353934,0.2124711463659,0.4856421467550,0.5252665555762,0.6407360398159,0.3671401269238,0.4304900876593,0.9054364376777,0.5868913959183,0.2262330010648,-0.1796687999881,0.4471184726005,-0.3046258387068,-0.3383701899696,0.4307828599665,-0.1140944223795,0.3908248860313,-0.4024406358386,-0.1729693289265,-0.2108864014231,-0.1139754915796,0.4807999898583,0.3185197644015,0.1414044430925,-0.2384944710334,0.4137193418566,0.2159740974193,-0.3903509116459,-0.0301967713124,0.0825857948311,0.4363596764294,-0.3598894913163,-0.0681011422029,0.3822466883563,0.2872293346187
