1.0000000000000,0.4219408128715,0.5141377233556,-0.3138487145336,0.3448895566249,-0.2229001388240,-0.2773713998834,0.4204962136509,0.3496447994905,-0.1091158576108,0.1411721929804,0.1294463748616,0.0545089757182,0.3864352432260,0.0611017236512,-0.3104258609410,0.1301358356752,0.1237879027295,-0.4901341724236,0.3317959272732,0.0231228520305,0.0029752745523,0.2406813269454,0.0454562126845,0.2794241702321,0.3773707447877,0.3421193196498,0.0995432554779,-0.0261035457757,-0.0598777734189,-0.0952754046993,0.2888482031115,0.0263924843030,0.2692240437392,-0.0437849012860,-0.3109216933626,-0.1381791449092,0.3534480070101,0.0088912765294,0.2540748443899,0.2170757441900,0.0556326055083,-0.3432397883786,0.3269909150913,0.4297091615497,0.1638734852172,0.0481105976187,0.0914162000945,0.1030382039527,-0.0161015461133,0.6165133982018,0.4701342359849,-0.0116570765619,0.1816587591581,-0.1183912411594,-0.3431968145132,0.3119968097991,0.0305979062971,0.0666383095638,-0.0557805101129,-0.2245057937707,-0.1665012019544,0.0772388404738,-0.0689875161776,0.3317449692335,-0.4321387011045,-0.3945195407575,-0.1749196601137,-0.4518148513454,0.4336317700385,-0.3072170428016,0.0365904382500,-0.0243620053524,0.2975118980074,-0.4124104513464,0.4023693468382,0.3689630670356,0.0665890708283,-0.0431764841119,-0.1982038602802,0.1818434473745,0.0097024122219,0.0071138109750,-0.5031417787315,0.3861823429825,0.1359906708394,-0.1419811497478,-0.1880278392807,-0.5293048059497,0.3837729081823,0.0443566453894,0.3304680541867,0.2472230184309,-0.0265757094607,-0.0554769729787,-0.0784669013502,0.0278945740718,-0.1395100198969,0.1070999911268,-0.0509019694312
0.4219408128715,1.0000000000000,0.1745980117134,-0.3255022003894,0.1052985437575,-0.4536025290066,-0.3159859801121,0.3844836874489,0.0282283084981,-0.1383480601535,-0.2989436597643,-0.2387947059243,-0.2455081368750,0.8173804048328,0.1642263669459,-0.4079774601512,-0.2643185541431,-0.2478632490082,-0.5079825431854,-0.0017805197520,-0.3111380395538,0.0726675028328,-0.1635078788493,-0.3134974055873,-0.0730406131394,0.0666204898073,-0.1652968789115,0.2346439958437,0.3372091787231,0.4888096180577,-0.3903692131186,-0.1775046657476,-0.3544636978683,-0.0200695762890,-0.2550867024867,-0.3387011506402,-0.3703198287299,0.1903136288247,-0.1869870321417,-0.1444444904266,0.2936443756495,-0.1556195415621,-0.6087659296003,0.2023726490745,0.3575793231654,-0.0241497402396,-0.0431048037039,-0.3797773814407,0.3476777595886,-0.2637743618473,0.5265687691314,0.7164402575975,-0.2215106581398,-0.1115568050788,-0.2849328762752,-0.3357126443720,0.1741220851313,0.0803581564204,-0.1379807055044,-0.1961140817660,-0.1593358897982,-0.4407401564597,-0.2769455822971,-0.2544862094573,0.7709925266112,-0.4523603658358,-0.2968669766894,-0.3186494660724,-0.4264899081527,0.1618251024358,-0.3979660085368,-0.2397199951738,-0.2110985040651,0.0414839735168,-0.4397272515989,0.0596565668197,-0.0447045932626,0.2988026020270,0.4169634819889,-0.3567033128791,-0.0552062199320,-0.2320232108986,0.4310380358783,-0.5488397243630,0.2696963116785,0.0966524656403,-0.2768857861028,-0.3604334408708,-0.5886757082164,0.0657955932201,-0.2581574446102,-0.0349059346537,-0.0436780534958,-0.1992938756798,0.1722130884527,-0.3785052031333,0.5206203262783,0.0567000650670,-0.3682779438346,-0.4274209443912
0.5141377233556,0.1745980117134,1.0000000000000,0.0751328369463,0.5559501142252,0.3429322482001,0.2643534803977,0.3417661397324,0.3913815014811,0.2626147046366,0.2550371875504,0.3253524044843,0.2538190459941,0.0617443882302,0.0689782664057,0.0065882060068,0.2084844571991,0.1773626379388,-0.1397971080411,0.2751896918413,0.1438325921141,-0.0180757143351,0.2339597296884,0.2262490322113,0.2170790395123,0.2251702401480,0.2858262691996,-0.0740067420925,-0.3441758125468,-0.3199335537466,-0.0285556895066,0.1970465420802,0.1749931198318,0.1890429596626,0.1043846484059,0.0770004030154,0.1169352312145,0.1028241404913,0.1770114664210,0.0733043329045,-0.0418068108960,0.0529914179447,-0.2351257237683,-0.0091172164270,0.0581506624161,0.0607464646890,0.0577668249088,0.4406346617934,-0.1478750326002,0.2433025393662,0.5229214892787,0.4979692799241,0.3168355990314,0.7877604163980,0.3723528460525,0.1657508549492,0.3278756983669,0.1404033796883,0.1591948157037,0.2414674860197,0.1291077728488,0.1197355149231,0.2450535339158,0.0698762922615,0.2087163721817,-0.1780578772873,-0.0209171755880,0.0578963128181,-0.0826321941396,0.3888238111491,-0.0618486177297,0.1670429559484,0.2536875360729,0.3110358116488,-0.2464693217790,0.2835187923252,0.3046980371521,-0.0883986384845,-0.3812037480706,-0.0295721563585,0.3426873253468,0.1366103024340,-0.2714359962022,-0.2568120194789,0.2357101168107,0.0969755107220,0.1591141653728,0.1442866968336,-0.2198059684136,0.2468097582112,0.2498014288043,0.1168195462391,0.0935234209263,-0.0483489020869,-0.1157799660548,0.3468113098434,-0.2535912493851,-0.1125695819409,0.2893241485369,0.1994240153023
-0.3138487145336,-0.3255022003894,0.0751328369463,1.0000000000000,0.2402394086992,0.6306121360394,0.8209401506574,-0.4306066902828,-0.1721275280792,0.4578942794760,0.2406251620804,0.1261659437311,0.2099939070908,-0.1730166643402,0.5302940590676,0.5962997014246,0.0723848366695,-0.0564074935554,0.4263858874828,-0.2853711161820,0.1801941299748,0.0602910289320,-0.0450127630679,0.2112719808550,-0.2659793585332,-0.2966192741051,-0.1662551229844,-0.1406652079121,-0.1079349110825,-0.1860511113677,0.1642109017835,-0.0691633631404,0.2032783968086,-0.2169803299655,0.2917283924040,0.5755141066138,0.1784164317823,-0.4020372406393,0.4076574951022,-0.1677991524546,-0.0315511168274,0.2578319178105,0.4423750073824,-0.3841643617193,-0.4607397605832,-0.1402246775648,-0.0202734813378,0.4320329691152,0.0363615551536,0.4684446243912,-0.0389651756327,0.0138746167966,0.6732618100102,0.3282743825839,0.6394481901008,0.8937909947606,-0.1543321637272,-0.2150964696800,-0.0156185034092,0.1189275101093,0.4329007019407,0.3873036167691,0.1781046481532,0.2589520083320,-0.0536490473974,0.5394666395514,0.6361454749310,0.2010989499698,0.4592464640153,-0.3892872090876,0.3576106504075,0.1351806924708,0.2446098089465,-0.3084624579681,0.2807238113415,-0.3879755410657,-0.3124609427570,-0.1647420438958,-0.1458739579758,0.1856279168208,-0.0300114946161,0.0396593973631,-0.2091664553618,0.4483742305004,-0.4334865172114,-0.2383528082347,0.1045482681607,0.5489363800280,0.5608254599937,-0.4359791845552,0.3448080732611,-0.2982417267085,-0.3408188588250,0.0443769831123,-0.2614111002228,0.5543137609600,-0.0502431209626,0.2518945093754,0.2880382633939,0.4607570396874
0.3448895566249,0.1052985437575,0.5559501142252,0.2402394086992,1.0000000000000,0.5108726912152,0.4114191277597,0.1373329163931,0.0728232137811,0.4857176319492,0.2725801080996,0.1856147050419,0.2898465531995,0.1857440489415,0.3561216153113,0.0423118804830,0.1047811369690,-0.0329476017887,-0.0808425863093,-0.0340009407363,0.0408062999494,0.2379051898339,0.0260639919775,0.0896199766541,-0.0956392593132,-0.0838862708622,-0.0014787061073,-0.0112212245582,0.0139945428148,-0.0807118841070,-0.0331079538957,-0.0908011551344,0.0662496886499,-0.0940392121000,0.0055996221070,0.1760640694233,0.0300827289443,-0.1243026674980,0.2651069800570,-0.0916297595505,0.2519042508669,0.3413145191319,-0.0584371027079,-0.1410718018995,-0.0993824247806,0.0562156648753,-0.0531355434802,0.4284888296450,0.3206017338634,0.4270877434610,0.6401048451549,0.3100841232704,0.3243655831896,0.6188184910949,0.5873258166775,0.3362689498852,0.1481117425432,0.0046426370843,0.0204524541007,0.0574498617104,0.3395468890570,0.2208200665339,0.2212084999548,0.2044121328537,0.3289776765280,0.0063885072064,0.1657047324534,0.0513647218938,0.0899526716507,0.0332960827583,0.0710339218387,0.1164399946254,0.1593386721297,0.0087014585438,-0.0857221019684,-0.1303555430062,-0.0395898942615,-0.0764329172769,-0.0640641772118,0.0015484293673,-0.0509176824904,-0.0360519537451,-0.0788311047214,-0.0947770541804,-0.1165768590929,-0.1787313770759,0.0074036849673,0.2330307374796,-0.0212334848143,-0.1339911469063,0.2047218787621,-0.1035826791828,-0.2313435913271,-0.0066017751511,-0.1065123682531,0.3851619185348,0.1131247748770,0.2191608442141,0.3340038172493,0.3302936116491
-0.2229001388240,-0.4536025290066,0.3429322482001,0.6306121360394,0.5108726912152,1.0000000000000,0.7365962344178,-0.2899348853312,-0.1490569753921,0.5861437232179,0.3737788869809,0.3112858643724,0.2871178338253,-0.3692654276648,0.2462586607484,0.4324233817924,0.0965595386050,0.0361897480798,0.2769238633094,-0.2794269557457,0.1790743140357,0.2078389126787,0.0721774682040,0.1973697112812,-0.2491136462800,-0.2760401564496,-0.0924086634579,-0.2090953989565,-0.1630090277031,-0.2818179523805,0.1629210906252,-0.0685592968333,0.1838116302887,-0.1323629964897,0.3230714061414,0.3714649290174,0.3235797883880,-0.4405814720115,0.4128510177922,-0.1341607112755,-0.1227045438832,0.3064495325100,0.3099414369708,-0.4322478710137,-0.4919737937939,-0.1188529724736,-0.0898104926010,0.6996022662728,0.0318857467416,0.5170075670285,0.0215728828020,-0.0291063382310,0.5703205877187,0.6597009882797,0.8554896753676,0.7146872720030,-0.1087034076861,-0.0832940147763,0.0452896477182,0.1235263607895,0.5536551900622,0.5501600292230,0.3429158004105,0.2892685802000,-0.1666797349288,0.4185915805577,0.4532733369844,0.2506631598319,0.3659757854131,-0.3007510235215,0.4232495105173,0.2687584582459,0.2493076854040,-0.2406756673052,0.2425840087319,-0.2097831457591,-0.1865349233933,-0.2626236999208,-0.2557189585408,0.3153246779887,0.0854049956014,0.0714351382302,-0.3103606195522,0.3616143475053,-0.3992605770044,-0.1801959379548,0.3250105822518,0.5046560924323,0.5001480599107,-0.3462439497779,0.4771044562401,-0.1929727299452,-0.3053748095553,0.0697557138020,-0.2160895017542,0.7248218737510,-0.1886657423655,0.1974735013526,0.4536229405746,0.5430460352997
-0.2773713998834,-0.3159859801121,0.2643534803977,0.8209401506574,0.4114191277597,0.7365962344178,1.0000000000000,-0.2451285234975,-0.0700694345754,0.5986228055145,0.2475330133618,0.2029763857589,0.2886103638522,-0.2347339602727,0.3741301867440,0.6086989896276,0.0843934831221,-0.0621439329255,0.5153938908057,-0.2569437523936,0.2079827514306,0.1224482982995,-0.0660474080387,0.2584413972835,-0.2904043498788,-0.3006876646942,-0.1935792842077,-0.1406079914780,-0.1027781684760,-0.1911640459073,0.2538362937685,-0.1719201447100,0.1784566973910,-0.1828413428901,0.3940620698151,0.6693812909206,0.2499555123867,-0.4444154433774,0.5019657040307,-0.2359475102014,-0.1114763285002,0.1950870023356,0.4238846439080,-0.4330357788077,-0.4941970687031,-0.1705924415455,-0.1001912349410,0.5061451206254,-0.0340205147902,0.4932291376893,-0.0242865533134,0.0274958916829,0.6587664468855,0.5608070171152,0.7460821300124,0.9218244978212,-0.0592224528564,-0.0566360072858,0.0199681634733,0.2841988846112,0.5581820072741,0.3857138871124,0.2796596114208,0.2818510591633,-0.0914353568076,0.5029558240600,0.6766200054270,0.2255343736721,0.5812881150823,-0.2833126081725,0.4036619886529,0.1594365539174,0.2832641249398,-0.2132071235464,0.3371699387790,-0.3603677836907,-0.3161164630190,-0.1538573649862,-0.1771748903204,0.2784135389705,-0.0175917886028,0.0618511299196,-0.3105933563396,0.4979740664790,-0.3899667517935,-0.2392832581151,0.1943788629469,0.6934319546442,0.5481750868191,-0.4418249369512,0.4548055875765,-0.3023064720135,-0.3636915162994,-0.0406206805313,-0.1934359594048,0.6057408193752,-0.1555710284179,0.2428683646137,0.3327481100051,0.5043028637400
0.4204962136509,0.3844836874489,0.3417661397324,-0.4306066902828,0.1373329163931,-0.2899348853312,-0.2451285234975,1.0000000000000,0.6270448374573,-0.0208263894132,0.0437422519135,0.1290722904516,0.3683949510552,0.1936251801047,-0.2196382658597,-0.0160624405630,0.4314829490090,0.3982078080850,-0.1249977953711,0.6204773191989,0.1961649666169,0.0346567699108,0.1016582881790,0.1870239426727,0.4738285396757,0.2994814006969,0.3790646521637,0.0440692551089,-0.1838598673618,-0.0363359353685,-0.0252490541782,0.1663095944831,0.2672817812727,-0.0709234977215,-0.2287755188039,-0.1579089709441,-0.1060031263142,0.5779255447643,-0.2167634483710,0.0945929681938,0.0970779010106,0.0051120868067,-0.3117592701545,0.3636449840645,0.5737908053855,0.1822314391496,0.0860594306143,-0.1261412949831,0.0083420112238,0.0094892933983,0.3761252942556,0.3472718860091,-0.0912878788884,0.1724297841008,-0.1762303147229,-0.3420411661915,0.7744879232175,0.7545366678698,0.4079918262733,0.4317710940822,-0.1066426486469,-0.1069490078066,0.1020723940597,0.1596562263100,0.2523765101508,-0.4751689580720,-0.2869776204033,0.2366584510903,-0.1877495513550,0.7530501693491,-0.1233682061248,-0.0211690364101,0.2337889481885,0.6254470300061,-0.2504314376181,0.2650182268642,0.4544342171034,0.0288314424366,-0.1426539754808,0.0284088446691,0.1931036331217,0.2617731955004,-0.0640167919662,-0.4426800506964,0.6435484047220,-0.0227738996702,-0.1570111405498,-0.3453163548065,-0.4885951942382,0.5085955229987,-0.3117729000520,0.1891486308213,0.2867424480961,-0.0644398593245,0.0987089349386,-0.2688632751681,0.0238691444522,-0.0991142992112,0.0291814921381,-0.0814969865889
0.3496447994905,0.0282283084981,0.3913815014811,-0.1721275280792,0.0728232137811,-0.1490569753921,-0.0700694345754,0.6270448374573,1.0000000000000,0.0204715019459,0.3676540816740,0.4130066742835,0.5490859731815,-0.1634906317482,-0.0960948552257,0.1129742545550,0.6492719099072,0.6254377777343,0.1161904122443,0.7950767135088,0.4877228393235,-0.1054124315247,0.4821246664462,0.6368694583755,0.7468875551591,0.5204496161543,0.7215328552736,-0.1064870868397,-0.4065667827290,-0.4824358270206,0.1512502048195,0.4539609678901,0.4851208306553,0.0405715028562,-0.0579248246389,0.1420045083170,0.1937471615495,0.5594553243564,0.0032623510448,0.3030274532309,0.0051615645181,0.1514053434119,-0.1094323891752,0.4096394390742,0.4023194384351,0.2758470311929,0.1509199968367,0.1248782087973,-0.3184447884318,0.1800502037970,0.1744043238654,0.1064164674316,0.0647671861112,0.2793037546092,-0.0704202328129,-0.1458133631423,0.7256177587496,0.5228811511854,0.7093167180931,0.7040186166981,-0.1362355702348,0.1999470317851,0.3098440163787,0.3707229449334,-0.0833603033395,-0.2332924955944,-0.1013698080080,0.4426104667873,0.1553494160728,0.8335807246801,0.1206687289019,0.2308752953549,0.6449351296734,0.8463050181962,-0.0212028210980,0.4125012730787,0.7029608239404,-0.1159553289481,-0.4677231932287,0.1300136900435,0.3048162289130,0.4545911741697,-0.4340625806633,-0.2250185694104,0.5591009943649,-0.0610527306618,0.0673804701023,-0.0708223941243,-0.2319948867540,0.6574155803439,-0.0801511400935,0.2612435127394,0.4942957450610,-0.0030679407140,-0.1931540863133,-0.0202875940146,-0.3809407140496,-0.3008898656852,0.2732215873062,0.1359952216845
-0.1091158576108,-0.1383480601535,0.2626147046366,0.4578942794760,0.4857176319492,0.5861437232179,0.5986228055145,-0.0208263894132,0.0204715019459,1.0000000000000,0.4549459555226,0.5210301088131,0.4430767734211,-0.0416658328417,0.4429851124802,0.2851221195592,0.2746381792587,0.0352438891694,0.1916206599790,-0.1918561079029,0.3564596567924,0.5543896457025,0.1997722472806,0.2122215400235,-0.1999667087896,-0.1103025250735,-0.0126828232011,-0.2504730002331,-0.0297176815507,-0.1597302429025,0.1869904743767,-0.0410511534785,0.3213596796437,-0.0573810043492,0.1789588242169,0.3865179007066,0.2623579454038,-0.3551020287557,0.3538220271510,-0.1212854448097,0.0955691110460,0.3165461441421,0.1200189770431,-0.3120532821945,-0.3664572596138,0.0403485252832,0.0019422029790,0.3698141210926,0.1027980575877,0.5768115920568,0.1579058746026,0.0872720243106,0.3877757599687,0.5001238410662,0.6261668399047,0.5508168513116,0.0707833601001,0.0211974680994,0.0801278670231,0.1646262840526,0.7999139610546,0.5045570422233,0.5454745108781,0.3670588608218,0.1425130223931,0.2365693347393,0.4771158635758,0.3455194576287,0.4213358536829,-0.1465060635483,0.4860936126209,0.4818283629605,0.3017892564808,-0.0480553915871,0.2472420425353,-0.1434570342025,-0.1155149562834,-0.2679620955599,-0.1418466001533,0.3057510730392,0.1561027259986,0.2350212413833,-0.2004702918917,0.1835891021967,-0.2649460228883,-0.1433960163573,0.2633254177420,0.4539433897592,0.3026376528992,-0.3263599562165,0.3271175265167,-0.1746938729876,-0.2817303723164,0.0649546872596,0.0241097860168,0.4422213924836,-0.0880194878385,0.3682240644337,0.4696264742275,0.4902066027464
0.1411721929804,-0.2989436597643,0.2550371875504,0.2406251620804,0.2725801080996,0.3737788869809,0.2475330133618,0.0437422519135,0.3676540816740,0.4549459555226,1.0000000000000,0.7919282092757,0.6235549397875,-0.2503189551516,0.2916629007774,0.1122900092912,0.6452660297296,0.5526101951931,-0.0538661218324,0.1989709468561,0.6533027481197,0.3607804115415,0.7762242329683,0.5675193563264,0.2642757327173,0.4088230847493,0.5555939108573,-0.4352422234866,-0.0872319447430,-0.4757170309114,0.3370148478403,0.4742387795524,0.5668891671957,-0.0711487488394,0.2622751252009,0.0555781878752,0.5702965305464,0.0419034298761,0.4407911640455,0.2330009211110,0.1520455222054,0.3655121260292,0.1258603716510,0.0826713203516,0.0145682981055,0.0619704950644,-0.0328287936375,0.5789693622794,-0.0670947004344,0.4962420666894,0.1631542264999,-0.0502972082192,0.2243212795473,0.3555500157026,0.4081922031396,0.1878580707210,0.2445852918524,-0.0088886720665,0.4048167870263,0.1000017122380,0.3478598962604,0.8366579538291,0.7490074458915,0.5693589347689,-0.0840914594019,0.2195240794879,0.0873909201602,0.4961404592119,0.1599672799497,0.1412311992756,0.5105506166935,0.7166483569153,0.5100347334258,0.2101396903649,0.1689770672182,0.3327253160934,0.4075461977535,-0.5002529808511,-0.2765534609687,0.3041227680638,0.2768680511991,0.4677771560080,-0.4035010876605,0.0254345976452,0.0302849805175,-0.3505642343853,0.5117933873182,0.2368271066726,0.1912297600491,0.1687596002088,0.4687671995249,0.0049269968068,0.1384089001565,-0.0441804621356,-0.3162595200792,0.5112011942725,-0.2806314971528,-0.0127384881517,0.5296142383731,0.5147411244364
0.1294463748616,-0.2387947059243,0.3253524044843,0.1261659437311,0.1856147050419,0.3112858643724,0.2029763857589,0.1290722904516,0.4130066742835,0.5210301088131,0.7919282092757,1.0000000000000,0.4996887767185,-0.2356484304300,0.1553125707931,0.0996661410470,0.6151562684807,0.4858842487541,0.0600607415860,0.1983440851057,0.6880862130608,0.3742778633109,0.8108990447555,0.4898848268737,0.2678239922855,0.4056943965151,0.4925785653427,-0.3752348085491,-0.1795005343489,-0.4726938869754,0.2331753266872,0.3524718905107,0.5241606501778,0.0351118401209,0.2420807214212,0.1033880817027,0.4238229826288,-0.0668728636200,0.2030691119640,0.1989721621481,0.0635232472113,0.1961217841240,-0.0264268264265,-0.0488099404687,-0.1142326139200,0.0718577871674,0.0298883163632,0.4217972878011,-0.2525450799620,0.3258929460703,0.0809984641690,-0.0777278359035,0.1243708985487,0.3900622523765,0.2841069149087,0.1005841268763,0.2208861538555,0.0949767782214,0.3472916408367,0.1803611543895,0.3492217824248,0.6926779357185,0.8674379298836,0.3403842644664,-0.1239548111069,0.0174845461618,0.0953257700291,0.5319874432433,0.2058530291818,0.2179173389932,0.5400685078712,0.7757843316464,0.4814102328725,0.2949274417640,0.2038332324193,0.3574038708946,0.3683303087604,-0.4444371989391,-0.3556343669767,0.3225840236594,0.3596060883265,0.5090698794079,-0.4450654597760,-0.0382552463413,-0.0065132044300,-0.1766535297200,0.4577324063274,0.2150432336238,0.1202755867769,0.1233766356613,0.2773396895163,-0.0241883064016,0.1204812343760,-0.0567375873192,-0.2233997025473,0.3618598943265,-0.3860739856147,-0.0910002885981,0.4395048435655,0.3746653164574
0.0545089757182,-0.2455081368750,0.2538190459941,0.2099939070908,0.2898465531995,0.2871178338253,0.2886103638522,0.3683949510552,0.5490859731815,0.4430767734211,0.6235549397875,0.4996887767185,1.0000000000000,-0.2901401790577,0.0873003639578,0.3244800899483,0.7744717081644,0.5725959108586,0.1563909465345,0.4300265920312,0.6080442905443,0.1120544709741,0.3843443575825,0.6205567654205,0.4083237341896,0.1967271489755,0.4938318806519,-0.3085776365199,-0.2487763649263,-0.4497074503868,0.2917688756771,0.3787692193596,0.6761634524539,-0.1554715257916,0.0135651639945,0.1842321982785,0.3380894078402,0.2115999208345,0.2207372728908,0.0406815030329,0.0273200087675,0.3676320556950,0.1395335712842,0.0729031002155,0.1313742122266,0.0442770220274,-0.0103892952804,0.3842562654052,-0.1445994384273,0.5172712553038,0.1091257433246,0.0387873632918,0.3303279449765,0.4015754049552,0.3573555822397,0.2605278675934,0.6547406003383,0.4118436406116,0.5718774254459,0.5229972371530,0.2934366459575,0.5841482420944,0.5602515345227,0.8223260058173,-0.1138296999408,0.0177712386096,0.1313972263448,0.6376411486171,0.2630537901982,0.4089540649400,0.4667171493568,0.3711928821848,0.6186452406846,0.4539525847882,0.1027442221871,0.1607764277020,0.4008577858079,-0.3180545866771,-0.3655799708846,0.3511230928177,0.2440425029091,0.5022613214086,-0.5202840222607,-0.0070921687027,0.2466827099240,-0.3343867020165,0.1909438555341,0.1182675683470,0.1145621347399,0.2390341270428,0.1733928945226,0.0358507456386,0.1097266560665,-0.0652815949196,-0.2456887301720,0.2976838407451,-0.3045733106689,-0.0433131894976,0.5634957231417,0.5230688194273
0.3864352432260,0.8173804048328,0.0617443882302,-0.1730166643402,0.1857440489415,-0.3692654276648,-0.2347339602727,0.1936251801047,-0.1634906317482,-0.0416658328417,-0.2503189551516,-0.2356484304300,-0.2901401790577,1.0000000000000,0.4087051824009,-0.2455461944760,-0.2803302376231,-0.2790481674666,-0.4281485457255,-0.1723931793841,-0.2371798359197,0.1257028867608,-0.1920212197031,-0.3488095076042,-0.2477784661954,0.0046702285428,-0.2682052160248,0.2355830132423,0.5072439910595,0.6642104653781,-0.2265527906639,-0.2030290967411,-0.3627547667745,-0.0655564369553,-0.0850356251423,-0.2420086669673,-0.3301777850795,0.0271602438299,-0.0352662278152,-0.1228205383686,0.4259096626607,-0.0943310346098,-0.3690778894127,0.0934491774172,0.2662778896605,-0.0404408118706,-0.0283323143941,-0.3368381641877,0.5741684460171,-0.1592763994625,0.5159396368919,0.4889552463790,-0.2391211033439,-0.2233947102000,-0.2660920812998,-0.2482184619928,-0.0165502773220,-0.1111087960716,-0.2824199275918,-0.3633507040794,-0.1244338136622,-0.3713506311276,-0.2660359487617,-0.2887851945373,0.7576654437282,-0.3609909805118,-0.1247186636673,-0.3329787765025,-0.3332376203721,-0.1054082638066,-0.3287267977420,-0.2469702131295,-0.3009642831969,-0.2093226909197,-0.3071454110681,-0.1232461093272,-0.2346223346124,0.2375604768803,0.5497259610397,-0.2604615806436,-0.2379464327441,-0.3087559984559,0.5402888447524,-0.3929813405759,0.0406243100054,-0.0119243662367,-0.2607867856311,-0.1747861330219,-0.4118831583249,-0.1504526544113,-0.1443387181845,-0.1808847479126,-0.2160421196361,-0.1468258857833,0.0686136067283,-0.3188365336760,0.6925735849367,0.0997617593030,-0.3828620474675,-0.4174214626880
0.0611017236512,0.1642263669459,0.0689782664057,0.5302940590676,0.3561216153113,0.2462586607484,0.3741301867440,-0.2196382658597,-0.0960948552257,0.4429851124802,0.2916629007774,0.1553125707931,0.0873003639578,0.4087051824009,1.0000000000000,0.1384829517786,0.0741157545962,-0.0158767335308,-0.1035695937125,-0.1674562694432,0.1906367298450,0.2387464303304,0.1474168903221,0.1027371741779,-0.1911381988544,0.0082567771706,-0.0585730825024,-0.0995689115165,0.1602150826388,0.0813080911866,0.2001983651481,0.0531593201390,0.1030772978067,-0.1666815290957,0.1162583967627,0.1773120196674,0.1292210564355,-0.1386705879309,0.4808366982021,-0.0125869508895,0.3211268138678,0.3064047962893,0.1343797321335,-0.0160468584952,-0.0606746743502,0.0171912587901,0.0536665749676,0.2342063687551,0.3605698146846,0.5140907876592,0.3310218273374,0.1629612644409,0.3203593838403,0.0775062843535,0.3301587419462,0.3833556680937,-0.1062008275578,-0.3031194554867,-0.0232649398841,-0.2009768247393,0.2700016319251,0.2329220974929,0.1308231318884,0.1301519171012,0.4438755379005,0.3593367327719,0.3255576596891,0.0141452913112,0.1429379052280,-0.2542562392248,0.1182641681878,0.1678734882503,0.1393656422062,-0.2295822338952,0.0293970262610,-0.2047638235432,-0.1493220770889,-0.1370622492623,0.1185700076813,0.0246772664679,-0.0782216428351,-0.0522371050701,0.1613891936420,0.0245727459637,-0.2377137829381,-0.2309898641102,0.0934241654679,0.2927993185321,0.1614682665878,-0.2592081600799,0.3269215793447,-0.2393402907335,-0.2274589539076,-0.0204008220256,-0.1769312227030,0.2945556814451,0.2662099194662,0.2110916159723,0.1628478826793,0.2525787396150
-0.3104258609410,-0.4079774601512,0.0065882060068,0.5962997014246,0.0423118804830,0.4324233817924,0.6086989896276,-0.0160624405630,0.1129742545550,0.2851221195592,0.1122900092912,0.0996661410470,0.3244800899483,-0.2455461944760,0.1384829517786,1.0000000000000,0.2841132833455,0.1953872099482,0.6386658512843,0.0024547021432,0.3615531657000,-0.0368973325614,-0.0935645415634,0.2955127906008,-0.0512303054657,-0.2075810367540,-0.0353475074488,-0.1662591253176,-0.1757129753525,-0.1223419176243,0.4344717160828,-0.0171219944660,0.2855921074945,-0.2312195990374,0.5207147374518,0.7225652063637,0.1449049034122,-0.1819485174517,0.3984050242694,-0.1376701171784,-0.1465045278537,0.0872611889123,0.6344169556578,-0.3122742554349,-0.1834623781893,-0.1523096648934,-0.0632666628121,0.3214113819566,-0.0062790551987,0.3253810559168,-0.2227276416082,-0.2142865705968,0.4706197494269,0.2183319003217,0.3675117966484,0.5838557841805,0.1098905684584,0.1951810463245,0.1659571255427,0.4149111273732,0.2758223232508,0.2688976786478,0.1508865379911,0.2606025039865,-0.2844614292332,0.3358624233860,0.7336604073875,0.3699470633992,0.5613726747957,-0.0967381602344,0.3912681971810,0.0142993806085,0.2950261536826,-0.0519623152029,0.4082255525307,-0.3168241460930,-0.1694478805874,-0.2386236172734,-0.2228754530321,0.5588825837803,-0.0519825179944,0.1347367097210,-0.2500205053907,0.6057345300377,-0.1620415066086,-0.2415514524141,0.0267308623349,0.5917607735254,0.5670836837124,-0.2349813139055,0.2641905630764,-0.2126703310684,-0.2512090170518,-0.0126180907008,-0.2848317788942,0.3538094850663,-0.1140240007725,0.0874609395710,0.1975429759248,0.3151434944795
0.1301358356752,-0.2643185541431,0.2084844571991,0.0723848366695,0.1047811369690,0.0965595386050,0.0843934831221,0.4314829490090,0.6492719099072,0.2746381792587,0.6452660297296,0.6151562684807,0.7744717081644,-0.2803302376231,0.0741157545962,0.2841132833455,1.0000000000000,0.8340565871966,0.1831646975430,0.6150383794341,0.8034771203818,0.2001494572816,0.5967218483559,0.7351073449027,0.5574495568237,0.4473317761538,0.7161410558351,-0.2558561151659,-0.3448964225824,-0.4783911350147,0.4869860759113,0.5173365534886,0.7940057829724,-0.1480777623022,0.0317466948799,0.1097780542413,0.4607692283154,0.3761392201782,0.1532544295528,0.2603531733808,0.0897384288223,0.2777933492632,0.1636820266262,0.2369207877380,0.2943964205945,0.2327562515151,0.1420684051648,0.3018015825986,-0.1624034667205,0.3848152937481,0.0770833494926,-0.1073652597330,0.1160546882495,0.2127728798040,0.1268826051370,0.0160159498801,0.5661936698414,0.4185537562035,0.6493497991803,0.4322394458035,0.0887027661272,0.5311786909040,0.5221744042335,0.5796931662525,-0.2033505403981,-0.0196144341813,0.0352748509931,0.7190487689773,0.2381690520633,0.5218657733401,0.4235754332281,0.4490509683296,0.6445724974281,0.5541106331669,0.1804632603469,0.2771257861946,0.5782913516499,-0.3399965349848,-0.4344363756623,0.4448201171019,0.2323201606252,0.6118700308807,-0.4207967056954,-0.0413483066638,0.3061147540969,-0.2733251179710,0.2848861852923,0.0398373157261,0.0000065671493,0.4276705001992,0.0878058328431,0.0762630016319,0.2961170592139,0.0449930076064,-0.2861187923505,0.1432658451996,-0.3201955212369,-0.1574179124290,0.3895536662526,0.3436877485223
0.1237879027295,-0.2478632490082,0.1773626379388,-0.0564074935554,-0.0329476017887,0.0361897480798,-0.0621439329255,0.3982078080850,0.6254377777343,0.0352438891694,0.5526101951931,0.4858842487541,0.5725959108586,-0.2790481674666,-0.0158767335308,0.1953872099482,0.8340565871966,1.0000000000000,0.0583044037567,0.6983860392100,0.6569027890333,0.0888767228982,0.6036082064549,0.7333444424561,0.6561708246387,0.5027585024562,0.7833157671539,-0.2095001229083,-0.3584795160157,-0.4366963070274,0.5088009845495,0.5964346431733,0.6678122813954,-0.0943359022701,0.0377852649182,-0.0726265966371,0.5457935803527,0.5024606778310,0.1418964612971,0.3875393732937,0.0538558257846,0.2559321653843,0.1149899580087,0.3521590123026,0.3989045345002,0.3089989649386,0.2010094936250,0.2798435023604,-0.1355666650265,0.2951074893228,-0.0205082854355,-0.1302625128709,0.0477218511168,0.1207893713446,0.0038811286710,-0.1405309497582,0.5163648825789,0.4279598606903,0.7618264075896,0.3361341236111,-0.1264202548713,0.4395618694278,0.3254798814880,0.4602615957394,-0.2628941507810,-0.0359819692600,-0.1392990185632,0.6715437628437,0.0993221289542,0.5522634319821,0.2411992199188,0.3551664173101,0.6466505959432,0.5759398096347,0.1152619724166,0.3791826584698,0.7064595129851,-0.3012063505877,-0.4437532040006,0.4510982024972,0.2651240336183,0.5552113579936,-0.3473222250931,-0.0819800908663,0.3873953318582,-0.1740567607336,0.3897921620971,-0.0801908366726,-0.0766974469390,0.5973027641788,0.1077744876743,0.1668983562668,0.4341105456748,0.1053975094064,-0.3054887675952,0.1113370508220,-0.3139616573081,-0.2253710024171,0.2986691835658,0.2173310014209
-0.4901341724236,-0.5079825431854,-0.1397971080411,0.4263858874828,-0.0808425863093,0.2769238633094,0.5153938908057,-0.1249977953711,0.1161904122443,0.1916206599790,-0.0538661218324,0.0600607415860,0.1563909465345,-0.4281485457255,-0.1035695937125,0.6386658512843,0.1831646975430,0.0583044037567,1.0000000000000,0.0291683962864,0.2541599968703,-0.0388602432458,-0.1270189137371,0.3266353722229,-0.1015138541285,-0.1888427098621,-0.0650963273594,0.0128158246081,-0.2239215704766,-0.1883484597428,0.3216990970288,-0.1620412689130,0.1777559754464,-0.0779364888352,0.1805779805755,0.7374987625423,0.1800580659248,-0.2030424384101,0.0637192895062,-0.0572806938212,-0.1816978187221,0.0380874729945,0.5921813379443,-0.2652948235993,-0.3369415168477,-0.0472466831371,0.0041372864829,0.0738959511576,-0.1928960456374,0.1374627860992,-0.4714557769122,-0.4321191259600,0.2149831626580,0.0708592529616,0.1752923387976,0.4612932497883,-0.0607555625362,0.1470539411007,0.0845196901521,0.5181423071529,0.2034979763710,0.1269956793003,0.0681294323803,0.1151830274943,-0.4783838648451,0.3399060189636,0.5497140634936,0.2809856440195,0.7612012877518,-0.0847166925302,0.3092692279643,-0.0371971035056,0.2591344186281,-0.0203675300592,0.5586465560430,-0.4260368003581,-0.2388217522944,-0.0395147443605,-0.2742526087902,0.3152239422346,-0.2202997702034,0.0879147911888,-0.3176164999839,0.6180466037692,-0.3459337575467,-0.1053112226760,0.0740650762625,0.4586652437172,0.4959249368080,-0.2601714682520,-0.0081505747054,-0.1681160482007,-0.1698583164833,0.0308196063876,-0.1799809405193,0.1232782477571,-0.2815283818515,-0.0428650207335,0.0167227887939,0.1177042193623
0.3317959272732,-0.0017805197520,0.2751896918413,-0.2853711161820,-0.0340009407363,-0.2794269557457,-0.2569437523936,0.6204773191989,0.7950767135088,-0.1918561079029,0.1989709468561,0.1983440851057,0.4300265920312,-0.1723931793841,-0.1674562694432,0.0024547021432,0.6150383794341,0.6983860392100,0.0291683962864,1.0000000000000,0.4223798917414,-0.1517270944011,0.4249172284590,0.5678806947243,0.8601383735185,0.6245341443923,0.8086434480733,-0.0347524260921,-0.4440914355036,-0.4348936719428,0.2407741367482,0.6196825717770,0.5395022503517,0.1299509149103,-0.2085356453881,-0.0811608304650,0.1637443883308,0.8328820521718,-0.0858242052152,0.4753320784206,0.0503718516881,0.1495590023688,-0.0579649469437,0.6586751565364,0.6650092680614,0.4275225312824,0.3246714139233,0.0199852598485,-0.2590307245480,0.1185172969662,0.0950227426233,-0.0141339167608,-0.0260113218030,0.0652375648866,-0.2330641527060,-0.3424203703591,0.6513088327322,0.4652144043519,0.6373165597124,0.4613340425099,-0.4020860796912,-0.0389343756280,0.0390868379496,0.2263508421774,-0.1822119268207,-0.2775018158490,-0.3374979579073,0.2883814747398,-0.0858220729233,0.8857538656089,-0.1665435529870,0.0839407532185,0.4843399009110,0.8501242412069,-0.1708047180836,0.4735942109067,0.8215951648436,-0.1118034301218,-0.4901731795789,0.0444006075103,0.2826337329214,0.4042295791771,-0.3258191864089,-0.3052392429101,0.6773133207881,0.0963881488396,-0.0036318664661,-0.2829860587903,-0.3610173840585,0.8453034096316,-0.2056011740688,0.4156604884092,0.6912322331875,0.1005553484336,-0.1449377738259,-0.1596390330920,-0.3267218203395,-0.3308584930627,0.1713769466546,0.0062578887524
0.0231228520305,-0.3111380395538,0.1438325921141,0.1801941299748,0.0408062999494,0.1790743140357,0.2079827514306,0.1961649666169,0.4877228393235,0.3564596567924,0.6533027481197,0.6880862130608,0.6080442905443,-0.2371798359197,0.1906367298450,0.3615531657000,0.8034771203818,0.6569027890333,0.2541599968703,0.4223798917414,1.0000000000000,0.2597584529725,0.6738058596679,0.6921204812333,0.4099254161579,0.4746879022615,0.5845323630343,-0.3259566754652,-0.2190808119736,-0.3755864910551,0.5211372475451,0.5039765491959,0.6585019146202,-0.0894235118582,0.3392283689390,0.1875652120937,0.4640448991798,0.1939528659827,0.2839481311181,0.2649106416964,0.0457067445575,0.1928035191370,0.3418310056607,0.1742333764230,0.1697242095728,0.1524355190724,0.1365663967468,0.3169267485907,-0.1735395139678,0.4042650203093,-0.0897438138721,-0.2441930909815,0.1238371309193,0.1418506995192,0.1363966744328,0.0751801497769,0.3024841016140,0.1517532628848,0.4547110253806,0.2834815214164,0.1320310107549,0.5374622106031,0.5987957151294,0.4242463147734,-0.2833150498425,0.1017530407012,0.1217887173633,0.5357729954930,0.2871039380927,0.2800410604140,0.5193282990163,0.5709944955470,0.5384704785729,0.3588494630806,0.2931457228780,0.2896232441544,0.4218005353924,-0.4454753555901,-0.3542207274742,0.4210299485972,0.1822392819242,0.4947288205328,-0.3808911925563,0.1050641065653,0.1337060063766,-0.2618830489776,0.3248301180347,0.2571169508408,0.2212609063694,0.2504048500627,0.2084550094717,-0.0286329534379,0.2469549020383,-0.0373899688938,-0.3063713395669,0.2017961450794,-0.3206664029592,-0.1405469162984,0.3871022327305,0.3414188905477
0.0029752745523,0.0726675028328,-0.0180757143351,0.0602910289320,0.2379051898339,0.2078389126787,0.1224482982995,0.0346567699108,-0.1054124315247,0.5543896457025,0.3607804115415,0.3742778633109,0.1120544709741,0.1257028867608,0.2387464303304,-0.0368973325614,0.2001494572816,0.0888767228982,-0.0388602432458,-0.1517270944011,0.2597584529725,1.0000000000000,0.3197323753467,0.1027658372002,-0.1807386900743,0.1555317540080,0.0845474847032,-0.0179538068198,0.2481694502638,0.1294405727119,0.1980161410022,0.0752565349377,0.2143048807754,-0.0399279984073,0.0164112763659,-0.0475688554554,0.2576869071395,-0.1145019340140,0.0647044647138,0.1134399645870,0.3225519388493,0.1476544596807,-0.0028888028044,0.0410192505086,0.0283950557377,0.2827246699696,0.1828357405072,0.0189757146617,0.3596466332242,0.1753671834736,0.1250442329692,0.0387759635128,-0.0354265467865,0.0411863214888,0.2037343161676,0.0250224373474,-0.0699354343106,-0.0664332322963,0.0206008503499,-0.2089953998338,0.4911327766132,0.3050289133830,0.3416824216619,0.1185640377927,0.1806493819456,0.0689122456831,0.0453941803843,0.1492868199681,0.0831260128471,-0.1523177306528,0.2192036229321,0.5444644154886,0.0645603472414,-0.1177380919650,0.1483879590532,-0.0175528178276,-0.0650661257749,-0.1421884834836,0.1642215265798,0.2100719387554,0.0001342577190,0.1054334200394,0.2041166158061,-0.0057893400448,-0.1915582522441,-0.0443124330724,0.2584391454307,0.0645158127982,-0.0048478892055,-0.1750598649906,0.0447532267975,-0.1158446118472,-0.0839605850382,0.2538083864971,0.2001987429323,0.0705952829549,0.1922801965340,0.4676326045914,0.0861893287236,0.0386219229103
0.2406813269454,-0.1635078788493,0.2339597296884,-0.0450127630679,0.0260639919775,0.0721774682040,-0.0660474080387,0.1016582881790,0.4821246664462,0.1997722472806,0.7762242329683,0.8108990447555,0.3843443575825,-0.1920212197031,0.1474168903221,-0.0935645415634,0.5967218483559,0.6036082064549,-0.1270189137371,0.4249172284590,0.6738058596679,0.3197323753467,1.0000000000000,0.5370383369170,0.4620704254932,0.6925835273023,0.7352375516252,-0.3612940469720,-0.1474111912844,-0.4694864042089,0.2954233170243,0.6620947343795,0.5716489220473,0.0795051503592,0.1334190811217,-0.1078576472079,0.4475709105226,0.2372077827428,0.1839826337876,0.4453082957852,0.1600464905317,0.2039188432531,-0.0608206368114,0.3369880054620,0.2300070130431,0.2807726341456,0.1728740726845,0.3404772043657,-0.2124127301805,0.2553853412350,0.0881717214392,-0.1345135161762,-0.0133335177550,0.1489860476048,0.0659637177423,-0.1668946753597,0.1977413820912,-0.0469179380057,0.4097315969171,0.0090461945102,0.0050425066994,0.5521568830956,0.6309960392205,0.2704992477712,-0.1546249460203,-0.0090131880624,-0.1678822986028,0.3487505265903,-0.0306901738414,0.3458385998841,0.2701113065796,0.7646811180455,0.4216935730142,0.3806608078494,0.0238020557689,0.5795303197675,0.6245895320651,-0.4601796571971,-0.3307920141127,0.1744457019839,0.3742840695322,0.4752997400161,-0.3494236574498,-0.1779666005762,0.1929506393451,-0.1344298606017,0.4242232321367,0.0262758875430,-0.0677912379414,0.4109177902883,0.2226648262009,0.1286111411714,0.4142325030083,0.0262012221549,-0.2828951975411,0.2478867562481,-0.3312958619247,-0.1993931540633,0.3605143130754,0.2326752260217
0.0454562126845,-0.3134974055873,0.2262490322113,0.2112719808550,0.0896199766541,0.1973697112812,0.2584413972835,0.1870239426727,0.6368694583755,0.2122215400235,0.5675193563264,0.4898848268737,0.6205567654205,-0.3488095076042,0.1027371741779,0.2955127906008,0.7351073449027,0.7333444424561,0.3266353722229,0.5678806947243,0.6921204812333,0.1027658372002,0.5370383369170,1.0000000000000,0.5038648393697,0.4023805385583,0.6861332565570,-0.1292812550334,-0.3179334682699,-0.4990555415706,0.4779852368902,0.4109845923089,0.5602776285029,-0.0343021988239,0.1541630837520,0.2273756061304,0.6058856003563,0.3129715859082,0.2266043425353,0.3134457433988,-0.0560946855254,0.2058780639102,0.2310895654623,0.2382944425396,0.1619161234363,0.1948408512061,0.0801139095733,0.3373527521262,-0.1768082333317,0.3124295604621,-0.0518948914526,-0.1174291642384,0.2143678429905,0.2373825692828,0.1847533783407,0.1548354595326,0.4477248010598,0.2068085526198,0.6622919311924,0.4804677872043,0.0574690209750,0.5189836389717,0.4238361401512,0.5336238167030,-0.2768593580625,0.0934241116740,0.1013393614245,0.5948902825901,0.3974574447122,0.4091481531910,0.4268405236867,0.4551806722425,0.8359459143250,0.5088170090784,0.3093710414274,0.2292934120607,0.5244708134068,-0.1733379325138,-0.4063645908147,0.3972518907596,0.1559544382494,0.4766372373823,-0.4680012922362,0.0960780383235,0.1779284469304,-0.1826808804788,0.4642298652031,0.2196917730399,0.1578607791392,0.4067445021459,0.1803308797520,0.0868551761399,0.3290975445781,0.1030163421911,-0.3307828788934,0.2389389710436,-0.3660532973278,-0.1680724855320,0.3810129797261,0.3112416595747
