1.0000000000000,0.2624232306936,0.5632671547172,0.1724874049108,0.8201619439094,0.5144771406704,0.1767582757551,-0.0557009763784,-0.0491662445978,0.1915380211736,0.1397057501385,0.1412838442854,0.1181128431134,0.6122986982109,0.2663758978027,0.0202831927807,0.1097883399484,0.0446541252175,0.1031842189508,0.0705490961083,0.1101779992855,0.0665084767137,0.1667569288264,0.2000427056365,0.0395194991425,0.1605687118887,0.1167335571621,0.0339972678376,-0.2527324959090,-0.0450434385308,0.0898814481715,0.1026929134973,0.0880090823504,0.1943210664582,0.0564206219342,0.1516671883918,0.2061061104032,0.2317105186157,0.2700781316927,0.0927406761285,0.0535385503534,0.2882488969804,0.0860925665911,0.0345144779769,0.0073929103626,0.1845704170422,0.1522581351696,0.3888814687519,0.2910268175205,0.3214718403058,0.5361056135656,0.4250550994495,0.1677937173970,0.4905215095037,0.3848799776375,0.1468577688925,0.1642682610116,-0.0605477853049,0.0434882811326,0.0255932898345,0.0455336357345,0.0835938355083,0.1845544187665,0.1425222492400,0.2087453806109,0.2167847417770,0.1244533115135,0.2014014938784,0.1205953318995,0.0912511530188,0.0565890432357,0.0834664669084,0.1979918955751,0.0360219721939,0.1080962200662,-0.1830686737673,0.1087071932240,0.0002915796238,-0.3105129801890,0.2187946570482,0.0029174462868,0.0962923762679,-0.2069976285494,0.1414998474354,-0.0801503833617,0.0346988537168,0.1630590002934,0.1390505806562,0.2190851299595,0.1515602084202,0.2849033272740,-0.0180558388873,-0.0171099028129,0.0532309091113,0.0527940685246,0.2530114147473,0.0571391283356,-0.0610236488634,0.1496130008327,0.1562971496342
0.2624232306936,1.0000000000000,0.3860946054566,0.1693197859411,0.2059374059968,0.3260466716261,-0.0892703002650,0.1963968740604,-0.0499404178492,0.3426988146386,-0.0985146763715,-0.0292264643907,-0.0069063091866,0.5350964713903,0.3771665089614,-0.0353143462163,-0.1216562207039,0.0838479758035,-0.3956590684357,-0.0921652903214,-0.2860025979155,0.2199286931462,-0.1626462111415,-0.3750263354840,-0.1470319643138,-0.2806494733383,-0.4131467849025,0.2716312164539,0.1862128380000,0.3783531464160,-0.3143157335673,-0.2471575172540,-0.1321259035104,-0.2577999668153,-0.1490740799996,-0.1220845509286,-0.2284569228191,-0.1976489387790,-0.1722951356243,-0.3206001038209,0.1719423446032,0.2233069151812,-0.4381597601016,-0.3594123628529,-0.0844670753804,0.0276298169658,-0.1050570757204,-0.0875343811384,0.3848719742994,0.1220350195397,0.4364003690392,0.6892508738244,0.1745017337531,0.2332887853162,0.2358967230153,-0.1480708503264,-0.0384246951147,0.1795119016711,-0.0439004412263,-0.0884060635341,0.2489982168682,-0.0270486800347,0.0198107380328,-0.0152857090940,0.5178831278277,0.0586027764202,-0.1930127623207,-0.0800292191829,-0.2733050271354,-0.2066482195269,-0.0486187158427,-0.1830226645075,-0.2273328010404,-0.1090273329107,-0.1382437087368,-0.3273091878538,-0.3495010005872,0.1035250207919,0.1966672669892,-0.1568401415211,-0.2380160631842,-0.0219150522496,0.1568857000825,-0.3267231376442,-0.0579019339197,-0.1951005091560,-0.3520763421417,-0.2935011136929,-0.3010956442858,-0.0747278526132,-0.1635012442234,-0.3613512401074,-0.3643605695005,-0.0198224711365,-0.0105891968581,-0.0761859146937,0.3699752147267,0.0820632448460,0.0269494901874,0.0897023560412
0.5632671547172,0.3860946054566,1.0000000000000,0.1023684416562,0.6007770424248,0.6595857315079,0.0937646887111,0.0041188693019,-0.1342036637734,0.0100369617622,-0.1328603117638,-0.0210341034234,0.2502345234095,0.2523164011998,0.1040637234969,0.0201575139797,-0.0507566181549,-0.2270710618662,0.1424606890241,0.1561840392154,-0.0453891822713,-0.0585466859638,-0.0464187725645,0.0019791381744,0.1429224249235,0.1226968910391,0.0867110996599,-0.0068404363780,-0.2135712224044,0.1144083074402,0.0792154554617,0.0597116778547,0.0825110705561,0.2877404738221,0.0541095566682,0.1113827199989,0.1544503887080,0.2577997456622,0.1978934359976,0.1719769396531,0.0710211773664,0.2253061252817,0.2611306895158,0.1862198528413,0.2204208382267,0.1859448146957,0.1570649381574,0.3175611369672,0.1467669744917,0.1027980484537,0.2677490420591,0.7261385245205,0.1409578351465,0.7585241372688,0.1709155021997,0.1454608995097,0.2631390985286,0.0001547864044,-0.1277963063286,-0.1047919334968,-0.1760901477278,-0.1720056829767,-0.0094668087322,0.2488962883853,0.0663429069722,0.1179695679869,0.1939936272537,-0.0370488826061,0.1188047777189,0.0020903395893,-0.2207615821222,-0.1389071866448,-0.0053192562263,0.1145877029164,0.0443694085441,-0.2578372719045,0.1055767167741,-0.0494224725436,-0.3057047308114,-0.0301843516051,-0.1014497502833,0.0238496144793,0.0031342138210,0.2349253946218,0.0481773699394,0.0311849524098,0.1061547053823,0.0723414530967,0.1518989952684,0.2324957522073,0.1903655588837,-0.0264363557393,0.1175270603118,0.0208540946431,-0.0826809122836,0.2087364949565,-0.0693116026353,-0.2109364353028,-0.1490568939435,-0.1614763521840
0.1724874049108,0.1693197859411,0.1023684416562,1.0000000000000,0.2769014756487,0.4935971397354,0.8340818359515,0.1284732864426,0.2476299391063,0.4807593627069,0.1730869256519,0.1631234235203,0.1447971610591,0.3310320936655,0.5732484926166,0.4344821413279,0.4869589347484,0.3026619703763,0.2611026134659,0.1738369653740,0.3885095030816,0.0418057698239,0.0193202457072,0.4349564464604,-0.0558102057254,-0.1065165679123,0.1217972859260,-0.1208219084171,-0.2552388857897,-0.3032911794262,0.3928199531014,-0.0595147495526,0.1910616227542,-0.1378955060110,0.0504709860011,0.3048890728586,0.0938761213721,-0.0119440801070,0.1899153341367,-0.0558100159078,-0.0083924148026,0.2364471106902,0.2329089216010,-0.1243574708749,-0.2560281031508,0.0266853219596,-0.0648021248904,0.0614894720193,0.2679168315682,0.4202361521797,0.1871140389232,0.0780648015150,0.7629862288005,0.3526631490357,0.5691171222125,0.7270943564476,0.0074928727276,0.0035719483271,0.3238288209624,0.2339944058352,0.2914622195298,0.2763268972344,0.2004461767789,0.1270814967028,0.1210411051714,0.3938309933719,0.3107466285579,0.3845792859257,0.1966027367534,0.1486171613997,0.2102098874800,0.0710698743114,0.3082009642103,-0.0434282536433,0.1594662748162,-0.2055359625046,0.0143926958206,-0.1290900694060,-0.2301210394600,0.4365952199866,-0.0509579375019,0.1016561547406,-0.2828094748992,0.0476118658393,-0.3121245531183,-0.0875960531806,0.0167062284469,0.3387071033493,0.2039778417076,-0.2004696616250,0.1446195720629,-0.0995180225601,-0.1714699627033,-0.1006004786237,-0.0195004937666,0.0451052823055,0.0393289677326,0.0966993591464,0.2290169731882,0.4265606468096
0.8201619439094,0.2059374059968,0.6007770424248,0.2769014756487,1.0000000000000,0.5943204814205,0.2775830476409,0.0518440014777,0.0214870224794,0.1873238547567,0.0871512566624,0.1351785766567,0.2081748384882,0.5925844140225,0.2411894408184,0.0603441217576,0.1475822101112,0.0230540662151,0.1683448565490,0.1389847915988,0.0995142907211,0.0719353215618,0.1568922872087,0.1990795060294,0.1019009945115,0.1357799683471,0.1499806364437,-0.1063248899388,-0.2882234053999,-0.1172143917404,0.0641488919307,0.0849586365528,0.0801708931325,0.1613569395558,0.0612363748267,0.2031462111031,0.1846588482274,0.2119773022331,0.2481052386875,0.0479170292637,0.1132575401787,0.2128178960486,0.1351023675637,0.0256466862109,-0.0092305988016,0.2034963346041,0.1031411862044,0.3481221529262,0.3433350717550,0.2867093541661,0.5711646001046,0.4386043847804,0.2752219118452,0.5780728342023,0.4452886632389,0.2945402885126,0.2439572066141,0.0354914758922,0.0952322790504,0.0932198514514,0.1143017207362,0.0889849654683,0.2396514917143,0.2442871353056,0.2244887722000,0.2031854287688,0.1664721569938,0.2557869434552,0.1689700471513,0.0902271646351,0.0822840754065,0.1458774053363,0.2003889684525,0.1140517336873,0.1095999866605,-0.2021053723219,0.1014657730253,-0.1244040581053,-0.3850857375392,0.1792719780095,0.0158485826809,0.0548307465040,-0.2102127131090,0.0927513011922,-0.1975409640242,0.0199319692840,0.1245099702910,0.1725746796432,0.1837657184328,0.0680224240519,0.2229306706316,-0.0264700535760,-0.0450301611443,-0.0296068575149,0.0170596881859,0.2111323602000,0.0588366125167,0.0270842515318,0.1887439213637,0.1948379311057
0.5144771406704,0.3260466716261,0.6595857315079,0.4935971397354,0.5943204814205,1.0000000000000,0.4774266836296,-0.0634996704808,-0.0697096645657,0.4575255636443,0.0104085292838,0.1863545308439,0.2612759728326,0.4828246768617,0.5015930198263,0.1474903292655,0.2483141340853,0.0908869138828,0.1696091769997,0.1782116152721,0.1968917642644,0.0823799677244,0.0316395955013,0.2705405335591,0.0237155683251,-0.0395333062369,0.0447734362011,-0.0972750934893,-0.3158149493458,-0.1073926709167,0.3135345920511,0.0064396168172,0.2183157596204,0.1068613162777,0.0996313968290,0.2115136862535,0.3090436310348,0.1315205686950,0.4385270475047,-0.0028274729429,0.1356877745693,0.4675972972612,0.2269156424629,-0.0479791693924,-0.0603879417358,0.2583044043016,0.1116810132518,0.4878932295374,0.3565394208568,0.5111099746341,0.4542964154290,0.5341415143554,0.4619227925195,0.8404579294064,0.7012441646590,0.3544169335622,0.1206576721643,-0.1523197815909,0.0008031165710,-0.0948838938358,0.2581967735430,0.1267951074719,0.2713578482949,0.2860623916410,0.1876844824979,0.4527854205063,0.2043919402319,0.2840153076263,0.1116477391433,-0.0166283887713,0.0438292057407,0.0845803588874,0.1665518379572,-0.0430046537973,0.0565804939715,-0.3699100420704,0.0515156135562,-0.1107842809656,-0.3601736350034,0.2944783135404,-0.0000216817665,0.1246543240504,-0.0949219955169,0.1754664404065,-0.1901014140486,-0.0038239798785,0.1643504372273,0.2301187128806,0.2562665966183,0.0335567345615,0.3806541328222,-0.0394097388787,-0.1428358853568,-0.0053625103156,0.0001324980658,0.3741734340728,0.0437405341663,0.0036185743999,0.2177708011464,0.2976634682236
0.1767582757551,-0.0892703002650,0.0937646887111,0.8340818359515,0.2775830476409,0.4774266836296,1.0000000000000,-0.0667218044676,0.1275720391093,0.3641653648380,0.0715036813556,0.1021680364267,0.1178517041661,0.1524422038898,0.4642054463584,0.2888365957315,0.3944006258266,0.0780518405296,0.4137963584698,0.0718820912815,0.4228082429454,-0.0903093864951,-0.0142911400320,0.5141281036477,0.0149274653540,-0.0529244104039,0.1579150814810,-0.1864062814847,-0.3381981771688,-0.3464896426951,0.4842878647445,-0.0012582071745,0.2169964442131,0.0700892896984,0.1111866523829,0.2858719698379,0.2882373241853,0.0096385743433,0.3577319518511,0.0367542427568,-0.0790461772876,0.2512546320215,0.4639999747561,0.0168411377587,-0.1546175946243,0.0236535172937,0.0590113249693,0.1476663967569,0.1194103234547,0.4476999281328,0.1425901440091,0.0308860680961,0.6255293767792,0.3832901466174,0.5460858317322,0.8603821075693,-0.0490912605254,-0.1758863491922,0.1718409582081,0.1480744340253,0.2192857508793,0.1834775184689,0.1663224003410,0.1294471425699,0.0408360064833,0.4408689995548,0.3445164253204,0.3179304638899,0.3084445097218,0.0629591826978,0.1622315604462,0.0982709658833,0.2908477732499,-0.0511270747986,0.1519113720004,-0.1647122357567,0.0076903001895,-0.1038630272725,-0.2829073350764,0.3928413500238,0.0119541014584,0.0500027014325,-0.2171017400554,0.2391615464651,-0.3113487491033,0.0473430426748,0.2012098502732,0.4544594561912,0.3911603659167,-0.1856094811372,0.3099785702878,0.0185825602592,-0.0403279648367,-0.0695144518925,0.0170682234228,0.0728826461940,-0.0814949645872,0.0346374560325,0.2527522281981,0.3976265778433
-0.0557009763784,0.1963968740604,0.0041188693019,0.1284732864426,0.0518440014777,-0.0634996704808,-0.0667218044676,1.0000000000000,0.7269048064541,0.0925317233601,0.4943592832313,0.2463666690966,0.2623978510493,0.1283993872006,-0.0316018694572,0.3678412744226,0.2391697781834,0.4628424377205,-0.0041289753474,0.4789082953474,-0.0289896637680,0.1244338785520,0.2392705482310,-0.0013520759718,0.4680489170696,0.0937855562600,0.0559992973847,-0.1666106056387,-0.0132275178842,-0.0877791155837,-0.1961640414719,0.1387679994955,0.0939802794445,-0.2149386917291,0.0775167306830,0.1430449770171,-0.0960881657341,0.2271260173450,-0.1902686691385,-0.0243510906993,0.1171175959573,0.0483123066285,-0.1939377041672,0.0420980829058,0.2378557819221,-0.0339148862099,-0.1197896298085,-0.1892851498928,-0.0246064451510,-0.1978185205396,-0.1135115743748,-0.0342570280533,0.0934246228231,-0.1175045863627,-0.0467904677071,0.0230754357179,0.3909600453696,0.7434065026650,0.5433127574360,0.6522065050689,0.0446472122818,0.3697351853564,0.0601885942965,0.1627511999274,-0.0417538422623,-0.1417239183820,0.0749987236099,0.1869733680456,0.0313126815101,0.3582117165346,0.2126457125019,-0.0590814617422,0.2637491162284,0.4995634355901,0.1111265937205,-0.0552548884481,0.0862718990977,-0.2795212918538,-0.1427695927222,-0.0106100710057,-0.0817917940636,0.0955096177816,-0.2546937106288,-0.3150777778925,-0.0782236613948,-0.2899523451691,-0.1116401316056,-0.0111231437242,-0.2727283009405,-0.1617593502546,-0.2326464842324,-0.1984363279983,-0.0012210473018,-0.3075923763651,-0.2043105784682,-0.0634921637673,-0.0300858272543,-0.0993812628597,-0.0529265610745,0.0168522389451
-0.0491662445978,-0.0499404178492,-0.1342036637734,0.2476299391063,0.0214870224794,-0.0697096645657,0.1275720391093,0.7269048064541,1.0000000000000,0.1242785250188,0.6217613219737,0.3613542987801,0.2064963770512,0.0968316984068,-0.0352901098075,0.4947961896356,0.3157307140725,0.5543505320763,0.1130519125152,0.4350175872222,0.1813711918760,0.1503205515238,0.4013666237362,0.2573278109741,0.4591821054772,0.1346033000066,0.1245834265703,-0.2282489519092,-0.0659811980103,-0.2100978367379,-0.0016870861083,0.2157151597816,0.1382043472470,-0.2560529838415,0.2841113113405,0.3069360178989,0.0368568870902,0.1772702459955,-0.0225157741334,-0.0279705271158,0.0197290480914,0.1076124854862,-0.1235042394369,-0.0218515105836,0.1330111779010,-0.0360779217787,-0.0737620482029,-0.1045102812761,-0.0927725871817,-0.1102056302960,-0.1822160466069,-0.2258993383748,0.2033038588600,-0.0979687506164,-0.0157053958252,0.2108243870259,0.3672492942607,0.5970406840425,0.7126540705080,0.8601043906516,0.0793237740973,0.4866136867691,0.1332143880371,0.1085063760896,-0.1189211072020,-0.0360324310859,0.1991059664358,0.2632510129514,0.1539996891017,0.4561264117918,0.3550329447927,0.0926157857089,0.5123621772905,0.5070188707435,0.3234453042638,0.0188712801558,0.1129542899134,-0.2760600132608,-0.1136044912797,0.1795555354787,0.0385391688383,0.1356778274760,-0.2831964372166,-0.2274330215303,-0.0710150234529,-0.2226091104489,-0.0107414421668,0.2583909431427,-0.0880045074100,-0.2132518606817,-0.1001842121622,-0.1211354690155,-0.0416029149128,-0.3193835820228,-0.1184260381835,0.0429720023374,-0.0929539506782,-0.1062520914117,0.0234976092027,0.1883893377962
0.1915380211736,0.3426988146386,0.0100369617622,0.4807593627069,0.1873238547567,0.4575255636443,0.3641653648380,0.0925317233601,0.1242785250188,1.0000000000000,0.2320953640602,0.4319694964488,0.1382305053133,0.5174433262221,0.6256459881921,0.1080210036833,0.3271957727386,0.2876986603967,-0.0409482690869,0.0518053254708,0.2526447922873,0.5034852480825,0.2462434521018,0.2037500362107,-0.1607217459940,-0.2305699838500,-0.1224849073507,-0.0938489028115,-0.1778066712497,-0.1383151836852,0.0829532022934,-0.0212750672491,0.2562477411170,-0.1834654915607,-0.0281926554155,0.1081525620893,0.1598172876764,-0.1782990652998,0.1138185532383,-0.2683798370088,0.0844303945638,0.4665768639697,-0.1440305523436,-0.4204201798422,-0.3482720537953,0.0584076936776,0.0178741702709,0.1064432998640,0.4381843863258,0.5767509395418,0.3565436975861,0.1211509818703,0.3470076947430,0.1704667130952,0.6083772092483,0.1418823994630,-0.0910561002667,-0.0429665703122,0.1063403121638,0.0695738666648,0.6721754228286,0.4302193459474,0.4421746025807,0.0936527754784,0.2758243161036,0.4078131527758,0.0430582060319,0.3046274529742,0.0132822920057,-0.0058421907289,0.3577802977270,0.2846968046559,0.1438494845743,-0.0767224883270,-0.0082081980460,-0.3563712042427,-0.1115666126636,-0.1661615161848,-0.1673746584673,0.2826092215680,0.0443277532461,0.1771453213758,-0.1239876402721,-0.1301742440302,-0.3539246685010,-0.1849139658573,0.0306740207287,0.0677252665821,0.0181464698554,-0.2090042661354,0.1506550709855,-0.2793223309153,-0.3963568021738,-0.1513025747373,0.0814391899747,0.1405080557729,0.2619580028374,0.1128092015619,0.4177915467378,0.5772756081146
0.1397057501385,-0.0985146763715,-0.1328603117638,0.1730869256519,0.0871512566624,0.0104085292838,0.0715036813556,0.4943592832313,0.6217613219737,0.2320953640602,1.0000000000000,0.6839611558601,0.2587884663209,0.2187311524716,0.0684571571870,0.3622181057617,0.2914533352941,0.4723151954141,-0.0076509450115,0.2009590335809,0.2448886575260,0.2208770625511,0.5892947257528,0.2016009085206,0.2050614969389,0.1509444399183,0.1371247975994,-0.2951089288900,-0.0556088671855,-0.2275608417482,0.0176914867047,0.2870572807947,0.1907550620866,-0.2586273311090,0.2852098071348,0.1779974669733,0.1110548774660,0.1815130738318,0.1292292297475,0.0174003241355,0.0595046168404,0.1777066843234,-0.0897400286058,-0.0287249087421,0.1357660584003,-0.0292464443406,-0.0292013056711,0.1270568359290,-0.0623213729255,0.0200801736480,-0.0789399386986,-0.2761776371820,0.2171010105490,-0.0331076220504,0.1726584415662,0.1038968449201,0.3504904693207,0.3818045550340,0.4424432393217,0.5136177731623,0.1616557829386,0.7268300608355,0.3012473892967,0.2275621454717,-0.1693486102525,0.0502547398971,0.0429865443638,0.3545332040454,-0.0013930500244,0.2360368311636,0.3989966853207,0.2248548452658,0.3754694763358,0.2279012179937,0.2944239179970,-0.1351018516878,0.1499944387261,-0.2444139032259,-0.1320897824222,0.2293870846594,0.0552758366053,0.2582312367101,-0.2433120531100,-0.1698370708630,-0.0436482671542,-0.2800120556984,0.0980055982211,0.1913013814925,0.0688688831642,-0.2140730945902,0.1054810577768,-0.1278112952260,-0.0559803134439,-0.2421827280844,-0.1158344095953,0.2249464155003,-0.0104857319440,-0.0633091651243,0.0853945655832,0.2538856012167
0.1412838442854,-0.0292264643907,-0.0210341034234,0.1631234235203,0.1351785766567,0.1863545308439,0.1021680364267,0.2463666690966,0.3613542987801,0.4319694964488,0.6839611558601,1.0000000000000,0.4566410493580,0.2605270606831,0.1605957730007,0.2769647674348,0.3811730280094,0.3694360163866,0.0744266016940,0.1599409816820,0.3558412580604,0.2771103055151,0.6473096774172,0.2239685147021,0.0857378168537,0.1011286235010,0.0291963301680,-0.3040025075691,-0.1745958177729,-0.2313044131666,0.0185155670927,0.2835808494729,0.2489727952002,-0.2591347997788,0.2690842363602,0.2708721776355,0.1141169159846,-0.0037871791761,0.1809826276686,-0.2312473874160,0.0410755339133,0.2565245960505,-0.0965430198417,-0.2371603413907,-0.1159079348877,-0.0010451174358,-0.0205151387342,0.1787774690226,-0.0726757355746,0.2720111246471,0.0378431322000,-0.1115450301920,0.3004719113229,0.1413878102187,0.2455210475061,0.0788682664213,0.3523575973592,0.1921243287381,0.3049252404347,0.2857678333574,0.3119244738905,0.6356886171351,0.6189360848001,0.4589369437675,-0.0752420417385,0.2394784841457,0.1322300883001,0.4516956843796,0.1159792478983,0.1434119596232,0.5436209747498,0.3243623569164,0.3008574497479,0.1677422321420,0.2929804322019,-0.1085417530969,0.1297641664409,-0.2807381424397,-0.1878001794201,0.2313325638029,0.1598618546228,0.2989115043972,-0.2417883271162,-0.1187416801997,-0.2221924200687,-0.2230714606136,0.0499617514470,0.2317194472909,0.1642338936461,-0.2307880024053,0.1524097425494,-0.2190825511117,-0.2216561203441,-0.2330611270637,0.0223599787591,0.2543859315540,-0.0493654379838,-0.0942195296672,0.0961210094725,0.4356874724693
0.1181128431134,-0.0069063091866,0.2502345234095,0.1447971610591,0.2081748384882,0.2612759728326,0.1178517041661,0.2623978510493,0.2064963770512,0.1382305053133,0.2587884663209,0.4566410493580,1.0000000000000,0.0714141257947,0.0996235430651,0.2481700269363,0.6213531378094,0.2156278152394,0.1283325349751,0.3177286041361,0.3175516697311,-0.0752001551856,0.1026823230565,0.2284992171147,0.2229753201520,0.0649836667438,0.0594669925156,-0.2213899474045,-0.2883483364252,-0.2089423799120,0.2275788019496,0.1998249800019,0.4386990589059,-0.0254046976591,0.1733172439624,0.1831511548896,0.1672260436120,0.3636148906932,0.2436299711635,-0.1240006265464,0.0528075930746,0.2215091012176,0.1871651704850,0.0433864331387,0.2498555215306,0.0332486834512,0.1107285432001,0.1984226895238,-0.0716716471581,0.1667511765579,-0.0828354534491,0.1317426816152,0.2532694611074,0.3319943767940,0.1236246282397,0.2472285292151,0.7052383677108,0.2913483018732,0.1836146280035,0.1230289804511,0.0142666173089,0.2632731473660,0.4380301093646,0.8270305932253,-0.1718414593801,0.1840262347528,0.2061709394359,0.5088771431508,0.0556227329545,0.2206561103244,0.3790371826185,-0.1169798030203,0.2619862674002,0.2720418364638,0.3137611761107,-0.0949618177843,0.1405467821081,-0.2495057519483,-0.3708159714412,0.2337746762815,-0.0097740420680,0.3569962844557,-0.2586596431633,0.0781919677228,-0.0062337595874,-0.1009901114838,0.1283166698767,0.2103940746936,0.2143176131936,-0.0326475348100,0.1832116813995,-0.2067405530874,0.0363914644667,-0.2137599942576,0.0039542608478,0.1629738569961,-0.2547028355650,-0.2739147523979,-0.0659853048482,0.1345977477154
0.6122986982109,0.5350964713903,0.2523164011998,0.3310320936655,0.5925844140225,0.4828246768617,0.1524422038898,0.1283993872006,0.0968316984068,0.5174433262221,0.2187311524716,0.2605270606831,0.0714141257947,1.0000000000000,0.5822597576230,0.1357961947225,0.1900741449411,0.3317654497300,-0.0511701157887,0.0458517603770,0.1278040832401,0.3133241237623,0.2010929621696,0.1036497913872,-0.0807244063755,-0.0532731045263,-0.1247872179045,-0.0282136926338,-0.0992702938957,0.0146792108375,-0.0221047956107,-0.0035364095623,0.0047556062338,-0.1595585328045,0.0285405165883,0.1747310120653,0.0479578831941,-0.0504310296153,0.0874655070864,-0.2169837855248,0.2155251303076,0.3623640501506,-0.2208960791659,-0.2815197391958,-0.2220539645282,0.0912878926210,-0.0763415584881,0.1950954909945,0.5032402398432,0.4423382495938,0.6340838387894,0.4211147865062,0.3943635401921,0.3081482249937,0.5261394744518,0.0683717923472,0.0605774997960,0.0679197988603,0.1625876059563,0.1066883441928,0.3553656840732,0.2495602466738,0.2734743202600,0.1094201840043,0.4619859415154,0.3044562332775,0.0930759259762,0.2603324374846,0.0377205137605,0.0446648418500,0.2609677255060,0.1530310581024,0.1729845906515,-0.0260700836379,0.1211693131867,-0.1980819899067,-0.0386911429000,-0.0854345718014,-0.1506888364365,0.2300824404641,0.0243197395782,0.1532399304713,-0.1517195697348,-0.1243627636951,-0.2260846992286,-0.1188658962054,-0.0399518231282,0.0152304752736,0.0362767026193,-0.0895386131837,0.0986605415208,-0.2369810029836,-0.2806533751744,-0.0613059861682,0.0452716298954,0.1337959383217,0.3566201000319,0.1546942159201,0.2191183827362,0.4287831587712
0.2663758978027,0.3771665089614,0.1040637234969,0.5732484926166,0.2411894408184,0.5015930198263,0.4642054463584,-0.0316018694572,-0.0352901098075,0.6256459881921,0.0684571571870,0.1605957730007,0.0996235430651,0.5822597576230,1.0000000000000,0.1579001944878,0.3232092457081,0.2310526662087,0.0771378158791,0.0503075539833,0.2819141506127,0.1088571004910,-0.0753768849118,0.2465699248147,-0.1672733650770,-0.1469605974045,-0.0562944872140,-0.1271634392366,-0.1798379498222,-0.0430735544440,0.1482888044467,-0.1280642554178,0.1087595874693,-0.0664307056946,-0.0354789985451,0.2032306978408,0.1726328357501,-0.0741971919128,0.2858953169781,-0.1026833842666,0.1427367365110,0.4183602389499,0.1168378771142,-0.1986013595988,-0.3068553861945,-0.0611501005798,-0.1400674630336,0.3088065869788,0.4373885905001,0.7792309005355,0.4187714749006,0.2587149632951,0.5083752049320,0.2884338967043,0.6490451589319,0.3063943364334,-0.0835747693943,-0.1266669631174,0.0601152050015,-0.0441543422507,0.3743940924762,0.1259661168016,0.2070118738836,0.0689278650670,0.3828976972666,0.5748994926546,0.1780111084043,0.2834685035934,0.0845161754629,-0.0233867026309,0.1895624162498,0.0232663107229,0.1413687226603,-0.1428153106437,0.0049929601266,-0.1778404189298,-0.0804309543340,-0.1743327159126,-0.2385821022273,0.2975529841242,-0.1249163666525,-0.0082152520317,-0.0975054938567,0.1105655611068,-0.3148734222816,-0.2293565536167,0.1116953060527,0.1442646693877,0.1752942120410,-0.0612133642978,0.2560537243018,-0.1494572837342,-0.2316155166520,-0.1780537950738,-0.1155265978596,0.1891307527235,0.2128777339472,0.0442876658461,0.3206799033590,0.4586106672636
0.0202831927807,-0.0353143462163,0.0201575139797,0.4344821413279,0.0603441217576,0.1474903292655,0.2888365957315,0.3678412744226,0.4947961896356,0.1080210036833,0.3622181057617,0.2769647674348,0.2481700269363,0.1357961947225,0.1579001944878,1.0000000000000,0.5147934177386,0.5858005434823,0.4257433803297,0.5526586591176,0.4731106428235,-0.0515341074902,0.2376078683829,0.4826994177781,0.1310263319900,0.1536088784178,0.2139131495400,-0.3297533038590,-0.2418304050847,-0.2645195455648,0.4214613663020,0.1911985520041,0.2544353578810,-0.1825907626754,0.5677631808906,0.6740879019727,0.0291972220302,0.2561751359966,0.1952677339805,0.0020061670659,-0.1292714804156,-0.0130345326496,0.1794185658961,-0.1235769108525,-0.0803786085601,-0.1610649562456,-0.1478783772442,0.0732484648290,-0.0067182123849,0.0093441634455,-0.0670011764008,-0.0784179756012,0.4123825283644,0.1109795568823,0.1606586436698,0.2736159590565,0.2291351020612,0.2532374488495,0.6750140099090,0.4556014315313,0.0534940560548,0.3184915096291,0.2133487818905,0.1083187343645,-0.0183463331073,0.1422870796367,0.6508982728367,0.3536980526093,0.4205193029606,0.5711957546856,0.3080545979826,0.1110414556637,0.5617013136878,0.2518344729050,0.3586645607418,-0.0469813090461,0.1933233191477,-0.3898667861058,-0.2667525852886,0.5259058878483,0.0249976724411,0.1115697062286,-0.3775717028873,0.0646315076574,-0.1844400386545,-0.2426615421160,0.0353396563303,0.6442111074112,0.0837674622072,-0.0441294474969,0.0534297378765,-0.2036541944481,-0.1972923207045,-0.3721172215557,-0.1294450819177,0.0756234082716,-0.0448207167951,-0.1223171009456,-0.0261091677851,0.1947863933823
0.1097883399484,-0.1216562207039,-0.0507566181549,0.4869589347484,0.1475822101112,0.2483141340853,0.3944006258266,0.2391697781834,0.3157307140725,0.3271957727386,0.2914533352941,0.3811730280094,0.6213531378094,0.1900741449411,0.3232092457081,0.5147934177386,1.0000000000000,0.6383082104457,0.3376350113022,0.4756758553277,0.6803069643106,-0.0081835627619,0.1386173413547,0.6540930184609,0.1438687105008,0.0280223285310,0.1876869551031,-0.2092950489209,-0.2915585549468,-0.3493238706793,0.5713363056408,0.1288942598173,0.4528938164917,-0.1248878084660,0.2292686349253,0.3718098516332,0.2414611238859,0.2548406737932,0.2778745862194,-0.1338047322032,0.0250865647168,0.2507111010787,0.2117683641183,-0.0867062833503,-0.0864323388959,0.0256851872520,-0.0377646137006,0.1103618098245,0.0412402836513,0.3854710940672,0.0297202348935,-0.1197492655856,0.3996687479714,0.1873399834947,0.3289044787091,0.3650602616003,0.3783551914974,0.1475174612122,0.5147526184041,0.2969689584349,0.1874346172595,0.3413930577300,0.4169597400363,0.4234933474270,-0.0752129853470,0.2636264718456,0.3516905023006,0.7182579927323,0.2282944564690,0.4635380760330,0.5635897915514,0.0976720172209,0.5545527354035,0.2307091986824,0.4127191604103,-0.0324487316101,0.2167682209839,-0.2647258149642,-0.3538958607413,0.6675386248522,0.0325949285478,0.2732457321452,-0.3996679807921,0.0783142743153,-0.1913741897403,-0.1346432938334,0.2044310007134,0.4090222879259,0.2686006833107,-0.1421446601504,0.2081178909421,-0.2100391669040,-0.1082685806876,-0.2254216377369,-0.0083703648502,0.0885616254145,-0.1680609069269,-0.1013493090384,0.1297058647172,0.4076925132953
0.0446541252175,0.0838479758035,-0.2270710618662,0.3026619703763,0.0230540662151,0.0908869138828,0.0780518405296,0.4628424377205,0.5543505320763,0.2876986603967,0.4723151954141,0.3694360163866,0.2156278152394,0.3317654497300,0.2310526662087,0.5858005434823,0.6383082104457,1.0000000000000,-0.0364981521361,0.4644989370421,0.3899435914137,0.1615888198566,0.2967418866708,0.4070053588676,0.1359080374507,0.0204758010504,0.0396824380837,-0.1818401584579,-0.0799272003366,-0.2715894551226,0.2602198515204,0.1104817095610,0.2488926080949,-0.4642085566902,0.3406217620286,0.2699699288928,0.0717952644283,0.1451976608065,0.1092344109103,-0.2383708550503,-0.0330568389530,0.1853404960942,-0.2516158632403,-0.2537227819707,-0.0979311371487,-0.0321972515593,-0.1483201037994,-0.0334982685185,0.1111706266422,0.1557715714586,0.1229670011765,-0.1373449189510,0.2911664268873,-0.0440858106028,0.2566841169338,0.0311211438229,0.1891954887475,0.3147550799909,0.7138737085051,0.4431537894830,0.3053119359580,0.4739561547004,0.3194039910790,0.0394770921729,0.1214981906768,0.1037042724517,0.1610754157410,0.5058732420151,-0.0073865106300,0.4738655992299,0.4708780120897,0.2479477444305,0.5261022301598,0.2058164982137,0.3079755082964,0.0105536424018,0.1224141979046,-0.2614236227891,-0.0508402889829,0.5467937655711,0.1005420776038,0.2283504165092,-0.3084133596334,-0.2431653758655,-0.1107904778132,-0.2658180954021,0.0222963202274,0.2611207274962,-0.0389462597862,-0.2334438562928,0.0018873766641,-0.2820346201829,-0.2756933554822,-0.2461910784282,0.0530498826771,0.0305970758662,0.1180965480490,0.0206908287368,0.2205967694406,0.4207845432818
0.1031842189508,-0.3956590684357,0.1424606890241,0.2611026134659,0.1683448565490,0.1696091769997,0.4137963584698,-0.0041289753474,0.1130519125152,-0.0409482690869,-0.0076509450115,0.0744266016940,0.1283325349751,-0.0511701157887,0.0771378158791,0.4257433803297,0.3376350113022,-0.0364981521361,1.0000000000000,0.4757011671660,0.4603459455936,-0.1860908098538,0.0848933827798,0.6044101665554,0.2751442778872,0.2704136862075,0.4178245724439,-0.2737806289535,-0.4380248005563,-0.2803077118892,0.5430700517945,0.2566630008074,0.2387577116256,0.4530892281876,0.2368959767627,0.6894565355031,0.2449811478244,0.2443355281217,0.2077454779491,0.2156793293588,-0.0469098352012,0.0270409289385,0.6399974777112,0.2696531695824,-0.0591153739855,0.0855509248155,0.1083592642173,0.1235389139494,-0.2388934664864,0.1969391560419,-0.1774931228400,-0.1203578910969,0.2152095766037,0.2305079168409,0.0242888306449,0.4186085483898,0.1354033399442,-0.0668494654196,0.2441054191379,0.2963600689233,-0.1433606753672,-0.0595476806376,0.1362833721607,0.1976086733640,-0.2324648451061,0.1583641383562,0.7158322799010,0.2416855897360,0.8498485273483,0.4726234815329,0.1288782245194,0.0476139868767,0.4021053416957,0.3014935057753,0.2906763177500,0.1068996850013,0.3739072632361,-0.2734796704296,-0.5359571561483,0.3890281811052,0.1539261056417,0.0475738951054,-0.3431421003350,0.5020495648369,-0.1948470859747,0.1548047933576,0.2901819669070,0.5535710181081,0.3909092942913,0.1909020463971,0.1810581425132,0.0990874457897,0.2265592802887,-0.1706208449066,-0.0929730872327,0.0437962189378,-0.4402925336061,-0.2196008620754,-0.1132019048298,0.0393834413828
0.0705490961083,-0.0921652903214,0.1561840392154,0.1738369653740,0.1389847915988,0.1782116152721,0.0718820912815,0.4789082953474,0.4350175872222,0.0518053254708,0.2009590335809,0.1599409816820,0.3177286041361,0.0458517603770,0.0503075539833,0.5526586591176,0.4756758553277,0.4644989370421,0.4757011671660,1.0000000000000,0.3052414233535,-0.0945777139347,0.1780393813692,0.4685968710103,0.6025862014598,0.3513956443237,0.5000778915579,-0.2091517424404,-0.2211576102116,-0.2046001118675,0.3383040631118,0.2820630526394,0.3905360218953,0.0859436963732,0.1980378851698,0.4723291940216,0.0797611982695,0.4976458104532,0.0385116495305,0.1104186805610,0.0767228134512,0.0675637420409,0.2159753434015,0.2349538331031,0.1426390836092,0.0898006990120,-0.0257049693886,0.0002272394284,-0.1093754314272,0.0421783101342,-0.1061120250626,-0.0353516146892,0.1386087059294,0.1422259083559,0.0186251169147,0.0853387727247,0.3950014875612,0.3809949487229,0.5129195056512,0.4718460981264,-0.1078498349590,0.1351473446442,0.1278471713847,0.2182924223380,-0.1340574349990,-0.0476806081534,0.4569128861469,0.3742178012863,0.3917327834267,0.7793664811213,0.1656298099061,-0.0576432009429,0.4597735779054,0.5807349975435,0.1522292003698,0.0634919737934,0.4640343722214,-0.3679729459330,-0.3536997190696,0.4043911896059,0.0289239275598,0.0855301018086,-0.4083631634267,0.1012945992770,-0.0878506604235,-0.2204070236575,0.0637675056650,0.3342211859045,-0.0256881789932,0.1696341534110,-0.0720582829007,-0.1450396247058,0.0651832850759,-0.3060744987743,-0.2618366766918,-0.0143186038250,-0.2902968775156,-0.1824695458502,-0.0771778479641,-0.0101427748667
0.1101779992855,-0.2860025979155,-0.0453891822713,0.3885095030816,0.0995142907211,0.1968917642644,0.4228082429454,-0.0289896637680,0.1813711918760,0.2526447922873,0.2448886575260,0.3558412580604,0.3175516697311,0.1278040832401,0.2819141506127,0.4731106428235,0.6803069643106,0.3899435914137,0.4603459455936,0.3052414233535,1.0000000000000,-0.0206606481285,0.2828226769297,0.7179925220896,0.1517625612053,0.2189844230142,0.2833821137627,-0.2460844645639,-0.3563505805235,-0.3900683255786,0.6595145162761,0.3074363288779,0.4127508982343,-0.0770245616466,0.5093079973974,0.4647166406881,0.3871308329852,0.1312529022164,0.3717692200155,-0.1198784371733,-0.2130364382294,0.1941484986409,0.3287928180127,-0.0741328457599,-0.1232614199241,-0.0182338313580,0.0060566657792,0.1286349403518,-0.0964998179813,0.4646994242218,-0.0480973950044,-0.1635578503953,0.3644884788391,0.1948391191022,0.2654859998392,0.3608481319725,0.2179810944952,-0.1087157913434,0.3667727763592,0.2300080681623,0.0900674004520,0.2301380350869,0.2832982397926,0.1842140360847,-0.0912137536951,0.2502177044566,0.4563678249195,0.3751064662990,0.4044645900129,0.4137434305769,0.4924890662052,0.2988590034636,0.5749682202318,0.2414977319451,0.5724815604009,0.1274155261214,0.3416019011841,-0.2222341431931,-0.2950488804594,0.6072766063842,0.2310172805835,0.2844085735137,-0.3683606999030,0.2061929434813,-0.1271540414949,-0.0395183113315,0.3399867018900,0.6007788820142,0.4574806114211,-0.0690069572508,0.2946639372729,-0.1911156911037,-0.0766582777848,-0.1521899257636,0.0815813905679,0.0951643064049,-0.1469797546235,-0.0992895546427,0.1070062385838,0.4516824247221
0.0665084767137,0.2199286931462,-0.0585466859638,0.0418057698239,0.0719353215618,0.0823799677244,-0.0903093864951,0.1244338785520,0.1503205515238,0.5034852480825,0.2208770625511,0.2771103055151,-0.0752001551856,0.3133241237623,0.1088571004910,-0.0515341074902,-0.0081835627619,0.1615888198566,-0.1860908098538,-0.0945777139347,-0.0206606481285,1.0000000000000,0.4183369504358,-0.0421299215233,-0.0736115278877,-0.1364499898461,-0.1977560579141,0.1246662128822,0.2496793186261,0.1864085319656,-0.1645612818517,-0.0831996899506,-0.1553336333170,-0.2381580505701,0.0220593355035,0.0090893847808,0.0243053947358,-0.1723377025524,-0.0345325465660,-0.1806362273980,0.3476795021499,0.2309968681338,-0.3787206503888,-0.3443647718797,-0.1472381365685,0.3658762215228,0.0371233516455,-0.0613962286062,0.3593788664770,0.0465255474291,0.1459174791115,-0.0249586694982,-0.0551189517873,-0.0616447599883,0.1864132856284,-0.2153974354611,-0.0361132854662,0.0761388154723,0.0535725285745,0.0674447941269,0.5276661628669,0.3184210827903,0.2207771493011,0.0131517831567,0.0714846513698,-0.0334241149693,-0.2902558414984,0.0737174980392,-0.1158086795830,-0.0749060312391,0.1694267709452,0.4047632788250,0.1021646464998,0.0088155575665,0.0768989068079,-0.2648141351795,-0.1259748840767,-0.0058086649056,0.0831836447257,0.0066583630453,-0.0392883758084,0.0579547575579,0.0552977239428,-0.3892419108501,-0.1792841356135,-0.1772454619645,-0.0555616403480,-0.1771427892447,-0.2162175671286,-0.2266710837002,0.0086146955704,-0.1719510252155,-0.3433433060510,-0.0459567176980,0.0513736302832,0.1000670754943,0.2771402601563,0.3338594045226,0.1591697419304,0.2775161156055
0.1667569288264,-0.1626462111415,-0.0464187725645,0.0193202457072,0.1568922872087,0.0316395955013,-0.0142911400320,0.2392705482310,0.4013666237362,0.2462434521018,0.5892947257528,0.6473096774172,0.1026823230565,0.2010929621696,-0.0753768849118,0.2376078683829,0.1386173413547,0.2967418866708,0.0848933827798,0.1780393813692,0.2828226769297,0.4183369504358,1.0000000000000,0.2404021436718,0.1907675114522,0.4278121956425,0.2812828648836,-0.2700997102486,-0.1537471550724,-0.2578359920758,0.0145036105228,0.5802374980418,0.2605261815453,-0.0564504644086,0.3246741003896,0.2628825383612,0.2171155927235,0.0844558040157,0.0492304453459,0.1105777374744,-0.0290023420879,0.1263536957270,-0.1090931818957,-0.0240829753266,-0.0244909901921,0.2416058215668,0.1903398352078,0.0277001635505,-0.1226736745138,-0.0216960755562,-0.0665273723665,-0.2404629444117,0.0672844195766,-0.0251671777152,0.0003736743642,-0.0013645880272,0.2016392892881,0.1682787587791,0.2943745252405,0.3575548934536,0.1492342819634,0.5089685412480,0.3829156003338,0.0932705463523,-0.1675191315097,-0.0648095136728,0.0846705558302,0.1563641039408,0.1255586883966,0.2239627772444,0.3141300029583,0.6027856118833,0.3641112104111,0.2796219979521,0.2733721986232,0.0602725552716,0.3770181181434,-0.3015895905652,-0.1661674639478,0.1093052978444,0.3770908958026,0.2137447276774,-0.3610386818273,-0.1407099999254,-0.1622271534759,-0.1176812109166,0.1451772166415,0.1699768901667,-0.0123083659594,-0.2364691401924,0.0251397414868,-0.0082392245371,-0.0588228558281,-0.1318906856182,0.0953355152078,0.1449549239225,-0.0742391589038,-0.1057634174961,0.0035810898967,0.2715720094182
0.2000427056365,-0.3750263354840,0.0019791381744,0.4349564464604,0.1990795060294,0.2705405335591,0.5141281036477,-0.0013520759718,0.2573278109741,0.2037500362107,0.2016009085206,0.2239685147021,0.2284992171147,0.1036497913872,0.2465699248147,0.4826994177781,0.6540930184609,0.4070053588676,0.6044101665554,0.4685968710103,0.7179925220896,-0.0421299215233,0.2404021436718,1.0000000000000,0.2386172745586,0.2552058023840,0.4174877832869,-0.2881347598607,-0.4531792242538,-0.5022077957715,0.7130528725534,0.2155428588283,0.3199228529909,0.1154974907682,0.4069440295337,0.5745480480667,0.5173747467196,0.3142585643742,0.4324258983591,0.1135604698045,-0.1854211066870,0.1528957521293,0.4465974012949,0.0790994464906,-0.1299328002214,0.0738667449611,-0.0246435630703,0.2696387562540,-0.0207204786722,0.3489834288149,-0.0140214188245,-0.1876343289953,0.3659087574235,0.2280881472512,0.2900347590157,0.4552548368533,0.2261998883556,-0.0702483120450,0.4529607797518,0.3568482630243,0.1156145847177,0.2292175184310,0.2922215367149,0.1419098435788,-0.1334796985607,0.3282717214972,0.5703086710121,0.4854095588789,0.5390281872917,0.5763403009811,0.3676424999320,0.2925144937437,0.7888230627607,0.2789556801541,0.4256736408365,0.0775621234205,0.4603485165101,-0.3030392039463,-0.4747122659697,0.6933489479671,0.1659003433106,0.1559300762524,-0.4207027112712,0.3717834128162,-0.1908402373668,-0.0379743451264,0.5326969299260,0.6778622096174,0.4332287276751,0.0530610472855,0.3799531555228,0.0099107155944,0.0431247855134,-0.1904618724609,-0.0056087327369,0.2407557215687,-0.2168222895521,-0.1001387993348,0.1732833870084,0.3841393687495
