1.0000000000000,0.1838254479716,0.4987603787523,0.3909541212403,0.7464709557172,0.4102399110319,0.1896114111216,0.2163193464144,0.3531662956153,0.3124356537371,0.4392473111723,0.3542707029905,0.1475449271472,0.3724871658625,0.5389958426332,0.3468720807346,0.1416739185460,0.2994937077241,0.4013349941805,0.2895965358385,0.3723503289897,0.2704347552798,0.3925636425852,0.3271650156035,0.1782414601005,0.3534741290251,0.3401464113723,-0.1760563636682,-0.0622906458159,-0.2981214332262,0.4306178925534,0.3639373516448,0.1366826723242,0.2166841114516,0.3128591789475,0.3420434260670,0.3384555931955,0.2380887102869,0.2661023437053,0.2476438538012,0.1483918488479,0.3381492608560,0.4401774136283,0.1910726762973,0.2750689055944,0.0802484743423,0.2645119347998,0.3787157174803,0.2444069123544,0.3444591269281,0.6637179438529,0.4956329297650,0.2784349590159,0.3758261251333,0.3478518953310,0.2206117189508,0.0469436354726,0.0799200530712,0.3087039695190,0.2858347433932,0.1013777365198,0.2775401486868,-0.0966964290634,-0.1704793340905,0.3226010834200,0.0468178454613,0.1349662193295,0.0169136489767,0.3263669406561,0.1954359793046,-0.1329203118110,0.2562444364782,0.2708078965213,0.2730386285533,-0.0252138056306,0.0320943800253,0.2048822339644,-0.1807670573046,-0.1403437250189,0.1432078027979,0.0592815439240,-0.0296570722420,-0.0101492666432,0.0532796363109,-0.0565802696701,0.0134756636362,0.1400746325862,0.3163475148357,0.0499011840192,0.1120670390241,0.1890515088574,0.0555745914977,0.1568018559363,-0.1487174147996,-0.2519671578994,0.2753554074900,0.1482421954044,-0.0883219919341,0.0740013722693,0.0555817418621
0.1838254479716,1.0000000000000,0.2659322121744,0.3128028164017,0.0159481592720,0.1050835104724,0.4231810643250,-0.0858883570113,0.0167299041154,0.2376336982838,-0.2467524131523,-0.0502504783360,-0.1698905284395,0.6837243447693,0.2937852813112,0.1372043632058,-0.0968752018479,-0.3122625169932,-0.0136214055544,-0.2974722842528,0.1036206277035,0.2216690827834,-0.1542348347593,-0.1857636508518,0.2317350252830,-0.1590109006711,-0.3253638947128,0.1140987811774,0.3376557059467,0.4401486628609,0.0239547865175,-0.1165293603246,-0.1686380412231,0.0397514269147,0.4437466828869,0.3125865134440,0.1061892867187,-0.2093610415098,0.2368582502585,-0.1473567423945,0.3514006611729,0.1344617016464,-0.0313054923694,0.0531745577858,-0.1189220349566,-0.0020510244116,0.1112533714651,0.0818885865402,0.1852949609958,0.2888980655234,0.0198919635749,0.3886437309890,0.2105925084084,0.2579457814958,-0.0056125357212,0.3039350644088,-0.2951758442196,-0.1249632870480,-0.1441739096365,-0.0277571856397,0.1248671265053,-0.2637312685331,-0.1699362254598,-0.1881326967941,0.3291770290294,0.2271462655572,0.2298171309295,-0.3051473286163,0.0476807046883,-0.2727887333892,-0.1852772757814,-0.1094659292480,-0.3234281500124,0.1803834947384,-0.3459140542673,-0.0202722172296,-0.3662863649399,0.0395155723863,0.3763610137065,-0.0821741676060,-0.1073849598592,-0.2020666044554,0.0599697461269,-0.0940995942491,-0.2459961363886,0.0274587585528,0.0820785174114,0.3997253796832,-0.0064937291410,-0.1391042317732,0.1632586004861,-0.2713423887261,0.1291037530661,-0.0898531637602,0.0083143869539,-0.0659960265304,0.1505514388519,0.1200871856850,-0.1958406366011,-0.1969961701085
0.4987603787523,0.2659322121744,1.0000000000000,0.6358586554469,0.5371470540710,0.7599314486934,0.6564595450873,0.3796862689261,0.4279956666953,0.6207742860787,0.2212860674592,0.5030988827848,0.2937225943011,0.5261673026136,0.5659265284890,0.3034394318847,0.3164607615268,0.3041678351831,0.2410176964460,0.1358670936924,0.1654478089958,0.3760344847584,0.1226279305575,0.4310458524956,0.1073556672363,0.0356158707866,0.0847259161537,-0.1497454125795,0.0200221010108,-0.1498020749073,0.2834242345344,0.1510672104312,0.2023613335923,-0.0817999943980,0.2974045161038,0.2828268645493,0.1869062223287,-0.1260663842708,0.2240548539582,-0.0255681099433,0.2088989847807,0.2123762767935,-0.0064555989073,-0.1327902070628,-0.0684764130341,-0.0504586517798,0.1428465058231,0.3811892138468,0.1220988615935,0.3099093711307,0.4993360892532,0.8007869121694,0.4807701928087,0.8039373846721,0.5624431869344,0.6273370743054,-0.0054920132400,0.2948034223086,0.4613479363052,0.4269295336207,0.5826034404163,0.3088704305305,0.2764756658631,0.1325656744324,0.3305825537573,0.1653869582585,0.2733089602637,0.2334004203153,0.3756316806520,0.1443984081890,0.1512670224248,0.2443351137217,0.4017701136673,0.2910315121279,-0.1802159802926,-0.2376624969488,-0.0493780380703,-0.1992931797170,-0.0560363726304,0.2565102806567,-0.0979546334771,0.0601310864657,-0.2033121695498,-0.2219625390920,-0.4019767223855,-0.1916133924540,0.0809736880905,0.5278839858832,-0.2246750291388,-0.2739162088190,0.1603485902251,-0.2227600600548,-0.1411709145993,-0.2299387981414,-0.1746030513725,0.2846772389827,0.0899962606289,0.2743472615925,0.2454934271910,0.2027401983948
0.3909541212403,0.3128028164017,0.6358586554469,1.0000000000000,0.5207625525359,0.5676725531496,0.8187674455823,0.3689349091864,0.3996270667468,0.6407002282935,0.3525156425721,0.4290183500090,0.3934839274818,0.5543151269519,0.7707454619619,0.6653097195816,0.4865448377552,0.3648644352715,0.3599730461313,0.3216203490924,0.3508041593328,0.3432736415972,0.1168924760089,0.5730222080025,-0.0121466919403,0.1216254289768,0.1641266262931,-0.1304166986316,-0.0602390670441,-0.1231843394011,0.5005969585837,0.2546201074989,0.3412927048461,0.0660434497734,0.4522441956146,0.3575721144745,0.3680836746816,0.0852349860572,0.3965203568679,0.0550183586477,0.2894932269037,0.3832194589562,0.1625829040083,-0.0278167286372,0.0870268033727,0.1212643904260,0.3128930163918,0.3713049270925,0.1991846288080,0.4437386898293,0.3918966353187,0.5337774899542,0.8113795621799,0.5967273608450,0.4978435201081,0.8471752767231,0.1364758375630,0.1732926236772,0.3501073084033,0.4582629039074,0.2524524894946,0.2710358835332,0.0735893806058,0.1055831016327,0.2508309834146,0.3297127168737,0.6060998958961,0.2389896086711,0.4434229770327,0.2036834895872,0.0361845250306,0.1255906229276,0.4287636667374,0.1001472545181,-0.0260523441719,-0.1823571190891,0.0151334200774,-0.1203710272397,-0.1623954473917,0.4667379869330,-0.0722000438245,0.0544589915282,-0.2054623335016,0.1379655720366,-0.2747419294316,-0.1597646324634,0.1802546784924,0.5331379729295,0.0263172160821,-0.2205728470296,0.3164251350575,-0.1385119293798,-0.0525842932307,-0.0885386532142,-0.2175763178775,0.3158032898464,0.0493526235849,-0.0294006357265,0.1028836122061,0.1074525161995
0.7464709557172,0.0159481592720,0.5371470540710,0.5207625525359,1.0000000000000,0.6715018021710,0.3358568170134,0.3944232707906,0.4358976356355,0.5751535342918,0.6850380079437,0.6078917155869,0.3954340617282,0.3467318985508,0.6809136670227,0.4640350083292,0.4111510786413,0.4626778135024,0.4374187811604,0.4053842635820,0.4158225116947,0.4840035899350,0.3513385275169,0.5303321035388,0.0120667224915,0.2657914676485,0.3137651943228,-0.2850169282457,0.0652089487389,-0.3687673371586,0.5017834941577,0.3455127028901,0.3609791330365,-0.0109078749587,0.2100435841263,0.2286320766721,0.4579480494736,0.1902415366316,0.3053223597261,0.0840616421642,0.2170400884568,0.3270925030059,0.3423051508758,0.0042132059675,0.1992608619860,-0.0160134503075,0.1865418717837,0.6242558728115,0.4207278151945,0.3733750888137,0.7054291637391,0.4183894164911,0.4508209068017,0.6383932714400,0.7223664815812,0.3861642444386,0.1576281619198,0.2422662671253,0.4349665890217,0.4164504761706,0.2684782558381,0.6017213089083,0.2031085255982,0.0206677367397,0.2926436087109,0.2191350439361,0.2583175091372,0.2890331975251,0.3689934116917,0.2942962428317,0.1039644495185,0.4259626234453,0.4732238179326,0.1828489789087,0.1092087285941,-0.1422132541564,0.0890954492700,-0.2742765308397,-0.1136759384954,0.3492244834440,-0.1325807197881,0.1188586158977,-0.0874942145813,0.0568961239497,-0.1569576032829,-0.3099142570704,0.2401675963574,0.3401255301894,0.0836589803133,-0.0455983262200,0.3021620185568,-0.1873475341254,-0.0192107977649,-0.2131996601135,-0.3770743079606,0.5427515434461,0.3141025617941,-0.0186821636248,0.1041854122181,0.2303696072080
0.4102399110319,0.1050835104724,0.7599314486934,0.5676725531496,0.6715018021710,1.0000000000000,0.6737998418836,0.3669192231547,0.3978214450438,0.6858230072094,0.3930778187361,0.6172038514873,0.5676534248290,0.4737629033828,0.5743631563410,0.1991855220029,0.4711798931926,0.3813339367096,0.1049682034256,0.1495429988445,0.0962690937750,0.5137418894726,0.0361619769777,0.5746848381448,-0.0416915635957,-0.1236505835660,-0.0155108035809,-0.3922487415049,0.1490874521157,-0.2103921074644,0.2792781875312,-0.0111961969268,0.3192089508104,-0.3752982311978,0.1531566234356,0.1384727310516,0.3117366765618,-0.2449408961592,0.2443289630736,-0.3015883320724,0.1800911565344,0.0960301812944,-0.1236397259142,-0.3932814293457,-0.1860273291556,-0.2281765391195,-0.1167159022483,0.6325384583555,0.3427745197140,0.1972936952271,0.6963191559956,0.7278419627751,0.5679367753492,0.9383545405779,0.9053657320473,0.7142603298902,0.1945053983898,0.2895002818514,0.5000125620228,0.3703648327703,0.6781511159475,0.6450921543867,0.5023734156364,0.4170565261519,0.5362960852599,0.2819492361260,0.1938121871541,0.4909589806290,0.2886539628598,0.1499018290054,0.3913753304014,0.3319646161551,0.5589869358679,0.1557510303490,-0.0645972633060,-0.3222467133041,-0.1919092368335,-0.4267744961080,0.1055805451587,0.4936154034746,-0.3424751375055,0.1950755614850,-0.2857505819942,-0.2908812344028,-0.4580460267475,-0.5092843393707,0.2245653099819,0.4792602188168,-0.0454420077734,-0.4088059756182,0.3387060895885,-0.5199429456848,-0.3530895453383,-0.4006330830699,-0.2384091699811,0.5701961848416,0.3425380120940,0.3951495652900,0.4038279393943,0.4860583255899
0.1896114111216,0.4231810643250,0.6564595450873,0.8187674455823,0.3358568170134,0.6737998418836,1.0000000000000,0.2620574554667,0.3556845236175,0.6277556618239,0.0307850750974,0.3777813826487,0.4039800278374,0.5447010798247,0.5861704892672,0.4687181019436,0.3976640892679,0.1457594744848,0.1172764442918,0.1357692387108,0.1903019633433,0.3427814971496,-0.0768702145197,0.4529613065910,0.0863405616371,-0.0809610368864,-0.0639605748180,-0.2209645417646,0.0143045695520,-0.0719979319049,0.3615731162158,0.0682883454941,0.2659285325103,-0.1070565640286,0.5451020398414,0.4415498211086,0.2576189121898,-0.1378055649714,0.3781251790047,-0.1697484944460,0.2215445611329,0.1573950037812,-0.0349870040951,-0.1756775923246,-0.1325435287078,-0.0530306315995,0.1319768336039,0.3085114656415,0.0999627451435,0.3475447996953,0.3367358224199,0.5876166029499,0.6639802506663,0.7087263179629,0.5419431260245,0.9217730170385,0.0534429748254,0.1569812358610,0.3101355090228,0.3622408618371,0.5152784788460,0.1646402945770,0.2464524036928,0.2605914107069,0.3448224705214,0.3862930955710,0.5667866305281,0.2106278216213,0.3859688704196,0.0981892855520,0.1623731209655,0.0584641377538,0.3224797645302,0.1889316901235,-0.1385587987693,-0.2145645004634,-0.1809821582495,-0.2734367279530,0.0262561097184,0.4497710193319,-0.1435470437330,0.0918208331194,-0.2672361981485,-0.0196190433319,-0.4330130390617,-0.2052367337597,0.1625864598443,0.7113903842133,0.0016815753872,-0.3704472942148,0.3170484849109,-0.3683227736183,-0.1482310542254,-0.2275029252853,-0.1019223192481,0.2110188963467,0.0234914577341,0.2558400455398,0.1784341708286,0.2504036369846
0.2163193464144,-0.0858883570113,0.3796862689261,0.3689349091864,0.3944232707906,0.3669192231547,0.2620574554667,1.0000000000000,0.7924247844176,0.3912145210313,0.3591726431688,0.5756036343428,0.5719255287750,0.0847426658815,0.5060430689390,0.5295308887301,0.6555545802115,0.7655920913511,0.6821103156056,0.6750164283886,0.3560455503926,0.1943299955662,0.2527279685357,0.5552301909294,0.3348452561291,0.3893556899412,0.4572251345205,-0.1629619896449,-0.2623067073500,-0.1679713368719,0.5883654357857,0.3945792657922,0.5398899685810,0.1523351053798,0.1272287261345,0.2320069139128,0.0696777212530,0.3715439438689,-0.1353553417083,0.2020764290710,0.0046409448521,0.1595052649522,0.2636281233273,0.1944644888785,0.3352492204035,0.0873698356829,0.2550710566362,0.0167239823269,-0.0831186109627,-0.0300070530636,0.0548584524001,0.0900631686492,0.1148192228537,0.3089833833657,0.2769366472142,0.2693871874707,0.5041296624749,0.7798915739515,0.8070854649253,0.7959605714339,0.3552658782670,0.3531880987813,0.2834287573791,0.1915197192059,-0.0479945824501,-0.1282976404766,0.4149408560121,0.5281122955143,0.6847586331899,0.7097617711359,0.3202953011569,0.2033198365710,0.5956556784565,0.5522971796304,0.3454382836111,0.1365200488311,0.3796040460948,-0.0837972115400,-0.2511677594667,0.4054769153958,0.1106767231686,0.3743543490479,-0.1589328388232,0.0318080249085,0.0965873611664,0.0305826262453,-0.1485025323574,0.2290637038538,-0.3115211303987,0.2581263461011,-0.2046744630985,0.0870433295455,0.2168673651317,-0.1743637829852,-0.3148742646411,0.0668059730479,-0.1779162556661,-0.0055788377460,-0.0568763277353,0.0358926240504
0.3531662956153,0.0167299041154,0.4279956666953,0.3996270667468,0.4358976356355,0.3978214450438,0.3556845236175,0.7924247844176,1.0000000000000,0.3943739010978,0.2756007286582,0.5159110399547,0.5176776188613,0.1261448489618,0.4947534411117,0.5771063201833,0.5390132643364,0.5884270170567,0.7216090462687,0.6775601552315,0.3705966215874,0.1384008658853,0.2111599489343,0.5643478511123,0.5812891526170,0.3685555025978,0.4367054456612,-0.1915888872636,-0.2912388343749,-0.2654259979472,0.6000515684417,0.3658697401026,0.4354028334656,0.1249668806452,0.2896569190339,0.4754472957990,0.0918613804927,0.3849627962610,-0.0341673941650,0.1726427834246,-0.0291889507316,0.1805693759245,0.3623486061813,0.2855995391463,0.3178933701967,-0.0087836007653,0.2628969813975,0.0097617124497,-0.1475902480707,0.0485207587611,0.1859737906240,0.2048651340591,0.1047411640334,0.3439138733955,0.2945460361982,0.3541177192556,0.4312729831509,0.6448958963354,0.8022213634023,0.9209870577662,0.3746820697538,0.3046367525657,0.2352790077159,0.1931427893392,0.0570029183349,-0.0440041410248,0.5069682191152,0.4190230946735,0.8061278259897,0.6929220971644,0.2560870430202,0.1376880580612,0.5673495602242,0.6644780763686,0.3295466026535,0.1885598099525,0.4077772851985,-0.1882927128011,-0.2764855628709,0.3578320807612,0.1952358218248,0.3594160574002,-0.2072271684869,0.1385354095092,0.1267512766222,0.0454429801439,-0.1127038745358,0.3749095186698,-0.1885726385220,0.2916371876001,-0.1102893349657,0.0275055349539,0.3200087575598,-0.2066243136521,-0.2943787073337,0.0197402739598,-0.2244030359630,0.0336040797232,-0.0251640280647,0.0790142237719
0.3124356537371,0.2376336982838,0.6207742860787,0.6407002282935,0.5751535342918,0.6858230072094,0.6277556618239,0.3912145210313,0.3943739010978,1.0000000000000,0.4642778663231,0.7148577515917,0.4875409623758,0.6040290839187,0.6757844191815,0.3592994344973,0.5557559153429,0.4121556476662,0.1502506949840,0.2804827090561,0.3115261905011,0.7439289363617,0.1617200108016,0.6222810438461,0.0400777079538,0.0298180877622,0.1403244573987,-0.2794497626101,0.1834068912686,-0.0458695839558,0.4005908810829,0.2261988701854,0.4602591245133,-0.0242751828057,0.2237307189068,0.1209908297683,0.4988713090000,-0.0875441931087,0.3494408989740,-0.0469774870902,0.5051915533767,0.4320630520464,-0.0369833403710,-0.2216721201222,-0.0302055801155,0.1724451485157,0.2796788323784,0.4734612219353,0.3908315150608,0.4364096545744,0.4054433597906,0.4985129633189,0.5411062985368,0.6624670804917,0.5993713126591,0.6067795107582,0.1025443828202,0.2547063855461,0.3489862880705,0.4167049831191,0.5728739176786,0.5202344925061,0.3719543010855,0.2175741465488,0.3350067932372,0.2582943852543,0.2728166645717,0.3607786362238,0.2434409444646,0.1865086400169,0.2097015216253,0.4109611967411,0.5589307171747,0.1655022768375,-0.0770800957883,-0.3418159738955,-0.0479301454557,-0.2298514969276,0.0444129742321,0.4469172041609,-0.2391203469700,0.1792482849910,-0.1831364603304,-0.1339473117886,-0.4203652224591,-0.3151738032012,0.3574300658540,0.3996483738221,-0.0386584039350,-0.3474375255582,0.3782261855110,-0.3020240473109,-0.2530386412083,-0.1174763766463,-0.2196576335119,0.3904267106781,0.2502806331764,0.2486314914303,0.3327700497725,0.2772298633311
0.4392473111723,-0.2467524131523,0.2212860674592,0.3525156425721,0.6850380079437,0.3930778187361,0.0307850750974,0.3591726431688,0.2756007286582,0.4642778663231,1.0000000000000,0.6612888054708,0.4195706584747,0.1318924380408,0.5560887361846,0.3824922281157,0.5232107965900,0.6357502827569,0.3472205975748,0.5139701610744,0.4911864591526,0.4784911003150,0.5928130076956,0.6356844322654,-0.1987783885343,0.4366884955591,0.5390659500798,-0.2436504800721,0.0375962146149,-0.2259168809873,0.5436921723435,0.4935787470479,0.5552111603835,0.1304496269385,0.0161279139528,-0.0209762040889,0.5712423753527,0.3479907745884,0.3205168416366,0.2616062671083,0.2169753384242,0.4358561434691,0.3279142633175,0.0536100206898,0.3602604597389,0.2868232303555,0.2437607798115,0.5488586574672,0.3934752228800,0.2999733880401,0.3941242871004,0.1312464993688,0.3832542234806,0.3242758270057,0.4907884061499,0.1257084627173,0.1776985261305,0.0914952584684,0.2454111959147,0.2589042366571,-0.0168067893873,0.7320641481274,0.1351076385217,-0.0158418865523,0.0636691900288,0.0887497728489,0.0641279105184,0.3729174663893,0.1469321376937,0.3055742147883,0.0727248641944,0.5531769890427,0.5560435864274,-0.0449598014968,0.2216971456919,-0.0672776508491,0.3517352520275,-0.1396285205049,-0.1893326506848,0.4019540220225,-0.0519849111298,0.1469714028654,-0.0312112103577,0.1043326664429,-0.0131516021704,-0.2333750767397,0.3498180390243,0.0324720725827,0.1369526249711,0.0536145607350,0.3406624623484,0.0769103318769,-0.0432009258149,0.0450067285768,-0.4130622759096,0.5288961516588,0.2801908272612,-0.2185189341162,0.0681071459394,0.1128314957174
0.3542707029905,-0.0502504783360,0.5030988827848,0.4290183500090,0.6078917155869,0.6172038514873,0.3777813826487,0.5756036343428,0.5159110399547,0.7148577515917,0.6612888054708,1.0000000000000,0.6799721316725,0.2783903356093,0.6622099314354,0.3920416980678,0.7210080900383,0.6393346984098,0.3475988410626,0.4651496249808,0.5099849147791,0.5620421826915,0.5566276293406,0.6715615853657,0.0928197427350,0.3709152220718,0.4437526586454,-0.3737112978365,-0.0414035374183,-0.2779284620934,0.5286574347155,0.4718658646567,0.6514120629547,0.1078938471781,0.1417557743662,0.2105625282350,0.3153230368867,0.1250844846821,0.1093948624412,0.1800622305267,0.1279549523225,0.2816163874191,0.1436502472840,-0.0493290449031,0.1071490372812,0.0970052075138,0.2131339323008,0.3250813028274,0.1001652922587,0.2322253692330,0.3242218170270,0.3015109676345,0.3012240854173,0.5445294689078,0.5176142527529,0.3552290682029,0.2489100244273,0.3738734864168,0.5444410236042,0.4728253889006,0.5148460841017,0.6336856559379,0.5391567741207,0.2103300683240,0.1595811570080,0.0209279507063,0.1885051002886,0.5126460332970,0.3817872409935,0.4144126066270,0.3712536582400,0.5954982261890,0.6715089549352,0.3425629106789,0.1449008387431,-0.0158756392910,0.2611974520194,-0.3078098769512,-0.1437439460684,0.4582662009705,-0.0433571424329,0.3091147776747,-0.2575191026752,-0.1593593356891,-0.3072130322130,-0.1529352030324,0.0975536279365,0.3002311400828,-0.1943544958783,-0.0843322696225,0.0784000563524,-0.0331849009461,-0.0517074241682,-0.2805338075635,-0.3592758708687,0.2498098317548,0.0074969048093,0.0742430768803,0.1543754724765,0.2626589297786
0.1475449271472,-0.1698905284395,0.2937225943011,0.3934839274818,0.3954340617282,0.5676534248290,0.4039800278374,0.5719255287750,0.5176776188613,0.4875409623758,0.4195706584747,0.6799721316725,1.0000000000000,0.1477890773202,0.4960433667964,0.3065513841506,0.8185893661128,0.5478338046784,0.2493753510359,0.4696166996569,0.2505586082002,0.2624652760833,0.1746438232837,0.6171893437647,0.1415855263181,0.2135552663818,0.3234185172481,-0.4251523696559,-0.1960857276652,-0.2412866043750,0.4142647584921,0.2549205576021,0.7061025867097,-0.0454463502049,-0.0013845439570,0.1277364515056,0.1293189742825,0.1392454898836,-0.1041469053063,-0.0654796696015,-0.1090421161326,0.1751728716869,0.0340991214115,-0.0482213765748,0.1698262154380,-0.0949497843875,-0.0133029590124,0.1407430002736,0.0024351112531,-0.0361741796691,0.2828557630316,0.1870127004873,0.2651911464293,0.4509460324198,0.5296573018682,0.4406951197723,0.5714466397714,0.4014539743557,0.5567518838467,0.4660573359238,0.4620107373683,0.5104245134779,0.5761496135434,0.6416614404028,0.1941760521680,-0.0583009583774,0.2067911015961,0.6973235109494,0.3486928673218,0.4324955117478,0.4804005449767,0.2424601745144,0.5953202500928,0.3189876835426,0.1482307404189,0.1010667619646,0.2367343249223,-0.3560967646929,-0.1370805039207,0.5371851863705,-0.0567431753844,0.5371653415604,-0.3619676296922,-0.1812912181410,-0.0656691289125,-0.2091831404940,-0.0282985013280,0.1815044518821,-0.1837674314885,-0.0248701770571,-0.0358914571299,-0.1623233745843,-0.0148356044441,-0.3910104850404,-0.3014161570553,0.1828001674440,-0.0373946111995,0.1370646412674,0.1658523409716,0.3220494421256
0.3724871658625,0.6837243447693,0.5261673026136,0.5543151269519,0.3467318985508,0.4737629033828,0.5447010798247,0.0847426658815,0.1261448489618,0.6040290839187,0.1318924380408,0.2783903356093,0.1477890773202,1.0000000000000,0.5793129951383,0.1728631284249,0.2156226571252,0.0319630897158,-0.0023101341962,-0.1024286706973,0.1198537194495,0.4851490797285,-0.0830117397678,0.2296408956168,-0.0136091336924,-0.1868706073904,-0.2105404646108,0.0076210158350,0.3660602529687,0.4177857474100,0.1379704719549,-0.0799943843616,0.0546857416337,-0.0658620754354,0.2988682465653,0.1255284290636,0.2891249617679,-0.2866796101319,0.2875907855664,-0.1741835858062,0.5596552822889,0.3593787506087,-0.1295297861205,-0.2145842331346,-0.1774513649500,0.1065627557571,0.1625928630580,0.3980637104272,0.4655757035785,0.4123834623993,0.4185906656798,0.6638169913026,0.5262608484775,0.5439838087902,0.4058995696194,0.5376881991708,-0.1336622754426,-0.0160721173809,0.0634274007257,0.1599377883891,0.3496080786893,0.1952798260660,0.0927859511905,0.0473621165151,0.6181030358069,0.2758090007891,0.1867822436053,0.0126403087207,0.0897706850451,-0.1771452367280,-0.0495347255657,0.1747968642173,0.0731998154460,0.0510967677532,-0.3798947441116,-0.3227690783873,-0.3446705000516,-0.0158760407975,0.3248308726705,0.1487967924010,-0.2689031996770,-0.1382247392647,0.0766991994503,-0.2626671985536,-0.4475682328431,-0.1986189832677,0.2124897044948,0.3723681733932,-0.0476575183067,-0.3977899768885,0.3157831504035,-0.3500649314688,-0.2079306239440,-0.0207028277607,-0.0724270952123,0.2958045017492,0.3920231506507,0.3169979159010,0.1814747263088,0.0379857812117
0.5389958426332,0.2937852813112,0.5659265284890,0.7707454619619,0.6809136670227,0.5743631563410,0.5861704892672,0.5060430689390,0.4947534411117,0.6757844191815,0.5560887361846,0.6622099314354,0.4960433667964,0.5793129951383,1.0000000000000,0.6720286090170,0.6345594961881,0.5195130609716,0.5034793827928,0.4655356572530,0.6359527744846,0.4696956072953,0.3809216170972,0.6127641803368,0.0918267806066,0.3530214543046,0.3612777923255,-0.1973551300007,-0.0637599789385,-0.1740072862238,0.6547437309257,0.4321936285187,0.5295675582955,0.2068964139255,0.4105493993948,0.4316486413344,0.3899407600118,0.2303626152885,0.3100119610877,0.2106166954713,0.2694110575972,0.3899215831839,0.3473071113328,0.0705522389966,0.1893722814814,0.1514760300185,0.3602761484856,0.4123311764658,0.2028081406385,0.4855090017113,0.3669251962715,0.3960273091442,0.5735838256940,0.5516021018488,0.5009077642240,0.5590188623333,0.1404104751328,0.2774908111476,0.4432597597336,0.5108854293041,0.2806270604433,0.4151693002724,0.1532045802700,0.0294670386228,0.2801117823989,0.2818575372847,0.5171328939373,0.2941857413298,0.5239247337062,0.3727822386352,0.1316169068624,0.3655928107748,0.4593298719311,0.3381733202500,0.0647773451626,-0.0397349566204,0.1961801690946,-0.1519224603392,-0.1685543801843,0.4460724250216,-0.0274056664362,0.1313548170934,-0.1606757158494,0.0841809570799,-0.2271807609538,-0.1156294341844,0.1561708624704,0.5304411858001,-0.0091732835248,0.0001539748414,0.1944371582041,-0.0354173318834,0.0788580189174,-0.2081526712703,-0.3907969308380,0.2886397995501,0.0418110405923,-0.1186652058533,-0.0299257685392,0.1226758198852
0.3468720807346,0.1372043632058,0.3034394318847,0.6653097195816,0.4640350083292,0.1991855220029,0.4687181019436,0.5295308887301,0.5771063201833,0.3592994344973,0.3824922281157,0.3920416980678,0.3065513841506,0.1728631284249,0.6720286090170,1.0000000000000,0.4577385996043,0.4672554119736,0.7977446218995,0.6424815421364,0.7142418272053,0.1650843192599,0.4322910252318,0.5025448063231,0.1803199218234,0.5845423201887,0.5625804378224,-0.1076302019907,-0.2902399653541,-0.2056148621537,0.7756295754085,0.6352839235399,0.4800775235236,0.4754306253239,0.6152718169539,0.7065230067320,0.3141360008650,0.5838634985171,0.3463352992083,0.4801233420884,0.1068144875400,0.4111340578389,0.7123034778893,0.4058711102254,0.5046455706285,0.3231670179105,0.5653344562950,0.1528695504265,-0.0094118060565,0.4420552776121,0.0054146206429,-0.0044099549362,0.3315233462920,0.2104627246385,0.1516003438341,0.4011551215494,0.1474094657728,0.2580048393651,0.3716699603883,0.5912576910544,-0.0873436405407,0.0596794012863,-0.1858328576212,-0.2638412555396,-0.2229678577422,0.2072273758540,0.8416675805047,0.0674264591323,0.7285289577455,0.4880188787816,-0.1141102533145,0.1350930700540,0.3457245358854,0.3719448643725,0.2914597540462,0.2115311456700,0.4258028699122,-0.0887268888298,-0.4015611880836,0.3285861507612,0.2529049083632,0.0664214456402,-0.0051200213044,0.5690613278872,0.1014580339647,0.1714706606417,0.0369992286078,0.5356225175944,0.0582418789201,0.3087286801054,0.0991502909952,0.2381467939802,0.3876049061443,0.0245763924058,-0.4345133211372,0.0713490156975,-0.2146114026748,-0.3770606535994,-0.3147600397120,-0.1648868883236
0.1416739185460,-0.0968752018479,0.3164607615268,0.4865448377552,0.4111510786413,0.4711798931926,0.3976640892679,0.6555545802115,0.5390132643364,0.5557559153429,0.5232107965900,0.7210080900383,0.8185893661128,0.2156226571252,0.6345594961881,0.4577385996043,1.0000000000000,0.7524072787804,0.3384669765719,0.6149382986828,0.4730890887153,0.3042599157008,0.2853406094026,0.7120750392883,0.1204204281123,0.2984078869733,0.4027935429424,-0.3839754194101,-0.2620246504899,-0.2016818642887,0.6301194718702,0.3746339215852,0.8210951850131,0.1341072858777,0.1250990516411,0.1688609686085,0.3122793548352,0.2612656247679,0.0659064695886,0.0447344770341,-0.0506117281274,0.2607126191060,0.1177239542710,-0.0114297781786,0.1830764518673,0.0699604723207,0.1162944743604,0.1812023132314,0.0414158384932,0.1232462875424,0.1867804014574,0.1641943186852,0.3681054324471,0.4010977755057,0.4289381098038,0.3937848434468,0.4930558288826,0.4398566821953,0.5429036085921,0.5183184693093,0.3504320940266,0.5164387268857,0.4462918819729,0.4059517169948,0.1222987025281,0.0494811004405,0.3163436583592,0.7558481169396,0.4178639846479,0.5593719394823,0.5137263255240,0.3236661729032,0.6473018565136,0.2815261905946,0.2569145455693,0.0443206162714,0.3127818405784,-0.2525582245966,-0.2607334448805,0.6676294002032,-0.0116044942538,0.4766700629669,-0.3411623543637,-0.0569608852550,-0.1273765369867,-0.1114594483876,0.1594710855130,0.2511620466561,-0.0886884193861,-0.0190917043327,0.0568075349906,-0.0613671384254,-0.0330170322429,-0.3169642279555,-0.3159238419002,0.1987004172966,-0.0532424055219,-0.0630409352091,0.0356495829296,0.2373009736078
0.2994937077241,-0.3122625169932,0.3041678351831,0.3648644352715,0.4626778135024,0.3813339367096,0.1457594744848,0.7655920913511,0.5884270170567,0.4121556476662,0.6357502827569,0.6393346984098,0.5478338046784,0.0319630897158,0.5195130609716,0.4672554119736,0.7524072787804,1.0000000000000,0.5027887841303,0.7459018623777,0.4335838656211,0.2389863787095,0.4313030543400,0.7285710717710,0.0956272082334,0.4277066624221,0.5510959338211,-0.2898901810086,-0.3248799892281,-0.2711732129805,0.7159955713399,0.4629652228357,0.6150603329476,0.1963576040174,0.1113545626768,0.0871600172684,0.3111418338331,0.4151060726495,0.1007342751711,0.2530340639492,-0.0065419509830,0.2722002493133,0.2404106542873,0.0435768203204,0.3162223180491,0.1963686228664,0.2433328475145,0.2386515622655,0.0353333974254,0.1041860971998,0.2267726917149,0.1237071617751,0.2910442772735,0.2658778990487,0.3373342629971,0.2140121654625,0.4803518779254,0.5584757429040,0.6786327138421,0.5895313312505,0.1762154420357,0.5470023283264,0.2011620915110,0.1492683827068,-0.0023660366957,-0.0587129496785,0.2418268884199,0.6569014077713,0.4857167905389,0.6821747513542,0.3311651197827,0.3468911704984,0.7478185851632,0.2433072769704,0.4313458712241,0.0399846178699,0.4759579226709,-0.1546278984726,-0.4024219966408,0.5709733654327,0.0724395246106,0.2896658171839,-0.2381743838388,0.0558617869800,0.0507973348257,-0.0336940337772,0.1291346778054,0.1525287949946,-0.0746221072723,0.1481193636604,0.0590618021261,0.1539449713809,-0.0073512262607,-0.1268972066208,-0.3437982256871,0.2765452747242,-0.0810619198336,-0.1976848263635,0.0567263697138,0.1479628560296
0.4013349941805,-0.0136214055544,0.2410176964460,0.3599730461313,0.4374187811604,0.1049682034256,0.1172764442918,0.6821103156056,0.7216090462687,0.1502506949840,0.3472205975748,0.3475988410626,0.2493753510359,-0.0023101341962,0.5034793827928,0.7977446218995,0.3384669765719,0.5027887841303,1.0000000000000,0.6186258311679,0.5911010212758,0.0687639878771,0.4181799916566,0.3558778977314,0.3144815514557,0.6150816644133,0.5865212221019,-0.0628966792162,-0.2837217167005,-0.1962138680809,0.6090963428775,0.5510168654430,0.3416049633981,0.4055040714174,0.3621043504082,0.5839465365223,0.1089220979336,0.5917522592525,0.0399228367992,0.4942728864374,-0.0029980753366,0.2498256840506,0.7132750314142,0.5008371953819,0.5381951993799,0.1829265577426,0.4520333468980,-0.0152770960888,-0.0905459185566,0.1851067545657,-0.0185215095292,-0.0824943584050,0.0182275864231,0.0916112550453,0.0566799703513,0.1135675570875,0.2694541452766,0.4913066585085,0.5636808557777,0.7355985226932,-0.0781856680785,0.0903824518909,-0.1716867367278,-0.2618439700049,-0.2765384783020,-0.0692477363580,0.6633967474286,0.1016384163440,0.8401006605353,0.5718173793711,-0.0559829311043,0.1074697922737,0.3299826975415,0.5338375933117,0.4156425257489,0.2900815409493,0.4892103628552,-0.0573697191605,-0.3601536645652,0.1168318704546,0.2423897503558,0.0659147944362,0.0504830567551,0.4731301989137,0.2675218235294,0.1668418234540,-0.1527998546537,0.2843938556961,-0.0999890038395,0.5197542151298,-0.1614605811287,0.3030107615081,0.4900983533805,-0.0482354282814,-0.4900549271186,-0.0254362149476,-0.2221727210922,-0.3328354502297,-0.3679128671341,-0.2345724759698
0.2895965358385,-0.2974722842528,0.1358670936924,0.3216203490924,0.4053842635820,0.1495429988445,0.1357692387108,0.6750164283886,0.6775601552315,0.2804827090561,0.5139701610744,0.4651496249808,0.4696166996569,-0.1024286706973,0.4655356572530,0.6424815421364,0.6149382986828,0.7459018623777,0.6186258311679,1.0000000000000,0.5772288062925,0.0938810804076,0.5083377567800,0.6746553662742,0.3134600502819,0.6363683721778,0.7520590744628,-0.2337611397281,-0.4290396821731,-0.3546052897400,0.8078095641566,0.6698685046413,0.6867837974973,0.4111934595783,0.2259035671249,0.3293803136087,0.2974619322109,0.7397213886901,0.0811948700599,0.4297308209898,-0.0360087086673,0.2638023848413,0.5170697800105,0.3752702465443,0.5455106855823,0.3039078341080,0.4187400462192,0.0412018079929,-0.1058956693385,0.1206578821070,0.0662126835301,-0.1099080944036,0.1193078658950,0.0488576669682,0.1384613495080,0.1107634716945,0.4387850878239,0.4315024722993,0.5407339610088,0.6482984492060,-0.0216898834993,0.3223731568978,0.0798007324422,0.0145309029828,-0.1777716680044,-0.0368990350372,0.4148962000019,0.4055235390983,0.5757236501535,0.8481055763320,0.1240391543156,0.3110118732322,0.5906675351964,0.4202645979452,0.4920841771800,0.2656282322289,0.7069171876638,-0.1344692271301,-0.4822050267449,0.5039333833065,0.3590115423190,0.4053655687353,-0.1244215272721,0.3244891922957,0.2771710588042,0.1958027277743,0.0424790831022,0.1987538250151,-0.0115453441161,0.4233605719782,-0.0337184249157,0.2895507471513,0.3171703017024,0.0233142683841,-0.3063817270720,0.0610971424510,-0.2627257353343,-0.3132317409603,-0.1293747437421,0.0072276144303
0.3723503289897,0.1036206277035,0.1654478089958,0.3508041593328,0.4158225116947,0.0962690937750,0.1903019633433,0.3560455503926,0.3705966215874,0.3115261905011,0.4911864591526,0.5099849147791,0.2505586082002,0.1198537194495,0.6359527744846,0.7142418272053,0.4730890887153,0.4335838656211,0.5911010212758,0.5772288062925,1.0000000000000,0.2743909030485,0.6614613627155,0.4648254744898,0.1606075787069,0.7210524670625,0.6658353701779,-0.1294060738117,-0.2049743235203,-0.1795402188761,0.7573030072442,0.7201908759174,0.5729992461426,0.5560804110297,0.5152380994630,0.6075841258062,0.4611065095299,0.6272401961054,0.4147655744161,0.5624561515318,0.0758674002296,0.3442159195920,0.7485179388038,0.4496377706738,0.5359658160194,0.3708036934145,0.5163680020885,0.1656345950903,-0.0290372489871,0.5428369407757,-0.0395327957787,-0.0838800460917,0.1174375338196,0.0958821769213,0.0403887722164,0.0682291816478,0.0004950963671,0.0340822767341,0.1746390894467,0.3068017130959,-0.1076399309065,0.1314379321592,-0.1182856754603,-0.3639492282280,-0.2138905753441,0.1701601210485,0.4499332385409,0.0172466683629,0.4547714569932,0.4018786818836,-0.0585840666877,0.3948683509961,0.2683393989306,0.3817670402171,0.2792231403147,0.3052426318159,0.5335034438314,-0.1034361101906,-0.3313259559720,0.2664655789758,0.2927732814542,0.0941560393951,0.0930101516725,0.3502291159575,0.0371445268494,0.2451974253283,0.1974741929719,0.4696177235798,0.1598758576420,0.3593004165354,0.1392799659345,0.3257251948117,0.4015678661712,-0.0144068642890,-0.3914125012934,0.0122065842509,-0.1869173978268,-0.3940312887773,-0.3330071751344,-0.1125257838757
0.2704347552798,0.2216690827834,0.3760344847584,0.3432736415972,0.4840035899350,0.5137418894726,0.3427814971496,0.1943299955662,0.1384008658853,0.7439289363617,0.4784911003150,0.5620421826915,0.2624652760833,0.4851490797285,0.4696956072953,0.1650843192599,0.3042599157008,0.2389863787095,0.0687639878771,0.0938810804076,0.2743909030485,1.0000000000000,0.2531486419060,0.4563932252351,-0.1094413245370,0.0317451864133,0.1029690776206,-0.2330699318253,0.5024121400068,0.1361420859349,0.2555760251571,0.1117409441504,0.2875107068599,-0.0703189112526,0.0620088979572,-0.0380699080803,0.5670058941595,-0.1162466527648,0.3939602429120,-0.0648858820929,0.6166831348271,0.2301478391107,-0.0516066953481,-0.2134785668081,-0.0144889750362,0.2033932452544,0.1960215403383,0.5369405739869,0.6542491698327,0.3152543566354,0.3622749257704,0.3494366686409,0.3911565010410,0.5348195176885,0.5109036312294,0.3203899863997,0.0191210680999,0.1143742548255,0.0921660510820,0.1651837252473,0.3807478681665,0.5225966578633,0.2108620924943,-0.0072391863494,0.2670446002366,0.2268613098318,0.0832561227578,0.1658277244023,0.0633488319846,0.0197803101076,0.0956523548406,0.6122000332756,0.3941037449711,0.0835323998072,-0.0404883177008,-0.3134297854446,-0.1264324037683,-0.2494828431015,0.3266271870270,0.3147639512775,-0.3784284996448,-0.0268487984778,0.0851657928442,-0.1506561738368,-0.3611636999881,-0.3918543378293,0.4562020327986,0.2603041126281,0.0520344996135,-0.2240596936264,0.4588781006244,-0.3454932129630,-0.2239461846649,-0.0498686292888,-0.2826344936616,0.4865966123945,0.5485591792066,0.2235123412590,0.1768018695180,0.1371393526297
0.3925636425852,-0.1542348347593,0.1226279305575,0.1168924760089,0.3513385275169,0.0361619769777,-0.0768702145197,0.2527279685357,0.2111599489343,0.1617200108016,0.5928130076956,0.5566276293406,0.1746438232837,-0.0830117397678,0.3809216170972,0.4322910252318,0.2853406094026,0.4313030543400,0.4181799916566,0.5083377567800,0.6614613627155,0.2531486419060,1.0000000000000,0.3979131347192,0.0136637705184,0.8181933384670,0.7889647340146,-0.2307437850109,-0.2167639938249,-0.2565798274243,0.5609502722959,0.7985867904522,0.4779768568235,0.5880061451412,0.1555874123432,0.2756211580195,0.2520233334385,0.5212348883285,0.1066030079275,0.6867728876580,0.0159868339493,0.3267730051040,0.5429594341936,0.3792873919758,0.4499346185202,0.4917014602841,0.4748083974844,0.0498896801714,-0.1074484442574,0.2004042198588,-0.0094570955094,-0.0883421254567,-0.0429497030075,-0.0006615066550,-0.0238194367019,-0.1641019959690,-0.0271026078268,0.0038909785335,0.1225419170349,0.1814155092250,-0.1510932895653,0.2268187444254,-0.0487517514759,-0.3990659473343,-0.2847000338305,-0.2073103500295,0.0864903639805,0.0012132456837,0.2419776463320,0.3475264473063,-0.1488801253671,0.6228268036678,0.2938728011270,0.3280203555067,0.1520622591552,0.4023269161546,0.6632850900185,-0.1921486059221,-0.3656289673620,0.1059548074740,0.4063036497627,0.0813986159269,0.0470447103894,0.1496719789656,0.0780358026970,0.3275297507076,-0.0423636146875,0.0857388609620,-0.1483173662579,0.3881815794851,-0.0906412379147,0.4958464679897,0.3581821115304,0.0261893120084,-0.4041979973453,-0.0605761810648,-0.2126615302715,-0.4317844483047,-0.1984972663491,-0.1615768279169
0.3271650156035,-0.1857636508518,0.4310458524956,0.5730222080025,0.5303321035388,0.5746848381448,0.4529613065910,0.5552301909294,0.5643478511123,0.6222810438461,0.6356844322654,0.6715615853657,0.6171893437647,0.2296408956168,0.6127641803368,0.5025448063231,0.7120750392883,0.7285710717710,0.3558778977314,0.6746553662742,0.4648254744898,0.4563932252351,0.3979131347192,1.0000000000000,-0.0157051125010,0.3346418054860,0.5601725595786,-0.3575132359296,-0.1423711933383,-0.2570409698960,0.6664272413057,0.3963647071700,0.6610281958592,0.0375147719877,0.1443742649430,0.1802462113438,0.5329254694949,0.2905961012665,0.3217219339437,0.1380344223543,0.1156053282062,0.2465284354874,0.2269012876558,-0.0699342009135,0.2248691687504,0.1555703744928,0.2039183642880,0.4046276033913,0.2060081218438,0.1955137991012,0.4035893027376,0.3302481458117,0.5049988874330,0.4694682974266,0.5558091132102,0.4894508535711,0.3806829150708,0.3409067343536,0.5082920348496,0.5769958424849,0.3396292372916,0.6392672093086,0.2939073613322,0.2061242552415,0.1886517629259,0.1526474450915,0.3195417170221,0.5643857796639,0.4404373110038,0.5549016549621,0.2556164132054,0.5154608762050,0.8593713761329,0.2619187748841,0.2456747039973,-0.0594470563605,0.4032000455383,-0.3253508808261,-0.2267889399872,0.6764423608348,-0.0084168968670,0.3117688620500,-0.1709929689216,0.0488524377026,-0.1426079886418,-0.2107897126696,0.3211006937611,0.3418496854895,0.0086589428428,-0.0172363708066,0.3101962051932,-0.0715508879660,-0.0871283790207,-0.1495486679196,-0.3676009846026,0.4109592224043,0.0903584923527,0.0066037587129,0.2199403669599,0.2656364212019
