1.0000000000000,0.5070842011024,0.7855580932939,0.2138732067224,0.4553138483546,0.0284192304334,-0.0361744999280,-0.2182520283986,-0.2436022153157,-0.0611510702695,-0.2854257179706,-0.2259338484964,-0.2080573581842,0.6063281413342,0.2749790298148,-0.1188349822391,-0.3201811074428,-0.0689129803484,-0.2404985396647,-0.3870300501954,-0.1639711018793,-0.1737120797579,-0.1527064538206,-0.2883962012971,-0.3012252269238,-0.1212723251802,-0.3064399715291,0.0551766439776,-0.0404312089277,0.3374705275986,-0.2735452448372,-0.1962675795643,-0.3341023329625,0.0924512962498,-0.1970005118768,0.0814272666519,-0.0661337684991,-0.2350094973614,-0.0644299743035,-0.1681964039479,0.1187705292702,0.2108344099707,-0.0844828780742,-0.1806652561820,-0.2141734834746,-0.1631955154302,-0.1626689471383,0.0420013024738,0.3040550237808,0.0684555918044,0.4500096054200,0.6117287894925,0.2200369388056,0.1896860309356,0.0240979888833,0.0034960178672,-0.3036478996335,-0.2890836959263,-0.3126074970311,-0.3102939092396,-0.2190022461162,-0.2776272342203,-0.1308288535944,-0.1920070453019,0.4435748772579,0.0855078674471,-0.1423174302690,-0.3374591209864,-0.2207177339931,-0.3966020316869,-0.2235559930187,-0.3111546243543,-0.2803493120594,-0.3588232475895,-0.2646386368714,-0.1486104627633,-0.2759979167671,-0.0267345628705,0.1653789292982,-0.2954305757949,-0.2044971941291,-0.3824299529608,0.5382734329346,-0.2456837454726,-0.2767545789613,0.0466908158390,-0.1110963382552,-0.1964008721047,-0.0709277624991,-0.3162120923586,0.0339558129736,-0.1267928528616,-0.1747923868090,-0.0004887372902,-0.1265201545008,-0.1175828376380,0.1823716812198,0.0281333709506,0.0227112972974,-0.1368682057554
0.5070842011024,1.0000000000000,0.6303808885627,0.0223930115945,0.0615073838885,-0.0969167953078,-0.2163121429971,-0.1481205317715,-0.2570784593002,0.2498286178909,-0.2701306907147,-0.3551783200493,-0.2070054935299,0.6830496914288,0.3240227270821,-0.3363104840395,-0.3181580176986,0.0275593903869,-0.3339288251636,-0.2625511575628,-0.1675180969183,0.1165592848319,-0.1720520821036,-0.3213820141970,-0.0748173509202,-0.1432367292571,-0.1875648448200,0.2340346239998,0.2554240966536,0.6444813740054,-0.3323066944646,-0.1735439440994,-0.3222099296090,-0.1177938321498,-0.4086753236231,-0.2350264542180,-0.2492462630332,-0.0824997897171,-0.2619210635252,-0.1101739347870,0.2896390555962,0.1169209743715,-0.2038252232099,-0.0292313581375,-0.1104585492636,-0.2320636519512,-0.1525243502082,-0.1997654272333,0.5263465715252,-0.2074867370024,-0.0374777486767,0.8986074514537,0.0762895289477,-0.1556538321897,-0.0733904512372,-0.2794262377209,-0.1341684525809,-0.1283230608403,-0.1384163013964,-0.2610213700684,0.0750174551017,-0.3240443144552,-0.2760582615017,-0.2630040191780,0.7064727328869,-0.0908374357247,-0.4504140832150,-0.3249735699935,-0.3624760189888,-0.3334611513656,-0.3131815914159,-0.2150111726579,-0.2610786737926,-0.2274899501973,-0.2836238755267,-0.2772279304207,-0.1289381732707,0.1381885227897,0.4851945349644,-0.2942143314101,-0.3458067283264,-0.4248114869104,0.5802448608167,-0.3791584248092,-0.2440075692829,-0.0223888759423,-0.2635649417564,-0.4327368135158,-0.2778008472920,-0.2981989261439,-0.2825710550426,-0.0722634662685,-0.1644164964530,-0.0780439802569,-0.3472005548242,-0.4509334543578,0.4561145797717,0.0823455386341,-0.0471162124608,-0.2915162284307
0.7855580932939,0.6303808885627,1.0000000000000,0.3664046535613,0.4807599620847,0.2819104931328,0.1983413125115,-0.2203621487282,-0.2294755442246,0.1180743567539,-0.3182996811467,-0.2243232789518,-0.1771543369444,0.6726310904388,0.3540956829487,-0.0395912497631,-0.2328384157378,-0.0545216042620,-0.2312092894438,-0.3656049505708,-0.0720883091793,-0.1390319167086,-0.1545640537592,-0.1971170421497,-0.2455278806247,-0.0635622985857,-0.2549573244386,0.0285825109087,-0.0118951874772,0.4712890721955,-0.1023293809744,-0.0653205753006,-0.2959767207644,0.0203812825071,-0.1734442739762,-0.0599076328494,-0.0302058148969,-0.1900485977624,0.0183529397003,-0.2836102362974,0.0689273112717,0.2764192178639,0.0192875706085,-0.1331781124280,-0.1986403777540,-0.2499689410024,-0.0627686259831,0.0181500033185,0.4037397643687,0.1129884439513,0.2263291862575,0.6864115739024,0.3336137196959,0.3005112993763,0.1902947491220,0.1250951107436,-0.2073592456538,-0.2433145817287,-0.2373704983453,-0.3338108444852,0.0055768710161,-0.3432099037346,-0.0532046572138,-0.1416309077310,0.5446103117699,0.1452867228509,-0.2035520470938,-0.2375767433792,-0.2207413992674,-0.3457420654348,-0.1505960009554,-0.2348970039305,-0.1793708545598,-0.3181945864457,-0.1368308282652,-0.1282238630081,-0.2552257891790,-0.1374044296612,0.1760912402623,-0.1199319783193,-0.1753578518673,-0.3605785581478,0.6279284115369,-0.2032229978573,-0.2673619734697,0.0317920794113,-0.1653950431227,-0.1381639790388,-0.0475158912928,-0.2716702860151,0.0094423269386,-0.2029193752507,-0.0887260105184,-0.0730875214270,-0.2482553374301,-0.1656799386965,0.2372785733855,-0.0208499312791,0.1347471682977,-0.1689127561879
0.2138732067224,0.0223930115945,0.3664046535613,1.0000000000000,0.4924192949076,0.5574792275205,0.7882318517264,-0.2013852633650,-0.0110534762577,0.3000041857240,0.0375986380050,0.1970608283768,0.0149833075770,0.2929098420325,0.6654673944936,0.5662881068302,0.0672336906865,-0.2644607178044,0.2107093091171,-0.1470861551432,0.2632876532699,0.0281081797318,0.2473950963125,0.2269097470508,-0.2453837350642,0.0931888413300,-0.0979202876768,-0.1844205165155,-0.0558712367722,-0.0063416992932,0.2812448361926,0.0940137401358,0.0515670250866,0.2067756911597,0.4248807188587,0.2182387538315,0.1079844455253,-0.1724167131645,0.2747375968823,-0.0970615585728,-0.0070289276979,0.2447663632398,0.3563660724891,-0.1113391384736,-0.2152746168905,-0.0430604872963,0.1616151486331,0.2650829993244,0.1671243746336,0.5238655204146,0.0763996641246,0.0857455816074,0.6711147041413,0.3899524061771,0.3827224583385,0.7180585831420,-0.0003178756022,-0.1396590982204,0.0730444739740,-0.0418876711161,0.2448836309855,0.0213354160145,0.2163840093616,0.0972070758805,0.1640325579205,0.4268304671429,0.3710125616567,-0.0105293341898,0.2478056963703,-0.0515877297618,0.2564699482169,0.0933424006862,0.1753945887527,-0.1469203487962,0.3141117792703,0.0476253697492,-0.1926990663329,-0.1556730077248,-0.1389429987051,0.2808107780871,0.1234342885473,0.0016516629499,0.1144231094988,0.2545529554226,-0.1169154118889,0.1784817175342,0.0391433199093,0.4337589670142,0.2658059312848,-0.0905073751577,0.1726203916768,0.0834669862163,0.0330982677638,-0.0066037079011,-0.0415803206730,0.1841509634374,0.0003339061213,-0.0617102619202,0.3015363050049,0.2566126752828
0.4553138483546,0.0615073838885,0.4807599620847,0.4924192949076,1.0000000000000,0.6397819221862,0.4801982613851,0.0139712881451,-0.1039313727640,0.1882707344615,0.0794775811792,0.2115837194505,0.2100158781965,0.3469324927598,0.2831637786990,0.1791798027068,0.1236684809794,0.1139248066370,-0.1240451231357,-0.1116940564834,0.2313978799799,0.0812031256658,0.1587376771111,0.1293600113777,-0.2390951786908,0.0098818821356,-0.1481974153990,-0.1892279099153,0.0556016783042,0.0239259294752,0.1578245288591,0.0266193276641,0.1065115260281,0.0647496090609,0.1644766688580,0.2277685743720,0.2523297265412,-0.1252487382172,0.1508612403580,-0.3000935620402,0.0643349153175,0.0933103617736,0.0171167681656,-0.3405444769828,-0.1165959522060,-0.1183642934800,-0.0693655066978,0.3160315555836,0.4022836825586,0.2359166947914,0.6322168441998,0.1101763643392,0.3964954426994,0.7765242319195,0.6383087567529,0.4766236132076,0.0333869613502,-0.1454749975117,-0.0425413103797,-0.0918627364979,0.1222047929476,0.0279611671554,0.2195211865947,0.1453538239844,0.1505194893374,0.1296445832375,0.1759533542514,-0.0065737736545,-0.0075687696066,-0.1098673538078,0.1508019640498,0.1405425560538,0.1276316310894,-0.1883909476290,0.0385736170430,-0.0840513410716,-0.1842580438399,-0.2455282766916,0.0682319800524,0.1432882592560,-0.0119402961234,-0.0905644084155,0.1843507500462,-0.1434949264794,-0.1199766428932,-0.0561013049770,0.1826475279637,0.1981611774550,-0.0049935181134,-0.1721126472349,0.1823215663372,-0.3254306634875,-0.2988457176873,0.0683961254546,0.0187751068694,0.2635909782465,0.2860262957291,0.0279783137920,0.2307688391650,0.0249848942099
0.0284192304334,-0.0969167953078,0.2819104931328,0.5574792275205,0.6397819221862,1.0000000000000,0.7710040612995,-0.1382846666442,-0.0384238466348,0.4961595777729,0.1607286801693,0.3815956561371,0.2549370366929,0.1835281028038,0.4250263047581,0.4144839020416,0.3320461981986,0.0297019604904,0.0974142123104,-0.0995674169764,0.4439186750323,0.2513013156771,0.3108173534627,0.4312227253476,-0.1870157544781,0.0468318382543,0.0095762779031,-0.2282751119281,0.0086160373110,-0.0180780746087,0.4664200523625,0.0819355231695,0.2478619032657,0.0040841359416,0.4232882918342,0.0664453156849,0.4435063837329,-0.1711844248254,0.4610789818642,-0.2460254304770,0.0782197301741,0.2602197833912,0.2868763294069,-0.2751578774633,-0.1827732214618,0.0302302946189,0.1447778395736,0.5800287854404,0.3350288319180,0.5311184983447,0.1384784994744,-0.0761128586748,0.4842880277858,0.6979492705166,0.7993558984731,0.5877940179479,0.0296658392893,-0.2088987797456,0.0079483249676,-0.1140018284192,0.4802715088255,0.0775066699106,0.4401401735169,0.2045715365526,0.1498157436271,0.3826498644465,0.1723728523861,0.1476491818981,0.1289922297463,-0.0514913922524,0.3870509766874,0.3183123056305,0.3498079404329,-0.0977881659681,0.2324165613282,-0.1027409111953,-0.1924796535987,-0.2893664893134,-0.0161263254316,0.4197106986438,-0.0292604874027,0.0502051039027,0.1362352255191,0.1473835247338,-0.1889828161976,-0.0230023601752,0.2108332596079,0.4919568477055,0.2618368596341,-0.1123614083511,0.4054408190350,-0.1848425785854,-0.1380087574838,0.1616255912962,0.0079067674689,0.4809456088627,0.1622968264473,-0.0021137526930,0.5217654568496,0.1802750436747
-0.0361744999280,-0.2163121429971,0.1983413125115,0.7882318517264,0.4801982613851,0.7710040612995,1.0000000000000,-0.1753574673595,0.0247644034159,0.3155101780300,0.1219393433500,0.3139531746536,0.1274421931080,0.0914205222422,0.4301013582803,0.6235547451351,0.2284907950683,-0.1704664210676,0.3027823180000,-0.0796864176950,0.4316501645741,0.0473485453583,0.2535269264684,0.4331680562831,-0.1822323751033,0.1375272089573,0.0230400880791,-0.2095662999220,-0.1130979484506,-0.0903153183325,0.4865773098299,0.1262237272585,0.1787245673653,0.0980608559704,0.5856682993851,0.2117292193805,0.2895057414471,-0.1790747855422,0.4302081596434,-0.1411674657586,-0.0698980753052,0.2084296850879,0.4196103663836,-0.1501983397125,-0.2006975360922,0.0344212241492,0.1487064574301,0.3640283077409,0.1299980284431,0.5106194491434,0.0313983235699,-0.1821695971211,0.5746178639563,0.5256699805377,0.6266690961489,0.8185058980512,0.0541184035064,-0.1540672859452,0.0699738025980,-0.0316258662144,0.3919080276539,0.1126429205950,0.4116074972844,0.2091921407524,0.0403943491703,0.4658033985251,0.3925263738198,0.1081743413257,0.3388755893406,0.0293267939816,0.4504763310615,0.2052916752193,0.3561943368534,-0.0597231788748,0.4312883116245,0.0829518973331,-0.1262926422816,-0.1984088354640,-0.1626589961115,0.4342345473750,0.1418330581660,0.1166766000170,0.0396511663643,0.3558861250753,-0.0877091085770,0.1155079113511,0.1724065022798,0.6216039199243,0.3980254596346,-0.0183670578397,0.3385246590472,-0.0055398185138,0.0398294197289,-0.0029776188579,-0.0092392730599,0.3667212693882,-0.0306168005714,-0.1041922601127,0.4176426796794,0.3589483037580
-0.2182520283986,-0.1481205317715,-0.2203621487282,-0.2013852633650,0.0139712881451,-0.1382846666442,-0.1753574673595,1.0000000000000,0.4395443149773,0.0641661590441,0.2707153653584,0.1001619578565,0.4217030327646,-0.1751271842797,-0.1610962042742,0.1240488604133,0.3954642850822,0.4842679743857,0.2385639545633,0.6930060804374,0.1535899218269,0.1130756691139,0.0455157886928,0.1497200875373,0.5905079386142,0.4043316957164,0.4176637544838,0.0212070499307,0.0999464153720,0.0069797072749,0.1990369357575,0.4246159588147,0.3764583197812,-0.0383004675892,0.0572126670472,0.3803273169509,0.0664963203602,0.6510020929638,-0.0467864862378,0.2410754636104,0.1103869615359,-0.1516612423943,0.1190236243854,0.3646535867229,0.5612938582536,-0.0367225451778,0.0643481856415,0.0179785870582,0.0031219285193,-0.1429384046311,0.0988026605343,-0.2469885746319,-0.2414937819247,-0.0328760523622,-0.0431885284178,-0.0497949871284,0.6874863271210,0.7807250621069,0.5644555393441,0.6496864727897,-0.1850931771844,0.4689589411715,-0.1815622173864,0.2916108689186,-0.3056045133262,-0.2857542028336,0.3252786672641,0.3535709588916,0.2544140118065,0.5086596923834,-0.1196415754108,0.0013358999891,0.1810715334935,0.4661186981976,0.0739305437111,0.2802063654723,0.4077697504586,-0.0363429243010,-0.0225947060931,0.1244246612013,0.1648678655530,0.3048471148615,-0.3080058897282,0.0090918508860,0.5684478161705,-0.2566849877489,0.2746133009887,0.0969767437176,-0.1307800237780,0.4568177467810,0.0009854342100,-0.0093183967764,0.2745223607701,-0.0294358777281,-0.1018448741481,0.0743891107542,0.1023215352921,-0.0019076091551,-0.0781088072824,0.0322282930839
-0.2436022153157,-0.2570784593002,-0.2294755442246,-0.0110534762577,-0.1039313727640,-0.0384238466348,0.0247644034159,0.4395443149773,1.0000000000000,-0.0934188519686,0.4147582396258,0.3162652389144,0.1683513763743,-0.1742820897377,-0.0755008621216,0.3339332368599,0.2581661152629,0.1857307528248,0.5323492477919,0.6016102407065,0.3537295747297,0.0538981276270,0.2936996086979,0.4106759947771,0.6153202893281,0.4219394285605,0.4314863583663,-0.1216021809307,-0.1334692348766,-0.1277509728260,0.2475793053225,0.2439543727969,0.2171879882737,-0.2179875007805,0.3516232887643,0.3615560274709,0.1791843241970,0.3809937936465,0.1041868644388,0.0279258984288,-0.1931406916024,-0.1198542518714,0.1406324643092,0.1781197595514,0.1827937225000,-0.0060173325806,-0.0046671613364,0.0729532615840,-0.1954651680195,-0.0342466051404,-0.0972472478932,-0.2620136731294,-0.1001062167797,-0.0697510469047,-0.1115640831328,0.0821041026012,0.4350642174272,0.4433497820802,0.4930632235776,0.8315942634222,-0.1241400308109,0.4569599723054,0.0875562476593,0.2066790676502,-0.2311775865358,0.0457339981762,0.3317290644849,0.3418627965534,0.5065805798087,0.6642451738485,0.3371599672142,0.1422477414709,0.5468322324420,0.6853240987468,0.4530045865295,0.2149329646388,0.3576369530737,-0.1024921126996,-0.1804253796731,0.3355838954661,0.1700416023016,0.3507891840928,-0.2913453583017,0.2540857790587,0.3898103859886,-0.1339850789039,0.3251239552856,0.3351947787508,0.1779237560248,0.4811417596949,0.1030728454149,-0.0602048894042,0.2679134998681,-0.0616186720596,-0.0586649917066,0.1945120865081,-0.1336967038902,-0.1065376381730,0.0426156471570,0.3626423399086
-0.0611510702695,0.2498286178909,0.1180743567539,0.3000041857240,0.1882707344615,0.4961595777729,0.3155101780300,0.0641661590441,-0.0934188519686,1.0000000000000,0.1498108163316,0.3300929435357,0.3637465253819,0.3297342914769,0.4818073840683,0.1655298187784,0.3683478706504,0.1102034928112,0.0141093487480,-0.0007232144505,0.4780544181088,0.5750714093491,0.3722787042335,0.2368545661200,-0.0109667018475,0.1172172239796,0.1825435462667,-0.0415396455560,0.1911851792978,0.2526651452734,0.2816729904462,0.1947058611955,0.3514268267516,0.1206331446896,0.0793202877768,-0.1431203924911,0.1393506519982,-0.0115347955413,0.1232766568187,0.0808019098939,0.3527148160001,0.4074912419968,0.2467945382975,0.0209224733454,0.0500716329958,0.1926210330576,0.3191388467352,0.1625056717767,0.3942029867752,0.4367219078002,-0.1932657418295,0.1452198694948,0.1920485551822,0.1442429716034,0.3528696760478,0.1537961159692,0.1508545191414,0.0021501916140,0.1231111470506,-0.0245067575143,0.5792666375021,0.1122431428467,0.1935810314163,0.2074427371985,0.2392310658817,0.0171797516924,-0.0859739207264,0.0387587631604,-0.0175987150524,-0.1465646125023,0.1286442517306,0.3473098023882,0.1184452182687,-0.0683465923448,0.0556226747015,-0.0461901108750,-0.0331546941342,-0.0841088394631,0.1513419698315,0.1342331220052,-0.0183985552784,-0.0025928422757,0.1645116063620,-0.0244463291446,-0.1058055334499,0.1115510313528,0.0155972655582,0.0968654272405,-0.0022495540091,-0.1167089842269,0.0498624101948,0.1629168671537,0.0412706293547,0.2458459255932,-0.0853097701080,-0.0352589311645,0.2130330107706,0.0905252905908,0.4016976643645,-0.0501490268554
-0.2854257179706,-0.2701306907147,-0.3182996811467,0.0375986380050,0.0794775811792,0.1607286801693,0.1219393433500,0.2707153653584,0.4147582396258,0.1498108163316,1.0000000000000,0.6986419937373,0.4696276118733,-0.2371756921786,-0.0429656728981,0.1375439598859,0.4483797713806,0.4158690711775,0.1411772352577,0.4783552249459,0.4500098879457,0.3625759078665,0.5895320700002,0.4155164423535,0.3154429983364,0.2131950435508,0.3840807421015,-0.1353323931011,0.2448857920730,-0.1967570771607,0.3359844810383,0.2203364980593,0.4255839636218,-0.2835017378824,0.2226036195170,0.0615614467177,0.3785594998733,0.2799140559795,0.1975128341940,0.0158730178948,0.1534357307478,-0.0683692670881,0.0983862998679,-0.0200951586703,0.2305515565431,-0.0486997558941,0.0284500489171,0.3426603046810,0.1228554845076,0.1087142478371,0.1311763634528,-0.3396623449426,-0.0809929540791,0.0018580321537,0.1080235692938,0.0563071067477,0.2929183855804,0.1613782504464,0.2542883709607,0.3532152584274,0.1659465628921,0.6391486700862,0.3317996718632,0.2758796409276,-0.2008626772192,-0.0231045986063,0.0406450382050,0.3763042225809,0.0227578575184,0.3419527248176,0.1966676979204,0.4435412516275,0.4747937907358,0.3220099749838,0.0953414399044,-0.0880509463346,0.2823636114739,-0.1553669582374,0.0753560743211,0.2664425102607,0.0078558810271,0.1976836251580,-0.3323338676230,0.0083166216958,0.0572913711554,-0.3962145972539,0.4571335734762,0.1379805306037,-0.0009558935898,0.1630021329049,0.1916560411484,-0.0916945822743,-0.0078610709170,-0.1443551915065,-0.1685497358541,0.3663028200767,0.1309202358269,-0.0316274670100,0.0859692137585,0.2278744150153
-0.2259338484964,-0.3551783200493,-0.2243232789518,0.1970608283768,0.2115837194505,0.3815956561371,0.3139531746536,0.1001619578565,0.3162652389144,0.3300929435357,0.6986419937373,1.0000000000000,0.5276822650794,-0.1839582414094,0.0918801837511,0.2256435102027,0.5288513944024,0.2729246521469,0.0741121325593,0.2288344654863,0.5816838611256,0.3013966348746,0.7672130891773,0.4242893314922,0.1340099557457,0.1319473210689,0.1976377804659,-0.3456077993107,-0.0584451221095,-0.2717589946565,0.3577758048143,0.1471615495911,0.4581258743650,-0.1753600097031,0.3330140941481,0.0039003335895,0.4112139702522,0.0406338424405,0.2893104735943,-0.1531666487508,0.0110510957818,0.0741839140754,0.1598246401249,-0.1812540803493,0.0122253501706,0.1047298898581,0.1646725412873,0.3420456341914,-0.0549814618813,0.2935160477405,0.0589759570485,-0.3151345804641,0.0497608950914,0.2978997661475,0.2892292717983,0.2761629349876,0.1464136241353,-0.0299396142089,0.1922417846338,0.2037454483021,0.3299230876014,0.4281569328280,0.5911531822106,0.4035397507977,-0.1977713962703,0.1742723849487,0.0856205816170,0.3156832157894,0.0870328960214,0.1555151705484,0.4574837111142,0.5409418517143,0.4459309263975,0.1830127467064,0.1973080615175,-0.0086593900076,0.0209380072204,-0.2702290842206,-0.1493119327497,0.3086574796482,0.0905882500328,0.1806229464928,-0.2794350988780,0.1191114568860,-0.0842458650110,-0.1760257572561,0.3760678454180,0.2683632146342,0.1876927755349,0.0538149187149,0.2973846249201,-0.1083342396006,-0.0795408119989,0.0584441109016,0.1174665132956,0.4029044580797,-0.1326915759265,-0.1271542984692,0.2775863275886,0.2502036965126
-0.2080573581842,-0.2070054935299,-0.1771543369444,0.0149833075770,0.2100158781965,0.2549370366929,0.1274421931080,0.4217030327646,0.1683513763743,0.3637465253819,0.4696276118733,0.5276822650794,1.0000000000000,-0.1652872578149,0.0439599867087,0.0965635539000,0.7359625356488,0.3932461944050,0.0006943897909,0.3776393236044,0.5000888072246,0.2708817046668,0.2794674049831,0.3552685552882,0.3022553471974,0.1728027665650,0.3747424761201,-0.2641179245610,0.0729563568769,-0.1665932698705,0.3914337430120,0.2895653176010,0.5795037561426,-0.0413032465407,0.1485203210220,0.0001382739201,0.3614960366514,0.3312598749266,0.2800691685304,0.0242990066840,0.1931310382449,0.1316401178763,0.1992465273823,0.1464184803933,0.3470377810725,-0.0082969585247,0.1017807735034,0.2576038529667,0.0603252414943,0.2264415711186,0.1388283150173,-0.1885686576525,-0.0050361999454,0.2734965411644,0.2459070378111,0.1852490309770,0.5050194371121,0.2197787241243,0.3484967878192,0.2638156642346,0.2294151336221,0.3853601202318,0.3857582719415,0.7592062482360,-0.1797810708964,-0.0401324788567,0.0480822634582,0.4420758063838,0.0050426265819,0.2034236055588,0.2491051036675,0.2477582023499,0.3413234865156,0.2416664285046,0.0113417115752,0.0871581581883,0.2224043244225,-0.2527472456079,-0.0748494845210,0.2680491657531,0.0621794632757,0.2211014808805,-0.2569281843875,-0.0218437062639,0.1068485918876,-0.3042622729172,0.3191126328678,0.1726094734484,0.0024942765218,0.1617701835139,0.2417049998305,-0.0346619170965,0.1122956983160,0.0119433974068,-0.0345385496842,0.2530036236654,0.0187229419015,-0.0251006725200,0.1554791719027,0.0212714554036
0.6063281413342,0.6830496914288,0.6726310904388,0.2929098420325,0.3469324927598,0.1835281028038,0.0914205222422,-0.1751271842797,-0.1742820897377,0.3297342914769,-0.2371756921786,-0.1839582414094,-0.1652872578149,1.0000000000000,0.4759882316240,0.0036592784824,-0.1613473892669,-0.0158403524783,-0.1519122386569,-0.2620330188363,0.1305430649564,0.1331567889619,-0.0271629602532,-0.1062841438839,-0.2335094464984,-0.0534801534013,-0.1581905389625,0.1719896133754,0.1707900908291,0.6831866506659,-0.0698638535703,-0.0964744433830,-0.1268662927884,-0.0260293021240,-0.0766479359500,-0.1675099217221,-0.1241163262304,-0.2340824694035,-0.1627559760646,-0.2088531308834,0.1721179719087,0.3138174035041,-0.1498372348364,-0.1695122904197,-0.2618506979576,-0.0773504615727,-0.0603297433690,-0.1221329842817,0.5693827918764,0.1288920794143,0.0748599972194,0.6364389400141,0.3027399322052,0.0653534823349,0.0686493482006,-0.0153758833072,-0.1519209706494,-0.1618321730024,-0.1004704134466,-0.2228063217893,0.0752230101816,-0.2545362396145,-0.1178790525972,-0.2202459290875,0.7018677804265,0.0156011788477,-0.1933875750165,-0.2278379537294,-0.1394463033980,-0.2823905454588,-0.0620638210839,-0.1054880376368,-0.1002941049471,-0.2472358646077,-0.0698857195405,-0.1748204506855,-0.1782007629793,0.0800951863190,0.3328691760223,-0.0203860802649,-0.1343253930204,-0.2713514360807,0.5232696957895,-0.2835819258286,-0.2631825633148,0.0634766310182,-0.2681381117873,-0.1555377995108,-0.2721754788279,-0.3034917630694,-0.2053047447157,-0.1390148368553,-0.1892788038581,-0.0453383191476,-0.3205959308515,-0.2850235079921,0.3682382288781,0.0629717440365,0.0419218759423,-0.2256490535561
0.2749790298148,0.3240227270821,0.3540956829487,0.6654673944936,0.2831637786990,0.4250263047581,0.4301013582803,-0.1610962042742,-0.0755008621216,0.4818073840683,-0.0429656728981,0.0918801837511,0.0439599867087,0.4759882316240,1.0000000000000,0.3749251828619,0.0907084572220,-0.1790893851410,0.1413562616074,-0.1580783726030,0.2707062545120,0.2020100647615,0.1846810113439,0.2650833885458,-0.1993026458078,0.0397857837295,-0.0713069613905,-0.0464138630043,0.1076689611918,0.2087998855768,0.2189102411252,-0.0354848400997,0.0237862358097,0.1698905470719,0.3152355752078,0.0720265109134,0.0990960539294,-0.0947214811848,0.3076987799436,0.0159266876729,0.2946558984513,0.3343378139467,0.3149662066951,-0.0375630044057,-0.2297031567182,-0.0101182947552,0.0984020913131,0.3754635880173,0.3829551069387,0.6131400323138,-0.0455020970470,0.3568803877707,0.4606554593623,0.1443213569608,0.2292413126895,0.3439967207859,-0.0468313761530,-0.1575900003726,0.0518143552876,-0.0994165376492,0.2100706635975,-0.0251584364662,0.0582680807974,-0.0444031092179,0.4192758883731,0.4214093401340,0.1177489514743,-0.0990382820318,0.1380024079553,-0.1618005905740,0.0944253160812,0.0444067391626,0.1302903094880,-0.1578310680427,0.0682677730690,-0.1119139168012,-0.1891114575820,-0.0171886493447,0.0708156201675,0.1369243489763,-0.1041863987138,-0.1536401655201,0.2332447852720,0.1020857893180,-0.2033824926232,0.1169459638810,0.0543935081094,0.3386901398279,0.1605635293858,-0.1045790195604,0.2507647975177,0.2008601604823,0.0448094275793,0.0469616873437,-0.1150274025741,0.1786961605195,0.1807686417048,-0.0460272557961,0.3654493129478,0.1617834515861
-0.1188349822391,-0.3363104840395,-0.0395912497631,0.5662881068302,0.1791798027068,0.4144839020416,0.6235547451351,0.1240488604133,0.3339332368599,0.1655298187784,0.1375439598859,0.2256435102027,0.0965635539000,0.0036592784824,0.3749251828619,1.0000000000000,0.3202271900508,-0.1582246778638,0.7306504536217,0.1705449303416,0.4255450984351,0.0194657699854,0.1531094525148,0.4542365567630,-0.0205523934510,0.3677497985938,0.0954699520946,-0.1243846790205,-0.1747486496244,-0.0888695155308,0.6568960421348,0.3634893452995,0.2625732859291,0.1794254774042,0.6914840211187,0.4965311993022,0.1975420065974,-0.0184056815468,0.3769905675354,0.1286860610904,-0.0455443966210,0.1598521889327,0.6745067176923,0.0537768753939,-0.0716345044850,0.1203339515708,0.2582037134487,0.2968851582727,-0.0352996957927,0.4025572046463,-0.1145826819600,-0.3040742609610,0.4209309433354,0.1658906344539,0.1909760384104,0.6120683020526,0.2374757503889,0.2083603687363,0.2673968363732,0.2804994802022,0.0723215777550,0.2880765537633,0.1865388353679,0.1949680134876,-0.0999554167077,0.3773680469490,0.7822505504763,0.2148273495978,0.7268602233705,0.2818143409990,0.3584366242644,-0.0252519737085,0.3493457984283,0.1256051943099,0.5262664849620,0.2552905360865,-0.0968098684302,-0.0804725936839,-0.3043150261430,0.5476639760491,0.2291668803079,0.1973391929342,-0.1046754528013,0.6004582368466,0.1637552340169,0.0852638707389,0.1374811464447,0.7168636793790,0.3777565713619,0.1347800767745,0.2749372578679,0.1773771077958,0.2029890451133,-0.0295853451686,-0.0197995349054,0.3144505598319,-0.1548077395009,-0.1420896165800,0.2161150067491,0.3446528100851
-0.3201811074428,-0.3181580176986,-0.2328384157378,0.0672336906865,0.1236684809794,0.3320461981986,0.2284907950683,0.3954642850822,0.2581661152629,0.3683478706504,0.4483797713806,0.5288513944024,0.7359625356488,-0.1613473892669,0.0907084572220,0.3202271900508,1.0000000000000,0.5072464949373,0.1525938941241,0.5115221541352,0.6760137863032,0.3124133381580,0.3872030307913,0.5729843516530,0.2606636898354,0.3062195837511,0.5393345349874,-0.3438296638130,-0.0838522130909,-0.2211129621580,0.6726521976388,0.3788181796456,0.7991544854986,-0.0705004168034,0.3137495454597,0.0283165831473,0.4707160891398,0.3259283466298,0.3358315696602,-0.0791848186760,0.0743505942886,0.1553357751463,0.2387074325446,0.0037452562519,0.2373837615244,0.0020056373410,0.1160192641171,0.2928120599576,-0.0504230613478,0.2669495501082,-0.0228659935156,-0.2952018541453,-0.0124708330354,0.2198172340761,0.2175066851758,0.1538952804103,0.3844233030980,0.3251439663562,0.4468332263783,0.3310651061123,0.1864806195291,0.4374343886930,0.4090129638584,0.5441437066435,-0.2121783939644,0.0614960752679,0.1566465558272,0.6328164603283,0.1648886272350,0.3946496268719,0.3930383529099,0.3500658780229,0.5128685417728,0.3782743285563,0.1320385842889,0.1064475724680,0.2641691938468,-0.3468676983979,-0.2401291610245,0.5385555691467,0.1491669831350,0.4290430933693,-0.3319608643471,0.0589124454084,0.1138584893615,-0.3030981195331,0.3493115395934,0.3171357333301,0.0418394322066,0.2786410053166,0.2898099006233,-0.1504898595523,0.1371553201580,0.0046428005856,-0.0762910762260,0.3168716910360,-0.1002602265057,-0.0699100384898,0.1513106802768,0.0914956801298
-0.0689129803484,0.0275593903869,-0.0545216042620,-0.2644607178044,0.1139248066370,0.0297019604904,-0.1704664210676,0.4842679743857,0.1857307528248,0.1102034928112,0.4158690711775,0.2729246521469,0.3932461944050,-0.0158403524783,-0.1790893851410,-0.1582246778638,0.5072464949373,1.0000000000000,-0.3535061787544,0.5316754020124,0.2475800989427,0.1345889368794,0.2685649359669,0.3256336229890,0.4025510056815,0.1187083825045,0.4384021914993,-0.1255602486067,0.0912671285336,0.0356011007146,0.2338321671451,0.2560646219288,0.5097645203638,-0.2487710667406,0.0137641356990,-0.0736979079213,0.4360746940037,0.4620507949521,0.1215196292779,-0.2058844273269,0.0993273523763,0.0137953855105,-0.2002005907016,-0.1320210228329,0.3522423815646,-0.2446626618802,-0.0943560560012,0.1836102140673,0.1191607165364,-0.0977687959276,0.2317201721510,-0.0334932514984,-0.1262912392339,0.1323511780952,0.1550032040724,-0.2059352151243,0.3035905474898,0.2226521242088,0.3330158590792,0.2242139915689,0.0480204965793,0.2900293703132,0.1697274251443,0.1789897609435,-0.0326036216667,-0.1911160942641,-0.1552285144448,0.4702024328194,-0.3272044923411,0.3826014220507,0.0483505796646,0.2725411678305,0.3745189604120,0.3620485265474,-0.2101185934369,-0.1264208793874,0.3333602833997,-0.2336586699556,0.0314151063721,0.2801032862462,-0.0829745477848,0.2830423845038,-0.2203365544127,-0.3594829410663,0.1671560481427,-0.4781849053823,0.3561033322371,-0.0646100377681,-0.2699202307701,0.2646431367960,0.1487618595647,-0.3858236532869,-0.1017508192204,-0.0794759491224,-0.2165934776405,0.2146496370524,0.1031916712075,-0.0558676707348,0.0773996097109,-0.1453215295132
-0.2404985396647,-0.3339288251636,-0.2312092894438,0.2107093091171,-0.1240451231357,0.0974142123104,0.3027823180000,0.2385639545633,0.5323492477919,0.0141093487480,0.1411772352577,0.0741121325593,0.0006943897909,-0.1519122386569,0.1413562616074,0.7306504536217,0.1525938941241,-0.3535061787544,1.0000000000000,0.2226845333108,0.2963627261291,0.0910408179183,0.0439890839175,0.3060744717598,0.0960160106658,0.4300818003612,0.1507281357752,0.0957869310628,-0.0876583472152,-0.0995182752981,0.4066925177878,0.2247804262383,0.0714084742786,0.1302581768397,0.4605227181093,0.5075348484920,-0.0486971379591,0.0095773780285,0.1405518912530,0.4130771221934,0.0009026753141,-0.0136361206988,0.5473514231464,0.2903664674383,-0.0155692518182,0.2906594067372,0.2026575605618,0.0924276335236,-0.1147514197126,0.1758725061983,-0.2612486682171,-0.3612052609564,0.0235741308763,-0.1807607054633,-0.1225969574798,0.2833441233095,0.2706626610874,0.4167793026846,0.2377084376786,0.5013769874843,-0.1092164802261,0.3471035182311,-0.1042175457644,0.1325851866850,-0.2324591963730,0.1466921191693,0.6040689259832,0.1298416071065,0.8958665532353,0.3103751932753,0.1869837671854,-0.1208242552652,0.2572595758111,0.2279090337181,0.5577079095861,0.2907242571396,0.0308029862927,0.1625413800358,-0.1664477876291,0.2752427379235,0.1939380608194,0.1545010725411,-0.1326559531284,0.6040490028360,0.2199587165718,0.1657303929505,0.0802943345945,0.5063397632036,0.3269683493392,0.1743309001873,0.0989761751988,0.3651417753246,0.3323567276158,0.0037901305486,-0.0086560823007,0.1349071703483,-0.0979838246245,-0.0401274133915,-0.0148386779669,0.3622655250861
-0.3870300501954,-0.2625511575628,-0.3656049505708,-0.1470861551432,-0.1116940564834,-0.0995674169764,-0.0796864176950,0.6930060804374,0.6016102407065,-0.0007232144505,0.4783552249459,0.2288344654863,0.3776393236044,-0.2620330188363,-0.1580783726030,0.1705449303416,0.5115221541352,0.5316754020124,0.2226845333108,1.0000000000000,0.3358956255122,0.0978059195780,0.2594872998003,0.4358581787885,0.7652217743815,0.4523733276107,0.6710504574821,-0.1455402591809,0.0051702823837,-0.1421313663071,0.3838840071667,0.4718628680635,0.5719712750358,-0.2347102450738,0.2862934140704,0.2037138905797,0.2365294738887,0.7615774414645,0.0356348350910,0.0505573315710,-0.0173788148988,-0.1500011780434,0.0514923924026,0.2839522821109,0.5049419823685,-0.1336793713083,-0.0386470998130,0.0983571268012,-0.1027304973710,-0.1056549249775,-0.0387472335278,-0.3494629470904,-0.1912408653658,-0.1061539071958,-0.0766576319477,-0.0292162206907,0.6123966706019,0.6153827580340,0.6412134878737,0.7167286720037,-0.1242265302078,0.5310691379324,0.0137625344384,0.2797914956688,-0.3327562778702,-0.1584004287324,0.2458903524712,0.5408675209620,0.2170149234346,0.8533406203678,0.1134667849456,0.2084040915132,0.4829943872787,0.7898330544716,0.1424531499976,0.2386993377862,0.6442057436127,-0.2024462357105,-0.1458381965362,0.3948889372808,0.2243529451773,0.5560890465776,-0.4955217351091,0.0214610855719,0.5942465909078,-0.3459554412472,0.3915238457398,0.2254818021842,-0.0861372905755,0.6965621438235,0.0488806001947,-0.1461268489457,0.3444410198164,-0.1021220840474,-0.1485781264994,0.2205775822661,-0.0116453001790,-0.0855139544881,-0.0376446056601,0.1856789902101
-0.1639711018793,-0.1675180969183,-0.0720883091793,0.2632876532699,0.2313978799799,0.4439186750323,0.4316501645741,0.1535899218269,0.3537295747297,0.4780544181088,0.4500098879457,0.5816838611256,0.5000888072246,0.1305430649564,0.2707062545120,0.4255450984351,0.6760137863032,0.2475800989427,0.2963627261291,0.3358956255122,1.0000000000000,0.3370716160681,0.5627742845090,0.5978606889155,0.1628411220663,0.4510823781931,0.4345858366483,-0.2542272731832,-0.0898867625142,-0.0290069325027,0.5633096400569,0.3205105599024,0.6444375124034,-0.1353552229162,0.4761912583513,0.1653269048892,0.3533221287766,0.1176723870129,0.2156774809575,-0.1207602098180,-0.0110515003331,0.1579478448620,0.2753637022983,-0.0663291372825,-0.0086580664918,-0.0133061647409,0.0499282522667,0.1710090744924,0.0578619868390,0.3737778281621,-0.0117026543711,-0.1981515685734,0.0758659885851,0.2377214680183,0.2745508299337,0.3046807223124,0.2825310075752,0.0786868262417,0.3044887291506,0.3137944794677,0.2792370680562,0.3745397230622,0.4170935973605,0.3709964674272,-0.0161981660870,0.1240264139985,0.1741280453264,0.3009346670875,0.3136422149807,0.2413154472929,0.5837416216434,0.3614862478378,0.5537876542208,0.2981276664127,0.3926242709653,0.1176585579521,0.2090117654757,-0.2435768160807,-0.0806158863422,0.4366658224965,0.1207197630442,0.2624751659415,-0.1784143874284,0.0759671593126,-0.0070897531329,-0.1429472001045,0.3377872687865,0.3942306935061,0.1246892194351,0.1391778543528,0.1737286830941,-0.1128688609666,0.0791420589521,-0.0033762223138,-0.1470982235434,0.1765382588384,-0.0371868147365,-0.1296322624440,0.2778735846279,0.2903145904244
-0.1737120797579,0.1165592848319,-0.1390319167086,0.0281081797318,0.0812031256658,0.2513013156771,0.0473485453583,0.1130756691139,0.0538981276270,0.5750714093491,0.3625759078665,0.3013966348746,0.2708817046668,0.1331567889619,0.2020100647615,0.0194657699854,0.3124133381580,0.1345889368794,0.0910408179183,0.0978059195780,0.3370716160681,1.0000000000000,0.4807544448987,0.1471876657706,-0.0304304559481,0.1347652537886,0.1387006478360,0.1734211743432,0.4319786533932,0.0996421765975,0.1401007776611,0.0962115815213,0.3047211042212,0.0233690465250,0.0070279288837,-0.0870711044596,0.0146273606093,-0.0723287041028,-0.0554144583031,0.1611737217421,0.5274537005783,0.1869088486917,-0.0142815640150,-0.0964994400817,-0.0274763769254,0.3866840791189,0.2810997038546,0.1365474749932,0.4146277341256,0.0960182234167,-0.0905820265825,-0.0140555046937,-0.0990983087574,-0.0682790972353,0.1181634831072,-0.1287289627498,0.0770243229523,0.0785740989673,0.0471442465712,0.0825581058132,0.2525280538475,0.2394232880293,0.1048708348512,0.0947670134671,0.1057518578735,-0.1780218820836,-0.1451086599327,-0.0023864425027,-0.0026858289745,0.0042004084349,0.0278377906319,0.3620771811254,0.1394499238860,0.0142999806980,-0.0037808731145,-0.1484515442309,0.0058512967303,0.1271246889696,0.2771568081373,0.0272650772858,-0.0987199745001,0.0079033877407,-0.0022094694384,-0.1557296924017,-0.0829023922356,0.0032592325746,0.0105433277712,-0.0433306644398,-0.1688785499709,-0.1384106744037,-0.0772037264518,0.0763869050870,-0.1411179987878,0.3039063741474,-0.1040184715700,-0.0136898937391,0.3116075283089,0.3467891896898,0.0444888337362,-0.0922666759810
-0.1527064538206,-0.1720520821036,-0.1545640537592,0.2473950963125,0.1587376771111,0.3108173534627,0.2535269264684,0.0455157886928,0.2936996086979,0.3722787042335,0.5895320700002,0.7672130891773,0.2794674049831,-0.0271629602532,0.1846810113439,0.1531094525148,0.3872030307913,0.2685649359669,0.0439890839175,0.2594872998003,0.5627742845090,0.4807544448987,1.0000000000000,0.3690082467352,0.1080494812853,0.3272668941782,0.2804862304288,-0.2044700980975,0.0692192204802,-0.1770012076365,0.2166161336948,0.2296572729471,0.4766573442647,-0.0762047748187,0.3245455655719,0.0536970594085,0.2840998239881,0.0327793221678,0.0786996152351,-0.0838162912280,0.0886727591516,0.0769093720710,-0.0066001561659,-0.1908851978901,-0.0918031508496,0.1538634305215,0.2229876204330,0.2046076612434,0.0095173264361,0.2497101751643,-0.0089741065753,-0.2138250623538,-0.0125283002276,0.1296367180873,0.2099392066404,0.1188201437442,0.1059684758036,-0.0317173350350,0.1911835428144,0.2087091744288,0.1952781907350,0.3769153755812,0.4011327820811,0.1686207737998,-0.1184291765211,-0.0026071414902,-0.0086198875005,0.2167580651213,0.0365694988906,0.2003932432743,0.3756958235499,0.6275546225544,0.4101712438223,0.2361275556211,0.1910049427326,0.0108239355298,0.1231279289262,-0.1977299393020,-0.0535439988852,0.2307279359238,0.1276523035362,0.2108465108803,-0.2798596849812,-0.0681815178933,-0.0345647274981,-0.0624971902702,0.2987262204757,0.1955209268762,0.0335506196383,0.0946490700401,0.1114096746848,-0.0626096085305,-0.0417757467134,0.2444558382626,0.0475830790122,0.2110533942434,-0.0791147646864,-0.0344887864792,0.2420941025946,0.1721258318513
-0.2883962012971,-0.3213820141970,-0.1971170421497,0.2269097470508,0.1293600113777,0.4312227253476,0.4331680562831,0.1497200875373,0.4106759947771,0.2368545661200,0.4155164423535,0.4242893314922,0.3552685552882,-0.1062841438839,0.2650833885458,0.4542365567630,0.5729843516530,0.3256336229890,0.3060744717598,0.4358581787885,0.5978606889155,0.1471876657706,0.3690082467352,1.0000000000000,0.2002853832469,0.2959494441462,0.4444920018955,-0.2646358464435,-0.0726216055635,-0.1789370504596,0.6675274188564,0.1435143743278,0.4531985295961,-0.1389477919875,0.6020030279163,0.1494777818862,0.6803872593024,0.2538390741885,0.5238961027653,-0.1101071137298,-0.0629967408657,0.0847336746840,0.2378279907011,-0.0763657893682,0.0295503927047,-0.0558708271151,-0.0531884625390,0.4818030613087,0.0820899810175,0.3767756802431,-0.0358040879090,-0.2926386068696,0.2327515177961,0.2394627338836,0.3311707257325,0.3949496222019,0.2898102259835,0.0776134477835,0.3670565744384,0.3903906317706,0.2128646993605,0.4376197600482,0.3885804112937,0.2766789238802,-0.1182624263532,0.3949849669093,0.3093013046279,0.4991347514257,0.3516753964820,0.4586366859580,0.4960057500930,0.3817143873086,0.7961056889767,0.3623088218954,0.3506668923825,0.0634371297054,0.2165749528678,-0.2513391454737,-0.1615759441179,0.6541333893472,0.0866949720056,0.4123218193505,-0.2384353592666,0.2592072486686,0.1312853816589,-0.2306312264750,0.6067594403537,0.7043026674681,0.3356937750433,0.3356063282557,0.5556294925300,-0.0942016925570,0.1313637696185,-0.0013265882464,-0.0588067447985,0.5816745514583,-0.0248156455831,-0.1370217985251,0.4774651423711,0.4469062982334
