1.0000000000000,0.7255018727725,0.7584726309786,-0.4054366138483,0.6791014560506,0.4625204058682,-0.2735742199791,-0.1020736693481,-0.4887853472552,0.4243722969584,0.3982499918948,0.4555969018466,0.2574279270974,0.8181669296960,-0.1399092341796,-0.3243026511015,0.2494524018413,0.4845773304758,-0.5330932892288,-0.1845298013339,0.3146489325250,0.3363705852122,0.4686282904077,0.1285199525523,0.0172427494356,0.3187302204090,0.2735315270323,0.0064051307143,0.1607970774898,0.4998163661728,-0.0466277036631,0.3279376944880,0.4085662133022,-0.1522388181650,-0.1508728740673,-0.1296765479736,0.4932497149624,0.2580370649429,0.0321960161193,-0.4929655209351,0.1865247881805,0.5265066816535,-0.2722939057601,-0.2420091967149,0.1691273317060,0.0043582464478,0.2532040088000,0.3823978180175,0.5280569177889,0.3572004367450,0.4485271226384,0.7136818627244,-0.3658698945732,0.3951396488704,0.2105466190781,-0.4451245516871,-0.4581369347195,-0.4294604520124,-0.2466705617521,-0.5843854454927,0.2092665397120,0.1089994474405,0.3448077575496,-0.2681279031939,0.2936225525933,-0.4718859950000,-0.4757881195138,-0.1761516869396,-0.4530904180749,-0.4388570404535,-0.1988910645246,0.4292307602885,-0.0012158249800,-0.0764045112298,-0.4925414284792,-0.1824392693316,0.2642987713796,-0.2480374254725,0.0395787336611,-0.3416770791686,-0.0835799563821,0.2381691985407,0.0573907516181,-0.6933477091810,0.0832568224399,-0.3026681850447,0.4440266948322,-0.2191061852725,-0.5637899995241,-0.1159718464081,0.1813554508688,-0.5270785683980,-0.3506541853376,0.0448364360605,-0.1808479322667,-0.0641027186606,0.1379481976342,0.3500528596565,0.0168405204484,-0.3943527737608
0.7255018727725,1.0000000000000,0.7302439137955,-0.0656554398585,0.3544326159532,0.2679624218491,-0.1634650595485,0.1521705788576,-0.2184876885933,0.6187410087670,0.3118913738694,0.4236233572588,0.3628516165827,0.7659074463979,0.2677054301828,-0.1144761255430,0.4029425055925,0.5201678938287,-0.3606954109697,0.0487037805350,0.4896374355879,0.3905247453785,0.4272462218146,0.1765663659396,0.2120015805354,0.4079031147116,0.4053892208388,0.1604137326099,0.2405496599824,0.6998468465281,0.1564175973250,0.4274350792068,0.4711889009861,-0.0332707288097,-0.1259476103768,-0.0213507910637,0.2013688513274,0.4042441738815,-0.1507444220730,-0.2382668817322,0.2479280468289,0.5679611089609,-0.0082845649557,0.0516651119306,0.3211708367069,0.0543987664913,0.3138809535487,0.0882250129390,0.4211648764350,0.4204230936596,-0.0454698493125,0.7281079958355,-0.4575327376388,0.0312922749696,-0.1212164064084,-0.4913121576039,-0.2650015482952,-0.0926926707688,-0.0498344904330,-0.3423431994436,0.0295534106018,-0.0912889403127,0.1952916487613,-0.1017293546184,0.1936321034020,-0.4941099042370,-0.4325077187800,-0.1359021336082,-0.4216226288781,-0.2792390684008,-0.3656730096048,0.1564663693342,-0.0661387379555,0.0773709819985,-0.5149188133967,0.0004947600689,0.4282387068583,-0.1085118944956,-0.0347503688939,-0.4274652428146,-0.1383971321262,0.2052687447737,-0.1302167982112,-0.6303034978307,0.1958242391988,-0.2961653506168,0.1285462951322,-0.2453445407256,-0.6300183188712,0.0554022313085,-0.1673547666760,-0.2578741644892,-0.0135703566145,-0.1901244962139,-0.2460901329399,-0.4471663981749,-0.1381019185870,0.0938051351485,-0.2384260642631,-0.5658710225124
0.7584726309786,0.7302439137955,1.0000000000000,-0.0354580595666,0.6000710799890,0.4751811000109,0.0164078900868,-0.0410174647376,-0.4272956402901,0.4238764093601,0.2908172952137,0.3927566214895,0.2841118072591,0.7243327181320,0.1144497653960,-0.0849904408708,0.2823973778522,0.3351126928555,-0.4292301500321,-0.0576944047151,0.3902523648956,0.2317328359761,0.3762614165977,0.0845312157680,0.0951817318055,0.3869329250529,0.2601257466730,0.0209729559953,0.0460429957440,0.5234463337129,0.0739372535919,0.3827546249758,0.4153594894597,0.0169454026114,-0.0357545508537,0.0441412938179,0.3056619062067,0.3463170721034,0.0326616274370,-0.2791671201451,0.0646378743803,0.4431645677162,-0.0018058325290,-0.0300649913268,0.2827285598394,0.0684099645578,0.2667699972524,0.2947993832729,0.3845765363568,0.3511741945162,0.1924279064863,0.6977873760418,-0.2328167478056,0.3726767284744,0.1170200813915,-0.2595342663678,-0.2861099662856,-0.2300901886977,-0.1291196559980,-0.4855608221417,0.0953962718871,-0.0554756744216,0.2230236518073,-0.1405938610919,0.2347041028467,-0.3495992575775,-0.3449012871567,-0.1656030639868,-0.4208480980501,-0.3324142042888,-0.2608588612120,0.2308929883146,-0.0898321706941,0.0073244255047,-0.4291353930687,0.0262433163832,0.2581940297061,-0.1664013087500,-0.0870657714364,-0.3859937977152,-0.0025483837004,0.1640299149881,0.0390434714346,-0.5499517259663,0.1291829394496,-0.1984423069615,0.2542483297341,-0.1900499442678,-0.4915495100400,0.0733000390912,0.0646255579789,-0.3015581444563,-0.0449947504706,-0.0255219162939,-0.0570082157366,-0.2040235183951,-0.0862084473686,0.1399067591773,-0.1014944686725,-0.4310235174566
-0.4054366138483,-0.0656554398585,-0.0354580595666,1.0000000000000,-0.3299647718926,0.0212506074490,0.7067049505058,0.3750928294161,0.5337502678310,0.1680390923022,-0.2735896607632,-0.1444637415538,-0.0612853146500,-0.2490323302450,0.8539759067865,0.8326955053457,0.0798427904762,-0.2873164376379,0.5749269125143,0.3119970053790,0.2258998012129,-0.0498714949138,-0.2341932593699,0.1206606911644,0.1965029409296,0.1207519594114,-0.0426991493551,-0.0463870515104,-0.0772080602847,-0.1275041484752,0.4493064713410,0.1418283408508,-0.1245054661723,0.6182420119749,0.3807682906174,0.5530223314626,-0.4975752384856,0.0551732699369,0.1295082178268,0.7002465132220,0.0739599059108,-0.1881930603973,0.8509934908890,0.5061063656834,0.1202310720881,0.2440524749267,0.1676717309353,-0.1900338333369,-0.2704678376779,0.0511658345401,-0.3993244099164,-0.2768124125953,0.3784449774232,-0.2193346551860,-0.1859559486503,0.5465419897679,0.5701307090325,0.5649995455604,0.3224727102271,0.6384148780286,-0.2695568219085,-0.2302394751652,-0.4135434837812,0.3155583334209,-0.2260370500817,0.2411599564386,0.5252385958143,-0.0000567899402,0.3758355987847,0.3288606501623,-0.1372962820158,-0.5673087268585,0.0285316872640,0.2784380165759,0.1831412083289,0.3929811364211,-0.0783761084343,0.0834307592704,-0.2377189688169,0.0817616508698,0.0255655057333,-0.3606695303984,-0.1181773831416,0.4631399599300,-0.0197133174700,0.3592247942903,-0.5886208017446,0.2961789846024,0.2010889736357,0.3251624699369,-0.2113408258261,0.7043673357599,0.7819061633502,-0.1395744890414,0.2169553609555,-0.1692207005422,-0.3148465325756,-0.5486612379595,-0.1522079178481,-0.0267633519059
0.6791014560506,0.3544326159532,0.6000710799890,-0.3299647718926,1.0000000000000,0.7882741981579,0.0799066963582,-0.0690222207029,-0.3507885310145,0.3776052923951,0.5842012074522,0.6109298920699,0.3162783440210,0.6030466679228,-0.1544293683204,-0.1752708043328,0.3332096933547,0.4667594174055,-0.3909099428982,-0.1096861836650,0.3823799354816,0.4464075541277,0.6078176578077,0.2521435268363,-0.0017997529684,0.3673743580122,0.3052603794395,-0.1597801264891,0.0482443268361,0.1540053072934,0.0805845413679,0.4090381687722,0.4648232729352,-0.1429530974795,0.1265623101531,-0.0075401459020,0.6279461249546,0.2654921174203,0.3931078057923,-0.4963339839924,0.1591891065984,0.4867538150922,-0.1765608066136,-0.3032736806576,0.1388460691742,0.0890898251975,0.3518161662877,0.7300612897039,0.5272332920077,0.4456230945137,0.6924959344630,0.4021130983835,-0.0835687947349,0.7076639313421,0.5625732581645,-0.1133946846473,-0.4004346730751,-0.4578925285451,-0.0430460193032,-0.4926512436988,0.3402224097104,0.3331651348087,0.4309944570269,-0.1573793200320,0.2594246991049,-0.2429223092274,-0.3151145733258,-0.0541917062244,-0.3328018436891,-0.2736227738928,-0.0240532562051,0.5260196406464,0.3131988912177,-0.0023958650161,-0.3703025283293,-0.2770268194581,0.2358692647942,-0.4315645032613,-0.0243750365814,-0.0180026418238,0.0042013823152,0.2506998256276,0.0874888915566,-0.5546080935146,-0.0281523264059,-0.3764681658171,0.5939863054054,0.0237093917357,-0.3471765099466,-0.1381635859754,0.5041873252617,-0.5978812690492,-0.4020971680818,0.0576706697622,-0.0946326052813,0.4140777868381,0.2637252013264,0.4231367620067,0.2134256355366,-0.0806818199267
0.4625204058682,0.2679624218491,0.4751811000109,0.0212506074490,0.7882741981579,1.0000000000000,0.4813690165451,0.1133517054828,-0.0888478614405,0.5718338598803,0.5953190041433,0.6641951349739,0.3276315882480,0.5039892861059,0.1913710781633,0.1850996426872,0.4600309803225,0.4620618780485,-0.1411083810442,0.0629118030210,0.5448914222761,0.5333784448193,0.6415070225872,0.4558793014754,0.1466814577844,0.4520986012316,0.4569059165273,-0.2254283138696,0.0789339605147,0.1247067526316,0.3795918958100,0.5318020597100,0.4910943413068,0.0382259504676,0.3803324116833,0.1862133745713,0.5779381968686,0.3502766802290,0.6375098124458,-0.2381392585758,0.2703606547802,0.5050382129710,0.1743769479578,-0.1328718862102,0.2137107816893,0.2299650542687,0.4552945761638,0.8560835725134,0.4584557177301,0.5187752447693,0.5175525524054,0.2008022279726,0.0468612070011,0.7067666589054,0.6230976560464,0.1564117836759,-0.2022450577445,-0.2887390867750,0.1278760228101,-0.2201218340993,0.3256669178949,0.3665852283334,0.3574564117169,-0.0432481450440,0.1397171080890,-0.1647747001452,-0.1016309885464,0.0014274908230,-0.1796542316577,-0.1065106258358,-0.1069670653886,0.3935551210209,0.4486895400032,0.1750413103942,-0.3579437254115,-0.2630324799292,0.3386546138862,-0.4611126800632,-0.0955660156155,0.1053286953862,-0.0002104892529,0.1738818271150,-0.0460301737031,-0.3530894566759,-0.0579682777218,-0.3381164906815,0.4760577699344,0.2964183314784,-0.2785849310786,0.0089602943151,0.5964870202749,-0.3692350730637,-0.1402058342504,0.0232857370809,-0.0550373277412,0.5089616548186,0.1784282021848,0.2103211466881,0.1610978172831,-0.0638927761704
-0.2735742199791,-0.1634650595485,0.0164078900868,0.7067049505058,0.0799066963582,0.4813690165451,1.0000000000000,0.2862184200386,0.3811744326678,0.2610376004534,0.0162229859816,0.1207862092312,0.0340055848161,-0.1503270340688,0.6177430807536,0.7047072014417,0.1995490217689,-0.1265627765232,0.4179784046679,0.2603825699758,0.2688092573658,0.1283366195794,0.0410411638198,0.2970390621548,0.1719273282244,0.1801798163618,0.1330701283071,-0.1379468433213,-0.0834172657485,-0.2125087972422,0.4691351751195,0.2271890845762,0.0704105145502,0.4118747920425,0.5591274635194,0.5323732502449,-0.0806646868192,0.1424200968834,0.5487902453259,0.3786187389370,0.0804091985929,-0.0454370201874,0.6481072726721,0.2805898864656,0.0755588792541,0.2777974247037,0.2265886343843,0.3070173517870,-0.0866400898549,0.1455484328373,-0.0331617771539,-0.2490375531598,0.5170358022464,0.2834839633717,0.3375739782385,0.7557627709166,0.4091134713672,0.3051227143893,0.3675910490931,0.4586260272943,0.0639027999565,0.0961973614821,-0.0740415605536,0.2777191110830,-0.0785106648147,0.3431610592623,0.4951100148284,0.1040628634701,0.3000363690391,0.2850362956405,0.0292247525203,-0.2012681582719,0.3139541352789,0.2934522205028,0.1069679476718,0.1443613153911,0.0188876254480,-0.0691977349048,-0.1542631036246,0.2389134842136,0.1073708364885,-0.1141647010931,-0.0895822203825,0.3490268493243,-0.0247732605762,0.1440868743823,-0.1849022312488,0.5407952526483,0.2331087129125,0.2654173539349,0.2710127222047,0.3288925513178,0.4389500761763,0.0254852025894,0.2120816436355,0.2718695720683,-0.0831717056349,-0.2864382382670,0.1076993027358,0.1566442922741
-0.1020736693481,0.1521705788576,-0.0410174647376,0.3750928294161,-0.0690222207029,0.1133517054828,0.2862184200386,1.0000000000000,0.7279559754281,0.3779438102305,0.2584286422251,0.2859604069274,0.3068789955773,0.1099628914387,0.5182585121609,0.5381108811696,0.4919344043801,0.3438290549597,0.3523057216247,0.7405920455195,0.4889785857315,0.2443110573465,0.2180657376524,0.4703658517390,0.6511521321083,0.5477225101032,0.5420964932638,-0.0415505484055,-0.0210285958696,0.0996836343077,0.5532181241561,0.5231249164604,0.2681706413284,0.3249004896537,0.2827486382363,0.3912468086187,-0.0654593245762,0.5733505919077,0.1205240880253,0.2229879774499,0.2854367793025,0.3080248371537,0.5097251466225,0.4695756272970,0.5009180991135,0.1428216614319,0.3909835759308,0.0578794593082,-0.0041466588702,0.3346282559577,-0.1560536803840,-0.1518466551831,-0.1141901082228,-0.2219339188527,-0.1586457985845,0.0818116598395,0.4795161188080,0.5820465924499,0.5045689163657,0.5640404392011,-0.1686786531784,0.0725609624370,-0.1475974086173,0.3589841988760,-0.2063850285834,-0.1837150894525,0.2081168489497,0.2300364118103,0.1932307134118,0.5285590664324,-0.2506199379307,-0.2022504818807,0.3525343604312,0.6176569561819,-0.1669045057469,0.1409167514095,0.4533971405160,-0.1224389705908,-0.3013835087912,0.1692177583285,0.0097653086176,0.0221919519727,-0.2610333030794,-0.0105039833400,0.2912177884751,-0.0279366988457,-0.2194740379465,0.2675916087896,-0.2320475122348,0.4636525472640,-0.0859812026989,0.2218258121257,0.4909252427893,-0.1898101194787,-0.0899005079804,-0.0855571812240,-0.2304564157353,-0.1635626508707,-0.1277006780688,-0.3328361103491
-0.4887853472552,-0.2184876885933,-0.4272956402901,0.5337502678310,-0.3507885310145,-0.0888478614405,0.3811744326678,0.7279559754281,1.0000000000000,0.1385287116344,0.0505567754684,0.0820837023716,0.1226214163143,-0.2703164533796,0.5536246277979,0.6789653777207,0.2971372620972,0.0516302375077,0.7510695750391,0.6343350611833,0.3192754748436,0.0090466960439,-0.0018550879040,0.4654632010543,0.4721577544688,0.2938954758987,0.3041424146603,-0.0214297808143,-0.1214159069514,-0.1874068710441,0.5511813180621,0.2892906992229,0.0276391847684,0.3782822403877,0.3954490217961,0.5425376489468,-0.2278581007302,0.2298751621768,0.1736167469015,0.4329221551985,0.1633778681372,0.0338530414096,0.6099518488350,0.4249148648257,0.2067470631031,0.1766975242065,0.2251249314846,-0.0945760124898,-0.3050360777403,0.1540041992544,-0.3063473325193,-0.5074583948145,0.1089281575115,-0.3422429780029,-0.2464956459916,0.3212530594240,0.5263396025062,0.5968673030535,0.4645870967227,0.8081753219825,-0.3223267652879,0.0133442960445,-0.3031664122274,0.3702654148759,-0.3768003170263,0.0990940594638,0.4488825136040,0.2246180119415,0.5554487000828,0.6675765648191,-0.0830082097051,-0.4209133470659,0.4348988826725,0.5628900853432,0.1635258148079,0.1853144864274,0.1798181881495,0.0547604050025,-0.3704701957249,0.3329026814738,-0.0146271020476,-0.1742248648084,-0.3213602765656,0.3665800974677,0.1154798427812,0.1095677282442,-0.3321525596746,0.3723580167623,0.1404490836817,0.3748548192391,-0.0787441598814,0.4372184905050,0.5295904267384,-0.2226123202707,-0.0128500580243,0.0325244728960,-0.3331660177224,-0.3568813085425,-0.1330197896361,-0.0369647163656
0.4243722969584,0.6187410087670,0.4238764093601,0.1680390923022,0.3776052923951,0.5718338598803,0.2610376004534,0.3779438102305,0.1385287116344,1.0000000000000,0.5138219525265,0.6850245233434,0.4134904072175,0.6352017873210,0.5317653348558,0.2884746048027,0.6129085285229,0.4893731626267,-0.0105848861232,0.2155548191981,0.7513909681417,0.7649228459644,0.6260115624523,0.4740815362489,0.2914202833060,0.5516806321589,0.5543830677187,0.0731327164794,0.3453657166863,0.5037807390511,0.5036500695427,0.6515023473198,0.5326308070370,0.1429625925372,0.1521292550327,0.2161889310897,0.2988238619571,0.4566499152161,0.2369731751800,-0.0052760327353,0.5686174115374,0.6717644908156,0.3517900686979,0.1224058413390,0.3141878491995,0.3475438821470,0.6058758879085,0.3955120469069,0.5120947872065,0.6307551073286,0.0268179278982,0.2442353971752,-0.2864913003312,0.1436726962730,0.1211218744833,-0.1423478075275,-0.0791737352640,0.0235642870025,0.1306866977875,-0.0147102280712,0.1473318510981,0.1934268509490,0.1880945256684,0.0409368662222,-0.0410099973862,-0.4551723405825,-0.1706875190646,-0.0524537111514,-0.1331601793719,-0.0782600931017,-0.3458128609250,0.1038447757062,0.2886711651437,0.2935201179182,-0.4748942301969,-0.2266273359537,0.4328048080899,-0.2551628419855,-0.0691723023341,-0.1354225852251,-0.2424731387421,0.0416689501766,-0.2368432177701,-0.4283265952210,-0.0022641186121,-0.3297555003403,0.1469569609627,0.1011462294652,-0.5246930782006,0.0664411889986,0.1141255208492,-0.1148943304671,0.1231700947527,-0.2204299934108,-0.2117872467552,-0.1010074314576,-0.0348198832239,0.0662750579923,-0.0941189235678,-0.4539271583472
0.3982499918948,0.3118913738694,0.2908172952137,-0.2735896607632,0.5842012074522,0.5953190041433,0.0162229859816,0.2584286422251,0.0505567754684,0.5138219525265,1.0000000000000,0.8987966610885,0.6624810154346,0.5722321993883,0.0095576576944,-0.0791707316498,0.7417881671952,0.7236265563045,-0.2246140128523,0.3403417909717,0.6965057194857,0.5422405853242,0.8791076431493,0.5687411950424,0.3693498661913,0.6671951201443,0.7172852911081,-0.0926983686522,-0.0132245427876,0.2884123142586,0.4023172891750,0.7118547939073,0.7769549296718,-0.2045473029898,0.2834627220946,-0.0658881778417,0.7391970144084,0.5713097573603,0.3916156257941,-0.4131619537967,0.2071595501625,0.7916781278901,-0.0763381410367,-0.1032918014812,0.4259490836089,0.0982967107389,0.5509181861662,0.7019666393924,0.3011964933632,0.7200530030726,0.2863301538039,0.1468794295256,-0.3597032467349,0.2085859820392,0.1334350993275,-0.2898934699457,-0.3062025491062,-0.3281770531558,0.2039830202811,-0.3584782650361,0.1359146670789,0.5385471044238,0.5298050141238,0.1146960887230,-0.0008448595851,-0.4177916628507,-0.4358733854650,0.2875554356954,-0.3727990288290,0.0814797934511,-0.0515024845080,0.4627667081030,0.5814920951544,0.3287944392478,-0.4721709516661,-0.3281568742305,0.6262674978693,-0.3319713562468,-0.2312475274451,0.1788640917565,-0.0068828031629,0.4487282867915,-0.2526382727637,-0.5548620925147,0.0359696824133,-0.5971835132891,0.6284645698445,0.0143182415827,-0.4812762257258,0.0762949953906,0.3589100516057,-0.5331494207817,-0.2707718429802,-0.2094539962590,-0.2309722767003,0.3630051116086,-0.1115350048563,0.2468784019427,-0.0095524824051,-0.2035656291561
0.4555969018466,0.4236233572588,0.3927566214895,-0.1444637415538,0.6109298920699,0.6641951349739,0.1207862092312,0.2859604069274,0.0820837023716,0.6850245233434,0.8987966610885,1.0000000000000,0.7095679288237,0.6677910372945,0.1605633053543,0.0359543848670,0.7879918558900,0.7070862972972,-0.1829445661930,0.3294252617977,0.8178716858813,0.6203021405591,0.8964903334469,0.6030091165911,0.3824125816643,0.6922528029355,0.6960808938092,-0.0747190466059,-0.0000764463407,0.3629512705333,0.4606785128950,0.7865518695683,0.8001499230430,-0.0801687818779,0.3256085570866,0.0657064112853,0.6684212815636,0.5757379616510,0.3924402811155,-0.3495724204951,0.2547721745550,0.8147014715333,0.0659842442005,-0.0586005442867,0.4482063579729,0.2857038958749,0.6747392465571,0.6607204955133,0.2881103543188,0.8045147174601,0.2344885359637,0.1800227691346,-0.3998331382636,0.2823600269235,0.1353842350097,-0.2240278697229,-0.2118139468526,-0.2306358429851,0.2265088113170,-0.2769195507694,0.1465839517355,0.4617377336099,0.5452573511622,0.1436083874539,-0.0641025364491,-0.4792000735268,-0.3825741537472,0.1972724568044,-0.3001949142676,0.0708540158222,-0.0692278253879,0.4014713801271,0.5861998481630,0.3927890945324,-0.4580376428269,-0.2809789399698,0.5694415019866,-0.3189441300862,-0.2724613897334,0.0795946514839,-0.0547165384833,0.3958166092927,-0.2829873616549,-0.5871530984295,0.0513640468522,-0.5642335271666,0.5380596474112,0.0348518095445,-0.5324044422778,0.1191853899587,0.3311545448809,-0.4835034640160,-0.1894749337050,-0.2299805470557,-0.1643738877903,0.2749553810137,-0.1879872993828,0.1565949931014,-0.0379000683361,-0.2850935112757
0.2574279270974,0.3628516165827,0.2841118072591,-0.0612853146500,0.3162783440210,0.3276315882480,0.0340055848161,0.3068789955773,0.1226214163143,0.4134904072175,0.6624810154346,0.7095679288237,1.0000000000000,0.4483000656680,0.0900530169645,-0.0829530710387,0.8445724335438,0.5415219328931,-0.2574286313753,0.4636675724176,0.6554780186627,0.3000943607840,0.5044299347908,0.4419319664146,0.5185705074139,0.4598661399265,0.6001492348176,-0.0887313842529,-0.2356942368986,0.2438207191642,0.4088920471325,0.6012026659453,0.8793946890485,-0.2359662133890,0.2111405522272,-0.1754735434679,0.4561196763044,0.6145268974667,0.2094405817939,-0.3554523083848,-0.1409998843963,0.5930384202788,-0.0275074175459,0.0826095571706,0.6073595954844,0.1381071436717,0.5054398245706,0.3248099208744,-0.0718221216855,0.6867729057878,0.0701632542911,0.2889588458239,-0.3332725022620,0.0469616021791,-0.0826704202624,-0.2445806612685,0.0368062645009,-0.0414412954619,0.3458994256151,-0.2366856083880,0.1532521841641,0.3689433772454,0.5859267938849,0.5625368091339,0.0175382812174,-0.3186238096399,-0.4496568361861,0.5606393526801,-0.3961437030228,0.3363912132704,0.1623097420262,0.2959280986598,0.4744176311739,0.4754976771094,-0.3842981585404,-0.1327694841715,0.5147303266066,-0.1337383716109,-0.2747005826111,0.2115081809288,0.1185375576306,0.6390195683414,-0.1128051694879,-0.5120879359851,0.1961925736467,-0.5788229750502,0.4080250188902,-0.0920190452131,-0.4623988821198,0.3186954752855,0.1076736373337,-0.4450851740481,-0.0981225356595,-0.2241642146110,0.0862507456256,0.1224782665295,-0.3014608283742,0.0602928766277,-0.0972306736801,-0.1596423003064
0.8181669296960,0.7659074463979,0.7243327181320,-0.2490323302450,0.6030466679228,0.5039892861059,-0.1503270340688,0.1099628914387,-0.2703164533796,0.6352017873210,0.5722321993883,0.6677910372945,0.4483000656680,1.0000000000000,0.1002444297832,-0.1648234840699,0.5065131841585,0.6052247999197,-0.3825085834105,0.0962704644010,0.5871142251748,0.5445015630351,0.6356007646728,0.3087167627183,0.2305732581623,0.5265509777854,0.4692077206668,0.2374203661614,0.2548177832230,0.7760765221213,0.1818635290432,0.5653809947774,0.5939734115270,-0.0635253141367,-0.0199121076924,-0.0615121523647,0.4757576799295,0.4092972136078,-0.0060152082741,-0.3848089065473,0.3324371264781,0.7924958629257,-0.1365546088389,-0.0880230139341,0.3070494157425,0.2289804358613,0.4998753655628,0.4073414227325,0.5731680717486,0.6512528401047,0.2006982043310,0.5363777987941,-0.5221603579736,0.2036311944048,0.0369885334623,-0.4726409133646,-0.3938405807665,-0.2712754313176,-0.1372306664593,-0.4928606538816,0.0499717131247,0.1557382413396,0.3483745263883,-0.1780032112494,0.0922891586823,-0.6247655934383,-0.4725909996618,-0.0982293054648,-0.3748473956908,-0.2359982582524,-0.3018143448370,0.3374487495898,0.1071552972540,0.1732145212876,-0.5276129316316,-0.2597965696830,0.4096074743572,-0.1224898971247,-0.0256574799181,-0.3072053523632,-0.1975140149880,0.2532646289730,-0.1720626254087,-0.7216839008352,0.0571846634376,-0.4252589334823,0.3669029694840,-0.2317248224152,-0.7106316955201,-0.0196257661728,0.0575712822994,-0.4769338099412,-0.2223377283634,-0.1929566530943,-0.2780259588142,-0.1075433497139,-0.0548805689879,0.2454995106893,-0.1679018800623,-0.5479636556608
-0.1399092341796,0.2677054301828,0.1144497653960,0.8539759067865,-0.1544293683204,0.1913710781633,0.6177430807536,0.5182585121609,0.5536246277979,0.5317653348558,0.0095576576944,0.1605633053543,0.0900530169645,0.1002444297832,1.0000000000000,0.8171239375680,0.3526264582311,0.0224144020085,0.5354526803050,0.4185048780804,0.5110198431547,0.2501224951969,0.1056641593299,0.3447226584787,0.3527100997416,0.4019627403913,0.2682749507708,0.0986994984356,0.1086742129344,0.1726843087129,0.6343697343107,0.4448730276966,0.1373865129283,0.6075317142898,0.3704387975611,0.5724117299502,-0.3151701202323,0.2776129177102,0.1524494310051,0.6124289362649,0.3679543128392,0.1910806813461,0.8518581504425,0.5316462980910,0.2451159957210,0.3429205358549,0.4330437556314,-0.0120616113873,-0.0029828507706,0.3320998457944,-0.3911592412642,-0.1741122594562,0.0877102818695,-0.2097792997417,-0.2267928950413,0.3237158088275,0.3740163359780,0.5066291060163,0.2825571049556,0.5510490808868,-0.3431357562467,-0.1709336506141,-0.3402675038417,0.1837949179818,-0.2956002050393,-0.0623352171029,0.3816887650545,-0.0782337995802,0.3102734962500,0.2449988913671,-0.3795736652066,-0.4828306019765,0.1007978636289,0.3939497872708,-0.1070415760276,0.2575098053868,0.1953761303927,0.0278989570769,-0.2641867132826,-0.0594196575166,-0.1227038518289,-0.2903698102537,-0.3465045997336,0.1940598033592,0.0334867077071,0.1684031693050,-0.4894954054023,0.2967247037010,-0.1086831989453,0.3175457064530,-0.1759593920955,0.5712695067699,0.7234611913712,-0.2405231647646,-0.0256533985602,-0.2258585583859,-0.3586987010954,-0.4580658753170,-0.2650430359654,-0.3371811591689
-0.3243026511015,-0.1144761255430,-0.0849904408708,0.8326955053457,-0.1752708043328,0.1850996426872,0.7047072014417,0.5381108811696,0.6789653777207,0.2884746048027,-0.0791707316498,0.0359543848670,-0.0829530710387,-0.1648234840699,0.8171239375680,1.0000000000000,0.1881557391968,-0.1209297507735,0.7369794300889,0.4398908332131,0.3769771611402,0.0646227216884,-0.0381851407121,0.4057707188588,0.3023359178433,0.3564960658440,0.1878009610393,-0.0289564031966,-0.0476029566401,-0.1065580600528,0.6428264786530,0.3581484484728,-0.0505645620648,0.6657158714757,0.5624630710818,0.8065702871056,-0.2693484382178,0.2246021969867,0.3639023975518,0.6786097946430,0.2780960498172,-0.0006677928412,0.9389414243619,0.5272427878300,0.2128739110399,0.3506708259882,0.3177979582780,0.0724599200556,-0.1008404903396,0.1450155583866,-0.2642334840923,-0.4302564917519,0.2706304247920,-0.0829288669458,-0.0717762261802,0.5577033620767,0.5024692909121,0.5136029052134,0.2973259460916,0.7166318052393,-0.3178797114055,-0.1178763826188,-0.4125817692883,0.1890297779633,-0.3816748379981,0.1062856139046,0.6700501689160,-0.0762687654519,0.5542226995735,0.3935529964893,-0.2457438543580,-0.4942945914468,0.2476393525302,0.4450956649081,0.0807398307979,0.3376939697922,0.0979888826863,0.0004285702871,-0.3394734250009,0.1385827647791,-0.0047279058186,-0.3496902344356,-0.3069675528377,0.4395603960296,0.0657769562824,0.3528405993464,-0.4279054942834,0.5741569401359,0.1366615794651,0.3795958112138,0.0487630300083,0.6499877341481,0.7519694449260,-0.0742513353273,0.0448828096624,0.0045848179689,-0.2868520958691,-0.4491505996947,-0.1302797053486,-0.1604817452223
0.2494524018413,0.4029425055925,0.2823973778522,0.0798427904762,0.3332096933547,0.4600309803225,0.1995490217689,0.4919344043801,0.2971372620972,0.6129085285229,0.7417881671952,0.7879918558900,0.8445724335438,0.5065131841585,0.3526264582311,0.1881557391968,1.0000000000000,0.6416575195288,-0.0163210045181,0.5983372859355,0.8524630394518,0.4504832592742,0.6669675536751,0.6908617345255,0.5947457289100,0.7103489402060,0.7625542606555,-0.0012199788074,-0.1223255106232,0.3004711001399,0.7176647756003,0.7874239682302,0.8722946606108,-0.0014186168382,0.3187818914449,0.0377314827831,0.4836683095788,0.7155345200780,0.3177970709127,-0.1721456689830,0.1487781950446,0.7304047135854,0.2275535746337,0.2151886063116,0.6110192441509,0.2583214423009,0.6608536634225,0.4376249175835,0.0789627005121,0.7643919099516,-0.0160960862085,0.1126617010100,-0.3636452224672,0.0078375834712,-0.0948046427283,-0.1902327656971,-0.0054901772033,0.0434184058516,0.3836471108081,-0.0826745227340,-0.0666738757172,0.3186413983153,0.3742047638343,0.3759215200365,-0.1693397176311,-0.4420500511906,-0.3164150794240,0.4572799390412,-0.2416721363690,0.3305414407171,-0.1037278431926,0.1194531417027,0.5380464760200,0.5576301531741,-0.4761459978712,-0.1796346662267,0.6122996814846,-0.1802416071667,-0.4199019056442,0.1984518450842,-0.0557267417195,0.4329978487394,-0.3826446989434,-0.4754398405647,0.1031028809377,-0.5188352080348,0.3196800752332,0.0564309169564,-0.5366753074384,0.3123614156738,0.1525814176502,-0.2851380916407,0.0796690004083,-0.3436376781513,-0.1685786033329,0.0887607075597,-0.3529245878445,-0.0414970702227,-0.2413648828408,-0.3640319806134
0.4845773304758,0.5201678938287,0.3351126928555,-0.2873164376379,0.4667594174055,0.4620618780485,-0.1265627765232,0.3438290549597,0.0516302375077,0.4893731626267,0.7236265563045,0.7070862972972,0.5415219328931,0.6052247999197,0.0224144020085,-0.1209297507735,0.6416575195288,1.0000000000000,-0.3118986789331,0.2299155054982,0.6593532713045,0.4272918031433,0.7632354650041,0.5045418434854,0.2995090565883,0.5973835087853,0.6774390932944,-0.0627314271247,0.0104940708411,0.3498925273699,0.3011694603864,0.6521027824127,0.5904387013965,-0.1702408661031,0.1833742269298,-0.0645083038035,0.6043789993021,0.5354087185379,0.2181913242439,-0.2913010567253,0.2296269136440,0.7551959788462,-0.0727083129661,-0.1763489338370,0.3550627156309,0.0606414970439,0.5038325916893,0.4845854750476,0.3158895251722,0.6748576131765,0.1156342241554,0.2894345820685,-0.4918786463753,0.1099798421551,0.0241045584947,-0.4244808726204,-0.2714490985678,-0.2634872036157,0.2418387944121,-0.3256843021658,0.0199352242021,0.2094752209626,0.3714483892714,0.0210155095096,-0.0182790906028,-0.4963610761398,-0.4889658546269,0.1843371527768,-0.4263223798601,-0.0167946089117,-0.2308005981569,0.2959860771331,0.4130693489056,0.2089065342979,-0.5284397961391,-0.2885338966024,0.6919665038313,-0.3702555660089,-0.2863774943218,0.0260884682258,-0.1208739387800,0.3554229616457,-0.2807077505591,-0.6338097943907,0.0482628172202,-0.4662546909484,0.4890283490008,-0.0835703813991,-0.5403500020404,0.0119102512103,0.1814100472347,-0.3768511227369,-0.2112952577791,-0.3398606225654,-0.3370722502806,0.0627102741173,-0.1395384145330,0.0989274428575,-0.1899445424917,-0.3230421149153
-0.5330932892288,-0.3606954109697,-0.4292301500321,0.5749269125143,-0.3909099428982,-0.1411083810442,0.4179784046679,0.3523057216247,0.7510695750391,-0.0105848861232,-0.2246140128523,-0.1829445661930,-0.2574286313753,-0.3825085834105,0.5354526803050,0.7369794300889,-0.0163210045181,-0.3118986789331,1.0000000000000,0.3806720241539,0.0535219615283,-0.0641518300600,-0.2254550744749,0.3210117676834,0.1506663641645,0.0925936280377,-0.0448278661059,0.1930747829737,-0.0101216288628,-0.1901497854216,0.4533094978422,0.0382427469776,-0.2335567937788,0.5595634647016,0.3454336108815,0.6135863362291,-0.3651144454289,-0.0953549951286,0.1382679451035,0.5879629169836,0.2116284826070,-0.1809745283229,0.6369252069602,0.4416439955127,-0.0126727146208,0.3166438571943,0.0909026095874,-0.1510875817858,-0.2230101112206,-0.0713417912692,-0.3382724306749,-0.6588396404917,0.2092032267239,-0.2788437466004,-0.2311166180152,0.4323502866017,0.3553380723429,0.4663411023773,0.1106721237974,0.7483911636018,-0.4742028237125,-0.1510354826017,-0.5247294833271,0.0382260497210,-0.4983987704369,0.1345804724074,0.6317517201077,-0.0515801234235,0.8298950435337,0.4651493610785,-0.1604371168215,-0.5566879081610,0.1897364651516,0.3526424040035,0.3395667130614,0.2273961686606,-0.1776924261229,0.2847047316622,-0.2480473399249,0.2085092004972,-0.1048832473978,-0.4187715213810,-0.3596093547314,0.6108813592439,-0.0358475181483,0.3606470034012,-0.4889719106576,0.3923269164939,0.2971674451064,0.1934764785216,-0.0630461089544,0.5787689592252,0.5370490102188,-0.1098766238607,-0.0382465691958,0.0357611093731,-0.2552377328588,-0.3990473205821,-0.2115610934886,-0.0395439140750
-0.1845298013339,0.0487037805350,-0.0576944047151,0.3119970053790,-0.1096861836650,0.0629118030210,0.2603825699758,0.7405920455195,0.6343350611833,0.2155548191981,0.3403417909717,0.3294252617977,0.4636675724176,0.0962704644010,0.4185048780804,0.4398908332131,0.5983372859355,0.2299155054982,0.3806720241539,1.0000000000000,0.4825336975935,0.1525996235126,0.2182909382671,0.5920197554355,0.8737763889047,0.5761971284153,0.6287017252856,0.1497588644854,-0.1817569122875,0.1608741550590,0.6706199906630,0.5261307866774,0.4766550042512,0.2451931224631,0.4010317988087,0.2853732283905,0.0453924488010,0.7172851695043,0.1180758178479,0.1193543922912,0.0805889001841,0.3611138429763,0.3992333324797,0.6406986932625,0.6981213119596,0.2908161289263,0.4098079117197,0.0650929826020,-0.1845187845300,0.4057985429110,-0.2654129047332,-0.2599930250196,-0.2470733479585,-0.2825021541906,-0.3402891031022,0.0166345679931,0.3790856225848,0.4682031633621,0.4545928742622,0.4096445224605,-0.3337230101014,0.1003180074980,-0.0438844484781,0.3735204431204,-0.4065223329243,-0.2192876805584,0.1546559747388,0.4017442793929,0.2141175506198,0.7726902448522,-0.1547277493497,-0.1619997704598,0.4176010971668,0.8606156253363,-0.1144276037419,0.1938895346698,0.5265367439911,0.1417078841389,-0.3794049681771,0.2486309431399,0.1130849063028,0.2789624484404,-0.4358241691615,0.0233584369836,0.3871177366335,-0.1212285447409,-0.1094299860888,0.2682717345905,-0.2246892976264,0.6931327709700,-0.0813399173133,0.0906162832866,0.4994132278268,-0.2002352292605,-0.0555362528338,-0.0262175209491,-0.4682335742872,-0.2221487883606,-0.3249341082260,-0.3422833159231
0.3146489325250,0.4896374355879,0.3902523648956,0.2258998012129,0.3823799354816,0.5448914222761,0.2688092573658,0.4889785857315,0.3192754748436,0.7513909681417,0.6965057194857,0.8178716858813,0.6554780186627,0.5871142251748,0.5110198431547,0.3769771611402,0.8524630394518,0.6593532713045,0.0535219615283,0.4825336975935,1.0000000000000,0.5350791388018,0.7398017903224,0.6975382336045,0.4688464284701,0.7995012077197,0.7030920299853,0.0148369449485,-0.0003271438042,0.3780811007408,0.7104206440335,0.8525877397306,0.7029842871835,0.1919642078849,0.4456616103959,0.3172239479230,0.4450655443954,0.6484675824775,0.3546895434982,0.0376817245889,0.3069098635639,0.7460694971154,0.4376734179743,0.1970324354313,0.5049583948000,0.3662522257652,0.7240428467860,0.4552701909462,0.2176950940857,0.7769714722261,-0.0390391950201,0.1077294290034,-0.3306479990488,0.0788220786100,-0.0470716468909,-0.1108506716902,0.0034364340266,0.0231647811860,0.3339395355786,-0.0024422033257,-0.0726017247770,0.2097486299306,0.2332437778277,0.2250251477331,-0.2208626141043,-0.4770702299148,-0.1817815720124,0.1657156310228,-0.1351165906566,0.1734763626224,-0.1781636447775,0.0439963577936,0.5254248568176,0.4848318323881,-0.4135372873969,-0.0944669822693,0.5924760486773,-0.2320617306861,-0.4270218663959,0.0974485208519,-0.1135977821171,0.1836933553433,-0.4055308225196,-0.4441629768298,0.0403499674318,-0.3477935178828,0.2746527595996,0.1653069590180,-0.5183227732461,0.2381741319753,0.1618328675896,-0.0946461729069,0.1971041349689,-0.3415681076002,-0.1994547287765,0.0232301261307,-0.3354482822356,-0.1157728040155,-0.2495045976682,-0.4022959530991
0.3363705852122,0.3905247453785,0.2317328359761,-0.0498714949138,0.4464075541277,0.5333784448193,0.1283366195794,0.2443110573465,0.0090466960439,0.7649228459644,0.5422405853242,0.6203021405591,0.3000943607840,0.5445015630351,0.2501224951969,0.0646227216884,0.4504832592742,0.4272918031433,-0.0641518300600,0.1525996235126,0.5350791388018,1.0000000000000,0.6379483288611,0.3338744791292,0.1729052653686,0.4114165832265,0.3823490309096,0.1713678995538,0.5579208395144,0.4332536489700,0.2745287315386,0.4822308838652,0.4276393076702,0.0391131783828,0.1181968380372,-0.0002463083221,0.3408504495901,0.2884938184726,0.2001031194685,-0.1347813851735,0.6934801492783,0.5679008614395,0.0712644319737,-0.0466490516207,0.2116127548663,0.4410332364047,0.5930857093342,0.4278851145459,0.6316079425924,0.5048949071015,0.2016046604423,0.0990025890957,-0.2654086843419,0.1820097827213,0.2357772799370,-0.1807821722635,-0.1806116299528,-0.1225787081220,0.0365790245336,-0.1280950082405,0.1874859807883,0.3155300908948,0.1847848624802,-0.0683808500392,-0.0011853476753,-0.4627641363089,-0.2358598694947,-0.0820402421261,-0.1321719367676,-0.1102455521469,-0.2177052636963,0.2492087956686,0.2999761184287,0.2048681313808,-0.3534055365905,-0.4334668033590,0.2519214803527,-0.2772056446349,0.2198086813584,-0.0303628565988,-0.3087358572664,0.0309048660688,-0.1408776988735,-0.4030098512599,-0.1513151291459,-0.4412440074957,0.2231944226007,0.0174509743963,-0.4473063922825,-0.1185653818572,0.1775819880748,-0.3083336558980,-0.1337062625551,-0.1710563664052,-0.2387603623903,0.1230294994055,0.2524816195337,0.2637210697458,-0.0946598757206,-0.2805844937451
0.4686282904077,0.4272462218146,0.3762614165977,-0.2341932593699,0.6078176578077,0.6415070225872,0.0410411638198,0.2180657376524,-0.0018550879040,0.6260115624523,0.8791076431493,0.8964903334469,0.5044299347908,0.6356007646728,0.1056641593299,-0.0381851407121,0.6669675536751,0.7632354650041,-0.2254550744749,0.2182909382671,0.7398017903224,0.6379483288611,1.0000000000000,0.5690850732898,0.2453715086399,0.7007551114686,0.6802814369839,-0.0352298772622,0.1118927620384,0.3478646723498,0.3780409867341,0.7353232913237,0.6527031769767,-0.0794743681024,0.3107635871043,0.0183901784945,0.6961770837891,0.4942623406667,0.3496928668217,-0.3101654167715,0.3508204921870,0.7752000086248,-0.0122203465941,-0.1674699183938,0.2902501922789,0.2125312404656,0.6375447034135,0.6744072891041,0.3964983424135,0.6745897566059,0.2264526675762,0.1767012723991,-0.3848700601779,0.2815353370986,0.1559974386484,-0.2591029164170,-0.3619847900581,-0.3513614125262,0.1862583197755,-0.3427847511296,0.1099928434140,0.4068403295802,0.4636753016064,-0.0336330526946,-0.0555693706391,-0.4961371771806,-0.4090468750747,0.0844122946696,-0.3601492668076,-0.0865763443991,-0.1504637590059,0.4396733987964,0.4954055958407,0.1955603984471,-0.4983938175875,-0.2931466966682,0.6155288748401,-0.3759689661447,-0.2235447155192,0.0387405643942,-0.0611594415447,0.3006404867154,-0.3030094681717,-0.5904891349111,-0.0228704506077,-0.5006053861415,0.5656130888958,0.0471540930720,-0.5206320693333,-0.0202345785729,0.3225411274681,-0.4406268917359,-0.2431094275195,-0.1743349478942,-0.2599394842095,0.2488264418895,-0.0985738543350,0.2091193157431,-0.0590867129987,-0.2832847530832
0.1285199525523,0.1765663659396,0.0845312157680,0.1206606911644,0.2521435268363,0.4558793014754,0.2970390621548,0.4703658517390,0.4654632010543,0.4740815362489,0.5687411950424,0.6030091165911,0.4419319664146,0.3087167627183,0.3447226584787,0.4057707188588,0.6908617345255,0.5045418434854,0.3210117676834,0.5920197554355,0.6975382336045,0.3338744791292,0.5690850732898,1.0000000000000,0.4977577719936,0.6866094831038,0.7135704206110,-0.0237103407647,-0.1046419734557,0.1317594867059,0.7762171309059,0.6344415832093,0.5452215071208,0.1617532825128,0.5718334929678,0.3497180486763,0.5659656101165,0.5690421485194,0.5173654094518,-0.0425886404447,0.1719201932325,0.5134593419214,0.3627198750649,0.2110193843025,0.4359570214835,0.2661796394774,0.5044502638963,0.4919310810784,0.0659514708350,0.5060953176672,0.0750483301543,-0.0967721830154,-0.1900901249602,0.1490362065858,0.0357208462933,0.0888478002685,0.0681811048219,0.0046480942444,0.4192499210930,0.1881831805125,-0.1020245028582,0.3516763461044,0.2044811878152,0.1767196407394,-0.2743509422060,-0.3040301835907,0.0286019955443,0.3199043850065,0.1461917318860,0.4135252633243,-0.0460069072333,0.1501199727635,0.7463204599028,0.5617221389402,-0.2523594025963,0.0259171598013,0.5602385527651,-0.1390206455926,-0.3955231060650,0.3801711456477,0.0755059739674,0.2697110612110,-0.4023440529053,-0.2024147791927,0.1742112235505,-0.2408494932656,0.3883461066291,0.4766774209435,-0.3071442942580,0.3510707622740,0.4117167113093,-0.1181356430607,0.1515655726234,-0.0879075922886,-0.1261932060261,0.2677024167599,-0.2661787237548,0.0120241282509,-0.0757126575875,-0.2599461282217
