1.0000000000000,0.3651589560459,0.3717952119881,0.0094210322900,0.6707719471423,-0.1060987906531,0.2405835344395,-0.3240873572895,-0.1746215134537,0.1670008541197,-0.0361103744469,-0.0028698016141,-0.1656488267689,0.6149898724958,0.1332009935475,-0.3606795607968,-0.2430254472623,0.0070936137365,-0.3389623922552,-0.2939815858633,-0.3434434518816,0.0361402258728,-0.1222619693821,-0.2152928496827,-0.1894007885366,-0.3234473184880,-0.1009026790204,0.0187454145584,0.0393179732895,0.0687900238173,-0.4415933416787,-0.2706840649799,-0.2199332480809,-0.1411699146808,-0.0342053464407,0.1631300830001,-0.1963402058215,-0.4183911301345,-0.2651589717672,-0.2411986311247,0.0180126927105,0.0078679916945,-0.5012962781467,-0.4490655987782,-0.4844772311553,-0.0542656744400,-0.3188689838732,-0.0031009184372,-0.1282796279955,-0.2946241691209,0.8233971881728,0.4199670146760,0.3001749449076,0.3876960662544,0.1472903718184,0.1487595705223,-0.1263584231562,-0.1275842366709,-0.1596906656705,-0.2370627492471,0.4281663359339,-0.0419929056764,0.0750189557599,-0.1692615150217,0.4181290667982,-0.0535698092457,-0.0182044854178,-0.0856422396084,0.0907080170424,-0.0770175881396,-0.0161103473529,0.0312005216960,-0.0580151386439,-0.0197532547168,-0.1257193619013,0.0714627517750,-0.2793086085618,0.3289163516364,0.1509212844394,-0.0436771131740,0.1147513087081,-0.0993482219787,0.2475313600001,-0.0355431971105,-0.3480692331479,0.0683672940110,-0.0318630816790,0.0797715933611,-0.1240727988694,-0.4645534841376,-0.0959216017614,-0.1711371155618,-0.4235978883665,-0.0969736426045,-0.1126797794108,-0.0477322434640,0.1218425729408,0.3450327751527,0.2141491257324,-0.0601705605336
0.3651589560459,1.0000000000000,0.4498825073192,0.2906422320752,0.3727426775142,0.1429955804130,0.4050930861680,-0.0762851566808,-0.1077131591529,0.2495385408382,0.0473240325568,0.1268957794277,-0.1488011669773,0.4017878078523,0.4267992327907,0.1641024418497,-0.2080265711792,-0.0704775992697,-0.1579251635010,-0.2322974594662,-0.0983572549389,0.3107690861890,-0.0172426666030,-0.0730275603965,-0.2235110507456,0.1641116702060,-0.1873254106301,0.2145508988921,0.2946042247068,0.5972520107974,0.0195638812831,0.0414405788882,-0.1913651685388,-0.0722295517268,0.1877245828780,0.0919891720048,-0.1313585097180,-0.0586251602933,-0.1196212951608,-0.1084376346795,0.0981978972224,-0.0765977974589,-0.2410650268064,0.2680176646573,-0.2023421254585,-0.1381846858168,-0.0573385160414,-0.1170465406868,0.1554891923646,-0.0160479077789,0.4846258701912,0.7940093183011,0.4527411539436,0.3566715459708,0.3461884244690,0.3614289986119,-0.0134865706870,-0.0560187146038,0.1740416936558,-0.0953681310128,0.2219915982372,0.0261985634895,0.0076764805817,-0.2227043030359,0.5910143827562,0.0915551275421,0.0080642596561,-0.1136513003022,-0.0253075384562,-0.1103717234742,0.0672837125454,0.1276496042047,0.0210383151940,0.0479897236899,-0.0306051369426,0.2741618843635,-0.3799012905486,0.1623926399153,0.3432822059775,0.1005703929822,-0.0154526099365,-0.1358946844656,0.1580772619840,-0.1484176837702,0.0391785663569,-0.0559378498081,-0.0470040933534,0.1422735388708,-0.1297841127100,-0.1517143374496,-0.0880809114400,-0.1114022555074,0.1082840462393,-0.2044536990124,-0.1718464337926,-0.0698063792210,0.3670123882529,-0.1539752583576,0.2377877383281,-0.0125708103259
0.3717952119881,0.4498825073192,1.0000000000000,0.7014175440218,0.6727682243578,0.6144255481098,0.6849071819378,0.3115646641671,0.3065087192201,0.4739026992924,0.1710301144638,0.2514346207396,0.1608327361351,0.4277236983414,0.5203404929274,0.3293223334811,0.0556152438264,-0.1296530219201,0.3325966504956,0.1325132457693,-0.1402840171579,0.2310313215619,-0.1312771386065,0.1472197980540,0.0269791569155,-0.1481613447238,0.0899014178317,0.1722501724049,0.1820138686267,0.1781468069270,-0.0138247046413,0.0125083201221,-0.0941204072732,0.1996263836047,0.0705796418181,0.3105068798509,-0.1539786355874,-0.0564245689250,-0.0886890904059,0.3120954032727,0.3846808290850,0.3563600339399,0.1311388654523,0.1223938835338,-0.1220874788294,0.1033853283360,0.0561251979245,0.2420697059061,0.1608706340022,0.0543078280272,0.4629300249215,0.5856385782956,0.2247104953720,0.8176742827031,0.3812090824699,0.6386802871074,0.2141749155536,0.2733309543649,0.2030206835629,0.3458133240458,0.1792542607928,0.2317258444023,0.1185674230575,0.0600789483330,0.1332553877566,-0.1694163100224,0.3515344195537,0.0719695186145,0.4312049799901,0.1169902153702,-0.1164750810104,0.0787790458731,0.0009031351682,0.2034573710409,-0.1714929323815,-0.2895245759356,-0.3105222938650,0.0472917731384,0.1192025745854,-0.0485727019521,-0.2014941821672,-0.1367261363652,0.0334078087847,-0.1567906347840,-0.1588813735923,-0.1142539389817,-0.2800073586377,0.0785226944300,-0.2314683484774,-0.2440547930557,-0.0864138650906,0.2319778685242,-0.0006880574761,0.0222837918950,-0.2569164983787,0.1915457048311,0.0534272214983,0.2658571600348,0.1266972284910,-0.2766070928808
0.0094210322900,0.2906422320752,0.7014175440218,1.0000000000000,0.4556414562223,0.6673306478378,0.7463841354171,0.6594276683152,0.5919332654811,0.5943647585631,0.4218445059711,0.4802511441229,0.4625543019744,0.2594770531214,0.7160295997421,0.5983207810489,0.3628296822835,0.0423935740227,0.6073957297859,0.4389969181317,0.1234558067553,0.3743847342408,0.0754114579174,0.4461713600015,0.2333749562835,0.0478804439893,0.2939339338226,0.2498747398160,0.1710950334960,0.0807924913763,0.2670684128221,0.2460190231727,0.1532480307624,0.3427619469071,0.0967555256566,0.3013308066755,-0.0625577216480,0.1309203816790,-0.0402433210050,0.4886748961706,0.4614091826669,0.4475653809560,0.3581459530548,0.3314499726778,0.0979090363032,0.1521245289901,0.2544747705929,0.2392317121450,0.2256928305063,0.1522435926291,0.1843913703306,0.3563350952116,0.2366874782173,0.5771991222994,0.3441616813205,0.7932410024746,0.4707464648138,0.5060945146325,0.4143821541732,0.6375759509778,0.0481860630424,0.4899137411022,0.2755809334645,0.2835802054471,-0.1243791376241,-0.2533276753433,0.4337269910027,0.3225108543069,0.5336606871231,0.3209252452615,0.0345501151198,0.1625595967368,0.1765652243398,0.3629171322468,-0.1141118988820,-0.3494215615196,-0.1476840432796,0.0766868443790,0.0590908879252,0.0698064716421,-0.2500645455921,0.0024001447208,-0.1987517257297,-0.2244384543613,0.0144176955733,-0.1335297480801,-0.3623319509273,0.0811400269935,-0.2842663287815,-0.0232317668827,-0.1323391500980,0.4060679922412,0.2247247813471,-0.0479289207784,-0.1877853053484,0.2326897812667,-0.0616368463182,0.2227844244902,0.0942522278532,-0.2332796455065
0.6707719471423,0.3727426775142,0.6727682243578,0.4556414562223,1.0000000000000,0.4608247339949,0.5424290991538,-0.0037423595042,0.0251602601760,0.4751165987716,0.1914418105867,0.2917954281416,0.0581576075260,0.4786746689596,0.5570748420018,-0.0134962537239,-0.0843417508591,-0.0594978381177,-0.0489750481585,-0.1618578131277,-0.2109233897553,0.3042019038910,-0.0109085899992,-0.0342499126901,-0.2271575914402,-0.2351703995521,-0.0841135063039,0.0484562126254,0.3453828209108,0.1580216054843,-0.2090834733171,-0.0368643772717,-0.2129998326894,0.1649425712553,0.0461561461267,0.2040983278531,-0.1629213085890,-0.3184338723593,-0.1311038971027,0.1585513516025,0.4473191805777,0.2868228725635,-0.2028555829275,-0.1361018085136,-0.4380708587145,0.0328800404960,-0.0634948713699,0.2853593038887,0.2097737312507,0.0392241190471,0.7607952625687,0.5262121358534,0.2950092179991,0.7240893560865,0.4637854633006,0.4226686580849,-0.0286821550387,0.0257378140869,0.0075194441546,0.0025329968838,0.2845133581910,0.2288381904530,0.2067681075086,-0.0856212175032,0.2506836197459,-0.1357844172100,0.0360575218260,-0.0125364879194,0.1746486134124,-0.1389041553433,-0.1093737474389,0.0827312785692,-0.1004682712461,-0.0648404358692,-0.3052162603989,-0.1342902187304,-0.4631286460971,0.1222367231708,0.2542183887921,-0.1220473577622,-0.0730086755834,-0.3181523385181,0.1364000370000,-0.2452292155727,-0.3849623970687,0.0566709127361,-0.1992194490574,0.0679757701794,-0.2306188835006,-0.4672365962322,-0.0374965722414,0.1508566273227,-0.2438676784112,-0.1217559316714,-0.1668111450149,0.2412732251995,0.2101123652785,0.3677714769928,0.2706967080150,-0.1147284316891
-0.1060987906531,0.1429955804130,0.6144255481098,0.6673306478378,0.4608247339949,1.0000000000000,0.5615774684978,0.5036551323889,0.4259707677062,0.5358441474622,0.4123734244927,0.4467744100479,0.4025789780934,0.0838402993431,0.5660582256497,0.5322365312834,0.3614242597652,0.0723457376332,0.4702917421459,0.3467515583971,0.1727586150131,0.4054883764246,0.2169150969500,0.4189069164710,0.1398535267278,0.1308586057591,0.1938453494080,0.1586794322645,0.4102994481007,0.1969465944018,0.3472970432911,0.3538163530707,0.1583347524361,0.3625717119114,0.1905607101343,0.0948314950821,0.0307998209845,0.2097750951693,0.1493325459870,0.6244897666293,0.5989946866880,0.4079267611062,0.3717487304890,0.4229358974511,0.1150958022121,0.1768239951723,0.2791485953431,0.5052127703654,0.4726590204620,0.3654949029956,0.1228430068288,0.2625257797831,0.1148173464896,0.6204168881496,0.5905932622540,0.5128611622181,0.2599481439781,0.2801529870608,0.3569330432767,0.4330867893040,-0.0871107069719,0.4165490905183,0.1444058124131,0.1474005573549,-0.0547465300302,-0.0913978963935,0.2732553116976,0.2217060055038,0.2461873297506,0.1016692008299,-0.1269400755968,0.1098029352983,0.0448814849631,0.1269931423457,-0.2047254569680,-0.3462079794136,-0.2695332571164,-0.1960281122379,0.0979753018392,0.0886607957998,-0.3042862051963,-0.1911505537303,-0.1644854135912,-0.2229187529864,-0.1193063819078,-0.2066551966053,-0.2473358812045,0.0615239613866,-0.2048627760536,-0.0570264257048,0.0786382218426,0.3745821251342,0.1956859683127,-0.0534019565247,-0.3078631575506,0.4928889757170,0.1197816369890,0.0570771517395,0.0498240700986,-0.1476145194381
0.2405835344395,0.4050930861680,0.6849071819378,0.7463841354171,0.5424290991538,0.5615774684978,1.0000000000000,0.4530418270203,0.4487589085059,0.5647722514167,0.3817882748718,0.3959536581602,0.3743710888735,0.2898561431371,0.6338657624535,0.4932403082541,0.3248040556245,0.2188171398972,0.3425398569762,0.2229247933544,-0.0446147556754,0.3098754986254,-0.1049463637597,0.2860828145614,0.0767685756528,0.0087074496394,0.1378121925463,0.1561356315343,0.0536244652670,0.1915791482432,0.1327807822743,0.1732748241317,0.1523109624662,0.0492699033444,0.3150241660156,0.4446762946902,-0.1965045879537,0.0778570305603,0.1082742533732,0.2027882661397,0.2835685248999,0.2700098949516,0.0492716754799,0.1915772439972,-0.1040765724589,-0.0109578267525,-0.0213185474153,0.3140638489006,0.1472415006892,0.0406069086730,0.3885488003413,0.5037537695236,0.5139189037584,0.7368510449821,0.6158866004422,0.8212621857173,0.4216251673229,0.4889374789629,0.4445386255466,0.4471478875005,0.3653256631435,0.4794445956823,0.2753463928044,0.3145149667508,0.1679344967979,-0.0208745691276,0.4759192250257,0.4201196918814,0.5816599816489,0.3141004332244,0.1234420647229,0.0867443857124,0.1949809203481,0.2866628782270,-0.0708647851627,-0.0929630212408,-0.2906906195148,0.2008371604052,0.0707614945048,0.2542414488055,-0.0417884942800,0.0880155777204,0.0632627220201,-0.0788004994385,-0.0192874742837,-0.0827803738551,-0.2895840071460,0.3184377294234,-0.1948509303296,-0.0829912243529,0.1224346431647,0.2281443923407,0.0931435581413,-0.0358292739821,-0.2009307888269,0.4211500266138,0.0610207904988,0.3541875443965,0.2244892570410,-0.1363266557853
-0.3240873572895,-0.0762851566808,0.3115646641671,0.6594276683152,-0.0037423595042,0.5036551323889,0.4530418270203,1.0000000000000,0.8424248780168,0.4598203584431,0.5659910436225,0.5029749168104,0.7492038489541,-0.0914900885116,0.3652162926360,0.6836875389046,0.7264502679870,0.4054556430074,0.7794563525583,0.8022492624822,0.3620755947821,0.2240434698397,0.1392106827786,0.6098436302806,0.5712013996626,0.1770864619063,0.4617146706235,0.1718576125460,-0.0349404613214,-0.0284157600085,0.5222924368119,0.3447727220417,0.4985632955536,0.2405017676101,0.0878909493690,0.2064585120609,-0.0646741816197,0.4628576180169,0.0365242538286,0.4857197952582,0.2605956726372,0.3609503941248,0.4930730989065,0.4330540332527,0.4638201257327,0.1770272222157,0.3932261090820,0.1823520926815,0.1052204733405,0.1458249806429,-0.2672405493617,-0.1490355655048,-0.0185891279633,0.2609711696255,0.1325052551918,0.4635181017168,0.7241174540714,0.7754036468960,0.6854111922384,0.8463198290058,-0.1517176577481,0.5528218090084,0.2472613454599,0.5807288616445,-0.4607167463561,-0.2996159984641,0.3776005715623,0.6368415283297,0.5318078422496,0.6197928362862,0.1189897725445,0.0497728204741,0.2291633112162,0.5028418081857,0.0335933730596,-0.4271328173306,0.1392115434836,-0.0163269667464,-0.2081290356081,0.3135613720290,-0.3276373354819,0.2148803822710,-0.4814237797723,-0.1747054283760,0.2094673842625,-0.2803248879970,-0.4220374641186,0.0306452664963,-0.2370601630634,0.3383253717552,-0.0393943032598,0.3177612571202,0.3991474561538,-0.1047017825433,-0.1868491097844,0.2490887363673,-0.3627247156432,-0.0678937577215,-0.2511303363157,-0.3049127677073
-0.1746215134537,-0.1077131591529,0.3065087192201,0.5919332654811,0.0251602601760,0.4259707677062,0.4487589085059,0.8424248780168,1.0000000000000,0.4058125163762,0.5338364677317,0.4337883030639,0.6227587532751,-0.0528545518067,0.2655717931720,0.5697249359907,0.6235398369426,0.3943072723814,0.7388125854621,0.8380200419144,0.2589191887754,0.1313936830017,0.1442675701437,0.6457673494329,0.7147390926752,0.2459969947369,0.6162096983549,0.1981611220985,-0.1703489777083,-0.0648348442925,0.3927009931360,0.3532422330953,0.5153859211990,0.1767558254243,0.1713679815731,0.3373305119371,-0.0031511812908,0.5086503272368,0.0991088048244,0.4682361387311,0.1444123191116,0.2989521560258,0.5060414954115,0.3628815819466,0.4839885679404,0.1831200490921,0.2837262545078,0.1688895438948,0.0429954123014,0.0427564567524,-0.2066719692132,-0.1776819298715,0.0523754114835,0.2458354001500,0.1119598550964,0.5082510105052,0.7529401566902,0.7704595245211,0.5568862404565,0.9297826616777,-0.0735629231513,0.5813503724144,0.2439032150889,0.5247802542608,-0.4476131559651,-0.2026242073780,0.5267247059468,0.5715055429312,0.6385688581011,0.7741032999746,0.1902639342264,0.1378612366278,0.3994960227866,0.7171962256713,0.1287125836184,-0.3443184386031,0.2571767684880,0.0889155304724,-0.2866423033946,0.2991104610949,-0.2831100410426,0.3402527324445,-0.4485655615666,0.0142456571196,0.2658953813960,-0.3090367140503,-0.2769130608499,0.1633256084141,-0.0993599865915,0.4282449669133,-0.0248792204022,0.2510662544776,0.3567795371476,0.0065412092636,-0.2955504503493,0.2071471701153,-0.4112503686491,0.0264078709374,-0.2764751215723,-0.2929571252566
0.1670008541197,0.2495385408382,0.4739026992924,0.5943647585631,0.4751165987716,0.5358441474622,0.5647722514167,0.4598203584431,0.4058125163762,1.0000000000000,0.5226442826795,0.8001819775522,0.4700205584969,0.2974952973777,0.6183152134162,0.3698362826932,0.4646470963358,0.1912188187667,0.3245005437996,0.3304255682502,0.3420226656387,0.7500939910697,0.2920671941860,0.4927489292047,0.2229004817857,0.1419094191142,0.3538445197317,0.3662061088360,0.3266054548723,0.2801045904680,0.2913587581527,0.3648609204793,0.3459433387398,0.3363909833885,0.1456185767637,0.2061395785938,0.0200831475926,0.0803368073471,-0.0092783642196,0.4426416581502,0.5491008901080,0.4283547864879,0.1735609156613,0.1854693574740,0.0230571913714,0.3542094264237,0.3430811755890,0.2964827534146,0.3519032615977,0.2849270071645,0.3191022731186,0.2946445257248,0.2884431348543,0.5030842244468,0.4487471441255,0.4910091858976,0.3379824692266,0.3315871668101,0.3302044073878,0.3663375215269,0.3748500359805,0.5765703670053,0.4587483795068,0.1485339988758,0.0507083482183,-0.0790718768331,0.2775209324404,0.3256237286308,0.3954341807365,0.2907703339604,0.3240958148966,0.3115632239924,0.2508149790943,0.3451542520762,0.0321718546736,-0.1784543934273,-0.2033391245080,0.1619955070130,0.0502815640763,0.2337635231380,-0.1406732313253,0.0467980307636,-0.2411636420667,-0.1200688622803,-0.0440598503734,-0.1579392440848,-0.1708086065751,0.1684018271367,-0.1327647172782,-0.0987627034305,-0.0144797850581,0.1834256660303,0.0613449613190,-0.1776687483427,-0.2378969490460,0.3169559781363,0.0782649874897,0.1959254948757,0.2664601785476,0.0476591163784
-0.0361103744469,0.0473240325568,0.1710301144638,0.4218445059711,0.1914418105867,0.4123734244927,0.3817882748718,0.5659910436225,0.5338364677317,0.5226442826795,1.0000000000000,0.7234877549553,0.6599311000483,-0.1825615200539,0.3835157656992,0.3353116058234,0.6595718714066,0.5172172892492,0.3585260930480,0.4131428219543,0.3223363417837,0.4403275543316,0.4028999344210,0.5642421575670,0.3355780269991,0.1974777271167,0.3813300218691,0.0057369349541,0.1419480932989,0.0146786558563,0.3203682485177,0.3004357435446,0.4787703655368,0.0164142182386,0.1422955404382,-0.0181748712467,0.0332403872632,0.1805674566586,0.1377375858431,0.2944455671736,0.2730336890684,0.1649480496808,0.1263184994411,0.3285777175096,0.1427534732710,0.2111045638684,0.1843962798830,0.2574880090408,0.1381391523406,0.0447511589666,0.1195590022231,0.0222373480115,0.2804340146111,0.3219711101654,0.3925895014203,0.3631696107652,0.5244634008837,0.4104226023081,0.5688716235117,0.4441677535083,0.2386679450604,0.7783404845425,0.5772500950206,0.4728377935128,-0.1297023913614,-0.0807447394331,0.0704950808642,0.6234985414172,0.2039116632417,0.3407099937729,0.3575542457381,0.2788059231747,0.3238545992300,0.3561906360827,-0.0410472033649,-0.1166527716812,0.0925756315631,-0.0647207394234,-0.1220324638217,0.3786867467943,-0.1834924983544,0.1766903732671,-0.3273803193550,-0.2079000600495,0.0177355865653,-0.3221203359208,-0.1560193913303,0.0496799686944,-0.1107420043510,0.0892985691857,0.1373833231485,0.1522706297556,0.2457961698103,-0.1482482355965,-0.1325444590132,0.3566234935878,-0.0997290748595,0.0151277247466,-0.0043377325342,0.0249312951204
-0.0028698016141,0.1268957794277,0.2514346207396,0.4802511441229,0.2917954281416,0.4467744100479,0.3959536581602,0.5029749168104,0.4337883030639,0.8001819775522,0.7234877549553,1.0000000000000,0.5133128420601,0.0231223761190,0.5040056806448,0.4261914990510,0.5780674463264,0.3722118265881,0.3566920592900,0.4152561105913,0.5385342454682,0.7153076709928,0.5951356273177,0.5785731903587,0.3362362457618,0.2867295531523,0.4318798691118,0.1291987564754,0.3438919587145,0.0919288741706,0.4164137729203,0.4975684816114,0.5004664323416,0.2854893900960,0.1979713298149,0.0773034126512,0.0885001936089,0.1518319005793,0.0127370385248,0.3821608425684,0.4214672032256,0.2933485301711,0.1590025818706,0.2942996706898,0.1436814124693,0.3252672159806,0.3776820679666,0.2464721402351,0.2444418639314,0.2426614471173,0.1817364297503,0.0902724055399,0.1966495909016,0.3378195247087,0.3557606612902,0.3121559147737,0.3709772788328,0.2537021205464,0.4766019102560,0.3754718430677,0.2703873368057,0.7022391702138,0.6552450983893,0.1842898553926,-0.0814642933076,-0.1220826208374,0.1034140250212,0.4405117647402,0.2605731194714,0.3205202328138,0.5276093870664,0.4813019789860,0.3347536426647,0.4030792645113,0.0774189274383,-0.0905057119677,-0.0457362207356,-0.0150828945861,0.0115554714030,0.3622083598518,-0.0870445723564,0.1275689301539,-0.3828898854457,-0.2348112289554,-0.0192303978845,-0.1813461425487,-0.1189887034391,0.1180563712256,-0.1780915415659,-0.0375516367055,-0.0326895675841,0.1193239340734,0.1480477645933,-0.2350825053827,-0.0585811646228,0.3262931541725,-0.0075485032380,0.0531315761849,0.1350706935572,0.1034180050744
-0.1656488267689,-0.1488011669773,0.1608327361351,0.4625543019744,0.0581576075260,0.4025789780934,0.3743710888735,0.7492038489541,0.6227587532751,0.4700205584969,0.6599311000483,0.5133128420601,1.0000000000000,-0.1637666882419,0.2962188848136,0.3672233187556,0.8352094684117,0.4888706219391,0.4361082950288,0.5636840294098,0.3083580428943,0.1977568071817,0.0966022525189,0.5524992251771,0.3999359535874,0.0640761171966,0.3536600541101,0.0863221689849,-0.0743000651727,-0.0439312209651,0.3697545587420,0.3196515246797,0.5754273757610,0.0606873103345,-0.0453177456684,-0.0424958843823,-0.0964004647200,0.2573996447001,0.0584720242868,0.3594706494877,0.3346321834167,0.3457282180764,0.2042010883582,0.2912889277055,0.3108176639438,0.1838507250614,0.3657892045145,0.2330533191392,-0.0004142496675,0.0645299353451,-0.0383254719373,-0.1241023341802,0.2250543760004,0.3019726298386,0.3163974254115,0.3923883116859,0.6855204478943,0.5950084346675,0.5708268007775,0.5352602804017,0.0632090149404,0.5599824690524,0.3939782232680,0.8005881041950,-0.2762053550404,-0.1454526815241,0.1859306545790,0.7579374288333,0.2880835977291,0.4480188501194,0.1510864217210,-0.0482637038000,0.1922287198929,0.2788015472861,-0.1075813622334,-0.3350099927405,0.1112224099339,0.0038117052974,-0.2731547806476,0.4113410969314,-0.1575742225118,0.3012373041444,-0.4091377879781,-0.1861710658827,0.1216151857723,-0.2562979181361,-0.3538645248937,-0.0564760111273,-0.2165798171109,0.1602306642006,0.1381692294705,0.2625840886214,0.2844752249335,-0.1602589405855,-0.0908116878623,0.3356815988312,-0.2397177873871,0.0179566749791,-0.1051315981848,-0.1016333539667
0.6149898724958,0.4017878078523,0.4277236983414,0.2594770531214,0.4786746689596,0.0838402993431,0.2898561431371,-0.0914900885116,-0.0528545518067,0.2974952973777,-0.1825615200539,0.0231223761190,-0.1637666882419,1.0000000000000,0.3490922560468,0.0416410908668,-0.1928083621974,-0.1537499290868,-0.0139360918798,-0.0618545835636,-0.0871585937383,0.1881561084466,-0.1061708978760,-0.1419033515707,-0.1424304672984,-0.1631217390014,0.0137113889644,0.3852277339311,0.1584117754783,0.3485412105498,-0.1589945148307,-0.0333641074522,-0.1382615677735,0.2075343004037,0.1071557832081,0.4741982977287,-0.1480071876910,-0.2364336394970,-0.2833313858428,0.0570902416405,0.2474204740266,0.2233886909148,-0.0652151862879,-0.2769863581989,-0.2828269416480,0.0953524153304,-0.0232505940584,0.0118668669518,0.2461188017770,0.0306037383695,0.5276665644174,0.3585303630255,0.0864547421731,0.2696310357742,0.0320253343253,0.2377188873741,-0.1540137012191,-0.0114132826438,-0.1808852419768,-0.0374704848136,0.0905940609163,-0.1043132298597,-0.0578434992235,-0.2862002315843,0.2912473505453,-0.0525703899634,0.2203205483669,-0.2401796014179,0.2841372059787,0.0224406443159,-0.0216112659384,-0.0372644891877,-0.0616700426363,0.0627321820021,-0.0030651374113,-0.0840207313757,-0.2609843573389,0.2986679075997,0.1883859413035,-0.1530491703153,-0.0797855395707,-0.1447635555856,0.0650727397507,-0.0110371061346,-0.2335131200626,0.0252045200484,-0.1283027440285,0.1926970126783,-0.1870340000872,-0.2766147923681,-0.2723081270595,-0.0776707169315,-0.2700482144538,-0.0939478074685,-0.3329854318029,-0.0408075785735,0.2496043517875,0.1331100208158,0.1493065427998,-0.0945512559951
0.1332009935475,0.4267992327907,0.5203404929274,0.7160295997421,0.5570748420018,0.5660582256497,0.6338657624535,0.3652162926360,0.2655717931720,0.6183152134162,0.3835157656992,0.5040056806448,0.2962188848136,0.3490922560468,1.0000000000000,0.4587585616344,0.2482952818078,0.1842169344524,0.2381167361574,0.1080134096762,0.1968794550584,0.4742678344885,0.1885246181681,0.2705282815145,-0.0757175903849,0.1207394707859,0.1173188129045,0.2206234478010,0.3620643005577,0.3491369525426,0.2674399304448,0.2991278532112,0.0636921894605,0.3263461070627,0.2649320648080,0.2749229594176,-0.0036760526695,0.0667622575276,0.1257014416292,0.3972539632765,0.5064752782206,0.4120502340744,0.2023663637684,0.2519881575925,-0.1002907177903,0.1593628246001,0.2334563004850,0.3331408508943,0.4288042954103,0.4191532647295,0.2974869050052,0.4361052960207,0.2770518173932,0.5321991974679,0.4393510911208,0.5339732754809,0.1609390138678,0.2242095290596,0.2965755339068,0.2606726731859,0.0766404650178,0.3948507278586,0.2639268259253,0.0726084431900,0.0905247635088,-0.0153885973659,0.1272073562834,0.1960318138302,0.2565974495649,0.0493634714303,0.0666098676628,0.1807974202486,0.1119385687389,0.0647566315378,-0.1576609888194,-0.0993913601043,-0.2768268705942,0.0351944968013,0.1223820982607,0.0433110431640,-0.1276474347617,-0.1584141036481,-0.0635278793556,-0.2467814238762,-0.0539120472742,-0.0217427571089,-0.1627447500693,0.2122730029099,-0.1839330093671,-0.1003641386439,0.0571033939370,0.3350216380670,0.1409538584878,-0.1374019553455,-0.1947196736693,0.3836901113345,0.1676251323269,0.1221001112338,0.2066944452297,-0.0082911074373
-0.3606795607968,0.1641024418497,0.3293223334811,0.5983207810489,-0.0134962537239,0.5322365312834,0.4932403082541,0.6836875389046,0.5697249359907,0.3698362826932,0.3353116058234,0.4261914990510,0.3672233187556,0.0416410908668,0.4587585616344,1.0000000000000,0.4567013805877,0.2797511649469,0.6695239363599,0.6118916419810,0.5373347797563,0.3172976406882,0.2838712039493,0.5026834274135,0.4117071446915,0.4304635317634,0.4140160349550,0.1518135112883,0.1526282329339,0.2006339031935,0.7881510016020,0.5550820532828,0.4678872589622,0.3942538179174,0.5341647968938,0.4538093644677,0.0974072092480,0.5656867996176,0.2364823473919,0.4321803156930,0.2414250681206,0.3011251244276,0.6382021567573,0.5140726164339,0.4887039443229,0.1393844847089,0.4000920127689,0.2242469248600,0.3096722699949,0.4284654465736,-0.2658745870598,0.0523322903953,-0.0191959638420,0.2118321247733,0.1966403996298,0.3806813239274,0.3700965975496,0.4067150908559,0.5649264408412,0.6082040365595,-0.2791753005537,0.3502787238884,0.1169504045598,0.1467043733198,-0.2562967781385,-0.0387436982634,0.5144084642373,0.3080000788871,0.4659824794518,0.4496033018515,0.1572427222405,0.1195678846057,0.2351698741382,0.4203352556571,0.2381127047650,-0.1595702261010,0.0599881447425,-0.1493699823159,-0.0650344910077,0.4020920811442,-0.2715605072429,0.1364014501316,-0.3261696278801,0.0117047983792,0.2616447693380,-0.1276635432662,-0.1644396179859,0.3578447612142,-0.0847036681249,0.3587812882201,-0.0111087349010,0.1597430941406,0.4012918030868,-0.1026496293351,-0.2244741301439,0.3092715179783,-0.0946771488871,-0.2045183833449,-0.1638829959063,-0.0609769567556
-0.2430254472623,-0.2080265711792,0.0556152438264,0.3628296822835,-0.0843417508591,0.3614242597652,0.3248040556245,0.7264502679870,0.6235398369426,0.4646470963358,0.6595718714066,0.5780674463264,0.8352094684117,-0.1928083621974,0.2482952818078,0.4567013805877,1.0000000000000,0.6573616780642,0.5462200661859,0.6657651145709,0.4777118758593,0.2744085693772,0.2647438416154,0.6942472314606,0.4756060538272,0.1723430403572,0.4655011651441,0.0280569674878,-0.0795391261277,-0.0585240375130,0.4827987208037,0.3699042610690,0.7281329224810,0.0397937208628,0.1426585761019,-0.0014646982319,0.0228693220268,0.3395023732709,0.1331221731836,0.3163848562163,0.2306166636718,0.2228706560085,0.2940874284405,0.2635307664197,0.3522006764014,0.1941025620275,0.2456588299257,0.2193227121363,0.0519282994662,0.1511568126487,-0.1542036205264,-0.1987752248664,0.2010900008137,0.1706645930984,0.2763055467826,0.3253774222413,0.5850852420763,0.5371268428240,0.6091765241341,0.5343200897203,0.0794542602275,0.5583581925278,0.3571535368040,0.6232364071891,-0.2477813157231,-0.0565651002936,0.2812611383425,0.7833498807576,0.4048197606706,0.5498422745928,0.3814937004746,0.0901700887956,0.3930675995478,0.3678175951812,0.0936575645326,-0.2425266117360,0.1916141751887,-0.0975353325891,-0.3237366920353,0.5520143575392,-0.1589047839043,0.3377693638248,-0.4000943084230,-0.0589172736459,0.0955702811671,-0.3338951314407,-0.1971509415642,0.0708262318489,-0.0984473861753,0.2406680350604,0.1463541414722,0.1491649709257,0.2306827650545,-0.1408869195375,-0.1490220590269,0.3114374557298,-0.2300489705534,-0.0491409066357,-0.1215108313025,0.0305833246570
0.0070936137365,-0.0704775992697,-0.1296530219201,0.0423935740227,-0.0594978381177,0.0723457376332,0.2188171398972,0.4054556430074,0.3943072723814,0.1912188187667,0.5172172892492,0.3722118265881,0.4888706219391,-0.1537499290868,0.1842169344524,0.2797511649469,0.6573616780642,1.0000000000000,0.1480029241364,0.3763855164247,0.2842770912508,0.0764347480252,0.2313880107435,0.4450620201247,0.2917979783898,0.1708212089025,0.3065365446522,-0.1250144744657,-0.1457843526250,0.0363727984096,0.3848807913418,0.2720363665097,0.5302967382909,-0.2032184627016,0.3140660732371,0.0306045369072,-0.0077755168599,0.3103606954601,0.2415309151665,0.0361245116652,-0.0802994934219,0.0231772834622,-0.0179430245514,0.1263610288917,0.1918152030493,0.0432307807044,0.0211473929039,0.2252995690292,-0.0084776129670,0.1020311012788,-0.0436745068107,-0.1742184651661,0.2520872383186,0.0744138588047,0.2386219036965,0.0747929907081,0.4135487989047,0.3528611780408,0.5714008486018,0.2703393760473,0.1532033747440,0.4260888273948,0.2374924142569,0.4460827271470,-0.0983993684425,0.1132776184309,0.0532729158583,0.6577150762385,0.1944488792871,0.4133992803265,0.3587397734358,0.1463474658512,0.4091104362274,0.2184846687325,0.1767155869556,0.1521112102826,0.2311946981612,-0.0371109351815,-0.3008261962286,0.6347114067836,0.1267571951704,0.3705417734927,-0.1421685731588,0.0357020628857,0.1896898090988,-0.1636515315946,0.0318179665022,0.2302410018743,0.0291323436582,0.2906225238566,0.2949422098715,0.0212532203182,0.1717909303504,-0.1265228423130,-0.0370574131840,0.3794946793402,-0.1950782202033,-0.0568574439864,-0.0387655548477,0.1054463235920
-0.3389623922552,-0.1579251635010,0.3325966504956,0.6073957297859,-0.0489750481585,0.4702917421459,0.3425398569762,0.7794563525583,0.7388125854621,0.3245005437996,0.3585260930480,0.3566920592900,0.4361082950288,-0.0139360918798,0.2381167361574,0.6695239363599,0.5462200661859,0.1480029241364,1.0000000000000,0.7678149312908,0.3203194192807,0.1568581072842,0.1564555101903,0.6135981041699,0.5501544729044,0.1273961119107,0.4328549017777,0.1503250824527,-0.0112374978981,-0.1334092908310,0.4425008930639,0.2323390248388,0.3594289425513,0.2890305048473,0.1030772900952,0.2665782978050,0.0394556276039,0.3488659285854,-0.0158227341264,0.4458529267273,0.2428842979583,0.2906748673946,0.6455200394991,0.2915659062875,0.3892306136880,0.1747188325245,0.2227938029769,0.0577256927664,0.1338309990787,0.1343939484524,-0.3280283192504,-0.1617393447686,-0.1682273767749,0.1239885780712,0.0002654183013,0.3994070397909,0.4620171068152,0.5871770657584,0.4204022312271,0.8218785991192,-0.2176149674485,0.3862315956823,0.1065970352881,0.2694822804712,-0.4528197140082,-0.3265279689477,0.5534309065894,0.3381263218740,0.6886113847307,0.5757182543899,0.1065498661611,0.1218182317715,0.3026435975388,0.5220466524137,0.1237938698777,-0.4721801065969,0.1226428522728,-0.0852883157909,-0.1363820642274,0.1537845256662,-0.4310605604711,0.0812470936649,-0.3425378359258,-0.0198745365194,0.0603782282620,-0.2608249847680,-0.3011340427283,0.0631071522557,-0.1265050008066,0.2617894186036,-0.1907302563442,0.2369468468292,0.2163951839184,0.0223493396109,-0.2565370143258,0.0383997507926,-0.3021079882488,-0.0010474234145,-0.2354608597395,-0.2756956333017
-0.2939815858633,-0.2322974594662,0.1325132457693,0.4389969181317,-0.1618578131277,0.3467515583971,0.2229247933544,0.8022492624822,0.8380200419144,0.3304255682502,0.4131428219543,0.4152561105913,0.5636840294098,-0.0618545835636,0.1080134096762,0.6118916419810,0.6657651145709,0.3763855164247,0.7678149312908,1.0000000000000,0.4608103036410,0.1499429826833,0.2923118153839,0.6842875494291,0.8123349441870,0.3422597174404,0.6968826609985,0.1637207455402,-0.1035751576253,-0.1094322563473,0.5557077981262,0.4533633074685,0.6758722323600,0.2573360617249,0.2360512651369,0.2454017948469,0.0865451534507,0.6175718177583,0.0867303383940,0.4662351958904,0.1440002625125,0.2381515735758,0.6037636071200,0.3546250050317,0.6409355147114,0.2178803158157,0.3617558235005,0.1468797739382,0.0780302440863,0.1262165484047,-0.3445063849904,-0.3479975762646,-0.1106223416232,0.0519583011343,-0.0077857843885,0.3078743278663,0.6111577039201,0.5966360300024,0.4988626867795,0.8191970652658,-0.2263984609698,0.4379701017843,0.2157998245091,0.3990585303433,-0.4933670012328,-0.1577278048577,0.5164038766024,0.4885870378228,0.5392252221885,0.8325725801881,0.2264136732002,0.1682742786675,0.3578001927438,0.7142225460646,0.2597057306391,-0.3071163676497,0.3703701033196,-0.0013597898423,-0.2997892010114,0.3968895374941,-0.2742800287646,0.3731357976003,-0.5314451468749,0.0947596537655,0.2657663035724,-0.2852691544505,-0.2118834586267,0.1967332812730,-0.0487119646671,0.5182507236337,-0.0601890250849,0.1525093452988,0.3600974988519,-0.0147776737528,-0.2276434673271,0.1500005291887,-0.3922302003432,-0.1334366682633,-0.3554808722236,-0.1709980053601
-0.3434434518816,-0.0983572549389,-0.1402840171579,0.1234558067553,-0.2109233897553,0.1727586150131,-0.0446147556754,0.3620755947821,0.2589191887754,0.3420226656387,0.3223363417837,0.5385342454682,0.3083580428943,-0.0871585937383,0.1968794550584,0.5373347797563,0.4777118758593,0.2842770912508,0.3203194192807,0.4608103036410,1.0000000000000,0.4353741284865,0.6673280859171,0.4937865158246,0.4242391224580,0.5749157525522,0.5038991049416,0.0932118144634,0.2112856386452,0.0639558087227,0.7881749280963,0.6513456494855,0.6083954336281,0.4561123535763,0.3896711625193,0.1100372133485,0.3601521171104,0.3969236633032,0.1435440447678,0.2500227498275,0.1734124430645,0.2214720947285,0.4478082512496,0.2842298810771,0.5051582089058,0.3217683587818,0.5206684035834,0.0661550394515,0.2286067773298,0.4719502115142,-0.2834408677686,-0.2272249025290,-0.1999211198950,-0.1659481605925,-0.0200489820233,-0.1135910027100,0.0861391361665,-0.0134428520133,0.2384763282081,0.2028653526034,-0.2329796633908,0.2500674580126,0.2716951208965,-0.0039364989459,-0.2627820478926,-0.0686315390957,0.0519793203660,0.1637958915668,0.0659187901910,0.2662110487465,0.4756623953037,0.2750469024500,0.2036736161738,0.3260189263136,0.4244799582614,0.0603510839956,0.2847744476823,-0.2034843854800,-0.1573630975592,0.3869640406309,-0.0578206776180,0.2152268453297,-0.4879322063040,-0.0464883563445,0.1996671654853,-0.0724560918491,0.0979812508898,0.2476913883479,0.0027035289932,0.2514455817704,-0.1275086166077,-0.1791542518479,0.1868339878476,-0.2410750352592,0.0254913842449,0.1206290240924,-0.0290039725772,-0.3332045607260,-0.1291117784353,0.3546789002418
0.0361402258728,0.3107690861890,0.2310313215619,0.3743847342408,0.3042019038910,0.4054883764246,0.3098754986254,0.2240434698397,0.1313936830017,0.7500939910697,0.4403275543316,0.7153076709928,0.1977568071817,0.1881561084466,0.4742678344885,0.3172976406882,0.2744085693772,0.0764347480252,0.1568581072842,0.1499429826833,0.4353741284865,1.0000000000000,0.5362307359626,0.4116737216052,0.0861652471475,0.3176362573970,0.3301745487434,0.2972879709909,0.4989921065034,0.3010821845226,0.3425711376467,0.4055706437666,0.2888401152563,0.3828701955425,0.2271161554791,0.0527984529253,0.2617263330355,0.0600432106545,0.0430655558237,0.3418956840728,0.4666515595595,0.1757124998878,0.1223682611250,0.2549129402743,0.0258391281637,0.4132548150018,0.3543500055684,0.1805725117344,0.4566368860437,0.2812174770187,0.2179916116434,0.2881515622959,0.1591302276547,0.2557731321764,0.3209806029284,0.2261692478135,0.0554727519626,-0.0014624296685,0.2294789771630,0.1085975916762,0.2404488973944,0.4337268503634,0.4050031999844,-0.1218391416553,0.1272154212159,-0.0125858088881,0.0277884762574,0.0917391492463,0.0865152468772,0.0516583565622,0.3797117051181,0.4837162173438,0.2730632032513,0.2454293678927,0.1034381779956,0.0212625092937,-0.1582117068144,0.0548629536049,0.1545123016806,0.1861062771446,-0.0660244112205,-0.0384273086667,-0.2060822734637,-0.1734927032590,-0.0281825454083,-0.0605833227380,0.0954773772598,0.1486296702700,-0.0323423371360,-0.0686662405821,-0.0186664338777,0.0770331811761,0.1302018340964,-0.1216303143391,-0.0917766600043,0.1962069488457,0.2443716939192,0.0122148666060,0.2421351043095,0.2202338649924
-0.1222619693821,-0.0172426666030,-0.1312771386065,0.0754114579174,-0.0109085899992,0.2169150969500,-0.1049463637597,0.1392106827786,0.1442675701437,0.2920671941860,0.4028999344210,0.5951356273177,0.0966022525189,-0.1061708978760,0.1885246181681,0.2838712039493,0.2647438416154,0.2313880107435,0.1564555101903,0.2923118153839,0.6673280859171,0.5362307359626,1.0000000000000,0.4589571314533,0.3147003466656,0.5779173071927,0.4699462918699,-0.0550896826356,0.4026189836273,-0.0004040078479,0.4909941830249,0.5893462673806,0.4289387556845,0.4193462063466,0.2826604054376,-0.0858642030396,0.4296040267676,0.2147396375307,0.0815619407701,0.2799622491443,0.2009430021944,0.1084101373630,0.2072317644886,0.2809624958200,0.2670753297831,0.3215376781584,0.3675915942799,0.0171200349324,0.2241087955788,0.3109236603670,-0.0284448410374,-0.1073981321483,-0.1355597098352,-0.1460522347486,0.0610357359675,-0.1398961250453,-0.0541320618306,-0.2292626153321,0.1815984553442,0.0717278755080,-0.1100826962957,0.3003119997482,0.3737753059515,-0.2042133766073,-0.0933955472865,-0.0630470810630,-0.1298892644817,0.0163223506974,-0.1232172841411,0.1087420574496,0.4298159257274,0.6007553110162,0.3081730420860,0.3064578014861,0.2323446373010,0.1918052859072,0.1892618638759,-0.2481065980674,0.0278591314865,0.2478135560310,0.0184426998040,0.0605776212666,-0.2906469915161,-0.1508354289086,0.0062292643733,0.0037399762334,0.2815671305239,0.1234779317025,-0.0003442487071,0.0947552117405,-0.1190883313812,-0.0836689526941,0.1450429575697,-0.1221419747714,0.0592997856965,0.0310047162815,0.0433977688800,-0.1943638348844,0.0605801689124,0.3281145359840
-0.2152928496827,-0.0730275603965,0.1472197980540,0.4461713600015,-0.0342499126901,0.4189069164710,0.2860828145614,0.6098436302806,0.6457673494329,0.4927489292047,0.5642421575670,0.5785731903587,0.5524992251771,-0.1419033515707,0.2705282815145,0.5026834274135,0.6942472314606,0.4450620201247,0.6135981041699,0.6842875494291,0.4937865158246,0.4116737216052,0.4589571314533,1.0000000000000,0.5494519622263,0.4472251178254,0.6624268613420,0.1847943313292,0.1060126816688,-0.0616324978617,0.5529475198664,0.5351864189221,0.5860241212764,0.2840575063735,0.2339350056238,-0.0162803946624,0.3644065939910,0.4775545989507,0.1854660811863,0.4779074608278,0.2652460833887,0.2526497435008,0.4334846698181,0.4088167393743,0.4501174637501,0.3392130964203,0.3484328492437,0.1877963083234,0.1639791376547,0.1992010554348,-0.1489112158803,-0.0606266735140,0.0342436811155,0.1292727398904,0.1671161005601,0.3266083711807,0.4668138991827,0.3354805164913,0.4574599663142,0.6045134133604,-0.0014416844263,0.5016204038330,0.3368006457467,0.2758196382581,-0.2491639190771,-0.1168993003358,0.3146540684957,0.4837058917958,0.3823145116617,0.5089169194023,0.3803483620310,0.4035711567743,0.6884934986708,0.5761445144668,0.1495064489601,-0.1678297850450,0.2264351486856,0.0301669467239,-0.1620729639372,0.4465687397672,-0.1270892180221,0.2703258980054,-0.3212200709261,-0.0592608020817,0.1549119400160,-0.1968966859439,0.0950730504335,0.1649966287666,-0.0636046484129,0.3154956317410,0.0205330258655,0.2258126791224,0.3472437111100,0.0363545106127,-0.1141565760078,0.1752142596257,-0.2323542140114,0.0246748211536,-0.0046860534287,0.0151074241610
