1.0000000000000,-0.0891325405338,0.6662647810206,-0.0127746945474,0.6304549301572,0.3572224484493,0.1394823059927,-0.1647684803841,-0.0970018283790,-0.1366434154591,-0.1375100783243,-0.0407786152486,-0.0775165355725,0.6526715868685,-0.1028963682404,-0.3914644398885,-0.2683978737126,-0.0432839336045,-0.3481586238047,0.1406527919829,-0.0645799869781,-0.2382073300389,-0.0555237253091,-0.1259532766140,0.0449137794099,-0.1739202801922,-0.1636927921572,-0.2989127177872,-0.3461526731222,-0.2441573311011,-0.3127778836273,-0.1632878305833,-0.1426188605237,-0.3715542529104,-0.2563095278151,-0.2647975392006,-0.2651863569384,-0.0226668224471,-0.1843431779686,-0.4212022618096,-0.1893315406649,-0.2796412515900,-0.3409553689843,-0.2341020409741,-0.0272504920800,-0.1458032031551,-0.1760151138456,0.2145812591568,0.3413860781845,-0.1641496852530,0.6679153528998,0.3264519467460,0.4038777991528,0.6291403891037,0.2730703343444,0.2413583487202,0.2423015379385,0.0001389172887,0.0501435618472,-0.0341479740581,0.0101890676179,-0.2258601752591,0.3174216988157,0.1562910706119,0.2332158824571,-0.0443578774581,-0.1338762929297,0.0788535638248,-0.1687412376268,0.2588224566406,0.2446624671606,-0.1547412449234,0.0132273455979,0.1437477949844,0.0227360009582,0.1090335510452,0.1614926035535,-0.2763233576815,-0.4428051747236,-0.0380905211305,0.1408380512548,0.3414555126888,-0.1913088932297,-0.1617390492049,0.2121995152382,-0.0571936565131,-0.1462958752621,-0.0215601409012,-0.1060627815781,0.2185533389708,-0.1930272952685,-0.2067650561057,0.0550693929219,-0.2702678311306,0.0461808437801,0.0323153802220,0.0764337587152,-0.1920935014606,-0.1866724825638,-0.0065841281867
-0.0891325405338,1.0000000000000,0.1140989157354,0.5302879092578,-0.5526352081868,-0.1959766296766,0.4181318987432,-0.1473829819497,-0.2528872926106,-0.1816286865183,-0.5576167149958,-0.4243194808407,-0.1284233214526,-0.1384018967729,0.5476294302695,0.2623517193289,-0.0930529271784,-0.3269592586337,0.1658248028842,-0.2740005395269,-0.1414113555991,-0.2395602936014,-0.5018559742799,-0.1716626542274,-0.0691219648039,-0.3967629569859,-0.4620159678142,-0.2107672816667,0.2446218978264,0.3859768515235,0.2198949110175,-0.0884540206899,-0.3321373130444,0.3393119782040,0.4363152944247,0.3092693553578,0.0086705290230,-0.2792796560405,0.1755555376242,-0.0867730052656,0.2165571682597,-0.0196204061112,-0.0367631167991,-0.2029141390959,-0.1304425534764,0.0041713765823,0.1957351271113,-0.2754163790279,-0.2583973067718,0.1251139123402,-0.4747574910247,0.6096432346561,0.3525308853446,0.1221235999078,0.1273276588349,0.3018612189228,-0.3239964430944,-0.2054491897046,-0.0260106434220,-0.2474210167929,-0.4274926069624,-0.4838597443558,-0.2807021392435,-0.4102617369057,0.0425174643250,0.1216955590248,0.4090608843298,-0.3062116708906,0.3995575395057,-0.4861662010631,-0.2956578713657,-0.2634664461858,-0.1965731009671,-0.1395959419044,-0.0303791173961,-0.4907967092803,-0.6220755526669,0.0648211710450,0.3188353375420,0.0505936277097,-0.0651451199460,-0.4146788848721,-0.0835214199760,0.2324111574188,-0.4210656805210,0.0793184224270,-0.1866228600392,0.1691196995157,-0.0981489662428,-0.5188089186280,0.0344495951682,-0.1194600295284,-0.2288907936856,-0.1062947473301,-0.1450426117433,-0.3721900644122,0.0253066361612,-0.2313242451431,-0.3694891255875,-0.4968388883889
0.6662647810206,0.1140989157354,1.0000000000000,0.1663915731635,0.4833655512981,0.4827441143590,0.2909517280094,0.0211930555415,0.0203038588039,-0.1639124798705,-0.1708969464922,-0.1864721140988,-0.0222244915657,0.3909824967937,0.0929138124779,-0.2219643353293,-0.1981937460557,0.0073678375404,-0.1613741284456,0.1836149895927,-0.1033526604452,-0.1511911109997,-0.1585688918501,0.0636377342598,0.1547443164676,-0.1534205255593,-0.2027816371869,-0.3161026174603,-0.1693537960402,-0.0606724597537,0.0223644760529,0.0661098510660,-0.1006175592362,-0.1235353771298,-0.1841889120212,-0.0574978559029,-0.1015338656896,0.0450818534958,0.0796006039790,-0.2663706893796,0.0119713220813,-0.1493233800570,-0.0124093168973,-0.0496447031811,0.2038441676077,-0.0028393463712,0.2349003956967,0.2101187128758,0.3208740500737,-0.0518816079880,0.3032273079309,0.5774565344355,0.4129916613946,0.7175922936141,0.2867122963131,0.2623998026731,0.0443475919951,-0.1682909256839,0.2048872298532,-0.0271797039515,-0.1854527433992,-0.2895464831328,-0.0234599190309,-0.1867325312077,0.0436884730499,0.0273431205265,0.0898827045250,-0.1505816502150,-0.0397607091967,0.0986429515808,-0.0889142731267,-0.2261543594344,-0.1734563548098,0.0089926468555,-0.1736598144442,-0.0095479596948,-0.1375079243174,-0.0965171768273,-0.3158740440070,0.0317081456556,0.2318423717789,0.1134764320172,-0.2156400539706,0.0128028330779,0.0965101748972,0.0554239065322,-0.1291043421194,0.1127325789314,-0.2059455978029,0.1199521216873,-0.0220976535654,-0.2554227763398,0.1305861003159,-0.3031642526883,-0.0122934886908,0.0534525361497,-0.0403377885319,-0.2101764058947,-0.2865927582410,-0.3240729046924
-0.0127746945474,0.5302879092578,0.1663915731635,1.0000000000000,-0.1614377993972,0.4275770513359,0.8989760507282,-0.1479569632769,-0.2010361696124,0.0995636190223,-0.2500765228456,-0.1360686702852,-0.0683428626165,-0.1229811544625,0.8423487516949,0.6073629177093,0.1095343346042,-0.3539863485703,0.4592493898941,-0.3548811332715,0.0393298411064,0.0867933475299,-0.2263167655806,0.2226634871409,-0.0521499486212,-0.3863686668076,-0.2453451151236,-0.0484182183126,0.4868781402455,0.2893109092384,0.3737594951478,-0.0129788775285,-0.1085692311548,0.5060552701950,0.6271034705718,0.6137579316388,0.2325920095883,-0.3973473716317,0.3137463139380,0.2414579033058,0.3847146696793,0.0268671188404,0.2956617966130,-0.2172092143391,-0.3252303449710,0.2761774210071,0.3349345187706,-0.0113771402479,0.2117787947441,0.2044222485336,-0.2193251017839,0.1973090673945,0.5109490194269,0.3235307296452,0.6382222020547,0.8076493652179,-0.3459587371854,-0.3756600600936,0.1892369538182,-0.2176903342550,-0.3085254617307,-0.2043315613357,-0.2600873507634,-0.4659781794543,-0.1463484745212,0.2082025677610,0.6063995018682,-0.4069097915821,0.5801468351417,-0.6105247771415,-0.4372982930991,-0.0815814834178,-0.1553289755335,-0.2480503189100,-0.1574623463676,-0.5444052280769,-0.5405553758566,0.3026433832909,0.3071032949800,0.0215206851880,-0.2237515844662,-0.3601254086342,-0.1908976130691,0.2721543117698,-0.5681588799491,0.0219891529973,-0.0043537238040,0.4511306940735,-0.1500257060244,-0.5711833023188,0.1681382816720,-0.1325960402662,-0.2571907263523,0.1697814690595,-0.3235897363944,0.0056108004585,0.3082064404865,0.0667871270519,-0.3480114339516,-0.5180112865267
0.6304549301572,-0.5526352081868,0.4833655512981,-0.1614377993972,1.0000000000000,0.6203118303836,-0.0113069448218,0.1144680945438,0.1741172391849,0.1172803728997,0.3972985645741,0.2944156641070,0.0921729144459,0.4071820375898,-0.2161785012089,-0.2838195425005,0.0165867789074,0.3493288314340,-0.2510848574041,0.3180328994701,0.1265001920504,0.2158568933027,0.3928565541450,0.1385146177757,0.0938110896234,0.1609664099897,0.2770536797013,-0.0721392441360,-0.2070924496651,-0.3970711871899,-0.2453018462122,0.0604785820231,0.2521752430086,-0.3381499976424,-0.3731068896982,-0.3269453777659,-0.1474490182404,0.2342326235258,-0.1961014910730,-0.1509157537429,-0.2360932543388,-0.2035755683452,-0.2411150203934,-0.0247969869063,0.0886804010935,-0.0266651194154,-0.1564766734780,0.3547525984109,0.5062794314487,-0.2124532053159,0.7925696218022,-0.1455325042365,0.0994406062420,0.4429913446670,0.3266271138838,0.0961802776620,0.3295568088643,0.1374481173526,0.0285426381224,0.1724363371573,0.2891442810106,0.2421477472211,0.2522632328936,0.2397552489163,0.1284427922096,-0.1790825247316,-0.3118097506869,0.2386897992520,-0.3355484838200,0.4152294349969,0.3006876505258,0.2158959767321,0.2433447847124,0.1677539436506,0.0139466907082,0.3476085939074,0.4603120943706,-0.2156111328887,-0.4088996787692,0.0117756011391,0.1120030645808,0.4101250380644,-0.2217971384317,-0.3750625973004,0.3952908150106,-0.1804362464902,0.0394139187749,-0.0605674480741,-0.1849571713933,0.4683985926702,-0.1466913283865,-0.1464952124990,0.1213688110461,-0.2005885542565,0.0322997868184,0.3542973122579,0.0966235572897,-0.0030277593431,0.0205846974086,0.2509775367728
0.3572224484493,-0.1959766296766,0.4827441143590,0.4275770513359,0.6203118303836,1.0000000000000,0.5206346997585,0.1200192849968,0.1270817862841,0.3192940125322,0.3332816673719,0.3046141064768,0.2138881655365,0.1793440000026,0.2510482551317,0.2731466908218,0.1122380723253,0.1400802517195,0.1122353171670,0.0391179387002,0.0227066846923,0.3572221999131,0.2101411969732,0.2152359372682,0.1539833294052,-0.0055900563944,0.1911954541741,0.0177186559732,0.2085571242327,-0.0156751827789,0.0852600769095,0.0585444975072,0.2119859600997,0.0248470309708,0.1609624968495,0.1393404699007,0.2077549345529,0.0476434064556,0.2286892064125,0.1557464763915,0.1514736989906,0.0064190729269,0.1005172370108,0.0212234828960,-0.0895225859428,0.2154702012455,0.1274712722371,0.4478836964463,0.6099004315790,0.0369475383853,0.4070039121078,-0.1227169191725,0.1939789403652,0.6568956888501,0.7232023534477,0.4828636106819,0.1056113980378,0.0260399833162,0.2076882219088,0.1460360945664,0.1280079233825,0.2294647582384,0.0677869405583,0.0159916591342,-0.1253755428672,-0.0817258528047,0.1151944692007,-0.0226470162112,0.0401845963436,-0.0909964457456,-0.0872980912653,0.1593274913021,0.0965749658191,0.0061464238675,-0.0570335046448,-0.0671687408710,0.0577381992878,0.1005371404886,-0.1444345477104,0.0326375408537,-0.1298181901814,0.0156863661360,-0.2218839177155,-0.0876024215731,-0.0613949248123,-0.1612118109466,0.2035939131889,0.2797754502021,-0.2754079803035,0.0247127629906,0.1768984647457,-0.1034167165816,-0.0278025503361,0.0633287997838,-0.2010936163811,0.4942123899305,0.3143407021704,0.1211489069888,-0.1017579264329,-0.1417790026270
0.1394823059927,0.4181318987432,0.2909517280094,0.8989760507282,-0.0113069448218,0.5206346997585,1.0000000000000,-0.1412951949277,-0.1772714715933,0.0530460596889,-0.2510585369716,-0.1412260523901,-0.0823749388793,-0.0953201521835,0.6689024881094,0.4686507327318,0.0496944430972,-0.3909007337959,0.3345279266165,-0.3093322038930,0.0210547344885,0.0384767395194,-0.2298080945332,0.2344640500444,-0.0093891232330,-0.4054146814821,-0.2992479108456,-0.0627697383632,0.3885926123247,0.1699106710335,0.3427593264846,-0.0712876913953,-0.1428280313806,0.3550475768010,0.5709746276615,0.5318227861831,0.2475191817310,-0.4619333747532,0.3109604079915,0.1356892617213,0.2866846569027,-0.0657783283631,0.2781330517016,-0.2216399830912,-0.2737325023407,0.2564612994867,0.2562298435499,0.0208661601388,0.1764993561872,0.1260262311122,-0.1168441275862,0.2382318854442,0.5496691558172,0.4681819580030,0.7360447624560,0.9219664407675,-0.2322611008926,-0.4100009856134,0.2676999387457,-0.1874448721223,-0.2371502047708,-0.2407675473281,-0.1244897941461,-0.3987120789656,-0.1231327466298,0.1232181873614,0.6079278968547,-0.3692200821641,0.5581034681663,-0.5687804712080,-0.3532920782023,-0.1002015465464,-0.2067057193986,-0.2335165322261,-0.1536605276055,-0.4289640854098,-0.4457190214664,0.2761334219727,0.1996726740095,0.0737878807145,-0.1493184929311,-0.2105994979837,-0.2469967161154,0.2805483861261,-0.4765455429632,0.0790074003629,0.0669971071601,0.5062103048001,-0.0946037698334,-0.5217698132090,0.1506954900369,-0.0962891626630,-0.1248416579242,0.1460482383100,-0.2587807486966,-0.0200466917997,0.2349117389189,-0.0077640768638,-0.3844871275042,-0.4676677301722
-0.1647684803841,-0.1473829819497,0.0211930555415,-0.1479569632769,0.1144680945438,0.1200192849968,-0.1412951949277,1.0000000000000,0.7041476418510,0.3349788184293,0.5051385706116,0.4039223698410,0.3568357830241,-0.0187930267484,-0.0757320141060,0.0199793251246,0.2973594368933,0.4165580481577,0.2617460442215,0.6583566729307,0.2741170975250,0.3643547083049,0.3911541464532,0.2720838272771,0.4588887035653,0.3258964271758,0.5045612226126,0.0434002372393,0.0078839073085,0.0023896410345,0.0240429757175,0.2888629861757,0.4555787704956,-0.0242076404355,-0.1562632524007,-0.1114491479083,0.0920495819939,0.3708498383749,-0.1508904010069,0.0896267758872,-0.1191233868001,0.0414065871548,-0.0576224701686,0.3041050402086,0.3492852542065,0.0842385767553,0.1135563086245,-0.0011364051194,0.0581327739054,0.0027169710131,0.0068750471745,-0.1031490912735,-0.2532001971642,-0.0870293459288,-0.0797614518800,-0.1903051881635,0.3505608590468,0.4849187595777,0.2138986442323,0.5409965969892,0.1940772672060,0.4678615920561,-0.0402817667466,0.0144500607484,-0.0284336906185,-0.3518227982429,-0.1786760570239,0.1778459394220,-0.0951819295225,0.3498398129036,0.0671101022177,0.3133763261457,0.3285446503487,0.4477795628335,0.0672107875929,0.0967177926255,0.2620718970524,-0.1027447836924,-0.1129492183835,0.0505923120602,-0.0143527252365,0.0758866341126,-0.2044861084996,-0.3509307792228,0.2421981188704,-0.2171378101639,0.0895318701810,-0.2355708649596,-0.2779536853802,0.2916361622178,-0.1683102005243,-0.1042198231951,0.1569700852426,-0.0647639743841,-0.0505838539590,0.0852392136974,-0.0704572572046,-0.0305191580258,-0.0139529496059,0.0184275135055
-0.0970018283790,-0.2528872926106,0.0203038588039,-0.2010361696124,0.1741172391849,0.1270817862841,-0.1772714715933,0.7041476418510,1.0000000000000,0.2766309394737,0.4435294294349,0.3504579054502,0.3327557579775,0.0012800689774,-0.0889485136258,-0.0667429972944,0.3024440309322,0.4553192240982,0.2961623872899,0.6236713887517,0.2725126889886,0.2313032081191,0.3594203732063,0.2674827633579,0.5267813893986,0.3375796024479,0.5415124538090,-0.0419564928881,-0.1849945925686,-0.1193381633058,-0.0572540134742,0.2791160378833,0.4052293007966,-0.1312400603869,-0.1696535697515,-0.1937178414215,0.0434041483393,0.4731981676557,-0.1774895608445,0.0072974259760,-0.1838343602257,0.0100660207960,-0.1366903971239,0.3149871185680,0.2889693862688,-0.0613855515029,0.0519371027480,-0.0069336179670,-0.0355586714941,-0.0112049655433,0.0743283921648,-0.1227735178585,-0.1921737404291,-0.0327576473413,-0.0636088872583,-0.1946051390493,0.3601558726010,0.5179542364958,0.2104330549647,0.8522665910357,0.1754676558838,0.4876303087302,-0.0209850252117,0.0749877310680,0.0663315085004,-0.2719339156406,-0.2766364429984,0.2662920752866,-0.0519816832117,0.5243092131266,0.1223973203847,0.2707195960938,0.4955722834381,0.6158569111370,0.1637747526453,0.1520001266674,0.2861821115564,-0.1515125311583,-0.2506367916432,0.0221696317740,0.0128216497701,0.1117745452185,-0.2332777905695,-0.3869434987072,0.2997982457605,-0.3127573201009,0.0370748334870,-0.3481002481429,-0.2109266559216,0.3598147138599,-0.2091749326320,-0.1663635380090,0.1593929719269,-0.1647084944633,-0.0689024206077,0.0518259140605,-0.1916742543307,-0.0976295707959,0.0712691345987,0.0781736448761
-0.1366434154591,-0.1816286865183,-0.1639124798705,0.0995636190223,0.1172803728997,0.3192940125322,0.0530460596889,0.3349788184293,0.2766309394737,1.0000000000000,0.3948347840899,0.7032960545594,0.2607525358243,0.0212816794276,0.1141315256089,0.1667080475022,0.2658588983886,0.0887479887065,0.2679232403024,0.2236676887298,0.2908526252815,0.6111153201660,0.4422553011996,0.1563726276378,0.3615508270024,0.1651393036088,0.4922973496378,0.1388244942027,0.3302906650972,0.0659423246216,-0.0323297451720,0.0951384450802,0.3586889526519,0.2198567792368,-0.0116270107871,0.0275122533354,0.3830820916371,-0.0093526922080,-0.0367354495781,0.3791127896186,0.2100853492522,0.3756662787065,0.0538239560158,0.1889502211093,-0.1590440156908,0.3350615559669,0.2248369476591,-0.0181993192616,0.2737163919460,0.2795856086585,0.1091875354455,-0.4623850631870,-0.3488309915192,0.0106379746346,0.0931473530314,-0.0400940918925,0.0689365078664,0.1933598682703,-0.0800836726992,0.2039456384946,0.6801234706777,0.5061082978324,0.2062597865353,0.0310025863099,-0.1128289069193,-0.2334917382084,-0.1372152206998,0.0158206537061,0.0477750557525,-0.0398522838754,-0.0147181891465,0.5283752774271,0.2199286728766,0.1577130700267,-0.0219798276379,-0.1559805562349,0.2392879905291,-0.0125366775018,0.1150225259742,-0.1400836569146,-0.1456778826894,-0.0349314391097,-0.0269283047009,-0.3363268639634,-0.1284920000457,-0.1807768471262,0.2496674123443,-0.1752279270161,-0.2311083353922,-0.1571253463088,-0.0895532204735,0.0359162132645,-0.0663922941874,0.2887343837221,0.0474076760847,0.0780214531924,0.3580801896988,0.4704727506552,0.3077573696742,0.1603489749426
-0.1375100783243,-0.5576167149958,-0.1708969464922,-0.2500765228456,0.3972985645741,0.3332816673719,-0.2510585369716,0.5051385706116,0.4435294294349,0.3948347840899,1.0000000000000,0.6188455799905,0.4327969261724,-0.0427837997832,-0.1806604650723,0.0250948527822,0.4064832948926,0.5296722512886,0.0268128086242,0.3888518054322,0.2439696100017,0.6152039104248,0.6951695597986,0.2993941092399,0.2502239098714,0.4173874774956,0.6394742108658,0.2131580472284,0.0315731567521,-0.0496979334191,-0.0159881066943,0.1820456005191,0.5957825549851,-0.1317128847556,-0.1760578540299,-0.2862057459354,0.2329220497390,0.3490094877749,-0.0669807484995,0.2715095619716,-0.0214154949291,0.1387006526528,0.0177028630602,0.2812957669387,0.1250931915299,0.1645730113521,-0.0791845125555,0.2561129267049,0.3015759125409,-0.0342908453041,0.2233764101434,-0.5595849264657,-0.4771422887344,-0.1365871073509,0.0296107401912,-0.2585520280161,0.3456624536821,0.3552721815250,0.0136984573194,0.3441697863017,0.3904735692805,0.7789156285711,0.1260413868953,0.3329455085906,-0.1517714789634,-0.3892548990986,-0.3551355903230,0.3961437048761,-0.3400792773521,0.3134888934052,0.2164798355359,0.5073780477422,0.4210856206863,0.2752164021899,0.0817520404391,0.2812247688250,0.5795494084693,-0.0432327023349,-0.1477704048378,0.0725437559797,-0.1088135451730,0.1959825284594,-0.0528001520706,-0.3196125275756,0.2072923266715,-0.2401603801920,0.3833901241477,-0.1660496749867,-0.1525724387893,0.3481455086062,0.0274723166103,0.1208378148477,0.0846016893247,0.1177115288631,-0.0549184791216,0.4013404148088,0.0003276170273,0.1704088511144,0.2542590493160,0.3292763760776
-0.0407786152486,-0.4243194808407,-0.1864721140988,-0.1360686702852,0.2944156641070,0.3046141064768,-0.1412260523901,0.4039223698410,0.3504579054502,0.7032960545594,0.6188455799905,1.0000000000000,0.4504520732784,0.0156146147549,-0.1441408116852,0.0018976495196,0.2970887645048,0.2686960303070,0.0994679536388,0.3263233423972,0.2568145915108,0.5704285945341,0.7096025521554,0.1402739782692,0.2438497644814,0.2158603002734,0.5076294152452,0.0985631241873,0.1208879061970,-0.1272268272020,-0.1806529241878,0.0907958727172,0.4128907713505,-0.0888606301067,-0.1140617389515,-0.2253976033871,0.1383403867306,0.1127594333025,-0.1994725749405,0.2397161563050,-0.0799929452951,0.0470805787331,-0.0796255012744,0.0912566030712,-0.1639082975919,0.0696255374184,-0.0842698971094,0.0809181826697,0.2325637045483,0.0060466902523,0.2714710358027,-0.5234693531260,-0.3931899748720,-0.0377517143536,0.0503017340199,-0.1558002909208,0.3244487908439,0.3082723931839,-0.0596630066365,0.2568690880135,0.6138191173192,0.6362281582019,0.4612029051192,0.3469182911799,-0.0582871415309,-0.2701512741758,-0.3472717933340,0.2491792413840,-0.2084823911809,0.1814817738625,0.2144826716935,0.6261670311233,0.3300174123610,0.2817273777078,0.0649237199409,0.1488036948153,0.4584518250188,-0.1369270273719,-0.0977860639101,-0.1188507605085,-0.0467126037446,0.2138773016431,-0.0937827404341,-0.4016488121924,0.1007331905080,-0.2105999097875,0.2463099761893,-0.1547032932056,-0.1905756062098,0.1107589587212,-0.1380352912775,0.0374699346893,0.0225417236477,0.0826686588938,-0.0332527139600,0.2292611787148,0.1545012606160,0.2697635634161,0.2901026429600,0.3172002598530
-0.0775165355725,-0.1284233214526,-0.0222244915657,-0.0683428626165,0.0921729144459,0.2138881655365,-0.0823749388793,0.3568357830241,0.3327557579775,0.2607525358243,0.4327969261724,0.4504520732784,1.0000000000000,-0.1402540173549,-0.0706834403966,0.1155823634744,0.3350153916200,0.2822019946370,0.0075161035836,0.2938339560840,0.0080143282899,0.2821077895900,0.2752359198197,0.0624300101313,0.2977244675972,0.3118113894219,0.4137292786771,0.0121035118366,-0.0744589348932,-0.0872508697924,0.0247512304884,0.1905208639486,0.5215095279307,0.0205461777344,-0.0129704420339,-0.1567440325192,0.1133284877117,0.3011122436480,0.1582721784805,0.2304390533223,-0.1001761169373,0.0990412490109,0.0498696324319,0.3164463625801,0.2067341612934,-0.0327593131060,0.0269475806659,0.1899294407199,0.1205083603638,0.0908300006023,0.0612448034111,-0.1797596657157,-0.2590714906998,0.0726309816156,0.0014239510212,-0.1329874387507,0.4881758998844,0.3437398956931,-0.1321659697222,0.2594020665600,0.1012527063088,0.4571903385387,0.1298369625550,0.3954620705848,-0.1858595913946,-0.1989993249606,-0.2413517366634,0.1463314221327,-0.2795208335854,0.0427386389524,-0.0776330021106,0.2143584504277,0.0998465201981,0.2372998051580,0.0122888745488,0.1091473691166,0.1764404056343,-0.2102283215467,-0.1980171712598,-0.1444390389451,-0.0484114566493,0.0716032580119,-0.2411286590769,-0.1823457531301,0.2162167770242,-0.1697915118876,0.1632085339465,0.0417801528409,-0.0874925563875,0.1160474344928,0.1777749253130,0.0676640313760,0.1500069009223,-0.1105982021693,-0.1588129716995,0.2518100107609,0.0254297499028,-0.0795361202367,0.0186068006092,0.1365993276360
0.6526715868685,-0.1384018967729,0.3909824967937,-0.1229811544625,0.4071820375898,0.1793440000026,-0.0953201521835,-0.0187930267484,0.0012800689774,0.0212816794276,-0.0427837997832,0.0156146147549,-0.1402540173549,1.0000000000000,0.0029395006042,-0.1720729851581,-0.0083960972051,0.1542462677574,-0.1083281452041,0.1395449260590,0.1731480327259,-0.2104491046606,0.0254557637815,-0.1431629886246,-0.0291030842933,-0.0527584258153,-0.0942004728232,-0.1984935202618,-0.2459469425605,-0.0055610153760,-0.1196907617522,0.1135340498556,-0.0156618017070,-0.3554175853360,-0.1667165289712,-0.0776619809279,-0.2817364514976,0.0451725666534,-0.3103613085449,-0.4370249457672,-0.2232195007378,-0.1450268093244,-0.3652701590213,-0.2777763724411,-0.0739397823922,-0.1601285468223,-0.1651815468526,0.0485329947895,0.2243364658394,-0.1953379640120,0.4861488392043,0.1914615476253,0.3114839729515,0.3838625395788,0.0275852091752,-0.0016575264283,0.1404728150618,0.1522180495570,0.0522537218689,0.0602940228550,0.1630025529840,-0.1064368694046,0.2758456719174,0.1614049847298,0.4630116021765,-0.0248806035768,-0.0344405252116,0.2644736649481,-0.0453235149630,0.3099178624433,0.3638305699673,-0.0892083745854,0.1272436662230,0.1182038602339,0.0956790671448,0.0493461474145,0.1522085545189,-0.1872981778169,-0.2679268152341,0.1004699228380,0.2134740528175,0.2738289353900,0.0109159743609,-0.1897112702379,0.1780626341008,-0.1532660144257,-0.2521585826033,-0.2785484666881,-0.2460307338795,0.2611120034959,-0.3297300099751,-0.3132962023944,-0.1448226165695,-0.2140005820008,-0.0152231287475,-0.0315865716775,0.0884697014382,-0.1048974177732,-0.1894353459729,-0.0349856727415
-0.1028963682404,0.5476294302695,0.0929138124779,0.8423487516949,-0.2161785012089,0.2510482551317,0.6689024881094,-0.0757320141060,-0.0889485136258,0.1141315256089,-0.1806604650723,-0.1441408116852,-0.0706834403966,0.0029395006042,1.0000000000000,0.5393051715868,0.2564656610253,-0.1567225346096,0.4912946699573,-0.2320728526813,0.2166509252165,0.1011900140884,-0.1360875338610,0.2843670742350,-0.0638053667036,-0.2413626879399,-0.1128200655934,-0.0750185401071,0.4282599610610,0.3947564956788,0.4454877193608,0.1313310168770,-0.0127115595879,0.4535144712194,0.5336032949786,0.5278168140300,0.1866529111101,-0.2288101085267,0.2116217174973,0.2247289082866,0.3442583651155,0.0993662035701,0.2671294871059,-0.1250885268221,-0.2009418593153,0.1923822881236,0.3547518954711,-0.1083626582449,0.1226528707229,0.2826183040514,-0.2540579164396,0.2146382516098,0.4344843043604,0.1361807464872,0.4233527660468,0.5660920750977,-0.3891449816999,-0.3085563664336,0.0919752284166,-0.1528946310531,-0.2892708852973,-0.1155611430764,-0.3756728313738,-0.5233588800211,0.0448896752808,0.1843172024205,0.4795286451195,-0.3449773626096,0.5111354228728,-0.4506043641264,-0.4050837268606,-0.0218553975243,-0.0378014139642,-0.1977848077139,-0.1763534197695,-0.4760728716102,-0.4998579115210,0.2069962725822,0.3108629033517,0.0279715357264,-0.1235040155672,-0.4124803359959,-0.0973882067326,0.1426562445926,-0.4729449060054,-0.0552751803268,-0.1118194681868,0.2116435386686,-0.2437170855073,-0.4575174742548,0.0440777802098,-0.2173451088950,-0.2859132876521,0.0121047549630,-0.3346912733314,-0.0864162473736,0.1934767784487,0.0109598148515,-0.3308420255887,-0.5218871787606
-0.3914644398885,0.2623517193289,-0.2219643353293,0.6073629177093,-0.2838195425005,0.2731466908218,0.4686507327318,0.0199793251246,-0.0667429972944,0.1667080475022,0.0250948527822,0.0018976495196,0.1155823634744,-0.1720729851581,0.5393051715868,1.0000000000000,0.4057290666998,0.0593769808545,0.5758636154494,-0.2154465590883,0.0882438866846,0.1875554472199,-0.0456043371527,0.2335485232405,-0.0826617650604,0.0175851546676,0.0639080868165,0.1046615619037,0.4334861539576,0.3548495866246,0.6743323706886,0.3237979595196,0.2263212933534,0.5159557989813,0.7614792393749,0.7584021689699,0.3103429467417,-0.0296739581403,0.3874504624764,0.3707295972527,0.1346053862846,0.1084136711698,0.3663234985141,0.0022443099217,-0.1131129608564,0.1734512248445,0.1736989023269,0.0996664121682,0.1475796863769,0.1215651196302,-0.2288718711295,-0.2039776956206,0.0856726088610,0.0119029979683,0.3575986471817,0.3202750738410,-0.2875206893352,-0.1112140976340,0.0175933810903,-0.0853687690469,-0.1167353143018,0.0797231489775,-0.3252963421764,-0.2508547841068,-0.1368235397160,0.0386545020400,0.5595059289906,-0.1317179113524,0.5001425796099,-0.4802505522742,-0.3401302969027,0.0492896872803,-0.0232581488314,-0.2559274986316,-0.0605379478366,-0.3754640733324,-0.3119344499771,0.1547759306167,0.3291828147340,0.2242167758637,-0.2081781245521,-0.4130503212789,0.1047819701185,0.2832841985647,-0.3243992829229,-0.0409012508676,0.1277224560794,0.4159069446716,-0.2922263297068,-0.3013484252104,0.2738903854992,-0.0915773147149,-0.3081996894850,0.1604799934504,-0.4792016764374,0.2630226702256,0.4116756810082,0.0883867240967,-0.2173277509409,-0.3494607805823
-0.2683978737126,-0.0930529271784,-0.1981937460557,0.1095343346042,0.0165867789074,0.1122380723253,0.0496944430972,0.2973594368933,0.3024440309322,0.2658588983886,0.4064832948926,0.2970887645048,0.3350153916200,-0.0083960972051,0.2564656610253,0.4057290666998,1.0000000000000,0.4678050653483,0.5382489902630,0.3399100698482,0.6785779588188,0.4349429677833,0.4960867694378,0.5077041412051,0.0529549117245,0.1633732562625,0.4725507917715,0.1750041239488,0.1306278337143,0.0546313481007,0.5100358994592,0.4248497469101,0.6816435610402,0.2049807089550,0.1930265721585,0.2856085470145,0.1507413465150,0.1837791205714,-0.2768183810878,0.1497816759885,-0.2141018058692,-0.1228153188183,0.1295266481800,-0.0129942107039,0.0313119419068,0.1327146231909,-0.0481630683401,-0.2635470839400,-0.0436122481771,-0.1936553813153,0.0372617066748,-0.3273346486108,-0.1790454140636,-0.1120401262800,0.0638263599073,0.0164735304033,0.0180718712310,0.0838360798748,-0.0414945217567,0.1746290156798,0.2290856234047,0.4662410441766,-0.0392519664806,-0.0439278779592,0.1259855532819,-0.4075305176036,0.1625072256787,0.3051877149950,0.2618164947406,0.1404960818833,0.0991418299828,0.5212832881029,0.3184049596170,0.0902773550831,0.1023824294983,-0.1204436183655,0.1836462884129,-0.0227608817885,0.0965601371077,0.3241097656754,0.0352338069704,0.0259913857061,-0.0230894709467,-0.1899976860357,0.0969847172235,-0.2658428188839,0.0854187171792,-0.1617567466961,-0.4207942252069,0.1535414028673,-0.3495701237767,-0.2815306221415,-0.2440986458022,-0.0146264613009,-0.2502836174728,-0.0574420574541,0.0317163275053,-0.0257258701833,-0.1254395239550,-0.1730434888457
-0.0432839336045,-0.3269592586337,0.0073678375404,-0.3539863485703,0.3493288314340,0.1400802517195,-0.3909007337959,0.4165580481577,0.4553192240982,0.0887479887065,0.5296722512886,0.2686960303070,0.2822019946370,0.1542462677574,-0.1567225346096,0.0593769808545,0.4678050653483,1.0000000000000,0.0861983778872,0.4694192434182,0.3104986794457,0.2166806949326,0.4781915882039,0.2536780165950,0.0910836324865,0.5084141236423,0.5211564007452,-0.1228285774231,-0.2510237390907,-0.1313490031341,0.1999024183971,0.4927759852523,0.5351339814819,-0.1971673942359,-0.1187430860781,-0.2020201807434,0.0027781874534,0.6390346809524,-0.2447359067433,-0.0420775252376,-0.3468823157839,-0.0502740015738,-0.2867693427327,0.1747273224013,0.3344450695803,-0.1541407542850,-0.1036193631092,0.0585934459902,0.0550547317567,-0.1716032750627,0.2468842897758,-0.1454425562938,-0.1683556781981,-0.0627115930308,-0.0908287935280,-0.3444289741260,0.2722751735795,0.4542816598580,-0.0714600412808,0.3466267699929,0.1692754840546,0.5036749767983,-0.0929364843717,0.1139939872799,0.2551971383453,-0.2931666163859,-0.2322722904035,0.4730026752829,-0.2561024058054,0.5058990777311,0.2907504770371,0.3539734463127,0.5221279309632,0.3032349247290,0.2460099888878,0.3718714440238,0.3891432582312,-0.3749480219893,-0.2581985933444,0.3654799029048,0.2924452559528,0.1918140248100,-0.0139067653227,-0.2848302263489,0.5237811819191,-0.1937900912193,0.0868207228874,-0.2532155950222,-0.3086717136364,0.5846837478498,-0.1903340381112,-0.1968561963725,0.0286764001196,-0.3156288123872,-0.1117923188301,0.2088334065422,-0.1172001344348,-0.2080627433231,0.0824141014354,0.1720232541694
-0.3481586238047,0.1658248028842,-0.1613741284456,0.4592493898941,-0.2510848574041,0.1122353171670,0.3345279266165,0.2617460442215,0.2961623872899,0.2679232403024,0.0268128086242,0.0994679536388,0.0075161035836,-0.1083281452041,0.4912946699573,0.5758636154494,0.5382489902630,0.0861983778872,1.0000000000000,0.2738757851198,0.4012073489173,0.2310932379508,0.1470354912309,0.4729951158167,0.1209438500122,0.0108588452647,0.2861291443649,0.1354391241100,0.3236422960064,0.1967191137288,0.4149340144832,0.2042785162931,0.3412341143758,0.4391418360065,0.3941755987007,0.5251479978504,0.2136922881031,-0.0394576232157,-0.0688639743939,0.2414175068187,0.0914068913248,0.0737458456592,0.2176524876472,0.0218461103715,-0.0545944073250,0.2170927410451,0.2224929609539,-0.2997011130424,-0.0275535958483,0.0923035401878,-0.1493653532343,-0.1653839784122,0.0412399655832,-0.0550565672353,0.1584779945832,0.2427521140723,-0.2099671813869,-0.0223158437873,0.0401815890783,0.1286044161414,-0.0135132697971,0.2227825957260,-0.2993153662020,-0.4529541349922,0.0332296378502,-0.1129692132765,0.3763126436587,-0.1336107698288,0.6385048891186,-0.0266369218661,-0.2825767493591,0.2571005420166,0.2070498364743,0.1284527264908,-0.0564925095249,-0.3599018214209,-0.2233485155028,0.1197338814947,0.2886407953049,0.0514139138690,-0.1235084169866,-0.2768736927030,0.0283449812815,-0.0403605869765,-0.1145630469119,-0.0785391916179,-0.0275046348124,0.0332345710061,-0.2804279664710,-0.1554213904839,-0.1414737894560,-0.2399299864307,-0.1597660836789,0.1388477293509,-0.2075484366057,-0.0940566845252,0.2254615233941,0.1267809003062,-0.0709345514802,-0.3400745952353
0.1406527919829,-0.2740005395269,0.1836149895927,-0.3548811332715,0.3180328994701,0.0391179387002,-0.3093322038930,0.6583566729307,0.6236713887517,0.2236676887298,0.3888518054322,0.3263233423972,0.2938339560840,0.1395449260590,-0.2320728526813,-0.2154465590883,0.3399100698482,0.4694192434182,0.2738757851198,1.0000000000000,0.3253818233549,0.1630416041621,0.4112825991738,0.3666744926806,0.5227033876474,0.3722671600881,0.5905308691226,-0.0122338036539,-0.3161559199231,-0.2535054866383,-0.0811631390540,0.2228680479483,0.5168532362563,-0.1264109875943,-0.4085935238812,-0.2671620630554,-0.0760819452630,0.4778506882525,-0.3711060136884,-0.0425184274644,-0.2763665450607,-0.0790920148597,-0.1951197550063,0.2852326143160,0.4218474555087,-0.0373951583212,-0.0344565277318,-0.0720559792301,0.0311486114818,-0.0711819647219,0.3424597926455,-0.0645455738638,-0.2321057164850,0.0240603621973,-0.2125652318557,-0.3020792072171,0.4055945396369,0.3616305913577,-0.0510517251315,0.4184564293837,0.2365138487631,0.4048252188794,0.0384540289790,0.0231914065332,0.1766379032702,-0.3990919254582,-0.3473467985068,0.2597505128684,-0.1395484675182,0.7000500297798,0.1715477399655,0.3085794205814,0.4089612776179,0.5829423433579,0.0134251947144,0.1922172918678,0.4514863763507,-0.3338579200799,-0.3277241383464,-0.0194856577575,0.1105130483302,0.2635603232704,-0.1371273188707,-0.4637634652256,0.4942788903548,-0.1994937350432,-0.0168949622481,-0.3647535187685,-0.2799968532650,0.4962956452698,-0.3442711043181,-0.1635040132731,0.2079284595016,-0.2429295913210,0.0620375032709,-0.0336808517007,-0.1005660548674,-0.1126612287229,0.0629855397649,0.1592655220591
-0.0645799869781,-0.1414113555991,-0.1033526604452,0.0393298411064,0.1265001920504,0.0227066846923,0.0210547344885,0.2741170975250,0.2725126889886,0.2908526252815,0.2439696100017,0.2568145915108,0.0080143282899,0.1731480327259,0.2166509252165,0.0882438866846,0.6785779588188,0.3104986794457,0.4012073489173,0.3253818233549,1.0000000000000,0.3151316625500,0.5204112635564,0.4415073330802,0.1379392439965,0.0605177991600,0.3851907966018,0.0685207489687,0.0388796268506,-0.0105409768638,0.2461556749203,0.4331550896862,0.4502881544032,0.0368069355693,0.0518396055239,0.2031877631860,0.0925647187546,0.0945581766244,-0.6152660026537,-0.1208444079467,-0.2752942425990,-0.1276893767923,-0.0296207779250,-0.1052362767139,0.0408830083315,0.1884475100710,0.0903893229063,-0.5141863656803,-0.1754164000653,-0.1621531221797,0.0806318402181,-0.1742718591231,-0.0405322701356,-0.1033418337457,-0.0841171866288,0.0626758199635,-0.0089424462956,0.0239987550742,0.0688279851210,0.1623967942939,0.2303738958731,0.2619789289218,0.0909864494810,-0.0787183438359,0.2066160792362,-0.2445675443970,0.0762447387209,0.2124374929997,0.2543532005100,0.2476949844672,0.3688130889533,0.5102595071443,0.4182379915841,0.1816527332033,0.2918773452070,-0.0478304402814,0.2893097522553,-0.0390471550153,-0.0073233908666,0.2643116872321,0.1579434312335,0.2521521671420,-0.1895334568015,-0.3022843537607,0.1342454875337,-0.2464464377758,0.0333508055178,-0.3614922139693,-0.2368895356501,0.1672141997914,-0.6770720961523,-0.4259003330995,-0.0888908914378,-0.0812442529111,0.0538272986124,-0.3684588846597,-0.1762155633213,-0.0643456464244,-0.0363926870257,-0.0433922025112
-0.2382073300389,-0.2395602936014,-0.1511911109997,0.0867933475299,0.2158568933027,0.3572221999131,0.0384767395194,0.3643547083049,0.2313032081191,0.6111153201660,0.6152039104248,0.5704285945341,0.2821077895900,-0.2104491046606,0.1011900140884,0.1875554472199,0.4349429677833,0.2166806949326,0.2310932379508,0.1630416041621,0.3151316625500,1.0000000000000,0.6196254162383,0.3327907896417,0.1924145766761,0.1126437147016,0.5286954773328,0.2751975186768,0.4886529850856,0.1300395228714,0.1199092462976,0.0988717088499,0.4807973427059,0.1947522261869,0.0146050904021,0.0035145232260,0.3926575472335,0.0518520023706,-0.0163009929300,0.3633711285137,0.2178762050638,0.1730866687928,0.1836670146092,0.1528718663766,-0.0418366252857,0.4721947377666,0.1281725352106,0.0990401702319,0.3811780881411,0.0794999433644,0.0766918396611,-0.5647555536134,-0.4678970346319,-0.0642495963055,0.1718639738832,-0.0677934523802,0.0737814348924,0.1328508702845,-0.0234143986576,0.1545828210185,0.4248287621666,0.5675994426941,0.0620110236099,0.0636050981398,-0.3598755145159,-0.4175656172815,-0.1289386343228,0.0152973674570,-0.0502160322093,-0.0319990153738,-0.0470754607185,0.6411672821471,0.2264741532203,0.0850196209801,-0.0280454730795,-0.0630166010775,0.2846127844061,0.1349908059312,0.2161375817131,-0.0063279918887,-0.2151374040053,-0.0176929355993,-0.0913084391585,-0.2955628718479,-0.0372813760078,-0.1849221163929,0.3653710204449,-0.0253471104381,-0.2606244177108,0.0166305729758,0.0047963282575,0.0516021894270,-0.0514231599270,0.3531720102316,0.0518586618043,0.2839782992826,0.2440951413498,0.4368731591156,0.1796043610086,0.0451467596612
-0.0555237253091,-0.5018559742799,-0.1585688918501,-0.2263167655806,0.3928565541450,0.2101411969732,-0.2298080945332,0.3911541464532,0.3594203732063,0.4422553011996,0.6951695597986,0.7096025521554,0.2752359198197,0.0254557637815,-0.1360875338610,-0.0456043371527,0.4960867694378,0.4781915882039,0.1470354912309,0.4112825991738,0.5204112635564,0.6196254162383,1.0000000000000,0.3396809377032,0.1375212717593,0.3138141847670,0.6213814538757,0.1025785578067,0.0412780626013,-0.1209711489179,-0.0154876002256,0.2617823616786,0.6137072547806,-0.1552689372857,-0.1515431456806,-0.2466882039668,0.1599988626784,0.2035351006645,-0.4289074288557,0.0886289058623,-0.2099841793833,-0.0304803180718,-0.0908782015774,0.0468268232180,-0.0113620501388,0.2013709599823,-0.0586715947525,-0.1312268117910,0.1216619835639,-0.1443177568307,0.3264571404599,-0.5217486227899,-0.4087553500869,-0.0905972258773,-0.0182931163913,-0.2134242060722,0.2383520700427,0.2512412433035,-0.0502217263856,0.2444409950114,0.4528959113812,0.6500755334605,0.2979395194853,0.2340401966342,0.0051589587540,-0.4244869020083,-0.3373871231318,0.2935805062650,-0.2088110582978,0.3674981287844,0.3258350745625,0.8101314427239,0.4668602546389,0.3045313602849,0.1859209051781,0.2603329248915,0.6038197577249,-0.1810841407215,-0.0943664410968,0.0654120977659,0.1032612834816,0.3391902239269,-0.1061578795873,-0.4477820604658,0.2772210886059,-0.1993438897555,0.2865057526139,-0.2780959638677,-0.1794898765691,0.2761872663554,-0.3601744442035,-0.1221038975484,0.0401091561508,0.0385697557064,0.0954920571701,0.0797097236878,-0.0017094223084,0.1481173589308,0.3218983561488,0.3013054769186
-0.1259532766140,-0.1716626542274,0.0636377342598,0.2226634871409,0.1385146177757,0.2152359372682,0.2344640500444,0.2720838272771,0.2674827633579,0.1563726276378,0.2993941092399,0.1402739782692,0.0624300101313,-0.1431629886246,0.2843670742350,0.2335485232405,0.5077041412051,0.2536780165950,0.4729951158167,0.3666744926806,0.4415073330802,0.3327907896417,0.3396809377032,1.0000000000000,0.0857308029280,0.0318240816196,0.3302274498810,0.2059729282616,0.0748077418214,0.0167472325607,0.4994131183707,0.1086696516810,0.3295403527703,0.2216390208339,0.0267601518454,0.2869453336824,0.2935644630903,0.0234382863396,-0.0406800079009,0.2646936164410,-0.0306187923942,-0.0404153795440,0.4253563891649,0.0378470909681,0.0936095558417,0.1337758690866,0.0375955714778,-0.0578003830967,0.1309866896238,0.0068437025190,0.0504270338848,-0.1927205180165,0.0301751413925,-0.0950489304983,0.1891276272082,0.2024766138436,-0.0643799105651,-0.3262012796893,0.1861648394810,0.0471911408897,0.0625610917876,0.2794728714550,-0.2098314407235,-0.2794215554423,0.0161531472863,-0.1845018652127,0.2696624159134,-0.0470058555830,0.2865189467020,0.1230551277316,-0.2217954724239,0.2980225354954,0.1827318069786,-0.0527815253243,-0.2726131869196,-0.0999892414905,0.1127366512979,-0.0059728802608,-0.0015621136720,0.1998012133205,-0.0249821390744,0.0045258251696,0.0186547411666,-0.0198817444100,0.0599254827374,-0.0631519856443,0.2214614174206,0.1399592258576,-0.2043385423976,0.1156202791510,-0.1053866789206,-0.0693831391262,-0.0186196240576,0.0105570323239,-0.1478591264944,0.0547246220239,0.0416583945770,0.0818461385248,0.0204558010961,-0.1382238991333
