1.0000000000000,0.5920301084121,0.4404631642601,0.4632265953414,0.4472863800993,0.1943872188712,0.4040439177379,0.1805082423470,0.0773758029123,0.1858474773013,0.0114061400533,0.2128017750902,-0.0236901979440,0.8068901409315,0.1741710547727,0.3109149886718,0.0995654799683,0.0584023667562,0.4503660483586,0.0664795951059,0.3052637344084,0.1057015294317,0.0750320246132,0.0762420289204,0.2453870276676,0.2756865351661,-0.0170999934842,0.1363368764430,-0.1454277004057,-0.1199834149768,0.0801704886065,-0.0010766786653,-0.0582068799674,0.0465357419458,0.2972013665753,0.2947179959108,-0.0142788080703,-0.0332509116147,-0.0207826456971,-0.2271996506360,0.0089648126744,0.2703179942353,-0.0252129818850,-0.1491002721832,-0.0572466758089,-0.0818556266756,-0.0541905710317,0.0651312963794,-0.0239856985499,0.2746034235659,0.7004988758849,0.6131038340090,0.3746281721447,0.3384433428828,0.1466217012996,0.4082706907018,0.0118452730846,-0.0497176938588,-0.1096043453201,0.0663626765255,0.1671874871533,-0.0572933106480,0.1610435572747,-0.0794642404607,0.5518676679128,-0.1330940015872,0.1779147195628,-0.0455558261022,0.0765859734617,-0.0404381192615,0.1708589905787,0.0076632935675,0.0442984579111,-0.0171721003058,0.0867197762504,-0.0816726872094,-0.1974571341866,0.0751756352507,-0.1193170313869,-0.0771521973818,-0.1397638141733,-0.1440780540624,-0.1366878487863,-0.1518020874600,-0.3331401449925,0.0092691669456,-0.0511512669986,0.1225317364977,-0.1343132165311,-0.2974968215967,-0.1613095226550,-0.2354417948944,-0.2342722340252,0.0177774375844,-0.1035551086976,0.0562463133141,-0.0314333964699,0.1248159499349,0.2954413290947,0.0387004746597
0.5920301084121,1.0000000000000,0.4393154479780,0.2938241422557,0.1572039729495,-0.1687128440154,0.0521809710029,-0.1472521270470,-0.3371163211661,0.0122223502951,-0.3480102955980,-0.1484172127784,-0.3753398982264,0.7344531246484,0.4150977435981,-0.0568028578183,-0.3037280053945,-0.2608491149521,0.4440012605172,-0.3674322908014,0.1114045416549,0.2551535372402,-0.1387867514834,-0.3468253786274,0.1082469490133,0.0122705548669,-0.3730821218641,0.4464681354077,0.3387034330715,0.3903350228222,-0.2710142544167,-0.1690286985951,-0.3596964440987,0.1219535785617,0.1448608102028,0.0176500912590,-0.1949876572341,-0.3961329854560,-0.1445038733132,-0.2193114483431,0.3391637768718,-0.0716923000272,-0.2063600221363,-0.0231665355436,-0.3437940489397,-0.2302148359513,-0.1644888847381,-0.2127639225276,0.2855017718671,0.0325891986930,0.3492500239801,0.8097690645646,0.1638994815540,0.0553311732373,-0.1697969723093,0.0712832367169,-0.3172526057300,-0.0620128392682,-0.3006063610128,-0.2406237838198,-0.1664523722101,-0.4274511072803,-0.2451636004852,-0.4383177755356,0.5599528940695,-0.2966393786138,-0.1726876757511,-0.4445298154892,-0.0134165268107,-0.2907346942749,-0.1955111011325,-0.0428293728597,-0.4154048445610,-0.1426667570544,-0.1166108199539,0.0627922903267,-0.4416234041184,0.3003667080733,0.3166761425204,-0.5169911241027,-0.2478239424510,-0.4234755143893,0.1639344561909,-0.2058444649908,-0.0374148234481,0.1014887501257,-0.2414699374375,0.0015710742513,-0.3655949760889,0.0070664104055,-0.1532328965767,-0.1321917613257,0.1478505531852,-0.1126124939327,-0.1660421467199,-0.2095273808619,0.2831054689971,0.0400473971934,-0.1405523659809,-0.4452844192355
0.4404631642601,0.4393154479780,1.0000000000000,0.2147783557366,0.3846791200317,0.4396175202438,0.1688356338193,-0.0918155841500,-0.1583961566211,0.0566122787143,0.0138984653813,0.1052470424959,-0.1497541159920,0.4262075260008,0.2815728132915,0.2304493269986,-0.0708910401162,-0.0903439424287,0.1300700936712,0.0573189579783,0.2389809278417,0.1150365533996,0.1702093329841,0.0356973059511,-0.0659230915217,0.2149708010020,0.1179635065429,0.1117587153642,0.0422301820189,-0.0110989377523,0.2297017326361,0.1287685194132,-0.0015389749220,0.2790628877085,0.4468514173297,0.2839708706496,0.2433482018937,0.1155171683466,0.4733270048721,0.0818096955642,-0.0590183532536,-0.1425061378725,0.3237252845888,-0.1347697188439,0.0666220413170,-0.0178504519866,-0.0404815986847,0.2890883396638,0.2420674397396,0.1339345385490,0.2079858524006,0.5792362956171,-0.0714982153443,0.7077263480514,0.0779731063679,0.1334160587735,-0.3089400181622,-0.3212050217692,-0.2124006817949,-0.1921507708475,-0.0709682437859,-0.0322838666143,-0.0188458919935,-0.2713042867735,0.0046938676929,0.2140067542598,0.1224074298442,-0.2753939806312,0.0525564990926,-0.0349559071223,-0.1092779049007,0.1569238804786,-0.1094267586631,-0.0443394917940,-0.0462644037486,0.0064389896692,0.0524594429180,0.0680337510807,0.0086173892673,-0.0200367126733,0.2436955156688,-0.0554456088465,0.0606087194897,0.2901307339224,0.0017023951368,0.2323101361078,0.2661829188453,0.3854483669061,0.0788292465933,-0.0148386944732,0.3951858637806,0.1725105134156,-0.0731291119187,0.1007971475141,0.0140027276471,0.2296068810316,0.0257213267424,-0.0966535223995,-0.2181589537733,-0.1833749477798
0.4632265953414,0.2938241422557,0.2147783557366,1.0000000000000,0.6390134874399,0.3044160244320,0.8152086587993,0.3807041432518,0.3642970939806,0.2252452431443,0.3373563345403,0.3282609208038,0.1743241027763,0.4614444310043,0.4885810338860,0.5468931454047,0.3928699266413,0.4174177711287,0.2971540865882,0.2821135912155,0.2098799528959,-0.1468431990804,0.2271607257031,0.3486504399617,0.1125272577601,0.2979611130039,0.2435040683863,-0.2444667504764,-0.3539288556779,-0.3474576046312,0.2122024776853,0.0742865446531,0.1371335963539,-0.0445413685039,0.1299020015640,0.2131939155512,-0.0279008437126,0.1858850973538,0.0301094346657,0.1127809421655,-0.0520155949233,0.3758808631743,0.1395133154374,-0.0005892953100,0.0544445784942,0.0904859425085,0.1111291703326,0.2742195612865,-0.0387386410493,0.3522752859080,0.7145498743784,0.3138094603607,0.8070934557348,0.2437082558059,0.3841913316345,0.7625743997994,0.1637454699127,0.1664503282304,0.3724821802697,0.3705475131754,0.1951728794363,0.2097572993019,0.1493494174066,0.0823912814520,0.5189867796695,0.1377119593177,0.3690758415979,0.3255399937197,0.3055127701837,0.2034556313124,0.2146630334098,-0.0172222053514,0.3399546951933,-0.0048078818286,-0.0623466165448,-0.1514033365192,0.0272864768147,-0.1198470819658,-0.4576700359791,0.2361786624888,-0.1043224345528,0.0218109578982,-0.4565127627591,-0.1526739948058,-0.3731162691353,-0.0184645069505,-0.1082543330710,0.0381695445022,-0.1045918616987,-0.2117967213044,-0.0769744852715,0.0162550073175,-0.2019230183457,0.1415816374925,0.0346118506189,0.2538115404865,-0.1803756906379,-0.0922471704576,0.3665704316045,0.2676055468625
0.4472863800993,0.1572039729495,0.3846791200317,0.6390134874399,1.0000000000000,0.5903128327278,0.5800594538204,0.3900816564800,0.2965110452628,0.3638043336652,0.3534841803152,0.3588595999912,0.2829238198387,0.4579201224261,0.4515244435019,0.3243560306413,0.4742847698928,0.3984065767188,0.1061807074915,0.2625706005789,0.1617374329076,0.1099516819720,0.2596506548904,0.3800346794658,0.0575246794512,0.1947818215228,0.2987801280253,-0.0831895158766,-0.2493342236808,-0.2593573033838,0.2934985871681,0.1561968098789,0.2613984688017,0.1185145996915,0.0422270920125,0.0304250424345,0.1053231982457,0.1803939309951,0.1345894906097,0.1382562148434,0.0983132540659,0.3300625771717,0.1434510122533,-0.0451199998288,0.1347970984968,0.2834816497456,0.2171353568603,0.4241580614745,0.3419505138552,0.4428539738630,0.7103343665981,0.1469616702119,0.5008024118840,0.5320656858563,0.6234096730089,0.4810567910742,0.2209726085450,0.1939172953307,0.3006051693885,0.3217335766122,0.2306379429080,0.3131485548831,0.2479489563268,0.2058513351537,0.2771204428897,0.2167094335795,0.1599389321802,0.3889970883814,0.1832739226284,0.1807995979527,0.1468064165740,0.1296265183266,0.3299938239192,0.1035812910416,-0.1285474527462,-0.2746169545858,0.1149668536248,-0.0894048889834,-0.2784058436785,0.3170247882396,0.0017147698759,0.1206790772617,-0.2680676190057,-0.1082179582339,-0.2453226269049,0.0713456143800,0.0405758931005,0.0325922349593,-0.1179027679615,-0.0770573270529,0.0883873084523,0.0633844608339,-0.1823716980294,0.1318754637576,0.0277567176831,0.3980538790314,0.0551009084706,0.1783779441022,0.2874584108454,0.2370629816105
0.1943872188712,-0.1687128440154,0.4396175202438,0.3044160244320,0.5903128327278,1.0000000000000,0.4339073556505,0.4100671996374,0.4287775661647,0.4885792790743,0.5022955946106,0.4927469806473,0.3585420827359,0.1185507013277,0.2543384358607,0.3137744147409,0.4333856923635,0.3885279156092,-0.0266557254189,0.4644370503681,0.2131401743837,0.1189325301475,0.3338635300651,0.4658311681235,0.1945684728929,0.0945495339281,0.4814708192805,-0.1943368174035,-0.3188053292058,-0.3383644758394,0.3948952349562,0.1870581197288,0.3573723945645,0.0810797103471,0.1297875429142,0.1704680890653,0.2452629312373,0.4187022046720,0.3206542857479,0.2325694944189,-0.0817157021436,0.3925069004006,0.3610492172730,-0.0473229446954,0.3472774197412,0.3633629285315,0.2118559578426,0.7089164866150,0.1616205856861,0.5473569851883,0.3707119909207,-0.0928850993200,0.1549485058038,0.8351232851900,0.6953740312239,0.3243194917156,0.3197486908987,0.0946185093058,0.3430398193627,0.3943910124601,0.4424349363569,0.5289130262043,0.3865811454364,0.2730456853184,-0.0958344848443,0.4225252643937,0.2806646936254,0.4027752060266,0.1315018494513,0.3808905757143,0.2529106116063,0.2315462256702,0.4538970244262,0.3196001609544,0.0724181990555,-0.2050476865572,0.3556334454672,-0.1448745535217,-0.3141482870226,0.4887910989526,0.1349406192221,0.2701355378339,-0.2711983125879,0.1756113944208,-0.1475853765547,0.0084529324188,0.3120078660493,0.2262603282129,0.1719321692275,-0.0311941749429,0.2569023020084,0.2004643938891,-0.1937793281655,0.1923930984678,0.0579283611855,0.6772954740211,-0.1572617723244,0.0849084643938,0.2882507041802,0.3299533278683
0.4040439177379,0.0521809710029,0.1688356338193,0.8152086587993,0.5800594538204,0.4339073556505,1.0000000000000,0.5524846766678,0.5026940501693,0.2978760504467,0.4272529327171,0.3966617926295,0.3706715442934,0.3028316507516,0.2519948979021,0.5769491425086,0.5229242533096,0.5263520550637,0.2526216004855,0.3377913343650,0.1493479357844,-0.1864408116203,0.1826729962825,0.4005575301448,0.2206665662664,0.2575808645851,0.2817582940053,-0.3387444804849,-0.3888486815294,-0.4083073376408,0.3764152313591,0.1430615778477,0.2765054387744,-0.1099425337294,0.1954276538646,0.2359697563183,0.0734291570340,0.2300726130434,0.1929655142919,0.1238366897181,-0.0503771214411,0.4863116824631,0.1207294354865,-0.0107319244306,0.1557109301031,0.1412718952387,0.1410380215229,0.3477292130137,-0.1381737887638,0.4116698048023,0.6300335685178,0.2143358424980,0.7738890090819,0.3413027706865,0.5814623947510,0.8956651230169,0.3703980919594,0.2640772351251,0.4731256385270,0.5103312876305,0.3568605238282,0.3349804844063,0.3344427621747,0.3046997060611,0.3928298225584,0.2341032278065,0.4998750767828,0.5204921031764,0.2502358008745,0.2612359298998,0.3122092002037,-0.0362092082616,0.4643286367339,0.0459807811732,0.0154244480058,-0.2043614642279,0.0826979152886,-0.2150611084386,-0.4626334250866,0.4097988474557,-0.0551522730902,0.1720944745527,-0.4336821443302,-0.0611399774612,-0.3718810486292,-0.1275308082393,-0.0183412084310,0.1314531639958,0.0227704149343,-0.2939604088492,-0.0012582315569,-0.0124486218786,-0.2570048690107,0.1267113698184,-0.0113535520325,0.3498557986424,-0.2299267964873,0.0110480365272,0.5478120467608,0.4366496017852
0.1805082423470,-0.1472521270470,-0.0918155841500,0.3807041432518,0.3900816564800,0.4100671996374,0.5524846766678,1.0000000000000,0.7388903427924,0.5086866297712,0.4336562525674,0.4199742517461,0.6296522868466,0.1197840115430,0.1696096138136,0.4519595333464,0.5989043851581,0.6000858242507,0.3536298781383,0.5138559682806,0.0831877166770,0.0843237177614,0.0564517993815,0.4506350821640,0.4493389228574,-0.0429139460600,0.2792410431973,-0.1517259031025,-0.2938103474956,-0.1756768369451,0.3883950732170,0.1636837873482,0.3807957702767,-0.0349663195484,0.0026325539855,0.1277199817076,0.1064370528697,0.2657163750038,0.0532898174332,0.1707241940195,0.1420371908864,0.6267387633060,0.1511212654125,0.1455753221365,0.4143373822096,0.3411221298587,0.3276365173414,0.3416797934740,0.0333251293256,0.5045178912479,0.3755111086323,-0.1439363906663,0.3975263445789,0.2473405441277,0.5451943143364,0.5111393778962,0.6517661569800,0.6456318112245,0.6599409838475,0.7817573869346,0.4436265887001,0.4811984606122,0.3914336798130,0.5543979974237,0.1407175610998,0.1432430216788,0.4511249158437,0.6846675852773,0.3845744236967,0.4695653304428,0.2733238922082,-0.0697833175194,0.5003962051473,0.3613615952609,0.1611762169528,-0.2548708440376,0.0494810965189,-0.1165118089536,-0.2791178362283,0.4750703254442,-0.1135280886545,0.3022994580539,-0.2721671943071,0.0128169423325,-0.1010112714414,-0.1819356835116,-0.0064689826576,0.0409940622314,-0.0061874811555,-0.0720186743078,-0.0846314640455,-0.0293203596592,-0.0343129735171,0.0922823885775,-0.0232135989488,0.3542484844074,-0.1012493268371,0.1855367271875,0.5149977941329,0.3145520293026
0.0773758029123,-0.3371163211661,-0.1583961566211,0.3642970939806,0.2965110452628,0.4287775661647,0.5026940501693,0.7388903427924,1.0000000000000,0.4719920613739,0.6215879109413,0.5291755219482,0.5709259679975,-0.0462924923150,0.0427575040306,0.4166397681658,0.5971516786565,0.6825560871298,0.1723015156858,0.6452838186253,0.1312463635337,-0.0137887744894,0.2534010244333,0.6915615000816,0.4330794719118,0.0342264752670,0.4612773784395,-0.2752613394417,-0.4037974648620,-0.3559452100186,0.3022323396410,0.1150744852702,0.3121445801761,-0.1243893516799,-0.0770107811884,0.1644838132802,0.0993280557141,0.4071024152898,-0.0140192358610,0.1990339673831,-0.0456212344174,0.5816249702574,0.1589306365568,0.1126257226143,0.3462823268403,0.3580374465937,0.2731912306555,0.3837593762673,-0.1555199114729,0.4593865272313,0.3620893158908,-0.2781735372605,0.3969201121021,0.2206549529833,0.4541744738919,0.4437766947521,0.6842545744567,0.4987215182877,0.7829422009988,0.9108692490069,0.5449661959163,0.6518862038146,0.4859879699904,0.5522852276521,0.0920238910100,0.2191417985862,0.4355575894826,0.7625637846406,0.4139994195318,0.6126948009351,0.5232670018574,0.0770335932687,0.7962578847986,0.4503078732701,0.2342659830419,-0.1717114301898,0.2880348419852,-0.1761006296477,-0.4117314163028,0.6182240290763,-0.0018170996357,0.3583474765119,-0.3921169671404,0.0100358295998,-0.2179567665469,-0.1254135649237,0.1257245544282,0.0260317510222,0.1479796981884,-0.1253562136978,-0.0775683093679,0.0579858080444,-0.1439106160530,0.1854750468531,0.1115297924545,0.3989439603663,-0.2976922077293,0.0847481913234,0.5604557079229,0.5361289702379
0.1858474773013,0.0122223502951,0.0566122787143,0.2252452431443,0.3638043336652,0.4885792790743,0.2978760504467,0.5086866297712,0.4719920613739,1.0000000000000,0.4183539850091,0.6821539132260,0.4853835524047,0.1915016385465,0.4327800037535,0.0596374137643,0.5828044647980,0.2018801693655,0.0957525473155,0.3326214423269,0.2692495657178,0.5915341158942,0.3330666312955,0.4364268017793,0.3928767993653,0.0868982358626,0.3962129654501,-0.0554608534531,-0.1731175458243,-0.1115866640809,0.1723913705214,0.1718842916921,0.4029234043852,0.1100584385575,-0.1724724268227,-0.0040231204755,0.0319630793507,0.1551891744102,-0.0467300003193,0.1703237574439,0.3085150907769,0.5275308791979,-0.0014624781959,0.0861958855636,0.1458092404188,0.4531967533550,0.3417750928433,0.2650772985692,0.2611493394584,0.6981939796499,0.3288945870667,-0.1168275740692,0.1590138416491,0.3518184294404,0.5947875109228,0.1635865574214,0.3998240791501,0.3114021132593,0.2893819946234,0.4497154852249,0.7798130565796,0.4759489275458,0.5848629011998,0.3304073913097,0.1959755537985,0.0858431818491,0.0821458326009,0.4302805507080,0.1380542081246,0.2955238066426,0.3185997296779,0.3865140630772,0.3941819077528,0.4832710268160,-0.0127861626608,-0.2414263102784,0.1531461982879,-0.0593503725762,-0.1409402475554,0.3006359482069,-0.0561485262411,0.2222232755598,-0.0882901175953,-0.1931292432441,-0.2888781999330,-0.0086580506844,0.0948221951421,-0.0129973462096,-0.1474568835939,-0.0107037520614,-0.0799627738934,0.1391320140907,-0.0065704275686,0.1643437103549,0.1414675793492,0.3024830314042,0.1409844767379,0.4261960057073,0.4974891530773,0.3008955887704
0.0114061400533,-0.3480102955980,0.0138984653813,0.3373563345403,0.3534841803152,0.5022955946106,0.4272529327171,0.4336562525674,0.6215879109413,0.4183539850091,1.0000000000000,0.6582824936939,0.5587367246844,-0.0620568750470,0.0225369906939,0.3608477393655,0.5994492723166,0.5953623273098,0.0001262165393,0.4812618672676,0.3413217443696,0.0058197934815,0.4587217900441,0.6266820523373,0.1578636323478,0.1785781131278,0.5637462122700,-0.2864976157141,-0.2529601977905,-0.3333224386062,0.3348051315224,0.0956983622651,0.2616795113657,-0.2163286745311,0.0001626387566,0.1742497712595,0.2184818178106,0.3684446949707,0.1142006330669,0.1926116784925,-0.0720840105003,0.4568475923936,0.2562184852217,0.0220939596706,0.2302778746391,0.3437170744847,0.1049846404212,0.4477234359132,-0.0750349670070,0.3159509228851,0.2410253181596,-0.2485751014386,0.2816121127052,0.3280388466797,0.3800053584123,0.3555246866264,0.4178167711809,0.1607788729926,0.4573411957972,0.4999168795451,0.4448241064608,0.8207113968857,0.5591662894296,0.4912492420751,-0.0618752118258,0.3067932093234,0.3072911657347,0.5644138397472,0.3111338869555,0.4420191290957,0.6154324178052,0.3077948306134,0.6899449762896,0.4011188596186,0.2056190394694,-0.0783160375884,0.4886508800114,-0.1757414912231,-0.3219940203735,0.5366960667851,0.0695343310214,0.3635747868518,-0.5324837395062,0.0781795621614,-0.2561179240330,-0.2145497940797,0.3181270609213,0.1121285011298,0.1907117014681,-0.1069274894330,0.0991735315105,0.1200555906199,-0.1674508001016,0.2696104933883,0.0782064684467,0.3912818532567,-0.2744840322733,0.0212947004074,0.3700745660156,0.5574709334313
0.2128017750902,-0.1484172127784,0.1052470424959,0.3282609208038,0.3588595999912,0.4927469806473,0.3966617926295,0.4199742517461,0.5291755219482,0.6821539132260,0.6582824936939,1.0000000000000,0.6065129753322,0.1909976133177,0.2545587134641,0.2808188666420,0.6998111883250,0.3786617337697,0.1346930508890,0.4795021643376,0.5525758634607,0.3525104988006,0.7282537787899,0.5845288780242,0.2877488262505,0.3548077466284,0.5637768689326,-0.2540498852126,-0.2628154763949,-0.2959657436301,0.3569623450886,0.3031084854274,0.4541077595278,0.0639421606804,0.0428024264455,0.1470493180720,0.1494456277716,0.2960817499347,0.0306236640619,0.1202396636355,-0.0121726518051,0.3956941189310,0.1353017347391,-0.0965406216073,0.1287516653423,0.3765975244610,0.2909585138884,0.2807493239439,-0.0470832857113,0.5180528174001,0.2790809820250,-0.0987813190676,0.2561501904246,0.3911648889424,0.4209678794261,0.2883932062242,0.4246083651194,0.0751216168346,0.2739796458327,0.3927254255129,0.6956983099120,0.6604446428714,0.8128219958389,0.4405556622749,0.1862745580671,0.1574500999966,0.2427550699464,0.4795572755197,0.1258996933400,0.3668670697626,0.5733408301605,0.6416715883590,0.5403185576479,0.4570912672997,0.0700871233313,-0.1549217165170,0.3089692719436,-0.2722981361809,-0.3145133335599,0.4253772928359,0.1392047220362,0.4307441476453,-0.3265066979652,-0.1301316486876,-0.4227023291535,0.0129868888301,0.2017699089220,0.0962607918101,-0.0121484667575,-0.2402616173120,-0.0243636862589,0.0696442339414,-0.2645475938510,0.2313890913049,0.3113791872761,0.2644821810378,-0.2013208431414,0.1599119705029,0.4170979378165,0.4219685226339
-0.0236901979440,-0.3753398982264,-0.1497541159920,0.1743241027763,0.2829238198387,0.3585420827359,0.3706715442934,0.6296522868466,0.5709259679975,0.4853835524047,0.5587367246844,0.6065129753322,1.0000000000000,-0.1244475997426,0.0841167617579,0.2795639648388,0.7504855228073,0.4119646899735,0.0290897538716,0.4367665373907,0.1706901828712,0.1686002857694,0.2789577777724,0.4692169824171,0.2888094274787,0.1361255498653,0.4295045682777,-0.2252839706157,-0.1960540437038,-0.2494930916025,0.4317886420019,0.3340802999012,0.5780030468420,0.0652585935783,-0.0074978593252,0.0270149364005,0.1776044860027,0.3198547638084,0.1337542459054,0.1739789775090,0.0320021454581,0.3319404445475,0.1651151421021,0.1149634721600,0.3577814287764,0.3721309640760,0.3707261131856,0.2326915395996,-0.0107753068852,0.4131473687526,0.1015728200556,-0.3419734040666,0.1894125653790,0.2314893580563,0.4489263335835,0.3255996531814,0.5788785119214,0.3042858894786,0.4052226702778,0.5220264832025,0.5292837205557,0.6261073587438,0.7527813149258,0.9117270508007,-0.0745108217234,0.2176577142341,0.3017462628229,0.6373785548042,0.1530628961843,0.3517899561042,0.3222613759848,0.2113195064504,0.4578778031464,0.3948211078716,0.0529156689725,-0.1748932447205,0.2534586533501,-0.2228997217698,-0.1946273753636,0.4752126900964,0.1173515572614,0.5203110677085,-0.2476907441743,0.0370273193236,-0.1212528256060,-0.0536110205596,0.1286180448617,0.0605047012480,0.0557044965899,-0.1215331549365,0.0385135812934,0.0426031659492,-0.0775537110331,0.0984083950458,0.2051391066186,0.2150849663436,-0.2023110826646,0.1516789321568,0.3728784961759,0.3709309725068
0.8068901409315,0.7344531246484,0.4262075260008,0.4614444310043,0.4579201224261,0.1185507013277,0.3028316507516,0.1197840115430,-0.0462924923150,0.1915016385465,-0.0620568750470,0.1909976133177,-0.1244475997426,1.0000000000000,0.4296489863884,0.2425906275246,0.0603424708106,-0.0031792859379,0.4766272075584,-0.0086254125935,0.3521293015399,0.2726489785519,0.1366122849229,0.0061207141034,0.1586879905371,0.2114921755627,-0.0996022648227,0.3262070321676,0.1008550510079,0.1601015931812,0.0337521281554,0.0222125697542,-0.0848786646572,0.1318840218285,0.1906236756073,0.1449847063558,-0.1007799135457,-0.1713689261021,-0.1346533882761,-0.2148871975055,0.2516864101886,0.1561068650199,-0.0662076561180,-0.1376732459256,-0.1580477989481,-0.0809616931943,-0.0049510624659,-0.0505771178340,0.2255077688131,0.2451341135239,0.5888051640568,0.6079378780370,0.3169609514120,0.2184158836675,0.0925250121735,0.2641851102621,-0.0825885929416,0.0074011420362,-0.1251729786701,-0.0241507563109,0.0227813203639,-0.1195713921728,0.0191028877138,-0.2092903322400,0.6527866372029,-0.2178245658391,0.0508605606385,-0.1339022548380,0.0653315532211,-0.0613703881601,0.0902501356193,0.0603529289257,-0.0704791718489,-0.0299515173657,0.0336237621480,-0.0903963154536,-0.3232993397893,0.1819282180612,0.0615233620956,-0.1595628347429,-0.1652144762901,-0.2245574210411,-0.0906360360351,-0.2289007337362,-0.2457055237254,0.0743937719799,-0.1417683377862,0.0098499772015,-0.2784209532573,-0.1800966875320,-0.2183871001437,-0.2159951565424,-0.1243473714083,-0.0433895281071,-0.1469407106255,-0.0615422182338,0.1694151583946,0.1043776589657,0.0706189790157,-0.1612649492383
0.1741710547727,0.4150977435981,0.2815728132915,0.4885810338860,0.4515244435019,0.2543384358607,0.2519948979021,0.1696096138136,0.0427575040306,0.4327800037535,0.0225369906939,0.2545587134641,0.0841167617579,0.4296489863884,1.0000000000000,0.0796773932849,0.3158944735085,0.0421412692809,0.0809896373172,0.1051363508034,0.1490040766891,0.3338478821277,0.1838228291112,0.2189116283850,-0.0279297074272,0.1393957992950,0.1780930221360,0.0738258106253,0.0179244954687,0.0737604660806,0.1606018365905,0.1896891640758,0.2588121841854,0.2915183572569,-0.0715281236920,-0.0879236224670,-0.0185639801796,0.0883504950314,0.0690142135469,0.1700240562952,0.3121455389193,0.0602156537735,0.1742547248089,-0.0393022684955,0.0381505038166,0.1710654881507,0.2621086265747,0.1590759174260,0.4109204011263,0.5050296598471,0.3181944788753,0.1977717837860,0.1962358219347,0.2243996887483,0.3499760129981,0.1088478565772,-0.1026545216659,0.0448901556694,0.0942814135966,0.0883879460379,0.1533739575583,0.0399900762159,0.0665886774534,-0.1081742980558,0.3329489193475,0.1316320707841,-0.0827222334775,0.0649212798430,0.0509162780037,0.0524480391878,-0.1401311065513,0.1831403750284,0.0004706677790,0.0823454857478,-0.3508626521114,-0.2329269828924,-0.0686410462981,0.0402685135410,-0.0560672069801,0.0352353142531,0.0040253895366,-0.0620147316849,-0.0254341646328,-0.2056581487802,-0.2018557916404,0.2063317705116,-0.0803352543010,-0.0236686268360,-0.2834051469481,0.0768740361003,0.0207652665841,0.1189042565988,-0.0233579210969,0.0401802565854,0.1439885924609,0.1397749596913,0.2336557558449,0.0837891005379,-0.0206392155651,-0.1410183613510
0.3109149886718,-0.0568028578183,0.2304493269986,0.5468931454047,0.3243560306413,0.3137744147409,0.5769491425086,0.4519595333464,0.4166397681658,0.0596374137643,0.3608477393655,0.2808188666420,0.2795639648388,0.2425906275246,0.0796773932849,1.0000000000000,0.3635857837462,0.4653254294775,0.4447517821254,0.5590495888474,0.4330486084949,-0.2296388772750,0.2347501087360,0.4293963623412,0.0960317094176,0.3730415182454,0.4028111522903,-0.3490897038092,-0.3395561070414,-0.3210448768283,0.6849581286061,0.2542940905837,0.2683662953207,-0.0605120025288,0.6161375086736,0.6094970643225,0.3580321672404,0.5368250007632,0.4200392652527,0.0937676164543,-0.2688066305638,0.2620828047085,0.5857079635489,0.0222974441408,0.4190725587953,0.0309559643489,0.0612968497369,0.2869178145242,-0.2067632614845,0.2178737164293,0.3557306800480,0.0941902547944,0.4125019930166,0.3047700089150,0.1273411422789,0.6183266631129,0.1696716021655,-0.0223128062573,0.2986443852851,0.3515239679686,0.0490350777835,0.3031631111692,0.1297349225827,0.1897162265203,0.0373776531389,0.2657449560513,0.8258344611226,0.2917817791951,0.4195730069766,0.3487474444633,0.3022875497394,-0.1121794441328,0.3833597606536,0.1048374528694,0.3237081984223,0.0629691074866,0.2638488639127,-0.2359797702072,-0.4138275682995,0.4837192324442,0.1776021546495,0.2646182766197,-0.4617571665675,0.4442089246145,-0.0847560609801,-0.1385256738360,0.2722900538013,0.4510381549588,0.3756813696287,-0.1674778108179,0.1851029543913,-0.0491238840356,-0.1965029478475,0.1081314762350,-0.0135811356246,0.1964360728194,-0.3500740174616,-0.2500361802112,0.1842295801099,0.2451214267167
0.0995654799683,-0.3037280053945,-0.0708910401162,0.3928699266413,0.4742847698928,0.4333856923635,0.5229242533096,0.5989043851581,0.5971516786565,0.5828044647980,0.5994492723166,0.6998111883250,0.7504855228073,0.0603424708106,0.3158944735085,0.3635857837462,1.0000000000000,0.5426583985086,0.0775223573324,0.5271165428218,0.3782926728949,0.2714161081211,0.4314652593907,0.7170327743208,0.2329888479612,0.3382657645625,0.5869785779879,-0.3262452299896,-0.2936854560940,-0.3671381648239,0.5573958061367,0.2981267172320,0.6065290437525,-0.0116605891564,0.0242684418164,0.0971124074917,0.2525271691839,0.4161995759193,0.1695043274615,0.0804788328663,0.0495097047221,0.3347529061897,0.0940783014409,-0.0778219416397,0.2724060244259,0.4008042759285,0.2967067708155,0.2879491066760,0.0505855409695,0.5084265585366,0.3241295379530,-0.3043223767712,0.3616168319228,0.2530842732946,0.5706560519630,0.3902247595534,0.5097937400044,0.1999805926652,0.4245871232447,0.5163039858488,0.5399386650803,0.6103813905386,0.6923110057060,0.6250038717010,0.0848647789613,0.2664225463770,0.3455581189253,0.7265618699169,0.1724372747699,0.4212848809130,0.5062486416167,0.3657320040800,0.5735349699341,0.3943228756399,-0.0295265420873,-0.3099577207176,0.3091845583591,-0.3135455552381,-0.3148197352324,0.6078728847036,0.0832405811875,0.5155287759542,-0.3275495468968,-0.1402628571002,-0.3694463733013,-0.1014985113548,0.2226722124028,0.1336825671515,-0.0253107518667,-0.1988244584309,0.0622573169952,-0.0037571588920,-0.3271990315458,0.1238539301503,0.2330496634093,0.2672464985017,-0.0638754969677,0.2388608453713,0.4086030211407,0.4794667176617
0.0584023667562,-0.2608491149521,-0.0903439424287,0.4174177711287,0.3984065767188,0.3885279156092,0.5263520550637,0.6000858242507,0.6825560871298,0.2018801693655,0.5953623273098,0.3786617337697,0.4119646899735,-0.0031792859379,0.0421412692809,0.4653254294775,0.5426583985086,1.0000000000000,0.0546165866215,0.4672197736841,0.0695334096581,-0.1415483532828,0.2235823908592,0.6244519132142,0.1065803172009,0.0170485593196,0.3974662389484,-0.2495407339991,-0.3105492484873,-0.2380010576320,0.4417809971991,0.1328304674476,0.2522427960590,-0.2182016248601,0.0278746447769,0.0151721091936,0.2744556307390,0.4209350188888,0.1244782230849,0.1634364610136,-0.0007906165127,0.4920178760928,0.1496721017646,-0.0781439838491,0.2832767725591,0.3164915427476,0.1899269591131,0.4581065774525,-0.0618456078940,0.2791069771307,0.3656144230123,-0.2122010633924,0.4369359158880,0.1616554540468,0.3735384637101,0.4529479309954,0.6517204654617,0.4071970013667,0.7748148177048,0.6558681892052,0.2074106768661,0.5740326819098,0.2771575177681,0.4455890817584,0.0138931041504,0.2434708134190,0.4263098001307,0.7757664213410,0.2051990542791,0.4787297672409,0.4341225815989,0.0160496116522,0.7382488946839,0.2278397606362,0.1168484249004,-0.2653671379382,0.3392491190343,-0.1820587509024,-0.3171371913444,0.6853510583361,0.0066223162793,0.3534264056299,-0.3389352684653,0.0813037867432,-0.1193927302353,-0.1847566639011,0.2155965704209,0.0991057010700,0.1107120235834,-0.1159255224706,0.0962549934513,-0.0029800104287,-0.2935911351278,0.2702491721072,0.0353914189389,0.4302547436148,-0.1741540678065,0.0634543667960,0.3944122067236,0.4163385462471
0.4503660483586,0.4440012605172,0.1300700936712,0.2971540865882,0.1061807074915,-0.0266557254189,0.2526216004855,0.3536298781383,0.1723015156858,0.0957525473155,0.0001262165393,0.1346930508890,0.0290897538716,0.4766272075584,0.0809896373172,0.4447517821254,0.0775223573324,0.0546165866215,1.0000000000000,0.0968578481901,0.4234361387585,0.0975721184536,0.0020824238880,-0.0404229580374,0.4728439033502,0.1721269756677,-0.0615843805033,0.0875747269219,-0.0776879824311,0.0168165693106,0.0630381449183,-0.1141810647419,-0.1411120797627,-0.0359801327403,0.4406373491805,0.5324274328188,-0.0106139389482,-0.0631187774513,-0.0359022072155,-0.2324690656496,-0.0070813487402,0.1672007922607,0.0952751196200,0.0908050615243,-0.0482628926443,-0.1526908130548,-0.1673188498933,-0.0746056844234,-0.0981514090912,0.1491930197772,0.3177355907358,0.4129832860455,0.2343022482840,0.1290316763902,-0.0812151163901,0.3320780607961,0.0210571581799,0.2156891571514,0.0344576850247,0.2824278243677,0.1085604535278,-0.0502490632226,0.0646835884801,-0.0606007669151,0.3939852819182,-0.0973974447882,0.3890235837854,-0.0643579762703,0.5960650728238,0.1798795960506,0.2563113663954,-0.0404649568261,-0.0381087280158,0.2457061789033,0.3652154552280,0.1583456004815,-0.1791455156233,0.0002541885569,-0.0989534130845,-0.1885574810012,-0.1844497786663,-0.0672870861447,-0.1281502489090,0.0824425078155,-0.0139746471741,-0.1195657721823,-0.0289224852296,0.2570433419024,0.0119492495758,0.0102775368480,-0.1400521065485,-0.2279286196804,0.0859379804401,-0.0707759335449,-0.1472621257380,-0.0983256632306,-0.1260185112039,-0.0302216551302,0.1458794249680,-0.0696943729070
0.0664795951059,-0.3674322908014,0.0573189579783,0.2821135912155,0.2625706005789,0.4644370503681,0.3377913343650,0.5138559682806,0.6452838186253,0.3326214423269,0.4812618672676,0.4795021643376,0.4367665373907,-0.0086254125935,0.1051363508034,0.5590495888474,0.5271165428218,0.4672197736841,0.0968578481901,1.0000000000000,0.3854319434705,0.0417462802428,0.4702319050272,0.6843853091069,0.3146205699235,0.3256243879515,0.6513442914448,-0.2911663432616,-0.3532746132983,-0.3916373506335,0.5752962562321,0.4189328814108,0.5699326734138,0.0157730976223,0.1382508530952,0.3611857189311,0.1993228770259,0.6674633172858,0.1325185679028,0.1491195979874,-0.1684653689081,0.3458502525238,0.4075167389037,0.0411137244997,0.6436092079457,0.3787867551853,0.3755469172382,0.3265164835305,-0.0813815196502,0.4236680296407,0.1888965437745,-0.2652566225975,0.1697074488437,0.2942625622132,0.3092622531300,0.2607154673818,0.3973097038269,0.1182781107974,0.4567876951470,0.5076600621341,0.3418929678733,0.5167099778258,0.3522361525469,0.3562911718792,-0.0943453209095,0.1942261209126,0.5118065694527,0.4848283634204,0.3058409417286,0.7093097076799,0.3771932853469,0.2223902841768,0.6037973294971,0.4574149704745,0.3255573267080,-0.0380936476870,0.3868827819651,-0.2232237646214,-0.3673868772287,0.6670043605322,0.2245918176369,0.4662417037610,-0.3819127319538,0.1533396627390,-0.1225350425033,-0.0332297997916,0.2485985304674,0.1557043746458,0.2544665758488,-0.0885407212608,-0.0193207530993,-0.0054817831068,-0.2252330746477,0.1754287595027,0.2078642752471,0.2850597449341,-0.2359092733594,-0.0446624221998,0.2588035805273,0.3936829206447
0.3052637344084,0.1114045416549,0.2389809278417,0.2098799528959,0.1617374329076,0.2131401743837,0.1493479357844,0.0831877166770,0.1312463635337,0.2692495657178,0.3413217443696,0.5525758634607,0.1706901828712,0.3521293015399,0.1490040766891,0.4330486084949,0.3782926728949,0.0695334096581,0.4234361387585,0.3854319434705,1.0000000000000,0.3316839107737,0.5994082527876,0.4001346171928,0.1327701393440,0.5468264398324,0.4758472436557,-0.0600464654576,-0.0392388221351,-0.1033194350670,0.4333344829095,0.1913336739047,0.1845862632065,-0.0379283915833,0.4105502226936,0.5193601652865,0.2911600403337,0.2336233260111,0.1194573651494,-0.2392579447976,-0.1367765614340,0.0401781905237,0.3555573547622,-0.1426649641590,0.1298894541111,0.0700563939558,-0.0382252985656,-0.0102134793697,-0.0510009612037,0.2643588525654,0.1472252308860,0.1128805474254,0.0448209515156,0.2957281959550,-0.0276547698573,0.1631853468846,-0.0442755545873,-0.2870828769666,-0.1213942711125,0.0025643464332,0.1827266678172,0.3294457512173,0.3443397047401,0.0250616410143,0.0564527506197,0.0874558217693,0.3302936482100,-0.0300751137285,0.2742467400858,0.2122588132956,0.5476098492956,0.4754900066467,0.1605696802137,0.3231666820855,0.3525345000460,0.1627079281489,0.1720132541301,-0.1854062830935,-0.1124248289654,0.1570690618426,0.0625623265954,0.2396249519859,-0.3681554110031,0.0835201778242,-0.1895386380490,-0.1296620923546,0.2948836470985,0.3696570375752,0.2472590849034,-0.1663826970695,0.0323072116464,-0.1700090114254,-0.2022655822349,0.0981755440930,0.1279198805468,-0.0746223641818,-0.1850819298564,-0.0386546228819,0.0156252782303,0.1541913817645
0.1057015294317,0.2551535372402,0.1150365533996,-0.1468431990804,0.1099516819720,0.1189325301475,-0.1864408116203,0.0843237177614,-0.0137887744894,0.5915341158942,0.0058197934815,0.3525104988006,0.1686002857694,0.2726489785519,0.3338478821277,-0.2296388772750,0.2714161081211,-0.1415483532828,0.0975721184536,0.0417462802428,0.3316839107737,1.0000000000000,0.3371785008558,0.1331322155156,0.2186497945670,0.1140956972443,0.1936993725625,0.3845647708103,0.3583190410842,0.3446439839508,0.0321733298453,0.1215136870794,0.1814687616552,0.1846318502637,-0.1426818659662,-0.1438014456499,0.0569935533764,-0.0602382206062,-0.1689646424687,-0.0728617131384,0.5098748870385,0.0417762857898,-0.2278175173794,0.0057763728434,-0.0292033620297,0.4321678265039,0.2487885622334,-0.1729029944329,0.5450244117606,0.3286464900223,0.0110083650057,0.0466129696091,-0.1860654695959,0.1064152322047,0.1412087851616,-0.2639971475534,0.0661776729749,0.0245683018132,-0.1207368793428,-0.0345973962740,0.3305058873455,0.1129482553018,0.2988243526614,0.0929452798944,0.1465286336775,-0.1768368593355,-0.1917393436583,0.0035853894321,-0.1139229108793,0.0423439045071,0.1049541998140,0.5324489440628,-0.0412918370501,0.3749132358657,-0.0378811824030,-0.0583091169537,-0.0085033838298,0.1357505910196,0.4363164577023,-0.0337709410995,-0.0722648267257,0.0804835473114,0.2780056977125,-0.2131004833952,-0.0483072956565,0.0869505162883,0.0607002092063,-0.0282014907089,-0.2380004389467,0.0780994968175,-0.1210998812201,-0.0167938899216,0.0812997609618,0.0904116952964,0.1750048366359,-0.1315452650938,0.4559608055354,0.5848946032974,0.0269689049937,-0.1112130408450
0.0750320246132,-0.1387867514834,0.1702093329841,0.2271607257031,0.2596506548904,0.3338635300651,0.1826729962825,0.0564517993815,0.2534010244333,0.3330666312955,0.4587217900441,0.7282537787899,0.2789577777724,0.1366122849229,0.1838228291112,0.2347501087360,0.4314652593907,0.2235823908592,0.0020824238880,0.4702319050272,0.5994082527876,0.3371785008558,1.0000000000000,0.4863265387569,0.1024293285914,0.5665858211816,0.6292152019976,-0.2359982424880,-0.1686591677028,-0.2879266575890,0.3332956379785,0.4432716580719,0.4389821759830,0.1066585016411,0.0900705188492,0.1461388650345,0.2403567089578,0.3158832380513,-0.0107496725371,0.0718801220956,-0.1584029260564,0.0453365964232,0.1752636239233,-0.0998817121532,0.1702888399606,0.4537893302082,0.3628755023603,0.0615241347837,-0.0336687400766,0.2748655908921,0.0836485944974,-0.0721918334016,0.1111379508992,0.2689880437913,0.1613880493238,0.1092050349603,0.1511237091628,-0.1702770512610,0.1006711833409,0.0938174968213,0.3348702560841,0.4320300193648,0.4778287009022,0.1705681737446,0.0557992293225,0.0434222522255,0.1834210074643,0.2201679925895,0.0627223459282,0.3363275542036,0.3998991916369,0.7410500582398,0.3546195080397,0.4184312247001,0.1304125714223,0.0116376211955,0.3759579011351,-0.3247391985667,-0.2330586516366,0.3413814677053,0.2936554384059,0.4490867940243,-0.3347657730740,-0.0650712544557,-0.2565264397767,0.0822756047725,0.2579478429318,0.0876981159862,0.1141691600343,-0.1758475506193,-0.0312006656916,-0.0104240550159,-0.2584555421883,0.2885468442682,0.4927517105555,0.0255418489343,-0.1824392451730,0.0407673221868,0.0611956334384,0.3225508345420
0.0762420289204,-0.3468253786274,0.0356973059511,0.3486504399617,0.3800346794658,0.4658311681235,0.4005575301448,0.4506350821640,0.6915615000816,0.4364268017793,0.6266820523373,0.5845288780242,0.4692169824171,0.0061207141034,0.2189116283850,0.4293963623412,0.7170327743208,0.6244519132142,-0.0404229580374,0.6843853091069,0.4001346171928,0.1331322155156,0.4863265387569,1.0000000000000,0.0277763321921,0.2997056756095,0.7320196908646,-0.3285370648921,-0.3684017109444,-0.3958228206323,0.5725163777292,0.2269525809685,0.4189734398340,-0.1030789163704,0.0502651837609,0.2112680788914,0.4464364652066,0.5622531453486,0.2109227221022,0.1369964144519,-0.1186505757744,0.3458510991103,0.2627844186615,-0.1826364720579,0.3481607535819,0.3700577435113,0.2318643982963,0.3758814573319,-0.0105779671457,0.4219527721449,0.3222858349982,-0.2823245701121,0.2633360672802,0.2861076778610,0.4252703732341,0.3306866380974,0.4497404575460,0.0474073610530,0.5058580211867,0.5070012059726,0.3765916912482,0.6796842532860,0.4543753651524,0.4034237393642,-0.0515211380602,0.3276550230250,0.4069237074459,0.6408547466439,0.2252459073188,0.5145371071790,0.5221422354162,0.3140027366228,0.7932295503172,0.3684466844051,0.0766831451946,-0.2484521375449,0.4493715078948,-0.2616189811413,-0.3733892518349,0.7288058436636,0.0812461512266,0.4032027913282,-0.3783531353665,0.0093667628695,-0.3504542516736,-0.1256665525236,0.4438999527759,0.2478994973451,0.2104351666856,-0.2244207022415,0.1483191436485,0.0477315257255,-0.4092825648412,0.2460243654130,0.1891716566065,0.3641485799806,-0.1660859375669,0.0932784607548,0.3367265761733,0.5150182730004
