1.0000000000000,-0.0363785009586,0.3809021871620,0.6862296868086,0.8488785375110,0.6056441202820,0.4700036846613,0.1566050735611,-0.3856506588327,0.1790517724830,0.4229839381673,0.4418831161176,-0.1192122031147,0.5301701292085,0.4797320577549,0.2262197885274,0.2839043949541,0.4589998193762,-0.3055807370385,-0.1028277709429,0.2639166137634,-0.1041123957912,0.1336486022818,-0.0662579574398,0.0738696111096,0.2186917941707,0.1286874350893,0.4533612053038,-0.2710683202384,0.0069185555847,0.2341605108148,0.3485669676814,0.3018562408858,0.2771612572741,0.2321471773303,-0.3443030792012,0.0510959822751,0.1474971463612,-0.0218343189604,0.1580731042327,0.1138872066708,0.5968107616776,-0.0126391235929,-0.1273253174802,0.0521960642814,0.0365139742569,0.2531328401668,0.5255865498131,0.3114286365080,0.5557029382377,0.6568283146408,-0.1793033217240,0.2227726539976,0.6458024169259,0.2955761506372,0.5178085072198,-0.1849482206555,-0.2213943952633,-0.1622059795855,-0.4500867794218,-0.5043407971235,-0.3532052455615,-0.4454614150461,-0.4551998373859,-0.0645867332269,-0.4397663007662,-0.2649565536409,-0.3585316524651,-0.5085820012458,0.1824279026994,-0.4586977030889,-0.4724694853460,-0.1421804208200,0.1642460299326,-0.4050327042507,-0.1133770719021,0.1598004030673,0.2122853934818,-0.6643902072066,-0.2425109762447,-0.3281267306361,-0.3482889541512,-0.6529278763309,-0.4684521271150,-0.0070257787173,0.1789540706541,-0.0753680697412,-0.3061805818374,-0.3279861553630,0.1830858183603,0.0928304801915,0.2494656503242,-0.0987652235685,-0.4919259426458,-0.4010064455666,0.3785184923839,0.2910454730788,-0.5544715036812,-0.4486084677511,-0.5246297317629
-0.0363785009586,1.0000000000000,0.2559177336518,0.1306514522013,0.0447708304218,0.0374109157894,0.0310020369636,0.1837830110109,0.0586482630285,-0.2203419171922,-0.1675187060858,-0.2074843744948,-0.1762018240978,0.4015211613242,0.1682534353782,-0.0194643922492,-0.0678954695536,0.2076345253709,0.1639868622871,-0.1736353658380,-0.3396258236724,-0.1456807559770,-0.1512645408343,-0.0123277223515,-0.0856426917584,0.0571302338146,-0.3584827143651,-0.1446851607199,0.2707882832316,0.3617898267725,-0.1991622986130,0.0084620218079,-0.2570808745506,-0.1224903280094,-0.2132570862082,-0.0443374377922,-0.3039451329805,-0.0303747997985,-0.3312273003051,-0.1908463721564,0.0072540628126,-0.0940982129821,-0.3830877558356,0.1369035021993,-0.0291883778046,-0.3826306614983,-0.3557476121469,-0.2972187964371,0.2807836447380,-0.3517057034056,0.0959075574825,0.7497200883004,0.2022424296995,-0.0016014302500,-0.0117483039015,-0.0497389806188,0.0595387171563,0.0716060377634,0.2030466037507,0.1004086048936,-0.1748714411334,-0.1514320978776,-0.1480710562715,-0.0447200637332,0.4544779742018,-0.1296810398591,-0.0071045726101,0.0001567564918,0.1253552558123,-0.1332582916264,-0.1190118001874,-0.1968296857050,0.0591069652202,-0.1559208601944,-0.1388851354136,0.1640217227511,-0.2913273355635,-0.0827393625459,0.2355557799467,0.0966231438631,-0.0227951174999,-0.1529755425981,0.1650488013866,-0.2502719011161,0.1088557519018,-0.1032113068018,-0.1620918444657,-0.2571876434399,-0.3542183970702,-0.0333332567823,-0.3719519924895,-0.0992462420267,0.1508520366643,-0.2222077620792,-0.1527615420159,-0.2083368595931,-0.0235513375430,-0.0074291923224,-0.1457571464497,-0.2284050151284
0.3809021871620,0.2559177336518,1.0000000000000,0.2283094147995,0.3909981275713,0.6119462213551,0.4090911454311,-0.0874431841949,-0.1305748953633,0.0987153357952,0.0733142877872,-0.0064497480487,-0.3687998270899,0.4124652752871,0.0457337903143,0.1757815917359,0.1240537091013,0.1017754242491,-0.0059514845107,-0.1364841053207,0.1195259818614,-0.0543716586500,-0.1470256041600,-0.0316233243057,-0.3260131804728,0.0763260901420,-0.0923292800808,0.2920992617079,-0.0760588476134,0.1497234867255,0.0782372633510,0.1465831813656,0.0025934783328,-0.0126765514071,0.1868207813036,-0.1388833837223,-0.0791203628836,-0.0999258077288,-0.0854738239531,-0.0613871139149,-0.0951810011613,0.1908463550122,-0.0268378579502,-0.2998853435752,-0.0977131931178,-0.4488794603897,-0.1758959469839,0.1051124842360,0.4073666874539,0.0171229311694,0.6451531403644,0.3981835477308,0.2050655283098,0.6274246216578,0.3700998128324,0.2398045632541,-0.4175247816373,-0.5101031307505,-0.2494676070073,-0.2320139974120,-0.2679665632371,-0.3594847214459,-0.4589898207639,-0.5457201327204,0.5111899614737,0.0171312164024,-0.1805017643729,-0.4963410825840,-0.2657452097552,-0.3645374586511,-0.4444080473533,-0.3329452942810,-0.3548151110250,0.0491159561481,-0.4018134892494,-0.3412008412724,0.0426892985488,0.1062262089461,-0.2517976157004,-0.2118202334695,-0.5682927886158,-0.6251365467046,0.0571440014009,-0.2718582776775,-0.2739306678277,-0.1374633895565,0.0196024207298,-0.0806712005614,-0.2585018400271,-0.2806090703148,-0.0796009691851,-0.1092926179503,-0.1535411608092,-0.2318765803698,-0.5898738439257,0.1731055120945,0.3390703203943,-0.2735727194849,-0.0306081598737,-0.1528381674735
0.6862296868086,0.1306514522013,0.2283094147995,1.0000000000000,0.6719000425863,0.5828615022886,0.7241415107159,0.2996591859019,-0.1983546996551,0.2891603956123,0.1445535723723,0.1800000907725,-0.1333806517015,0.4698443503377,0.7199508895708,0.3594908707970,0.2520577854291,0.3540869508587,-0.1543140319050,-0.0421977363291,0.0716863615239,-0.0168379286762,-0.0882221014124,0.0671295347913,0.0321442253832,0.1088575845825,-0.0161346557577,0.2638499425319,-0.3060769935912,-0.1993998198314,0.1274147206976,0.1631082760103,0.1156879978136,0.0127461153807,0.1465415070398,-0.1702157240637,-0.1318039542374,0.1015884441027,-0.1070325408774,-0.0470660538588,0.0861014548753,0.4351654956554,-0.0761444525276,-0.0740177528944,0.0399523225552,-0.0465413455991,0.0450107919865,0.2981170993899,0.1604724211943,0.4368601503439,0.4977183622470,-0.0924120489271,0.5983603637558,0.6053074469217,0.5584221161183,0.7119169649467,-0.0620003739197,0.0389282826941,0.0687790328242,-0.2071197178488,-0.2827630933223,-0.3480128731527,-0.3855089776033,-0.3007460636724,0.1037720585448,-0.2971343649037,-0.0666826139397,-0.1343809772667,-0.2460852795059,0.2266260044551,-0.3455306968600,-0.3797137327631,-0.0109069584114,0.0942919121822,-0.2707718785971,-0.0949282868385,-0.0377336938422,0.0763666803752,-0.5203627233147,-0.0890657346668,-0.2721475973928,-0.2000379145291,-0.5309814048179,-0.4081364226065,0.0223539682465,-0.0905737607489,-0.2706576581815,-0.1618513561386,-0.3261334337042,0.1695582573745,0.0279098278941,0.0677383251237,-0.0841927258758,-0.4451720346401,-0.2952596504901,0.2010059379036,0.2932092131567,-0.2777003165479,-0.3020094509746,-0.4205958854254
0.8488785375110,0.0447708304218,0.3909981275713,0.6719000425863,1.0000000000000,0.7557548627695,0.5164706506767,0.2763093707329,-0.3647653046588,0.3408145204255,0.4793475807386,0.5024637529356,-0.0888151307499,0.6770000570390,0.5466485422584,0.2937340982296,0.3284138252991,0.5828610918774,-0.2646140291518,-0.1141239116924,0.2567384171587,0.1024395311845,0.2785204488896,-0.0243854475375,0.0578093843854,0.3696574562568,0.1530875568418,0.4349812418525,-0.1080302110527,0.1281016319856,0.2919611283677,0.4785123763193,0.3781611960819,0.3105543533470,0.2677853083158,-0.3274124976199,0.0701828019104,0.2276448928194,-0.0159458045820,0.1906487796951,0.2649522878519,0.6574466300665,-0.0502152198699,-0.0393722669770,0.1654220442912,0.0628695346433,0.2159969349228,0.5598988211526,0.5009610342972,0.5308968452279,0.6707291887444,-0.0795379213962,0.1843914266106,0.7095485689984,0.4101019121167,0.4981588470536,-0.0811799563623,-0.1849482528876,-0.1231738669525,-0.4476143780198,-0.5798212800347,-0.4111469028366,-0.4918197521976,-0.5124407285467,0.0083064876672,-0.4743941979869,-0.2943878070583,-0.4246690619025,-0.4872891037160,0.1623172873933,-0.5531854529956,-0.4701753866603,-0.0892981147597,0.2023229504376,-0.4638233315924,-0.0096972874366,0.1835122115397,0.1625845904095,-0.5726440220143,-0.2130960611007,-0.3468250746380,-0.4349130134931,-0.5821321936111,-0.5345753436801,0.0870394873566,0.1213723596152,-0.0359661420741,-0.3289259456869,-0.4359023130069,0.1984313608745,0.1086225012560,0.2897291458814,0.0126244744986,-0.5204939938253,-0.5026096784006,0.4035370372254,0.4150277232590,-0.5180117730695,-0.4380995358408,-0.6181814741055
0.6056441202820,0.0374109157894,0.6119462213551,0.5828615022886,0.7557548627695,1.0000000000000,0.6727776997969,0.1132183512489,-0.2431474600134,0.4136402029117,0.3376444230677,0.3503757679155,-0.2167637101129,0.6228084564383,0.4056540771596,0.3450440156485,0.2917254548554,0.4053861491872,-0.1511415320931,-0.1014405572850,0.2504973085877,0.1519447579093,0.1404677922922,0.0279277438705,-0.1304822665443,0.2561823161308,0.1010577457721,0.4000612133776,-0.1215748138666,0.0864239759974,0.2689787285670,0.3551546143633,0.2299569976895,0.1571123933595,0.3766256751584,-0.2061653160917,0.0744697115762,0.0797711205052,0.1112149958500,0.0848865393596,0.1282101242441,0.5724724103352,0.0226780502667,-0.1922329048895,0.0673836332100,-0.1004651825300,0.0538867531010,0.5539637156308,0.4441948992069,0.4588183979308,0.6202570755433,0.0393604982694,0.2729059858927,0.8429898588718,0.6312544036193,0.5474785814097,-0.2255507674152,-0.3160155763781,-0.1925672979455,-0.3429908536306,-0.3505445718173,-0.3803048516627,-0.4245361703760,-0.5571497865842,0.2198907747387,-0.2426903326982,-0.2130165062256,-0.4837202836851,-0.3878277677737,-0.1028424498097,-0.5000752192997,-0.3776244047034,-0.1759902892575,0.1422673555671,-0.4541222311190,-0.2029412092310,0.1606313095724,0.1204297134738,-0.4992228795948,-0.2485073726693,-0.4945332277304,-0.5544870533265,-0.3492825270463,-0.3899948557327,-0.1032762883122,-0.0361226795584,0.0747276688009,-0.0967099549251,-0.3222889306460,-0.0320600299551,0.1758700447567,0.1288386163470,-0.0871021361175,-0.3968099534571,-0.5555053412509,0.4534792177594,0.3980553378094,-0.3507392268952,-0.1655046142140,-0.3612117343799
0.4700036846613,0.0310020369636,0.4090911454311,0.7241415107159,0.5164706506767,0.6727776997969,1.0000000000000,0.1607700097841,0.0691887762361,0.2907739464842,0.0922173370780,0.0686251389945,-0.2097749452427,0.4008516367654,0.3811218462188,0.5121865716489,0.3117560833450,0.2284548582467,0.1143789537072,0.1124756693373,0.1903144196598,0.0576594628476,-0.1008823118812,0.2411744477977,-0.1412736871305,-0.0241519373594,0.0342610889327,0.1696027064628,-0.2432366401193,-0.1876518061302,0.2966416873702,0.0417105058382,0.1652202927167,-0.1477450839053,0.3863600212415,0.0701256508755,-0.0249280705268,-0.0535242517939,0.0113453795648,-0.1459171891797,0.0091065123024,0.2918216753859,-0.0292733780389,-0.3211518591498,-0.1053571784401,-0.2339196204693,-0.1098449213591,0.1692104055533,0.2469064945341,0.2350249007201,0.5386875938819,0.0086341980148,0.5798181424279,0.6293335269271,0.7648566094949,0.8706904016416,-0.1972534176883,-0.1296975365887,0.0405051860242,0.0047753886644,-0.1378848297311,-0.4015166870500,-0.3767280032535,-0.4159155549409,0.3174080950081,-0.1579675396450,0.0901471272730,-0.2732190426154,-0.0517537569667,-0.0139214999940,-0.3966446432676,-0.2881790274676,-0.0231008126588,0.1076917227527,-0.2144780519135,-0.3538111533644,-0.0499548450720,-0.0229896427133,-0.4122262088112,-0.0549529296858,-0.4630959039577,-0.3874998364335,-0.2939275437931,-0.2276050705928,-0.2652348719521,-0.2496820593125,-0.0590446240296,0.1756534530978,-0.3058456430605,-0.1461605698030,0.0573540339615,-0.1414578542135,-0.2175043646991,-0.3843054106012,-0.4406802613631,0.1394760386881,0.2732395899213,-0.1690539540458,-0.0345942567750,-0.1617771285838
0.1566050735611,0.1837830110109,-0.0874431841949,0.2996591859019,0.2763093707329,0.1132183512489,0.1607700097841,1.0000000000000,0.2472190408983,0.1952007604013,0.2563342632207,0.2862196970694,0.2850853766330,0.1643501255094,0.2747421592455,0.2908387578567,0.3764601121594,0.6524633008126,0.0842417285291,0.2279501453327,0.1546038184043,0.2381231860372,0.3082714845414,0.3250127991216,0.3371647568348,0.4556292975795,0.2083824570410,0.0335793897745,0.0917261127944,0.0986037439515,0.1483165327480,0.4264006484835,0.3150149934562,0.0768655861005,0.0812947661095,0.0170277907493,0.1459584957715,0.4083174343383,-0.0774601929524,0.0206664460408,0.2027922297343,0.0715331326942,-0.1309463881762,0.2538886692514,0.3670557393002,0.1499103422897,0.1812177584971,0.0923213329273,0.0425165472292,0.0970101852672,0.0949684070814,0.0723388658286,0.1723594125149,0.1364524924209,0.1022433205086,0.2050078416839,0.5077404943976,0.5094679370618,0.4835286632802,0.3246038192637,-0.1781229238990,0.0722143642527,-0.1560395561144,-0.1431439444850,0.0816785967721,-0.3208775310830,-0.0678515356326,-0.0878933011863,0.0287835809796,0.4509154254695,-0.1922099371803,0.0030234719457,0.3711116652601,0.4371224068475,-0.1572436191888,0.2990552112681,0.1750578716073,-0.1183015462485,-0.1076043226499,0.0933174474054,0.0630702116607,-0.1291987999663,-0.2079722124570,-0.4321844609226,0.3516831523928,-0.0232727213571,-0.0899848816961,-0.2043523587444,-0.2536935284474,0.2907427590882,0.0128321589437,0.0798277548840,0.2449720608587,-0.2166493499585,-0.1342486383124,0.0670756095130,0.1017100263454,-0.1889096056534,-0.1674294097713,-0.3540959767989
-0.3856506588327,0.0586482630285,-0.1305748953633,-0.1983546996551,-0.3647653046588,-0.2431474600134,0.0691887762361,0.2472190408983,1.0000000000000,-0.0138279567393,-0.0912876325654,-0.1919878002741,0.0878983841545,-0.2291421969470,-0.2624102877938,0.3428199459888,0.0788704926880,-0.0304661684583,0.7442206073994,0.6266336480089,0.0863210170603,0.0440434507325,-0.0600399115987,0.6392076724003,0.0065346985458,-0.2893974721982,0.0891568462839,-0.4297735372499,0.0812543677106,-0.1457730429163,0.2099496948275,-0.2898349682736,-0.0047199570295,-0.3526099887284,0.1668157868530,0.6819163608228,0.1554546548595,-0.1985262131554,0.0233812986016,-0.2773950238155,0.0081758320236,-0.3462319492132,-0.0112701769426,-0.2718933800796,-0.2704118217027,-0.1255638924401,-0.2016988682596,-0.3365451176755,-0.1220040299910,-0.3035824196387,-0.1815785147225,0.0995131525366,0.0762460155175,-0.2855005215071,0.0717229140241,0.0579463394961,0.0331428959726,0.2070345744202,0.4923009462610,0.8313995705128,0.2700641203368,0.2460672583375,0.1433401873501,0.0972788567385,0.2318146100910,0.1151814347168,0.5598401408539,0.2250907838382,0.7338104078005,0.1752226339987,0.2140704973635,0.2718209699479,0.5043735722592,-0.0061876850037,0.4036981123316,-0.2893837181387,-0.1113625603339,-0.3179521843792,0.2399930199460,0.4939466871400,-0.0137567111125,0.1377454762264,0.2886712397295,0.3187209335820,-0.3492895770563,-0.3256919598052,0.0984722232163,0.5018622104076,0.0200429881358,-0.3616062826806,-0.1063252385698,-0.3345266082358,-0.2955072289757,0.1423196265663,0.0312660257628,-0.2661502600644,-0.1132138134242,0.2542637523120,0.3001942442807,0.2733265788533
0.1790517724830,-0.2203419171922,0.0987153357952,0.2891603956123,0.3408145204255,0.4136402029117,0.2907739464842,0.1952007604013,-0.0138279567393,1.0000000000000,0.3024596390685,0.3244941790351,0.0851646144380,0.2068121069448,0.3393784082503,0.2109152710183,0.3075377691585,0.2790533299682,-0.0178879186991,0.1722248956363,0.3622550600449,0.6322863682567,0.2593527518529,0.1768411403525,0.0457719103306,0.2608046330500,0.3184154091537,0.2950552444811,0.0219491669555,0.0372760720524,0.3209342755248,0.3196072881499,0.3813098409749,0.1265854352592,0.1725978204345,-0.0568936120201,0.2638041873468,0.2046966813211,-0.0039553839858,0.1399984455135,0.4144622744648,0.4660742410003,0.0420241722890,-0.1169260508281,0.1507401865815,0.3129780771659,0.2516446989703,0.2498046572324,0.1686709079794,0.4630319746199,0.1582787044065,-0.2016147952097,0.0232839925105,0.3221477732087,0.3124577760415,0.2103781267789,-0.0252395235917,-0.1074753145960,-0.0919076864476,-0.0821100243596,0.0205405442256,-0.1538644924970,-0.1721601042411,-0.3305399699287,-0.0349215065819,-0.2394702952222,-0.1579185250420,-0.2916727689966,-0.1717077314066,0.0315933222458,-0.2775094512390,-0.0223521626064,-0.0174469685317,0.2493776551748,-0.2487242299929,-0.1022350621326,0.2086731539709,0.0927534129575,-0.3334287585968,-0.1557937320085,-0.2906413127047,-0.2957665444707,-0.2656021720874,-0.2939621926964,-0.0387791297903,-0.0084436191481,0.1666271461770,-0.0672768904519,-0.3146835721421,0.0337187034574,0.0121857371553,0.1239343112718,-0.0270668470452,-0.0654365885939,-0.2962258236866,0.1067351084974,0.1424014611750,0.0311604476622,0.1148029241461,-0.2794568191614
0.4229839381673,-0.1675187060858,0.0733142877872,0.1445535723723,0.4793475807386,0.3376444230677,0.0922173370780,0.2563342632207,-0.0912876325654,0.3024596390685,1.0000000000000,0.8024460722977,0.1764217561700,0.3680834423926,0.1829246740047,0.2789927839414,0.4632049554275,0.6062888532891,-0.0191661976206,-0.0186718179678,0.4853197016456,0.1495254110646,0.6903656193666,0.1369991340450,0.0489142738290,0.4218750628434,0.3535948988644,0.1567122288402,-0.0631436006618,0.2045478680189,0.5009334551636,0.5465113026427,0.5616386774659,0.5110898804525,0.3391507035193,-0.1446919877368,0.4845462257618,0.2262218094783,0.2868901308169,0.4761518703079,0.3318582948710,0.5751900873836,0.2571944707432,-0.0643667169218,0.0913495314571,0.4049910221795,0.4445866676527,0.5897616235514,0.2792599760482,0.5369356466051,0.1424627656999,-0.3224543843393,-0.3336350448661,0.1894404723079,-0.0417102095018,0.0369921936122,-0.0876280348535,-0.2495637597697,-0.0913138656965,-0.2559522367650,-0.5035920762857,0.0146493389491,-0.2335426858889,-0.4280681175805,-0.3080558173370,-0.3822835062318,-0.2846300376739,-0.3933316400176,-0.2885713539068,0.1351932644320,-0.3566797883475,-0.1513507337170,0.1624716821694,0.1610258432871,-0.3503378410879,0.0587770088977,0.3326597746942,-0.0909122550087,-0.4487841553108,-0.0802480719956,-0.2484268387802,-0.3237191575913,-0.5016441565387,-0.2977883136967,0.0482333394436,0.2262078990983,0.3448232287373,-0.2114730769482,-0.1444844316699,0.1310327669527,0.3220471633111,0.4200122806694,0.0004991693534,-0.3578168165581,-0.4247107637521,0.4824613948343,0.0934279914342,-0.5434766166440,-0.3607099479757,-0.3353357051372
0.4418831161176,-0.2074843744948,-0.0064497480487,0.1800000907725,0.5024637529356,0.3503757679155,0.0686251389945,0.2862196970694,-0.1919878002741,0.3244941790351,0.8024460722977,1.0000000000000,0.3805758477520,0.3335837761583,0.2134966437161,0.2518247816511,0.5177976020205,0.5803769196124,-0.0968076118067,0.0108489354069,0.5971586644613,0.2538234324916,0.7413252115946,0.0764090131590,0.1435866784006,0.4299681844682,0.3063754798141,0.2245875920347,-0.1763318763610,0.0490958649517,0.4346141919701,0.5841262424158,0.5074816393754,0.5621196894553,0.3735767191767,-0.1272151962777,0.4125013421412,0.2118414722454,0.2293876516582,0.4347178711436,0.2958987600398,0.5579206747151,0.1950965845060,0.0356719434536,0.1236256121416,0.4813771342071,0.5135895097083,0.5992379337526,0.1811377960460,0.5998666967801,0.0819961208715,-0.3907937459056,-0.3321075997607,0.2254625212747,-0.0662518430585,0.0893436110115,0.0690397276765,-0.1276471869246,-0.0419995306457,-0.2790757791941,-0.3810213253884,-0.0030473968277,-0.0381709628031,-0.2480386307769,-0.4461367816667,-0.4970326115171,-0.2635462709755,-0.2286873132209,-0.2893030497027,0.2537029090123,-0.2234825099401,-0.0912384993488,0.1593587736332,0.1816480601188,-0.2384891212724,0.1894321510726,0.3301219243797,-0.0129281272321,-0.5560860239470,-0.1211551591720,-0.0435390855062,-0.2122089161542,-0.6645534123120,-0.3172916260631,0.1370275312453,0.3542354040283,0.2795730419093,-0.1686717727386,-0.1655162730078,0.2222831385054,0.2959941802311,0.4161995560756,0.0587640023159,-0.3358293613811,-0.2331661846951,0.4181457921984,-0.0507007073818,-0.5388665086723,-0.3750565079374,-0.3776307280454
-0.1192122031147,-0.1762018240978,-0.3687998270899,-0.1333806517015,-0.0888151307499,-0.2167637101129,-0.2097749452427,0.2850853766330,0.0878983841545,0.0851646144380,0.1764217561700,0.3805758477520,1.0000000000000,-0.1929888427602,-0.1120284815349,0.1401361103377,0.5055508120671,0.1489745200412,0.0527866843005,0.1946063179045,0.2901788854235,0.3030705335985,0.3769479566246,0.2372268436185,0.1580140426332,0.0141047639871,0.2153304816351,-0.1356079875088,0.0624897318817,-0.1937843607736,0.2704645791328,0.1076908191034,0.3652176756124,0.0254051441840,0.1793033709034,0.1614433862720,0.2967091536803,0.0259911415693,0.1439713915191,0.0250800018808,0.0836019969422,-0.1519035392282,0.1399623702506,-0.0308367088230,-0.0344504546360,0.3245900426227,0.3191131482319,0.0523226047163,-0.2464570121333,0.0194977906399,-0.2431758862222,-0.2436949060855,-0.1595208975086,-0.1926745518397,-0.2201322399865,-0.0892978228185,0.4125751422158,0.3743854639281,0.2993702479153,0.2475656323106,0.1862265341214,0.3986420980972,0.5382431913017,0.5230893464119,-0.2862023278595,-0.1359470200975,0.1306922509953,0.4420301822430,0.1744401701870,0.2962760906212,0.3345744595690,0.3548714205822,0.2520901601366,0.1231090961021,0.2712226730590,0.1229676706908,0.1165601942028,-0.1632277879862,-0.0432663210783,0.2173817405872,0.3602572571300,0.3153859487709,-0.1593349982186,0.0894202391120,0.0389228759385,0.1048190058136,0.1009566709935,0.1409524110359,0.1075013833853,0.0111102561707,0.1286847867517,0.0765996332706,-0.0812808716057,0.1480014916850,0.3087344529079,0.0084800699027,-0.2286191992175,0.0565242442019,-0.0354935867946,-0.0027155335474
0.5301701292085,0.4015211613242,0.4124652752871,0.4698443503377,0.6770000570390,0.6228084564383,0.4008516367654,0.1643501255094,-0.2291421969470,0.2068121069448,0.3680834423926,0.3335837761583,-0.1929888427602,1.0000000000000,0.4835610895988,0.2834180736046,0.2734558124743,0.5037640287026,-0.1045938133832,-0.2048406936987,0.2029314317512,0.0318353138464,0.2202277900218,-0.0122502891441,-0.0897172285838,0.2774260929855,-0.0713727783065,0.2324522897546,0.1263280229905,0.4017821350814,0.1681934212851,0.3480809365287,0.1643598074468,0.2080113223758,0.2323945645234,-0.2080429437517,-0.1128699263358,0.0548886041400,-0.1238398239654,0.0465121513453,0.2351501524065,0.5580033917142,-0.1677768427439,-0.0518832039601,0.0550462720529,-0.0940897666381,-0.0435479130578,0.3166886319703,0.5061848491570,0.3362940440722,0.4231300299429,0.2203304632131,0.0962221302948,0.4705148917741,0.2649669911490,0.3133988516997,-0.0827243674246,-0.2082152777356,-0.0921622037230,-0.3531661867809,-0.5240523898654,-0.4120022695138,-0.4331155807812,-0.4470141369691,0.1947179780636,-0.4670831946889,-0.2185922730612,-0.3628447391477,-0.3086021177624,-0.0060579791285,-0.4636918134210,-0.4228440810551,-0.0038309112907,0.0144095381543,-0.3998820726630,0.0173799346372,0.0158337447550,0.0461084556208,-0.2697918864798,-0.1386749152981,-0.3507553082007,-0.4320284284741,-0.3782177964296,-0.5024648533959,0.0487550701963,0.0047665287331,-0.0146053276320,-0.2989135583712,-0.5302146383008,0.0554931461505,-0.0955614294076,0.1204458966733,0.0056084975917,-0.5022190985580,-0.5233617711129,0.1874012491389,0.2065556656228,-0.3743169517328,-0.3617171665397,-0.5266799153416
0.4797320577549,0.1682534353782,0.0457337903143,0.7199508895708,0.5466485422584,0.4056540771596,0.3811218462188,0.2747421592455,-0.2624102877938,0.3393784082503,0.1829246740047,0.2134966437161,-0.1120284815349,0.4835610895988,1.0000000000000,0.1669667425132,0.1136467647489,0.3518026566461,-0.2755507283204,-0.2260903493181,0.0261323966694,0.1120609757651,0.0061994243604,-0.1251476921735,0.0853622005460,0.2573662470244,-0.1074687570055,0.2365534039883,-0.1257859133530,0.1158766546466,0.0977913441790,0.2582348050960,0.0556901807032,0.1241351809091,0.0411916828776,-0.2426000478277,-0.0549340528601,0.1919183567272,0.1097576185874,0.0968173157494,0.2432262737043,0.5117715091824,0.1859767517631,0.1300571431847,0.2338555829545,0.1049091914507,0.1400014530463,0.3561532512446,0.2680848359794,0.5596264012680,0.2240201464439,-0.0541870553845,0.2963665410669,0.3828239966182,0.3163715102850,0.3270101784590,0.0212800373893,0.0403536931150,-0.0312607078587,-0.2619837220714,-0.3410073387232,-0.3814016300369,-0.3750804315589,-0.2955804120308,-0.0857926248503,-0.1634733035529,-0.2536912929198,-0.2286327483286,-0.3176410496479,0.1317051055092,-0.3910573913307,-0.4074078629529,-0.1226561822964,0.0704282554474,-0.3758625372449,0.1138428117700,-0.0427293232769,0.0490567240801,-0.3871436615600,-0.2193133627809,-0.1918377169015,-0.2397634164039,-0.4857381490862,-0.3554258334828,0.2315234930285,-0.0179415768379,-0.1721012112953,-0.2477461899053,-0.2104714240092,0.2813691820145,0.1587826557223,0.1815804985002,0.0966357838528,-0.4347346809003,-0.2567142588704,0.2168972704886,0.1745969286962,-0.2594060514864,-0.3149324933553,-0.4162857147255
0.2262197885274,-0.0194643922492,0.1757815917359,0.3594908707970,0.2937340982296,0.3450440156485,0.5121865716489,0.2908387578567,0.3428199459888,0.2109152710183,0.2789927839414,0.2518247816511,0.1401361103377,0.2834180736046,0.1669667425132,1.0000000000000,0.5260992959116,0.4883317626654,0.5264698580515,0.2673207342659,0.4581516074934,0.0036303700813,0.0808127203394,0.6319176414090,-0.2438392183781,-0.0569995457211,-0.0191314381758,-0.1241247398108,-0.1571241006118,-0.2286894967628,0.7466152610585,0.1417194884260,0.3117622175240,-0.0358513978276,0.7828048536004,0.5989301370057,0.2863411422350,-0.2291652320751,0.2345526619552,-0.1988877234657,0.0129271024054,0.1992533142421,0.2113024757793,-0.4283419663111,-0.2832182270498,-0.0797316920019,0.0414583043140,0.1766301841033,0.0676845951456,0.1839783838550,0.1980171528330,-0.0476189082804,0.2433904188101,0.2859271946256,0.3128670616132,0.4630815370431,-0.1217130998571,-0.1060087529121,0.3767257603727,0.2044696291450,-0.1904732271993,-0.1402642281881,-0.1180884518801,-0.1638523933267,0.1629572493192,-0.1670415974902,0.5484291255551,0.0007280926530,0.3685743660908,0.1502505585942,-0.1483910890019,-0.1724856863644,0.3859191056728,-0.1354534962105,0.1577662118630,-0.2645321113299,-0.1400998874180,-0.2172336253122,-0.2963738473404,0.5055784555972,-0.1783198722923,-0.1547213604442,-0.2583054606171,0.1034022958054,-0.3168054356317,-0.1488356518234,0.1839168256348,0.4437571576454,-0.2493130126230,-0.3236370240068,0.1233346011294,-0.1980054383217,-0.4381309390396,-0.3873750511684,-0.3588816280551,0.0991194448331,-0.0446072424036,-0.2042677204013,-0.1716267898317,-0.2090442228388
0.2839043949541,-0.0678954695536,0.1240537091013,0.2520577854291,0.3284138252991,0.2917254548554,0.3117560833450,0.3764601121594,0.0788704926880,0.3075377691585,0.4632049554275,0.5177976020205,0.5055508120671,0.2734558124743,0.1136467647489,0.5260992959116,1.0000000000000,0.5267668171668,0.1729057071174,0.2397490137110,0.5672199367931,0.2571703314924,0.3421392157224,0.4163564846604,-0.0436972082397,0.0879362743178,0.2558724083560,0.0997765907597,-0.1027564763274,-0.1625657896430,0.6259658660305,0.2735693905760,0.6016134378797,0.1131403617475,0.3860764048631,0.1149385789802,0.2692541372107,0.0169970916480,0.0359768604165,-0.0294104715729,0.0906711966468,0.2392849047478,0.0889034745691,-0.3231115268783,-0.1519691453212,0.0523229015538,0.2383043827044,0.1833261079851,0.1359129443752,0.2209920969009,0.2396912200856,-0.1290135334479,0.0872084300171,0.2797635114582,0.1897855015830,0.3631717198956,0.0247440258085,-0.0032310434024,0.1890153708391,0.0617442699379,-0.1637817831541,-0.0560784064988,0.0306062881489,-0.1117962338942,-0.0158510751058,-0.3474063978926,0.0198813483582,0.0024696875207,-0.0345225862457,0.2121561136262,-0.1464142381945,-0.0077356701598,0.1672601495501,0.1859251010562,-0.0819544219218,-0.1435461544120,0.1586226911301,-0.1015930018417,-0.4100673998705,0.1163770415171,-0.1656005366093,-0.1680072498668,-0.3850851310819,-0.2629055452731,-0.1754104510602,-0.0365795567177,0.1724603891878,0.0625515557316,-0.2478120942316,-0.1036130218845,0.0671444652926,-0.0478477946133,-0.2630353894869,-0.3158497051437,-0.2972191062164,0.1196475285840,-0.0084697300601,-0.2783849318733,-0.1448103739646,-0.2549965221648
0.4589998193762,0.2076345253709,0.1017754242491,0.3540869508587,0.5828610918774,0.4053861491872,0.2284548582467,0.6524633008126,-0.0304661684583,0.2790533299682,0.6062888532891,0.5803769196124,0.1489745200412,0.5037640287026,0.3518026566461,0.4883317626654,0.5267668171668,1.0000000000000,0.1258703160028,0.0219236817210,0.2984101733152,0.0955573554904,0.4233517437466,0.3154187453732,0.0844319218548,0.4511834947996,0.1702136440465,0.1299777534604,-0.0257307716299,0.1816370047364,0.4720785655723,0.5625347108534,0.4342359407942,0.3027350509718,0.3185810169470,-0.0315120746259,0.3113622892856,0.2508323204957,0.0446735600977,0.2033634873957,0.2340433549806,0.4615090698646,-0.0999211647768,0.0124545890871,0.1254433916363,0.1724755388814,0.2614058164016,0.4197373795517,0.3012148296486,0.3352767128961,0.2519400236698,0.0616453003611,0.0363492481248,0.3284222101885,0.0876970407537,0.2573749412469,0.1260779868438,0.0614304646982,0.2662274357546,-0.1025242464443,-0.5157366768406,-0.1437072845098,-0.3040363947754,-0.3566489848019,0.0431934802889,-0.5111028572926,-0.0932680769324,-0.2442680291467,-0.1282836735857,0.2941947302880,-0.3898638834627,-0.3077450270071,0.3353529480373,0.1658366616300,-0.3157644679284,0.1758060804397,0.1571625567186,-0.0884117435090,-0.3764143229738,0.1277853229900,-0.1464965930475,-0.3313152569602,-0.4579767228365,-0.4513995804189,0.1584687240960,0.1612877021655,0.1731929030423,-0.2565961080345,-0.4211946525197,0.1819836371571,0.0793720849106,0.3068933266736,0.0468252586997,-0.5175432619809,-0.4471227799933,0.2902514666814,0.0768431456145,-0.4726290983054,-0.4325166177334,-0.5975284261366
-0.3055807370385,0.1639868622871,-0.0059514845107,-0.1543140319050,-0.2646140291518,-0.1511415320931,0.1143789537072,0.0842417285291,0.7442206073994,-0.0178879186991,-0.0191661976206,-0.0968076118067,0.0527866843005,-0.1045938133832,-0.2755507283204,0.5264698580515,0.1729057071174,0.1258703160028,1.0000000000000,0.3765933454602,0.1128262614054,-0.0339429180182,-0.0681205266243,0.7415394519256,-0.3614824836450,-0.3831321508335,-0.1123893520313,-0.4531580362195,0.0055223835618,-0.1898335543432,0.3544308956858,-0.2637317680054,-0.0325092723735,-0.2699490284084,0.2595343164733,0.8247950545136,0.1935333803721,-0.4709269820691,-0.0001412697675,-0.2274354651316,-0.0481858213376,-0.2483289543763,-0.0851693673333,-0.4921950202852,-0.5726587745518,-0.1761790154198,-0.2578771493766,-0.3004071575054,-0.0401939629331,-0.3171033232879,-0.1274012052644,0.1635297008562,0.1089062764648,-0.2344389552578,0.0579619219789,0.0807490250908,-0.1740726365341,-0.0304069844162,0.5447154067900,0.5964019073082,0.1564873732146,0.1386909692254,0.1252269640250,0.0727354418054,0.3062425817774,0.1020413421314,0.6633814199344,0.2649091647899,0.8404413349259,0.0000685729149,0.1689425982810,0.1373513908166,0.5721853548864,-0.3862722698532,0.4029729176837,-0.3368845358926,-0.3496627186313,-0.3321541425981,0.1616952578653,0.6383588768444,-0.0140641486545,0.0606875140697,0.2353366323577,0.3386461477846,-0.5025813328395,-0.2236513487725,0.2189102281592,0.5152723343355,-0.0882740343909,-0.5870476729439,-0.1660689831425,-0.2724045584927,-0.4848135471514,0.0280161618612,-0.0943498087772,-0.2018009184515,-0.1818444937100,0.1825488646603,0.1798590166815,0.1874397484105
-0.1028277709429,-0.1736353658380,-0.1364841053207,-0.0421977363291,-0.1141239116924,-0.1014405572850,0.1124756693373,0.2279501453327,0.6266336480089,0.1722248956363,-0.0186718179678,0.0108489354069,0.1946063179045,-0.2048406936987,-0.2260903493181,0.2673207342659,0.2397490137110,0.0219236817210,0.3765933454602,1.0000000000000,0.3050946793457,0.1397091684241,0.0558517542884,0.4149990648186,0.4066202423232,0.0112333268471,0.4826654992574,-0.0639589592155,-0.0343039251242,-0.2013351114665,0.3300351237402,0.0160204274918,0.3610021752551,-0.1411614253476,0.1870551791143,0.3754988502076,0.0876134396563,0.2267272117262,-0.1044186486157,-0.1279651668310,0.0709173088840,-0.0987863088442,-0.0442652602476,-0.0792071055626,0.0956061294948,0.0670868854899,0.1459274911423,-0.1944478790824,-0.1234329942644,-0.0474832121871,-0.0725308877047,-0.1715874035374,0.0377085916294,-0.1621480390982,0.0457585088729,0.1583271860904,0.1117827552131,0.1409750590858,0.1635082767876,0.4499237833446,0.1501123145424,0.0738275088534,0.0588845186165,0.0305928875995,0.0239641958627,-0.1372823701299,0.4129518381634,0.1078713693738,0.3190208129625,0.4603362432465,0.1125605096818,0.1448272964837,0.2629824618765,0.3913213104257,0.2984191843505,-0.1807405684334,0.2973199533377,-0.0443714203587,-0.0798881857930,0.2749520358291,-0.0066469302016,0.1501309099809,-0.0147116376290,0.1041235656009,-0.1932668093309,-0.0954353369582,-0.0399812408000,0.2154526197706,-0.1339029965709,0.0002089762017,-0.2374362430097,-0.1306010318975,-0.0853924079160,0.0375752832019,-0.0184900965097,-0.2720914240837,-0.0797453441607,0.0325859235766,0.0805549125322,0.0150510228768
0.2639166137634,-0.3396258236724,0.1195259818614,0.0716863615239,0.2567384171587,0.2504973085877,0.1903144196598,0.1546038184043,0.0863210170603,0.3622550600449,0.4853197016456,0.5971586644613,0.2901788854235,0.2029314317512,0.0261323966694,0.4581516074934,0.5672199367931,0.2984101733152,0.1128262614054,0.3050946793457,1.0000000000000,0.2766924093484,0.4887026224541,0.2468805818759,0.0184938409206,0.1952468910873,0.3588596713629,0.0911960966312,-0.2149765621121,-0.1068711581526,0.6432547571948,0.4079090764897,0.5498816415502,0.3073941171264,0.5845263240414,0.2169437821056,0.3051029503092,0.0226417426882,0.1535278228669,-0.0407669371701,0.0317191711415,0.3235542155076,0.3201301480122,-0.2480742987418,-0.0195078825833,0.2431882077443,0.3824959861887,0.1787103151735,0.0003114846749,0.4760888713331,0.1455737763664,-0.2918174479748,-0.1271975853296,0.1928315946776,0.1034004755051,0.1974122974156,-0.0717199558876,-0.2054771872238,-0.0299831908285,0.0129201494884,-0.0403584580699,0.0076151051585,0.0521108063491,-0.2335250264327,-0.1642803781860,-0.3293296069642,0.0801202938670,-0.1790647467183,-0.0273032896593,0.1247330492820,0.0247420408993,0.1266653859654,0.1052435734752,0.1532943803442,0.1069257836155,-0.1561902728869,0.2170519715697,-0.0569917676227,-0.4517335699898,0.0643148330947,-0.1193505699740,-0.1872560246287,-0.3936621058657,-0.1472004677947,-0.2338008114480,0.0870526112292,0.1779763894294,0.1299900725310,-0.1876496766735,-0.1550565310161,0.0067931785220,-0.1679423325775,-0.2549544173770,-0.2202189238973,-0.2149460944968,0.0010645801514,-0.1355481209494,-0.2858762136464,-0.0105691489997,-0.0414913412016
-0.1041123957912,-0.1456807559770,-0.0543716586500,-0.0168379286762,0.1024395311845,0.1519447579093,0.0576594628476,0.2381231860372,0.0440434507325,0.6322863682567,0.1495254110646,0.2538234324916,0.3030705335985,0.0318353138464,0.1120609757651,0.0036303700813,0.2571703314924,0.0955573554904,-0.0339429180182,0.1397091684241,0.2766924093484,1.0000000000000,0.3659455736929,0.0763755476076,0.0766527535541,0.2138192947713,0.2769928567709,0.0938587526929,0.2995649249822,-0.0150956583474,0.1336123044017,0.2177101725287,0.3705348709966,-0.0040223829741,0.0355989117343,-0.0491449638105,0.1433241418807,0.1935841839986,-0.0788939571937,0.0127239815312,0.4312946363700,0.1310925970096,-0.0400632383267,0.0406039223085,0.1908114274519,0.4273955791477,0.1839708724623,-0.0230798128067,0.1764861028878,0.1376015318622,-0.0413073472405,-0.0610679327200,-0.0610096622847,0.0507489616119,0.1414622386124,0.0233734235873,0.2352111800415,0.1675673225771,0.0170525588899,0.1237567554484,0.2439623010057,-0.0126722257718,0.0801876167924,-0.0237088437873,-0.0508498827803,-0.1176094360932,-0.1149109727052,-0.0912484508677,-0.0315074980721,0.0490265279469,-0.0504942805534,0.3347795610529,-0.0022764736314,0.2694618661501,-0.0222547265159,0.1064000578476,0.2004842906950,-0.0008880353570,0.0124438456940,-0.1290120902656,0.0494002631533,-0.0243167443800,-0.0509688693853,-0.1865265816701,0.1201636338269,-0.0481021430185,0.0697090313818,-0.0157209727310,-0.1697910393388,0.0620708756793,-0.0644416705024,0.0106626727978,0.1230582702688,0.2497827788952,0.0439061284730,-0.0654419085796,0.1227444861241,0.2804785610765,0.1659723958143,-0.0119412703542
0.1336486022818,-0.1512645408343,-0.1470256041600,-0.0882221014124,0.2785204488896,0.1404677922922,-0.1008823118812,0.3082714845414,-0.0600399115987,0.2593527518529,0.6903656193666,0.7413252115946,0.3769479566246,0.2202277900218,0.0061994243604,0.0808127203394,0.3421392157224,0.4233517437466,-0.0681205266243,0.0558517542884,0.4887026224541,0.3659455736929,1.0000000000000,0.0816409600609,0.1819565173495,0.4805174312178,0.4107899028174,0.0270390014458,0.0881275661201,0.2399731200183,0.3316272671262,0.5866835986958,0.5822855207855,0.4697535657548,0.2395476939700,-0.0870199208224,0.3719225450714,0.2597796570775,0.1525515675640,0.3456468969050,0.2965507344875,0.3293494940167,0.1017272956051,0.1465570087865,0.2228422312693,0.5156615491019,0.4544745990257,0.3322997713768,0.1603933507563,0.3456674150096,-0.0738093591908,-0.2437506884467,-0.4264275980381,-0.0069942629060,-0.1535874194963,-0.1022282161446,0.2716345274489,0.0120342825144,0.0116000921364,-0.0721049059653,-0.2112419385449,0.1912500485183,0.1060063958020,-0.1464757277686,-0.3538286757132,-0.4327667020921,-0.2508873591229,-0.2249750522558,-0.1582443177885,0.1989498509985,-0.0782752182485,0.2147921848981,0.2266379052739,0.2457265657316,-0.1386807549840,0.3017495888747,0.3635909832936,-0.1379629787920,-0.2208155169001,-0.0855502297378,0.1142367104087,-0.0755324082305,-0.3741711118422,-0.2822941137036,0.2330144697270,0.2339696884853,0.2714636481552,-0.1685510691620,-0.1724428657535,0.2219742619771,0.1428756563488,0.2566099660616,0.1741525289770,-0.1322399222938,-0.0682875162808,0.1917889893782,-0.0089689715186,-0.2901044079797,-0.1786792516901,-0.2433480716372
-0.0662579574398,-0.0123277223515,-0.0316233243057,0.0671295347913,-0.0243854475375,0.0279277438705,0.2411744477977,0.3250127991216,0.6392076724003,0.1768411403525,0.1369991340450,0.0764090131590,0.2372268436185,-0.0122502891441,-0.1251476921735,0.6319176414090,0.4163564846604,0.3154187453732,0.7415394519256,0.4149990648186,0.2468805818759,0.0763755476076,0.0816409600609,1.0000000000000,-0.2706754129044,-0.2714056952823,0.1848842527000,-0.2886160509233,-0.0227036456887,-0.2382151474564,0.4735281703180,-0.1147322257463,0.2822443492031,-0.2063530658658,0.3662967048435,0.7357226729071,0.4513278975359,-0.2809925927080,0.0903053390793,-0.1826455966357,0.0584508001456,-0.1297700008651,-0.0025159178213,-0.5225445183183,-0.4361817247893,-0.0894007555941,-0.0638763550526,-0.0565694907708,-0.0233181755202,-0.1043453316855,0.0652966739235,-0.0273977905880,0.1754452946081,0.0066867575133,0.2140266794773,0.2851027025239,-0.0712011790668,0.0653467401297,0.5564997779521,0.5614281936944,0.0917777742953,0.2271110172237,0.0643779989670,0.0021272372585,0.2189383378259,-0.1035188120399,0.5380628261252,0.2469865879991,0.6022520964058,0.1125805200668,0.0629307089438,0.1421152558898,0.6877705090033,-0.1377652489760,0.2844196840313,-0.3716351665523,-0.0641603184688,-0.3258619895823,-0.0405471485038,0.6196612994084,-0.0949891057872,0.0401946713741,0.0238314498141,0.1784251362803,-0.4497419127433,-0.2246180181170,0.3542483373167,0.5364689276744,-0.1242697175680,-0.4578354014847,0.0310030762381,-0.2174193668401,-0.5064060575024,-0.0208271726335,-0.1468129987432,0.0005057165831,-0.0422065441562,0.0842464077237,0.1815938760567,-0.0069576296363
