1.0000000000000,0.1371465760477,0.6675703824353,0.1572329545609,0.6482431138493,0.4376709781555,0.2543905833202,-0.0382691734291,0.0115960409849,0.1117393111238,0.3003814453980,0.1665847162062,0.1685113925465,0.4498691460301,0.1757970345629,0.0396474670238,0.1170084866997,0.1443795403510,-0.1567867548158,0.0432625860527,0.1727205785276,0.0119036762747,0.1329280885726,0.0081457874927,-0.1392993632902,-0.0259566362926,0.1289851893977,-0.1143782125451,-0.2766843870970,-0.0246487658966,0.0397374420619,0.0627412367860,0.0590520289259,-0.1652888979975,0.2851444263533,-0.0617909899346,0.1587646530677,0.0537620962604,0.2120022910385,-0.1121473337214,0.1021718249628,0.3392022889730,0.0449476849594,-0.2147348768928,-0.0556400696181,-0.0649831803316,0.0447235708567,0.4276912483942,0.0201379913172,0.2197530702710,0.5771211215082,0.3452622957806,0.1296819704599,0.5363014761704,0.3823695533881,0.1164427291207,0.2939045606055,0.0686647608355,0.1280015830205,0.0161144335577,-0.0395474227310,0.1744452821166,0.0868331888880,0.2442787157573,0.1957963137601,0.1009318709419,0.1188558293918,0.1670671369830,-0.0900098416516,0.2113649749929,0.0883915080470,0.0707030356936,0.1303344799867,-0.0564025932724,0.0728800555964,0.0309651828398,0.2084164122282,-0.2991684033973,-0.3098577551249,0.0829480530133,0.1920533727506,0.2045344472575,-0.1683863607769,0.0547494683171,0.2219903228405,0.0268319908699,0.1855800982706,0.0905727602550,0.0718425706341,0.0738454144059,0.2291029002121,-0.0834700190594,-0.2075579424827,-0.2083352347337,0.0197136525064,0.3639689090294,-0.1843655528682,-0.2982457323738,0.0349655488312,0.0654177609935
0.1371465760477,1.0000000000000,0.3423548407485,0.2594662080639,0.1714688151327,0.1032180811499,0.0588370522855,0.1644158440492,-0.0175478213237,0.2471904959243,-0.1647548185029,-0.0067439065004,0.0285856344215,0.7014287900803,0.4869963066611,-0.1899403210061,-0.0379516524059,0.0445487145475,-0.2018575657757,-0.1346430163264,-0.0401911254034,0.1725629830143,-0.1382377455908,-0.2729606569593,-0.1739266256801,-0.1077430270769,-0.3654337953330,0.1738444605636,0.1022175976811,0.5759505022929,-0.1779532871405,-0.0219553561920,0.0248678479074,-0.0646140031420,-0.0161126168802,-0.2452063569262,-0.3505179380891,-0.1522623614650,-0.1299322155409,-0.2482159636711,0.1311980776038,0.1919625861848,-0.2346247275637,-0.0359643250755,0.1499797642804,-0.1604317475690,0.0759338279289,-0.2402333208098,0.3573984667257,0.1817232240162,-0.1947481076975,0.6349062879241,0.1396358473773,0.0288614346531,-0.0523732845057,-0.1818018703879,0.0287521184240,0.1585962436472,0.1700458308636,0.0216760977147,0.1726549985928,-0.4663227114923,-0.2961237813954,-0.0319863336810,0.5079438678303,-0.0833618504497,-0.2439355354115,-0.1329972732112,-0.1349073595461,-0.1675757467016,-0.1915068647657,-0.3069186936606,-0.2351026319954,0.0710932391419,-0.1444977678326,-0.1415524879965,-0.2904842827650,-0.0060847024158,0.0314596848108,-0.2725678152386,0.0292842537819,-0.0108360196991,0.2249928191446,-0.2691505895071,0.1168966714914,0.0162344764688,-0.3478819841754,-0.2088624804898,-0.2650731474823,-0.0635599108147,-0.1866563493185,-0.2064139367604,0.0198319819958,-0.1983921643070,0.0141031477733,-0.2809866990069,0.2781912854541,-0.1119226875291,-0.3021109135633,-0.1239737311411
0.6675703824353,0.3423548407485,1.0000000000000,0.2963818451439,0.6417037113015,0.6589754377789,0.3990902605422,-0.0815542186175,-0.1293468586392,0.1565599144372,0.1368498869872,0.1863685372498,0.2362003293360,0.3391474964818,0.2432776120628,0.0248660918451,0.1879009949200,0.0230411594960,-0.2491385849519,-0.0337112792025,0.0652391940396,-0.0556622407397,-0.0857829469855,-0.0401717155149,-0.2170667643992,-0.1666318068848,0.0168450686472,-0.0403298468170,-0.3125388904878,-0.0221078580461,0.0655406734209,-0.0496260574131,0.1493028096195,-0.2462589348560,0.2362904449226,-0.0976883159621,0.0674531122279,-0.0129806329749,0.2517693718939,-0.3336036153204,-0.1695535675931,0.2533910324647,0.0307741778916,-0.3153835860185,-0.0183104616561,-0.3888061482461,0.0299987381153,0.3364721829428,0.0352512484262,0.2383724500159,0.4707867879661,0.5016729636899,0.2406960599937,0.7459410032656,0.5092435812321,0.1066909569065,0.2793168801582,0.1242989747472,0.1187974121748,-0.0780663545047,0.0279873856168,0.1550063845336,0.0551099459582,0.3232520248902,0.3402705307432,0.1758349340890,0.0729386470720,0.2515959667562,-0.1390738893334,0.1299779000710,0.0973056796520,-0.1047043512584,0.0909531065058,-0.1437468515029,0.0020184662598,-0.1630214530238,-0.0303966960032,-0.3421592948875,-0.2959511229984,0.0918421815818,0.0955711190748,0.2267553885196,-0.1932336458511,0.0532198585641,0.2202081986552,-0.1140762151671,0.0732579012937,0.1556234364544,0.0288909348095,-0.0503012711460,0.2510459093771,-0.3491970653305,-0.2742179063115,-0.3592061576746,0.0148930551337,0.3340402713550,-0.1137667127566,-0.3459704467626,0.0579684267966,0.1197334877610
0.1572329545609,0.2594662080639,0.2963818451439,1.0000000000000,0.2554083185703,0.3533719171675,0.7600218555537,-0.2173183428121,0.1763759699852,0.4867403724631,0.1895667631785,0.2995825824659,0.2458369801866,0.1962770780127,0.8072790591824,0.3645259139590,0.3583209918010,0.1785325927738,-0.0907383231575,0.0427276314791,0.3010448854717,0.0169601793968,0.1461408198938,0.4274567600568,-0.1908103836959,-0.0014427806343,0.2052920083668,-0.1004775813958,-0.4031292839591,-0.2004228477926,0.4734548115802,0.2173390271384,0.3798030583525,0.3771633550505,0.1232126198008,0.2909377502269,0.1694088460715,0.0367702600821,0.1579221222526,0.2153569969873,-0.0234635323182,0.3087460226901,0.5704889322704,-0.2861846188083,-0.4463109139854,-0.0446837142476,0.2060804599443,-0.0459214364431,-0.1806640237869,0.6290521255457,-0.0373438402385,0.0732655028763,0.6468249463381,0.2867738257473,0.3160225837062,0.7262517443149,0.0522098212278,-0.3905165014391,0.0678569870042,-0.0243354401317,-0.0169340665599,-0.0159155541349,-0.0138522122412,0.0303691642657,0.0199002928761,0.5122421249118,0.2312754517418,0.2608514857882,0.0031349031310,0.0558487337956,0.0344494641889,-0.1660464211845,0.3641255505541,-0.3186329984262,-0.2694605028671,-0.1410964151002,0.1403257727161,-0.3041297141298,-0.4884579557967,0.3208938188818,0.0879155378921,0.1690296843659,-0.3449690027281,0.2475122167244,-0.3845262708685,0.1559815722669,0.1568262197538,0.2909009296735,0.2032374986319,-0.2309463818355,0.1067160955473,0.1480940590848,-0.2742774637951,-0.3276315820467,-0.1885063546844,-0.1132632980657,-0.4546291770128,-0.3892490841959,-0.0268549238316,0.2675816980678
0.6482431138493,0.1714688151327,0.6417037113015,0.2554083185703,1.0000000000000,0.7783048243134,0.2746507047816,-0.1130665502893,0.0345450169046,0.1903066660484,0.3557841572233,0.2497532909482,0.1930598129100,0.3362026226558,0.2506131627073,0.0201527885804,0.2782472576494,0.2245485095120,-0.2602026699658,0.0590167349282,0.2114379742087,0.2187234009892,0.2451620143914,0.1447203902884,-0.1312173512345,-0.0886121914077,0.1706481393577,-0.1981615141415,-0.2040917333391,-0.0943461239457,0.1888128539428,0.0438236344354,0.2828969940613,-0.2183893413078,0.2027087099506,-0.1053014133676,0.2469344539722,0.0093188139865,0.2675210315511,-0.1172483447620,0.0796796955687,0.3634873797288,0.1175702018688,-0.2932642969226,-0.1030254775940,-0.0516050986931,0.0662611311153,0.4334022873013,0.3040642294461,0.3099029053590,0.5569441440889,0.1915572031857,0.0841765032644,0.6725389921136,0.6860675706798,0.1437021795823,0.2544104372075,0.0116351776332,0.1554219223573,-0.0222604393310,0.0030492674544,0.1636059513205,-0.0566866796137,0.2181117726350,0.0501420349393,0.0848140212071,0.0437071309033,0.2510836828187,-0.1293873868574,0.2239308299792,0.0589223173249,0.1093370610753,0.2535749029327,-0.1229126684948,-0.0817182980123,-0.1435456673024,0.1878943723564,-0.3421465048712,-0.2836321770163,0.1747662928150,0.1506692209827,0.2318950377725,-0.2687144982438,0.0383918371903,0.0954194795046,-0.0893480852250,0.2581277742244,0.1761955380621,0.0428619279509,0.0152079555760,0.3164061190046,-0.1531888376269,-0.2852455724851,-0.1914194271319,0.0515798122719,0.3191009235165,-0.0597616883823,-0.2840862857020,-0.0310076198345,0.0050379892876
0.4376709781555,0.1032180811499,0.6589754377789,0.3533719171675,0.7783048243134,1.0000000000000,0.4252131256428,-0.0589750898523,0.0809678450721,0.2320392152463,0.3550039678441,0.2962119643237,0.2023306121799,0.1996282257662,0.2580483411739,0.2140166737041,0.3798122881365,0.2525448089592,-0.1327458702712,0.0961711862343,0.2821220477062,0.1205720087589,0.1878618306963,0.2068551818887,-0.1315013069995,-0.0455108505382,0.1904271389281,-0.1646859442082,-0.2193981616762,-0.1536839123741,0.2560895675024,0.0690906220615,0.3332723192841,-0.2641939343732,0.3605042735728,0.0296928150980,0.2577222272428,0.0332845332877,0.3714135268669,-0.1486770278612,-0.0300581094903,0.2699233337446,0.1969436404614,-0.2894361989252,-0.0769639387804,-0.1147122336483,0.0589662735436,0.5357919178409,0.1764006439646,0.3378452329778,0.4423655688865,0.1400786485037,0.1914920412071,0.7682166864232,0.7714663336048,0.2169870176944,0.1988742943023,0.0093467055939,0.2223563958106,-0.0104366918566,-0.0813736883683,0.2861991748281,-0.0273428742791,0.1422589731532,0.0582043204146,0.2012275612423,0.1812821839918,0.2694634780144,-0.0180698872658,0.1634413833041,0.1462225664996,0.0324881073135,0.3016212814500,-0.1929014508591,-0.0075173870327,-0.1757545825401,0.1182217305260,-0.3632814939664,-0.2536816227769,0.2465307298162,0.0882227852429,0.2112613996846,-0.3070266907596,0.1324242876451,0.0248026009334,-0.1981243862883,0.2462752926876,0.3389777203904,0.0594531572503,-0.0705864552005,0.4085752166513,-0.2228720311138,-0.2790050052088,-0.2167294762036,-0.0254406428811,0.4546968592153,-0.0785159776021,-0.2870613140228,-0.0051776071545,0.0546104360481
0.2543905833202,0.0588370522855,0.3990902605422,0.7600218555537,0.2746507047816,0.4252131256428,1.0000000000000,-0.1074460217073,0.1585455300380,0.3569103549066,0.1794451322793,0.1784919884606,0.1997702435202,0.0714694265595,0.4992270017116,0.5676728143837,0.3069357214758,0.1203544503651,0.0750123366743,0.0958361685811,0.2766542768940,-0.1126432813631,0.0274273892126,0.3794515306998,-0.1322386877791,-0.0404581672883,0.2260346543703,-0.1672042695984,-0.4081000617419,-0.2814483242597,0.5420045221270,0.1165736344335,0.2281804316446,0.2008195790589,0.3506798643479,0.4292270407826,0.3291079063575,0.1304067156178,0.4812165033385,0.1058246377238,-0.0995997092711,0.2313819667573,0.5910204381763,-0.2414380632610,-0.2484359797241,-0.0964991796508,0.0757686291578,0.1818893084809,-0.2290906154634,0.4437550669684,0.1093555371732,0.0354650317247,0.5507509861173,0.4618850650886,0.4755654963088,0.7776980025557,0.1117120754155,-0.2168223748502,0.1697696875995,0.1023627470051,0.0101439077863,0.1020729633565,0.0246639532779,0.0653472832113,-0.0095285695992,0.5125489650123,0.4829974522958,0.2537207321131,0.1779418799501,0.0892457479969,0.0575807000430,-0.1771975033199,0.3813719432937,-0.2077319644787,-0.0263983328054,-0.1505816521767,0.1199576158264,-0.3580383479787,-0.4320275815853,0.3956505029774,0.0071519957738,0.0990285058223,-0.3887223513629,0.4448251399218,-0.1775540006200,0.0213757352260,0.2918247973794,0.5549623672721,0.3396599053404,-0.1246510800230,0.4235628872430,0.0393594127959,-0.2768512659797,-0.2883354856707,-0.1633343546530,0.1533239325546,-0.4394554417962,-0.3814290758121,0.0436998440102,0.2625043929100
-0.0382691734291,0.1644158440492,-0.0815542186175,-0.2173183428121,-0.1130665502893,-0.0589750898523,-0.1074460217073,1.0000000000000,0.3970859884458,0.0153759666276,-0.0558677563957,-0.0445357399641,-0.0586376920660,0.1933120276961,-0.0928036270280,0.3102447021046,0.2133087737208,0.3283767818143,0.5970245036243,0.4862077729216,0.2362207929933,0.0128079890821,-0.0429387525217,-0.0799045879719,0.3864347096948,0.1060859921143,0.0095408160187,0.0596974139444,0.1108031470768,0.2766683120082,0.0140768228314,0.0051968184929,0.0060830859843,-0.2054477257934,0.2080711069846,0.1936925759778,-0.0600215972146,0.1632235321442,0.0727911368776,-0.0674809562119,0.1295481660387,-0.1065399634605,-0.0596922423063,0.1718699964501,0.3868610953202,0.1028494667240,-0.0482924669855,0.0613757454224,0.2232430332049,-0.1233111022291,-0.1125054484262,0.0506857170842,-0.1537580233067,-0.1014015631299,-0.1163349113078,-0.2097394786744,-0.1172359947508,0.5797270187334,0.3893529403044,0.6001236166585,-0.0330413136936,-0.1104966914628,-0.1678634562186,-0.2328042135438,0.0928934798866,-0.1691124518032,0.2315281008157,-0.0077792396552,0.4881153564381,0.1668280441729,-0.0640783415628,-0.2067064338865,-0.0954129378988,0.4972892901596,0.2227008011368,-0.0986327875361,-0.0556397784593,0.0269966397123,0.1196294804294,0.0387644660419,-0.1059760258839,-0.0462157492040,0.1411118993345,-0.0259026632037,0.1157502131647,-0.1140123139064,-0.1061148824573,0.0591770843929,-0.1566822901680,0.2191426225022,0.0705071641339,-0.0472340594773,0.0746363587106,0.0231584099201,-0.1617308984235,0.0503859968097,0.2017063556028,0.0413959409585,-0.3008936244737,-0.2399045504734
0.0115960409849,-0.0175478213237,-0.1293468586392,0.1763759699852,0.0345450169046,0.0809678450721,0.1585455300380,0.3970859884458,1.0000000000000,0.1503809447224,0.3171438977863,0.1400469023500,0.0310291861702,-0.0165905583807,0.1104859793816,0.4789314419937,0.2857216323618,0.5029122671376,0.3661234417015,0.5677950897985,0.2948561608615,0.0995013731505,0.2349835113781,0.5068592868357,0.3572181242584,0.1352610025973,0.3443868232855,-0.1694983144139,-0.1540867300665,-0.1646432334189,0.3911246886267,0.1396897427495,0.1992311094385,0.0245022713289,0.3774626710692,0.3542920980665,0.3714620539727,0.2088822604470,0.2582569045391,0.1180523599557,0.0145588206931,0.0584345529434,0.2048472749785,-0.0909524615356,-0.0730061973780,0.1583792300209,0.0486646031817,0.1237681860913,-0.0374647587007,0.1304006488105,0.0038575576430,-0.1254992703097,-0.0048174388831,0.0125923514243,0.0949568682968,0.1238576042506,0.1883669771686,0.1504554361016,0.6617346519306,0.7493129377707,-0.0000056081869,0.0851806063580,-0.1019890740899,-0.1323738744529,-0.1532734832379,0.0164265022291,0.3855464831289,0.2564161454672,0.5458691207076,0.4433434165425,0.0146461339458,0.0924723221485,0.5003963689193,0.1378135648089,0.0624751649343,-0.0598534107615,0.2824815747473,-0.1195070062511,-0.2416216474569,0.4818523561754,0.1211866240931,0.1235228275064,-0.2255329017427,0.2133400381007,-0.1844632442786,-0.0608663038479,0.3708279891498,0.3517910986929,0.0036577919098,0.0524197112653,0.2499497110137,0.1618450414892,-0.1340697463611,-0.0517020150106,-0.0294547888847,0.0766168601604,-0.2142914541307,-0.1430034182925,-0.1572124354214,-0.0715817459828
0.1117393111238,0.2471904959243,0.1565599144372,0.4867403724631,0.1903066660484,0.2320392152463,0.3569103549066,0.0153759666276,0.1503809447224,1.0000000000000,0.3235751576718,0.5324267267796,0.4372670723875,0.4124153938757,0.6249970498349,0.1755848541278,0.4438745491522,0.1468966592912,0.0024067652535,0.0617010179659,0.4577711400264,0.5153167774784,0.4432742410382,0.2859439351448,0.0229149271137,0.2621606553507,0.2442528034649,0.1217928427637,-0.1688331477795,0.1468744936302,0.3086133670467,0.4973773455322,0.5557412272379,0.4368934223721,-0.0816398869138,0.2164782016000,0.1226386087986,0.0524486151683,0.0333990568426,0.4310636692490,0.2598853377935,0.5417020904999,0.2448931123188,-0.0689544595956,-0.2099930637285,0.2097346567743,0.4987009109714,0.0131643612670,0.2074689709298,0.7565985773317,-0.2145572604986,-0.0991049218607,0.1959154474939,0.0935005806596,0.1605604143416,0.1771548673243,0.1431499911718,-0.1588320822691,0.0639196896056,0.0758150399078,0.3559223501479,-0.0125658061445,0.0905538754405,0.0382084410455,0.0114415794880,0.1973565467293,0.0179468191262,0.2324416986156,0.0202656154062,0.0654418014263,0.0206669009818,-0.0341661579590,0.1883152586341,-0.0704556946067,-0.2679141389042,-0.2723415356825,-0.0045565193140,-0.3261439481564,-0.4035794560801,0.1218902227379,-0.0064145924155,0.2665906685843,-0.2439220299159,-0.0133563871088,-0.3120537221878,0.0284109937453,0.0935261443252,0.0177269712182,-0.0007892824331,-0.1771492493954,-0.0059892982258,0.0844528567288,-0.1641033608012,-0.3121640574061,-0.1625292709381,-0.1061410867971,-0.2031843338051,-0.3907236700387,-0.0086158535260,0.2581626065459
0.3003814453980,-0.1647548185029,0.1368498869872,0.1895667631785,0.3557841572233,0.3550039678441,0.1794451322793,-0.0558677563957,0.3171438977863,0.3235751576718,1.0000000000000,0.6132765579867,0.3800020816056,0.1000141227642,0.1211798359953,0.1779916194078,0.3683515727938,0.3678182286406,-0.0184309856501,0.2356487983555,0.4703300160292,0.4071995743395,0.5767219577033,0.4838008454812,0.0404448765530,0.1541855666931,0.4067870613618,-0.0524058518848,0.0835218068659,-0.1309592887398,0.2525152647245,0.2910484017966,0.3632329039842,0.0394503504487,0.2169190820566,0.1829441650714,0.5753961615116,0.1154170281587,0.2936650209364,0.2046986084382,0.2067906269876,0.4046466031686,0.2350201082281,-0.1794829469870,-0.1644415745924,0.1663771279569,0.2157127720383,0.5309620272855,0.0441852667964,0.3855593177198,0.1949617001208,-0.2482374943580,-0.0631162020713,0.3217480965878,0.3728862652059,0.1454387710743,0.2795150338057,-0.1438008546486,0.1497927111655,0.1411700580262,0.0105172244985,0.5166623890306,0.1452109300995,0.1848489335222,-0.2428293513196,0.0327377874578,0.1332864712117,0.3026990518125,0.0632552801518,0.2781576946407,0.0851535710486,0.1824517216250,0.5224145432417,-0.1371639241504,-0.1450330212821,-0.2013019178711,0.2712021678894,-0.1813569721973,-0.1601732627428,0.3484874802261,-0.0370234242419,0.0577562825598,-0.3263900576073,0.1117030151849,-0.2297378122106,-0.1768879370722,0.5852086487811,0.1723668757867,0.0863409984763,-0.1589675294041,0.3435220465075,-0.0065140757393,-0.2754413147826,-0.0954563606198,-0.1459500362533,0.4009870719960,-0.0862173782056,-0.3443780792264,0.0700571792927,0.0501117841922
0.1665847162062,-0.0067439065004,0.1863685372498,0.2995825824659,0.2497532909482,0.2962119643237,0.1784919884606,-0.0445357399641,0.1400469023500,0.5324267267796,0.6132765579867,1.0000000000000,0.6152260598369,0.1729093463095,0.3589439936244,0.1607429228432,0.5732352693030,0.1992701974250,-0.0718168760287,0.1518284346548,0.5695119693325,0.3725956483821,0.5622963779947,0.3211936174973,-0.0805302067923,0.2881736760580,0.1406087231804,0.1935172190630,-0.0034896267161,0.0075018527508,0.2170493622951,0.4968352674413,0.6085426032231,0.2750009124350,0.0714344571585,0.1491250458275,0.1552339835295,0.0210172738841,0.0415163593995,0.1912920137860,0.0647757289228,0.3848534379735,0.1865075062174,-0.0720561499012,-0.2139115496328,-0.0016814925033,0.4826379004888,0.2240692482387,-0.0768504159900,0.4903823327513,-0.0049406487573,-0.1473584642408,-0.0065914216922,0.1656178261853,0.1051151072467,0.0865220607064,0.2996140459389,-0.1170558605652,0.0693857955539,0.0180427010506,0.0878586659029,0.3255041089438,0.3686981625962,0.2179783151777,-0.0968592145306,0.0408140832774,-0.0288743056628,0.3065621036860,-0.0695168430849,0.1106289192967,0.2484227945058,0.0730384813314,0.2691996160917,-0.1676466368643,-0.1708316434221,-0.2383713444440,-0.1416864169762,-0.2294142307240,-0.2150169939084,0.2072825955207,-0.0739664535125,0.2541091632369,-0.3257855204340,-0.0120287990562,-0.2742929121417,-0.2105685621489,0.1541521895629,-0.0405951794029,-0.1143017079364,-0.3316070552911,0.0017896679947,-0.2385567743021,-0.1061269377842,-0.3128375513519,-0.0823959000989,0.0866785978587,-0.1777534838870,-0.4366684360775,-0.0586888726967,0.0892070644031
0.1685113925465,0.0285856344215,0.2362003293360,0.2458369801866,0.1930598129100,0.2023306121799,0.1997702435202,-0.0586376920660,0.0310291861702,0.4372670723875,0.3800020816056,0.6152260598369,1.0000000000000,0.1314942078802,0.3130397732078,0.1229483383420,0.6780196341918,0.1840142370950,-0.0979980380917,0.1994419978355,0.4379780415167,0.2061668196451,0.2753293311465,0.2672512248418,0.0667030574455,0.2563759866443,0.1989195113721,0.0729277518435,-0.0458353043206,-0.0009908355801,0.2860264071070,0.3915296200984,0.5787677163553,0.2143435227088,-0.0296139465456,0.0848893881272,0.1909625576661,0.1324004560719,0.0507572681159,0.1482197410073,0.0077420521433,0.2905716925765,0.2230877827340,-0.0074664198331,-0.0572415160558,-0.0662610443616,0.3312392803926,0.1063111513520,-0.0393803490476,0.4178845615426,0.0692608358379,-0.0022426814563,0.0530562238290,0.2011871310454,0.1329695734088,0.1356080977299,0.6527674369559,-0.0535887830036,-0.0004917959704,-0.0245072181651,0.0998047916742,0.1933002246383,0.4148908593130,0.6686399454677,0.0406049043249,0.0309301679804,0.0056215130215,0.4545294280311,-0.0843915804394,0.1372243222638,0.2024211751550,-0.0746844004829,0.2114212484647,-0.0932256650840,-0.2135637310962,-0.2677176179140,-0.0945280432432,-0.2551992861938,-0.2220348718531,0.2084980119811,-0.0814604485672,0.2489179167006,-0.2828366641762,-0.0341702656513,-0.1136426151322,-0.1427137886056,0.1276265766615,-0.0009702402564,-0.0673803597514,-0.1959609326012,0.0285291400012,-0.1876873992500,-0.0672335287021,-0.3217396533238,-0.1431594628112,0.0144528325770,-0.1760699360396,-0.4207422906016,-0.0168798084119,0.0730535805586
0.4498691460301,0.7014287900803,0.3391474964818,0.1962770780127,0.3362026226558,0.1996282257662,0.0714694265595,0.1933120276961,-0.0165905583807,0.4124153938757,0.1000141227642,0.1729093463095,0.1314942078802,1.0000000000000,0.4796988945420,-0.0316219228476,0.1010548194830,0.1820514303813,-0.0922884720587,-0.0611075834648,0.2275833333125,0.3717490636334,0.2134479535694,-0.1269775597211,-0.1390640679226,0.0763687723672,-0.1000946292121,0.1940402103218,0.1394083345268,0.6633191251310,-0.1068199919845,0.2083780434989,0.1360335797457,-0.0129541113629,0.0890002875358,-0.0580802712103,-0.2035507394960,-0.0944657623191,-0.1030979016632,0.0123199273021,0.4882217808045,0.4263203582888,-0.1662528886699,-0.0554077469015,0.0296735970101,0.1948883806794,0.2523135878540,0.0093681488584,0.4827133603584,0.4037861343280,-0.1665348937720,0.2712763994278,-0.0168433261603,0.0461912954888,-0.0468060430894,-0.1785533297226,0.0913495990252,0.1228715811912,0.1306866548852,0.0135457795501,0.0698611446075,-0.3194077245383,-0.2531048927301,-0.0374024974038,0.3330120945032,-0.1350963118513,-0.1314765173296,-0.1079467441320,-0.0592729881114,-0.0623970816994,-0.1405452089487,-0.1761286543872,-0.1241658355235,0.0705618866232,-0.1268192967316,-0.1063283629312,-0.0868234423483,-0.0520601125975,-0.0406673350883,-0.2362791424544,0.0541517230326,0.0254880889359,0.1119107853854,-0.1882672023905,0.0664112804259,0.0124856296470,-0.1987665164228,-0.1824925234912,-0.2376503828089,-0.0707640354041,-0.1497355398980,-0.0941584050192,-0.0749668039968,-0.1091270657370,-0.1222271188705,-0.1469933120984,0.2456339517908,-0.1940002442908,-0.3497708175703,-0.1331007633111
0.1757970345629,0.4869963066611,0.2432776120628,0.8072790591824,0.2506131627073,0.2580483411739,0.4992270017116,-0.0928036270280,0.1104859793816,0.6249970498349,0.1211798359953,0.3589439936244,0.3130397732078,0.4796988945420,1.0000000000000,0.1700946973828,0.3502925878841,0.1680276349437,-0.1842637337642,-0.0130638829763,0.3380613597539,0.1528235627275,0.1884621539440,0.2335558168914,-0.1612435251815,0.0728070833949,0.0630066985966,-0.0238329053481,-0.3088944931189,0.0667859281129,0.2862636745001,0.3031191247021,0.4516334621182,0.3631154827898,0.0287299810435,0.1015882489493,-0.0157037732475,-0.0319490770981,-0.0008008983656,0.1233210564890,0.0126369015002,0.3195136615964,0.3548158180455,-0.1676497092505,-0.3119302190740,-0.0586179652317,0.2231849870273,-0.1145546200825,-0.0384126069738,0.7216912194142,-0.0861378055552,0.2114797043652,0.5548811160059,0.1961624086587,0.1814714366899,0.4326992085350,0.0994294118333,-0.2610747030890,0.0577431313491,0.0093175538362,0.1370561318197,-0.1351481902166,0.0421083660765,0.0576301367475,0.2271984858105,0.4103193832370,0.0402005637252,0.1910046121146,-0.1019995341448,-0.0280737834290,0.0792034478249,-0.1638579857202,0.1606736984000,-0.1306750291849,-0.2847544211670,-0.0787834403518,0.0095146526789,-0.2562947026349,-0.4318765951674,0.1429294302539,0.1139928603357,0.2475943964524,-0.2038750418798,-0.0077980279616,-0.2566330499167,0.1409613197806,-0.0308424580209,0.0510005351365,0.0651114305636,-0.1711114566189,-0.0551311882916,0.0740418698228,-0.1266702705210,-0.3703345529191,-0.1495297230684,-0.2027170727246,-0.3286408569289,-0.4134731387985,-0.1045824462329,0.2787706071223
0.0396474670238,-0.1899403210061,0.0248660918451,0.3645259139590,0.0201527885804,0.2140166737041,0.5676728143837,0.3102447021046,0.4789314419937,0.1755848541278,0.1779916194078,0.1607429228432,0.1229483383420,-0.0316219228476,0.1700946973828,1.0000000000000,0.4719431813390,0.4387466510566,0.6001287899931,0.4799253912873,0.4442035655862,-0.0662496271658,0.1006415320752,0.5193831207974,0.1074260012356,0.0950461248366,0.2438832242507,-0.0645630242891,-0.1797691303904,-0.1955748318093,0.6991387408482,0.1722205167786,0.2359495835438,0.0951046064058,0.5785545550648,0.8132917864371,0.2970711830716,0.2460217856555,0.4249623119984,0.1366522076806,0.0280784046019,0.0685817342971,0.5792185899213,-0.1391444859104,-0.0965379234932,0.0679765651792,0.0953011794291,0.1823834698794,-0.1620498708093,0.2298243379232,-0.0602269284728,-0.2847198604091,0.1078695190050,0.1388246341948,0.1487239191863,0.4709715722309,0.0134200416261,-0.0264123735324,0.3674634285228,0.3518869292985,-0.2475237916218,0.0253185317070,-0.1101651387327,-0.1332675270387,-0.2799992043514,0.1613512073165,0.7663546642990,0.2212337356992,0.6240043181445,0.2526167095933,0.0070008140216,-0.2083570113892,0.4698012684018,-0.0551039008223,0.1860476512458,-0.1618782611336,0.1256030876590,-0.2228875922892,-0.2101241103797,0.5325941807394,-0.1097232398473,-0.0000020682598,-0.3760207211907,0.6223600464949,-0.2031141890589,-0.0848016624746,0.2776240266692,0.6931329255516,0.1815773650904,-0.0549195523555,0.3367803492626,-0.0061178588252,-0.2071298622361,-0.1852716674441,-0.2633131721345,0.1281564196543,-0.3117418227128,-0.3249408162539,-0.2303191521669,-0.0854412016676
0.1170084866997,-0.0379516524059,0.1879009949200,0.3583209918010,0.2782472576494,0.3798122881365,0.3069357214758,0.2133087737208,0.2857216323618,0.4438745491522,0.3683515727938,0.5732352693030,0.6780196341918,0.1010548194830,0.3502925878841,0.4719431813390,1.0000000000000,0.4937761273003,0.1072055077460,0.5348095038333,0.7866817044635,0.1556743042088,0.3709367772880,0.4921102994175,0.1329531549831,0.3169388798522,0.3626911450779,0.0057190853301,-0.2267567343438,-0.1278856015131,0.5927685525420,0.4337634883283,0.7237986797565,0.0907214601409,0.2194012049505,0.3523863730073,0.2532457068071,0.3096638494635,0.1537203508155,0.1092736151487,0.0006184657865,0.1985529985201,0.3533870355298,-0.0955898964445,-0.0573353151077,0.0570001083121,0.3053326204104,0.1833689382255,-0.0258397443326,0.4697989032653,0.0590526087819,-0.1420935366443,0.0509546399221,0.2401176556908,0.2247331148837,0.2211351205163,0.4007210968650,0.0317539642439,0.2616197224976,0.1847320891377,-0.1029372568176,0.1757874782799,0.1368724441746,0.2516352495236,-0.0987738979807,0.0869760168564,0.2725507681992,0.5612054276894,0.1582534588906,0.3890087531615,0.2993791618421,-0.0695162884059,0.4438088516378,-0.0368359108169,-0.0678761944853,-0.1702997228916,0.0855298758929,-0.3621556357510,-0.2935151724059,0.4837978810094,0.0094958599560,0.3477915810534,-0.4013103199981,0.1688493716285,-0.1324119688334,-0.1449775162124,0.2269999526677,0.2424285901744,-0.0220946370921,-0.0378555988899,0.1585287256614,-0.1706164386032,-0.1312799468593,-0.2938648479980,-0.1539961222851,0.1040144421658,-0.2700693005291,-0.4043103425107,-0.2093509907832,-0.0246472676766
0.1443795403510,0.0445487145475,0.0230411594960,0.1785325927738,0.2245485095120,0.2525448089592,0.1203544503651,0.3283767818143,0.5029122671376,0.1468966592912,0.3678182286406,0.1992701974250,0.1840142370950,0.1820514303813,0.1680276349437,0.4387466510566,0.4937761273003,1.0000000000000,0.0488347888740,0.3348635098025,0.4869215086051,0.1230420393033,0.3459338557249,0.5193777289919,-0.0144548050035,0.1011511253484,0.3660464764057,-0.2440367410289,0.0319715808139,0.0452941273375,0.4909724484317,0.2418271652931,0.3177774813161,-0.2274332082618,0.5136114356508,0.2230351783846,0.4203218128310,0.1356243163221,0.3822755563841,0.0697436720160,0.2287925259602,0.2766072082210,0.1874083357011,-0.3040279888371,-0.0712750196393,0.1945843827383,0.0371689158703,0.3476567603085,0.0967541629562,0.2197344599869,0.0365770073155,-0.1077754077778,-0.0488621867287,0.1623020958437,0.1861367107785,0.0810792083829,0.1896857047365,-0.0388967824624,0.4758754827096,0.1704169610267,-0.2606353578901,0.1955628203066,-0.0938057784242,-0.0437648301782,-0.1211930529481,-0.0543604793229,0.3317585130989,0.3418360809042,0.1874420669809,0.2602680898684,0.0312017644956,0.0214148341253,0.5063241346800,-0.1896146844878,-0.0421902193578,-0.0332537942432,0.3997711698209,-0.1852123814514,-0.0307818313637,0.4634584404495,0.1137807468008,0.1218232060559,-0.1079670874371,0.1867113385550,-0.1291683056797,-0.2182940731717,0.4239029092127,0.3855906370580,-0.0481581319904,-0.0194723271410,0.3228926378959,0.0160887088063,-0.3753443302644,-0.1485731075991,-0.2475461905145,0.2254163164595,-0.0959497153215,-0.1827330147692,-0.1376716669364,-0.1923962380967
-0.1567867548158,-0.2018575657757,-0.2491385849519,-0.0907383231575,-0.2602026699658,-0.1327458702712,0.0750123366743,0.5970245036243,0.3661234417015,0.0024067652535,-0.0184309856501,-0.0718168760287,-0.0979980380917,-0.0922884720587,-0.1842637337642,0.6001287899931,0.1072055077460,0.0488347888740,1.0000000000000,0.4578258804271,0.1786252334871,-0.0297369804358,-0.0574771381779,0.0865887587981,0.3716660121950,0.0643549558002,0.0322441035115,0.0668698849739,0.0514728591061,-0.0172352978566,0.1524703127987,-0.0459031260661,-0.0900287968038,0.0811239620239,0.1809947888298,0.6222919964106,0.0705905109406,0.1558316154286,0.0743518740862,0.1656312417326,0.1325350455688,-0.0934333104744,0.2206505065422,0.2240525276707,0.1402200756065,0.1553423241920,-0.0022120197581,-0.0132279486957,-0.0096775247874,-0.0993862699432,-0.1956857499569,-0.3069985154101,-0.1383097340504,-0.1777371450656,-0.1459530717852,0.0913289577055,-0.2287149872784,0.2225192790968,0.1214045318784,0.5441993337979,-0.1714238497376,-0.1280106894704,-0.1605227750925,-0.2358445882906,-0.2685429917388,-0.0536129696367,0.4943218781090,-0.1100931150705,0.8040526130785,0.0984332121902,-0.1322179595925,-0.2210733822831,0.0572220698317,0.3532918315411,0.2933367199957,-0.1709015858119,-0.0054251637143,0.0134849164187,0.0158372707013,0.1202225534999,-0.2547872154375,-0.2284741990363,-0.1279936958153,0.3649168820883,-0.1114439277637,-0.0270214828560,0.0254765780388,0.2909592699637,0.0774026393043,0.0987499361257,0.0741249494882,0.1260652369520,0.1054737848069,0.0275730176775,-0.2320165809783,-0.0089933105344,-0.0339250378626,-0.0125619568195,-0.2254067842812,-0.1936568185593
0.0432625860527,-0.1346430163264,-0.0337112792025,0.0427276314791,0.0590167349282,0.0961711862343,0.0958361685811,0.4862077729216,0.5677950897985,0.0617010179659,0.2356487983555,0.1518284346548,0.1994419978355,-0.0611075834648,-0.0130638829763,0.4799253912873,0.5348095038333,0.3348635098025,0.4578258804271,1.0000000000000,0.4486183419736,-0.0061068508811,0.1584024104330,0.4609291051379,0.6622998061109,0.3243727560984,0.3952192682099,0.0048452044408,-0.2129785675276,-0.1946059693671,0.4586693491103,0.1929234932245,0.3456457288908,-0.0156505948604,0.2408684158911,0.5046468690369,0.2498709687786,0.5911110776679,0.1211999627201,0.0344232167705,-0.0223029415468,-0.0172400221214,0.2443390917712,0.1947488070102,0.2269604513822,0.1297267086709,0.0938445799182,0.1075898007574,-0.0793878708312,0.1350993620825,-0.0313768993191,-0.2162969969011,-0.1406098239759,0.0435945845591,0.0326063045079,0.0898804873950,0.2372923745971,0.3497902287125,0.4464473529080,0.6160136619369,-0.1232878274990,0.0385065064345,-0.1243983818444,-0.0112659858627,-0.2451435337842,-0.0767853566158,0.3484637021042,0.3189218770456,0.5243144932201,0.7504756641609,0.0669192937106,-0.0760309433112,0.4578863336595,0.4965199850506,0.1485100678722,0.0049033239624,0.2558086632577,-0.1195543725469,-0.2300121664934,0.4648006275368,0.0654793932234,0.2182265799946,-0.3080988219082,0.2322329734979,0.1251899332418,0.0543837087790,0.2248973948797,0.2707616996629,0.0091288269564,0.4078992179872,0.1550492245386,0.0545032293729,0.1515543335684,-0.0286561714409,-0.0055960138474,0.0621537593984,-0.2503806349366,-0.1874861208020,-0.3406744957974,-0.1631604437431
0.1727205785276,-0.0401911254034,0.0652391940396,0.3010448854717,0.2114379742087,0.2821220477062,0.2766542768940,0.2362207929933,0.2948561608615,0.4577711400264,0.4703300160292,0.5695119693325,0.4379780415167,0.2275833333125,0.3380613597539,0.4442035655862,0.7866817044635,0.4869215086051,0.1786252334871,0.4486183419736,1.0000000000000,0.2351235956347,0.4991512890520,0.4842858036865,0.1121177537717,0.3478749565755,0.3323761637921,0.0108385345704,-0.0832813210040,-0.0097812663230,0.4863329673765,0.4450946639421,0.5594513745486,0.0678522850066,0.2952329677679,0.3762609890111,0.2953137439817,0.2627907400395,0.1708286885936,0.1530198044063,0.1661768955017,0.2976529878673,0.3413826502377,-0.0463621376952,-0.0054018887151,0.2084357639920,0.2624520325663,0.2565215906218,-0.0177448541136,0.5189549608460,-0.0304126552676,-0.2693570445832,-0.0445860898053,0.1349839800481,0.1188741378265,0.1731705478231,0.2438872467063,-0.0460104734994,0.2200408029179,0.2118179496577,-0.1716157245056,0.1658162236541,-0.0025926327572,-0.0115378378663,-0.1761913858160,0.0676180678999,0.3004266782522,0.3168707645601,0.2255354270782,0.3001156278652,0.2460541083372,-0.0205322490048,0.4433529822219,0.0457645844648,0.0384127385681,-0.0614805663913,0.1630687287438,-0.3002417953725,-0.2081582855242,0.3829156908166,-0.0498531517765,0.2158790243512,-0.3399613870193,0.2043850876337,-0.0970830043684,-0.1551203887959,0.2835034513460,0.2419004874214,0.0816753062642,-0.0295878100531,0.1659509933495,-0.0824550455997,-0.0920198337301,-0.2130161337097,-0.2056100479292,0.1506249514868,-0.1989846924122,-0.3193638428638,-0.2487874524213,-0.0080374916630
0.0119036762747,0.1725629830143,-0.0556622407397,0.0169601793968,0.2187234009892,0.1205720087589,-0.1126432813631,0.0128079890821,0.0995013731505,0.5153167774784,0.4071995743395,0.3725956483821,0.2061668196451,0.3717490636334,0.1528235627275,-0.0662496271658,0.1556743042088,0.1230420393033,-0.0297369804358,-0.0061068508811,0.2351235956347,1.0000000000000,0.4982927157408,0.1844440747950,0.0457314255921,0.1441867745318,0.1699081355643,0.1592528901093,0.3411784818401,0.3042297000344,0.0324755397494,0.2661301610165,0.3263348939903,0.1667706945622,-0.0823835921852,0.0397014987722,0.1410331155591,0.0242904581491,-0.0323275957804,0.3469594150342,0.4415243982878,0.3902821395182,-0.0826468995321,-0.0509237714762,-0.0412013195705,0.3515003584178,0.4220182587589,0.0845150521938,0.5795739330959,0.3480286104823,-0.0968635083783,-0.1472663145501,-0.2231514029665,-0.0763717098953,0.1016380638162,-0.2436387164397,0.0758569312618,-0.0684334742782,0.0307913089963,0.0049729407429,0.2615787672425,0.0020348186613,-0.1612441901156,-0.0525856102980,-0.0837552678276,-0.2053481721359,-0.2177521725085,-0.0135714892392,-0.0247026278570,0.0279093133754,-0.1810244511829,0.2025454540396,0.1501961436037,-0.0139094193651,-0.2212332454555,-0.3584273425515,-0.0427895507518,-0.1192506475429,-0.0161751377140,-0.0664950175623,-0.1627637850711,-0.0438568852208,-0.1072396948014,-0.1617083137766,-0.2534222639127,-0.1404142931515,0.1623167727349,-0.1514170034047,-0.1479423226357,-0.1492153229259,0.0024565233445,-0.0213533801224,-0.1652623130648,0.0586451170777,-0.1071887948595,-0.0126051818463,0.3003816586757,-0.0302289000917,-0.1016215137915,-0.0726217477598
0.1329280885726,-0.1382377455908,-0.0857829469855,0.1461408198938,0.2451620143914,0.1878618306963,0.0274273892126,-0.0429387525217,0.2349835113781,0.4432742410382,0.5767219577033,0.5622963779947,0.2753293311465,0.2134479535694,0.1884621539440,0.1006415320752,0.3709367772880,0.3459338557249,-0.0574771381779,0.1584024104330,0.4991512890520,0.4982927157408,1.0000000000000,0.4159127779248,0.1215136933386,0.5518070871565,0.5691696969893,-0.0049227776433,0.1575974777254,0.0017472619770,0.2551506527875,0.6401527469816,0.5323557252341,0.1401433229745,-0.0419990690530,0.1716452245968,0.3241633724785,0.1439685130208,-0.0537502259129,0.4654560513281,0.4676009861036,0.4985407955897,0.0620412227902,0.0552789346782,-0.1313791147850,0.6154667184137,0.4515861634466,0.1935006047084,0.1837870831519,0.4721170088169,-0.0608804573834,-0.4197980239709,-0.2123599548290,-0.0247755191165,0.1013798240927,0.0082996796809,0.1115501759284,-0.2428169107082,0.0664300063241,-0.0007607207980,-0.0474351313584,0.2811348288330,0.0804223930190,-0.0430481101356,-0.3171992549922,-0.1288429524510,-0.0603215234901,0.1943435837567,-0.0430060256480,0.1905398708171,-0.0167022212727,0.3560610176480,0.3285830451980,-0.0926878127886,-0.2704596222368,0.0647673319359,0.3693036962754,-0.0677677196068,-0.0877890354364,0.1943435594101,0.1627011360012,0.2161911986644,-0.2151370286549,-0.0284095484866,-0.2672662610620,-0.0580040473550,0.3086980217158,-0.0318506399121,-0.1068070910484,-0.1294126551133,-0.0282599471676,0.2106032333253,-0.0907464362704,0.0717926706884,-0.0726907898598,0.0367221955039,-0.0704656970395,-0.0996906757380,-0.0625786714823,-0.0261408062560
0.0081457874927,-0.2729606569593,-0.0401717155149,0.4274567600568,0.1447203902884,0.2068551818887,0.3794515306998,-0.0799045879719,0.5068592868357,0.2859439351448,0.4838008454812,0.3211936174973,0.2672512248418,-0.1269775597211,0.2335558168914,0.5193831207974,0.4921102994175,0.5193777289919,0.0865887587981,0.4609291051379,0.4842858036865,0.1844440747950,0.4159127779248,1.0000000000000,0.2102173853690,0.1906439593503,0.6076265870883,-0.1069089601607,-0.1673416516168,-0.3087182943619,0.7629468514480,0.2973529361963,0.3962637525050,0.1530345640071,0.3316223767156,0.5859343800259,0.6760643462991,0.3746446763766,0.3532999270655,0.3269386624032,0.0602289386928,0.2253003112022,0.5238732274600,-0.2426811497951,-0.2895326540550,0.2024336752393,0.2056864634940,0.2681262991674,-0.0891900966144,0.4400223012006,0.0065885908951,-0.3816137325724,0.0917957926995,0.1386728900535,0.2682919703414,0.4065819356395,0.2408815143005,-0.2623452354977,0.2934690338056,0.2071610547299,-0.1793936766803,0.3001930534532,-0.0546694951025,-0.0602036762482,-0.3142577204707,0.2116169480624,0.4033908584887,0.3462219751230,0.2958822812163,0.4772516014684,0.0080863764153,0.1203978489109,0.8568318580693,-0.1320302488057,-0.1861960939641,-0.1159501529276,0.3799226429062,-0.2477743915415,-0.2971968316989,0.6121213477276,-0.0011397772212,0.0852061865258,-0.3696365629562,0.3801790077195,-0.3303530714906,-0.0867709416359,0.6566706426008,0.5339685540335,0.1902164971103,-0.0421227012009,0.3822713448130,0.0987309938859,-0.3032624276018,-0.0795540821470,-0.2060287111053,0.2040370964389,-0.3295113986674,-0.2892539953215,0.0151388507719,0.0648194252725
