1.0000000000000,0.0988520780774,0.6740979180510,0.1129100065304,0.8514940707687,0.3667974706516,-0.2723167644301,0.0226425146885,0.0145279392755,0.0483613719238,0.1798234389453,0.0705902160143,0.0619836683443,0.8253473721962,0.2307939124961,-0.1074112421646,-0.0245705824218,0.2624401924724,-0.3472756061529,0.1141951558957,0.1322314527780,-0.0249505393046,0.0661724574205,-0.0388555616236,0.0600083061070,-0.2337965298530,-0.0695159344105,0.0923918993900,-0.0305187624814,-0.1974477856795,-0.1044086235953,-0.1210263482375,-0.0048168212694,-0.4066243416055,-0.1357910519502,-0.1846183879274,0.1682825824208,-0.1320647777446,-0.0845046064666,-0.4315255293575,-0.1115839777887,-0.1659104340344,-0.4404451627515,-0.4287325008824,-0.1212164796332,-0.2748106274706,-0.0463533318427,0.3817044362278,0.3085128697431,-0.1794874601702,0.8586592962743,0.6315774054968,0.2240128147209,0.4580891031871,0.3506289162638,-0.2439056874560,0.0687582314651,0.1178706146371,0.0296447335179,-0.0401021487899,0.2455245056775,0.0252432510741,0.1427767248962,0.1893533804550,0.7062941681179,0.0778990020505,-0.3597077212125,0.1790548758840,-0.2426537919724,0.0969083861324,0.1995850273585,0.2202218782895,0.0859207896286,0.0778449690687,-0.1564672935544,-0.0457982630791,0.0384945509739,0.2430760349108,-0.2360437643972,0.0413344117723,0.1156244583756,0.2310942379070,0.0774848171465,-0.3831994452651,0.0817701148329,-0.1341203794852,0.1376217243231,-0.0038377575566,-0.1775469515795,-0.0100033112500,0.1388914121894,-0.0579823066080,-0.3096243004558,0.1849382977309,0.3487098479260,0.1399811522432,0.3186461589869,0.2043322227737,0.0617239641440,0.1509479497588
0.0988520780774,1.0000000000000,0.4391531841361,0.3357471378949,0.1420386412288,0.2290070656633,0.1645204117754,0.2421800248521,0.1214047895047,0.0648531940058,-0.1047465187860,-0.0982603833471,-0.0148449801039,0.3003059512477,0.3202776964190,0.0484195030146,-0.0029277423056,-0.1748990172819,0.1797286716646,0.0428080070943,-0.0166221939662,0.0557208594464,-0.3317549227221,-0.1718303641062,-0.0355433097270,0.0970282763912,-0.1515603611361,0.1621489932252,0.1478957357007,0.4532906952474,-0.1308905133237,0.0472534604979,-0.0981380653293,-0.1284282244690,0.0532723619933,0.0765877812946,-0.3658477217059,0.0072912834101,-0.1140003146122,-0.0824832372820,0.1554033850733,-0.1047173011312,0.1105276840179,0.2188649158051,0.1029623580061,-0.1199601459812,-0.1549431689290,-0.1219715417220,0.1635990531967,-0.0528050817612,0.0747662838439,0.3490156219733,0.3449344698940,0.3488332292173,0.0822423190397,0.0669020963566,0.1396101202645,0.2549265135865,0.1396244376678,0.1760839206157,0.0470385575011,-0.0643253706807,-0.1062474781041,-0.0672798791622,0.1997475361965,-0.0507509985075,0.1541354846251,-0.0925609406495,0.2073618590881,0.0944827339452,-0.1008804287899,-0.0840925767097,-0.1803819138204,0.1533919437657,0.1664428642340,-0.0437253314583,-0.2085147713313,-0.0417828031846,0.2754798936748,-0.1303370301042,-0.1443266625238,-0.1359584771868,0.3017141370889,-0.1771417904799,0.1152763858737,0.1067798851571,-0.4103189528723,-0.0694280050193,-0.0262524109294,0.0104969603537,-0.3136363989507,-0.1464649087734,0.1325466393019,-0.0127310071630,0.0623925168499,-0.0068658863622,0.2840510952431,0.2120603211942,0.1519545293870,-0.1188032126712
0.6740979180510,0.4391531841361,1.0000000000000,0.5459156895084,0.6691109888245,0.5661000037213,0.0507799650847,0.3802800748978,0.2851141399436,0.1774522632077,0.1850817816408,0.1502870376614,0.2657070027278,0.6100494904754,0.5320207315052,0.2109605084184,0.1554483361478,0.1874603200580,-0.0737160784399,0.2609408398089,0.2959748922950,0.0131090089548,-0.1513358551478,-0.0300417434808,0.1871028596278,0.0301163228528,0.0053682425989,0.0923358437301,-0.1407351148182,0.0267456771832,0.0031663474278,0.1565608029254,0.1223384409451,-0.2289616290567,0.0847500606478,0.0161721848595,0.0360735039814,0.0525585018644,0.0458771924263,-0.3163540181804,-0.0659323982007,-0.0716580310884,-0.0897859925405,-0.1023597336922,0.0790115813995,-0.2522810580202,-0.0207216629262,0.3874543849031,0.1227556367560,-0.0062111725639,0.7330874543185,0.8244074506977,0.5914185426711,0.7713824948813,0.4262737758229,-0.0087362854029,0.3209529979440,0.3603811973652,0.2556371025918,0.2290022003075,0.2712807387611,0.1533852825308,0.1845885941693,0.2974071101712,0.7551591679791,0.1919355747392,-0.0688969929828,0.2095286797595,0.0304847849420,0.2670501648135,0.1477925927151,0.1424924243082,-0.0024899678086,0.2989755756591,-0.0442056280198,-0.0536671251406,-0.0167327864617,0.1460697481865,-0.1677384532136,0.0373758412969,0.1680033976916,0.2568811592225,0.0210919742112,-0.3522027220195,0.2435526910396,0.1444367052620,-0.1091688060864,0.1652553992260,-0.1114949728788,0.1180469041464,0.0329510507032,-0.0526143635018,-0.0456356988604,0.1013162629887,0.3360388856950,0.2329301456247,0.1417458466102,0.2644970793880,0.1979220213179,0.1628205940033
0.1129100065304,0.3357471378949,0.5459156895084,1.0000000000000,0.2282628610444,0.5994854128307,0.7216637594429,0.2555228517097,0.3540258535699,0.4271504161023,0.2933020590448,0.2915791021879,0.3087914482289,0.1081674744108,0.7916699532618,0.6908135177672,0.4949848440743,0.1457103816322,0.3999841032173,0.1902253970353,0.3502015488831,0.2275134265449,0.0383728343807,0.3041035973791,-0.0049750500629,0.3091778883327,0.1328807792891,-0.1217945734957,-0.1556302399081,-0.0509933544595,0.3524259984474,0.3786321818794,0.2426868681700,0.2948800655052,0.4597139661112,0.3901320092193,0.1054175179148,0.1625343996274,0.4316378564543,0.1698905306109,0.1353596877801,0.2188852427446,0.4677184438287,0.1621880180826,0.1166477405179,0.2022835109502,0.1908697554981,0.2237254908912,-0.1045040853803,0.5016113633157,0.1862945060121,0.3199606430652,0.8080863314030,0.6861437041088,0.5350440048777,0.6480474380783,0.3780266775825,0.1344786099828,0.3582231201087,0.3616459264372,0.3035152547487,0.4397205534407,0.3004135152427,0.2644237886822,0.2375120683000,0.3801937867103,0.6148172582810,0.3341228556423,0.4929167146142,0.2608651311311,0.2766961200531,0.1728351551980,0.2643001939293,0.1903468220309,0.3556784871483,-0.2139485111405,-0.0620790514845,-0.1279419701679,-0.0730507017957,0.4359833129582,0.1387036317258,0.2088320279622,-0.2396978874951,0.2238704933828,-0.0097768787030,0.3528114236200,-0.0647277907242,0.4572335218679,0.3431400144337,-0.0954587027504,0.1380787901540,0.0586014085223,0.0836138537719,-0.0601896076351,0.1663223272909,0.2105870064554,-0.2257228106944,0.2360917300247,0.4246812577044,0.3532429941864
0.8514940707687,0.1420386412288,0.6691109888245,0.2282628610444,1.0000000000000,0.6333244000759,-0.0131797271531,-0.0568582814259,-0.0142290970561,0.2330248393873,0.2596325657699,0.0599706887450,0.0752182192502,0.7406009945756,0.3691680225108,-0.0232152774880,-0.0103469556083,0.0815060249258,-0.2591995580633,0.0116199236822,0.1432377831005,0.1271082035659,0.0028601255136,-0.0199636151189,0.0209973062509,-0.2314640509173,-0.1186359597010,0.0802846457211,0.0351164505546,-0.1211905867532,-0.0718886072931,-0.1556467374815,-0.0530219298614,-0.2772551719760,-0.0767071310472,-0.0935212699943,0.1658617475217,-0.1843316028346,0.0616348784511,-0.3360872351229,0.0619729777258,0.0105690893656,-0.3141557047272,-0.3303245840462,-0.1847970970561,-0.1992023705014,-0.0147600116257,0.4637731645080,0.4819149654623,0.0271361653203,0.7515382110909,0.5274987423166,0.3031262780728,0.6021693606384,0.5795426784268,-0.0664471652632,0.0492727976504,-0.0224759459996,-0.0340362878324,-0.0458380379974,0.3448467248055,-0.0183030073094,0.0747801100056,0.1688407181212,0.5721458809602,0.1390916969708,-0.2433258251960,0.1210307574684,-0.1763476136619,-0.0007630463011,0.0756084988182,0.1757653571976,0.0692203092413,0.0104458926520,-0.1496969184373,-0.1711901352589,-0.0930176608157,0.1606821587928,-0.2169203563498,0.0748997057198,0.0300480381024,0.1672151673115,0.0758869407941,-0.2776872386926,-0.0487894090515,-0.0377562647700,0.1419498864713,0.0633958636238,-0.1052185333542,-0.1105760276024,0.2201065844610,-0.0692174627021,-0.2431257800352,0.1717727066523,0.3322957405331,0.2891578593079,0.3961130095649,0.2497889428589,0.1956479111978,0.1628331162288
0.3667974706516,0.2290070656633,0.5661000037213,0.5994854128307,0.6333244000759,1.0000000000000,0.5175640260053,0.0439120796756,0.0408872603209,0.5251905466832,0.3879520223636,0.1436847781094,0.1991096273336,0.3093772060522,0.6053999612887,0.2840356167704,0.1820293779019,-0.0261557154906,0.0477549050109,-0.0611847373510,0.1025374413773,0.3802012990995,-0.0507323323448,0.1195419541856,-0.1194035302872,-0.1226357359249,-0.1495849365612,-0.0918904985224,-0.0128486848547,-0.1052459877711,0.1026472870149,-0.0523995319039,0.0058170225931,0.0185223627618,0.0613804101156,0.1322402374944,0.0391326880690,-0.1855543506156,0.2312332225045,-0.0200663537299,0.2929124431659,0.2271173147916,0.0142178959123,-0.1161020413460,-0.1943777645622,0.0690088671323,0.0596572188430,0.4282186756585,0.3666446953906,0.3156658423086,0.3531615518809,0.3115175447580,0.5534244875273,0.7537316919309,0.8741543680618,0.4208356928360,0.1019623915976,-0.0377764968086,0.0963013558221,0.0648955493961,0.4799894530994,0.1936936805110,0.1044633249826,0.2186438406685,0.3154389857058,0.2074626814731,0.1916069875377,0.2147505850255,0.0925224612653,-0.0430106661685,0.0420875232215,0.1178801756799,0.1059024412857,-0.0651913597037,-0.0232441278089,-0.3653269694467,-0.2636495594612,-0.1117853999395,-0.1288465054197,0.2570814813047,-0.0154695452348,0.0465405197761,-0.1002016813569,0.0019667621142,-0.2425324284712,0.0420852289269,-0.0074930222584,0.1963594884900,0.0182406189202,-0.2671373495621,0.1762401765949,-0.1241303194737,-0.1667006228050,-0.0014479586011,0.0594695323393,0.4125520416160,0.2228325020820,0.2227931498986,0.2978467745361,0.2725606991720
-0.2723167644301,0.1645204117754,0.0507799650847,0.7216637594429,-0.0131797271531,0.5175640260053,1.0000000000000,-0.1523412250847,0.0111881061027,0.5279346429859,0.1184669070551,0.0250354126835,0.0834761259014,-0.2146579877550,0.6020568325157,0.5662439415235,0.3592175506811,-0.2349649931973,0.4917344247313,-0.1983928602783,0.0989890953844,0.3594851213176,-0.0187001601299,0.2846536867665,-0.2389754322570,0.2265317798679,-0.0506506317630,-0.1719729407979,0.0676874348139,0.0582604323894,0.3548809970492,0.1793127113872,0.0662069339400,0.5087763684269,0.4011674342209,0.4156056192246,0.0412748019600,-0.0312831781616,0.5382510410924,0.3628330405493,0.3701586995418,0.2909125334545,0.6303496008254,0.3164891355950,-0.0256038560761,0.4042812139974,0.2006594273713,-0.0117408558160,0.1272263449247,0.6330742462165,-0.2476595506690,-0.2194961100305,0.4705564509397,0.3765611763536,0.4848168113883,0.8918105324090,0.0221086949684,-0.3071352144625,-0.0164864410921,0.0848211090907,0.1849034050070,0.2006593040401,-0.0099882659163,-0.0336950677805,-0.2843820434225,0.2900919321823,0.7518989637838,0.0250534228645,0.4902490186863,-0.1301743161199,0.0014728109540,-0.0268271015024,0.1655887360332,-0.1314823922946,0.3674947596579,-0.3229420256537,-0.2606894573778,-0.3193019324394,0.1560751933960,0.4203256937391,-0.1908285355516,-0.1067670055645,-0.1915711685974,0.6116090664235,-0.3407396332544,0.3169083045719,-0.0488994918669,0.4254608271251,0.4911115673380,-0.3526476780464,0.2118269276087,-0.0311507133535,0.1341888693030,-0.2036077978427,-0.1132530648802,0.1072456830486,-0.1601603055619,0.0521312852109,0.3038037079263,0.1260927311797
0.0226425146885,0.2421800248521,0.3802800748978,0.2555228517097,-0.0568582814259,0.0439120796756,-0.1523412250847,1.0000000000000,0.7572486087371,0.1210224854149,0.3551586944488,0.3485183685042,0.6150250981092,-0.0154471257504,0.0655419922555,0.2442037311859,0.4134174590018,0.5131079139344,0.1724508772854,0.6970840498345,0.2495230397537,0.0318502948304,-0.0152613666427,0.1304984628364,0.4366730969372,0.3416480697929,0.3902115772337,0.1178629225648,-0.1726841454900,-0.0043945734102,0.1688012368965,0.4273123418685,0.4331206566912,-0.3161902450252,0.0247794653891,0.0656949532154,-0.0439234979300,0.4582627788388,-0.1664604348782,-0.2831945662413,-0.1170648695144,-0.2103455660101,-0.0031020185059,0.1532401851618,0.4456637266420,-0.1645851261977,-0.0715706194711,0.0663818121429,-0.2589994521627,-0.2845886450291,0.2312208676792,0.4709665380504,0.3752421687480,0.3144395266813,0.0920179102728,-0.2016199768583,0.7070761026119,0.8923626027304,0.7334465876887,0.7033865127348,0.2373698289180,0.3635246740626,0.3734483248782,0.4992548952012,0.3547155293374,-0.0774588944490,0.0402314049281,0.4481744102333,0.2459804360119,0.6937963427629,0.2717801095437,0.2554489910736,0.1475282854336,0.6279523545078,0.0101462146378,0.2185608910772,0.3674825587867,0.1314664442266,-0.0842847771736,0.1187895324975,0.3516152918240,0.4128375896731,-0.0799222309792,-0.3720973369114,0.5271729060358,0.0149609126745,-0.2013728043428,-0.0091913063103,-0.2426752336444,0.5403852211920,-0.2122943390698,-0.0783927365590,0.1987224709283,0.0219113699839,0.2343091222874,-0.0454179089432,-0.1039544338131,0.3471929088172,0.0288995754433,0.0116326574564
0.0145279392755,0.1214047895047,0.2851141399436,0.3540258535699,-0.0142290970561,0.0408872603209,0.0111881061027,0.7572486087371,1.0000000000000,0.1502368349389,0.4810482837958,0.4621575499896,0.6499686071065,-0.0620778026502,0.1739293987899,0.5113049546585,0.6548364602079,0.6519040567967,0.4798303402654,0.8277106150161,0.5051438148348,0.0023250286178,0.1957728908591,0.5259666863621,0.5525900597687,0.5080834489807,0.6131879215915,0.0233045334148,-0.2466846809335,-0.2109161341069,0.4911782735229,0.4821500920829,0.5366619594360,-0.2452296723460,0.3042771513973,0.4128200093726,0.2731189051176,0.5913928879295,0.1409475579230,-0.1613502389075,-0.1713708697309,-0.0442876771969,0.1181035821451,0.1610144121361,0.5453008846092,-0.0772633437536,0.0590266231624,0.1470858427015,-0.3963321575070,-0.0254812351574,0.1371815233751,0.3915072891225,0.4687932206415,0.3368085717739,0.1426666362821,-0.0260410734095,0.8464472724277,0.6782307333319,0.8697590220646,0.9472281156313,0.2818546784558,0.4946958107449,0.5128183297101,0.5737064883884,0.1888913763920,0.0822273490691,0.3090396730446,0.6343929726599,0.5853925372014,0.8849244134100,0.5370753734389,0.4185616643251,0.5394846906300,0.7004656655623,0.4116259326014,0.2674840011351,0.4521028340566,0.1475158101037,-0.1656799088495,0.4783622062540,0.4242932234226,0.6045358751288,-0.2295511481992,-0.1665365524108,0.5716346481811,0.1200547584634,0.1349925707469,0.2367405342850,0.0716572944048,0.5550200853785,0.0364933058610,0.0221684932847,0.2324336633101,0.1755189583245,0.3125206281553,0.0925799350125,-0.2408110547535,0.4185513794650,0.2988854292007,0.2589280713622
0.0483613719238,0.0648531940058,0.1774522632077,0.4271504161023,0.2330248393873,0.5251905466832,0.5279346429859,0.1210224854149,0.1502368349389,1.0000000000000,0.5498953683355,0.2078327528694,0.3644594910555,0.0522659474404,0.5507757575683,0.2001093381771,0.4178104120704,-0.0798408832100,0.2516917581908,0.0106680922507,0.1181035555488,0.7489027065328,0.1277401356727,0.2389780551972,-0.0806797507478,0.1977556236089,0.0952858728636,0.0955949872679,0.1793544838802,0.0667612931613,0.1533172287227,0.2343716654716,0.2261928336935,0.1854968831403,-0.0908016556810,0.0982476872007,0.1088565187703,0.0092627387026,0.0971573779034,0.0847309470961,0.6106819253646,0.2186155254508,0.1678474699125,0.1404638627897,0.0074314425206,0.4131729477703,0.1794547793802,-0.0339213319188,0.3447782810561,0.3646420878737,0.0653798886704,-0.0665873278260,0.2644773957101,0.3417778743821,0.6040916084442,0.3412250311857,0.1407045204043,0.0446247902716,0.1470631508778,0.1959660914134,0.7282200927837,0.3602209821719,0.2409321626813,0.2309285393080,-0.0072677146030,0.1250137736806,0.2142793488435,0.2207205562757,0.2154934149302,-0.0065171834023,0.1154003119647,0.3215303524694,0.1779186126843,0.0598498975575,0.1429860724560,-0.2329603651619,-0.0709600863395,-0.0268809288471,0.1556451109223,0.2673017059993,-0.0291767531720,0.1435565908354,-0.0656334100969,0.1095129743881,-0.1806635723530,0.1816441827283,-0.0043176570634,0.0452921619992,0.2131562013261,-0.1506994466784,0.0379292542152,-0.0808230070688,0.0653263846291,0.0634856602191,0.1852950815040,0.0308142876220,0.0664503087000,0.4724849659732,0.3215069809862,0.1634127805097
0.1798234389453,-0.1047465187860,0.1850817816408,0.2933020590448,0.2596325657699,0.3879520223636,0.1184669070551,0.3551586944488,0.4810482837958,0.5498953683355,1.0000000000000,0.6868951721394,0.5797494647932,0.1129740233025,0.2799034636067,0.3376568614014,0.5062264817939,0.4083076259706,0.2779232185295,0.3681452064534,0.3880683186619,0.3163246391896,0.4651774126083,0.4366811161083,0.1171004857583,0.1649729302105,0.2881344734314,-0.0755929438872,-0.1752912790505,-0.3384895782971,0.3205582956478,0.2496469305167,0.3832066043253,-0.1124541267982,0.0875626180153,0.2508111526731,0.3549152505522,0.2022954664057,0.1430671033939,-0.0404168467911,0.1948845167904,0.2753129898874,-0.0126667608753,-0.0972301626576,0.1237668405636,0.1340085916264,0.2045462107575,0.3591732846385,-0.0820677777409,0.2100758963132,0.2237357737920,0.1196973032483,0.3104023851102,0.3817258964168,0.5236806467858,0.1157335589472,0.3866072950016,0.2590282182872,0.5000807550514,0.4626301740656,0.6491297708547,0.6040340906502,0.5784310413885,0.5350992458761,0.1591094550501,0.2010051896150,0.1523110820104,0.5384050842947,0.2954925423802,0.3302636292866,0.4486392434089,0.4813124976871,0.4293775833035,0.1659813198823,0.1183460359355,-0.0317303953577,0.1923816936931,0.0174231004339,-0.2678284508568,0.3866529485986,0.2944506860064,0.4182961974428,-0.2376631845587,-0.0238815838183,0.0558925238491,0.0848079563364,0.2682542902431,0.2423408048440,0.1209709984927,0.0896632647499,0.2123956134149,0.0721953010733,-0.0401527324659,0.1428833896325,0.2334934893461,0.3637698447110,-0.1232841571627,0.4097104621080,0.3629624655631,0.3817853467074
0.0705902160143,-0.0982603833471,0.1502870376614,0.2915791021879,0.0599706887450,0.1436847781094,0.0250354126835,0.3485183685042,0.4621575499896,0.2078327528694,0.6868951721394,1.0000000000000,0.5609471779341,0.0313139853222,0.2763209909934,0.3109941184138,0.5035162893051,0.4620239969120,0.2325847298687,0.3809298666549,0.5709947559745,0.1406477320526,0.6449043172211,0.4003213260411,0.1429946777051,0.3059176898899,0.3750820855280,-0.1785419794025,-0.2250825801175,-0.3341869329665,0.2544259734781,0.3367305789805,0.4307123613547,-0.0379944752652,0.2910692227616,0.2012328038626,0.3254549848040,0.3310080366544,0.2156057306739,-0.0114517419896,0.0142198566892,0.2999031306996,0.1825110033960,0.0141132291813,0.2976298889949,0.1472261397676,0.3209053617946,0.3809904098203,-0.3352421184940,0.2944190426276,0.1522960628880,0.1403162879374,0.3039608557490,0.2899621805745,0.1967595623157,0.0656469045026,0.3461412184824,0.2323671670648,0.4472950493956,0.4068418748518,0.3779002157379,0.6817908046798,0.7309874237378,0.4848323338002,0.1206858283059,0.3005716841669,0.1490543749500,0.4739271388274,0.2293482433887,0.3447059230089,0.5185433539736,0.4720057778581,0.3832930981337,0.2219656375645,0.1450470343327,0.1899102879350,0.2855116014099,-0.0785551682156,-0.3023873745929,0.2442734631429,0.3493583382204,0.3823979272780,-0.2497669740292,-0.0014533512530,0.1636800646084,0.1870192266604,0.2276772604714,0.2734714284990,0.2001628226878,0.1731794129969,0.2014317318174,0.1421247944598,0.0728941900636,0.0279675508320,0.2686364303326,0.3129885651963,-0.3219327687005,0.2567666516980,0.3402423889311,0.4283387004533
0.0619836683443,-0.0148449801039,0.2657070027278,0.3087914482289,0.0752182192502,0.1991096273336,0.0834761259014,0.6150250981092,0.6499686071065,0.3644594910555,0.5797494647932,0.5609471779341,1.0000000000000,-0.0031533871473,0.1914181136704,0.3811920441837,0.7249382776571,0.5640482655958,0.2813624723980,0.6243023206159,0.3791210110616,0.1698243032587,0.1982904644014,0.5016807632447,0.3904092249042,0.5015266834198,0.5206198790002,-0.0658881475324,-0.2018621225382,-0.2516662995741,0.3857016235051,0.5250445754645,0.6307974200942,-0.1136790227436,0.0846993981951,0.2647152882441,0.2456536801481,0.5416743463255,0.1431577259905,-0.1764743478862,0.0262224876831,0.0014582125037,0.1052893133619,0.1761093972869,0.5011585547270,0.0374748264881,0.1443083042808,0.1973578981087,-0.2088947465237,0.0436470935812,0.1349214415192,0.2502284704591,0.3450568212369,0.3329598465423,0.2297496698557,0.0402561333683,0.6571028243929,0.4826592942378,0.6472612417468,0.5977854125783,0.3132309606352,0.5512651879878,0.6602361101861,0.8453742073689,0.1088001174820,0.0718100201081,0.1783327907256,0.7022352732295,0.3097931366674,0.5661717041042,0.3913702746003,0.3241638793016,0.4735645567499,0.4198981136103,0.1526162556007,0.1990145408519,0.3099014266096,-0.0236835719389,-0.1964463785596,0.4446337982376,0.4188734075850,0.5750830692030,-0.3208868550912,-0.1002956320692,0.3026888482647,0.1067668044121,0.1021240982695,0.1358696743173,0.0120687557608,0.3676158042650,0.1000842774814,-0.1217340980823,0.2158845318940,0.0215263710656,0.2186121579806,0.1193713147460,-0.2146625865629,0.2766733096758,0.1595527162090,0.2300204873283
0.8253473721962,0.3003059512477,0.6100494904754,0.1081674744108,0.7406009945756,0.3093772060522,-0.2146579877550,-0.0154471257504,-0.0620778026502,0.0522659474404,0.1129740233025,0.0313139853222,-0.0031533871473,1.0000000000000,0.3143999927009,-0.1128804251294,-0.0928666253903,0.1022300343331,-0.2707837110039,0.0082971150325,0.1196521022218,0.0020680862920,0.0208432886570,-0.1439053932484,0.0186290544672,-0.2218603316160,-0.1929994431566,0.1456381835500,0.0168468935917,0.0305253596115,-0.1496479259230,-0.1072221490846,-0.0553850554299,-0.3377013421245,-0.1079070315246,-0.1653364750395,0.0549129097431,-0.1690731343769,-0.1032120880643,-0.4169498452375,0.0391393042739,-0.0329233682809,-0.3042441628944,-0.3490838622659,-0.1160085858877,-0.2470383028010,0.0015548206672,0.2530654411375,0.3398419504903,-0.0670561937979,0.7227720965303,0.5516999746535,0.1787111538888,0.4002216436932,0.2677198252429,-0.2248377862711,-0.0357279964126,0.0726525630098,-0.0432310796982,-0.0842062622892,0.1760356917373,-0.0935891154581,0.0049266310862,0.0632631334645,0.6788534784177,0.1334418971308,-0.3194588188902,0.0224040281556,-0.2184210158108,-0.0205140557270,0.0770210325160,0.0790988472508,-0.0463359934246,0.0092278257357,-0.1451632435303,-0.1317468786706,-0.0885044187538,0.2069853463248,-0.1306893562348,-0.0887285778463,-0.0623753317088,0.0962351035977,0.1692831138300,-0.3406901123842,0.0220619852609,-0.0828520675272,-0.0030377300678,-0.0219059898989,-0.1297322627598,-0.0941278196883,0.0495130337472,-0.1065052729789,-0.3362848361914,0.0389640466143,0.3046039082275,0.1068372593094,0.3066338647683,0.2054962992641,0.0767703666357,0.0577708392256
0.2307939124961,0.3202776964190,0.5320207315052,0.7916699532618,0.3691680225108,0.6053999612887,0.6020568325157,0.0655419922555,0.1739293987899,0.5507757575683,0.2799034636067,0.2763209909934,0.1914181136704,0.3143999927009,1.0000000000000,0.4883969752096,0.3875496633712,-0.0131623468031,0.2474860472555,0.0441868800269,0.4032726902423,0.3759969769785,0.1017194912328,0.2269962074454,-0.0144718105825,0.2546331839928,0.0701127827676,-0.0218834367575,-0.0233338118282,0.0612639882402,0.2727674404170,0.2965673317705,0.1882870130149,0.2892213611896,0.3556662686575,0.2802849950241,0.1889939041355,0.0476750207728,0.4087905140722,0.1392353072117,0.3004237304046,0.3552276950773,0.4243094792060,0.1334585879649,0.0777260155003,0.2600931573428,0.2592368834208,0.2552264904205,0.1097756893125,0.6426407581826,0.2869076332960,0.2928351343895,0.5955731934505,0.5922872216433,0.5357469250337,0.4423778805980,0.2086283058286,0.0170271032660,0.1678224436828,0.1979903961132,0.3854294213130,0.3442635058588,0.2229900977963,0.1404305639246,0.3482699281133,0.4821039302467,0.3719536030695,0.1780310436735,0.3069629440602,0.0820436261972,0.2389323097893,0.1795165104506,0.1846825623188,0.1462350590826,0.2986752819077,-0.2321481227377,-0.1240167025313,-0.0779066130863,-0.0573866729680,0.2763892429103,-0.0373676796337,0.1555914746594,-0.1030546204480,0.1619976875807,-0.0387876624003,0.3095538061117,0.0140404342690,0.3718908460127,0.3942682378941,-0.1654711148180,0.1803906420616,0.0616724877340,0.0477017899165,-0.0686137733319,0.2681361150340,0.1970634269605,-0.1063792467981,0.3027806385288,0.4860313024599,0.3628614378839
-0.1074112421646,0.0484195030146,0.2109605084184,0.6908135177672,-0.0232152774880,0.2840356167704,0.5662439415235,0.2442037311859,0.5113049546585,0.2001093381771,0.3376568614014,0.3109941184138,0.3811920441837,-0.1128804251294,0.4883969752096,1.0000000000000,0.6483116502519,0.3609726886111,0.6498365416627,0.3883190308958,0.6152088617578,-0.0149159251247,0.1640713224901,0.5234024753662,0.1715694211860,0.4049075902972,0.3328385734587,-0.2460667324607,-0.2933194910886,-0.2152945220649,0.8141607202168,0.4485105681109,0.4476741933458,0.2157575902343,0.7419111179377,0.7742310705691,0.3418826115573,0.3803255099375,0.6230712484930,0.1027102265593,-0.1461011455746,0.1766809446398,0.5894861829694,0.1186888495927,0.2491032644440,0.1572613132649,0.2283436985973,0.3084610689774,-0.3076281329303,0.4517675024289,-0.0650668396474,0.1409988327673,0.6197345372694,0.3875976725761,0.2904905954834,0.5754409295893,0.4550387663724,0.1219223250740,0.5024076056333,0.5396528701441,0.1234533821643,0.4436246680815,0.3377081463127,0.3133505683397,0.0410271314887,0.4287535722233,0.8232003670578,0.4278599876038,0.7793480649835,0.4217176333846,0.4657819740131,0.1855496811032,0.4590890879564,0.2261766167259,0.5589536889968,-0.0366378368702,0.0947287894005,-0.2349324083581,-0.2300316465767,0.6496862941419,0.1929659152850,0.3627655622878,-0.4218514625353,0.4643466673397,0.1725638719992,0.2999278021260,0.2138334340601,0.7797241531781,0.4793608325250,0.1009359798544,0.3324241571339,0.0243526584833,0.0947309377282,-0.0751634835409,0.0431516878984,0.3152409154420,-0.3886127995847,0.0654288373346,0.3309294082128,0.3677376083773
-0.0245705824218,-0.0029277423056,0.1554483361478,0.4949848440743,-0.0103469556083,0.1820293779019,0.3592175506811,0.4134174590018,0.6548364602079,0.4178104120704,0.5062264817939,0.5035162893051,0.7249382776571,-0.0928666253903,0.3875496633712,0.6483116502519,1.0000000000000,0.6277506613103,0.5019800365309,0.6505178968059,0.5275938872252,0.2318227269228,0.3253867695367,0.7200849976810,0.4088670578816,0.6074804674715,0.6534559782934,-0.0803159225646,-0.1993335423939,-0.2914647157571,0.6834373369006,0.6003158865265,0.7171540598428,0.0231110335906,0.3889148822899,0.4660855260610,0.4590386273139,0.5871928145327,0.4260552044218,-0.0002373195980,0.0427991593438,0.0941045615335,0.3681311532438,0.2319254034208,0.5583490216413,0.2274350201322,0.2591467769844,0.1675899973502,-0.2691034127738,0.3217377946435,0.0125759955809,0.1747314530221,0.4996603363655,0.3245995324346,0.2663300722325,0.2912512151803,0.6160966706415,0.2681535741000,0.6144787141554,0.6406941318444,0.2909947293539,0.5709973777133,0.5230580624391,0.5577570509115,-0.0029895195772,0.2422774617201,0.5092584138411,0.6718323212099,0.5842109222232,0.6442296170631,0.4971637829166,0.4208954244462,0.6642717721744,0.5136449866884,0.5463459936969,0.1221467127822,0.3901629789450,0.0036727174367,-0.1059319026636,0.7064110562103,0.3725937505658,0.5577081491873,-0.3900598647642,0.1615518930766,0.3230089452670,0.2231949863568,0.2712037502462,0.3544466424039,0.3256546598108,0.3312134987640,0.2507852837062,0.0445581757058,0.2561767261183,0.1239504238214,0.2435752722287,0.1335071207913,-0.2779782446869,0.3123885483962,0.3338750728396,0.3086298720319
0.2624401924724,-0.1748990172819,0.1874603200580,0.1457103816322,0.0815060249258,-0.0261557154906,-0.2349649931973,0.5131079139344,0.6519040567967,-0.0798408832100,0.4083076259706,0.4620239969120,0.5640482655958,0.1022300343331,-0.0131623468031,0.3609726886111,0.6277506613103,1.0000000000000,0.0571971135604,0.7908166847184,0.4505469438414,-0.1568936454716,0.3258944242222,0.5530802294175,0.5063493247214,0.3170462231111,0.5895484573242,-0.1089132631528,-0.4393184716925,-0.5203233969239,0.4734294413081,0.3778127348563,0.5780090400168,-0.3777117513897,0.2390228453507,0.1811987581970,0.4797998726859,0.5661048508644,0.1875123896087,-0.2549469483742,-0.3628802987383,-0.1233207563352,-0.0885193939346,-0.1343779721035,0.4860175235946,-0.1329144969818,0.0896663347781,0.3335450585990,-0.4203184880280,-0.0872571859007,0.2966138953070,0.4117190091578,0.3717847882692,0.2048232102268,0.0842035594700,-0.1644757855811,0.5676153871701,0.4747304468017,0.6560920423629,0.5508918763509,0.1122061901134,0.4566108194702,0.5157317239480,0.5365256325387,0.2684163644393,0.1677265756412,0.0769481846291,0.6904188219357,0.2081705148048,0.7530683407925,0.5584951884090,0.4124735501289,0.6244590512273,0.4956598465341,0.2109985077828,0.2631942675287,0.5696322882886,0.1175310524019,-0.4140306045290,0.5321710162220,0.5524409852464,0.6022534912078,-0.3767458504812,-0.2079094473248,0.4584545935475,-0.0637819164434,0.3913512021822,0.1759259511210,-0.0002358351288,0.5185497357848,0.2788551393930,0.1106531006082,0.0341024182486,0.1695347142271,0.2964432519696,0.1394347865294,-0.2614225374073,0.1898585448691,0.0675670038943,0.3437936296423
-0.3472756061529,0.1797286716646,-0.0737160784399,0.3999841032173,-0.2591995580633,0.0477549050109,0.4917344247313,0.1724508772854,0.4798303402654,0.2516917581908,0.2779232185295,0.2325847298687,0.2813624723980,-0.2707837110039,0.2474860472555,0.6498365416627,0.5019800365309,0.0571971135604,1.0000000000000,0.2333608444469,0.3601875702768,0.0721448465198,0.1709601783868,0.4789409164449,0.0536123271389,0.4316518691536,0.2436748149499,-0.1892063631939,-0.1404818628618,-0.1031595874642,0.5363346797414,0.3046890870332,0.2966298945959,0.1952681490401,0.3994459459747,0.7889404230001,0.0879443515787,0.2682351352323,0.3231567572589,0.1888325748590,0.1031790282768,0.1806915586120,0.4696575308940,0.2946973328503,0.2227132487249,0.1882987223204,0.1917272804982,-0.0790038102586,-0.2813411563774,0.2833436591670,-0.3690299276701,-0.1387397044157,0.2924363202016,0.1160499558316,0.0572565989086,0.5033185207853,0.2806659304203,0.0603915999679,0.4630378709713,0.6089065560607,0.1304723080838,0.3052282648639,0.2348982140648,0.1232830327280,-0.2923702312929,0.0751679824592,0.7570578137698,0.2196212228024,0.8995609829186,0.2927318938086,0.2752273372258,0.1298817655621,0.3585234219644,0.1379392139511,0.6009452518464,-0.0228871553427,-0.0393133290242,-0.2481544673669,0.0385631980385,0.4610472250930,-0.0073920984214,0.1302559818309,-0.2493874297109,0.4143457596730,0.0110070189859,0.2495282052405,0.0152715620222,0.4193931211725,0.3933653955435,-0.0064431146271,0.0184065310799,-0.1052014349925,0.1671821779106,-0.1007702256262,-0.0745899508357,0.0900129306667,-0.3168225154130,0.1319017174833,0.2867714326803,0.1256214356337
0.1141951558957,0.0428080070943,0.2609408398089,0.1902253970353,0.0116199236822,-0.0611847373510,-0.1983928602783,0.6970840498345,0.8277106150161,0.0106680922507,0.3681452064534,0.3809298666549,0.6243023206159,0.0082971150325,0.0441868800269,0.3883190308958,0.6505178968059,0.7908166847184,0.2333608444469,1.0000000000000,0.4162313211119,-0.0850168926857,0.1981046756872,0.4303896831742,0.7764065733608,0.5467140579776,0.7355961373654,0.0868919134382,-0.3273379388859,-0.2959604336743,0.4711529067458,0.5782986262546,0.6890338261261,-0.3232163379924,0.2102230351179,0.2540637370837,0.3404731944037,0.7922811050574,0.1374666651943,-0.2080662373666,-0.2682366026998,-0.1193988369960,0.0545783047912,0.1753566325661,0.7306625443285,-0.0684776093404,0.0992156188405,0.2350017686745,-0.3854568599837,-0.1186226445259,0.2089967145625,0.4780156732815,0.4294074250130,0.2661362775672,0.0565523565173,-0.2355439795264,0.7682463307449,0.6581122237135,0.7650521539500,0.7543461171924,0.1797352748749,0.4146389464435,0.4848539765425,0.5328991376905,0.2467482795284,0.1334339002249,0.1147760707980,0.6323633052755,0.3638730573909,0.9343848152963,0.4664268893146,0.4074849570854,0.4856218138223,0.7622049843553,0.2868534854597,0.3534329790857,0.6087257694540,0.2489825028048,-0.2349748492926,0.4372344267974,0.5388005951377,0.6868652127470,-0.1832203688533,-0.2608970458748,0.7233918234578,0.0879357279880,0.2052416067730,0.1237666922680,-0.0032787400247,0.7444982691002,0.1075462882615,0.0965671950499,0.2845768578070,0.3186213529718,0.3827508516987,0.1214601761278,-0.1809396543406,0.3621921336274,0.1696469085177,0.1988650585869
0.1322314527780,-0.0166221939662,0.2959748922950,0.3502015488831,0.1432377831005,0.1025374413773,0.0989890953844,0.2495230397537,0.5051438148348,0.1181035555488,0.3880683186619,0.5709947559745,0.3791210110616,0.1196521022218,0.4032726902423,0.6152088617578,0.5275938872252,0.4505469438414,0.3601875702768,0.4162313211119,1.0000000000000,-0.0634584504907,0.4221677812369,0.4593705988198,0.3020034786222,0.4094748700726,0.4673030031654,-0.1606234603712,-0.2951877516678,-0.2367543968851,0.5985272827239,0.3752432609009,0.4707839538999,-0.0961110582221,0.6256627531892,0.4768139315012,0.5186255367512,0.3217384092361,0.3666223517396,-0.1875704626529,-0.2750965749549,0.1385500070224,0.2809556779460,-0.0198980101370,0.2925959854019,-0.0337527684924,0.2654942873901,0.2960191600266,-0.3330209385770,0.3681451691332,0.1757458461887,0.3148063567965,0.3953632639197,0.3114324070278,0.0853730089716,0.1048718083250,0.4003674449733,0.1913754875712,0.4278136070454,0.4711209272682,0.2076932455571,0.4207452279207,0.4362389897614,0.3268047940202,0.2563190251086,0.3502423829732,0.3160454926520,0.3753459753634,0.4646959565268,0.4258378589637,0.6802298403420,0.3957594434520,0.4221617302571,0.4102752131958,0.4923683111654,0.2262721655791,0.3293796588690,-0.1087499654790,-0.3245080559174,0.4039106770685,0.2560346584591,0.5061495173431,-0.3738038824803,0.0321289342633,0.3203014923269,0.1919864886273,0.3845190944007,0.5745963028711,0.3690038950265,0.2189039578906,0.2544285972651,0.0379163459234,0.0731097481994,0.0244054528554,0.2998225019354,0.1966536059684,-0.3439183804147,0.1374069235757,0.3539671359954,0.5161865166903
-0.0249505393046,0.0557208594464,0.0131090089548,0.2275134265449,0.1271082035659,0.3802012990995,0.3594851213176,0.0318502948304,0.0023250286178,0.7489027065328,0.3163246391896,0.1406477320526,0.1698243032587,0.0020680862920,0.3759969769785,-0.0149159251247,0.2318227269228,-0.1568936454716,0.0721448465198,-0.0850168926857,-0.0634584504907,1.0000000000000,0.2218602654359,0.0899459034750,-0.1351238885624,0.1332770030874,0.0398301627084,0.2235240632153,0.4215442804691,0.1791892417713,-0.0149468969366,0.1694704051620,0.1445286079697,0.2032130136032,-0.1494308202531,-0.0732799331094,-0.0088461817567,-0.0770672948385,-0.0248023597336,0.1616375109532,0.6232161594906,0.1527386137436,0.0857315279595,0.1531103659909,-0.0077600095503,0.6262610256960,0.2513883955180,-0.1111456743491,0.3919221987928,0.2110655675800,-0.0071671617714,-0.1432460424306,0.1015325047888,0.1636489371353,0.4742066189928,0.1736669584654,0.0616663328962,-0.0160157407656,-0.0001584527520,0.0446653060288,0.6168300789628,0.2752543778942,0.1652207802199,0.0752892074737,-0.0779896725555,0.0052681250227,0.0691992906055,0.0697576856853,0.0252372602154,-0.0703363590069,-0.0217716887387,0.4759039773044,0.0685018354610,0.0233366308636,0.0883049431322,-0.1853760907122,-0.0986677207214,0.0753652726172,0.2983007064086,0.0842834453729,-0.0976183008142,0.0231130174904,0.0946543403673,0.0239259027536,-0.1724407269064,0.1656726997364,-0.1144663791685,-0.1406973179620,0.0796182400363,-0.1630856359271,-0.0860841503478,-0.0349343347651,0.0501733169698,0.2016422809945,0.2306585314060,-0.0857599639163,0.1774693308375,0.5150742765067,0.2688586274193,0.0191790665128
0.0661724574205,-0.3317549227221,-0.1513358551478,0.0383728343807,0.0028601255136,-0.0507323323448,-0.0187001601299,-0.0152613666427,0.1957728908591,0.1277401356727,0.4651774126083,0.6449043172211,0.1982904644014,0.0208432886570,0.1017194912328,0.1640713224901,0.3253867695367,0.3258944242222,0.1709601783868,0.1981046756872,0.4221677812369,0.2218602654359,1.0000000000000,0.3771736764962,0.0990086262158,0.2822050781269,0.3916243412249,-0.2554260715929,-0.1312808320871,-0.4303985205060,0.2989238477132,0.2516245296154,0.4533510355094,0.1277278481414,0.1756496795724,0.1481774410852,0.3716944862985,0.1700047936631,0.1607933297055,0.1405391310078,-0.0132896169854,0.3110286584338,0.0475752480933,-0.0523650130777,0.1473158851618,0.4147468407946,0.6432880226652,0.1792093513971,-0.2300642726735,0.2622029057862,0.0168736476833,-0.1249173088228,0.0086138920364,0.0086027791259,0.0682865511277,0.0261734305084,0.1170601939486,-0.0959281680130,0.1740644767513,0.1694904995903,0.2953761568427,0.4704351558899,0.5135943338106,0.1700110595405,-0.0441083057459,0.1743204515828,0.0705925297714,0.2672994016301,0.1404410389534,0.1648575617105,0.4524894061645,0.6319366366925,0.3952453905092,0.0988982216212,0.2068424662884,0.1426004630987,0.3194244700357,-0.0684488743077,-0.2611377748901,0.2501415567474,0.1963289678545,0.3537831319099,-0.2425047867903,0.1003593022859,0.0068827923651,0.1816836625246,0.2954186565866,0.1731703329208,0.2458725299151,0.0234843276784,0.1705468116489,0.2182698615646,-0.0422924354158,0.0909875507665,0.2569100016365,0.0876300485690,-0.3188140063883,0.1921708377929,0.2997921690684,0.3461814562613
-0.0388555616236,-0.1718303641062,-0.0300417434808,0.3041035973791,-0.0199636151189,0.1195419541856,0.2846536867665,0.1304984628364,0.5259666863621,0.2389780551972,0.4366811161083,0.4003213260411,0.5016807632447,-0.1439053932484,0.2269962074454,0.5234024753662,0.7200849976810,0.5530802294175,0.4789409164449,0.4303896831742,0.4593705988198,0.0899459034750,0.3771736764962,1.0000000000000,0.2059272058253,0.4382766608002,0.5581728005981,-0.2459971251061,-0.2996674834157,-0.4934752952997,0.6431165960982,0.4170003958816,0.5775660969213,-0.0042259730135,0.3183466752546,0.5112865129613,0.6591353569859,0.3517398296227,0.4379252887258,0.0490629760437,-0.1073227756176,0.0924003147764,0.1950758398090,0.0114467563544,0.3454557662578,0.1649468001889,0.2336106639223,0.1819054057372,-0.3347453881696,0.2913806530296,-0.0801262795291,0.0039132399437,0.3450863051881,0.1637744930269,0.2254222498829,0.2744151052319,0.4298194522207,0.0639524903118,0.5001871482397,0.5387002467376,0.2288650745866,0.5312512568942,0.4900527227761,0.5137743024534,-0.1328053415137,0.2581358559176,0.4547903372126,0.6300337643106,0.5302459173259,0.4768255244050,0.5490079542973,0.3741967413996,0.9148195645263,0.2893210226257,0.5931877628204,0.1228746851392,0.3398859018518,-0.0903885693757,-0.2560183188495,0.7993147211244,0.3541953590446,0.5280636269604,-0.4312673995627,0.2497910376404,0.1643399301426,0.1157972905984,0.5484064248743,0.3467751602896,0.4136102851538,0.1826688286209,0.3580053486952,0.0839393136319,0.0726760464832,0.0754905667988,0.1521182357608,0.1764749511996,-0.3427852179877,0.1867026134521,0.2712977131448,0.4587849592918
