1.0000000000000,0.6688127355275,0.6794667283758,0.4334847321025,0.8499707935054,0.4684354841120,0.3378725671360,-0.0693440110106,0.1304472326859,0.1151613356468,0.2071709518101,0.1176156621544,-0.0626874575264,0.8351843552983,0.3572697271972,0.2427796732007,0.0978421315870,0.1212965527680,0.1210866556457,0.2107397905600,0.0815883288825,0.0929848976950,0.2115691403605,-0.0458780840320,0.2148343941052,0.1481007234650,0.0427319225757,-0.1493813237266,-0.0925737492792,0.1222583491917,0.1649201228584,0.2117437201630,0.2281223441384,0.1839985575781,0.2428297622109,0.3382615595720,0.1756218543088,0.1560766553029,0.2195144115488,0.1673329566516,0.4467443596033,0.3485593835207,0.1286257228922,0.0311425385068,0.0710449570593,0.0889139338933,0.3565817435950,0.2485158558501,0.2889169485968,0.2822758530180,0.6003908711199,0.2494148123667,0.3557376154021,0.5422694947556,0.3385371777560,0.3225106420605,-0.1238608214841,-0.1648573239856,-0.0480190493573,0.1311610326385,-0.1369481682647,-0.1899551841061,-0.2810492007375,-0.1775746486439,-0.0863266618360,0.0263556795941,0.1161207088020,-0.0269513063655,0.0937955640634,0.0504173892225,-0.0615061946368,-0.1781663892962,0.0360102546650,0.0385383919388,-0.0245957737606,-0.2901652383552,-0.1623849859026,-0.1083139389032,-0.1406032235740,0.0564502603434,-0.2442094900745,-0.0138134064804,-0.0998812095241,0.0994381207245,-0.0866181601419,0.1689085261309,0.1198794998565,0.1889430966128,-0.0607048885199,-0.0981472405379,0.0624010539652,0.0419711098899,-0.1140944581773,0.0669048875593,-0.0141521043371,0.1692095798061,0.3629127173995,-0.0493556574981,0.1188833942035,-0.2163122694319
0.6688127355275,1.0000000000000,0.5511609002474,0.3190859861517,0.5138485394838,0.4527828426386,0.1860281601718,0.0082767800696,-0.2219571621657,0.1011952203466,-0.1900553140929,-0.1362919114983,-0.0991712713632,0.7347738571966,0.4069974459146,-0.1027160128307,-0.0164184779753,-0.2300021516827,-0.0834957293952,-0.1020770177124,0.0037756759004,0.0370079254841,-0.1542193261652,-0.2593863119440,0.0341331114007,0.0868589753366,-0.1552555138751,0.0501450726499,-0.1038296461014,0.4738591732628,-0.1815516124770,0.0618386359432,-0.0604219062670,0.1642445187283,-0.0751001400052,-0.0107140399151,-0.0841528348150,0.0186707389947,-0.0800635579701,0.0892094462757,0.3402403108794,0.2169055049168,0.0035768175836,0.2048244811154,0.1689912632920,-0.2007208466171,0.1351417864080,0.1336994247561,0.1653417869407,0.1818516392759,0.3876061080335,0.3648139366525,0.1850098207649,0.3163905208805,0.3530748621491,0.0659402937406,-0.2094136595201,-0.0112959362843,-0.2262833477507,-0.1663398641344,-0.1238608179877,-0.3019290954573,-0.3642364655881,-0.2860856184466,0.2861497340374,-0.0119535459864,-0.2644372253092,-0.3092272023956,-0.1969571909871,-0.1952484246430,-0.2147395859138,-0.3921102527600,-0.2085689161063,-0.2062149363767,-0.2818440964081,-0.0893593231575,-0.2925057753347,0.0347715552696,0.0338021701891,-0.2974235762518,-0.2976243083635,-0.2263910783622,0.1018378112912,-0.2631644966924,-0.0221833604949,0.1071822238974,-0.0621027308560,-0.0880429716893,-0.1650972963615,-0.1218278541803,-0.0805290594199,0.0511811494972,0.0398819255508,0.0137566129882,-0.1069620845296,0.1479847375238,0.2095016716215,-0.0856781156623,0.0425291025256,-0.1612072385146
0.6794667283758,0.5511609002474,1.0000000000000,0.5201598232762,0.6685140546718,0.5974915398153,0.4758133316806,0.1860113005418,0.0732475616021,0.1306639562335,-0.0043269129234,-0.0371326520903,0.0431916280825,0.5681253380785,0.4276360426719,0.3565639389500,0.1812511725686,-0.1249908739998,0.3205553667421,0.3845962850361,0.1874624483124,0.0950072178675,0.1202492730439,-0.1066763693237,0.3677098867837,0.3054458048262,0.0999154421766,-0.0257161427026,0.1026458909422,0.2747120232177,0.2381809482793,0.2889330851268,0.2462588744377,0.2531908587847,0.2718215294529,0.4451869208423,0.0963416722668,0.4096066111584,0.1991977729888,0.2402894854242,0.3067603347326,0.3276405091577,0.4095295117415,0.3129476501458,0.3789545127762,0.1835751609956,0.3218358736310,0.3269306627543,0.3591748403161,0.2896518793884,0.7174147511691,0.5546390345128,0.4021544462013,0.7760116260853,0.4046108862382,0.4447259145792,-0.0312050896175,0.0438559426691,-0.0493676726171,0.0951378408366,-0.2791717874637,-0.2521350778787,-0.3010226043773,-0.3528629973385,0.0231092275919,0.0719541699429,0.1508066829722,-0.1980404661804,0.1961194082991,0.1963929288332,-0.2184704726329,-0.1403551288991,-0.1426335305308,0.1028327710702,-0.1862862152382,-0.1675008997195,-0.2678458366489,-0.2105103509359,-0.0100958998155,-0.1338631840646,-0.4012060867356,-0.0372770844271,-0.0528026279508,0.1571608750828,0.1583742404538,0.1494088837787,-0.1118896034492,0.2911883042754,-0.1166083039392,0.0978918743910,0.0623922071395,-0.0208543660115,0.0962561617850,0.0469077521000,-0.0805317365572,0.2323207996778,0.2852637727405,-0.0607723385560,-0.1294379072645,-0.3208478074940
0.4334847321025,0.3190859861517,0.5201598232762,1.0000000000000,0.3085587178075,0.5377524365158,0.8635602027310,0.0809885112260,0.2071479028598,0.3925360470229,0.1700261274106,0.2877625409106,0.3574410793508,0.4489711991850,0.6898905643596,0.5859271313561,0.4327132135937,0.3330129289167,0.2764762434281,0.1599529565886,0.3517018800286,0.0124639572665,0.2908337362705,0.3882718499402,0.0539119881763,0.2765241750561,0.2575678871768,-0.2770785644355,-0.1519032489129,-0.1695170110859,0.2850622085976,0.3663010942821,0.3245955202790,0.2830703119039,0.3246785977299,0.3766184229076,0.3253063684913,0.1460126954891,0.3237430669563,0.1454208004295,0.1149714200746,0.2797648399791,0.3539319571538,0.0123633584911,0.0791439070849,0.1153986164619,0.2816987954855,0.3560172067915,-0.0506571623903,0.4603599048925,0.4253011047154,0.4747541672537,0.8723680708970,0.7397376831539,0.5050277765007,0.7810314895870,0.1173621355079,-0.0726004720749,0.2424083375125,0.1486879478758,-0.0340882233883,0.3172053844325,0.1954814809726,0.1377384025570,0.1208143357428,0.2974369601563,0.4942088843524,0.2304399315609,0.2709153326918,0.2026630990094,0.0978287379280,0.0345444402677,0.3885009870547,0.1315119340033,0.2090858246027,-0.0615117615732,0.1180934172435,-0.4020008831409,-0.1721340561608,0.2884412324762,0.0500954887908,0.2445921942029,-0.3303331280797,0.2026373721929,-0.0134218689167,-0.0106618737909,0.2169009936290,0.3796257985610,0.2472211167815,-0.0376121524778,0.2683407672608,0.2053450788209,0.0190665899982,-0.1710174406965,-0.1231349566910,0.3054516855874,-0.1651117172352,-0.2174067674135,0.0219793226832,0.2695852492937
0.8499707935054,0.5138485394838,0.6685140546718,0.3085587178075,1.0000000000000,0.5600623164008,0.3051298037064,-0.0543875428389,0.1208120823158,0.1800664889130,0.2631456232651,0.1193084511827,-0.1685017936308,0.6999541316113,0.3226626469924,0.2385731427068,0.0229387741762,0.0311315583265,0.1996465594699,0.2609822304023,0.0520971644954,0.2688185241629,0.2711859256622,-0.1708566913631,0.2315171161247,0.1033697224347,-0.0226275879938,-0.1939163644982,0.0526689828380,0.1780810652269,0.1398786604661,0.1404721710681,0.2139992519371,0.1541029460344,0.2043809190858,0.3536746130965,0.0780119258585,0.1474596790135,0.1190047509979,0.1207839352043,0.4815764888594,0.2437958582420,0.0867567945647,0.0030712239202,0.0545065706032,0.1206072865003,0.3910432186962,0.2309842498547,0.4947407924195,0.1887265623767,0.6427402306547,0.1638732785415,0.2824072018084,0.5539232841826,0.4395241048929,0.1811860960188,-0.1280325259175,-0.1314703962818,-0.0903106705804,0.1652724344756,-0.0125592541998,-0.2821482472287,-0.2896577878633,-0.2981220764128,-0.1172868472993,0.0126720734285,0.0889871641186,-0.0423461778246,0.1286833091563,0.1118699240700,-0.0410025293141,-0.0043579870789,-0.1083595322107,0.0625706173112,-0.0823113945233,-0.2930901542780,-0.2481433504208,-0.0913742744742,-0.0463820435227,0.0491667435571,-0.2400027504990,0.0226949932529,-0.0524739407149,0.0697445296435,-0.0887784479830,0.2164314736380,0.0360458525311,0.1034781468736,-0.1379883612006,-0.0678291278036,-0.0243186431439,-0.0588073550533,-0.1674473059726,0.1258882262850,0.0798937328659,0.1619417868506,0.5392889625830,0.1781346401922,0.0805793961732,-0.3054287549559
0.4684354841120,0.4527828426386,0.5974915398153,0.5377524365158,0.5600623164008,1.0000000000000,0.5313031957386,-0.0833146458901,-0.0490309061258,0.3955786182451,0.0703953112555,0.0891047485769,-0.0455752220350,0.5288660692578,0.6826895183453,0.2299806161489,0.0572447648521,0.0072099461737,0.0757338533391,0.0332904630392,0.1016897410092,0.1370983100729,0.0787351582327,-0.0256111403728,0.0371191020930,0.0146772809836,-0.0386365719900,-0.2605611014008,-0.2452549349904,-0.0343564138531,0.0292476666052,0.1215073607285,0.1404490553067,0.2732577092760,0.1230586641746,0.1988448853154,0.0756244818597,-0.0133123258752,0.1236972617730,0.1702036658792,0.2670994200156,0.3183659680534,0.0771712372974,-0.0695528340549,-0.0146660688612,-0.0879651339064,0.3387084481389,0.5062104193311,0.1392007210978,0.4442790417781,0.3398124004664,0.3662742871506,0.4900193948217,0.6250423181363,0.8861936358484,0.1814202383984,-0.1023578081754,-0.1498646824826,-0.0184647424671,-0.0061856236118,0.2294549283236,-0.1416216091679,-0.1359490957100,-0.1438382775901,0.1148001932255,0.3214227359218,0.1239949166555,0.0151908080288,-0.0151221671019,0.0167678662788,-0.0001179385373,-0.0842598862175,0.0701971411503,0.0054261978153,0.0104356915762,-0.2871914472244,-0.0278299643126,-0.2009546677419,-0.2128550604914,0.0893053763066,0.0285076054904,0.1399138634736,-0.1788369900215,-0.0072384139581,-0.1529141459704,0.2958268489281,0.2032861305186,0.0677810314172,0.0972302909096,-0.1594253936719,0.0808400483046,0.1287820708331,-0.1803203001992,-0.1083961741640,0.1005797192209,0.4955201673267,0.0823074608633,-0.0503165281752,0.2143704773727,0.1266463465485
0.3378725671360,0.1860281601718,0.4758133316806,0.8635602027310,0.3051298037064,0.5313031957386,1.0000000000000,-0.0415663207907,0.1115767372941,0.4572853126983,0.1015011149010,0.1614047305287,0.2559491073676,0.3354901415232,0.6556919488794,0.5923181037836,0.3665379503957,0.3401400102147,0.2628956760242,0.1088413336818,0.2951175796756,0.1309205825971,0.3002002193013,0.4398507659761,0.0746599135723,0.2334148753560,0.3182372523073,-0.3349159125825,-0.0984265920226,-0.2185244419202,0.3555557085017,0.3122712861914,0.3452794265151,0.2763315790413,0.3434330099384,0.3718341058525,0.4194380029423,0.1569971475586,0.4649360036293,0.1624448373756,0.1258098425688,0.1692272341425,0.3338138802312,0.0139610013253,0.0667747855482,0.2346734043418,0.2614302895165,0.2801759974859,0.0598069050229,0.4130373173211,0.3174048406690,0.4781279563877,0.8745239538421,0.7642741222775,0.5283199771949,0.7521686003944,0.0762613017174,-0.1748214196391,0.1504183349937,0.0661776761108,0.0885829552409,0.3173473361585,0.2157061904608,0.2008143679328,0.1417057044177,0.4184924210193,0.5463268193395,0.3596224326833,0.2619118256727,0.1747774505713,0.1880040198713,0.1790474408352,0.4587591641371,0.1701483297275,0.3563321288901,-0.0998463635427,0.1840326469683,-0.4067547352042,-0.1404594658629,0.4622148055711,0.1153158932794,0.4142713299948,-0.3459547871571,0.3270235888879,-0.0272411662069,0.0587861082330,0.3063362114323,0.4184019190013,0.4128716611800,0.0177525360852,0.4296787682508,0.2186028895652,0.0496090915219,-0.0602067936178,-0.0013395088770,0.2544603364677,-0.0842988154671,-0.1078210944524,-0.0260415044389,0.2940172134674
-0.0693440110106,0.0082767800696,0.1860113005418,0.0809885112260,-0.0543875428389,-0.0833146458901,-0.0415663207907,1.0000000000000,0.5464377641507,0.2177181271030,0.1932953561774,0.2096664643699,0.6305219347491,-0.1233900513758,-0.0468205675294,0.1764174339439,0.5943757655770,0.1286419021470,0.5887993952747,0.6601149082027,0.2842045380525,0.2865326580563,0.1465291852082,0.1074112318418,0.4073986579004,0.3842109380695,0.2848833071288,0.4324598797709,0.4131731167047,0.2456097406906,0.2008980817763,0.1525401208446,0.1700884450269,0.1874816738807,-0.2297089041652,0.0804035393252,-0.0550796016183,0.5474388033239,-0.2541852251610,0.2599833904150,0.1214804336935,0.0585494269655,0.3095424225039,0.5493841049506,0.5568016143744,0.1732665840478,-0.0103644297050,-0.1578852260926,0.0587946308191,-0.0756533032137,0.3142143816959,-0.1233779448430,0.0543155241452,0.1427394370018,-0.0428925591180,0.1871344631209,0.4427380473192,0.8100469503913,0.5075972641056,0.5582519793882,-0.1778915809303,0.1700297155306,0.1465677268215,-0.0904190040304,-0.3379321267450,-0.4207915424747,0.0651802588406,0.0774558889075,0.4537657215451,0.6302066474035,0.0462218751645,0.1742258743947,-0.1870119386834,0.4581569391050,-0.2534448473900,0.3926782569559,-0.1095301059250,0.0766852816477,0.2616345182422,-0.2135106375577,-0.3985683524912,-0.0061958321806,-0.0398605002874,-0.0837418555529,0.5920207828259,-0.2247902866341,-0.5374470701541,-0.0354836267698,-0.4317631817135,0.4469518669321,-0.2281974691291,-0.1486221458491,0.4482669193576,0.0901916297263,-0.2886015440242,-0.2498733847259,0.0907716006512,0.1112852501725,-0.3764141274089,-0.2050003319729
0.1304472326859,-0.2219571621657,0.0732475616021,0.2071479028598,0.1208120823158,-0.0490309061258,0.1115767372941,0.5464377641507,1.0000000000000,0.2967672807353,0.6482496853664,0.6582398761164,0.6430056916961,0.0489872099446,0.0172680749733,0.5378182488246,0.6213158766982,0.5318622467651,0.6751190968297,0.6666092238371,0.5018959714810,0.2987715017030,0.5989569114318,0.4909775267911,0.3459016269489,0.4228260834576,0.4661053246748,0.0543372018253,0.2272605050648,-0.2108211581446,0.4506327638357,0.2829971175915,0.4606123522443,0.1582453078311,0.2161538055328,0.4395288263651,0.3077684312694,0.3151046403219,0.0067379722039,0.2242288940082,0.2128182195928,0.2009805792829,0.2328414090397,0.1447434119480,0.1435068148617,0.3513209170588,0.2730623966628,-0.0036297413753,-0.0228081872619,0.1201882416763,0.1725310864738,-0.2632392427574,0.1817799136647,0.2045007378065,-0.0553059835719,0.3437004494647,0.4923991757357,0.4160918245376,0.7348991880918,0.8885753783118,-0.0106439377976,0.4513171264480,0.3857394541239,0.2482075423743,-0.5227863784441,-0.2838978004700,0.4699290975790,0.4341199795432,0.6905098601376,0.7054202395855,0.4537949062181,0.4166383017276,0.3372971807556,0.6575073775293,0.2689007344988,0.1945609225934,0.1459855445836,-0.1702155350990,0.0043429575051,0.2834507299170,-0.1103315576717,0.2874850909875,-0.3819843485290,0.1634897348983,0.2265300240799,-0.1810402678218,-0.0469511819416,0.1514271412274,-0.2223264580439,0.1463215500760,-0.1293120871547,-0.0690178245087,0.1223018326260,0.0342568052024,-0.1150744205134,-0.1332386105965,0.0179863931078,0.0641206359975,-0.0698168338871,-0.0159972594740
0.1151613356468,0.1011952203466,0.1306639562335,0.3925360470229,0.1800664889130,0.3955786182451,0.4572853126983,0.2177181271030,0.2967672807353,1.0000000000000,0.3653820343160,0.4456673128783,0.4037135797952,0.2322778127263,0.5759057795265,0.1994920828718,0.4033569555258,0.2032810034241,0.2838860104957,0.1548771586988,0.4134760334966,0.5800470613567,0.3905971356766,0.2882273252786,0.0708955320750,0.2322489514690,0.2948596906662,0.0174797044277,0.1040024468758,-0.0387020030130,0.0831190464310,0.2022307088812,0.2076908417437,0.3020365595248,-0.0836658811520,0.0422934751011,0.2138822536162,0.0972313965233,-0.0861081916401,0.2743287261534,0.3868773021494,0.2016648857695,0.0439691824692,0.0976407203800,0.0466217370645,0.1946076790252,0.3018424635859,-0.0384137278573,-0.0007655896294,0.3685244053625,0.0553692928715,0.0071396978657,0.3852586830789,0.3154840694081,0.5178863002745,0.1429832016782,0.0615220923078,0.1956518301197,0.3482395498087,0.3508162158923,0.5359781164876,0.4638373288219,0.3295629729495,0.1019108346445,-0.0246776761362,0.1346436233439,0.1309330259493,0.2860556126724,0.2847252892203,0.2868022378717,0.3894286197436,0.4221307971902,0.2795117017256,0.3336409186494,0.2078847066001,0.0320391275369,0.2581971012370,-0.0628692799334,0.0597643420877,0.2295658258247,0.0983176546280,0.3589937214893,-0.2824564443960,-0.1149381540873,0.0047571053078,0.1703646753849,0.1609952728964,-0.0639222407684,0.1211814839503,0.0129099555174,0.0499988739065,0.2402863450731,0.1347695769952,0.0900561223541,0.0869064422245,0.0704362050123,-0.0498384205767,0.2837587778068,0.0886322559088,0.3973092773822
0.2071709518101,-0.1900553140929,-0.0043269129234,0.1700261274106,0.2631456232651,0.0703953112555,0.1015011149010,0.1932953561774,0.6482496853664,0.3653820343160,1.0000000000000,0.7447150838760,0.3827540778334,0.1244377884730,0.0582458746628,0.2941251949277,0.2319400450299,0.4324115339138,0.2321110928871,0.3145158110318,0.1761569647797,0.3477104473839,0.5664738003396,0.2470443611538,0.1026631422417,0.0083253547502,0.2017499401420,-0.1174702770285,0.2542691685099,-0.1782975927447,0.1604507866922,0.0280871256855,0.1750178826913,0.0938414774880,0.2325424650681,0.3079175831202,0.1754888724540,0.0542052670148,0.1509844626324,0.1892980913114,0.4131140766395,0.1882519081303,0.1008979386343,-0.1732566919585,-0.0682616478081,0.2937900908543,0.2636898095655,0.1723049852312,0.1519358457087,0.0789660054592,0.1193851221461,-0.2756551652930,0.1041025737143,0.1751787634709,0.0958154290289,0.1572213594745,0.1807127386238,0.0401759710679,0.3756207239673,0.5502407260970,0.2074538946481,0.3953751748492,0.2541646053723,0.2515672177744,-0.3470514859602,-0.1072364770854,0.2941281343678,0.2518123565227,0.3381745360549,0.2505118213075,0.1759554773083,0.3846371205706,0.2906640306237,0.2418370407799,0.1114105201289,-0.1761491250539,0.1930769493053,0.0037737959118,0.1161709317690,0.1920812306269,0.0142322510449,0.0361873751735,-0.1427447945437,0.1589347937653,-0.1662017122971,-0.1180109744014,0.1780893015936,0.1001892971526,-0.0196659217726,-0.0521840503644,0.0249375705074,0.1202955451007,-0.1918334229932,0.1176051468429,-0.1141674135737,0.0807083702703,0.2397485181763,0.2494511111258,0.2147764795088,-0.0529888579953
0.1176156621544,-0.1362919114983,-0.0371326520903,0.2877625409106,0.1193084511827,0.0891047485769,0.1614047305287,0.2096664643699,0.6582398761164,0.4456673128783,0.7447150838760,1.0000000000000,0.5045613666478,0.1725089436884,0.2278894191032,0.3579804047868,0.3979580461237,0.4343614770529,0.3129904372497,0.2922820427072,0.4880750911873,0.1994595503751,0.6860240226245,0.3245741508336,0.0531043274471,0.2128005989280,0.3072183759542,-0.1234056484294,0.0436485340872,-0.1807094197148,0.2362503224168,0.2845556555921,0.3270903333657,0.2204261185058,0.2842954948419,0.2437056464682,0.3039822989529,-0.0283619951720,0.0487289382429,0.1675864863434,0.2365865402985,0.3092342915818,0.1442698234758,-0.1379092010212,-0.1015917073623,0.1985578242792,0.3537535347045,0.1721010151078,-0.1727696415202,0.3149120377736,0.0065523709994,-0.2148599462658,0.1807774432455,0.1428279234802,0.1389665860251,0.1874152925109,0.2261235292703,0.0822769546482,0.4815505834276,0.5230693323779,0.1492709082369,0.5986003407831,0.4820189865545,0.3021266165604,-0.2908516818436,-0.0554431119553,0.2923873221393,0.2686750619777,0.3152498792477,0.3119859894604,0.3599748293689,0.3482678806840,0.3478154056009,0.3193278329754,0.2131752209942,0.0223804020622,0.3487334162816,-0.1145869756364,-0.0732144676871,0.2110807378237,0.1550852622721,0.2108211829443,-0.2954596795696,0.0638473049364,-0.1329485567052,-0.0903673296343,0.2242829828716,0.0516057154555,-0.0008880574115,-0.1396907023451,-0.0257285461497,0.1944018924741,-0.1321917025979,-0.0393528702395,-0.1151078469980,0.1275298452404,-0.1306075112657,-0.0142010478737,0.1933113935248,0.1877083454384
-0.0626874575264,-0.0991712713632,0.0431916280825,0.3574410793508,-0.1685017936308,-0.0455752220350,0.2559491073676,0.6305219347491,0.6430056916961,0.4037135797952,0.3827540778334,0.5045613666478,1.0000000000000,-0.0397101827918,0.2039223066528,0.4563124513754,0.7968813405489,0.5119551254236,0.5315903467861,0.5084518659269,0.6025137947116,0.2697543833200,0.3946013622147,0.6015963058164,0.2734884796902,0.5027377281270,0.5384347420831,0.1301102759650,0.1183329039855,-0.1274752363985,0.4561352431076,0.4408396010724,0.4989564424816,0.2795376513369,0.0625851567688,0.1915353842082,0.4225603426620,0.4056066743113,0.0776620112020,0.3023791185069,0.1132139393270,0.2287865435815,0.4438691381855,0.2814531982489,0.3294535177551,0.3098889658767,0.2382221029963,-0.0014089231748,-0.1951866869022,0.2627796729091,0.0854557289639,-0.1049511216032,0.2940581024795,0.2258045892743,-0.0018738954415,0.4789672034526,0.3460155872686,0.4348923166867,0.6024861699966,0.5240998329786,-0.0535943550632,0.5513783950976,0.5488933030894,0.4243303499186,-0.3153200492785,-0.1267271574361,0.2856692811095,0.4093230548218,0.4198683613459,0.5080798890836,0.3218571431628,0.3434473260025,0.4057778415986,0.4509232846972,0.1601225321335,0.2693691242889,0.2299008140488,-0.2388024585884,0.0315515364163,0.1949899599265,-0.0564460433859,0.3024748439243,-0.3695112296890,0.1519235077078,0.3148251961881,-0.1319708643422,-0.0297592333241,0.1347929084499,-0.0725514999183,0.1983890061650,0.0457334924169,0.0881922222998,0.3096773267133,-0.0190238413375,-0.1176957438607,-0.0865160039365,-0.2900561453904,0.0067372755710,-0.1563082778066,0.1413120384222
0.8351843552983,0.7347738571966,0.5681253380785,0.4489711991850,0.6999541316113,0.5288660692578,0.3354901415232,-0.1233900513758,0.0489872099446,0.2322778127263,0.1244377884730,0.1725089436884,-0.0397101827918,1.0000000000000,0.5410720118701,0.2433253973421,0.1118792186249,0.0776827306358,0.0854565238421,0.0760333390859,0.1900215927048,0.0971303410074,0.1964953704255,-0.0245617413293,0.0937073538178,0.1526031717423,0.0037852524914,-0.1360897840312,-0.1843651618762,0.2007670713491,0.1274351586506,0.2754175249752,0.2529814569743,0.2641335562133,0.2190368845632,0.2783700134652,0.1745577421295,0.0366995231690,0.1500877893686,0.1661932940373,0.4685971299283,0.3802977253405,0.1160732738169,-0.0063821178927,-0.0085892056611,-0.0033964080030,0.4160814393532,0.2776829229486,0.2156845098135,0.4276083879555,0.4059884391883,0.2605727322187,0.3265438716636,0.4499048128134,0.4081140523874,0.2158947485668,-0.2514857487640,-0.2026908016910,-0.0653108248781,0.0482858542969,-0.0442175495066,-0.1384850893236,-0.1937659922786,-0.1574706584605,0.0430097785234,0.1441443128124,0.0709046899967,-0.0590124953245,0.0183383882437,-0.0292976733019,-0.0137413389372,-0.2000924793040,0.0721662194279,-0.0521953950160,0.0065432185646,-0.2560746813054,-0.1024273559059,-0.0739615866685,-0.1598841886882,0.0468472002274,-0.0965108850519,0.0166976985792,-0.0842173300755,0.0122703749945,-0.1611267497564,0.2342411860469,0.2071874078826,0.1011457224346,-0.0051385855024,-0.1886247639884,0.0447964823785,0.1619835504251,-0.1342924293312,0.0042994368395,0.0354722476499,0.2567048674641,0.2109396499749,-0.0716771771280,0.2213777069424,-0.0600789652690
0.3572697271972,0.4069974459146,0.4276360426719,0.6898905643596,0.3226626469924,0.6826895183453,0.6556919488794,-0.0468205675294,0.0172680749733,0.5759057795265,0.0582458746628,0.2278894191032,0.2039223066528,0.5410720118701,1.0000000000000,0.3270231763307,0.3002150483181,0.1580603659131,0.1241038296018,-0.0191060087530,0.4223015063518,0.0604440325328,0.1903510901471,0.2589521940676,-0.0324410562642,0.2321315756021,0.1543079980968,-0.1790220086459,-0.2162923526678,-0.0321653941696,0.0920509318646,0.3096053192079,0.2016583621871,0.3752171599219,0.1909528216247,0.2621740565354,0.2919469873667,0.0772556592595,0.2728617184046,0.2784875439589,0.2868590622813,0.3435030800488,0.2289325098519,0.0344032503057,0.0233092840816,-0.0802829654428,0.3439340268970,0.4300288526523,0.0298981525870,0.7217103941594,0.1984210899817,0.3814541170228,0.5752489733777,0.4803462290626,0.6662547353778,0.2793773130746,-0.2026254673087,-0.1704518322070,0.0702237334091,-0.0032214210834,0.1065517573828,0.2154279566432,0.1152573509360,-0.0033305691599,0.2248172792542,0.5413999997351,0.1844000264027,0.0923118167443,0.0813039168891,0.0445830924108,0.1054889256939,-0.0567137494526,0.2779116729554,0.0709782914034,0.1825024996120,-0.1134531514041,0.0904339004347,-0.2621179522436,-0.1601227385755,0.1601607680127,0.0548193779590,0.1808802781672,-0.2718019065094,-0.0195071991617,-0.1189850821327,0.2078461868938,0.3573088332270,0.1759056006501,0.3928869814852,-0.0765480224539,0.3277101615069,0.4110897925615,0.0463114991148,-0.2332033449313,0.0428442745942,0.4938551433219,-0.1763470484142,-0.1354598541709,0.1280735999711,0.4034853913516
0.2427796732007,-0.1027160128307,0.3565639389500,0.5859271313561,0.2385731427068,0.2299806161489,0.5923181037836,0.1764174339439,0.5378182488246,0.1994920828718,0.2941251949277,0.3579804047868,0.4563124513754,0.2433253973421,0.3270231763307,1.0000000000000,0.6259261592472,0.5391616046827,0.6732912240299,0.5513557099811,0.5857535169296,0.1388153101106,0.4618006675530,0.5829277644657,0.2387545640498,0.4423294433043,0.4245774599638,-0.2965802340194,0.0022956243817,-0.2377259079024,0.7992361317201,0.4971048169726,0.6743903023410,0.1776152206319,0.6556873328512,0.7918165485003,0.4439540590053,0.3381755595278,0.3931933390562,0.0631799991244,0.0703310081668,0.1399791567014,0.5336194501208,0.0111239584199,0.1179303798423,0.3377900861574,0.3140953526933,0.2924191761970,0.1357128509666,0.3270383435006,0.2518976798979,0.1413701941587,0.5210951481126,0.5318233527418,0.1597709887888,0.6733285954112,0.2365652755903,0.0344764482315,0.4182760423765,0.4392058525590,-0.1774131345082,0.2712168759293,0.2830967348983,0.1600555218161,-0.2683653585244,0.2294249013174,0.8313089212247,0.4350401656532,0.6667476260378,0.5291031263298,0.3435785283451,0.2845009772978,0.4774275721420,0.3756964133320,0.4650173110395,0.0956690234516,0.0920100171379,-0.4998748114152,-0.1688688183445,0.5407919373077,0.0639232921038,0.4141798810912,-0.3855800876448,0.6117245576879,0.1853822673177,-0.0372998716014,0.1993684931426,0.6377884211583,0.1482727200329,0.1623752600296,0.2169575961871,-0.0075148294764,0.0045850970124,-0.0895132973564,-0.0814360643065,0.1606023590543,-0.0504163712881,-0.1343268083961,-0.1022132416917,0.0254174143843
0.0978421315870,-0.0164184779753,0.1812511725686,0.4327132135937,0.0229387741762,0.0572447648521,0.3665379503957,0.5943757655770,0.6213158766982,0.4033569555258,0.2319400450299,0.3979580461237,0.7968813405489,0.1118792186249,0.3002150483181,0.6259261592472,1.0000000000000,0.6213490287745,0.6880934421822,0.6383077007406,0.7063724898589,0.3440779852940,0.4576741598600,0.6593592858096,0.3157048496453,0.6497962205746,0.6187801670719,0.0865872364473,0.0970210976477,-0.1082396206411,0.6296451185784,0.5443161601282,0.6263556586893,0.3298646863104,0.1531930573324,0.3531935397525,0.4979755796134,0.5369484584528,0.1321085563314,0.3204116504256,0.1549417557072,0.1685623106797,0.5116372060805,0.3467837439612,0.3763917877885,0.3588949942966,0.2844910648864,0.0049191224750,-0.0596251846928,0.3303285179495,0.2061361092762,-0.1174058317312,0.3729512771058,0.3228107172244,0.0545447514107,0.5154585395933,0.2622796855918,0.4438276515868,0.5917229957064,0.5231222326248,-0.2055730081351,0.3847351675765,0.3820854374504,0.1048509380278,-0.4247015521102,-0.0495247567700,0.4303879746777,0.4493185944646,0.5764533911452,0.6718237265153,0.3625861506973,0.3589512453732,0.4165191758483,0.5582306247693,0.2837647294707,0.3473539086298,0.1941538755023,-0.3217928475513,-0.0387165843533,0.3383552917081,-0.1646097542351,0.3455983410070,-0.4404112996336,0.2550466383484,0.4289010609890,-0.0825930408067,-0.0134992669710,0.2759332052299,-0.0166785084084,0.3309217657463,0.1146092780029,0.0867848340031,0.3811047099225,-0.0182885175896,-0.1707492469224,-0.0908357027023,-0.1983184195653,-0.0626522894306,-0.2734084250809,0.0850191223129
0.1212965527680,-0.2300021516827,-0.1249908739998,0.3330129289167,0.0311315583265,0.0072099461737,0.3401400102147,0.1286419021470,0.5318622467651,0.2032810034241,0.4324115339138,0.4343614770529,0.5119551254236,0.0776827306358,0.1580603659131,0.5391616046827,0.6213490287745,1.0000000000000,0.2665964664600,0.2577141909418,0.3142857549238,0.1808221598250,0.4613048200293,0.7590002713373,-0.0158472361388,0.1564796202091,0.4253618304513,-0.2373388958201,-0.0700976613104,-0.4898481602233,0.5488716449669,0.2254063673088,0.4880998375314,0.0815052513302,0.2050644363059,0.2519366508085,0.4810150783683,0.0889965352413,0.3653587951984,0.1291266657069,0.0804979587365,0.0525452770139,0.1393214768042,-0.2279543706156,-0.1553095163201,0.3304933499726,0.1670702548963,0.0969959511717,-0.0843575576621,0.1981802532563,0.0381575156159,-0.1195602640942,0.3722897196231,0.1917716559092,0.0288076901284,0.4492506291439,0.1976780825686,-0.0297621792057,0.4998592885260,0.3410027616000,0.0056976480939,0.3971399605365,0.3752754817939,0.4344995961806,-0.2862577685038,0.0463066864811,0.5228743757053,0.7048785696558,0.3470744490754,0.2985055833731,0.3556135579128,0.3791341394392,0.7129368928814,0.2966211862037,0.4751352002786,-0.0548286377722,0.3757419368837,-0.2688230965877,-0.1318050840782,0.6974689942538,0.1695067668020,0.3178292253675,-0.4557535493122,0.3326702659550,-0.0877060572027,-0.1412657618985,0.3188547396277,0.2735683391024,0.2316579355907,0.0148390118719,0.2771787262393,0.1409749623820,-0.0985501404880,-0.0408409246608,-0.0908541714912,-0.0096928196166,-0.1657802673906,-0.1037669966381,0.0249095084731,0.2098803069375
0.1210866556457,-0.0834957293952,0.3205553667421,0.2764762434281,0.1996465594699,0.0757338533391,0.2628956760242,0.5887993952747,0.6751190968297,0.2838860104957,0.2321110928871,0.3129904372497,0.5315903467861,0.0854565238421,0.1241038296018,0.6732912240299,0.6880934421822,0.2665964664600,1.0000000000000,0.7750141472104,0.6197453203550,0.3226265881948,0.4610323874299,0.3690612291178,0.5339332037436,0.6161814869793,0.4814933343754,-0.0180043455881,0.2325286700601,0.0244438167611,0.6455331708691,0.4614315245397,0.5755574364757,0.2355013063268,0.2482957048839,0.5528471290108,0.2787678265563,0.5512528188191,-0.0262480510231,0.1484726580403,0.1473408322725,0.1762551888783,0.4743136654594,0.4236644950764,0.4078363174565,0.3349815671078,0.3276512408712,-0.0432955434632,0.1179022656198,0.1966715441959,0.2808276957130,-0.0557960967611,0.2368939894334,0.3545627983154,0.0074823808641,0.4129248620145,0.3827628953637,0.4826226740256,0.5441420281812,0.7103066777166,-0.1904432255671,0.2082617801469,0.2319690225132,-0.0600175326399,-0.4417633335871,-0.1763312434743,0.5137540891818,0.2897613066282,0.7954629519539,0.7935644984727,0.3840150176835,0.3286333113823,0.1126874272667,0.6668152008902,0.2161468131430,0.3517615914717,-0.0213026036135,-0.3423266964469,-0.0277416353261,0.2146937301440,-0.2263593086442,0.3754584693281,-0.3143577105258,0.2891631509919,0.5174166521769,-0.0860829729283,-0.1986328693112,0.2792379432761,-0.2306916833225,0.3928846479478,-0.1297000571160,-0.1626140175543,0.3268280794820,-0.0110114224296,-0.1109917651124,-0.1547427914149,0.0179969561135,-0.0029645423670,-0.2847209551433,-0.1508007707647
0.2107397905600,-0.1020770177124,0.3845962850361,0.1599529565886,0.2609822304023,0.0332904630392,0.1088413336818,0.6601149082027,0.6666092238371,0.1548771586988,0.3145158110318,0.2922820427072,0.5084518659269,0.0760333390859,-0.0191060087530,0.5513557099811,0.6383077007406,0.2577141909418,0.7750141472104,1.0000000000000,0.4630204935510,0.2565828956317,0.4447198546635,0.2327667098601,0.7185094824478,0.6372762334818,0.5454669794046,0.1839127308355,0.3120163881810,0.1263847958703,0.6255985717789,0.5251508480053,0.5700119819319,0.3858982536079,0.2628038947355,0.4957920933304,0.2824085818042,0.7721164080504,0.0764082378833,0.3831957060488,0.2816050199192,0.3273994518531,0.5901395926082,0.5373820968894,0.6234599786848,0.4481655961950,0.3886948497720,0.0781828784650,0.1993595885602,0.1643091802194,0.3967529019756,-0.1936772452167,0.1279110584299,0.3283969017201,-0.0275326863998,0.3144002996136,0.3531413588190,0.5031437849555,0.4662291493786,0.6582029507704,-0.3064435496223,0.0890515513110,0.1373315640166,-0.1293402043317,-0.6361785890342,-0.2126265529901,0.3617573626980,0.1813940859478,0.6035104772262,0.8367998554918,0.1248889082225,0.2349644119466,-0.0132999938843,0.6874868814479,0.0197994478053,0.3030395787798,-0.0242133868723,-0.1681982199067,0.0404603262396,0.0578808426610,-0.3443125069518,0.2467623535637,-0.1880471348180,0.3597824170328,0.6335134971965,0.0440398763611,-0.2777772788760,0.2684171930254,-0.2754593151281,0.5249611762837,-0.0959557677323,-0.0710904946703,0.4039400613232,0.1465941057215,-0.0948114333228,-0.0831134113022,0.1689384341822,0.0651273894075,-0.2178743963119,-0.3085465436474
0.0815883288825,0.0037756759004,0.1874624483124,0.3517018800286,0.0520971644954,0.1016897410092,0.2951175796756,0.2842045380525,0.5018959714810,0.4134760334966,0.1761569647797,0.4880750911873,0.6025137947116,0.1900215927048,0.4223015063518,0.5857535169296,0.7063724898589,0.3142857549238,0.6197453203550,0.4630204935510,1.0000000000000,0.2241485332639,0.5544465362262,0.5380036020729,0.3224868091809,0.7266998231464,0.5966892870257,-0.0348948574940,-0.0578976337653,-0.0653080784242,0.5683609502649,0.6506944143684,0.6276333571400,0.3010681136161,0.4171154554305,0.4460286745226,0.5519083447210,0.3297281216443,0.0604527636309,0.2282490258245,0.1118335300191,0.3502884165361,0.4843482246387,0.2997554983261,0.2805249715624,0.2747890724142,0.4800313097980,0.0652458649748,-0.1615864967899,0.5990321877265,0.0668839144349,-0.0296978963196,0.2345673139641,0.2213040013810,0.0759721068086,0.3411214512055,0.1452841812197,0.1794997541784,0.3809004794859,0.4060312999581,-0.1233997334355,0.3660455930474,0.3701446067908,0.0834484030083,-0.2604965555514,0.1226662349891,0.3204119385948,0.2138257700604,0.4773943162351,0.4864746752004,0.4355087664837,0.3185021215287,0.3708914858444,0.5172345521304,0.4109393410491,0.3167084864007,0.2538755755941,-0.4229167863442,-0.1750371832741,0.2358714851530,-0.0219484635934,0.4121624197293,-0.4837543983724,0.1645069505075,0.2530342364355,0.0402096889099,0.1879151103802,0.2721510901343,0.0441028993755,0.1150859802532,0.0103198058458,0.1583544517569,0.2778783682928,-0.1079974331336,0.0610189549805,0.0661275661452,-0.3453438256719,-0.1403379143484,-0.0688933709626,0.2363710767337
0.0929848976950,0.0370079254841,0.0950072178675,0.0124639572665,0.2688185241629,0.1370983100729,0.1309205825971,0.2865326580563,0.2987715017030,0.5800470613567,0.3477104473839,0.1994595503751,0.2697543833200,0.0971303410074,0.0604440325328,0.1388153101106,0.3440779852940,0.1808221598250,0.3226265881948,0.2565828956317,0.2241485332639,1.0000000000000,0.4214386467496,0.1507833327424,0.2158602423317,0.2063376510567,0.2566209357778,0.1277882077568,0.4877985619220,0.1149449923469,0.1491491691118,-0.0117917004498,0.1851445879410,0.0658349461077,-0.1029200089192,0.0800744072544,0.0121293900915,0.1557188382820,-0.2342196593132,0.1642339188224,0.4755290723620,-0.0102934570721,0.0050747810116,0.1484546383003,0.1698176924491,0.5246893318853,0.2093576090348,-0.3092814145140,0.3444388006975,-0.0844276784113,0.1408082162119,-0.1269427686554,0.0469310840567,0.2154511566605,0.1134185446922,0.0417215481962,0.1623557988860,0.3116152039160,0.2297014907673,0.3387243959875,0.3129936311915,0.0396939375267,0.0395703238353,-0.0497618942200,-0.1104575836901,-0.2500403841527,0.0838450230570,0.2107522963315,0.2873257966928,0.2840578720825,0.2963592999191,0.6359183573739,0.1324549603875,0.3221489462121,0.1528323332122,-0.0134437430393,0.0897749586949,0.1253509699199,0.3688813920806,0.1921686550094,-0.1811924821909,0.2134281416056,-0.1480057930107,-0.0454581750092,0.0926077066430,0.0288613561135,-0.1386363512958,-0.1276948070441,-0.2355351684356,0.0868061228107,-0.2221588807818,-0.1048346672251,0.1027005455016,0.4297582237973,0.1227541252475,-0.3473937152465,0.3926233328594,0.5330814934570,-0.0420567939084,-0.1607667112278
0.2115691403605,-0.1542193261652,0.1202492730439,0.2908337362705,0.2711859256622,0.0787351582327,0.3002002193013,0.1465291852082,0.5989569114318,0.3905971356766,0.5664738003396,0.6860240226245,0.3946013622147,0.1964953704255,0.1903510901471,0.4618006675530,0.4576741598600,0.4613048200293,0.4610323874299,0.4447198546635,0.5544465362262,0.4214386467496,1.0000000000000,0.4328823155453,0.3238980505577,0.4842259610579,0.5487179401479,-0.2537515557376,0.2023576304395,-0.1914632229326,0.4243315866808,0.4497323235346,0.5524343779211,0.2831709040134,0.3579818435318,0.3569441578218,0.4365873520201,0.1583891495674,0.0878082525255,0.2301308189035,0.3215471385433,0.3580344708457,0.2487840822031,0.0405112553394,0.1190907743690,0.5497318902426,0.5921444547259,0.0188781597632,0.0240603324584,0.3103709654953,0.1608240538743,-0.0483311113404,0.2307572409695,0.2783477441140,0.0188167268243,0.3107926734697,0.2183915502026,0.0502306998391,0.3918463862369,0.4792221285015,0.0169259822713,0.4045621968802,0.3560387077819,0.1468069966912,-0.3199472716104,-0.1111154831079,0.3576250821649,0.3117989219383,0.3858406439547,0.4074865827372,0.3891765703402,0.6318370950942,0.3950771770759,0.5048900079091,0.3490322759273,0.0396584922096,0.3548014369491,-0.2651345113884,0.0216680910547,0.3654758218629,0.0431903215592,0.3834310364649,-0.4796783890875,0.1380287531021,-0.0168462061691,-0.0307515683980,0.1832906697729,0.0839895234053,-0.0520400632601,-0.0360994682744,-0.0560653364621,0.0947527556525,-0.0299047479160,0.0845235682581,0.0736048372750,-0.0633069589967,-0.0082508431540,0.0438110369303,0.0742083624277,0.0072537098759
-0.0458780840320,-0.2593863119440,-0.1066763693237,0.3882718499402,-0.1708566913631,-0.0256111403728,0.4398507659761,0.1074112318418,0.4909775267911,0.2882273252786,0.2470443611538,0.3245741508336,0.6015963058164,-0.0245617413293,0.2589521940676,0.5829277644657,0.6593592858096,0.7590002713373,0.3690612291178,0.2327667098601,0.5380036020729,0.1507833327424,0.4328823155453,1.0000000000000,0.0338011431881,0.3934357311146,0.6004518522783,-0.2124631418865,-0.1402783958232,-0.5531772120682,0.5395951892168,0.3456457968198,0.5230991733432,0.1217385436696,0.2609452624147,0.3590850072413,0.6373450158051,0.1775867350467,0.3660609598192,0.1431981850543,-0.0622852937919,0.0287685646247,0.2431449672681,-0.0317237407407,-0.0230139801871,0.3115817685789,0.1623180070777,0.0788353865529,-0.1650424375850,0.2844819081189,-0.0899393217345,-0.0068797075325,0.4028901347747,0.2068237094246,-0.0003696162684,0.5289520827388,0.2944060866577,-0.0118747881820,0.4875816930458,0.3224486045334,0.0177087661192,0.5116657041202,0.4773474963767,0.4816238358557,-0.1875034695631,0.1965380108708,0.5497962239450,0.6769649107154,0.4460005310618,0.3849320459677,0.5039088392225,0.4335897483064,0.8712425398165,0.4325414702957,0.6419118854262,0.1707353491444,0.4442477675837,-0.4367015086697,-0.1973835115559,0.6988120537177,0.1885489599067,0.4895016062063,-0.6086337669311,0.3510859724337,0.0740330359317,-0.1249499288599,0.4177102264594,0.3735077460423,0.3303858001386,0.1281111121916,0.3338163475937,0.1673862227065,0.1425435960956,-0.1244192497701,-0.0055514613624,0.0308427172065,-0.3710320744474,-0.2013295522761,-0.1191789679241,0.3738798039618
