1.0000000000000,0.7728120386697,0.7241300163452,0.2636110808676,0.8634842958551,0.5398141657469,0.2453915346148,0.2239073460486,0.2319970898760,0.2670757694812,0.2968871177099,0.2148205647448,0.1448602384372,0.4796405524935,0.1508002606809,-0.0460152332037,-0.0999637306541,-0.0122742194050,-0.0017276477557,-0.0882573497982,0.0841058893603,0.0700813921256,0.1007634851919,0.0500587875699,0.0837627507460,0.1248865206915,0.2632973039624,-0.0575475637937,0.0318515337387,0.1919933074791,-0.1337318279855,-0.0507544904727,-0.0573911773993,-0.0185126187284,-0.0839107132985,-0.2461270596997,0.2588166182672,-0.0008367587937,0.0859144968616,0.3965797062852,0.3938013681733,0.4338735181743,0.1968770777613,0.2064575323709,0.0962448566682,0.1375263171911,0.3528642466985,0.1813887350311,0.2169711439458,0.3445912442706,0.6960551322232,0.6267624165612,0.1177071832826,0.6325238089100,0.4223266204456,0.2830864396740,0.0182140247939,0.0514359845431,0.2287253472740,0.1655374054614,-0.0396411954117,0.1657244770486,-0.0264627310631,-0.0598075654237,0.1556008680499,-0.1310812775254,-0.2500431044536,-0.0983076206255,-0.0529490324723,-0.2461969476029,-0.0802857236973,-0.0440432072994,0.1208445049361,-0.0165438569795,-0.1576117317989,-0.3361780985140,0.1197005003232,0.0512309024829,-0.0384022818215,-0.0981365165162,-0.2023111411993,-0.2055808558226,-0.0978018304003,0.0149393043913,-0.2355866952339,0.0483412028256,0.0953058085119,-0.1867467988536,0.0013417105697,-0.1707545450934,0.1013381578475,-0.0407939980992,0.1204680750662,-0.0121014189024,-0.0780768238149,0.1555540501208,0.2047806663034,-0.1002546283664,0.3744892082686,0.2148956556885
0.7728120386697,1.0000000000000,0.7078597491114,0.3572397904414,0.6802296795373,0.5096464949939,0.2938521137527,0.1854984752241,0.2012114651273,0.2525082362848,0.3362487824133,0.2114984205684,0.0910773048861,0.5698173949807,0.2201093786149,0.0183901874290,-0.0787818308164,0.1043763368393,0.0811626891635,0.0187055128072,0.1198888456622,0.0842562708366,0.1890920364819,0.1834673255890,0.1030905683802,0.0256908496524,0.2297606643449,0.0457276229280,0.1655825347058,0.2766108946220,-0.0431450709177,-0.0655535114787,-0.0114857556854,-0.0444811896798,0.0914499180160,-0.1853898378326,0.1637046606208,-0.1217681590810,-0.0054039057034,0.2868392913360,0.3127834283665,0.2706916878971,0.1341267382319,0.1215599174108,0.1069829743813,0.0390498278045,0.1649270567869,0.1300423009722,0.2049023992235,0.3056331385473,0.5107432874000,0.6270023118667,0.1885467562448,0.5847199522071,0.3403537735450,0.2729369758777,0.0166570787205,0.0152196259682,0.1690104832604,0.1095510584449,-0.0652796716405,0.1577025855290,-0.0848108448774,-0.1015685356121,0.2880773683869,-0.1624212117212,-0.2016205939293,-0.1225618433150,-0.0706504286803,-0.2016184825518,-0.0502468272315,-0.0192995102180,0.1136835618729,0.0285910553609,-0.1044426130327,-0.2339750494099,0.0550596183595,0.1046300108091,0.1423428793513,-0.1016058388674,-0.1996700773221,-0.2025609857581,-0.0354576712592,-0.1464641930881,-0.2021448737274,0.0175974024298,0.0008092763275,-0.1185200692225,-0.1272073435390,-0.2386280080745,-0.0070647867328,-0.0127580296895,0.1004301808960,-0.0374782576000,-0.1538724816124,0.0854637300302,0.2807554332539,-0.1103699431582,0.2537701927895,0.1619645916180
0.7241300163452,0.7078597491114,1.0000000000000,0.1755158210194,0.6830422155652,0.6081639811709,0.3124038373661,0.0722954912405,0.1877939602977,0.1756664807265,0.2078371472342,0.0941961360783,0.0403266988872,0.3933829198879,0.0328046599497,-0.0017813625983,-0.0798129238967,-0.0071595965943,-0.0207976498616,-0.1106915685331,-0.0378249774924,-0.0007322908136,0.0596916864006,-0.0089699366438,0.0863126850708,0.0951627870066,0.1294527038618,-0.1002081070727,0.0011663348200,0.1078405450446,-0.0528155777627,-0.0135936536442,0.0197924252518,-0.0391989648531,-0.0598010201109,-0.1274715073956,0.1316328069543,0.0417375886028,0.0204759784606,0.1916695857100,0.1522460787190,0.2561668082113,0.0050131248278,0.1600027981217,0.0264790603969,0.0990844172410,0.1705643136999,0.1871500020961,0.1601884269456,0.1776883438345,0.4982028149130,0.6082436818328,0.0420234740782,0.7572146065209,0.4168975138666,0.2625636892086,-0.0758799083680,-0.0074141546176,0.1671241903663,0.2162001960888,-0.0909806970130,0.0622444331464,0.0344416878428,-0.0305171418482,0.1881699079014,-0.1389715684835,-0.1064786074717,-0.0625242859797,0.0025758939444,-0.1885695372738,-0.1012367813080,0.0086492772298,0.0187985100304,-0.0081501111614,-0.1378368713741,-0.1886180197543,0.0229832445175,0.1205238372990,-0.0240447941771,-0.0243494558139,-0.1335919308220,-0.1519678465697,-0.0171103102379,0.0100622659528,-0.0854294352508,0.0858974697488,-0.0465503765881,-0.0984198567215,-0.0393368883079,-0.1694416308487,0.0593543229135,-0.1224497632812,0.0447655070077,-0.0725119539843,-0.0389801848584,0.2252916947678,0.2156704428598,-0.1034722664569,0.1870947402490,0.1559536704185
0.2636110808676,0.3572397904414,0.1755158210194,1.0000000000000,0.3857748375847,0.4300427091662,0.7305665081701,0.2694593780209,0.3134845242185,0.4288356783164,0.4933074489269,0.1873705750659,0.1796621546225,0.4549716609561,0.6605447385639,0.5025075336199,0.3498317347608,0.5220448173218,0.4317790011269,0.3556757193634,0.3579444672582,0.2551999003165,0.3508845667909,0.5616677277176,0.2364653175457,0.1490395343640,0.4846555254166,0.1668662616497,0.0410233081506,0.4115971525400,0.4720086630924,0.0023650379164,0.2720665633914,0.0174348485566,0.5159341027779,0.2637278431755,0.4319081899942,0.0782972664829,0.4138741177698,0.3337653951412,0.3253235293080,0.2624549457758,0.5454998163296,0.1436549638720,0.4047793178884,0.1572544874319,-0.0321467908106,0.3856925454552,0.4620466260082,0.5177250315770,0.2436786240715,0.0635730226943,0.5964711910546,0.2624720667730,0.4993110715381,0.5923368057288,0.0252790651615,-0.0655678732652,0.3256475972682,0.0857435370374,-0.1186144654062,0.2973157174248,-0.3687599716818,-0.2137197369997,0.0505589675037,0.2020852113322,0.2506925551735,0.1455146891958,0.0519135032898,-0.0245537342798,-0.1611380442034,-0.0242508404825,0.2779302448524,0.0935151250412,-0.3192464813632,-0.2168417016045,0.3532812521745,-0.0971188438577,-0.0417905195781,0.1464639974575,-0.4638649437004,-0.2544575893828,-0.1683026983160,-0.0847847571914,-0.2977096730221,-0.4484728719175,0.1440425095899,0.3149894514046,-0.2597095848612,-0.0164166350286,0.3679106521672,0.1263211271602,0.1425945929182,-0.0068919300742,-0.4872600736152,0.3133601108497,0.2815257639620,-0.2531752782061,0.2058493418668,0.2297270730642
0.8634842958551,0.6802296795373,0.6830422155652,0.3857748375847,1.0000000000000,0.6230741502425,0.3788845033074,0.2103901747467,0.2315736950512,0.3384334063275,0.3220251223123,0.1977398083642,0.0955767273840,0.4756170321748,0.2366573000784,0.0308818980494,-0.0242587034154,0.0815196381257,0.0668296619815,-0.0073626266418,0.1089425909750,0.1565243268316,0.1208908795174,0.1572185962471,0.1059545772369,0.0528815495770,0.2353823187920,0.0183300406964,-0.0035840477566,0.2068306368001,-0.0085507748090,-0.0619137144571,-0.0041128857476,-0.0507124294231,0.0000794387408,-0.1759483783441,0.2642607640549,-0.0293663755975,0.0907652180589,0.2713510968527,0.3194405807849,0.4104117232722,0.2294984551870,0.1241297601278,0.1032476316327,0.1350493514452,0.2389648925945,0.2082573905205,0.3024878620692,0.3590231914293,0.6898183695589,0.4941257827468,0.2384522880739,0.6632600074657,0.5649195836640,0.3914829131424,0.0374978786886,0.0583672015356,0.2409079551909,0.1778974640693,0.0376942017395,0.2428511621002,-0.0398971469926,-0.1269005888100,0.2002498036239,-0.0708710487972,-0.1314918809292,-0.0441799004197,-0.0016244931399,-0.1735974912768,-0.0886323791674,0.0459420686551,0.1810826908204,0.0226608723848,-0.1742549796332,-0.3274725776951,0.1520910147257,-0.0353965248791,-0.0340306386203,-0.0251378731366,-0.2357950906331,-0.1902323890475,-0.0802858397935,-0.0000224068167,-0.2277037190446,-0.1062596004908,0.1156068180746,-0.0904474781980,-0.0650372777738,-0.1929367748470,0.0992922860598,-0.0295695777352,0.0406313828857,-0.0125195729866,-0.1433306005159,0.2062113365840,0.2404855372832,-0.1023893699955,0.3797538665636,0.2448488952409
0.5398141657469,0.5096464949939,0.6081639811709,0.4300427091662,0.6230741502425,1.0000000000000,0.6083479546657,0.2657582096878,0.4248055702030,0.2603944257926,0.3771552436531,0.1358428069579,0.1838003194878,0.2649604988307,0.0531212140281,0.3205379808677,0.2236869410658,0.2064582575660,0.1342439752681,0.1391296312097,0.0740261749842,0.1864236240036,0.1312779821960,0.2086121607958,0.1842148079243,0.2615268039554,0.3000101807481,-0.0616650798758,0.0655673040597,0.1478039583683,0.1078958417466,0.1117470564885,0.1958086708312,-0.0340858257595,0.1136189992562,0.0974966792469,0.2923370443612,0.3058836902024,0.2802950424865,0.3224259347384,0.3064572526806,0.3042953480122,0.0750763916891,0.2880868386036,0.1628353092144,0.3351995352160,0.1863994848010,0.4982380649478,0.3358802219254,0.2892792945436,0.4748934173202,0.4046504498226,0.2817088629320,0.6949314166158,0.7910860999331,0.4315112197733,0.0748802128782,0.0985909599557,0.3853087195276,0.3859482112785,-0.1045622187142,0.2088087478803,0.0297824941091,0.0774091621387,0.0034222516070,0.0008473125601,0.1161273508044,0.2525862436672,0.0723252523853,0.0838127247649,-0.1122631633129,-0.0425899803544,0.3029620332312,0.0289241594739,-0.1802573202984,-0.2145297302369,0.1268766648475,0.0705551257775,-0.1104318384004,0.1756702388858,-0.1841192337784,0.0011094999268,-0.1985605690803,0.0114599235153,-0.0610960708378,-0.0484756540097,0.0245324427780,0.0758873031697,-0.0538976495490,0.0515965967258,0.2702168792379,-0.1101175066447,0.0232355675918,0.0030161791972,-0.0934598983154,0.4730878322385,0.1956881046635,-0.1236975914148,0.0675038469798,0.3094158847388
0.2453915346148,0.2938521137527,0.3124038373661,0.7305665081701,0.3788845033074,0.6083479546657,1.0000000000000,0.2441628864322,0.3848943334296,0.3671458639788,0.3137232328463,0.1132262983472,0.1565087326890,0.4046010270266,0.4165733638282,0.6412428450671,0.3533753890455,0.4232574115282,0.4018836578374,0.3356276777558,0.2149062383904,0.1561388413814,0.2002602789958,0.4360001909935,0.3106138355892,0.2521025231477,0.4248821844468,0.0360154470281,0.0460537443208,0.3611681708330,0.5656784874806,0.1230393479741,0.3260394403721,0.2632068347079,0.4735765134380,0.3950168010890,0.4694803805009,0.2731252650176,0.4702563398040,0.2512370005864,0.1773217572373,0.2051561457993,0.3049446449268,0.2015895148483,0.4897673639669,0.2382150434404,0.0250228338476,0.4143641271541,0.4284351190656,0.3795021779994,0.2288277051541,0.1142224163936,0.3823374865538,0.4249240799825,0.6294357899715,0.6371510994310,0.0650393037794,0.0640840465656,0.3117933157917,0.2605195826816,-0.0642792249951,0.1711383691343,-0.2521383721144,-0.1614064489401,0.0045042012661,0.0828866479035,0.3663959017418,0.1649141033022,0.2585480961421,0.0928450051037,-0.1490853977555,-0.0606993534891,0.3117303827617,0.2439904227310,-0.2488432864212,-0.1535478685802,0.3024890485578,0.0220056928468,-0.0340040583060,0.3025069678162,-0.3012613211893,-0.1081271632379,-0.1295790157393,0.0295196494791,-0.0003696710129,-0.1741069302238,0.1962216983594,0.5035840144085,-0.2359713376894,0.1973459183045,0.4102216034437,-0.0053734437927,0.1456938381082,-0.1018986301695,-0.3021718315431,0.4514174218295,0.2504887298740,-0.1585204933944,0.0818328627045,0.1512160238262
0.2239073460486,0.1854984752241,0.0722954912405,0.2694593780209,0.2103901747467,0.2657582096878,0.2441628864322,1.0000000000000,0.7613985365545,0.5063265143564,0.6266731949029,0.6594733997429,0.6229838219567,0.3306642913213,0.2664106393587,0.3282063001812,0.6461155756148,0.4950052440990,0.4452097617354,0.5467655187362,0.5340098531516,0.3860464318482,0.4257131197102,0.5142912516719,0.4657377882187,0.3633068329648,0.5022087265043,0.0272781737606,0.1225265602920,0.2677695062463,0.2303767230764,0.3173242021477,0.5331978390602,0.1082805088106,0.3048716797017,0.1399659866478,0.3147417610296,0.2311960824913,0.0825774739784,0.3533591327359,0.4170684941030,0.2936176265295,0.2242445879692,0.2913462834451,0.3898975496785,0.2306887026379,0.3844670061184,0.0609735317760,0.0738467886224,0.4720548831390,0.0650322966982,0.1400827227243,0.0311643968018,0.1312492663540,0.1446465326137,0.0487913708675,0.4572328740341,0.6691438371231,0.6468827315311,0.5733394797177,-0.0069339120202,0.5218833815348,0.1830136961532,0.2638947598258,-0.1041768365777,-0.2560652746853,-0.0114751952375,0.5239241582824,0.2636117015514,0.2726101347847,0.2303638047149,0.0759980530734,0.4797540597209,0.2998173856039,-0.0044821983272,-0.2269845424429,0.2397037886208,0.0439971471540,-0.0330720145485,0.3681734972771,-0.1586672042791,0.0801587647429,-0.3512606760067,-0.1813053358787,-0.1627476558425,-0.0907697880139,0.2017786969145,0.0170178348480,-0.1910605136363,-0.0506797234948,-0.0408382103845,-0.0990043719566,0.0943874073191,0.0477447010707,-0.1246708251854,-0.0737289290307,-0.0982768694647,-0.1663452173976,0.0566837301726,0.1285006201078
0.2319970898760,0.2012114651273,0.1877939602977,0.3134845242185,0.2315736950512,0.4248055702030,0.3848943334296,0.7613985365545,1.0000000000000,0.4409219215833,0.5431770602253,0.4757440987695,0.4627616802565,0.2905698128167,0.1611532269209,0.4670887909862,0.6602096864042,0.5481270225089,0.5390227096671,0.5899917445789,0.5154439244973,0.3097055390487,0.3931230253189,0.6105399078547,0.6024229025115,0.4870697533102,0.5533893812064,-0.1653588912470,0.0215752774498,0.2044245872470,0.3222041464083,0.4008905123664,0.5858151306938,0.0277359424716,0.3975164993627,0.3354953612727,0.3618021466439,0.3891693230156,0.1434800593563,0.2996035049778,0.2797508447001,0.2806897498784,0.1198527151485,0.4282999361685,0.3451937086645,0.2426528348582,0.3145904536556,0.1216705359199,0.0638242023750,0.4374551351228,0.0620164928836,0.1462210487328,0.0804396080378,0.2675708935532,0.2499098470982,0.1477122705335,0.3102420406141,0.4999121001937,0.7966001370610,0.8557852181003,-0.1485504616629,0.4178207704148,0.1211894210269,0.1774258550472,-0.1015287667150,-0.2318815322741,0.2002185397235,0.5783628765801,0.4666883015084,0.4728613905173,0.2047970523624,0.0461918245633,0.6333306291502,0.3922062058670,0.0518559305169,-0.1302676932365,0.2810750870220,-0.0015084184303,-0.1422268136325,0.5282630422945,-0.1593476735695,0.1229693007670,-0.4104161806838,-0.1298815952896,-0.0542966872910,-0.1050652289722,0.2324287115270,0.1401597781169,-0.1773543664712,0.0651849780236,0.0156501599632,-0.1871557391137,0.1912419836283,-0.0622994114161,-0.1475484631895,0.0029675275688,-0.1679188282752,-0.2907596158753,-0.0238558534665,0.2009873148801
0.2670757694812,0.2525082362848,0.1756664807265,0.4288356783164,0.3384334063275,0.2603944257926,0.3671458639788,0.5063265143564,0.4409219215833,1.0000000000000,0.6433696152823,0.6373219392497,0.3957095932822,0.6463634073037,0.6410532645295,0.2996524168162,0.4411785551748,0.4469784861871,0.4544032061513,0.4374442197889,0.6311252337718,0.6576587002780,0.5369803048860,0.5447401134684,0.2686455410356,0.0525075731487,0.5172606976650,0.0514957158045,-0.0349837014393,0.3297810915255,0.3880551121130,0.1471749166620,0.5034117515937,-0.0217858299306,0.2893508185456,0.1529412990991,0.4220423748718,-0.0298079206351,0.0515636311864,0.2020039408938,0.3393631720982,0.2814245890991,0.4320001166336,-0.0001841421304,0.3907679977697,0.2945607903636,0.1725546930350,0.0028656858719,0.2560614041855,0.6965180683242,0.1523114407712,-0.0221397238754,0.0509216934350,0.1755056639022,0.2278336097092,0.1707653746782,0.2924677039644,0.2833677619832,0.3682231849243,0.2905798836821,0.3507368733100,0.5066724344866,-0.0067537536041,-0.1403608697669,-0.0457684410142,-0.1775311410125,0.0421004475869,0.2182541022607,0.3197361219979,0.0170103250562,0.2534437215027,0.3086846441713,0.3736523698426,0.4444654349066,-0.0074225048193,-0.3852724546569,0.3184562659648,-0.1884300337489,-0.1080513183007,0.2899041057873,-0.2979040114535,-0.0599988785199,-0.3713338893938,-0.1633247301839,-0.2779782308086,-0.3489696117374,0.3728996976131,0.1696030883322,-0.3687108160855,-0.1223831466418,-0.0276907888013,-0.2553508941336,-0.0680412989550,0.0615803130114,-0.2865050627542,-0.0516878172325,0.0419440654621,-0.2193930905036,0.1831595654757,0.1449992335141
0.2968871177099,0.3362487824133,0.2078371472342,0.4933074489269,0.3220251223123,0.3771552436531,0.3137232328463,0.6266731949029,0.5431770602253,0.6433696152823,1.0000000000000,0.6951309154843,0.5482693118469,0.4026720920393,0.4422156154576,0.2821309224713,0.4621039077551,0.4980697310021,0.3475657425554,0.4297860958374,0.4992252644425,0.4504891374364,0.6219980082905,0.6389851210704,0.3021775558707,0.1765517712912,0.5240936745695,0.1018527215194,0.0111639001040,0.2591999527611,0.2551848187323,0.1951493714664,0.4308269978546,-0.0953134202987,0.3675468927520,0.0600116854913,0.4333456763241,0.0369394355932,0.1708036144682,0.3356221371888,0.3793422525777,0.2847003958678,0.3540030103449,0.1098457796947,0.2714687427417,0.2287073124308,0.1524055730909,0.1890017308737,0.2291003626295,0.5884903693267,0.2132962756315,0.1325703221774,0.2668902258182,0.2875608985978,0.3407485918387,0.2519242182802,0.4489223818259,0.3757413408679,0.5691159764093,0.3739408321382,0.1008383605704,0.6963563289126,0.1436292831796,0.1456673101516,-0.0260519411103,-0.0081760978551,0.0510072216691,0.3825188011722,0.1286194505863,0.1221110163608,0.2164513291355,0.2581210798721,0.5137313167095,0.3006504137051,-0.0397832796378,-0.1987463772110,0.3596372361669,-0.1058482659575,-0.0165442519745,0.2468091883968,-0.2685399741875,0.0164737925915,-0.2696183196644,-0.1312102679839,-0.2418390876678,-0.3127138281661,0.3358848573084,0.1036233940080,-0.1672261896751,-0.0919807160302,0.1262475582946,0.0372342252983,0.0421096349665,0.1395365617229,-0.2913350493076,0.0813738923440,0.1185131060491,-0.2046977269360,0.2048698017574,0.3203642221643
0.2148205647448,0.2114984205684,0.0941961360783,0.1873705750659,0.1977398083642,0.1358428069579,0.1132262983472,0.6594733997429,0.4757440987695,0.6373219392497,0.6951309154843,1.0000000000000,0.6091123819537,0.4210561218926,0.3536739543207,0.1835800008327,0.5060248715032,0.4276827664126,0.4210522988444,0.4605746389589,0.6573490874837,0.4998517501293,0.6886772458205,0.5122187408694,0.2522297278907,0.1247634322825,0.5080940684461,0.0596203558597,0.0084381114400,0.1198327335915,0.1937052439306,0.2996144278543,0.5834895027862,-0.0906076236516,0.2695164685043,0.0730923120472,0.2748348818679,-0.0972223802565,-0.1227242023190,0.1773327754981,0.3019767980406,0.1584793465696,0.2138601987229,0.0107782531848,0.2716196474821,0.1315737090775,0.2557825329672,-0.1828515549284,0.0327294521604,0.5201732179071,0.0822662259017,0.1085021776534,0.0788770339647,0.1209854249602,0.0623692325685,0.0913518929789,0.5854215768093,0.5383695421709,0.4077068445390,0.3459188379980,0.2444211757097,0.6343116289276,0.3553990089922,0.1832853547184,-0.0078497954150,-0.2094644615258,-0.0139606116830,0.4326182522956,0.3166676297954,0.2111145130759,0.5312774986819,0.3024088405982,0.4347590452460,0.3845587365408,0.2594880072937,-0.1999058587529,0.2969611766662,-0.1508666711692,-0.0870956117228,0.3648738338324,-0.0476330973738,0.2242551222448,-0.3642818191807,-0.1961700191641,-0.1084261036864,-0.1472749285103,0.3508732591908,0.0528747871370,-0.1466101514352,-0.1743023195941,-0.1844958617338,-0.1644497897157,-0.0383826222944,0.1062509549764,-0.1086483873158,-0.2497550568705,0.0099975713095,-0.1879764428479,0.0894282977616,0.1283000828197
0.1448602384372,0.0910773048861,0.0403266988872,0.1796621546225,0.0955767273840,0.1838003194878,0.1565087326890,0.6229838219567,0.4627616802565,0.3957095932822,0.5482693118469,0.6091123819537,1.0000000000000,0.1615411302073,0.1579241312774,0.1832033488015,0.4838771253613,0.2154850923663,0.1075265639984,0.1785612957102,0.3213045844941,0.2115716065135,0.2847028143738,0.2350305573361,0.2676952249170,0.4188429960967,0.4506723100325,-0.0561418802753,0.0185771479243,0.1674589551317,0.0952321958919,0.3600680312845,0.4502745974891,0.0235186784063,0.1231084638683,-0.0381509103831,0.2891621351991,0.2608088668388,0.0954609273143,0.2969899108884,0.3263145478803,0.3109959915428,0.1729220897354,0.3199499117027,0.3464798623685,0.1295265860571,0.4008170867108,0.0515611366257,-0.0199977173860,0.4862912240821,0.0113895447674,0.1301393396938,0.0212797440456,0.0844171781938,0.1119999445373,0.0937033191099,0.6488215355344,0.4892895241643,0.4527393749288,0.3689517701964,-0.0174829790330,0.5077013597544,0.3459428826505,0.6745382940431,-0.1865480029000,-0.1609125237200,-0.0127883564170,0.3717801634602,0.0958419374347,0.0787012292809,0.1845175561598,-0.0436218856031,0.3500062450229,0.0805695440382,-0.0714777857912,-0.1182255696499,0.2144384007364,-0.1281024505808,-0.2154843128401,0.2594446464386,-0.0346019997577,0.2054240076621,-0.3035532913423,-0.0814653507166,0.0242285593401,-0.0775215549789,0.1393512038254,0.0236605886265,-0.0645049089862,0.0480622482572,0.0558804184371,-0.1224130948331,0.1039404941654,0.0321600537968,0.0000487233533,0.0067408703454,-0.1042599115285,-0.1569216213794,0.0729414183400,0.1408599638763
0.4796405524935,0.5698173949807,0.3933829198879,0.4549716609561,0.4756170321748,0.2649604988307,0.4046010270266,0.3306642913213,0.2905698128167,0.6463634073037,0.4026720920393,0.4210561218926,0.1615411302073,1.0000000000000,0.6775020651926,0.3001551630958,0.2623060469616,0.3787618710954,0.4534477632812,0.3010381504812,0.5329621929019,0.3592875592336,0.4810156626310,0.4130206569948,0.1428858602780,-0.0111688292621,0.4666629193151,0.0966240785398,0.1262767697086,0.5280183453035,0.3814528149877,0.0837701329447,0.3699829255866,0.0832045824671,0.3148341040558,0.1851819692351,0.3430508641734,-0.1114175471011,0.0469350589427,0.2090773242176,0.3236124408722,0.2596271707887,0.4499397042503,-0.0228274941523,0.4338962561797,0.1638732371970,0.1331831967897,0.0386455878157,0.3930235881399,0.5617300198623,0.2743730588183,0.1946148475525,0.1025007527316,0.2641508826823,0.2061153471769,0.1935731633987,-0.0288150419667,0.0380492663941,0.1632322405043,0.0893621956603,0.1085368473356,0.2711708529270,-0.2228238640955,-0.3274410333725,0.2735234001656,-0.0952160555873,-0.0109343476686,0.0037838334543,0.2150360552100,-0.1648472109176,0.0784657782709,0.1431212525358,0.1501022658674,0.2876766710454,-0.0961816325656,-0.4732124409167,0.2403917090605,-0.0953505898094,0.0387099229776,0.1332036842665,-0.3104729080662,-0.2403034679709,-0.1388607562492,-0.1768093052742,-0.3512651726394,-0.2932362548992,0.2273153823519,0.1272692795770,-0.3765404479052,-0.1800694305597,-0.0187400762673,-0.2309678669012,-0.0587008214903,0.0011091069240,-0.3356413612718,-0.0005365179492,0.4035252365636,-0.1680379615391,0.2297126120123,0.0002126930731
0.1508002606809,0.2201093786149,0.0328046599497,0.6605447385639,0.2366573000784,0.0531212140281,0.4165733638282,0.2664106393587,0.1611532269209,0.6410532645295,0.4422156154576,0.3536739543207,0.1579241312774,0.6775020651926,1.0000000000000,0.2948517384429,0.2368806062457,0.4766559572988,0.4653088394889,0.3440796977827,0.4616650376511,0.3254827784335,0.4325249835390,0.5086452925270,0.1623344479077,-0.0951653161883,0.4811357308849,0.2607787738418,0.1154733230125,0.5612137751719,0.4484191617674,-0.1305679975468,0.2689080881959,0.0071459248800,0.3474793327367,0.1844566424352,0.4034208629412,-0.2174837763947,0.2250391705766,0.3201467197641,0.4112768136260,0.3570082154749,0.7572773118750,-0.0448690558994,0.4472641306163,0.1011239879258,-0.0468357757047,0.1683028631918,0.4157581888957,0.6403121221395,0.0974574932769,-0.1421381314898,0.2019011480621,-0.0314588094444,0.1214019767011,0.2300840428597,-0.0366444402166,-0.1070976168578,0.0848910094597,-0.1059843825583,0.0268831566530,0.2910510894588,-0.4681577443446,-0.4216984894067,0.0215248002873,0.1172792092945,0.0284653206576,-0.0793335919415,0.0485226500692,-0.2676337368728,-0.1293537593618,0.0260961808600,0.0793227896685,0.2198720300466,-0.3434082659959,-0.4547319645615,0.3600637166832,-0.2535005729031,0.0887746607380,0.0205382619077,-0.6096374501807,-0.4526822295215,-0.0937540920514,-0.1241642916958,-0.5071470366189,-0.6533245001019,0.2081578875063,0.1888933031188,-0.4301764229171,-0.1908401726269,0.1772496606131,0.0635486269030,0.0373334509707,-0.0046496614457,-0.6252791901630,0.0849994077076,0.3147151892283,-0.2589494588668,0.3348147655939,0.0094379791567
-0.0460152332037,0.0183901874290,-0.0017813625983,0.5025075336199,0.0308818980494,0.3205379808677,0.6412428450671,0.3282063001812,0.4670887909862,0.2996524168162,0.2821309224713,0.1835800008327,0.1832033488015,0.3001551630958,0.2948517384429,1.0000000000000,0.5138309327008,0.6674461793821,0.5157903366317,0.5636084916703,0.3114114778661,0.2104069281707,0.3291821764932,0.4537220882011,0.2865968497170,0.2637338036738,0.5078727617084,0.0571391250026,-0.0580425204872,0.4138035683893,0.8421498779773,0.3311801065814,0.5579071769591,0.2721829657471,0.7114573817641,0.5516113436704,0.4633192876532,0.4042717901854,0.4565106244856,0.1524102371022,0.1297580212538,0.0970611095258,0.2881837082792,0.1541289980603,0.5964995019551,0.2729044588497,-0.0097181715704,0.2811462397830,0.2919239947309,0.2946072793876,-0.1167504544811,-0.1131679217259,0.1699402651416,0.0996536547080,0.2358309779481,0.2586027431771,0.0285017827253,0.0425649890274,0.3694141649173,0.2792054837560,-0.1641252310504,0.2464588366349,-0.2144701737379,-0.1017383176668,-0.1119607033713,0.1008780206772,0.6503260423526,0.2965324265321,0.3024906986506,0.3371441729898,-0.1160509775647,-0.0390104342461,0.3276552128651,0.2281726051656,-0.1048007436382,-0.1505477120487,0.3759089375201,-0.0283783500475,-0.1866499907154,0.6208214368914,-0.1666076731498,0.0034714956836,-0.0983498819743,0.1250676423607,0.0970507913977,-0.1658660461031,0.2110301142600,0.5599231637137,-0.3360452202666,0.3233664766614,0.3191954959775,-0.1367058189007,0.0006875530731,0.0105911561586,-0.2879863610398,0.2163542404352,0.0858430145618,-0.2798839602093,-0.0883590728686,0.0084633809918
-0.0999637306541,-0.0787818308164,-0.0798129238967,0.3498317347608,-0.0242587034154,0.2236869410658,0.3533753890455,0.6461155756148,0.6602096864042,0.4411785551748,0.4621039077551,0.5060248715032,0.4838771253613,0.2623060469616,0.2368806062457,0.5138309327008,1.0000000000000,0.6964617107644,0.4887408849121,0.6253876915023,0.6740923677309,0.4011589094735,0.4399108167968,0.5432176431155,0.3436144220743,0.3241201907106,0.5115378179913,-0.1236087123452,-0.1145446179633,0.1382291123249,0.4709882067845,0.3698427984883,0.7850617190284,-0.0849363201966,0.5055975805747,0.4222284808859,0.2982592240303,0.3502023522419,0.1045118041355,0.0747379825813,0.1182792012561,0.0530555574335,0.0982313878147,0.1460561260050,0.3191924271745,0.1986166243291,0.1664873591905,0.0027955724876,0.0558034644135,0.3709195024848,-0.1570953741493,-0.0854662890867,0.1733456293657,0.0348579259455,0.1398436066295,0.1428277448541,0.3253155276666,0.4655138052170,0.5139701086892,0.4618768106714,0.0310055517648,0.4601091083294,0.1335492250068,0.1775906423318,-0.0340539783627,-0.1696722464990,0.3029354488385,0.7790429089242,0.3680920315107,0.5252118188883,0.3447201687385,0.1379945984750,0.5334435081041,0.2210141761101,0.1729308550674,-0.1507812801337,0.2685697003201,-0.1365111077606,-0.2768037605425,0.6924686631502,-0.0595923262147,0.2300538814569,-0.4131862183457,-0.1988117177150,-0.0494362390175,-0.2292308722759,0.2763886696840,0.2598491883352,-0.1938653775672,0.1237039952602,-0.0306435277293,-0.2786253149773,-0.0957821090732,-0.0064732783952,-0.1124646589656,-0.0954545388678,-0.1937777029728,-0.1855003837162,-0.1050191346089,0.1502991478323
-0.0122742194050,0.1043763368393,-0.0071595965943,0.5220448173218,0.0815196381257,0.2064582575660,0.4232574115282,0.4950052440990,0.5481270225089,0.4469784861871,0.4980697310021,0.4276827664126,0.2154850923663,0.3787618710954,0.4766559572988,0.6674461793821,0.6964617107644,1.0000000000000,0.5378032389703,0.6788133137898,0.5612910855949,0.3771326193059,0.5820940648630,0.6985949118222,0.3632533300540,0.0630946507397,0.5770293090971,0.0622572119353,-0.0807801062361,0.3880481396654,0.6778450912006,0.0879017852467,0.6146798007052,-0.0614443185385,0.7578251402332,0.4058691036582,0.3623477390260,0.0609534134412,0.1840636402021,0.1244010097434,0.1801788348257,0.1174776281779,0.2776354061365,-0.0613141026708,0.3700459859532,0.1431209060057,-0.0967485856951,0.0748408393229,0.2060046538375,0.4146312142862,-0.1128696337441,-0.1648550114873,0.1847039811019,0.0468868735203,0.1173221305680,0.1159189850097,0.1012330053619,0.1539741740413,0.4469508857268,0.2793923333875,-0.1333686799968,0.4550851245448,-0.2547566716015,-0.1985098158839,0.0229091494471,-0.0145098226668,0.3865804725093,0.4584550995735,0.2377822422349,0.3440238509095,0.0652303015298,0.1084470597608,0.4931666385183,0.3194900222808,-0.0068516700618,-0.2616984719735,0.4501122771148,-0.1101245626200,-0.0841118301228,0.6433703479892,-0.3510467788097,-0.0792354539370,-0.1841421524213,-0.1738097591509,-0.1806256165152,-0.4155563456034,0.2703922133633,0.3758363495832,-0.4080488153491,0.0547034411631,0.0528977510882,-0.1328398465297,-0.1120905606857,-0.0426300876527,-0.4698124454659,-0.0753779706646,0.0206327477985,-0.4608945045848,0.0632608825331,0.2002625386429
-0.0017276477557,0.0811626891635,-0.0207976498616,0.4317790011269,0.0668296619815,0.1342439752681,0.4018836578374,0.4452097617354,0.5390227096671,0.4544032061513,0.3475657425554,0.4210522988444,0.1075265639984,0.4534477632812,0.4653088394889,0.5157903366317,0.4887408849121,0.5378032389703,1.0000000000000,0.7576285795859,0.6029013843967,0.2781680408603,0.5129072454428,0.6271823795990,0.4535125898966,0.2116937679353,0.4163801133128,0.0190012969320,-0.0613300614400,0.1904780498206,0.5408291125613,0.3028114518808,0.5995471625674,0.0936499724379,0.5661938193930,0.6650717529581,0.1987275735365,0.0179240703994,-0.0116932521053,0.0192686768447,0.0745033287915,-0.0110638693893,0.3549426448735,0.0361388299382,0.4219731852028,0.1048785357973,0.0354142814291,-0.0849624668399,0.1783418673275,0.2959714251314,-0.0448386440608,-0.1208701171030,0.2290670704056,0.0702624398543,0.1235811563653,0.3001792013884,0.0852713273760,0.1635420714524,0.3016951020278,0.4062600441009,0.0576002146924,0.2154441926768,-0.1186725481005,-0.2246455393960,0.1292701163402,-0.0951198505345,0.4615741818404,0.3160401101965,0.7125398866913,0.4226206270727,0.2522271399590,0.2102365736199,0.2878604466224,0.5145889559744,0.1649009650719,-0.0422410258382,0.3705941322466,-0.1781490518678,-0.0543228631958,0.4409969643099,-0.1085705616219,0.0842073025879,-0.2565942857929,-0.0888555316235,-0.1004145394560,-0.2109765174374,0.2279961322425,0.3665682749226,-0.3422125089707,-0.0258868400114,-0.1146384783991,-0.1476768231882,0.1390717412401,0.0173473021869,-0.2890899559801,-0.1410684787047,0.0539955076813,-0.2170193773040,-0.0645122352816,-0.1053411739535
-0.0882573497982,0.0187055128072,-0.1106915685331,0.3556757193634,-0.0073626266418,0.1391296312097,0.3356276777558,0.5467655187362,0.5899917445789,0.4374442197889,0.4297860958374,0.4605746389589,0.1785612957102,0.3010381504812,0.3440796977827,0.5636084916703,0.6253876915023,0.6788133137898,0.7576285795859,1.0000000000000,0.6008081273429,0.3132533352297,0.5501154168415,0.6922856384125,0.5730866546939,0.2457609633496,0.5295912509441,0.0552192098081,-0.0750220929272,0.2279118423623,0.5633091923153,0.3254527992878,0.6663862456544,0.0992217356628,0.6450158557276,0.6284436825248,0.2393186052759,0.1823027088567,0.0590139488020,0.1375135175226,0.1210980618109,-0.0383149685783,0.2339375710388,0.0535692456634,0.4057667089907,0.1705712182010,-0.0026054330945,0.0103790140065,0.1692619679436,0.2696028176764,-0.1610551642115,-0.1931588963559,0.1451833883074,-0.0469130473059,0.0736545505770,0.1301946621868,0.2235351249402,0.3069106077893,0.3710895892373,0.3847205076898,-0.0056383630554,0.3546601767050,-0.0873716077243,-0.1594389024499,-0.0334205696100,-0.1322423935721,0.4402578608864,0.4537883509296,0.5211341995869,0.6650410869861,0.2318088146681,0.2193711426247,0.4119101270437,0.5402309779015,0.1690907003786,-0.0554362700781,0.3682265352208,-0.1368339894740,-0.0425814306486,0.5581137899872,-0.1329448915427,0.0754730847943,-0.2698373372517,-0.1464022493179,-0.0704938608114,-0.2397205573710,0.2457902554692,0.4239006359255,-0.4128326350640,0.1236605338264,-0.0723071227659,-0.0716819428031,0.0332711617214,0.0457369921132,-0.3377505145579,-0.1055744797998,-0.0446387685516,-0.2804400153463,-0.1304188580807,-0.0458522584448
0.0841058893603,0.1198888456622,-0.0378249774924,0.3579444672582,0.1089425909750,0.0740261749842,0.2149062383904,0.5340098531516,0.5154439244973,0.6311252337718,0.4992252644425,0.6573490874837,0.3213045844941,0.5329621929019,0.4616650376511,0.3114114778661,0.6740923677309,0.5612910855949,0.6029013843967,0.6008081273429,1.0000000000000,0.5153596742437,0.6926346106551,0.6280874996008,0.2494328266476,0.0984562598011,0.5387495823526,-0.0905907937132,-0.0748945731138,0.1460702199630,0.3948957675571,0.2798685750831,0.6760641957170,-0.1959042274818,0.4887590960606,0.3359950071038,0.2724676230676,-0.0747925055800,-0.1367339902413,-0.0179964301782,0.1114042030348,-0.0093300235391,0.2355491113454,-0.0806809096031,0.3090253240387,0.1288511326402,0.1381766211650,-0.2688567191888,0.0628749981865,0.5856831859578,-0.0315430797827,-0.0871431824478,0.1540629290772,0.0086218115162,0.0154255675043,0.1123200185911,0.3120907121530,0.2906779483714,0.3662411468636,0.2892898239597,0.1499790832589,0.4583698139884,0.0932838068723,-0.1569848025216,0.1303538047049,-0.1982977191159,0.1137583696371,0.4486999900192,0.4477411988073,0.3163234660956,0.5633738022075,0.3879809172095,0.4508549691624,0.4183099532845,0.4131411151713,-0.2408072830749,0.2590485797175,-0.2055012090412,-0.1522687422347,0.5192014868089,-0.0727158224766,0.1634574216406,-0.4679805280327,-0.3428610509867,-0.1690092154438,-0.2230025399898,0.4261961121625,0.1961976000901,-0.2169465955161,-0.1251628498566,-0.2226030604455,-0.3693594665260,-0.1007063401638,0.0370331600421,-0.1512139287430,-0.3615256524445,-0.0789181547387,-0.2425775938945,-0.0245159998561,0.1033255160804
0.0700813921256,0.0842562708366,-0.0007322908136,0.2551999003165,0.1565243268316,0.1864236240036,0.1561388413814,0.3860464318482,0.3097055390487,0.6576587002780,0.4504891374364,0.4998517501293,0.2115716065135,0.3592875592336,0.3254827784335,0.2104069281707,0.4011589094735,0.3771326193059,0.2781680408603,0.3132533352297,0.5153596742437,1.0000000000000,0.5083615098870,0.3946005082425,0.0934472212744,-0.0583062488985,0.3351462630961,0.1755719631294,0.0320595444784,0.1433424961812,0.2576077744052,0.1557058727488,0.3947606571740,-0.1455526771450,0.1945078929566,0.0649098843031,0.2151946486137,-0.0501290888959,-0.0106840935433,0.0387043007581,0.2677044131753,0.0745214998895,0.2019003378261,-0.0552155350090,0.1770292681840,0.4672306116827,0.1421193263445,-0.0790238494881,0.2027203300738,0.4491019920534,0.1174338630446,-0.0832435397449,0.1128154153094,0.1417230659051,0.1879454067747,0.0526454696596,0.2801824970103,0.2820200789372,0.3035240590861,0.2486804398303,0.4774663883282,0.4330241681793,0.1923208558467,-0.0493786067006,0.0743303931751,-0.0026460477799,0.0744699299107,0.3543463812497,0.2039003909568,0.1074066315391,0.3528617616319,0.4170068200781,0.3250092965043,0.3134383254092,0.2170492715128,-0.2196126377447,0.2198916045850,-0.0633497863646,-0.1439021950861,0.3191135902578,-0.0587571047910,0.1851661831141,-0.2868205659320,-0.1157262339309,-0.1091471643856,-0.2095476454651,0.3609349361642,0.0401346165608,-0.0799195246975,-0.0937140982623,-0.0690363223277,-0.1736149136153,-0.1087894617441,0.2210478605214,-0.0056515692739,-0.1247584592919,0.0327835378142,-0.0259417595976,0.0465473943749,0.2595444465016
0.1007634851919,0.1890920364819,0.0596916864006,0.3508845667909,0.1208908795174,0.1312779821960,0.2002602789958,0.4257131197102,0.3931230253189,0.5369803048860,0.6219980082905,0.6886772458205,0.2847028143738,0.4810156626310,0.4325249835390,0.3291821764932,0.4399108167968,0.5820940648630,0.5129072454428,0.5501154168415,0.6926346106551,0.5083615098870,1.0000000000000,0.6164086011550,0.2301176268953,0.0811859605433,0.6331624645052,0.0322124184554,-0.0318020624526,0.1749336935539,0.4329357398732,0.3017443073792,0.6241527698548,-0.1391752290542,0.5038146362166,0.2139494927657,0.3301526733168,-0.1538985785546,-0.0745195748465,0.0418450752678,0.1567039159164,-0.0256616816125,0.2919429596704,-0.1371734474828,0.3139125016381,0.3126171471026,0.0618009654383,-0.1664004813446,0.0942778603150,0.4634687509428,0.0768010187600,-0.0353307968758,0.1921149574522,0.1323315315155,0.0945679456471,0.1542655069437,0.3257461397465,0.1845354363133,0.3380786484535,0.2183998613657,0.0949061005041,0.5545373164922,0.1294558715341,-0.1438192105034,0.1186710623055,-0.0704043617713,0.1889371825525,0.3337513945679,0.3017581329767,0.2129747575900,0.4008364628328,0.5108039889284,0.4139333415582,0.4511702607102,0.2533497351273,-0.1284429963426,0.4930497317169,-0.2765532365026,-0.0845571102267,0.4283632634125,-0.0862041361195,0.1434502303462,-0.3344341591222,-0.1857062950692,-0.1121335943729,-0.3062097419234,0.3935741864893,0.2400385831207,-0.2741999205778,-0.0818524033811,-0.1261837486185,-0.1990915261599,-0.0709556352529,0.2570949925927,-0.2355043092470,-0.2316690692654,0.1736696288786,-0.2523887440196,0.0292508840768,0.1164649474036
0.0500587875699,0.1834673255890,-0.0089699366438,0.5616677277176,0.1572185962471,0.2086121607958,0.4360001909935,0.5142912516719,0.6105399078547,0.5447401134684,0.6389851210704,0.5122187408694,0.2350305573361,0.4130206569948,0.5086452925270,0.4537220882011,0.5432176431155,0.6985949118222,0.6271823795990,0.6922856384125,0.6280874996008,0.3946005082425,0.6164086011550,1.0000000000000,0.4614500125395,0.0705635344037,0.5265105811505,0.0785058174590,-0.0725912453192,0.2905245818420,0.4734935743544,0.1072787551156,0.4730576965859,-0.0593046486219,0.6290191693683,0.4101731733474,0.4025614499316,-0.0296846264079,0.1530606628251,0.1266641066705,0.1372229421079,0.0708360432410,0.3296728188885,-0.0229289825438,0.2430328086235,0.1054729888094,-0.1043251965609,0.0834501228901,0.2602529960799,0.4717732840058,0.0247027991945,-0.1058605270075,0.3504741424693,0.1158499565527,0.2550823970622,0.2920782094211,0.3003972598279,0.2324151749262,0.4986369885268,0.3899480603228,0.0580437141587,0.5349278875733,-0.0756879050012,-0.1831374775132,0.0706505359683,0.0294232386016,0.2909922222081,0.3808717031456,0.3974594765222,0.3977886321842,0.2735017181935,0.3127101978170,0.6689694268186,0.5375117194911,0.0984670149741,-0.1179297315283,0.4200928335761,-0.1728085547470,0.0167771332118,0.4271076223662,-0.2849468001169,0.0152348018104,-0.2679487601478,-0.1732224867924,-0.2049482827014,-0.3923048750801,0.4317369662066,0.4084727232829,-0.2640521429095,-0.0278283286743,0.0732198490008,0.0107766952620,0.0327867857677,0.0156163779566,-0.4087988409174,0.0079543342947,0.0767613575554,-0.2925527022032,0.0740565566062,0.2227992743141
