1.0000000000000,0.8041571581308,0.6903883122907,0.7273711339502,0.6604034681508,0.3607564178853,0.4823091065640,0.1028137499780,0.1328172487548,0.1404921836078,-0.1328435014073,-0.1725102701279,-0.0056088102314,0.6226858416252,0.5715491301177,0.1333865572246,0.1381006925413,0.1507645690173,0.3621183389994,0.2082784060972,0.0246175720837,0.1322860760670,-0.2911100361255,0.1031208900712,-0.0094489459074,-0.1548216080314,0.1011217294151,0.2494709721500,0.0730762880409,0.1513145421384,-0.0222958579621,-0.3062620603846,-0.0279553600633,0.1767322049345,0.1319142916649,0.3310544361372,-0.0789082334010,0.1226233599371,0.1104952593427,0.0036377939896,0.2595442352579,0.0342938543539,0.0834800472294,0.0263728498587,-0.0863460264824,0.0288746063853,0.1279467919567,0.2014234296295,0.3332301581047,0.2407755614754,0.8346950982391,0.7635603292449,0.0493112012610,0.5687719705406,0.5052371948753,0.5355986608239,-0.1458916000829,0.0918711006963,0.2168035803028,0.0007090588894,-0.1172197495799,0.0919974924844,-0.0455950829505,-0.0656210523057,0.5760013344476,-0.2226048650483,0.0954298212130,-0.0650186467086,0.4531282171672,-0.1459612966443,-0.3390048975666,-0.0331997105009,-0.0593990142293,-0.1317512092368,-0.0505715076179,0.0670531556205,-0.3492756503500,0.0754559720963,-0.0194333867480,-0.1012900572120,-0.2117561310576,-0.1712888979906,-0.0981376024136,-0.2981333027388,0.0199738743543,0.0151486433272,-0.1752920202692,0.3729000963286,-0.3127963162315,-0.0235248781678,0.0772371923386,0.0372874954796,0.0120622391619,-0.1105962050132,-0.1589099216466,0.3052803145173,0.0344959477493,0.3150180594984,-0.1023209375204,0.1155283308698
0.8041571581308,1.0000000000000,0.6235659165019,0.5539869546638,0.3851394535857,0.1926029234537,0.3013399899348,0.0901030773048,0.1132298142919,0.1552478259384,-0.1730928260232,-0.1826739730445,0.0048572326161,0.6664280586981,0.5560846792143,0.0908360709501,0.0264649645679,-0.0168896532708,0.2342738937264,0.2751373609389,0.0526283685867,0.2030217493598,-0.3023739755864,0.0661308113348,-0.0128402993487,-0.1129438102505,0.1225346982163,0.4040582061399,0.1628836594464,0.3648638208547,0.0167350633022,-0.3298879974106,-0.0332913269341,0.2852582037548,0.1355824772449,0.1959395277613,-0.0804057523975,0.2459179958147,0.0962675822776,0.1140037334852,0.2750868366022,0.0044586807251,0.0964815546913,0.1664315493567,0.1683704523323,0.0837528955053,0.1835927106020,0.0856808707917,0.3692418074895,0.1939413587988,0.5427336638949,0.8082266850824,-0.0932228930803,0.4078193209411,0.2668848290649,0.3058180468022,-0.1016929137054,0.0787436479558,0.0705579319492,-0.0186853247234,-0.1321649904492,0.0008323721399,-0.1200944765022,-0.0691076156209,0.5508650215517,-0.3451825599793,0.0120703363032,-0.1890917458356,0.3070281471110,-0.1928316659693,-0.4128820226352,-0.0733497797290,-0.1535118542186,-0.1624074255702,-0.1857775106475,0.0508982656908,-0.3836495565635,0.2912299050973,0.1041367996478,-0.1774644795468,-0.3770035108687,-0.2301980081176,-0.0188599921179,-0.3621581427789,0.1088304071887,0.0809740017776,-0.2125575589126,0.3039953427152,-0.3849926353287,0.0368159234738,0.0403530803724,0.0656315031035,0.1652025460770,0.0082402694838,-0.1466701528694,0.1496989116141,0.0639191360622,0.2680403301274,-0.2044567620230,-0.0246431839383
0.6903883122907,0.6235659165019,1.0000000000000,0.4823245122096,0.5497623956044,0.6356992489610,0.4781827910862,0.1853680724664,0.2695200929393,0.2380919677883,0.0780041215344,-0.0268669824958,0.2309966351181,0.3217786077073,0.3827997075632,0.2070235859235,0.1586916585348,0.1390673667408,0.3975934755683,0.2328618443513,0.0202747672888,0.1665524646489,-0.2490279833709,0.1821708676086,0.0445865229520,-0.1714791169315,0.1483926645116,0.0924620619713,-0.0199345966624,0.0465654344164,0.0365029548523,-0.3167527910602,-0.0637495563319,0.0349014374630,0.1968772200344,0.3973869534461,0.0324738721265,0.0420419746852,0.0914827960383,-0.0294154230842,0.1005264182565,-0.0906424533204,0.1650518194699,-0.0915029282291,-0.1564798618548,-0.0422348867324,0.0009022110522,0.1533026855534,0.1452913300043,0.0818273346624,0.5191640018302,0.7516809911224,0.0247442184212,0.8391595063515,0.5996334063659,0.4285437396272,0.0855434396385,0.1884153009974,0.2891683423334,0.2060384861668,0.0652583887691,0.1947229153824,0.1360074263780,0.1701306852653,0.2098105091584,-0.2251814265674,0.1313837943778,0.0083578740563,0.4891600217477,-0.0211251132129,-0.1370880625476,-0.0339857967033,0.1748337351724,0.1320756309542,0.0859155682676,-0.0001922175876,-0.2438108393050,0.0048728844343,-0.0440930481868,-0.0130062550986,-0.2933114917309,-0.1455331822066,-0.1130101149606,-0.1420959383346,-0.0692519881610,0.0487057596157,-0.0116865811126,0.3690764600828,-0.2123731386215,-0.1026950630655,0.0486159211706,-0.0058447222076,-0.0835312190336,-0.1225535899490,-0.2145913528150,0.2425904983110,-0.1339753436697,0.1946770232336,-0.2044386508532,-0.0453610872563
0.7273711339502,0.5539869546638,0.4823245122096,1.0000000000000,0.6495548851748,0.3709726045479,0.6003994862351,0.1643192171422,0.2867402234475,0.1745206566624,-0.0032588892168,-0.0398713226677,-0.0216808799924,0.5543834624211,0.6913269563406,0.5008220370606,0.3830579705755,0.4202890053151,0.6171060447787,0.3663770611808,0.1115277353163,0.0521387793816,-0.1822608791682,0.2960827205372,0.2689244585856,-0.2433089560594,0.2803902097842,0.2160914012457,0.0850366047718,0.0450316097215,0.2566384769342,-0.0805144672186,0.1997754411639,0.2227844358441,0.2343201935827,0.4967010307110,0.0970013450291,0.1968934641249,0.2435687926653,0.1009239217015,0.2379847815535,0.2084106706357,0.3404914171229,0.1745940759436,-0.2185295071897,0.0495816779845,0.2196080209202,0.3786149629160,0.4165043735476,0.3986353868632,0.7046094224198,0.5116640236823,0.3284465413923,0.4800247229821,0.4438792144844,0.7107515508589,-0.1542133739317,0.1384419420713,0.2998034630029,0.1015391615639,-0.1985765395571,0.2335779329509,-0.1138165866287,-0.1608866657416,0.3216623938417,-0.1658126601022,0.3643873426510,0.1608876056809,0.5769935057690,0.1252500887275,-0.3492308117795,0.0143035407351,0.0564482995167,0.0223658511548,-0.0310173850692,0.0174423510934,-0.1154276969622,0.0517978378154,-0.0500062576428,0.1605178889417,-0.0177451904591,0.0155822812140,-0.2790147253774,-0.1964655429121,0.0204473901675,0.0182312446157,-0.0996120306185,0.4435133581635,-0.3433506542786,0.0444681825935,0.1801715797222,0.1181851178563,-0.0157885569980,-0.2631124977111,-0.3349572837938,0.4006140005757,-0.1318576003919,0.3205908147809,-0.1340696539805,0.0811889068417
0.6604034681508,0.3851394535857,0.5497623956044,0.6495548851748,1.0000000000000,0.7180659708547,0.7561794993518,0.3101531244733,0.3826962348704,0.3740848660754,0.2360244003806,0.1249614727988,0.2331892557827,0.4013383923413,0.4579093966814,0.2317225634005,0.4345759970970,0.4132071047030,0.5109464460155,0.3453744824316,0.1214014689975,0.1585681352599,-0.1184328027899,0.3403692570304,0.2383484587871,-0.1742628819724,0.1727974185150,0.1213300018048,0.0392475148043,-0.0548351783268,0.1165107821166,-0.1690316014572,0.1112206871018,0.0796044359492,0.0773205428140,0.2773791220285,0.0833408789702,0.1074267164087,0.0665157733017,0.0302224082332,0.2473102685227,0.1667099870472,0.1293665589932,0.0194731965189,-0.1918662099669,0.0677452835506,0.0532623232209,0.3174758590766,0.3786512581420,0.3328449715359,0.7734695505565,0.3848576839189,0.2658236750874,0.6844056720651,0.7741850392843,0.7542591475518,0.1215751679386,0.3364113412313,0.4627078912329,0.2911563041379,0.1303967453291,0.3882582504117,0.1682060422054,0.1345842005440,0.2734903678111,-0.0616246729396,0.1711751612961,0.2759768333869,0.5447613038600,0.2226907604404,-0.0353961079883,0.0776948833772,0.2656344207728,0.1607116965361,0.1321212643481,0.0589752923331,-0.0796158788451,0.0375929296075,-0.0424046890606,0.1813554947764,-0.0685589828399,0.0711681537903,-0.2302131811739,-0.1479660221860,0.0350604384521,-0.0802370873221,-0.0048663610890,0.2497351333753,-0.2138159273097,0.0719696652158,0.0805983668387,0.0165286303098,-0.0432240358043,-0.1268454879647,-0.2071203188328,0.3809661329029,0.0266460363682,0.3246974258085,0.0298526500060,0.1880332193965
0.3607564178853,0.1926029234537,0.6356992489610,0.3709726045479,0.7180659708547,1.0000000000000,0.7621020817904,0.4462520634075,0.5180458657142,0.4523734355816,0.3388428900452,0.2120219889205,0.4401037749509,0.1797727220274,0.3000936109301,0.2237077933747,0.4945146075521,0.4744753016444,0.5176745186476,0.4107908930318,0.0819449418003,0.1645549414991,-0.1922175116161,0.3877229460138,0.2611407724079,-0.2186615852963,0.1747938817363,0.0940661430783,0.0030011034820,-0.0442470712391,0.1703933519150,-0.1285977452650,0.1268046406866,-0.0719759003575,0.0595646625781,0.2461295251634,0.0748566240849,0.0710970930118,0.0309636823787,0.0088587269643,0.1594516169950,0.1785064029978,0.1140927888023,-0.0602751263156,-0.1773194352751,0.0566252192320,-0.0009203013848,0.3536803698474,0.2129772400246,0.2552741794666,0.4296324449488,0.2608865637028,0.0691626004702,0.8440703035437,0.8395391283418,0.6351177932175,0.3544303933127,0.4655205055942,0.5672179479898,0.4535963285266,0.3083120405885,0.4707831866501,0.3171713228335,0.3280694705940,0.0054582269606,-0.0979433886341,0.1699088989442,0.3887416322888,0.5533421952021,0.2890416917476,0.0949435515414,0.0893835785279,0.3634978609894,0.3513496526531,0.2255941562263,0.0884861224202,-0.0530134424327,0.0368775615500,-0.0680118606877,0.2648246501083,-0.0278490660368,0.1120625831290,-0.2003714263551,-0.1301919482731,0.0664583264909,-0.0577778882216,0.0238981195560,0.1938839028804,-0.2639149831675,0.0236725803462,0.0724613292147,-0.0029217318371,-0.0656752893972,-0.0257638845004,-0.2077833921491,0.4054262499577,-0.0985638820311,0.2646480146271,0.0397575900406,-0.0222879804328
0.4823091065640,0.3013399899348,0.4781827910862,0.6003994862351,0.7561794993518,0.7621020817904,1.0000000000000,0.4813258718474,0.5713447197793,0.4340310578974,0.1702159422914,0.1139303336767,0.3247641595041,0.2606531177447,0.4292122410305,0.2341717396677,0.5464330713620,0.5483386140004,0.6534626343089,0.5223261479828,0.0888807223828,0.0234210975270,-0.2651533268322,0.4172402186077,0.2880789460586,-0.2198603784564,0.0965372578172,0.1285127920046,0.0338618382838,-0.0087780340891,0.2183726575779,-0.1002682265904,0.2093215052122,-0.0249231664358,-0.0114312968168,0.2865886300941,-0.0043665509968,0.1476716393853,-0.0225588165031,-0.0408333316825,0.1838805036687,0.2617337459930,0.0456688389166,0.0317278829069,-0.1836630092440,0.0468849515753,0.0817955079845,0.2582581200411,0.2359608217199,0.3541278514839,0.5611533713395,0.2546235610449,0.1652054483039,0.6691505148954,0.7497786722491,0.8712667237319,0.2793410623347,0.5156411019906,0.6341739468709,0.4609731504361,0.1762305692214,0.3716299509470,0.1695174758103,0.1962109460822,0.1582204990580,-0.1525348679972,0.1862261991236,0.4461692702356,0.6852026601687,0.3645300410394,0.0364121802242,0.0055488665799,0.2799826365632,0.2525161836176,0.1642748631685,0.0979682307590,-0.2212941105583,0.0594363374272,-0.0637291267391,0.2978227276654,-0.0200442086958,0.1427209709493,-0.3006339551362,-0.2359432396300,0.0922128448889,-0.1107056763956,-0.1193942448267,0.2051599089920,-0.3479080700603,0.0271998848948,-0.0019923092980,-0.0594257915974,-0.0327814073601,-0.1350347143303,-0.2819486196794,0.3468762759184,-0.1011465920028,0.2517467834745,0.0568209328690,0.0314271721198
0.1028137499780,0.0901030773048,0.1853680724664,0.1643192171422,0.3101531244733,0.4462520634075,0.4813258718474,1.0000000000000,0.8320802881133,0.6423599296585,0.5022551009759,0.4772077995488,0.6713051132698,0.0091813535391,0.0229370698966,-0.0211629396841,0.7445512697129,0.7108651175892,0.5722122163248,0.5880928971369,0.0563097476881,0.1194014477932,-0.1394361161572,0.4865984415954,0.3359390581078,-0.2117260417439,-0.0064121572386,0.1247752034196,-0.0938646092627,-0.0759651932304,0.1761322242563,-0.0734334753168,0.1811072662368,-0.1494719773066,-0.2854498188854,-0.0770843988495,-0.0448119683707,0.1193170820171,-0.1907766209175,-0.0427344894281,-0.0505456666048,0.1737722861204,-0.2186344134674,-0.0147030321138,-0.0759858486245,0.0597288205586,-0.0303738282389,0.0750897692610,0.0750805418512,0.1317334087152,0.1548805372524,0.0336476288532,-0.0594371704611,0.2741899334807,0.3822087367154,0.4124404755804,0.7687397690637,0.8347909190260,0.7372792512001,0.8047535650380,0.5000894040519,0.5564088131388,0.4921399355905,0.5385402706532,-0.0624526848566,-0.2377124426072,-0.1263048179478,0.6499586200586,0.5162461730794,0.5920466941671,0.2521577710840,0.0013057394364,0.4115999559753,0.4361856786631,0.0626795231091,0.0063372828053,-0.1412418026644,0.0889201426655,-0.1754647327432,0.2290484146426,-0.0024671265201,0.2664285666343,-0.3414553079429,-0.2932650109540,0.1186896060512,-0.2680958110041,-0.1493942359292,-0.1926495766791,-0.3685987956321,0.0892969968095,-0.1033715432514,-0.1155100002318,-0.0175824164876,-0.0068280089423,-0.2190570890494,0.0961346041416,-0.0567285498824,0.0731975557207,0.0262779584122,-0.1000351434323
0.1328172487548,0.1132298142919,0.2695200929393,0.2867402234475,0.3826962348704,0.5180458657142,0.5713447197793,0.8320802881133,1.0000000000000,0.6677477345460,0.5637308521759,0.5210859281653,0.6545147204867,0.0648621886890,0.2029032849960,0.1576262842337,0.7216783561816,0.7013912321588,0.6850309300346,0.6641552840581,0.2289846763729,0.1152492552637,-0.0230073573533,0.6948969713294,0.5552865002399,-0.2175287005321,0.2200070396763,0.1603700342353,-0.1185953507793,-0.0674270682329,0.2747750401826,-0.0173798459616,0.3309086651281,-0.0170305781367,-0.1413170085584,0.0599742613723,0.1112149311035,0.1611854253805,-0.1628284452128,0.0738177632940,0.0313795449325,0.2728903361657,-0.0160816124557,0.1162864690478,-0.2240367100023,0.1794711115765,0.1145797939731,0.1159242198715,0.1118442040177,0.2814403677295,0.1368221934409,0.0093507043098,-0.0172090371891,0.3494384426560,0.3754221696535,0.4578547260859,0.6872658129494,0.7770550798079,0.7428703539092,0.9346630401575,0.3983268890554,0.6893797270492,0.4252833959628,0.4956844175375,-0.2183692141016,-0.3323709071067,-0.0524824024903,0.6331132851804,0.5858947522887,0.7280420230330,0.1834029386985,0.1252282671130,0.5572986795393,0.5897038449766,0.0455987906570,0.0399499587032,-0.0128578981720,0.0863685465272,-0.2028013936840,0.2926000708479,0.0725653736244,0.3356219013283,-0.4873322987606,-0.2928901463239,0.0703787294728,-0.2248646565732,-0.0870536769748,-0.0854712004465,-0.4446897648114,0.0743570668844,-0.1187965598043,-0.0550677016644,-0.0385223484011,-0.1453026417069,-0.3086561140106,0.1136582125500,-0.2630402165395,0.0736238598982,-0.0139280800683,-0.1161425700670
0.1404921836078,0.1552478259384,0.2380919677883,0.1745206566624,0.3740848660754,0.4523734355816,0.4340310578974,0.6423599296585,0.6677477345460,1.0000000000000,0.6208849323200,0.6607826698851,0.6607690983829,0.1516386476706,0.2137599407846,0.0613707269766,0.5635607689478,0.4275369614794,0.4430652429902,0.4808977534443,0.3072399353582,0.5118460215454,0.0999264855891,0.5567486474530,0.3129446405263,-0.1505074675074,0.2639557168360,0.1430362680146,-0.1834898434166,-0.0969786572810,0.1265354774706,-0.1138903206683,0.3610638652935,0.1035220008474,-0.1704264243382,-0.0230350171012,0.1115057687895,0.1069002344897,-0.2456722768477,0.0640494837101,0.0622684059610,0.3472838149990,-0.1029488073498,-0.0122359496506,-0.0855324242879,0.3154734236708,0.1904457039213,0.0314032575961,0.1227097532011,0.3941901924344,0.1758341560649,0.0664173429079,-0.0688227445227,0.3247707262550,0.3542633786353,0.3372308485015,0.5820170663869,0.6062717046273,0.5794326939245,0.6384654497731,0.7460445079187,0.6872548996271,0.6974315906556,0.5501736638763,-0.0710037418296,-0.2176946350004,-0.1458544874672,0.4769196372242,0.4462640593877,0.4263380012946,0.3216794879617,0.3948320282226,0.4386802204237,0.4369582274342,0.1363900497562,-0.0528508711147,-0.0395315356752,-0.0057171227426,-0.3370560915620,0.1723007379428,0.0923587782536,0.4304265547610,-0.4247904736529,-0.3341430950236,0.0412212262100,-0.2490037316062,-0.0343073191633,-0.1155073677843,-0.3265723266831,-0.0115557599690,-0.1717892127720,-0.1439232698801,-0.0955482118344,-0.0948597511254,-0.0688621337107,0.0681515613458,-0.1430190800506,0.3404278356953,0.2805431779569,0.1571310159915
-0.1328435014073,-0.1730928260232,0.0780041215344,-0.0032588892168,0.2360244003806,0.3388428900452,0.1702159422914,0.5022551009759,0.5637308521759,0.6208849323200,1.0000000000000,0.7128118046301,0.5593743889649,-0.1342152926093,-0.0720782957993,0.0937253476104,0.4723336833550,0.4000061173744,0.2373487692147,0.2025618169030,0.1957328234824,0.3564534135360,0.4009599670134,0.5127995385939,0.2544627680488,-0.0039079692038,0.3375260816250,-0.0465763690866,-0.0914217244267,-0.2297574940773,0.1709505067907,0.0827519303333,0.1651453242649,-0.0190598616066,0.0652580988558,-0.0333520909334,0.3386030305763,-0.0017380570427,-0.0174100525114,0.1778879864315,-0.0651858039836,0.1359825405493,0.0065224447120,0.0185938493661,-0.1273659021195,0.1650669834616,-0.0134407503820,0.1485189329624,0.0360580443812,0.1098452002941,-0.0323566175279,-0.1246692907718,0.0456253753277,0.1608930027535,0.2205614085394,0.0867255241548,0.4579385755885,0.3880813115693,0.3250953832815,0.5842764977856,0.5808546779419,0.8055351405811,0.5535251204863,0.4629202780861,-0.3049017957592,-0.1248049424750,-0.1119046472098,0.3984645408686,0.1425810883844,0.3548857827757,0.3833973913307,0.3129012221405,0.5961969822642,0.3988515114943,0.0322141697778,-0.0139597543310,0.3398043001511,-0.0578705536949,-0.1547778809457,0.1740284376250,0.0270299397960,0.2660436047271,-0.3870634379444,-0.0113557299522,-0.1308599225099,-0.1848857680955,0.2671228709940,-0.0460432703761,-0.1161516539697,0.0030870754205,0.0041886682217,0.1058017217946,-0.0922856333081,-0.0960776279968,-0.1825510938182,0.0625323497287,-0.1045335612776,0.0762710130908,0.0240137663948,0.0258347417542
-0.1725102701279,-0.1826739730445,-0.0268669824958,-0.0398713226677,0.1249614727988,0.2120219889205,0.1139303336767,0.4772077995488,0.5210859281653,0.6607826698851,0.7128118046301,1.0000000000000,0.7294491465690,-0.0750169938146,-0.0556467088214,0.1171195914401,0.5608904951107,0.4088699311548,0.2553700353551,0.3176651778938,0.4543377237322,0.4032175205962,0.5980310040874,0.4884395917256,0.3980277230517,0.1729530300454,0.4143426292019,-0.0468333584102,-0.0917394892561,-0.1197177913867,0.1799194849954,0.1832243658979,0.3781660459583,0.0576125868465,-0.0920354556311,-0.0833760921841,0.1345134676433,0.0898159522296,-0.2947220113842,0.0144408436737,-0.1020265224416,0.1966763208040,-0.0678917392703,0.0365959656099,-0.0656445615607,0.2724905722059,0.1329281205225,-0.0861663213255,-0.0240806454455,0.1925536168234,-0.0800102889134,-0.1899837197022,-0.0391348383801,0.0485218112249,0.0459740098194,-0.0109881658878,0.5696422379799,0.3696271029353,0.3246451116483,0.5276287189813,0.5446966246853,0.7025828059763,0.7751648319465,0.6383041125322,-0.3153896689160,-0.1926443004034,-0.2762819737733,0.5122966821925,0.1108022650357,0.4615456671251,0.4934833924977,0.5429448021308,0.4460617284073,0.5784071897774,0.0863372162590,0.0098972754764,0.2623168391012,-0.1635392567074,-0.2062969506496,0.1781617358299,0.1596798409136,0.4743510612758,-0.4572197021589,-0.1836408433872,-0.1341880474530,-0.3205730509810,-0.0026723942492,-0.2490832926550,-0.1928391008654,-0.0654918760899,-0.2779727059293,-0.1656325507871,-0.1734748602633,-0.1728745382177,-0.1779266811459,-0.1570095336390,-0.1610583489817,0.0109860867715,0.0556910712455,0.0953124322038
-0.0056088102314,0.0048572326161,0.2309966351181,-0.0216808799924,0.2331892557827,0.4401037749509,0.3247641595041,0.6713051132698,0.6545147204867,0.6607690983829,0.5593743889649,0.7294491465690,1.0000000000000,-0.0407031694836,-0.0198890265282,0.0459286492087,0.5992150152948,0.4590664847186,0.3259267847128,0.4464438515527,0.2703534044832,0.2577621875592,0.1750837915157,0.4604394339411,0.3666090519630,0.0053553970113,0.2019453794192,0.0197289677081,-0.1014631008195,-0.0509505468840,0.1588119518543,0.0299208936943,0.2746291588468,-0.0818291071350,-0.1491842095260,-0.0685702481579,-0.0083872267863,0.1489780015581,-0.3100884149538,-0.1000365955259,-0.0588105180413,0.1424139297813,-0.1697331273065,-0.0763833982622,-0.0577766983880,0.1192683590367,0.0144946767086,-0.0045540676107,0.0342250003441,0.1185558627098,0.0363732289521,-0.0351520471070,-0.1674425836560,0.2771824571803,0.3092101285676,0.1555854016602,0.7845238652825,0.5930982621330,0.5243743021805,0.6465551205042,0.5343816313847,0.5969813086614,0.7511408412979,0.9073458803035,-0.2213652796543,-0.2461737688927,-0.1938788301763,0.5764176154204,0.2839677071486,0.5080701763144,0.3365892470870,0.2363478511679,0.3794296246589,0.5678485370367,0.0902450734583,0.0350532211186,-0.0240418918132,-0.0787464271719,-0.1969546889384,0.2010869009450,0.0584357689286,0.3862507828415,-0.3726446413179,-0.2515201666149,0.0552060082575,-0.3219565734584,-0.0975651695746,-0.1921426164801,-0.3100778043261,-0.0030549557781,-0.2407360219405,-0.2658667470582,-0.1613876595645,-0.0797838383898,-0.2267386953237,0.0176461190345,-0.1207990681057,0.0322429065602,0.0289953809657,-0.0270988436045
0.6226858416252,0.6664280586981,0.3217786077073,0.5543834624211,0.4013383923413,0.1797727220274,0.2606531177447,0.0091813535391,0.0648621886890,0.1516386476706,-0.1342152926093,-0.0750169938146,-0.0407031694836,1.0000000000000,0.7418510979872,0.2911833166001,0.1319041924076,0.1209377946360,0.2418740903344,0.3784329672826,0.3308386147200,0.3625870904711,-0.0742937085727,0.2443355163333,0.1619672122359,0.0251842765926,0.3153293131573,0.5342920531951,0.2251558681142,0.4994469341155,0.1956871307422,-0.0741067932132,0.2170064815135,0.4039155722228,0.2197253879532,0.1476395610834,0.1079113028304,0.3776583682025,0.1037073031698,0.2214800786205,0.4329302079906,0.2161769954216,0.1440187726115,0.2183574016967,0.1877784781799,0.2748335754331,0.4053861639715,0.1337056220773,0.5392048539927,0.3672898935467,0.4828245792981,0.3780198327077,-0.0813059036008,0.2480442264307,0.1706683719337,0.2319008807368,-0.1628320617679,-0.0118367335533,0.1021346446071,-0.0949928993851,-0.1870378670684,0.0605471270554,-0.1292597043737,-0.1298425572754,0.5538023972656,-0.2912362604636,0.0496936385378,-0.0492296810779,0.2815055797677,-0.0595656282549,-0.3123821113369,0.1687967366137,-0.0305655162045,-0.0831219209007,-0.0780890764047,0.1185801288139,-0.1967088814358,0.3164006888241,0.0808692637050,0.0148123738749,-0.0522683887312,0.0192728871755,-0.0305925053875,-0.4441878566004,0.1613691882990,0.0694167656064,-0.1369599019496,0.2806599439322,-0.4658060438223,0.0579533883543,0.0290436789864,0.0135172479081,0.0631758653453,0.1121548217003,-0.0726823799995,0.1549605270126,0.0659423827533,0.4537283340891,-0.0996780118873,0.1255905060090
0.5715491301177,0.5560846792143,0.3827997075632,0.6913269563406,0.4579093966814,0.3000936109301,0.4292122410305,0.0229370698966,0.2029032849960,0.2137599407846,-0.0720782957993,-0.0556467088214,-0.0198890265282,0.7418510979872,1.0000000000000,0.4857411614279,0.1794385156600,0.1593483210415,0.3669139239361,0.4114173040167,0.3272440634055,0.1837653744075,-0.1358331360572,0.3888628572799,0.2251515358161,-0.0848969159286,0.3598382825721,0.3246733797779,0.0565157450504,0.2717250985683,0.2896208294018,-0.0043506602182,0.2866689511746,0.3397932015393,0.3647074934287,0.4440590877542,0.1628126406758,0.4424182324783,0.2525281418316,0.2343762859906,0.3162352694714,0.2403266300583,0.4047733954828,0.2163388286552,0.0039256934952,0.1349790603593,0.3243368815647,0.4296299271106,0.5437054670775,0.4774683736135,0.4792439096446,0.3555582116726,0.1738139084819,0.3531899782144,0.2602958106569,0.3951930653446,-0.1519156922330,0.0566071859377,0.1944826904270,0.0267864880239,-0.1909491490321,0.1774445211096,-0.1332653979658,-0.1232972986258,0.3115641760119,-0.1054082440215,0.3034964194354,-0.0166235542203,0.4220318814980,0.0497415314949,-0.3315005302083,0.1102063565348,0.0889295330695,0.0014995791904,0.0301029068333,0.0843337983232,-0.1112392230198,0.1108833989601,-0.0412384339429,0.1613028545842,0.0540459342267,0.0702335456270,-0.1620492716131,-0.2284692664323,0.1465182567420,0.0474731224961,-0.0642448854535,0.4709395356434,-0.3592710827066,0.1274605973041,0.1657878621316,0.1294416403686,-0.0066337905950,-0.1594567134949,-0.2387230453415,0.4085708911117,-0.1655167878384,0.3944703985684,-0.0777778492754,0.0844925781561
0.1333865572246,0.0908360709501,0.2070235859235,0.5008220370606,0.2317225634005,0.2237077933747,0.2341717396677,-0.0211629396841,0.1576262842337,0.0613707269766,0.0937253476104,0.1171195914401,0.0459286492087,0.2911833166001,0.4857411614279,1.0000000000000,0.2936255933523,0.3049829979229,0.4033542559472,0.3751054249296,0.3574878382853,0.0528772653415,0.1514883039842,0.3240273771320,0.4004627731365,0.0477528393463,0.4684764451946,0.0979620225057,-0.0320828440063,0.1962035919271,0.7358393413957,0.3181451419822,0.3393805276527,0.3733646027397,0.6012530010040,0.4695613059779,0.4378067094917,0.3186111175226,0.2996292879515,0.1005042780143,0.1263072234969,0.1937969850621,0.6438217117155,0.0945020414474,-0.0122023546555,0.0568607547080,0.2873922333877,0.2725304960887,0.2253726535144,0.2526607140155,0.1548259217835,0.0972521303281,0.2661432623576,0.2378903026855,0.1037964594997,0.2244867584523,-0.0476830919393,0.0077563219384,0.1471229783947,0.0470229030703,-0.2166297627066,0.1891196345370,-0.0593042664733,-0.0656548386549,-0.1348143456616,-0.0620046719550,0.6133518310251,0.1907460964568,0.3226452769086,0.2504955368080,-0.1766366044754,0.1787326399546,0.1987443762604,0.2340313374756,0.2922838697586,0.0943264261281,0.2651143272938,0.0182589417866,-0.0870719281024,0.5591589429765,0.1709958747355,0.1727881417579,-0.1595522039392,0.1808731989076,0.1054160090844,0.2222090101683,0.2639044158507,0.4873595761775,-0.0764361763213,0.0046542941105,0.1109544316234,0.0324466636108,-0.1753033651573,-0.2067156771901,-0.2662157008291,0.1809444988192,-0.2829755087074,0.0658563889007,-0.1448122621647,-0.0316850878478
0.1381006925413,0.0264649645679,0.1586916585348,0.3830579705755,0.4345759970970,0.4945146075521,0.5464330713620,0.7445512697129,0.7216783561816,0.5635607689478,0.4723336833550,0.5608904951107,0.5992150152948,0.1319041924076,0.1794385156600,0.2936255933523,1.0000000000000,0.8726367906468,0.6620717660169,0.5898862982526,0.3066035584970,0.1192159039088,0.0547615495962,0.4979629602383,0.5186501796050,-0.1479152847065,0.2325762305336,0.1674751074163,-0.0254267831512,0.0005132677183,0.4496837570484,0.1635115937798,0.3930594948875,-0.0126690166522,-0.0577478566363,0.0087145452049,0.1291892398036,0.1712594208673,-0.0537474990702,0.0068925324491,0.1299702297951,0.3689423258917,0.0867988951308,0.1089773440813,-0.0997140912387,0.1554762812702,0.1351557113170,0.1426080608659,0.1332261831067,0.3594706985688,0.2382007671481,-0.0228540241865,0.0465415520724,0.3192848360708,0.3817750867796,0.4736118130350,0.5429065458569,0.6356758815301,0.6845539485630,0.6392214803123,0.2975663620178,0.6160274449162,0.4077313265552,0.4016530776447,-0.1313820111428,-0.1875672054750,0.0818281687210,0.7927186005216,0.5169992492675,0.6157534933444,0.1806039389128,0.1726559034895,0.3537837744654,0.4656424650589,0.1910131002603,0.0740824802697,0.0276021181834,0.0838400681678,-0.1410167514553,0.4643237616457,0.1957300558466,0.3832919703010,-0.3668334747869,-0.2026985305603,0.1317120449522,-0.1941559566636,-0.0862996113505,-0.0802319484981,-0.3703406406580,0.0840897692560,-0.0315806392049,-0.0753087007047,-0.0612657056504,-0.0682020446718,-0.2916918789383,0.1143319082055,-0.1640599567938,0.1539999438357,0.0770520553052,-0.0452594294760
0.1507645690173,-0.0168896532708,0.1390673667408,0.4202890053151,0.4132071047030,0.4744753016444,0.5483386140004,0.7108651175892,0.7013912321588,0.4275369614794,0.4000061173744,0.4088699311548,0.4590664847186,0.1209377946360,0.1593483210415,0.3049829979229,0.8726367906468,1.0000000000000,0.6785954790505,0.5723159357143,0.1836878560175,0.0176489634991,-0.0260560288737,0.4953664576360,0.5382220131162,-0.2327266452811,0.1799342742754,0.1426518329220,-0.0526857615380,-0.0210949848741,0.4194377127652,0.1375565132558,0.3783869367720,-0.0012804937426,-0.0490934196267,0.0310324921359,0.1630636478802,0.1228818331900,0.0178084196549,0.0254177719713,0.1592145443363,0.3882403625964,0.0814710822696,0.0981712743043,-0.2042629053687,0.1519150789885,0.1544899237131,0.2064024809356,0.1244525627588,0.3552261403528,0.2257273498740,-0.0468295324742,0.0779944014898,0.2760899578686,0.3628099495571,0.4963605896535,0.4965286282252,0.6368354631926,0.7070607275873,0.6312003153235,0.2037584343885,0.5643937145144,0.2809406125513,0.2907517160119,-0.1320193600739,-0.1719826105601,0.1580999598166,0.8180468856773,0.5501577761330,0.6685193641050,0.1199240046287,0.1122673257552,0.3919089466693,0.4372590186707,0.1451771081671,0.0576430407134,0.0426413860219,0.0905452269174,-0.1642673036952,0.4865842752815,0.2348264815444,0.3650759790628,-0.3514177583096,-0.1601169693052,0.1260998410506,-0.1142553756292,-0.0508100229159,-0.0243755079890,-0.3707972745717,0.1040546392979,0.0411681670793,-0.0219824306759,-0.0908155839070,-0.0955659087408,-0.2646480744452,0.1885887850062,-0.2354161684141,0.1304278512194,0.0686368640860,-0.0555246806599
0.3621183389994,0.2342738937264,0.3975934755683,0.6171060447787,0.5109464460155,0.5176745186476,0.6534626343089,0.5722122163248,0.6850309300346,0.4430652429902,0.2373487692147,0.2553700353551,0.3259267847128,0.2418740903344,0.3669139239361,0.4033542559472,0.6620717660169,0.6785954790505,1.0000000000000,0.5868871195769,0.1376190156485,0.0172810023482,-0.1752496324852,0.4957222346526,0.4539182868868,-0.3874502455394,0.1674378691402,0.1268526546326,-0.1222497112600,-0.1454570865637,0.2596330269202,-0.1151992915542,0.2672285705184,0.0466671718326,-0.0674443465829,0.4314457977273,0.0520499003277,-0.0130826490354,-0.0383807567502,-0.0057685986195,0.1186391713023,0.3118243471604,0.1814860647140,0.0772859698273,-0.3812409769218,0.1128479314324,0.1833621719186,0.1341837353587,0.1542614612020,0.3622979336185,0.3993570783474,0.2493955155708,0.2645651764784,0.4652683911100,0.4502523130364,0.6463578788755,0.3245145793385,0.5392894240821,0.6687761534039,0.5907692256509,0.1374951019992,0.4101085987651,0.2185362091078,0.2143640085495,0.0318472084052,-0.1568580719548,0.2173254902966,0.5473650602431,0.8368696874140,0.5471636162990,0.0706748378436,0.0352080085126,0.3623781812269,0.4143236262403,0.1599395162063,-0.1562423683003,-0.1233974564701,0.0240591486647,-0.2158367617892,0.3020950169594,0.0246099447094,0.2158372704130,-0.4504796674098,-0.1762175020327,-0.0927796997984,-0.0770197677418,-0.1250306239506,0.0905525288332,-0.2911328840420,-0.0624474885316,-0.0220158249799,-0.0233848634030,-0.1433827021802,-0.2940343529514,-0.2994886751906,0.1712879771924,-0.3131363107307,0.1893331821220,0.0055116121079,-0.0001108678600
0.2082784060972,0.2751373609389,0.2328618443513,0.3663770611808,0.3453744824316,0.4107908930318,0.5223261479828,0.5880928971369,0.6641552840581,0.4808977534443,0.2025618169030,0.3176651778938,0.4464438515527,0.3784329672826,0.4114173040167,0.3751054249296,0.5898862982526,0.5723159357143,0.5868871195769,1.0000000000000,0.3885847262332,0.2241874981520,0.0132283322359,0.5829414800209,0.6593496976652,-0.0078727548924,0.3844426642266,0.4230260826191,0.0379630289550,0.3376619732940,0.4693002732877,0.1393079772321,0.5764791457483,0.2723480870979,-0.0059952498974,0.0507748172785,0.1351861470869,0.5378711754300,-0.1365695825124,0.1612990557817,0.2865287633323,0.4578811078884,0.0892993299542,0.3668398136011,0.1809356989282,0.4041245096443,0.4702022117034,0.0729700301891,0.2736017786694,0.4127325502629,0.1536979702065,0.0143364953249,-0.1480518753450,0.2898194024075,0.2756641304658,0.3744441803775,0.5139761879796,0.5577500785900,0.5204614852256,0.5225822143742,0.1487914569655,0.4116824406597,0.1732467094618,0.2590834017430,-0.0935277115619,-0.4617954104731,0.0176566185064,0.4874977214669,0.4864974262322,0.6152874791252,-0.0427234337037,0.2582593981131,0.3127419851487,0.4880157087096,0.0065729808974,0.1350275069083,-0.0206955598919,0.2298198100858,-0.1172757677376,0.3497445966223,0.1028309131384,0.3992313713903,-0.3343988254234,-0.4337700636798,0.3534086090299,-0.1275332994834,-0.1657933881077,-0.0057231972177,-0.5921696990673,0.2409826256931,-0.1807998441443,-0.1104115507224,0.1470190462911,0.0691819867400,-0.1379940147249,0.0774852533069,-0.1927725298948,0.2200486426619,0.0079764403750,-0.1291033451224
0.0246175720837,0.0526283685867,0.0202747672888,0.1115277353163,0.1214014689975,0.0819449418003,0.0888807223828,0.0563097476881,0.2289846763729,0.3072399353582,0.1957328234824,0.4543377237322,0.2703534044832,0.3308386147200,0.3272440634055,0.3574878382853,0.3066035584970,0.1836878560175,0.1376190156485,0.3885847262332,1.0000000000000,0.4768193520978,0.5397586536022,0.5485462805866,0.4607460712928,0.4580507514057,0.6160787756265,0.2795701937830,0.1025197146201,0.3137660385395,0.3803327983500,0.3198524563405,0.5895818212446,0.2851188431483,0.1363103890990,-0.0391093199345,0.2719137248845,0.3461565724917,-0.3241615642989,0.0443242308958,0.0891943638015,0.2425952606607,0.2265743801529,0.2296944253717,0.2013917464859,0.5248875831190,0.4843290949316,-0.2046917866740,0.1622022198137,0.3391717677576,0.0336079937838,-0.1304033969190,-0.1270706127658,0.0765653398160,-0.0501753561222,-0.0305840906424,0.1783876477932,0.0202227633141,0.1339706712209,0.1776013718150,0.1142855134065,0.3639043300471,0.2721425239416,0.1730993029959,-0.1492558600412,-0.3837270787040,-0.2493086524527,0.1939509631715,0.1098079015922,0.2403659040181,0.2531246990445,0.6345294573508,0.3577691391408,0.4586729466740,0.2508772888135,0.2893715646714,0.2019436498912,-0.0085805521772,-0.0180313668109,0.1920837168957,0.2564701299696,0.3972251321982,-0.4000456963317,-0.3280086752370,-0.0049192828856,-0.2653685810568,-0.0630988960580,-0.0932517156273,-0.2869322024218,-0.0821055928031,-0.4647354836540,-0.2962918134837,-0.0849180166626,-0.0262602396762,-0.0140144831186,-0.2456810898462,-0.1319319116817,0.1373587825213,-0.0943427059080,0.2273160112248
0.1322860760670,0.2030217493598,0.1665524646489,0.0521387793816,0.1585681352599,0.1645549414991,0.0234210975270,0.1194014477932,0.1152492552637,0.5118460215454,0.3564534135360,0.4032175205962,0.2577621875592,0.3625870904711,0.1837653744075,0.0528772653415,0.1192159039088,0.0176489634991,0.0172810023482,0.2241874981520,0.4768193520978,1.0000000000000,0.3701730938579,0.3513519970029,0.0967863242427,0.2581194157072,0.4484957459432,0.3147618288690,0.2142287602257,0.1909813864652,0.1055805562720,-0.0243704000933,0.2901232891451,0.2815337912058,0.0500766665740,-0.1582821379052,0.2533521539186,0.2404233974879,-0.2031476149763,0.1381268219453,0.1809209013117,0.0677214468544,-0.0761408237931,0.0783617783889,0.1986135627861,0.5226310433877,0.3834161900086,-0.0928331340948,0.2500992256054,0.1156413907449,0.1221147412151,0.0703543142201,-0.2309644697770,0.1527448152207,0.0989648919963,-0.0535683272792,0.1857326635644,0.0396240353787,0.0421282042881,0.0737867704072,0.5283917570247,0.3969127113668,0.4551785191488,0.2104770319668,0.0775932090875,-0.3827150703454,-0.3103368007951,0.0306724431030,0.0447374901567,-0.0416168061154,0.1978932956153,0.6516915344462,0.2535510341787,0.1667882105214,0.0436093344458,0.0934870377602,0.0477983486108,-0.0198816946842,-0.1059920623344,-0.0592162257541,-0.0139427359026,0.2678259225852,-0.2262024852662,-0.3958024134219,0.0159244798048,-0.2145035173767,0.0309828555114,-0.0497716357962,-0.2856263481535,-0.0710384951964,-0.2430252101796,-0.1913705957217,-0.0095933469007,0.1318920906214,0.1959623214592,-0.0786326802575,0.0765226022626,0.5348289230891,-0.0081222104275,0.1447400762352
-0.2911100361255,-0.3023739755864,-0.2490279833709,-0.1822608791682,-0.1184328027899,-0.1922175116161,-0.2651533268322,-0.1394361161572,-0.0230073573533,0.0999264855891,0.4009599670134,0.5980310040874,0.1750837915157,-0.0742937085727,-0.1358331360572,0.1514883039842,0.0547615495962,-0.0260560288737,-0.1752496324852,0.0132283322359,0.5397586536022,0.3701730938579,1.0000000000000,0.2629874362592,0.2677800606721,0.5859703411471,0.5963582927151,-0.0995543792375,-0.0187135417240,0.0023516713001,0.1419771278688,0.3993988330482,0.3159954467644,0.2454585946132,0.1065768297888,-0.1393736085033,0.2796519476028,0.1422191633128,-0.2236184184501,0.1468246604515,-0.1740313742671,-0.0326549888520,0.0738312410486,0.1774923239208,0.1350231163361,0.3896289371663,0.2325000788601,-0.2414506981367,-0.0867517586029,-0.0347497182534,-0.2186811240571,-0.3350714055184,-0.0103494974564,-0.2494272323274,-0.2984760101093,-0.3438524971308,0.0862475396624,-0.1930525960108,-0.2373058815732,0.0165593912598,0.1213024454135,0.3130460502311,0.2969128530506,0.1669085467558,-0.3083936360515,-0.1636833024286,-0.2816449597957,0.0554903114572,-0.3117762445556,0.1472962795024,0.3081395597955,0.6979755979509,0.2787258346881,0.3391375444329,0.0288019872592,0.1597029309533,0.5349826132694,-0.2323690524373,-0.0508800218120,0.0596948521853,0.1782188116648,0.3529467622736,-0.2482551284055,0.0034955834952,-0.1847940757232,-0.1641422657422,0.1768480471734,-0.1781511322906,0.0327543618902,-0.0502567380353,-0.2968785733317,-0.0452324310674,-0.0732037244178,-0.0356071451158,0.0159312738722,-0.3416448482826,-0.0251343879943,-0.1250771030769,-0.1132924544309,0.1538948211923
0.1031208900712,0.0661308113348,0.1821708676086,0.2960827205372,0.3403692570304,0.3877229460138,0.4172402186077,0.4865984415954,0.6948969713294,0.5567486474530,0.5127995385939,0.4884395917256,0.4604394339411,0.2443355163333,0.3888628572799,0.3240273771320,0.4979629602383,0.4953664576360,0.4957222346526,0.5829414800209,0.5485462805866,0.3513519970029,0.2629874362592,1.0000000000000,0.5315395007027,0.0769631042898,0.5028831518401,0.2100071668858,-0.0698933127287,0.0120846282015,0.2802166529671,0.0409189680126,0.3809707199292,0.1457674179574,0.1008550603441,0.2316719914999,0.3660155635929,0.3456078190071,-0.1118424751117,0.1963264608225,0.0748666533630,0.2354880214354,0.0431373601044,0.1338933866459,-0.1412563054452,0.3271626210935,0.2212274564780,0.1885001632609,0.3311319393254,0.2855543783364,0.1160362301786,-0.0811387963323,0.0925638124675,0.2382403216204,0.2570719724499,0.2930139297817,0.4786336253974,0.4286965908150,0.4417586997093,0.6308942036233,0.3384926113945,0.6057168794600,0.3289391700716,0.3489802017026,-0.2091485161335,-0.3192100884227,-0.0716812633581,0.4124974832528,0.4612980791326,0.5571894442084,0.2296204497021,0.3679931468776,0.8099991405405,0.5496987129125,0.0542206073672,0.1186121000001,0.2169330224661,0.0068422465936,-0.1678314656354,0.2846943640550,0.1356599266569,0.3794637005544,-0.4929300918679,-0.2743019445772,-0.0434663539135,-0.2573919924066,0.1344886961645,0.1243222735863,-0.3709452694139,0.1226246110026,-0.1260698687989,-0.0275171010765,-0.1236840925296,-0.1175388632881,-0.2274700402634,0.1446468735574,-0.1554846196808,0.1970101117837,-0.0710918724047,0.0822809601347
