1.0000000000000,0.7150668418444,0.7230011636343,0.4943585888380,0.5993092629309,0.5369905162661,0.3730715186258,0.3019875533018,0.1191582942726,0.4502117149263,0.1576036830602,0.3565280774429,0.3458905850691,0.6749200660466,0.4779623185937,0.0901039376693,0.2786131007369,0.1806156145657,0.0239008465698,-0.0869684835185,0.1224903953863,0.2229283267654,-0.0331913367198,0.1244912239636,-0.0376289485269,-0.1079334328355,0.0244444518290,0.1599212467267,0.1142002242157,0.1212921547805,0.0204588917061,-0.1974069393743,0.0498397415116,-0.1089869361400,-0.0110578306637,0.0642931236174,-0.1056371187773,-0.0396597029088,-0.0798277690703,-0.0418613426376,0.2602570033832,0.1786672444176,-0.2926484690702,0.0057157807036,-0.0840333243310,0.2117179370238,0.0250664577012,0.1645184866939,0.2699958321910,0.1919981677293,0.7689448867173,0.8542585450891,0.3193749423382,0.5879319007136,0.4341816392949,0.4518855544443,0.1693311013441,0.2181791004249,0.1393806776120,-0.0347170376010,0.1901979633817,0.1523325466981,0.2145109246446,0.1123922678669,0.6407402121184,-0.2666776202122,0.0620537225338,0.1309056034076,0.0900608431477,-0.2590304040129,0.1632585013990,0.0569480853874,0.0467538180265,-0.1439541979580,-0.2651283703641,-0.2820006280496,-0.2162647824669,0.1838963904703,0.0901521516647,0.0174141087584,-0.1465619611911,-0.1243317832074,-0.0241748997356,-0.4013783340261,-0.3000130308135,-0.0473785548533,-0.2146170743443,-0.0137760588070,-0.4649320168178,-0.1933868110330,-0.1008971275042,-0.0363987701925,-0.3098014030949,0.0840025423613,-0.0689830730549,0.1593661757369,0.3403637261171,0.2297311186911,0.1679856849149,-0.1096227874731
0.7150668418444,1.0000000000000,0.4573341954352,0.2856953777737,0.2157734800497,0.2704234168142,0.1757572910839,0.3618799408689,-0.0806242537056,0.3125082282798,-0.1953192545619,0.1391862988738,0.1955987772351,0.8599555251317,0.1962168579288,-0.1904421752147,0.0656571678489,-0.0086723361386,-0.2053495162103,0.0097202924177,-0.0693215959909,0.3559633835562,-0.2659253671401,-0.1813215275680,-0.2812744359907,-0.2046216237181,-0.1633318368642,0.4370202345835,0.4698880063931,0.5311955001471,-0.1445867836741,-0.4353736702916,-0.0825327161849,-0.2168305450084,-0.1540945697084,-0.2001760087907,-0.2984317617740,-0.0914299338620,-0.2395894183419,-0.0850869956657,0.5058776217042,0.0023388840735,-0.4440632604457,0.0890615001348,0.2126522363117,0.1430542893894,0.0519553585656,-0.0829374335986,0.4651206296657,-0.0396811891716,0.3446896668749,0.7240979726316,0.0062621411742,0.2801409088471,0.1375289808950,0.1974769111587,0.1008238822235,0.4444191883770,0.1148870285702,-0.2741140567769,-0.0379998367795,-0.2134558727531,-0.0009818545002,-0.0047380599622,0.5857930577716,-0.3974343233350,0.0376938699575,-0.0520428507701,-0.1370002806307,-0.5366976720764,0.0141789279834,-0.1832927706985,-0.1920426143258,-0.2756173136980,-0.1530315552289,-0.3239807321015,-0.4015660280318,0.4963653240242,0.4201052231994,-0.2476504117222,-0.4423580811164,-0.2051488949100,0.1505787745873,-0.3600536082798,-0.0011708612327,0.0166414171676,-0.3238410788078,-0.2457158597656,-0.4379808112443,0.0163836974129,-0.2372394244204,0.0165196056278,-0.0870172255152,0.1563245553777,-0.0197564210352,-0.1323991095439,0.4702602961362,0.1967396707019,-0.1112128743927,-0.3480636526492
0.7230011636343,0.4573341954352,1.0000000000000,0.6028727667139,0.6665815375715,0.7903740475762,0.5929234850540,0.3487645142010,0.2273281303528,0.4400285165715,0.2139790659974,0.4013973023051,0.4421616780310,0.3535913184634,0.5142851480335,0.3904099860948,0.4307127033761,0.3157255137683,0.2067908936373,0.0603634302475,0.2604478942189,0.1593367577716,0.0724155263042,0.3060442731661,0.1333051559000,-0.0664581334901,0.1936366467303,0.0044959929599,-0.1416225714938,-0.1257969086024,0.2240496840946,-0.0900890750984,0.2171859809094,-0.0181876417170,0.0866839517860,0.2434616922930,0.0580606498292,0.1617766950787,0.1318350392836,0.1064706154435,0.0635855462400,0.3172918263877,-0.0370192261757,0.0774507542248,-0.0247726867870,0.1969282073878,0.0073509362832,0.3351234997032,0.1458898359823,0.3129289141711,0.7128252646713,0.7905979181957,0.4597929552159,0.8458248846459,0.6498753269498,0.5713043521446,0.2764221221148,0.1067207877374,0.1915329792916,0.0965486444678,0.2988493863077,0.2478407499279,0.2501103490837,0.1877119797692,0.4373526457665,-0.1174075976309,0.2388918096068,0.2606684534186,0.2087418159045,0.0220360908655,0.1734780382176,0.1416449061424,0.2247159641131,-0.0027113526650,-0.2476719610904,-0.3415868091632,-0.0039108416802,0.0331888783354,-0.1596109137859,0.2225245866479,-0.0755546257490,-0.0107458681136,-0.1295176991407,-0.2536912805487,-0.3453541034008,-0.1371535603912,-0.0687396143050,0.1743068195765,-0.3290286913554,-0.1166624018066,0.1053484965698,-0.0678220935906,-0.3401209281311,0.0276556403477,-0.1087462291043,0.3528873768810,0.1336222356802,0.1596120182250,0.2770495327458,-0.0600199597722
0.4943585888380,0.2856953777737,0.6028727667139,1.0000000000000,0.7752813733958,0.7271760239457,0.9086325062895,0.5742610285433,0.5499284548123,0.5929890878216,0.5591598810150,0.7020192881847,0.7359730889127,0.2764032568745,0.6901918258413,0.5247397071377,0.7767858172469,0.6602039788622,0.5713103080676,0.1140031882499,0.1716131594517,0.2961223952940,0.2032342721515,0.3132287204573,0.3142590169927,-0.2167078420084,0.1805691013352,-0.0746918925486,-0.0736395261446,-0.2363564734650,0.2580124367502,-0.1548864757113,0.1913123026645,-0.2030970318768,-0.1311879388066,0.4084745993328,-0.0846195761572,0.0807995473043,0.0740951498001,0.0738106767298,0.1374224668249,0.4273455444473,-0.2193500317162,0.0434155810203,-0.2620112370288,0.1183506467405,0.0690502380786,0.0755898058144,0.1978579922722,0.4922497661842,0.7084454608737,0.6244337347539,0.7748181933887,0.7396293007110,0.7483176485200,0.8362087546413,0.5699928695493,0.3084019318078,0.5338268447639,0.4437407304528,0.4126404915771,0.5640766679243,0.3992511272203,0.4964184582825,0.5917984955241,-0.1944600649855,0.3427210845913,0.7113940846262,0.5992974096583,0.2037904868795,0.1857906954073,0.1983179958009,0.2799678375894,0.1678196296364,-0.4558821544675,-0.4309030513585,-0.0214301769460,-0.0827257861966,-0.1274982798645,0.3592610625448,-0.0874614605921,-0.0089835257275,-0.3969787296636,-0.4784241066693,-0.6024297992247,-0.3446144574211,-0.3020562232783,0.1892484370705,-0.4115675330229,-0.3744025772204,-0.0471036615400,-0.1178341722164,-0.4769776902540,-0.0825818630342,-0.1854981775048,0.0859325012476,0.2181799967234,0.2195776437742,0.3918211461172,0.1396385061980
0.5993092629309,0.2157734800497,0.6665815375715,0.7752813733958,1.0000000000000,0.7832545779265,0.7383076562574,0.3956301135068,0.4501136600461,0.5881649553654,0.5697247266044,0.6450478891897,0.5753738306776,0.2255195506045,0.6469655464222,0.4351998527754,0.6100220816331,0.5089238184072,0.4259863567080,-0.0071816661174,0.2236755530822,0.3128114679647,0.2985165119492,0.3505093594460,0.3081558879290,-0.1212832915585,0.1836655586378,-0.1745381729155,-0.1658369146074,-0.3602586957763,0.1835698186534,-0.1077996504684,0.1018563822035,-0.1951982562406,-0.0009230199100,0.3801459586269,0.0060393712485,0.0148439128098,-0.0162188903638,0.0107409159539,0.0941490942916,0.3638058501100,-0.1982935253735,-0.0578658262452,-0.3919093322231,0.1957630660216,-0.0067533149072,0.1767187454740,0.1908072124314,0.4279228813411,0.8223999879249,0.5953942000168,0.7034931975966,0.8306664531346,0.8021203616098,0.7404293413200,0.4672306211749,0.1492239668087,0.3931501487071,0.3789741468840,0.5008303954966,0.5800463306133,0.4738478341345,0.4451122891462,0.5251193600152,-0.1422695061768,0.2058966862820,0.5385829933188,0.4962804064341,0.1896616795930,0.2881880967334,0.3179497396850,0.3233071393001,0.2021351475676,-0.3636193369167,-0.3292838502357,0.0660017928571,-0.1910037929106,-0.2172685470770,0.3354342353847,0.0411200205531,0.0654182948950,-0.4087817304407,-0.4163643662016,-0.5964858123678,-0.3408236576572,-0.1835755233624,0.2133530178053,-0.3559503587931,-0.3831837241269,-0.0751981005330,-0.1484502719274,-0.4370359095143,-0.0863922792751,-0.0974453833849,0.1982719601090,0.1730846999179,0.2916769864144,0.4431541103789,0.2219324030039
0.5369905162661,0.2704234168142,0.7903740475762,0.7271760239457,0.7832545779265,1.0000000000000,0.8139838837214,0.4971951632639,0.4354678606561,0.5574858145458,0.4619232477981,0.5877853498408,0.6310681609248,0.2097319613666,0.6267406628859,0.4570397923763,0.6195201152950,0.4246248397154,0.3637232376799,0.0922793707105,0.1503198331793,0.1735624778884,0.0954052676641,0.3102940575522,0.2242558988960,-0.1695134771458,0.1136597891664,-0.1905126561020,-0.1710013771699,-0.3137371642164,0.2285899688251,-0.1340058185725,0.1487049456583,-0.1667085562062,0.0209001194117,0.4230400377375,-0.0456872434796,0.1080061340685,0.1398947665488,-0.0082501397033,0.0186588988820,0.2948214582634,-0.1169877659140,-0.0429753531797,-0.1860389857626,0.0457483499329,-0.0926997053858,0.3735335008608,0.1294545294839,0.3669694594622,0.6884201688062,0.6107856226129,0.6516067293028,0.9197962072387,0.9181321779436,0.7590743992448,0.5202140787518,0.2448389640227,0.3906365452146,0.3170993207404,0.4238525659387,0.4613430564089,0.4212380992946,0.4821142685732,0.4989625196455,-0.0636789555229,0.2986253126787,0.4855290141970,0.4632570984124,0.1435828889454,0.1958331172644,0.1143086756549,0.2381197229487,0.1052043294360,-0.4028351449407,-0.3622867246003,-0.0583949089428,-0.1999420074317,-0.1973081742770,0.2443477914729,-0.1292586854905,-0.0468085001635,-0.3820501910126,-0.3670694720425,-0.4844264628797,-0.3629827197132,-0.2235926543444,0.2551986740147,-0.3809613079508,-0.2588646069912,0.0765023902620,-0.2274567469282,-0.4478513486169,-0.1971410936769,-0.1882536962657,0.3800599792846,0.1268500785794,0.1095888787194,0.3523605357879,0.1355841544351
0.3730715186258,0.1757572910839,0.5929234850540,0.9086325062895,0.7383076562574,0.8139838837214,1.0000000000000,0.6161525213556,0.6026820471235,0.5159197126309,0.5580053243936,0.6694434219819,0.7490936420397,0.1537432555158,0.5994140689688,0.5856779589214,0.7968659441716,0.6580076444133,0.5927675892990,0.1380978629427,0.1360974577236,0.2366713473340,0.1565462176483,0.2703105860068,0.2953255121648,-0.2217801220829,0.0971130160435,-0.1261278321715,-0.0851966040845,-0.2600245894829,0.3039000550677,-0.1166733350591,0.1866267442476,-0.2143506700640,-0.1180121563010,0.4472189387132,-0.1187028315295,0.0986390995002,0.1351017868789,0.0371118263591,0.0744798955744,0.4020071407304,-0.1478231361396,-0.0111824379892,-0.2446329574150,-0.0028539463846,-0.0068119449021,0.1579418646763,0.1429388239737,0.4137654135163,0.6092619331700,0.4927757412302,0.7323106292528,0.7590374143645,0.8359403545306,0.8850578650788,0.6274144225090,0.3495216441478,0.5983501321464,0.5082103708615,0.3662708971281,0.5595543197964,0.3752144094886,0.5851113826506,0.4889159717989,-0.1670371408616,0.4009779712661,0.7234034473109,0.6377696079322,0.2452226278750,0.1600957361839,0.1099475537013,0.2374087764250,0.1572483812152,-0.4510732767838,-0.3705030501502,-0.0483379030579,-0.1281508391610,-0.1425947054641,0.3667869986718,-0.1194894595373,-0.0711114381653,-0.4496568079516,-0.4164457957668,-0.5405524544394,-0.4401175700261,-0.3226066292137,0.2280116277963,-0.3850509495552,-0.3696483103222,0.0139569873941,-0.2129149050901,-0.4825318549941,-0.1766866150136,-0.2427811075260,0.1502208836101,0.1527620846671,0.0853766280531,0.3316394482783,0.1084255952365
0.3019875533018,0.3618799408689,0.3487645142010,0.5742610285433,0.3956301135068,0.4971951632639,0.6161525213556,1.0000000000000,0.6579324333408,0.4392140905324,0.4062632088649,0.5655608954663,0.7452593041571,0.3205969988823,0.2679262711677,0.3449154820242,0.6938509174653,0.6490971197398,0.5484257903779,0.3568417107620,0.0385822542774,0.2905242210915,-0.1108723770875,0.0233021603103,0.1876351193619,-0.2578847133910,-0.0989955297807,0.1184835896656,0.2385539089290,0.0736784674984,0.2212647381967,-0.2954914495753,0.0796130293468,-0.4549561120641,-0.2340212385372,0.2170118390874,-0.3662550539708,0.0521764795105,-0.1125941473797,-0.1637611231267,0.2620602112763,0.2218179328084,-0.2649426796087,-0.0322553597912,0.0675711447707,-0.0309400488124,-0.1084727688092,-0.0837950489524,0.2368396363726,0.1832353231789,0.3859906689644,0.3683356860599,0.3531813924716,0.4392389177865,0.4802372186607,0.5970862857377,0.7127390556082,0.8387956703862,0.8283086876240,0.5075132577284,0.2347755359981,0.4392328768628,0.2644832997382,0.6068150648780,0.4697472944102,-0.4422217138081,0.5385871867761,0.6469896051921,0.5982579561286,0.0830403935781,0.1667639429549,-0.0642789473258,0.0068566622694,0.1385987828176,-0.1926254434943,-0.2815540268899,-0.2664295707403,0.1200852688649,0.1606000417741,0.1677670217353,-0.3629906603592,-0.1715455619496,-0.3756945418293,-0.3321981205850,-0.1757534125944,-0.4945847445642,-0.5134408765920,0.0176277962995,-0.4760328641447,-0.2334707772896,-0.2211669700419,-0.3432581895372,-0.3417735354651,-0.1104425465714,-0.1913654373687,-0.1232579246935,0.2867195472940,0.1025221020706,0.1563411791283,-0.0160677418741
0.1191582942726,-0.0806242537056,0.2273281303528,0.5499284548123,0.4501136600461,0.4354678606561,0.6026820471235,0.6579324333408,1.0000000000000,0.3038551905161,0.5656510713997,0.5410052969357,0.6252829174078,-0.0858149307404,0.3373200836965,0.5838904932040,0.6385337311342,0.6060299204155,0.7942711222226,0.3856761472348,0.1559427420940,0.1195201138798,0.0788021099789,0.3572200598960,0.6430931598376,-0.0767521718807,0.1540872652556,-0.1098105623821,-0.0084717228523,-0.2502626608147,0.2768056627430,-0.0343656492526,0.0338133760339,-0.2686394581050,0.0906140407748,0.5731799835195,-0.0047592193571,0.3009190616559,0.1570199557068,-0.0730029031323,-0.0067068551717,0.2390052982686,-0.0050094317954,0.1065017849318,-0.1432944461715,-0.0794085268217,-0.1074842109013,0.1193137259443,0.0098063112702,0.3212429340798,0.3491046422027,0.1580015763623,0.4641634465338,0.4013590820763,0.4843615751233,0.5795041803149,0.5622501682431,0.4066897919942,0.7387395733701,0.9480604298094,0.2257668234214,0.6095944506768,0.2234961343830,0.5123144655797,0.2182191102938,-0.2041758569092,0.4772746357180,0.6119674927418,0.8900168434368,0.4934370622030,0.1864203256437,0.0466750257412,0.2783847614106,0.5299163402040,-0.2334923036551,-0.0936284141843,0.1265878077926,-0.1416735549728,-0.0770112533137,0.3187175780552,-0.1180031699599,-0.1549389653666,-0.5065291143063,-0.2056232366948,-0.3438362821742,-0.5061410371995,-0.2201995661067,0.4147050160525,-0.2973014338846,-0.2294569568393,0.0284823634806,-0.2893500951264,-0.2001664505044,-0.2124894274774,-0.2711778290613,0.1014297814150,0.0157709635776,-0.0098900599513,0.2797416276855,0.2195876612518
0.4502117149263,0.3125082282798,0.4400285165715,0.5929890878216,0.5881649553654,0.5574858145458,0.5159197126309,0.4392140905324,0.3038551905161,1.0000000000000,0.5483145446424,0.7743974548434,0.6218301904894,0.4301883792633,0.5884540150857,0.2773502870275,0.5027605059740,0.3595777643957,0.2169538133037,0.1885612728300,0.2783207582777,0.5766730664199,0.3439660137701,0.2733139892628,0.1925330563519,-0.0853517438195,0.2725539799170,0.0003915066711,0.0502486706055,-0.0519627100687,0.2624633189903,-0.0248937723217,0.3392405471711,-0.1648172770933,-0.0273848842188,0.2922363732114,0.0163604798675,0.0413032902958,-0.0213758261742,-0.0034939129233,0.3761377149260,0.4021940003174,-0.2722812398345,0.0340558097685,-0.1134938088371,0.3415675170220,0.2009743537076,0.0991531126022,0.2717863764356,0.5511028528100,0.5339229652566,0.4237178611868,0.3582737064972,0.5393944787898,0.5147771842370,0.4531876244544,0.5384216882753,0.3399181924525,0.3411208832970,0.1656010361849,0.6194551846199,0.4404346679737,0.5785410927993,0.4200302440757,0.4956704621218,-0.2076145440405,0.1971387720515,0.4308276422298,0.3494494272674,0.0830249910988,0.3648558931170,0.2944520262620,0.2643703324134,0.1548440926408,-0.2804017543668,-0.3371659986707,0.0075538687407,-0.0812741093873,-0.0419893934973,0.2899820228140,-0.0602879075321,0.1599093370014,-0.3051339707135,-0.4354537312921,-0.4127899770214,-0.2140271004167,-0.1477115169979,0.1080638180092,-0.4222093184849,-0.2189518593957,-0.0914981189456,-0.0963292725317,-0.3691784727337,-0.0710203895032,-0.1049961266080,0.0629995803156,0.2910921287311,0.2509352170435,0.3953063240576,0.1824473204960
0.1576036830602,-0.1953192545619,0.2139790659974,0.5591598810150,0.5697247266044,0.4619232477981,0.5580053243936,0.4062632088649,0.5656510713997,0.5483145446424,1.0000000000000,0.7417061855997,0.6130800419999,-0.0771727056785,0.5252909739759,0.5368313309165,0.6301552308387,0.6244734391624,0.5304903510169,0.1275065136343,0.2712558464804,0.2404659131059,0.4788489475486,0.3775479230930,0.3397808830080,-0.0222671799096,0.2538917330198,-0.2583070490943,-0.1159307126132,-0.3334984381166,0.3712198476327,0.1950188999641,0.2154600143351,-0.1890114031871,0.0350575988315,0.3793950120546,0.0852151458022,0.0266250307397,0.1627713037664,0.0062309226568,0.0174118269183,0.4049390090823,0.0310758164528,-0.1264174094998,-0.3279279902515,0.0354786613420,-0.0157376375141,0.2098695050805,-0.0145470193057,0.4909474680307,0.4415579529218,0.1112166076101,0.5058103649664,0.4275969595896,0.5645217570403,0.4979996428262,0.5215166921383,0.2133996078481,0.5152241837064,0.5566110537702,0.4589095315009,0.8233388650648,0.5022268228487,0.5340318936057,0.2890380444017,-0.0495813837053,0.2234072965840,0.6577563412933,0.5793850644735,0.4345025222318,0.2833164465345,0.3062339030877,0.3855878900786,0.2647186084188,-0.2138116665573,-0.0925728554367,0.1898102613463,-0.3041542273813,-0.1639183474298,0.4606703108139,0.1214345666545,0.0806449870906,-0.4472339121869,-0.2371654191918,-0.4402045569659,-0.4050397008672,-0.0963223459714,0.2703526810561,-0.1845677271311,-0.3756889302091,0.0403544883476,-0.1494793452831,-0.4123744580192,-0.2531233767432,-0.2349288099727,0.2009686572429,0.0899334041075,0.0307013189968,0.4613836560073,0.3426152016875
0.3565280774429,0.1391862988738,0.4013973023051,0.7020192881847,0.6450478891897,0.5877853498408,0.6694434219819,0.5655608954663,0.5410052969357,0.7743974548434,0.7417061855997,1.0000000000000,0.8082178881401,0.2432111698456,0.5885958909968,0.4906122347696,0.7462469099755,0.6606396473285,0.5098851930646,0.2218207042558,0.3020201666951,0.4919318685295,0.4467528633593,0.3693144274168,0.3338182496693,-0.0757142444913,0.3148117486816,-0.0165668766748,0.0462694646697,-0.0987803797030,0.3430408046417,0.0257419282747,0.2871515639454,-0.1997647600989,-0.0357257646567,0.3500604111532,0.0455492887403,0.1087072081530,0.1083280449121,0.0661419267978,0.3069459641364,0.4991056562596,-0.1128691379042,0.0759748156336,-0.1800175797751,0.2262273150026,0.2096879070125,0.1305332596548,0.2504946472764,0.5692613047636,0.5296320863228,0.3565728729861,0.4801356534664,0.5458935366321,0.6162841700603,0.5670183076186,0.6166668371824,0.3724590337397,0.5479954668261,0.4419995181746,0.4572755388209,0.7011524938295,0.5484477823566,0.5637528663353,0.4350724011233,-0.2002864994093,0.2821734566451,0.6905285234586,0.5492079850210,0.2656424629188,0.3325293797564,0.3164326831195,0.3647435778377,0.2447924986271,-0.2816208891136,-0.2717742834079,0.0752105142099,-0.0784396090200,-0.0262243760235,0.4192387191825,-0.0680438019243,0.0660362331098,-0.3699766909818,-0.3701395361542,-0.4732732510864,-0.3642787265239,-0.1798855673288,0.2011330694004,-0.3628642003075,-0.3026402177373,-0.0261982514394,-0.0997820563978,-0.3975129362797,-0.0701561200072,-0.1771091731959,0.1084080562471,0.2675062799068,0.1620972542057,0.4316682474879,0.2014285239489
0.3458905850691,0.1955987772351,0.4421616780310,0.7359730889127,0.5753738306776,0.6310681609248,0.7490936420397,0.7452593041571,0.6252829174078,0.6218301904894,0.6130800419999,0.8082178881401,1.0000000000000,0.2005046736753,0.4825310006313,0.4771233926235,0.8541765075628,0.7022219094666,0.5036757375550,0.2617809209924,0.1601658337053,0.2991324210134,0.1374516576307,0.2360334876870,0.3210717145775,-0.2006748974613,0.1612366161778,-0.0131653714948,0.0714371039518,-0.1098913754427,0.3047941258540,-0.1130316466327,0.3155733569811,-0.2619583659582,-0.1717948107919,0.3012141935625,-0.1483589627002,0.0983422331662,0.0652336438362,-0.0025483298421,0.1990099703456,0.4219240140815,-0.1616890759779,0.0717867436134,-0.0850397428546,0.1023116968103,0.0536582285644,0.0813032826045,0.2123979774299,0.4752669090458,0.4903192243221,0.3828356696922,0.5068121555361,0.5905122377428,0.6537469630185,0.6360198833699,0.7966253344319,0.5531163010330,0.6452864393786,0.5127575032284,0.4092287319193,0.6366820258206,0.4186403559071,0.7609451777012,0.4329849550987,-0.2670854795709,0.3757994009742,0.7712806283428,0.5940660463427,0.2428436059354,0.1970361442487,0.1136506803931,0.2015876575990,0.1855361117898,-0.3440265202981,-0.3703305113791,-0.0701619225841,-0.0499984085653,0.0062373150282,0.3745772599392,-0.2160256975812,0.0320239354099,-0.3729587910259,-0.3935370681742,-0.4204247775499,-0.4101987995233,-0.3689786035475,0.1251336018011,-0.3962388651786,-0.3398986452470,-0.0675942218028,-0.1422013333771,-0.4440417932460,-0.1155258458591,-0.2103997388901,0.0654325545174,0.2307305910571,0.1472226919449,0.3634437738103,0.1127646331736
0.6749200660466,0.8599555251317,0.3535913184634,0.2764032568745,0.2255195506045,0.2097319613666,0.1537432555158,0.3205969988823,-0.0858149307404,0.4301883792633,-0.0771727056785,0.2432111698456,0.2005046736753,1.0000000000000,0.2830573378258,-0.1163297544267,0.0997460354627,0.0007267263769,-0.1699870246054,0.0813810931747,0.0617662362017,0.4644934059980,-0.1383670477604,-0.1526753669249,-0.2488512284239,-0.1850110174176,-0.0838536322190,0.4919387634946,0.5032250054779,0.5762869040657,0.0183404275215,-0.2723856840886,0.0617988223590,-0.1684314848611,-0.1365033179187,-0.1367397044618,-0.2562033213570,-0.1021060271199,-0.2297937915651,-0.0387104556657,0.5805815417802,0.0986835987621,-0.4026575030788,0.0738268748446,0.1871797381976,0.2485900841216,0.1974036846144,-0.1022723296872,0.5690810202284,0.0712877546981,0.3509691970982,0.6171988927409,-0.0405566917783,0.1967015227455,0.1104085287226,0.1555247234109,0.0770364564887,0.4065981789157,0.1135360670229,-0.2748755341053,0.0507831810634,-0.1201592832899,0.1139544112787,-0.0151856073333,0.6256633981546,-0.3866849037001,0.0356791090160,-0.0270029303100,-0.1168351454247,-0.4739023176265,0.0662763319583,-0.0634584729819,-0.1682091074674,-0.2262653214668,-0.1263695822564,-0.3212225713405,-0.3626145213876,0.4982199327794,0.4460993834252,-0.1500700876022,-0.3440423539330,-0.1356083188088,0.1720123311215,-0.3824852407164,-0.0478705970213,0.0261075405251,-0.3073336646504,-0.2441486936409,-0.4568290510902,-0.0628311813945,-0.2415877198693,0.0497495676941,-0.1637755996594,0.2453388682819,0.0504797896526,-0.1640030143319,0.6257891767916,0.3219837272300,-0.0491511146003,-0.3234331831247
0.4779623185937,0.1962168579288,0.5142851480335,0.6901918258413,0.6469655464222,0.6267406628859,0.5994140689688,0.2679262711677,0.3373200836965,0.5884540150857,0.5252909739759,0.5885958909968,0.4825310006313,0.2830573378258,1.0000000000000,0.4803295730328,0.5093243688371,0.3906406799039,0.3707069008164,0.0932488751072,0.3304880902447,0.3119862010112,0.2838235724274,0.4492485068109,0.2639948731014,-0.0867268354194,0.2645108567094,-0.1744665331926,-0.2011660866269,-0.2305293004394,0.2944678568812,0.0520377162565,0.1918101361682,-0.0426249281581,0.2208862030491,0.4910493701455,0.1571963414581,0.2246774455529,0.3202193301359,0.1212995931031,0.1565849179241,0.3357056015378,0.1183283534283,0.0578206110994,-0.2060994637846,0.1760396328354,0.1494249422169,0.4417753839111,0.1657462399586,0.5734746851694,0.6146716655790,0.4774337724173,0.5579452693103,0.6323193381743,0.6475009253616,0.5514533521815,0.2454999472971,-0.0050059679233,0.2051197021242,0.2598619718714,0.3591090198899,0.4500668969974,0.3590454278025,0.2644239447001,0.5046430874402,0.2355228304321,0.1549763929615,0.3958925599296,0.3902595731207,0.2375539228169,0.1558380396709,0.2234004106605,0.3395737391604,0.1669300662111,-0.2900072403985,-0.3790854395944,0.1347261913160,-0.2105054357067,-0.2536263468215,0.3254159725734,0.0892718390402,0.0753527057452,-0.2524563986771,-0.2617718493592,-0.5238497383454,-0.1782281028106,-0.0198060430133,0.3497872785314,-0.1759713527007,-0.1811828292233,0.2713279375629,0.0285617033953,-0.3645378913110,-0.1561595524033,-0.1505430995867,0.4498705788914,0.1917001809549,0.1214882544225,0.3553719689503,0.2011690537070
0.0901039376693,-0.1904421752147,0.3904099860948,0.5247397071377,0.4351998527754,0.4570397923763,0.5856779589214,0.3449154820242,0.5838904932040,0.2773502870275,0.5368313309165,0.4906122347696,0.4771233926235,-0.1163297544267,0.4803295730328,1.0000000000000,0.5663627375723,0.6101022341367,0.6871781852093,0.3818604317645,0.4564164526235,0.1454781116480,0.3292814178423,0.4807009989288,0.5197393122213,0.1054658055205,0.3820530121036,-0.0993034895485,-0.1732313157120,-0.2132222935293,0.7766750463342,0.3565610781352,0.4496028487791,0.0418043300616,0.4051503483497,0.6371371743283,0.2827014789111,0.4823774306599,0.4302969355930,0.1046173593723,-0.0292027307117,0.3833665831200,0.4057928071917,0.1392323175280,0.0452494855153,0.0484782644165,0.0864914534061,0.3773349905052,-0.0019663205355,0.4953668020979,0.3082100788639,0.1673135199634,0.4067098921155,0.4764112778738,0.5053590144082,0.4979925380307,0.3327131315171,-0.0030925514119,0.4270520258254,0.5936555096392,0.2070759191139,0.5276434616186,0.1756074772827,0.2491434752341,0.0494167259399,0.0404492856707,0.5384609650787,0.4804269257613,0.5618912936677,0.6470755541023,0.1013847238358,0.1840995891347,0.4357950796869,0.4089428885963,0.0256044550422,-0.0932009180361,0.3597020679941,-0.1028065717147,-0.2184704922575,0.6849891025770,0.0920193468537,0.1075742421951,-0.3026258148462,0.0727246917498,-0.2309653295348,-0.2393333819253,0.0984205982791,0.6165014598381,-0.0897996762130,-0.0510082199077,0.3346907725536,-0.1489036123108,-0.2523210346393,-0.0964889399481,-0.2315670589449,0.3671274309397,-0.0437170761702,-0.0142743516947,0.2752971139655,0.1527706259236
0.2786131007369,0.0656571678489,0.4307127033761,0.7767858172469,0.6100220816331,0.6195201152950,0.7968659441716,0.6938509174653,0.6385337311342,0.5027605059740,0.6301552308387,0.7462469099755,0.8541765075628,0.0997460354627,0.5093243688371,0.5663627375723,1.0000000000000,0.7725947417340,0.6339260290857,0.1633653841344,0.2624761603552,0.1420303310056,0.1505534232892,0.3069246716123,0.3604439539889,-0.1835538806437,0.1704657844480,-0.1706607334482,-0.1516831717607,-0.3178608428655,0.3965568664008,-0.0877827702044,0.2863150591635,-0.2973427361180,-0.1524818642868,0.4020922334299,-0.1331965463399,0.0978889779621,0.0711803076363,-0.0470680064990,-0.0311746094320,0.3612535565937,-0.1244144235893,0.0029714238785,-0.2398466118797,-0.0120497016833,-0.1263494095766,0.0735941993428,0.0763374229626,0.4025244691463,0.5152792255308,0.3714268118471,0.6455768898963,0.6043866250122,0.6597875757309,0.7206835952326,0.7216998432280,0.4456693514362,0.6770787830491,0.5549864782156,0.4462759797898,0.7011188271974,0.4668833662698,0.7071992651249,0.4667301972321,-0.1758342609228,0.4157224402667,0.8722114837209,0.6581678473148,0.3303938562840,0.3145919104655,0.2377150355000,0.2764308801439,0.2281808777297,-0.3327343389267,-0.2939362324973,-0.0138575507669,-0.1762809862827,-0.1604722907367,0.4910463794773,-0.0512544163248,0.0896868120426,-0.4269525807188,-0.3958055859035,-0.5190482064071,-0.4211801719566,-0.3213216233393,0.2064883667747,-0.3792712638550,-0.3635772397424,-0.0496977761356,-0.2318349204469,-0.4587421940638,-0.1338775092804,-0.1967452539209,0.0864275263695,0.0848506807488,0.1202993914134,0.4138031321399,0.2116798342340
0.1806156145657,-0.0086723361386,0.3157255137683,0.6602039788622,0.5089238184072,0.4246248397154,0.6580076444133,0.6490971197398,0.6060299204155,0.3595777643957,0.6244734391624,0.6606396473285,0.7022219094666,0.0007267263769,0.3906406799039,0.6101022341367,0.7725947417340,1.0000000000000,0.6218798145098,0.2500896594363,0.1628416107984,0.2242773398482,0.2745680972537,0.2651812769751,0.3838331734913,-0.1230718051456,0.1818239996420,-0.0192617485484,-0.0388331882196,-0.1720369887244,0.3925438271622,0.0170206922313,0.2429810809807,-0.2480437351892,-0.0799086445431,0.2394653339931,-0.0045410221932,0.1632102489519,0.1746731234004,0.1049193232803,0.1195252202689,0.4382547725654,-0.0041776209418,0.0232943852410,-0.1583089355713,0.0781139062681,0.0568432658555,0.0841254896599,0.1341457162124,0.4770123817902,0.3915041671981,0.2264722374555,0.4457576385130,0.4377066481034,0.5057634916556,0.5245164091247,0.5789531350602,0.3849624149062,0.6855075900353,0.5715248410614,0.2601926183412,0.6433106891655,0.2854680660750,0.5024426771996,0.2264183826047,-0.2329971044961,0.3478965948800,0.8215967805528,0.5323250134506,0.4212427677296,0.0863405596807,0.1882696110930,0.3005645583500,0.2790266204403,-0.1935806555584,-0.2525261784140,0.1196876251001,-0.0141458608746,-0.0952524019925,0.5063683588988,-0.0473710687603,0.0567588710409,-0.3908020885885,-0.2414624363691,-0.3769936890689,-0.4109852065463,-0.2219092307807,0.1884926141576,-0.2492261949961,-0.2776963654796,0.0234024011647,-0.1374537056279,-0.3952687519297,-0.0206245240692,-0.1574986945229,0.0635711293115,0.1412906533932,0.1324400398231,0.3216912119071,0.1528549580865
0.0239008465698,-0.2053495162103,0.2067908936373,0.5713103080676,0.4259863567080,0.3637232376799,0.5927675892990,0.5484257903779,0.7942711222226,0.2169538133037,0.5304903510169,0.5098851930646,0.5036757375550,-0.1699870246054,0.3707069008164,0.6871781852093,0.6339260290857,0.6218798145098,1.0000000000000,0.3013082887870,0.2904919379631,0.1264988711162,0.2017163698191,0.4238438600533,0.5447537088258,-0.0047959030734,0.1501048493912,-0.0949504132277,-0.1012162920697,-0.2777741254196,0.4092048561845,0.0937121943380,0.1224392704758,-0.2130855487722,0.0813892032923,0.6738095168384,0.0323606987458,0.2492879895051,0.1594069407700,-0.0275449153283,-0.0668398531930,0.2945055645642,0.1027675016376,0.0326285408220,-0.1941396478931,-0.0798651770327,-0.0052288287059,0.1035300922818,-0.0282364085968,0.3276789732001,0.3263721576283,0.1098144585258,0.4698057334886,0.3704676174106,0.4381707323377,0.5590959296073,0.4392933452782,0.2245286704849,0.6538710905172,0.7983869698296,0.1609625483597,0.5934348627748,0.1925002099688,0.3737597032596,0.1412808844540,-0.1102629451519,0.4993833782245,0.5939990353511,0.8707486237073,0.5438470135176,0.2055475637689,0.1484391650376,0.3546295017889,0.4537879225151,-0.1273737660464,-0.0482192004303,0.1484687024900,-0.0958493781039,-0.1517614413065,0.4645039191461,0.0447332445692,-0.0643685764965,-0.4323807856638,-0.1148411312943,-0.3339234806273,-0.4014982743621,-0.1344191427406,0.4706820864486,-0.1977647611617,-0.2131823708248,0.0552456807637,-0.2625615453387,-0.2396356918643,-0.1328496729081,-0.1584925855373,0.1152802694649,-0.0302050632698,-0.0147309183475,0.2397670256328,0.1740687142277
-0.0869684835185,0.0097202924177,0.0603634302475,0.1140031882499,-0.0071816661174,0.0922793707105,0.1380978629427,0.3568417107620,0.3856761472348,0.1885612728300,0.1275065136343,0.2218207042558,0.2617809209924,0.0813810931747,0.0932488751072,0.3818604317645,0.1633653841344,0.2500896594363,0.3013082887870,1.0000000000000,0.2180732560425,0.2602908453791,0.1538332776642,0.2498181897580,0.5398215816401,0.1222757726020,0.4700700481413,0.1545628058927,0.1268687362487,0.1466708046038,0.3918480447812,0.0682428817859,0.3263823408334,0.0876732381179,0.2701008691124,0.2799199398948,0.2469588035244,0.6226911725610,0.2119291164108,0.1699469688707,0.2182309053362,0.1504494773247,0.2075950035985,0.3980024872671,0.5289507607804,0.1856032077999,0.1751619013343,0.1154849040611,0.2353955243696,0.2402120644728,-0.0607210357299,-0.0568578349177,-0.1201346777994,0.0642528153918,0.0771516002172,-0.0030007319270,0.2025786525658,0.2446119242769,0.2526374728898,0.3254900710207,0.0617908881721,0.0986599554591,-0.0595164863303,0.0214592451994,-0.1285075222264,-0.1398386818967,0.3839231694345,0.1417105490056,0.2807819720127,0.4539968539320,-0.1024495637939,-0.0305039112888,0.2621630004950,0.6365413663762,0.0987418068655,-0.2456238093820,0.3264540344648,0.0787871668025,0.0562546197229,0.2252643599071,-0.2802564865960,0.0681779491768,-0.1320455645336,0.0708445946258,0.0258672640897,-0.1114593351168,0.0719728788761,0.2323639646230,-0.0849707914996,0.3070859443469,0.0992521764772,0.0095378301033,0.0711948330620,0.1001294100255,-0.1776919623289,0.0224321507529,0.1693749667922,0.0970176875870,-0.0538592567995,-0.1205099189373
0.1224903953863,-0.0693215959909,0.2604478942189,0.1716131594517,0.2236755530822,0.1503198331793,0.1360974577236,0.0385822542774,0.1559427420940,0.2783207582777,0.2712558464804,0.3020201666951,0.1601658337053,0.0617662362017,0.3304880902447,0.4564164526235,0.2624761603552,0.1628416107984,0.2904919379631,0.2180732560425,1.0000000000000,0.2234130525044,0.5122828596159,0.6017770750892,0.2571699793493,0.4363112944792,0.5151935929101,0.0534298355622,-0.1270424143945,-0.1068514329771,0.4438168360398,0.4797665760178,0.4242596005283,-0.0748147124911,0.3293523984978,0.4218699835387,0.2534961003121,0.2058997643572,-0.0099975068703,-0.0273445737000,-0.1007458601608,0.1185901081949,0.1683442786775,0.0695227553148,-0.0434683602158,0.2321105909636,0.0361435530100,0.0822929935111,0.0140993141243,0.2329102180709,0.1770208299547,0.1036892463888,0.1010852626896,0.2458023890444,0.1265087425614,0.1294039818144,0.1297985571817,-0.1705876126209,0.0108769660843,0.1657576320632,0.2383196671714,0.2887880165209,0.2067112354580,-0.0075799276029,-0.0139155605910,-0.0034432088630,0.1191821975660,0.0797273061158,0.1623116812777,0.3503415596358,0.6225223812875,0.5619385681343,0.5710470961895,0.3558081937565,0.2939875070865,0.1847816645983,0.3555167002219,0.0687271128989,-0.1180366778876,0.5166304765855,0.3866974144847,0.4592045516682,-0.0578722331528,-0.0736762200389,-0.1509868596164,-0.0445745993277,0.2241478868136,0.4092017993099,-0.1578458316025,0.1875868155872,0.0191565780864,-0.1151996177701,-0.0779246265789,0.1619886798034,-0.0040419325119,0.1833242674309,-0.0595264876199,0.1088293964842,0.2119443568596,0.1404936942026
0.2229283267654,0.3559633835562,0.1593367577716,0.2961223952940,0.3128114679647,0.1735624778884,0.2366713473340,0.2905242210915,0.1195201138798,0.5766730664199,0.2404659131059,0.4919318685295,0.2991324210134,0.4644934059980,0.3119862010112,0.1454781116480,0.1420303310056,0.2242773398482,0.1264988711162,0.2602908453791,0.2234130525044,1.0000000000000,0.3724118575539,0.0970062512552,0.0725424113286,-0.0380780393593,0.1891884933031,0.3828443046059,0.4838544757558,0.3640460882237,0.1406661929713,-0.0391563574268,0.2021242480110,-0.1920254895184,-0.0303461906973,0.0791087396703,-0.0175373211320,0.0763626329116,-0.0861727670175,0.0916483493753,0.6633747728060,0.2004972642674,-0.2008577828128,0.1535030713958,0.1063134785345,0.3441026901418,0.4119051670767,-0.0699895618273,0.5367058975526,0.2792112113316,0.1914587487303,0.2064144230708,-0.0096523855709,0.1771371395900,0.1818147702832,0.1219766436693,0.2130279890931,0.2603861516485,0.1900869440385,0.0165383898090,0.1940962962513,0.1701355110319,0.1983299881035,0.1146645033297,0.2488097090308,-0.2345532418785,0.0535687921285,0.1660978952289,0.0978003374146,-0.0658741311168,0.1628693291156,0.2295946977498,0.1254014030326,0.0825671599923,-0.0034244633957,-0.2549510728187,0.0096203696927,0.3141711921911,0.3562461588783,0.1199287355704,-0.1478881837336,0.0639568096835,-0.0944515190622,-0.2421810161572,-0.1260912954430,-0.1444483054394,-0.1496716410842,-0.0217643055824,-0.2326296958496,-0.0283973385445,-0.1355519899028,0.0543086991592,-0.1341360416105,0.1781433092065,-0.0062546587988,-0.1239245197855,0.5189057096147,0.2969949893785,0.0514971681701,-0.1149227828174
-0.0331913367198,-0.2659253671401,0.0724155263042,0.2032342721515,0.2985165119492,0.0954052676641,0.1565462176483,-0.1108723770875,0.0788021099789,0.3439660137701,0.4788489475486,0.4467528633593,0.1374516576307,-0.1383670477604,0.2838235724274,0.3292814178423,0.1505534232892,0.2745680972537,0.2017163698191,0.1538332776642,0.5122828596159,0.3724118575539,1.0000000000000,0.4869351326189,0.2261307933065,0.4787144111280,0.5863694454918,-0.1158109350586,-0.1370190220711,-0.1897748083172,0.2565838559470,0.5478533039370,0.3353828909137,0.2374625291003,0.2249122298568,0.2335845148233,0.3731716403086,0.0936706804405,0.0698101084768,0.3204507006590,0.0672603833476,0.3015635541941,0.1312954148653,-0.0067570313325,-0.2020101793046,0.4022630290477,0.3017961752032,0.0780762690999,-0.0147847456905,0.3468466019786,0.1051261178992,-0.0814676300773,0.1469201940726,0.1237481604404,0.1523413672744,0.0791099748268,0.1050196755176,-0.2664657132708,-0.0370511343168,0.1224267789292,0.1966726263951,0.3519124372402,0.1923859408260,-0.0429478400701,-0.1692188690086,0.0593165324845,-0.0585930760286,0.1510629306594,0.0951880145527,0.4081335730031,0.2693243038104,0.5688433338613,0.5380795815406,0.3030646311029,0.1271987808916,0.1701317016005,0.5009825830783,-0.1639110599697,-0.1922446174548,0.4118468341321,0.3644455723224,0.3378358462137,-0.2325532787354,-0.0213772206627,-0.2340442405564,-0.0110899218356,0.3035422672387,0.2802640278576,0.0298079978657,0.0639897316245,0.0605006360439,0.1249041063293,-0.0770805338382,0.0850764215963,-0.1195632809880,0.1082662915832,-0.0359443370441,0.0306719129971,0.1696682274988,0.1123251097094
0.1244912239636,-0.1813215275680,0.3060442731661,0.3132287204573,0.3505093594460,0.3102940575522,0.2703105860068,0.0233021603103,0.3572200598960,0.2733139892628,0.3775479230930,0.3693144274168,0.2360334876870,-0.1526753669249,0.4492485068109,0.4807009989288,0.3069246716123,0.2651812769751,0.4238438600533,0.2498181897580,0.6017770750892,0.0970062512552,0.4869351326189,1.0000000000000,0.5171922877439,0.3728336370062,0.6430265443226,-0.1564677445747,-0.2728953771892,-0.3332891718085,0.2341912947595,0.2947394581960,0.1550709858354,0.0419441733791,0.5282269316959,0.6680715321260,0.5879389345589,0.3776493691941,0.3294788430799,0.1343298300498,-0.1546386899528,0.1418480586500,0.1799248279184,0.1565712470781,-0.1895180427151,0.1241480704623,0.0060554591439,0.3468774670214,-0.0695206597412,0.3268953971419,0.2769779499320,0.1120233658160,0.2774252861494,0.3746803803994,0.3031284378648,0.2410833301352,0.2050975693288,-0.2375855399950,0.0499626494198,0.3521865853646,0.2251572707152,0.3853386855361,0.2011167401047,0.0757548257159,-0.0445496120113,0.1574847501667,0.0503636353894,0.1962692229979,0.4039110787483,0.5331809701175,0.4566534877834,0.4093801641258,0.8642352168160,0.5674513873182,-0.0579926220766,0.0267992109052,0.5065210082078,-0.1456262971556,-0.2663805658320,0.3994611206438,0.2641227653599,0.2297482267153,-0.2421682998026,-0.1035712200710,-0.4177733464525,-0.1254704870413,0.4345971343686,0.6639825452720,-0.0936028995693,0.1872912190426,0.3109696635714,0.0131246107589,-0.0571743002501,-0.0092253421055,-0.1093930359324,0.4479083559729,-0.1400937710100,0.0072118806517,0.2869995818524,0.2232599850444
