1.0000000000000,0.5955070385007,0.5973247299159,0.5921752963424,0.7700886008167,0.5437971867438,0.5413460921004,-0.0835293497351,-0.0898973096121,0.2869658600437,-0.0407312567711,0.1288494218464,-0.0099866908906,0.5145965223720,0.5618974553827,-0.0705153884602,-0.0419490505273,-0.1496972366306,-0.1036308803775,-0.1394706970839,-0.1089829609983,0.2424706175035,0.1900305514114,-0.0036453877664,-0.0299934952990,-0.0511833297031,-0.0889722435813,-0.1714038743674,0.0068332139473,0.0378250319889,-0.1381169712180,-0.2136939661297,-0.1812314855218,-0.1305368617831,0.1193269555810,-0.0210247657415,-0.1080239138460,-0.3335397083018,-0.0747038408846,-0.0110788365697,0.0592607270862,0.0746384749998,-0.1669047004752,-0.2124865167651,-0.3404410422596,0.1884954113532,-0.2625302866469,-0.1152638603688,0.2179301620639,0.0403226197230,0.7494671503490,0.7183009127285,0.5488138826914,0.6530139168605,0.5469320633632,0.4944032733528,-0.0143454166310,-0.0888367337145,-0.2940156544000,-0.0743423055734,0.2322117006720,-0.0754338350624,0.1060940527402,-0.0676510936280,0.6607900057445,0.1190723599509,-0.0035561075477,-0.1085771324333,0.0681058977883,-0.1599697315174,-0.0075834513690,0.2086808367504,0.0013116056806,-0.0475439918938,-0.2521480602269,-0.0077641909334,-0.1138998791419,-0.1288982867173,-0.0258919846460,-0.0955438471208,-0.1896464672592,-0.1354383127435,-0.0283268427832,-0.0264533475291,-0.3866299914727,-0.2038195664426,-0.0316081631419,0.1496428674016,-0.1927409485089,-0.3130565536637,-0.0790699646816,-0.0841596919213,-0.1723233674617,0.0537149572419,-0.1807365691230,-0.0965694744091,0.3654107557622,0.1445139608100,0.0912142645314,0.0579070834732
0.5955070385007,1.0000000000000,0.6815626696077,0.6423057091550,0.1676367727780,0.1180499272298,0.3770570313926,-0.0191584224842,0.0401672490350,0.1000817743378,-0.0957454991812,-0.0679451418180,-0.1685802250917,0.3905190759752,0.7431266272713,-0.0165880350888,-0.0968038685470,-0.2143872277548,0.0115570302686,-0.0484123800301,-0.1430545327136,0.1743106758251,0.0742559042167,-0.1478215876413,0.0094008771693,-0.1654401804654,-0.2077068578835,-0.2042661403754,0.0588618162389,0.2400371105543,-0.1116952221253,-0.3186070002036,-0.2817804196105,-0.2039609775993,-0.0004359117839,0.1043316110060,-0.1614936930013,-0.0148769974807,-0.0539900276920,0.0925373124401,0.0373995892407,0.1513434472356,0.1010852113096,0.1008407555705,-0.1925547810464,0.0858394288461,-0.2789009198873,-0.3010540913081,-0.0340473258048,0.1581874884010,0.1359661514830,0.8808357480021,0.5950744958149,0.2082258980403,0.1195311876928,0.5031624579662,0.0636227732948,0.0475644867847,-0.4041274107876,0.0982064191577,0.1304416788997,-0.2001353598437,-0.1226626964792,-0.1308154759630,0.6776768313337,0.3910530531811,-0.0001533010187,-0.2593929054941,0.1842015226825,-0.0813229895132,-0.1327165633571,-0.0409927045491,-0.0811503422633,-0.0342818960544,-0.2301004387988,-0.1151358781707,-0.2005261223460,0.0310963048917,0.1230574300677,-0.1422213441989,-0.3418993097016,-0.2580213471013,0.3467664383496,0.1927296366987,-0.3030124223765,-0.4278322801883,-0.1094045362100,0.0469827855620,0.0003523938235,-0.1392833605878,-0.0163970203709,0.0298140188935,0.0838850194336,-0.0010370961547,-0.1675272176154,-0.2662385096879,0.1270638423571,-0.0290116539389,0.2246819628422,0.1227366262863
0.5973247299159,0.6815626696077,1.0000000000000,0.5557184420540,0.3690867686849,0.4589125546717,0.4366438356752,-0.0618092300364,0.0504752656941,0.1709178827781,0.0833432504260,0.0836263076800,0.0763876744969,0.3107861034483,0.5905371290367,-0.0122965794798,-0.0394374778117,-0.1179884765135,-0.0141051739836,-0.0299440122249,-0.0505366853859,0.1018653657100,0.2091638051317,-0.1073214237307,0.0311287841540,-0.1082203491282,-0.1057749346010,-0.2996383339916,-0.0731637937992,-0.0001540071967,-0.0738899822862,-0.1553402412951,-0.1053570382622,-0.0902080120708,-0.0335417304397,0.1090788400375,-0.0798329924725,-0.0170584928648,0.0870703180831,0.1745854203539,0.1301052347499,0.2046499518061,0.0990470245864,0.0150967428178,-0.1565138431962,0.0886741174911,-0.0798265546734,-0.0379184455481,0.0182963026171,0.2293070168323,0.2742445706828,0.7588793923559,0.5075581681896,0.6333312461400,0.3274215809082,0.4800282292659,0.0625386505584,0.0323477403902,-0.3426859434800,0.1441080362310,0.2199161608025,-0.0609653991399,0.0986594354648,0.1059116563118,0.5432135919971,0.3830610853766,-0.0799885900400,-0.1748676289293,0.1384128655000,-0.0299481875530,-0.1653895019014,0.0401372860352,-0.0989879865044,-0.0348962095284,-0.2032223918681,-0.1446778692922,-0.1191601751560,-0.2567109177637,-0.0386662691020,-0.1363029127300,-0.2077898794585,-0.0765582246235,0.1792738795927,0.1055321332251,-0.3267038443263,-0.3652085534984,-0.0530892665233,-0.0053491842367,-0.0258440719012,-0.2008265119346,0.0916186332157,0.0752843283642,-0.0671627908643,-0.1036717141221,-0.0585934740232,-0.0788120247460,0.0911249435603,0.0047437045072,0.3187411649120,0.1459583172762
0.5921752963424,0.6423057091550,0.5557184420540,1.0000000000000,0.5451963513008,0.5475270936592,0.8003193667108,0.0641131854737,0.0732276741575,0.1777228311375,0.2484445879621,0.2529630150050,0.1761694405170,0.2388596215133,0.8261322018927,0.2508912689650,0.2335305649947,-0.0007502771243,0.2032167463799,0.1285844111691,0.1363246206799,0.0546765740866,0.3847052137557,0.2861617396781,0.0668304143779,0.0258771559359,0.0210940728455,-0.3925415761231,-0.1565017894199,-0.2043253256861,0.1739964870454,-0.0445424672501,0.0815179769264,-0.1763509145091,0.1712866693771,0.2826586699664,0.0627381014526,-0.1488668671767,0.0562344913494,-0.0133926613865,-0.1889582110405,-0.0693613265100,0.0935704362425,-0.1615399132242,-0.2151550655624,-0.0603980207907,-0.3369859788453,-0.1128670132953,0.0286826677568,0.1023359002023,0.5136382188665,0.7449368760966,0.9298498847753,0.4961471733220,0.5308516362367,0.8685900541068,0.2821060307782,0.0653258092026,-0.2396129445908,0.2198172034991,0.2113494740388,0.1673027784425,0.1247717362330,0.0931597383354,0.5903660737375,0.4390366520304,0.3461640417385,0.0958644665306,0.3954080386820,0.1758505118267,0.1672185255121,0.1538653789574,0.3522880410217,0.0736856132752,-0.0315177429282,0.1662493582212,0.0503570294956,-0.3136461758798,-0.2037289225190,0.1943139315649,-0.0777626522255,0.1420076682764,-0.0769546060413,0.2284602411359,-0.2181192856537,-0.3856147855065,0.0985855476238,0.2954462518724,0.0046298414379,-0.1703136442393,0.0479640197933,-0.0536849226884,-0.1541778138734,-0.2517101108170,-0.2859993737896,-0.0487370471012,-0.1015581969951,-0.2309232324031,0.1836743557706,0.2560712852307
0.7700886008167,0.1676367727780,0.3690867686849,0.5451963513008,1.0000000000000,0.7721816579792,0.6311626676748,-0.0151669485682,-0.0832320504302,0.2564596960522,0.1795269988687,0.2702777994589,0.1987389995483,0.3094920390027,0.3903871980795,0.0769271399436,0.1823521132014,0.0316515973835,-0.0445131584922,-0.0278722355042,0.0998878503165,0.1234271569206,0.3452491161986,0.2275076711563,-0.0045832636808,0.0737004276080,0.0235736860716,-0.2368719218734,-0.1129599145372,-0.2631039290460,0.0762643973783,0.0640163184981,0.0817499423351,-0.0545915822224,0.2226093267411,0.0879081141461,0.0594641262083,-0.3161665905349,0.0277890518281,-0.1059457594187,-0.0580761547744,-0.0697127544380,-0.1604605797042,-0.3348558125843,-0.2525623489737,0.0859343353817,-0.1832128737841,0.1720225149745,0.3605591493048,-0.0212464046680,0.8973201114385,0.4311382416493,0.5229725407834,0.7671129452446,0.7585506395514,0.5327784618685,0.0981465872082,-0.1141697217822,-0.1366097862802,-0.0495664898446,0.2386901698684,0.1590969254133,0.2250882986922,0.0845816150883,0.4307336686450,0.1030115996534,0.1502073260393,0.1065314034260,0.1178634904433,-0.0497090305478,0.1567249684268,0.2999255763680,0.1975208799247,-0.0260304444744,-0.0749324910643,0.1715574502624,0.0289938327803,-0.3328412679616,-0.2167970120993,0.1007651755565,0.0573901394135,0.1199495698835,-0.3191715007715,-0.0038608208531,-0.2555655812509,-0.1246987890006,0.1077401945718,0.2711555503966,-0.1686723720032,-0.2369772405848,0.0041921492008,-0.1098820794112,-0.2787915201333,-0.1166972675534,-0.2000128705588,0.1480887387579,0.2364990885658,0.0930703462206,0.0052007972261,0.0693472492425
0.5437971867438,0.1180499272298,0.4589125546717,0.5475270936592,0.7721816579792,1.0000000000000,0.7556335586897,-0.0134262867579,-0.0244379133607,0.3135499395996,0.3008182674488,0.3209240747586,0.2889590184514,0.1738700889422,0.4238399827047,0.2186820869588,0.1800789758079,0.0904084143979,0.0415336876455,0.0610916814129,0.1355780427648,0.1541432440738,0.3877192313212,0.3792756397267,0.0462199496999,0.0717816290454,0.1265130940159,-0.3376747073572,-0.1210053728538,-0.3619721891897,0.1422723976676,0.1170591294912,0.2419823674925,-0.1250225310903,0.2624219876692,0.1760360235420,0.1293901349983,-0.1742211797038,0.1681988392329,-0.0515442263978,-0.1065066301662,-0.0553375000133,-0.0781096350275,-0.2877344691534,-0.1240004618619,-0.0109702893773,-0.1532646517946,0.3765906126687,0.2456855582271,-0.0104528136038,0.6608959602289,0.3373462717984,0.5084912301268,0.8302173960248,0.8808218606514,0.5658982865340,0.1386964010808,-0.0911488810088,-0.1423423077726,0.0175741509079,0.2532559781960,0.2067335961035,0.3114230451179,0.1921067441750,0.3516824220587,0.1972927331590,0.2446417339904,0.0954853409907,0.1429217995781,0.0484131129871,0.1252528713804,0.3481788301342,0.3264474376368,0.0572043885404,-0.0630454415254,0.1926343810463,0.1567339479898,-0.4607521382488,-0.2164630560159,0.1351055626191,0.1557428752641,0.3272309176338,-0.2966136539664,0.0210539643943,-0.0929574246096,-0.1673001471317,0.1412531726274,0.3312759385905,-0.0876503149477,-0.0935658617396,0.1461266374639,-0.0458009552426,-0.1992998265336,-0.0926064217199,-0.1056988857088,0.3197609064612,0.1360480645505,-0.0589685284443,0.0778094511743,0.1488883947780
0.5413460921004,0.3770570313926,0.4366438356752,0.8003193667108,0.6311626676748,0.7556335586897,1.0000000000000,0.0470282456056,0.0746618814452,0.1826002977210,0.2090210024188,0.1932547322800,0.2164326284111,0.0745499977054,0.6140226724189,0.2440861594898,0.1715812836743,0.0119404706186,0.1332117429918,0.0802136978668,0.0675744435040,0.0196917918877,0.2863332587150,0.4445289952508,0.1122561164895,0.0620818854169,0.0872852386750,-0.3267363716069,-0.1375881547058,-0.2626952507697,0.2009494113727,-0.0399158252648,0.0531897327807,-0.1908693873907,0.3677047406613,0.2498919607842,0.2160204170736,-0.1656301607188,0.2498778900346,-0.0214418075257,-0.1158918890328,-0.0361776014769,0.0690670131060,-0.1950773361526,-0.1443603461828,-0.0578923254530,-0.2632018927478,0.1122540545651,0.0706945936935,0.0797389262818,0.5813441099038,0.5043394475432,0.7406654454564,0.6358268900082,0.7524772910719,0.8732629412258,0.2924312682908,-0.0140135467104,-0.1670229014617,0.1676237097600,0.1924494784634,0.1673668162221,0.1095480434232,0.1405082147094,0.3744642911267,0.3086429133205,0.3969827928960,0.0724766373911,0.2848866168403,0.0999140308454,0.1260089080008,0.1759288348598,0.4780127823655,0.1244540690838,-0.0487180771654,0.1948544408244,0.1499404612755,-0.3548299910467,-0.1962973118940,0.1851503934964,0.0062977246600,0.1913884039911,-0.1692206258678,0.1713702443891,-0.1022693136683,-0.2332944921695,0.2556140565587,0.4887458070247,0.0617392433639,-0.0822376501630,0.2379975896000,-0.0403412232578,-0.1183387387667,-0.1403368381845,-0.2281579370607,0.2214178846997,-0.0205456518565,-0.1783952566986,0.1101395119320,0.2665080334572
-0.0835293497351,-0.0191584224842,-0.0618092300364,0.0641131854737,-0.0151669485682,-0.0134262867579,0.0470282456056,1.0000000000000,0.5043517452573,0.0814594472564,0.2865557305034,0.3264987193040,0.3230099708384,-0.1033225562334,0.0275216577477,0.1746719403894,0.3703960580336,0.5817553060756,0.3991792774663,0.6025162300625,0.1042647369254,-0.0195670178128,0.2369965318511,0.2210354377686,0.2864148386770,0.1621803641058,0.3326539464377,-0.2873640540276,-0.2757561375477,-0.2673418843515,0.1939065654033,0.1378488129057,0.3122766904849,-0.1777915294907,0.0406947447185,0.1005636481189,0.1284723375657,0.0738224543734,-0.0069695597446,-0.0893597908797,-0.2111586958318,-0.2287541683352,-0.0389998244379,-0.0398128613168,0.0196175483309,-0.0880213145851,-0.0911115634756,-0.0227604285405,-0.1675612571906,-0.1338553393694,-0.0972890323210,-0.0601700910650,0.0673084312708,-0.0478161572157,-0.0197996493136,0.0434349546287,0.5000817045059,0.7814170578586,0.6141675726066,0.4389850676565,0.1227452069552,0.3771838003923,0.2019530788013,0.2178354676950,-0.0634646216323,-0.0001963536517,0.3025589365419,0.4592379506161,0.2472818971415,0.4599258124758,0.2327769166057,0.1604709736743,0.3125542750449,0.3446193894752,0.0327676213983,0.1845267713195,0.2053005872040,-0.3206127533844,-0.2733226549691,0.2775598350859,-0.0093707962226,0.2110299088521,-0.3013800050243,-0.0089746201456,0.1058254554985,-0.2433275557028,0.0679903388594,0.1468165912129,-0.0849090830735,0.0140094921208,-0.0286103142485,-0.1888777211934,-0.1335471826340,-0.2307721727978,-0.2004134845008,-0.0198119727916,-0.2164643824910,-0.1985391125603,-0.2511445136526,0.0632633119394
-0.0898973096121,0.0401672490350,0.0504752656941,0.0732276741575,-0.0832320504302,-0.0244379133607,0.0746618814452,0.5043517452573,1.0000000000000,0.2053141900122,0.4329474606128,0.3304341059699,0.2254672582250,-0.0209716810398,0.0982239769135,0.1683723842265,0.3118624152337,0.4552408088283,0.5331051148585,0.5279251686811,0.1391351487093,-0.0014062676137,0.2721477067890,0.3086012000596,0.3575688027733,0.1826293381381,0.3635098248150,-0.2289845615501,-0.1874419612686,-0.1803268570301,0.1707485103975,0.0864109467918,0.1391348645289,-0.2316756643111,0.0172688491060,0.1145750772720,0.1110719431957,0.0498873310298,-0.0036331739603,-0.1264431697814,-0.2365333683771,-0.2182874418669,-0.0221098716971,-0.1123762363588,-0.1005571486428,-0.2434339059942,-0.1948901045435,-0.0718327598489,-0.1688667831426,-0.1335329245563,-0.1059964355055,0.0078841546273,0.1027793122763,-0.0130012671119,-0.1054577067340,0.1001281175418,0.3946722993029,0.5088418107801,0.5135560789992,0.8366985441775,0.2531059168260,0.4848030377537,0.1455008146612,0.2042124164463,-0.0118602097007,-0.0165411176506,0.2165469539942,0.3608055667521,0.3826365427659,0.5362849266881,0.3652265663497,0.2090287806718,0.4583647971152,0.6197807704469,-0.0692544543302,0.1811818067357,0.1585795388016,-0.2715752498966,-0.1851903413212,0.2746420281760,-0.0963584910892,0.1134341546677,-0.2452211195380,-0.0950475689650,-0.0876570620311,-0.2993486574516,0.0108943552496,0.0858418129686,-0.1610068386885,-0.0818118164343,-0.0796101626203,-0.2693522383056,-0.1596013210255,-0.3247196603089,-0.3483619141704,-0.0882264489574,-0.2474250833291,-0.2202974408907,-0.1691396675361,0.0956206430310
0.2869658600437,0.1000817743378,0.1709178827781,0.1777228311375,0.2564596960522,0.3135499395996,0.1826002977210,0.0814594472564,0.2053141900122,1.0000000000000,0.4165779483941,0.6422876109853,0.2243679936810,0.3066374537575,0.2156804796857,-0.0619768377785,0.3204936200051,0.1443667385881,0.0802696022643,-0.0237429953507,0.2781838236242,0.6537213343041,0.3412653104036,0.1201188312912,-0.0307752412146,0.1632754169860,0.1002512098468,-0.0678681298956,-0.0111192670943,-0.1749525545376,-0.0857238300846,0.1173206564408,0.1599682227826,0.0217529453660,-0.0243988586368,-0.1707912004863,-0.0567896109793,-0.4199892532001,-0.3175878422001,-0.2322710305331,-0.1309398191065,-0.1362734849163,-0.4103699971947,-0.4048024677323,-0.3702761560978,0.0315182622520,-0.2807753407803,-0.1380489679550,0.0385995849819,-0.1535727146212,0.2346113675107,0.1476405994264,0.1382864820467,0.2801395745846,0.2680399475577,0.0704140236013,0.1040639406172,-0.0074911021175,0.1070160858622,0.1401085661355,0.7997216804723,0.3877926518686,0.5462527756970,0.1428302003260,0.3321858745823,-0.1446273548227,0.0321395899310,0.2497181808000,0.1643434057417,0.0370577268477,0.5347747820108,0.6363349863244,0.2343695917776,0.1274397545690,-0.0699213144428,0.2586831075256,0.0550672603511,-0.2345920492590,-0.0907717947106,0.0889801615235,0.2604863633084,0.2765553182072,-0.2483965472532,-0.3021154726338,-0.1854951588108,0.1384318843243,0.0394924740270,0.0705741446920,-0.3444410595597,-0.2978209934417,-0.2826455367571,-0.2476832876598,-0.2637849078755,0.1005784386159,-0.1327933424761,-0.1654691556619,0.1389941982052,0.1230483376614,0.0089076489645,0.1418510569623
-0.0407312567711,-0.0957454991812,0.0833432504260,0.2484445879621,0.1795269988687,0.3008182674488,0.2090210024188,0.2865557305034,0.4329474606128,0.4165779483941,1.0000000000000,0.7087716552339,0.5603465048314,-0.0378674412755,0.1931544027068,0.1092435944141,0.4674275375801,0.3798129786548,0.3352788443915,0.3051379493612,0.3392733617132,0.2135866790137,0.6718574913186,0.3354438967142,0.1841696809096,0.1417770080789,0.3845505356850,-0.3438986003632,-0.1332087554019,-0.4232098732511,0.1597303444206,0.2188973110891,0.3340417114215,-0.1656446723937,0.0212236753847,0.0187423954850,0.1727767931829,-0.1012143439659,0.0597476334974,-0.0954850795266,-0.1571781659209,-0.2366945221782,-0.0776855644668,-0.2206156021524,-0.0078718983451,-0.1574248322403,-0.1863762504293,0.1055542631724,-0.0330571028197,-0.0301515147459,0.0681915820596,0.0119203070194,0.2585791875912,0.1856168607886,0.1580360366474,0.1921744217244,0.4048578069165,0.3051411387570,0.2815777343966,0.4796703705857,0.4407984794424,0.8019380169895,0.5977145376407,0.4388476482588,0.0240039969372,0.0270247157763,0.0669102167214,0.4026427927034,0.1514125097186,0.3833498663754,0.4628375831208,0.5360055444403,0.4390586348224,0.3513986283930,0.0659644068006,0.2963236468079,0.3327345570299,-0.4293462356204,-0.2190043792626,0.2777949402234,0.1931572833160,0.4096573725149,-0.3389630498722,-0.1324263448163,0.0410111880425,-0.2355535242730,0.1207004683665,0.0321239416043,-0.1041567062072,-0.1571629525472,0.0120226730923,-0.0483385474508,-0.2192300635989,-0.2989444401077,-0.1525033999952,0.0452619431287,-0.2234233821679,-0.1240038249575,0.0856577320734,0.1372761904265
0.1288494218464,-0.0679451418180,0.0836263076800,0.2529630150050,0.2702777994589,0.3209240747586,0.1932547322800,0.3264987193040,0.3304341059699,0.6422876109853,0.7087716552339,1.0000000000000,0.4794024109377,0.1595044274975,0.1967236499730,0.0636183561780,0.5732058108875,0.4462633522526,0.3344295701771,0.2303065370865,0.3128902936255,0.4504360194149,0.7050383801958,0.2638552843682,0.0841622174371,0.1843679911514,0.2326391240101,-0.2043427586877,-0.1285819647795,-0.4002058378599,0.0479989104543,0.1647008129738,0.3637676303393,-0.1120665785119,0.0092118272634,-0.0353583374627,0.0384320966654,-0.3430566241352,-0.1825950882160,-0.2477988515797,-0.1959754148243,-0.3453130259879,-0.3567060926374,-0.4492317220808,-0.2889607829184,-0.1563156830374,-0.3548972845980,-0.0599655885647,-0.0544613458995,-0.2552433713905,0.2486447188870,0.0668138605126,0.2778921255488,0.2934569402519,0.2418324689726,0.1490913229479,0.3134205081601,0.2777902741267,0.3444913047062,0.3683956276237,0.6191060899035,0.6896268686559,0.8249705242307,0.4003145293443,0.2479441240250,-0.0550547629891,0.1227520987132,0.5539163258376,0.2617621129655,0.3424451674220,0.6542695593971,0.6823618799459,0.3927223586681,0.3167825445433,0.0042232465898,0.3433840350494,0.1944821568523,-0.3947511144420,-0.1793322931229,0.2919903629075,0.2037841002429,0.4848253763183,-0.3555946811181,-0.2259274545219,-0.1190696212060,-0.0912638999875,0.0832497818711,0.0669457866783,-0.3333718581618,-0.3076096759838,-0.1735762978763,-0.2208840105562,-0.3882614812785,-0.2680416729268,-0.2200926672979,-0.0246910190788,-0.1068085192444,-0.0586428350179,-0.0641203564373,0.0357205817128
-0.0099866908906,-0.1685802250917,0.0763876744969,0.1761694405170,0.1987389995483,0.2889590184514,0.2164326284111,0.3230099708384,0.2254672582250,0.2243679936810,0.5603465048314,0.4794024109377,1.0000000000000,-0.0791655910753,0.1473320800002,0.0684716700027,0.5176556923458,0.3189562040440,0.1876179162790,0.2923477737149,0.2564118451905,0.0465869117352,0.3260338580831,0.3474815585838,0.2318418469820,0.1041586739791,0.2748664027780,-0.2861568243422,-0.1019940141281,-0.3494163351627,0.1754845899969,0.1208323058835,0.3462839804609,-0.1188269085854,-0.0010076781803,0.0479819191768,0.1914678110549,-0.0284705349520,0.2145177566111,-0.0229685436345,-0.0562054994076,-0.0954507156702,-0.0136194009066,-0.1282568700512,0.0247846531655,-0.1427529458010,-0.0492049348655,0.1235114403454,-0.0251202894338,0.0562541847689,0.1230881208627,-0.0607362405145,0.1553501007255,0.2205465952555,0.1998545460813,0.1399512598380,0.5166566580692,0.2776412470275,0.2703914071623,0.2908761684774,0.2864906143879,0.5482917122170,0.5972750261205,0.8681095101111,-0.0745844788581,0.0210531030709,0.0905143130472,0.4960656359403,0.0736772150897,0.2635820927992,0.2308683830606,0.2363164880675,0.3749689859117,0.2086835110893,0.0177598029661,0.0751811273586,0.1926354003570,-0.4167828187026,-0.1552467386213,0.2050434070357,0.0385491786930,0.3857346284280,-0.3073627685990,-0.1231172449816,0.0771176223669,-0.1656174932117,0.1639238531957,0.0988059339382,-0.0444331062619,-0.0749574939742,0.1633485299375,-0.0648441581468,-0.1676585549415,-0.2717088544800,-0.1612497048122,0.1075175788908,-0.1773635462390,-0.0524862434083,0.1016176368421,0.1542846586110
0.5145965223720,0.3905190759752,0.3107861034483,0.2388596215133,0.3094920390027,0.1738700889422,0.0745499977054,-0.1033225562334,-0.0209716810398,0.3066374537575,-0.0378674412755,0.1595044274975,-0.0791655910753,1.0000000000000,0.4203344676870,0.0610801758991,0.1333567219964,0.0443786718789,0.0294878530792,-0.0526498088160,0.0222091760130,0.4246470608036,0.1263160800772,-0.0760178549074,-0.2079968347286,0.0002584857474,-0.1918788726185,0.2025097161845,0.3546036088438,0.3780193835492,-0.0696418252282,-0.0193937557130,0.0318736553301,-0.0290238655948,-0.1414041402284,-0.0419871539492,-0.3454008823913,-0.3148102407265,-0.3388176596988,-0.1067800720788,0.1340608629304,0.0521133141666,-0.3265440030195,-0.3270463135484,-0.4266852795813,0.1911583325794,-0.1763905511991,-0.1529614722105,0.4259361113525,-0.0760335442453,0.3043032740718,0.3548918266276,0.2513483456432,0.2261425473985,0.1658688850820,0.0279508953164,-0.1350706906556,-0.1343612894498,-0.1506388677667,-0.1161891450598,0.2145702686812,-0.0026041110707,0.1557852129733,-0.0899404303061,0.6646141088749,0.0333295275197,-0.0713351615650,0.0119331169378,0.0290122671496,-0.1191230992092,0.1450073089313,0.2276544722662,-0.0762534955351,-0.0441852302716,-0.2261307353025,-0.0110259233208,-0.1390734100847,0.2004598470454,0.2741105280913,-0.0135697237618,-0.0410999359512,-0.0684395567766,0.1276686448104,-0.2364315883088,-0.3843242339805,-0.0847565750769,-0.2666759602520,-0.1390247559548,-0.4343362741513,-0.3023462840479,-0.3363230272017,-0.1641695822963,-0.2539785795861,0.1460047743137,-0.1712363553899,-0.2136961575979,0.5364549307192,0.2883070831814,-0.0289215064860,-0.0738933349498
0.5618974553827,0.7431266272713,0.5905371290367,0.8261322018927,0.3903871980795,0.4238399827047,0.6140226724189,0.0275216577477,0.0982239769135,0.2156804796857,0.1931544027068,0.1967236499730,0.1473320800002,0.4203344676870,1.0000000000000,0.2458248597311,0.1561538932758,-0.0061855001526,0.1846830026024,0.1275785225825,0.1251187817214,0.1573145685502,0.2930620538494,0.2324512085806,-0.0159804343090,-0.0733486384908,0.0297671674525,-0.3087861424265,-0.0521699019162,-0.0029551148137,0.2026015199786,-0.0393475668477,0.0582871289595,-0.2642947245862,0.1312183079615,0.3636223238752,0.0317180383980,-0.0661280428846,0.1221768424775,-0.0044618323002,-0.0802391264444,0.1856676872781,0.2172410295450,-0.1255400777395,-0.1635056540361,-0.0156725932172,-0.2665321691235,-0.0502696149169,0.1159504346767,0.2714605822113,0.3396813511966,0.7177100468953,0.7767719996969,0.4168638474892,0.4360612253833,0.6606891575235,0.1885820569435,0.0418600639364,-0.2727693833477,0.2116951815324,0.2279717772927,0.1255057415613,0.0854116989156,0.0650088328474,0.6560917939528,0.5872907284203,0.2533500431000,0.0398195115101,0.3085052124982,0.1228285374360,0.0765006393863,0.1304277403550,0.2603429989364,0.0413046508217,-0.1033679002154,0.0092955820783,0.0205684026525,-0.1925591463734,-0.1069848950327,0.1529979114926,-0.1648808221477,0.0764951425985,0.0832527170162,0.2551057317171,-0.2284807097054,-0.4499465040069,0.0279635689316,0.2470078330128,0.0616395049720,-0.1339214793572,0.1390069467112,-0.0590655751702,-0.1540763053756,-0.1714287758433,-0.2529937389806,-0.0045107053348,0.0272387975355,-0.0949807119920,0.3090407962062,0.3370183765570
-0.0705153884602,-0.0165880350888,-0.0122965794798,0.2508912689650,0.0769271399436,0.2186820869588,0.2440861594898,0.1746719403894,0.1683723842265,-0.0619768377785,0.1092435944141,0.0636183561780,0.0684716700027,0.0610801758991,0.2458248597311,1.0000000000000,0.4248009859736,0.4817923183153,0.6030358197748,0.5646834223041,0.4125408391249,-0.1412487712207,0.1183122529133,0.3787351164264,-0.0326731743068,-0.1350701312446,0.1022246530271,-0.0572125064731,-0.2410617168159,-0.2141251755488,0.7416514520067,0.3955609398921,0.5845538943308,-0.1355256845521,0.2886325895633,0.7017803054354,0.0755889053311,0.2696167607219,0.2155970511910,-0.2711797988165,-0.2373620906045,0.0126555430106,0.3486230180043,-0.2186189275384,0.2729186160304,-0.2631366817262,0.0284828649239,0.2346781762365,0.1004422405879,0.0201478165142,0.0245161840097,-0.0013655834006,0.3237341519783,0.1045728000670,0.1470281306670,0.2570645302282,0.1209715223834,0.1482024951767,0.2448718622140,0.2087280048336,0.0011468151907,0.0477197175096,-0.0343905569710,0.0314649782863,0.1141965921153,0.3556998642322,0.7771852849282,0.3298336425160,0.5664924557794,0.5451420481786,0.1684618770311,-0.1023758797427,0.3416592621470,0.0939308832876,0.3959577323977,0.1136010342236,0.2295432793060,-0.1722126114879,-0.2776575648134,0.5292606628665,0.2246605291865,0.4103359153669,-0.1240874852188,0.4307690920832,0.2880587428558,-0.0087873971902,0.0011574387326,0.3048261293925,0.1314079415993,0.2837649921040,0.0403978394167,-0.2930981294117,-0.3036669624894,-0.2806477157962,-0.2722870688998,0.1599881313142,-0.1213220840644,-0.3231710442478,-0.1121233586879,0.1072976389059
-0.0419490505273,-0.0968038685470,-0.0394374778117,0.2335305649947,0.1823521132014,0.1800789758079,0.1715812836743,0.3703960580336,0.3118624152337,0.3204936200051,0.4674275375801,0.5732058108875,0.5176556923458,0.1333567219964,0.1561538932758,0.4248009859736,1.0000000000000,0.6393809415289,0.4201561526358,0.4696824827327,0.6535556751321,0.1800204255841,0.4165299442667,0.4396918862583,0.0530951839514,0.1580363062774,0.2105306064135,-0.1719482496277,-0.1319969497392,-0.3123764023903,0.5024214033248,0.3409968000804,0.6506012945946,-0.1010587412063,0.0988860856184,0.2400352412313,0.0784798333677,-0.0709822081485,-0.0761126312314,-0.3745217539960,-0.2297190210242,-0.3264454206907,-0.1368899894878,-0.3781758149326,-0.0984124496581,-0.1850518772139,-0.2175072081166,-0.0657843876713,0.0347176381679,-0.2136475166057,0.0967347630092,-0.0459909665799,0.2564204102707,0.1111829294115,0.1004026641094,0.1775869132151,0.3786805024457,0.2257364947716,0.3468893403944,0.3150382701045,0.4427103623128,0.5034696329667,0.4618654329839,0.4357981384644,0.1030887358081,0.0219125573022,0.4034343211477,0.7344939349895,0.4366933697602,0.4678768035378,0.6542911757403,0.3523054101045,0.4923185207116,0.2524318807290,0.2574058343572,0.3504212304531,0.2804054920788,-0.3565415423511,-0.1922991382196,0.5297904529254,0.2825484463765,0.6018704500529,-0.3335241009770,-0.0254193503053,0.0871737545357,-0.0631750322269,0.1089622248070,0.1662389443360,-0.1901348568955,-0.0127458658893,-0.1322829210547,-0.3249301469768,-0.3513444899660,-0.3333742131561,-0.3538928607348,-0.0718511601759,-0.1290158412713,-0.1184459448363,-0.2034210438429,0.0482440845345
-0.1496972366306,-0.2143872277548,-0.1179884765135,-0.0007502771243,0.0316515973835,0.0904084143979,0.0119404706186,0.5817553060756,0.4552408088283,0.1443667385881,0.3798129786548,0.4462633522526,0.3189562040440,0.0443786718789,-0.0061855001526,0.4817923183153,0.6393809415289,1.0000000000000,0.6929457068069,0.7422798537990,0.3369646245097,0.0854861711951,0.3511672938212,0.4353677880802,0.0997685350084,0.1906294092912,0.3590857882473,-0.1555185313576,-0.1666936574863,-0.2569727403667,0.5293319355322,0.2940247280410,0.5693650126791,-0.1919008868202,0.1439365282966,0.2603549045377,0.1532161520694,0.0175667032844,0.0023731072279,-0.3108596069973,-0.2191330901810,-0.2308004122949,-0.0819386961231,-0.3339538332757,-0.0051075256597,-0.1749133867922,-0.1500676693159,0.0853580692271,0.0110429091691,-0.2315126920294,-0.0762746632143,-0.2467471517260,0.0526423865095,0.0873720483171,0.0448092527191,-0.0423994483420,0.2307954676614,0.4744448462314,0.6812156353599,0.3831527012986,0.1623490558549,0.4711040509145,0.2828204703331,0.2142136095188,-0.0322055717583,-0.0327745871841,0.4424246893009,0.7167770122841,0.3938014003673,0.6663066286343,0.4273488210287,0.2991666405197,0.4164499043257,0.3691266973264,0.2271778450530,0.3258203001900,0.3927779824397,-0.2964398143315,-0.2216093794922,0.6345961477056,0.2112332666106,0.4600438240625,-0.3158096867270,-0.0753850552260,0.1783291057529,-0.0868632738468,0.0845570268383,0.1917392143268,-0.1706009867639,0.0882337360513,-0.0479119760677,-0.3161521602081,-0.3207125003389,-0.2617965985201,-0.2550423876028,0.0987174509715,-0.1083717245994,-0.1683140643283,-0.2300616181675,-0.0488763270486
-0.1036308803775,0.0115570302686,-0.0141051739836,0.2032167463799,-0.0445131584922,0.0415336876455,0.1332117429918,0.3991792774663,0.5331051148585,0.0802696022643,0.3352788443915,0.3344295701771,0.1876179162790,0.0294878530792,0.1846830026024,0.6030358197748,0.4201561526358,0.6929457068069,1.0000000000000,0.7566070631108,0.2188297694628,0.0268000049101,0.3394087052810,0.4294541394667,0.1373480243064,0.0798868681502,0.2587453638561,-0.1240503240067,-0.2461097993279,-0.2412876568233,0.4631194938324,0.1431713143958,0.3620081310401,-0.1828651515997,0.1732496146107,0.5021025212731,0.1064252681296,0.0367891634195,-0.0025384454398,-0.2014683261326,-0.2708004372501,-0.1364120031694,0.0565061287277,-0.3159384886826,-0.0267801764718,-0.2245153276048,-0.2269222243769,-0.0283027376675,-0.0652455556925,-0.1216841886902,-0.0815150460262,-0.0236266117604,0.3028597808053,0.0432360173108,-0.0212587784003,0.1999956759999,0.2383195948266,0.4757516043798,0.5674109022720,0.5818484871156,0.1043283344429,0.3851427882208,0.1754937305185,0.1559812334824,0.1034982814518,0.1742077350516,0.5875759336012,0.5208331343017,0.6911040347215,0.8397766527278,0.3936545431727,0.1662453100687,0.4921491688054,0.4777674690243,0.2595222975511,0.2584878685045,0.3532468007201,-0.1477614150183,-0.2491988728561,0.5937324166929,0.0714158819725,0.3335212760428,-0.1421153113152,0.1354031630573,0.1097343748730,-0.1154972693834,0.0749458279791,0.2634518624894,-0.0533514297757,0.0894563606094,-0.0650880424403,-0.2452652021035,-0.3247161393822,-0.3135605480903,-0.2942528604722,0.0726996420963,-0.2095270877262,-0.3342402875271,-0.0788729118848,0.1190731183109
-0.1394706970839,-0.0484123800301,-0.0299440122249,0.1285844111691,-0.0278722355042,0.0610916814129,0.0802136978668,0.6025162300625,0.5279251686811,-0.0237429953507,0.3051379493612,0.2303065370865,0.2923477737149,-0.0526498088160,0.1275785225825,0.5646834223041,0.4696824827327,0.7422798537990,0.7566070631108,1.0000000000000,0.3259169728107,-0.1250814659011,0.2800876836352,0.5100817672181,0.3853558416963,0.1702998330176,0.4366308860056,-0.2987371985103,-0.3114055557886,-0.2869714304229,0.5576677499458,0.3166689486710,0.5270454187288,-0.1533962082429,0.1422261952416,0.4960609834705,0.1484027066382,0.1942085909713,0.0379405355833,-0.1874095409733,-0.2752629162588,-0.1429686630920,0.0750504816704,-0.1731341100166,0.1209361385842,-0.2043398307386,-0.0433085650562,0.0317026793228,-0.1401925571474,-0.0748513985236,-0.1338732497155,-0.0918422409936,0.1885879087560,0.0308501707426,-0.0129814955864,0.1129969123429,0.3721958011937,0.5471195745711,0.5789217491251,0.4668514333114,0.0099420166072,0.3402857927865,0.0924840667586,0.1855138499669,-0.0345876658192,0.1297513077820,0.5223525720610,0.5455051059677,0.4977861681803,0.8198579484532,0.2951103713716,0.1285693391957,0.4577872212271,0.5205441692393,0.2198084787436,0.2341927057569,0.3961640157870,-0.3452877225262,-0.3330910989964,0.5643000348796,0.0650903091952,0.3291385463990,-0.3394755812008,0.0664291696911,0.1849711881105,-0.2431586901353,0.0251607444430,0.2166446474149,-0.0845057304060,0.1938879046311,-0.0690481993379,-0.2873347009497,-0.3043787230118,-0.3427275233084,-0.3024380467776,0.0201888896354,-0.2547065896050,-0.3041182908130,-0.2317969194450,0.1219495556030
-0.1089829609983,-0.1430545327136,-0.0505366853859,0.1363246206799,0.0998878503165,0.1355780427648,0.0675744435040,0.1042647369254,0.1391351487093,0.2781838236242,0.3392733617132,0.3128902936255,0.2564118451905,0.0222091760130,0.1251187817214,0.4125408391249,0.6535556751321,0.3369646245097,0.2188297694628,0.3259169728107,1.0000000000000,0.1223448751475,0.3421575944518,0.4083013142283,0.0679877945618,0.1964226329840,0.2809835346235,-0.1600967767592,-0.2326568381673,-0.2449903758417,0.5745307246219,0.5973723155206,0.6049812991531,0.0890651332838,0.1635286436106,0.2773100503468,0.1963288872595,0.0287285692867,-0.0728167721118,-0.3850363169983,-0.3189677150347,-0.0827146452197,0.1040461649578,-0.2215625485820,0.1522802378210,-0.0907349198919,0.0465668511762,-0.0418334377535,-0.0334559139668,0.0704843178724,0.0044295789452,-0.1023580330029,0.1283572407484,0.0598577780880,0.0281960628640,0.1194362462217,0.2403124535440,0.0359947302913,0.1397195948470,0.1847772326461,0.3227984937506,0.2894720111019,0.1966730747880,0.1816886408432,-0.0528330037150,0.0564509368347,0.3169999577715,0.4279322875607,0.3025548422637,0.3252321387801,0.5362732768502,0.2865343464465,0.3436967828346,0.1269635340266,0.4713204907449,0.4033668908773,0.2716932425495,-0.3498921606991,-0.3096613002216,0.4503511205295,0.4431665014616,0.4932520627300,-0.2976133293772,0.0730645315217,0.2108775354477,0.0611778227200,0.1453276581874,0.1469997236660,0.0538472579899,0.0810325179450,-0.1322859146935,-0.3017148939278,-0.2912455459510,-0.1807611974374,-0.1228149010654,-0.1088057772589,-0.2125929513546,-0.1539667367929,-0.0683545692696,0.2751943640940
0.2424706175035,0.1743106758251,0.1018653657100,0.0546765740866,0.1234271569206,0.1541432440738,0.0196917918877,-0.0195670178128,-0.0014062676137,0.6537213343041,0.2135866790137,0.4504360194149,0.0465869117352,0.4246470608036,0.1573145685502,-0.1412487712207,0.1800204255841,0.0854861711951,0.0268000049101,-0.1250814659011,0.1223448751475,1.0000000000000,0.2918501774160,-0.0406471759648,-0.1249185871950,0.1569161601537,0.0314841616690,0.1034976412873,0.1941132012133,0.0218607077088,-0.1870718671670,-0.0200709839920,0.1062945558154,0.0215370737121,-0.1020424803963,-0.2963853252540,-0.1390606701880,-0.3338245895213,-0.3543306746515,-0.1046258855705,0.0141038734557,-0.0641936396645,-0.4360399523767,-0.2848606394511,-0.2992583363365,0.3294418961792,-0.1971363110666,-0.1831030676847,0.1783805066660,-0.1539904954465,0.1109370594386,0.1135704433358,0.0534859826565,0.1045652948955,0.1283215176907,-0.0368904667682,-0.0645062535892,-0.0364248865090,0.0228196111148,-0.0542042703775,0.5215206692336,0.2011750579503,0.3795824233946,0.0146768152732,0.3582017270114,-0.1191653378878,-0.0707942242675,0.1165870364043,0.0168043470982,-0.1028804112552,0.3442434418106,0.6459390155206,0.0210269437356,0.0125573316305,-0.0688932873189,0.2569499707656,0.0361871587943,0.0280717280537,0.1272654902288,0.0006199514738,0.1934722038489,0.1787693509700,-0.0350395298015,-0.2997726331642,-0.0538999196658,0.1131714728764,-0.0445937843327,-0.0474132990777,-0.2952567876065,-0.1800828405977,-0.2592087253600,-0.1444151903760,-0.0682039747625,0.2870929861541,0.0895173401947,-0.1606506184749,0.3725922189078,0.2992785578692,0.0386192450570,0.0317083687856
0.1900305514114,0.0742559042167,0.2091638051317,0.3847052137557,0.3452491161986,0.3877192313212,0.2863332587150,0.2369965318511,0.2721477067890,0.3412653104036,0.6718574913186,0.7050383801958,0.3260338580831,0.1263160800772,0.2930620538494,0.1183122529133,0.4165299442667,0.3511672938212,0.3394087052810,0.2800876836352,0.3421575944518,0.2918501774160,1.0000000000000,0.3376883102880,0.1884142201833,0.3785263448620,0.3934286499254,-0.4915769896836,-0.1659586868237,-0.4027487853102,0.1102426817792,0.2781935171554,0.2806109934409,-0.0377875448622,0.2272623106066,0.1403458366034,0.1850594172153,-0.3201327141634,-0.1596302674616,-0.1564232044266,-0.2481975690645,-0.3091400303766,-0.2887517441275,-0.4025822969915,-0.2842958635912,0.0730005507667,-0.3669058324701,0.0170432782998,-0.0637902372058,-0.1474285600214,0.2672470070808,0.2107332829542,0.4036384324655,0.3617307577522,0.2848176705098,0.2869979082647,0.2819444173889,0.2788602958902,0.1566944897084,0.3413547578069,0.3152781823385,0.5680141001098,0.5141885803129,0.2263780969915,0.2582380875838,0.0693927345667,0.1718365529596,0.3157749012343,0.3003948323961,0.3667920777789,0.5215604561782,0.7111346716940,0.3694863923391,0.3828582038200,0.0723731039545,0.5245132593879,0.4162711458281,-0.5410952226790,-0.2054023511952,0.3136703811251,0.2342190224078,0.3442066713958,-0.3108069694052,-0.0776528231607,-0.0867832095474,-0.2923695912372,0.2143640160847,0.2429457444164,-0.2012141008056,-0.1554525650396,-0.1193014473684,-0.1188035411517,-0.2636872783902,-0.2447169239489,-0.1987335708496,0.0987903593223,-0.1933207076377,-0.1228128824978,0.0062048835805,0.1108373946559
-0.0036453877664,-0.1478215876413,-0.1073214237307,0.2861617396781,0.2275076711563,0.3792756397267,0.4445289952508,0.2210354377686,0.3086012000596,0.1201188312912,0.3354438967142,0.2638552843682,0.3474815585838,-0.0760178549074,0.2324512085806,0.3787351164264,0.4396918862583,0.4353677880802,0.4294541394667,0.5100817672181,0.4083013142283,-0.0406471759648,0.3376883102880,1.0000000000000,0.3196152560642,0.3105190579570,0.5671132177473,-0.2872302481266,-0.2745231594066,-0.3407068996899,0.5299783552519,0.2507443494696,0.3803914116309,-0.1818560196957,0.4099912436304,0.4370355547381,0.4889715738792,-0.0192892610123,0.2264099401832,-0.1176347336089,-0.2813825078737,-0.0864422677732,0.0553235092718,-0.2646514972936,0.0157510741655,-0.1030351579364,-0.1481275080181,0.2768242608783,0.0726370254394,-0.0360059842863,0.1932969852176,-0.1483642111866,0.2623352654053,0.2584074733310,0.3931088590077,0.3660272194097,0.3558209870752,0.1534336410637,0.3153169855352,0.2862933187131,0.0533578630503,0.4393967822636,0.0760184951970,0.1533791029658,-0.1034473247689,0.1388626529162,0.5214696242962,0.4845628553692,0.3405331349502,0.4656610432781,0.4022723680830,0.3107177645212,0.8202699185047,0.4912368601255,0.2315950725721,0.3840807095299,0.5641973717761,-0.3483759593109,-0.3774778566693,0.5809836478498,0.1739128022553,0.3440905170491,-0.4227764610579,0.0839142802722,0.1985886822889,-0.1575283986289,0.4548934334157,0.5829616887941,0.0500931208289,0.2317101023722,0.2252595282821,-0.1730140598280,-0.2034735461691,-0.2056679738606,-0.2390621308783,0.4090723112195,-0.2146028284520,-0.2173244514388,-0.1000569499438,0.2606201143414
