1.0000000000000,0.6449111786129,0.7037471259450,0.5355790804776,0.5016053219221,0.4908421521294,0.4654962487451,0.1540184809903,0.0855694063475,0.1928712177936,0.1525826969882,0.2681871833002,0.2702650922590,0.5286199392010,0.4143062504824,0.3738132756823,0.2910466947685,0.2579272410250,0.2825929834063,0.1539821170928,0.1349244832244,0.0924952960074,0.0180812609979,0.1085126846503,-0.1966823339926,-0.1052432984145,0.1536044118754,0.1017811349522,-0.1943646656569,-0.1392859493197,0.2958464622418,0.1970417087255,0.0732978214154,0.0038608179154,0.1948652686417,0.3369784876314,0.1665263796963,-0.0025057145271,0.0810285104664,-0.0114767021432,-0.0402265260673,0.1355340383627,-0.0065035048654,-0.1098610534300,-0.2040642062061,0.0419373623716,0.1930247763070,0.2511932745397,-0.0620074777829,0.1150850636404,0.6166259356812,0.7569767437708,0.5828630609345,0.6786116006060,0.4223659367668,0.4392382970859,0.0897292267769,0.1305381892563,0.2839006494443,0.0622861621009,0.2200909809988,0.2986904623127,0.2591640961361,0.2226283713637,0.5558531919007,0.0781123451825,0.2549990606812,0.3585676166193,0.1233491040964,0.1490513245123,0.0418022514254,0.1309699164211,0.0790949898630,-0.1617275272660,-0.0490310361530,-0.1842579298167,-0.1150054403888,0.0104200315013,-0.2359462754990,0.2487095994930,0.1064449216502,0.0061376083517,-0.0554322351634,-0.0684172667126,-0.3332141874565,0.1241553730358,0.1388291922359,0.1100211405394,-0.1226649022736,-0.3163515434013,0.1021894824624,0.0325948207536,-0.3283885898250,0.0506506546029,0.0408681157938,0.2198043916412,-0.1269740122826,0.0324995905272,0.1136866377249,-0.0121129202158
0.6449111786129,1.0000000000000,0.5632289697378,0.3864731001090,0.0896946926086,0.1833243246839,0.2074518045939,0.1511025087396,0.0035039637544,0.1495250306776,-0.1181499466812,0.0242270677942,0.1434476441664,0.5753350586476,0.4305425150751,0.3434593048258,0.1233405921231,0.1380764927311,0.1227861946998,0.1033453147372,0.0063978900466,0.0855547883610,-0.2113899871840,-0.1150449297155,-0.0358487170754,-0.2287192339041,-0.0376762753683,0.2218333601772,0.0094227221287,0.2574063014334,0.1630503909412,0.1230403250659,0.1468241126348,0.0826828332413,0.0018324080898,0.1614151689787,-0.0925296223825,0.0729626194431,-0.0448706966134,0.0217824165022,0.1998352076036,0.1613536889051,0.0228605101262,0.0073830771511,0.0338143502588,-0.0326242027970,0.1628744464735,-0.0112592805667,0.1019558659653,0.1445371270741,0.2606363625322,0.8060440938066,0.4520864553145,0.3366558738934,0.1557067361384,0.2117757894177,0.0713796790928,0.1491978525066,0.1087388734204,-0.0117747480190,-0.0243276327179,-0.0424599149492,-0.1296769513466,0.0443241586705,0.5420963429164,0.0469521363064,0.1609122432247,0.1879044804622,-0.0556839259322,0.0547892088490,-0.1652052997517,-0.2008699231216,-0.1759127124443,-0.1244238139072,-0.1699833188138,-0.3442095861622,-0.2483540435506,0.1990383307864,0.0570981999030,0.1079018625389,-0.1065471287724,-0.1109463272202,0.0055340398251,-0.0208265824018,-0.1534917353273,0.1920082323596,-0.1166026298115,-0.0477989064980,-0.0837018872098,-0.2336904539160,-0.1219602782662,0.0233633256608,-0.2441959075967,0.0598312142224,-0.1197158790083,0.0108750937525,0.1433766684442,-0.0837168012840,-0.0115037213878,0.0214154731497
0.7037471259450,0.5632289697378,1.0000000000000,0.5589211002500,0.2237339916214,0.6446851742594,0.6887214215337,0.3260733354711,0.3741695812888,0.1969522778600,0.0814072068454,0.2952326841521,0.4034143079811,0.2192081992822,0.3106747413400,0.4685870192719,0.3456612799347,0.2719941710483,0.3842783069762,0.3739559728767,0.1675329914420,-0.0891652135897,-0.0162125679180,0.2007035688355,0.0122275695564,-0.0358315866452,0.2468537163889,0.2165468311724,-0.2238225540611,-0.1644753015917,0.2808468638459,0.3211500912639,0.1615774885512,-0.1106984113868,0.3229513969534,0.4213270633452,0.1793251886908,0.1255270948303,0.1362424885321,-0.0241603089917,-0.1170367838173,0.1266627835849,0.0000393391822,0.0402717588401,-0.1013865952583,0.1880475769399,0.2840873398384,0.3134149235853,-0.2647181137624,0.1425544104534,0.3389668981355,0.7584778256332,0.5589979116424,0.8022851337219,0.4031822280481,0.5759962589465,0.2497815672201,0.3071976246384,0.3956746340895,0.3192170844160,0.1466355668922,0.2816337711058,0.2870831711280,0.3482998618503,0.3840327428278,-0.0277817370183,0.3714041214827,0.4124087237911,0.2094896801893,0.3068006680136,0.0165314292774,0.1106330943890,0.1993228765560,0.0026181517451,-0.0321755447555,-0.1577405204645,0.0006361261924,0.0857002339499,-0.2451729303580,0.2106176106731,0.1648514711777,0.1154849732788,-0.0930446556116,-0.0269571411691,-0.2358422297798,0.1324398847865,0.1910445133382,0.2460145621350,-0.1184333567029,-0.2250831390095,0.1451238752755,0.0349502645756,-0.2061340120770,0.2254900799623,0.0478589778205,0.3486941169007,-0.2477474876930,0.0478825151595,0.0803850607620,0.0018781282652
0.5355790804776,0.3864731001090,0.5589211002500,1.0000000000000,0.3949599831020,0.3592216381333,0.6667041378945,0.1776968554483,0.1057575988723,-0.1296104320294,0.0387348445397,0.1845659647253,0.2383244544395,0.2091451231653,0.7037758611647,0.7719293467536,0.5910438447737,0.4735334733116,0.5838748119427,0.3705298429398,0.3300666900775,-0.1414219160170,0.2371318250855,0.2817830953655,-0.4154068080227,0.2159682580286,0.1799826901446,-0.0424860404744,-0.1534467038017,-0.3194018583350,0.6582900353621,0.4147339244244,0.4067321985674,-0.0871730818515,0.4052337230506,0.4917874676318,0.0924896492432,0.1536939016679,0.1603166955053,-0.0571773509066,-0.2451007694295,0.0114013105904,0.3557833244778,0.0148001796113,-0.2074352912361,-0.0762385546174,0.1282638693796,0.2244258295287,-0.2261084073015,0.0877151149602,0.4116741386740,0.4221730550213,0.8775474266048,0.4436387008568,0.2670912244485,0.7326598979995,-0.0553591686243,-0.0023101785450,0.3793945591657,0.0134183783727,-0.1759090315290,0.1532857651606,0.0666624977374,0.0991944473690,0.3705090381431,0.4542642096671,0.4878807806211,0.5634279724385,0.1452036390071,0.3688495377823,0.2283863589180,0.0159812121301,0.1981506387449,-0.4237964795712,0.1309744119319,-0.0323477782276,-0.0241072446975,-0.0946135752008,-0.1727285278216,0.6130422825365,0.0713775423067,0.0544609939765,-0.3394655683880,0.2038318836986,-0.3976935053650,-0.0721430167784,0.1005839614833,0.2238800755725,-0.0086962026045,-0.2814226262077,0.1238567823245,-0.1173174766799,-0.1820867402705,-0.1930900453553,-0.2748072958027,0.1602317420314,-0.1768834505336,-0.2757341836577,-0.0421564581985,-0.0551011493709
0.5016053219221,0.0896946926086,0.2237339916214,0.3949599831020,1.0000000000000,0.4910550763995,0.4180261220788,0.0195292226768,-0.0259315496188,0.1007296735896,0.2501713707977,0.1351684293588,0.1148828899870,0.3295834294603,0.3429158407483,0.2040566247572,0.2793816418707,0.2573916643557,0.2075041573549,0.1323142013809,0.1992987665189,0.2648254764215,0.1645289856715,0.3276555383760,-0.4664595346725,0.0763447673443,0.0744045637014,-0.1969668737579,-0.1176449451445,-0.2057987190145,0.3563669228472,0.0635006343288,0.0416712816957,-0.0100818977526,0.3714674039227,0.2815090917579,0.2784126930514,-0.0447255993795,0.1725847158921,-0.0581481214020,-0.0509905854617,-0.0124482278057,0.1445216814574,-0.2509592329512,-0.3743771982598,-0.0491200240064,-0.0067577654098,0.4003730408544,0.2669436862207,0.0667712873710,0.6577620908849,0.1158575738199,0.3619999650676,0.4342238647230,0.6081950884921,0.4292731359454,-0.0027310497076,-0.1201619150555,0.1308837654185,0.0008010008113,0.1143116095970,0.2874018168502,0.0635865579809,0.0439096244474,0.2258322822137,0.3151236428547,0.2287998317367,0.3439728880351,0.0414733947297,0.2199381019255,0.2528627615354,0.1409437713330,0.3299445341303,-0.2910552247978,0.2022769459952,-0.1013345259602,-0.1027391911357,-0.1420146214946,-0.1876582499530,0.3713918149996,-0.0110211428282,-0.0484677749241,-0.1626435400147,0.2089143434543,-0.4079320105740,-0.0418515924412,0.3065951502356,0.2888203401376,0.0847348245303,-0.2108962679876,0.3134002721755,-0.0595398421186,-0.3888480730623,-0.1390859465788,-0.0367344102492,0.3838304258508,0.0854223278782,-0.1104103474046,0.0853080759227,0.0082582588682
0.4908421521294,0.1833243246839,0.6446851742594,0.3592216381333,0.4910550763995,1.0000000000000,0.7316058409443,0.2462592377191,0.3625427877820,0.3732294489200,0.3885403767374,0.4070172243395,0.4014736464744,0.1190471453242,0.2947240762829,0.2335887606649,0.2688070599924,0.1671776141536,0.3062361143494,0.2451036226342,0.2662757215924,0.0397140095195,0.1462547051040,0.3726265522452,-0.0680537019200,0.1078254143212,0.1933950084963,-0.0422357218484,-0.2826319159073,-0.3042662298058,0.2000536710990,0.2750727473493,0.1079182374467,-0.0066965203071,0.4031764626156,0.4180238459540,0.2901723969346,-0.0180003174633,0.1997065271071,0.0761988331735,-0.1783313959718,0.1797905768388,0.0009160339328,-0.0241039146979,-0.1929748781528,0.1239432123300,0.2072577834488,0.6260139249494,-0.1526709749800,0.2478856469761,0.4619133062176,0.3806227377650,0.3108416065884,0.8213785653909,0.8005420012003,0.5590663208713,0.1187132030992,0.1193439923491,0.2645412608689,0.2800171389921,0.3065317083389,0.4478251861139,0.3132207419739,0.3473924686594,0.2361154784002,0.1410319598915,0.2336604527108,0.3304403061392,0.1635909166237,0.2190548844628,0.0991129527589,0.2313920614177,0.4041116461788,0.0267397731717,-0.0476163864923,-0.1341855395465,-0.0030294170197,-0.1514026625386,-0.3600151797750,0.1590194688518,0.2237463899332,0.1437692725943,-0.2154447910844,0.0078791679761,-0.2893881576062,-0.0346711195351,0.3475238029163,0.3839990508403,0.0133614168237,-0.1660684051632,0.3149374367724,0.0047692711246,-0.1982950440178,0.0236601427571,0.0081032510992,0.6548677806021,-0.2467360167899,0.0265940991639,0.1570613361886,0.1120246553636
0.4654962487451,0.2074518045939,0.6887214215337,0.6667041378945,0.4180261220788,0.7316058409443,1.0000000000000,0.3080665863601,0.4059697927294,0.0223367526453,0.1550957932417,0.2550598442607,0.4005280260829,-0.0205044041804,0.3799297161886,0.5378415239722,0.4764286703090,0.3385692839765,0.4965644885354,0.3835664333477,0.2859544872937,-0.2624368737945,0.1703356645683,0.4348670002565,-0.1971586993828,0.2416739693067,0.1700939553363,-0.0475804695864,-0.2458739769889,-0.4168337655185,0.4761984957423,0.3354129369162,0.2228613418076,-0.1375505870282,0.6066991136801,0.5417831769422,0.3203767655991,0.1165818185362,0.3632125364346,-0.0290670845777,-0.3103463324437,0.0273805352014,0.2175348415850,0.0562974064793,-0.2203795161229,0.0371202428904,0.1134965807262,0.4806529821869,-0.3228775043576,0.1450466216471,0.4204994133168,0.4064847273254,0.5844345568618,0.7392129588755,0.6292020834705,0.9055886061982,0.1234505115253,0.1327062251633,0.4120624617949,0.3111874347344,0.0369794950453,0.2836036290129,0.2043421075902,0.3356363715372,0.2382173143289,0.2088865175440,0.4675942628770,0.5194962823446,0.1981098433473,0.3991140853657,0.2256177922894,0.0478263782279,0.4503713603883,-0.1550074595785,0.1266596192552,0.0053503717586,0.0435890036683,-0.1186792955349,-0.2770607955351,0.4710234036085,0.1353539017307,0.1827666858478,-0.3247545984348,0.1879003513456,-0.2971228992833,-0.0899730665502,0.3465857589115,0.5635126167624,0.0954566887229,-0.1429366074195,0.4001650518706,-0.0346997110389,-0.0781757574514,-0.0233284846337,-0.1512484938143,0.5071585397579,-0.2594897538758,-0.1275476177367,0.0558995388577,0.0674334477933
0.1540184809903,0.1511025087396,0.3260733354711,0.1776968554483,0.0195292226768,0.2462592377191,0.3080665863601,1.0000000000000,0.6265701507500,0.1045883125207,-0.0567008030697,0.2258997958699,0.4399310467153,-0.0880795798839,0.0473784380617,0.3030520279900,0.4502298997922,0.6274735645713,0.3162003475084,0.7764617355574,0.1594811641774,-0.1306703777590,-0.0653548534563,0.2068502061410,0.3127804146717,0.0421190402339,0.0915869759809,0.1303792485958,-0.3089584919736,-0.0977374034970,0.2172882365555,0.2442637376919,0.2187235446763,-0.2098855367624,0.1057754046250,0.2351842008454,0.0571631768008,0.4102628106026,0.0692454131160,-0.1494198414786,-0.1059858115659,0.0382103547493,-0.0812400892214,0.2667905943340,0.1196915287716,0.1376241207362,0.3176999429936,0.1501330245743,-0.2706537591091,-0.0080266936022,-0.0116223302525,0.2870710215353,0.1745493967985,0.3497928960231,0.1878004079031,0.2585379382605,0.5095753148970,0.7574134824687,0.7049030646916,0.6091637924351,0.1006411398453,0.0532428197017,0.1943972826270,0.2781276019928,0.2181943881300,-0.2812445049945,0.2088441570306,0.4362140261915,0.2604435976454,0.6004227853367,0.1082946626103,-0.0318700603510,0.2907638500521,0.3076230655948,-0.0287471279623,-0.0761342679127,0.0987896639210,-0.0168421398182,-0.2541537658996,0.2036849025404,0.0777059213908,0.2674865310906,-0.1297752205913,-0.2710292401388,-0.0037258252307,-0.0465344822239,0.0046281036318,0.0641752162087,-0.2919812832035,0.1221389881871,-0.0053896747827,-0.0401156828962,0.0572771588755,0.1349425141993,0.1043207490997,0.1100890239079,-0.2463135461394,-0.0114464734936,0.0215738209774,-0.1525964913641
0.0855694063475,0.0035039637544,0.3741695812888,0.1057575988723,-0.0259315496188,0.3625427877820,0.4059697927294,0.6265701507500,1.0000000000000,0.1694222749785,0.1801896577873,0.3889074648840,0.5231415508559,-0.2057054961173,-0.0644130801704,0.3534862267305,0.3333289295940,0.2772848980464,0.5042303818841,0.6116488166709,0.2363856822074,-0.2047979640812,0.0849363562871,0.5272590027354,0.3665659296042,0.1370735536254,0.2943774337455,0.1464869175378,-0.4238432630530,-0.2721232854938,0.1512620073302,0.1924687359663,0.1097907132791,-0.1448629603647,0.2987073485471,0.4296238103220,0.2423201876484,0.2508197964304,0.1974297448092,0.1329802341996,-0.2913875772116,0.0253820873443,0.0012504534689,0.2633662153125,-0.1267309819514,0.2561365004582,0.2212834502213,0.3582180709519,-0.4356825690499,0.0212771508076,-0.0014521012377,0.2386842797995,0.1129117083811,0.4452699815002,0.3070176555979,0.2892863177300,0.4428337201942,0.5423209630686,0.5925992757938,0.9014070100817,0.2088647289880,0.3114601845280,0.4126500748346,0.3943257285875,0.0348977827925,-0.2653560897452,0.3793397446818,0.2972443776900,0.4711610706218,0.5744453578445,0.1778892455342,0.1513475479734,0.5678682316892,0.4523615725079,-0.0196451158912,-0.0286326108746,0.2307538631276,-0.0455052671776,-0.3964413844389,0.1272119871746,0.1580572934846,0.2742939006312,-0.1841458139309,-0.1021642849073,-0.0545807718462,-0.0443056646924,0.2366515968658,0.2580146544231,-0.1622319977915,0.0871008109975,0.1663624895409,0.1012073431989,0.1286485301080,0.2401918916728,0.0811552930692,0.3633980974382,-0.3903107108165,0.0022740349181,-0.0059745680367,-0.0678559664501
0.1928712177936,0.1495250306776,0.1969522778600,-0.1296104320294,0.1007296735896,0.3732294489200,0.0223367526453,0.1045883125207,0.1694222749785,1.0000000000000,0.5147034388102,0.5953231598412,0.4016815889467,0.2993178304703,0.1688652524478,-0.1567324573813,0.0700740047374,-0.0264571661376,-0.0533878150156,-0.0021894499686,0.3116316528465,0.5028097708987,0.1575257722666,0.1427107747641,0.1471831324101,-0.0257618119876,0.3045291067312,0.0389514936543,-0.0884483258946,-0.0313162088099,-0.0356664810115,0.2581800496895,0.0407849581039,0.1217458762234,-0.0298076196762,-0.0605359730676,0.2462540086167,-0.0463732975893,0.1088777590864,0.1843292906282,0.2461598305035,0.6679408562031,-0.0039284531433,0.1438260046406,0.0614366819602,0.3831996274348,0.3801582044515,0.2649306185341,0.0255739805550,0.6585715511814,0.1020235454482,0.1711673839607,-0.1317048906113,0.2708347170909,0.3495096408332,-0.1021492735372,0.1525838846782,0.0580613726106,-0.0242598312423,0.1216437144562,0.6950252880310,0.5072813317241,0.4204405310945,0.3206103022882,0.1500406109247,0.0035100989545,-0.2416788180523,0.0742442572442,-0.0501046231614,-0.0920864180632,-0.0083720623840,0.3841392591390,0.1422359278077,0.1735705327506,-0.1458863865572,-0.2338882336773,0.0237693707293,-0.0570417380135,-0.2143577962642,-0.1514269307432,0.1681487053722,0.2075325158305,-0.0029270820762,-0.1877219831826,-0.1506865055185,0.0386984977231,0.2108896484683,0.0060419769266,0.1522754108657,-0.2446834261962,0.1283207739157,0.1468996172846,-0.0460641498961,0.2384692560358,0.2392042537767,0.2456778347503,-0.1436536890014,0.4419470335712,0.6227657175517,0.4015917043430
0.1525826969882,-0.1181499466812,0.0814072068454,0.0387348445397,0.2501713707977,0.3885403767374,0.1550957932417,-0.0567008030697,0.1801896577873,0.5147034388102,1.0000000000000,0.7348326004506,0.4278159261902,0.0011901379294,0.1620439890694,-0.0298286579954,0.1635176925051,0.0085247503629,0.0030348080413,-0.0478511291440,0.5369372315118,0.3176923560546,0.5683491379209,0.5016718526685,-0.1051111247828,0.3711585655978,0.4972991104111,-0.0995646906459,-0.1149768211063,-0.3392870886444,0.1435370635768,0.3018874214887,0.1990351701755,0.0416875489637,0.2798442625673,0.0758264233656,0.4220016716778,-0.0104273109127,0.2583872330223,0.2202029034896,-0.1209891062317,0.2758487506493,0.1854727464843,0.0796865335759,-0.0441206134707,0.2515798297702,0.1579483909759,0.5148337871470,-0.0876469967718,0.3790298449435,0.1394684968238,0.0151800712595,0.0043304508821,0.2137751768585,0.3546074263263,0.0633404614037,0.1179625172863,-0.1417938545495,-0.0850977652909,0.0904536074389,0.4377301605590,0.7931563220872,0.4812172854911,0.3224068423630,-0.1619139387777,0.1213039425045,-0.1592821922309,0.0886762826883,-0.1117096431321,-0.0363002346237,0.2769141531565,0.4840954361251,0.4672617469008,0.0558015906468,0.0081606433940,0.0717874942055,0.3260365801347,-0.1527202979560,-0.2426091372399,0.0409561838844,0.2021537614674,0.1334067886819,-0.2440598618057,0.0367256837238,-0.1475803374690,-0.1907587423292,0.4006184933316,0.1833977988449,0.2120107935021,-0.1314201960687,0.3350583530246,0.0543051813502,-0.0098621140767,0.0725616575544,0.0355441358063,0.4206377001462,-0.2063102871926,0.0999126464778,0.2241382433115,0.2614563299944
0.2681871833002,0.0242270677942,0.2952326841521,0.1845659647253,0.1351684293588,0.4070172243395,0.2550598442607,0.2258997958699,0.3889074648840,0.5953231598412,0.7348326004506,1.0000000000000,0.6224939730468,-0.0049133909651,0.2750989877799,0.1558515555103,0.3838631583091,0.2257694140762,0.1926150848941,0.1760338309812,0.6291643588786,0.1864877548936,0.6184180090976,0.4511659130861,-0.0271111780327,0.3521113449467,0.5202176431581,0.0303374822158,-0.3092720626032,-0.4108078298489,0.2498859645676,0.4446173887810,0.2531648234823,-0.0622975781444,0.2442528255596,0.1553784135053,0.3511428492404,0.0938069298202,0.2579114569609,0.1556327025333,-0.2345853417941,0.3732627972519,0.1645769323428,0.1777085046409,-0.0549205854726,0.3345625783211,0.3750627089925,0.5459485519198,-0.3921546460449,0.4463252350567,0.1099743281587,0.2110450229426,0.1493434205408,0.3716998344133,0.3130850245097,0.1490842931074,0.2351338658230,0.0957417441279,0.2192925651785,0.2561189258793,0.4974987764124,0.7057581232428,0.7109474229522,0.4788206233266,0.0501351117148,0.0851555417536,-0.0308791338397,0.2737131346724,0.0107140109164,0.1379706523767,0.3298872223616,0.5312558533966,0.4301160348889,0.1011024542903,-0.0481094159945,0.0847543031132,0.3384161532292,-0.1365655449890,-0.3456677842461,0.0886763404462,0.2679526021204,0.2646734690857,-0.2536679317877,-0.0757463815774,-0.1868087298758,-0.1197108142007,0.3648626009158,0.1790523105641,0.1449798042064,-0.2248182275325,0.2747501218702,0.0408190985701,0.0452403202258,0.1958044552362,0.1180804007355,0.4207965270871,-0.3920704276450,0.1248808279450,0.3294924856142,0.3075782861058
0.2702650922590,0.1434476441664,0.4034143079811,0.2383244544395,0.1148828899870,0.4014736464744,0.4005280260829,0.4399310467153,0.5231415508559,0.4016815889467,0.4278159261902,0.6224939730468,1.0000000000000,-0.0875666179435,0.1856297812068,0.3143983324222,0.5504933516863,0.3719486805257,0.2411871298949,0.4904032042900,0.4192707307673,-0.0815088499261,0.2384906208712,0.4559511469875,0.1102387908591,0.2778714514977,0.4464755848360,0.1503481659221,-0.2943387617896,-0.3547259543746,0.3401227951826,0.4615744022946,0.3227909935169,-0.1524065010442,0.3568514956561,0.2959148532907,0.3353096609617,0.3623457163260,0.3336647663444,0.0137244339293,-0.1437446819709,0.3388383697869,0.2016798632039,0.3746855986363,0.0239924812312,0.3022219410163,0.3838589595378,0.4588181233293,-0.4061479903518,0.3811594677596,0.0396586955409,0.3397156338189,0.2176823667412,0.3940547858033,0.3233091729664,0.2830874538365,0.4365857461767,0.2801544371647,0.3235519972621,0.4505253629072,0.2691351175440,0.4482567716932,0.5582898279753,0.7976081839048,0.0407463264404,-0.1875230257671,0.1191771205308,0.3942414078527,0.0668895782122,0.3515781602760,0.1126126018391,0.1768666260180,0.4483984171995,0.0915644633287,-0.0760568421170,0.0232472131034,0.2671887211097,-0.0086929760622,-0.3464436832284,0.1850429709655,0.1006424918428,0.3031282087730,-0.1529906072402,-0.0623032957905,-0.1764430540060,-0.0554298863686,0.3039177104983,0.2593651344347,0.0364253622618,-0.1013060089212,0.2893406828644,0.1273610916588,0.1207084249003,0.2519981726357,0.0864025440981,0.4298407922286,-0.3941766160049,0.1360641153830,0.3046427032347,0.1270274377372
0.5286199392010,0.5753350586476,0.2192081992822,0.2091451231653,0.3295834294603,0.1190471453242,-0.0205044041804,-0.0880795798839,-0.2057054961173,0.2993178304703,0.0011901379294,-0.0049133909651,-0.0875666179435,1.0000000000000,0.4149602854398,0.1223905359260,-0.0033458030380,-0.0127253159176,-0.0372928288489,-0.1040658163894,0.0241588799986,0.4745125851263,-0.1264353485139,-0.1636496094666,-0.1473468346950,-0.1853663488719,0.0652323620806,0.1127424612689,0.1593981915282,0.4310012888757,0.0546333472344,0.0318788832932,0.0369784183000,0.0625926245546,-0.0541421030712,-0.0005905078984,-0.0464389092233,-0.0295136684119,-0.1030769589244,0.1038240920900,0.3859796682800,0.2034488414143,-0.0376222580392,-0.1216141177023,-0.0029722306238,-0.0350098841185,0.1342123218241,-0.0949274421868,0.4800352632935,0.1469964422664,0.4824886378640,0.3242523001702,0.2328127867220,0.1654678707593,0.1362027993023,-0.0116800680471,-0.1121166899906,-0.0582066211942,-0.0686052653346,-0.2204044654752,0.0778185924115,0.0726269999301,-0.0929495093652,-0.1960286387067,0.5107054278830,0.1937858279965,0.0024253002951,0.0827212444607,-0.0393010796123,-0.0681033828575,-0.1239572698369,0.0640387662710,-0.2217448745994,-0.0957744616226,-0.1806711051234,-0.3820981606619,-0.2247712787387,0.1192478591125,0.0972226573228,0.0294320112807,-0.0408261224775,-0.2318499562424,0.1475723997521,-0.0259725538210,-0.1644664036026,0.1838599934050,-0.0944769137895,-0.1682136803302,-0.0530093142559,-0.1831441052901,-0.1085115894782,-0.0225225694641,-0.3291038757038,0.0133703811457,-0.0600648438125,-0.0587715714480,0.3887396301992,0.1565124133826,0.0348506645926,-0.0193023752706
0.4143062504824,0.4305425150751,0.3106747413400,0.7037758611647,0.3429158407483,0.2947240762829,0.3799297161886,0.0473784380617,-0.0644130801704,0.1688652524478,0.1620439890694,0.2750989877799,0.1856297812068,0.4149602854398,1.0000000000000,0.5093990574130,0.4757554721508,0.2888757131749,0.3334378698747,0.1756964765578,0.5228632417913,0.1104493401345,0.2739576508989,0.2107982198464,-0.3879091171955,0.2450273180381,0.1972575102344,-0.0585022972333,0.0145333352502,-0.1144486912070,0.5154560196888,0.4264158469704,0.4260837147940,-0.0060626429497,0.2090284959420,0.2874389069063,0.0218247195132,0.0794642100386,0.0813342282153,-0.0601177790970,-0.0585451480199,0.2091572856712,0.3768243275079,0.0483109281290,-0.0900300686797,-0.1185810200009,0.1624279454229,0.1672115552165,-0.0607493103918,0.4419028605547,0.3312519821056,0.3054650384817,0.5937773540875,0.2556716568290,0.2472202193500,0.3993304598888,-0.0995108630380,-0.1421057472983,0.1367535763646,-0.1830471908530,-0.0969698106422,0.1720293018166,-0.0007304752566,-0.0065830576211,0.5480477475320,0.6250265274505,0.2414968117049,0.4431378173603,-0.0047804948806,0.1198224997038,0.2775129370745,0.0364097990495,0.0637277788284,-0.3793473828177,0.1068233851983,-0.0857367112865,-0.0802735819977,-0.0401215793088,0.0093461087153,0.4450381642823,0.0590338464189,0.0186735554644,-0.2532198597544,0.1646499892619,-0.3087180711626,-0.0433264005512,0.0547852902002,0.1430648382256,0.2462824626473,-0.2585802978689,0.0668980709334,-0.1707812572341,-0.1450316574511,-0.1751622187865,-0.3012741618719,0.1148135649674,-0.0267595789447,-0.2113373576067,0.0953363188962,0.2452118614407
0.3738132756823,0.3434593048258,0.4685870192719,0.7719293467536,0.2040566247572,0.2335887606649,0.5378415239722,0.3030520279900,0.3534862267305,-0.1567324573813,-0.0298286579954,0.1558515555103,0.3143983324222,0.1223905359260,0.5093990574130,1.0000000000000,0.5938585196091,0.4859611198805,0.7381704373075,0.5416630388911,0.3190207238249,-0.2419132321113,0.0786266325174,0.3642517553404,-0.1697472820831,0.1933002736036,0.2191762740318,0.1180648176282,-0.1614246764421,-0.1883357303006,0.7310731747961,0.3851215482412,0.3585910232802,-0.1269075779766,0.4552150485050,0.7470495545214,0.1453255666453,0.3833944654620,0.2339929424036,-0.0520719047168,-0.2123331432353,-0.0156965595354,0.4530277314142,0.1372135313130,-0.0624690025680,-0.0891530912926,0.1308565728665,0.1588765017245,-0.2948874010588,0.0341027186160,0.2197659390199,0.3729168998222,0.6772787517338,0.3609470753342,0.1532483749021,0.5553742415129,0.0660856405279,0.1403598511010,0.4998564057618,0.2470356946006,-0.1670089713262,0.0988625374778,0.0557166499552,0.1418475879371,0.2833323832173,0.2048937858652,0.7310905553789,0.5075376189833,0.3183822444130,0.4907982154005,0.1364920601566,-0.1159428463167,0.2870526415285,-0.2038212078247,0.2019516214553,0.0649946147997,0.0837062431117,0.0150287768853,-0.1421399494053,0.6342433507336,0.0639086149309,0.0289204984061,-0.1598213427032,0.2833309600273,-0.1801945913270,-0.0096785111094,0.1511841285807,0.3363383604538,-0.0364096456070,-0.0324202754852,0.1511020706128,-0.1158157036281,-0.0567242365795,-0.1120669334573,-0.2504982296382,0.1467268347764,-0.1943047533263,-0.2145978107944,-0.1130329500486,-0.1300586320441
0.2910466947685,0.1233405921231,0.3456612799347,0.5910438447737,0.2793816418707,0.2688070599924,0.4764286703090,0.4502298997922,0.3333289295940,0.0700740047374,0.1635176925051,0.3838631583091,0.5504933516863,-0.0033458030380,0.4757554721508,0.5938585196091,1.0000000000000,0.6673374472832,0.5549466656036,0.6333570922780,0.5731367704872,-0.0805397008901,0.2270715810123,0.4439507303874,-0.1791626671566,0.3521752954862,0.4284002670050,0.0413946490731,-0.2010251456818,-0.3647195506065,0.7944765313077,0.4600998978633,0.4395644191677,-0.1411607326512,0.3293598213106,0.3398456700700,0.3737101237976,0.3961025813640,0.3482105360101,-0.0806351257443,-0.2139171713803,0.0563239339541,0.3738141558239,0.2758828109788,-0.1618590666028,0.1125982435251,0.2276202651677,0.2911362760531,-0.2913943587044,0.1869679049260,0.0974975669570,0.2402814921636,0.4988269930101,0.2987124886944,0.1976276174414,0.4680123631772,0.2274431391009,0.2236263051730,0.5209105780403,0.2777254119846,0.0507055362306,0.2789046270955,0.2441154429638,0.2818913012785,0.1976879167896,0.1404149010305,0.3519797721717,0.7742333724735,0.1693839316947,0.5649431874624,0.4069865117578,0.0965158791081,0.3747730923077,-0.1415659012009,0.2408654907617,0.0877702669430,0.2217667931305,-0.0111058672559,-0.2451503375225,0.6892295624134,0.0521847310891,0.2507242338540,-0.3242716705559,0.0087989561277,-0.3619592910109,-0.0456080064626,0.3707856306705,0.2874706483499,0.0386323155509,-0.1741415518228,0.3520131023567,-0.0003888759927,-0.0016791727456,0.0640529730649,-0.0178834135041,0.2209675670017,-0.3149601863999,-0.0830457028177,0.0837549321645,-0.0144562430637
0.2579272410250,0.1380764927311,0.2719941710483,0.4735334733116,0.2573916643557,0.1671776141536,0.3385692839765,0.6274735645713,0.2772848980464,-0.0264571661376,0.0085247503629,0.2257694140762,0.3719486805257,-0.0127253159176,0.2888757131749,0.4859611198805,0.6673374472832,1.0000000000000,0.3834413240628,0.6172091723358,0.2783843206688,-0.1187612814488,0.0775363553687,0.3821608681013,-0.2010466469508,0.0913139159409,0.1855789656036,0.1194112253262,-0.1607529752724,-0.2171820762708,0.5700097532109,0.2851251916568,0.2430681754114,-0.2661763054208,0.3508074530434,0.2733383285223,0.2176967181310,0.3102029211029,0.2233971656401,-0.1833692414512,-0.0456195043403,0.0928962888397,0.0880038593752,0.0382020679584,-0.1357896390411,0.0487703362468,0.2278615826769,0.2416086169890,-0.2190962918617,0.0802824036460,0.0590431789303,0.2485751929547,0.4816779380145,0.2910740188151,0.1286799860245,0.3777401412265,0.3977966217329,0.4242824554424,0.5989543295461,0.2798780788286,-0.0660776825497,0.1469445403676,0.1684460339491,0.2026998709841,0.2435746464494,0.0280796475287,0.2480275515357,0.6380352012162,0.0738195857146,0.5935779052849,0.2681314637234,0.0299694021451,0.3912486199791,-0.2060707487699,0.2290800588911,0.0719742647649,0.2048166135167,0.0710511525497,-0.1985575838725,0.5438145277322,-0.0178820140265,0.2174713173999,-0.2032204330085,-0.0830122377306,-0.2333082646049,0.0015825472431,0.1973269588014,0.2256445445910,-0.0642911676140,-0.1957435917313,0.1551176334905,-0.0452464250956,-0.1680134099420,0.0411705883537,0.0359491516367,0.1214720328043,-0.2864586989432,-0.1065100282757,0.1610057106404,-0.0068916868206
0.2825929834063,0.1227861946998,0.3842783069762,0.5838748119427,0.2075041573549,0.3062361143494,0.4965644885354,0.3162003475084,0.5042303818841,-0.0533878150156,0.0030348080413,0.1926150848941,0.2411871298949,-0.0372928288489,0.3334378698747,0.7381704373075,0.5549466656036,0.3834413240628,1.0000000000000,0.5132925858147,0.2536594926153,-0.1969665322215,0.0435741955151,0.4208839694346,-0.0997202313692,0.1423014410695,0.1258730467589,0.0512849022975,-0.2920860105280,-0.3108727433034,0.6133414193789,0.2645894809969,0.1602998989169,0.0628728695596,0.3060520875325,0.6900854323268,0.1631406765228,0.2242740465309,0.1819316001943,0.0801578083654,-0.2535033994205,-0.0332260463147,0.3641465786513,0.1290282498441,-0.2530856921438,-0.0487658252711,0.0700846278317,0.2657932562293,-0.2959845132285,-0.0004761020057,0.1478310366561,0.2299062402758,0.4737671333894,0.3967001980668,0.2880746860867,0.4908356151747,0.0262652508807,0.1667972314374,0.5588008911588,0.4671642574743,0.0430198676021,0.1187624171535,0.1427195567225,0.1680789195880,0.2048809644556,0.1677417230461,0.6501840764369,0.4877894965536,0.5898620115636,0.5016716497047,0.1938733956085,-0.0223466706900,0.3713415979845,-0.0968112533137,0.2544035308115,0.0371013336505,0.0040039657347,-0.0520360371447,-0.2738390820646,0.5615471160016,0.1218898683151,0.1185158139594,-0.2278778358850,0.1681451053383,-0.3147928744050,0.0774182216929,0.2137515779000,0.2709129671971,-0.0695262239432,-0.0595317587345,0.1730172313535,0.0704575859076,-0.0168815871473,-0.0979819737580,-0.0841395729492,0.2156991428965,-0.2806814638887,-0.1842570061144,-0.0288835911223,-0.1119822394846
0.1539821170928,0.1033453147372,0.3739559728767,0.3705298429398,0.1323142013809,0.2451036226342,0.3835664333477,0.7764617355574,0.6116488166709,-0.0021894499686,-0.0478511291440,0.1760338309812,0.4904032042900,-0.1040658163894,0.1756964765578,0.5416630388911,0.6333570922780,0.6172091723358,0.5132925858147,1.0000000000000,0.3108006110203,-0.1616301141482,-0.0328733997843,0.3694376841133,0.2618531923031,0.1817944873576,0.2891360952497,0.1414704242937,-0.2988968615099,-0.1851962684154,0.4729364150447,0.3975615188921,0.3980311250651,-0.2228915527804,0.2309212285899,0.3945697104580,0.2268391914318,0.6100287578379,0.1792897211057,-0.1502354666291,-0.1723031311252,0.0079960848066,0.1299994504344,0.3458662836193,0.1163729636437,0.1328899545843,0.3276389154371,0.1938066182984,-0.3026489534426,0.0158864699036,0.0138564638423,0.2267703280396,0.3090835828284,0.3551608619064,0.1591029533237,0.3267595213719,0.5076379116798,0.5790751866113,0.6522365352689,0.5908082235410,-0.0115122558643,0.0813557799914,0.1420169958797,0.2522210874039,0.1377857814331,-0.1770368105815,0.3932015358579,0.5677085886950,0.3048205941143,0.8062648613680,0.1459343539140,-0.0410391271951,0.3760174722127,0.2796792745403,0.0980242018759,-0.0165238552300,0.2124858356070,0.0052312570579,-0.2869337211852,0.4126485868929,0.0816757428946,0.2914841350563,-0.1794286350948,-0.1452674427847,-0.0386676007502,-0.0170583635229,0.1741575719711,0.1503883830132,-0.2635146652749,0.1536811105195,0.1282411872735,-0.0185597278361,0.0661146740717,0.0996895028233,0.0621682840751,0.1459722422614,-0.3147627067380,-0.0785235253555,-0.0129122481636,-0.2080004429966
0.1349244832244,0.0063978900466,0.1675329914420,0.3300666900775,0.1992987665189,0.2662757215924,0.2859544872937,0.1594811641774,0.2363856822074,0.3116316528465,0.5369372315118,0.6291643588786,0.4192707307673,0.0241588799986,0.5228632417913,0.3190207238249,0.5731367704872,0.2783843206688,0.2536594926153,0.3108006110203,1.0000000000000,0.1230003475480,0.5026636145465,0.5281653045599,-0.1685742659484,0.5451205734134,0.5390038046665,0.0624212709732,-0.0738564399077,-0.2962870749701,0.4494122885022,0.4578164369937,0.3973378644511,-0.1408564028228,0.3056113675419,0.1491250178878,0.3402647717249,0.2399558948546,0.2184640298262,-0.0493484338131,-0.1901916448833,0.1747350298092,0.4208780678008,0.2619630974653,0.0138489639985,0.1678573196273,0.2432659373281,0.3361492933702,-0.2394183822912,0.4405795212710,0.0960175104065,0.0558606764393,0.2328850828116,0.2104348149018,0.1978906678947,0.2053660212290,0.2076730049434,-0.0381225146421,0.1634208156783,0.1149105683636,0.1770449902338,0.5027877787320,0.2769295501711,0.1289514064379,0.0952969104574,0.3171816669548,0.0502217052641,0.4059259880520,-0.0701496942425,0.2410783530438,0.5641712008599,0.2976390723945,0.4319099224603,-0.0233578421734,0.1968734183736,0.1492748113386,0.2852755516544,0.0329614948443,-0.1050332922663,0.3241434515952,0.1135352358401,0.1542359285121,-0.3023390974778,-0.0163303919077,-0.2302083085982,-0.1150403685903,0.3439311432394,0.2122328084472,0.1945125680401,-0.1781387858603,0.2305760084944,-0.1015030274789,0.0375759248121,0.1110014803540,-0.0009382031425,0.2316555841544,-0.1995096095378,-0.0594060238328,0.1527366199921,0.2653992173810
0.0924952960074,0.0855547883610,-0.0891652135897,-0.1414219160170,0.2648254764215,0.0397140095195,-0.2624368737945,-0.1306703777590,-0.2047979640812,0.5028097708987,0.3176923560546,0.1864877548936,-0.0815088499261,0.4745125851263,0.1104493401345,-0.2419132321113,-0.0805397008901,-0.1187612814488,-0.1969665322215,-0.1616301141482,0.1230003475480,1.0000000000000,0.1185872104158,-0.0554608356067,-0.0401345773074,-0.1026130140908,0.0779925292113,0.0068730244227,0.2625001848291,0.3609681422686,-0.1210842897577,-0.0564181940566,0.0064757427844,0.1670014570879,-0.1783431373546,-0.2310846389718,0.0030669555826,-0.1223022975111,-0.1155028407301,0.1836886580761,0.4683783370310,0.1873462850128,-0.1351612251994,-0.1632885021071,0.0350534459898,0.2767965178829,0.1766642441333,-0.0710948656511,0.6138568680716,0.1786641499908,0.1124437250526,-0.1045421179139,-0.2052703105306,-0.0679534952541,0.1162581288867,-0.2845487484781,-0.0364017481268,-0.0813946489667,-0.1928489149155,-0.1790244813458,0.3532069586918,0.2368316864485,0.0300787308159,-0.1562231565607,0.0330650314608,0.0722835352290,-0.2894421030633,-0.0575699034500,-0.1276714251297,-0.1339941538096,0.0507004270516,0.3843118828866,-0.0783080132384,0.0975091518138,-0.0091250830115,-0.2971735772977,-0.1246679731928,0.0314951337912,0.1074184640472,-0.1296738179004,-0.0078284375711,-0.1115715370219,0.0987529173328,-0.1042025120379,-0.0651206405677,0.1412135279283,-0.0418259318294,-0.2155799047193,-0.0356874749973,-0.1056470161075,-0.0493938998211,0.0894502757964,-0.2775078130315,0.1548834203697,0.2278133418400,-0.0616562012103,0.3587473231488,0.3710941388743,0.1299376464394,0.0250923612209
0.0180812609979,-0.2113899871840,-0.0162125679180,0.2371318250855,0.1645289856715,0.1462547051040,0.1703356645683,-0.0653548534563,0.0849363562871,0.1575257722666,0.5683491379209,0.6184180090976,0.2384906208712,-0.1264353485139,0.2739576508989,0.0786266325174,0.2270715810123,0.0775363553687,0.0435741955151,-0.0328733997843,0.5026636145465,0.1185872104158,1.0000000000000,0.4233462466585,-0.2033663248440,0.6232327263018,0.4576958374593,-0.2090595549109,-0.2992396105166,-0.5703941393809,0.2584039045338,0.5248553317914,0.5014764170803,-0.0303470210072,0.2873367579918,0.0078596276546,0.3092972994557,-0.0398762528407,0.2312743692115,0.2335803096130,-0.4539315413630,0.1632157509920,0.2644035499566,0.1948972410313,-0.0881486591647,0.2921357745217,0.3159914569869,0.3750080573322,-0.3525635558146,0.2779508852026,0.0950926295731,-0.0984018087377,0.1517344007826,0.0241152908010,0.1798175303294,0.1677381566511,-0.0556066433610,-0.2122330550883,-0.0557114044647,-0.0473830215427,0.0613487094490,0.3879911110701,0.3469853722003,0.1107983281494,-0.1323873986774,0.3711177468160,-0.0644018578460,0.1580932566352,-0.0708376981832,0.0309651438388,0.3394871817024,0.5379202593793,0.3978093755196,-0.0320463029397,0.0739734634721,0.2481514181771,0.4135487832455,-0.3330647156923,-0.3246649130530,0.1855120615190,0.3425854632093,0.2475417969122,-0.4135489668429,0.1761126808881,-0.1188420525484,-0.3560454438346,0.3001991041870,0.1508013198902,0.2217904506656,-0.0393139175099,0.2511200386521,-0.0885179534501,0.2391220015980,-0.0096363000013,-0.0768000621178,0.2506403742817,-0.2591679976014,-0.2110332024916,0.1247634595730,0.2602823120175
0.1085126846503,-0.1150449297155,0.2007035688355,0.2817830953655,0.3276555383760,0.3726265522452,0.4348670002565,0.2068502061410,0.5272590027354,0.1427107747641,0.5016718526685,0.4511659130861,0.4559511469875,-0.1636496094666,0.2107982198464,0.3642517553404,0.4439507303874,0.3821608681013,0.4208839694346,0.3694376841133,0.5281653045599,-0.0554608356067,0.4233462466585,1.0000000000000,-0.1796249408046,0.4243622223655,0.5198544589514,-0.0409591977282,-0.2739255479744,-0.4661955959736,0.4985323197784,0.3093471639772,0.2318474437622,-0.1045083023255,0.6175903555629,0.4463826221049,0.5503070883888,0.1671158574836,0.3972619190386,0.1208917035337,-0.2947918084137,0.0720589278424,0.3654561818183,0.1460653443458,-0.3044612722266,0.1687458648908,0.1460752238673,0.5512202760513,-0.2544931078379,0.2082295225422,0.1050040368100,0.0642454242796,0.2337793394439,0.3345366787743,0.4028464647064,0.3522775019318,0.2582170695274,0.0244298479885,0.2768603245286,0.4778597717097,0.0853841556900,0.5025038494451,0.3135594806564,0.2736525843212,-0.0659056475564,0.1674554535359,0.2837974706095,0.3764353280535,0.1907381395273,0.4265955274539,0.3528988554762,0.2793224753854,0.8805659043346,0.0245871096428,0.2679919661902,0.1451070531960,0.4260054092043,-0.0943351292745,-0.3471548820883,0.4109831557562,0.1631070902573,0.1367172731218,-0.3470067072584,0.1849698739185,-0.3002335755639,-0.1448018275873,0.5981081648636,0.5183784309287,0.1856047506109,-0.1109535855432,0.4480269599968,0.0323780185510,-0.0061979924050,0.0324636505162,-0.0432986193708,0.4925015519195,-0.3304267789126,-0.2030031607241,0.0891861478449,0.1767326868635
