1.0000000000000,0.6153227230685,0.7342672386726,0.8165596189534,0.8553157627971,0.6014725240267,0.7098002913877,0.3175394709106,0.2976715363917,0.3901438270990,0.4719459721591,0.3512798101881,0.2236623312412,0.6471806119533,0.6342220914715,0.3745896929517,0.3648953713294,0.4209569154608,0.2181739772482,0.3291224179659,0.4218848683621,0.3986858103444,0.4678178753961,0.5329862020214,0.2074491919934,0.5709619122140,0.5107565941783,0.0203831977691,0.0462320226449,-0.0154765203246,0.2523262997286,0.3966429465302,0.2911510344974,0.2077856534267,0.4163861615266,0.2656879857794,0.3846340999943,0.3402709472726,0.2151057634291,0.1471982044927,0.1724570438933,0.2168531650097,0.2285674522598,0.2319916474677,0.3536345258541,0.1253241165489,0.2680132841371,0.1354794286308,0.4950678283782,0.2502274634342,0.8508892784609,0.6907533996761,0.4842225743173,0.6346472996805,0.5458481412747,0.6197333251837,0.0977755246181,0.1049091778667,0.2472244639632,0.1197599473231,0.2123417174201,0.3533410170109,0.1422781240332,-0.0051171572641,0.5453568080259,-0.0468320748444,0.2130435931109,0.3646576606497,0.1609894636968,0.4006996508207,0.0625961959119,0.3401302136035,0.4914937441001,0.2520533187259,0.0489602484499,0.2551110227597,0.3473958580750,-0.0982588024554,-0.0734366146540,0.2523787987978,0.1245579495394,-0.0154911117903,-0.1393257688767,0.1054356268183,0.0860836126956,-0.2091753454432,0.3803540889853,0.4431822379493,0.0627418576439,0.2246293319806,0.1102562636329,-0.1243094333948,0.1014291886598,-0.0156746303634,-0.1468735772715,0.0760491725373,0.3448756195977,0.1859079078126,0.1695511830931,0.2029422376898
0.6153227230685,1.0000000000000,0.4915916182502,0.5875335879376,0.4245408048589,0.3323199086660,0.4397528745960,0.1140514646127,0.0598678274535,0.1753138261096,0.1398394455197,0.0686874730534,0.0277366966820,0.5586517760988,0.5710389773742,0.2077365283934,0.1109041587991,0.1306204212662,0.0579260073008,0.1011657823121,0.2740151446477,0.2110421138412,0.1570710302545,0.2209381902037,-0.0084772224536,0.3346815811326,0.1715437011955,-0.1556414891193,0.0240973169421,0.1057846299479,0.0906103260468,0.1864695561823,0.1178682852688,0.1043446678039,0.2413296464856,0.0975681351019,0.1362450992491,0.1439490200712,0.1112488193710,0.0961996884193,0.0348016853769,0.0718678467953,0.2118409313873,0.1403014236502,0.2292060168187,0.0197642654264,0.0438980318102,0.0136903181233,0.2489003508501,0.1890027388848,0.5059683985842,0.5784447587499,0.3132752698821,0.3953859965452,0.3421381972262,0.4095122940388,-0.0953110838787,0.0439442167156,0.0326170038589,-0.0822715206502,0.0214003987327,0.0197962196695,-0.1057329937119,-0.1235564380745,0.4890156701448,-0.0645613074924,0.2185931078812,0.0123286686988,0.1408592197318,0.0746847403599,-0.1054931803722,0.0344933524830,0.1668278677310,-0.0211674597078,0.0495966295409,0.2332713919515,0.0635466334740,-0.1265808378626,-0.0956705738587,0.0323828332272,0.0929334229082,-0.1376596118890,-0.0397303066212,0.1020511685668,0.1860763310291,-0.1859318320982,0.0925199636908,0.3276136828733,0.0615540273872,0.1279725022825,0.0600928504508,-0.1198940122443,0.0950835530388,-0.1301704324114,-0.0078205401500,-0.0519071418214,0.2633852585103,0.0859603952180,0.0368392971226,0.1491356464370
0.7342672386726,0.4915916182502,1.0000000000000,0.5951112415587,0.7518573005884,0.8556820925247,0.7181369626666,0.1877569845412,0.1308529644238,0.3022228631767,0.4078193008043,0.2835807690780,0.2418335412101,0.5022484200129,0.3200825076704,0.2436863317091,0.1692048211961,0.2351756269772,-0.0219052410527,0.1426797678074,0.0481042078601,0.3357879967452,0.2550345901907,0.4549382949569,-0.0147088235193,0.3393129291764,0.3659885277141,0.2414404436947,0.1281304946440,0.2367772649948,0.2552406264604,0.3691937405789,0.1909014609466,0.2405386189215,0.3005549708270,0.1153541705715,0.3846856120216,0.2811081641396,0.3170202624392,0.1362454266687,0.2989501155084,0.2342229516844,-0.0415707431593,0.1396219486481,0.2653254025376,0.1203875191709,0.3965817907337,0.2759944910300,0.5510925225600,0.1205066410818,0.7543033177401,0.8829075415634,0.6140922747502,0.8763909059502,0.7458898127307,0.5892187915492,0.1134088371229,0.0169299957979,0.1069572099998,0.1252122978911,0.2339703821984,0.3272805225494,0.1642639854403,0.0793092131734,0.4612562613205,0.1656538967659,0.1434797345162,0.3087549991462,-0.1137348866819,0.1835238093949,-0.1738680515528,0.3166234816013,0.3719537778031,0.0719687907593,-0.1646110362018,0.0265291338349,0.2972662637710,-0.0574389889319,0.0497877852013,0.3302876181912,0.0306172239545,0.0812792402058,-0.0304585374302,0.0523600428098,0.0823123589269,-0.0306027415346,0.3357185041813,0.3964997168967,0.0061624626052,0.2880363516841,0.2540637641271,-0.0685241772736,0.0714709607417,0.2107587453275,-0.2180769035863,0.3151343312055,0.4542266069604,0.1879727035116,0.2110736040333,0.0853888064020
0.8165596189534,0.5875335879376,0.5951112415587,1.0000000000000,0.7464248643431,0.5684139093751,0.8088569829918,0.2845979258472,0.2974196176045,0.2849634715735,0.4096820459394,0.2616126759405,0.2050484980847,0.5983315983800,0.7397918391488,0.5015447587616,0.3481820702320,0.3830590620059,0.3042300557349,0.3447869381148,0.4206605497648,0.2486542318329,0.4133780837546,0.5621554003643,0.1452796335607,0.4775357935723,0.5020332171405,-0.1148619423005,-0.0784637775668,-0.1721021198762,0.2372792446530,0.3705308953466,0.3385898051940,0.1629662922430,0.4162325350682,0.3818000779632,0.3677036268430,0.2963715350729,0.1836570817798,0.1830286648940,0.0600761170827,0.1515314222620,0.3058706066895,0.1949852425297,0.2543649729912,0.1067856277724,0.1857228896595,0.1357460659224,0.4074600399378,0.2185310863411,0.7569105346655,0.6089244956718,0.6219043782684,0.5632560809447,0.5585836596248,0.7809896305772,0.0870578801250,0.0866533030648,0.3480979170331,0.1060798650543,0.1016908877304,0.2895245223414,0.0158671333288,-0.0143573018149,0.5417222939984,-0.0294871842803,0.3213686179638,0.3358566034597,0.2862244728560,0.3980891282655,0.0791070966631,0.2553298283881,0.4961755077534,0.2202290500659,0.1705622634277,0.2209342293101,0.3634029097746,-0.1570388591773,-0.2089662177633,0.2685821256546,0.2105629930417,0.0444294672645,-0.1769790317256,0.1261123043966,0.0337193915732,-0.2226579910048,0.3429290308956,0.4753372021543,0.1028320780249,0.2099151575269,0.0698323572170,-0.0247671651328,0.0846041531530,-0.0800635104800,-0.1315134355698,0.0751253261878,0.2275662744755,0.1828824125424,0.0942669038840,0.1718442282554
0.8553157627971,0.4245408048589,0.7518573005884,0.7464248643431,1.0000000000000,0.7395769579782,0.7751236107708,0.2335116304031,0.1808100574690,0.3379727120764,0.4534924826504,0.3265281557835,0.2240620548440,0.5388147456986,0.4843296494778,0.2530647914535,0.2740089235093,0.3083514982386,0.0924507679477,0.1638273993808,0.2551956517204,0.3556852958272,0.3611120958899,0.4580771128560,0.0850344562939,0.4224683342254,0.4378579278151,0.0640836482106,0.1084845447450,-0.0177926624900,0.1671955313197,0.2653371767412,0.2263774921832,0.1781563679076,0.3592708429371,0.1539950980383,0.3818257021051,0.2664975153295,0.2865378291353,0.1382460018429,0.2091431813984,0.2284628021033,0.1143945120052,0.1805284476939,0.2550271508943,0.1034375104870,0.2092549885206,0.2156324620105,0.5215444641336,0.2146210264698,0.9201855626037,0.6966638719513,0.5495770707926,0.7646759697817,0.7202067375874,0.6963607187565,0.1258285915095,0.0706968559741,0.1597073537543,0.0394972241864,0.3003045791040,0.3594984226586,0.2378789860430,0.0631577285559,0.5184107917465,-0.0058801065654,0.1061529067804,0.3506429009562,0.0305835503708,0.2648845788374,0.0497709489525,0.3219977596023,0.4267625132912,0.1310360097850,-0.0583341163374,0.0971889161551,0.2702383337880,-0.0912684681772,0.0330096103974,0.1846686966440,0.0326649767211,0.0246147260820,-0.1086935795004,0.0306033379708,-0.0436186455476,-0.1472917823280,0.3605038963544,0.3720217380437,0.0355843478894,0.1369311479025,0.1698835556760,-0.1012226666618,0.0643210431728,0.0419938884286,-0.1573759513330,0.1796004991983,0.4446495300793,0.2506502905861,0.2099375128707,0.1742713987575
0.6014725240267,0.3323199086660,0.8556820925247,0.5684139093751,0.7395769579782,1.0000000000000,0.7587224246457,0.1324352950549,0.1286070935643,0.2966304010141,0.4872302490653,0.3302246398667,0.2640345626414,0.4097602591816,0.2868221285949,0.2377516265216,0.1455095278044,0.1997570948516,-0.0713411244861,0.1428096199692,0.0447401993691,0.3186835731562,0.2955832104522,0.4661463336532,-0.0193670369586,0.3244263577745,0.4211894858302,0.1877314540637,0.1963846151049,0.1907056292697,0.2349443401514,0.3773754332432,0.2659332423447,0.2049808610514,0.3663380375885,0.0936165204829,0.3523101222663,0.3171157979410,0.4275363241698,0.1811132735021,0.3073491111047,0.2671297176064,-0.0145310084494,0.1970668032680,0.3097638228008,0.1524709510256,0.3638716516278,0.4711055000619,0.5947734098525,0.1716441845542,0.7081555111356,0.7344545337485,0.6522218150055,0.9098771205973,0.9076113313735,0.6627689983034,0.1269986974150,-0.0661729309417,0.0993561354612,0.0838444223442,0.2048715448502,0.3681747601738,0.2014796603692,0.1184757343203,0.3494779125353,0.2300784875823,0.1108748109335,0.3312387359888,-0.1826375128510,0.2018828706927,-0.1477122365357,0.3115779396362,0.3680913308862,0.0718360025439,-0.2109315695824,0.0193053192300,0.3301878545667,-0.1117286074327,0.0347149905277,0.3016255213905,0.0113859889226,0.1202488656904,-0.0507389530341,0.0326008379068,0.0677880093568,-0.0543052860284,0.2790463773441,0.4209803453964,0.0268603541976,0.2783016673115,0.3277528335368,-0.0001096663868,0.0818204440230,0.1505915188087,-0.2675060042413,0.4838840742944,0.4621533008556,0.1755259434094,0.1675105084307,0.0755094418292
0.7098002913877,0.4397528745960,0.7181369626666,0.8088569829918,0.7751236107708,0.7587224246457,1.0000000000000,0.1325878046521,0.1527690761404,0.1337341245216,0.3136909432889,0.1607367491031,0.1142415462911,0.4237214337998,0.4335874202500,0.3368792442660,0.1631138705364,0.1944971713371,0.0505582432840,0.2011560672534,0.0583077182680,0.1587591977393,0.2425033440879,0.4585294782615,0.0562419311076,0.3266696233657,0.3430709083565,-0.0801144439780,-0.0323988887461,-0.0168929435772,0.2181711601283,0.3066754408363,0.1709023346763,0.1383138722676,0.3660864118499,0.1555027863192,0.3772101000563,0.3182364400757,0.3574734428789,0.1238948638859,0.0800565799085,0.1089283492947,0.0955487076905,0.1954412577156,0.2318665894744,0.0295809963576,0.1579404844980,0.2406454839923,0.3740410703611,0.1196725126416,0.7671218403206,0.6944017287140,0.6953463195533,0.7760163351073,0.7609782029257,0.9081224259038,0.1876593076930,0.0288077786377,0.2417101181307,0.0673998415996,0.1269244698456,0.2116622490692,0.0332894955768,-0.0177337753214,0.4651109863831,0.0437370605024,0.2057840996335,0.2591054294966,0.0447838272099,0.2339664413496,-0.0627789813623,0.1998685127895,0.4000545315044,0.1139408543698,-0.0074204082630,0.0911684487172,0.2759447695637,-0.2050830301134,-0.0842185009217,0.2911975343341,0.0641108110491,0.0884418853990,-0.1156470027231,0.0239904055757,0.0427579589964,-0.0805511860349,0.3188948727746,0.4172245029111,0.0520276509827,0.2047587958304,0.2199073404827,-0.0087211715220,0.1059657182632,-0.0447753904400,-0.2302550939803,0.1798196287298,0.2648121767200,0.1476985195144,0.0633778820507,0.0322936373743
0.3175394709106,0.1140514646127,0.1877569845412,0.2845979258472,0.2335116304031,0.1324352950549,0.1325878046521,1.0000000000000,0.4248223706763,0.3114365910991,0.3953643726877,0.4542350444884,0.3413570476313,0.2903410105799,0.3879606209665,0.4581437598551,0.5409632268122,0.5452550383531,0.5740373068610,0.5888656571148,0.3630531783284,0.2145413168534,0.3662804973586,0.3767952052348,0.3404476474967,0.3276295752213,0.4322161799280,0.1090698650089,0.0787553059590,0.0044939156431,0.3454028770970,0.3120138144489,0.3157855654544,0.1700467251735,0.2322028216405,0.2530096799659,0.2183643630746,0.2985513145335,0.1106446130379,0.2074305211353,0.1368816786551,0.2413422007433,0.3006342419734,0.2911156675073,0.3730582996582,0.1197085664743,0.2551548144651,0.0909417002307,0.1621286861570,0.1957515714132,0.1462932905215,0.0675406053872,-0.0633754910367,0.0483925774402,0.0641074153981,0.1012536797526,0.3160408961913,0.7762932823821,0.5707867124081,0.4041502886733,0.0147282514569,0.4033085647129,0.1868342436778,0.0352133087419,0.0790630175835,-0.0955020983654,0.2106278345387,0.5076984921990,0.4288269438802,0.4933135705111,0.0953675164099,0.1317632914710,0.4020457851663,0.4008732502152,0.0788910465660,0.1180090070015,0.2085475798815,0.0899462466425,-0.0609819036956,0.2654151688503,-0.0218781162151,-0.0937316510711,-0.1108262444637,0.0937559595287,-0.0035959493600,-0.1354847667052,0.1750415132660,0.1840049468977,-0.1215008557677,0.1541477544981,0.0514113534562,0.0616808113508,0.0712568227098,-0.0611268139712,-0.1678542750661,0.0604586698035,0.0023060314182,-0.0612248580246,0.0341846523006,-0.0026708034867
0.2976715363917,0.0598678274535,0.1308529644238,0.2974196176045,0.1808100574690,0.1286070935643,0.1527690761404,0.4248223706763,1.0000000000000,0.4861555240529,0.5012129159131,0.4863399691673,0.3287054583087,0.3084075629327,0.3904350188208,0.4980910831594,0.4634019817607,0.4938564949304,0.7004606356919,0.5857317102156,0.4152713064313,0.3617002287192,0.5338565763988,0.5940763130435,0.5026949644590,0.3591088044673,0.5930588209974,0.0513206877180,0.0045611044050,-0.0726169348409,0.3776218834524,0.3949738894076,0.4680525067497,0.2879881026794,0.2762357924455,0.5322738412219,0.3116430506510,0.3397275953725,0.0267691512954,0.2208817198528,0.1278235614846,0.2623303792402,0.1552154187348,0.2662837849722,0.2548284393455,0.2065969182852,0.3753508608553,0.0507422348394,0.1632854655985,0.2141825145510,0.1346812371277,0.0681446202815,0.0191618164539,0.0155326890565,0.0352276617664,0.0448954532597,0.2207754860558,0.2192859995083,0.5386977421778,0.8353276826461,0.2558636409570,0.5608400234659,0.2040438031363,0.0957796481078,0.0017189115475,-0.0644542570792,0.1608173358179,0.4925528170968,0.5240100535032,0.6304681963385,0.3295284061837,0.3493073201547,0.6533898065704,0.6835517424771,0.0945003811817,0.0815467050908,0.4011070584274,-0.0043533326834,-0.1624476302686,0.3333406848606,0.0132969650274,0.0990296152314,-0.2312854509739,0.0281641042796,-0.0513567880186,-0.1111565232728,0.3073954318300,0.2567604544151,-0.0858564736314,0.1707457902706,0.0191377429958,0.0973059975964,0.1343085503568,-0.1026946808322,-0.2298675776718,0.0361883515325,-0.0813472255255,0.0530680645096,0.1469629579241,-0.0062015583622
0.3901438270990,0.1753138261096,0.3022228631767,0.2849634715735,0.3379727120764,0.2966304010141,0.1337341245216,0.3114365910991,0.4861555240529,1.0000000000000,0.7115732339405,0.8616357432353,0.5988447115380,0.5277123976278,0.4436440575626,0.3277022538443,0.4888359967761,0.5103135863157,0.3500353928789,0.3466171133819,0.5360170781317,0.7572054258894,0.7191566119828,0.4913837274306,0.3095804124479,0.4727945982026,0.6319036063616,0.1869286762204,0.2014690258498,0.0783421321260,0.2629538802597,0.3403523609084,0.5088103848183,0.1369958455203,0.2530942405038,0.4116182076977,0.3595877678812,0.1814697405585,-0.0416832831194,0.1534648293159,0.3584730374385,0.3405584348664,-0.0474098362259,0.0362558219073,0.1703817095179,0.2642580521050,0.4189076582986,0.0392189231807,0.4462811800464,0.2464609475679,0.2701106128797,0.1723273353187,0.1247089197353,0.1948421447350,0.1904742900319,0.0273401217683,0.2761320076849,0.1210868612210,0.2999095455144,0.4144701815578,0.6278622001377,0.7559043632521,0.6530153349514,0.4035735013969,0.3064427940110,-0.0508593580946,0.1200982541458,0.5920148375441,0.2530156546537,0.5181511798937,0.3742670895177,0.7304534962520,0.5049471320267,0.5231620722742,0.0666758181993,0.1358836843101,0.4474967519784,0.0239925198548,-0.0167903590116,0.3324752900154,0.1047707203914,0.2261842170994,-0.1897402159490,-0.0434839734472,-0.0349508363507,-0.1418253950122,0.3838453265252,0.2235074500749,-0.0951287025861,0.1694308867643,-0.0341187456828,-0.0611355394925,0.0102021273724,0.1694873143843,-0.1862327818943,0.0860985557006,0.3248591621527,0.2765316977986,0.2721079593011,0.1929520140354
0.4719459721591,0.1398394455197,0.4078193008043,0.4096820459394,0.4534924826504,0.4872302490653,0.3136909432889,0.3953643726877,0.5012129159131,0.7115732339405,1.0000000000000,0.7208419195292,0.4535329039286,0.5996712655584,0.4831620823718,0.4714354584100,0.5894867485138,0.6625375023732,0.3377996917787,0.4840211556336,0.5576503189310,0.6263028157640,0.7008871644711,0.7061022843163,0.3365521912220,0.5830070260138,0.7547639031838,0.1752862802404,0.1813837481405,0.0839265626570,0.4560475783122,0.5497806339261,0.6595038701687,0.2365962711805,0.3593858892717,0.4044380160841,0.4911837021095,0.4359040951378,0.2172100122489,0.2251354908433,0.3497390048582,0.4518063604872,0.1800441362332,0.2636274553625,0.4619796553846,0.3132060934865,0.5320194766318,0.2247199207705,0.5290715458676,0.4323527612877,0.3930206859705,0.2252457432719,0.2327700850320,0.3223683524052,0.3724765857376,0.2194800370380,0.1919459832140,0.1609075570628,0.4528353168857,0.3097526899819,0.4846690410613,0.8125298301256,0.4857149357841,0.2381796228159,0.3214933171223,0.1440081768995,0.1452937695607,0.6983089705132,0.1390517316334,0.5999672409181,0.3066271008315,0.5811379108333,0.6681711102818,0.4703431877055,0.0860518907116,0.1597063632000,0.5882380543225,-0.0647838464258,-0.0711817887583,0.4502398225588,0.2023585994763,0.2558361328671,-0.1518624515132,0.1036948715107,0.1211003807179,-0.1721929585579,0.4293786845256,0.2691948639404,0.0678249243557,0.2832771627764,0.1490618813064,-0.0231103541476,0.0489766917345,0.1800252718309,-0.1709099143810,0.2452966498377,0.3651638376127,0.2281548287892,0.3275677959242,0.3157465465676
0.3512798101881,0.0686874730534,0.2835807690780,0.2616126759405,0.3265281557835,0.3302246398667,0.1607367491031,0.4542350444884,0.4863399691673,0.8616357432353,0.7208419195292,1.0000000000000,0.5779304522617,0.4042266636312,0.3593199602539,0.3510875799379,0.5286264412586,0.5530932777013,0.4170633968695,0.4594275043211,0.4707195458356,0.6067945676148,0.7254841920129,0.4926886639392,0.3263066063065,0.4464570064856,0.5955292514119,0.1304327498225,0.1690122775364,0.0667396836006,0.3146767762027,0.4190077317824,0.4434932218269,0.1486928779202,0.2427091805508,0.3830588644851,0.2542262267963,0.2044312352173,-0.0211045541442,0.1678701623955,0.2755421394266,0.3148592631380,0.0288800266109,0.0950638597664,0.1990450290043,0.1502887894375,0.4316911002527,0.0697891475703,0.4356696742625,0.2087954375136,0.2444879580024,0.1293452757823,0.1134367463199,0.2034128395485,0.2023608672313,0.0912911516288,0.3291911660050,0.2456058893141,0.4281639067839,0.4270910728800,0.4271807421576,0.7431210629789,0.6752414552869,0.3720838906189,0.1999497759801,0.0013982186217,0.0948132592667,0.6821493105465,0.2516110669908,0.6025325227249,0.3634784397634,0.6399664582849,0.5098822129559,0.6002725754206,0.0493437522594,0.1667228595244,0.4402182847782,-0.0571636556974,-0.0608331604768,0.3236558167054,0.0746390305615,0.1584711386004,-0.2126909612841,-0.0019983718148,-0.0124047882871,-0.1286032095754,0.2547966885488,0.1813078676922,-0.0809318272195,0.1431378272894,-0.0478264883945,-0.0157367362047,0.0190978697172,0.0264664062150,-0.2977398601387,0.0879269995582,0.2565972210873,0.0971833719160,0.1698291634578,0.1223261961644
0.2236623312412,0.0277366966820,0.2418335412101,0.2050484980847,0.2240620548440,0.2640345626414,0.1142415462911,0.3413570476313,0.3287054583087,0.5988447115380,0.4535329039286,0.5779304522617,1.0000000000000,0.2705161258895,0.3090316627785,0.3542146987339,0.4970734501792,0.3924176535439,0.2181297880330,0.3369306459650,0.2544851171555,0.4196018720721,0.4314119210477,0.3797747006318,0.3651245559089,0.2813460419149,0.5056658541249,0.2061432395997,0.2105371445605,0.0945362481325,0.3241755544672,0.3650493772663,0.4753232481562,0.1992830309578,0.3118137371291,0.2032704199313,0.3047401536801,0.2809427278733,0.1789873062690,0.1755477773961,0.3539005910667,0.3270746953990,0.1153181178170,0.1885644376135,0.2922604700047,0.2230249272062,0.3581118273341,0.2627754838145,0.2738488602119,0.2217776510689,0.1315864855754,0.0690835445251,0.0288239472361,0.1395642918591,0.1679264449702,0.0038222080750,0.6550250245631,0.1993617437200,0.1869995659032,0.2952687907762,0.3530909510869,0.5049087535175,0.5647404001174,0.8377642330002,0.0179398081633,0.0596290120766,0.1630125158065,0.5149523993230,0.1112969621460,0.2876781092252,0.1019510136839,0.3649473530852,0.2986415033238,0.3690267635330,-0.0235228279858,0.0175328210705,0.3850843385413,0.0629106774698,0.0378050886506,0.2905573393601,-0.0300663925942,0.1319976991740,-0.1195163254108,0.1044672890442,-0.0363099536180,-0.1136934140815,0.2825709746448,0.2118081927449,-0.0644275686840,0.2179269147824,0.1528844227865,0.0164509587644,0.0188068104677,0.0617698806485,-0.2517204824626,0.2532075830752,0.1375972023529,0.1818623224580,0.1288836681052,0.0361405690305
0.6471806119533,0.5586517760988,0.5022484200129,0.5983315983800,0.5388147456986,0.4097602591816,0.4237214337998,0.2903410105799,0.3084075629327,0.5277123976278,0.5996712655584,0.4042266636312,0.2705161258895,1.0000000000000,0.6939469038483,0.5456602152959,0.5290402852977,0.5396617303172,0.2936130906260,0.3411948516998,0.6207673070944,0.5981437253275,0.5649580491918,0.6542663808128,0.2178774636114,0.6778969353775,0.6177800782792,0.1360343158650,0.1618421497402,0.2334480450397,0.4503965291023,0.5255665201265,0.5065029902502,0.2720153854799,0.4181802781840,0.4696346443730,0.5690383017938,0.4037205189857,0.1382147452851,0.1412729348044,0.2581808727483,0.3327293979162,0.2068570395639,0.1485314632120,0.3780038791244,0.2514093336743,0.4774364711305,0.1087711211592,0.5559242956500,0.3441685937364,0.5335989992845,0.4185884297000,0.2857740092767,0.3581791995437,0.3178406387432,0.2931611999343,0.0288487154265,0.1028959572041,0.2219477490587,0.1277792980111,0.3444677475974,0.4640994879127,0.1900486884903,0.0158934096509,0.6387150471008,-0.0658244396345,0.2863750509767,0.4067853910957,0.2541959999836,0.4071119811038,0.1235681041819,0.4547226178815,0.5773870675493,0.2361659928039,0.2211201845694,0.2403359885657,0.4101679824743,-0.0512783392103,-0.0853110666717,0.4149142114784,0.3043151146974,0.0973065078724,-0.1807961690561,0.0734278026626,0.0584589744772,-0.2594949968685,0.4924055226134,0.3951189983684,-0.0332254355151,0.2997494418837,0.0292734279625,-0.2269722634153,-0.0918371613737,0.1269385391475,-0.1016734547847,0.0854683190659,0.4357872434547,0.2482929421525,0.2157968912588,0.1951887097131
0.6342220914715,0.5710389773742,0.3200825076704,0.7397918391488,0.4843296494778,0.2868221285949,0.4335874202500,0.3879606209665,0.3904350188208,0.4436440575626,0.4831620823718,0.3593199602539,0.3090316627785,0.6939469038483,1.0000000000000,0.5424030433617,0.5014983951702,0.5226891624800,0.4297032847926,0.4798665138065,0.6743219378940,0.3811110543385,0.5450370381692,0.6024438867253,0.3119435110207,0.5805212298318,0.5778050233314,-0.0680897092257,0.0191536457224,-0.1345971159343,0.2681339222589,0.3688705800427,0.5131409291277,0.2075112645231,0.4906633925286,0.5271562955111,0.3662659307946,0.3449992193876,0.2242603257667,0.2928513857643,0.2086285077814,0.3393009673906,0.4436623390557,0.3178907910523,0.3627163199351,0.2444293990547,0.2243757058069,0.2048468848482,0.4385681668206,0.4919937074201,0.4967463401369,0.2816607213244,0.2924960952522,0.2024418010258,0.2554170970603,0.3916593325350,0.0632028998880,0.1446293412108,0.3324487055356,0.1483792859862,0.1302194950361,0.3622440642262,0.0352775444264,0.0128682228199,0.4764460683470,0.0188411842725,0.3212203473809,0.3434201888647,0.4138762946114,0.4755914558787,0.1206324290635,0.2518228266984,0.5591000514967,0.3232279006742,0.1924893242932,0.2552865649291,0.4042967580926,-0.0362445142186,-0.1629268888498,0.2349475829042,0.1972230363114,0.0219971748462,-0.1751248115237,0.1684775950201,0.1598214844510,-0.2825280397981,0.3514108702887,0.5595759182940,0.1607979688776,0.2516064264625,0.1567417796630,0.0366240148204,0.1945327287220,-0.0985901139434,-0.0265768985991,0.1579162951044,0.2515135821950,0.2377345098485,0.2381255442104,0.3352167284751
0.3745896929517,0.2077365283934,0.2436863317091,0.5015447587616,0.2530647914535,0.2377516265216,0.3368792442660,0.4581437598551,0.4980910831594,0.3277022538443,0.4714354584100,0.3510875799379,0.3542146987339,0.5456602152959,0.5424030433617,1.0000000000000,0.4657874359357,0.5597519492860,0.5643491123264,0.6946489476544,0.4395573913664,0.2502787443025,0.4931339464389,0.6164134279288,0.3632063134258,0.5548631586557,0.6028811353311,0.0888109542663,0.0182762604763,0.0981646899102,0.7885616390034,0.7426929960939,0.5459527821601,0.3389561412109,0.5522908712013,0.5208377826606,0.4684848492628,0.5682992680812,0.2234623261717,0.2078417969097,0.0553367701282,0.2797956410809,0.5051134852610,0.3016145035013,0.5629249681699,0.1555550340669,0.4412910825139,0.1713019830309,0.2534925884823,0.2635715658813,0.1742389659906,0.1322514288364,0.1383595948264,0.1277995601200,0.1512663501608,0.2486387612125,0.1856176981729,0.2773889186994,0.4657872110066,0.3468325873119,0.1556528928713,0.4176191010014,0.1382210436155,0.0986885005504,0.2119948066186,0.0277932689065,0.6220121635518,0.3727592513078,0.5257851635010,0.5321808574939,-0.0363791467366,0.2331904151091,0.5547531696485,0.2954278901411,0.3358531992255,0.3672544400769,0.5183975446939,-0.0333753219268,-0.2158382534224,0.5875189960901,0.2733025491953,-0.0336560432393,-0.1602479160334,0.3413553757288,0.0732192819174,-0.1862085920694,0.3439323768314,0.4735493740609,0.0320237801395,0.5145215791376,0.0805716433115,-0.1031778335459,-0.0815055972779,-0.0840667035883,-0.2603356409112,0.0928771139756,-0.0312462806701,0.0366236538566,0.0152782332153,0.0069779128759
0.3648953713294,0.1109041587991,0.1692048211961,0.3481820702320,0.2740089235093,0.1455095278044,0.1631138705364,0.5409632268122,0.4634019817607,0.4888359967761,0.5894867485138,0.5286264412586,0.4970734501792,0.5290402852977,0.5014983951702,0.4657874359357,1.0000000000000,0.7359539012402,0.4736442103839,0.4749381792167,0.6336052424363,0.5303833502222,0.5562552959575,0.6251393276311,0.4451808335164,0.5112736360413,0.6572626097016,0.1256990215846,0.1193546845619,-0.0059720740727,0.4233373557783,0.3928418802751,0.5949996401713,0.1399466875744,0.2956434711075,0.4591571496509,0.4884791278115,0.3531568804260,0.0568756164830,0.1530825656272,0.2013459279893,0.2787126315113,0.1240848003900,0.2621138900481,0.3463742278062,0.2561248105400,0.4114938924030,0.0657909129409,0.3101228821031,0.2312372690119,0.2339644121307,0.0761286391513,0.0719623785979,0.0334402173769,0.0842710176542,0.0640944256510,0.3928619654664,0.2669220934646,0.4070621484807,0.3351880406452,0.2930578829786,0.5650678738717,0.3220216044982,0.2353626100759,0.2605886103398,-0.1181578965938,0.1183189249080,0.6736166521121,0.2732714812179,0.5505872648018,0.4042705328534,0.4524566889889,0.5858590860052,0.5370300747644,0.2087450489762,0.0668108118374,0.4584846717833,0.0079427411947,-0.0697981037024,0.4336392276019,0.1718239715263,0.2841987962490,-0.2383766261752,-0.0302266784181,0.0047115793494,-0.1977119525955,0.4628018382482,0.2164313397352,-0.0700343558399,0.1817845950187,0.0054494914371,-0.0380390235474,0.0373818777771,0.0892690596120,-0.0955004820879,0.0477791373051,0.1754547321424,0.1339719128969,0.1319658906158,0.0909783354784
0.4209569154608,0.1306204212662,0.2351756269772,0.3830590620059,0.3083514982386,0.1997570948516,0.1944971713371,0.5452550383531,0.4938564949304,0.5103135863157,0.6625375023732,0.5530932777013,0.3924176535439,0.5396617303172,0.5226891624800,0.5597519492860,0.7359539012402,1.0000000000000,0.4539118819487,0.5930046727673,0.5710210375914,0.4633079902365,0.5910052445202,0.6499174387988,0.5102379094552,0.6533236383139,0.6643315560176,0.1854587478432,0.0731803384862,-0.0126925707319,0.4597998123002,0.4879230152792,0.5668023913784,0.1970437639573,0.2640007923564,0.4489343752245,0.4250679749522,0.4142643974780,0.1540969181848,0.2629272340221,0.3176601258781,0.4557733772029,0.2382965225418,0.3520841226264,0.3732082654837,0.2793684735938,0.4459063361338,0.1479284830586,0.3758775792706,0.4001464219095,0.2762535463777,0.1040785299228,0.0945382724989,0.0592057724099,0.0907229662311,0.0982316861652,0.1885632091814,0.3059789029603,0.5110862546665,0.2829196301994,0.2687448219424,0.5696229680950,0.3189959520621,0.1723104092883,0.3435608383039,0.1014923723578,0.2084081206955,0.7069938782014,0.2199451868855,0.7293831049807,0.2462916685689,0.4171159075613,0.6885649353389,0.4948033469559,0.1916376449053,0.2379739012607,0.5696101562635,0.0554791874647,-0.0347547647997,0.5146955349095,0.2232196352574,0.1558508624116,-0.0690628566940,0.1626708061999,0.0936634869161,-0.2205502479615,0.4102097141129,0.2413826258388,0.1075318304012,0.2632526664117,0.0960641792720,0.0386161503983,0.1870969886946,0.1599700335358,0.0151552651582,0.1002453832031,0.1920749536619,0.2319405769607,0.3352596380696,0.3278625495362
0.2181739772482,0.0579260073008,-0.0219052410527,0.3042300557349,0.0924507679477,-0.0713411244861,0.0505582432840,0.5740373068610,0.7004606356919,0.3500353928789,0.3377996917787,0.4170633968695,0.2181297880330,0.2936130906260,0.4297032847926,0.5643491123264,0.4736442103839,0.4539118819487,1.0000000000000,0.6129035527349,0.4607888067710,0.2304127340757,0.4811687216067,0.3821634583625,0.3482513175868,0.2745442419476,0.4713390191620,0.0348548685579,0.0227426849124,-0.1287308011794,0.3161361829778,0.3354255656392,0.3701945189737,0.2507875779082,0.1283355646340,0.5951841571495,0.1797372149804,0.1902476543185,-0.1716683113974,0.2460456394619,0.0058910726481,0.1289515804215,0.2872531549657,0.2490765385851,0.1958371931669,0.1486064577769,0.2975477907616,-0.1585392032710,0.0585920692603,0.1133088248111,0.0254895299207,-0.0333950093013,-0.1110576625229,-0.1150768719120,-0.1183841117540,0.0541326867502,0.0760575380685,0.3471257552582,0.6473301909387,0.6777345130563,-0.0041831132620,0.3856293610139,0.0147857867166,-0.0541218680867,0.0032819797325,-0.1824730843122,0.2531859466168,0.3661244650056,0.7228811611997,0.5704661698085,0.2595632185491,0.2211000717693,0.4286387625936,0.5422737208803,0.1488513316760,0.0627491568740,0.2380780211739,0.0456022432792,-0.1614463513666,0.1911408755887,0.0106353707624,-0.0144717887038,-0.2811111910076,0.0665204552084,-0.0702560268630,-0.1312571616265,0.1128193927235,0.1264596448352,-0.1520939099873,0.0742900226545,-0.1876604282402,0.1265024670875,0.1118824658071,-0.1115724759435,-0.2244679269992,-0.1611321894099,-0.1751727812539,-0.1143726003204,0.0118085530725,-0.0452215262088
0.3291224179659,0.1011657823121,0.1426797678074,0.3447869381148,0.1638273993808,0.1428096199692,0.2011560672534,0.5888656571148,0.5857317102156,0.3466171133819,0.4840211556336,0.4594275043211,0.3369306459650,0.3411948516998,0.4798665138065,0.6946489476544,0.4749381792167,0.5930046727673,0.6129035527349,1.0000000000000,0.4141078344698,0.3018207077918,0.6375554651621,0.6225373076210,0.6592539306380,0.5233785710268,0.6092086823719,0.0765493829789,0.0530823240337,0.0084469714825,0.5879175256727,0.6247770462319,0.5095425019728,0.3147091086011,0.3237054573325,0.5496583982821,0.2763940770410,0.5932720439339,0.1274884270328,0.3273379028254,0.1398607677286,0.2734055795618,0.3851958527756,0.4752394336458,0.4935795348408,0.3083877599017,0.4303807107135,0.1101369215132,0.2412540283958,0.2704091064617,0.0869642928728,0.0265654503837,0.0248061636801,0.0268335394810,0.0195712503463,0.1712966283731,0.2081918724104,0.3688180720333,0.6192326307118,0.4799144835024,0.0173942939358,0.4063015069755,0.0645160560329,0.0193284180517,0.0215803527314,-0.0827870966347,0.2138535547649,0.4296795961568,0.4344644217155,0.7370886295331,0.0274369465430,0.2973836871930,0.5885509901241,0.6149854262211,0.0297562189295,0.2574430634793,0.4933267551698,0.0413019036878,-0.0954757824377,0.3713945698828,0.1060986183127,-0.0253363593184,-0.1408096255241,0.0769106396965,0.1022733840730,-0.1726131194197,0.1844688404403,0.2934930338157,-0.1092933216652,0.2876128429022,-0.0493174649478,0.1575878711810,0.1686725339888,-0.0443380899198,-0.2394580988623,0.0056470944785,-0.0722968576840,0.0030327030278,0.0693793476627,-0.0313938332316
0.4218848683621,0.2740151446477,0.0481042078601,0.4206605497648,0.2551956517204,0.0447401993691,0.0583077182680,0.3630531783284,0.4152713064313,0.5360170781317,0.5576503189310,0.4707195458356,0.2544851171555,0.6207673070944,0.6743219378940,0.4395573913664,0.6336052424363,0.5710210375914,0.4607888067710,0.4141078344698,1.0000000000000,0.5047696187306,0.6385117889169,0.5422678469658,0.3204947390978,0.6438106874023,0.6145910467374,0.0184503307714,0.1016085356958,-0.0633548505367,0.3058634347582,0.3622477010888,0.5672045881414,0.0410607604324,0.3648059518505,0.5537270055797,0.3094148451489,0.2223297391837,-0.1212502694079,0.0453029876739,0.0862056973600,0.2462137101914,0.3635286251353,0.0943453443272,0.3180175305385,0.2134973397769,0.2482442963105,-0.0589537236171,0.2989280468487,0.3691061518971,0.2362330880154,-0.0183500438254,0.0131363190908,-0.0422266295874,0.0029867673886,0.0334176856746,-0.0414228131153,0.1242818577983,0.2404783841024,0.1270312237625,0.2434406920460,0.4579641838429,0.2415932429266,0.0223160670320,0.3650611067149,-0.1052095354782,0.2533713758958,0.4238047881592,0.4547648450154,0.6015749037390,0.4918705268790,0.4022517946831,0.5314693367980,0.4394901821033,0.4382320325705,0.4119260602850,0.4226514131833,0.0423919304716,-0.1624462459788,0.2351244797908,0.4115878179908,0.0962259416221,-0.1723024915825,0.1379354815821,0.1727687725024,-0.3165586370724,0.3440762628283,0.3682933801283,0.1280134482167,0.2257823103602,-0.1535803505402,-0.2097142464202,-0.0873313921014,-0.0096613660044,0.1130360215233,-0.0365837908782,0.1977261095813,0.1968242073224,0.1708593649247,0.3682140872492
0.3986858103444,0.2110421138412,0.3357879967452,0.2486542318329,0.3556852958272,0.3186835731562,0.1587591977393,0.2145413168534,0.3617002287192,0.7572054258894,0.6263028157640,0.6067945676148,0.4196018720721,0.5981437253275,0.3811110543385,0.2502787443025,0.5303833502222,0.4633079902365,0.2304127340757,0.3018207077918,0.5047696187306,1.0000000000000,0.6977570465277,0.5399888383599,0.2838302111513,0.4869423264356,0.6121089203636,0.3172254513363,0.3644244810066,0.2560041165754,0.3138102723435,0.3222007150567,0.5032621606318,0.0773191721492,0.2004986114972,0.4148049634242,0.5176139442669,0.2392081693661,-0.0484417177811,0.0847409285970,0.4637325887513,0.3273023840278,-0.1786304727454,0.0799462022842,0.1856516313601,0.4723142114894,0.5478097664934,0.0327901831145,0.5509454911633,0.2111592770782,0.3230675799982,0.2454809218125,0.2005425417527,0.2334380922606,0.2207239280660,0.0130568555503,0.1931457450776,0.0222602220261,0.1782331091682,0.2915266971189,0.5377206541944,0.6069010415973,0.4228652362846,0.2189605444478,0.3657302278359,-0.1400705562358,-0.0070933974603,0.5285443006190,0.0805908047577,0.4197560019393,0.3374896598432,0.7894123005213,0.5191584866024,0.4422214545867,0.0379656853122,0.0372916512020,0.4416920699422,0.0844754960052,0.0560038865240,0.3405080645959,0.1307578478828,0.3444293765474,-0.2152127866774,-0.1880045658142,0.0019334406620,-0.1893379355077,0.4886678197097,0.1633780282118,-0.1840583390363,0.1644696791781,-0.0847034429063,-0.1179536070119,-0.0168015899973,0.3872428783344,-0.1148605500508,0.1123809250907,0.4574108992775,0.2908090837906,0.2900054366633,0.1190503194688
0.4678178753961,0.1570710302545,0.2550345901907,0.4133780837546,0.3611120958899,0.2955832104522,0.2425033440879,0.3662804973586,0.5338565763988,0.7191566119828,0.7008871644711,0.7254841920129,0.4314119210477,0.5649580491918,0.5450370381692,0.4931339464389,0.5562552959575,0.5910052445202,0.4811687216067,0.6375554651621,0.6385117889169,0.6977570465277,1.0000000000000,0.6563101715560,0.4938135492033,0.6730257199890,0.7709083158182,0.0585253044449,0.1443879288839,-0.0433038812698,0.4496720157688,0.5633881687601,0.6338612078914,0.1676574030272,0.3484050840517,0.5934937870294,0.4378237496162,0.3499811879059,-0.0401559386031,0.1759210202522,0.2416546387604,0.3306597555976,0.1102653813826,0.2025879810966,0.3180477940303,0.4405971975548,0.4974125163106,0.0516794955362,0.4539557473130,0.3087384801887,0.2994930012996,0.1487880267605,0.1629323226199,0.1762502292420,0.1683306947967,0.1798245998695,0.2129876438071,0.1463066481638,0.4827276568325,0.3756899576832,0.3367587929785,0.6514056562257,0.3819320907628,0.1767453005041,0.2621388923521,-0.1552409478146,0.0956593266572,0.6015472567564,0.2950204642900,0.6942460286173,0.3498063689242,0.7416243181538,0.6354581296986,0.6360484575236,0.1009283484723,0.2752953881113,0.6144727373568,-0.0705478283292,-0.1290215322835,0.3552621609004,0.2580624021112,0.2525109364266,-0.3096399924904,-0.0632293893085,0.0542259645896,-0.2379005015504,0.3888950689646,0.2513915340273,-0.1220498769338,0.1401977494480,-0.1586526395099,-0.0335470329423,0.0603689529941,0.1231890405248,-0.1682022722598,0.0244100427406,0.2168757675607,0.1925516063167,0.2324270851510,0.1463587954767
0.5329862020214,0.2209381902037,0.4549382949569,0.5621554003643,0.4580771128560,0.4661463336532,0.4585294782615,0.3767952052348,0.5940763130435,0.4913837274306,0.7061022843163,0.4926886639392,0.3797747006318,0.6542663808128,0.6024438867253,0.6164134279288,0.6251393276311,0.6499174387988,0.3821634583625,0.6225373076210,0.5422678469658,0.5399888383599,0.6563101715560,1.0000000000000,0.4707119128429,0.5956134836431,0.7284874755635,0.1417157189063,0.0730973990911,0.0695556234983,0.5569997059545,0.5846132198049,0.6222357797964,0.2571518617368,0.4552730447345,0.5768586820112,0.6032701688630,0.4931179091676,0.2142524640810,0.1828457997939,0.2771468513291,0.3783017471802,0.1608067177871,0.2452506151159,0.3808877570884,0.2959907003215,0.5319523819428,0.2556631875964,0.5377708275363,0.3010018235092,0.4311797343842,0.2919203593508,0.3780527050705,0.3019186038548,0.3205525426327,0.3015970931642,0.2689094477820,0.1263649851609,0.3893423881268,0.3884135091820,0.3406810363687,0.6002073621956,0.2410621235588,0.0993555604516,0.3514540325555,0.0398988896187,0.2487620512523,0.6023726042899,0.2769384293939,0.6642135756309,0.2098897506562,0.5153617044672,0.8819359626738,0.5673847326463,0.1731749271793,0.2133552191457,0.6478847531113,-0.0504137054731,-0.0919708754047,0.6073544761944,0.3012812564091,0.2284487345222,-0.1558427597988,0.0894734989896,0.1196677702234,-0.2016386568909,0.6225432231198,0.4648969064622,0.0223596404713,0.3766132393379,0.1151451805070,-0.0265150707614,0.0199703922396,0.1010561067684,-0.1486991154362,0.2420443943147,0.2888322240162,0.2287611762970,0.2619065503440,0.1384410307876
