1.0000000000000,0.4945096509965,0.7075692398167,0.7506087171690,0.7987199016352,0.4285315461313,0.6527522121430,0.2173997870775,0.2023764697300,0.2474143841869,0.2438323966120,0.2703270319458,0.1776584523722,0.5005183350487,0.4759053324361,-0.1433081375321,0.1660547543017,0.3027405880507,0.0803447889494,-0.2373689796189,0.0019748414636,0.0609734590765,0.0654516254247,0.1800015568792,-0.1789798979196,0.0842756054210,-0.0394263468765,0.0625015599497,0.0839467115771,-0.2107596828985,-0.3536729629822,-0.2218696036845,-0.1960926230799,0.1109207842800,0.1190083286725,0.0419597013832,0.1431085536017,-0.1442367241430,0.0625733144837,0.0902246339745,0.2285733590175,-0.0083212089153,-0.3094589890884,-0.0118532479931,-0.3402120946523,0.0448651626475,-0.0628222801303,0.1582871587512,0.2886130609850,0.0238029945024,0.8553207509720,0.8020132289669,0.4633532297087,0.5428541816004,0.4986781815673,0.6832935862997,0.1635412571450,0.2343916938518,0.3127835765900,0.2361605922176,0.2902612379455,0.3128843432712,0.3412183486591,0.2067366360178,0.4030375051374,-0.3152230049436,-0.2327945495498,0.2624847003106,0.1644236788931,-0.1321382628171,0.3016654731037,0.0589815128134,0.3249657020442,-0.0288489686227,-0.2762184387258,-0.3297973766993,-0.1498628215343,0.1546372262144,0.1446565550322,-0.1173843026242,-0.1316537496278,-0.0231414987717,-0.2333706254747,-0.3781676257074,-0.3883620130396,-0.0460376074679,0.1041265415717,0.0271741896431,-0.2117047044432,-0.4001233056577,-0.0221160241677,0.1044915340821,0.0632385089299,0.0291466715088,0.0960122888815,0.1263737683700,0.3014179674878,0.2316065760115,0.0614423107532,0.0877350046046
0.4945096509965,1.0000000000000,0.5792328297308,0.5745625896592,0.3219786430697,0.2721763908852,0.3801421509000,0.1722441813332,0.1967121323925,0.4014048205413,0.2047329954368,0.2374455812594,0.0590970272613,0.5216355876305,0.4876332608631,0.0345190103637,-0.0861564445876,-0.0005524791309,0.3090328391758,0.0767012831402,0.1455599120102,0.3063195932535,0.1286023449934,0.1989340397915,0.0858009280759,0.3100211261000,0.2664580829332,-0.0218169237584,0.4378886033230,0.2865699304375,-0.1395462961167,0.0821855569423,0.0304393086812,0.0870652479057,-0.0447716827350,0.1084991986606,0.1334228436811,0.0502486858480,-0.0217313449786,0.2740031035122,0.3300978566483,0.1931531195563,-0.1089114640988,0.2554066676478,-0.0401421769440,-0.0241266050802,0.1178655405294,-0.0969118221026,0.2496323332222,0.1835619609905,0.3956496017245,0.6677537571329,0.3274664595640,0.3187728625160,0.2516972848238,0.3448907537204,-0.0195585824868,0.1883224277610,0.2720722878243,0.2800722186286,0.1207440569849,0.1805168205488,-0.0505890916140,-0.1273355547004,0.4211508702069,-0.2628738433287,-0.0605106398799,0.0299455568963,0.2763877790157,0.0774210009964,0.0175165941217,0.2111379991081,0.1880435303256,0.1914090793346,-0.0315412225366,0.0204217838430,-0.0340872155808,-0.0856230787789,0.1993320327733,-0.0990946206594,-0.1053153682466,-0.2776890895558,0.0456487708737,-0.1688652841894,-0.0760154159862,-0.2275413101769,0.0735183603947,-0.0133725194825,-0.1719351531992,-0.1771299115901,-0.1129887791995,-0.0133351899339,0.0699525475585,-0.1142856378996,-0.2359662679115,-0.0880200871072,0.2564217218637,0.0658187693258,0.0817592831513,-0.0561403440507
0.7075692398167,0.5792328297308,1.0000000000000,0.6305157195321,0.7392727557411,0.6656809057944,0.6424458147788,0.2541235028668,0.3004515668781,0.4307256889519,0.3602428938866,0.3465290304651,0.2728366642632,0.4418950472499,0.4170457106099,0.0377044709988,0.0537057169636,0.1663159302906,0.2604995413255,-0.0069145979120,-0.0197348846508,0.2394993321057,0.1686585915127,0.2227096844303,-0.0785430686979,0.1957359674063,0.1641852162342,0.0126145847848,0.2218584593867,-0.0188657845392,-0.2030382941932,0.0738197095263,0.0000731758121,0.2150208887686,0.1164616661876,0.1058335682265,0.1835066916588,0.0365820422922,0.1500757825155,0.3768432093282,0.3569713173798,0.1949589615402,-0.1575141762610,0.1942352756721,-0.1000457117747,0.0851916672539,0.0826242197371,0.2721574284173,0.3615195230808,0.1176976376620,0.6463638075637,0.8034398646356,0.3949909538890,0.6866474037267,0.6550021621971,0.5815950004579,0.1452461684783,0.2466587744391,0.2846380354090,0.3330649649596,0.2440090739821,0.3523509599115,0.2404981052876,0.1959896969740,0.3642919852840,-0.1231204115097,-0.1176821328414,0.1675890319778,0.2610211466361,-0.0335377699151,0.1268846557580,0.0745478786969,0.2691796477341,0.0279572176580,-0.2240919903370,-0.2368835436662,-0.0718041892985,0.0052956182063,0.0958793296116,-0.1044528960306,-0.2184664443510,-0.2010318206351,-0.0729978133626,-0.2266846875564,-0.2888000019809,-0.1356673155472,0.0801465752187,0.0588671172929,-0.1844237103146,-0.2786599435191,0.1024367997626,0.1462434948328,0.0609771352679,0.0001772524609,-0.1273531007771,0.2849255886243,0.3822198620601,0.1760206437845,0.0984810830978,0.0247298535068
0.7506087171690,0.5745625896592,0.6305157195321,1.0000000000000,0.7217619812947,0.5008495544201,0.7700009949513,0.4086186396708,0.3401986287962,0.4277035047797,0.4300353858439,0.3556447107398,0.2972569324444,0.5775598425457,0.7542618435890,0.1885497151612,0.2365606841772,0.2655682637469,0.4342591891483,0.0361303624406,0.2623435402310,0.2237026402814,0.2192810317489,0.3218194934568,-0.0789840928945,0.3213662255697,0.2511581396066,-0.1012638626253,0.1116800208431,-0.1092366290557,-0.1506005611215,0.0771331733797,0.0852544097691,0.1192719721494,0.1096016690465,0.3242371377257,0.1302203714837,0.0417257449090,0.0427204559397,0.1830586183209,0.1659495995329,0.0609449827084,-0.0638534979541,0.0984409838658,-0.1201757491645,-0.0469927050209,-0.0130809129733,0.1619189373947,0.3726403966718,0.1106854852106,0.7345030526820,0.7309187206308,0.6979320092621,0.5405528148300,0.5363867537994,0.7521804613672,0.1305655706756,0.2882880896405,0.4411892389550,0.3590702154903,0.3033812815942,0.4810507775900,0.1702064062262,0.1157761610856,0.5461672105929,-0.1851428822733,-0.0059734553302,0.3601569421562,0.3862645816095,0.1025556489721,0.3046520111829,0.1793056721173,0.3664184774070,0.0662709276644,-0.0648273017875,-0.0566601618310,-0.0532221410727,-0.0788262863126,-0.0944835211150,0.0014716821243,0.0375338855785,-0.1439403145065,-0.1866439599199,-0.2689798453514,-0.2493573440979,-0.1320490050569,0.0648090160487,0.1880926644685,-0.1212317729799,-0.2344836240535,-0.1221440497324,-0.0263159022854,-0.0319292668096,-0.1415610307884,-0.1803366195160,0.1415478638050,0.3668849729926,0.2915300083017,0.0962258635330,0.0123881697781
0.7987199016352,0.3219786430697,0.7392727557411,0.7217619812947,1.0000000000000,0.6600137490803,0.7670315650603,0.3054647946762,0.2806084618032,0.3503107662905,0.4239162708953,0.3333384176409,0.3006564515353,0.4584586331588,0.5328425624098,0.0055440117931,0.2873973679168,0.3180217481914,0.1635097102822,-0.1119296465292,0.0909020122528,0.1445399649648,0.1360856776282,0.2373812423347,-0.1538660838139,0.1821456472405,0.1092416642040,0.0788606657515,0.0385330155890,-0.1988910588309,-0.2313870669916,-0.0476442528093,-0.0142380269292,0.1873814174543,0.2265675203923,0.1590186210804,0.1382344947247,-0.0082263800192,0.1850124238686,0.1945571945025,0.3002511166266,0.1093365734050,-0.2096745748354,0.0647014497261,-0.1591334323450,0.0973775252334,-0.0017136997238,0.3339583714203,0.4428519235577,0.0865438590925,0.8359720817666,0.6996178619262,0.5325333551174,0.6743053875733,0.7425686812125,0.7251004328985,0.2009277934800,0.2834554290437,0.3048952156572,0.2574936492147,0.3469430441419,0.4570740432445,0.3411886167421,0.2767758874236,0.3935385536819,-0.1493700691981,-0.1938241426058,0.3668661464657,0.1842121638122,-0.0500222889831,0.3598245382048,0.0373822861950,0.3319331830975,-0.0210694064242,-0.2313153774500,-0.3306190240921,-0.1275234938890,0.1045639494587,0.0261318483932,-0.0755113645388,-0.2015645677146,-0.0315034162258,-0.2604713031788,-0.3487964844687,-0.3244647735865,-0.1713657943778,0.0480788018298,0.1463456198943,-0.1767147516273,-0.3468916695998,0.0756162391990,0.0585957505813,-0.0085205242279,-0.0056180179381,-0.0216789447762,0.2988169312562,0.4750433833073,0.2911994185506,0.0694310680655,0.1060830042760
0.4285315461313,0.2721763908852,0.6656809057944,0.5008495544201,0.6600137490803,1.0000000000000,0.7151989887533,0.4155187011387,0.4657959244487,0.5282178261619,0.6115673753991,0.4842205702677,0.3882498774405,0.3571759180645,0.4796452137753,0.2549043134573,0.2295161669680,0.3425838880335,0.3629690258372,0.1880669344234,0.0196459338749,0.3031812600228,0.3047125356719,0.3354755998769,0.0250807894198,0.1869010422905,0.2246252867410,-0.0083356256743,0.0720748174133,-0.0876070828735,0.0266721373889,0.2274509381723,0.1771217848251,0.2014226394605,0.1879043662035,0.2421563131686,0.1180274678792,0.1563168919345,0.2330970219220,0.3052526633041,0.2722357140507,0.2848249893189,-0.0607494107311,0.1725700149117,0.0818312810384,0.1276065193606,0.0745855157937,0.4428013934348,0.4071369635143,0.1837888355304,0.5033354496207,0.5475605341723,0.4418576355265,0.8301286560837,0.8048671425817,0.6215093423787,0.2528261192774,0.3314960121589,0.3769710814800,0.4338708456391,0.3576300764874,0.4855634226481,0.2820957495513,0.2785512900904,0.2438473289487,0.0380552710221,0.0087281690479,0.2969826751571,0.3228800059404,0.1117987814853,0.1858221496365,0.0772885659436,0.4080348434922,0.1316117582387,-0.1383299039556,-0.1858467403898,0.1080858914941,-0.0006152513272,-0.0590383225084,0.0992798171142,-0.1614057322337,-0.0176929350971,-0.0905364310324,-0.1220093530719,-0.1811144929714,-0.1739823441892,0.0416530179691,0.1981057938941,-0.0951254831297,-0.1268214013648,0.1729941875932,0.1287376335552,0.0176967757178,-0.0540688803621,-0.1250728459507,0.4115057255261,0.3456466873461,0.0313928168088,0.1121561898497,0.1030639211877
0.6527522121430,0.3801421509000,0.6424458147788,0.7700009949513,0.7670315650603,0.7151989887533,1.0000000000000,0.5231842687686,0.5532814815696,0.4420139930368,0.5423537299302,0.3280799340390,0.3809430574093,0.4446551001816,0.5874458894453,0.2715943921737,0.3846705901609,0.3841921860589,0.4257389218557,0.0858373980333,0.0805355967559,0.1525920173788,0.0991153210594,0.4275754881168,-0.0849396972338,0.1796645899051,0.1397192014095,-0.0057481963336,0.0348328329215,-0.0770729953776,0.0033948037956,0.0952043383252,0.0679855003016,0.1129343454833,0.2303029187452,0.2982420083836,0.1167842736519,0.0858294799840,0.1989479061614,0.1422137636952,0.2454003596439,0.1613376366861,-0.1287407280331,0.0591033656682,-0.0371155370264,0.0544554138298,-0.0019526059906,0.2872721811490,0.4553902655928,0.0822648738587,0.6716818246978,0.6638675580937,0.5784886304519,0.7109073637150,0.7344444387153,0.8616934612446,0.3655330038786,0.4461735598209,0.5213790310665,0.5549904377386,0.4679117044074,0.5672961823775,0.2623330829784,0.2909835597481,0.3965651096269,-0.1777046705092,0.0483200093984,0.4251793125070,0.4687290209756,0.0821211115989,0.2925965144605,0.0197073712475,0.5239041496717,0.0721459248468,-0.0641904226895,-0.1847678295000,-0.0614740646109,-0.0053157692555,-0.0246791593576,0.1330506303772,-0.0913941651587,-0.0935341960991,-0.1482310655618,-0.2652715064243,-0.2513639496160,-0.1681372166672,0.0225510622755,0.2673404752085,-0.2037828300680,-0.1948975974062,0.0409408365671,-0.0476346021033,-0.1288720673448,-0.0809911584044,-0.1519667074564,0.2757983604952,0.3292029787039,0.2967128629240,0.0405692433923,-0.0024815614576
0.2173997870775,0.1722441813332,0.2541235028668,0.4086186396708,0.3054647946762,0.4155187011387,0.5231842687686,1.0000000000000,0.7235993450616,0.5016007503416,0.5109767309620,0.4307030719488,0.5024749455445,0.1687787536766,0.4301711750275,0.4177485328393,0.5797825661627,0.4140834594109,0.6185854836727,0.4519457779613,0.2841187317504,0.1812682972925,0.1823932199276,0.5266784033766,0.1970219362500,0.1079693578695,0.2427529105453,0.0366672463668,-0.0826118130809,-0.0236047303699,0.2627804603158,0.2208277946341,0.2894935534763,0.0141007398099,0.1584454746200,0.4306523062141,0.1268587979320,0.1923648432654,0.0949289852747,0.1103274676252,0.0391847461917,0.1521698842324,0.0962053854826,0.0912868134216,0.1954963667797,-0.0499960243663,0.0484511595591,0.1466338597375,0.1913445826302,0.0111056923017,0.2359237603540,0.2614026325031,0.2296288520255,0.3670445983552,0.3282524442786,0.4231011365973,0.4510173520941,0.7091625764414,0.6234275110041,0.7273931984526,0.4224514406830,0.5272754556683,0.1913693680026,0.2322460021623,0.1558839315362,0.0080634203536,0.1949175886822,0.4649399972894,0.5543674593878,0.3500703077741,0.1920189971672,0.1042648742584,0.5864339064167,0.4198980947281,0.1411867032221,-0.0949787089048,0.0607771785542,-0.0371791334056,-0.2374659031089,0.3278030544166,0.0070500169777,-0.0712964674101,-0.0129537843411,-0.0200111423171,-0.0668691044417,-0.1944243573309,0.0800598845411,0.2639099589856,-0.0884930740211,-0.0114442973519,0.0352003328739,-0.0146192481164,-0.2097669287577,-0.2082014930072,-0.2579638462682,0.1118474909120,0.0401582244933,0.1553956844398,0.1122220426408,-0.0583318171795
0.2023764697300,0.1967121323925,0.3004515668781,0.3401986287962,0.2806084618032,0.4657959244487,0.5532814815696,0.7235993450616,1.0000000000000,0.4404994703613,0.5784580881802,0.4616156158189,0.4443563960944,0.1495580843587,0.3249755446488,0.4433781395363,0.4852888110798,0.5561730208689,0.5834782811639,0.5753874365134,0.1298107512601,0.2107003634930,0.3126644363864,0.6136540955331,0.2589193099947,0.2053049788015,0.2537118080955,-0.0961741995962,0.0061039196708,-0.0471033907769,0.3276950666068,0.3339734799943,0.3022208779171,-0.0413963288286,0.0772881690579,0.4265090215896,0.1215103280428,0.2424076983771,0.0276202575693,0.1589214500866,0.1026262318627,0.1957892987147,-0.0085985035384,0.1209665471661,0.1958965720231,0.0034571183431,0.0610093699361,0.0931425502047,0.2403316535041,-0.0282763505538,0.2042137487335,0.2437044674869,0.2452943705901,0.3865587126642,0.3519398844811,0.4524147259494,0.4185215117181,0.5380844162345,0.6858190333332,0.8546340180358,0.3116477170352,0.4798409043772,0.1343145568381,0.2484673024642,0.1015397404155,-0.0713138844633,0.1460229886031,0.4456733130486,0.5133719036177,0.4942168119646,0.1286516241214,0.0920896809942,0.7329498344300,0.4875392110156,0.1240390145988,0.0604643011347,0.2284171347726,-0.0905671378840,-0.1588441327784,0.3750624775894,-0.0026227272619,-0.0575544431741,0.0079838733936,-0.0028206252915,-0.0859735019017,-0.2017243118247,0.0489772929632,0.1798662174436,0.0072667339633,0.0720554035581,-0.0272776540300,0.0031480788060,-0.0907893847139,-0.1937072625315,-0.2752235306317,0.0907950978407,0.0632705837171,0.0423376241989,0.0865791109297,-0.0250372060715
0.2474143841869,0.4014048205413,0.4307256889519,0.4277035047797,0.3503107662905,0.5282178261619,0.4420139930368,0.5016007503416,0.4404994703613,1.0000000000000,0.5846441609752,0.7248219556828,0.4349053877444,0.3477745334930,0.4574117338400,0.2713490992276,0.2535307367253,0.2502005644160,0.4263763498953,0.2906711164589,0.3376253154037,0.6214504499194,0.3836071666556,0.3968368176103,0.1384557414537,0.2019936558929,0.3232803720212,-0.1147254962565,0.2131750683102,0.0814365500606,0.1552663767747,0.2484361897158,0.2836546731989,0.0426025593914,0.0099090519065,0.2054328136680,0.0794791317712,0.0615372244922,-0.0207331221329,0.1495469515192,0.2195405506750,0.2885235525555,-0.0644223608606,0.0261634541764,0.0393233419968,-0.0454075139725,0.1156501926544,0.0189104734944,0.1684104846328,0.1554217464341,0.3101758505164,0.3881292652925,0.2872758067906,0.5271632939122,0.3781058189261,0.4218550574549,0.3293794469747,0.4499990992011,0.3899710383322,0.4552788367940,0.6717799489867,0.6167615406562,0.4342757197491,0.2085861251077,0.3062834072645,-0.0458950897581,0.1043129162951,0.2269051045971,0.3581722948086,0.2072921381271,0.2359028708472,0.4886082688381,0.3533185232317,0.2993948018541,0.0704511703304,0.0530263091512,0.0596039597762,-0.1429968401795,-0.0985988830985,0.1157652938049,0.0391290374442,-0.0631345511891,-0.0619891094817,-0.0790112078930,0.0276014277469,-0.2417454043832,-0.0255679599772,0.1435708886478,-0.1679233353394,-0.0615832586103,-0.0731256505606,-0.0730297334591,-0.1769840768569,-0.1516672038524,-0.2184687004502,-0.0032990139506,0.2195212334197,0.2778060749539,0.2589311439010,-0.0223798391370
0.2438323966120,0.2047329954368,0.3602428938866,0.4300353858439,0.4239162708953,0.6115673753991,0.5423537299302,0.5109767309620,0.5784580881802,0.5846441609752,1.0000000000000,0.6193364496623,0.3813017090890,0.2968500801648,0.4321622186821,0.3419384856978,0.4240192829422,0.4214238685772,0.3765040523487,0.3632275302284,0.2488747876496,0.4413212914201,0.5496882056669,0.4751596008239,0.0642398350958,0.2717785678479,0.3976461041901,-0.1700664302581,0.1269567408649,-0.1753516261377,0.1880429177037,0.3491255334739,0.2800119575500,-0.0266098938722,0.2459808865891,0.4516254881394,0.2680897130188,0.2573960805927,0.2017471940375,0.2177999844487,0.2141451076592,0.1903237488760,-0.0361050953871,0.1818799072785,0.1926332058627,0.0895900169347,-0.0180782205883,0.3278615173427,0.3665648246077,0.1159148838436,0.2640229581593,0.3125182360784,0.4355547067336,0.4384281183846,0.5339877863163,0.4231227823288,0.2740544061518,0.3685578945470,0.4863189767540,0.4217662350309,0.4777592842902,0.6683623901774,0.3282763421588,0.2580634404749,0.1264763659275,0.0634807508112,0.0022221138670,0.4229478649199,0.3481407629113,0.2716749132437,0.3465311596146,0.3093257377240,0.5350764803658,0.3085321225667,0.0499301609838,-0.0407327274957,0.3564616199083,-0.0998242528220,-0.0851153187015,0.2261595255766,-0.0048240006832,0.0088446745391,-0.1044883368591,-0.0525187956431,-0.0931665721477,-0.2644044584877,0.2400546861461,0.2566035214435,0.1179316533002,0.0642481853530,0.1876043331084,0.0896961407528,0.0241685708041,-0.1187994028719,-0.2256460805993,0.3259070026527,0.2858198587465,0.1009190461535,0.0418502680811,0.1345801959373
0.2703270319458,0.2374455812594,0.3465290304651,0.3556447107398,0.3333384176409,0.4842205702677,0.3280799340390,0.4307030719488,0.4616156158189,0.7248219556828,0.6193364496623,1.0000000000000,0.4890923846259,0.3111944036966,0.3560203633619,0.1884437735387,0.2967095217724,0.4370375165412,0.3315559263782,0.2365573164070,0.1836398088491,0.5359084258767,0.5593978880205,0.2466051789237,-0.0026871100875,0.1585559786078,0.1342313881576,-0.2190191848337,0.1926213919989,-0.1913685331550,0.0800835918155,0.2595811199536,0.1470926213689,-0.0774857925824,0.0069659455914,0.2137439031912,0.0783082759270,-0.0029480058869,-0.0566939458006,0.1155482614476,0.1154456664352,0.1446338265599,-0.1122183610131,-0.0093628423775,-0.0263520623866,-0.0982946611926,0.0306967292334,0.0947974788933,0.0912489805053,0.0765488315263,0.2875339237574,0.3288549086424,0.2683163802694,0.3939776986762,0.3500078475082,0.3443512786440,0.2518765294830,0.3419526051846,0.4671094116324,0.3682317831339,0.3948000565001,0.5300758356908,0.5337975228905,0.3611079205880,0.1407344642246,0.0094594034112,-0.0133600368750,0.2993943062825,0.2577943383701,0.2175062742435,0.2875556596165,0.3682407221435,0.3828572119638,0.2430709561286,-0.0312198296848,0.0168408851977,0.1793377983132,-0.0440925495199,-0.0073083909708,0.1097015703639,0.0119558032176,0.0002611133569,-0.0759005717762,0.0084163655901,-0.0726702798722,-0.1271768095773,0.0573199265443,0.0085711153643,0.0799061755423,-0.0794370955979,-0.0223664855448,0.0645602756355,0.0081585201497,-0.1104219191593,-0.1629303041719,0.0601960460391,0.1953582202169,0.0103617422414,0.1866196380325,0.0795828787699
0.1776584523722,0.0590970272613,0.2728366642632,0.2972569324444,0.3006564515353,0.3882498774405,0.3809430574093,0.5024749455445,0.4443563960944,0.4349053877444,0.3813017090890,0.4890923846259,1.0000000000000,0.1826040968606,0.3034771694017,0.2809572744366,0.4883618264610,0.2765644550010,0.3716479751372,0.2736713012803,0.2676994844486,0.1503216325785,0.2511435097734,0.3171462355991,0.1669684899459,0.0809413720856,0.1833043819225,-0.0414929441165,-0.0567395723167,-0.0963408117998,0.2129332640420,0.1995577219268,0.3991685740835,-0.0257274031638,-0.0087155680264,0.2130752191831,-0.0048675315292,0.0926549829568,-0.0247994460683,0.0262930809722,-0.0038292582943,0.2005762491269,0.0832104377835,0.0599265917755,0.1717161271795,-0.0543147903438,0.0216076635757,0.0989840471364,0.0942231654847,0.0931147255205,0.2192221686747,0.1755017225285,0.1533346347209,0.3341021168921,0.3435264144199,0.3532489991535,0.6298974431213,0.3908123348125,0.4186462322657,0.4530542764980,0.3603086877851,0.4997443496267,0.4015375459379,0.7988139135982,0.0704388654726,0.0602976568994,0.1144596557646,0.4501808600887,0.3111718181774,0.2385519270145,0.1719675383026,0.1086735378364,0.3493410597649,0.3026024144154,0.0670391410850,-0.0712306183233,0.0568646248262,-0.1358295779292,-0.1788049935828,0.2093741465712,0.0147191941359,0.0336354033073,0.0022715701364,-0.0144324787673,-0.0415443687860,-0.1744332453047,-0.0085399584103,0.0959482736135,-0.0633482775429,-0.0516578379048,-0.0127206392533,-0.0420696281260,-0.0914683087683,-0.1980251940895,-0.2571697232781,0.0653053052636,0.0562772493831,0.1544263802299,0.1208484474366,-0.0294373890638
0.5005183350487,0.5216355876305,0.4418950472499,0.5775598425457,0.4584586331588,0.3571759180645,0.4446551001816,0.1687787536766,0.1495580843587,0.3477745334930,0.2968500801648,0.3111944036966,0.1826040968606,1.0000000000000,0.5760458649722,0.3435488323742,0.2157439076633,0.1988607072415,0.2761459605853,0.0864294187995,0.2139594720780,0.2657128850970,0.2964677290005,0.2998925132955,-0.0653632193313,0.2555455734260,0.1478469816182,0.0446396020555,0.1744211597837,0.1830456962216,0.1520531619423,0.2264200474892,0.1673835967294,0.1111055240645,0.1616095447910,0.2945979193038,0.1037773944116,0.0969577439126,-0.0591579211110,-0.0421907540758,0.3024885240555,0.0704153628942,-0.2363925827792,-0.0932689664186,-0.0407133309454,0.0105582070997,0.1542299907534,0.0254306455184,0.4201348358026,0.0487484737957,0.4653669617406,0.5576333006957,0.5521510031090,0.3659677101819,0.3177744283699,0.4138966533652,0.1264298476353,0.1577618508668,0.2592290306374,0.1892539062494,0.2501950763767,0.2779885723522,0.1452183927183,0.1165285138615,0.5310717970017,-0.2870871754832,0.1514094017768,0.1951629912715,0.3581879017919,0.0698073974834,0.2459225545140,0.2699441217391,0.2742784517292,0.0453873879789,0.1546138480714,0.0425898935406,0.0494625388812,0.0963382721982,0.0514423758860,0.2329685150808,0.1144048434370,0.0098378740932,-0.1167474520513,-0.1902291258236,-0.1162514467473,-0.1399619401279,0.0715608572365,0.2024717130376,-0.2148408275208,-0.0477183854751,-0.1671509773532,-0.1902949588573,-0.2122441776725,0.0065695008647,-0.1481204099648,0.0536686492728,0.3786254060730,0.1545674390795,-0.0632920532327,-0.1169886734613
0.4759053324361,0.4876332608631,0.4170457106099,0.7542618435890,0.5328425624098,0.4796452137753,0.5874458894453,0.4301711750275,0.3249755446488,0.4574117338400,0.4321622186821,0.3560203633619,0.3034771694017,0.5760458649722,1.0000000000000,0.2036149948132,0.2332638019578,0.1891390729983,0.3932455105076,0.1095390279268,0.3446885436721,0.2379540805302,0.1837678900937,0.3010290580766,-0.0370027264906,0.2451366557012,0.2506716652433,-0.0942831392328,0.0546139575794,-0.0521771827326,-0.0695681598279,0.0978340960810,0.1823335035728,0.0804288253914,0.1076199495393,0.3468090939774,0.1044379566846,0.1101776105934,0.0745213557770,0.1345365317921,0.1845636496448,0.0769953468654,0.0550796918931,0.0836359595000,-0.0547012338970,-0.0713953075328,-0.0113988680547,0.1801461812697,0.3543573403024,0.2187289065185,0.5134198897618,0.5320882113581,0.5384868518435,0.5034323579832,0.4896386815585,0.5831874426287,0.1382562645772,0.2861263192736,0.3568247312621,0.3326979450028,0.3159870082519,0.4335355972930,0.1268516472608,0.1230685342767,0.4833265637913,-0.0402770745371,-0.0309419151902,0.2514039946584,0.3175358497505,0.0558505867487,0.2749252634864,0.1295843962611,0.2910200056431,0.0992115856949,-0.0082673968956,-0.0903903653883,-0.0285711242016,-0.1011436977141,-0.1350728754991,-0.0295196780597,-0.0199525194151,-0.0335610520131,-0.1729096418796,-0.2282718039811,-0.1094745806958,-0.2171070102577,0.0512048432298,0.1916801946477,-0.0869031207648,-0.1712269387156,-0.0722100816104,-0.0244858811414,-0.0601194982252,-0.2075869074922,-0.1388919427098,0.1813158963078,0.3044575852578,0.2202150875990,0.0775827455237,0.0362592871177
-0.1433081375321,0.0345190103637,0.0377044709988,0.1885497151612,0.0055440117931,0.2549043134573,0.2715943921737,0.4177485328393,0.4433781395363,0.2713490992276,0.3419384856978,0.1884437735387,0.2809572744366,0.3435488323742,0.2036149948132,1.0000000000000,0.4060515621393,0.3100873846921,0.6966668974971,0.6787895523660,0.1798436358102,0.1548690578916,0.3059923328545,0.5553891121819,0.1898897697157,0.2679933700535,0.3301602592137,-0.1796160959609,-0.0547288114836,0.2425442144742,0.8291933436077,0.6701565745996,0.5033862594222,0.0543841609370,0.3198394300155,0.6395475465965,0.1130311844156,0.5105105918428,0.1057926941735,-0.0385626743479,-0.0429295076338,0.1185399442702,0.2620484795200,0.0414620809267,0.4944712547229,-0.1817207407135,0.0777230713342,0.0981128813396,0.2008505617161,-0.0383323931061,-0.1060400546191,0.0175288397787,0.4436708721170,0.1148313534804,0.1256948722154,0.1257758764347,0.1992050210692,0.2126140349894,0.3597583381720,0.4126469069016,0.2286359308491,0.2895495155851,-0.0905560955858,0.0753270160039,0.2584286565650,0.0953789321127,0.7101363787703,0.3440940381663,0.6480566509841,0.4763832839894,0.0061037886410,0.0977410114460,0.4420812197791,0.2457431224185,0.5671701308043,0.3813087049878,0.3005508066928,-0.2062395509451,-0.3239940323335,0.7390647264823,0.2006222448987,-0.0764334485667,0.1283658143834,0.3283500702170,0.1037690745017,-0.1222953236756,0.0858749936444,0.5473218989034,0.0993346148887,0.5338849193310,0.0484183856615,-0.3094106614603,-0.3759807035928,-0.3268963430848,-0.5666925020298,0.1537470017505,0.0728798250152,0.0000726535947,-0.1054764178233,-0.2053658340863
0.1660547543017,-0.0861564445876,0.0537057169636,0.2365606841772,0.2873973679168,0.2295161669680,0.3846705901609,0.5797825661627,0.4852888110798,0.2535307367253,0.4240192829422,0.2967095217724,0.4883618264610,0.2157439076633,0.2332638019578,0.4060515621393,1.0000000000000,0.5930613467308,0.3731193446499,0.2702996982891,0.4106835025341,0.0230919139137,0.1286711447545,0.5007436066961,-0.0035436335244,0.0485384104544,0.1332239661239,0.0809148056505,-0.2039200769021,-0.0702719618592,0.4027061121262,0.1882308362482,0.3257145176505,-0.0942575726373,0.2067568245837,0.3908115286314,0.1641914219579,0.1802020691422,0.0902569114863,-0.0752470947799,-0.0327414782143,0.0376968356691,0.0413855715115,-0.0159939503148,0.1296451478326,-0.0778496616069,-0.0068524531985,0.1336701222693,0.3037899719553,-0.1230540045378,0.1962000911076,0.0841214523707,0.2423017794164,0.1443540459622,0.2453575599038,0.3008895453138,0.4600098693780,0.3892376370991,0.4615361610456,0.4172247668427,0.3472695742215,0.4655354428040,0.2583358590220,0.3473831736999,0.1410698936984,0.0221377090661,0.1913071588569,0.7261408956271,0.3795808990647,0.3440665217009,0.4481082597314,0.0674107088304,0.4971589442121,0.2555161206446,0.3310327332524,-0.0487773629692,0.1362432092375,0.0532626933323,-0.2375341002421,0.5237223718050,0.1612480529620,0.1976645074885,-0.0007063146092,-0.0261613939076,-0.0250202517640,-0.1363904990411,0.1842645540723,0.3119619626846,0.0372176010695,0.1357869665559,0.0901515999827,-0.0433894664360,-0.2016774158326,-0.1148231933608,-0.1657740288293,0.1411729438243,0.0958039132319,0.1959979051280,-0.0264069456247,-0.0527285568400
0.3027405880507,-0.0005524791309,0.1663159302906,0.2655682637469,0.3180217481914,0.3425838880335,0.3841921860589,0.4140834594109,0.5561730208689,0.2502005644160,0.4214238685772,0.4370375165412,0.2765644550010,0.1988607072415,0.1891390729983,0.3100873846921,0.5930613467308,1.0000000000000,0.2268335939717,0.2813105661232,-0.0216900276381,0.1708053964514,0.2528534279988,0.3822478405452,0.0643641862216,0.0865847046620,0.0067790063168,0.0650337776939,0.0106852532981,-0.1858912795883,0.2386586281902,0.1525564143487,0.0790422749071,-0.0032006473447,0.0982142829207,0.2560736533466,0.1215698694434,0.1088885634176,0.0835794089352,0.0576236169961,0.1196529147491,0.0872366476431,-0.1803764968417,0.0187296037158,-0.0915482162038,0.0110991672076,0.0846992112307,0.1660512231180,0.2658127270886,-0.0730897356994,0.2946497585741,0.2270502833766,0.2885040583799,0.2461796827500,0.2721857639073,0.3339019112322,0.2472351793527,0.3553866410507,0.4839590121166,0.3790898811365,0.2187161814332,0.2913228984687,0.3096426321448,0.3035545351872,0.0665514154780,-0.0368782163970,0.0653540979211,0.5807909193342,0.2441708049227,0.3626252116465,0.3082205164460,0.0163000583600,0.5518729617223,0.2180660073212,0.0378811878975,-0.0411491622578,0.2297640032806,0.2175286052792,0.0174304572918,0.3952997826800,-0.0279507150579,0.1521509250800,-0.0834789448436,-0.0096309498031,-0.1185765815586,-0.0096330135264,0.1276873592630,0.1154199594476,0.0761487260744,0.0346242449430,0.0948754424186,0.1229833762337,0.0786536909461,0.0021598502289,-0.0028884799403,0.1552949025353,0.1170160373573,-0.0808868433209,0.0224856327058,0.1631208784951
0.0803447889494,0.3090328391758,0.2604995413255,0.4342591891483,0.1635097102822,0.3629690258372,0.4257389218557,0.6185854836727,0.5834782811639,0.4263763498953,0.3765040523487,0.3315559263782,0.3716479751372,0.2761459605853,0.3932455105076,0.6966668974971,0.3731193446499,0.2268335939717,1.0000000000000,0.6354094216179,0.3369068381003,0.1350512165489,0.2723695370970,0.5381935682068,0.2241150898197,0.3094826644933,0.4204180939406,-0.2513453595879,0.0037137230697,0.1475414336299,0.4408154159400,0.4828143619260,0.4024710724659,0.0251839066923,0.1360788204872,0.6174146232891,0.1414730566361,0.3783783558808,0.0761033549889,0.1780740004166,-0.0382489443550,0.1361888081754,0.3463873604008,0.2478038491293,0.3748750475872,-0.2125166763827,0.0059043449038,0.0622449424326,0.2225616774972,0.0514776708513,0.1201414877649,0.2507112527591,0.3990142173231,0.2607307628633,0.2424292834209,0.3299289916989,0.1820009774555,0.3352277142658,0.5483369478044,0.6210855381665,0.2186716338101,0.4334489818597,-0.1088715199251,0.0347252204670,0.2893807817667,0.0390673493705,0.4351613069757,0.3541372645143,0.7676048083826,0.5000180218696,0.0682434469617,0.1109583122353,0.4881356610873,0.4178143188965,0.3791984951440,0.2359128075720,0.2112004999032,-0.4081351042170,-0.3531123437404,0.4095971412633,0.1595835829138,-0.2271065247879,0.1380191327591,0.1653683856088,0.0242217563331,-0.2430051004553,0.0972751308454,0.3245027378960,0.0444023250882,0.2041772552298,-0.0437847926268,-0.1579619029943,-0.2487601985003,-0.4155238583485,-0.5848648502248,0.0884674082045,0.1367624865469,0.1067641391436,0.0172420632696,-0.1826790914866
-0.2373689796189,0.0767012831402,-0.0069145979120,0.0361303624406,-0.1119296465292,0.1880669344234,0.0858373980333,0.4519457779613,0.5753874365134,0.2906711164589,0.3632275302284,0.2365573164070,0.2736713012803,0.0864294187995,0.1095390279268,0.6787895523660,0.2702996982891,0.2813105661232,0.6354094216179,1.0000000000000,0.2552971831163,0.2543807169833,0.4809204839816,0.5834325881014,0.5968643025248,0.4165341956571,0.5677949811812,-0.1250477223233,0.1067762622889,0.2157756663081,0.6236772922865,0.6296906194147,0.6239389816154,0.1181689360474,0.0937388369715,0.6191502170447,0.1304583218989,0.6137699844784,0.1099886535713,0.2316938156486,0.0715833157957,0.2905120670224,0.3558922344500,0.3666017664370,0.5798954256243,0.0286067887272,0.1760452251749,0.0317561796970,0.2032784138451,0.1177593538085,-0.1734278018195,-0.1090526635266,0.1729586780733,0.0131291089166,-0.0143075326613,-0.0295803272684,0.1774563475030,0.2393806162876,0.4355547553552,0.4491796571579,0.0589609555155,0.2376600147165,-0.2533746286119,-0.0335612754189,0.0165217991148,0.1472933944107,0.2946341760848,0.2610569931337,0.4389793538536,0.7218096994127,-0.1149489242912,0.1949136690586,0.4844967015881,0.6241460339475,0.3059935056329,0.2775615879085,0.3926006502737,-0.2831716774331,-0.2798121727810,0.4644081782000,0.0837960220328,-0.1091205795071,0.1521614623430,0.2247058413556,0.1183854232932,-0.2874433914796,0.0381550272128,0.2552151512671,0.1548661992994,0.3436799537940,-0.0230370260222,-0.0793923959043,-0.1210865388979,-0.2796753272573,-0.5241586818506,0.0102416770930,0.0824815579364,-0.1052113874623,0.0784381113746,-0.0454194784673
0.0019748414636,0.1455599120102,-0.0197348846508,0.2623435402310,0.0909020122528,0.0196459338749,0.0805355967559,0.2841187317504,0.1298107512601,0.3376253154037,0.2488747876496,0.1836398088491,0.2676994844486,0.2139594720780,0.3446885436721,0.1798436358102,0.4106835025341,-0.0216900276381,0.3369068381003,0.2552971831163,1.0000000000000,0.2722218710801,0.2764603514560,0.3233466127551,0.1281579774904,0.3897594298495,0.4861390764724,-0.0757005247167,0.0816528747574,0.2085870559928,0.2428321329511,0.2368234943622,0.4945553006198,-0.0560287632240,-0.0279657775851,0.3428153590545,0.1255566749043,0.2054300914069,-0.1324862935964,0.0150503604473,-0.0434985126343,-0.0045997983263,0.2343753503210,0.0988505469563,0.1793994545160,-0.0869069065454,0.0524565739636,-0.1669123365248,0.1477301589166,0.1522645504450,0.0887248426403,-0.0128828122166,0.0867753338665,0.0280414323490,0.0359269566047,0.1125477848431,0.1055890160304,0.1244238328004,0.2422457755360,0.1621973047609,0.1535403664893,0.4361859786956,-0.0563851305548,-0.0847132591782,0.1849404621663,-0.0271186390905,0.0682341919157,0.3751425374607,0.1552712249712,0.3548845722104,0.3976587025880,0.4324218156124,0.0539692979740,0.3227195221241,0.3779980890759,0.2843731545624,0.0564018513667,-0.3388430603166,-0.2363716038392,0.1578792143358,0.4355238115275,0.1215222120995,0.0470611743112,-0.1855213399957,0.2201089044797,-0.3103422327857,0.0463236018725,0.1398963713156,-0.0354248033419,0.0136943285704,-0.2445629902985,-0.2286385860452,-0.2492388537854,-0.2318518284321,-0.2737429221406,-0.1328274083764,0.1565327511157,0.4234676146480,0.1471768608602,-0.1174086384202
0.0609734590765,0.3063195932535,0.2394993321057,0.2237026402814,0.1445399649648,0.3031812600228,0.1525920173788,0.1812682972925,0.2107003634930,0.6214504499194,0.4413212914201,0.5359084258767,0.1503216325785,0.2657128850970,0.2379540805302,0.1548690578916,0.0230919139137,0.1708053964514,0.1350512165489,0.2543807169833,0.2722218710801,1.0000000000000,0.5407693694185,0.1690353954122,0.0836007664614,0.3546238403914,0.3332210694200,-0.0725868237154,0.5027538879048,0.1541892059767,0.0856210692009,0.3530317571532,0.2485241306252,0.0527450548456,0.0160671268304,0.1661325652713,0.1337192078869,0.1856692960372,-0.0142244907639,0.2352588115407,0.3290351564382,0.2178559433680,-0.0774911529204,0.1166714471628,0.0998658003842,0.1532125323315,0.2318971945996,0.0416176792818,0.2085546370707,0.1370225139787,0.1269808941018,0.1977679137140,0.2452946258358,0.2514249496309,0.2423782530228,0.1364460382552,0.0450338474203,0.1563604108595,0.1726488950634,0.1288758879653,0.2974929220900,0.3239090889268,0.1859831428247,0.0051420982279,0.2031656192151,0.0380379057987,-0.0394584749271,0.1086152544893,0.0238082212478,0.2074141681734,0.1803806136511,0.5729213217438,0.1186802064223,0.1340045094816,-0.0145515009808,0.1810620417334,0.1136260942695,-0.0403622628677,0.1475513755957,-0.0382657492554,0.0369765096939,-0.0555684195159,-0.0135598196313,-0.0755977959038,0.1342447057783,-0.2445956207424,0.0218454001260,0.0607706364766,0.0106854043272,-0.0117190885620,-0.0647975162985,-0.0293312166128,-0.0150820743619,0.0744847429272,-0.1420792164428,0.0572706317020,0.3714855476662,0.0707316918657,0.2400257635072,0.0792814824588
0.0654516254247,0.1286023449934,0.1686585915127,0.2192810317489,0.1360856776282,0.3047125356719,0.0991153210594,0.1823932199276,0.3126644363864,0.3836071666556,0.5496882056669,0.5593978880205,0.2511435097734,0.2964677290005,0.1837678900937,0.3059923328545,0.1286711447545,0.2528534279988,0.2723695370970,0.4809204839816,0.2764603514560,0.5407693694185,1.0000000000000,0.3214880876110,0.2913840161566,0.5228331821484,0.5635120056978,-0.2532416513656,0.2953997818271,-0.1008959371920,0.2364205044243,0.5349394386417,0.5003559543939,0.0826925905180,0.0657942716525,0.4186987057450,0.2227083639156,0.3269342802629,-0.0067376680067,0.2243277527656,0.1506179986887,0.1873705042039,-0.0384687772164,0.2240509554782,0.2995846209446,0.1959684546912,0.0729373244815,0.1197783838281,0.2399869251425,0.0833368571285,0.0611218355998,0.0900552697023,0.2749754106604,0.0893351497527,0.1230130326677,0.0417930870954,0.0847258747984,0.0796955910323,0.3290224791942,0.1510623143684,0.0973441521789,0.3543894364137,0.0659734012974,0.1000679454927,0.0036209012167,-0.0423627985149,-0.0378956684686,0.2366271940086,0.1575311860696,0.4464314244106,0.1642858267871,0.5716234835406,0.3204456329365,0.4223731692191,0.1007581090675,0.2078439084872,0.5267799543909,-0.1975454859288,-0.0758466282863,0.2065490804049,0.1118902303324,0.1094634907767,-0.1067711287302,0.0059618449483,0.0115508118409,-0.3089323535169,0.1714496394627,0.0190490658467,0.1442461456492,0.0467369763003,-0.0590172558134,0.0046581109264,0.0473634301853,-0.0938151577550,-0.2765593679156,0.0666933408039,0.2867299916677,-0.1096278765388,0.0880502516691,0.1164885973899
0.1800015568792,0.1989340397915,0.2227096844303,0.3218194934568,0.2373812423347,0.3354755998769,0.4275754881168,0.5266784033766,0.6136540955331,0.3968368176103,0.4751596008239,0.2466051789237,0.3171462355991,0.2998925132955,0.3010290580766,0.5553891121819,0.5007436066961,0.3822478405452,0.5381935682068,0.5834325881014,0.3233466127551,0.1690353954122,0.3214880876110,1.0000000000000,0.3171251805830,0.3849028562911,0.5039353090518,-0.0349349859691,-0.0219685772475,0.1635770827755,0.5006521046379,0.4575127035947,0.4360604100914,0.1683164963784,0.3191235156498,0.5898890110475,0.3990917903761,0.5000847399579,0.2355219271316,0.1636827081892,0.1059316047249,0.2430956134209,0.1956954537430,0.2562512326828,0.3534229348761,0.0370504581494,0.1037015422315,0.1401664757864,0.3713038225128,0.0649468126305,0.1783403730648,0.1700471674042,0.3159724904107,0.2219124236903,0.1880138878873,0.2586987392809,0.4081905350008,0.3311423589368,0.4359183053559,0.4981805203736,0.3056352309041,0.4536123017420,-0.0101999448423,0.0657682174876,0.2625781652630,0.0005926041219,0.2323413438079,0.3780658321960,0.4613067308803,0.4071692997866,0.0598909836980,0.2117829883631,0.7823789285910,0.4972582225589,0.2890508679927,0.1265350617023,0.3230389213095,-0.1490649045808,-0.3202698160095,0.5124457155232,0.1692548306074,-0.1065650990916,0.0438695361383,0.0835513092000,-0.0069115803312,-0.3047306846052,0.3517970944510,0.4527903219843,0.0920544605140,0.2592365447996,0.0990678533165,-0.0772597636838,-0.1995632262185,-0.2115543005563,-0.3360284139017,0.1407764615265,0.1683022681758,0.1737813985209,0.1245498693274,0.0203181701041
