1.0000000000000,0.7625156455447,0.6243896780177,0.2000591941879,0.5898323493385,0.2480304038345,-0.0147681031966,-0.0889332066421,-0.2069108372653,0.2079696140441,0.0791016318572,-0.0002274236371,-0.0757094144871,0.8205709143524,0.3182670250625,-0.1595821690639,-0.0738550881926,-0.0117432663511,-0.2004611069155,-0.2966722155393,-0.0897528810720,0.3729763888800,0.0787678990899,-0.1514879438471,-0.1941895795420,-0.1286227876617,-0.1266688310613,0.3781403799706,0.2658712927777,0.6372355170773,-0.1118550960524,-0.1111903768130,-0.0464253293497,0.1037920071532,-0.0761150314689,-0.1978196383237,-0.1602061941555,-0.3246479658709,-0.0558694282390,0.2286564029234,0.4917577129259,0.3131841042557,-0.2900035593494,-0.0844704047855,-0.2786979154873,0.2805495811430,0.2319307949745,0.1692993023497,0.6737927072938,0.0863345433436,0.8085073647185,0.7530564661590,0.0462117428961,0.2733607114132,0.3291508317819,-0.1775297075348,-0.2295327596052,-0.0556142757862,-0.2373249917290,-0.2566208104949,0.0312991737881,-0.0271351257109,0.0205054393493,-0.2483929372570,0.7556358383038,-0.0079758667572,-0.3583183290855,-0.1972271034730,-0.2822815640961,-0.3966889954038,-0.1628887691509,0.1501426545713,-0.2072234320147,-0.1658547033349,-0.4031058722793,-0.3001218592710,-0.2710974765889,0.1021711317748,0.5773450511021,-0.1465597485593,-0.2250472708447,-0.2370690631323,0.6010938420054,-0.3999629071219,-0.2174386781276,0.0594639546001,-0.2104501280670,-0.1717455217416,-0.3785321200064,-0.3570076594045,-0.1092336997309,0.0698252671687,0.0501470759193,0.0519119614526,-0.0377621995810,0.2306755931837,0.6978914120774,0.4331552610066,0.1221073284172,-0.1195573664288
0.7625156455447,1.0000000000000,0.5338098115187,0.0602726714523,0.2759792626455,0.0619491477681,-0.2064361315833,-0.2828174113065,-0.3915727159478,0.2650118276557,-0.0830453737135,-0.1774773913710,-0.1720890194414,0.8354265731745,0.3070093503100,-0.2679140163188,-0.1944909045159,-0.1328952225051,-0.3355389220272,-0.4782710104141,-0.1443762262630,0.4405682229481,-0.1285383900034,-0.3929967531388,-0.2938626785710,-0.2637734876238,-0.3414759702569,0.5090868174152,0.3024420996695,0.8283045961167,-0.2657681921524,-0.2562654151520,-0.1988737994154,-0.0419204208661,-0.2228072704697,-0.3178196703874,-0.3285069403610,-0.3956525051183,-0.2181904418414,0.1926788984201,0.5799766063946,0.1937157959310,-0.3220322433370,0.0337776001357,-0.3006835809543,0.2322066572430,0.1421663756262,-0.0364243288411,0.8221481550995,-0.0111103779815,0.5972777858899,0.7894152623731,-0.2032342180893,0.0818213608122,0.2997972200324,-0.3365778676823,-0.2816174918588,0.0016754867374,-0.2587442225560,-0.3480795770127,0.0064692214458,-0.1206301082545,-0.0603549141436,-0.2698481961566,0.8666134366604,-0.0906110580070,-0.4472600322025,-0.2888052005920,-0.3118840913734,-0.5504269390716,-0.2291227594348,0.1127249443098,-0.4016896249953,-0.3021610943272,-0.4426327580347,-0.2939782530907,-0.4447537812540,0.1272307097024,0.8674554415318,-0.3393516934995,-0.3435240704582,-0.3549668458048,0.7389311157481,-0.4521100473329,-0.1511665288678,0.0010598529718,-0.3747213494131,-0.3073127694585,-0.4335537442805,-0.3857281239033,-0.2272645894665,0.0026926445356,0.0962525843982,-0.0453647539620,-0.0538718895326,0.0549666590186,0.7876744836512,0.5307576534876,0.0341271087838,-0.1632256375823
0.6243896780177,0.5338098115187,1.0000000000000,0.0846488817784,0.4947652317599,0.6635508513628,-0.0379716053676,-0.0837029488544,-0.3113571129875,0.2627928086601,-0.0220682507880,-0.0344748488117,-0.0214131777657,0.4077662169892,0.1156811924473,-0.0911040623477,-0.1617477553666,-0.1187512031203,-0.2346135080712,-0.1894584517039,-0.1103477397919,0.2014709338398,0.0953973761535,-0.1697835280514,-0.0784323685983,0.0484096353388,-0.0316597858544,0.3917944270635,0.0717574284554,0.4631455616053,-0.0763167344312,0.1005715822370,0.0334739602825,0.3385325554293,-0.1037307744971,-0.2204001236534,0.0409547238234,-0.0416723583942,0.0910341306866,0.3567812762808,0.2812283711665,0.2508425892522,-0.1207272837999,0.1277081395096,0.0538573243993,0.2649507755766,0.3535192654982,0.2880598870767,0.4397554780187,-0.0435476484897,0.4093083952318,0.7061051758937,-0.0035188410355,0.6873605292591,0.3805968630366,-0.1652660446188,-0.1101933817070,-0.1991560364601,-0.3820645062919,-0.3433709620968,0.0601499270902,-0.1780503968054,-0.0536618293816,-0.2370137978270,0.4418068700194,0.0814860992486,-0.3600520560930,-0.3455380430719,-0.3654869686566,-0.2640700702359,-0.3015730100318,0.0889917687321,-0.2800056889523,-0.0890500046275,-0.3545950113607,-0.0699744828707,-0.0771979670519,0.3052054356651,0.4035137477180,-0.1845545366321,0.0403006977463,-0.1132698668877,0.4706229428419,-0.2286476878865,0.0267703411999,0.2533071609136,0.0048355600663,-0.1498585616211,-0.2843307307851,-0.0393437758708,0.1347499315219,0.1947384816830,0.2611704458062,0.1025912194293,0.0801684550281,0.3141422195231,0.3869552892238,0.2453014383828,0.1710554801434,-0.1983363360996
0.2000591941879,0.0602726714523,0.0846488817784,1.0000000000000,0.4823886719144,0.2987519636475,0.7932159513768,0.4096187290091,0.4589431851651,0.2771770923931,0.4209174887446,0.3729717248724,0.2751509875374,0.1960539061597,0.6741746849693,0.5670965114813,0.5194666725483,0.4560669961810,0.5906638452342,0.3498049619330,0.4734263917804,0.1085510984692,0.3154308830495,0.4840539526963,0.0722963931837,0.2484725402213,0.3343874706812,-0.1005321460752,0.0539483533656,-0.0874200113085,0.5507833663941,0.2585468146028,0.4407311148980,0.1493253249071,0.6636791975410,0.5568605107628,0.2828189236822,0.1549030963386,0.5027885825503,0.2122146433994,0.1061192329885,0.4213672460085,0.3828754824237,-0.1732968666576,0.0274983259469,0.0814787430361,0.0965243389466,0.3900005933650,0.0778103580433,0.5422738696715,0.3313481019439,0.2049599814524,0.7144530690102,0.2823661580537,0.4346971800614,0.7403877755653,0.1491680652438,0.1099640212673,0.3162855038568,0.4167924868819,0.1322165547463,0.3346013992962,0.1980566557434,0.1714015035868,0.1667363453343,0.3255558669716,0.4552471152408,0.4650867459545,0.4289722526032,0.3235100649430,0.1958008230469,0.1308953040303,0.4477878683811,0.2399429838553,0.0838025686577,-0.1415596652712,0.1718374936498,-0.1142034007071,-0.2097627560306,0.5399267944634,0.0703971444571,0.2896748534585,-0.1553434732399,0.1121700236225,-0.2615685014443,0.0045579662367,0.2259228248559,0.6158565481488,0.1265294444987,0.0156954938128,0.2750209714267,0.1451828827583,-0.0981494142126,-0.1080416661088,-0.0112869119557,0.2973426424551,-0.0266641160696,0.0741062789466,0.2654845194339,0.2968847876627
0.5898323493385,0.2759792626455,0.4947652317599,0.4823886719144,1.0000000000000,0.6046802849769,0.4336792460487,0.2682726958437,0.1111896231358,0.3093232059471,0.3209052850470,0.2049056298747,0.1249626262597,0.4484460033826,0.4147274610322,0.1506215223257,0.2907397778245,0.3426988126560,0.1294488830730,0.0753965004886,0.1958382366775,0.4307776140948,0.2481017348076,0.2106427043945,-0.0090137269423,0.2033864685497,0.2106662452615,0.2362852141621,0.2757573901435,0.2135350820579,0.2912126035101,0.1576210516102,0.3088385278053,0.2142609926634,0.2759508964193,0.1176955755055,0.2531487095263,0.0015432300339,0.3589017892226,0.2656362622758,0.3889756865578,0.4366158363958,-0.0135496425905,-0.1270478083620,-0.0740336323332,0.2733827701597,0.3743605326703,0.5180003358926,0.4294685101586,0.3556452515816,0.6749086579476,0.5362984598667,0.4161640273255,0.5505139660172,0.6387512238753,0.2448390728735,0.0212659659808,0.0409780645824,0.0509055915837,0.0666052694128,0.1458463119870,0.2096021186442,0.0735857450086,-0.1013593663269,0.3644327686225,0.0540418377685,-0.0981848535839,0.1702186970367,-0.0092767500551,-0.0271959622690,-0.0534654277989,0.1771710882320,0.1459188048761,0.0618030307952,-0.2834222130350,-0.1660817561598,-0.0039164528068,0.2119407080166,0.0770432640194,0.1732463717751,0.0304211863541,0.0609332799529,0.1392891853877,-0.2857550143578,-0.1585121593757,0.1934722985793,0.2145642898117,0.1940154653310,-0.2072576831957,-0.1837515736655,0.2785174957851,0.0724903006863,0.0545342322754,0.1930333640063,0.0130262671947,0.4634129929338,0.3605119554357,0.2907741694994,0.2350729440992,-0.0421228131110
0.2480304038345,0.0619491477681,0.6635508513628,0.2987519636475,0.6046802849769,1.0000000000000,0.3671341310218,0.2350478825303,-0.0076960959965,0.4916963917276,0.2815518848048,0.2429358045892,0.2635352870774,0.0260154632748,0.3226095042715,0.2628544051586,0.2356970974400,0.1831136404075,0.1244116935896,0.1612613901132,0.1576096916531,0.1955979001274,0.3102405580916,0.2591890240078,0.0844801767928,0.2664015102303,0.3200706153134,0.1008743137171,-0.0601069529711,0.0230864118598,0.3311537104482,0.2993974732575,0.3864274548955,0.2933775621371,0.2896617023535,0.0716486115723,0.4698134773854,0.2530346069627,0.4997763457328,0.3281905141886,0.0698637661868,0.2999408275540,0.1928842181107,-0.0208368158921,0.2161804160232,0.2192988340451,0.3704311036547,0.6181491621616,0.1615005924475,0.2744467894657,0.2039486265562,0.2935133282194,0.2983936262945,0.8366069974646,0.6549488156668,0.2065059054598,0.1734302245574,-0.1440642570785,-0.1481702884297,-0.0546616533266,0.3563741564776,0.0985292876725,0.1855054808391,0.0718628838138,0.0942635012544,0.3036031581691,-0.0079081991773,0.0696985208434,-0.0516125472387,0.1064800012481,-0.0159952660274,0.2085252329083,0.1633203339126,0.1853542924369,-0.1363967831192,-0.0799901542627,0.2406936901002,0.1794219685706,-0.0486477906934,0.2519502840395,0.2079469017842,0.2550554968890,0.0318252260945,-0.0214433850345,-0.0509696367891,0.2366475900507,0.4896857697105,0.2705720194587,-0.0397706247122,0.1561370911722,0.4959887302010,0.1911394790764,0.1217870722458,0.1280224444806,0.1408153313691,0.5777424857538,0.0555149451345,0.1057710246879,0.2556594504264,0.0393570377347
-0.0147681031966,-0.2064361315833,-0.0379716053676,0.7932159513768,0.4336792460487,0.3671341310218,1.0000000000000,0.5270111053450,0.5667092450448,0.2656340772830,0.5350406766757,0.4114312266311,0.3802228064035,-0.0080199652700,0.5383784554101,0.7096509075662,0.6225645791750,0.5658956325761,0.6870526164474,0.4788385896046,0.5021609487757,0.0505930947450,0.3054135613343,0.6080340079159,0.1425659250936,0.4060631279706,0.4814984649674,-0.1225758465321,0.0326563374591,-0.2159115426353,0.7016772096814,0.3630963552490,0.4552324314596,0.2681347366899,0.8207484115797,0.6520040558071,0.4833509389175,0.3809418243446,0.7055957052563,0.2164305987639,0.0286789896923,0.4070756496507,0.5360328379450,-0.0170021893358,0.2050991429415,0.0802656848873,0.1435542936887,0.5664220634194,-0.0643403457609,0.5625495678595,0.2106115548320,-0.0152148785513,0.6293477595455,0.3256658404131,0.4399435346579,0.8263207119252,0.2253112747277,0.1336000156820,0.3917729435845,0.4754071347587,0.1068803610312,0.3890882433555,0.1666502247927,0.2852728127116,-0.0914013961970,0.3431325251938,0.5735947204484,0.5754847429304,0.4887346691035,0.4439310987891,0.2036704399905,0.0162606214925,0.5505746074242,0.3408460694995,0.1690615311702,-0.0048244057208,0.3455635144164,-0.0195254070672,-0.3645135816802,0.6302600801661,0.1302120933282,0.3440398766979,-0.3246605192713,0.2391488423668,-0.1544432842435,0.0878210357100,0.4273913748013,0.7409009695569,0.2542132985349,0.2192546105650,0.4786091054615,0.1745837952336,0.0296672818272,0.0544613103686,-0.0292859425099,0.4233157897495,-0.1447133626067,-0.0757366070141,0.2124504984280,0.2480430190115
-0.0889332066421,-0.2828174113065,-0.0837029488544,0.4096187290091,0.2682726958437,0.2350478825303,0.5270111053450,1.0000000000000,0.8374151762190,0.2681555814004,0.6595527561784,0.5767391884900,0.3674650658075,-0.1186764768156,0.2253510520316,0.5846028079468,0.7311627901296,0.8572035884442,0.6842262094822,0.8414615846791,0.6148294428651,0.1648488607403,0.5045623511055,0.7493310002074,0.5944045109507,0.4711685357705,0.6959094819804,-0.1139439905616,-0.0105056904460,-0.2642429555449,0.7395416110676,0.3713009660316,0.6195488425519,0.0751891748939,0.6173843169474,0.4360478799166,0.5834984950307,0.5073840739162,0.4952752499424,0.1503555786785,-0.0312518845834,0.3182785697653,0.3812316719788,-0.2023890408436,0.3937404783212,0.1234037624470,0.2053388604709,0.3338106728482,-0.1523458610960,0.4571867196477,0.0247223753645,-0.0695236860471,0.4828577423837,0.2412265502879,0.2308011859916,0.5208126681931,0.5414182354243,0.4720407842477,0.6932854438001,0.7859146711351,0.2374791791403,0.6380385193577,0.2441305318961,0.2175694362113,-0.2037502071060,0.1462811626127,0.4120022423944,0.7352334915464,0.5938646785303,0.7734108874111,0.3174390689101,0.3571725780016,0.7280460443913,0.7147622168299,0.2075173205575,0.0765297229325,0.5591082311463,0.0701902667815,-0.3129357092522,0.6507399706321,0.2684926228623,0.4790271629840,-0.3142411967156,0.1045515953718,0.1820667804781,0.0876584424879,0.4321328044852,0.5279192770879,0.3133681548981,0.2715412933502,0.3746508318671,0.1206007535740,-0.0663104997519,0.0729350550269,0.1363731677516,0.2662950074448,-0.2051266569785,0.0103224040980,0.3250692906101,0.1455901757123
-0.2069108372653,-0.3915727159478,-0.3113571129875,0.4589431851651,0.1111896231358,-0.0076960959965,0.5667092450448,0.8374151762190,1.0000000000000,0.1327082044656,0.5862909097140,0.5006350868268,0.2516346608424,-0.1794681604328,0.2014307829380,0.6409009708085,0.5924722326438,0.6975098842483,0.7558882604545,0.8110293184255,0.5886568060981,0.0021644812309,0.4504433863300,0.7595082946289,0.5602218458149,0.4523971815414,0.6588771909230,-0.1628315473403,-0.0500306703044,-0.3388034582014,0.6602844929459,0.3734146331316,0.4698053792075,0.1242513611218,0.6465372377809,0.6375767432330,0.4589165746118,0.4664523812521,0.4258421381177,0.1440249413446,-0.0843823628597,0.3085370300483,0.4367221118239,-0.1070406224298,0.3397171334760,0.0636483348044,0.0998903428904,0.2323720083386,-0.2870879595979,0.4534926394842,-0.0464675265658,-0.2282339900894,0.4994735294222,0.0270137187715,0.0587693418193,0.5977497783680,0.4503934285878,0.4806798384894,0.7680502536647,0.9306949105130,0.1045298962332,0.6017614857567,0.1132516413241,0.1797508879373,-0.3143214109244,0.1225149725919,0.5811103245850,0.6987454085476,0.7200609979208,0.8004374407723,0.3520716976192,0.1877590323526,0.7851125283650,0.6811090575464,0.3753892951592,0.1351765400184,0.5655868728235,-0.0235853863410,-0.4452742047752,0.6447228175858,0.2235157936679,0.3909890370856,-0.4100564085642,0.2824507827534,0.1399027607547,0.0347589029246,0.3179048808794,0.5629326549133,0.4306555496277,0.3232619164909,0.2388944768743,0.1601308118005,-0.0498976969357,0.0512137252541,0.0072657043368,0.1295319489819,-0.3222032053253,-0.0899464749860,0.2677833851898,0.1764773389783
0.2079696140441,0.2650118276557,0.2627928086601,0.2771770923931,0.3093232059471,0.4916963917276,0.2656340772830,0.2681555814004,0.1327082044656,1.0000000000000,0.5367448263276,0.4753726485110,0.3298459735231,0.2556309807333,0.6239461878175,0.2705449117852,0.4617474845160,0.3305811431613,0.1714782516163,0.1845106495576,0.4594450447146,0.6253639902252,0.4890679515967,0.3462477889946,0.2097685862441,0.2429765006128,0.3964344375727,0.1528274053359,0.0230046139393,0.2762972521894,0.3939605586123,0.3139982186900,0.5737300370620,0.1125564269070,0.2789203038080,0.0548662816072,0.4265610397516,0.1168016375047,0.3039556812584,0.3937133067872,0.3331505813046,0.4642435766881,0.2178412090621,-0.0286732253937,0.1299276105092,0.4719993041660,0.4409136187941,0.3704420774928,0.4061384968575,0.6209511907880,0.1992108422758,0.2260469913960,0.1911967176653,0.4093483171562,0.5967430005093,0.0535560705732,0.1699896797878,0.1954942202690,0.0866794821233,0.1036528433021,0.6980974913747,0.4514081925823,0.4181745822766,0.1396002942218,0.3217617455766,0.2060208029618,-0.0272777755185,0.2812331082108,0.1150587384967,0.0753584947628,0.2883400863845,0.5793517331632,0.3417764638478,0.3339761091522,-0.0837147683711,-0.2536391594957,0.2065675435489,-0.0257020339654,0.1747386266535,0.3181317341471,0.1622015722164,0.3184995456080,0.1526528670663,-0.1800561755244,-0.0424547712145,0.0253249059673,0.3531939366932,0.2237055500925,-0.0756027375713,0.0346407000943,0.2128347335167,0.1895523409726,0.0375949180128,0.0637195088235,0.1137779088712,0.3767269660214,0.2202428354084,0.4179300905930,0.3225044741345,0.2675100209137
0.0791016318572,-0.0830453737135,-0.0220682507880,0.4209174887446,0.3209052850470,0.2815518848048,0.5350406766757,0.6595527561784,0.5862909097140,0.5367448263276,1.0000000000000,0.7771910243415,0.4878112932568,0.0837387948034,0.4977071880210,0.5508161692112,0.6105853490731,0.6517570278795,0.4313409342158,0.5802225665333,0.6758386101569,0.3942384365867,0.6883566477448,0.6381602372016,0.4000432133882,0.3792021853509,0.6781455942471,0.0498298258489,0.1678593205071,-0.0267177654032,0.6171644678908,0.4490665619750,0.6089795897323,0.1782037507646,0.5291514684182,0.2311971662061,0.6097818218296,0.3216129579351,0.4554113069906,0.3619721246330,0.1994104373828,0.5175560308514,0.4202976500447,-0.1432596784436,0.3524635405461,0.3689153308704,0.3540712320214,0.5364376729218,0.1179533496326,0.7029916127875,0.1587059164265,0.0399451038038,0.4436043756219,0.2604750262215,0.3912654760237,0.3477221060311,0.4097969800506,0.3099679248512,0.3496749553077,0.5166492126075,0.3518083059207,0.8238134753243,0.4536051169892,0.2441686322856,0.0052388749534,0.2222833925313,0.1938135072373,0.5528641255552,0.3160294140409,0.4765669988729,0.2676914534381,0.5226666899635,0.6189934631487,0.5515947201839,0.0775096959915,-0.1151775217749,0.4942902955159,0.0944224468837,-0.1260880821844,0.5166287870480,0.2612190420001,0.4012447702543,-0.1672692702863,-0.0651251751086,0.1177261920059,0.1129223166002,0.4639269711258,0.4204166101126,0.2058018660316,0.1584709064216,0.3903403045367,0.2628818164896,-0.0133543694495,0.2077259326030,0.1435106689953,0.4835127092585,0.0134514306674,0.1705620608370,0.3614474376962,0.2729963875756
-0.0002274236371,-0.1774773913710,-0.0344748488117,0.3729717248724,0.2049056298747,0.2429358045892,0.4114312266311,0.5767391884900,0.5006350868268,0.4753726485110,0.7771910243415,1.0000000000000,0.4974029077599,-0.0490736074363,0.4089741475287,0.3710652417243,0.6042902980935,0.4836302809691,0.3779663833660,0.4818614488830,0.6302692822831,0.1878971053277,0.7682965607009,0.5336061301463,0.3479187406919,0.2236918801351,0.4770342382353,-0.1672709492130,-0.0349071321046,-0.1960983866478,0.4423370327974,0.3740665334907,0.5354300560694,0.1088805357752,0.4268213799699,0.1927174819056,0.4177614330517,0.1636718809612,0.2912982861870,0.1781345691555,-0.0381522657605,0.4141220197124,0.2733036231961,-0.2386194581274,0.2159749799590,0.2136139036352,0.2302364546889,0.3445339237125,-0.0938210894543,0.5901540555562,0.0074443457496,-0.1106780002083,0.3868521142005,0.2632473230771,0.2262089607894,0.3088418434451,0.3376247118293,0.3117356069811,0.3540834826354,0.4440141632092,0.3600278320640,0.6910816170256,0.6454717520298,0.3394727242429,-0.0986723352410,0.2294487421346,0.2295507084113,0.5210642380858,0.2770609222903,0.4585163493447,0.4683681314611,0.5402793300386,0.5353486499215,0.4573972605581,0.2261380432393,-0.0841939697565,0.3641138864405,-0.1099705963206,-0.2218477089413,0.4535349716632,0.2850061323014,0.4253116558562,-0.2694128356531,0.0407060619397,0.0487328648220,0.0313842611271,0.3160349715420,0.3383741993785,0.2520590758915,0.0272705738869,0.1938100286360,0.1403375759463,-0.1456061517079,-0.0264624724808,0.1425280555679,0.2516800342003,-0.1850314753608,-0.0268799380498,0.2784549801154,0.3351355709792
-0.0757094144871,-0.1720890194414,-0.0214131777657,0.2751509875374,0.1249626262597,0.2635352870774,0.3802228064035,0.3674650658075,0.2516346608424,0.3298459735231,0.4878112932568,0.4974029077599,1.0000000000000,-0.1318997118650,0.2735889481980,0.3787325776919,0.5320874944023,0.3299442755519,0.3002206319727,0.3145704437656,0.2454352360126,0.1044394312974,0.2999955559100,0.3613207721967,0.2337957685162,0.1803585869788,0.4151688145597,-0.1049698337166,-0.0084694511117,-0.1501544990065,0.4203737828195,0.2046733634064,0.4850539713991,0.0248384090353,0.4441094949640,0.1845529638390,0.3939843068183,0.1976500552896,0.3561546375347,0.0818493244227,-0.0442539761361,0.1889336238423,0.3227242936115,-0.0879353017695,0.1809259908091,0.0690266092212,0.1058148059431,0.2321896526789,-0.0553137389903,0.2749420240455,-0.0083698758724,-0.0842688107178,0.2183492087386,0.2526802543185,0.2337419087502,0.3026965685802,0.6569628661375,0.2891584940274,0.2002897342775,0.2636944242854,0.3233801590128,0.5131625179203,0.6582718753542,0.8588534144147,-0.0660198912885,0.3814156841447,0.2633194769820,0.4798239143896,0.2149652818864,0.3367449243533,0.1722829922403,0.2324534879431,0.3349474181890,0.3548670865052,0.1372128700633,-0.1295403443115,0.3469048693597,-0.1001223295460,-0.1500984092248,0.4044979074100,0.1169625178632,0.4063766551029,-0.1566480210045,0.1467412533736,0.0676299585360,-0.0294439097858,0.4102521077650,0.3392603943108,0.2263354843187,0.1633600062938,0.3450579672696,0.0504620401223,0.0259677082732,-0.0239303896821,0.1945701544180,0.2253024491771,-0.1177624946203,0.0660394145136,0.2634504255215,0.2283758044213
0.8205709143524,0.8354265731745,0.4077662169892,0.1960539061597,0.4484460033826,0.0260154632748,-0.0080199652700,-0.1186764768156,-0.1794681604328,0.2556309807333,0.0837387948034,-0.0490736074363,-0.1318997118650,1.0000000000000,0.4350848970868,-0.1713171753474,-0.0680732078533,0.0437318669732,-0.1916207162752,-0.3452483329776,-0.0203478232235,0.5103961576658,-0.0151595824787,-0.2193558589039,-0.2125929091282,-0.1188591158669,-0.1928514050822,0.4963576069099,0.4094739239249,0.8392041046069,-0.1229740052423,-0.1596043103552,-0.1200132645456,0.1486107587627,-0.0842167287403,-0.1673133748676,-0.2179933899451,-0.3657383916027,-0.1103419943356,0.3003780112409,0.7164258104588,0.3874411213913,-0.2783452051480,-0.0004463599398,-0.3623528461906,0.3261019038248,0.2345496699050,0.1186135492928,0.8217771910197,0.2295038802816,0.7656666594333,0.7494388308580,0.0079153056258,0.0559092511649,0.3072469921787,-0.1801628331355,-0.2718519682396,0.0927475729895,-0.1063766610217,-0.1825731165321,0.0059431144686,0.0340238705044,-0.0698589272149,-0.2899979185430,0.8550820056742,-0.1296903474822,-0.3624642418613,-0.1754067152763,-0.1987411638191,-0.4762806970902,-0.2145593571431,0.1310049011904,-0.2679097332988,-0.2337746738389,-0.4405276490919,-0.2110934612605,-0.3453361594648,0.1375304723368,0.7091808757760,-0.2355489437046,-0.2348716112842,-0.3619949010443,0.6929589054104,-0.4850329529026,-0.1689276479564,0.1189825174430,-0.3077773743501,-0.1835911103456,-0.4306600562441,-0.3633093887503,-0.1653474727716,0.1467792839164,0.1078718408447,0.1048848862444,-0.1244519463882,0.1675041128460,0.7838753538418,0.5203133652013,0.1481253381606,-0.1452246756849
0.3182670250625,0.3070093503100,0.1156811924473,0.6741746849693,0.4147274610322,0.3226095042715,0.5383784554101,0.2253510520316,0.2014307829380,0.6239461878175,0.4977071880210,0.4089741475287,0.2735889481980,0.4350848970868,1.0000000000000,0.4258793463023,0.4652321716276,0.3788323456347,0.3271553995415,0.1381826753921,0.4859253704867,0.4921371651743,0.4356955436578,0.3625471640757,0.0359338513491,0.2274770735304,0.3129790473278,0.0972017080136,0.2065786594106,0.3046080240614,0.4649610845859,0.2901459428355,0.4719252826560,0.1599137243471,0.4507209604539,0.2119925371639,0.2783308621401,0.0433416924997,0.3811588487286,0.3971266143747,0.4354203228173,0.5070359426942,0.3669515917114,-0.0582934362985,-0.0543273895671,0.3904720153087,0.3213181969478,0.4228058828237,0.4383460800601,0.6876568631610,0.3764467715456,0.2516002213510,0.5003723151827,0.2560534657806,0.6025867093290,0.2983212098652,0.0379705954576,0.0869734452149,0.1268412772356,0.1574585380181,0.3097965313201,0.3910560205090,0.3203129264027,0.1421160219272,0.4533279834965,0.4047679963441,0.1559222197481,0.3533613122233,0.2297503099057,0.0252463671124,0.2406486589664,0.3779609264494,0.3246961572790,0.1439251739959,0.0116923019902,-0.2382395258678,0.0967169515874,-0.1623642853746,0.1245106163692,0.4168419858879,0.0521658024014,0.2649943863854,0.1653283248997,-0.0911021976647,-0.2487081161502,-0.0069515085591,0.2029157424241,0.3836146355149,0.0918087029692,-0.0244933013431,0.2232172265701,0.2133657690770,-0.0032864642385,-0.0292828041253,0.0061992988315,0.4021076710790,0.2847111224612,0.3518885884188,0.2511252531880,0.4024844213182
-0.1595821690639,-0.2679140163188,-0.0911040623477,0.5670965114813,0.1506215223257,0.2628544051586,0.7096509075662,0.5846028079468,0.6409009708085,0.2705449117852,0.5508161692112,0.3710652417243,0.3787325776919,-0.1713171753474,0.4258793463023,1.0000000000000,0.5448148492861,0.5557670270645,0.7897841366602,0.6529317736747,0.5200586667767,0.0606777434806,0.4396019604538,0.7493680305631,0.3273153922361,0.5122269441734,0.7001705212933,-0.0849081530771,0.0843558398959,-0.1946772964863,0.8735316131274,0.4985412964852,0.5244436684904,0.3012139317870,0.8566617381080,0.6352121464105,0.6246667925796,0.6344369310676,0.7229117334579,0.2979637899195,0.0306675177602,0.3608369077955,0.8435011630690,0.0636214227095,0.4850674631690,0.2032025264809,0.1789251982082,0.4233824520787,-0.1257668559588,0.4458266179431,-0.0694162452668,-0.1830761387826,0.4703711550929,0.1712160913640,0.2963202936530,0.6407377595209,0.3589810554689,0.0559422944373,0.3626168346115,0.5851986235584,0.1192362932422,0.4277202618203,0.1305392374881,0.3064398478531,-0.2082053209417,0.4506087790362,0.6970017416783,0.5415099730332,0.6333878620297,0.5945545751173,0.2234973784555,0.1250144385308,0.6689509066477,0.5250536656294,0.3718888934932,-0.0256761440164,0.5876097073479,-0.0150199380950,-0.3260213628882,0.7768591223721,0.1676236138773,0.4549185591426,-0.2889479000211,0.4315703627368,-0.0102853176421,0.0681004183115,0.5381344142891,0.7973207709974,0.4870825415534,0.4555252397406,0.5131959693531,0.2707866073468,0.0529434447170,0.0936259341582,0.0524388471640,0.3482205183742,-0.1926788098229,-0.0272147347288,0.2392441234584,0.2888117984056
-0.0738550881926,-0.1944909045159,-0.1617477553666,0.5194666725483,0.2907397778245,0.2356970974400,0.6225645791750,0.7311627901296,0.5924722326438,0.4617474845160,0.6105853490731,0.6042902980935,0.5320874944023,-0.0680732078533,0.4652321716276,0.5448148492861,1.0000000000000,0.8190731316063,0.6737902610121,0.5997902565460,0.7413775991457,0.2765575317042,0.4584434145368,0.6774835025462,0.4190658144182,0.3650155182761,0.5708541439526,-0.2284037476066,0.0059435507532,-0.2574322861572,0.7647776117009,0.3177061830433,0.7062935520246,-0.1077989737557,0.6721442218796,0.4985146833188,0.4744405878127,0.2886541428363,0.4867109832209,-0.0040678112239,-0.0667597760647,0.2196260599504,0.3605942913567,-0.2276417300264,0.1516407530041,0.0381120363036,0.1007348593005,0.2839955399696,-0.0573968167280,0.5317004962939,0.0551599980996,-0.1104596512875,0.4426896614787,0.1983982938466,0.3667391252300,0.5322952995795,0.4200622724258,0.4350223009708,0.6034348398541,0.5380395711557,0.3880592975865,0.6022884953586,0.4526877482787,0.4500511523512,-0.0581345832894,0.1627550768789,0.4510127073595,0.8430685753105,0.5626706869427,0.5566219656005,0.5392691692401,0.3859331784580,0.6853220702491,0.5990270758198,0.2212972836071,-0.0981251834833,0.4217414594372,-0.1902777292678,-0.2408966559547,0.7105825741045,0.1556488331466,0.5895710321662,-0.3320497983370,0.0669198597381,-0.0950129048323,-0.1354205268062,0.4012490978825,0.6148460544700,0.1963715320650,0.0537398479780,0.2991609643092,-0.0554772667217,-0.1571927722306,-0.1485594150969,0.0613241945645,0.2298056899117,-0.1168588856473,0.0128478629915,0.1592277575320,0.2693289186671
-0.0117432663511,-0.1328952225051,-0.1187512031203,0.4560669961810,0.3426988126560,0.1831136404075,0.5658956325761,0.8572035884442,0.6975098842483,0.3305811431613,0.6517570278795,0.4836302809691,0.3299442755519,0.0437318669732,0.3788323456347,0.5557670270645,0.8190731316063,1.0000000000000,0.6155205104263,0.7212600313938,0.6389857907803,0.3214860420150,0.4311641614580,0.6923106995127,0.4753278777136,0.4025765131433,0.6284920463834,-0.0656040464959,0.1124552700357,-0.1313890707353,0.7769358897952,0.3185473886669,0.6761722349798,-0.0433387024603,0.6092657313170,0.4086091925291,0.5613557161707,0.3746434321578,0.5142873918302,0.1038407386633,0.1036374671833,0.3091921806806,0.3198743398082,-0.2317502436541,0.2678804794915,0.1138321504257,0.1708174158009,0.3848252170254,0.0376703384588,0.5333996860132,0.1367251900768,0.0319636798672,0.4576531345840,0.1779955761446,0.3671185027378,0.4785568958151,0.4257818826028,0.5224810640519,0.6847255449625,0.6635465276336,0.1938038370159,0.6371070664720,0.1648801538658,0.1809304336216,-0.0380230798870,0.0506219847270,0.3204856925113,0.7992982713714,0.5500785566263,0.6264283902317,0.2736993459661,0.3622227912359,0.6824946981331,0.6316283136240,0.0800861236476,-0.0522867229941,0.4395954502421,0.0505737073153,-0.1837810928628,0.6490908521137,0.1748978539765,0.4765996728997,-0.2282193034286,-0.0548340459406,0.1180546261266,0.0255424922570,0.4271141345208,0.5052202066225,0.1486910669798,0.1689756712729,0.4117311987049,0.0381162467560,-0.1053780286124,0.0473311718606,0.0926635984365,0.3397426656765,-0.0210036518497,0.0980976154963,0.2149318394825,0.0915180211887
-0.2004611069155,-0.3355389220272,-0.2346135080712,0.5906638452342,0.1294488830730,0.1244116935896,0.6870526164474,0.6842262094822,0.7558882604545,0.1714782516163,0.4313409342158,0.3779663833660,0.3002206319727,-0.1916207162752,0.3271553995415,0.7897841366602,0.6737902610121,0.6155205104263,1.0000000000000,0.6600607405704,0.5362331647066,-0.0442277191760,0.3290619726185,0.7364990531367,0.4011495798170,0.3437062301778,0.5402757411024,-0.3407760924789,-0.0861906432479,-0.3548311633669,0.7911426965255,0.2779084384501,0.4832113103883,0.0547501807301,0.8111681945814,0.7656214022039,0.3825725900578,0.3969300531459,0.5062722705456,0.0023705651636,-0.1469971212988,0.2725883412121,0.5663304757953,-0.1661775151367,0.2191154948162,-0.0452753232998,-0.0210348100748,0.1957902437659,-0.2399335690992,0.4203636325942,-0.0460985899475,-0.2398298125788,0.4573775210193,0.0591960153791,0.1775562344638,0.7049026572446,0.3589719103492,0.2149184209257,0.6100049597910,0.7196454804735,0.1648340313724,0.3697017308026,0.1722826309743,0.3243098175417,-0.2188645724033,0.2699550735863,0.8466402607407,0.6729022022474,0.8575940700933,0.6772919628258,0.4010201381001,0.1053956436490,0.7198709553699,0.5565657572977,0.4429010868405,-0.0051684412820,0.5100722808404,-0.2109006569907,-0.3969050928311,0.8179625255434,0.0976553517312,0.5058935519562,-0.3695342412054,0.4152706069622,-0.1218419916628,-0.0601682774379,0.3329652732088,0.8290055753328,0.3648119338264,0.2291105306732,0.2407049423793,0.0637741489756,-0.1210919997025,-0.0850174906364,0.0606702185764,0.0969426037767,-0.2759278836507,-0.1075961405235,0.1787461454972,0.3281839918313
-0.2966722155393,-0.4782710104141,-0.1894584517039,0.3498049619330,0.0753965004886,0.1612613901132,0.4788385896046,0.8414615846791,0.8110293184255,0.1845106495576,0.5802225665333,0.4818614488830,0.3145704437656,-0.3452483329776,0.1381826753921,0.6529317736747,0.5997902565460,0.7212600313938,0.6600607405704,1.0000000000000,0.5858734109533,0.0350813045546,0.5178025989263,0.8401571244020,0.7019476456618,0.5634638113502,0.7966172159982,-0.1686997882554,-0.0699769802536,-0.4056771481118,0.7436628784971,0.4885102227326,0.6545912333109,0.1516943072902,0.5827671849139,0.4696630845225,0.6579946049869,0.6793477394042,0.4712198484191,0.1877208264640,-0.1372999114394,0.2033342480545,0.5006970730065,-0.0866471283937,0.5529032263713,0.1099574550456,0.1554100873098,0.3304844995640,-0.3144598152045,0.3673095188071,-0.2020611622574,-0.2582256373398,0.5087720550977,0.1688630897898,0.1185541575116,0.5048065026577,0.5442447283940,0.3461099614935,0.5898594246966,0.7628580818001,0.1620368958266,0.5640075549032,0.1175151885827,0.1867862333927,-0.4055125127462,0.1646823054921,0.4727671904315,0.6583010836881,0.6078476684745,0.9019772941248,0.3002238886039,0.2909148219544,0.8091282605216,0.8147589751898,0.3674421185461,0.1550038258706,0.6867538415862,0.0632468261367,-0.4869333548205,0.6951309642155,0.3538046706618,0.5232406662708,-0.4668334701029,0.2437631062918,0.2705903231785,0.0739477997358,0.5085765002201,0.5707614493123,0.4396183770115,0.5192810274483,0.3777848605491,0.1929576237511,-0.0250711924323,0.1037083585801,0.0385344679058,0.2777665848094,-0.3776741301753,-0.1204078579968,0.2274750836754,0.1775639484507
-0.0897528810720,-0.1443762262630,-0.1103477397919,0.4734263917804,0.1958382366775,0.1576096916531,0.5021609487757,0.6148294428651,0.5886568060981,0.4594450447146,0.6758386101569,0.6302692822831,0.2454352360126,-0.0203478232235,0.4859253704867,0.5200586667767,0.7413775991457,0.6389857907803,0.5362331647066,0.5858734109533,1.0000000000000,0.3598960927501,0.6077535192749,0.6575679509083,0.4396842573682,0.5242121146484,0.5939775028807,-0.0554720645788,0.1180570876031,-0.1163416856935,0.6478109352390,0.4905076333032,0.5828511778670,0.0686754966668,0.5418230293738,0.4168681658537,0.4522732882427,0.3296746716921,0.3629236943924,0.1787640931784,0.0549764369573,0.2857663404720,0.4917327054302,-0.0683975074417,0.2487373317165,0.2518685152553,0.2601814973134,0.2916837851951,-0.0188443160317,0.6539328464512,-0.0443935508561,-0.0692862807200,0.4517647451306,0.1662720683333,0.2800657709295,0.4248731658747,0.2343604367454,0.2813934017276,0.4867130603614,0.5141777119866,0.3038128925383,0.6213269308451,0.3119478477396,0.0881717025826,-0.0671779539815,0.0769740215979,0.2794994812711,0.5794473596294,0.4662093624927,0.4849852388867,0.5022512211204,0.5115496524354,0.6463841813415,0.5525219268638,0.2619255871611,0.1243752886658,0.4295171646987,-0.0772570641693,-0.1990400033503,0.5387121481817,0.3496138824790,0.4408096093338,-0.3394484931325,-0.0065175104550,0.0464343426186,-0.0640506418205,0.2904071156383,0.5287811867150,0.2777659232820,0.0627083008157,0.1762098477177,0.0906606344506,-0.0669163707636,-0.0562043342903,-0.0270720316967,0.2151527431623,-0.1415712642861,0.0417194700577,0.2009244820480,0.2960011693593
0.3729763888800,0.4405682229481,0.2014709338398,0.1085510984692,0.4307776140948,0.1955979001274,0.0505930947450,0.1648488607403,0.0021644812309,0.6253639902252,0.3942384365867,0.1878971053277,0.1044394312974,0.5103961576658,0.4921371651743,0.0606777434806,0.2765575317042,0.3214860420150,-0.0442277191760,0.0350813045546,0.3598960927501,1.0000000000000,0.3403040914938,0.1485997708629,0.1408913492544,0.2404248526917,0.2667075535941,0.4654407281321,0.5625086252687,0.5309880052163,0.2218503226303,0.2214979844581,0.3939321583039,0.0392418406152,0.0563981191160,-0.1803819520196,0.1863770451914,-0.0042043570571,0.0839615483273,0.3699226016891,0.6796509198505,0.2763393088827,0.0282487867992,0.0325055852652,0.0296863091660,0.6492419928252,0.5118712726017,0.2157499326001,0.6735331872138,0.3546556051282,0.3642798581763,0.3816518143460,0.0908025666825,0.1337224607762,0.5439305392554,-0.1613426214177,0.0305828263359,0.1957223789753,0.0593184231234,0.0110484064299,0.3477906974567,0.3638188405043,0.1957552579365,-0.0926652422480,0.4855563172972,-0.0215579440266,-0.3237053030435,0.1455572910538,-0.0016936924788,-0.1417891632928,0.0948153340418,0.5678182460607,0.1250627515847,0.1553814121323,-0.2232028690595,-0.1195988912967,0.0309582817238,0.1659916015867,0.4228172630461,0.0832289725449,0.1121243265075,0.1144520850956,0.3164649999201,-0.4441107380577,0.0835325031592,0.0263976824699,0.0476311862047,-0.0395695363235,-0.1507961500728,-0.1236920769477,0.0573505273261,0.0980781506978,0.1004493378488,0.2108139225765,0.0751586273580,0.2893609104827,0.5443129423639,0.6333191472910,0.1276822924574,0.1068266344995
0.0787678990899,-0.1285383900034,0.0953973761535,0.3154308830495,0.2481017348076,0.3102405580916,0.3054135613343,0.5045623511055,0.4504433863300,0.4890679515967,0.6883566477448,0.7682965607009,0.2999955559100,-0.0151595824787,0.4356955436578,0.4396019604538,0.4584434145368,0.4311641614580,0.3290619726185,0.5178025989263,0.6077535192749,0.3403040914938,1.0000000000000,0.6003596556825,0.4892712574990,0.4837452832586,0.6667635450009,-0.0092501194804,0.1148182403694,-0.0917744518818,0.5135704797346,0.6114913409877,0.6251768426198,0.2319809496533,0.4155452482301,0.1476138579930,0.4884017192251,0.2633605540230,0.2883509164356,0.3830023218572,0.0779299442057,0.4184056770447,0.3384682276956,-0.0909078221213,0.2997171101867,0.4824321937890,0.4366006742907,0.3084776256584,-0.0208837664813,0.5307697054893,0.0091066257786,-0.0920973263277,0.3532107834673,0.2414452251641,0.2332245637125,0.1682503767051,0.2571155108776,0.1345233676584,0.2127215135176,0.3481375308602,0.3558346191118,0.5545387730915,0.4217608114745,0.1247646178857,-0.0281962369191,0.3208747921238,0.1513219706505,0.3752313905816,0.2040203470869,0.4400046580765,0.3724988108325,0.7120712992652,0.5354528319751,0.5230302847708,0.3106833584647,0.0420340806741,0.5742170763472,-0.1046457159485,-0.1590973378615,0.4906879235954,0.4535254489809,0.5357573199962,-0.1380415667909,0.1008524783584,0.1598586388730,0.0335882800248,0.3812245297829,0.2995698470492,0.3198204898991,0.1954312981057,0.1766568983775,0.3041883197636,0.0186684282437,0.0824161095782,0.2206207199583,0.2394351385055,-0.0757883501169,0.2072583903618,0.3151529522580,0.3679351743565
-0.1514879438471,-0.3929967531388,-0.1697835280514,0.4840539526963,0.2106427043945,0.2591890240078,0.6080340079159,0.7493310002074,0.7595082946289,0.3462477889946,0.6381602372016,0.5336061301463,0.3613207721967,-0.2193558589039,0.3625471640757,0.7493680305631,0.6774835025462,0.6923106995127,0.7364990531367,0.8401571244020,0.6575679509083,0.1485997708629,0.6003596556825,1.0000000000000,0.5292542830766,0.5641784297396,0.8233701976855,-0.1702711690177,-0.0107383191590,-0.3280832844325,0.8471488249709,0.5081184795868,0.6633491857269,0.1758581255803,0.7179672838511,0.5029435310910,0.7062442072663,0.5958748549762,0.5857073206526,0.2644537587931,-0.0445356784961,0.2914262010026,0.6150256185576,-0.1333798363443,0.3660079578342,0.1795174138450,0.1891418359824,0.4225227703159,-0.1764664022500,0.4769688248900,-0.0565839551966,-0.2168193340532,0.6163704138391,0.1702677768117,0.2861563986976,0.5295246196119,0.4185357316893,0.1927763072212,0.4938016312648,0.6681202262011,0.3129474236390,0.5931728323373,0.2183279879162,0.2465905301294,-0.2488593178278,0.2705510121697,0.5202778992460,0.6926074920464,0.6374654986052,0.7156072268896,0.4360263160862,0.3428064307849,0.9223757060182,0.7259846629176,0.4033406993525,0.0126613759720,0.6391149920575,-0.0463509166509,-0.4292229441348,0.8418205470296,0.2786154972945,0.5256050646132,-0.4006993771653,0.2283814593956,-0.0147438832160,0.0215895731536,0.5922554663940,0.7208476484893,0.4416668259730,0.3689004051148,0.4017650817240,0.2173249956292,-0.1039924089700,0.0756580701962,-0.0563571962709,0.3590019258019,-0.2462284094584,-0.0058472897440,0.2421482269019,0.3298792828692
