1.0000000000000,0.1458267447576,0.5463748394547,-0.3675724463058,0.7419718714277,0.3532238464036,-0.3725206790863,0.1635234496359,0.0636331272646,0.0446099282505,0.2352559592918,0.2271938560223,0.2347370029570,0.4241366639539,-0.2528453615745,-0.3692544659561,0.1247394071066,0.1569427754132,-0.3583020319582,0.2590815370451,-0.2770459498717,0.0996016142948,0.0135247039028,-0.0701477567212,0.2174109134603,0.3384546422463,0.2098733561046,0.0794738353177,-0.1839092180886,-0.2435682571429,-0.2335597096511,0.1295894853474,0.2902534087613,-0.1438618594864,-0.3043588351326,-0.3070588749566,0.2038821495849,0.3217784237561,-0.2874224932612,-0.2295747066857,-0.1860696705522,0.0633455239766,-0.3536374946623,0.2078878464198,0.2431368988760,-0.0763283479735,0.0972901066550,0.0665457510336,-0.0416746930316,-0.1047766004929,0.8074341311319,0.4693541945457,-0.3659492162916,0.4635072353560,0.0483885211881,-0.3720416820069,0.1900981073497,0.1019523744120,-0.0960426398119,-0.0139576573683,-0.0045011132275,0.1240176219608,0.1442636608105,0.1559699453064,0.2320043656237,-0.3445813930410,-0.4257282029603,0.1415225019375,-0.3373050598228,0.2309625923453,0.0056953227223,0.0292308082765,-0.0690588315735,0.2229479680034,-0.3285287145059,0.0292902138967,0.2288317568764,0.0156672298671,-0.3080772198010,-0.2693637142379,-0.2103430102183,0.2164991961761,-0.3779482585095,-0.4064709510538,0.2137464694007,-0.0257682745338,0.1891663376653,-0.3395028250383,-0.3665197420052,0.2334347949308,-0.2706494647852,-0.1580482268646,0.1004160131468,-0.0700885310441,0.2679468179024,-0.1488550694663,-0.1575365982214,-0.1448339910722,-0.2336395316184,-0.1936319987531
0.1458267447576,1.0000000000000,0.4528756070476,0.5634288482276,-0.2904713500121,-0.2497436476887,0.3076425891477,-0.3017390346576,-0.2896832656652,0.1115732465810,-0.3385522090865,-0.4064970680044,-0.4759928301492,0.4284982684825,0.7293907382364,0.3306315888462,-0.2606803746932,-0.2237738486593,0.1174443887278,-0.5199829608696,0.0948363042001,0.0900919179160,-0.1321117458983,-0.3049215202739,-0.5066689167477,-0.1990619459923,-0.4523184324011,0.3167224004453,0.3929645746758,0.4592656368754,0.2276728562179,-0.3055389948198,-0.4072600203345,0.4313456043305,0.2482492268088,0.1694922130587,-0.4724476554186,-0.4100735572932,0.0615438991130,0.3824503867736,0.2309338415469,-0.0749620206066,0.4172619976043,-0.1725721245065,-0.2919784607210,0.3612788767709,0.1188486587230,-0.5383808771925,0.1978953644237,0.3741474360785,0.1208699652042,0.7206450505452,0.4363519244682,-0.2728584442371,0.1767719424912,0.3201300999974,-0.4289039898942,-0.3857155014253,0.0284199768038,-0.3412977329642,-0.1395643331499,-0.5749735477550,-0.5532955863720,-0.5567622737500,0.6366849511192,0.4436059816126,0.3090501541053,-0.3928546824534,0.1222989087806,-0.5167000782754,-0.3668527689657,-0.3652593032766,-0.2617553748114,-0.5219133393046,0.1847297194845,-0.3694132712091,-0.4942628822272,0.1745730786789,0.3534378017242,-0.0017959689558,-0.2892676726711,-0.5184206475193,0.3938103627979,0.3739651745513,-0.5078191826733,0.0071086673279,-0.4538318628821,0.2601733454717,0.4171744378878,-0.5289139145390,0.0434065443988,0.2646707608834,-0.2072234580601,0.0901995744130,-0.2403676806065,-0.2274891988817,0.2245869407341,-0.0164179603176,-0.0599307041358,0.0581382777818
0.5463748394547,0.4528756070476,1.0000000000000,0.0272243477878,0.2614406500727,0.2658650159044,-0.0983685774079,-0.1164431756930,-0.1686705828950,-0.1524405742405,-0.1759299209508,-0.1663355669261,-0.1266128604088,0.1630305204571,0.0361496294146,-0.1771025410732,-0.0608407853639,-0.3184404256940,-0.1360309915947,0.1046952010282,-0.1637468015444,-0.0567257385068,-0.3354117532844,-0.1670706629103,0.1097309382183,0.2099501829583,-0.1578424478067,0.2796134961878,-0.1677117183822,-0.1512014032334,-0.0065737830631,-0.2034648924206,0.0137285257082,0.0010416436096,-0.3519915045470,-0.1220213986171,-0.1301598481774,0.3406721593203,-0.2285356204736,-0.1040679417166,-0.2842900334109,-0.2476239057649,0.0364508261216,0.2420558381779,0.4056527021030,-0.0589146832598,-0.0919890398326,-0.2285232591172,-0.0709369552732,-0.0625876375491,0.4938332057941,0.7292325301988,0.0149687952200,0.3592647260628,0.1659546070693,-0.1035733326253,-0.1034601115865,-0.1808666373421,-0.2837288881045,-0.1765657733548,-0.1341144057729,-0.2776340630278,-0.1491089324673,-0.1646707129454,0.5231208840144,-0.0376402801879,-0.3003856468828,-0.1866103668974,-0.1706214372976,-0.0063862795477,-0.2763142470128,-0.1866839514026,-0.2950179747525,0.0619399402848,-0.1944784475099,-0.1630780418858,-0.1060704267135,0.2793988909130,-0.1664668306458,-0.2076507119854,-0.2143590123875,-0.0256047208575,-0.1241464860283,-0.2055023998891,0.1019221120139,0.1815002921906,-0.0895083144259,-0.3247444883741,-0.1519906506742,0.1531546497215,-0.2228653848519,-0.0331224078662,0.1307553092975,0.2018154051566,0.3515834113125,-0.2271483048080,-0.0378548207361,0.0216781851544,-0.2464564787807,-0.1996348487795
-0.3675724463058,0.5634288482276,0.0272243477878,1.0000000000000,-0.4804644970775,-0.3965452418459,0.8674435350529,-0.5815731731934,-0.4957684826771,-0.0013633777233,-0.5093572907539,-0.5867010947688,-0.7050440559134,0.0313972118944,0.8650422729151,0.8353621785120,-0.1985206297953,-0.4700254434556,0.6347317810230,-0.7545093988610,0.4999235284876,0.0752221870542,-0.2570369379758,0.0118891619311,-0.7363187791148,-0.4820294448325,-0.6767607629914,0.2541771565850,0.5743144345172,0.4265344800810,0.7096080056157,-0.4261861552056,-0.7026444711497,0.6981871316623,0.5472911260274,0.6840615484872,-0.5318108686565,-0.6632755436936,0.5267401145030,0.7155832406010,0.4121246491246,-0.0854475795631,0.8905147044350,-0.3771562165365,-0.4868469317591,0.5181999764868,0.1371695629148,-0.4465708516440,0.1733677472205,0.4283727552895,-0.2206000125236,0.1479645419343,0.8593612618903,-0.4923694009550,0.3598603813400,0.8691112210250,-0.6947524501461,-0.6245697666813,-0.0179010365964,-0.3695656861781,-0.1988103713195,-0.6351540447727,-0.6931890942970,-0.7277645913063,0.2530333377183,0.8326241716546,0.7617918159562,-0.5486004695273,0.6083173722211,-0.7637155593222,-0.3667141598648,-0.5624811842152,-0.0676359842246,-0.7779307864400,0.4722554901202,-0.5254038999324,-0.7280011823583,0.1794886189693,0.5639375562893,0.4129741096355,-0.2591730637724,-0.8297767718346,0.5515690956318,0.8055854616536,-0.8018753140862,0.0620077028992,-0.4674224027308,0.6110224392454,0.7425560053970,-0.7369769080743,0.4900327460848,0.5452884322562,-0.3985677411287,0.1189958097843,-0.5108747696272,0.1034154049580,0.2694590354586,0.0827658632847,0.0936175798632,0.2900830713358
0.7419718714277,-0.2904713500121,0.2614406500727,-0.4804644970775,1.0000000000000,0.6725205021223,-0.3613629950030,0.3279737514484,0.2327921059633,0.1748696193403,0.5191245828290,0.4678646482650,0.4358656737190,0.2188288783682,-0.3847519295902,-0.3756193514805,0.3123274489013,0.3273993455389,-0.3845632334208,0.4043034828429,-0.1464351272497,0.2101695628342,0.2135644960015,0.2084370503060,0.3331565797073,0.2920194709016,0.3968843461309,-0.2673947056004,-0.2887379910651,-0.4651818136023,-0.2357202235382,0.2677066268788,0.4481752393058,-0.2819346650105,-0.2165364279033,-0.3330527613957,0.5222679502132,0.3472834736350,-0.0816117345178,-0.3105464040605,-0.1501620295941,0.3004842338834,-0.4741551737960,0.1326185444806,0.2247519975807,-0.0934272728259,0.1096964433573,0.5226938964331,0.0086661231525,-0.0151056585197,0.7008185571780,-0.0146173651165,-0.4770531886649,0.7007394017146,0.3217619791064,-0.4296426231883,0.3913926866252,0.2360894619773,0.0170920145424,0.1339237381411,0.2148270766887,0.4754642858364,0.4188494047452,0.3884659790579,-0.0757906416455,-0.4041829234363,-0.4423858872056,0.3662207673729,-0.3771014415802,0.4187948662337,0.2123908087889,0.2667609139184,0.2233552072843,0.3501714968271,-0.3928784924845,0.1019821536824,0.3956033229479,-0.2770250453943,-0.3904818361496,-0.0522909285989,-0.0590202726429,0.3899966336993,-0.4562503328664,-0.4789439896898,0.2960030809814,-0.1445475272471,0.4881764129396,-0.2580949218937,-0.4461222095976,0.3378717933139,-0.0603680544404,-0.2439452731929,0.0345055703552,-0.1912652409404,0.2207480305934,0.2602875013662,-0.1439832590877,-0.0735153451171,-0.0194552503713,-0.0756128847018
0.3532238464036,-0.2497436476887,0.2658650159044,-0.3965452418459,0.6725205021223,1.0000000000000,-0.2629629465578,0.5074312440625,0.4257132371003,0.3566176912818,0.6530319626847,0.5930274096441,0.5730309586179,0.2303142606895,-0.2604999791345,-0.2875225794637,0.4814336841900,0.4302609509559,-0.3519814700206,0.5380568363614,0.0564902874042,0.1335949255666,0.3200748464037,0.3086354019496,0.4759294143918,0.3509656681980,0.4968303000503,-0.3525458476464,-0.3573765019122,-0.3175829866864,-0.1935238508016,0.3838174753644,0.5830296618043,-0.4450174252129,-0.1121996660917,-0.3339706844478,0.6580517259763,0.4335906946231,0.0504785902558,-0.4807765508444,-0.1204745922754,0.4934083648822,-0.4318060426079,0.2215643143554,0.3126330301165,-0.1815239367292,0.0154180558725,0.7474347164109,0.0330002156747,0.2643035383289,0.2474333276009,-0.0869685870464,-0.4400750714442,0.8619456550541,0.3285671705266,-0.4145268213333,0.5208949320281,0.3781199308471,0.1470739342383,0.3159660043068,0.0676861272360,0.4835673351540,0.4055124364016,0.4487717774596,-0.1655908420997,-0.4432777229752,-0.4212714799309,0.4015957800297,-0.4005173189410,0.5149393476301,0.1678497628043,0.2194130904316,0.3304556073665,0.4748983693376,-0.3634085329333,0.1277847267643,0.4499365786492,-0.3762993670453,-0.4807427888322,0.0120364378067,-0.0270950245421,0.4824018441694,-0.4402516391505,-0.4777954955787,0.4033414187297,-0.3305086529887,0.5731801090492,-0.1556575693687,-0.4818611554503,0.4477691919708,0.0704823044493,-0.4856868787683,0.1308916199823,-0.3499329711384,0.0925744995611,0.4250348559882,-0.1608445738251,-0.1860878194311,-0.1154069057362,-0.1932761900199
-0.3725206790863,0.3076425891477,-0.0983685774079,0.8674435350529,-0.3613629950030,-0.2629629465578,1.0000000000000,-0.5271019666331,-0.3921730887241,0.0364648722281,-0.4460741837880,-0.5151978100508,-0.6256042796585,-0.0243411867778,0.6631160115185,0.9015181703841,-0.1057225367450,-0.3666346186906,0.7546164448448,-0.6872389554104,0.5114444162979,0.0780210968012,-0.2716836101466,0.1546189899950,-0.6419569148022,-0.5539457509770,-0.6414229318067,0.1606911193893,0.5209222527356,0.3711650353777,0.7819826057145,-0.4278740763732,-0.7072295872436,0.6384516491217,0.6752186817736,0.7898424032255,-0.3622960876836,-0.6687290278608,0.7011818145173,0.6778568536862,0.4207532732563,-0.0114360601176,0.7977729790084,-0.4858637392200,-0.5086092208186,0.4484547094052,0.1098944603149,-0.2263549794797,0.2178764479698,0.4133106408667,-0.1744727707670,-0.0535658881844,0.7928337997304,-0.3681116128156,0.4586009300704,0.8890861252791,-0.5725417762727,-0.4596345292114,0.0684871342182,-0.1654736564432,-0.1217927538814,-0.4744280751444,-0.6023948914082,-0.5841469694857,0.0894733994944,0.7932106953890,0.8489612293083,-0.4130421477760,0.7237447275402,-0.6712004419870,-0.2009448657507,-0.5123140976321,0.1377570789266,-0.6562544584945,0.5325406333298,-0.5410862951708,-0.7062315806645,0.1134760774999,0.5441671080025,0.5684724766807,-0.2530284852288,-0.7705542628774,0.4815549925269,0.8252085234978,-0.7287784991654,-0.0103507687406,-0.2817536326469,0.7186543119711,0.7362518386747,-0.6738039180930,0.6821484183012,0.4771681078585,-0.5098701520356,0.0950425975057,-0.5547054127067,0.3401139737425,0.2910454672484,0.0859762836988,0.1467672911657,0.3590849254714
0.1635234496359,-0.3017390346576,-0.1164431756930,-0.5815731731934,0.3279737514484,0.5074312440625,-0.5271019666331,1.0000000000000,0.8714938931050,0.2203182160679,0.6881780595137,0.6178671157392,0.7967118462726,0.1214752967965,-0.3980294466975,-0.3941765326609,0.5229525980558,0.8187076654325,-0.4985667966945,0.7364251430950,0.0629412462103,-0.0958785645168,0.4670799028212,0.3344372190801,0.5867763492046,0.4263910909337,0.7660531299759,-0.4460946550919,-0.4467907870815,-0.2907532666827,-0.5192098378906,0.5485098719909,0.7144149892946,-0.6533942777051,-0.0277850830202,-0.5969958268008,0.6368894792429,0.4289479114472,-0.1866438032235,-0.6263686834667,-0.2755576856731,0.3778070262765,-0.5843207854944,0.2654636994524,0.2373257430309,-0.4125889778029,-0.1700974105980,0.5535729895853,-0.2208644746672,0.0497086323984,-0.0054389723022,-0.1195445399774,-0.6025022123592,0.4520382305964,-0.2339305642547,-0.6989892450339,0.8249300733535,0.6462715377219,0.5616409103009,0.6108554661157,0.1840925700809,0.6208876291674,0.6463481886875,0.7157665976823,-0.1869720245732,-0.6378678999151,-0.5236849084347,0.7822382935855,-0.6822331809573,0.7363608326334,0.3559300274724,0.4928633151079,0.5078520411676,0.5606958073829,-0.5419025078177,0.5275194966553,0.7239385073405,-0.4676564273268,-0.4979679579278,0.0814419687441,0.2928831635828,0.6854508185040,-0.3809150263135,-0.7024314736235,0.4621387472402,-0.3029098771740,0.5236530726719,-0.0959008256344,-0.6484320387099,0.4627241595515,-0.1566570701410,-0.5504443476277,0.2825505106524,-0.4273584050655,0.1154965615233,0.0855202874533,-0.3005483799978,-0.1468051992371,0.0460354059391,-0.1812022300137
0.0636331272646,-0.2896832656652,-0.1686705828950,-0.4957684826771,0.2327921059633,0.4257132371003,-0.3921730887241,0.8714938931050,1.0000000000000,0.2493585437814,0.5978427123225,0.5425687565533,0.6824014621315,0.0321046997492,-0.3172785992982,-0.3300877844345,0.4789326849172,0.7349434675434,-0.3702602007249,0.6666572095035,0.0097586857516,-0.1485695701501,0.3604007711469,0.4571156485982,0.5801150683528,0.2895679439121,0.6924649689789,-0.4349256909976,-0.4068285571344,-0.2456876179598,-0.3615820466511,0.4418642267092,0.5823986968617,-0.5564058415660,0.0322347492924,-0.4710719945561,0.6145373122647,0.3250314974809,-0.0317545570059,-0.5422772630636,-0.2156705174044,0.3719834005309,-0.5805300514335,0.1056495498062,0.1538169413381,-0.3758131914772,-0.1489916711341,0.5556839038005,-0.2181586849330,0.0825659907406,-0.0716937673363,-0.1731374549376,-0.4727349287330,0.3759390878192,-0.1747902330387,-0.5641184964325,0.6720538167108,0.6308059030120,0.5595037265380,0.7361012107030,0.1379995445013,0.5605427967745,0.5541650795665,0.6161519470035,-0.2207898895167,-0.5049917127558,-0.3785865708019,0.6842778271725,-0.5079582145846,0.7540210145338,0.3461323366191,0.3971095162282,0.5723556324593,0.5641670077739,-0.3794971218212,0.4024341692250,0.6139318433221,-0.4015020443081,-0.4406638057612,0.1452023030557,0.2407565886271,0.5980978588837,-0.3567162771518,-0.5377169317248,0.4433824699772,-0.3185888058955,0.5456130654389,-0.0479906097337,-0.5039601024403,0.3818962836243,-0.0655120569091,-0.5086851869685,0.1356036182031,-0.4156014284798,0.0252498937393,0.1279858655639,-0.2883437495458,-0.1761854152753,0.0100399179739,-0.1914670581947
0.0446099282505,0.1115732465810,-0.1524405742405,-0.0013633777233,0.1748696193403,0.3566176912818,0.0364648722281,0.2203182160679,0.2493585437814,1.0000000000000,0.4532585649706,0.5546691693620,0.3015542164422,0.4503254350241,0.2315410448873,0.0800371408487,0.3842549156220,0.4097480377492,-0.0604498208087,-0.0321227261276,0.2571885130844,0.5379621170822,0.5511666874936,0.1600609839526,-0.0633866304055,-0.0395963377984,0.1714664476699,-0.2561916223170,0.2018417468191,0.2827414306265,0.0669028433003,0.3628376081936,0.2553387688446,0.0489302729726,0.2383765710974,-0.0676056719562,0.2861011699291,-0.2069681685302,0.1940638339642,0.0221554902332,0.5028152919810,0.7528459868984,-0.1473063680778,-0.2194804244990,-0.2755244457595,0.2713643345927,0.3905506078836,0.3419667628378,0.3290976452552,0.5338712448503,-0.1214008776881,-0.1849048161105,-0.1275662822406,0.1039701792579,0.1139789511550,-0.0689326055939,0.1544883343951,0.1735922332205,0.2208833926852,0.1294307249614,0.0837332590430,0.1649055830786,0.0633928361706,0.0799370296940,-0.1903279316988,-0.0693893726986,0.0541552222887,0.1517843207828,-0.0426839212051,0.0854721219210,0.1277121332716,0.0404510297529,0.2370089585640,-0.0088871358047,0.0226861862940,-0.1686799202406,0.0388192053947,-0.4301573941218,-0.0344075043534,0.0567706850777,-0.0987335125968,0.0211849725904,-0.0702051676179,0.0209576777620,-0.0820894768932,-0.4293533867811,0.2165431907994,0.1706115956316,0.0081694272265,-0.1595330778749,0.1156855109015,-0.1854998252996,-0.2766129921942,-0.4628656151799,-0.3971641433724,0.1968346870959,0.0297451347306,-0.2541827510023,-0.0376479014118,-0.0017778478881
0.2352559592918,-0.3385522090865,-0.1759299209508,-0.5093572907539,0.5191245828290,0.6530319626847,-0.4460741837880,0.6881780595137,0.5978427123225,0.4532585649706,1.0000000000000,0.8298395907871,0.7491366273429,0.1673871426192,-0.2932015591479,-0.3806053797307,0.6087132699389,0.6938075194119,-0.4941740775168,0.5534490875681,0.1233132001519,0.1639496828870,0.6876044768441,0.3917030310853,0.4397097147653,0.4448678668146,0.7372816798334,-0.4394737128300,-0.2924070437970,-0.3426667228441,-0.3986161839414,0.6024593430624,0.7566952073262,-0.5314759577972,-0.0800145852951,-0.4866799325773,0.7210028227024,0.3289032744792,-0.0344935109453,-0.5453254537694,-0.0900958142143,0.5925280283925,-0.5732703563238,0.1984944077186,0.1546505584787,-0.1783647017660,0.0982822041978,0.7304134334595,-0.1292493102908,0.2386723971405,0.0749432869372,-0.2872437940862,-0.5938485408336,0.5351895681723,-0.0153123404616,-0.5729273590621,0.6126485798476,0.5018670571638,0.3307736663425,0.3710321236177,0.1465310745412,0.7049763760487,0.5985901588349,0.5693399138295,-0.3277836020034,-0.5674631413337,-0.4831196931224,0.5823463999527,-0.5526497710647,0.5941187971916,0.3109278082582,0.4449719427687,0.4670676162782,0.4391592302601,-0.4461361151851,0.3348766293178,0.6492142907016,-0.4748560966591,-0.4946355687698,-0.0292481520068,0.0880240396218,0.5859501303679,-0.4330017968225,-0.5764569920761,0.3671393519157,-0.4045916272397,0.6156487188071,-0.1498292850986,-0.5637183746581,0.3604022307528,-0.0366828901943,-0.5427675923387,0.1698474729572,-0.4182040607119,0.0126617401690,0.2844372201374,-0.2675321593903,-0.2048727566607,-0.0616526994572,-0.1681772091866
0.2271938560223,-0.4064970680044,-0.1663355669261,-0.5867010947688,0.4678646482650,0.5930274096441,-0.5151978100508,0.6178671157392,0.5425687565533,0.5546691693620,0.8298395907871,1.0000000000000,0.8478960191633,0.1470438800165,-0.4074988246619,-0.4716395810208,0.5785544389308,0.6044029569651,-0.4529207717172,0.5936432691427,-0.0075392107566,0.1216352412229,0.7103045137250,0.2153107175375,0.5192303118966,0.4602281117417,0.7492803308359,-0.4584002520413,-0.4127052506388,-0.3624177689780,-0.4412413696951,0.7350119149165,0.8265083347164,-0.5267179565006,-0.2299130974875,-0.4722335578619,0.6244846345463,0.4041035936422,-0.2267904907938,-0.5759191373896,-0.1118074963806,0.6053747899836,-0.6294027586931,0.2549277363025,0.1932403827296,-0.2647073587993,0.0547298391111,0.6391545797113,-0.1948029483579,0.1113109595351,-0.0249653581045,-0.2937385275416,-0.5818545272666,0.4993199832251,-0.2272814496990,-0.5727193557268,0.6143362616219,0.5463532737821,0.1825954247037,0.3973726375840,0.0572590817810,0.6388766989157,0.6277146952617,0.6372825658048,-0.4445319272714,-0.6113616871348,-0.5307261777046,0.5232172596065,-0.4666543056002,0.6359211484607,0.3469702508878,0.4710967364284,0.2662092370988,0.5278619480688,-0.3768965065874,0.4118645696884,0.6880751435273,-0.4918025338940,-0.5989386906612,-0.2196372784165,0.1997230219466,0.6696973114556,-0.5930722778855,-0.5835916171150,0.4949264741952,-0.3442247134802,0.5022997275983,-0.3120512118649,-0.5771783548283,0.4813229927741,-0.2525925152135,-0.5592818311125,0.2326781217092,-0.5094378289746,0.0985703180528,0.0834842592312,-0.4324093614931,-0.3005292242154,-0.1711985334202,-0.2409726726022
0.2347370029570,-0.4759928301492,-0.1266128604088,-0.7050440559134,0.4358656737190,0.5730309586179,-0.6256042796585,0.7967118462726,0.6824014621315,0.3015542164422,0.7491366273429,0.8478960191633,1.0000000000000,0.0266405416330,-0.5421280325515,-0.5601826736036,0.6508365108984,0.6965251253856,-0.5259255349219,0.7741823592258,-0.0079199913228,-0.1074241194074,0.5193608191512,0.2836834957769,0.6689039849005,0.5568036848281,0.8633654073302,-0.5048329068706,-0.5698475578859,-0.4649509471302,-0.5221207518261,0.6934388833150,0.8820703630291,-0.7001504576220,-0.2618816488282,-0.5527628814682,0.7027635180273,0.5697871334760,-0.2800735151931,-0.7023150495781,-0.3357219413357,0.3923222489239,-0.6876976743282,0.3788422943745,0.3517450808741,-0.4929523809771,-0.1726280942897,0.6171576703490,-0.3176655569373,-0.0470503423596,-0.0082984310207,-0.2472712772216,-0.6586786257339,0.5546169227141,-0.3114127570364,-0.6833059821801,0.7643169636493,0.6258973403285,0.2711337770345,0.4935252468320,0.0647054808650,0.7076819645298,0.7396681159841,0.8328877708921,-0.3951870055625,-0.7022252696960,-0.6276599999870,0.7100025996738,-0.5785817649338,0.7807621583940,0.3796186803428,0.5255670058504,0.3486687180371,0.6656990137335,-0.4977841754176,0.5753930869495,0.8079695215303,-0.4688058605462,-0.6641882291206,-0.1620326961779,0.3239746873881,0.8149057919513,-0.6272698792117,-0.7188380478755,0.6365840929330,-0.2716919788944,0.5678980313288,-0.3405080119209,-0.6921395092338,0.6429609552025,-0.2790509774912,-0.6102880373352,0.3786183015262,-0.4502357008105,0.2200677603503,0.0304895506947,-0.4669144524671,-0.2333641952514,-0.1173155642037,-0.2774291545163
0.4241366639539,0.4284982684825,0.1630305204571,0.0313972118944,0.2188288783682,0.2303142606895,-0.0243411867778,0.1214752967965,0.0321046997492,0.4503254350241,0.1673871426192,0.1470438800165,0.0266405416330,1.0000000000000,0.2542034153385,0.0675670272743,0.0037922358428,0.2684934280709,-0.1169652018104,-0.1059579094573,-0.0099188285403,0.3720871374740,0.2999162940550,-0.2002601027671,-0.1203874003561,0.0059422802302,-0.0056920995246,0.1054392351678,0.2974161854252,0.5126254542795,-0.0850002889595,0.1281016552367,0.0456439240169,0.1036712036475,0.1663583626125,-0.1081525548284,0.0098538970090,-0.1521226558630,-0.0589312662273,0.0305375993527,0.3911890984644,0.4668103260855,-0.0498813649131,-0.0911302621095,-0.1852512854919,0.3319984921033,0.3375303790204,0.0176196110985,0.4617382512693,0.3269719169053,0.1775963394812,0.2600434091381,-0.1366006439318,0.0992364337128,0.0139659408741,-0.0784560506585,0.0664441935113,0.1016345408511,0.1714443222761,0.0276215179647,-0.1750808788268,-0.1315654401276,-0.2314593321330,-0.1414836762183,0.1596235236913,-0.1200192015473,0.0346181587940,-0.0609576501875,-0.1011654053040,-0.0928606848307,-0.1314038819810,-0.2198333233600,-0.0360846996992,-0.1019419978719,0.0070699723547,-0.2479200508035,-0.0725721800688,-0.2202488126411,0.0745516187466,-0.1705186944252,-0.3599743026927,-0.1339722780297,0.0170876122586,0.0179329726057,-0.1393542832513,-0.3565347925441,-0.0770017718992,0.1558288534501,-0.0375610100766,-0.2003331831107,-0.0509526885031,-0.1511801567089,-0.1883555724411,-0.3825619419195,-0.3263772594043,0.0172117789694,0.2212554755511,-0.3210571356549,-0.2219221716428,-0.1627040536543
-0.2528453615745,0.7293907382364,0.0361496294146,0.8650422729151,-0.3847519295902,-0.2604999791345,0.6631160115185,-0.3980294466975,-0.3172785992982,0.2315410448873,-0.2932015591479,-0.4074988246619,-0.5421280325515,0.2542034153385,1.0000000000000,0.6961652075375,-0.1369744930993,-0.2410015206515,0.4182328728428,-0.7019910971373,0.4936680542576,0.1894050641517,-0.0327643832073,-0.0171375964762,-0.7203179894018,-0.3711097008964,-0.5124333244008,0.1833936397442,0.6039303872163,0.4991771319491,0.5414956819196,-0.2493843450415,-0.5271361020284,0.6417064852232,0.5705806371410,0.4813891994687,-0.4254064670186,-0.6714008904394,0.4406445377467,0.6498475403198,0.4709399019369,0.1316167807059,0.7086331957896,-0.3731027560339,-0.5165616580986,0.5644962624174,0.2596252416874,-0.3515488784956,0.2366605842464,0.6369642041016,-0.1712223437866,0.2186121133557,0.6528864732261,-0.4297737217961,0.3600666544033,0.6206535682850,-0.5937774579042,-0.5690925538639,0.0778386482143,-0.3716222314369,-0.1636970921912,-0.5529409665405,-0.6202468491742,-0.6682866100652,0.3440633106981,0.6789038450756,0.6507395511152,-0.4484489052014,0.3989732271952,-0.6779562089211,-0.3995078107106,-0.4474491488487,-0.0577355510323,-0.7468675226940,0.3057168749026,-0.4733086934173,-0.6116209687528,0.0420802463171,0.5329781885528,0.3110466136131,-0.2121319518431,-0.7318817501808,0.5333564998840,0.6575413724277,-0.7769815897620,0.0009257206236,-0.4213494360796,0.5846378322017,0.6255866218017,-0.7649612927305,0.3791726095745,0.4738477111833,-0.4083167693736,0.0200875403895,-0.5274491820809,0.0813761147103,0.2565565557088,0.0576800460574,0.1007673369612,0.2074756296213
-0.3692544659561,0.3306315888462,-0.1771025410732,0.8353621785120,-0.3756193514805,-0.2875225794637,0.9015181703841,-0.3941765326609,-0.3300877844345,0.0800371408487,-0.3806053797307,-0.4716395810208,-0.5601826736036,0.0675670272743,0.6961652075375,1.0000000000000,-0.0554236205605,-0.2024622097625,0.7809318596622,-0.6773923257713,0.5638380273513,0.0942432600005,-0.1588186443487,0.1814507589043,-0.6752402313552,-0.4899822261422,-0.5660908557567,0.1485449193287,0.5361827630665,0.4165285729908,0.7664141293644,-0.3239164351843,-0.6441933092421,0.6226127664908,0.7816421783137,0.8406560680894,-0.3197660534181,-0.6898032592277,0.6841195735211,0.6773605706022,0.4596291156324,0.0623935233500,0.8337545336149,-0.4108778575999,-0.5891580613131,0.4609119662643,0.1462159519059,-0.2631588468229,0.2184572082068,0.4488479102448,-0.2116787169557,-0.0554934144643,0.7185894472602,-0.4298956083804,0.3743152053238,0.8202813983205,-0.4970888528916,-0.4589814017797,0.2219259878878,-0.0959814513723,-0.1246211973474,-0.4626350918278,-0.5727552460022,-0.5621052239693,0.0921814755776,0.7454862742271,0.8861402214221,-0.3485054735732,0.6969809864215,-0.6771085709854,-0.2071370017091,-0.4890140531650,0.2000473942789,-0.7232953107267,0.4452432189993,-0.4712659695972,-0.6136535553758,0.0229892747881,0.5316485612931,0.6329656006225,-0.2454519813334,-0.7616687748586,0.4953905736167,0.7953163026346,-0.7955980117692,-0.0198504672970,-0.2613267353842,0.8403920719917,0.6826139797348,-0.6839424529336,0.6654091792611,0.4708307550907,-0.4357502930469,-0.0073895228037,-0.6291781274350,0.2852057024455,0.2598496431647,0.0386194637417,0.1797274853596,0.3606800279361
0.1247394071066,-0.2606803746932,-0.0608407853639,-0.1985206297953,0.3123274489013,0.4814336841900,-0.1057225367450,0.5229525980558,0.4789326849172,0.3842549156220,0.6087132699389,0.5785544389308,0.6508365108984,0.0037922358428,-0.1369744930993,-0.0554236205605,1.0000000000000,0.5150496455750,-0.1205657743774,0.4613404449192,0.4770875990668,-0.0472574237080,0.3836618689883,0.6216849086392,0.3668712337834,0.3946029549023,0.5365908774648,-0.3218200441928,-0.3471368079195,-0.3651269925055,0.1179619249655,0.4863610206840,0.5718869050481,-0.3315088538137,-0.0027194468708,-0.1241234381660,0.6350485081058,0.2857663346209,0.2016213239069,-0.3489521870267,-0.1547019496650,0.4366561333359,-0.2367108022964,0.2527272825369,0.1138830157827,-0.2064274908432,0.0400610166891,0.4524521146026,-0.2623073385011,0.3052161537012,-0.0288912582557,-0.2043002196660,-0.2394348633611,0.3798528583606,-0.0246131198217,-0.2076018890997,0.4739858414620,0.3948393123111,0.2763914509414,0.4196410719005,-0.0062849138525,0.4484302278532,0.4004305322264,0.4294171622353,-0.3295504326645,-0.2558056322622,-0.2267283839851,0.4867983910543,-0.2048863032298,0.4849526727354,0.2663516011115,0.1305226509152,0.5032085407774,0.3440852609555,-0.2216223499460,0.2226710606466,0.4546153621542,-0.3355705765442,-0.5096457663446,0.2196191815362,-0.0006648019828,0.3823207515250,-0.4341070260535,-0.2948024154658,0.2622832191864,-0.3048347478478,0.5522297199140,-0.0203999266655,-0.2945253549117,0.3403941110468,0.1357474671149,-0.3707282864087,0.2042320470689,-0.3977896563912,-0.1248830377749,0.1501580260369,-0.4124333087612,-0.3040186223108,-0.1255912992448,-0.0867836253142
0.1569427754132,-0.2237738486593,-0.3184404256940,-0.4700254434556,0.3273993455389,0.4302609509559,-0.3666346186906,0.8187076654325,0.7349434675434,0.4097480377492,0.6938075194119,0.6044029569651,0.6965251253856,0.2684934280709,-0.2410015206515,-0.2024622097625,0.5150496455750,1.0000000000000,-0.4219642828155,0.4450848304497,0.1036717117932,-0.0071293758510,0.5620274127275,0.3650945916214,0.3219608118665,0.2428867130563,0.6883844327341,-0.4850215185288,-0.2647591957343,-0.1155387667361,-0.3487186414368,0.5212931079770,0.5613865597928,-0.4853467086271,0.2615161104633,-0.4101624050773,0.6375935422075,0.0864802207247,0.0223036258481,-0.4232622094542,-0.0062499255400,0.5517019822464,-0.5496226437719,0.0221323259990,-0.1516616838312,-0.2262600788378,-0.0306817244351,0.5583667809709,-0.1111449663910,0.2520256818337,-0.0059404427419,-0.1742640176585,-0.4568397565147,0.3260515516854,-0.1414302170043,-0.5001847124312,0.7129273101585,0.5850724959767,0.6453868358272,0.5159795453416,0.2175533281246,0.6217184555894,0.5427766091496,0.6184062704985,-0.2200879791672,-0.4356680127806,-0.2369386840684,0.7596992274393,-0.4697455326274,0.5569186587561,0.4964464873512,0.4475608135870,0.6060185915735,0.3386707885544,-0.2884057862930,0.3829213816287,0.6055534476604,-0.5810981360153,-0.3565115951065,0.1967487575607,0.1971133334213,0.5240959305766,-0.2852159203087,-0.4216866237076,0.2666381319142,-0.4206766198560,0.5381104822499,0.1687084351332,-0.3544366859906,0.2203674204477,0.0216113921736,-0.4600993274305,0.0551875782156,-0.4902775745619,-0.1875751087670,0.1831420938705,-0.2393843165183,-0.2449485652000,0.1101493526605,0.0334169624478
-0.3583020319582,0.1174443887278,-0.1360309915947,0.6347317810230,-0.3845632334208,-0.3519814700206,0.7546164448448,-0.4985667966945,-0.3702602007249,-0.0604498208087,-0.4941740775168,-0.4529207717172,-0.5259255349219,-0.1169652018104,0.4182328728428,0.7809318596622,-0.1205657743774,-0.4219642828155,1.0000000000000,-0.5058327310155,0.3733530607102,0.0276832243501,-0.2934064421600,0.1538587388518,-0.4489749810650,-0.4935028484647,-0.5848827369114,0.2452736774175,0.3687082369012,0.2897305551547,0.7128028120785,-0.3534952920669,-0.5752855052305,0.5665787637474,0.4295557181945,0.8678440355963,-0.3447411110334,-0.4678413208591,0.5044750316920,0.5829582642093,0.3376500078591,-0.0859909188355,0.7452241068197,-0.3746134894097,-0.3518422907434,0.3592031630793,0.1462017972611,-0.2966472159010,0.1432046686552,0.1682030197425,-0.2446259089428,-0.1194376435806,0.5847502444876,-0.4114654478653,0.1851201070290,0.7551753804892,-0.5808302957719,-0.4431099803466,-0.1625678953513,-0.0257396288184,-0.2293267337024,-0.5201595924879,-0.5327887624819,-0.5185327662194,-0.0261245059685,0.5777565243801,0.7581706895006,-0.4570080319691,0.8905498945922,-0.5734660603717,-0.3006583543811,-0.5315141673959,0.0183522201389,-0.4674649774798,0.3858713153258,-0.4760871874763,-0.5910155629825,0.2197541187563,0.3811963033074,0.3468530223856,-0.2399021091936,-0.6659354300615,0.3574767894833,0.6770165325691,-0.5781050344496,0.1428939589490,-0.2842505548190,0.4874913149615,0.5002410287821,-0.4951907281991,0.4443487474533,0.4372369258801,-0.4053087023330,0.1388978397858,-0.3995610646346,0.1462094369936,0.1739151081831,0.0659606368594,0.0268217401680,0.1402190917438
0.2590815370451,-0.5199829608696,0.1046952010282,-0.7545093988610,0.4043034828429,0.5380568363614,-0.6872389554104,0.7364251430950,0.6666572095035,-0.0321227261276,0.5534490875681,0.5936432691427,0.7741823592258,-0.1059579094573,-0.7019910971373,-0.6773923257713,0.4613404449192,0.4450848304497,-0.5058327310155,1.0000000000000,-0.1891430479112,-0.2378074130184,0.2011764876372,0.3255911997206,0.9396828119570,0.5572765742158,0.7682314710782,-0.3280351254687,-0.7039309171804,-0.5487520369405,-0.5226769819461,0.4525328558297,0.8168717501391,-0.7694379403883,-0.5068166245715,-0.5845601669500,0.6325466520193,0.8588799978515,-0.3493137466173,-0.8211322886313,-0.5572728347119,0.1048005826935,-0.6609105004198,0.5101070540174,0.7004212406809,-0.5712787823947,-0.2382494668941,0.5098703061047,-0.3426365027695,-0.3101447157934,0.0664768495849,-0.1523058666094,-0.7011194498342,0.6048687079152,-0.3345292742718,-0.7236113482153,0.7030509677355,0.6009251298524,0.0653545730656,0.5161413238277,-0.0156545735286,0.5344347941275,0.6195460705357,0.6849224723726,-0.3202304396436,-0.7980911609274,-0.7661396968524,0.5765477201123,-0.6090273114630,0.9069207219150,0.1897258308543,0.3720497915562,0.2470741923121,0.9012170209287,-0.5503646798289,0.4866624088488,0.7759179025548,-0.2346303604146,-0.7531887508502,-0.2405311789080,0.1835130022450,0.8242079002963,-0.6449873643982,-0.8146463705991,0.8253334845711,-0.1842819264521,0.5416495687455,-0.5559860940430,-0.8040803051720,0.8398748928306,-0.3522011835893,-0.6692393433095,0.5027195687295,-0.2633706638577,0.4664193281879,-0.0578863656542,-0.4251775917259,-0.1842537887776,-0.2662809211935,-0.4741270863299
-0.2770459498717,0.0948363042001,-0.1637468015444,0.4999235284876,-0.1464351272497,0.0564902874042,0.5114444162979,0.0629412462103,0.0097586857516,0.2571885130844,0.1233132001519,-0.0075392107566,-0.0079199913228,-0.0099188285403,0.4936680542576,0.5638380273513,0.4770875990668,0.1036717117932,0.3733530607102,-0.1891430479112,1.0000000000000,0.0925607631685,0.0905511515834,0.3885040378044,-0.2810048954842,-0.0441429444511,-0.0901535612944,-0.0369703786100,0.2344371364025,0.1157367587024,0.5300827528602,0.0416286473881,-0.0722012876772,0.2562162288015,0.4792637978642,0.3624063463934,0.0954676029107,-0.2467908324696,0.5374122479379,0.2341329718704,0.1482342618031,0.2675045865406,0.5238238856746,-0.1091639357415,-0.1567851465296,0.1945257695414,0.0743609938022,0.0527418781773,0.0499339254910,0.5792520830802,-0.2129830721491,-0.1881013801057,0.2778640337943,-0.1551490007241,0.1883980154259,0.3581513427633,-0.1103938612197,-0.2128329892028,0.1995647713663,-0.0285282356123,-0.0838042296894,-0.1003169283184,-0.2006261342342,-0.1836871294061,-0.1123088426475,0.2840077690762,0.3532137772238,0.0292020406004,0.2082673054052,-0.2614899854505,-0.1386678438090,-0.2320835922342,0.3256417326140,-0.3380255656404,0.0358784253607,-0.1815914726000,-0.2188096529466,-0.1352692398257,0.1795038354833,0.4749085397467,-0.0908436242966,-0.3329669014283,0.2499557041996,0.2770999291489,-0.4290318998291,-0.1575965593107,0.0446545785273,0.4736571547232,0.2145426355604,-0.3354774893071,0.4519060479730,0.1245642361255,-0.1856831064506,-0.1635264785111,-0.3557741342019,0.2165499664913,0.0455604117263,0.0603131576868,0.0803828947009,0.1274857176649
0.0996016142948,0.0900919179160,-0.0567257385068,0.0752221870542,0.2101695628342,0.1335949255666,0.0780210968012,-0.0958785645168,-0.1485695701501,0.5379621170822,0.1639496828870,0.1216352412229,-0.1074241194074,0.3720871374740,0.1894050641517,0.0942432600005,-0.0472574237080,-0.0071293758510,0.0276832243501,-0.2378074130184,0.0925607631685,1.0000000000000,0.3232700963836,-0.0574330729705,-0.2567590478435,-0.2130774773339,-0.2105306210144,0.0417210067047,0.5498887869130,0.3826097189131,0.0522001261601,-0.0062459788706,-0.0800972213980,0.3206023664500,0.1135842327665,-0.0191851248284,0.0421744756590,-0.2486198521227,0.1419817030985,0.3087434544183,0.6256428977657,0.3264637500157,0.0503555220917,-0.2885522648598,-0.1511709127326,0.5982153039670,0.6380333581061,0.0987795248484,0.6441941059157,0.1841257008645,0.1052518849468,-0.1804179142935,-0.1253660662178,-0.0816761318923,0.2438842384050,-0.0115459411918,-0.1153362827248,-0.1283111769185,-0.0933299016570,-0.2288666390965,0.0592406956828,-0.0977712655573,-0.2289283455455,-0.2057161049325,-0.0257821633624,-0.0069186889017,0.0663846785633,-0.1422812030344,0.0229474363781,-0.2209433039426,-0.1441553097500,-0.1204538569665,0.0049735461548,-0.1965170264499,-0.0105567057926,-0.4554343795577,-0.2953126279071,-0.2001533659864,0.3336971550830,-0.0390624295464,-0.2879193358862,-0.2969600738513,0.1974752888896,0.0630095879432,-0.2838645355272,-0.1841811064974,0.0245931633735,0.0943546169003,0.0291297818750,-0.3348092923981,0.1280504709698,0.1472319741593,-0.4194290611070,-0.1066824970225,-0.2175584413599,0.2224999612100,0.4545934932029,0.0783971194731,-0.0382830796424,-0.0173382879857
0.0135247039028,-0.1321117458983,-0.3354117532844,-0.2570369379758,0.2135644960015,0.3200748464037,-0.2716836101466,0.4670799028212,0.3604007711469,0.5511666874936,0.6876044768441,0.7103045137250,0.5193608191512,0.2999162940550,-0.0327643832073,-0.1588186443487,0.3836618689883,0.5620274127275,-0.2934064421600,0.2011764876372,0.0905511515834,0.3232700963836,1.0000000000000,0.1092370052418,0.0930817397389,0.2202914940492,0.5089624656322,-0.3266140497999,-0.0390884208348,-0.1020601684007,-0.3199702227409,0.6612759814177,0.5442357706016,-0.1805210141076,0.0740332183517,-0.2889144509711,0.3713665662639,-0.0425193277600,-0.1281444017659,-0.1657348986387,0.2331196896049,0.6752981189064,-0.3567151383683,0.0476496871698,-0.2008135151504,0.1190833949303,0.3365003164251,0.4178280606144,-0.0438995194715,0.2857724361419,-0.1724545505674,-0.2775690885437,-0.3630574316227,0.1530318967083,-0.1348053145102,-0.3398348347758,0.3988169059428,0.3468488423800,0.3370763647119,0.2271504615454,0.0231322995632,0.3763365341060,0.3487081768531,0.3159452555194,-0.2933709499991,-0.3370005951839,-0.1734079111413,0.3245811526803,-0.2904632567216,0.2728631341053,0.1685523625216,0.4307632019343,0.2001435842453,0.1064156495789,-0.2332194859019,0.2713514627451,0.4278296798781,-0.4786222748238,-0.2788089690303,-0.0610150908629,0.2065220378655,0.3141435618759,-0.2672350836800,-0.2776253225319,0.0480688396296,-0.2492333583692,0.2315349139531,0.0248799218718,-0.2871711609333,0.0381857197224,-0.1156560284906,-0.2203426950266,0.0586717524004,-0.4121563311856,-0.2327600968285,0.1180394832138,-0.2435122548594,-0.2959764385620,0.0015636079216,-0.0748595666132
-0.0701477567212,-0.3049215202739,-0.1670706629103,0.0118891619311,0.2084370503060,0.3086354019496,0.1546189899950,0.3344372190801,0.4571156485982,0.1600609839526,0.3917030310853,0.2153107175375,0.2836834957769,-0.2002601027671,-0.0171375964762,0.1814507589043,0.6216849086392,0.3650945916214,0.1538587388518,0.3255911997206,0.3885040378044,-0.0574330729705,0.1092370052418,1.0000000000000,0.2426834076365,0.0274862556555,0.2861044513300,-0.2854088667689,-0.1745739211738,-0.2968977172889,0.3651313400462,0.0595291978277,0.1975981030070,-0.1821281565446,0.2463993328486,0.1683097378390,0.5671437004220,0.1205656878767,0.5731034082515,-0.1526518275697,-0.0604604770863,0.2451664926612,-0.0081176092948,-0.0790662374271,0.0429761221757,-0.0764792596529,0.0112779340600,0.4747525987540,-0.1533945424498,0.2074082492396,-0.0122749623645,-0.3260849246631,0.0004145974031,0.2421136774597,0.2193293156756,0.0609277653522,0.1833785464728,0.1602568349337,0.2573512687481,0.3961415953786,0.0092743603711,0.2754850722478,0.1775119964309,0.1942189843831,-0.2526399212137,-0.0133568555688,0.0643343739817,0.3673579251069,0.0431423620979,0.3690196572122,0.1741897489320,-0.0333479941962,0.7544492332186,0.2337844472692,-0.0600150431052,-0.0996454376767,0.1869324273000,-0.2213553789693,-0.2865337804917,0.5351620976905,-0.1443914972658,0.1050454074256,-0.2557923021052,-0.0467557445947,0.0791621556511,-0.2716708723433,0.5871116608084,0.2342464169252,-0.0656124938315,0.1035762740245,0.4775728256162,-0.2261339195846,-0.0958551149889,-0.2264677579238,-0.2466595829629,0.4018522026424,-0.1844577696590,-0.1865358466306,-0.0300971511837,-0.0024223594847
