1.0000000000000,0.4296734391348,0.5456268978447,0.5440356247176,0.7246072894936,0.6815870172698,0.3662368464088,0.0531105649359,-0.1511425000349,0.2848750483348,0.4032301172733,0.2332144419330,0.0137963294645,0.4763046703511,0.4046302383814,0.2457298993841,0.1067489234569,0.4101446820161,-0.2555453343178,-0.0614936041335,0.2899096000423,0.3245920303306,0.1953005692397,0.0450133935096,-0.0582972576314,-0.0415380090377,0.1519553936272,0.1086232450781,-0.2142427414667,0.0234812998752,0.2090453547595,-0.1404128933373,0.0783391908889,-0.3627814899909,0.2151794722744,-0.1137695771961,0.2799365461053,-0.0482885372009,0.2959953539389,-0.2571151403784,0.3362719135468,0.4466253185545,0.1599152919543,-0.1776794729486,-0.0381011128311,0.1444987426634,-0.1241612762538,0.5978540143679,0.5413770950955,0.4801521761206,0.5116887634599,0.3006918176121,0.4776452984238,0.6933617522720,0.4381123881614,0.4263058976860,-0.0588514696000,-0.0563060673547,0.0424617566910,-0.0664933208516,-0.1210388332346,0.1158190294161,-0.0474160361503,0.0732772908173,-0.0532350116680,-0.0378855072588,-0.1243544890597,0.1533457329841,-0.1997866600632,0.0725014000579,-0.0257042132267,-0.0834971563636,0.1334830882655,0.1182516484063,-0.2360592121026,-0.1724432074423,0.2542860519268,0.3055487190469,-0.1744510699188,0.0214031634790,0.0061524848801,0.1930722187777,-0.3319116731973,-0.2023565817969,-0.0904460239725,-0.1759170931930,0.2669385938247,0.2279227848779,-0.2911118762081,-0.0089818714193,0.3964284256585,-0.2453571901222,-0.3057401542086,0.0737490489447,0.1454895069589,0.5891719428356,0.0536368272336,-0.1067747406330,-0.1366389187693,-0.1920051892423
0.4296734391348,1.0000000000000,0.7851604759687,0.3032919837111,0.2692656225507,0.3989600224089,0.1838281468537,0.1755551144236,-0.2886295868705,0.2735746466599,-0.0083508104621,-0.1079949917545,-0.0357973234583,0.8391614212485,0.5722280267770,-0.0247670888836,-0.1104119199109,0.0459109992792,-0.2450804337893,-0.3108183636052,0.0047138332038,0.4514531894169,-0.1146684258943,-0.3474651108539,-0.3343362822723,-0.0375798233570,-0.4446307865264,0.3113476606633,0.3010829159459,0.6833357157576,-0.0121398707332,-0.3423330094773,-0.1667308873885,-0.5826785860844,-0.2122958779951,-0.2849946978910,-0.0510652771062,-0.1954437243964,-0.0536537935172,-0.5409254096577,0.3217278823396,0.2421671034191,-0.0842501471239,0.0604167447708,0.1141520845587,-0.1410586459794,-0.3454577786335,0.0979431846975,0.4225618473215,0.3774065868155,0.3101873432582,0.7697043992157,0.1675350535024,0.3980329571233,0.2477118249811,-0.0438495362509,0.0237795199369,0.2157201103027,0.0615195003949,-0.2389957423537,-0.3169681194223,-0.3690893696812,-0.4002211768652,-0.1142296830906,0.1173562361033,-0.3479507522429,-0.3509360148670,-0.2938822142312,-0.2656658449444,-0.2831903729986,-0.3050321075870,-0.3849174345463,-0.2552725027626,-0.2306450800857,-0.3436718749419,0.0296560118544,-0.3250034872218,0.5298223434591,0.1770483959016,-0.2989493265817,-0.3994331394922,-0.0829310902547,-0.1756710912669,-0.5064331674068,0.2553408969785,-0.3285671795107,-0.1379503074978,-0.0512827462901,-0.5045631092358,0.1731794373058,0.1120545221331,-0.5217295158089,0.0364561678057,0.2356463795015,-0.0599195615029,0.0120553157771,0.2735688681761,0.0538760454573,-0.4298390442200,-0.3610700286025
0.5456268978447,0.7851604759687,1.0000000000000,0.4014060413992,0.5144566781372,0.6268895283144,0.2979686377702,0.1230070403433,-0.3410156528384,0.3423805950486,0.1157699546882,-0.0369996482282,0.0395252958127,0.7477480133983,0.4583915070012,0.0677207516242,-0.0389712765309,0.0520528202273,-0.2334383458204,-0.3184600793183,0.0841753514537,0.4917795556494,-0.1068611935408,-0.3113679188829,-0.3179310514740,-0.0838954689530,-0.2837452785708,0.3379563266737,0.0852908243409,0.4223902253607,0.0521171864675,-0.2449909460687,-0.0256543197399,-0.4670665113056,-0.0571744760739,-0.2305226825754,0.0401440543590,-0.2610765496100,0.0198955237509,-0.3543870953419,0.2692189798244,0.2988373340979,0.0620048563571,-0.0671082699668,0.0259991711674,0.0123303744720,-0.1690011282523,0.2255266552659,0.5301411563985,0.4027986995244,0.5669770049441,0.8261286910176,0.3671513951134,0.6508554310302,0.4782453971973,0.1629051820124,-0.1470649997858,0.0159876303922,-0.0627186204887,-0.2748718282620,-0.1548086658316,-0.1945351909670,-0.3264583436139,-0.0550918350446,0.1942384038445,-0.0813224434087,-0.2574220317619,-0.1422854794204,-0.2932377417168,-0.2542826530173,-0.2440440970470,-0.3017269208451,-0.2374088685572,-0.2245771109618,-0.3021041987873,-0.2128809324807,-0.2384033197634,0.5123086555836,0.0026353419529,-0.2010488066688,-0.3185826636860,-0.0415292178280,0.0116732487672,-0.3625557291454,0.0249037919143,-0.2588335471080,-0.0896087788774,0.0200284671805,-0.3450857768958,-0.0062012735679,0.1971018931944,-0.4198409312627,-0.2081565593329,0.3239006558615,0.0016042688072,0.1684299515346,0.3778832984616,0.2340823737823,-0.2527444233390,-0.2080854327273
0.5440356247176,0.3032919837111,0.4014060413992,1.0000000000000,0.5562285858351,0.6952224999063,0.8371636073254,0.2060477148767,0.0958017805512,0.4361180423591,0.3029902238267,0.1592241691684,0.0937196561258,0.3263407520799,0.6714473323827,0.4872995378690,0.2400627741977,0.4112627507278,0.0464215167434,0.1015921690138,0.1959165077434,0.2485360025988,0.0726002041390,0.1322429421164,0.0659973309012,-0.0900006388933,0.1879661258654,-0.0708127631115,-0.1317636877413,-0.0595329732637,0.4913610865778,-0.0813521302959,0.2243677575929,-0.1557564357760,0.3226935524348,0.1830018652659,0.3266899794505,0.1105079284438,0.5923142059808,-0.0968270712849,0.4091835816868,0.5372921374828,0.4116904154758,-0.0000896323550,0.1735251190770,0.2516489567777,0.0634460638661,0.5591134056168,0.5117089753587,0.6699547543507,0.2258872380779,0.1930593849845,0.6837276674744,0.6540531194042,0.6439087665535,0.7366381421505,0.0107733213883,0.0897338106578,0.2345395193841,0.1380280463262,-0.0970212516738,0.0470452959237,-0.0957330901059,0.0657747101730,-0.0687636637508,0.2310525060764,0.1930215421726,0.1123901295326,0.1171369531357,0.1912611001204,-0.1041544181231,-0.1302522180107,0.2367092451595,0.1861365085244,-0.0365006074141,-0.3463406765137,0.1753589651217,0.1973278486640,-0.0889523582555,0.1847602589700,-0.1947863892437,0.1424098137846,-0.4175616348521,0.0996215098369,-0.1436616842880,-0.1295041077003,0.2989961118141,0.3927276043422,0.0249818099076,0.0044465646249,0.5057489745858,-0.1881819036196,-0.2517217805365,0.0563197036474,-0.1959954613165,0.4341862953485,0.0007955118412,-0.1316747113304,-0.2376548943674,-0.0381633125636
0.7246072894936,0.2692656225507,0.5144566781372,0.5562285858351,1.0000000000000,0.8326496849144,0.3290788743961,-0.1058383626636,-0.2390799559670,0.4084560604558,0.4997310908122,0.3988024112498,0.0595314749276,0.4172646681292,0.3889418082443,0.1136888341409,0.1068359743249,0.3424756134907,-0.3886426017603,-0.1159767450614,0.2900928137445,0.4145435293065,0.3180522738406,0.0601982733992,-0.0979382091771,-0.0237837282065,0.1892286887886,-0.0983793558919,-0.2379883999999,-0.1967562566745,0.1325491437867,-0.0371925144750,0.1410376762906,-0.1909336692011,0.2454809720295,-0.2128309658324,0.2832593426474,-0.1007511665741,0.2242248978304,-0.0920445644336,0.3802257959565,0.6555966610989,0.1563653707883,-0.1946966633842,-0.1100448885694,0.2887969643610,0.0635120887501,0.6584265291902,0.6422561666199,0.5771395981144,0.6329996378630,0.2124108365237,0.5110569429715,0.8157078914439,0.6948802342731,0.3995054336140,-0.1187412418987,-0.2353703220827,-0.1291436528089,-0.1387769169498,0.0225731095933,0.1654920581448,0.0300267323541,0.1608654106559,-0.0117272705107,0.0853782020489,-0.2150531410863,0.2286214004882,-0.3137114766710,0.0286960316516,0.0380909944427,0.0763783152372,0.0889660544838,0.0556256325497,-0.1789201190460,-0.2429885078968,0.2152813627238,0.1283681126452,-0.1981558117648,-0.0280422979833,0.0265592361865,0.2131489225240,-0.2320087997145,-0.2114062559045,-0.2136994752429,-0.0840769754692,0.2333816343043,0.1132778794126,-0.1843349079117,-0.1332762190506,0.4036537779534,-0.0996512350284,-0.3707093160868,-0.0072443765280,0.0161561159427,0.5900389657847,0.0122915359540,0.0264868710656,0.0319739249830,-0.0453809367526
0.6815870172698,0.3989600224089,0.6268895283144,0.6952224999063,0.8326496849144,1.0000000000000,0.5278958248526,-0.0835515895030,-0.2477300426054,0.6056535082711,0.4998782608750,0.3532864568073,0.0923709280596,0.5136562395402,0.6294398848407,0.1935875270216,0.0866117520913,0.3263038073801,-0.3203812290375,-0.2266768654583,0.2372878946221,0.4706424364864,0.2551874992028,0.0007846276147,-0.2064772588181,-0.2108739221315,0.0334883193797,-0.0983392977946,-0.2165052947026,-0.0576541770420,0.2310687501066,-0.1775526034135,0.2029200215145,-0.2733786176285,0.1612273621742,-0.1907122482116,0.3199766744876,-0.2002584642234,0.3002991274513,-0.1488343478278,0.4346558056918,0.7095322471947,0.2305723123417,-0.2591988982411,-0.1333522812534,0.2366731054514,0.0279357701841,0.6381827447959,0.6350773274273,0.6906328420748,0.5055966411265,0.3443710286331,0.5743873546034,0.8160588620537,0.7832476395639,0.4097524288345,-0.1911199535716,-0.1755927374527,-0.0727454672668,-0.1371584014229,0.0210123918983,0.1492402395658,0.0054332215376,0.1427871356329,0.0049631469055,0.1840362398883,-0.1519637786610,0.1306820678569,-0.2655133392353,-0.0704238861824,0.0143032372563,0.0077890349474,0.0302554813718,-0.0565550672482,-0.1724275613981,-0.3967714671228,0.0680686112743,0.1431398202242,-0.2183368446384,0.0064315685855,-0.1198255024698,0.1633240879454,-0.2714747385725,-0.2138022948521,-0.2778220526707,-0.1451755727187,0.2243550589779,0.0695736721316,-0.0947009014273,-0.1882704865949,0.4769521731931,-0.2182581981530,-0.4528116393272,0.0374351476411,-0.0613406157821,0.5110202655654,-0.0135424441930,-0.0278236084757,-0.0636806058124,0.0503737795816
0.3662368464088,0.1838281468537,0.2979686377702,0.8371636073254,0.3290788743961,0.5278958248526,1.0000000000000,0.1687841386962,0.1909156076281,0.4019169973580,0.2682503707641,0.0868769935889,0.1456657635535,0.1494392265880,0.5665967532603,0.5849525423220,0.3179389041475,0.3698749165902,0.3052803454922,0.1368585790263,0.1197986998584,0.1908649105557,0.0057669845913,0.1733804072191,0.0849070055739,-0.1195844981930,0.1532686217733,-0.0603518436261,-0.1623586628327,-0.1000499920818,0.6101754825161,-0.0032937627061,0.3003827831023,-0.0111457578442,0.4335351033357,0.4230078379811,0.4135793945399,0.0568600925970,0.7503032639622,0.0371543453178,0.3414116821364,0.4046392637017,0.5492418789283,-0.0642819179422,0.1063174492876,0.2399173232589,0.0756111881715,0.4535931060567,0.4080356047420,0.4890795776674,0.0341041492757,0.0841207857315,0.5322594509963,0.4383529315974,0.5063386091375,0.7377054979825,-0.0626057460529,0.0815756588834,0.2003051826514,0.2217591694771,-0.1257231883999,-0.0609341975245,-0.1393182225372,0.1235511234481,-0.2243720332990,0.1686415662695,0.4460875929215,0.0998531179503,0.3001260176495,0.1756759563034,-0.1259260665185,-0.2298724548834,0.3425223143377,0.1328807266342,0.0304356485285,-0.4328956478824,0.1369783608463,0.1669536758394,-0.2027416319351,0.3440924152277,-0.2247857840271,0.1083204171433,-0.4302929552003,0.2676157032133,-0.2496382093184,-0.0581783464767,0.3894538027230,0.5100185991733,0.0435588404500,-0.1371131014834,0.5665301153643,-0.0844205293973,-0.3220963917728,0.1008099220192,-0.1586580793526,0.3412297405442,-0.0726647796161,-0.1055997433324,-0.3391324501513,-0.0657158251512
0.0531105649359,0.1755551144236,0.1230070403433,0.2060477148767,-0.1058383626636,-0.0835515895030,0.1687841386962,1.0000000000000,0.4741905711653,-0.1188688952398,-0.2271408768184,-0.1027522525227,0.2354607509226,0.0132473229857,-0.0076584378229,0.3305180326279,0.4670465723557,0.2329298078185,0.4725036473754,0.4828900899510,0.2565395711985,-0.1350417275194,-0.2653277271437,-0.0527009679296,0.2839605021300,0.2820697240038,0.1248603593651,0.2559254061382,0.0315888781849,0.1088126703122,0.2294517091727,0.2153414801170,-0.0860931494392,0.0232180844204,0.0125663611726,0.3485054649866,-0.2301038954184,0.4866490735782,0.1187042178260,-0.0030610227935,-0.0662662878725,-0.2350192726971,0.1524173492366,0.6092126098374,0.7602648193271,-0.0002441999982,-0.0185755814266,-0.0665858311649,-0.0125250001651,0.1339501189554,-0.0861052590344,0.2242230313085,0.1584421991719,0.0986699101049,-0.0704831050440,0.2635146134123,0.2406816693907,0.5028593155845,0.5141214293574,0.3226345575223,-0.0816540342741,-0.1028587417426,-0.2091481833983,-0.2401579840361,0.2825017094072,-0.0221086772049,0.1298362396897,-0.1092649410512,0.3110127436230,0.2497212383946,-0.2276951747374,-0.1883110838646,0.0540565151635,0.3245864907601,0.0059824757359,0.1550821002711,-0.0086383820597,0.3237792067549,0.1946038622654,-0.1508898801532,-0.1878174441336,-0.0211219869719,0.0937824385742,0.1780877222600,0.2852803089763,-0.0572062800536,-0.1895766629202,0.4140788386659,-0.0042250165048,0.4261957993141,-0.1638684275643,-0.0434684869307,0.4333200178638,0.1443523692569,-0.2252991316602,0.0130753817504,0.3741115566725,0.1424826492822,-0.1456084911874,-0.1921386636576
-0.1511425000349,-0.2886295868705,-0.3410156528384,0.0958017805512,-0.2390799559670,-0.2477300426054,0.1909156076281,0.4741905711653,1.0000000000000,-0.1369854285207,-0.1217502179929,-0.0758761657588,0.1844604540284,-0.3067265629548,-0.1138209923795,0.5081155610245,0.3263952160038,0.2419536871018,0.6487534414098,0.8126374980406,0.1281676985114,-0.2457796927974,-0.1506614581145,0.5328232239894,0.8174834177451,0.0802514136993,0.3870923375303,-0.0559098339337,-0.1195248989076,-0.1982963901699,0.4139860689881,0.0997602684943,0.1546319836180,0.1215766616620,0.2949152474975,0.7025511359854,0.1742967651175,0.5652207516310,0.3615560278812,0.0881449850704,-0.1440511792426,-0.2594382039862,0.1718407495350,0.2709301992639,0.3235616784560,-0.0152644362006,-0.0080076957814,-0.1232922334929,-0.1976789507153,-0.0850495488764,-0.3435573797352,-0.3235955302573,-0.0466337435569,-0.2212687428707,-0.1976742957387,0.1911333437187,0.4169331252658,0.3892648108269,0.6703403308861,0.9289178947461,-0.0816163387473,0.0327972713349,0.0547665142712,0.0784118597349,-0.1991865549294,-0.0574036665583,0.5198566147658,0.2258364732432,0.7841831377178,0.7439902084233,0.1359827076678,-0.0973155956818,0.5199643019208,0.7736983699784,0.3122091597221,0.0139322612489,0.2931850788253,-0.1123755135168,-0.0894074455349,0.4430618617140,-0.0587171383273,0.1258232702446,-0.2248344468802,0.4076457315603,0.0923496655034,0.0018724570430,0.3104132969491,0.4420063846749,0.1549314745548,0.1895488287689,0.0011697118131,0.0111058873586,0.2075478713242,-0.0742689427638,-0.1727265902293,-0.1002357208634,-0.1265781930887,-0.2240489695961,-0.2419439273754,0.0031672503273
0.2848750483348,0.2735746466599,0.3423805950486,0.4361180423591,0.4084560604558,0.6056535082711,0.4019169973580,-0.1188688952398,-0.1369854285207,1.0000000000000,0.3962224896061,0.2860108531002,0.2723765830866,0.3887172347819,0.5674913710100,0.0848190576443,0.1797563826126,0.2977762394963,-0.0870292216402,-0.2239501898482,0.1889493118837,0.6788883463931,0.2265272015464,0.0852590322393,-0.2386331127111,-0.2438648446588,-0.0423549004460,-0.1255565548604,-0.0647879600556,0.0146865973862,0.2715927604965,-0.1412159084661,0.4367077434143,-0.1345920278318,-0.0229418153839,-0.0529170782882,0.3515269160820,-0.2974556188976,0.1651772753059,-0.0566302552756,0.5084213140936,0.5603998957825,0.0891401011375,-0.3338483721896,-0.2299703078257,0.3486958500886,0.1302512832863,0.2076487638946,0.5665601588798,0.5687947539786,0.1030913657009,0.1627628854298,0.1587435461155,0.3323056637636,0.4839128030883,0.0976240912325,-0.0682372665539,0.0307234624351,-0.0094671521257,-0.0471447522284,0.1787298589995,0.0387734513969,-0.0352991605734,0.1587982556748,-0.1115996988707,-0.0063679236427,-0.0146890312499,0.1617278694593,-0.0444191590226,-0.0507142149206,0.0885857651304,0.0673126884696,0.1551921114012,-0.1316030765455,0.0077068701082,-0.3726249280804,-0.0645300101824,0.0222172678667,-0.1039782479873,0.1564772458957,-0.1442165395843,0.1395956514394,-0.2417467072154,-0.1762029624643,-0.3010583582648,-0.0516598247319,0.2295816412423,0.0152575490272,-0.1096064929061,-0.1997276598817,0.2363233763294,-0.1613148262578,-0.4111237453715,0.0741435690983,-0.0548779405339,0.0969195829200,0.0020002757593,0.0816806625871,-0.1543234432922,0.0607745575095
0.4032301172733,-0.0083508104621,0.1157699546882,0.3029902238267,0.4997310908122,0.4998782608750,0.2682503707641,-0.2271408768184,-0.1217502179929,0.3962224896061,1.0000000000000,0.7793045834495,0.4064135048397,0.0319279091752,0.2732644087967,0.2065775287738,0.3297075404391,0.5785819424072,-0.1882067072135,-0.0617335593913,0.5853230767000,0.3878626216723,0.7639002637609,0.3809458446134,-0.0613084356797,0.0812594028209,0.3094646475834,-0.2720029273319,-0.2394792191238,-0.2315174085110,0.2013242117083,0.2286088366310,0.2756243014719,0.0668216456755,0.2813683800349,-0.0605969413981,0.4605613267609,-0.1514998413273,0.2655451933359,0.0896775761371,0.3734102546394,0.5962195412013,0.3046551417948,-0.3355051724874,-0.3107692487541,0.3162696381221,0.2469917112412,0.6441561808246,0.3485971065075,0.4470729637567,0.0920237063783,-0.1582526536488,0.2275135528835,0.3405448669001,0.3218985170639,0.2092776081965,-0.0919154387860,-0.2688454162719,-0.1502641466304,0.0057237098472,0.1058661694987,0.5948289154303,0.4764980224210,0.5191856738530,-0.3275066763343,0.0056468240991,0.0334737131968,0.5549745614920,-0.1623966638168,0.1707107728323,0.4526331674144,0.3703663097633,0.4234415734913,0.0900411947255,0.1163556432412,-0.1936637727035,0.4035539796676,-0.0681027543576,-0.3175034562606,0.2803012178615,0.3173698963137,0.3842838578307,-0.3482548092077,-0.0645725238071,-0.4206838779302,0.1168242732940,0.4356729814766,0.1538738298509,-0.1181605366158,-0.4023543572373,0.4031964976378,0.1354036631077,-0.3871270644461,0.0117195065400,0.1413914560049,0.5973842847407,-0.2784087618524,-0.2370823890860,0.0222681960082,0.1806279474866
0.2332144419330,-0.1079949917545,-0.0369996482282,0.1592241691684,0.3988024112498,0.3532864568073,0.0868769935889,-0.1027522525227,-0.0758761657588,0.2860108531002,0.7793045834495,1.0000000000000,0.4568105584588,-0.0443654199251,0.1438942016671,0.1324678516851,0.4111303689178,0.5047324800224,-0.1884135635058,-0.0006584012698,0.6693237656002,0.1610616937178,0.8501049907075,0.2762235732828,-0.0519399214347,0.1727987820072,0.2543490091089,-0.3869239115792,-0.1872477235093,-0.2635025997764,0.0651292764807,0.4119764476066,0.1887341212889,0.2556665264933,0.2327492867777,-0.0783175039004,0.2544896145685,-0.0362332019186,0.0941468429184,0.1448217041099,0.2385836737823,0.5253794824104,0.1946576616149,-0.1701858470195,-0.1616845252775,0.2255592511619,0.2543454855798,0.5573242068851,0.1751586523596,0.4546664542855,0.0377125501506,-0.2257726640852,0.0829697673321,0.2753004500447,0.2265435576210,0.1535170756310,-0.1721526839582,-0.2727758826260,-0.1285239712275,-0.0196722890634,0.1415774843985,0.5462186106512,0.6120654428977,0.3392986830298,-0.1926761249286,0.0144152378299,-0.0579207938540,0.3846603064583,-0.2035108266516,0.0995535130421,0.4079520678817,0.5354729646101,0.2915363673396,0.0982163370245,0.0440866863973,0.0047522449379,0.3531961443811,-0.2549627769201,-0.2747172062313,0.0706617168596,0.4326832258312,0.2809835185412,-0.2086674374384,-0.0686301117516,-0.3222688882292,0.1725414469180,0.2520049821202,0.1278822959197,-0.0567528125216,-0.3391555058955,0.1996611667750,0.2633222787394,-0.1615187285760,-0.1285540951997,0.0656607062225,0.5086438712720,-0.2656657126311,-0.2294883926610,0.2076340337452,0.1648659779625
0.0137963294645,-0.0357973234583,0.0395252958127,0.0937196561258,0.0595314749276,0.0923709280596,0.1456657635535,0.2354607509226,0.1844604540284,0.2723765830866,0.4064135048397,0.4568105584588,1.0000000000000,-0.0565737760372,0.0170709879613,0.2293624134917,0.6639451151077,0.4493116100219,0.1752271278854,0.2436573615189,0.4746717094023,0.2031663010438,0.2694930092321,0.3136131237700,0.1474459162543,0.2697297771658,0.3461904276013,0.1140294152051,-0.0415436246629,-0.0585376686505,0.3908912081609,0.3933859724054,0.5276296911496,0.1868898442775,0.1944568163627,0.1079939581693,0.2729380285581,0.1769107080525,0.2233969821858,0.1915504556200,0.1038990357374,0.0902962676801,0.2169119660642,0.1230812345046,0.1424895170965,0.2170030356902,0.3182145617862,0.1376513447741,0.1263070750075,0.1874620398297,-0.1180679591874,-0.0088183210028,0.0029936755983,0.1265238989725,0.0322649317510,0.1294755562113,0.1553486753337,0.1203340026677,0.0733165848126,0.1680999186206,0.0721242752552,0.2462483401692,0.2612296954943,0.5165384453421,-0.0718135705296,-0.0811099339378,0.1212015595267,0.4215263529655,0.0875522854947,0.1894869583414,0.2267076701074,0.1456328760530,0.2576980370499,0.1755534837817,0.1591691481208,0.0132340839884,0.2233044512117,0.0990162399711,-0.1740212593906,0.1560221372506,0.1909098676493,0.2984373106008,-0.1017792935437,0.0825974103810,-0.1565382645222,0.1486572684476,0.2095813746160,0.1870662831479,-0.0563574901893,-0.0730740356954,0.1420861989470,0.1362942659946,0.0103577944187,0.1882925940579,-0.0202803131860,0.1397604615374,0.0508515522505,-0.0003910970974,-0.1193664568992,-0.0097239508447
0.4763046703511,0.8391614212485,0.7477480133983,0.3263407520799,0.4172646681292,0.5136562395402,0.1494392265880,0.0132473229857,-0.3067265629548,0.3887172347819,0.0319279091752,-0.0443654199251,-0.0565737760372,1.0000000000000,0.6123558242801,0.0404681232058,-0.1605271021952,0.0723108622006,-0.2924989441120,-0.3921302817228,0.0321338708708,0.5172030830763,-0.0894762111737,-0.2456443421582,-0.3624916327446,-0.1998288035444,-0.4442229853294,0.2563951469511,0.2741617128166,0.6397921687926,0.0445211300488,-0.4388764689055,-0.0889011727854,-0.5616408120989,-0.1161534030204,-0.2677067439628,0.0220355488350,-0.3435938138474,-0.0368481139008,-0.5182506637415,0.4154132982449,0.3326804841746,-0.0699531603714,-0.1482659374242,-0.1141510428393,-0.0967563510198,-0.3261039095704,0.1271516658053,0.5621516065051,0.3964668657360,0.3789469112756,0.6605773212672,0.1296584113583,0.4166845732928,0.3038382471285,-0.0648710290429,-0.0627585116411,0.1084376448291,0.0620512684949,-0.2322834608207,-0.2289536679404,-0.2655400375563,-0.2899349524509,-0.1279858139621,0.1275419388818,-0.2336914466260,-0.3134163769519,-0.2027508178379,-0.2705573606236,-0.3033615589159,-0.1473109951409,-0.3031612309017,-0.2566552147273,-0.2863804946692,-0.3129418834200,-0.0613893821856,-0.3941962516330,0.3409822484496,0.1340931721885,-0.2285871745474,-0.3462945281149,-0.1342065831779,-0.0786000430466,-0.4700910292878,0.1001031203780,-0.3541888703931,-0.1163172709802,-0.0404084938956,-0.3900680171055,0.0190858751038,0.1398467022411,-0.5223279146150,-0.1173439169171,0.1069652927518,-0.1087881745411,0.0554296283177,0.2409856724912,0.0566269976755,-0.2701867034386,-0.2671159376381
0.4046302383814,0.5722280267770,0.4583915070012,0.6714473323827,0.3889418082443,0.6294398848407,0.5665967532603,-0.0076584378229,-0.1138209923795,0.5674913710100,0.2732644087967,0.1438942016671,0.0170709879613,0.6123558242801,1.0000000000000,0.2119427849851,0.0521865338265,0.2811146456475,-0.1551343342376,-0.2771120721891,0.1321299626040,0.4148702114156,0.1016941366476,-0.0369853075187,-0.2503891342444,-0.3177486956564,-0.2489396814641,-0.0879940914154,0.0225215699045,0.2980612378632,0.2718288059757,-0.3643250587053,0.1597121354530,-0.4074936206175,-0.0492389742071,-0.1220780393599,0.3009796652442,-0.2065594931864,0.3058927522968,-0.4086645408242,0.5307583828020,0.6126102291148,0.3422614095478,-0.2292221006010,-0.1091186948489,-0.0004288663479,-0.2149130650060,0.3427142729088,0.5628752119937,0.7418222591698,0.0925239175603,0.3191516103849,0.2776416181867,0.4341454909595,0.4437686387530,0.2256438868959,-0.1422608365942,0.0116926488467,0.0725454927573,-0.0555212974555,-0.2115433516780,-0.1183895252697,-0.1187591591842,0.0491642229983,-0.1128764992932,0.0028341580048,-0.1052102767390,-0.0936462790898,-0.1119899789848,-0.1385074997289,-0.0888511062271,-0.2113376502277,0.0005478450530,-0.1267926206143,-0.2410179657952,-0.3314636083917,-0.1185184956551,0.1132263295499,-0.1562389255240,0.0118823396691,-0.3551591316902,0.0165039066210,-0.4062286754432,-0.2844370735287,-0.1455493325362,-0.2704910581039,0.1605350079897,0.0521302826537,-0.1447121484166,-0.1261635183678,0.3644771169010,-0.4261335608129,-0.3063333027931,-0.0342004734314,-0.2289720288472,0.1482781063991,-0.1528392780987,-0.2326074521449,-0.2994479057017,-0.0949639515619
0.2457298993841,-0.0247670888836,0.0677207516242,0.4872995378690,0.1136888341409,0.1935875270216,0.5849525423220,0.3305180326279,0.5081155610245,0.0848190576443,0.2065775287738,0.1324678516851,0.2293624134917,0.0404681232058,0.2119427849851,1.0000000000000,0.3909811048313,0.5065476825956,0.5208208407807,0.4273855980485,0.3999008891986,-0.0154635767384,0.0330385992215,0.4589908945268,0.3725794543430,-0.0552519850093,0.2694736693566,0.0014773776617,-0.2064564770786,-0.0836953413779,0.7412373315860,0.0844164450393,0.2867083673581,0.0322107489220,0.7070606467220,0.7112863012210,0.2890239422535,0.2683264156982,0.6138544252034,-0.0170544735125,0.0944099848845,0.0752240691381,0.5514773125350,-0.0626806609727,0.1122742703184,0.0685059013543,0.0001512650637,0.2834793518732,0.1851159263379,0.2205455118029,-0.0837626056673,-0.1250120058177,0.2137027535267,0.1883758018039,0.0820715708214,0.4992952588707,0.1500734640120,0.1985850876292,0.4652033992969,0.5127909883374,-0.1929036414601,0.0656950757518,0.0123092653208,0.1060922381307,-0.3430442009671,0.0193770888999,0.6727890806868,0.2511011745486,0.5334235420657,0.4636270283390,0.1277744009182,-0.1921982100170,0.4482959088721,0.4160361906626,0.2796346130112,-0.1450519488578,0.2658696374695,0.0202300741584,-0.2431203472414,0.4147578153872,-0.0531563266301,0.1408561466159,-0.3198717368854,0.4679755027928,-0.0606100707712,-0.0367918098894,0.2999184185999,0.7343076852843,0.0552400064687,-0.0470098139499,0.3042324158377,-0.0906556011854,-0.1313070357441,0.0097378812972,-0.1425803789115,0.2458378312876,-0.0719038801195,-0.2513786923104,-0.3079837868156,-0.0692189237901
0.1067489234569,-0.1104119199109,-0.0389712765309,0.2400627741977,0.1068359743249,0.0866117520913,0.3179389041475,0.4670465723557,0.3263952160038,0.1797563826126,0.3297075404391,0.4111303689178,0.6639451151077,-0.1605271021952,0.0521865338265,0.3909811048313,1.0000000000000,0.6291053356167,0.3308026429433,0.4458014340586,0.6368356182715,0.0505796167560,0.2686248594569,0.3546700776241,0.2470908906030,0.4077380564957,0.4384219445886,0.0287519527114,-0.1197763719546,-0.1976528266968,0.5057375002830,0.5973529235741,0.4158113169635,0.2820413702773,0.2840822700263,0.2676883290327,0.1955106979468,0.3533055870880,0.3163028322593,0.2090588886306,0.0746370931066,0.0809159371981,0.3763714622300,0.2137081844394,0.3239147654153,0.2376817620026,0.2660701912881,0.2206567937198,0.1119872024203,0.2815229709835,-0.1616367103806,-0.0937033042061,0.1410985547320,0.1513323947361,0.0454462403915,0.3801386003710,0.0175311992831,0.0568595609450,0.1367540550155,0.2568412689215,-0.0140196252059,0.1312571776439,0.0945504811786,0.1692145314869,-0.0857364562479,0.0177732852235,0.2493395740555,0.3472134202002,0.1753644001549,0.3133465137095,0.0994697263754,0.0553378193872,0.3695712602421,0.3214816952945,0.0892983335273,0.1232677984690,0.3446780120714,0.0501655640713,-0.2070207011677,0.1768415351311,0.2790652688323,0.2880747273475,-0.1215884265513,0.2029633780623,-0.1510205527406,0.2281626025752,0.1874104280625,0.4279943720300,-0.0607382170900,0.0052124076294,0.0988750788277,0.2464976449824,0.1436008180321,0.0803728270170,-0.1616495631411,0.2244714116761,0.0302715954911,-0.0439814086066,-0.0977938046073,-0.1091328641329
0.4101446820161,0.0459109992792,0.0520528202273,0.4112627507278,0.3424756134907,0.3263038073801,0.3698749165902,0.2329298078185,0.2419536871018,0.2977762394963,0.5785819424072,0.5047324800224,0.4493116100219,0.0723108622006,0.2811146456475,0.5065476825956,0.6291053356167,1.0000000000000,0.0215232286198,0.2622982936651,0.5844997260478,0.2500937566840,0.4644685975250,0.5365013318329,0.1639506127958,0.0894690106812,0.3885624870138,-0.2266235523055,-0.1545674701355,-0.1244107991636,0.6100161020294,0.2048208792938,0.3360990002542,-0.0364100182991,0.3872233199987,0.1473470186434,0.4240141235757,0.1642389428152,0.4986190806640,-0.0114402936718,0.3307162328361,0.3650639332680,0.2933398915418,-0.1161075311245,0.0693018024937,0.2251131257791,0.1446279905806,0.4586417337936,0.2876607829246,0.3788256445218,-0.0231558309706,-0.1398040099868,0.2048133601306,0.2763737879952,0.2064482935282,0.3760817898415,0.1244587844105,0.0441205292283,0.2847502724425,0.2745108933127,-0.0482869726868,0.3193395386653,0.2226266698874,0.2359384992405,-0.2401968398012,-0.0792144489834,0.1883224323396,0.4937030398988,0.0720966400859,0.3262861858812,0.2175873970947,0.2054715012675,0.5330096940968,0.3149327309650,0.0666891831416,-0.0006863321540,0.4567775278492,-0.0266149755462,-0.0555848004498,0.2836275018389,0.2120519767175,0.3183850186808,-0.3098857519866,0.0974441390644,-0.1737642926346,0.0216813956622,0.4202379801224,0.4509789567169,-0.1627881313558,-0.0668912988767,0.3547114643905,0.0538485761228,-0.1148527804857,0.0014204388119,0.0114177174950,0.4597955002260,-0.0708981144097,-0.1668362948259,-0.0999081355898,-0.0920685620606
-0.2555453343178,-0.2450804337893,-0.2334383458204,0.0464215167434,-0.3886426017603,-0.3203812290375,0.3052803454922,0.4725036473754,0.6487534414098,-0.0870292216402,-0.1882067072135,-0.1884135635058,0.1752271278854,-0.2924989441120,-0.1551343342376,0.5208208407807,0.3308026429433,0.0215232286198,1.0000000000000,0.5430621472352,0.0621642663553,-0.1860546249125,-0.2710205221377,0.2776742504545,0.4532537913489,0.0673579500629,0.1589999804459,0.1768493800530,-0.0101263376162,-0.0594646415771,0.3552820297464,0.1629833277722,0.1566441315228,0.3117614169733,0.2139975732338,0.8104531981611,0.0253065935459,0.3002860587316,0.2243315416198,0.2051487042824,-0.1349260358081,-0.3399759475429,0.3668997529287,0.1833690526266,0.2363262848104,0.0899612333728,0.1070871725335,-0.2600677030094,-0.1217816224326,-0.2020566759518,-0.4203030049208,-0.2526751790826,-0.0993868464033,-0.3244027895762,-0.2885358639818,0.1666110627619,0.1428439772361,0.3484297707916,0.3665428387920,0.5845808964337,-0.1830005067933,-0.1762924887142,-0.1714416337000,-0.0414781521848,-0.2643959764604,-0.0982126821553,0.7247493924097,-0.0034317245702,0.8171914915195,0.4313750223365,-0.0596974657902,-0.3421100298886,0.3276870371225,0.3484088525657,0.3561470946948,-0.1181524593870,0.0288107409991,0.0120496931539,-0.1155874174431,0.3396695502969,-0.2147133731271,-0.0785024810855,-0.0997021261382,0.5457019472797,-0.0922725726660,0.0885330183541,0.0608014166099,0.4229926737119,0.1140548321627,-0.0209663650303,-0.1529197119436,0.0967106837742,0.0946576222726,0.0849562761930,-0.2339808968963,-0.2387645491584,0.0283057129972,-0.0816903164637,-0.3492360570218,-0.0868430881029
-0.0614936041335,-0.3108183636052,-0.3184600793183,0.1015921690138,-0.1159767450614,-0.2266768654583,0.1368585790263,0.4828900899510,0.8126374980406,-0.2239501898482,-0.0617335593913,-0.0006584012698,0.2436573615189,-0.3921302817228,-0.2771120721891,0.4273855980485,0.4458014340586,0.2622982936651,0.5430621472352,1.0000000000000,0.2535959230627,-0.3165080804404,-0.0958871372467,0.5517111450409,0.9024826014580,0.3727408953432,0.6492992906844,0.0039766254006,-0.2386220357974,-0.3348610234898,0.3729122949572,0.3704277503501,0.2504927842167,0.2163512087810,0.3770708963397,0.5381086866465,0.1428208984522,0.8219387172803,0.3194364124940,0.1960685769829,-0.2927942276047,-0.2486460232276,0.1166348623290,0.4819135262971,0.5274666746322,0.1120857926170,0.1867224707638,-0.0086517302743,-0.2503753942519,-0.0786660773580,-0.2194863977787,-0.2954287010156,0.1478792342530,-0.0594773658770,-0.1275158204582,0.3255875251411,0.4457979833559,0.3042491265583,0.4811614319957,0.7235920175708,-0.0279575908343,0.0844226964832,0.0415216590640,0.0317678421634,-0.1533773818165,-0.0291804223218,0.4156467551006,0.2599564718090,0.6019920434914,0.8134122894300,0.0545076417903,-0.0320032284694,0.5109674424776,0.8595502784586,0.2738200535075,0.1881846135514,0.5051573224499,-0.0417744167040,-0.1516302280635,0.3662185401343,0.1566909152212,0.2405714599196,-0.2190950643675,0.3863090198411,0.1943892235895,0.1989072971610,0.2960448750474,0.4640876227423,0.0367057965467,0.3348511097480,0.0084188961069,0.1877125608223,0.3582798879239,-0.0152502350747,-0.1143452070699,0.0421030775459,-0.1117946961140,-0.2460557824184,-0.1657589536009,-0.0767658216485
0.2899096000423,0.0047138332038,0.0841753514537,0.1959165077434,0.2900928137445,0.2372878946221,0.1197986998584,0.2565395711985,0.1281676985114,0.1889493118837,0.5853230767000,0.6693237656002,0.4746717094023,0.0321338708708,0.1321299626040,0.3999008891986,0.6368356182715,0.5844997260478,0.0621642663553,0.2535959230627,1.0000000000000,0.0872669484932,0.4935586050722,0.3808505901447,0.1358159146432,0.3546756243307,0.3480559097288,0.0064531383029,-0.2310717461149,-0.1576032013573,0.2185526522738,0.4301400828849,0.2107446009157,0.0487687620479,0.3689271644880,0.0922809380058,0.1497776078201,0.1374945244244,0.0908408634660,-0.0776840219370,0.0277895216563,0.1830953698593,0.2706405290544,-0.0095926912929,0.0314744514319,0.0421382105331,0.0680675890438,0.3944658535429,0.1337149340734,0.4658822531565,0.0738497616801,-0.0050256096483,0.2027299103045,0.3107721829533,0.0811232655983,0.2764409868911,-0.1190616236141,-0.1192879916937,0.0734567515769,0.1281475134284,0.1171811585051,0.4716347798690,0.4110103826825,0.1941911302376,-0.0704645862617,0.0230188856842,0.0533237932330,0.3994251853155,-0.0232383867875,0.2948270865013,0.4301168397285,0.2701976691345,0.3511423247625,0.2940260651653,0.0373477404763,0.1370956877583,0.3776873174969,-0.0267272364685,-0.3562145543792,0.1173574436674,0.3469107558297,0.3199795961728,-0.1149590114399,-0.0586466715981,-0.2258223552846,0.0698221279736,0.1370169371562,0.4325939763414,-0.1057013993669,-0.2166861328565,0.0666609531740,0.0466823788786,-0.0043975286004,-0.1084774618356,-0.0082816463547,0.3917056184109,-0.1217145915000,-0.2010212399359,0.0468388514295,0.1446368931522
0.3245920303306,0.4514531894169,0.4917795556494,0.2485360025988,0.4145435293065,0.4706424364864,0.1908649105557,-0.1350417275194,-0.2457796927974,0.6788883463931,0.3878626216723,0.1610616937178,0.2031663010438,0.5172030830763,0.4148702114156,-0.0154635767384,0.0505796167560,0.2500937566840,-0.1860546249125,-0.3165080804404,0.0872669484932,1.0000000000000,0.2579554259082,-0.0794457221583,-0.2916859638844,-0.0857479441020,-0.1504970618626,0.1057250103467,0.2101082782914,0.2708771716316,0.1277042767777,-0.2141951765338,0.2293925057794,-0.2953467198566,-0.1409016318114,-0.1907664383805,0.1910383359165,-0.3629543505661,0.0290408887199,-0.1550419008336,0.6622793778069,0.4721952418303,0.0477848835641,-0.2777958179331,-0.2054138379202,0.3948322464038,0.0991193390990,0.1605788028921,0.6517241102677,0.2947641243385,0.1661401854557,0.2799152012601,0.0056438593638,0.2968860812687,0.2941024168309,-0.0942103616970,-0.0756734931527,0.0221802181037,-0.0470493846287,-0.1403744467060,-0.0824287577918,-0.0508766273164,-0.1786169167885,0.2022159199293,-0.1840510143751,-0.3271361460143,-0.1710404224455,0.0857379537405,-0.1773548689332,-0.1637133671393,-0.0005093968239,-0.0487937861160,-0.0246991713167,-0.2148673484356,-0.1970479713295,-0.1996838536295,-0.1136947349717,0.3298102146658,0.1000906244481,-0.0290423461161,-0.1839977339968,0.0345040300146,-0.1979634797373,-0.3570461448261,-0.1728800590497,-0.1115990645530,0.0426481852200,-0.0752774005160,-0.4145337513992,-0.1440765744584,0.1483033616225,-0.2384001086891,-0.3065310079940,0.3938029296822,0.2063880332672,0.1308598851899,0.2025544640364,0.3201529455649,-0.2550789726485,-0.2166968085186
0.1953005692397,-0.1146684258943,-0.1068611935408,0.0726002041390,0.3180522738406,0.2551874992028,0.0057669845913,-0.2653277271437,-0.1506614581145,0.2265272015464,0.7639002637609,0.8501049907075,0.2694930092321,-0.0894762111737,0.1016941366476,0.0330385992215,0.2686248594569,0.4644685975250,-0.2710205221377,-0.0958871372467,0.4935586050722,0.2579554259082,1.0000000000000,0.2640041748189,-0.1080887999101,0.2027199895899,0.2375831587176,-0.4415022158820,-0.0866843981023,-0.2274601854606,0.0188379696087,0.3723614097878,0.1500621315502,0.2239800861309,0.1419296940725,-0.1695997140525,0.2473528826669,-0.1221863319586,0.0277401661251,0.1467715602651,0.3222845191598,0.5220264563208,0.1645839567882,-0.2803666362018,-0.2623965005723,0.3177661097986,0.2824869760535,0.4839414155825,0.1003164473749,0.2717692440242,-0.0010959644007,-0.2914605922329,-0.0233035200408,0.1350353334974,0.1450416181563,0.0172518124664,-0.2143783518636,-0.3690345204780,-0.2334666859565,-0.0866342532279,0.0080224454621,0.4786176969884,0.5198591840743,0.2968931743264,-0.3063374617960,-0.1127483576452,-0.0909868951029,0.3168420488145,-0.2803892555087,0.0327463925914,0.3470902387645,0.5447931892542,0.2634102497975,0.0160234002765,-0.0403774032021,0.0580568021764,0.3970833516053,-0.2433838111465,-0.2018828576460,0.0581084879895,0.4814945407606,0.2285080655824,-0.2549784506493,-0.1434065231553,-0.3021407429379,0.1922056933737,0.2448141419228,-0.0102434054989,-0.1520309973935,-0.3210565154824,0.1590793280977,0.2788783858430,-0.1854520131804,-0.0587110848206,0.2091860710078,0.4504322322071,-0.2854617416549,-0.1739401575325,0.1784377911639,0.0847627272318
0.0450133935096,-0.3474651108539,-0.3113679188829,0.1322429421164,0.0601982733992,0.0007846276147,0.1733804072191,-0.0527009679296,0.5328232239894,0.0852590322393,0.3809458446134,0.2762235732828,0.3136131237700,-0.2456443421582,-0.0369853075187,0.4589908945268,0.3546700776241,0.5365013318329,0.2776742504545,0.5517111450409,0.3808505901447,-0.0794457221583,0.2640041748189,1.0000000000000,0.5592205718578,0.0805907809628,0.5794390464790,-0.1957400409153,-0.2614955654148,-0.3717164137971,0.4740834360755,0.1641132118561,0.3863500965228,0.1595076602257,0.5301022941132,0.3440355016014,0.5921372829989,0.2858735520726,0.4328567011164,0.1527672676482,-0.0411952574374,0.0557702305549,0.1831093019830,-0.1653280490854,-0.1561974336322,0.1306519507267,0.1917059037125,0.1791981136080,-0.0437136391794,0.0153515824194,-0.1729201153896,-0.4221437294370,0.1041253590454,-0.0395490070395,0.0318986339314,0.2302989755860,0.2468523369404,-0.0702579865562,0.2179504993491,0.5682302257778,0.0934660503753,0.3837686933373,0.3460579157749,0.3136489394760,-0.3781881270130,0.0434172832890,0.4328735280232,0.5903024202816,0.4156140316906,0.6540550347737,0.4340666773850,0.1961950772067,0.7552630932828,0.5418480786723,0.3555555788727,-0.0196382839248,0.5095872297990,-0.2751925453232,-0.2905142446490,0.6193810591922,0.3105308572299,0.2982043974191,-0.3113803440310,0.2853512789268,-0.2173957545904,0.2265959453069,0.6132124597501,0.3476749024395,0.0835854698882,-0.1451849894139,0.2903234532957,0.2010940758318,-0.1232014561922,-0.1818204104305,-0.0654039056688,0.1594923808783,-0.3524843678322,-0.3893350153711,-0.1121306518065,0.1621227009893
