1.0000000000000,0.4546234690743,0.6571062088446,0.1296905419379,0.8891039009280,0.5909117222854,0.0915764842209,0.0823214274110,0.2291157738533,0.3122271828149,0.4615148575183,0.4208114171884,0.1824352135191,0.8520300179207,0.6621891507635,0.1188922626948,0.2861419413294,0.3620327011783,-0.0096626317074,0.2049042274808,0.4214576961512,0.1625045868610,0.5387968977959,0.4012403611530,0.0861949277750,0.2799463233100,0.2337121449987,-0.1636452245166,-0.0138316542802,-0.0278408327636,0.3382481303379,0.3456192314029,0.4471846038007,-0.0386093625497,0.0982199901329,0.1018968186256,0.2914208797676,0.0583151150880,0.1683493222723,-0.1034255683212,0.2197867555776,0.4356754277755,0.1838805471187,-0.3137378278205,0.1029414505125,0.0361330656260,0.2323652731595,0.4951686756630,0.3034872761066,0.5337490059926,0.7473240586790,0.3168086711870,0.2296448747628,0.5914884811751,0.4263878654467,0.0668196550461,0.0413462022745,-0.0704523367483,-0.0304097844230,0.1400518356831,-0.1208066187704,0.3128575123885,-0.1970899331002,-0.0799961449276,0.2947135630517,0.0618263871876,-0.2186723011308,0.1918710282422,-0.1040230991558,0.0950837388118,0.0746654946577,0.0121410892274,0.2751142286288,0.1085385501470,-0.2116604859158,0.0207839371750,0.0476410248053,-0.3471755944223,-0.4487903831014,0.1354706314699,-0.1499661054822,-0.1711265769273,-0.3890804502749,-0.1980401486063,-0.1100215200865,-0.2369791513897,0.1443144539182,0.0792476456521,-0.0230977754176,-0.1477576937145,0.1752773275642,-0.3454781698387,-0.3617017877728,-0.3849411208203,-0.4110251302458,0.4285131965645,-0.0307174742341,-0.2160787857839,0.1185159195017,0.2008060825598
0.4546234690743,1.0000000000000,0.4419093968667,0.1683818523881,0.4591761977597,0.3465430861307,0.0812053961417,0.2133575074393,-0.1394264238866,0.3317729242757,0.1384925314224,0.0680808868845,0.0585700336313,0.5973390991880,0.3545140689324,0.0408525471568,-0.0039916992527,-0.0228507462000,-0.1568529598289,-0.0156028151149,0.0755744517966,0.2265295191424,0.0723312936845,-0.0221471292573,-0.2157061224062,0.2843581200262,-0.1710272336753,0.0810815547489,0.1522177213517,0.5109817436408,-0.0632644902342,0.2509360327431,0.1962233680328,0.0028959542610,0.1368531101856,-0.0155259939149,0.1256027872038,-0.0029645682810,0.0132026444645,-0.1404722544618,0.1931205591895,0.3411150175481,-0.0294455318003,-0.0905940591437,0.3221381987152,0.1296152853216,0.1999630833831,0.2631474634122,0.3594809126502,0.2010916265584,0.3430411617908,0.6941862464501,0.1750677269603,0.1837660530613,0.3032582008208,0.0505651589708,-0.1662445262279,0.0678867064011,-0.1187700557730,-0.0565241203512,0.0040067068634,-0.0718531380398,-0.1712148177361,-0.1963118422337,0.5335475049467,-0.0663026471916,-0.0999847270162,-0.1338656844613,-0.1658019323292,-0.1711056555912,-0.2975060216285,0.0518092524645,-0.1303587489665,-0.0484187359713,-0.4618627524448,-0.0926864881321,-0.1526867179946,-0.0927277229304,0.0673539946015,-0.1682315123558,-0.1447176205164,-0.1665053053089,0.2282478317167,-0.2630258309212,0.0027213978490,-0.0215907327402,0.0207904996177,0.1119743105785,-0.3330609525208,-0.1369857025943,0.0214444755000,-0.2725165757038,-0.1174843151385,-0.0480810730006,-0.2265806373980,0.1342417193373,0.2518888512023,-0.1587717958773,0.0306386239933,-0.1806563607168
0.6571062088446,0.4419093968667,1.0000000000000,0.5222729943666,0.6364413223901,0.8427974351522,0.5208764516172,0.1743248595985,0.3532889146063,0.4998045778820,0.4925840846238,0.3760871644030,0.2727210290373,0.5974618657202,0.6437188786388,0.3844608194838,0.3549179155284,0.3489110671642,0.3548030940973,0.2523511608412,0.3245919910215,0.2479012150367,0.4191112406127,0.3991762158104,0.2392848691646,0.1049234146471,0.3168664480181,0.0266986177148,-0.1781492955906,-0.0141485775560,0.3710991559034,0.3170938770148,0.3586561292383,0.1369986846587,0.2188429776738,0.1847982540796,0.4122840022570,0.0757081672708,0.2913586447521,0.0499729224854,0.3333488187371,0.6000760806588,0.2212641634152,-0.1273105840409,0.0041446346190,0.3095356889329,0.4134500128804,0.5732547531107,0.2545197357629,0.5920207075299,0.4687762751004,0.4169114052949,0.5079170221239,0.7725835064989,0.6176255776940,0.4013850153440,-0.0052509881835,-0.1626346632972,0.2388049396290,0.3567513811632,-0.1086055022708,0.2932705749841,-0.2530060952529,-0.0439642841472,0.1894204150715,0.0652627425789,0.1694895698812,0.2747765320338,0.2550646612722,0.2444823006752,-0.1092292503794,0.1084100276334,0.3702834439681,0.2830869905906,-0.2708672545429,-0.3088435584229,0.1916276670814,-0.1122609333937,-0.4573583409692,0.2834466674715,-0.0568426580132,-0.0179249579437,-0.2878810767264,-0.0909598567733,-0.1384308678355,-0.0572212579346,0.2893685308465,0.2171787785039,-0.1753661031116,-0.0381941127027,0.3570598178428,-0.2152879746901,-0.2807855313099,-0.0499482487757,-0.2791865581018,0.4863325316012,-0.0420173184640,-0.2593878454919,0.2442272317418,0.0069359811234
0.1296905419379,0.1683818523881,0.5222729943666,1.0000000000000,0.1448742943168,0.5598423161054,0.8689820158331,0.0849208155278,0.3515713085029,0.2544377855204,0.2282998624307,0.2600629901693,0.2758813215553,0.1614739802329,0.4849125159809,0.6913390275746,0.2629697444797,0.2036638157781,0.5842012453664,0.2314801212040,0.2732740720834,0.2430382966240,0.2256027854447,0.2891188996729,0.3682844782916,-0.0474005183855,0.4222372410998,0.1971904045596,-0.1141468074256,-0.0061517130987,0.3797446772250,0.0788938460998,0.1764926061756,0.5067287633687,0.4721239178503,0.4981293107658,0.2877942184281,0.1678688699790,0.3268782183739,0.4160477781935,0.4502769944763,0.3588248835243,0.2952792055385,0.3677335575395,-0.2684438917333,0.5002556091607,0.5337121887549,0.4024928562637,0.1899938615985,0.4124666750787,-0.0250733945407,0.1899734377709,0.7867016885984,0.3416118456116,0.5068446130404,0.8319184869868,-0.0256166394185,-0.2286773760075,0.3996563358099,0.4165609196098,-0.1378723807336,0.0850469410190,-0.0423778198799,0.0765867474702,-0.1424243872822,0.1196696070682,0.5504538501731,0.1367895276710,0.5786133033372,0.2770023858398,-0.1112821809522,0.1474099215683,0.2577849003307,0.2978082280330,-0.0730841251477,-0.3892813416977,0.2972363311329,0.0914966876721,-0.1972574083859,0.1954825753126,0.1061348299419,0.1379593213043,-0.1883936630265,0.0609435296249,-0.2330597741619,0.3790888089014,0.1797498315339,0.4190249932774,-0.1157408785651,0.2070968721575,0.2964196196227,0.2868601465248,0.2077630418398,0.1175554220668,0.0653947070219,0.2459691507221,0.0436984135821,-0.1104689653602,0.1713017590152,-0.1854698183700
0.8891039009280,0.4591761977597,0.6364413223901,0.1448742943168,1.0000000000000,0.6747136379997,0.1389781306487,0.0318013229548,0.1577716942128,0.3060323478770,0.3900751486775,0.3557664124835,0.0687475069724,0.8157993053392,0.6407675466692,0.0578837417305,0.2119210776461,0.2720197709387,-0.0867588749560,0.1482546877346,0.3511296165218,0.1533908358695,0.5073274724969,0.3559761766054,0.0185299121934,0.3141637727312,0.1817565492556,-0.2395390366305,-0.0659433920136,-0.0548908203263,0.2607578294316,0.3201224288549,0.4219549387622,-0.0361365599991,0.1548483869077,0.1151397578635,0.2739181540825,0.0021545235206,0.1113980458465,-0.1311171106288,0.1026843289378,0.3285190807795,0.1131487758605,-0.3415487704166,0.1064507702508,-0.0671497982911,0.1302470201747,0.4934169962530,0.3103214150850,0.4838813099397,0.7833153573328,0.3560262952652,0.2541049966937,0.6701111418866,0.5845225691362,0.1187839593744,-0.0352509407797,-0.0274937316084,-0.1056988023885,0.0735667999901,0.0177380747036,0.2964935282992,-0.1786291713251,-0.1589417010526,0.3419811973439,0.0950432485151,-0.2629661717443,0.1397879295589,-0.1418049330824,-0.0001525092059,0.1108525177059,0.0146528418436,0.2096664808164,0.0199452868588,-0.2347192866378,0.0595442350057,-0.0312918931226,-0.3987972424604,-0.4366727912300,0.0442469213457,-0.2152858961010,-0.2549493322310,-0.4027630098378,-0.1836212385095,-0.1493784113994,-0.2644953020223,0.1595129083674,0.1094887289326,-0.0118364306423,-0.2331987281830,0.1250321801351,-0.3502602708940,-0.3951226068539,-0.4235620734513,-0.4389423255839,0.4183193069447,0.0259167129611,-0.2048378019407,0.1370960850641,0.2164927389916
0.5909117222854,0.3465430861307,0.8427974351522,0.5598423161054,0.6747136379997,1.0000000000000,0.5950276428122,0.1953060662781,0.3823815900014,0.4872813321728,0.4476744362212,0.4003069091355,0.2368625119170,0.5658351971500,0.6397639707448,0.4133162958413,0.3156511924982,0.3570472961707,0.3223661987755,0.2777789811604,0.3527782305687,0.2625670976126,0.4275703928816,0.4057671931848,0.2619145688745,0.1051730531474,0.3579351523845,-0.0343383865294,-0.1720182477974,-0.0541184251943,0.3586416668639,0.2647417289718,0.3429378199371,0.1834785041073,0.3573916504015,0.2950130163353,0.4065893806535,0.0747349246622,0.2982934757292,0.1292810666425,0.3151669512351,0.4872017389207,0.1986550722146,-0.0865146877939,-0.0719422642712,0.2682375021898,0.3953868011970,0.6989837153315,0.2555959046295,0.5846905831662,0.4593952280183,0.2886231894852,0.5645056172576,0.7837012462707,0.7305256165065,0.4753702067738,0.0028527111816,-0.0993715046357,0.2470051098318,0.3683167428194,0.0077257893231,0.2595087353491,-0.1762016243264,-0.0976117765120,0.1487649785702,0.1477588324391,0.1631692036830,0.2550798103027,0.2781237200584,0.2250843199631,-0.0177548349837,0.1193906609152,0.3492034898923,0.2434765447907,-0.2278920632516,-0.2650341724225,0.1783546345226,-0.1800868742427,-0.4264568590192,0.2075750049026,-0.0741676801210,-0.0680248057630,-0.3056532807596,-0.1042156121297,-0.1857243910218,-0.0201989950163,0.3278749263555,0.3005791360297,-0.1158325784840,-0.0301470923806,0.3480277560938,-0.0975635208480,-0.2345899847198,-0.1405472015179,-0.2488753083778,0.5450759247808,0.0017627576926,-0.1745167487053,0.2484990149109,0.0331799946100
0.0915764842209,0.0812053961417,0.5208764516172,0.8689820158331,0.1389781306487,0.5950276428122,1.0000000000000,0.1004383017927,0.3701722850667,0.1963226957046,0.2923945020018,0.2542238155807,0.3217099942981,0.0924257966037,0.4105367787084,0.6625618529121,0.2775298542895,0.2672232710046,0.5886987777682,0.2133205120099,0.2343598706336,0.0663551991276,0.1693922987016,0.3330332790637,0.3892444340850,-0.0775054151193,0.4220688288157,0.0618780735748,-0.2100378531734,-0.0663049889758,0.4151444881560,0.0580334022838,0.1434377881449,0.4095517976747,0.5345985243467,0.4369485853405,0.3568294717892,0.1626549632292,0.4834859977065,0.2870929180246,0.2937561168345,0.3090869027201,0.2620923107531,0.3080984532343,-0.2628768934195,0.3447794529960,0.4150155665398,0.4688921835238,0.1673493716147,0.3468401797071,0.0093281973093,0.1370563156423,0.7708893250733,0.3917871476542,0.5782938631774,0.8787315517199,0.0912581111155,-0.1799718822314,0.4967709861881,0.4472927480109,-0.1640512359868,0.1370728123470,-0.0593388928529,0.1513492004322,-0.1584642421869,0.1445570727402,0.5671904413332,0.2791054715055,0.6042513119155,0.2863974758021,-0.0752111932521,0.0656692949271,0.3467410706487,0.3163492082682,-0.0761228372252,-0.3626395833313,0.2819594240397,-0.0254277345686,-0.2378709289875,0.3352712687304,0.0704713656011,0.1541825155112,-0.2302219599965,0.0874306229930,-0.1992373180576,0.2605164072772,0.3000937754361,0.4838324764044,-0.0472049508396,0.2155128214548,0.4705499575650,0.1745797882484,0.1397110076787,-0.0027502786684,-0.0005925257259,0.3396523917600,-0.0162034031199,-0.2300117879161,0.1144406423253,-0.0847551021582
0.0823214274110,0.2133575074393,0.1743248595985,0.0849208155278,0.0318013229548,0.1953060662781,0.1004383017927,1.0000000000000,0.4425180580853,0.3347045030338,0.2586713785194,0.2699441219001,0.5601246155507,0.2379221143687,0.2235389720769,0.2573103608617,0.5386524163460,0.5295232462448,0.3117474892011,0.7156593563974,0.3621592935730,0.3084612464008,0.0615300286816,0.3566487568186,0.4122577448826,0.2081372000549,0.3411293080965,0.2495726725019,0.1827479552445,0.3110063551239,0.3821732144310,0.2054488879460,0.4271745290989,0.0535930345431,0.1977179012863,0.1161787416230,0.1702291569338,0.5830747368447,0.0379135795979,-0.0291114365833,0.2668561106713,0.2179949139157,0.0968166098488,0.3777648468977,0.3814497914158,0.1865489128745,0.2770932854917,0.0775386121732,0.2822866077058,0.1935196685484,-0.0145742918043,-0.0819651159233,-0.0134606239192,0.0321408428747,0.0154570198707,-0.0127188876919,0.4613629797247,0.5968705439793,0.5322187322718,0.5115747984539,-0.0586052802455,-0.0245283852017,-0.1791814931456,0.1127981192368,-0.0323261694977,-0.2518511637384,0.0244285172430,0.4766867955362,0.3260952119243,0.4435512409044,-0.0718706143692,-0.0826313733770,0.3382631374807,0.5432052242465,-0.2211678083028,-0.2359897896929,0.1251706198554,0.0280815493786,0.0097637743004,0.1906546281967,-0.2893771905609,0.0008332551583,0.0931624510303,-0.4326970061827,-0.0359958284025,-0.1318539808883,0.1014071337939,0.1054459019927,-0.4105319342594,0.3396961207244,0.0199689866149,-0.2373424065166,0.1791106982105,-0.1181169165329,-0.2388689459697,-0.0646732788882,0.1430665632827,-0.0272722132350,-0.3420267080650,-0.2980493619312
0.2291157738533,-0.1394264238866,0.3532889146063,0.3515713085029,0.1577716942128,0.3823815900014,0.3701722850667,0.4425180580853,1.0000000000000,0.3294828123494,0.4903062874080,0.4509557992975,0.5051189253388,0.2227716493446,0.4371067809693,0.4217384600694,0.6515057334555,0.6868797712633,0.7538628634420,0.7574782546784,0.4049501582285,0.1782903771268,0.3582372696042,0.6501949473675,0.7976931732659,-0.0214960191004,0.6705090262548,0.1089542611567,-0.2754410984204,-0.2642267533822,0.6295138519221,0.1354006614609,0.4248678932861,0.1458789629951,0.1464823694149,0.2664326071763,0.3296139806912,0.4000999237365,0.1943501403073,0.1862748879279,0.2451746317433,0.2906002148993,0.1031473848044,0.2427871088547,-0.1348779191493,0.2643300976757,0.3435084574077,0.2867157337965,0.1124896211039,0.3850870414826,0.0901008968674,-0.1384534007879,0.3116387827064,0.2631327515442,0.1751816595940,0.2897497417614,0.4887276988490,0.0175764288421,0.6638771885785,0.8876720801559,-0.0990493331395,0.3073009360732,-0.0770606368223,0.1934797409055,-0.2350122751103,-0.0508464566203,0.2796172141982,0.6019388863713,0.6490970772229,0.7684048556863,0.1883416431972,0.1057728367193,0.7342294366933,0.7172131269046,-0.0328497952350,-0.1779783287268,0.4298211909322,-0.0215435604107,-0.4763045452741,0.4848901547147,0.0502307369976,0.2504168643948,-0.4318697447997,-0.2126741027775,-0.0089147231063,-0.0133524733386,0.2401049763651,0.1493582986959,-0.1851977797681,0.3835473369019,0.1780386288870,-0.0112952430919,0.0791963853406,-0.0865310398404,-0.1063449793400,0.1651875501036,-0.2737639341266,-0.1140881269972,-0.0507648658615,-0.0494111617765
0.3122271828149,0.3317729242757,0.4998045778820,0.2544377855204,0.3060323478770,0.4872813321728,0.1963226957046,0.3347045030338,0.3294828123494,1.0000000000000,0.5742007836772,0.5557819985412,0.5036869882771,0.4469974152867,0.5117963131178,0.1205259331062,0.5531049786331,0.3662259594899,0.3294471127828,0.3476877805984,0.5052761564804,0.7259410783394,0.4294988864590,0.4505111326969,0.2133432164392,0.0889155783359,0.3122528605615,0.2447840540239,0.0585915868098,0.1733167625673,0.3111963291293,0.1725870485647,0.4481642447068,0.1920903952831,0.0738881597676,0.0650241805872,0.5488776934223,0.0824651869204,0.1382298882668,0.2063522938552,0.4843003384865,0.6031901428375,0.0592971312764,-0.0430766857778,-0.0013183078196,0.4163947821696,0.4391767207245,0.4432922729570,0.3559816124562,0.6758240165588,0.0854332918487,0.1876376286462,0.0920974758695,0.3417069965973,0.3177056269682,0.0585849761463,0.0960807417559,-0.0063662033218,0.2160221604361,0.3715195852666,0.3888817148110,0.3744839904301,0.0332175809661,0.1839125440672,-0.0182756855326,-0.1589974279764,-0.0256126722943,0.3116770995760,0.2326426578803,0.2688309747989,0.0006937334979,0.3746375293745,0.3880911548150,0.2680990046317,-0.3577050896124,-0.3679505086362,0.0974620392289,0.0468993957295,-0.2477366979568,0.0320313798494,-0.1909723729662,-0.0255713792192,-0.1712240527316,-0.3620320041984,-0.2589466353402,0.0132872913676,0.3615891576990,0.0352064821330,-0.4065548287086,0.0039030149705,0.1528588969449,-0.0128748932893,-0.2163421514751,0.0156293072038,-0.2467339820127,0.1859254661209,-0.1278090709170,0.0054418256888,0.0434901927917,-0.2561297724587
0.4615148575183,0.1384925314224,0.4925840846238,0.2282998624307,0.3900751486775,0.4476744362212,0.2923945020018,0.2586713785194,0.4903062874080,0.5742007836772,1.0000000000000,0.8478927214935,0.6284759407773,0.4742828024901,0.6124107221330,0.2381776132781,0.6653781485257,0.7044712153365,0.3767921179654,0.3667969136658,0.6212058873627,0.4180484791606,0.7363305101205,0.7380889907251,0.2619197385955,0.1275843633246,0.4672407524495,-0.0396419839994,0.0174434051784,-0.1291899571221,0.5601838302611,0.2995350646083,0.6515279702941,0.0866868631596,0.2142713476823,0.0820061220243,0.5241695704686,0.0765763776418,0.2904314012513,0.0506854929220,0.2962182234866,0.4405863469275,0.0899319691856,-0.2408898008797,-0.0820530488904,0.2074608826353,0.3974885286565,0.4375922465805,0.2978268198561,0.5760540171639,0.3018599652424,0.0876860497702,0.2051427357751,0.4505573791179,0.3292063516400,0.1632274579272,0.3188726845535,-0.0764942709284,0.3002228587268,0.3820292633443,0.0821418509551,0.7468493158870,0.1332855380349,0.3725274162533,-0.0082686066776,0.0410728422220,-0.0265125674406,0.6492442090503,0.2432568231804,0.3514031215548,0.3715951471297,0.4146811616615,0.6457947890997,0.2938642224169,-0.2919768579821,-0.1649661923216,0.1830673695743,-0.1782498549570,-0.3490358910833,0.4066149949672,-0.0879022673614,0.0913108165673,-0.4641089029173,-0.3364558065275,-0.2603289239103,-0.1797812211213,0.3610412597472,0.1270881893917,-0.1988086386606,-0.1114612329317,0.2869640712725,-0.2322116099242,-0.3894401409158,-0.2042251288434,-0.3580478157628,0.3894206018525,-0.1680969613658,-0.2326264372568,0.0237043645588,0.1077168628228
0.4208114171884,0.0680808868845,0.3760871644030,0.2600629901693,0.3557664124835,0.4003069091355,0.2542238155807,0.2699441219001,0.4509557992975,0.5557819985412,0.8478927214935,1.0000000000000,0.6344059531664,0.4498536209318,0.6666633950263,0.2141299265370,0.6252285115644,0.6606413736778,0.3439927231903,0.3841120186716,0.7304336458640,0.4991340995916,0.8218362273470,0.6650909200070,0.2795746062068,0.1878975051564,0.4525570409643,0.1041732640578,0.0712176492861,-0.0786289989868,0.4897003203357,0.3406837505067,0.6563713880811,0.2357717396498,0.2102776909085,0.0905504564949,0.4027837507742,0.1411142543240,0.2115842093974,0.2022968111734,0.4056401685396,0.4225737161091,0.1016223485318,-0.1205659123424,-0.0865388018308,0.3478426389201,0.5698208309639,0.3908196879980,0.2719810837628,0.6450868160947,0.1673575558159,-0.0354617024824,0.1807577033860,0.3529041497712,0.2262231646154,0.1157035718529,0.2892122563659,-0.0834032380659,0.2933524440050,0.3638415625548,-0.0020603611461,0.6506180135776,0.2455945254813,0.3512448702981,-0.1078218583457,0.0019408304846,-0.1091716448977,0.5726120580745,0.2222315683712,0.3175101414760,0.4125985327257,0.4820112744586,0.5339730164952,0.2543824811365,-0.3189056258666,-0.1273173134694,0.1011976780118,-0.0761985508172,-0.3066427769136,0.2426051347882,-0.0981879101939,0.0205888649704,-0.4914041424685,-0.4608583115035,-0.3597689227719,-0.0627527737822,0.1712513725006,0.0210457680041,-0.2495401265378,-0.1080630234045,0.1284421621650,-0.0890003467848,-0.2579011730954,-0.2129806266733,-0.2958359594221,0.2659084767104,-0.2459153293278,-0.2097486409705,-0.0479685097906,0.0141493868085
0.1824352135191,0.0585700336313,0.2727210290373,0.2758813215553,0.0687475069724,0.2368625119170,0.3217099942981,0.5601246155507,0.5051189253388,0.5036869882771,0.6284759407773,0.6344059531664,1.0000000000000,0.2360192301970,0.4183146873307,0.2698881930489,0.7515471148426,0.6563796494619,0.4524570560874,0.5764574203685,0.5002270996767,0.4644554779156,0.3515199039663,0.5617877619021,0.4905811070616,0.0003705943590,0.5161166753195,0.2430903079096,0.1000275587073,0.0750790008348,0.5343968483372,0.1602929435124,0.5403683520288,0.2731130015515,0.1314927551730,0.0255589389043,0.4291348467550,0.3520651262472,0.2800251861185,0.1914939054439,0.4777470220728,0.4725756190405,0.1027529555045,0.2261564845488,-0.0580531306310,0.3828121529199,0.5310550174235,0.2643658495618,0.3471840873089,0.4414157376325,-0.0428599570613,-0.1253022325733,0.1292517930284,0.0978730594939,0.0899619503177,0.1940140985601,0.5071810988680,0.0957289647473,0.5263429518546,0.5401012445304,-0.0118907668569,0.3772778240521,0.0992538776858,0.6901044758871,-0.2604703553977,-0.1998317799344,0.1287469169051,0.6442588672204,0.3590076734836,0.5375200000712,0.0739779054822,0.2596626150835,0.5609210448835,0.5475515185141,-0.2942089247975,-0.3579336426639,0.2862699212673,0.0611136624343,-0.1792607622395,0.3594494505494,-0.0845650388431,0.3057177027955,-0.2384405745731,-0.4199777807567,-0.1776885924863,0.0698438788267,0.2858872055432,0.0928630597943,-0.3484483831647,0.2641133462874,0.2383060521913,-0.0154863267050,0.0616268178313,-0.0735592782473,-0.1251297737061,0.1274782213135,-0.1428795715773,-0.1087833414560,-0.1649648738303,-0.2451845861324
0.8520300179207,0.5973390991880,0.5974618657202,0.1614739802329,0.8157993053392,0.5658351971500,0.0924257966037,0.2379221143687,0.2227716493446,0.4469974152867,0.4742828024901,0.4498536209318,0.2360192301970,1.0000000000000,0.7189882061203,0.1130446619619,0.3891183356542,0.3572479854261,0.0468548475221,0.2673995349210,0.4584003570387,0.3113666551714,0.5142414148707,0.4060407107865,0.0490223443459,0.2975170649811,0.1981978616498,-0.0453572026120,0.0725084938765,0.1526357833163,0.3424767877964,0.3490846946873,0.5311450222838,-0.0218201282408,0.0716425200637,0.0674490111661,0.2671521763357,0.1062689603628,0.0967991776660,-0.1178729196126,0.3175824127622,0.4824666444356,0.1283276761559,-0.2295976100339,0.1680142557808,0.1067414524230,0.3044302727903,0.4939433767242,0.5464935028737,0.5995200782750,0.6714393181703,0.3550672217472,0.1692594306512,0.4796758014395,0.4462735082293,0.0476559263904,0.0123703216795,0.0131234089336,0.0056844063669,0.1750007826378,-0.0809659941721,0.2245478292088,-0.2250932176237,-0.1168510536083,0.3234460233268,-0.0053501225692,-0.2442022621800,0.2001482478176,-0.0576545304358,0.1056475118228,0.0357604078879,0.0321321661721,0.2365217760227,0.1367913678918,-0.3181507772346,-0.0280680290597,0.0021925491406,-0.3033002043157,-0.4017254755816,0.0509806450661,-0.2166504842443,-0.1966430837014,-0.2871367039406,-0.3270137501895,-0.1498833961043,-0.2419657409521,0.0708710266762,0.0430805366701,-0.2007816683643,-0.1305886470073,0.0920122575258,-0.3769995135732,-0.3133475792885,-0.3721172162851,-0.4353532137425,0.3137388874364,0.1371103565198,-0.1598636701509,-0.0297146647594,0.0045307900910
0.6621891507635,0.3545140689324,0.6437188786388,0.4849125159809,0.6407675466692,0.6397639707448,0.4105367787084,0.2235389720769,0.4371067809693,0.5117963131178,0.6124107221330,0.6666633950263,0.4183146873307,0.7189882061203,1.0000000000000,0.3384756973534,0.5036759718340,0.4988799203892,0.2910685707627,0.4176096182117,0.6517607855048,0.3645522289582,0.6655424302626,0.5564610706558,0.3077813286369,0.3008240113090,0.4484288619638,0.0680885607157,-0.0748455163465,-0.0280711343945,0.5129637573536,0.4703914217179,0.6331108473096,0.2839004096468,0.2130242131880,0.1577999029234,0.3758034674573,0.2787580455088,0.2868343540018,0.1983535245142,0.3816694893052,0.4962193205802,0.3424359576681,-0.0443439338890,0.0734062423529,0.3413425594387,0.5420752892709,0.5319982167552,0.3562480917541,0.8206371993995,0.3993082918144,0.2212326136024,0.4153221242737,0.5556428023320,0.4463687923661,0.2648472475412,0.0813039555624,-0.1317939500747,0.1670745884660,0.3756123083835,-0.1875608481441,0.3839049588098,-0.1887674919421,0.0177975723680,0.0899805519385,0.1363782585648,-0.1000201440905,0.3476851154086,0.1494955623897,0.2502390566041,0.0938776695039,0.0851832495592,0.3932266022926,0.2645984746719,-0.3222702739871,-0.1582742686159,0.0662645791198,-0.1966721024435,-0.5003529755990,0.1597624853372,-0.1985470920603,-0.1541849177172,-0.5058754649657,-0.3292966115031,-0.3013251732165,-0.1534345752527,0.0802283633021,0.0636484836690,-0.1420527388460,-0.0578965717133,0.2061608933818,-0.1588339144525,-0.2203310082595,-0.3462162248031,-0.4054838348754,0.3382828081397,-0.1855623028566,-0.3156773126266,-0.0298672232613,0.1015557150316
0.1188922626948,0.0408525471568,0.3844608194838,0.6913390275746,0.0578837417305,0.4133162958413,0.6625618529121,0.2573103608617,0.4217384600694,0.1205259331062,0.2381776132781,0.2141299265370,0.2698881930489,0.1130446619619,0.3384756973534,1.0000000000000,0.2709114031072,0.3629815149910,0.5539040443984,0.3790225226451,0.2994836589866,0.0630260815484,0.2403086559225,0.3245127337186,0.4117534115966,0.1525367012599,0.5103262787749,0.0070884881349,-0.1283446201865,-0.0013067829744,0.6339971917075,0.3083764222422,0.3247310958236,0.3863245887842,0.7128944056004,0.7989268932245,0.3643557510823,0.3131019515771,0.4575376211812,0.2706899338521,0.2963694574843,0.3472436660081,0.4420178347133,0.2847786787617,-0.0528273639441,0.3895258787168,0.4708552813530,0.3484825199855,0.0192051881925,0.2873978777783,-0.1289162334722,-0.0412408249042,0.6329573620175,0.2967863332115,0.2555106478583,0.6501357701279,0.1138091151158,-0.0344392917403,0.5032041378861,0.4172202729479,-0.2261822668532,0.0531318567822,-0.1727712158772,-0.0275380255877,-0.1499094130948,0.1716703270626,0.7438320490138,0.2440838986645,0.6199010418877,0.3487379809808,-0.1064882680469,0.0458431983353,0.2667259104863,0.3768278383403,0.1978229415053,-0.2367340931614,0.5107640719603,-0.0880163406673,-0.2058411490759,0.5458993502154,0.1760477769895,0.2255645778861,-0.1367339723596,0.2630655538430,0.0160422778860,0.2280400228545,0.3871144117255,0.7332370294398,0.0377778126088,0.2804374862064,0.4259585925644,0.1115207973154,0.1496818120734,0.0609134957659,-0.0574824174360,0.3171848975429,-0.0573513526465,-0.1831729052117,0.1845570782555,-0.0059501917895
0.2861419413294,-0.0039916992527,0.3549179155284,0.2629697444797,0.2119210776461,0.3156511924982,0.2775298542895,0.5386524163460,0.6515057334555,0.5531049786331,0.6653781485257,0.6252285115644,0.7515471148426,0.3891183356542,0.5036759718340,0.2709114031072,1.0000000000000,0.7829641284552,0.6378272844287,0.7301860080708,0.5845060358176,0.4352776555712,0.4436882399694,0.7981089610571,0.5801040253566,-0.0212597713304,0.6530108536853,0.1324014238500,0.0003863305049,-0.1074346571600,0.7360297115243,0.1232914794247,0.6365110152562,0.1370790435945,0.0912620611054,0.1122797277345,0.4984301472401,0.3937051741892,0.1835415250845,0.0939678960219,0.3553420785213,0.3922363069103,0.0391960862700,0.1759649679767,-0.1066868376904,0.2525344707056,0.4012982837683,0.3385895783811,0.4050597452980,0.5112307722254,0.1293923408073,-0.1680586843773,0.1088655383509,0.1787893840212,0.2111391478181,0.1686553633032,0.4533297515346,0.0805366252263,0.5475127600160,0.6361898770255,-0.0051173496207,0.4060834215027,-0.0573367435167,0.4327954901235,-0.3205322164861,-0.2230007543918,0.0914778039730,0.7958321750140,0.4811693131075,0.6667051703860,0.2631704517624,0.2247505777315,0.7626262022563,0.6233845807884,-0.2329330209454,-0.3278623289922,0.3119561956521,-0.0798160527709,-0.4017053028789,0.4863229916160,-0.1426558261994,0.2192378995109,-0.4507561559666,-0.4620904021365,-0.2513762513586,-0.1248975750574,0.3204687326253,0.0817620028135,-0.4036757859072,0.2932112245196,0.1682790585828,-0.1695555596439,-0.0583661545842,-0.1972624404848,-0.2953524449001,0.1555038630136,-0.1508446415505,-0.1233568135465,-0.2829298063644,-0.2283932384256
0.3620327011783,-0.0228507462000,0.3489110671642,0.2036638157781,0.2720197709387,0.3570472961707,0.2672232710046,0.5295232462448,0.6868797712633,0.3662259594899,0.7044712153365,0.6606413736778,0.6563796494619,0.3572479854261,0.4988799203892,0.3629815149910,0.7829641284552,1.0000000000000,0.5383326197741,0.6375508041947,0.5239791723667,0.2691555399941,0.5417878737874,0.7885133506347,0.5069103461413,0.0458757384565,0.6004188540401,-0.0362796358243,-0.0037932896151,-0.1809290631590,0.7440775829414,0.2082790961841,0.6032487140388,0.0357924414116,0.2218362837274,0.1959184563332,0.4485514234775,0.2774480977272,0.2622343454364,-0.0169286954904,0.2615927291983,0.3414206094626,0.0529261197174,-0.0399485195867,-0.1025027416585,0.1821449994970,0.3318053356736,0.3251665045361,0.2523118378958,0.4349949667834,0.1945125797484,-0.1824659903579,0.1841307378283,0.3353822865127,0.2019936596231,0.1571277748287,0.5475999190092,0.1784629962856,0.5848599894633,0.5632189025160,-0.1000278784719,0.5220758146361,-0.0558438522191,0.3297973877194,-0.1744876096654,-0.0798021092576,0.1162978507696,0.8462089789013,0.4394637771461,0.5832228831095,0.3249183363827,0.2039856640462,0.7712118632927,0.4989568690463,-0.1443275207762,-0.1503347486683,0.2767195280039,-0.2068509820471,-0.3521817048566,0.6191315441198,-0.1276540940572,0.1385525287351,-0.4989097841863,-0.3682890720415,-0.1522436782132,-0.2634133809801,0.3246384677590,0.1600130957923,-0.2208116741379,0.1442277770287,0.2537468563773,-0.2956830623632,-0.2313170189852,-0.2814514148661,-0.3443378184575,0.2825664872983,-0.1914993962395,-0.2135660042119,-0.0933917079527,0.0641816666536
-0.0096626317074,-0.1568529598289,0.3548030940973,0.5842012453664,-0.0867588749560,0.3223661987755,0.5886987777682,0.3117474892011,0.7538628634420,0.3294471127828,0.3767921179654,0.3439927231903,0.4524570560874,0.0468548475221,0.2910685707627,0.5539040443984,0.6378272844287,0.5383326197741,1.0000000000000,0.5850596862841,0.3051656450805,0.2256525657871,0.1900210118889,0.5605532026750,0.7014858647299,-0.2151626871343,0.6162689681991,0.2059851858906,-0.1969036399798,-0.1613167554069,0.6342321389507,-0.0200699754317,0.2385461924844,0.2912156502870,0.2168988148152,0.3696317315455,0.3311273149816,0.3086622582134,0.2035232502559,0.2669070355504,0.3702555687491,0.3199507731707,0.0718517702588,0.3965268032932,-0.3402628356448,0.4181078037908,0.4238043664229,0.2350132113086,0.1647420522603,0.3267503140207,-0.1660418503156,-0.1961842857697,0.3656222126076,0.1301287725537,0.1957461584888,0.5246854365774,0.2757727277343,-0.1540869398356,0.7669270084239,0.7974865545663,-0.1289507695913,0.1413351818932,-0.0940434226146,0.2249251900264,-0.4170177757764,-0.1794834476273,0.5743881623942,0.4986342882279,0.8887975130626,0.6971557050495,0.0642932077973,0.1332199287640,0.6409165736931,0.6527142869643,0.0025732283450,-0.3843963305571,0.4506369782946,0.1191064266593,-0.3117997108041,0.5173531039300,0.0720125262843,0.2725203834288,-0.3174981161522,-0.1008823888495,-0.1766517146456,0.1671979294492,0.2652778288773,0.2661879188292,-0.3095105607339,0.4003819369659,0.1913072960467,0.1011767216368,0.1880494224726,0.1134442480528,-0.0210428290047,0.0677491112900,-0.1789747842822,-0.0749139501757,-0.0917345224846,-0.3109023589744
0.2049042274808,-0.0156028151149,0.2523511608412,0.2314801212040,0.1482546877346,0.2777789811604,0.2133205120099,0.7156593563974,0.7574782546784,0.3476877805984,0.3667969136658,0.3841120186716,0.5764574203685,0.2673995349210,0.4176096182117,0.3790225226451,0.7301860080708,0.6375508041947,0.5850596862841,1.0000000000000,0.4673044502207,0.2626836282992,0.2806216641892,0.6017775655115,0.8338090340982,0.1924996174738,0.7362904919753,0.2117693200558,-0.1276897202288,-0.0596906766467,0.6631970182779,0.2514150914490,0.5753699867839,0.2189984604934,0.1502764886697,0.2525143367022,0.3300676046947,0.7226598735048,0.0845801311154,0.1298990188267,0.2675542255465,0.2678180184297,0.1196025211452,0.4919509554652,0.1714246737686,0.2794594244811,0.3944838346621,0.1722639745806,0.1751401793560,0.3771271712343,0.0390736819442,-0.2371621635321,0.1318829366149,0.1052038004698,0.0350435008467,0.1277490070577,0.4960713681275,0.2941530382820,0.6086917483930,0.7788567404656,-0.1411920427656,0.1045792995428,-0.2025134530981,0.1552270518842,-0.2319086684678,-0.2456774821396,0.1516908594018,0.5692612685026,0.4908727099809,0.8143176883376,0.0473587661677,-0.0237967449163,0.6098714945397,0.8527186118472,-0.1200032859021,-0.2087440684305,0.4173559595729,0.0032025397509,-0.3828148375916,0.4070554315721,-0.1279777869409,0.1802381444785,-0.2990645834798,-0.3903126289947,-0.0179014368143,-0.0643558887035,0.1952280647631,0.1391509020957,-0.3630812605479,0.5606764108092,0.0460916884155,-0.1228560274134,0.2699478914705,-0.1257749864025,-0.2184463325303,-0.0066668519993,-0.1780442096193,-0.0780147907119,-0.2865103385063,-0.2130046506888
0.4214576961512,0.0755744517966,0.3245919910215,0.2732740720834,0.3511296165218,0.3527782305687,0.2343598706336,0.3621592935730,0.4049501582285,0.5052761564804,0.6212058873627,0.7304336458640,0.5002270996767,0.4584003570387,0.6517607855048,0.2994836589866,0.5845060358176,0.5239791723667,0.3051656450805,0.4673044502207,1.0000000000000,0.4197287710556,0.6696998388602,0.6985997162017,0.3573942897922,0.4227053604909,0.5359470953208,0.1016843523676,0.0993727539469,0.1023760453917,0.5892738553646,0.3915039952187,0.6080803623135,0.2465295646525,0.3490500644354,0.2803694607632,0.5140033393610,0.3827392146724,0.3152009329466,0.1910906933571,0.3404024851414,0.4350471471925,0.4141587601307,0.0709205771413,0.0823384053329,0.2747469041832,0.5161774213073,0.3676511039074,0.2910071868390,0.7279422514433,0.1858416828845,-0.0831981133827,0.1659844257056,0.3000119705412,0.1741072382853,0.1096350296751,0.2785637355324,-0.0228491070583,0.2627493407864,0.3583049588289,-0.0823638653067,0.4459995303284,0.0038136388614,0.1251416165112,-0.1187226980999,-0.0049471474959,-0.1646962136328,0.4303942574426,0.2084269705009,0.2324387531866,0.3468263723282,0.1898625313975,0.5023714973517,0.2727975579107,-0.1382421566894,-0.0801535449935,0.0543863392810,-0.2132513034013,-0.2942959309886,0.1707008259932,-0.3411907786919,-0.2005028725566,-0.3943847898474,-0.4129666723793,-0.4100881900484,-0.1012386157604,0.2525747077447,0.1023258387893,-0.1208234522016,0.0617293522149,0.1303935698069,-0.1140804649053,-0.1204765310740,-0.3763583093366,-0.4116983928025,0.1670186213287,-0.1848939968237,-0.2559203766179,-0.1890962406714,0.0212997894487
0.1625045868610,0.2265295191424,0.2479012150367,0.2430382966240,0.1533908358695,0.2625670976126,0.0663551991276,0.3084612464008,0.1782903771268,0.7259410783394,0.4180484791606,0.4991340995916,0.4644554779156,0.3113666551714,0.3645522289582,0.0630260815484,0.4352776555712,0.2691555399941,0.2256525657871,0.2626836282992,0.4197287710556,1.0000000000000,0.3620783149672,0.3431314050587,0.1418139342615,0.0384546415951,0.2552494007342,0.3639183190650,0.3796398029032,0.2210907536126,0.2052351255052,0.0597100589155,0.3547285839147,0.2297548532449,0.0530480717447,0.0421155123004,0.3554037385098,0.1180768367179,-0.0021711580590,0.2542911748325,0.6662156873805,0.4489037472567,0.0032148479813,0.1121622771641,-0.0262967680244,0.5874400565643,0.4798002922207,0.2304399661437,0.4346572382918,0.4885855261900,0.0149330843225,0.0437124429496,0.0185518973037,0.1213708188091,0.2259856812182,0.0144183171541,0.1097911129962,0.0706645924090,0.1892582365712,0.2542387908210,0.3850173136746,0.2787972480416,0.1614623068944,0.2237984051062,-0.1139240233098,-0.1989744644840,-0.0317567532765,0.2079865853126,0.1775868074506,0.2108103766455,0.0714122293940,0.5249038663548,0.2651293946720,0.2091973945647,-0.2349565503479,-0.3103004814038,0.0564496470175,0.1921112846057,0.0171740227703,-0.0431030626499,-0.1414454939034,0.0208751846810,-0.0746712282902,-0.3579748804242,-0.2702991694486,0.1476785904948,0.1966796292962,-0.0410660782304,-0.3724503187600,0.0379595296596,0.0103200235434,0.0926393324368,-0.0220262212273,0.2052584319955,-0.0653024518518,0.0622099315332,0.0870332503142,0.3373951410923,0.0201001010148,-0.3113225166541
0.5387968977959,0.0723312936845,0.4191112406127,0.2256027854447,0.5073274724969,0.4275703928816,0.1693922987016,0.0615300286816,0.3582372696042,0.4294988864590,0.7363305101205,0.8218362273470,0.3515199039663,0.5142414148707,0.6655424302626,0.2403086559225,0.4436882399694,0.5417878737874,0.1900210118889,0.2806216641892,0.6696998388602,0.3620783149672,1.0000000000000,0.6039481172180,0.1711899324551,0.4159924870241,0.4937002226228,-0.1146330027383,-0.0879823293786,-0.2421271513518,0.4987209860232,0.5387369588025,0.7422487264492,0.2746465832398,0.2219538396451,0.2065602795902,0.3925905349604,0.0982316271962,0.1384813848488,0.1611608950934,0.2503441012578,0.4054337265231,0.1574242403601,-0.2664900916535,0.0255127316492,0.2929952607963,0.5339376933038,0.3187708010513,0.1324467675202,0.6258799334294,0.2838189873217,0.0163537270127,0.2350361723270,0.4915033714699,0.2465330417708,0.0818099545582,0.1384255331510,-0.1396277842314,0.0498895861933,0.1645158216058,-0.0175256772916,0.6038662007494,0.0845309911510,0.0812619419338,0.0130815101554,0.0638639582230,-0.1531945932263,0.4178008704980,0.0669459343661,0.2051747085059,0.3703215319605,0.4601599546107,0.4183604506225,0.1492497629073,-0.1914767852150,0.0824040835684,0.2524694040017,-0.2899824102017,-0.4977701072444,0.2589844799556,0.0040390430457,0.0130100697764,-0.6032083515835,-0.2816712249785,-0.2207914863355,-0.1013383448042,0.1922900275695,0.0672727672214,-0.0779320083212,-0.1912407240115,0.0839406763400,-0.1333504399404,-0.3706810185442,-0.1972987043462,-0.3138346959266,0.2738866942638,-0.2960215741275,-0.2001931374386,0.1907900097042,0.2504029611351
0.4012403611530,-0.0221471292573,0.3991762158104,0.2891188996729,0.3559761766054,0.4057671931848,0.3330332790637,0.3566487568186,0.6501949473675,0.4505111326969,0.7380889907251,0.6650909200070,0.5617877619021,0.4060407107865,0.5564610706558,0.3245127337186,0.7981089610571,0.7885133506347,0.5605532026750,0.6017775655115,0.6985997162017,0.3431314050587,0.6039481172180,1.0000000000000,0.4863278018627,0.1257326814959,0.7172253340062,-0.0317037268982,-0.0334012074304,-0.1722602921663,0.7726204296024,0.1949219436367,0.6342391236269,0.1139698504224,0.3046153217383,0.2792865778443,0.6477905490617,0.2973380356765,0.3478859104408,0.0918777317775,0.2606594855295,0.3507235495474,0.1724769449935,-0.0036545791799,-0.1041305919549,0.1758456007293,0.3315925812383,0.4353813900321,0.3391600321052,0.5664416269756,0.2894877186288,-0.0661771584151,0.2634922114935,0.3673344001617,0.3476263951777,0.2534764641430,0.4772922199665,0.0164438130354,0.4778956506828,0.5514194519647,0.0199010539684,0.5897693165040,-0.0069713326187,0.2922952265588,-0.1451539537525,0.0007294025216,0.0432559516812,0.7399159768274,0.4381926840317,0.5448186207303,0.4421373750782,0.2720241005387,0.8425828541562,0.4734062023085,-0.1077823678987,-0.1474568775051,0.3056190836511,-0.2232202109842,-0.4151840282044,0.5312086999857,-0.1618082678008,0.0656816954140,-0.5170031766613,-0.3001715804190,-0.2725839916938,-0.1839179223159,0.4903044870903,0.2002992554654,-0.1299864772929,0.1852963549293,0.2997378309747,-0.1751515252320,-0.2165132318010,-0.2726862345395,-0.3708391599934,0.3248409246419,-0.1504318470329,-0.1916671883488,-0.0964824471137,0.0821093749500
