1.0000000000000,0.5336012209496,0.4934067581700,-0.3212815320722,0.3101990822523,0.1498812338876,-0.1040335268779,0.0442760599422,-0.0365380356169,0.2396419512486,0.0335829549351,0.1690093038300,-0.0456114558944,0.7836359137603,-0.1187313456017,-0.2861987012598,0.0051399665660,-0.1150130697196,-0.0789307975029,-0.1022581043634,-0.1164534974300,0.3330379909973,0.0440822395945,0.0276168167025,-0.0778072221649,-0.0995077812486,-0.1112885679624,0.0100988216846,0.0780676823025,0.3030543285808,-0.1358458628398,-0.0086465683684,-0.0172513648400,-0.2477408072711,-0.3280425371007,-0.1510633724647,-0.0975111441144,-0.0619707541615,-0.2671927032344,-0.3637271321654,0.1642262136182,0.4513054678288,-0.2740063611969,-0.0812502203363,-0.0171132686180,0.0246448687049,-0.0116168992348,-0.0768974526580,0.3176138978532,0.0361892043608,0.5332516194998,0.4946492794065,-0.1018906393498,0.3484745104254,0.1863278046337,-0.1928030574771,-0.2247697847527,0.0231343369941,-0.1444517418898,-0.0493471148832,0.2078241154406,0.0407192279622,0.1283899570496,-0.0396564768130,0.6352147366340,-0.2508269044875,-0.2063428335919,-0.0512156587581,0.1016361980527,0.0251488736389,-0.2780208687630,0.0670305517433,-0.1237604985372,0.0118657690100,-0.2767166161047,-0.0393689291985,-0.1670525419558,-0.0923090934179,0.0873064489476,-0.1676493914373,0.1248729252900,0.0225972149559,0.2625095531758,-0.3374470265270,0.0657934385266,-0.0797335152591,-0.1214603981994,-0.1118455401844,-0.3452505934551,-0.1521591582149,-0.2746768413711,-0.2948953530697,-0.1086681359049,-0.0154733846228,0.1125232592262,-0.1569255769179,0.3760963135569,0.2145660383684,0.3053337625179,-0.3918316352137
0.5336012209496,1.0000000000000,0.5523344135267,-0.0497433003107,-0.2719229457044,-0.1797500357112,-0.0278981207091,0.1641855628444,-0.0905645148714,0.2155823264691,-0.1721266756123,-0.0383187123231,0.0808144339898,0.6936508066244,0.0641597397494,-0.0339309037485,-0.1632497821597,-0.2474664512463,0.2527489771075,0.0199345014345,-0.0437377864530,0.0063708998309,-0.2407578566532,0.0552549913607,-0.0187295240449,0.1199236184948,-0.0710860941313,0.0217639693396,0.0056852411217,0.4587924811722,-0.1509348550996,-0.1357515363673,0.1493603017274,-0.2030472285746,-0.0980562771807,0.0211824681793,0.1022563166180,0.1744849922890,-0.0627021690078,-0.4174504021436,0.1408109312006,0.4676483891327,-0.2599980195655,0.3071762387770,-0.0306692205636,-0.1768846675324,-0.0970373661793,-0.2814454120397,0.3169173255294,0.1670747395485,-0.1517152393915,0.7260521186061,0.1012240795915,0.2855333047590,-0.0805021881700,0.0118943542539,-0.1365305604708,0.1590046590436,0.0091304006873,-0.0540853205579,-0.0123841987427,-0.2199043915054,-0.0719120770062,-0.0645496610247,0.2055668033005,-0.3354318472257,-0.0054489509734,-0.1214973463706,0.1364166820551,0.0445268380787,-0.1283288397408,-0.0925598415036,-0.0817797969776,0.1256200157982,-0.1203535994400,0.0631543424102,-0.0019390290196,-0.0785360758131,0.0982924627351,-0.1616308016308,0.0909248675815,0.2114188621320,0.5322400772917,-0.1691523979306,0.2405207650274,-0.0177070300900,0.1383661018113,-0.0645721734344,-0.2608115757410,0.0007446057975,-0.0583629080781,-0.3112185011129,0.2765925366289,-0.0038897830191,0.1732045757984,-0.1951055686422,0.4457239786811,0.0127732131272,0.0924830952049,-0.3312931426597
0.4934067581700,0.5523344135267,1.0000000000000,-0.0130810826191,0.0456622583242,0.4865281612374,0.1738915444712,0.4565240607003,0.2866614337866,0.1218641738354,0.2597160270362,0.2846247694964,0.4080395656498,0.5176921536090,-0.1352861790806,0.1748743913421,0.0800837920792,0.1898156209732,0.2601114189912,0.3611897819328,0.0784190897236,-0.0778096441529,-0.0252821554033,0.3816190467412,0.3154445551400,0.3828382888441,0.2414009390271,-0.1347121937997,-0.1421976533708,0.0913454259921,0.1560213798926,0.2980956924501,0.3394258002102,-0.4444257751978,0.1033541439647,0.1871127915024,0.2974199001129,0.5027119297324,0.1314197123942,-0.5991672774254,-0.1550512431035,0.2329421372654,-0.4197847152612,0.4573447988367,0.2858519586381,-0.1921610180642,-0.0474973394182,0.1308312988767,0.3119684446624,0.1213197480600,-0.0038631612178,0.8287352890242,0.1041746364551,0.7891549100062,0.3994645006498,0.1207236343053,0.1911438899071,0.3138796835545,0.4421864902801,0.3130537549543,0.1553026053226,0.2965201640432,0.3637966660663,0.3811017703889,0.0422503701087,-0.5440632584655,0.3085609348844,0.3652023537413,0.3831464927684,0.4436776680373,0.0235617164784,0.1788592677962,0.2657240238886,0.4139732509815,-0.1602910249198,0.4513414808900,0.3221024340036,-0.2141840752298,-0.1113503389192,0.2439960072661,0.3873067146927,0.4860974456182,0.2520868342144,-0.4087839116358,0.3839428709318,-0.0903458440409,0.2467247630617,0.0433713558890,-0.5744787125155,0.1861326561576,0.1052355449366,-0.4609574970692,0.4195525690546,0.1137888016664,0.4476508046795,0.2892978665696,0.1761614932689,-0.0136338949306,0.0993830301711,-0.1866787216756
-0.3212815320722,-0.0497433003107,-0.0130810826191,1.0000000000000,0.0105550883756,0.2322975878556,0.7286734884449,0.1568965449122,0.3732681668398,-0.1224069357751,0.1623217132474,0.0095160940608,0.3531111645111,-0.4096413715325,0.6161148281115,0.7456578361447,0.3109946485163,0.2104445444602,0.3744361817133,0.3281638286461,0.3402603656113,-0.3311797435085,-0.0911243193097,0.4233330464640,0.2450978879000,-0.1755172840386,0.2362104987402,-0.3080232375005,-0.4358054509596,-0.5536347663685,0.3698330215404,-0.0746407242193,0.2399561588862,0.0728584010438,0.2567043421726,0.4617931446005,0.4267666076406,-0.1000881988967,0.3675403571769,0.2071682190861,-0.4483302290324,-0.2655200554275,0.6424066875952,-0.1285761111329,-0.3834817888934,-0.1228965883689,-0.3553250801632,0.1207683355833,-0.2861536438885,0.2660798564528,-0.1901327247632,-0.0347163585824,0.8263784442420,0.1396625608502,0.2742464140708,0.8748999703829,-0.0232170256411,-0.1969221913037,0.3423151350622,0.4117573310210,-0.0622129955008,0.1354723480500,0.1163094183451,0.3166256660508,-0.0717072283063,0.4523883645625,0.5126006060657,0.3008175134977,0.2797799498695,0.2494703248596,0.3444882701596,-0.1632983771512,0.4200410530058,0.1046097262033,0.2356194264053,-0.0758743034923,0.2295801688171,0.0147695689314,-0.4218736289483,0.3841639321429,-0.1436070400290,0.0432950192292,-0.4984346908686,0.5832112097696,-0.4747401829466,0.0019263653534,0.4030200169153,0.4317903429968,0.3912424397157,-0.3918213064588,0.2646794598563,0.2714475927897,-0.1635498778359,-0.2991156866830,-0.2506731654090,0.1724099362819,-0.5032085568951,-0.3783620715419,0.0171485047771,0.4172463997503
0.3101990822523,-0.2719229457044,0.0456622583242,0.0105550883756,1.0000000000000,0.6042948432111,0.1422206688066,0.1052606365006,0.2358077220037,0.1175813207386,0.4937204489581,0.4441493812814,0.1428845093183,0.0509150162992,0.2919295347139,-0.0376769559760,0.4974551778412,0.3261626914568,0.0212962412274,-0.0001047170421,0.2460285133493,0.2988964070445,0.3880239286970,0.1692083520212,0.0786504820702,-0.2680832743036,0.2256247615448,-0.0053937035394,-0.1036868135003,-0.3850047990855,0.2058849898642,0.2212570927017,0.1043454986893,0.0706252505804,-0.1149581394108,0.1345820322496,0.0328400852372,-0.1175147671066,-0.0733994159021,0.1480455807025,-0.1289972689296,-0.1480941316565,0.1961385518944,-0.4391600834466,0.0648414972045,0.1702357829305,0.0865971080082,0.2864561598646,0.0336390234325,0.0293200424073,0.7872383561650,-0.0063856611428,-0.0542200681631,0.3070194327146,0.6068784501961,0.0256478568998,-0.0168884831857,0.0119143994153,-0.0409155234935,0.0722076106211,0.3466715226761,0.4444366270024,0.3600079219803,0.2954778430528,0.5463303976201,0.1984691479956,-0.1078111120530,0.3573788524431,0.1009419065615,0.1585770630395,0.1171361774477,0.1704408468273,0.1440155568925,0.0948598734606,0.0046347288911,-0.2184782743269,0.0030676862961,0.2264665294837,-0.1554930599828,0.1467196609236,0.0478654174882,0.0730070817926,-0.3970985722561,-0.0434979185617,-0.1850890336880,0.0658634969114,-0.0693482598906,-0.0035917215277,-0.0146813660996,-0.1640834264740,-0.0810286841075,0.0479100210577,-0.3773893582160,-0.1011275859911,-0.0541138724024,0.1596405229655,-0.1860695892190,0.1815703834647,0.2014241071701,0.0128538112835
0.1498812338876,-0.1797500357112,0.4865281612374,0.2322975878556,0.6042948432111,1.0000000000000,0.4120146406543,0.3638216388497,0.4412326787082,0.1723993276428,0.6392438657671,0.5570840375102,0.4665944076983,0.0211906556502,0.1934734080202,0.3344564771407,0.4850247309891,0.5228372594602,0.1493912318456,0.3401199865053,0.3205806648530,0.0312002570008,0.3727007260540,0.4512164213301,0.3444532914870,0.0555716229262,0.4595527231057,-0.1344695594547,-0.2573130124655,-0.4175032623212,0.4406477497060,0.3914779863868,0.3525673687217,-0.2113368498849,0.1995141937434,0.2886161270620,0.3157937757210,0.2472483975900,0.2518030941472,-0.0907342920593,-0.2758345112558,-0.0502960599552,0.0541803807028,-0.0579759494124,0.2151016366140,0.0978760899986,0.0462420138285,0.6189354204353,0.1986885293496,0.1638047128942,0.3682300458475,0.2211629877396,0.1934293366491,0.7676198145315,0.8420059082740,0.2910593333617,0.2391909027808,0.1227348448186,0.3747940787665,0.3599586117851,0.3450838926246,0.6301481547094,0.5883732953361,0.5746447340672,0.1329702231656,-0.0453776193735,0.3021215464938,0.6109334174128,0.2678429449944,0.4306099832894,0.2316795349455,0.3016699030092,0.4278398165895,0.3235802044924,-0.0855622490184,0.2114680123854,0.3757621898761,-0.0122003604646,-0.2986363205285,0.4362945555108,0.3057427533491,0.3877519992899,-0.3188369675027,-0.1405330752159,0.0183782478830,-0.0147544973885,0.2044714223002,0.1853780241660,-0.2610420578990,-0.0042184612088,0.2143307034849,-0.0999471116826,-0.0290735303333,0.0858684720418,0.2166472523862,0.5784418294034,-0.2198190277765,0.0148953416318,0.2057502231083,0.1141967544166
-0.1040335268779,-0.0278981207091,0.1738915444712,0.7286734884449,0.1422206688066,0.4120146406543,1.0000000000000,0.2837351716617,0.5073751918661,-0.0836986150007,0.1927620275008,0.0853883159885,0.4633661490043,-0.2587411423784,0.4016248726160,0.6779073144372,0.4188590209996,0.2239967657384,0.2849161332783,0.3212325693426,0.3557022953104,-0.1569674749462,-0.1095222590422,0.5665999413958,0.3093027608134,-0.1417749259407,0.2774390453589,-0.3166613200878,-0.2336687769503,-0.3966496309876,0.5074635120661,-0.0930353340075,0.1947124650179,-0.1065749594561,0.2149525771773,0.4763800622901,0.4316746389983,-0.0355592789982,0.4337884665109,0.0222225356938,-0.3526063100070,-0.2280591430406,0.4218240503153,-0.1028631735488,-0.2995995113604,-0.1846934543528,-0.3929291490424,0.1572591949849,-0.2215091046119,0.1592367143106,-0.1123773063059,0.0402766482843,0.7349601899442,0.4261246862119,0.4573374002465,0.8754594876363,0.1545957838309,0.0029713789274,0.3464554394930,0.5295607715047,0.1095126488694,0.2291684377619,0.1790162008985,0.4607045587585,0.0478393122922,0.2910999828986,0.5745819085155,0.3763424104858,0.4255753420067,0.3634389710139,0.3086649745791,-0.0683504741982,0.5169376072543,0.2447469402874,0.2177586495407,-0.0805454172755,0.1283386377758,-0.0936985068886,-0.1968198498619,0.4366633031788,-0.1448914744143,0.0658030086984,-0.3798399322396,0.3910418701249,-0.2965432600347,-0.2099994421391,0.3617375759578,0.4932753582826,0.2434384608062,-0.3169816323594,0.2774936065524,0.0371208094426,-0.1574748673408,-0.3463724697147,-0.2556701572646,0.1805516973815,-0.3242091158801,-0.1681304304270,0.0155986350612,0.2225691237084
0.0442760599422,0.1641855628444,0.4565240607003,0.1568965449122,0.1052606365006,0.3638216388497,0.2837351716617,1.0000000000000,0.7546934950526,0.0204733862841,0.3052559745858,0.3422865893127,0.7872220881423,-0.0301403709801,0.0261462135629,0.4788671550146,0.5109142707328,0.6391442468154,0.6473229830836,0.8307521332487,0.3318279307817,-0.0746881137830,-0.0181830141062,0.6478107460620,0.7970149529776,0.1377674379638,0.6242156122523,-0.2389129984292,-0.3374276228624,-0.2885113057786,0.4982006541831,0.3163559161945,0.6270056660105,-0.4406684566281,0.3990105032526,0.4375988348926,0.5381783632060,0.6103564893239,0.3080343806939,-0.4664974372208,-0.4235226695962,-0.0658920457049,-0.1101595360801,0.2872288911426,0.3832934749354,-0.2084965655994,-0.1852592125213,0.1347189369171,0.0661411052761,-0.0911819734789,-0.1090234517449,0.4592122969377,0.0392140816809,0.4478449878332,0.4057685082603,0.2349641741837,0.6217830382676,0.7087574150055,0.7448640750700,0.6757211563107,0.1881184763763,0.3656848473210,0.3488093350053,0.6721252728479,-0.1173824096815,-0.4629915051226,0.4944195994751,0.7156908274549,0.5673593688725,0.8680489648238,0.2672122655511,0.1271847408863,0.7181291099354,0.8836203464824,0.2071422084055,0.2677448999683,0.6425316171275,-0.0459634338700,-0.3342926865407,0.6332253729088,0.2741255312380,0.5886732180115,-0.1207944395073,-0.2483348838938,0.1885208356949,-0.1981827979561,0.3313437638629,0.0680409443795,-0.4088843512745,0.2707290394173,0.2506530720867,-0.4888521082568,0.3383103127763,-0.0237633360449,0.3058431867503,0.2919365500444,-0.2475693871031,0.0137129863959,-0.1312173526000,-0.1874982453644
-0.0365380356169,-0.0905645148714,0.2866614337866,0.3732681668398,0.2358077220037,0.4412326787082,0.5073751918661,0.7546934950526,1.0000000000000,-0.0235149650033,0.4352704936973,0.3897297540769,0.7276487016654,-0.2514573907429,0.2571485063650,0.6633326596651,0.6943363442934,0.7246399059086,0.5297996491143,0.8222941166688,0.4758298863310,-0.0514615599771,0.0746943614195,0.8584083778400,0.8284635942475,0.0688288833042,0.6791122836644,-0.2954163786684,-0.3732069506800,-0.5740867272030,0.7094115964378,0.2813679588542,0.5104245951938,-0.2975182093869,0.3694500088377,0.5747707517654,0.6287331934610,0.4002151478101,0.4758239199228,-0.2142595230547,-0.5426725040529,-0.2409323593836,0.1590708427626,0.1249264989933,0.0781276570369,-0.1251399951911,-0.3195304352649,0.2363738342877,-0.1016729453552,0.0132895751951,0.0428089385166,0.2269982948435,0.2997204173762,0.4320421212827,0.5069092366683,0.4891285835873,0.3759403284343,0.2761610006449,0.8001496900250,0.9429373719357,0.2527092775125,0.5097586079996,0.3945779934857,0.6687675116197,-0.0651334069215,-0.1486378421799,0.6884863644083,0.7762505827574,0.7781655310276,0.8432260144228,0.4073616544894,0.1723936571842,0.8616385203545,0.7666843405452,0.2234114047322,0.2239204182591,0.6147962047536,-0.0495231732661,-0.4013890543623,0.8204815462330,0.1879374378738,0.4127626578800,-0.4591439286338,-0.0204091734325,-0.1118376477792,-0.1391147074249,0.4538198267355,0.4443156825039,-0.1566667312224,-0.0500733871537,0.3552593598318,-0.2235270094603,0.1625384278241,-0.1587336286344,0.1336205639272,0.3378750835811,-0.4768456471677,-0.0441239714591,-0.1446676436481,-0.0102388165666
0.2396419512486,0.2155823264691,0.1218641738354,-0.1224069357751,0.1175813207386,0.1723993276428,-0.0836986150007,0.0204733862841,-0.0235149650033,1.0000000000000,0.2037242268335,0.6387133437299,0.1277230112800,0.3711596131017,0.0529104315896,-0.0635182432368,0.1440131686664,-0.0364748567142,0.0535850778316,-0.0341616763337,0.3373593670765,0.4007722322060,0.4995555879848,0.0498191114504,-0.0173798068931,-0.0116454756544,0.1555176351389,-0.0220158357485,0.0701131556734,0.1756406191646,0.0605657430503,0.1108385855239,0.2092809054343,-0.0796483358212,-0.0927803003971,-0.0062000495727,0.0800111736532,0.0052543637540,-0.0388254129572,0.0062476164241,0.2157448848038,0.7135777735015,-0.0849229778842,0.0319852807326,-0.0782423443688,0.4413761398596,0.2488497800803,0.0911754557831,0.5313167035235,0.3725307634446,0.0683107508392,0.1057730620093,-0.0927526338290,0.2540796283703,0.3174559302053,-0.1061369040907,-0.1612130663858,-0.0884306920222,-0.0290558338984,-0.0642853304816,0.7024278655504,0.2229058098102,0.5271940682583,0.0448363169951,0.1003107548814,-0.0905848990480,-0.0878252363937,0.0492282429366,0.0018573330843,-0.0298619422143,0.2459503915548,0.5025279978078,0.0108081317648,0.0221541784679,-0.1255087795353,0.0043242137581,0.1007707677612,-0.0450655488919,0.0077125781534,-0.0324864968525,0.2107071295737,0.2076696298239,0.2532377488203,-0.1350389647540,-0.0306659704962,0.0065990936063,0.0808860514499,-0.0695985429451,-0.1860955751161,-0.1835053200091,-0.0457525409317,-0.0342535536367,0.0167313409893,0.2467508006379,0.3126984924261,0.0003451671052,0.2774929494105,0.2601585089587,0.6497783106478,0.1035134426917
0.0335829549351,-0.1721266756123,0.2597160270362,0.1623217132474,0.4937204489581,0.6392438657671,0.1927620275008,0.3052559745858,0.4352704936973,0.2037242268335,1.0000000000000,0.7093450366620,0.4054768623604,-0.0032022714761,0.3025283502193,0.2582156739457,0.6332425456613,0.5629097801905,0.1093181895591,0.3460138410172,0.5019626702881,0.1940958413002,0.5661908463725,0.4561492799273,0.3177198378678,0.1744285103452,0.5472047456853,0.0735814149778,-0.0744248112466,-0.3748891130525,0.4346737651716,0.4081956224409,0.3502692486521,-0.1110666908693,0.1342905019338,0.2603628310483,0.3997012408736,0.2320655622788,0.2214501210522,0.0126177168470,-0.1670599479077,-0.1189411125187,0.1044621945618,0.0187737976760,0.1647092134532,0.1187087505102,0.0834373143013,0.4605143018797,0.1064347406701,0.2177397094186,0.2943114528849,0.0877941915276,0.0956579498100,0.4444958560768,0.5815420590591,0.1243283324771,0.1365569646909,0.0094760492220,0.3284610684445,0.3504001640272,0.3230584232323,0.7843011602633,0.5684504685635,0.4411552010100,0.1074223078482,-0.0039066264001,0.2312735501121,0.5923199403026,0.2941164859295,0.3822800403579,0.4016534948115,0.4170857909566,0.4934990479738,0.3090230511064,0.0012101338268,0.1777326431443,0.4235189191840,0.1906119266318,-0.1398499672834,0.4663750134695,0.1459341665200,0.3656364232995,-0.3428551517922,-0.1040442575881,-0.0095771713652,0.0950889589088,0.3133995608155,0.2043952829910,-0.1308372793578,-0.0055684664522,0.2271101438522,-0.0018363200988,0.0290028484959,0.1200386307448,0.1889840947358,0.4828561765268,-0.1938280875960,0.0915278856014,0.0943521574904,0.1693992434659
0.1690093038300,-0.0383187123231,0.2846247694964,0.0095160940608,0.4441493812814,0.5570840375102,0.0853883159885,0.3422865893127,0.3897297540769,0.6387133437299,0.7093450366620,1.0000000000000,0.5091369439853,0.1787389888735,0.1752639509424,0.1083536935154,0.5659133984620,0.3982756589822,0.1359932268760,0.2909336654675,0.5721999408200,0.3894000442023,0.6657182607134,0.3589414389165,0.3292762183666,0.1358768034440,0.5471783594005,-0.0302166474626,-0.0448834109128,-0.2514068576225,0.3390371984979,0.4928849026691,0.4827469965929,-0.1674049258467,0.0649549415506,0.1901759971356,0.3347426083005,0.2521967834697,0.1029825542638,-0.0499562662152,-0.1274632341252,0.3065784331845,-0.0577413759183,0.0689948829489,0.1626479894684,0.2982498059323,0.2344838362436,0.3500062403018,0.3396860295842,0.3258109772246,0.2088803381659,0.1440307165125,-0.0716112759452,0.4700348613572,0.6027333572203,0.0368094007961,0.1156016102464,0.0553526093950,0.2889406122147,0.3020838306014,0.6785079606772,0.7117058676922,0.8138108323790,0.4962069002968,0.1229381154547,-0.1597187588775,0.1139388076786,0.4969041319403,0.2507838630161,0.3467461312562,0.4152373001642,0.6382972825616,0.3872033850419,0.3480393089586,-0.1170268673618,0.2119502239762,0.4392964135176,0.0903452833997,-0.1269284446713,0.3273747681017,0.3521349507362,0.4615879715713,-0.1358242571000,-0.2715671409827,0.0256298548553,0.0475542093372,0.2274399435307,0.0528964669758,-0.3154536824684,-0.0568493591673,0.0967682846675,-0.0824303963310,0.0812400068687,0.2173863403211,0.4094790935892,0.3337479655268,-0.0661257364698,0.2735298563380,0.4270683700633,0.1353460812960
-0.0456114558944,0.0808144339898,0.4080395656498,0.3531111645111,0.1428845093183,0.4665944076983,0.4633661490043,0.7872220881423,0.7276487016654,0.1277230112800,0.4054768623604,0.5091369439853,1.0000000000000,-0.1444477751171,0.1785798158141,0.5051753686081,0.6216542431253,0.5490373650882,0.4577331832908,0.7497634716798,0.4862627897438,-0.0564718355550,0.1148250575484,0.6588556819547,0.6940672461199,0.1582547462772,0.7349869798969,-0.3978211552720,-0.3698709938632,-0.4416274755076,0.5158597452665,0.4129851231447,0.8076359745408,-0.3202549359780,0.2422557984105,0.3376106814465,0.5875000507077,0.4737583342095,0.3480787537055,-0.3257936467497,-0.4961488792864,-0.0668277051195,-0.0195505432997,0.2874599991963,0.1270542849018,-0.1107769805892,-0.1755733929886,0.2184963291386,0.0791233307680,0.1005063523771,-0.1704998176562,0.3108933836843,0.2710108689050,0.5187110098732,0.5468546077521,0.4026847127966,0.5422449122148,0.4206724655471,0.6896056143098,0.6956058588140,0.3992905154835,0.5173375514352,0.5787983783519,0.8919474501637,-0.1441970165124,-0.2960222953229,0.4682816620762,0.7621410179972,0.4783660243681,0.7660089446548,0.4604353366001,0.3010792051130,0.7344912910092,0.7309578011163,0.0608937348259,0.3279370902905,0.6982048261556,-0.1234510562219,-0.3481313625690,0.6509174545975,0.3498703298381,0.6959959737111,-0.2610162661009,-0.1989634621986,-0.0091428530598,-0.2042180956039,0.4055677278430,0.1098598310313,-0.3055909322026,0.0355062961061,0.2281228222657,-0.3384824008149,0.2980852018645,-0.1110868840597,0.3026015741602,0.3197214115402,-0.3247532844340,-0.0065026122678,0.0190109588345,0.0118118472400
0.7836359137603,0.6936508066244,0.5176921536090,-0.4096413715325,0.0509150162992,0.0211906556502,-0.2587411423784,-0.0301403709801,-0.2514573907429,0.3711596131017,-0.0032022714761,0.1787389888735,-0.1444477751171,1.0000000000000,-0.1615961906715,-0.3433275600842,-0.1445761362014,-0.2314135834039,-0.0626316161747,-0.2256910291892,-0.0906386268860,0.2481315603613,0.0641700407441,-0.1190018618118,-0.2096185930645,0.0424714379226,-0.1647975192419,0.1314517380491,0.2525139515398,0.6286717573397,-0.2106007384233,-0.0061096202687,-0.0484248223200,-0.2629511419937,-0.1999998195765,-0.1830981597349,-0.0924134803929,0.0708632740055,-0.2647300768933,-0.3843812966296,0.3955999684354,0.6642114568569,-0.4101313554755,0.1040010300416,0.1130462834866,0.0008218667014,0.1373164873961,-0.0933899938151,0.4762903802316,0.1878294842151,0.2412732532399,0.5446804521881,-0.2247080344537,0.3187934057876,0.0475430213960,-0.3229301935108,-0.1899238878660,0.0831153051470,-0.2194438269044,-0.2595995132081,0.1384277285579,-0.0388008214140,0.0589843697978,-0.1792189879751,0.4608260774633,-0.3260218597956,-0.2560431663277,-0.1809579846809,-0.0462926593745,-0.1279882344466,-0.2190925563350,0.0963777442122,-0.2375121563112,-0.0695022471186,-0.2784532962222,-0.0315559593523,-0.1616513387270,-0.0722813734925,0.2983320506887,-0.2981304382856,0.0914966775783,0.0872214371113,0.6003913081741,-0.3574652396520,0.3041560738097,-0.0510995835958,-0.0861329408419,-0.1789765023852,-0.3938742157784,0.0277463303413,-0.1846948928413,-0.3505950846225,0.0567816669787,0.1250933576129,0.1883624143288,-0.0801561980857,0.6456801763021,0.2111564169752,0.3544300561107,-0.2725108126680
-0.1187313456017,0.0641597397494,-0.1352861790806,0.6161148281115,0.2919295347139,0.1934734080202,0.4016248726160,0.0261462135629,0.2571485063650,0.0529104315896,0.3025283502193,0.1752639509424,0.1785798158141,-0.1615961906715,1.0000000000000,0.3865827567775,0.4938452423172,0.1660536250305,0.3105768000470,0.1004459820793,0.4488442065250,-0.1087440902533,0.0187243931891,0.3407645768362,0.0890281976112,-0.1618147593911,0.2636507517269,-0.0911286012287,-0.3475241836532,-0.4582854443134,0.3017086353938,-0.0391152533256,0.1937508861218,0.2516285888124,0.0228421729477,0.4942280476865,0.4422771179355,-0.1145513885757,0.4171516225629,0.3972386397133,-0.2430498731303,-0.1853687919890,0.7753102397133,-0.2447321910529,-0.3338632313429,0.0760541235484,-0.2356644471579,0.2406572572604,-0.2192076195100,0.5688365285021,0.1732463617819,-0.0635905837190,0.5263169474040,0.0877404309212,0.2803541382409,0.5023139872052,-0.2788793955848,-0.2694516628650,0.0072868731290,0.1738866923195,-0.0121314880895,0.1626027382850,0.0756975642927,0.1522981320824,0.2805909329828,0.6289413056599,0.1234836868800,0.2306396661548,0.2300650672042,0.1053880629387,0.2819714185453,-0.2208345264649,0.2691336289187,0.0332489432642,0.2752912083206,-0.3549373711732,0.0898469334558,0.2666774687293,-0.3260351809024,0.2010896294711,-0.3222315171896,-0.0353040459143,-0.4418476177094,0.5411238262871,-0.4420525485889,0.0813848929925,0.4509410441698,0.4100032874543,0.5605962581493,-0.3684191430352,0.3761531305815,0.4041157916515,-0.2440964326911,-0.2617517706804,-0.3059673584125,0.1501787903354,-0.3843600254520,-0.2060001815379,0.0038410263903,0.2975001684988
-0.2861987012598,-0.0339309037485,0.1748743913421,0.7456578361447,-0.0376769559760,0.3344564771407,0.6779073144372,0.4788671550146,0.6633326596651,-0.0635182432368,0.2582156739457,0.1083536935154,0.5051753686081,-0.3433275600842,0.3865827567775,1.0000000000000,0.4301338948540,0.5492154828479,0.5756579220051,0.6706524048544,0.4403149073825,-0.3236767784095,-0.0282953715896,0.6805339490314,0.5992319755561,-0.0464937120844,0.4669569937931,-0.3037473769777,-0.3901856662148,-0.4625062477542,0.7409750343545,0.0816073622281,0.3983892761108,-0.1840374806423,0.5976799548402,0.6391085691297,0.6008422149026,0.2266197704965,0.5663095347703,-0.1036483581854,-0.4530414226363,-0.2033011221775,0.4256966850545,0.0622516646453,-0.1098099501514,-0.1884103364020,-0.3426064320099,0.2380893457501,-0.1288790163685,0.1776407129005,-0.2023998629020,0.1256521226774,0.6407132296703,0.2769380855184,0.3479739824738,0.7268649196185,0.1865129074832,0.0403675508022,0.7159735338253,0.6895745849491,-0.0261917265805,0.2095595217462,0.1884974823334,0.4102115882651,-0.2166051479639,0.1131657915318,0.8886479326716,0.5480300087672,0.6068331626339,0.5813047870116,0.4155330727379,-0.0159201128424,0.6706827010390,0.4652517411505,0.3268609524444,0.0986139136411,0.4918766854050,-0.1263958722607,-0.3940374417327,0.7556408811455,0.0636018382352,0.2941624955913,-0.3642224147339,0.4204942498593,-0.2528741233030,-0.0890833942188,0.5422199043349,0.6023192821745,0.1128654498926,-0.1590917406710,0.4584435472479,-0.0453834663066,0.0614413036574,-0.2011188999869,-0.0376401083958,0.3674103741713,-0.4160857707801,-0.2857866658253,-0.1064780699109,0.2128370922271
0.0051399665660,-0.1632497821597,0.0800837920792,0.3109946485163,0.4974551778412,0.4850247309891,0.4188590209996,0.5109142707328,0.6943363442934,0.1440131686664,0.6332425456613,0.5659133984620,0.6216542431253,-0.1445761362014,0.4938452423172,0.4301338948540,1.0000000000000,0.6744750073011,0.4047635745569,0.4933193575564,0.7340924438408,0.1297715541358,0.3068408180825,0.6884173777718,0.5370908259719,-0.1244368025733,0.7198246902768,-0.2153634632628,-0.2777718249725,-0.5277107544817,0.6677567614645,0.2951192477477,0.5112793877274,-0.0973693921492,0.1833258477511,0.4883583007938,0.6356267385137,0.1737414973290,0.3322024566459,0.0067350076777,-0.4244209087320,-0.1831139404090,0.3724948750565,-0.1983767942348,-0.0036731176207,0.0168273317434,-0.1592234905633,0.2954048249536,-0.1006790639756,0.1659923492822,0.3049175300952,0.0308417480122,0.2293451631940,0.3656087211479,0.5418814056798,0.3455325775720,0.1842775858202,0.1484342305373,0.3494548051424,0.5367995607024,0.3493807706163,0.5830703584658,0.4446483625938,0.5825256245756,0.2589061993252,0.1412778326274,0.3034750425601,0.7587120309944,0.4914678488851,0.5940182719696,0.5439364076784,0.2123479751302,0.7110848915655,0.5314921432043,0.2665291907797,-0.0810058130458,0.4863411142902,0.1004842497379,-0.3135828766067,0.6480546369131,0.0491210289990,0.3654420377250,-0.5408627118600,0.1083954309873,-0.2117400668460,-0.0645003462032,0.4951615095715,0.3332022092582,0.0692441243404,-0.1522827520340,0.3282498229629,-0.0769215357525,-0.1550108104751,-0.2070988302896,-0.0330131246923,0.3133596682082,-0.4084452169849,-0.0274035854703,0.0112627325881,0.0959653002047
-0.1150130697196,-0.2474664512463,0.1898156209732,0.2104445444602,0.3261626914568,0.5228372594602,0.2239967657384,0.6391442468154,0.7246399059086,-0.0364748567142,0.5629097801905,0.3982756589822,0.5490373650882,-0.2314135834039,0.1660536250305,0.5492154828479,0.6744750073011,1.0000000000000,0.3729722349553,0.7083182122350,0.3913657047914,-0.0600198255038,0.2681894516344,0.5975511797903,0.7161804345627,0.0282032393169,0.6845688867797,-0.0822728952486,-0.2301262146015,-0.4232278013247,0.7079133625437,0.4068695376035,0.4599765427079,-0.2819775010668,0.5550277524496,0.4008883321629,0.5136215893504,0.4257246797694,0.3741880032255,-0.1667611871353,-0.3380368486740,-0.2323726472075,0.1050722376318,-0.0124447285223,0.3462837703433,-0.1086206935709,-0.0544380661102,0.3837357985186,-0.0605304371091,-0.0957449510843,0.1871070635042,0.1341202770427,0.0392925824575,0.3122573940536,0.4437671623443,0.1723019138095,0.4518095770579,0.3393590520406,0.6477721375326,0.6031692720560,0.0788821533510,0.4940571998534,0.3534219356470,0.5454522599264,-0.0458841161395,-0.1619756986388,0.5075044361467,0.8202175181717,0.4407371624076,0.6862738134297,0.4102114199025,0.2007128364722,0.7037283708914,0.6425828817574,0.1544306945325,0.1536926952600,0.6515229998943,0.0643383700684,-0.2867308786023,0.8258559609788,0.2380186544178,0.4614006715589,-0.3925526107863,-0.0880957274972,0.0166729360388,-0.0428144764017,0.3257652170033,0.2823743985117,-0.1923530369905,0.1909574143748,0.3848690881936,-0.2105104467119,0.0699241232078,0.0117957473263,0.1558398485540,0.4846028610925,-0.3625769800834,-0.0308534154108,-0.2017925103762,-0.0333343126025
-0.0789307975029,0.2527489771075,0.2601114189912,0.3744361817133,0.0212962412274,0.1493912318456,0.2849161332783,0.6473229830836,0.5297996491143,0.0535850778316,0.1093181895591,0.1359932268760,0.4577331832908,-0.0626316161747,0.3105768000470,0.5756579220051,0.4047635745569,0.3729722349553,1.0000000000000,0.5049695493642,0.3401097436767,-0.2247547868025,-0.1298257299384,0.5211566510556,0.4918984880494,-0.1133203887141,0.3970961010321,-0.1659428962125,-0.4032011234608,-0.3087770960043,0.3510304001106,0.0239121935474,0.4053169484801,-0.0961824056164,0.4192538040327,0.7040850132673,0.5351230782754,0.2776864049989,0.3457206924532,-0.1695738164653,-0.5002694577935,-0.0440118444555,0.2409081579702,0.0572189261788,0.0118066985002,-0.2093740653105,-0.2436075811362,0.0345480883510,0.0011977981533,0.0795971006872,-0.0936176262953,0.4632819050450,0.2159707959100,0.2354796223522,0.2277772523191,0.3940865455708,0.1537735662500,0.4581825799403,0.4885590141977,0.4095277849900,0.0339962694203,0.0803819356713,0.1585755496773,0.3309643394726,-0.0106660831434,-0.1193643474301,0.4564282149437,0.4292666338985,0.6155267627831,0.5314297636509,0.2026891668951,-0.0801597281381,0.4933058480512,0.5702610736090,0.3809407916598,-0.0650740406916,0.4199114379892,0.0752460760783,-0.3795921104379,0.4019803200116,0.1192388146614,0.3139467809170,-0.1487075686806,0.2120061408326,-0.0965720461038,0.0039863195369,0.4595614953774,0.1791719485368,-0.0342750603232,0.0162452005907,0.3181317322672,-0.1975268101725,0.1230751213585,-0.1214049778851,0.0571685980816,0.2069969344560,-0.2724339687915,-0.1858088682144,-0.0703110752130,-0.0594143081633
-0.1022581043634,0.0199345014345,0.3611897819328,0.3281638286461,-0.0001047170421,0.3401199865053,0.3212325693426,0.8307521332487,0.8222941166688,-0.0341616763337,0.3460138410172,0.2909336654675,0.7497634716798,-0.2256910291892,0.1004459820793,0.6706524048544,0.4933193575564,0.7083182122350,0.5049695493642,1.0000000000000,0.3637588912126,-0.1605894404935,0.0734395082375,0.7186956388249,0.9289090168646,0.2331438880058,0.7127434676660,-0.3566625879746,-0.4218732813216,-0.4536957646627,0.6358804472045,0.3695494288952,0.6657188592778,-0.4193882569587,0.4674151358070,0.4217798760755,0.5990572383672,0.6295983150440,0.4340356799844,-0.3950159047071,-0.5060515878291,-0.1685356726135,0.0351736481524,0.3810922490671,0.2627639066149,-0.1167419904811,-0.2638895788221,0.1931585934048,-0.0170814383529,-0.0122484505973,-0.1656847953446,0.3060657096229,0.2478303575163,0.3458779731930,0.3983224584014,0.3284049418607,0.5290333157928,0.3801496873295,0.8739335359589,0.8185872490924,0.1490550666226,0.4144580873162,0.3438093889516,0.6245090326058,-0.2553878025161,-0.3164232967840,0.6698653855062,0.7395646332396,0.5741705098212,0.9217395090012,0.3523901774059,0.1818873257949,0.7791363773438,0.8784446827506,0.1709763384528,0.4244604812746,0.7862753498877,-0.1938585708352,-0.4540294771148,0.7925129707542,0.2850907372116,0.5633529232350,-0.2848876506007,-0.1264886958874,0.0220590248668,-0.2098483939253,0.4470627895313,0.2639838557298,-0.2799823367094,0.1616915137384,0.3198330446727,-0.3450408975492,0.4091096738860,-0.0579187637167,0.2828573653317,0.3320942604420,-0.3974100745453,-0.1110297787984,-0.1645374997949,-0.0150770958708
-0.1164534974300,-0.0437377864530,0.0784190897236,0.3402603656113,0.2460285133493,0.3205806648530,0.3557022953104,0.3318279307817,0.4758298863310,0.3373593670765,0.5019626702881,0.5721999408200,0.4862627897438,-0.0906386268860,0.4488442065250,0.4403149073825,0.7340924438408,0.3913657047914,0.3401097436767,0.3637588912126,1.0000000000000,0.0686340675970,0.2410653249904,0.5971124060721,0.3848115851139,-0.0400033390676,0.5719799403584,-0.2636441442223,-0.2731622203856,-0.3864146902596,0.6767704487095,0.2512114965830,0.5364400242489,-0.0666188628505,0.1716454763552,0.4895825111509,0.5985939205165,0.1779993896321,0.3125966688106,-0.0058105363273,-0.3700449818212,0.0054288288515,0.3722634156002,-0.0357734875931,-0.1249926294789,0.0960271019062,-0.0570933259605,0.1145707545263,-0.0643924332249,0.4424479380441,0.0233289932163,0.0045042282718,0.2956441011880,0.3547177148202,0.4128518398758,0.3847057881850,-0.0071932155410,-0.1040168097463,0.2932564129630,0.3979853244966,0.3680622869811,0.4617171942241,0.4119443141164,0.3734069614520,0.0442350981268,0.1934853203762,0.3505052764832,0.5188608373334,0.4246757434499,0.4163435828360,0.6636798530845,0.2131422610784,0.5273512679439,0.3700848740378,0.3259092134502,0.0484409979986,0.4247523107251,-0.0228955321163,-0.3114057539776,0.5312190924845,0.0986733219158,0.3966730091752,-0.3524904065235,0.2449260338356,-0.1205865159694,0.0235462066468,0.5733610220528,0.4453460368764,0.1111902550627,-0.2727468487036,0.3453887124275,-0.0318063589715,-0.0245681570654,-0.1107960993894,0.1076561075799,0.2082757743581,-0.3613101581267,-0.1022829242077,0.1837296426474,0.3552423167178
0.3330379909973,0.0063708998309,-0.0778096441529,-0.3311797435085,0.2988964070445,0.0312002570008,-0.1569674749462,-0.0746881137830,-0.0514615599771,0.4007722322060,0.1940958413002,0.3894000442023,-0.0564718355550,0.2481315603613,-0.1087440902533,-0.3236767784095,0.1297715541358,-0.0600198255038,-0.2247547868025,-0.1605894404935,0.0686340675970,1.0000000000000,0.4616144720763,-0.1303487091468,-0.0889159902243,-0.1071861197937,-0.0327437566158,0.1812058153131,0.3838094526044,0.1109616197895,-0.1122482121817,0.0301114207938,-0.0293199105986,-0.0059117207733,-0.2079371084315,-0.1772683272529,-0.1537795239389,-0.1429413997555,-0.2304619856883,0.0460950040358,0.3835458631234,0.2616307365669,-0.1717919899933,-0.1412061249390,-0.0340506452701,0.5178340319514,0.1875746075815,-0.0570426561008,0.3309385033204,-0.1012750279517,0.3111674349054,-0.0928039935888,-0.2870701855817,-0.0214420285264,0.1231794108027,-0.2494768711373,-0.1260326235501,-0.0390582982212,-0.2086184875200,-0.1017839339528,0.5413029159252,0.2106960089894,0.2631685655819,-0.0515035961095,0.2644992666169,-0.0624854483550,-0.2721116043856,-0.1081832776789,-0.0842128268390,-0.1033702051142,-0.1106904146889,0.5259295457086,-0.1483494103865,-0.0482991791620,-0.2214266695929,-0.0848912896338,-0.1909107046218,0.0213549229708,0.2646402872314,-0.1842297256198,0.0920859158012,-0.0657127843348,0.1694974649944,-0.2461777508357,-0.0337665189197,0.0252741856756,-0.2060977353852,-0.1377614644737,-0.1814046047173,-0.1738045935054,-0.2546888165601,0.0069165130416,-0.1472940349672,0.2474695327562,0.1595704465375,-0.1567507951830,0.3398772574971,0.7489182849117,0.2797273756812,-0.2092884285016
0.0440822395945,-0.2407578566532,-0.0252821554033,-0.0911243193097,0.3880239286970,0.3727007260540,-0.1095222590422,-0.0181830141062,0.0746943614195,0.4995555879848,0.5661908463725,0.6657182607134,0.1148250575484,0.0641700407441,0.0187243931891,-0.0282953715896,0.3068408180825,0.2681894516344,-0.1298257299384,0.0734395082375,0.2410653249904,0.4616144720763,1.0000000000000,0.0371549735214,0.0843134924033,0.0915095575954,0.3667317067334,0.0694108401405,0.1066014113920,-0.1276429242576,0.1113398953881,0.4357799162205,0.2446154915155,0.0416696831537,0.0086387343702,-0.0894376851487,0.0373900508607,0.0390874843443,-0.0972308385597,0.1632200237853,0.1112356952926,0.2548084053159,-0.0300500019408,-0.0405975192076,0.1284102788995,0.5364087389146,0.4230200450192,0.2918157166097,0.3851926273182,0.1029225990215,0.2917533193973,-0.1480907180053,-0.1683007938736,0.1252453058784,0.3574013321386,-0.1761443024196,-0.0006840559222,-0.1168050663322,0.0222506777264,0.0161758413274,0.4944634690483,0.5339070431300,0.5399232912701,0.1403956579547,0.0815636762693,-0.0487630523126,-0.0711040429841,0.2195461903877,-0.0602741128550,0.0555331626950,0.1542273034021,0.7354819161452,0.0841416463028,0.0459237104258,-0.2215191590678,0.1478776806127,0.2571813358536,0.0277645532432,-0.0099530724629,0.1054613306459,0.3062057306007,0.2343031178145,-0.1156996200097,-0.1883208122539,-0.0499496977701,0.1026914885812,-0.0390169787884,-0.0885972626764,-0.1901948658809,-0.0145790008608,-0.0975629118348,0.1168865780807,-0.0491472414797,0.3099288763058,0.2938566794091,0.1652815290341,0.0508450759633,0.2744699736369,0.3540022835539,0.0627699603163
0.0276168167025,0.0552549913607,0.3816190467412,0.4233330464640,0.1692083520212,0.4512164213301,0.5665999413958,0.6478107460620,0.8584083778400,0.0498191114504,0.4561492799273,0.3589414389165,0.6588556819547,-0.1190018618118,0.3407645768362,0.6805339490314,0.6884173777718,0.5975511797903,0.5211566510556,0.7186956388249,0.5971124060721,-0.1303487091468,0.0371549735214,1.0000000000000,0.6649186454638,0.0710313140132,0.6314448978873,-0.2957466456698,-0.4030294819527,-0.5137943829390,0.7398812347656,0.1925157263747,0.4744885188106,-0.2977924071213,0.2650388083848,0.6134183220440,0.7476814885942,0.3347170837304,0.5284912701895,-0.2587256916157,-0.5348471099222,-0.1742358404197,0.2404252834400,0.1262954082276,-0.0684998862797,-0.1360124782558,-0.3539207412722,0.2572764603875,-0.0856711859685,0.1850424713878,0.0254518310287,0.3017482250821,0.4585341593676,0.5416122757088,0.5333531979329,0.5677726431206,0.2330420892665,0.1450175473005,0.6935160764742,0.8340161925876,0.2130408709993,0.5013235134967,0.3553834728069,0.5668764020792,-0.0165460241418,-0.0675809616033,0.6906983178779,0.7339581502298,0.7736292106147,0.7657576172297,0.4640843933576,0.0989325009146,0.8941663018912,0.6533325168364,0.3005332538295,0.2293980403339,0.5610298535805,-0.0770646998418,-0.4279961791607,0.7903195564641,0.1410700724150,0.3906009490188,-0.4247465064827,0.1171998614146,-0.1179129806626,-0.0987199621975,0.6411875633253,0.5689033301631,-0.0949626320292,-0.1541550187709,0.4450005873665,-0.2221137468648,0.1398087410116,-0.1760670922386,0.1088491165116,0.3746006699635,-0.4432266534834,-0.1576981048591,-0.1173826901626,0.0618309447807
