1.0000000000000,0.6595604882878,0.6783447077176,0.6463183143456,0.7414168300372,0.4485336392240,0.5214774813074,0.2064612554091,0.2178613084660,0.2717366987265,0.2770442442668,0.3317643336373,0.3422630077021,0.7760299480886,0.4764946712970,0.3988587684467,0.1871576436874,0.1737830314828,0.2115764599078,0.1223446950828,0.1021351722509,0.1998034018644,0.1345875137426,0.1452894772258,0.0517206076555,0.1123650088531,0.0756689530134,0.1807064002854,0.3204257353188,0.3915729112359,0.3108514880568,0.1677337694520,0.1315573435017,0.3106294553284,0.1918705668416,0.1170166591994,0.0556676755467,0.1582752148511,0.2414915361458,0.1397837114604,0.4099693818782,0.4481806261189,0.0597611976141,0.1519154163405,0.0912759192124,0.1028342610526,0.2856582533219,0.1734803117578,0.3925934436679,0.2760233208094,0.6448058573741,0.7641972353853,0.5629128821906,0.4717254114944,0.3047895643192,0.4946993787680,-0.0340064343752,0.1420731543280,0.1899830698929,0.2378360659414,-0.0033576768342,0.2071327225987,0.1270855262341,-0.0774988806338,0.5320561978033,-0.1083558895268,0.1854634748420,-0.0019790823053,0.1176433324503,0.0465361219935,-0.2730710802317,0.0792263831195,0.0237105815973,0.0095658156517,-0.2493088708186,-0.0836740877524,-0.0664428737976,0.2367726635584,0.1991806452625,-0.0205281927299,0.0165165759898,-0.1503096118211,0.2363871549855,-0.2061258181884,-0.1988647558519,0.2193307059702,0.0786239377961,0.0520581085912,-0.3964543182575,-0.0636561515957,0.1021167636594,0.0118444583722,0.1405605191002,0.0724757829782,-0.0827713428971,0.0928747216028,0.2354970495080,0.1761821577876,0.3120868638073,-0.1427665833019
0.6595604882878,1.0000000000000,0.7269552170765,0.5114886017521,0.2841303406058,0.2427597388479,0.3538061023926,0.1564634288348,0.1849909460078,0.3822743362984,0.2179899164384,0.3717132353983,0.2948964490834,0.5926252401678,0.6943786546334,0.3257860187094,0.2230233137227,0.1109769871416,0.1626338471716,0.1328607772486,0.1862807109016,0.3051046756472,0.2101250476722,0.2380821542064,0.0943505913269,0.2865937399834,0.1386343442080,0.2504202709868,0.3668480834052,0.6325709014084,0.2662810767177,0.1474949448798,0.1538676318450,0.2707900105203,0.1520278963016,0.1319065054545,0.0408229620670,0.2453578338234,0.1720378546603,0.2750635500779,0.3326376583435,0.4917134684328,0.0385469387873,0.2405000602543,0.0829252014565,0.1508633160435,0.2929344237357,0.1920933913181,0.3491142674759,0.3429552365504,0.1829238734812,0.6718295422425,0.3613223710185,0.1113061261353,0.0693708334891,0.2753402230346,0.0419426314667,0.0758676679433,0.1332959757078,0.1528548464579,-0.0160015146016,0.1075842227980,0.0897939334403,-0.1889315201894,0.3670645580227,-0.1339130570621,0.1199524489185,-0.0646727202762,0.1230803525387,0.0772555044259,-0.2265943029114,0.1267263469968,0.0391920861677,-0.0019561338200,-0.3246895248687,0.1576163112082,-0.0106136902910,0.1583164656878,0.0872991852222,-0.0743729802766,0.0949668943671,-0.1838927914854,0.2983796829427,-0.3700824397686,-0.2404876669566,0.2665379876297,-0.0319584438250,0.0746240719522,-0.4905537442024,0.0408382133579,0.0437488481310,0.2085901137659,0.2197670943324,0.1781708002624,-0.0156382857104,0.0630894646487,0.0095678106285,0.0843926414692,0.2044956857530,-0.2675217891659
0.6783447077176,0.7269552170765,1.0000000000000,0.5986259790246,0.4355372677655,0.6246432570614,0.4840370460787,0.1291769371898,0.2251843604795,0.3990715029037,0.0757580439829,0.2666978416991,0.2566853995539,0.4979918828600,0.6456759185803,0.5449336923419,0.1814239546265,0.0296877220620,0.3268114116954,0.3837915581643,0.3114209138368,0.2246681867114,0.2295555523037,0.2661423017335,0.2064528466747,0.4001196254328,0.2500950126779,0.2278683357996,0.1488588386628,0.4972187224244,0.4257486134359,0.4007948300020,0.2382864847655,0.4024374173756,0.3986607080095,0.3320212173379,0.1821451893613,0.4001267890992,0.3127846932773,0.3079441502743,0.2573821549347,0.4527664457900,0.2311758806243,0.3728358548182,0.3262703737572,0.3454320974599,0.4502127963827,0.2514257370802,0.3348421493242,0.3811214327666,0.2468687125883,0.7444075045244,0.6074825869156,0.5758750962332,0.1652695393259,0.3763591279476,-0.0253427008450,0.0311491903255,0.1105550440557,0.2154756729570,-0.0955534985378,-0.0321575595066,-0.1231184797788,-0.3982179563713,0.3516105258255,0.0074111617511,0.3324467755869,-0.1823665492787,0.2132405016956,0.2488687602676,-0.2868261061157,0.1293177750983,0.1030340228099,0.0891448919453,-0.1741585619195,0.1493724503449,0.0563109874810,0.1079700234169,-0.0056654461406,0.0055377235120,0.1762087996226,-0.1047967534722,0.1833567889100,-0.1590408936663,-0.1076220899692,0.2806035991743,0.0742527747285,0.2342831697704,-0.3462979512695,0.1772503523601,0.0632098849058,0.1195866319015,0.2681890591657,0.1802116054547,-0.0278648068597,0.0761453034719,0.0722096587178,-0.0000407807667,0.2521499680849,-0.1112087417179
0.6463183143456,0.5114886017521,0.5986259790246,1.0000000000000,0.6648983906146,0.5227631579062,0.8720536177888,0.5270881105218,0.4514073145745,0.3856690996575,0.3865256973568,0.4571775020789,0.5352136502206,0.5901968785730,0.6278273857664,0.5737370636931,0.3518195913998,0.3640206579047,0.4666177481905,0.2895533526498,0.1038939128622,0.2347958482682,0.1288671059953,0.2975038595548,0.1925103130616,0.1864314082905,0.0777422667605,0.1011607486626,0.1535062009004,0.1879552901407,0.1994471075833,0.1147223459930,0.2007603936951,0.1444001999838,0.1726539572305,0.1298495845199,0.0288306562235,0.2054033183568,0.1991327041959,0.0719748964341,0.3125405213177,0.4051438744512,-0.0636747906800,0.1718186685261,0.0574320506858,0.0802666726309,0.2458132808779,0.0897773445450,0.3307112683710,0.3212511790782,0.2992517601790,0.5742381822016,0.8181381730419,0.5728409193301,0.5143798479967,0.7968520637683,0.2287244327961,0.4665197405918,0.5394177816870,0.5275507688125,0.2037089566810,0.2780143065931,0.1270495632263,0.0672647882780,0.4682711059837,-0.0921215198996,0.4548455147590,0.2094568591228,0.4396609908553,0.2820575985221,-0.2143799279161,0.0849849323349,0.2466799571682,0.1583976113805,-0.0356907038216,-0.0250199769066,-0.0049475913302,0.1801862298335,-0.0094248817021,-0.0026887868884,0.0506474449618,0.0094593083010,0.0390350808219,-0.2091156538107,-0.1402255509216,0.1367903775254,0.0136064375529,0.0647940890171,-0.4172006726055,0.0814181445586,0.0526259855730,0.0126390616878,0.2055029883757,0.0191283627281,0.0076878109403,-0.0100339065555,-0.0131625829519,0.2087216266359,0.4058198174421,-0.1053585570490
0.7414168300372,0.2841303406058,0.4355372677655,0.6648983906146,1.0000000000000,0.6426908308824,0.6764888654973,0.4343242670263,0.3874544311601,0.2578581665528,0.4138432967166,0.4268047278486,0.4967826031425,0.6770373899702,0.3532735293835,0.4091781884202,0.2383785346689,0.3500153974186,0.3289446621601,0.1849736953986,0.0347477002486,0.1945306489150,0.0788449738638,0.2140754956090,0.1071741390722,-0.0041053099775,0.0448048960989,0.0783313008231,0.1411943661666,0.1076035822474,0.2221646372706,0.1285835546827,0.1311858157152,0.1307755708707,0.0512785921812,0.0844901294398,0.0002430141201,0.1096436801174,0.1756941797726,0.0453563396453,0.3901515559923,0.3553782869195,-0.0221779372689,0.0928662974018,0.0761245958923,0.1007470530032,0.2439044562152,0.1494836687026,0.3973025144107,0.2877609055420,0.6582040737544,0.5071110847870,0.6162251776545,0.6731563092660,0.6352374817933,0.6178633386330,0.1908714526865,0.3835529056606,0.4540957684291,0.4402300200116,0.1723999658071,0.3370539302651,0.1816991848427,0.1798601794214,0.4881905279817,-0.0557995999334,0.3089850715099,0.2571748557988,0.2754515913351,0.1848090982444,-0.2119771240103,0.0389971394995,0.2199597874825,0.1254141873874,-0.0529410511792,-0.1966783244303,-0.0520273692474,0.1539998613968,0.0447804814152,0.1356770514431,-0.0057664962314,0.0308988401962,0.0666511835502,-0.1221954503646,-0.0935973435916,0.0780777773329,0.0208652160847,-0.0375760895365,-0.3075513583766,-0.0437297971737,0.0721297218429,-0.0427961683261,0.1094018267599,0.0531942548979,-0.0408015068413,0.0761921502093,0.2141022484474,0.2578860041014,0.4603650807890,-0.0382254673774
0.4485336392240,0.2427597388479,0.6246432570614,0.5227631579062,0.6426908308824,1.0000000000000,0.6064737888413,0.2634062955909,0.2754051026875,0.3952171767308,0.1271558482264,0.3374091118940,0.3112724952050,0.4685765440802,0.4237022989609,0.5371689769466,0.1593768546316,0.1678083364255,0.3243438930597,0.3093143639924,0.1176081402206,0.1535690280183,0.1250555061360,0.3159125608495,0.1434159017893,0.1124186366960,0.1945318076284,-0.0113731335773,-0.0491916938667,0.1326320781983,0.3089908535569,0.2118693022193,0.1685659918362,0.1279183030083,0.3173218269487,0.3589938674457,0.0849555060680,0.1400829410375,0.3296304362390,0.1450807262737,0.2203977478502,0.2841195374899,0.0947383959233,0.1337497473213,0.1093323525471,0.2982244725612,0.2500566383543,0.3747517688365,0.3406917292885,0.3660022352698,0.3339695704787,0.4733876972728,0.6055400555689,0.8582605538004,0.6108155281828,0.5142209644365,0.1787274893422,0.1686331208000,0.3172271793700,0.2909316163578,0.1686075938485,0.0828939014172,-0.0051032027249,-0.0492888715185,0.3317127966771,0.1227847491274,0.4582074825269,0.0968792366004,0.3065608029711,0.2500302903747,-0.1674157853550,0.1037975298143,0.2862314120089,0.1718973983926,-0.0619293557862,-0.0348729445874,0.1065709261254,-0.0616026438001,-0.1168161943917,0.2043204001215,0.1895164024072,0.1447558760318,0.0405967782257,-0.0638660299555,-0.0249372920739,0.1717730981779,0.0776038988805,0.2566693543044,-0.2788023370737,0.1087589954554,0.0981818684005,0.0619207445041,0.1196490929438,0.1591095409965,0.0023131457158,0.1842241891784,0.1902083503106,0.1524396552301,0.3461774970387,-0.0713540010357
0.5214774813074,0.3538061023926,0.4840370460787,0.8720536177888,0.6764888654973,0.6064737888413,1.0000000000000,0.6281163069958,0.5271936424434,0.3768172735114,0.4870026657041,0.5058736768612,0.6618077497681,0.5283483986687,0.5679901407080,0.6600981270028,0.4295139591053,0.4960108704268,0.5128995214819,0.3304596736767,0.1159893873566,0.2398148408395,0.1080242459010,0.3435776887152,0.2246471172621,0.1379803955687,0.1617324285403,0.1420543065056,0.1786868945715,0.2174911920679,0.3294238585572,0.1746546934113,0.3224838065168,0.0961941701491,0.1205845995708,0.0970721190348,0.0300649808739,0.2430011211067,0.3119269942280,0.2231329598391,0.3758156221784,0.3777870160521,0.0319887923093,0.2460457376597,0.1557018169687,0.1253609798412,0.3430176880361,0.1629219387510,0.4141687386354,0.3678420518558,0.3294333340099,0.4164918954597,0.7726038997921,0.5725164415670,0.6554609398813,0.9026851114143,0.2377619685418,0.5651887101078,0.6550048967868,0.5942763941576,0.1770637677802,0.4353934118404,0.1026043279899,0.1376039471213,0.3920081529949,0.0095034346274,0.5199709285136,0.4182013034717,0.4548276557913,0.3790188659099,-0.3038219106289,0.1193593499376,0.2917623591907,0.2146585213752,-0.1021782141708,-0.0703882765481,0.0858900152455,0.1284911960223,0.0088249892125,0.1473447419068,0.1345923783185,0.1187265930907,0.0109387884414,-0.1097416859370,-0.1132434679432,0.1339677257519,0.0206087423997,0.0459707200823,-0.3585069481895,0.1160856244640,0.1601638791536,0.1126250232864,0.2892004258297,0.0924710892179,0.0435328078252,0.0707191437209,0.0914919688016,0.2461353357888,0.4432651375649,-0.1411286656357
0.2064612554091,0.1564634288348,0.1291769371898,0.5270881105218,0.4343242670263,0.2634062955909,0.6281163069958,1.0000000000000,0.6960982887314,0.2398041047679,0.4710082966837,0.4852143122868,0.7750692060926,0.3346739830510,0.3412165415099,0.3982741601697,0.4784468770419,0.7369862744848,0.5469705872690,0.4484045358335,-0.0709435909223,0.2196317124231,0.1303772882982,0.3062611293243,0.3319297481982,0.1318026250887,0.2589167490324,0.2038811028017,0.2902162830462,0.1240098390557,0.1680010815250,0.1101817514949,0.3181370360918,-0.0627377358570,-0.1345233107824,-0.0664445715039,-0.0603423842630,0.3530578099225,0.0185134787331,0.2435778889893,0.4178780954125,0.1777257290478,-0.1588523150846,0.2995553922229,0.1571638915547,0.0285450868624,0.2128505033729,-0.0489319026327,0.2602893602689,0.1870382791519,-0.0006689626366,0.1212759162651,0.3406553934673,0.2231469831525,0.4894865956897,0.5970297948370,0.5604781003824,0.8889593557022,0.8742047132159,0.7228006949993,0.2038814765278,0.4742638023818,0.1107105325593,0.3846971907614,0.2281033095767,-0.0776014006223,0.3354694084890,0.6705350387754,0.4762294359041,0.4981281286926,-0.3170569037602,0.0254167516270,0.3145296835728,0.3540311689495,0.0134756188650,0.0477045541449,0.1764830847302,0.2941526049320,0.1058596938520,0.1207309103294,0.0748936541652,0.1636133184818,-0.1024688124858,-0.1501136783438,0.0775942263786,0.0990242844985,-0.0463283158458,-0.1228680923851,-0.3865879355574,0.3123509532873,0.0251321418909,0.2172209092386,0.3618241474614,0.0330809476842,0.0246802743056,-0.0532800214808,-0.1646107761247,0.2280495455538,0.3545548950980,-0.2216474688494
0.2178613084660,0.1849909460078,0.2251843604795,0.4514073145745,0.3874544311601,0.2754051026875,0.5271936424434,0.6960982887314,1.0000000000000,0.2580124426095,0.5102989803619,0.5161417061488,0.6365137441931,0.2155688011945,0.3035346887381,0.5466950681383,0.5448785284528,0.6373007391193,0.7840891841633,0.6233340575055,0.2543740715984,0.1707773811669,0.3626471358149,0.5386941828050,0.7163538707900,0.2542420668012,0.3187658333605,0.0776549066204,0.1196216874946,0.0850378482278,0.2763151645402,0.3402630482236,0.4164434325900,0.1588394992246,0.0390825551133,0.2887051522573,0.0276603318578,0.3011103457301,0.0322342535332,0.1636984230955,0.3335171634072,0.2154578695037,0.0816470775780,0.2501273969717,0.0800378032077,0.2153050324278,0.3768662996614,-0.0424785962621,0.1035231941026,0.2333966000653,-0.0322535522976,0.0501603833343,0.3480378951872,0.2530682594891,0.2977744563686,0.4275432388443,0.4919908417597,0.6049176137381,0.7443231174335,0.9034314857606,0.1496291092154,0.4899002062864,0.2511721425640,0.2217616949320,-0.0389350504325,-0.1348544792219,0.4683768543542,0.4972387947025,0.7045345656521,0.6730802692441,-0.1181620380194,0.1819801598314,0.4517817175526,0.6779644931141,0.1656230572410,0.1498724604817,0.2152399144247,0.0834639930023,-0.0790316105268,0.3109769318896,0.1951823375323,0.2269777627117,-0.1949815851500,-0.0838827911858,0.0357356690956,0.1153616020208,-0.0730859631214,-0.0407481925566,-0.1869941071003,0.1270362482642,-0.0179811255239,0.1116560833989,0.2928066743996,-0.0922509664502,0.0266407103902,-0.0941770470035,-0.2822209491552,-0.0071704221525,0.2199277738743,0.0047133888662
0.2717366987265,0.3822743362984,0.3990715029037,0.3856690996575,0.2578581665528,0.3952171767308,0.3768172735114,0.2398041047679,0.2580124426095,1.0000000000000,0.3888319405203,0.6898784303396,0.3626875835371,0.4236070915273,0.5604166588242,0.3870593012405,0.3449895525564,0.2429261772565,0.2437076958182,0.3153826194652,0.4316992155774,0.6605954162585,0.4216653089787,0.5504907538711,0.2508754164180,0.2243377340507,0.4311619507270,0.2976068366479,0.2180530124383,0.5066170894679,0.2758423019524,0.1816413438539,0.2686952552662,0.0688765550566,0.1646384288233,0.2805720278771,0.3621060820176,0.1567437122055,0.1312137628029,0.1845476703464,0.3814093124243,0.7134445495010,-0.0100528501351,0.0929903368508,-0.0033293299909,0.2763431470134,0.1893230061912,0.1640785541584,0.3365971041713,0.5791098414998,0.1450398818708,0.3384106783035,0.3426925528071,0.1843169531145,0.2873940526965,0.2362345378777,0.0984350248208,0.0408483591568,0.1925904480923,0.1118538244789,0.6234664606900,0.2791822911121,0.1257788743552,-0.2158334456309,0.2870134263942,-0.1406164690300,0.2533337041597,0.0857763275029,0.1798370044505,0.1661888074739,0.0527946665581,0.3838077484189,0.4481951606857,0.1816934844938,-0.3544328644865,0.0061621497003,0.1224303306822,0.1306478017164,-0.0239292621621,0.2054256586743,0.0522139223157,-0.0847673777280,0.1413381831496,-0.3950994866695,-0.4248987288154,0.1831873949601,0.1742278317814,0.2191016726749,-0.3947517222933,-0.0551370141834,-0.0060098947527,-0.0205711984972,0.0748351230117,0.1864107890019,-0.0586880066053,0.0913939236920,0.1325330230892,0.4890877837205,0.3696751329367,0.1815130031750
0.2770442442668,0.2179899164384,0.0757580439829,0.3865256973568,0.4138432967166,0.1271558482264,0.4870026657041,0.4710082966837,0.5102989803619,0.3888319405203,1.0000000000000,0.6939501729801,0.6338517600315,0.2881280280607,0.3066213486619,0.3340371006668,0.5022446617646,0.5414305681236,0.3401697971559,0.2637873689021,0.1817120204895,0.4408509419521,0.3845706257160,0.4031054641351,0.3377481183334,0.0140702974866,0.3222064970592,0.1980767080549,0.3341950383942,0.2018447273386,0.3055478592135,0.1205888850878,0.3784171139303,0.0643168975038,-0.0431004952953,-0.0250853237168,0.1961841502649,0.1553081536106,0.1998216107211,0.2666907094026,0.3786538564630,0.2952487380408,0.0122287001566,0.1857708115588,-0.0092472399386,0.1644573666081,0.2568909606721,0.2312392671731,0.3891239342833,0.2534964759753,0.2562810837171,0.0506636459995,0.2979971706149,0.0857479585029,0.4086628965999,0.4120385260485,0.2291207011526,0.3815748745074,0.4318965776779,0.4579786070067,0.2827683930629,0.7416014964836,0.4428984539449,0.2563756616763,0.0862201883182,-0.0729573811092,0.1946119985316,0.4741223602582,0.2293860093670,0.2526283612717,-0.1088294963976,0.3781653251671,0.3041571192503,0.3769904893255,-0.2099828246445,-0.1414205711294,0.2268126707860,0.1691010919882,0.0606539455868,0.3140485329256,0.0618829821824,0.1098453656524,-0.1289452850838,-0.1649222760502,-0.2326137630107,0.0893307569823,0.1551559850968,-0.0088076814496,-0.2909739865277,-0.0595783723504,0.2565309655759,0.1647263652179,0.2591367705382,0.1638790504643,0.0190297634686,0.2586317521824,0.0638467622256,0.2305810713830,0.2405853444931,-0.0410900247226
0.3317643336373,0.3717132353983,0.2666978416991,0.4571775020789,0.4268047278486,0.3374091118940,0.5058736768612,0.4852143122868,0.5161417061488,0.6898784303396,0.6939501729801,1.0000000000000,0.6501279825473,0.4793224046660,0.5306475760852,0.4666777332735,0.6264162193133,0.4978143095022,0.4290151358353,0.3868762798090,0.4093215966780,0.5749119825494,0.5543297610638,0.5609882542432,0.3715065933452,0.1766727131522,0.3955888428908,0.2149293106935,0.2839812369355,0.4129626379885,0.2778829147513,0.2225188951343,0.4625706919066,0.0329671454863,0.0280923609328,0.2143387378616,0.1694592882514,0.1766530810890,0.0361828761104,0.2149840172933,0.3463355618578,0.5460783235197,0.0037798443875,0.1213160470772,-0.0721049216471,0.2519998021270,0.2808793755371,0.2050544998394,0.3849307079567,0.4391359566726,0.1915201438174,0.1977960711645,0.3990890680459,0.1358759699697,0.3516511198236,0.3401596834461,0.3115170961124,0.3371030435578,0.4588957445702,0.4033787234924,0.4714610292717,0.5949053632900,0.5253424718881,0.1012786768679,0.1825715301026,-0.1694149056088,0.3322151092408,0.3829292892589,0.3630487509237,0.3634413472481,0.0505153693794,0.4141100083893,0.3569811187306,0.3276291286933,-0.1987223819782,0.0165264945016,0.1205142568520,0.1121366133043,-0.1003126420972,0.2847195924332,0.1399535509777,0.0549255619163,-0.0479738385332,-0.3575409754279,-0.3878742652533,0.1604029577178,-0.0156318357395,0.0686994874527,-0.4266799490044,-0.0416559590226,-0.0068993632488,0.0734047597052,0.1426509511552,0.0849292827814,-0.0405067718486,0.1447457435824,0.0101522842598,0.2944472552663,0.2262438592819,0.0656827250964
0.3422630077021,0.2948964490834,0.2566853995539,0.5352136502206,0.4967826031425,0.3112724952050,0.6618077497681,0.7750692060926,0.6365137441931,0.3626875835371,0.6338517600315,0.6501279825473,1.0000000000000,0.4015701913725,0.4019108234026,0.5148735731112,0.5714490333647,0.6285782365813,0.4480943768875,0.4067991636311,0.1299948233966,0.3130660802751,0.2235220049097,0.3640170134343,0.3355142240466,0.1441074813011,0.3749718187298,0.2837541141380,0.3347849885818,0.2952722171438,0.3848302401383,0.2704717417881,0.4961177795625,0.1200866574710,-0.0988076966222,-0.0206963560919,0.0745201698428,0.3814852234951,0.1771922576420,0.4069657471441,0.5061077978324,0.3202513220995,0.0705528045099,0.4256791234812,0.2129029611242,0.1441085400242,0.4306814195214,0.1074230137996,0.4324350788702,0.3218107946058,0.1885069272432,0.1408978369584,0.4032116635854,0.1753962355029,0.4763705285072,0.5480559084532,0.4469869440390,0.6629980726329,0.6891153957987,0.6159141225809,0.1071026296086,0.5689681126946,0.1592270996368,0.3793873023985,0.1341488901310,-0.0181141531784,0.3581100679033,0.6157574898067,0.3491512977583,0.3949094202813,-0.3886531823896,0.1152745893905,0.3063323317079,0.3334813721245,-0.1589874879660,0.0161300613228,0.2416821619189,0.1934263243392,0.0048966807311,0.2463377985647,0.1409819521739,0.1720177292218,-0.0663108338466,-0.0880495301129,-0.0412575469549,0.1544238661255,0.0431167292994,-0.0828134544843,-0.3336668448130,0.1918456488815,0.1853964759762,0.2530213589186,0.4695885794446,0.0978613763231,0.0272721893176,0.1121990060099,-0.0598728406967,0.2523741060097,0.3666139510959,-0.2518971261182
0.7760299480886,0.5926252401678,0.4979918828600,0.5901968785730,0.6770373899702,0.4685765440802,0.5283483986687,0.3346739830510,0.2155688011945,0.4236070915273,0.2881280280607,0.4793224046660,0.4015701913725,1.0000000000000,0.5487854689353,0.3845134460509,0.2779767141409,0.2840756972604,0.2076008538909,0.0702317415673,0.0631209649083,0.3093538060606,0.1764536688412,0.2104821233497,-0.0147507206196,0.0590843637912,0.0688673053932,0.1410958057700,0.3090414401134,0.4446127404023,0.1909469926014,0.0310137356024,0.0814942828042,0.0829347054644,0.0263235929620,0.0821483889242,-0.0269465780675,0.0328329752824,0.1097940605686,0.0852831877596,0.4715376269306,0.5803790985731,-0.0991320535345,0.0277087173962,-0.0765708120747,0.0071446489229,0.1285487072518,0.1706563187089,0.4043721673885,0.3516317856768,0.5226306065495,0.6686837443984,0.4840294883912,0.3867559824264,0.4043524797035,0.4824374845618,0.0808227879208,0.2549559413546,0.3452450138648,0.1992886837474,0.1805122867331,0.2304039172444,0.1823319528619,0.0024585218359,0.6028664865047,-0.1037792964471,0.2523514906111,0.1826785847091,0.1824054479177,0.0583818582985,-0.1648259641037,0.0776883579194,0.0993988159449,0.0073693221874,-0.2922882138373,-0.0391841389308,-0.0529331732524,0.2391756192971,0.1692260074557,0.0422400756766,-0.0018293085722,-0.0852826942944,0.3379502372670,-0.3075668813619,-0.2507149262553,0.2013034203646,-0.0220874338934,0.0475792415601,-0.4866855865360,-0.0499394614520,0.0301199951615,0.0259746964313,0.1040318531623,0.0382514562373,-0.1047924493507,0.0968343466570,0.2610727632635,0.3885295675227,0.3635726631841,-0.1644534992778
0.4764946712970,0.6943786546334,0.6456759185803,0.6278273857664,0.3532735293835,0.4237022989609,0.5679901407080,0.3412165415099,0.3035346887381,0.5604166588242,0.3066213486619,0.5306475760852,0.4019108234026,0.5487854689353,1.0000000000000,0.4952101509365,0.4002829225257,0.2483860557031,0.3325617031346,0.2923853468718,0.3021193120527,0.4330490305874,0.3183816677464,0.4255655864335,0.1597155141018,0.4017081096641,0.2650020436818,0.4549970741195,0.3611673962827,0.6217621252955,0.2944258863809,0.2013030902606,0.2694544054789,0.2059402635162,0.2590340656175,0.2006249544454,0.1795526536802,0.4017836439342,0.3421305138366,0.4508124852849,0.3808558001698,0.5520196131981,0.1402465825629,0.3419464655540,0.1963599406887,0.2943950259943,0.3153256056670,0.3846715340718,0.5208181181698,0.6548802966363,0.0423502917659,0.5084273946068,0.5921924252603,0.2570609991662,0.3140917827615,0.4635458128393,0.0924471645085,0.2240468610792,0.2846065113016,0.2908816771409,0.1284798121145,0.2005916066966,0.0427961367678,-0.2531911304569,0.3691803906622,0.1001892233701,0.3261834084259,0.0864603020741,0.2885669637911,0.3020750944388,-0.1762962843289,0.1881392286487,0.2549936324836,0.0734461599476,-0.2698089111081,0.1880907445031,0.1078372662810,0.2859792027256,0.0840357374295,0.0451570530260,0.1302238517171,-0.1710868841439,0.2068538359335,-0.3454775725155,-0.2819825720188,0.3049359103172,0.0926172682995,0.3279774520753,-0.4398081204665,0.2661973078579,0.1533900811223,0.3694047178252,0.3312206244014,0.2726302557514,-0.0049947791445,0.2242951488712,0.0718627978766,0.1982223627067,0.2064956488560,-0.1770211085686
0.3988587684467,0.3257860187094,0.5449336923419,0.5737370636931,0.4091781884202,0.5371689769466,0.6600981270028,0.3982741601697,0.5466950681383,0.3870593012405,0.3340371006668,0.4666777332735,0.5148735731112,0.3845134460509,0.4952101509365,1.0000000000000,0.6360982693309,0.4114216257361,0.7314331388815,0.7087422827501,0.5395349124423,0.3022835015538,0.4787068406218,0.5498792812783,0.5114146353890,0.4321654944267,0.4813552739058,0.0695187563875,0.0388727552491,0.2870753702846,0.6482576120605,0.6236141393281,0.6771340734472,0.4163991052712,0.4852168039054,0.6220858495952,0.2674578920919,0.3903546104537,0.1887159683919,0.2027929318648,0.2574854121705,0.4282484712844,0.4412627258456,0.3237614357094,0.2356669862361,0.2737695535533,0.5203003346736,0.1225750168361,0.2749673651449,0.2685415581336,0.1442853266571,0.2341756736917,0.5842505016197,0.4690871655195,0.2520385112386,0.5213191963531,0.1855906097309,0.2954260770005,0.4610147770737,0.5302008435200,0.0069028889918,0.2853318119264,0.0705918202977,-0.1271559923669,0.0293319541626,-0.1026031803379,0.7790524822700,0.2725173639626,0.6099767937451,0.6058229788915,-0.1119710190704,0.3098190776318,0.3781924156866,0.4617174591855,0.0983249092200,0.2624156968177,0.3139476038971,-0.0792820129247,-0.1831850657369,0.4644248789174,0.4526682976752,0.2639045558111,-0.1042673647887,0.0898389381364,0.0069133093034,0.2489873754996,0.1017060970555,0.2811460451280,-0.1657720277640,0.2179493714641,0.0032933617360,0.0352670652509,0.3292128213332,-0.0599083696103,-0.0147529697273,-0.0232961452850,-0.0404083483547,0.0016827234047,0.1235191622690,0.0174927447096
0.1871576436874,0.2230233137227,0.1814239546265,0.3518195913998,0.2383785346689,0.1593768546316,0.4295139591053,0.4784468770419,0.5448785284528,0.3449895525564,0.5022446617646,0.6264162193133,0.5714490333647,0.2779767141409,0.4002829225257,0.6360982693309,1.0000000000000,0.6241313673341,0.6644849719380,0.5167418971222,0.6069422220235,0.4963639520995,0.6859864908287,0.5814671986641,0.4476605544791,0.3170340281457,0.4546326554909,0.1493615089932,0.2473005130969,0.2807553187929,0.3755875963603,0.4537189288704,0.7701238796664,0.0729052302687,0.1732271847163,0.3695734928884,0.2312133843948,0.2281735907586,0.0047713239961,0.1853135364518,0.2664864786761,0.4165092957236,0.0854325645663,0.1658334625735,-0.0091736962660,0.0882469979009,0.3129921505832,0.0510039838875,0.2781292623629,0.2217304065502,0.0228518272499,-0.0245131303115,0.3221004560389,0.0524535320902,0.0641968828487,0.2789757822334,0.3093316727536,0.3344697630900,0.4909889170817,0.4485917765314,0.0834842963729,0.5799555760715,0.3985166784675,-0.0131344003416,-0.0594197811105,-0.2528575560783,0.5970578128437,0.5468532855959,0.5926705898762,0.5697796136640,0.1956784496012,0.5137583649556,0.3657272930056,0.4184378581470,0.0739770040677,0.1982296525493,0.2134057234414,-0.0266774391858,-0.0608923961872,0.4791181597133,0.3399942210687,0.2511062145960,-0.1192610975764,-0.1780324999738,-0.2838902323403,0.0847052979587,0.0899034039975,0.1780455833944,-0.2451854993317,0.0804084273477,0.0016107540693,0.0381867755313,0.2046916441981,-0.1127750460786,-0.0576679886231,-0.0086614263771,-0.1144958495676,0.1199437545916,-0.0750310004856,0.0930772682564
0.1737830314828,0.1109769871416,0.0296877220620,0.3640206579047,0.3500153974186,0.1678083364255,0.4960108704268,0.7369862744848,0.6373007391193,0.2429261772565,0.5414305681236,0.4978143095022,0.6285782365813,0.2840756972604,0.2483860557031,0.4114216257361,0.6241313673341,1.0000000000000,0.5327346489778,0.3161865663597,0.0542270878504,0.2450340195107,0.2360233499537,0.4719073338182,0.3057940309812,-0.0911234479673,0.2378027705515,0.0887213018114,0.2084048513457,0.1238537138613,0.3197713792205,0.0901166385492,0.3529836181482,-0.1257110121362,-0.1623538966380,0.0430028615863,0.1221706299123,0.0950909724429,0.1036853421249,0.1568219494272,0.3755938525159,0.2418926439074,-0.1313213898002,0.0659313661554,-0.0733889779420,0.0344761179937,0.2068706003504,0.0211247485951,0.2637203834025,0.1623811783224,0.0712073874923,0.0571980789994,0.2483161622426,0.1145014733866,0.4147664858885,0.4121066055006,0.3484860311848,0.6379286218474,0.7578080778103,0.5628491486411,0.2404233101031,0.5458312875895,0.2060208074326,0.3258215923914,0.1490792481634,-0.0607556443635,0.4059705626145,0.7493923612571,0.4500442769159,0.3717229666010,-0.1485632195238,0.1858262304035,0.4266636762728,0.3645605135830,-0.0445652417111,-0.1907866324356,0.1472102951525,0.0767339762791,0.0925425621133,0.5046658393740,0.0713760225156,0.2420767026473,-0.0261240456662,-0.0687325206799,-0.0719480675800,-0.0667137723942,0.1090700940498,-0.0413149425976,-0.2639026001043,0.0052447204844,0.1585779992367,0.0930789042540,0.1373659222322,0.0270715390966,0.0817009898238,0.0492587923384,-0.0650143542488,0.2037827512595,0.2965863196684,-0.0853666113270
0.2115764599078,0.1626338471716,0.3268114116954,0.4666177481905,0.3289446621601,0.3243438930597,0.5128995214819,0.5469705872690,0.7840891841633,0.2437076958182,0.3401697971559,0.4290151358353,0.4480943768875,0.2076008538909,0.3325617031346,0.7314331388815,0.6644849719380,0.5327346489778,1.0000000000000,0.7592276036867,0.4359254215930,0.2462468488542,0.5238228973383,0.6126051530331,0.6597424432767,0.4423454592391,0.3982963437535,0.0074556111753,-0.0011540950316,0.0322403903437,0.3018331924989,0.4817498338030,0.5149494878046,0.2543507922374,0.2801283405511,0.5801430402261,0.1486581519569,0.3296636544129,-0.0140362747560,0.1056240569237,0.2405236705640,0.2723841513156,0.1357384924606,0.2093486350880,0.1114625908401,0.2046037821045,0.3450948660795,-0.0185835149615,0.1059614535453,0.1649665058598,-0.0198463737442,0.0247996821003,0.4279243998337,0.3344015115888,0.1436831893912,0.3768766543273,0.3654728479727,0.4610431807224,0.6201552092685,0.7486143333967,0.0615182311005,0.3310579476373,0.1926556455834,-0.0455124480437,-0.0791567170573,-0.2338648407876,0.6788574609850,0.4060195951681,0.8778625629733,0.8117783705077,0.0208667755856,0.3115721069175,0.4625284730604,0.6126545517237,0.2543767681551,0.3034497862811,0.2395523227543,-0.0030901006209,-0.1910858263671,0.3643817283935,0.2901769543915,0.2297022283763,-0.2243937498286,-0.0608152174635,-0.0170120078986,0.1429315148156,0.0224399672246,0.1416135966636,-0.1872824679049,0.2257289795537,-0.1181679079709,0.0096279401521,0.2395451343498,-0.1576621594847,-0.0531015608080,-0.1285213238066,-0.2362118996261,-0.0483728605216,0.0460051412454,0.0969813733565
0.1223446950828,0.1328607772486,0.3837915581643,0.2895533526498,0.1849736953986,0.3093143639924,0.3304596736767,0.4484045358335,0.6233340575055,0.3153826194652,0.2637873689021,0.3868762798090,0.4067991636311,0.0702317415673,0.2923853468718,0.7087422827501,0.5167418971222,0.3161865663597,0.7592276036867,1.0000000000000,0.5270136145684,0.2593844248928,0.5493660394847,0.5513240624710,0.7624222458640,0.6012545117565,0.6339759563159,0.1232170014143,0.0253098912229,0.1216369107192,0.4760418047720,0.6791789853100,0.6418365085242,0.4239664801547,0.4239397477413,0.5747918430992,0.2511432929054,0.6308847096314,0.0077013250666,0.2140174256801,0.2083341127800,0.2514206309169,0.3367408202563,0.4862741062241,0.3634637748815,0.4055212643950,0.4704919004712,-0.0642373271894,0.0807503505212,0.2232821518836,-0.1178717453370,-0.0283082125962,0.2971096779473,0.2759591839551,-0.0151179719793,0.2072631027941,0.3310913649865,0.3148599023961,0.4108530773800,0.5910428517241,0.0161036591635,0.1786328621616,0.0370688560647,-0.1701376654333,-0.2104471009283,-0.2027186970109,0.5471327570824,0.1966001093936,0.6164942859183,0.8255895906564,-0.0500642775496,0.3289650426312,0.4082196199566,0.6488241920334,0.2453037760786,0.4631499881552,0.4643017841655,-0.0028010213782,-0.2418536359548,0.3725871234987,0.4373722686922,0.2727452999636,-0.3256981428135,0.0365779139041,0.1535694836267,0.2684677917005,0.0690702863540,0.2092274653953,-0.0736406443328,0.4537577924557,-0.1501036130727,0.0720993917609,0.4295125513298,-0.0283827332464,-0.0033875668307,-0.1808074613578,-0.2705160943391,-0.0958275567999,0.0049604688593,0.1428477655358
0.1021351722509,0.1862807109016,0.3114209138368,0.1038939128622,0.0347477002486,0.1176081402206,0.1159893873566,-0.0709435909223,0.2543740715984,0.4316992155774,0.1817120204895,0.4093215966780,0.1299948233966,0.0631209649083,0.3021193120527,0.5395349124423,0.6069422220235,0.0542270878504,0.4359254215930,0.5270136145684,1.0000000000000,0.4573479378499,0.7238849528548,0.5397178216180,0.4738597541958,0.4966472427792,0.5163860916598,0.2025009733980,0.0346909073146,0.3844679063503,0.4310906932156,0.6937762229878,0.6703572795632,0.3411285466716,0.4367785453014,0.5986976952556,0.4095353709686,0.2492560331832,-0.0525289658063,0.0774600490994,0.0760877520972,0.5296758088895,0.4277059176689,0.1753858338333,0.1683666369048,0.3731440081181,0.4771967191289,-0.1011809225622,0.0347096476677,0.3302333227844,0.0060534107778,-0.0080966143320,0.2253267506909,0.0375504378490,-0.2667754253749,-0.0442938142154,-0.0554681330471,-0.2160634231524,-0.0472971655344,0.1251410995639,0.0250608388610,0.2265117982379,0.2404674316186,-0.4287783207294,-0.2054083248773,-0.2764482324603,0.4728291350648,-0.0569062018906,0.3665784412336,0.4438492093923,0.3817987727764,0.5847398021610,0.3208888407756,0.3174591659783,0.1327097566113,0.3280812924633,0.1802548076884,-0.1876985077875,-0.2009459829153,0.4140862643369,0.4780171149550,0.1077486734384,-0.0297056428686,-0.0837919148076,-0.2909549239661,0.1582399841262,0.0922019350829,0.2902070810386,0.1327593232467,-0.0031261974435,-0.2009562304619,-0.2036908537512,0.0531404552593,-0.0745284267820,0.0319064312678,-0.1983233128113,-0.1303882531467,-0.0100680748542,-0.1583792828120,0.4471525372634
0.1998034018644,0.3051046756472,0.2246681867114,0.2347958482682,0.1945306489150,0.1535690280183,0.2398148408395,0.2196317124231,0.1707773811669,0.6605954162585,0.4408509419521,0.5749119825494,0.3130660802751,0.3093538060606,0.4330490305874,0.3022835015538,0.4963639520995,0.2450340195107,0.2462468488542,0.2593844248928,0.4573479378499,1.0000000000000,0.5709413868648,0.4749344435696,0.1878842349970,0.2913258662750,0.4635587628257,0.4446163832329,0.4432649236092,0.4559845590960,0.2176583353778,0.2240073909022,0.4227989555796,0.0410359510111,0.1776545796995,0.2628370198973,0.3657123624174,0.2025407820757,0.0572437150157,0.1879173425781,0.3490071359656,0.5449798997808,-0.0377983728391,0.1098558444753,0.0208909939514,0.1364904606618,0.1374707779257,0.1709791896118,0.4727138820307,0.3367003843526,0.1376341131232,0.1735255172522,0.2552853790887,0.0340074191727,0.1149025703028,0.1377954645569,0.1148346806704,0.0759115683329,0.1616265500625,0.0817509631954,0.4173016338646,0.3863896029683,0.2855669080589,-0.1580666875362,0.2044724013266,-0.2809621401552,0.2562230233312,0.1938715814153,0.2198054266960,0.1972983955232,0.2010208127611,0.6216509979552,0.3662213204105,0.1533002033383,-0.1990887489934,0.0658697603619,0.1333345023231,0.1607169803755,0.1612834865306,0.2342983636540,0.1108893357445,-0.0447871016673,0.1496295639180,-0.3768129887817,-0.4623877355959,0.1070317715149,0.2216798152279,0.2069720046300,-0.3502816347574,0.0086521628718,-0.0207658980476,-0.0321126860173,0.0663560527120,0.2369749595945,-0.0460353872698,0.1158785384811,0.2296613617847,0.5853122269726,0.0527728311059,0.1119685963432
0.1345875137426,0.2101250476722,0.2295555523037,0.1288671059953,0.0788449738638,0.1250555061360,0.1080242459010,0.1303772882982,0.3626471358149,0.4216653089787,0.3845706257160,0.5543297610638,0.2235220049097,0.1764536688412,0.3183816677464,0.4787068406218,0.6859864908287,0.2360233499537,0.5238228973383,0.5493660394847,0.7238849528548,0.5709413868648,1.0000000000000,0.5667453122192,0.5668483569276,0.5489593155341,0.5664481628073,0.1703439816469,0.1799211669845,0.2960127152580,0.2733205179054,0.5520867526068,0.6530290140356,0.2800818784366,0.4207431576588,0.5436978656010,0.3349593153022,0.2196200082640,-0.0671010866202,0.1321289981737,0.2011503754576,0.4614175093209,0.1317736040151,0.1310842315836,0.0180561165696,0.3380508926652,0.2777479597970,0.0671620318100,0.1554677203206,0.2374892679159,-0.0102800219802,-0.0402294019249,0.1835486334213,0.0536961782542,-0.1661838739162,-0.0186396979500,0.2287173743914,-0.0109040345207,0.1137161145128,0.2431023654591,0.1591510730677,0.3816364962261,0.4953942487858,-0.2288557364907,-0.1461602382726,-0.3822394215884,0.4201786801122,0.1434331507209,0.4445777649447,0.4996540272403,0.3853048181276,0.7422723259764,0.3541420007232,0.4980331879544,0.1001715433067,0.4391104616000,0.3169008394665,-0.0649643256310,-0.1144206412966,0.3716399173042,0.4229947431550,0.1649896120404,-0.1437966037756,-0.2631314629311,-0.2803070973822,0.2015676910871,0.1626918927115,0.3286220146673,-0.1500016889428,0.0865274040887,-0.1442037772077,-0.0288742121642,0.1285299551984,-0.0233041168315,-0.0809806561415,-0.0332526294262,-0.1161227602414,0.0432000412250,-0.2484775419851,0.2900765493108
0.1452894772258,0.2380821542064,0.2661423017335,0.2975038595548,0.2140754956090,0.3159125608495,0.3435776887152,0.3062611293243,0.5386941828050,0.5504907538711,0.4031054641351,0.5609882542432,0.3640170134343,0.2104821233497,0.4255655864335,0.5498792812783,0.5814671986641,0.4719073338182,0.6126051530331,0.5513240624710,0.5397178216180,0.4749344435696,0.5667453122192,1.0000000000000,0.5326073093597,0.3031307168417,0.5868296167604,0.1239248517959,0.0450381254282,0.2335648036241,0.2812826528516,0.2994628902768,0.4410510223323,0.1115996756850,0.2408101609520,0.5765878848936,0.4650713494999,0.1802322690078,0.1259882172143,0.1606839511808,0.2608637117882,0.4256795128534,0.0549628606074,0.0799607101720,-0.1094610000819,0.3051377240197,0.2369832823627,0.1920993789618,0.2344407669254,0.4186354526419,0.0322203190802,0.0661502062901,0.3954244021806,0.1846507461371,0.1893712881738,0.1803577041486,0.3439447211250,0.1543732810949,0.3603510077018,0.3903521637478,0.3021560062411,0.3533915614428,0.2460177804251,-0.0971035143379,-0.0503724751857,-0.2035279433761,0.5348666422166,0.3147668366321,0.5621074586106,0.5317458514352,0.1710957905538,0.4206575065998,0.7873635353052,0.4895367383689,-0.0231867666581,0.0844627087953,0.2914141743838,-0.0859153299145,-0.2223833848419,0.5406647056273,0.2062621468025,0.1408998517643,-0.1094850954253,-0.2630418104337,-0.3423779769827,0.0742802126911,0.2949298629175,0.2968211056113,-0.2578725288969,0.0261116611200,-0.0123274391922,0.0307878451868,0.0734977889365,0.0295434631529,-0.0714750205042,0.0949945156820,-0.0661330384109,0.1360392282919,0.0642191252980,0.1779960150171
