1.0000000000000,0.3680417571488,0.6367663057619,0.6470238443732,0.8631357923684,0.6185822181370,0.4192417431367,-0.1148778730447,-0.0923782154486,0.1649913651056,0.0581189753623,0.2595994686616,0.1680986121478,0.7232482233198,0.3894014600034,0.3181083846543,0.2271002113111,-0.0394866900573,-0.0750862827699,0.1531457841197,0.3246993730193,0.0718403884530,0.1420339029213,0.0379101216116,0.0568417047634,-0.1075577244081,0.1338130877506,-0.0146646582630,-0.1141628140666,0.0070492984548,0.1940075973342,0.1010590737242,0.3523967829635,0.1625056370765,0.1756796407156,0.1238914865626,0.0536415742208,-0.0471397957300,0.1641909317488,-0.1778902459751,0.0808727808933,0.4443679685099,0.1990072932358,-0.1145529333593,-0.2753024723148,0.1556647129795,0.1429893588466,0.2177845216902,0.1883222633534,0.3131043477661,0.8117779698296,0.5372342575510,0.4667175493420,0.6244140321027,0.1794394413682,0.3081339648823,-0.1132118654472,-0.1859051674404,-0.0868281084964,-0.1211807934408,-0.0942246908886,0.0166475111189,-0.0010685818154,-0.2356515877098,0.2445717373096,0.0761582041431,0.1121665814595,-0.0880099446312,-0.1489626605715,0.0250346191346,0.0140958341506,-0.0548556484939,-0.0841230467285,-0.0430178145391,-0.1525105887902,-0.3597043670395,-0.0081365983853,0.0210731352718,-0.3621475715188,0.0924707070034,0.0002418393276,-0.0115014399277,-0.1706974589794,0.0532859178482,-0.2194460644039,0.0480952865505,-0.0054090321603,0.1577731748300,-0.0365261261148,-0.0148290400099,0.0447863133382,-0.1511196837474,-0.0683066037883,0.0502811566121,-0.2548467879316,0.1050756302583,0.1421502608906,-0.0791761567848,0.0251484262052,-0.0155659677139
0.3680417571488,1.0000000000000,0.6733680351186,0.3420731658983,0.3158741657462,0.2459138081558,0.0316778201158,0.0369208241362,-0.3004454188539,0.1300130293515,-0.2800824571802,0.0339606986941,0.1464686617158,0.5091705468321,0.3955453948570,-0.1264508884099,0.1082600681276,0.0241195293907,-0.3261527346782,-0.2838947248284,-0.0517356691365,0.1175805097561,-0.1710197053230,-0.1977316830241,-0.3358284712354,-0.2454220127714,-0.2482853420161,0.1130681248251,0.0225565909280,0.5484384849248,-0.0591488817553,-0.2882417338021,0.0806364532593,-0.2423098775766,-0.1002081589168,-0.2428193926321,-0.1177606804697,-0.2381237830992,0.0051848684475,-0.3512991208031,-0.3952271322940,0.1328109014458,-0.0602136163411,-0.2785784608087,-0.0460983440717,-0.0521297902617,-0.1143490108039,0.0367843882878,0.2769496160566,0.0403081218204,0.2982109694366,0.7547492266726,0.1515535786484,0.3172464129747,-0.0375347973221,0.0254112950284,-0.0280886595157,-0.2034821063478,-0.1160006074015,-0.2732307522162,0.1091363420244,-0.1717504252567,0.0949332784214,-0.2071941197373,0.6665345187587,-0.0424041194715,-0.2532175885201,-0.2137056137056,-0.4037273599411,-0.4680532415898,-0.0308994799404,-0.1342189538371,-0.2250242262201,-0.3567383172681,-0.4473056770918,-0.4393658007919,-0.4544647706446,0.0883471500653,0.1426699670526,-0.0617893022346,-0.1586410393551,-0.3165618634403,0.3650190382463,-0.1658256094420,-0.2819086661885,-0.0226701562761,-0.1832321034693,0.0851428930418,-0.1934989741452,-0.3017796442719,0.0564792701154,-0.1380809848837,-0.2655704761092,0.2280918968979,0.0828568739417,0.0397978930284,0.4753241722912,-0.0991046848916,0.1064610744438,-0.1191175508068
0.6367663057619,0.6733680351186,1.0000000000000,0.4526986378121,0.5122749216244,0.5860499533959,0.1886620809110,-0.0325097453014,-0.2081085246346,0.1288264895257,-0.1199718264135,0.1573478112560,0.1142564638730,0.4879871567487,0.3145958793537,0.1168263050589,0.0737989862400,-0.0173626395350,-0.2312390804874,0.0402811502732,0.1045176540460,0.0938386022200,-0.0550263943860,-0.1415517774871,-0.1248701196543,-0.0573060456996,0.0663964013416,0.2590295454091,0.0021409767835,0.3384164711362,0.2112770686772,0.0769278044484,0.2919832517498,0.1096033030402,0.2034578421381,0.0003316662504,0.1172647672795,0.1445551033057,0.2766019876818,-0.0259400391531,-0.0675832608078,0.1297825324270,0.0621530538179,0.0784032366316,0.0242891284250,0.2103154750404,0.2567248204787,0.2539420462670,0.3291150930654,0.1947736567592,0.4078398455694,0.7490848531574,0.2149712905063,0.6691830159383,0.0221710140456,0.0485654155961,-0.0745156442821,-0.1427749819210,-0.0826615033750,-0.2016586379636,-0.1839520360706,-0.1630033779700,-0.2073396645023,-0.4769863399241,0.2907318279672,0.0874405951033,-0.0599297086268,-0.2452997105613,-0.3237163286909,-0.1361923657401,-0.3102926029372,-0.1748943455384,-0.1771205320774,-0.2430012255675,-0.2632961337782,-0.3843163350550,-0.1310062375593,0.2490633328439,-0.1166803513114,-0.0011020310781,-0.0664954026106,-0.2057539654301,0.1281495701476,0.0285795257616,-0.0741758671514,0.1400174619788,0.0340707959576,0.2744214037774,-0.1209709868418,0.1547938970615,0.2305319143491,0.1074879226219,0.1073873023208,0.3414971481547,-0.0558339612193,0.1961468498081,0.2509090281476,-0.2454841313097,0.0615786205539,-0.3546322260059
0.6470238443732,0.3420731658983,0.4526986378121,1.0000000000000,0.6827446165890,0.6751924310506,0.8128075933115,0.2116827710161,0.1901781087605,0.3819638951434,0.2404755316117,0.4901770172970,0.4591669879757,0.6466453814674,0.7045818296613,0.5617114184553,0.5015691729132,0.2297295071331,0.1993825129670,0.3454043797349,0.4411787984435,0.1457643150610,0.2296092220682,0.3957049924124,0.2669785157577,-0.0992740919866,0.2652139665053,-0.1325258005975,-0.1595164181041,-0.0447906193182,0.2500842870969,0.0956806317558,0.5241854236308,0.1140640102234,0.2246365416048,0.2736761534663,0.2356262419800,-0.0478860501486,0.2344988022070,-0.2427652091774,0.0214855786388,0.4025667079565,0.2164967221169,-0.1054169078564,-0.3375832528803,0.1347653797244,0.1165778314763,0.2215355444231,0.1256312899171,0.5246964753384,0.6314427368673,0.5460787551224,0.7548951105758,0.6698066061912,0.5158602593925,0.6611014894169,0.0801029306481,0.0688375567838,0.2022804103973,0.1635302355526,0.2252416615346,0.2975242982364,0.1482823914576,-0.0671976198254,0.4220387331972,0.0417803260272,0.3280140609994,0.1097321204543,0.1165792172281,0.1745310802913,0.1619557090581,0.0622459674053,0.2750959620286,0.1822073955506,-0.2392697341530,-0.4334767556752,0.0784333928584,-0.1367855190025,-0.4242383928255,0.2109064583165,-0.1115590463380,0.1074776270341,-0.3310355063942,-0.1127198667134,-0.3040838784655,-0.1692157980433,0.0775445811986,0.2265550673646,-0.1513185181702,-0.0341370783038,0.0005538232246,-0.2506065954907,-0.0703457695763,-0.1003390253393,-0.2865683283353,0.1351358888370,0.0501301828688,-0.0224368778867,0.1455359657258,0.1047501920866
0.8631357923684,0.3158741657462,0.5122749216244,0.6827446165890,1.0000000000000,0.6901118646703,0.5265100034835,0.0635899556845,0.0167032110213,0.3155955748492,0.2059378498252,0.3725234478871,0.2960522134200,0.7650746831298,0.4814254726397,0.3094782574288,0.3418577012664,0.0803352465387,0.0347473479652,0.1881671099682,0.3532083794135,0.3212230106285,0.2843000805071,0.1307353266199,0.0926499332327,0.0090443080509,0.2058460821730,-0.0326358759575,0.0385137917733,0.0447260220108,0.1509401874805,0.1620714777065,0.4223182477867,0.1236677728659,0.1768755440336,0.1686639147769,-0.0005663579131,-0.0001842423574,0.1308803206959,-0.1736102020373,0.1455226223402,0.5660810733012,0.0859839132680,-0.0690860438383,-0.2603174140579,0.1448149162181,0.1017989517798,0.3007229177083,0.2885986208915,0.3843179975063,0.8121902507440,0.5153987849027,0.5083507571014,0.6440833941819,0.3672101815207,0.3431078535280,-0.0042977749759,-0.0267821205053,0.0724976489076,0.0062209799875,0.0438860098639,0.2340415908550,0.1346217020109,-0.1185123393697,0.2826106284340,-0.0681671348889,0.0887615738952,0.0218690381165,-0.0097060031079,0.0533625421971,0.1639957901904,0.1865595260516,-0.0134759004726,-0.0088111711612,-0.2302752776970,-0.2759262541616,-0.0167362000731,-0.0349732111299,-0.2424181776645,0.0678825244486,-0.0635845292748,0.0784374131860,-0.2125698827619,-0.1450281957986,-0.2946379610156,-0.0696090795601,-0.0502659580775,0.1041931994314,-0.2114317060995,-0.0564370076999,-0.0461033860872,-0.1975986667038,-0.0681877699400,-0.0222654406240,-0.3454549790011,0.1644839102465,0.1844285573927,0.1357870586189,0.0679359981281,0.0287549225770
0.6185822181370,0.2459138081558,0.5860499533959,0.6751924310506,0.6901118646703,1.0000000000000,0.6429685788208,0.2062436002645,0.0981210336823,0.3857644144559,0.2517999896067,0.4588096937034,0.3698799453254,0.5587502095534,0.5186677727627,0.4925785867031,0.3829963327943,0.1883115507392,0.1113029645410,0.3336770744989,0.3469681137399,0.1903041855529,0.1863119438664,0.2594848253304,0.1335531498147,0.0127010264296,0.2453446841037,-0.0880403621839,-0.1559487238865,-0.0248192720034,0.3103787490507,0.2404539797312,0.5394965122952,0.1595375619098,0.3349563907281,0.3729314274353,0.2200293294751,0.1294733546451,0.2934220139034,-0.1123281097530,0.0864050093904,0.3426754642028,0.1335076738425,-0.0104421144110,-0.1577524901880,0.1986583699714,0.2182555124827,0.4378382295322,0.2961654420196,0.4009300589470,0.5732005601546,0.5506191865505,0.5590720971674,0.9095911541873,0.6313597947552,0.4692132874145,0.0734973244300,0.0746918581929,0.1968240455773,0.0906425920853,0.0947456308878,0.1927171281960,0.0229965974573,-0.1081009915581,0.2800427404619,0.0630674376674,0.2865919804629,0.0811286394474,0.1178402190973,0.1047976306968,0.0016638684549,0.0782020380175,0.1542648012465,0.0498131418088,-0.0980393312112,-0.3196105366452,0.0566657364010,-0.1538554376898,-0.3989349058929,0.1408080205624,0.0224801202602,0.1661710752876,-0.2580847782271,-0.0219289992735,-0.1270473079450,-0.1412981688764,0.0246602826864,0.2448973644679,-0.2244559414110,0.1432877418319,0.0487928637081,-0.1825462280314,-0.0287410366451,-0.0611979210814,-0.3158170506335,0.3169000053830,0.1517100253131,-0.0621866395314,0.0814179910086,-0.1048544075646
0.4192417431367,0.0316778201158,0.1886620809110,0.8128075933115,0.5265100034835,0.6429685788208,1.0000000000000,0.4546852292213,0.3563198956176,0.3862535041670,0.4251889290880,0.5570680522365,0.5588450295800,0.4952978036582,0.5540561495441,0.7036930881561,0.5234167329438,0.4023791551914,0.4184718783365,0.4882276744535,0.3467651846411,0.2063734674583,0.2872975120423,0.4629722044136,0.3381385670366,0.0276029303970,0.3422630999210,-0.0906096133154,-0.0385385624019,-0.0860406405098,0.3425050591020,0.2718819699750,0.5565577581347,0.1985362633922,0.2523063739890,0.3367192722083,0.2390898164338,0.1387875922592,0.2813963271671,-0.0472661592705,0.2476744805198,0.3755441587693,0.0960917836819,0.1086790242470,-0.2192270601468,0.1255291332225,0.2547989310073,0.2557086305117,0.1059886896970,0.4446888915944,0.4519761665371,0.3271986503965,0.7043299122896,0.5643973192241,0.6917477150585,0.8077379697977,0.1897424180331,0.3617261255374,0.4745978770532,0.3654625283442,0.1809320562678,0.4304409550752,0.1117966270924,0.0918197435885,0.2776350162910,-0.0218514878467,0.4804257502927,0.3040437910916,0.3735818940955,0.3273328755564,0.0578628676891,0.1501205121228,0.3723580330041,0.2813553880094,-0.1458963325528,-0.3154185493779,0.1909293235382,-0.0995306739909,-0.3408897681642,0.2013224747093,-0.0929015027859,0.2875505057082,-0.3620371644734,-0.1407208558338,-0.1059968787255,-0.1613531162992,0.0820585209852,0.1454051271203,-0.2684825303655,0.1183481365907,0.0258562389367,-0.1525501853433,0.1281521420889,-0.1197859711229,-0.3020809101318,0.2152010381151,-0.0542684310640,0.0497202767874,0.2155580008395,-0.0180167604159
-0.1148778730447,0.0369208241362,-0.0325097453014,0.2116827710161,0.0635899556845,0.2062436002645,0.4546852292213,1.0000000000000,0.5054505747763,0.4586460834770,0.4615112391964,0.4876068879303,0.6258140973945,0.1914464301064,0.1956181384899,0.4206229690665,0.4744999490704,0.6924229932257,0.5797548262136,0.5171051814081,0.1494708265453,0.3806580302309,0.2496620048102,0.3856713607298,0.2745557508838,0.1598741695077,0.3314523631937,0.1180071767409,0.0661679059477,0.1390586010192,0.1865650620211,0.2799400297555,0.3462909262845,0.0045431728159,0.0051967379894,0.0913381753185,0.1465250845727,0.3404202342090,-0.0011064979451,0.0609639354677,0.1532568428502,0.2292523062631,-0.1815310453597,0.2792142703594,0.1284345259432,0.1109615303427,0.2569671850975,0.0055711379498,0.1466082258000,0.0986799987475,-0.0361018130356,0.1344004461182,0.2001042343388,0.1348425967911,0.4341528686536,0.2753882976467,0.5927769773684,0.7183176700512,0.7585584217495,0.5247013435975,0.2210572786761,0.5021488236147,0.1105650373609,0.2626924913247,0.1741066705994,-0.2682932233095,0.3009581933243,0.4851145397591,0.4772149217880,0.3209903084372,-0.0735594631677,0.1724179472085,0.4261261247063,0.3070487057440,-0.1443902936336,-0.1761976294979,0.0695734535857,0.0949403078196,-0.0148948635811,0.1515005037358,-0.1607211874645,0.1673063799537,-0.0702949510513,-0.2786321581193,0.0291010211682,-0.1092438624479,0.0414838523519,-0.0352737439551,-0.4049843186803,0.1876488528655,-0.0244421510879,0.0285279433745,0.2373491504163,0.0592764045011,-0.0645454882521,0.1237619915866,0.0008072750392,0.0038820727533,0.1908859045139,-0.2306599558102
-0.0923782154486,-0.3004454188539,-0.2081085246346,0.1901781087605,0.0167032110213,0.0981210336823,0.3563198956176,0.5054505747763,1.0000000000000,0.1958409302998,0.5926463184017,0.4398130564094,0.5037918205279,-0.0647950227154,0.0749349836797,0.4147611782943,0.4767177124061,0.6040631535640,0.7828875725179,0.5656275099313,0.3101331379882,0.1230830571317,0.2788270869310,0.6626987065525,0.7063476508433,0.0654706681946,0.3355411224467,-0.0304439066892,0.0008021177307,-0.1500188161358,0.2954132939883,0.2871492740032,0.3012515514501,0.0104068053576,-0.0010236875679,0.2727142919049,0.2127749932906,0.1676036447030,0.0496114382883,0.0351923604130,0.1136663729671,0.0186587496114,0.1255245583992,0.0854150774668,-0.1775296827404,-0.0128221931345,0.1452486763335,0.0083830612595,-0.1147299704976,0.0481381761150,-0.0334511388246,-0.1746187826795,0.2048965818234,0.0378499670971,0.3190475032211,0.2405908906787,0.4258630776315,0.4234275063715,0.6850102706643,0.9294935792182,0.1491459287463,0.5965383456491,0.0998414798897,0.2833779416987,-0.2018693184171,-0.0835360260064,0.3548524265941,0.5269400092250,0.6800359401999,0.6154524849068,0.1084559206159,0.1197403064081,0.5969653567410,0.7846459217789,0.1639475596961,-0.0413045247286,0.3100630999528,-0.0412799812743,-0.1715143272605,0.4861525620752,-0.0249201233938,0.2465864822616,-0.4684282120037,0.0186955509201,-0.0472830835871,-0.1640375905589,0.1109187799565,0.0558848568412,-0.0932866369487,0.1637212705159,-0.0027373629401,-0.0380280390156,0.1413662763658,-0.1165039824752,-0.2239202168586,0.0891359671815,-0.3799778740237,-0.1168158103002,0.0244371179059,0.0887493571653
0.1649913651056,0.1300130293515,0.1288264895257,0.3819638951434,0.3155955748492,0.3857644144559,0.3862535041670,0.4586460834770,0.1958409302998,1.0000000000000,0.3704496603322,0.5812114137397,0.5099018839869,0.4147750436031,0.4089692382544,0.2514053950676,0.3906270523706,0.2884966248613,0.2331687157456,0.3712749459427,0.4481786090305,0.5643853319186,0.3634597831580,0.4059272411594,0.1698141726392,0.1238844878227,0.4015412647932,-0.0083194946623,-0.1303572551496,0.0885420679821,0.1945059476404,0.2238566555558,0.4840981989598,0.0890684663479,0.1416312268314,0.2032971376626,0.3487302538976,0.0899925691249,0.0268621399774,-0.1262411449504,0.1064587550942,0.5308319943360,-0.0723780094974,0.0157398028378,-0.0605829184248,0.3704436543350,0.2411607131937,0.0351215019191,0.1831194191520,0.3562109813961,0.1939471200622,0.1880519018459,0.1840190512074,0.2997479490207,0.4467490302630,0.2667954808153,0.3492720699571,0.2478139905740,0.3098974772190,0.1310391036148,0.5814300121949,0.4503019465693,0.2278904985730,0.0614559534692,0.3433218986597,-0.1746485720543,0.1274453826402,0.1971942799311,0.1489890199205,0.0501374925674,0.1631965037109,0.3222608021243,0.3807588470236,0.1898623440155,-0.1820997812546,-0.2184212969741,0.0376450378391,-0.1883350295287,-0.2447066638442,0.0671310315222,-0.0620914729741,0.0702873744448,-0.0956193635367,-0.1910535512406,-0.1696674034167,-0.1171676410280,0.1465799054428,0.0518942096587,-0.2312831995574,0.0380737422091,-0.0240254669372,-0.2315505824562,-0.0365772764075,-0.0159281325884,-0.1020681052693,0.0748736687346,0.1453895073927,0.0916854962137,0.2977241690257,0.0153420097254
0.0581189753623,-0.2800824571802,-0.1199718264135,0.2404755316117,0.2059378498252,0.2517999896067,0.4251889290880,0.4615112391964,0.5926463184017,0.3704496603322,1.0000000000000,0.5911927189298,0.4697883685314,0.1012034543389,0.2647420428534,0.2849631259600,0.4385716418233,0.4634402249304,0.5449360496188,0.4504239242336,0.3116169351200,0.3733771825548,0.4813729776771,0.4781546724456,0.4310209399858,0.2182400524818,0.5073973834761,0.0065356637422,0.0785241976185,-0.1855122834836,0.2868094084612,0.3947475079773,0.3879665909561,0.1060395771986,0.0448764527452,0.1398312015903,0.1820143618651,0.3477948851641,0.1231729124590,0.2155858775530,0.3844774995403,0.1846520652501,-0.0098079721155,0.2484668844129,0.0220363463777,0.1401466246518,0.1948375225468,0.1841741550980,0.1365424755520,0.1604372557916,0.0158456209162,-0.1489633560330,0.1336407702899,0.1274791117734,0.4099684531558,0.1485720801730,0.2860620739744,0.4478465935503,0.5083432031972,0.5452488927630,0.2077255584823,0.6593987301766,0.1262506770477,0.1999555535624,-0.1228924212159,-0.1140985335685,0.2180888583235,0.4327027542840,0.4428636112037,0.4871031323470,0.0722878697280,0.3499311404802,0.4300251603336,0.4888386660395,-0.0155984883600,-0.0900781057675,0.4280324606093,-0.0398750293179,-0.1775921280293,0.2754711441794,-0.0655193028373,0.3281207104976,-0.4088586492648,-0.1608454096936,-0.0770204834767,-0.1768486888416,0.1575832471588,0.0217143457393,-0.2499946524225,0.2653063130640,0.0999224643905,0.0723226470599,0.2673941408929,-0.0306826285170,-0.2270104002451,0.2003832257412,-0.1795129748824,0.0559284294563,0.0795539982775,0.0042916817237
0.2595994686616,0.0339606986941,0.1573478112560,0.4901770172970,0.3725234478871,0.4588096937034,0.5570680522365,0.4876068879303,0.4398130564094,0.5812114137397,0.5911927189298,1.0000000000000,0.6292076307112,0.3555181654695,0.4473156403502,0.3316225587696,0.4984936380828,0.4295640981776,0.4453155559504,0.4407956351937,0.4080939616995,0.4118015004950,0.5734476939735,0.5114965758821,0.3346291453145,0.1436103875829,0.3300985852743,-0.0082285753779,0.0221034574331,-0.0308749692687,0.1758066713437,0.2875716113760,0.4988121341256,0.2007564238462,0.0158394469167,0.1575325698748,0.2388454881517,0.1570221486066,0.0236976770218,0.0352392821900,0.1874239616472,0.3068638974607,-0.1017710005951,0.1467080605514,-0.1952437125325,0.2213868319743,0.2944472991820,0.0886181791018,0.1059692784319,0.3946071658493,0.1806306401367,0.1820945183504,0.2929747392920,0.4076652016000,0.4707596882100,0.3578806246213,0.2043764613837,0.3713903904144,0.4540534891784,0.4248311267774,0.4908036794811,0.5784269821110,0.3431193447223,0.0620286818136,0.2097231288885,-0.1961837415014,0.1855488752281,0.2137359086550,0.3141796273552,0.3457119732709,0.0965076428466,0.3568938438825,0.4310738066419,0.3717130738473,-0.2766991792987,-0.2819139620486,0.1402887956032,-0.0105446532071,-0.2462725527629,0.0990644472056,-0.1118762828168,0.1440499950380,-0.4399912029346,-0.3290309242473,-0.2308890489447,-0.0709255952669,0.0465631442768,-0.0368802010191,-0.3903100940064,0.0774051543605,-0.0219941086820,-0.0636870056948,0.1738553360224,0.0494042783911,-0.2032730828120,0.0849974267817,-0.1126450087296,-0.0682500414755,0.2960205654343,0.0230917113416
0.1680986121478,0.1464686617158,0.1142564638730,0.4591669879757,0.2960522134200,0.3698799453254,0.5588450295800,0.6258140973945,0.5037918205279,0.5099018839869,0.4697883685314,0.6292076307112,1.0000000000000,0.2629406577644,0.3930457254415,0.4024390919539,0.7078757187754,0.5727639495373,0.4166807120483,0.4206935037662,0.3618143098942,0.2769636762015,0.2140878693105,0.4676693024767,0.3028048272064,-0.1108600956888,0.3911393462973,0.0934038324865,-0.0599590232197,-0.0007102906250,0.3870089068942,0.1854449508434,0.5701295899860,-0.0204444552503,0.0360789752936,0.0476366729998,0.2313027008166,0.1010616140578,0.2566678359857,-0.0457810367011,0.0351387725712,0.2981276484271,0.1773436571231,0.0909594013449,-0.1428979065639,0.1473121825816,0.1991497539704,0.2127090170179,0.0627498039029,0.2455637627746,0.1941235723086,0.2005216155557,0.3103101572113,0.3013823647243,0.5605083015252,0.4329090329343,0.4444873675086,0.3940158600157,0.5744275909329,0.4966321692330,0.3222957942585,0.6401423160545,0.2862653528111,0.3788347255856,0.1307502004492,-0.0202920998793,0.2526035725095,0.4805730873953,0.3158923359424,0.2310172461695,0.0840858797619,0.1673491250587,0.4103867939202,0.3439368470698,-0.2107413428831,-0.4355160751000,0.1648367766727,0.0465035242442,-0.2405778548925,0.3190628562023,-0.1754819599356,0.2557741481745,-0.2825805907586,-0.0524977638580,-0.0825218735228,-0.1762436046261,0.1209231560358,0.1300514375224,-0.1418431946842,0.0267768142218,0.2015829776483,-0.0618768705242,0.1097254717413,0.0885788837149,-0.1311430494012,0.3016088450328,-0.1205498123665,-0.0534712867381,0.2053349318022,-0.1096369722678
0.7232482233198,0.5091705468321,0.4879871567487,0.6466453814674,0.7650746831298,0.5587502095534,0.4952978036582,0.1914464301064,-0.0647950227154,0.4147750436031,0.1012034543389,0.3555181654695,0.2629406577644,1.0000000000000,0.5629222731925,0.3094005991996,0.2593214763441,0.0898012077290,0.0186936174425,0.1140638289702,0.2278694750863,0.3285839891973,0.1542280618484,0.0788413843143,-0.0300934335490,0.0074291672850,0.1022140641635,-0.0526068697712,-0.0190185735265,0.2017300387356,0.1014807396171,0.0759794663904,0.3419994344162,0.0809695914208,0.0531077582016,0.0885502650091,0.0056393655463,-0.0244131397006,0.0047326100109,-0.2432446771265,0.0803844907012,0.5932768947059,-0.0643278243917,-0.1124917595552,-0.1649876625755,0.1084162030763,0.1277189836930,0.1279245233876,0.3622250986832,0.3400667670963,0.6835989395431,0.5954356488798,0.4657494946548,0.5262305375494,0.2897222314725,0.3593081887295,0.0246737547566,0.0354164169782,0.0970923041324,-0.0690137584370,0.1269388281356,0.1178177014743,0.0531585602876,-0.1705912598858,0.5809133951914,-0.1082586756339,0.0787755415703,-0.0649854611065,-0.0661160880063,-0.0917991567375,0.0310160993618,0.0211321014815,-0.0334606502506,-0.1191600049638,-0.3041061130157,-0.3157208743566,-0.1676413228461,-0.0525859409858,-0.1819074120812,-0.0298079036949,-0.0886601176845,-0.0865428223771,0.0203292966778,-0.2029998759616,-0.2693420060608,-0.0461785423659,-0.0763930937209,0.0560639678275,-0.2947651488134,-0.0712347215685,-0.0554069721879,-0.2329554353261,-0.0960504078515,-0.0016854913000,-0.2104976738845,0.0646436330386,0.4080156116787,0.1075448006286,0.1771966421457,-0.0571707967720
0.3894014600034,0.3955453948570,0.3145958793537,0.7045818296613,0.4814254726397,0.5186677727627,0.5540561495441,0.1956181384899,0.0749349836797,0.4089692382544,0.2647420428534,0.4473156403502,0.3930457254415,0.5629222731925,1.0000000000000,0.2749004976956,0.4501483205629,0.1927906601929,0.1011344926206,0.1650674918779,0.3234191426600,0.2463809693124,0.2014388831192,0.3338194367614,0.0620832738894,0.0315872283484,0.1505008687753,-0.1889600626648,-0.1083052546204,0.0480711009171,0.1528094995240,0.0683357042408,0.4664126948424,-0.0031467132170,0.1966514194343,0.2609686742409,0.1827281826707,0.0192912534225,0.2882511352254,-0.1284197079481,-0.0218537900132,0.3533764126699,0.1936600316211,-0.1567027272824,-0.1124776244885,0.1001368545849,-0.0128750179024,0.3888001373939,0.3613264718895,0.6257089683384,0.3010081441437,0.3724124187039,0.5158329617322,0.4750322637976,0.4505357510955,0.3950984078097,-0.0268511658602,-0.0057522194082,0.1059702770164,0.0666437403149,0.3463747579799,0.2386001399841,0.1374710733415,-0.1085538820744,0.5287301251648,0.1469333015280,0.0761216386342,0.0164646089874,0.0063741709767,0.0056240453295,0.1652255035076,0.1498950256464,0.2161405370558,-0.0142817419040,-0.3342333726093,-0.3503120965452,-0.0444137315231,-0.2529764889977,-0.2640458370919,0.1326785537600,-0.1005186820089,0.0111161766826,-0.1201790969114,-0.2037281108111,-0.3963556480364,-0.2436201455547,0.0877488491750,0.2738915094955,-0.1952258386603,-0.0374762643687,0.0827611370231,-0.1906642935648,-0.1781424345332,-0.1619700630265,-0.1924234709716,0.2245740338664,0.3009815685803,0.0426284339723,0.1724109924809,0.1115020961642
0.3181083846543,-0.1264508884099,0.1168263050589,0.5617114184553,0.3094782574288,0.4925785867031,0.7036930881561,0.4206229690665,0.4147611782943,0.2514053950676,0.2849631259600,0.3316225587696,0.4024390919539,0.3094005991996,0.2749004976956,1.0000000000000,0.4769839998626,0.3681693555885,0.5317253557519,0.6581680132174,0.4179356125701,-0.0019293974971,0.1256727554139,0.4083937562945,0.4067492476639,0.0030253904752,0.3382639838601,-0.0940568650916,-0.2406704731750,-0.1403546792200,0.5531101564151,0.4442894073006,0.5776090669240,0.2573222457029,0.4435911161802,0.5527947934032,0.3311988882253,0.2154594368572,0.2222951534355,0.0039393516382,0.1586628812007,0.2484484676136,0.3555563451718,0.0900917797537,-0.0839171412724,0.1191529196689,0.3204782452906,0.0950756946032,-0.0377077461875,0.2051530633300,0.3503917069698,0.1768338268502,0.5963918739375,0.4559580858273,0.4790068636983,0.6253838115242,0.2778185099953,0.3275716468579,0.4558883275756,0.3769077444018,-0.0029868702146,0.2179578191432,-0.0634080271095,0.0895688469320,0.0475991711749,0.0510181832596,0.7718564819949,0.3158993008789,0.4863421398271,0.4602677016939,-0.0080378508924,-0.0876175489746,0.3378779108637,0.3662350999627,0.2539079258723,-0.2226565246742,0.3016562341843,-0.1388726193879,-0.4526115122347,0.4256349479968,0.1611981995630,0.3275438668043,-0.3856583329629,0.2324683521323,0.1189183964968,-0.0928182473990,0.1566782752067,0.2592561262769,-0.0536110469189,0.2604526719364,0.0016976003045,-0.0979863005105,0.1132906410648,-0.1176185150849,-0.2959280779283,0.1208539061807,-0.1659836505639,-0.1759415400991,0.0078580757790,-0.0373500596784
0.2271002113111,0.1082600681276,0.0737989862400,0.5015691729132,0.3418577012664,0.3829963327943,0.5234167329438,0.4744999490704,0.4767177124061,0.3906270523706,0.4385716418233,0.4984936380828,0.7078757187754,0.2593214763441,0.4501483205629,0.4769839998626,1.0000000000000,0.6478843860400,0.5066639239482,0.3926199255599,0.5004256940692,0.2486347180613,0.2660159266029,0.5270748481287,0.3118397479657,-0.1836338552058,0.3813517391790,-0.1032853896773,-0.0849692464373,-0.0647799745886,0.4270123545544,0.1157401725508,0.6603338101416,-0.1816934173537,0.0628562178725,0.1459439192889,0.2286332084860,-0.0432716802586,0.2016060083537,-0.2093244455316,-0.0789039453309,0.2216079345936,0.2468671215697,-0.1662796416225,-0.3180266673985,0.0736796739152,-0.0463162660850,0.1836799987871,0.0628628464729,0.2085154901390,0.2649544831706,0.1633670529632,0.4654210503242,0.3080925799086,0.4916352775556,0.4097966928117,0.3005956679739,0.1894298045162,0.4662004036607,0.3976914552444,0.3034903316477,0.5819817726670,0.2851625654404,0.2546313094789,0.1444474851933,0.0103001437839,0.3545368915745,0.6212590584093,0.3361619486270,0.2680915087509,0.3572821747796,0.2249263122752,0.3868639683206,0.3508810086407,-0.1293448082209,-0.3728617458607,0.1936693183669,-0.1998850626574,-0.2670763664442,0.5154922055233,-0.0706433919318,0.3631088244344,-0.4136158311944,-0.0558660965831,-0.2793404176767,-0.3833467203945,0.1300019718732,0.1877212836654,-0.1249581724694,-0.0592810504547,0.1170300694298,-0.2584863565305,-0.1142287298286,-0.0934181619775,-0.2431846668419,0.1979056479040,-0.1121549724811,0.0537543258755,-0.0488489256432,0.1475006230384
-0.0394866900573,0.0241195293907,-0.0173626395350,0.2297295071331,0.0803352465387,0.1883115507392,0.4023791551914,0.6924229932257,0.6040631535640,0.2884966248613,0.4634402249304,0.4295640981776,0.5727639495373,0.0898012077290,0.1927906601929,0.3681693555885,0.6478843860400,1.0000000000000,0.5450045151191,0.3497946095673,0.2446782743837,0.2626272046676,0.1527233822103,0.4489770617362,0.3482269337502,-0.1030239562897,0.2571829122205,0.1075094761496,0.1062206659334,0.1408249302991,0.4223368777499,0.1781955130876,0.4087317697197,-0.2338632520640,-0.0586046320802,-0.0298309051941,0.2001655289745,0.0987337104913,0.0961073907068,-0.0988975853157,-0.0196812000922,0.1058660875062,0.0159759347348,0.0489006850838,-0.0900059399999,0.0199195220705,0.1391512866703,0.0255583892731,0.1385641226660,0.0552415542187,-0.0051391406592,0.0434500793719,0.2594276932670,0.1382643352511,0.3537378968118,0.2643009359156,0.5440833249595,0.4839176476635,0.6866619951534,0.5822487430360,0.1565080968699,0.5278702917245,0.1107520889268,0.2283128705168,0.0600694472615,-0.1229897299032,0.2842066444112,0.6463407502875,0.4000608703485,0.2669222319419,0.0205207351078,0.1389623692813,0.4430281152956,0.4224027642352,-0.0390836786041,-0.2410399536281,0.1293606972485,-0.0140095012902,-0.0281166061964,0.5110823994187,-0.0703790565229,0.2762791325849,-0.2300734594448,-0.0697377675361,0.0144943569874,-0.3182253407559,0.0779063111293,0.0395988158230,-0.1862202164686,0.0531533887160,0.1156239710215,-0.1180654537779,0.0705756621775,0.0740008335253,-0.0133411318598,0.1439622271652,-0.1167262646417,-0.0627423209997,0.0398209974826,-0.0163482263043
-0.0750862827699,-0.3261527346782,-0.2312390804874,0.1993825129670,0.0347473479652,0.1113029645410,0.4184718783365,0.5797548262136,0.7828875725179,0.2331687157456,0.5449360496188,0.4453155559504,0.4166807120483,0.0186936174425,0.1011344926206,0.5317253557519,0.5066639239482,0.5450045151191,1.0000000000000,0.6284294912721,0.2712894751186,0.1963731652296,0.4011333121033,0.5938619820798,0.6093042504777,0.2507450692799,0.3777435425528,-0.0611235649628,-0.0078370784196,-0.1837914726963,0.1589268798537,0.3017727405212,0.2678574788698,0.1079730577995,0.0359832338158,0.3623105310004,0.1871750488750,0.2187785578911,0.0112150120222,0.1838102431887,0.2373389447527,0.0818483039792,-0.0410297135592,0.1014151658391,-0.0989899883027,0.1036199007511,0.1111933731223,0.0154495601902,-0.0502841711784,0.1046926025088,-0.0200938678816,-0.1718440371362,0.2252166770623,0.0159995719293,0.3462319500529,0.2420078890308,0.3727821209555,0.4698823368586,0.6452747276921,0.7248222339105,0.1179410900944,0.5188624334705,0.0545302019112,0.2003614066995,-0.1502332980533,-0.1848842956725,0.4454843087508,0.5125817051083,0.8012988652086,0.6465543237177,0.0993446782282,0.1867622127057,0.5293145315126,0.6706515107076,0.0484193503176,0.0322381560936,0.2765631985499,-0.0187306823612,-0.1574752764788,0.3323747107321,-0.1703102700182,0.1880862529502,-0.3974075307188,-0.1608985940980,-0.1176362052064,-0.1175548990995,0.1557094682922,0.0160930409133,-0.2503400762669,0.1616009416154,-0.0243666129467,0.0528899162746,0.1759980175233,-0.0931540461695,-0.2719727475308,0.1111825465744,-0.2435470288328,-0.0404710990835,-0.0215964629210,0.0097859218570
0.1531457841197,-0.2838947248284,0.0402811502732,0.3454043797349,0.1881671099682,0.3336770744989,0.4882276744535,0.5171051814081,0.5656275099313,0.3712749459427,0.4504239242336,0.4407956351937,0.4206935037662,0.1140638289702,0.1650674918779,0.6581680132174,0.3926199255599,0.3497946095673,0.6284294912721,1.0000000000000,0.5440166288622,0.2034637734617,0.4651042865382,0.6287229356410,0.7233821992406,0.3498898828790,0.6385848680634,0.0832008680178,-0.0854563431165,-0.1330430124696,0.4174107037619,0.6017596793301,0.5612744881073,0.4008089386134,0.3869227174643,0.5601907136453,0.4630719807998,0.5242482168264,0.1748985934534,0.2002362065731,0.3020619477447,0.2430352320406,0.1398917789306,0.3657411363171,0.0265031832015,0.3569814183260,0.4293194033887,0.0244844599658,-0.0116162229907,0.3328169113557,0.1135460440502,-0.0711832903823,0.2715122046373,0.2844402807665,0.3170506288914,0.2980317282127,0.4478421372972,0.4664018263422,0.5593614330448,0.5069242225953,-0.0166319886230,0.3650928720457,-0.1232985220409,-0.0105857985628,-0.1996228512373,-0.1349490693310,0.5015113520196,0.3442812018155,0.5442382408227,0.7659537848766,-0.0911596266964,0.1859547092575,0.5918582178207,0.5956890921319,0.1754859653490,-0.0051166741578,0.4355729750966,0.0653881970402,-0.3537028080153,0.3302589813745,-0.0524112825186,0.2721185885544,-0.4027159913137,-0.0319172119047,0.0661668732251,0.0058644377005,0.3247201178226,0.1773773746275,-0.1238807829344,0.5017110502392,-0.0334075152583,0.0711036426852,0.3526350096643,0.0092239969529,-0.3162127036452,0.0533622589551,-0.3107084041219,-0.1974254655842,-0.0054900712839,-0.0919996356547
0.3246993730193,-0.0517356691365,0.1045176540460,0.4411787984435,0.3532083794135,0.3469681137399,0.3467651846411,0.1494708265453,0.3101331379882,0.4481786090305,0.3116169351200,0.4080939616995,0.3618143098942,0.2278694750863,0.3234191426600,0.4179356125701,0.5004256940692,0.2446782743837,0.2712894751186,0.5440166288622,1.0000000000000,0.3034534279500,0.4792465585318,0.5304949046708,0.4534006338196,0.1251370676371,0.4547901378920,0.0978537711926,-0.0649250680523,0.0317249709493,0.4175198752953,0.4848362149262,0.7124948137493,0.1332971671166,0.3658647849400,0.3797540962761,0.4354646286525,0.1037104893203,0.0298427758435,-0.2148216966246,0.0080536213533,0.3614681861341,0.3026786833466,-0.0264242511812,-0.0731974329669,0.3576022036751,0.3212410713536,-0.1315260848364,0.0160663423045,0.4130259872443,0.2537341091730,-0.0747412501233,0.3071331207631,0.2965620997964,0.2194385039260,0.1761488351095,0.2793434002442,0.0690306844473,0.2234230638259,0.2316072524376,0.1454655106156,0.3460703351661,0.0703140238603,-0.1225316483629,-0.0360413608548,-0.2192327779191,0.3071184443915,0.1965349537757,0.1985446646895,0.3375172724499,0.3056805565727,0.3346386470563,0.4483404253906,0.3444103116992,0.2486169835452,-0.1377825336871,0.1258977290638,-0.1196459009028,-0.3086358591028,0.4746079587095,0.0605716124807,0.2416568652375,-0.3675045077064,-0.0390619656303,-0.1873547717590,-0.2941805359905,0.1518571748621,0.1894629652264,0.0936502251720,0.0302990421262,-0.1832177163166,-0.3738184118952,-0.1406132457929,-0.0432102736960,-0.1699432837620,-0.1952803400469,-0.1852309260384,-0.1975270508826,-0.1340785554590,0.3275376207843
0.0718403884530,0.1175805097561,0.0938386022200,0.1457643150610,0.3212230106285,0.1903041855529,0.2063734674583,0.3806580302309,0.1230830571317,0.5643853319186,0.3733771825548,0.4118015004950,0.2769636762015,0.3285839891973,0.2463809693124,-0.0019293974971,0.2486347180613,0.2626272046676,0.1963731652296,0.2034637734617,0.3034534279500,1.0000000000000,0.5184226425851,0.1948048792043,0.1028032364151,0.3699934282855,0.3882482972278,0.2682151965550,0.4280058077286,0.2976271925411,0.0456670304428,0.3381223116679,0.3759079395634,0.0151910041418,0.0496413143333,0.0184975009274,0.0520723071979,0.2551528058905,-0.1015916415414,0.0566083281108,0.3169219020334,0.3906439973813,-0.2942536421568,0.2096598480689,0.2247416159772,0.3497409229543,0.2559702482217,-0.0190338498148,0.4432810058471,0.1553252625018,0.0492783073333,0.0865273313318,0.0090913405067,0.0980168497615,0.1396970856037,-0.0499027185916,0.2254829221887,0.2639225811617,0.2667787300514,0.0922263847944,0.2302154314771,0.3790780173906,0.1496382713849,-0.0911498106245,0.1692464362154,-0.4576054837946,-0.1447045033353,0.1022661324756,0.0862734160921,0.0171010900236,0.1740996348843,0.5991373513609,0.1497421221924,0.0374489349408,-0.2266247626523,0.0178040759072,-0.0126666052320,0.0420956077869,0.2719265588677,-0.0516194545583,-0.1713505424026,0.0889113460351,0.0616986554657,-0.4617673599024,-0.2031570235611,-0.1749617807630,-0.0138385601749,-0.1167224863106,-0.3826894887856,0.0144925005001,-0.1767851577792,-0.0895613613948,0.0861505805099,0.2302287896793,-0.0154429315687,-0.0749131202631,0.2790117839793,0.3712687260146,0.0517313073474,-0.0123684380783
0.1420339029213,-0.1710197053230,-0.0550263943860,0.2296092220682,0.2843000805071,0.1863119438664,0.2872975120423,0.2496620048102,0.2788270869310,0.3634597831580,0.4813729776771,0.5734476939735,0.2140878693105,0.1542280618484,0.2014388831192,0.1256727554139,0.2660159266029,0.1527233822103,0.4011333121033,0.4651042865382,0.4792465585318,0.5184226425851,1.0000000000000,0.4036312143391,0.4263375741878,0.5799523070733,0.4772537081272,0.0597085713640,0.2664910652770,-0.0059889126096,-0.0774071477550,0.5018491781555,0.4062886205685,0.3719775884446,0.0849623820299,0.2119349013864,0.1292715544243,0.2640800514456,-0.1616756054089,0.2281441331027,0.3870218256397,0.3131205544470,-0.2876546160046,0.1860627958357,0.0499257679121,0.4025811910256,0.2355926035749,-0.0847401732360,0.0983863390497,0.3595724164736,0.0715791325974,-0.1011748391937,0.0852176430855,0.0937734586552,0.1284588754412,-0.0090088928913,0.1330603918920,0.1950041678101,0.1907690187527,0.2233318632819,0.2004401010554,0.3781424285353,0.1655503474280,-0.1071266460605,-0.0575584495382,-0.4640794159196,-0.0361699125666,0.0379211044006,0.2675466750682,0.3761783801980,0.2310759334885,0.7083372380904,0.3850035420873,0.3478100874944,-0.1724091193995,0.2080943545561,0.1834499042509,0.0066728990717,0.0313798087405,-0.0791713492367,-0.1973669080294,0.1263625649401,-0.3320073987325,-0.5510474784001,-0.3000610083549,-0.0128722308673,0.1031110453427,-0.1536231285329,-0.3138786204123,0.0495761564036,-0.2467550217415,-0.0169425993944,0.1321613845682,0.0090421294710,-0.2868651763965,-0.1333250736590,-0.1494899874511,0.0802220417510,0.0182205895101,0.2011786014305
0.0379101216116,-0.1977316830241,-0.1415517774871,0.3957049924124,0.1307353266199,0.2594848253304,0.4629722044136,0.3856713607298,0.6626987065525,0.4059272411594,0.4781546724456,0.5114965758821,0.4676693024767,0.0788413843143,0.3338194367614,0.4083937562945,0.5270748481287,0.4489770617362,0.5938619820798,0.6287229356410,0.5304949046708,0.1948048792043,0.4036312143391,1.0000000000000,0.5836420505825,0.0649387619034,0.4243996774656,-0.1913454627217,-0.1593793478596,-0.1973610341230,0.2396736351399,0.1736909834211,0.4099318058743,0.0161134992816,0.1807908204745,0.4510722504387,0.4778590609781,0.0612145333710,0.1024047177769,-0.1070493089169,0.0102870725926,0.1603914880794,0.1245084999530,-0.1009352381950,-0.3025635952603,0.1555478647054,0.0615146287753,0.0396724665527,-0.0292170071307,0.3642966012572,0.0943970738374,-0.1130894796419,0.3997810667345,0.1887339516514,0.4257359025550,0.4054465799136,0.4340565413774,0.2868347862219,0.4458956582173,0.5555405145923,0.3814215063770,0.5207153946844,0.2221394919904,0.2293526203500,0.0344670318688,-0.0858168284635,0.4081568764309,0.4490666604903,0.5259709750238,0.5524491663893,0.2942007463624,0.2948268154285,0.8651495331590,0.6492620592299,0.0935916173101,-0.1002469711439,0.3147788032144,-0.2136240143005,-0.3096772787224,0.4721233977738,-0.0628836697261,0.2200206072752,-0.4645101533373,-0.1035762452000,-0.2562439813011,-0.2463013637251,0.3074522474007,0.1966235998127,-0.0889533266498,0.1052795284659,-0.1049738845689,-0.2220211488562,-0.0889188670029,-0.2008159626217,-0.2579991362168,0.0222414795854,-0.2126856452141,-0.0823024623986,0.0249578022147,0.2944745657947
