1.0000000000000,0.2447171788681,0.5650718258743,0.4969902166341,0.6757286191984,0.2421414431373,0.1758632723526,-0.0624413658914,-0.1337554505708,0.4021018066263,0.1179041770723,0.2147893057267,0.0080025651546,0.6390808936515,0.3080522953638,0.0615990920267,-0.1283149268889,-0.0102345662312,-0.2695524922700,-0.1628592742681,-0.0096706760062,0.0617104858512,0.0299202153443,-0.1424668465112,-0.2369545367440,-0.0240960901612,-0.1701190884860,-0.0162563647741,-0.0376525193404,-0.1079344164653,-0.1559838764044,-0.0944981457420,-0.0535244543806,0.0951794093825,0.0163188440105,0.1941854315124,-0.0988210004397,-0.3376206994358,-0.1909921614653,-0.1564028779954,0.2371467601046,0.3033393542193,-0.0131907424251,-0.3396509239909,-0.1879538984030,-0.1264018392130,0.0519079814725,-0.0560867832761,0.3373984026585,0.3214962516236,0.8460786182223,0.4581499694229,0.3236693740253,0.3726692637042,0.3397231883876,0.3932561482307,-0.0862052199821,-0.0832242361830,-0.0233430642195,-0.1431302464980,0.3882095963708,0.0881035180390,0.0474278319164,-0.0944342267855,0.4090409059721,-0.0840654304256,-0.0344274529294,-0.1169983744236,0.0486244400372,-0.2655202875800,-0.0507168837269,0.0371114649528,-0.1125873255524,-0.2690117740793,-0.1998426910861,0.0112975812958,-0.2842703354188,-0.1420847594361,-0.0940613009597,-0.1072627495522,0.0042206365186,-0.1481310861347,-0.1421703088649,-0.0530038245825,-0.2893859747805,-0.0136717014870,-0.2588887263848,0.0902229410466,-0.1659819193026,-0.3263832525872,-0.1761528790558,-0.1768119798722,-0.3210209850442,-0.0958973208001,-0.0724324416203,-0.0680029196471,0.1366618158546,0.0840640748733,0.3165978911149,0.1389347920042
0.2447171788681,1.0000000000000,0.4710974912735,0.4078592278537,0.1095545647257,0.2126034567494,0.2943552808163,-0.2423283504799,-0.4311003488903,0.2616480932976,-0.2355565168822,-0.0866130234505,-0.1027706557743,0.5637616118674,-0.0459505814776,-0.1222105468780,-0.2111953281068,-0.2895016008081,-0.1832918801131,-0.5302395233864,-0.2372319982109,-0.0232335687891,-0.3727354655032,-0.2539996422847,-0.3369052492222,-0.3785884308343,-0.4745369395751,0.1086110812484,0.2398968023292,0.4487124968791,-0.2813070046332,-0.3366111634719,-0.3839457042125,-0.0598736207939,0.0035349006320,-0.0522599371990,-0.3217616070080,-0.4675453353494,-0.1469191899108,-0.1215833225486,0.3885696754849,0.1880888148212,-0.4535630897101,-0.2679076237385,-0.4406354483008,-0.2489782507533,-0.2137694383070,-0.2487915680394,0.2050787015569,0.0825355944550,0.2070223806008,0.8023997080709,0.3032558138888,0.2837889409254,0.1903309405230,0.3914164974915,-0.2950345948653,-0.1717515104162,-0.1636938435526,-0.3946151903139,0.3297596509522,-0.2619918106865,0.0731881536325,-0.1111496048631,0.6934832898910,0.0120618779696,0.0645873473787,-0.1344513246160,-0.0385305589653,-0.3414177693703,-0.0109912511127,-0.1155319754898,-0.1658369041505,-0.3461693767748,-0.2415243399027,-0.3416204863623,-0.4950387862639,0.2203871703350,0.4183443755270,-0.2293032286496,-0.3137509269857,-0.0053121799783,0.4428439123247,-0.3636815627724,-0.3639957022918,0.2049503719687,-0.3513438401222,-0.0285236377856,-0.3453172749623,-0.4433176433632,-0.1024568633268,-0.0254539619982,-0.2494652825887,-0.1550104042910,0.2503455122888,-0.1503266645636,0.4441806073286,0.3028644562555,0.3364260335393,0.1466589304212
0.5650718258743,0.4710974912735,1.0000000000000,0.6770336376713,0.6280943624203,0.7488281499736,0.6056904826933,-0.0739063812498,-0.1698905958096,0.3532576127654,0.0212381351053,0.0779668078191,0.0550217162012,0.5782711009242,0.3859142080526,0.2247545038822,-0.0953065697329,-0.0263132763388,-0.1002706789661,-0.2691862983066,-0.0564801073937,-0.0936534538091,-0.2099977837984,-0.1416955142225,-0.2607460011004,-0.2173823740530,-0.2689635165266,-0.0344929336244,-0.0788348998819,0.0216098232074,-0.0285343629626,-0.0014225057914,-0.1087229165547,-0.0297293134262,0.1463599433621,0.2587580551531,-0.1629846158715,-0.3021154733999,-0.0861497465691,-0.0633354929697,0.2352381196751,0.4667906437629,-0.0535041593831,-0.2815238276325,-0.1939970366004,-0.0688031158911,0.0652184736149,0.1149334630252,0.3485356404241,0.4292917825275,0.6466393496376,0.6668089252040,0.5014255685390,0.8576785368361,0.6318916632002,0.6417512587449,-0.1821265537624,-0.0088650762552,0.1209220206813,-0.1478474619650,0.2633107188886,-0.0229759463671,-0.0138947877067,-0.0484435175689,0.6391214633631,0.1008011529636,0.2101749951585,0.0194613131737,0.1485688693539,-0.2388707279316,-0.0724749869375,-0.1487709846626,-0.0749803182854,-0.3083778058815,-0.1322562477260,-0.2074208479918,-0.2788335819767,0.1185216842552,-0.0261070738247,0.0033814504428,0.0133263716832,0.0248078937326,0.1170384172029,0.0140917296288,-0.2523797734301,0.1539029761155,-0.1933348640453,0.1652189012661,-0.1201714175764,-0.2635138798853,-0.0423966116269,0.0172569086679,-0.2758261271217,-0.1057743342097,0.1335760507784,0.0904654409391,0.2811198179170,0.0822846646073,0.4430406599279,0.2209375487289
0.4969902166341,0.4078592278537,0.6770336376713,1.0000000000000,0.5321925363284,0.4962836714439,0.6716769406074,0.0328871984515,0.0035332729708,0.2924846366780,0.1491787680558,0.1437448273211,0.1962547131573,0.3296792610103,0.3789859168830,0.4504887320021,0.0216080193296,0.1888361899151,0.0389872782141,-0.1246087180685,-0.0577838761476,-0.0938051593791,-0.0289470733239,0.1112310010549,-0.1080372317787,-0.1577944403433,-0.0865626211500,-0.2867255826905,-0.2532303729058,-0.2933267294323,0.0410141992126,-0.0629793923674,-0.0343895547199,-0.0438718421967,0.4002373346493,0.3337110915629,-0.0404339207986,-0.2124380693856,0.0297532718244,-0.1429246060702,0.1279330412126,0.4067885345382,-0.0255388339008,-0.2078585046769,-0.2604719447370,-0.1006759044856,-0.0181584271664,0.1457577643811,0.2730316088967,0.3692049390392,0.5893243130214,0.6812984564014,0.7835008773960,0.6413289908849,0.5891638718648,0.8552985998394,-0.1261823179452,0.0314031620240,0.3452253220907,0.0472042036044,0.2917610573884,0.1660039636188,0.2296887520604,0.2121792654378,0.5426099321253,0.1435501616422,0.5084548557857,0.2216578467260,0.3845707660743,-0.0406687481576,0.0669586663413,0.0343309417186,0.1494892419012,-0.0525207816120,-0.0252130475241,-0.1620346780344,-0.0968436595083,-0.0070554099147,-0.1377951203503,0.2117643414982,0.0715867436239,0.2403775338803,0.0354328092230,0.1141696860712,-0.2755848824013,0.1316704011126,-0.0216799199845,0.3982442937496,0.0104073956212,-0.1862888399674,0.0994197742119,-0.0623378927934,-0.1123258594465,-0.0809141357196,0.1850929546825,0.1672998452168,0.1533994428884,0.1119322998501,0.4008325614947,0.2782836075147
0.6757286191984,0.1095545647257,0.6280943624203,0.5321925363284,1.0000000000000,0.6947902307395,0.5643755114893,-0.0750004631684,-0.0674226734077,0.4559494040309,0.2447009177354,0.2474422101328,0.1198511369809,0.4132131564072,0.4136228296916,0.0518770151342,-0.0845046975024,0.0790943231126,-0.2552511660209,-0.1352293740940,-0.1137409521782,0.0973392395222,0.0314097812720,-0.1085284923448,-0.1845036146528,-0.2155590935086,-0.1702447996624,-0.0813437005224,0.0498444759132,-0.1799942690222,-0.1343643169920,-0.0560448935869,-0.0475058253871,-0.0433482258757,-0.0007826192384,0.0338894693114,-0.1535799927474,-0.3179336552941,-0.1283971442544,-0.0833583584277,0.3813424714879,0.5368053178968,-0.1108167737069,-0.3245841206332,-0.2303446399107,0.1125328823877,0.1940301662664,0.1056239051400,0.4553403985464,0.3710079186364,0.7946013889648,0.4003894473922,0.4150555548117,0.6958327807073,0.7770543582690,0.5067397776872,-0.0672507399899,0.0076760687665,0.2232399337492,-0.0393172566630,0.3759930990565,0.1960159701064,0.1292668548792,0.0979042755715,0.4492449376123,-0.0083488360878,0.0306378178980,0.1146625518083,0.0619276604267,-0.2844024901628,-0.0685464756548,0.0195141760216,-0.0614834382396,-0.2373921218387,-0.2162404882282,-0.1945850422853,-0.3037311174577,-0.0362207061885,-0.0432303563597,0.0128064894278,0.0366654842028,-0.0150195929733,0.0261156590301,-0.0758600139467,-0.3037702660465,-0.1204801686377,-0.2330996020679,0.0008774928675,-0.1563997089133,-0.3171612818164,-0.0944222558624,-0.1141138713365,-0.3673967390924,-0.0203435607737,0.1042639347977,0.1109420468497,0.2785256897175,0.2687205320617,0.5855060982307,0.2421908440539
0.2421414431373,0.2126034567494,0.7488281499736,0.4962836714439,0.6947902307395,1.0000000000000,0.7617282701307,-0.1097562673900,-0.1294720987260,0.3383589566863,0.1693125208366,0.1765779167634,0.2209566331069,0.3072761520638,0.4501750149902,0.1004824223290,0.0151717807661,0.0316726474312,-0.0839082748608,-0.2161879337620,-0.0617921431792,0.0065181634906,-0.0960165334174,-0.0500089766689,-0.2122421547978,-0.3001513716009,-0.1818160253342,-0.0696034890818,-0.0084626411943,-0.0238311707846,-0.0553022013807,0.0188125898899,-0.0581401281937,-0.1329786236391,0.1168085389025,0.0304443730944,-0.1502502618031,-0.2787778840899,-0.0282486258071,-0.0219161270959,0.2878415116888,0.5169648048578,-0.1229646718236,-0.2555706039429,-0.1958512717489,0.2096983963561,0.1795655242218,0.3097424893666,0.3592472609314,0.4691799008032,0.4287518754408,0.3827944474618,0.4309994637666,0.8891527508095,0.8283125485506,0.4983045444651,-0.1079605094032,0.0317780716296,0.1988567630729,-0.0881566099310,0.2026187195677,0.1247626257574,0.1564889741540,0.1620237869570,0.4979121781197,0.1378219890300,0.1335628978418,0.2140458078671,0.0356048754621,-0.2241678751843,-0.0364378438765,-0.0415641224903,0.0210623427873,-0.2375375825413,-0.1765893259738,-0.2940689707745,-0.2184692830688,0.1190657181773,-0.0143939161616,0.0636909329897,0.0768069226229,0.1475780394606,0.1670261744441,-0.0558540630144,-0.2199571005345,-0.0181819558300,-0.0930879816656,0.0445147560603,-0.1149257743244,-0.2234248193084,0.0327225175858,0.0461422766960,-0.2694213676672,0.0634561476660,0.2249567062212,0.3034334382113,0.3067261633424,0.1809837382314,0.5273818419524,0.2825937297845
0.1758632723526,0.2943552808163,0.6056904826933,0.6716769406074,0.5643755114893,0.7617282701307,1.0000000000000,-0.0591679695038,-0.0493377240312,0.1121711437542,0.0863463136461,0.0285563530687,0.2075529138675,0.1752061263649,0.3171652514141,0.2114663349955,0.0352681559475,0.1427657259996,-0.0146279292594,-0.1677590313054,-0.2103123576899,-0.1969266019168,-0.1661753365787,0.0031525129677,-0.0912564582070,-0.3334177675967,-0.1513896118807,-0.2202422989936,-0.1201727375585,-0.0847081611865,-0.0055197679283,-0.1193612405873,-0.1168655462371,-0.1690476432843,0.2666863956274,-0.0055627347655,-0.1116904168658,-0.2096349563987,0.1018249421080,-0.0983511051978,0.2024939126196,0.4054483884292,-0.2118972572089,-0.1495901601761,-0.2284748070573,-0.0222276746843,0.0090928662391,0.1957389095936,0.1430387700415,0.2730729295490,0.3647144176477,0.4765866498841,0.5751265034676,0.7497099551878,0.8017459845646,0.7761359124488,-0.0780836041047,0.1254588943806,0.3880295170151,0.0162578203097,0.0902068273418,0.0551174605758,0.1314075988670,0.2744621639726,0.5638837576233,0.1059493457637,0.3626097475124,0.3083225638044,0.1758518420765,-0.1073373399274,-0.0165403163334,-0.1310828817836,0.0879659726939,-0.1146325206947,-0.1157768125686,-0.3328846429400,-0.1862573555557,0.0814793076505,-0.0065906931655,0.1758979768263,-0.0062058245061,0.2466828885565,0.2255482891895,-0.0231443907706,-0.1861466454321,-0.0045798746352,-0.0688027643363,0.1948469627208,-0.0610383313899,-0.1816136765508,0.1641779689861,-0.0304940231257,-0.1498783505167,-0.1166286368814,0.2099202645482,0.2515696607132,0.2133250624459,0.1220231164211,0.4741822779840,0.2427585200760
-0.0624413658914,-0.2423283504799,-0.0739063812498,0.0328871984515,-0.0750004631684,-0.1097562673900,-0.0591679695038,1.0000000000000,0.7226701698656,0.0082392668898,0.2888491571304,0.2241314824352,0.4066803667596,-0.1272317496033,0.0539117905592,0.6100413967073,0.5098560508130,0.5870394703299,0.7685301645705,0.6623950759955,0.3679140484064,0.0077423318992,0.2759326305703,0.4811648822578,0.5375465653506,0.3604097264311,0.5486385531876,-0.1147827157201,-0.3012471798971,-0.3164325018995,0.4665893516929,0.2063911266491,0.5896506289482,-0.0047157759739,0.2380077891036,0.4012834438701,0.2112967906156,0.3946957842226,0.0258281149684,0.0018631871649,-0.3811172906161,-0.0516475238435,0.4120274916318,0.3948024949469,0.5606402614919,-0.0608099512117,0.0059316966447,-0.0300347718938,-0.1312724915538,-0.0386534841037,0.0780653456681,-0.2672206485968,-0.1423897211585,-0.0313041432750,-0.0940235350625,0.0663138590716,0.7617670412987,0.7684051954046,0.4927461684044,0.5720409727964,-0.0555420827304,0.2801486576854,0.0037886500911,0.2983434137839,-0.3710934249511,-0.2809772667982,0.2761820428110,0.4406203316188,0.5328371509808,0.7054600082628,0.1712937143317,0.0757447219385,0.3549981029873,0.4556582489506,0.2858564948398,0.3991504440023,0.4755532362649,-0.2489638514914,-0.3631669370371,0.2550704026025,0.1987084668442,0.1753033833476,-0.5071094812731,0.3087967175529,0.5712532334465,-0.2646863405929,0.2172977439627,0.1516272166621,0.1927882731853,0.4055885163274,-0.1345953281222,-0.1431730974139,0.2510592691682,-0.1215423848217,-0.4022140316601,-0.1706532182935,-0.2845132537956,-0.2701652180452,-0.3334220042486,-0.1933311550282
-0.1337554505708,-0.4311003488903,-0.1698905958096,0.0035332729708,-0.0674226734077,-0.1294720987260,-0.0493377240312,0.7226701698656,1.0000000000000,-0.1731303009772,0.3755771411391,0.1742291605787,0.2664178167323,-0.3659954707141,0.0238158441590,0.5345322513132,0.3474518011514,0.6794598400034,0.6024131618679,0.8506838813915,0.3143329760268,-0.0933291031928,0.2542169200612,0.6109534182813,0.7069100401232,0.2661470127419,0.6523077490653,-0.3255966137971,-0.3635678851230,-0.4284237685030,0.4914102909913,0.1650841798823,0.4116965165992,-0.1450994235185,0.3457761708088,0.2572003535472,0.3747947464628,0.5587480288058,0.1744002667433,-0.0853332105184,-0.4550440868134,-0.1064318503837,0.3576619219200,0.3461083412854,0.5173017209431,-0.0383742062492,-0.0175080819539,0.1057038384635,-0.1902934848607,-0.0883411280778,-0.0504617896852,-0.3492746999527,-0.1043539948321,-0.0569189183439,-0.1000025677464,0.0019335758861,0.5571744196085,0.5903719654338,0.7231548076399,0.9297341619312,-0.2195248332697,0.3409449198197,-0.0373846160405,0.2551617310131,-0.4926641927886,-0.1831838587221,0.3117632089819,0.3715878570927,0.5945028141748,0.7179461415336,0.1877626926569,0.0580527427719,0.5792578013901,0.7131560014411,0.3193731272568,0.2582009239714,0.6009562672911,-0.3065538703939,-0.4344710855462,0.4372061120671,0.1777257825783,0.1174607072516,-0.4797576564075,0.3103813335324,0.4882379131662,-0.2845484789308,0.3536751693970,0.2071681223784,0.2128497386031,0.4804482931665,0.0055061664287,-0.1603645950920,0.2310791757282,-0.1447971449374,-0.3241661736154,-0.0000835792782,-0.3261204172547,-0.3257727896697,-0.3026656850424,-0.0715562421775
0.4021018066263,0.2616480932976,0.3532576127654,0.2924846366780,0.4559494040309,0.3383589566863,0.1121711437542,0.0082392668898,-0.1731303009772,1.0000000000000,0.3152043769422,0.6118064444082,0.2352645289907,0.5010144543462,0.1934640996187,0.0819735038601,0.0122304099642,-0.1199131980950,-0.0243458917555,-0.2753819281560,0.2015361876197,0.6545530866184,0.2612670367738,0.0185778448293,-0.2694634584837,0.0225884583180,-0.1013510279086,-0.0083348971409,0.1433177208197,0.0154014008762,-0.0812926907154,0.1519759449904,0.1128806521754,-0.0055668136839,0.0038246252037,0.1968496950537,-0.1928013691191,-0.5145622606774,-0.3334543525804,-0.1338988364581,0.3042375804912,0.4522173228032,-0.1812606144483,-0.4464546590110,-0.3282420507320,0.2210093222960,0.1450438576618,-0.1622841804025,0.3664886500760,0.4721013475857,0.4377805370793,0.2943977195300,0.1433672174637,0.3205886441815,0.3047214541875,0.1671842644220,-0.0270491748233,-0.1404248076622,-0.1127014172628,-0.1957964647508,0.8756604582694,0.3438622878496,0.5000392165533,0.0629242682741,0.3376423117085,-0.0081954733085,0.0455755554559,0.0584675739760,0.2156100202985,-0.1550945334325,0.3009382655941,0.4588323118894,0.1253955272390,-0.1918487855687,0.0065499062364,0.0540880209950,-0.1688688547788,-0.1265254997409,0.0917426857963,-0.0381826952884,0.1565133963744,0.1581592068114,0.0053487156259,-0.1353689171095,-0.2969964761514,0.0147297781903,-0.1583784301886,-0.0277235566570,-0.3219286185019,-0.5145247025298,-0.3513775138205,-0.2351024319081,-0.4433329095683,0.1897254788931,0.1919373070419,-0.1474945891430,0.2843594075419,0.5027292741842,0.5172266074731,0.3878028205663
0.1179041770723,-0.2355565168822,0.0212381351053,0.1491787680558,0.2447009177354,0.1693125208366,0.0863463136461,0.2888491571304,0.3755771411391,0.3152043769422,1.0000000000000,0.7021421422324,0.4741643562183,-0.0971188708450,0.2522049440316,0.1778394239502,0.4616236987062,0.4752064838807,0.2232706090715,0.3255779338801,0.4532135124805,0.3748372162010,0.6046302541428,0.5337866853025,0.0764058545234,0.1235967798577,0.4166368566191,-0.1495024101484,-0.0952188052912,-0.4029845107561,0.2660340821844,0.1062071387631,0.3412746542912,-0.2222766637121,0.2298190864626,0.0090533693306,0.1704336025197,-0.0841324159289,-0.0501039894468,-0.0793487325189,-0.1306973611913,0.2066796715954,0.0990266731643,-0.1781808616688,0.0206519799780,0.3140607482621,0.0431577716037,0.2410259094182,0.1184212621787,0.3566606712872,0.1619761912616,-0.1256532946126,0.0713947614934,0.1777791454632,0.1793510482687,0.0147329036157,0.2655190189331,0.1491763224974,0.2288853447797,0.2866808926951,0.2086507689570,0.8490695359149,0.4978068109783,0.4085409921039,-0.1488611736085,-0.0006665180547,-0.0017622063987,0.4506207473817,0.1590260442082,0.1934272417243,0.5043961475131,0.5174404692045,0.5336036508428,0.2214088319166,0.1099990203503,0.0793141430976,0.2967318862079,-0.1850267499021,-0.2066594846414,0.2969795935753,0.1584682454790,0.1409660322686,-0.3137580280179,0.0385430197992,0.0513692619314,-0.3647043366631,0.2367801413100,0.0718167076035,0.0958156581147,-0.0819013209535,-0.1088185327545,-0.1538904077961,-0.2388143243155,0.2391075692233,-0.2059881466847,0.1454944184319,-0.0402113802072,0.0363979354147,0.0995099475751,0.3793292546695
0.2147893057267,-0.0866130234505,0.0779668078191,0.1437448273211,0.2474422101328,0.1765779167634,0.0285563530687,0.2241314824352,0.1742291605787,0.6118064444082,0.7021421422324,1.0000000000000,0.5705881549874,0.1676384070117,0.1447571740063,0.1885889274419,0.4781365439774,0.2859945627978,0.2307235717260,0.1834496121134,0.5902344532729,0.6569554530557,0.6871751162847,0.4154402505700,0.0072996680587,0.2540033594706,0.3488116623106,-0.1378922616750,-0.0450511344669,-0.2877719248985,0.1835451411408,0.2934647287206,0.4619773096288,-0.1353527157676,0.1269870987516,0.0307776126153,-0.0494965424467,-0.3246251908836,-0.3409261332699,-0.2462362676283,-0.1053937129731,0.2012023925229,-0.0711527364126,-0.3233060367303,-0.0734231505506,0.3830370513353,0.1097395951023,-0.0941771341706,0.0791773880243,0.4487482844332,0.1834565859253,-0.0630479624763,-0.0144838304735,0.1829708137830,0.0878074568344,-0.0256544592583,0.2738733454283,0.0096049849999,-0.0113886749738,0.0744860872043,0.5098502109875,0.6906019005463,0.7388838222762,0.4149075058270,-0.0345717849286,-0.1520413311122,-0.0141292879764,0.3803495692663,0.1689809854140,0.1506399489488,0.5909298120014,0.7313203174043,0.4689526406903,0.1933449494272,0.1315675385249,0.2498049561124,0.2395022552723,-0.3322356784666,-0.1380917816683,0.1818228953131,0.3210085326750,0.2798976921737,-0.3435172991545,-0.1394847208401,-0.0526600770733,-0.2549452451345,0.0516259232002,-0.0570232931706,-0.1894881687690,-0.3448312193475,-0.3942091899282,-0.3667099079232,-0.3483319169247,0.3051937577386,-0.0270708159121,-0.1482876226575,0.0015634141972,0.2131902395000,0.1771434510577,0.4800418512140
0.0080025651546,-0.1027706557743,0.0550217162012,0.1962547131573,0.1198511369809,0.2209566331069,0.2075529138675,0.4066803667596,0.2664178167323,0.2352645289907,0.4741643562183,0.5705881549874,1.0000000000000,-0.0294019326230,0.1513713805875,0.3238531749038,0.6510850955257,0.3807361382565,0.2921448480676,0.2862602787910,0.3497562410542,0.2128698627749,0.3796025490300,0.3496844305514,0.1803885625889,0.1521037191530,0.3636137137432,-0.1368861158882,-0.0988488362924,-0.2413411003524,0.2977011664073,0.1876494889671,0.5532624738188,-0.0760445648069,0.1650217959640,0.0551547307829,0.0168821040561,-0.0190730197711,-0.0596992201556,-0.0875327499625,-0.1189280877485,0.1733525809967,0.1253756491561,0.0142917895232,0.1777073319311,0.1949750518037,0.1086971497332,0.0551819724717,-0.0611915785284,0.2080354264815,0.0368080724892,-0.1357974930657,0.0031695397832,0.1955564072165,0.1202566173803,0.1240965008054,0.4855143213118,0.3049801621924,0.1929897002205,0.2223154218196,0.1298831911438,0.4782223746830,0.5499654237748,0.8234323761824,-0.1391323350063,-0.2488394269650,0.1001529519805,0.5827863208733,0.1551740868829,0.2610451360906,0.2746584622572,0.2712794520742,0.2695580505482,0.2266009721077,0.1297766801533,0.1275365943722,0.2745710388001,-0.1453469313085,-0.1968826656011,0.1972711630426,0.1779862407364,0.4013492505472,-0.3546174424385,0.0301479551855,0.1599513879460,-0.1852579048436,0.0772649076113,0.0801115283263,0.0641200461004,0.0168549399690,-0.1120338667760,-0.1219625830630,-0.0339384828684,0.0310506951811,-0.1688725309770,-0.0534170597977,-0.1139705337865,-0.0660535286547,-0.0041635060116,0.1417995330416
0.6390808936515,0.5637616118674,0.5782711009242,0.3296792610103,0.4132131564072,0.3072761520638,0.1752061263649,-0.1272317496033,-0.3659954707141,0.5010144543462,-0.0971188708450,0.1676384070117,-0.0294019326230,1.0000000000000,0.2790218884023,0.0191168654097,-0.0527434811810,-0.1636789664227,-0.2352665962606,-0.3869070404087,0.1142973312585,0.2079913056817,-0.0839506748967,-0.2123435334510,-0.4135426208249,-0.1087304160550,-0.2936674341344,0.2287395180266,0.2372784856104,0.3415948380974,-0.0938889902311,-0.0590447104173,-0.0525657568209,0.0516558774690,-0.0219757937881,0.1880867256921,-0.2779748415890,-0.5493467243415,-0.3386956001674,-0.1200452549055,0.3593126576216,0.2601121923040,-0.1941243893112,-0.4485945420118,-0.2596273161682,-0.1319883094822,0.0008994052696,-0.2102911616808,0.4057380659577,0.3679149486007,0.5755099883054,0.5117040989916,0.1455506858186,0.3643620494387,0.2132680724525,0.2746333201430,-0.1429471992905,-0.1571535424529,-0.2824627223238,-0.4256352883352,0.4764199158732,-0.1324773881010,-0.0041366828385,-0.1858000403787,0.6284002507936,-0.0220346798083,-0.0351829684302,-0.1425521875654,-0.0035130857860,-0.3279013131901,0.0704613690590,0.0751905205989,-0.1898355020982,-0.4053556063339,-0.1298205164331,-0.0242764434949,-0.3680630453954,0.0765068509007,0.1821337314497,-0.1485137470880,0.0280425716935,-0.0792837578180,0.1070099748920,-0.1885039206267,-0.2632354954972,0.1390523419546,-0.3936551215655,-0.0331389678944,-0.3800977489356,-0.4833094013913,-0.3615241033664,-0.1210145329733,-0.4410217395229,-0.0119105692163,0.0759629035735,-0.2289087115713,0.4455376210364,0.2623869158096,0.3412532497641,0.1642570122623
0.3080522953638,-0.0459505814776,0.3859142080526,0.3789859168830,0.4136228296916,0.4501750149902,0.3171652514141,0.0539117905592,0.0238158441590,0.1934640996187,0.2522049440316,0.1447571740063,0.1513713805875,0.2790218884023,1.0000000000000,0.1278449944093,0.0770622024640,0.1110342272966,-0.1203320626252,-0.0353693746753,0.1012370373364,-0.0528890524299,-0.0136269937910,0.0802087114145,-0.2020690708732,0.0245498008588,0.0007137112262,0.0658886677930,-0.1791452177737,-0.1310134782379,0.0660258633581,-0.0441108443896,-0.0148521541834,0.1276965736930,0.0862988553713,0.3201447981432,0.2253749508177,-0.0021460376805,0.2451497039843,0.2079843830066,0.1114765655065,0.3210139899928,0.4940631261679,-0.0046144221533,0.1566158464116,0.0358904193531,0.2112938264794,0.4024626309327,0.2736876447173,0.6083064173358,0.3501581253015,0.0521720399733,0.2034468583467,0.3821893898496,0.3653321592015,0.2889082425195,0.0228350447975,0.0783703821604,0.1092154586253,0.0014699370834,0.0182170178122,0.2171418759055,-0.0546025921884,0.0100701875667,0.1368241508746,0.3259628436462,-0.0600911050547,0.0238848857951,0.0487094412634,-0.1205662488524,-0.1416562306567,-0.0613917846136,-0.0695637472479,-0.2401842405142,-0.1083517043225,-0.0130167537651,-0.0300448955797,0.0134193190244,-0.2846730913778,-0.0609891774297,0.0674539680209,-0.1132834773547,-0.1640496888389,0.2688597670110,-0.0097607960039,-0.1200163447751,0.1793205980866,0.2832256188808,0.3545106464100,0.0943270819264,0.2359328472766,0.2163547687861,-0.0113740437082,0.0573382907513,-0.1021510068117,0.3201004799430,0.0304909431721,-0.1599410987317,0.1538358378667,0.1302594207057
0.0615990920267,-0.1222105468780,0.2247545038822,0.4504887320021,0.0518770151342,0.1004824223290,0.2114663349955,0.6100413967073,0.5345322513132,0.0819735038601,0.1778394239502,0.1885889274419,0.3238531749038,0.0191168654097,0.1278449944093,1.0000000000000,0.3552233028927,0.5615779301167,0.5267359414989,0.4980224757459,0.3785910112615,-0.0783808835388,0.2091560216743,0.5010558712459,0.3071309969604,0.2785381915546,0.4514025327205,-0.3751189622943,-0.4188468475592,-0.3755248244499,0.7265142583079,0.4174329781904,0.5254965986908,-0.0747796469759,0.5828251268544,0.7080157127082,0.2076846240629,0.2161813934911,0.0753590196532,-0.2229496743279,-0.3555808408950,0.1282628562477,0.3961694589883,0.0367626425717,0.3625511339290,-0.1136163387307,0.0758772962448,0.0494846395191,-0.0870836874926,0.1868269204962,0.2082291777310,0.0751533007299,0.3558065983289,0.2508166429260,0.1212802922420,0.4192000722493,0.3868719162518,0.4077692977167,0.5543262465676,0.4829274948019,0.0697370068028,0.1987693814592,0.0811368057560,0.3107770109774,-0.0490564383196,0.0203087207431,0.7830835502471,0.4257251317244,0.7863546463754,0.5627521906553,0.2847109671457,0.0963004098907,0.4601459988737,0.3680737110037,0.5056535299328,0.3360534073303,0.4765169630368,-0.2977259194387,-0.3518371026139,0.6243075384553,0.3966250507821,0.4140169956124,-0.3370128795884,0.5008118257656,0.3034000562165,-0.0358628642036,0.2325619995999,0.4738568095878,0.1860379249218,0.1952601742442,-0.0558676669058,-0.2796190933545,0.0078565184500,-0.1676756341117,-0.1207497073490,-0.0463350641117,-0.2167810699871,-0.2036983065839,-0.0669197981736,0.1084729744216
-0.1283149268889,-0.2111953281068,-0.0953065697329,0.0216080193296,-0.0845046975024,0.0151717807661,0.0352681559475,0.5098560508130,0.3474518011514,0.0122304099642,0.4616236987062,0.4781365439774,0.6510850955257,-0.0527434811810,0.0770622024640,0.3552233028927,1.0000000000000,0.6091232347439,0.4030614984247,0.4326785503546,0.6713728684862,0.2140539920797,0.4868706798650,0.4958139289633,0.2158819738003,0.2208281223034,0.4899419329380,-0.0660309047021,-0.1176080068747,-0.3174599726737,0.4577583094533,0.1488815165278,0.7174119983145,-0.1163591235211,0.1213158834842,0.0818826346692,0.0320316050365,0.0339464241501,-0.2254044056862,-0.0790170198009,-0.2994593410284,-0.1201600016130,0.1633501657538,0.1173881372238,0.2536207990566,0.1141626472043,-0.0183872316355,-0.0194284336634,-0.2010318543042,0.1005288250573,-0.0512134745322,-0.2497732249277,-0.1149539987246,0.0295081388048,-0.0660974460404,-0.0156668887649,0.5187666994274,0.3372059016493,0.1275416173492,0.2309454163453,-0.0489377343754,0.4466414651851,0.3302613163059,0.5848194210056,-0.2478080563866,-0.1986104268982,0.0840244928529,0.7650825144583,0.1882481649184,0.4540068443326,0.4978140566504,0.3586281495674,0.3386445848655,0.3238838197617,0.3143768953159,0.2619200140302,0.4472281165521,-0.1740913236007,-0.2405082866218,0.2723902431219,0.2671886726102,0.3582843851494,-0.4770973672011,0.0409452911369,0.3261498034938,-0.1997629103035,0.1397107353529,0.0066624788002,0.1068604544487,0.1431570634517,-0.2563566577338,-0.1069535748220,0.1180565265203,0.1593243888748,-0.2786397495191,-0.2161404626484,-0.2059730425343,-0.1619512780083,-0.2378615582225,0.0609671838174
-0.0102345662312,-0.2895016008081,-0.0263132763388,0.1888361899151,0.0790943231126,0.0316726474312,0.1427657259996,0.5870394703299,0.6794598400034,-0.1199131980950,0.4752064838807,0.2859945627978,0.3807361382565,-0.1636789664227,0.1110342272966,0.5615779301167,0.6091232347439,1.0000000000000,0.3567742790932,0.6431745831123,0.3613466101441,-0.0617689397939,0.2788466966310,0.6375470923000,0.3741121951706,0.0749592127367,0.5682677535075,-0.3379910903472,-0.2909538857875,-0.3899595130245,0.6074700372541,0.0579710810839,0.4661168321047,-0.2253394590195,0.4496579249276,0.1981607073243,0.3903571098127,0.2696226409219,0.1489655569961,-0.1322683602067,-0.2919104819093,-0.0162929369967,0.2553245897727,0.0814119421737,0.2506942854061,-0.0486264069546,-0.0742891730309,0.2179676817418,-0.1403942165778,0.0050041240808,0.0928615978033,-0.1489478728489,0.0026463992219,0.1478311085844,0.0948051652216,0.1227409766237,0.4242862643713,0.4159993262352,0.5688955094166,0.5827122537390,-0.1460292180495,0.4393426013909,0.1046693565766,0.3851735946803,-0.2754226895228,-0.1166883210795,0.2892003245854,0.6242947684460,0.4547460466803,0.4932673858016,0.3080063516401,0.1374933661891,0.5659781759848,0.4502998180717,0.2460518358451,0.0787274556498,0.4452410905806,-0.2372145538273,-0.3916951589625,0.5339697992413,0.1634773445760,0.1600639477144,-0.4082565010482,0.1994122218219,0.2668222921874,-0.2399414809233,0.3240045810025,0.2107724987350,0.1430484245598,0.2631832613828,0.0372300795648,-0.0954465485187,0.0372897483204,-0.0446778015491,-0.2898131679880,0.0434421105222,-0.2488419546134,-0.2421339032306,-0.1660221073909,0.0094113345900
-0.2695524922700,-0.1832918801131,-0.1002706789661,0.0389872782141,-0.2552511660209,-0.0839082748608,-0.0146279292594,0.7685301645705,0.6024131618679,-0.0243458917555,0.2232706090715,0.2307235717260,0.2921448480676,-0.2352665962606,-0.1203320626252,0.5267359414989,0.4030614984247,0.3567742790932,1.0000000000000,0.5427092261567,0.3875730844915,0.0990204152547,0.3347507014973,0.4778644944903,0.5009377452902,0.3190979806313,0.4683548156800,-0.1294379584175,-0.2757453536441,-0.2947149538948,0.3144603655258,0.2337205218539,0.4686436279934,-0.0770532216648,0.2328048583844,0.2569238560726,0.0583366125799,0.3039899998946,-0.0654848771352,-0.0902272185116,-0.3883102938432,-0.0530325429180,0.1805610735746,0.3344114695340,0.4159979966853,0.0879614011644,0.0234881611423,-0.1162561713698,-0.1417126379882,0.0198329361806,-0.1269993389246,-0.2233053692012,-0.0221306547899,-0.0182682070563,-0.1395298610530,0.0333861412734,0.5855919475792,0.5941733959845,0.3420473438816,0.4811197401164,-0.0367024139766,0.2645566814022,0.1294664616797,0.2595359950535,-0.2871278620811,-0.1788940333481,0.3694490852944,0.3474718137678,0.4975544823397,0.6823127803982,0.3183140310681,0.2196254389345,0.4346857274864,0.4981484491907,0.3149862438768,0.3732752205573,0.4649997231442,-0.1810631765729,-0.2366776145361,0.2647015450084,0.2827749740606,0.2921317035135,-0.3151108959719,0.1634240150680,0.4657465579776,-0.1708155471131,0.2175203888003,0.0591395614359,0.1327347098530,0.3074927676158,-0.1672980179973,-0.2204970802762,0.2717350715988,0.0458482498905,-0.1364741780609,-0.1724275575850,-0.1615953192889,-0.1121100940688,-0.2511482657409,-0.0169029447435
-0.1628592742681,-0.5302395233864,-0.2691862983066,-0.1246087180685,-0.1352293740940,-0.2161879337620,-0.1677590313054,0.6623950759955,0.8506838813915,-0.2753819281560,0.3255779338801,0.1834496121134,0.2862602787910,-0.3869070404087,-0.0353693746753,0.4980224757459,0.4326785503546,0.6431745831123,0.5427092261567,1.0000000000000,0.4217321826783,-0.0794631046964,0.3342602159209,0.5512042741795,0.8223923041211,0.4167535177346,0.7916373871681,-0.3140105577082,-0.4132311976676,-0.5059586777473,0.5449265352302,0.3205524079621,0.5711989784389,-0.0873075016608,0.2086875014127,0.1963853475304,0.3076884153821,0.6381504986796,0.0071783294801,-0.1270629321575,-0.5210270416079,-0.1814011136237,0.3853962848960,0.4235539904230,0.6176080323322,0.0580864823924,0.0946812169225,0.0459225288697,-0.2940298559234,-0.0966120504615,-0.0946549555237,-0.4317068179378,-0.1860880650952,-0.1533787313739,-0.2271783819552,-0.1279026205624,0.5804459409011,0.5426680864374,0.5569355257330,0.7737586654822,-0.3285116435296,0.2894462364130,-0.0253161164377,0.2845716926722,-0.5728245222956,-0.2840728139455,0.1925792683070,0.3760936414597,0.4130914676748,0.7602453907238,0.1736153035006,0.1170714074931,0.4732503037687,0.7744718903150,0.3414881402583,0.3919856239352,0.7352592633717,-0.3930474360646,-0.5064573108113,0.4213225113125,0.3015579006873,0.1965278717113,-0.5886462449006,0.2703710943059,0.5432224044215,-0.3123675274079,0.2792367722115,0.0461672566031,0.1904238400796,0.5188205561479,-0.1579799212152,-0.2224561963656,0.3293881140297,-0.0848703878734,-0.3545193979394,-0.1189644028573,-0.4290028297455,-0.3908526730308,-0.4299940514806,-0.1156714132097
-0.0096706760062,-0.2372319982109,-0.0564801073937,-0.0577838761476,-0.1137409521782,-0.0617921431792,-0.2103123576899,0.3679140484064,0.3143329760268,0.2015361876197,0.4532135124805,0.5902344532729,0.3497562410542,0.1142973312585,0.1012370373364,0.3785910112615,0.6713728684862,0.3613466101441,0.3875730844915,0.4217321826783,1.0000000000000,0.3934122227245,0.6334738679725,0.5244350777185,0.1459426119493,0.3978178256556,0.5107097890912,-0.0911933351660,-0.1018983275987,-0.2375711685172,0.4889210407272,0.4345215427277,0.6672189673054,-0.1867777462050,0.1775081473728,0.2470850920370,0.0036465555883,-0.0849805190224,-0.4170496616629,-0.3148967051037,-0.4002556554101,-0.0744611959955,0.2082072647341,-0.1084857655324,0.2970664289331,0.1815374574220,0.1204919967560,-0.1535757639165,-0.1469347628551,0.3819088480394,-0.0092424516189,-0.2602703083238,-0.1365152054661,-0.0187911467893,-0.2228698754415,-0.1575634347568,0.3506275906166,0.1334784454109,-0.0182666022097,0.1669233617475,0.1125272341611,0.4373392136432,0.2942414312374,0.2385928295441,-0.2691070523260,-0.1073722834728,0.1183883544805,0.3846424832579,0.2804049934189,0.4523970856902,0.6773687622575,0.6006058716504,0.4500821060726,0.3443004273618,0.5442277534945,0.5061003517523,0.5436696332308,-0.3007455750706,-0.2346037465751,0.3882967967148,0.5359847978318,0.3354668182927,-0.4755105480475,0.1391818926684,0.3517535415584,-0.1267627567713,0.1305944714385,0.0439160426571,0.0539065180803,0.0178989040244,-0.5013045635459,-0.3317600241083,-0.0562773282408,0.2574397731738,-0.1351757845917,-0.2917045100752,-0.1681345526881,-0.0767513011269,-0.1853122640608,0.3175066926510
0.0617104858512,-0.0232335687891,-0.0936534538091,-0.0938051593791,0.0973392395222,0.0065181634906,-0.1969266019168,0.0077423318992,-0.0933291031928,0.6545530866184,0.3748372162010,0.6569554530557,0.2128698627749,0.2079913056817,-0.0528890524299,-0.0783808835388,0.2140539920797,-0.0617689397939,0.0990204152547,-0.0794631046964,0.3934122227245,1.0000000000000,0.6291555602765,0.1356183056851,-0.1374018199964,0.1531603549982,0.1758313605065,0.0885376029395,0.3554761414365,-0.0240777496887,-0.0369938253429,0.2156614773383,0.2723724481667,-0.0647675100953,-0.0489042865203,-0.0447930027517,-0.1481856193307,-0.3721014700144,-0.3720598172191,-0.1070534245794,0.1657392540170,0.0522407427226,-0.2038316177892,-0.3093192638104,-0.1968079912480,0.5325942990576,0.1582355447122,-0.1781746435676,0.3149734555658,0.2217118905674,0.0732551038232,-0.0840847834503,-0.1215082506323,-0.0477420229889,-0.0366546629087,-0.2543438827212,0.0839100131669,-0.1536422569140,-0.3058918956532,-0.1971610319485,0.6102826012384,0.3996277548095,0.5504206693066,0.1281397398346,-0.0354326786846,-0.0930507446019,-0.1426985209327,0.0648254199231,-0.0123206816097,-0.0171406385376,0.4346784470938,0.7459853582301,0.1750135924398,0.0352545140578,0.0815146029173,0.1908247549531,0.0817586342709,-0.1284127623234,0.1989627001140,-0.0505541797409,0.2375489246947,0.1752713029247,-0.0713504788905,-0.1936815079746,-0.1002784140495,-0.1109980134527,-0.0107120931809,-0.1932333413552,-0.2643293753315,-0.3776848164729,-0.4262367093198,-0.2777040037550,-0.3073089006922,0.4994534076667,0.1952929872835,-0.1841158401544,0.2297472198800,0.5852907705685,0.2116839241889,0.2941013606947
0.0299202153443,-0.3727354655032,-0.2099977837984,-0.0289470733239,0.0314097812720,-0.0960165334174,-0.1661753365787,0.2759326305703,0.2542169200612,0.2612670367738,0.6046302541428,0.6871751162847,0.3796025490300,-0.0839506748967,-0.0136269937910,0.2091560216743,0.4868706798650,0.2788466966310,0.3347507014973,0.3342602159209,0.6334738679725,0.6291555602765,1.0000000000000,0.4839541112744,0.1253287050332,0.4587890124768,0.5598394089360,-0.1592140713222,-0.0153829618904,-0.4790847547278,0.2654975031578,0.3976684807862,0.6005631900118,-0.0959301943007,0.1708149867595,0.0726745605777,0.0443753242843,-0.0939002870235,-0.2751879591320,-0.1938025089743,-0.2563534490378,-0.0980931955496,0.0580191366345,-0.1183505579166,0.1272620012392,0.3947262255464,0.1518958525429,-0.0776621236920,0.0041967772551,0.1910079883648,0.0604740499232,-0.3082262992123,-0.0189704021944,-0.0914326882967,-0.1062989548542,-0.1647059299594,0.3445425272064,0.0783284816233,-0.0268108941901,0.1398563975307,0.2352654865713,0.6190211243158,0.5388861925549,0.3349205966958,-0.3195400303802,-0.1635097328929,0.0629033472297,0.3036696482257,0.1619370260024,0.3420709065357,0.5461333159073,0.7955651977089,0.4197147273512,0.3572926405065,0.2907297495175,0.4383973638647,0.4668768683452,-0.3408781511400,-0.1620744262992,0.2523206819236,0.4574596175482,0.2964570547518,-0.4488265014452,0.0653174434650,0.1916611895203,-0.3290621743863,0.2162967742042,0.0226588124353,0.0230124029423,-0.0726252080797,-0.3247259743101,-0.4050989195957,-0.1159037174145,0.4097180170904,-0.0615908030138,-0.1204807569639,-0.1581950869193,0.1498249675836,-0.1265084039969,0.2773216945104
-0.1424668465112,-0.2539996422847,-0.1416955142225,0.1112310010549,-0.1085284923448,-0.0500089766689,0.0031525129677,0.4811648822578,0.6109534182813,0.0185778448293,0.5337866853025,0.4154402505700,0.3496844305514,-0.2123435334510,0.0802087114145,0.5010558712459,0.4958139289633,0.6375470923000,0.4778644944903,0.5512042741795,0.5244350777185,0.1356183056851,0.4839541112744,1.0000000000000,0.3249453416733,0.2169967651175,0.6804235909105,-0.4233127400490,-0.2608077643021,-0.4171937485276,0.5202723637280,0.1117323687942,0.3932847175124,-0.3288407554238,0.5635071608466,0.3121185966943,0.4535637721778,0.1661692921176,0.1472792925074,-0.1978742776580,-0.4427534666212,-0.1821410084417,0.2181708121526,-0.0342619079735,0.2046517631311,-0.0083429873882,-0.1949151795358,0.1881550014604,-0.1806221221700,0.1344130017112,-0.1122369257855,-0.1995458199045,0.0191351132404,0.0126561018136,-0.0555771944165,0.0078229410299,0.3954935284868,0.2404929512773,0.3513434245389,0.5343118671410,0.0457769062157,0.5676543570579,0.2819148220750,0.3255327962374,-0.3708398169563,-0.0042509869435,0.3476073636886,0.4107187746268,0.5432928885643,0.5920935215050,0.5188674645997,0.4107682038867,0.7943531079682,0.5663096115925,0.3874042832966,0.2011867504188,0.5893697469644,-0.4131877933448,-0.3446641375382,0.5183287468616,0.2426474359050,0.1790520121889,-0.4593299474957,0.2493503653116,0.2535340940454,-0.3980333580970,0.5347411291441,0.3740646485136,0.1785204064880,0.1607758443851,0.0227564090617,-0.2699587256028,-0.0576522915891,0.0827512231199,-0.2294943766094,0.1268192273497,-0.3105924744191,-0.1654912380331,-0.2489849205099,0.2504182045219
