1.0000000000000,0.6042380587050,0.4421880446177,0.8051620478931,0.7804674959770,0.6164678787511,0.6309322609675,0.4445882376218,0.3061647283993,0.6498002247966,0.4484536960971,0.5893681450742,0.4686041561593,0.8322665812904,0.6652556828881,-0.0204434595839,0.4305256494583,0.4386905833439,0.4693988355002,0.2768641696859,0.1166369774994,0.3858078770171,0.3599682325276,0.3471295968652,0.0905317335924,-0.0439192462823,0.1384315614997,0.1040313761821,0.3703519414436,-0.0214264704307,-0.2480016598215,-0.0142118849546,0.2346925844358,0.2609500536150,-0.2411706100298,0.2664019021731,-0.0381250686592,-0.2539770956975,-0.1957633792630,-0.0570475985140,0.5398221698860,0.3459541491450,-0.3736374203893,-0.2401783862640,-0.0888780517549,0.0673520426366,0.2142842106560,0.0042145173931,0.4632127281421,0.3608952550296,0.8781318415596,0.4038013915974,0.6504610725467,0.5745331725515,0.6595217496534,0.6495736098063,0.0911201473201,0.3017776844758,0.4299443641470,0.3317476138887,0.4709513099617,0.4379318301121,0.4674474227280,0.3287544028370,0.7325962936575,-0.3896357433464,-0.0223706144872,0.5029558859323,0.3593989303016,0.1936469094762,0.1088597586656,0.3842418654496,0.3854638995475,0.0942840113012,-0.5116324311307,-0.5270754757331,-0.1087873372135,-0.0902948332689,0.0822672266263,-0.0261739922428,-0.4199970980959,0.0792417863297,-0.2317041475790,-0.5764737365000,-0.4424179192712,0.0397352987604,-0.1217299516856,-0.1216391785577,-0.5572991860333,-0.5390496002461,-0.2008229712774,-0.2002815911453,-0.3252710010467,-0.1268917285670,-0.1659214775428,-0.1434530613889,0.5183691911099,0.3798787767423,0.5583187227464,-0.0894073658961
0.6042380587050,1.0000000000000,0.5364332187613,0.5514869528318,0.3061364796481,0.2638577178632,0.3612325553506,0.1052843201463,-0.0161679283865,0.3459138842972,0.0882014011322,0.3346299463133,0.0990627999036,0.6302645287203,0.5168480035036,-0.0921826504885,0.1647881983926,0.0539323411579,0.2208558681826,-0.0409812748272,-0.0991045905461,0.1496090086816,0.1399168033208,0.0001494829616,-0.0842025025440,-0.1485245938070,-0.1390319692036,-0.0550033236266,0.3362547651851,0.0070405886868,-0.2529956371060,-0.1937570853303,0.0410851788578,0.2085331520971,-0.0326664074595,0.1876618896452,-0.1459794104480,-0.3539163645162,-0.1351680684729,-0.1630546527805,0.3315893074126,0.0445525502311,-0.3987124698712,-0.1373854805928,-0.2789490557070,-0.0988003743511,0.0969721941109,-0.1752580129843,0.1594535883611,0.2059499985508,0.4780890551415,0.7609647046339,0.4736948563478,0.3169230653662,0.3395173021092,0.4198244507694,-0.0923592343467,0.0315604835999,0.0310243194938,0.0244494553482,0.2328970069457,0.1488467631752,0.2381195515321,0.0084666771100,0.5726254588732,-0.2563429016026,0.0198818552786,0.1522637278008,0.2501939991939,-0.1381247577404,0.1835661944585,0.1419423195275,-0.0085325548210,-0.1213400476050,-0.3164430465669,-0.4047927155438,-0.2927618111697,-0.1492603045350,0.2035835351930,-0.1482055999318,-0.3586003369224,-0.1048788133809,-0.0855481955027,-0.3789215366708,-0.4291392069206,0.0144796757755,-0.2097325160569,0.0412080750414,-0.3126022290716,-0.4350858438343,-0.1044831761597,-0.2126090038409,0.0096999960016,-0.1749554953415,-0.0642561614795,-0.1116942480348,0.2979861266512,0.2200365589593,0.3195664714243,-0.0666955040579
0.4421880446177,0.5364332187613,1.0000000000000,0.1952632384064,0.2492756499200,0.4798589394236,0.1365409243369,0.0344379549022,0.0228539760151,0.3491067687192,0.3003229388800,0.3843746392660,0.1226838425041,0.3675242511192,0.3038279162329,0.1287982409288,0.0936272260077,0.0434549338115,0.0462941339054,-0.0840261283566,0.0588542998746,0.2220535028434,0.2151937992982,0.1114825744331,-0.0998807564483,0.1097625846694,0.1327855468991,0.2261233048753,0.2758465096803,0.2810898447080,0.1156649522570,0.1429804253558,0.1585029207680,0.3910174296050,0.2114605714960,0.0781379716078,0.2458483805446,-0.0409390692639,0.2394227030199,0.2276803078665,0.3109024119141,0.2803854312428,0.0377243427101,0.0240549754098,-0.0248887231784,0.1342094859384,0.2530577012032,0.2866581642673,0.2898408821419,0.2440601942875,0.3846163869668,0.6295894467964,0.1422126933033,0.6381328981371,0.3023462429509,0.1748133509248,-0.2264986322670,-0.0914926262719,-0.0732043482624,0.0398846464504,0.1390781823724,0.2565826555057,0.1727967889882,0.0098574627835,0.3462681652184,0.0716995060630,-0.0151918965537,0.0556081310816,0.0095192736999,-0.1696738781044,0.0178030964148,0.1539843083776,0.0286014802045,-0.1082747963622,-0.2675945709609,-0.1624978260288,-0.0367492015184,0.1600666114633,0.2791880340458,0.0607580467647,-0.1304981974873,-0.0734696179020,0.1788577988140,-0.0126504155058,-0.2694090291258,0.0480990210645,0.1316505400789,0.1432070789112,-0.0105122926171,-0.2442796320176,0.1722029170914,0.1860948419601,-0.0590982692482,0.1447946251592,-0.1462065413431,0.2396614595713,0.2780253247605,0.1749185393118,0.1981326495005,-0.0600140404493
0.8051620478931,0.5514869528318,0.1952632384064,1.0000000000000,0.6350629821005,0.5341347000144,0.8155794068851,0.4783056432416,0.4137557394580,0.5750965059746,0.3219100469427,0.4977128564108,0.4624290517180,0.6929362360676,0.6101237570254,-0.0061460188760,0.4224347922387,0.4870624917716,0.6141440455865,0.4137977917542,0.0496220190196,0.2870187342791,0.2463036252532,0.3851117184803,0.1625092802707,-0.0979609310040,0.0852840159685,0.0095105426223,0.2444094623483,-0.0886557896096,-0.3378462216788,-0.1351361861462,0.2229051520107,0.0988400624464,-0.3495722994958,0.3334008532998,-0.1787779977770,-0.2901904292387,-0.2640057772843,-0.1053222609536,0.4083902038727,0.2475142960761,-0.5256619838985,-0.2263283111548,-0.1397414908901,-0.0156650326735,0.1092760702106,-0.1550234666441,0.3674741840855,0.3172518034749,0.7159370972431,0.3637056522003,0.8549789334696,0.4482673109092,0.6431274245562,0.8494868057517,0.1817678649675,0.3366850300298,0.5617278555015,0.4318128933312,0.3950796667137,0.3651897811516,0.4191606258426,0.3393002746336,0.6229295384705,-0.4417312174380,0.0867835151543,0.5643813772794,0.4564394063523,0.3346747401455,0.1219852766374,0.3063880243929,0.4588383220354,0.1792105644514,-0.4801870665808,-0.5176310027511,-0.0875650573154,-0.1744933753038,-0.0184352225557,-0.0277160264949,-0.4133341384720,0.1302888332964,-0.3546104911943,-0.6648482382126,-0.4103208557875,0.0238586193233,-0.1999944262119,-0.0932238801509,-0.6107680154135,-0.4998304471711,-0.2284945688103,-0.2522184758774,-0.2351260331746,-0.2260143182269,-0.1346404719269,-0.2446917498261,0.3493124296909,0.2608186783009,0.4791685289325,-0.0460793714772
0.7804674959770,0.3061364796481,0.2492756499200,0.6350629821005,1.0000000000000,0.6702499155491,0.6045268889319,0.5517096348890,0.2930182859570,0.5807969089300,0.5408534247827,0.5422051692044,0.5673793624483,0.6777671694404,0.6045393785058,0.0811587230106,0.5439267011835,0.5487715699566,0.3824409281899,0.3232255573020,0.2236040511621,0.6067057952506,0.3752784739692,0.3711908368209,0.1857325101941,0.0136220613352,0.1954931906540,0.1926631028318,0.3565934700927,-0.0042305534248,-0.0866896668601,0.1068007529465,0.3130839578840,0.2061106110072,-0.1892354426389,0.2939017569095,0.1232712309917,-0.1380864527681,-0.1089732219720,0.0090713801401,0.5596732921106,0.3123755253991,-0.1607607356189,-0.1861381789697,0.0607362518676,0.1077348141410,0.2156683499673,0.1902454487096,0.4204033510711,0.3239215683008,0.8178261747662,0.1331569153299,0.4750801526972,0.5251927894713,0.7268533610499,0.5827436112195,0.2255235785278,0.3853373471310,0.4254347644350,0.3097448315359,0.5305895952193,0.4409189048151,0.3423816145292,0.3410288534715,0.5925003853247,-0.2788510494300,0.0297924921839,0.5533770585780,0.3652860990887,0.3099287190208,0.0022091572924,0.2987633227731,0.4028886449940,0.1417548163272,-0.4574998458547,-0.4811869610689,-0.0376036529897,-0.0281010633466,0.0007361699188,0.1104439259539,-0.2840883602405,0.1535790009295,-0.1275205561985,-0.3933115779486,-0.2745130855114,-0.0225251058335,-0.0347615593281,-0.0687663461230,-0.5091725790030,-0.2832425159758,-0.1139691902845,-0.1816528528180,-0.3806796558927,-0.0175338317279,-0.2995654879373,-0.0398633382723,0.5940594008099,0.4242693877556,0.5110665550073,-0.0978014858265
0.6164678787511,0.2638577178632,0.4798589394236,0.5341347000144,0.6702499155491,1.0000000000000,0.6659195063445,0.5590521661692,0.4361144689495,0.7195820220486,0.5965108531247,0.6616284812124,0.5885342101247,0.5397111686513,0.6513626460270,0.2057483498715,0.5029380959235,0.5751399885591,0.3951834615650,0.3623229719754,0.2278126851253,0.4143611116123,0.2829711706482,0.5812788052796,0.0403761321725,0.0880353797020,0.2611247873764,0.2025237281981,0.2359246621561,0.0798300951861,0.0848561996299,0.1459153449599,0.3319917597318,0.1473467931226,-0.0255133744121,0.3294943987987,0.2864289927163,0.0157391048468,0.1707144846173,0.1667631850558,0.4650407751106,0.4180783718862,-0.0063088035977,-0.1097387312371,0.0942155518827,0.1711728148158,0.1919586700479,0.4252280993008,0.5935942361023,0.4053123163986,0.6683540369895,0.1852546747748,0.3885423021139,0.8926427170749,0.8528991502001,0.6079406243039,0.1767815038203,0.3743495168926,0.4598749490427,0.4682176822282,0.4947239603616,0.5743049177280,0.4589412028557,0.4701824764531,0.4942376624160,-0.0254031888303,-0.0912983359748,0.5740135834011,0.2786921016583,0.3222035359975,0.0306060169033,0.2778235092470,0.5123525290178,0.1115676424670,-0.5072098487706,-0.3610755085636,0.0143116821918,-0.0027916031903,-0.0169495276247,0.1597985984781,-0.2651877473042,0.1529954184707,-0.1977745265290,-0.3052543952449,-0.3133873209414,-0.1658206901095,0.1998643178756,0.0047265456584,-0.3020935455684,-0.2861438883961,0.1416078851420,0.0344127440024,-0.3216305507464,0.0430419096874,-0.2935697135942,0.2719255506085,0.4209012783497,0.2634699111670,0.4612828875256,-0.0067168541032
0.6309322609675,0.3612325553506,0.1365409243369,0.8155794068851,0.6045268889319,0.6659195063445,1.0000000000000,0.5343288713177,0.4259896592214,0.5357534522755,0.2685439329765,0.3933011316523,0.4168045293961,0.6196234842958,0.5874621795594,0.1669464691240,0.4068497208127,0.5636810977572,0.5300092736808,0.4395868690743,-0.0407765196728,0.2253678966114,0.0658258138303,0.4970405646257,0.0841357059558,-0.1586013803140,0.0154402078007,-0.0329047520151,0.1908654755714,0.0012181960804,-0.1186393636951,-0.1078543883780,0.2104011949911,-0.0288498533105,-0.0722075914559,0.5267073947658,-0.0297225353427,-0.2126430166609,0.0063775381420,-0.0623164853819,0.3683852944313,0.1804670243306,-0.3760016949119,-0.2144429587189,-0.0572029788433,0.0084375419882,-0.0410376217395,0.0664382893347,0.3621690261143,0.2560739623110,0.6316607613069,0.1994981629543,0.7180489792478,0.5141283640694,0.8208604024744,0.9133195029251,0.2634493654388,0.4788966897330,0.5705343573676,0.4754957491007,0.4094937883180,0.3142666414811,0.3014268268568,0.3580640566217,0.5656798229962,-0.2160286479456,0.1184174386559,0.6086001134232,0.4755461234449,0.3837245426217,0.0181286047041,0.1132049433869,0.4806844902443,0.0689776701413,-0.5078772488333,-0.4921921960804,-0.1496994049712,-0.1720185730330,-0.1014655366923,0.0969204056328,-0.3857535848495,0.0477032225460,-0.3109646742324,-0.5222696278717,-0.3851363528305,-0.2239240592220,-0.0673145301231,0.0928209352533,-0.5176926451420,-0.3346918826369,-0.0255731662091,-0.2199013808536,-0.3106659612917,-0.1953735832360,-0.2855390088549,0.0349804963197,0.3956559310326,0.1766144752384,0.4077327601257,-0.0617077489543
0.4445882376218,0.1052843201463,0.0344379549022,0.4783056432416,0.5517096348890,0.5590521661692,0.5343288713177,1.0000000000000,0.6692693525645,0.5890751657925,0.4947768829719,0.5509573768816,0.6914513771546,0.4380288637847,0.4936087662354,0.3170037100739,0.7068374255461,0.8168476682480,0.6776015135580,0.7076181272744,0.2849638823257,0.2655933484924,0.2321577116142,0.6476640768102,0.4100306665803,0.0801832934285,0.3495123384006,0.1216004582613,0.0686358191417,0.0599960746304,0.0401012403690,0.1083944805540,0.4021900223276,0.0170660508159,-0.1964215800813,0.4334569629538,0.1119247998654,0.2051898453347,-0.0983501724066,-0.0198191774849,0.3314992000790,0.3148848016214,-0.0418137670043,0.0561575409419,0.4066112017061,0.1093502622338,0.0848828255729,0.0392722038514,0.2926126648507,0.2703268861914,0.4633138704574,-0.1346514751843,0.2897454869487,0.3965435270265,0.5744364118273,0.5179888206727,0.4790083453488,0.7080169874594,0.7752734657047,0.6636809363981,0.3964915055198,0.3742802280054,0.3359782819388,0.4698042129061,0.4166034454967,-0.2515099069777,0.2613284273800,0.7040717460325,0.6536188914068,0.5866896454353,-0.0193112674186,0.1978140465155,0.6468876251441,0.4497078235501,-0.3152269520548,-0.2831333735253,0.1605037856336,-0.0687910648629,-0.0527539711587,0.2160307137414,-0.2882453601338,0.2241004724608,-0.1623576835064,-0.3096451536721,0.0044110454985,-0.0936102598574,0.0869001910805,0.0230559517109,-0.3851071318448,-0.0175383001776,-0.1114180973839,-0.1322882342877,-0.1662189586202,-0.1244654851983,-0.2460057662416,-0.0995188158824,0.2868806366917,0.0645534329678,0.3443009325933,-0.0489236797752
0.3061647283993,-0.0161679283865,0.0228539760151,0.4137557394580,0.2930182859570,0.4361144689495,0.4259896592214,0.6692693525645,1.0000000000000,0.5069832256420,0.4539149622905,0.4671371496406,0.6061340732890,0.2670924492833,0.3966284710692,0.3607364608655,0.4819910337226,0.6413225272710,0.7577470187029,0.8165446917685,0.3399380599522,0.1669948264800,0.3517401684765,0.6829978903963,0.4331984132157,0.2313426898298,0.4758611586573,0.1042798061284,-0.1117092768047,-0.0050693170820,0.0924536758892,0.2356160132721,0.4427229887273,0.0802545752956,-0.1369595514819,0.3414835876972,0.1906719955267,0.2714142633008,-0.0461754621335,0.1349170509415,0.2078803883639,0.4245141525569,0.0200163392201,0.0920893064356,0.3300838185872,0.1567192044057,0.2198129488254,0.0569137555348,0.3065410174429,0.3804942522044,0.2701076953746,-0.1090021199410,0.2927372040324,0.3538918995053,0.3643824570256,0.4167082677441,0.3346507890367,0.4060569518454,0.7125465501113,0.9252286708484,0.1727204899331,0.3430528741062,0.3001329474745,0.4205702770073,0.2144241987941,-0.1268540300916,0.2209588529795,0.5294492918113,0.4518945218703,0.6777846841330,0.0047401326306,0.2826585605714,0.7001643517116,0.5671929676285,-0.2041403499372,-0.0888615948905,0.3419388127359,-0.0933381895456,-0.1545468462640,0.2528211659234,-0.0727638578175,0.3496141676037,-0.2035706528982,-0.1979103819553,0.0561032758355,0.0402144446290,0.2129464993144,0.0599100060057,-0.2219314769022,-0.0061237006794,-0.0514853541199,0.1017898549744,-0.0580466298835,-0.0861476975708,-0.1474108235589,-0.0438483138013,0.0705750902980,-0.0227778593660,0.2962337218860,0.0926133443534
0.6498002247966,0.3459138842972,0.3491067687192,0.5750965059746,0.5807969089300,0.7195820220486,0.5357534522755,0.5890751657925,0.5069832256420,1.0000000000000,0.6213235928869,0.8324037174949,0.6792187114377,0.6291759930096,0.7175223469993,0.1634393640402,0.6796556846247,0.5714327687266,0.5329794252305,0.4396918370181,0.3374166609456,0.5091394913452,0.4591242768813,0.6006436835287,0.1865079722837,0.1183535340186,0.3598153069870,0.1585847367965,0.2857456101741,0.0539765970033,-0.1387603138169,0.1882357237247,0.4258843552583,0.2656269559537,-0.1873689599948,0.3627720537050,0.1213827461295,-0.0758079114118,-0.0732105071056,0.0270927156294,0.5835500918363,0.5772818670526,-0.1809240319761,-0.1628279089440,0.1068709283529,0.2043066200208,0.2781925740024,0.1207483661676,0.5722457179349,0.5718086764438,0.6135585373105,0.1309037016930,0.3972658621689,0.5671407057432,0.6779418861882,0.5185709042117,0.2532140420528,0.3818259630348,0.4930640607233,0.4787983283195,0.6873342625781,0.6098437913597,0.6042568052083,0.4846625115086,0.5643548262208,-0.2017648072192,0.0404070739358,0.6087017783974,0.4391203666936,0.3099731965110,0.2634395498128,0.4739419713914,0.5976727172100,0.2286152987040,-0.4896719712353,-0.3770062423904,0.0298395693130,-0.0454994329563,-0.0388058448813,0.1050848372339,-0.3194072301731,0.2385071865558,-0.2884013388646,-0.4512616986990,-0.2670987106618,0.0009828152994,0.0135793899028,0.0122112623498,-0.4771127788064,-0.3572369684098,-0.0832121114054,-0.1013621477443,-0.3735832745553,-0.0171423097931,-0.2512264953789,0.0391660769054,0.3463332907966,0.3455336309978,0.6467584588156,0.0397497266309
0.4484536960971,0.0882014011322,0.3003229388800,0.3219100469427,0.5408534247827,0.5965108531247,0.2685439329765,0.4947768829719,0.4539149622905,0.6213235928869,1.0000000000000,0.7272901914613,0.6588340255841,0.3482585669239,0.5274597035557,0.2558140170573,0.5281274464629,0.5070021195576,0.4088756028985,0.3783024018631,0.4722500321996,0.6061777772375,0.6097623387444,0.5475356595696,0.1658628616927,0.3113860454161,0.5272754095130,0.4752240170395,0.3265604622658,0.1332908889732,0.1666211961409,0.3730809183331,0.4463779436633,0.2882778004666,-0.0431470962928,0.1722307155301,0.4460585133874,0.1813430786659,0.2083611851936,0.4064147349496,0.4990718311853,0.5559929806256,0.2142274974806,0.1476547141287,0.2434131297487,0.1951806241008,0.3988238706180,0.4816832720072,0.5570978474012,0.4643829991583,0.4232457868584,0.0952932044113,0.1717815992642,0.4992778702841,0.4381356140337,0.2154972537591,0.0788694048539,0.1952321730249,0.3314658219643,0.4137303168607,0.3196946287249,0.7067781505032,0.3761434283727,0.3724389623679,0.2374435507111,0.0690955978782,-0.0678165707750,0.4257312839493,0.1833253204317,0.3597944867267,-0.0420268794307,0.3655082776378,0.5065579876396,0.2832748417676,-0.2983457247538,-0.2046207330445,0.3100538260063,0.2271516108381,0.1136262688466,0.1859654210520,-0.1286058359643,0.1558673418147,-0.0231174641443,-0.1087885662334,-0.1434313579368,-0.0206000775181,0.3474678440571,0.0352404408568,-0.0712666200967,-0.0696827326513,0.2564586847666,0.2775013653424,-0.1147289055636,0.1632451863901,-0.3396230196040,0.2868313601056,0.4130258751422,0.2941159017916,0.3015163185814,0.0856020692705
0.5893681450742,0.3346299463133,0.3843746392660,0.4977128564108,0.5422051692044,0.6616284812124,0.3933011316523,0.5509573768816,0.4671371496406,0.8324037174949,0.7272901914613,1.0000000000000,0.7308777048931,0.5434685769246,0.6738434520919,0.1865797794610,0.7306917095901,0.5783392120588,0.5658654935488,0.3992154674885,0.4371787448253,0.5873410458904,0.6004800540456,0.5479518662119,0.1302966084277,0.2144017782442,0.4159907798300,0.3272951128691,0.3295852759294,0.1231442465072,-0.0329681275668,0.2427164914158,0.4702924149211,0.3141579128104,-0.1465817059289,0.2648204620633,0.2002656922965,0.0056633709364,0.0045830958217,0.1868776295594,0.5411545247066,0.5442946921259,-0.0550141416754,-0.0605381793208,0.0880734861495,0.1096004415864,0.3180860724546,0.2474525231540,0.6222275205448,0.4924095054610,0.5440556249084,0.1868777231381,0.3254471116546,0.5846542655932,0.5198476829565,0.4017562853985,0.1666136701131,0.2476162796216,0.4555989447008,0.4529129824590,0.5386076763418,0.7346676702049,0.7085368205330,0.4931661504038,0.3802016499523,-0.1195568408905,-0.0237938437456,0.6151529907315,0.3776625623298,0.3279871288424,0.2376793042910,0.4968911125717,0.5340408692987,0.2839462672195,-0.4612452840693,-0.3681976404336,0.0822349351007,0.0903965869013,0.0753999619460,0.1307018088968,-0.2750755993627,0.2787148636883,-0.1771596951454,-0.3496885277157,-0.2650126797318,0.0319750766498,0.0585936825954,0.0211499283838,-0.3404884125662,-0.2788080496210,0.0447027922371,0.0532188138074,-0.2433240701707,-0.0180945532451,-0.3358544501977,0.1248516328963,0.3323799515048,0.3914176184149,0.4511711423929,0.0223979174063
0.4686041561593,0.0990627999036,0.1226838425041,0.4624290517180,0.5673793624483,0.5885342101247,0.4168045293961,0.6914513771546,0.6061340732890,0.6792187114377,0.6588340255841,0.7308777048931,1.0000000000000,0.4225379472675,0.5550406026070,0.2682011092829,0.7437439008154,0.6418774605247,0.5575496958704,0.5734431732604,0.4925784794377,0.5136786993917,0.4928034728266,0.5863307941586,0.3121891274625,0.2890849412770,0.5174501442727,0.2708148799304,0.2313282038784,0.0765691737822,0.0548691220068,0.3273177253313,0.5759077692561,0.2298042457406,-0.1634006250388,0.2665993486059,0.2258358359937,0.1740884726530,-0.0612825583699,0.1314444187403,0.4349337618384,0.4916469517024,0.0468248478085,0.0231959576555,0.3219292369378,0.1407303455475,0.3629056562376,0.2174216808309,0.5032002114277,0.4269748994296,0.4686240377478,-0.0457202489818,0.2752517774402,0.4760168581997,0.4701412624835,0.4108581001506,0.3661040348327,0.3919838300128,0.5217701752157,0.5625907027124,0.3707492760229,0.5381494930289,0.4758090554519,0.7031350005076,0.2824823531191,-0.1828123736749,0.0416925264507,0.6195810185379,0.3420643228765,0.4804852902102,-0.0049006792172,0.3374761209561,0.5913107314430,0.3658987169037,-0.3802685262384,-0.2941797899261,0.2338252660445,0.0135214974710,-0.0216388652060,0.1985688235935,-0.2114058955307,0.3527591169539,-0.2307519459954,-0.2827266309346,-0.0847170225877,0.0383406720310,0.1209129012779,-0.0254721717830,-0.3478174960710,-0.0567008109947,-0.0349306607117,-0.0222318919370,-0.2165697663760,-0.1071328431637,-0.3213423268025,0.0385710084699,0.2878443421727,0.2718127995090,0.3558436305435,-0.0220490261036
0.8322665812904,0.6302645287203,0.3675242511192,0.6929362360676,0.6777671694404,0.5397111686513,0.6196234842958,0.4380288637847,0.2670924492833,0.6291759930096,0.3482585669239,0.5434685769246,0.4225379472675,1.0000000000000,0.7370382820003,0.1488736194956,0.4770803063910,0.3986521933771,0.4587896810034,0.3002162598575,0.1511109485970,0.4161744857245,0.3322875857792,0.4025670685811,0.0788261435520,-0.0495224690602,0.0954240775198,0.0755530552577,0.3804389081284,0.1478294469151,-0.1264257716452,0.0520259067978,0.2924911349141,0.2168937072655,-0.0918928451203,0.4668513569746,0.0142318859492,-0.2260436386574,-0.1969388596585,-0.1801722390113,0.5801335528049,0.3315455602574,-0.3704746341131,-0.3006857365049,-0.0707501222288,0.1803410608279,0.2368342519049,-0.0286251046618,0.4637906765028,0.3814248389434,0.7191189814259,0.3495524787002,0.5276700386619,0.4680949055501,0.6366675806659,0.6111848828097,0.1170297008521,0.2917465710056,0.3427457841123,0.2971718721906,0.4858674725318,0.3314822424192,0.4600722828621,0.2502025620712,0.6960845093968,-0.2654925771789,0.1368608627946,0.5064966998865,0.4392001354721,0.2273676272609,0.2094086183422,0.3840128391511,0.3610557161310,0.0943068115449,-0.4352334601241,-0.5561941406005,-0.1691745273486,-0.1805147336289,0.0595056775346,0.1310376108792,-0.3029898646465,0.1358490085269,-0.1641620844246,-0.5000314786313,-0.3370170597702,0.0395418998327,-0.1132896231137,0.1017913712810,-0.5510042682573,-0.3895785476585,-0.2113183229914,-0.2958686515911,-0.3386093032030,-0.0493324706168,-0.1871534915006,-0.0735873206087,0.5431991357814,0.3235920290404,0.5005037860951,-0.0130622504366
0.6652556828881,0.5168480035036,0.3038279162329,0.6101237570254,0.6045393785058,0.6513626460270,0.5874621795594,0.4936087662354,0.3966284710692,0.7175223469993,0.5274597035557,0.6738434520919,0.5550406026070,0.7370382820003,1.0000000000000,0.3029995440261,0.5963574894711,0.5105281861592,0.4633574842135,0.3589854910538,0.3552791923196,0.4464968250605,0.4415680936191,0.5607023474156,0.0791596055602,0.1628960488154,0.2959691541169,0.2442773943036,0.3138006647582,0.0976464102038,0.0515750812238,0.2602186277055,0.4025833964452,0.2775974633390,0.0657717676419,0.4748460660812,0.2940320338915,-0.0569703825115,0.1211683378418,0.0718191129368,0.5774736822112,0.5020638918961,-0.0110232732611,-0.0901880802351,0.1082010883695,0.1662430912031,0.3533453640880,0.2353686377135,0.5703197416946,0.6537803985068,0.5985995196476,0.2047686695246,0.4027785938156,0.5221337705667,0.6500005984682,0.5310319697762,0.0893308320541,0.2256464708409,0.3827016386921,0.3573297215383,0.4489352606163,0.4997709249622,0.4585814148325,0.2797125431969,0.5644565015601,-0.0394300047251,0.0878646749821,0.5161614371566,0.3482524589166,0.2601133343610,0.1657583783438,0.4062091878816,0.4771459935519,0.1327667886247,-0.4329217696934,-0.4298528618938,-0.0448642745910,-0.0653431003712,-0.0683731249889,0.1736191261412,-0.2754753908561,0.1403159953439,-0.2419853729897,-0.2787439663996,-0.2545379960227,-0.0713762502805,0.1600664364554,0.2389532207673,-0.3214650599075,-0.2470709850192,0.1376586142214,-0.0809542285574,-0.2778619003067,-0.0848901458249,-0.2799225791889,0.2126181159175,0.3913300170418,0.2891923112953,0.5043739379975,0.1649734574016
-0.0204434595839,-0.0921826504885,0.1287982409288,-0.0061460188760,0.0811587230106,0.2057483498715,0.1669464691240,0.3170037100739,0.3607364608655,0.1634393640402,0.2558140170573,0.1865797794610,0.2682011092829,0.1488736194956,0.3029995440261,1.0000000000000,0.2991994579564,0.3606422932897,0.3074719713978,0.4866703085467,0.4282214029653,0.1057242889872,0.2838386344246,0.5285475840231,0.3147789448448,0.4902363431532,0.5003959878821,0.4196497435756,-0.0445077430716,0.4603326615528,0.7693116898156,0.7033591075534,0.5797058976359,0.2992445981075,0.5903122290374,0.5814740143657,0.5268553863377,0.5709886450232,0.4082638081647,0.2120734226716,0.1090414433395,0.4714291255220,0.4701842116166,0.1380675616055,0.6329694773176,0.4682160282309,0.3121666585345,0.3689253653594,0.2387518746672,0.3324307579046,-0.0837589449555,-0.1020916272828,-0.1666959075326,0.1644158944356,0.0755177461150,0.0564006327789,-0.0458582769139,0.0178044151445,0.2117900760898,0.2988339597638,-0.1461383553015,0.0529307332523,0.0261151325574,-0.0448833728073,-0.0809108979626,0.3359073027870,0.5662455333287,0.2131518337437,0.1871408432391,0.4724416507031,-0.1385689775920,0.1091598399446,0.3393488910071,0.3554056687891,0.0588119299772,0.1613678852850,0.3674386859311,0.1659864594343,-0.0722146163292,0.7065710008492,0.1901556802134,0.1714849572004,0.1754902282942,0.3715403770130,0.3473304597934,0.0804405236573,0.4217225386087,0.6258083003984,0.0573953482648,0.4447086517301,0.2229151344772,0.1550321707167,-0.1277755568928,0.1847504395693,-0.2810845545243,0.3340006641874,0.0225589424430,-0.2029756011364,-0.1801939713295,0.0579779218126
0.4305256494583,0.1647881983926,0.0936272260077,0.4224347922387,0.5439267011835,0.5029380959235,0.4068497208127,0.7068374255461,0.4819910337226,0.6796556846247,0.5281274464629,0.7306917095901,0.7437439008154,0.4770803063910,0.5963574894711,0.2991994579564,1.0000000000000,0.6554087605520,0.5752971810833,0.4843868835537,0.6275123713629,0.5342530347923,0.5245737704441,0.5817440445667,0.2845078884177,0.2572244895632,0.4108345136794,0.1873464937863,0.2346317308224,0.0596521925681,-0.0125282536681,0.2972381358883,0.5059400309977,0.1543655144824,-0.1350592345488,0.4303397683333,0.1139923713589,0.0865568998488,-0.1726795319674,-0.0546867575690,0.3990925744247,0.4018474506371,-0.0570018345644,-0.0932849889934,0.2223353114487,0.1218928286816,0.2308400937024,0.0352452698090,0.3896663687156,0.4071345976259,0.4288093015527,-0.0886670814872,0.2292348463980,0.3671696782359,0.4745234555944,0.3978269942125,0.4519010760865,0.4037814758072,0.5015693677888,0.4267304864641,0.5305900089311,0.5223925929710,0.5017044934850,0.4404319016010,0.3513569547901,-0.1355277522111,0.2131689953639,0.6921642945700,0.5541680950121,0.4537047050960,0.3783684547696,0.4904632569256,0.6112738639792,0.4474120109899,-0.2497935352532,-0.2766293795923,0.1258409476203,0.0187859834090,-0.0295289551550,0.2722174712826,-0.1176342276065,0.4810089782675,-0.2210091667402,-0.2962561998634,0.0442730165645,0.0846776857445,0.0102764242777,0.1308463957622,-0.4285120024499,-0.0632199172035,-0.1267460874077,-0.1851334088256,-0.2513760212607,-0.0548150958164,-0.2198056081418,-0.0441034060540,0.2239605484005,0.2462928980527,0.3563236163550,0.1375307363989
0.4386905833439,0.0539323411579,0.0434549338115,0.4870624917716,0.5487715699566,0.5751399885591,0.5636810977572,0.8168476682480,0.6413225272710,0.5714327687266,0.5070021195576,0.5783392120588,0.6418774605247,0.3986521933771,0.5105281861592,0.3606422932897,0.6554087605520,1.0000000000000,0.6872961641795,0.7128026263900,0.2571717261809,0.2656973607816,0.2655968184748,0.6547762174212,0.3901950696357,0.0884128531277,0.3662914709840,0.1128516751366,0.0285203576225,0.0414137286632,0.1293545029374,0.1890531399744,0.4799338713035,0.0643564231309,-0.1287012824104,0.4342328614554,0.1520716920157,0.1254486339694,-0.0034298889856,0.0159068146112,0.3707838698747,0.4265076788352,-0.0414973363353,-0.0601412660314,0.3134645125941,0.1907972890325,0.1525056376327,0.1166998794001,0.3345548575018,0.3725216577725,0.4210726729707,-0.1415774862436,0.3008680940820,0.4096982266788,0.5872692117276,0.5359288798840,0.3298793356977,0.6183171198403,0.7567573034721,0.6319144896805,0.3876315065301,0.4287347955732,0.3634961184648,0.4510982600151,0.3147695409707,-0.1575326253175,0.2209054521483,0.8012445926553,0.5663471356292,0.6245193099582,-0.0119620946459,0.1912609955412,0.6516651546968,0.3968999351224,-0.3385315212649,-0.2961204624681,0.1750466412294,-0.0839938311202,-0.1373634914172,0.2754315292207,-0.2332479989887,0.2380122629965,-0.1448281650721,-0.2681646637318,-0.0616201664959,-0.0915092988939,0.1572337082226,0.0559436185472,-0.3330342348737,-0.0832538401260,-0.0305207510715,-0.1017137241940,-0.2611514982720,-0.0627372687158,-0.2471643134668,-0.0551530676338,0.2866413856684,0.0988711266872,0.3815744300042,0.0166044302099
0.4693988355002,0.2208558681826,0.0462941339054,0.6141440455865,0.3824409281899,0.3951834615650,0.5300092736808,0.6776015135580,0.7577470187029,0.5329794252305,0.4088756028985,0.5658654935488,0.5575496958704,0.4587896810034,0.4633574842135,0.3074719713978,0.5752971810833,0.6872961641795,1.0000000000000,0.7718706318857,0.3022698324553,0.2287820682340,0.3691638493496,0.6404337586096,0.3959570679075,0.0678544123034,0.3675143705524,0.1180267411007,0.0480774365778,0.0300505645047,-0.0661505824770,0.0955937953425,0.4505242176018,0.0944618060885,-0.2606515916763,0.4867077528611,-0.0085982961158,0.0730618581942,-0.2176955418510,-0.0384669013254,0.3132162987272,0.3878123125130,-0.2842084920994,-0.0902863569864,0.1322083783795,0.1004026924546,0.2296010657856,-0.1039409776073,0.3350488071101,0.3468407009828,0.3561614118973,0.0616417942399,0.4620950718632,0.2899880663835,0.3870592992100,0.5426390177188,0.2423848257257,0.3859879423516,0.7508290478555,0.7480277575761,0.2386962753863,0.3643289492956,0.4306850622851,0.3619186847008,0.2897440470740,-0.2308576602365,0.2815541914410,0.6686855001945,0.6793040260111,0.7004776626951,0.1346072675570,0.3619833477643,0.6664884760575,0.5475305057562,-0.3063822560330,-0.3395276549131,0.1815148770054,-0.0711571748340,-0.0269221840766,0.2338202427398,-0.1811264761799,0.3567321647900,-0.2024365230943,-0.4248905755797,-0.1049361906157,0.1144066674942,-0.0015005744889,0.0477984083879,-0.4092773347787,-0.1504552470730,-0.1909750734243,-0.0899179088427,-0.1244926175173,-0.1082843777080,-0.1228491926971,-0.1956176423640,0.1642760220174,0.0870851933835,0.2888298713048,0.0318055430596
0.2768641696859,-0.0409812748272,-0.0840261283566,0.4137977917542,0.3232255573020,0.3623229719754,0.4395868690743,0.7076181272744,0.8165446917685,0.4396918370181,0.3783024018631,0.3992154674885,0.5734431732604,0.3002162598575,0.3589854910538,0.4866703085467,0.4843868835537,0.7128026263900,0.7718706318857,1.0000000000000,0.3313723715268,0.1728892970860,0.3564391586132,0.6994431562163,0.6272489576820,0.2311202652193,0.5281076676260,0.1487637435546,-0.0571383570026,0.0770680908122,0.1528769524342,0.2981690371156,0.5657259117538,0.1403147047998,-0.1320898551219,0.4862893021872,0.1689587822986,0.3111904104541,-0.0792600244521,0.0671679728776,0.2549831127423,0.4301825625647,-0.0416230667405,0.0474593866045,0.4155577664456,0.3083849600987,0.2713777192724,0.0013281269307,0.2765814271039,0.3601490308981,0.2099175005334,-0.1863156709156,0.2486308105732,0.2051261775628,0.3161217486755,0.3976072877453,0.3269883513246,0.3918647412632,0.6788752936621,0.7351743604587,0.1053503219290,0.1803615304155,0.2247562648522,0.2800218074751,0.1599848332115,-0.1345874935457,0.4182685101612,0.5172958630365,0.5322383133426,0.8095690300090,-0.0326896045825,0.2657520155760,0.6996075758497,0.6678679720863,-0.1939342047806,-0.1415736433746,0.4342409601185,-0.0668466812779,-0.0889394382317,0.3637622107556,-0.0478003809527,0.3635642753473,-0.1201946656107,-0.1950106464080,0.1314932641582,0.0897162636489,0.2220371094054,0.1581011291046,-0.2732114176904,0.1167400855869,-0.0892663271838,0.0256940877958,-0.0702957980092,-0.0448648779323,-0.1312954686747,-0.1068935692881,0.1379678990073,-0.0381590879859,0.2006333319698,0.0794128371952
0.1166369774994,-0.0991045905461,0.0588542998746,0.0496220190196,0.2236040511621,0.2278126851253,-0.0407765196728,0.2849638823257,0.3399380599522,0.3374166609456,0.4722500321996,0.4371787448253,0.4925784794377,0.1511109485970,0.3552791923196,0.4282214029653,0.6275123713629,0.2571717261809,0.3022698324553,0.3313723715268,1.0000000000000,0.4045262487647,0.6834905928848,0.4871258073301,0.2970986163030,0.6105843167216,0.6717422622851,0.4164983248419,0.1461856506448,0.1672064269487,0.3197262366174,0.6522665709370,0.5688394336945,0.3058305576617,0.0942244461421,0.2315558927745,0.3877593737498,0.4092592243920,-0.0388401614435,0.1218115275559,0.2083219254249,0.5401267302788,0.3291195145819,0.1132503992434,0.3763036649450,0.3177866981678,0.5325882333420,0.1396626158915,0.3781286554637,0.4849168643309,0.0816636772039,-0.1543926380177,-0.0917579477974,0.1977900775600,0.0199157661792,-0.0522072386941,0.2365667579405,-0.0913781841815,0.1353215570220,0.2214114776733,0.0575290679687,0.3619925805139,0.2514097732357,0.1043239982620,-0.0016178842182,0.1930865051701,0.1940460539364,0.2256376700699,0.0939591549218,0.4021020488808,0.3324341554084,0.5464674093621,0.4881083535803,0.5603218518642,0.2173313376391,0.1840774782017,0.5250568582930,0.2451925908714,0.0530809488262,0.4913183003759,0.3098096558309,0.5681372848215,0.0446485538354,0.1780129730403,0.4213563728494,0.3365440320000,0.3246794764509,0.2712805254411,0.0249972491534,0.2157994113130,0.0070476953084,0.1082787055054,-0.0625994526775,0.2209102042733,0.0381701995469,0.0640927959132,0.0632571895028,0.1296770324429,0.0324370530812,0.4050144903904
0.3858078770171,0.1496090086816,0.2220535028434,0.2870187342791,0.6067057952506,0.4143611116123,0.2253678966114,0.2655933484924,0.1669948264800,0.5091394913452,0.6061777772375,0.5873410458904,0.5136786993917,0.4161744857245,0.4464968250605,0.1057242889872,0.5342530347923,0.2656973607816,0.2287820682340,0.1728892970860,0.4045262487647,1.0000000000000,0.5788789701431,0.2533282933005,0.1092568290044,0.1679297599138,0.3609463446980,0.3517006797836,0.5334941782644,0.1169670526346,0.0062100572829,0.2587142133480,0.4161355268695,0.2682712207567,-0.0871611056272,0.1313615766660,0.2342331328712,-0.0191659653658,-0.0064737724726,0.1510943275670,0.5739861205871,0.2757841328309,0.0341807235726,-0.0441189260075,0.0854273253208,0.1413581673955,0.3530422510366,0.3045489212839,0.5024987201464,0.3320132793579,0.3973294463527,0.1113013494984,0.1888552529153,0.3385764938071,0.3893773249502,0.1888406831324,0.1225197197030,0.0796750802361,0.0719689343193,0.1125891266555,0.4894015324761,0.5120720432787,0.2990781726467,0.2655119417254,0.2338845963534,0.0277490014186,-0.0160191033780,0.3490491385319,0.1850564219021,0.2233347707690,0.1609654438867,0.3969317586034,0.2684379611441,0.1459573613390,-0.2394680951327,-0.3071683529260,0.0837511306566,0.1599291673664,0.2078481901258,0.1235313207928,-0.0289705494884,0.2951899981685,-0.0229252225313,-0.1565524931337,-0.0953869233275,0.0805717677202,0.0448530713014,-0.0202258417364,-0.2192055018951,-0.0321325886429,0.0244868443590,-0.0156364849225,-0.2061920546438,0.1648859922521,-0.2936157694348,0.1777495878490,0.4995703827317,0.6163093667068,0.3122645383876,0.0791696122372
0.3599682325276,0.1399168033208,0.2151937992982,0.2463036252532,0.3752784739692,0.2829711706482,0.0658258138303,0.2321577116142,0.3517401684765,0.4591242768813,0.6097623387444,0.6004800540456,0.4928034728266,0.3322875857792,0.4415680936191,0.2838386344246,0.5245737704441,0.2655968184748,0.3691638493496,0.3564391586132,0.6834905928848,0.5788789701431,1.0000000000000,0.4255908884444,0.2503994699073,0.5094391613547,0.6439066425604,0.4096025406718,0.2536104866649,0.0685206727432,0.0909039946170,0.5273759710077,0.5493078326920,0.5031032884410,-0.0509113861918,0.1539571628452,0.2967328571508,0.1753617623457,-0.0747017459028,0.2601410607088,0.3322601995466,0.5221590905022,0.1023778637741,0.0474513457548,0.1625741331802,0.2938291628857,0.5222424246302,0.1542131820474,0.5370765227540,0.4427761851094,0.2832895662600,0.1142507535712,0.1237645888542,0.2179247378723,0.1176028306742,0.0249874511667,0.0772772419160,-0.1396819641041,0.1038618536068,0.2176445740355,0.1570949193511,0.4954926064697,0.3439693818650,0.0514660981359,0.1668587388149,0.0698914280603,0.1467090306261,0.2200788818041,0.1579608169354,0.3189308357231,0.2932065135823,0.6979000944901,0.4438732450887,0.4355998236061,-0.0231794024406,-0.0080560794933,0.5104242753144,0.1904241259364,0.1447756246237,0.2617560592770,0.1198111912630,0.4370552385892,-0.0385959922671,-0.0681608466153,0.0698375291704,0.3896962287570,0.2106430409341,0.1377594532764,-0.1548995659886,0.0186620018278,-0.0084375479169,0.2212385729327,-0.0764078903058,0.1958494818107,-0.1689225020970,0.0910234950530,0.2725987804750,0.2760572703489,0.1736811411458,0.2620748635157
0.3471295968652,0.0001494829616,0.1114825744331,0.3851117184803,0.3711908368209,0.5812788052796,0.4970405646257,0.6476640768102,0.6829978903963,0.6006436835287,0.5475356595696,0.5479518662119,0.5863307941586,0.4025670685811,0.5607023474156,0.5285475840231,0.5817440445667,0.6547762174212,0.6404337586096,0.6994431562163,0.4871258073301,0.2533282933005,0.4255908884444,1.0000000000000,0.2830829799799,0.3148166829139,0.5245282191492,0.2970049635742,0.0332284556573,0.1992317775561,0.2488715711561,0.3594405727361,0.4775840209293,0.1865591864773,0.0631262170945,0.6280312227064,0.4500802905357,0.3222763451934,0.1104415082030,0.1833348948076,0.3692059015561,0.5279963963461,0.0826618251897,-0.0608424746358,0.2946741596704,0.3827159352193,0.2900682071630,0.2392654367203,0.5077865227524,0.4793377117201,0.2766581635967,-0.1168669925865,0.1939431165970,0.4324749590383,0.4861338266053,0.4280397620362,0.2814611523991,0.3847141692229,0.6086273497039,0.6488824597367,0.2722310380019,0.4230079255120,0.4146776479362,0.3347991371048,0.2122678652969,0.1308805953753,0.2652865981792,0.5736806842597,0.4892391586561,0.6914635296743,0.1307327182580,0.4037131875139,0.8648200325085,0.5246970802839,-0.2251963031457,-0.1552932422323,0.3939768385306,0.0481330298584,-0.1045484897797,0.4816989801121,-0.0277193277733,0.3404289365155,-0.1226810378958,-0.1484708360611,0.0661785346184,0.0671406452873,0.4489347067463,0.3609002387629,-0.1649399757633,0.0858074627839,0.0981067336059,0.1427320543751,-0.2047979297387,0.1142192192989,-0.1878173572836,0.1590478155233,0.2229581402918,-0.0174457228743,0.2796308946341,0.2711455601539
