1.0000000000000,0.6108863730914,0.6260803576343,0.2931833565371,0.6684914690861,0.4878729762938,0.1812541543109,-0.0361801405596,-0.0133571971047,0.2584389287058,0.0797304578405,0.0272211681023,-0.0991200309989,0.7466935684711,0.2092300923830,0.0480047105951,-0.0962532317437,-0.1788291787541,-0.1207510060486,-0.0388003123692,0.1268450535665,0.1210653079627,0.0597048104285,-0.1428799313187,0.1829974750718,0.1176254952396,-0.1633856867243,0.1883630386362,0.2019650220805,0.4044583894589,-0.0234929569664,0.0912005364863,-0.0645348362507,0.0751310534242,-0.0131991798422,0.0179073969490,-0.0127305850295,0.0817650588770,-0.0574309612329,0.1843365778125,0.3830957839498,0.3301307592626,0.0521639586926,0.2252202999696,0.1172980349327,-0.0074066608276,0.0833620386574,0.1810217987159,0.4821958628525,0.1552053056190,0.6138046154680,0.6175992526705,0.2587654580203,0.4077052598786,0.4380606688232,0.2946963981157,-0.0510540096722,0.1154473873096,-0.0352193369869,0.0097668245779,-0.0165381075935,-0.0318143880863,-0.0812443323558,-0.1316826034874,0.5281080272286,0.0348612076740,-0.0747597922715,-0.2774144027237,-0.0615269896086,0.0260898285197,-0.1875238824012,-0.0163813724279,-0.2066320996803,0.2081050161204,-0.1864766941356,-0.1794583976200,-0.3012468170250,0.0322875810661,0.0923984337411,-0.1032308594651,-0.1923281778882,-0.1728303049942,0.0574391028680,-0.2212484633519,0.1057527855673,-0.0778639040265,-0.1486254988856,-0.0781774258938,-0.2006885275894,0.0432376066459,-0.0333482660920,-0.0079035792973,0.2956515348106,-0.1012258848768,-0.1689663708427,0.0628771838072,0.5052956862896,-0.0987236201894,-0.0253593812134,-0.1933706783204
0.6108863730914,1.0000000000000,0.5600568367448,0.4481425460041,0.4606259890557,0.4329228760550,0.3160300329526,0.1077863470579,0.1901890621518,0.3601406336415,0.0754614092134,0.0650326555725,-0.0143924498339,0.6856898726005,0.3350969142736,0.2765048360279,0.0744978733830,-0.1261472131900,0.0505118757204,0.1657664564845,0.2820422071300,0.2575899882970,0.1947007654262,-0.0345680388002,0.4669386208854,0.2167392617395,0.0235611130642,0.2865872816514,0.2755339144870,0.5987594433792,0.1183118769032,0.1531111331536,0.1277758378814,-0.0410770250991,0.1541199845236,0.1949584540608,0.1517212575243,0.2735687501227,0.0437510254658,0.2022673543518,0.4107196039134,0.2964717108344,0.2208506483580,0.5299522903738,0.2683840248125,0.0028017535737,0.1252746158865,0.1276312683189,0.5770846809030,0.1571832019722,0.3569688772253,0.6506238460175,0.2153280914393,0.2830255706228,0.3020254925115,0.3613358419793,-0.0313435908201,0.2247765112717,0.0581804821338,0.1946857622611,-0.0745947234295,-0.0129878876121,-0.1361580530773,-0.0969410200177,0.3181230810541,-0.1459467160649,0.0707388118407,-0.1763788217909,0.0577447578618,0.1893257390310,-0.2242137695373,-0.0361159147883,-0.1046948136047,0.3907527204578,-0.2105641616475,-0.2560847516796,-0.1003868470998,0.0483527132122,0.1912006047800,-0.0716808931528,-0.3128232647270,-0.0841701138990,0.0937223141783,-0.2071692066281,0.1820074548409,-0.2798890242385,-0.0541624493580,0.0250012514554,-0.2273476173061,0.2545672278191,0.1324876362333,0.0459744187894,0.5097105060354,-0.0722182763097,-0.1426527735143,0.0403874589088,0.3434641142635,-0.1397896572958,-0.1782909555575,-0.3553857705542
0.6260803576343,0.5600568367448,1.0000000000000,0.7190288968077,0.7278853278909,0.8085190486428,0.6008868697137,0.2004681561065,0.3957980228731,0.5062101357416,0.2603759558983,0.2649660304646,0.1669127174412,0.6034203663611,0.4684344860934,0.4914474803410,0.2965135754005,-0.0209301084816,0.2702010069403,0.3175728385089,0.4927324641955,0.1232224593388,0.2118778944544,0.2001853625314,0.3872354589150,0.4501570164747,0.2724520706182,0.3090991994682,0.0243843727399,0.2336665154974,0.3582043117787,0.4288257992322,0.4081266421230,0.1659581125052,0.1786586128123,0.3129589451637,0.2062095789333,0.4263207838648,0.1304528033869,0.2526331430327,0.3901171514433,0.4247039902702,0.4817138632478,0.3849002918736,0.3546807865888,0.2155737407314,0.2439294536194,0.3119826210970,0.3423609703318,0.4090036823553,0.5157995399460,0.8966448174257,0.6294513076651,0.8390114296217,0.6450256210928,0.6985208379412,0.0373460120011,0.2146838146975,0.2419017347291,0.3857615915130,0.0178923644291,0.1786323347148,-0.0000669297228,-0.0188289535969,0.4992832169003,0.0731191223241,0.2111785144857,-0.0396787007663,0.2888683801921,0.3348262492480,-0.1017391680698,-0.0263007832069,0.0998652391695,0.2943611337550,0.0058208982153,-0.2235649293174,0.0489101818523,-0.1005305448291,-0.2460328402522,0.1738259947952,-0.1237670161311,0.1689361590030,-0.2498331310836,-0.0774885864629,0.3128133452274,-0.1075490611297,0.0531850852773,0.1318590674062,-0.1603866134288,0.2316355492590,0.1017524795878,0.1007598987544,0.2778494276222,-0.0325268108726,-0.1378592946501,0.1501712075889,0.2162853905618,-0.3345330048640,-0.0880402554003,-0.2351221124749
0.2931833565371,0.4481425460041,0.7190288968077,1.0000000000000,0.5946908225837,0.7039209648194,0.8058664862200,0.3708640715517,0.5480885633510,0.4531502350951,0.5071780569057,0.4558475175594,0.4551698122627,0.3545431930811,0.5626572517713,0.7258474332271,0.5861233653387,0.1721458327089,0.5566531996007,0.5241147036262,0.5978983874528,0.1470769724163,0.3452684225383,0.5311267101728,0.3454036187639,0.5545213640836,0.5213060212061,0.4380287564213,-0.0604631390390,-0.0024741780143,0.5260795401669,0.4955771015974,0.5798676749886,0.0695399389655,0.3068141402311,0.4296367674188,0.2535990987203,0.4179840820239,0.2628976047231,0.2857327422186,0.3423758219464,0.3289271336779,0.6207258697914,0.3554076744877,0.4380183654263,0.2568383140742,0.3450092554525,0.4045050544464,0.2681340856900,0.5644339014788,0.2651442378322,0.6034998190591,0.7514539296668,0.6778914448065,0.5360545512050,0.8104426173581,0.2656814630726,0.2662593065194,0.3860418015912,0.4752100806867,-0.1085012440191,0.3278367783928,0.0842148638384,0.2118134253424,0.1999273878233,0.0236751178867,0.4358624731409,0.2982914309008,0.4555011075201,0.5144494094611,-0.0063862077244,0.0438293866704,0.4242298584384,0.2162985990463,0.1631336152020,-0.2499840463462,0.3110953738858,-0.0379454883010,-0.3635177352095,0.3810266433495,-0.0867425307141,0.3192394025468,-0.4360029480495,0.0556194287832,0.3484347567816,-0.1949769481293,0.1953206255097,0.2974024612696,-0.1201742910939,0.2234430668438,0.2161631828009,0.2059269956852,0.1059791609661,0.0205276581935,-0.0774204782189,0.2510175824510,-0.0210852845858,-0.3977529485573,-0.2123639334396,-0.1565257085289
0.6684914690861,0.4606259890557,0.7278853278909,0.5946908225837,1.0000000000000,0.8101783973953,0.4578300897909,0.0711729382413,0.2295480934063,0.4781973945362,0.3570245111588,0.2838624880859,0.1026787600917,0.5177619647431,0.3710586624506,0.3185650449892,0.2013267752355,-0.0256176263235,0.2026740808804,0.1114132254491,0.3399895943531,0.2634075311935,0.2154958061417,0.1647815049992,0.2263021309376,0.2610940421485,0.1666489064698,0.3238075853062,-0.0058388094006,0.0836038262022,0.2102768190767,0.2746387023420,0.2215459638444,0.1142511575026,0.0546837165137,0.2112336383812,0.1013741905815,0.1000632711020,0.0519251568633,0.2693405150881,0.3992688251971,0.3895785024207,0.2910107423658,0.1506971974012,0.1257008065859,0.2626950335760,0.2116129264219,0.3720321742713,0.4345318547619,0.3790004426030,0.6883487391958,0.6438105329568,0.5615272614906,0.6813128916639,0.7799625939960,0.6019007744070,-0.0153557384255,0.0591244275410,0.0871101353199,0.2059917861421,0.0811643437089,0.2522862833455,0.0193060019632,-0.0373141449854,0.4777778601651,0.0997179222664,0.1209718056931,-0.0474649581751,0.1914246004160,0.1480686321537,-0.1049286085741,0.1148831334310,0.0779023577838,0.2015301501296,-0.1128260747555,-0.2912883830873,-0.0435436368957,0.0638857284413,-0.2279884806237,0.0752506852279,-0.1038821978887,0.0900517757939,-0.1775087073258,-0.1557942052389,0.0552691167492,-0.0055761939570,-0.0157612362464,0.0186701498611,-0.2314135096284,-0.0408434955691,0.0713492686558,0.1920588562673,0.0822228662940,0.1143517453219,-0.0451632239728,0.2143156210126,0.3588825042929,-0.0861301725248,-0.0118148302570,-0.1138327222289
0.4878729762938,0.4329228760550,0.8085190486428,0.7039209648194,0.8101783973953,1.0000000000000,0.6420102020915,0.2097427230077,0.4177183351292,0.6207669724808,0.4856156519029,0.4055521816456,0.1989199302799,0.4664650626873,0.5508872955538,0.5015272097568,0.3457933252267,0.0959346980668,0.3152018428264,0.2335804979379,0.4053389556178,0.1898693075666,0.2214982165859,0.2818666009052,0.3555408164957,0.2780626222635,0.2575782624961,0.2594846444003,-0.0308791978894,0.0907272914258,0.3239322479480,0.2961836330386,0.3294475447220,0.0582688774613,0.2721869153652,0.3683335412781,0.3072952092353,0.2499567228823,0.2653423274422,0.2980609623109,0.3724476251328,0.4048595559645,0.4690147027255,0.2804770613943,0.2419033980619,0.1691284431388,0.1699666343145,0.5188149640228,0.4308981156093,0.4802763554844,0.4602645453854,0.6839524229713,0.6392650885743,0.7832320119747,0.8672284068814,0.7449802878795,0.0669739698183,0.1420352382107,0.2559223487758,0.3854655310745,0.1823716613740,0.3793328790017,0.0620057772433,0.0265693432075,0.4663579467444,0.1929106599735,0.2566581538030,0.0876941852301,0.3086512154908,0.2571488894860,-0.0751041516945,0.0589214418841,0.2139921570587,0.2683973382166,-0.0469511681889,-0.3604052146769,0.0656036227092,-0.0208079252487,-0.2703659290863,0.1756581441762,-0.1713952572727,0.1854995879544,-0.2223299199068,0.0172299254143,0.1848524623340,-0.1523472072661,0.1575226997977,0.2398766048254,-0.0741894006764,0.1109738218498,0.2960446359653,0.2224686184501,0.1778290762385,-0.0023431054645,-0.0947845379817,0.4073580623917,0.2890820748418,-0.2264230295058,0.0156829535385,-0.0678576574138
0.1812541543109,0.3160300329526,0.6008868697137,0.8058664862200,0.4578300897909,0.6420102020915,1.0000000000000,0.3518440254372,0.4437163388444,0.3100695530021,0.4389838486857,0.3648557285252,0.3623796258271,0.2213453722688,0.4624019610937,0.6993977248870,0.5163090183420,0.3565137864168,0.4521448813614,0.4768958001003,0.4672692667637,0.0061111083697,0.2577144524477,0.6146540045949,0.2987707271619,0.4715994895753,0.4852868522834,0.1889773230003,-0.0980122721696,-0.0162789858757,0.5415600532259,0.3529404836006,0.4546973447415,-0.0157492659422,0.4845754273755,0.3960130704024,0.4854176293232,0.4255399527045,0.3620586200815,0.1468674929885,0.1893664322209,0.2548294824033,0.5775440160550,0.3215349843253,0.4462845168613,0.0900351031975,0.1235498601361,0.3968007166533,0.1907467664037,0.5076785543394,0.2128615163832,0.5039093984350,0.7303021578608,0.6617959319528,0.5247266597723,0.8389891320631,0.2730803986229,0.1649908331189,0.3417672204470,0.3950943073365,-0.0616666765538,0.3350791033984,0.0289979884824,0.1681923890138,0.2184818816923,0.2054295306662,0.5826228778743,0.3722574017184,0.4179345496804,0.3746387398025,0.0463335751705,0.0729577290707,0.4711569640700,0.2643243730300,0.2490856486934,-0.0566329367416,0.3670281496161,-0.1538603468844,-0.2758707753445,0.5370472684341,-0.0722653790511,0.3358013704502,-0.3626034972173,0.2879492208058,0.4013482249351,-0.1876968248546,0.4231135758720,0.5444039816609,0.1692678371662,0.2740625182521,0.3056285036621,0.0712536970213,0.1668671123643,-0.0910431741443,-0.0827036986682,0.3205724901485,-0.0199511773653,-0.2532623501369,0.0071143617416,0.0815827447495
-0.0361801405596,0.1077863470579,0.2004681561065,0.3708640715517,0.0711729382413,0.2097427230077,0.3518440254372,1.0000000000000,0.6049090918764,0.3438694918973,0.5101204523776,0.5842743868671,0.5049697463659,0.0885219353391,0.0606939285420,0.4530195642074,0.6181420923677,0.5435852348982,0.3501167332883,0.8172842988204,0.5276959020072,0.1844844788198,0.4255684515858,0.4850222382755,0.3664182561346,0.4733414189771,0.4371492482772,0.3331994408622,0.1259179742840,0.0815820931121,0.3537903471871,0.2989255723210,0.5100226156160,-0.3212999370327,0.1532167639629,-0.1003993389957,0.0887264890958,0.3111133505876,0.0128503737033,0.0303019082692,0.1388295037961,0.1282190759165,0.2505037176332,0.2408356081203,0.5249735232899,0.1470304614762,0.2736780294610,0.0020315052264,-0.0420516427698,0.3477779488677,-0.1368407513205,0.1846035518534,0.2775657935782,0.2124035183035,0.0357056743610,0.2093814827339,0.6615658856237,0.7134067582319,0.7909720162064,0.5176227224976,0.0539434366582,0.4819566163245,0.2692246683686,0.3688434790713,-0.0694291137283,-0.1960872453282,0.1870058156030,0.4966912444974,0.2770384669384,0.7659927262196,0.2178180885089,0.2429129606793,0.5565218811203,0.3849404156316,0.3507859210560,0.0240287760143,0.3273811327546,0.0195173293730,-0.0927292709317,0.3949354667918,-0.0422608961375,0.3685143624116,-0.2455517331160,0.0133869546250,0.5261374911807,-0.3613725252827,0.1936859059343,0.2361115150426,-0.1592995960896,0.4343278654633,0.0206546158112,0.0281651951535,0.0516309759194,0.0170127468413,0.0880906302154,-0.0337459628653,-0.3060805603618,-0.3293139599694,-0.2153198239268,-0.0276951012641
-0.0133571971047,0.1901890621518,0.3957980228731,0.5480885633510,0.2295480934063,0.4177183351292,0.4437163388444,0.6049090918764,1.0000000000000,0.4985844349752,0.4521254035655,0.4632149997249,0.3800828624776,0.1394330490341,0.2892617402550,0.6551759529639,0.5814418069060,0.3455035209385,0.7282645154030,0.5432779665230,0.5810301341271,0.2052694264278,0.3257527089563,0.5199800325595,0.6737362715395,0.3373216490917,0.5706692595315,0.2583634643408,-0.1010078604877,-0.0488454604146,0.5259121598175,0.3261755456392,0.5268571004873,-0.0467409260548,0.1787157906975,0.5540176664085,0.3460127500747,0.2196545377937,0.1055922971450,0.1066960828109,0.1938721767338,0.2091503659937,0.4674600102862,0.1962153921633,0.2013239179882,0.2405315852947,0.2944184749605,0.0852298490050,0.0793567073122,0.4403234318120,-0.0660295544189,0.3518866469131,0.3462075688754,0.4017644358692,0.2556679805432,0.4316212156689,0.3409608286305,0.4987446890134,0.7221140131227,0.9227017418996,0.0879970614251,0.4521293111472,0.1768218740203,0.2201098781588,0.0017803650663,-0.0266223600435,0.4148111307618,0.3929979161714,0.7714304374533,0.7129488147939,0.1319627091374,0.0882454820499,0.5940373740056,0.5058707971836,0.3377343313669,-0.3326217010487,0.3923117055604,-0.0642083937667,-0.3517003701537,0.4130235050558,-0.0244971520117,0.3734314882738,-0.3077056615632,0.0612818850767,0.2795639899935,-0.1714473912703,0.2859754144163,0.2735944863018,-0.1537611928407,0.2594196046026,0.1545355837133,0.1385970558616,0.0023412006862,-0.0168982014470,0.0675822327755,0.0453208339193,-0.2300176335247,-0.2964068334370,-0.2322677139367,-0.0419629993491
0.2584389287058,0.3601406336415,0.5062101357416,0.4531502350951,0.4781973945362,0.6207669724808,0.3100695530021,0.3438694918973,0.4985844349752,1.0000000000000,0.4606466559302,0.6015097769478,0.2920061501910,0.4364030755215,0.2661141301424,0.3848539447597,0.4652235750426,0.1448256920321,0.3299251560589,0.2926822456607,0.6373557569370,0.4838861863372,0.4877909082690,0.2655966656377,0.4792420238587,0.3214009792785,0.3315632781279,0.2670975620013,0.0208294052759,0.1852830476415,0.2901109841421,0.3702206504844,0.4049967693687,0.0356195174284,-0.0426538901561,0.2472145907016,0.2369260822507,0.0768256612255,-0.0802070354392,0.0985027466105,0.2624439368669,0.3574303735758,0.2296542157826,0.2114287649228,0.0889781965605,0.3389243138258,0.2718304972415,0.1015270046117,0.3149327290547,0.4721420897539,0.2440681861686,0.4722955023346,0.3572700674164,0.4939007621783,0.5190102680608,0.3740013936799,0.1663595511743,0.2878800670064,0.3443738220380,0.4838242959569,0.5896196431094,0.5462214323110,0.3757890971262,0.1160602242075,0.4207424259959,0.0915915473102,0.1987777223467,0.1068075277084,0.3725414313782,0.3572126293008,0.2578483621360,0.4036192825627,0.2939656056273,0.4893611793490,0.0013369673026,-0.2562073492804,0.1516457343641,-0.0066983515131,-0.1560535779392,0.1814893857804,0.1202488659211,0.3575525742781,-0.1409876889372,-0.2329165605124,0.0914822749699,-0.0334017480448,0.1026483278661,0.0355260125223,-0.3263074067996,0.0941184870793,0.0179862394627,0.0651951249745,0.1663808631409,0.0749255089630,0.1920555122087,0.0701467946366,0.1832275157712,-0.1414546432972,-0.1137021013537,-0.0065388966752
0.0797304578405,0.0754614092134,0.2603759558983,0.5071780569057,0.3570245111588,0.4856156519029,0.4389838486857,0.5101204523776,0.4521254035655,0.4606466559302,1.0000000000000,0.7753031849740,0.4846006088091,0.0866227475436,0.2641002815260,0.4436617983383,0.5391478749596,0.4236870203201,0.3715538926745,0.4179216167198,0.4512900738505,0.1852821485914,0.5368772248021,0.4693540766118,0.2513980248883,0.3347110397389,0.4109908031842,0.2824092770243,0.0488769655939,-0.0857524320887,0.2365714379099,0.1969766492204,0.3796384212740,-0.2299303745963,0.1646125196571,0.1638648026691,0.1654689365853,0.0340599033918,0.1496099881554,0.2273123702648,0.1767801523590,0.2610059254799,0.2742168042696,0.1712212139968,0.2737198209754,0.1402785688487,0.1993810921247,0.2886434250232,0.1236488390456,0.4798304725925,0.0375154180275,0.2001213038977,0.4690221227511,0.3477501006209,0.3655043677751,0.4510975944125,0.4036098085241,0.2920799999809,0.4546688557543,0.3293353008541,0.1560794478198,0.7338792681277,0.3197582177688,0.3332711531442,0.0926117499489,0.0066171195068,0.2405023734991,0.4055890813214,0.2492717763289,0.3740451072998,0.1802642494807,0.3113319435073,0.5263606952515,0.2563919073009,0.1171110780732,-0.1331455865522,0.3042581494493,0.0742447013196,-0.1369285189049,0.3041244806120,-0.1366274362510,0.3032045210045,-0.3469868717323,0.0305298796785,0.1697328845679,-0.2639889114187,0.2278786428443,0.2045190276381,-0.0813071916727,0.0403894456172,0.1815234821550,0.1916517619285,-0.0115648808042,0.0078714867351,-0.0077484185537,0.2235198582620,-0.0779477199253,-0.2417289252984,-0.0460761885758,0.1144231582442
0.0272211681023,0.0650326555725,0.2649660304646,0.4558475175594,0.2838624880859,0.4055521816456,0.3648557285252,0.5842743868671,0.4632149997249,0.6015097769478,0.7753031849740,1.0000000000000,0.6455846608023,0.1193690012292,0.0902480181306,0.4751018299092,0.7049160931683,0.4699393092789,0.4098997754874,0.5331358084715,0.6691495047634,0.2909574997400,0.7446793846534,0.5173923344062,0.2582132297563,0.5633930792252,0.5698341062608,0.3047518376327,0.0109614307106,-0.1058490195778,0.3288563262967,0.3975552400822,0.5952488903748,-0.1663259162607,-0.0065632097936,0.0743835312264,0.0718186375383,0.0650942890110,-0.0911831226664,0.0980366542309,0.0194764546070,0.2326894204249,0.2361065030296,0.1691514890789,0.2911743042664,0.2589697164705,0.2547295145935,0.0758154871326,0.0005517228213,0.4927501774151,0.0306357752662,0.1954572010813,0.4273557975260,0.3360820389177,0.2789612364106,0.3413218712034,0.4511191395637,0.3346185242834,0.4941070341317,0.3567731538868,0.2782436622787,0.7251039372884,0.5413407002231,0.4973618813963,0.1391028381818,-0.0687156639006,0.2474042876347,0.4658330182011,0.2826160493085,0.4312613567852,0.3485739001830,0.5195255926619,0.5128112075056,0.3014984713442,0.1832038889123,0.0926163330669,0.4280073723032,-0.0010393458595,-0.1826544149453,0.3777910692683,0.1174047381705,0.5114931157349,-0.3815366153633,-0.1062318353526,0.2318323892331,-0.0701796240421,0.1455308389754,0.0876666961470,-0.2857608872603,0.0696598142721,-0.0540640750305,0.1266467329096,0.0029266014156,0.0221985954890,0.1368840733446,0.0279816465508,-0.1598350627558,-0.3298050972502,-0.1233118368689,0.0614179089275
-0.0991200309989,-0.0143924498339,0.1669127174412,0.4551698122627,0.1026787600917,0.1989199302799,0.3623796258271,0.5049697463659,0.3800828624776,0.2920061501910,0.4846006088091,0.6455846608023,1.0000000000000,0.0010635586065,0.1074149974312,0.3958626275356,0.6701219180718,0.2588512044679,0.3179096933005,0.4695978536973,0.4735263951885,0.1342901396648,0.3768302462998,0.4209824305415,0.1417262826172,0.4731496470207,0.5104628338703,0.2464252813654,-0.1247856463154,-0.2203435884770,0.3179836888633,0.3856712202381,0.5852727951077,-0.0385548913487,0.0255192646291,0.0462767535237,0.1346806095953,0.2326578280977,0.0012644641306,0.0273625382602,-0.1023508234064,0.1308989855679,0.2650364730249,0.0853375789340,0.3138138637947,0.1606353928442,0.3330991699722,0.0041797444950,-0.2012289466725,0.4137785708937,-0.0907256623971,0.0708555134434,0.3730758019951,0.2097470264442,0.0596908550238,0.2689527647357,0.6704657723298,0.3702523071064,0.4175395851564,0.3284086385138,0.0568304120330,0.4533921348734,0.6427192626281,0.8817007012912,-0.0842599598226,-0.0247437109870,0.1939798174607,0.4819901420634,0.2415393237062,0.4161417648845,0.2761489597579,0.1983657611566,0.4157665892176,0.1201583813015,0.3429270636091,0.0717410583779,0.4213862837623,-0.0475701932236,-0.2609366412884,0.2808501525896,0.1755063281170,0.4829618432454,-0.4082891151769,0.0251483163542,0.3478937986845,0.0126625377848,0.2036881850317,0.1241594950918,-0.1011766514977,0.2295454721796,-0.0477335627397,0.0979637602196,-0.0917500467099,0.0407388095403,0.2049355794073,0.0194401861607,-0.3111701470495,-0.4395712448889,-0.1150309357447,0.0951135677221
0.7466935684711,0.6856898726005,0.6034203663611,0.3545431930811,0.5177619647431,0.4664650626873,0.2213453722688,0.0885219353391,0.1394330490341,0.4364030755215,0.0866227475436,0.1193690012292,0.0010635586065,1.0000000000000,0.2408555090244,0.2436505606221,0.0592847338379,-0.1129031961635,-0.0342671913704,0.1206384158063,0.3429661352521,0.1817706035846,0.1961364863968,-0.0790512400996,0.3338181953383,0.2088399369504,-0.0751219072302,0.3196891008858,0.2839659934206,0.5729328926982,0.1678818668364,0.2930077107880,0.1172981841015,0.0661835412802,0.0433747398409,0.0724348329578,0.0452987594202,0.2575209811081,-0.0549760759603,0.1405563080394,0.3936179798891,0.4149666050946,0.1769164342634,0.3373895841992,0.2387180463876,0.0555354507067,0.2110473885799,0.1437931481070,0.5078892167172,0.2471037010496,0.4449828732327,0.6140765351284,0.2366456202228,0.3842425176436,0.3595048686356,0.2805193494506,-0.0588527275195,0.1780756373944,0.0908642933120,0.1494082250698,0.0391402435011,0.0315693130435,-0.0318141122762,-0.0925511227977,0.5219120983658,-0.0483667276625,0.0392489990051,-0.2333607249449,0.0353120710825,0.1299622007311,-0.1329284080733,-0.0325579307466,-0.1951320297667,0.3014373661611,-0.1622449705618,-0.2235887853709,-0.2924864995608,0.0802808813497,0.1284164510313,-0.0041150632307,-0.1110054288362,-0.0712282275285,0.0609279046369,-0.2352076035131,0.1807480839442,-0.1458658930875,-0.2135189585401,-0.0503345431032,-0.3564569170675,0.1473228989545,-0.0310585607655,-0.0437807178196,0.3223713935168,-0.0438464074267,-0.1514398403247,0.0319720915482,0.4084636535902,-0.1702560279053,-0.2016523236654,-0.3186464058842
0.2092300923830,0.3350969142736,0.4684344860934,0.5626572517713,0.3710586624506,0.5508872955538,0.4624019610937,0.0606939285420,0.2892617402550,0.2661141301424,0.2641002815260,0.0902480181306,0.1074149974312,0.2408555090244,1.0000000000000,0.3339966806842,0.1955132125366,-0.0459708828159,0.2423224205897,0.1181479554421,0.1608829387845,-0.0557415775608,-0.1000604865009,0.1047700006194,0.2365130588238,0.1684977309809,0.1376329633930,0.2101257279029,0.0418553034477,0.1345143509491,0.2492975193537,0.0861518986228,0.1784636559113,0.1652706392685,0.5688763164588,0.4189389710569,0.3288457716003,0.4029176401189,0.6032686808342,0.4375006310104,0.5182196056211,0.4555515409865,0.6514453086518,0.4733005796277,0.4128934492934,0.1187754179386,0.2934144752896,0.5781830583183,0.4167464279905,0.5556051980362,0.0866973231103,0.3775836485147,0.3218618147805,0.4210457138817,0.4517518349609,0.5149610390779,-0.1078836470869,0.0271170804738,0.1080121966066,0.2663990318921,-0.1911490290432,0.0837204199459,-0.1321523950038,-0.0593894463758,0.1013950825129,0.2030664822903,0.1571886831007,-0.0140397100473,0.2234542200589,0.1479468047442,-0.3089541369835,-0.3453100737487,0.0690154507011,0.0408815646271,-0.1461643563799,-0.4029224818192,0.0765146960529,0.0566590893780,-0.1585121684962,-0.0423640276464,-0.3125411276404,-0.0659401884326,-0.1072110076331,0.1612789719323,0.2052151256525,-0.2515721413983,0.1874241301116,0.3560828773454,0.3005497497391,0.1954181395566,0.4911451650016,0.3552155199971,0.2985702361408,0.0394768488846,-0.1114063906943,0.4869364904880,0.1950123903679,-0.1173544686211,0.2293134019698,-0.0656370136071
0.0480047105951,0.2765048360279,0.4914474803410,0.7258474332271,0.3185650449892,0.5015272097568,0.6993977248870,0.4530195642074,0.6551759529639,0.3848539447597,0.4436617983383,0.4751018299092,0.3958626275356,0.2436505606221,0.3339966806842,1.0000000000000,0.6994463082195,0.5392821238880,0.6895622961952,0.5884996307842,0.6340760508967,0.0653879354859,0.4023967881782,0.6461498694263,0.4369445545252,0.4555649742873,0.6076442006115,0.2350210286491,-0.1210999206481,0.0119643902918,0.8332522072076,0.5557385588712,0.6845653491499,0.0035588894703,0.4202118361951,0.5648478356954,0.3459470708389,0.4571185139355,0.2709777571921,0.0779432094139,0.0828607740879,0.2306284209868,0.6781594466338,0.2701271541787,0.4080117889504,0.1652176591505,0.2386578708152,0.3126560160311,0.1524033342591,0.4398913932766,0.0161164263291,0.3965931782338,0.5693576579396,0.5017779240754,0.3883246806334,0.6392736997715,0.1912362209299,0.2473929935163,0.5418053098839,0.5823142555490,-0.0392857968889,0.3983417022282,0.0556820476813,0.2022727436527,0.0726647940122,0.0430284415856,0.7649816832565,0.4640194566823,0.6185887651226,0.4931199299007,0.0505596368656,0.0594237638541,0.5043487183380,0.2783504086988,0.2920009125899,-0.2200540689555,0.3822487978205,-0.1408180433838,-0.3171744167122,0.6933075408730,-0.0152743131847,0.4658196964300,-0.3283780826212,0.2737681611472,0.3866933313899,-0.1856115098940,0.2161137122356,0.4418406643946,-0.1299807657235,0.2072102382240,0.2230263617998,0.0407796136784,-0.0066417492196,-0.1519405814990,-0.1361948329003,0.2221145151245,-0.1277182822653,-0.3984473687108,-0.2770455810443,-0.1589372401561
-0.0962532317437,0.0744978733830,0.2965135754005,0.5861233653387,0.2013267752355,0.3457933252267,0.5163090183420,0.6181420923677,0.5814418069060,0.4652235750426,0.5391478749596,0.7049160931683,0.6701219180718,0.0592847338379,0.1955132125366,0.6994463082195,1.0000000000000,0.6212475719523,0.5655620813436,0.6480214245241,0.7735405699852,0.1887573535100,0.5135269138517,0.6239601573919,0.3235470300460,0.5771611845068,0.7311549004823,0.1733852329715,-0.2258439992223,-0.2164046515117,0.6578384992322,0.5640372002823,0.8275198566702,-0.0684110455527,0.1730624960381,0.2633541561462,0.2753030008212,0.3820750493574,0.1113287058022,0.0279968761423,-0.0838119069471,0.1434640390304,0.4810659470107,0.1662550869575,0.3564695356837,0.2124646319976,0.2701434893062,0.0938544648839,-0.1281890119232,0.4595860680130,-0.0660095430762,0.2082249696603,0.4678341876501,0.3443157641342,0.1872419700414,0.4395655687915,0.4043751932723,0.3370756126328,0.6036174267770,0.5058975463707,0.1324427844357,0.5469650796267,0.3914049806898,0.4668352168751,-0.0088339272836,-0.0587784688812,0.4387501682132,0.6916063986963,0.4558388170710,0.5380161766898,0.3350164747669,0.2624481214306,0.5636578128454,0.2546622434874,0.3660676117963,-0.0189193152178,0.5709882507007,-0.2041495114461,-0.3900710202638,0.6144775066136,0.1743522660568,0.6446989238037,-0.4459880147313,0.0856425537970,0.3537202294605,-0.0700680207448,0.2446833912744,0.2144621740384,-0.1650554999806,0.2741745992143,0.0574419278336,0.0296649333769,-0.0709910687415,-0.0505340749196,0.0784172727466,0.0158682967881,-0.3251564899068,-0.4425827771614,-0.2005923709293,-0.0427142007962
-0.1788291787541,-0.1261472131900,-0.0209301084816,0.1721458327089,-0.0256176263235,0.0959346980668,0.3565137864168,0.5435852348982,0.3455035209385,0.1448256920321,0.4236870203201,0.4699393092789,0.2588512044679,-0.1129031961635,-0.0459708828159,0.5392821238880,0.6212475719523,1.0000000000000,0.3950005671066,0.5050138187002,0.3239317871746,-0.0448442441668,0.2925952809627,0.6350038115534,0.0769817830020,0.2292597686798,0.4851000374405,-0.0724276112233,-0.1380528546847,-0.2097872209374,0.4735456602915,0.1797013920050,0.3838113345942,-0.2115314138057,0.2988429378978,0.1118609677719,0.3044199331870,0.1424839454981,0.1725339460818,-0.1267507183887,-0.1998846726075,-0.0676820546883,0.2413131737571,-0.0644001169559,0.1775058635383,-0.0097335637715,-0.0924547769710,0.1221309142463,-0.1401106904471,0.1598710033210,-0.1838212854226,-0.0793613021029,0.2518054899558,0.1393451816540,0.0782988077853,0.1919120506837,0.2455287792575,0.2071514178811,0.5211313478175,0.2388574756057,0.1073584329236,0.4893058646692,0.1102781226574,0.1570306974902,-0.0707531942323,0.0283755628558,0.5162204822992,0.6563559624442,0.3038743118892,0.2763851811941,0.2867802186351,0.2355864344718,0.5916014879140,0.1645033614213,0.2433029657542,0.1333446802928,0.4457953629888,-0.1593287236798,-0.1638861747969,0.6865978137370,0.0778826038731,0.4359043711406,-0.2520035069570,0.2490071823645,0.1944918460327,-0.1261213202253,0.3824333172892,0.4003193627062,0.0464664573103,0.0918219063732,0.1617317254678,-0.1110587684219,-0.1955088940484,-0.1759146506763,-0.0506943033933,0.1009202969981,-0.2417634785726,-0.1054982774508,-0.0463521709283,0.1356525131212
-0.1207510060486,0.0505118757204,0.2702010069403,0.5566531996007,0.2026740808804,0.3152018428264,0.4521448813614,0.3501167332883,0.7282645154030,0.3299251560589,0.3715538926745,0.4098997754874,0.3179096933005,-0.0342671913704,0.2423224205897,0.6895622961952,0.5655620813436,0.3950005671066,1.0000000000000,0.4232332565729,0.4519734627395,0.0474628389520,0.2619184271357,0.6455475761976,0.2937744318648,0.3507092153202,0.6548925854286,0.2258487503194,-0.2920467562334,-0.3520906764937,0.5893483354190,0.3161669296520,0.4936238745561,0.1319469557841,0.1838255973239,0.6837166813402,0.2500363548288,0.0566026757205,0.1234059271646,0.0783864620830,0.1424268269319,0.1471032715086,0.5108169726213,-0.0556873603120,0.0582889386581,0.2785269191824,0.2192332826342,0.1879606541179,-0.0248635965426,0.4071036901824,0.0443674489128,0.1678210846148,0.3777896558172,0.3563472965105,0.2314985339237,0.4431689279583,0.0924108511249,0.1522107072634,0.4282614437971,0.6651018251341,-0.0603168110168,0.3740773774994,0.1385626690239,0.1571481372168,-0.1189795129956,0.0294785443166,0.6554341206777,0.4650366411604,0.8483892519646,0.4602506918574,0.0695805697174,0.1257992062490,0.6418530120338,0.1921745259118,0.2893070322790,-0.2905830433395,0.4922090655536,-0.0198898814182,-0.5102955344190,0.5062765258477,0.0698148303972,0.3799925774364,-0.3955488947445,0.2343261858462,0.0298947684007,0.0757573664882,0.3408310378447,0.3280741735762,-0.0597225189028,-0.0902642251213,0.1119721789060,0.1849535056195,-0.2873896416446,0.0703441274057,0.0723420244864,0.1323671036381,-0.2286457070752,-0.1428124294801,-0.1305902535423,-0.0155512125994
-0.0388003123692,0.1657664564845,0.3175728385089,0.5241147036262,0.1114132254491,0.2335804979379,0.4768958001003,0.8172842988204,0.5432779665230,0.2926822456607,0.4179216167198,0.5331358084715,0.4695978536973,0.1206384158063,0.1181479554421,0.5884996307842,0.6480214245241,0.5050138187002,0.4232332565729,1.0000000000000,0.6280171786023,0.1021265528761,0.4937908554182,0.6362769020243,0.3789775758198,0.6448752354754,0.6323989026880,0.3201915859993,0.0500752615410,0.0421338819262,0.5509166982831,0.4866394416793,0.6463556979329,-0.2302217942099,0.1893837798972,0.0117230259686,0.1097292561503,0.5075281762255,0.0445311148341,0.0112328147984,0.1440438502268,0.1949913725479,0.4588741689898,0.3604125689395,0.6237518488731,0.2344989264747,0.3008134632744,0.0428720601064,-0.0872333072858,0.3916438665789,-0.1374207675552,0.2423762654416,0.3825157926972,0.3112580883246,0.0756838611391,0.3614648674276,0.5272432231808,0.5623935264629,0.6561816053904,0.4511795961655,-0.0720115544815,0.3757460647570,0.1284048722472,0.2846847690076,-0.1195817374419,-0.2604130824193,0.3247746471016,0.4367462347260,0.3061365633270,0.7884049535352,0.1441629219590,0.2272623297856,0.5504515681205,0.3662302731927,0.4081343301669,0.1072852867372,0.4226112493509,-0.0856607436295,-0.2360449937039,0.5122315692083,-0.0305495451175,0.4274834723116,-0.4179629822382,0.0621565985957,0.5659188329056,-0.3281488617647,0.1903516804369,0.2490047425585,-0.2003313846281,0.4453981662045,-0.0297013513378,-0.0347164351566,0.0643156891757,-0.0359095874528,-0.0079963288327,-0.0575847042482,-0.3845231273649,-0.3927106027437,-0.2098309830838,-0.1003039567299
0.1268450535665,0.2820422071300,0.4927324641955,0.5978983874528,0.3399895943531,0.4053389556178,0.4672692667637,0.5276959020072,0.5810301341271,0.6373557569370,0.4512900738505,0.6691495047634,0.4735263951885,0.3429661352521,0.1608829387845,0.6340760508967,0.7735405699852,0.3239317871746,0.4519734627395,0.6280171786023,1.0000000000000,0.3449887518837,0.6654492871745,0.5090719755222,0.4787864961501,0.7017370062128,0.6482474629420,0.2965309979007,-0.0568495021223,0.0772752807432,0.6219459862442,0.6866239771122,0.7769426367588,-0.0139669712913,-0.0105258410130,0.2388107049352,0.1584735938650,0.3908959687463,-0.1620480895479,0.0239732549286,0.0643887578408,0.2671384340232,0.4329682868246,0.3207288167087,0.3624607295733,0.3554002258130,0.3745499670207,-0.0578370692089,0.0428452561192,0.5009651054734,0.1166860813190,0.4389521090906,0.4236811199564,0.4478189924238,0.2289759786718,0.4293648718843,0.3233832792318,0.3261946317768,0.4979526123182,0.5167123882908,0.2010338509159,0.4583836441065,0.3396052149709,0.2975467021074,0.2017944890551,-0.1050417298815,0.3098441710259,0.3716641668358,0.4066469252799,0.5752093953431,0.3663233766342,0.3746582414144,0.4085935715909,0.4168048731161,0.3417669594778,0.0123362377770,0.3889542541755,-0.2008666631470,-0.2792093391656,0.4964272280049,0.2154985895602,0.5809337084962,-0.3765100548467,-0.1545333182870,0.3695276803823,-0.0279542538513,0.0357889061457,0.0351502415219,-0.3974134478003,0.2935101572933,-0.1737095767086,-0.0374169428684,0.1383266871029,-0.0313912353953,0.1007862998864,-0.1657631065825,-0.2036148880971,-0.4326964775885,-0.2875202781377,-0.1228579970469
0.1210653079627,0.2575899882970,0.1232224593388,0.1470769724163,0.2634075311935,0.1898693075666,0.0061111083697,0.1844844788198,0.2052694264278,0.4838861863372,0.1852821485914,0.2909574997400,0.1342901396648,0.1817706035846,-0.0557415775608,0.0653879354859,0.1887573535100,-0.0448442441668,0.0474628389520,0.1021265528761,0.3449887518837,1.0000000000000,0.3854928625256,0.0222887547605,0.2635710764628,0.0801186362595,0.1221285092670,0.2867823073177,0.0904652961137,0.2041597896138,0.0394460648744,0.1537237654533,0.1368636227445,-0.1202172357170,-0.1557398497704,-0.0269550272037,-0.0712129604010,-0.0140071683606,-0.1577271034217,0.0900028630852,0.2335875787876,0.1572354435896,-0.0831370213529,0.0953539099282,0.0494402500254,0.3891320587404,0.2019993443296,-0.0532122887842,0.2886559830731,0.1089731332539,0.0736588933727,0.1704416901222,0.0721163211427,0.0477158986385,0.1563767536860,0.0374028593122,0.1471015830760,0.2630922834853,0.2115141730053,0.1926739175068,0.4062585680783,0.2777106933731,0.1738877638845,0.0859850034637,0.0660565307411,-0.1904212396932,-0.1234276751805,0.0590677101620,0.0551603213481,0.2304125901503,0.2373770806573,0.5226839538381,0.0505476408635,0.2435465781683,-0.0233027421685,-0.1385918344719,0.0513542695412,-0.0331717701379,0.0236556818416,-0.0018098716939,0.0868899625647,0.1521352594203,0.0425896913725,-0.3229349627291,0.0225326844609,-0.1383925939881,-0.1263326377739,-0.2266125207649,-0.3940882484755,0.0540909612222,-0.0812227793846,-0.0135498269762,0.0316525004021,0.1213885812644,0.1431300913446,-0.0958610253039,0.1079073076563,0.0878501201935,-0.1668038561810,-0.1585221037303
0.0597048104285,0.1947007654262,0.2118778944544,0.3452684225383,0.2154958061417,0.2214982165859,0.2577144524477,0.4255684515858,0.3257527089563,0.4877909082690,0.5368772248021,0.7446793846534,0.3768302462998,0.1961364863968,-0.1000604865009,0.4023967881782,0.5135269138517,0.2925952809627,0.2619184271357,0.4937908554182,0.6654492871745,0.3854928625256,1.0000000000000,0.4106320412504,0.2839292372912,0.6376771673242,0.5119488113521,0.2641295512143,0.1217403346430,0.0932788671185,0.3416513728298,0.5347924513215,0.5255172927235,-0.1722348792220,-0.2059747997013,-0.0191613406624,-0.0905737759905,0.0932988933362,-0.2891637609030,0.0082329670981,0.0036044827009,0.2893871092355,0.1402241638913,0.2963894346878,0.2826486209004,0.3814323899208,0.3551353935860,-0.1731706516235,-0.0183245795954,0.3723768635363,0.0689456654427,0.2379626973058,0.3144530263430,0.2268771781895,0.1157374403613,0.2394060948436,0.3290725488672,0.2705966279513,0.3604794564890,0.2553986285284,0.2349110355935,0.5287222093888,0.3921842902137,0.2661312292545,0.1338778881761,-0.2460600827309,0.1782927671949,0.2531103293333,0.1731686725433,0.4013315962154,0.2678830450231,0.6536402485668,0.3566849943844,0.3726055199888,0.2187624764038,0.2420534419162,0.3310471406683,-0.0626486851012,-0.0407599871663,0.3337309261219,0.1966126450639,0.4582338059471,-0.3476740602644,-0.2390632840664,0.2296866913841,-0.0668539504583,-0.0797691510077,-0.1175650903943,-0.4428085614775,0.0923620176503,-0.2890409521681,-0.0778451883101,0.1212198920161,-0.0227725165840,0.1968855203037,-0.2439505685399,-0.2202789709087,-0.2902579897699,-0.2163908997523,-0.0158066655577
-0.1428799313187,-0.0345680388002,0.2001853625314,0.5311267101728,0.1647815049992,0.2818666009052,0.6146540045949,0.4850222382755,0.5199800325595,0.2655966656377,0.4693540766118,0.5173923344062,0.4209824305415,-0.0790512400996,0.1047700006194,0.6461498694263,0.6239601573919,0.6350038115534,0.6455475761976,0.6362769020243,0.5090719755222,0.0222887547605,0.4106320412504,1.0000000000000,0.1382978138050,0.5268270965876,0.7179780553554,0.1407747434055,-0.2289411899974,-0.3344734837295,0.5381853517602,0.3602793460582,0.4736603536650,-0.1168375540845,0.1943893115363,0.3022133011056,0.3533712549292,0.1880526799636,0.0936539802840,-0.0813468898636,-0.0533600659817,-0.0084623755424,0.4280412365118,-0.0075356098389,0.2234772941107,0.1719278476505,0.0564156798871,0.1537876644825,-0.1444729094000,0.3698491964671,-0.0396463122082,0.0768063824681,0.4780061000195,0.3694842573542,0.2450074391049,0.5023236220921,0.3972447407617,0.1599012154112,0.4666252939724,0.4126811178674,0.0318217633347,0.4812525517555,0.1879352544448,0.2664283289252,-0.0803998084726,0.0748403626718,0.5845313443690,0.5812754846215,0.5456251368454,0.4869721575099,0.3060466639097,0.3400864046590,0.8073830102294,0.2308670988208,0.4305228310152,0.1363826028454,0.5759181179007,-0.1797053491696,-0.4091066582588,0.6900192621519,0.1772793572327,0.5000088347377,-0.5304234417375,0.2055653996331,0.2479276717566,-0.0494063061352,0.4824665048935,0.4603615585203,0.0280929397224,0.1208260943106,0.0624773667038,-0.0211378641678,-0.1762835184139,-0.0558996443983,0.0795145643431,0.1065276706864,-0.3539237526787,-0.1806319948786,-0.0852128288688,0.2293438276666
