1.0000000000000,0.8186186672676,0.5656734627853,0.6711007089202,0.5696719384065,0.2339779442274,0.6439176286823,0.2542084939665,0.1623499996806,0.1177754076958,-0.0262105856707,0.0689201441098,0.1548353925724,0.5763561985709,0.3145901557191,0.3266116275498,0.0770016941683,0.1555768146233,0.4387810409365,0.0576639158892,-0.1121445435664,0.0149516558622,-0.1190211027299,0.0493541004288,-0.0358039549985,-0.1810332821547,-0.1459079505337,-0.1017063293974,-0.1122813862658,0.0388072828006,-0.0581389313906,-0.2687142981367,-0.1383653739792,-0.0316880366110,0.2057221592961,0.3271081078127,-0.0371664802454,-0.1155199758485,0.1047377295427,-0.1108267136135,0.1761101903307,0.1948484792422,-0.1068770679394,-0.1942969618484,-0.1877426130632,-0.2017916521262,-0.1246734266248,0.0505655319070,0.0150698160024,-0.0347345790876,0.7783225484465,0.8312197425970,0.6802317501585,0.4691718505093,0.4920027632175,0.6995628024160,0.1754628330840,0.2498105050865,0.4558271978815,0.2526616606991,0.2699400450483,0.1327610224878,0.1214333411794,0.1739861723016,0.6188734086534,-0.1867550086147,0.4120874336465,0.2139297803757,0.2785627596161,0.1205729056698,0.0740711445697,-0.1048803713124,0.0621970418484,0.0638389648457,-0.1556948282932,-0.3368257536127,-0.3171267756164,-0.1340060939461,-0.0829819072565,0.1174917366344,-0.2464378040486,-0.2145015185325,-0.0487851455035,-0.1086056704813,-0.3685564159043,-0.2070911532469,-0.0938134912983,0.4352958199630,-0.4077198261555,-0.2846329497246,-0.0738410790409,-0.2325422597146,-0.2955057192837,-0.2989514853739,-0.2744555645136,0.0425872233424,0.2848667086137,0.1468268637280,0.0808246990962,-0.1800060095915
0.8186186672676,1.0000000000000,0.4689936540785,0.7338119248709,0.4251519863519,0.1604928015814,0.5542994459272,0.3142230417636,0.1872346917829,0.1056645031418,-0.0125808236763,0.0242263597603,0.1718720701923,0.6055383425718,0.3803586531654,0.3217477628948,0.0961874528290,0.2038816046929,0.3977189067656,0.0751385059578,-0.1881704213373,-0.0452816008895,-0.1654015489374,-0.0114980925408,-0.0483779766911,-0.1754179002280,-0.1799556578428,-0.0990464536614,-0.0658602363813,0.0691850836109,-0.0418664906175,-0.2677027874516,-0.1215729755328,-0.0964619134827,0.0643207709541,0.2061069670358,-0.1448541324172,-0.1476622249583,0.0414956437150,-0.1042746099806,0.1776803743646,0.1789213940602,-0.1153966033789,-0.1091954435646,-0.1397095743794,-0.1990599964723,-0.1216844139673,-0.0517673437728,-0.0190603488381,0.0276706682270,0.6657768806036,0.8986903070496,0.7846449766183,0.3989515259499,0.3534288914588,0.6312588178905,0.2143281376926,0.3046964884401,0.4729575777239,0.2929423064082,0.1167094719831,0.0646354553420,0.0277827630347,0.1994948902048,0.7213705196340,-0.1335241383668,0.4571708037489,0.2421546978552,0.2191185735091,0.1622675525907,0.0015210176682,-0.1490463076909,0.0185035532470,0.0767767178845,-0.2052040198580,-0.3342479090711,-0.3499098493227,-0.1292392379897,0.0128109463017,0.1745986135718,-0.2236656609021,-0.1001241019628,-0.0305527003712,-0.0895429663088,-0.2966701592290,-0.2114413010091,-0.1847298048969,0.3133920036057,-0.3654174222977,-0.2797261176417,-0.1464636318350,-0.2248322871683,-0.1964252114456,-0.2356632543755,-0.2483399192707,-0.0775603997707,0.2606427295461,0.0761340517185,0.0215499286514,-0.1456424284041
0.5656734627853,0.4689936540785,1.0000000000000,0.4974047167493,0.6450104617437,0.6048375837833,0.6714230994611,0.2263237353878,0.2632291951675,0.3463734509526,0.1997950244267,0.2335010040911,0.1930914007856,0.3133077761099,0.3624179268726,0.3541002120417,0.3002212431932,0.2277038724381,0.4186544139784,0.2148040109909,0.1254068670571,0.1199488637062,0.0808114064412,0.2002016280712,0.1873224460936,0.0897139489336,0.1722859329744,-0.0437565210325,-0.0859656775671,-0.0543322665619,0.1876364958450,0.0291688936889,0.1427588487813,0.0694514576331,0.3508039913227,0.3703682311789,0.1844826820937,0.1273976090937,0.3013278363396,0.0263529291714,0.0814437046971,0.2126721835110,0.1507025379388,0.0622120414372,0.0484880398706,-0.0158041985029,-0.0483670379501,0.2178237498204,0.0070028506567,0.1176380911388,0.5775231260156,0.6249075056243,0.4192865099070,0.8392874031449,0.6842119741754,0.5964776811140,0.1715066681996,0.2162264759640,0.3944389461870,0.3069011678519,0.2738532487047,0.3063204735553,0.1724421161120,0.1435295595490,0.4048124782789,-0.0873078631325,0.3017493822460,0.2983980547982,0.3074057520167,0.1931210790786,0.1775248808561,0.0714724692609,0.1348985961882,0.2075484964405,0.0195977004139,-0.1331941001031,0.0631618163534,-0.1821987857144,-0.1727424644278,0.1680065214766,-0.0975759405431,-0.0621976974861,-0.2572360831715,0.0417286659932,-0.1244819726700,-0.1563785526439,0.1129267154833,0.4333078092552,-0.2015297599999,-0.0553647927542,0.0890720047427,-0.1380819063385,-0.1543620944637,-0.1937052737343,-0.2714159711090,0.1720279399284,0.1143882260402,-0.0433573052472,-0.1282247457055,-0.1591127607091
0.6711007089202,0.7338119248709,0.4974047167493,1.0000000000000,0.6040058201304,0.2713942660650,0.8144840930153,0.5939441222684,0.4637571213655,0.0860394351988,0.1226143536377,0.0035811722488,0.3933857384456,0.4746159961078,0.3671233562178,0.4561713252525,0.3689593630290,0.5060210079758,0.5423441457156,0.3304128355394,-0.1897082018838,-0.0498692059077,-0.1740092902828,0.0484082209827,0.0581130727859,-0.1727530281218,-0.0661304921144,-0.1810654145531,-0.0342137060999,-0.0885816319994,0.0636486386916,-0.2363217288899,0.0151118544375,-0.1687655103773,0.0540380130598,0.1656336600864,-0.1213292900669,-0.0168729767864,0.0473803825053,-0.1552787304255,0.2181177088735,0.1969878149243,-0.1215521282974,-0.0493827453795,-0.0751852676327,-0.2366150077754,-0.1245203652295,-0.0446570432736,-0.0596582487237,0.0833271618177,0.7795590428037,0.7479621807488,0.8980833236395,0.5064754496830,0.4583531871162,0.7771986079632,0.4875551547751,0.5611479872256,0.7062315697999,0.5433985830297,0.0591876159857,0.2850877208701,0.0757157591345,0.4767083867078,0.5662032105941,-0.2393673900135,0.5548461495516,0.5736829651070,0.3939012005716,0.4306652580992,0.0321464528856,-0.1715817828978,0.1215021503155,0.2400342109023,-0.1969940021572,-0.3592197338741,-0.2845617828858,-0.2343351811390,-0.1478388840873,0.3143283888509,-0.2676718482069,0.0743455565318,-0.2347738617182,-0.1244058583692,-0.2558312328200,-0.3232000450799,-0.2484304953950,0.2774481793252,-0.3995448501806,-0.1853904955341,-0.1528566690556,-0.2990130472817,-0.1706431681867,-0.2334444840331,-0.2771753830604,-0.1009700015368,0.1855967396091,0.1898241311338,0.0256754685623,-0.1810710515055
0.5696719384065,0.4251519863519,0.6450104617437,0.6040058201304,1.0000000000000,0.7228410755822,0.7466036053678,0.3310932970958,0.3209251684610,0.2975017499699,0.3185944570317,0.2388894529659,0.3402395524046,0.3170150317045,0.3839547762053,0.1386248354706,0.3697335335665,0.2826900094521,0.1942357261751,0.1374018838393,0.1019797993829,0.3012804746401,0.1537296703873,0.2659905802902,0.0186383225918,0.0845012781113,0.2162838692249,0.1558607693608,0.1950852699701,-0.0274707289336,0.0756633521900,-0.0583064932339,0.1444994658260,0.0271395660898,0.2176815854477,0.1187812299093,0.1624697087577,0.0578058765486,0.1457848596243,0.1099450805049,0.1740186913403,0.1801416905185,-0.0239676570614,-0.0089730961527,-0.0820640544437,0.0336838111479,-0.0916939979072,0.2271296430810,0.2470841377888,0.0591192815135,0.7576912197320,0.4859263353092,0.4493383773652,0.7357936349430,0.7718334834524,0.6405315868718,0.2869568041318,0.2991466265686,0.3662673869238,0.3374922830904,0.2533222463098,0.4534039532297,0.2349120621515,0.2429695409485,0.3342348117895,-0.2217000169641,0.0675164625751,0.3237915621257,0.1606729637351,0.1674335063135,0.0970147111309,0.1469869943715,0.2421278546082,0.0462035620847,-0.1488247952821,-0.1124591088472,0.0161739355719,0.0039218020930,0.0077010101442,0.0384131727081,-0.2427739802294,-0.0849652718637,-0.2011415479018,-0.2165458953749,-0.1964305709423,-0.0893263733442,0.1201663305178,0.2947132426881,-0.2425806398929,-0.0449753506782,0.0595992428153,-0.0406067949442,-0.1489650237555,-0.0337024045554,-0.3176052514751,0.1896201049754,0.3584536266816,0.2060085224858,0.0056457166773,-0.1102009187989
0.2339779442274,0.1604928015814,0.6048375837833,0.2713942660650,0.7228410755822,1.0000000000000,0.4911996157654,0.2349984039749,0.3400143480461,0.3729346861870,0.5149232117005,0.3041920867510,0.3136337381514,0.2579477057067,0.4484594845504,0.1721244413107,0.4416789152710,0.3261052557406,0.0688467392134,0.2579007898610,0.1707011768529,0.3435350697354,0.3673679921518,0.5386729079019,0.1725353010729,0.2737543049716,0.5238610403651,0.3209806420248,0.1506012519940,-0.0032072287330,0.3080833764378,0.1572844839253,0.3380945420360,0.2815211733237,0.4031105303940,0.2541806783405,0.4623564611260,0.3103224975012,0.4203153737911,0.3206908618385,0.0743720704140,0.2371971900386,0.2332213014054,0.2017488178549,0.0552661097265,0.2337723523994,-0.0007456335240,0.5794880121647,0.5147732723176,0.1115455917393,0.3822013683318,0.1879626157900,0.1227518585782,0.6434406082393,0.7439258302968,0.2594680383136,0.2315459836826,0.1135390118426,0.0925999826548,0.2573692330867,0.1886259662616,0.5375242026809,0.1754522701337,0.1468151234567,0.1344807914621,-0.0278553870271,-0.0713595113482,0.2341039330370,0.0743578554118,0.1526722792823,0.0227801441490,0.2677693545005,0.4096292748861,0.1269256320298,-0.1943641167928,-0.0710075292548,0.3530439053096,0.1054526772895,-0.0547365407560,0.0760649508313,-0.0963578611216,0.0214507821919,-0.2620910808500,-0.0028492972843,-0.0203007419532,0.0020043554811,0.3659723485458,0.3420647326365,-0.1032718468853,0.1810631937320,0.3659377276640,0.1565292157990,-0.0566871341188,0.0737593686739,-0.3055939186191,0.5150051916452,0.3871620415356,0.0424573925941,-0.0586625292312,-0.0551803196924
0.6439176286823,0.5542994459272,0.6714230994611,0.8144840930153,0.7466036053678,0.4911996157654,1.0000000000000,0.5272446208975,0.5104069392386,0.1535871524667,0.1459119209881,0.0691865626200,0.4105263393372,0.3377675411295,0.3375458561208,0.4669656821594,0.3845488584563,0.4197928067146,0.5628653273230,0.3522013695197,-0.0188503845691,0.0314940309949,-0.1521102968095,0.2351812491732,0.1284049707288,-0.1253390114035,0.0299903357996,-0.1131574924076,-0.0378732340134,-0.0911596161674,0.1828185548614,-0.1399288901319,0.0732663807153,-0.0918189819483,0.2872172063372,0.3124328955562,0.0633493702781,0.1327862552941,0.2526772429401,-0.1342260190664,0.1552405608949,0.2156766792462,0.0144176662835,-0.0431329380921,-0.0297640224875,-0.1815037475035,-0.1080017330287,0.1379621247339,-0.0277903056629,0.0263723060889,0.7170568327322,0.6544939266639,0.6929327051274,0.7007721427807,0.7117933759801,0.8816400281628,0.4850434398474,0.5609424647350,0.6995631302060,0.5755784442099,0.1562892293320,0.3278157635426,0.1258215659348,0.4600933769185,0.4722882444963,-0.2105319948122,0.4752355631032,0.5073740027542,0.4659738542880,0.4198625762442,0.0916448203545,-0.1361209649100,0.2094082996755,0.2739355895235,-0.0873457216324,-0.3147439381352,-0.1674944121725,-0.2046118236642,-0.1561334907240,0.2686346593363,-0.2576788583211,-0.0346239073950,-0.2277727490036,-0.0832428963845,-0.1903118079356,-0.2790409529934,-0.0667741366720,0.4637414694177,-0.3226849901268,-0.0964188817466,0.0318371300208,-0.2734261967275,-0.1859368327784,-0.2503186172440,-0.2823133936270,0.0649007645036,0.1669694368894,0.1376731797734,-0.0053681015075,-0.1761645092607
0.2542084939665,0.3142230417636,0.2263237353878,0.5939441222684,0.3310932970958,0.2349984039749,0.5272446208975,1.0000000000000,0.8272384367229,0.2354483515482,0.4150344675458,0.1520744652770,0.6420744260766,0.2654102117288,0.2257955859058,0.3473779691041,0.5432373274543,0.6768459754521,0.4396709599514,0.7174984468953,-0.0699001790121,0.0660756195221,0.0139629683075,0.2921668702849,0.4090916157815,-0.0152497583910,0.1808138582770,-0.0320344408794,0.0026925889290,-0.1130338133513,0.3130122868443,0.0609954648444,0.2440944333846,-0.1441489535448,0.0012009937370,0.0303518453685,-0.0653962425377,0.2921133769378,0.0500690646922,-0.0406909217004,0.1510785686084,0.2107830201576,-0.0861065817405,0.2386903900775,0.1892093855233,-0.0854896723335,0.0745293336998,0.0075597425541,0.0911369624307,0.1881607862313,0.4130163930897,0.3308536138078,0.4413483028611,0.2493656672839,0.2261609828590,0.3823747230284,0.8056155867442,0.7894048315630,0.7022481459250,0.8266350645980,-0.0306460959042,0.4683653163213,0.1567318741449,0.6062652691391,0.3073027602702,-0.2674243035604,0.3634207117852,0.6413288144325,0.4623061402640,0.7250842626057,0.0065868798544,-0.0171060054646,0.4227074955620,0.6123513181360,-0.1710271971167,-0.2073637904224,0.0015420373423,-0.0962120624899,-0.1137602321774,0.3933514066226,-0.0693140768123,0.3288349956899,-0.2931729809377,-0.0922689208065,0.0280331245672,-0.1825685210516,-0.1619560299727,0.0931125268450,-0.3823535528636,0.1736942035161,-0.0827533466778,-0.1344076683172,0.1123066932665,-0.0609025423135,-0.0761140836457,-0.0804126929176,0.1469251299701,0.1501488228372,0.0366967633300,-0.1307545203793
0.1623499996806,0.1872346917829,0.2632291951675,0.4637571213655,0.3209251684610,0.3400143480461,0.5104069392386,0.8272384367229,1.0000000000000,0.3049404043614,0.5103411428736,0.2840894169721,0.6306560810566,0.2392221933294,0.3101095745414,0.3768639898888,0.6288164344936,0.6584614293010,0.4567958713851,0.7418466652919,0.1272283815596,0.1982331825638,0.1832675365993,0.5282608239092,0.4362850137530,0.0603641741146,0.3192197077832,0.0015905415037,0.0210108497514,-0.1473156601522,0.3863691534930,0.1236958031660,0.3657344047528,-0.1162798869843,0.1492152519673,0.1477536565793,0.0425890216110,0.3066641834856,0.1395436658150,-0.0151462595653,0.0808643949753,0.1844703863867,-0.0071153519342,0.1854306718010,0.1150541376319,-0.0666638123769,0.0366416458381,0.1009981496434,0.1429258749975,0.1419232698855,0.3109959543713,0.2199211560701,0.3049156984202,0.3138645496607,0.2768266092751,0.3322418214740,0.7327240069816,0.6524022260878,0.5847286157230,0.9060526326102,0.0058133764733,0.5526572213845,0.2434365073559,0.5545527982392,0.2037403595205,-0.1019276345848,0.2900948887348,0.6013254867277,0.5755300529037,0.7815056308126,0.1633338993328,0.1289273988128,0.6289264831702,0.6652924030781,-0.0847181598019,-0.1262773576012,0.1496728197728,-0.1207466628136,-0.1532445270457,0.4229447436474,-0.0225274698507,0.3235440952677,-0.3445537569521,-0.0055718933354,0.0512985655259,-0.1843756492859,0.0026487969554,0.2698636191539,-0.2500088784560,0.2563064638715,0.0518832549423,-0.1141374669154,0.0631567330751,-0.0760656807370,-0.1312291897137,0.0479153679878,0.1254801764059,0.0708969882442,-0.0942478460798,-0.0515121019581
0.1177754076958,0.1056645031418,0.3463734509526,0.0860394351988,0.2975017499699,0.3729346861870,0.1535871524667,0.2354483515482,0.3049404043614,1.0000000000000,0.5615271470454,0.7968761911081,0.3336824888988,0.2620088976780,0.2913664762593,0.0224234371836,0.3979954939366,0.2249296990941,0.1300893478161,0.1798546334881,0.4526400687500,0.6513970161199,0.5436796161399,0.3759055907761,0.2219755200705,0.2737717268476,0.3518209399546,0.1112255205201,0.0140763500251,-0.0290826120696,0.0424951187822,0.1894672483075,0.3474032834540,-0.0412521599355,-0.0104437624112,-0.0164721586518,0.0706858899463,-0.0122538352046,-0.0769236921568,0.1449747801923,-0.0166063439558,0.2347427644820,-0.1143332318997,0.0977657699924,0.0006420215941,0.1770332222940,0.0961072118249,-0.0362666359914,0.1574920655464,0.2014437198865,0.1844105021119,0.0639404450054,-0.0069688118650,0.3349505386845,0.2779624960823,0.0549682274228,0.2177178453703,0.0762318357085,0.2139146190956,0.2838600782324,0.7270943064519,0.5042304870518,0.6101591076915,0.0804693495186,0.1858722205375,-0.1075484584307,-0.0057042472691,0.2892855236388,0.2046912743204,0.2733756878039,0.5113577377704,0.6203169693675,0.4559912582591,0.2783321534740,0.0357125481464,0.1576311697586,0.2539394976900,-0.0449000497981,-0.0093117392309,0.1226637182028,0.1204033982956,0.2189222666781,-0.2605897295462,-0.2099457050777,-0.0204020578431,0.0330920300804,0.1734849154947,0.0982199697312,-0.1407487579423,0.0281642219223,-0.0870991930103,0.0391342184631,-0.0754894923649,0.0046323723706,-0.0832368540768,-0.0059405464437,0.0930844934381,0.1338400936080,0.0626237548955,0.1984436024079
-0.0262105856707,-0.0125808236763,0.1997950244267,0.1226143536377,0.3185944570317,0.5149232117005,0.1459119209881,0.4150344675458,0.5103411428736,0.5615271470454,1.0000000000000,0.5879426337853,0.5425929349607,0.1270477177691,0.3306746644312,0.0487488804774,0.4731182888430,0.3488562796382,-0.0092616182416,0.3641775210275,0.2560812981505,0.4594441327797,0.5207578379109,0.4901389553731,0.3271836628916,0.3179606881932,0.5637851642409,0.2398104288275,0.2476176912933,-0.0739168169286,0.2249464717816,0.2275390075177,0.4496408926322,0.0309818884180,0.1047009994223,-0.0476100874105,0.2158971910485,0.1915161168996,0.0825682431320,0.2450587005437,0.0379696189925,0.1660840461562,0.0706218181568,0.2924223837776,0.1464376996836,0.2242325372673,0.0852500249569,0.2062222554711,0.3841938571875,0.2780496037569,0.1812901065192,-0.0464487680942,-0.0334384609769,0.3085167263269,0.2217871558180,-0.0260116964996,0.3532169913832,0.1601093938664,0.1138264759785,0.4114310564758,0.2530420893892,0.8349878541948,0.4860947017308,0.3278700884046,-0.0464760938491,-0.0062678842314,-0.1248167142873,0.3596205116383,0.1790251299321,0.3240279535932,0.2136777652028,0.4504482345578,0.5593288861983,0.3449972765791,-0.0974979527795,0.1070698611243,0.4296420230646,0.1071905860816,0.0652903667002,0.1415378127965,0.0200452084763,0.3247960177955,-0.2583601829276,-0.0390046972244,0.0941062278541,-0.0103095562694,0.2410379381794,0.0523873289164,0.0061313935745,0.2386273042984,0.1291501529655,0.1317381203811,0.1192049258844,0.2207342931040,-0.1425388125603,0.2338015923654,0.2410184979399,0.1253855760879,-0.0606116452459,0.1463303820622
0.0689201441098,0.0242263597603,0.2335010040911,0.0035811722488,0.2388894529659,0.3041920867510,0.0691865626200,0.1520744652770,0.2840894169721,0.7968761911081,0.5879426337853,1.0000000000000,0.3978122111651,0.2553378483349,0.2857988522202,-0.0684075518054,0.4302005773982,0.1910681882003,0.0497516855866,0.1177500938147,0.5844765162661,0.6651936405873,0.7236950532341,0.4538973904676,0.1508558864379,0.2754089767253,0.4133066153213,0.1363509671885,-0.0104559313499,-0.0284874311244,0.0260771098159,0.2276591598605,0.4599144869965,-0.0358424015812,-0.0019004120027,-0.1021424938804,0.1066864172573,-0.0872070177331,-0.1644444567481,0.0926536672410,-0.1825255355794,0.1285610103182,-0.2092271257455,-0.0505894712703,-0.0823734116139,0.1222823817663,0.0516523072285,-0.0467035309720,0.1215435959973,0.0589907352054,0.1405032802646,-0.0381536678000,-0.1010719895164,0.2558448954321,0.1694630685186,0.0056045779849,0.1420580964406,-0.0535362143516,0.0944100642753,0.1981414434913,0.6242833875966,0.5626795943559,0.8321256665077,0.0664570346711,0.1175990061077,-0.0003655975185,-0.1523867619506,0.2826995280788,0.2115941257120,0.2350725218326,0.6387763039337,0.7863660778440,0.5633651126142,0.2620831625613,0.0618949280405,0.2791405303709,0.2950149104223,0.0129983951996,-0.0192404904332,0.0853672167094,0.1356332374186,0.2496795805874,-0.1976445772345,-0.2619281425091,-0.0647356749778,0.1118890941389,0.2608909286893,0.1127966845625,-0.0724243150186,0.0598486651349,-0.0561051955442,0.0674061101867,-0.1224067999124,-0.0427000102631,-0.0981730484770,0.0321127017884,0.0235498104930,0.0693759653054,-0.0207935920543,0.2943631642394
0.1548353925724,0.1718720701923,0.1930914007856,0.3933857384456,0.3402395524046,0.3136337381514,0.4105263393372,0.6420744260766,0.6306560810566,0.3336824888988,0.5425929349607,0.3978122111651,1.0000000000000,0.2757972495198,0.2585124322295,0.2457251196458,0.6241404268053,0.5409850655551,0.2369126964068,0.4967819408718,0.1447017755828,0.2023279410582,0.2050889315099,0.3229645215671,0.4104329444704,0.0075026078496,0.3569214901764,0.0227357905905,-0.0458116697328,-0.0574851315663,0.3124598355924,0.1675771195741,0.5689274536989,-0.0957319221294,0.0401175718279,-0.0560322917999,0.1180453227531,0.2418539098758,0.0494253832451,0.0064155144789,-0.0583058482499,0.1822925345293,-0.0245919425785,0.2048931576257,0.1910714131262,-0.0164741946123,0.0639581656890,0.0611011160817,0.0930825479465,0.1734990671333,0.3020961416559,0.1414235522405,0.2453512259122,0.2798523580354,0.2871837586952,0.2872391260701,0.7571956854674,0.4957554681136,0.5068510562335,0.5815121032851,0.1427785351865,0.6233377417865,0.5410018053829,0.8505681323757,0.2168153905643,-0.2305599977836,0.1760602829586,0.6425089406564,0.2570639751724,0.5473818780575,0.1757501900981,0.1716268670171,0.4104472838792,0.5423566104894,-0.1328980743737,-0.1433173889254,0.1349695770033,-0.0522895679777,-0.2169643346775,0.3762838855291,-0.0175192647855,0.4742046599334,-0.2569051402591,-0.1211706252725,0.0774148272272,-0.1379495557652,0.0219963080345,0.1098417210340,-0.2903774931629,0.1532996553477,0.0191918084361,-0.1348002094660,-0.0131165831701,-0.1235530366864,-0.1767568058859,0.0139667743258,0.0858912433361,0.0323044559365,0.0475110016821,-0.0870989684444
0.5763561985709,0.6055383425718,0.3133077761099,0.4746159961078,0.3170150317045,0.2579477057067,0.3377675411295,0.2654102117288,0.2392221933294,0.2620088976780,0.1270477177691,0.2553378483349,0.2757972495198,1.0000000000000,0.6085137888165,0.3934151741244,0.3712533253507,0.4035691315083,0.4336432442369,0.2147329917735,0.2066056708918,0.2323678150303,0.2172494530804,0.1815153109101,0.1247244577255,0.0385213513451,0.1762671310178,0.1561846660436,-0.0241413968695,0.3855385962664,0.2486337865721,0.1434475039306,0.2806612079063,0.1209209227983,0.1403486461643,0.2345146313480,0.0990056836563,0.0448287874517,0.0606702437249,0.0351072397465,0.1203206574693,0.3186726707984,-0.0039394439976,-0.0114934707343,-0.0096618395905,0.0669319590182,0.1411198399181,0.0938969129488,0.1781438047155,0.0783442897599,0.5331228336378,0.5350510209348,0.5476249757000,0.2622416538375,0.2798717681459,0.3414595191674,0.2364418794336,0.1396053558686,0.2820329662273,0.2249611178712,0.2035896357778,0.2188776731387,0.2059708970988,0.1561531548040,0.6591502494557,0.0460196083737,0.3652239458804,0.2557033442103,0.2463752760476,0.1983516716942,0.2358360997767,0.1516286980135,0.2024210344676,0.1793254509254,-0.1651809149084,-0.2578662622648,-0.1254713068568,0.0096265314449,-0.0681730175577,0.3144140461714,0.0750938878895,0.1556710060955,-0.0635920083619,-0.0551577711095,-0.2135588953733,-0.1022650659318,-0.0631232471496,0.3384180602792,-0.4393979030283,-0.1028671269167,-0.0380663078070,-0.1846003109325,-0.2859491500559,-0.2453750265910,-0.1876473119372,0.0586266452999,0.3911787655191,0.0625866987608,0.0665008535490,-0.1069254175302
0.3145901557191,0.3803586531654,0.3624179268726,0.3671233562178,0.3839547762053,0.4484594845504,0.3375458561208,0.2257955859058,0.3101095745414,0.2913664762593,0.3306746644312,0.2857988522202,0.2585124322295,0.6085137888165,1.0000000000000,0.3970758306169,0.3682390977791,0.3085614148547,0.3511339421991,0.2557754658494,0.3024438874617,0.2497343474995,0.2606417873846,0.4159888087956,0.1342728355183,0.3487571406084,0.3251059884290,0.2630967935509,0.0752503693052,0.2569271052109,0.3347964378657,0.2717782554681,0.3619237151226,0.3038358807584,0.3683898752629,0.4030217409311,0.2859961069868,0.3123768749117,0.4061767554294,0.2594216589882,0.1537494897497,0.3370802247170,0.3951373382081,0.2342657822392,0.1506632079382,0.1293273051698,0.1061664298474,0.3894560039266,0.4088584705146,0.2667828639316,0.4249187536695,0.3334543560626,0.3559453900714,0.4061906919183,0.3969914300065,0.2667498641811,0.1475309812378,0.0407783950556,0.1158121544999,0.2551434930946,0.0549291463122,0.2863186957892,0.1277955837220,0.0839451825365,0.3701899311326,0.4075558200891,0.1844687713888,0.1535572572001,0.2881999436502,0.1749795474113,0.1272961929220,0.1390059328958,0.3256315558180,0.1341934678627,-0.2470915081987,-0.0376650839347,0.1240837621356,0.0631176441366,-0.0003055244893,0.1295506692298,-0.0395499225200,0.0546792440507,-0.1281866629436,0.1041965902336,0.0361080325975,-0.0532308219697,0.2088544100103,0.4622244819218,-0.0354338440831,0.2081848602678,0.3386775840790,0.0522059661779,-0.0050117516500,-0.0365266645772,-0.2251763873796,0.4012622711329,0.3963412573467,-0.0139828134093,-0.0206106132427,0.1044676659675
0.3266116275498,0.3217477628948,0.3541002120417,0.4561713252525,0.1386248354706,0.1721244413107,0.4669656821594,0.3473779691041,0.3768639898888,0.0224234371836,0.0487488804774,-0.0684075518054,0.2457251196458,0.3934151741244,0.3970758306169,1.0000000000000,0.3025819792423,0.4711755423203,0.8049179550011,0.6020730719445,0.0906760499849,-0.0703370656590,-0.0963659312181,0.1964629654002,0.4395407718801,0.0858480722505,0.2248485663618,-0.1233562598693,-0.1612284600343,0.1196110871689,0.6832750536769,0.3182553231419,0.2929974548283,0.1695915160976,0.5457963872132,0.6808942919957,0.1549096498944,0.4992122482348,0.4277768984871,-0.1699319482147,0.0568354833168,0.2974546715892,0.3811557205139,0.1473980088845,0.2542656702113,-0.0536303415624,0.1213768429553,0.2484147304494,0.0188157480487,0.0974679382528,0.2732147375244,0.3624671489526,0.4702251145766,0.2821795717453,0.2626661831952,0.3475303583094,0.2941379297219,0.2269944971704,0.3834364807892,0.3613661652961,-0.0460023907022,0.1120504268909,-0.0344410798225,0.2595295334860,0.2197732086230,0.0675875945592,0.7334822926649,0.2973750066628,0.5479451989128,0.3893209147302,0.0703724823225,-0.1957801708023,0.1163050150750,0.4730273346190,0.0317823566275,-0.2833934519197,0.0207495674737,-0.2283528787860,-0.2981782107470,0.6021760117585,0.0736566097355,0.1878561261697,-0.2435371112607,0.4454549690253,0.0661400255065,-0.2071136574448,-0.0860313535577,0.6309041152332,-0.2850201653548,0.1094575340470,0.1671482731099,-0.3402954937358,-0.1857402332472,-0.2626725118443,-0.1138555407474,0.1289077464239,0.1241011060451,-0.0537258750037,-0.1279395285886,-0.1685765714782
0.0770016941683,0.0961874528290,0.3002212431932,0.3689593630290,0.3697335335665,0.4416789152710,0.3845488584563,0.5432373274543,0.6288164344936,0.3979954939366,0.4731182888430,0.4302005773982,0.6241404268053,0.3712533253507,0.3682390977791,0.3025819792423,1.0000000000000,0.7709177455881,0.4139518083581,0.5273049811506,0.4197515056574,0.3849816707279,0.4031536851965,0.4591441421807,0.3340671554243,0.1520653728814,0.4869918361504,0.0557433669089,0.0494471629707,-0.0722286898043,0.4556853450258,0.2716454152365,0.6703021522439,-0.0898020321417,0.0798576974757,0.0347265288145,0.1279885159619,0.2349794211410,0.0293171686059,-0.0021908287467,-0.0434326687929,0.0901770047296,-0.0332264646676,0.1370748118642,0.0790736068333,0.0441519516084,0.0341317381711,0.0875992051451,0.0828239293162,0.0334302537006,0.3164620595007,0.1358868152894,0.2562680609843,0.3682478738670,0.2763062196441,0.2120977690410,0.5484285673791,0.3831288721350,0.4038192376928,0.5293552698823,0.1730204228383,0.5739854915989,0.3960150431055,0.4367946147514,0.2108803062699,-0.0956761839295,0.2050567538010,0.7383820825164,0.4289616571204,0.5256107567924,0.4484498989158,0.3716316657899,0.4847623476022,0.4799055428366,0.0596724279597,-0.0662742866122,0.2729683498780,-0.0679563175616,-0.1717001841763,0.5118508544534,0.1329709142770,0.4853241920817,-0.2831590687975,-0.0776871884696,0.0386985320020,-0.0955301181142,0.0518014684214,0.1941801235552,-0.2682437031136,0.2496558293885,0.0353044763816,-0.1445760215487,-0.0642954444409,-0.0898719208444,-0.1967999780559,0.0331941428355,0.1233327921307,0.1277433894605,-0.1156500482426,-0.0606391744109
0.1555768146233,0.2038816046929,0.2277038724381,0.5060210079758,0.2826900094521,0.3261052557406,0.4197928067146,0.6768459754521,0.6584614293010,0.2249296990941,0.3488562796382,0.1910681882003,0.5409850655551,0.4035691315083,0.3085614148547,0.4711755423203,0.7709177455881,1.0000000000000,0.4854848727379,0.7172605185363,0.1086111440123,0.1125266663884,0.1938475134438,0.4164028129862,0.4340852457643,0.0351529605749,0.3704609714740,-0.0481069961588,-0.0260770058653,-0.0503314098188,0.5283405585132,0.1758383529785,0.4822720560208,-0.0848145282358,0.0870252781852,0.0997481728049,0.0720911817240,0.3111423824788,0.0538397573040,-0.0093151484088,0.0867218006258,0.1786331043756,-0.0619667618882,0.1650712989429,0.0994156388021,0.0050658698078,0.1193700032713,0.0388121365442,0.0589293689167,0.1147294382295,0.3418387538223,0.1967273731473,0.3806412789093,0.2572227735497,0.1946979740522,0.2170668615399,0.6363860873910,0.4721287470007,0.4947558482957,0.5763845577098,-0.0277901149498,0.4551819491209,0.1576670625823,0.4586864404203,0.2535984532770,-0.1947134559940,0.3375801932821,0.7444191784283,0.3718738342857,0.6825355113396,0.1805230235193,0.1057266660665,0.4773893044385,0.5243885865651,-0.1495825518895,-0.2768290159919,0.0860402102760,-0.1744346845208,-0.2029969146220,0.6203716871784,-0.0196589734716,0.4089186750591,-0.3727010270293,-0.0811298620165,-0.1080776447726,-0.2624844669832,-0.0764963689263,0.1679917038390,-0.4408120254253,0.1695149757004,-0.0446835275972,-0.2479631196804,-0.1765187692467,-0.1626950235667,-0.2037099282001,-0.0718464226330,0.1193265170919,0.1171479672717,-0.0883139519288,-0.1596501854355
0.4387810409365,0.3977189067656,0.4186544139784,0.5423441457156,0.1942357261751,0.0688467392134,0.5628653273230,0.4396709599514,0.4567958713851,0.1300893478161,-0.0092616182416,0.0497516855866,0.2369126964068,0.4336432442369,0.3511339421991,0.8049179550011,0.4139518083581,0.4854848727379,1.0000000000000,0.5546094884301,0.2101267313967,0.0511645343215,-0.0592254294606,0.1751378829456,0.3220895632130,-0.0282061439536,0.0317570455231,-0.2344769808995,-0.1901486152841,0.0153353779081,0.4318817760409,0.1614102211453,0.1671307116528,-0.0453119390947,0.3605000451019,0.6006866270900,-0.0381842109184,0.2379951595420,0.1854326145577,-0.3004589794121,0.0481327255886,0.1784001345671,0.0972276440615,-0.0657326054674,0.0397954387975,-0.1876775337353,0.0150977500527,-0.0017312038910,-0.1714655251524,-0.0200094035571,0.3678918926026,0.4902673424913,0.5531970636913,0.3354829594327,0.2487618695806,0.5138541510975,0.3519637887195,0.3677644815704,0.5845011386447,0.4505792803314,0.1334756808794,0.1041610847408,0.0906980621199,0.2794427851923,0.3590224767150,0.0717486245688,0.8021274694691,0.4336369627482,0.8150871068141,0.5138131375417,0.3475837979867,-0.0787544445434,0.1945529945936,0.5532550387574,0.2130457599448,-0.2221145813781,-0.0709015474602,-0.2761458568983,-0.2567785577263,0.5593380805390,0.1111197940101,0.1712347413762,-0.1411039178785,0.2622067964033,-0.0430679961166,-0.1775728001037,-0.1386077202767,0.6213941749529,-0.2872367103006,0.0495617055451,-0.0190332476590,-0.3559719033424,-0.1774647185454,-0.3131562835783,-0.0241186176683,-0.0521030266826,0.0244024565942,0.0435784867123,-0.0965409046827,-0.0897264658067
0.0576639158892,0.0751385059578,0.2148040109909,0.3304128355394,0.1374018838393,0.2579007898610,0.3522013695197,0.7174984468953,0.7418466652919,0.1798546334881,0.3641775210275,0.1177500938147,0.4967819408718,0.2147329917735,0.2557754658494,0.6020730719445,0.5273049811506,0.7172605185363,0.5546094884301,1.0000000000000,0.1088841139930,0.0658558106384,0.1833305279984,0.4227507995380,0.7697153239938,0.2193405522319,0.4607156417611,-0.0176038956460,-0.0573741833109,-0.0324026977281,0.6134290467905,0.3664714814699,0.4886178043871,0.0314463250450,0.2946632021376,0.3657321019708,0.0823023262542,0.6148690814857,0.2176297777717,0.0016629068502,0.1236612048808,0.2937591206257,0.1900859048626,0.4131513449673,0.4088064134068,0.0995179730454,0.2571819688262,0.1307167712965,0.1502360465561,0.3042170043193,0.1680277302253,0.0945237095727,0.1836869838650,0.1664751272857,0.1094181092789,0.1155241054461,0.6446547059096,0.4501366093608,0.3920288329815,0.6314614229648,-0.1533459787556,0.3537974636927,0.1100537013914,0.4278113952621,0.0274729511913,-0.1012014574833,0.3489213289630,0.5081162296952,0.5072528100892,0.7951618617030,0.0252012920089,0.0407919243956,0.4642853936955,0.7952928702051,-0.1300986405336,-0.1592628415527,0.2132820554939,-0.1866915955921,-0.2340023508352,0.4991353932037,0.0303896349188,0.3969069807163,-0.4092659600004,0.1263706884926,0.1348725055288,-0.1882371650191,-0.0732025554860,0.2444073839030,-0.3203503072280,0.3690956335582,0.0236737333629,-0.2124812496619,0.0509181617104,-0.0808694312954,-0.0136721084451,-0.0246785308390,0.0619669196930,0.0133239205435,-0.1003899940347,-0.1553120873608
-0.1121445435664,-0.1881704213373,0.1254068670571,-0.1897082018838,0.1019797993829,0.1707011768529,-0.0188503845691,-0.0699001790121,0.1272283815596,0.4526400687500,0.2560812981505,0.5844765162661,0.1447017755828,0.2066056708918,0.3024438874617,0.0906760499849,0.4197515056574,0.1086111440123,0.2101267313967,0.1088841139930,1.0000000000000,0.5513451636531,0.5684546768211,0.3712611663681,0.2665729647517,0.4742757144015,0.5074748358216,0.1624622142009,0.0586445913015,0.2061306347518,0.3151823324398,0.5313290852862,0.5798391075034,0.0181574642332,0.1267560829410,0.0044906404374,0.2357633441595,0.0932936092938,-0.1014261936032,0.0482368705845,-0.2002410912740,0.0115632669609,0.1094269703334,0.0567698107372,0.2106173411623,0.1827396146711,0.2637852032670,-0.0506827205741,-0.0678028441096,0.0888001026535,-0.0566286200517,-0.1586341308583,-0.2079500139777,0.2393600426375,0.0721016509133,-0.0228270688166,-0.0411803897759,-0.1903266524022,-0.0765656814873,-0.0169497360672,0.3440032014807,0.2258539204882,0.4824502243288,-0.1376981511473,-0.1001878634846,0.1912702509911,-0.0710158344079,0.0401724885277,0.2472757776511,0.0470017446468,0.7225929494641,0.5589589648186,0.3569870756638,0.2126720133444,0.4074705410524,0.4212256724412,0.3838910747403,0.0179471772206,-0.0669535168041,0.1952339874525,0.2651756629663,0.2420217058713,-0.0894069109505,-0.0447666179010,0.1735493379763,0.1965106264068,0.3399183041367,0.2213082583013,0.1222179777033,0.2137862468377,0.0332970851873,-0.0393657120777,-0.0565509303566,-0.0756376055878,0.1341800107655,0.0250602526365,-0.1122837634108,-0.0432908858662,-0.1414953105942,0.2174682008298
0.0149516558622,-0.0452816008895,0.1199488637062,-0.0498692059077,0.3012804746401,0.3435350697354,0.0314940309949,0.0660756195221,0.1982331825638,0.6513970161199,0.4594441327797,0.6651936405873,0.2023279410582,0.2323678150303,0.2497343474995,-0.0703370656590,0.3849816707279,0.1125266663884,0.0511645343215,0.0658558106384,0.5513451636531,1.0000000000000,0.7086586502240,0.4355841634216,0.0707305777323,0.3195735019628,0.4217428495720,0.3578039927125,0.3818019782995,0.0978232991322,0.0520290801716,0.1807450852351,0.3116362484258,-0.0287743168511,0.0516629684241,-0.0108302617039,0.1514587973310,-0.0394233609889,-0.0510716976460,0.1973099861194,0.0851327375641,0.1303415718607,-0.0733004340724,0.0068586869814,-0.0780819808159,0.3722924202386,0.0572486230472,0.0991027203777,0.3296037082449,0.0209488695735,0.1545450575837,-0.0673713145150,-0.1305196660058,0.1676092535430,0.1800678476945,-0.0632643984187,0.0606387924152,-0.0873013979785,0.0102732349454,0.1010267582750,0.6214641797868,0.4298459987957,0.5825384811035,-0.0439618932093,-0.0220659265949,0.0670192787220,-0.1217028137257,0.1789795148459,0.1961176624086,0.1278709296266,0.5633548617532,0.7937284390416,0.4625343868084,0.1812086685695,0.1908998994507,0.2862093544814,0.3716775194848,0.2029207053040,0.2198019198864,0.0783469750144,0.1812960261440,0.1928625144929,0.0300864953601,-0.1185643920334,0.0233698856371,0.2235418497664,0.3006589120227,0.1296457512649,0.0543686118114,0.1260370083381,0.0704843934183,0.2014325278267,-0.0158735429812,0.2818679722110,0.0789183240655,0.1503330564686,0.2994486593703,0.4616024205943,0.0914924493067,0.3093687043981
-0.1190211027299,-0.1654015489374,0.0808114064412,-0.1740092902828,0.1537296703873,0.3673679921518,-0.1521102968095,0.0139629683075,0.1832675365993,0.5436796161399,0.5207578379109,0.7236950532341,0.2050889315099,0.2172494530804,0.2606417873846,-0.0963659312181,0.4031536851965,0.1938475134438,-0.0592254294606,0.1833305279984,0.5684546768211,0.7086586502240,1.0000000000000,0.5003416452539,0.2090748143817,0.5298225901457,0.6699213578097,0.3396045919949,0.1413279536445,0.1061706616029,0.1668440980938,0.4100089260892,0.5169356344519,0.1722431182833,0.0485712766840,-0.0339935013003,0.2705369162810,0.0880089017137,-0.1060576829526,0.2979386413382,-0.0507824711392,0.1526617117998,-0.0208233019161,0.1055668821430,-0.0174942609483,0.4183394706752,0.1411346279749,0.1211057407693,0.3164627673006,0.0774797303642,0.0122091906768,-0.2336065920453,-0.2769258746244,0.0833737024252,0.0190306511007,-0.2626549456628,0.0354464497850,-0.2631350090625,-0.2383296689719,-0.0048063710630,0.3356157003144,0.4176367603306,0.5617142994597,-0.1071644115455,-0.0978761338398,0.1031021407527,-0.2686376046556,0.1228853221699,0.0749171124542,0.1434691678865,0.4490753957298,0.8716121066366,0.5392597239901,0.2456992398185,0.0866006139054,0.4029478890420,0.6013014609494,0.1434699290116,0.0332489472379,0.0810958969396,0.2660951437457,0.2779225638931,-0.1232780388740,-0.1025650608274,0.0232376033449,0.2720111591876,0.3790766312203,0.0432025216760,0.0472292706648,0.3085497996602,0.0774517489967,0.2502959197806,0.0008210803938,0.1721361606558,-0.0075390721053,0.1616362824072,0.0974669606229,0.0931772865898,0.0004702122784,0.2422891947253
0.0493541004288,-0.0114980925408,0.2002016280712,0.0484082209827,0.2659905802902,0.5386729079019,0.2351812491732,0.2921668702849,0.5282608239092,0.3759055907761,0.4901389553731,0.4538973904676,0.3229645215671,0.1815153109101,0.4159888087956,0.1964629654002,0.4591441421807,0.4164028129862,0.1751378829456,0.4227507995380,0.3712611663681,0.4355841634216,0.5003416452539,1.0000000000000,0.2819589079100,0.3780643328649,0.5601475429603,0.2018376941675,-0.0157997059701,-0.0850477379053,0.3779642080757,0.1503098021821,0.3519041433189,0.1623842839947,0.4191961783866,0.3600547521946,0.4780850897627,0.3566300664835,0.4096191024903,0.2317915629783,-0.0322671326248,0.1443472173504,0.1876593465836,0.1246093259009,-0.0393727497237,0.1271315865560,-0.0044142918296,0.4580374361276,0.4212248833675,0.0540323642345,0.1209920158993,-0.0458384436006,-0.0707397255172,0.2227007218327,0.3138688888755,0.0109060544884,0.3182110450590,0.0442356910172,0.0598387405145,0.3433562061439,0.1749643913340,0.4452114843781,0.2510395265038,0.0813735924400,-0.0110363319700,0.1564271863797,-0.0655469808917,0.2658814789424,0.3281659179451,0.4264807839431,0.1941693717468,0.4026437416077,0.8574968746096,0.3530806068633,-0.0910877647535,0.1244541499263,0.4731875734519,0.0271665056552,-0.1348158903840,0.2163011524490,-0.0555958350020,0.0079423822998,-0.2815921383310,0.0401566036507,0.0169502149245,0.0081330232655,0.5701005948127,0.4446768946348,0.0188306302387,0.4456064090796,0.4789136921106,0.1590380327720,-0.0243652895121,-0.0322081461182,-0.2027204137262,0.4581256688618,0.2178666210925,0.0122847595242,-0.0733807575746,0.1703856499313
