1.0000000000000,0.5751883921883,0.5098717507294,0.4190459985402,0.6693029614799,0.1642358798728,0.2540852905931,0.0294658694859,0.0455798505672,-0.0623078565842,-0.1389260755289,-0.0735184990790,-0.0494058523773,0.7647508137052,0.1630722213488,0.1176887768032,-0.1397934825313,-0.0409160942703,0.0198298226234,-0.0474116424201,-0.1923897935819,-0.0494355909256,-0.0785603927191,-0.1226407946948,-0.1004567694951,-0.0963854569035,-0.1059737140228,0.0960943966025,0.1190298869082,-0.0121034229221,-0.2016340444941,-0.0741019289487,-0.1884376726594,0.0965798352235,-0.0828273255927,-0.0071217351474,-0.2109434171090,-0.2191357218454,-0.2694235397882,-0.0586677457314,0.1914734084750,0.2093052274050,-0.3270803720121,-0.1517340489881,-0.2033435353558,-0.2173644268822,0.0489077783871,-0.0865298167994,0.0711497143003,-0.0969019764966,0.7853388444748,0.5897158197037,0.5224761626679,0.2747740971445,0.1813558014648,0.4154072610857,-0.0129643896658,0.0898058916284,0.0577758766685,0.0452883480904,-0.2054248860602,-0.1034701811269,-0.1863932368092,-0.0599045027970,0.7805572105262,-0.1673040478232,0.0805579129522,-0.1160723709998,0.0117869623085,-0.0337505418425,-0.1875640631884,-0.1643245990743,-0.1504302491168,-0.0616171570300,-0.4274114165084,-0.2080683073870,-0.3339755273341,0.0435354639570,-0.0552222712683,-0.0854645660491,-0.1119284590844,-0.0696025723489,0.1139221168982,-0.3602472254754,-0.0678710500982,0.0161160378094,-0.2320945118210,-0.2685707050626,-0.3506812763018,-0.1918300235635,-0.2161594594769,-0.1082855545372,-0.1344041324417,-0.3173128348368,-0.2089543946198,-0.1098787511700,0.0942141289143,0.1864030642871,0.2014799761572,0.1089374181861
0.5751883921883,1.0000000000000,0.4244287054600,0.4166289135333,0.2520125682173,-0.0480550895217,0.2479618742984,-0.1845924823852,-0.2094532332107,-0.0698368227662,-0.4761503143028,-0.3001477096845,-0.2284553005678,0.6233721158727,0.3467023992851,0.1081362864535,-0.2153360678605,-0.3859406212996,-0.0086367032451,-0.3477862995131,-0.1626494785982,-0.1661342195949,-0.4393843412640,-0.3650501442595,-0.2562904927699,-0.1503217672808,-0.4454836148039,0.0233678181599,0.2808565989228,0.2560689048815,-0.2647683572952,-0.2808868845969,-0.4188114616953,0.2354660532194,-0.0056145538767,0.0625213147860,-0.2085955841312,-0.3520156063315,-0.2086117610555,-0.3890076074385,-0.0296321006152,0.0008014847171,-0.1792167153735,-0.3090151202444,-0.2407157443580,-0.1946918059997,-0.1130581506101,-0.3715114384486,-0.1008524477910,-0.2317691836176,0.4071969341505,0.9088027807040,0.4469027794401,0.2404216164070,0.0031889518650,0.4931240012643,-0.2256011544166,-0.1288689589274,-0.1708991120148,-0.2173834906614,-0.1839907779650,-0.3554502980640,-0.4008553875288,-0.2434896049614,0.7787199261450,-0.0551449980595,0.1970234267696,-0.3346209399480,-0.1098012348420,-0.3224696758938,-0.2075466556915,-0.4265629587407,-0.3596477559289,-0.2461992380392,-0.4537752256435,-0.2346706786640,-0.5434138772971,-0.0171626100156,0.2341787821195,-0.2729024561158,-0.1649708745117,-0.4322595032845,0.3387482776525,-0.1301584988863,-0.0778106993364,0.1333795308190,-0.2509302763531,-0.0793751507760,-0.1590985583397,-0.3483351844184,-0.1601052825185,-0.2156788827222,-0.2551704152626,-0.3027356985841,-0.0318666040481,-0.3440535600819,0.0139524828423,0.2479871205198,0.1145600747191,0.0751189602161
0.5098717507294,0.4244287054600,1.0000000000000,0.4611634036802,0.6211018226273,0.6044805736311,0.5664269255113,0.2926121661244,0.2505850627137,0.2579302033566,-0.0865291386213,-0.1498097222304,0.1275039089026,0.3474313421971,0.1039497441270,0.4266053850407,-0.0444373245213,-0.0244860753554,0.3650643574254,0.1202415525679,-0.1139238233329,-0.1462412813526,-0.3042140282399,-0.1075643562096,0.1624332484755,-0.0524713199569,-0.0672954252056,-0.0823821667944,-0.1677560675039,-0.2243181979966,-0.1427515951865,-0.0520672784209,-0.1096864923801,-0.0663360154680,-0.0065165272405,0.3974380663526,0.0072641615649,-0.0669963055467,0.0597065084506,-0.1145333948174,0.0156520222782,0.2616295568830,-0.0801172643011,0.0028895458159,0.0509843061964,-0.1977285796623,0.0140086076667,0.1580318588683,-0.1799321697908,-0.0491676563042,0.6376606800282,0.5496420905805,0.3762993846280,0.8190771888352,0.3761037185686,0.5295860961877,0.1637787570321,0.3135216206040,0.3188663376700,0.2261478244010,0.0864041993940,-0.0403638966150,-0.2725208955264,0.0685296566738,0.3998948159214,-0.0800274260674,0.4630586469149,0.0544223668040,0.2726818660419,0.0935899266490,-0.0905790514188,-0.2893185384711,0.0183430018471,0.1403289445128,-0.1497667700422,-0.0299506456636,-0.1624732011095,-0.0912112015442,-0.2697511785288,-0.1154616326436,-0.1432987451772,0.0249175091226,-0.0676522975689,-0.1597162293076,0.3006106560471,-0.0514214948873,0.0191870610225,0.0963538632069,-0.1043435360934,0.0039430040726,0.0856845031768,0.0030352757422,0.0811269787274,-0.2905655040508,-0.0513637481909,0.2375384604959,-0.1870178001496,0.1192139065330,0.2605704414714,0.1435833427376
0.4190459985402,0.4166289135333,0.4611634036802,1.0000000000000,0.5176500857881,0.3415739589375,0.7463311410554,-0.0446947773152,-0.0627306433172,0.1707284127659,-0.0610530006246,-0.1401296853787,0.1786473619509,0.3463442709362,0.6740482863329,0.6099650196226,-0.2352193294267,-0.0331891684381,0.1823792757906,-0.1329657987135,-0.0340332796763,-0.2262908517616,-0.2702151786267,-0.0231637555305,-0.2623658527871,-0.3049751955379,-0.3051947433388,-0.3237014850883,-0.0172955309121,0.0296658556180,0.2460643916380,-0.2113111929941,-0.0349721221576,0.0345773102969,-0.0342478661135,0.3224785077061,-0.2196332700714,-0.4354396832504,0.0677851186637,-0.1168727463075,0.2324609459393,0.4515803372909,0.1653698693342,-0.2791239467333,-0.3657674847667,-0.2617560320033,-0.1024582387575,0.0801727202605,0.0179501403205,0.1652468481812,0.4522287763880,0.5220427170314,0.8661570344529,0.3273676620799,0.4591415420324,0.7950020145398,0.0222564091663,-0.0835708338571,0.0098725610174,-0.0571542845772,0.0637729269125,-0.0143935036895,-0.1749144887033,0.0813968792748,0.3356310374414,0.4367418877099,0.5901667951996,-0.0438352003640,-0.0180139907530,-0.0084167230228,-0.1913455826604,-0.3001311020749,-0.0242849838946,-0.0541825168470,-0.2510595308360,-0.3961650857910,-0.4012208263832,-0.3946300839101,-0.1130066549395,0.3695724392877,-0.1061850046366,-0.0558910281998,0.0724166380979,0.3135566744894,-0.1096759498488,-0.0025150456218,-0.2752921360790,0.2068010563512,0.2849561645878,-0.3114953767315,0.2211059490738,-0.0509316108325,-0.1090698527611,-0.3882557251704,-0.1765705052732,0.1710305422043,-0.0429349610119,0.1858211634741,0.4260476936346,0.4737376095192
0.6693029614799,0.2520125682173,0.6211018226273,0.5176500857881,1.0000000000000,0.6299106090221,0.6043721971592,0.1229171474324,0.1326054407780,0.2371981301619,0.0636654197344,0.0072431326735,0.1819339722798,0.4189350650807,0.1778786195511,0.2880585502794,-0.0927042884960,-0.0024329348464,0.1974227088851,0.0262533099259,-0.1297683923803,-0.0057584511034,-0.0956733505302,0.0067322800964,-0.0008336819315,-0.1545607757674,-0.0464083608864,-0.1027159413812,-0.0942522833343,-0.2168623195263,-0.0431088186940,-0.0693291237114,-0.0242225123606,-0.0302831067447,-0.0507660699763,0.2287440575109,-0.0664794397008,-0.2431900180690,0.0366025475178,-0.0355961069612,0.2148737617481,0.4326044738585,-0.1523871661641,-0.1526022786204,-0.2175230004319,-0.1526354022249,-0.0038637063497,0.2790043056749,0.0894235741170,0.0679404924633,0.7935100613366,0.3517590567911,0.5043608297148,0.5774604674787,0.6224306187894,0.5996836226468,0.1223897262416,0.1502334057737,0.1787115773811,0.1323893326526,0.1262007228886,0.1282797734234,-0.0190696430605,0.1565942071837,0.4151541850966,-0.0032703866991,0.2646395896935,0.0574483570255,0.0972793486983,0.0824031340491,-0.0754998815955,-0.0971915495101,0.0574415504384,0.0543629553705,-0.2690611005363,-0.2199856995198,-0.2325205254518,-0.1303907229904,-0.2382230420703,0.0847307376193,-0.1229384059919,0.0700950307562,-0.0475348377950,-0.1612363591296,-0.0062978278968,-0.0740881989050,-0.1063890441007,0.0230418974835,-0.0887119943886,-0.1829946793052,0.0553324161308,-0.0730231984241,-0.1112808763056,-0.2698533254371,-0.1485929196208,0.2746294438970,0.0055233209422,0.2544567901139,0.4148163409098,0.3189886487101
0.1642358798728,-0.0480550895217,0.6044805736311,0.3415739589375,0.6299106090221,1.0000000000000,0.6366970239762,0.3301281913124,0.3287498934832,0.5579608780510,0.4115608358483,0.2123889936997,0.4599444736760,0.0490146202203,0.1672792976648,0.4629393943869,0.0952495037342,0.2629043129431,0.3944046690086,0.2125323094347,0.0767682252604,0.1035489922449,0.0082260037052,0.2649894086775,0.2852490050626,-0.0799411245046,0.2331150822877,-0.1887008606339,-0.2124632697814,-0.1744938328828,0.2235788779752,0.0259027196363,0.2463592905606,-0.1120044641173,0.1302008706714,0.4732342248740,0.2062476777108,-0.0182452032637,0.4148613507172,0.1692890491389,0.2309478957552,0.5255847449170,0.1300171836095,0.0725136695914,0.0381198678210,0.0272030966041,0.0203276413004,0.6013315301945,0.1216429579763,0.3538251825397,0.3979385159322,0.0814363237460,0.2361370797093,0.7516899247886,0.7903126317774,0.4162334951960,0.3786963967834,0.2877874631585,0.3833601824759,0.3114878707515,0.4584109271760,0.4362613039417,0.2035351395550,0.3860148941126,-0.0654189690910,0.2014781085326,0.4293259520455,0.3717249305346,0.3323900047186,0.2433636130844,0.1461068270512,0.1050915960134,0.3779880626378,0.3189261008964,0.0936685657823,-0.0185420002078,0.1684950874099,-0.2114927945235,-0.3197744408852,0.2421915635236,-0.0752019080217,0.3543383261140,-0.1087719950397,0.1295412029847,0.2727313437654,-0.0958774410761,0.2421633722289,0.4247864219634,0.2310477654578,0.1054102614125,0.4106361848993,0.2119578376200,0.1733978369430,-0.0517107671184,-0.0180601991334,0.5976407477599,-0.0743147286000,0.1735759719104,0.4461968772031,0.3807926278422
0.2540852905931,0.2479618742984,0.5664269255113,0.7463311410554,0.6043721971592,0.6366970239762,1.0000000000000,0.2678800446199,0.2042682031752,0.4285887961449,0.0439176241354,-0.1088257931496,0.3726543288528,0.0953893100028,0.3469387188409,0.6492446529186,-0.2052204269162,0.0684400508701,0.4425344080970,0.0799483283013,-0.0919110418198,-0.1432231058652,-0.3260613965427,0.0615989760017,0.0081786642539,-0.3128187965381,-0.1862827972838,-0.3786387669089,-0.1458145862055,-0.1031611153178,0.2088960956409,-0.2392887655467,0.0103764615765,-0.1626111868946,0.0012131121611,0.5529941847153,-0.0661134723389,-0.3490625341441,0.2694849029976,-0.1893913679134,0.1936895380951,0.5887357942418,0.0797651824179,-0.2364867632160,-0.1998801366316,-0.2620118263279,-0.2256395604032,0.2205239854317,-0.1067815112653,0.2045523471493,0.4977448509063,0.3781699842140,0.6180472556153,0.5951883986510,0.7093068945770,0.8415147215194,0.3013686574556,0.2348709366223,0.3090222256299,0.1950961872087,0.3595558803062,0.1229453080833,-0.0664432065625,0.3244545610395,0.1757159260917,0.3165942689375,0.6860889459826,0.1992537602664,0.2042632287400,0.1944089464458,-0.0715053401242,-0.2419385406348,0.2302935041140,0.1971739746693,-0.1131829625424,-0.3261657985779,-0.2585857038547,-0.4022469414926,-0.2059308381110,0.3673668435176,-0.2331192310240,0.1241504293543,-0.0047307722312,0.2434752108727,0.1100705124368,-0.1709916135830,-0.0722578803166,0.4160968271150,0.3235784053548,-0.1822992455499,0.3620113284563,-0.1036076607687,-0.0529122030918,-0.3475935379881,-0.0550808270823,0.3670255733056,-0.0953953337274,0.2823458854096,0.5868152937389,0.6029454797692
0.0294658694859,-0.1845924823852,0.2926121661244,-0.0446947773152,0.1229171474324,0.3301281913124,0.2678800446199,1.0000000000000,0.9046179077481,0.3389937626858,0.3354651782701,0.0756574508084,0.6954640565323,-0.2843562190271,-0.4357447951614,0.4526666167192,0.0416450677668,0.5995182261809,0.6176001095935,0.8888439748677,-0.1818685769744,-0.0369709333163,0.0034557797971,0.4275996225570,0.6574594744788,-0.0290037734143,0.4110962479868,0.1505907122877,-0.3860122950652,-0.3644712870281,0.1604678555662,0.1238079018268,0.3862657653373,-0.4177036566645,-0.2436283178284,0.5639690095889,-0.0662750610505,0.3641310599225,-0.0608610925999,0.1448483746471,0.0139917880768,0.2718065888707,-0.1012822782337,0.3918553532743,0.5179728583805,-0.1381521075006,-0.0092382774289,0.1442408235650,-0.2674094253530,0.0931392437536,0.2041715364384,-0.0141111809869,-0.1230958232859,0.1961548545953,0.2661784932345,-0.0140856694459,0.8495756375935,0.9263050200791,0.9298651818810,0.9039006702078,0.2575517844901,0.2315647258504,0.0241670639613,0.6479791841147,-0.2093068051136,-0.2867529165431,0.4416971268041,0.6675580740616,0.7093726238892,0.7851143901674,-0.1248253431860,0.0720575160405,0.6153101396476,0.8020566806074,0.2823180183066,0.1773199407725,0.2967840033491,0.1487608933066,-0.4067586135838,0.2952352518828,-0.1979138434253,0.6279840810272,-0.3955091025367,-0.1902668351208,0.6255061940023,-0.3750630293615,-0.0123973422376,0.1103042134001,-0.1790130734799,0.5295745045711,0.0066831334691,-0.0170776005062,0.4758509211567,-0.1468321071534,-0.0347295224013,0.3657433403832,-0.2463924327937,-0.0875497895277,0.2349495224442,0.0106278210828
0.0455798505672,-0.2094532332107,0.2505850627137,-0.0627306433172,0.1326054407780,0.3287498934832,0.2042682031752,0.9046179077481,1.0000000000000,0.2910917850349,0.4184245622814,0.1456520085515,0.6783625726236,-0.2557867689503,-0.4050312920529,0.3681937799192,0.0548933748107,0.5392359440999,0.6377960828607,0.8948464662425,-0.1857547156084,-0.0199672743007,0.1030266304750,0.5454782826932,0.7565942554852,0.0211087511987,0.5087520015712,0.1665759327149,-0.3742046673378,-0.3367976568911,0.1597820141521,0.1843273347619,0.4553071359230,-0.3825940229608,-0.3129247078044,0.5404606409314,-0.0459076828478,0.4059316594425,-0.0819227988503,0.2430717064895,0.0835419091481,0.2529163562264,-0.1178766974057,0.4560904355737,0.5034513612072,-0.1088616558299,0.0667211151656,0.1813303118137,-0.1980994877424,0.1579630281550,0.1893398306994,-0.0535207231646,-0.1340131957923,0.1581167684734,0.2923202275937,-0.0650806258750,0.8204179688667,0.8709433222839,0.8737168076960,0.9648890270975,0.2145858001378,0.3263253894475,0.0887712491924,0.6314378047667,-0.2253003355438,-0.2355368440750,0.3486514272214,0.6313819147846,0.6794898834800,0.8173125168559,-0.1019438699485,0.1451562482068,0.6907927766290,0.8473359458257,0.2921673236363,0.2044807772840,0.3763710526019,0.1563025773528,-0.4189841545511,0.3005026464681,-0.1553760300036,0.6744152144757,-0.3744889685283,-0.1844184677234,0.6069930399904,-0.3431019264869,0.0036034371105,0.0479648421513,-0.1630768563398,0.5729079687946,0.0207889409841,0.0376841590033,0.5126135683498,-0.1291610501272,-0.1024585371961,0.3772672284221,-0.1860666233510,-0.1350642941410,0.2154664134039,0.0076868898145
-0.0623078565842,-0.0698368227662,0.2579302033566,0.1707284127659,0.2371981301619,0.5579608780510,0.4285887961449,0.3389937626858,0.2910917850349,1.0000000000000,0.5437934012243,0.5483708861707,0.5461235650801,-0.0695051469160,0.0656256931951,0.3788875949240,0.3442773977148,0.3228898882507,0.4273968007019,0.2108250708693,0.3755718313523,0.5022676529742,0.1978575536229,0.3471616481722,0.3192247034134,0.0876977927355,0.2436269318999,-0.0937272363143,-0.0645276590988,-0.0663955724211,0.3523679304597,0.2409532773774,0.4409742154117,-0.0112786744237,0.2024790459135,0.4262082511363,0.3585370440856,0.0026556472012,0.3219698955193,0.1463396242341,0.2934693382814,0.6431558305960,0.1226666268525,0.0456631821730,0.0946198574474,0.3474332099132,0.1392816451692,0.2479744187402,0.0699273128412,0.5030023255538,0.1684345662014,0.0171868697695,0.0390160766117,0.4123255194500,0.4749816175529,0.2057164850143,0.3825471569163,0.2417918992982,0.3467916558412,0.2724979776807,0.8447078315056,0.5459027487067,0.4265553805893,0.4347153711956,-0.1893983969547,-0.0052299430475,0.3095647315960,0.4687636076266,0.2898883880126,0.2154948930363,0.4191636996599,0.3683653385915,0.3941242587548,0.2505319620245,0.1240674450819,-0.0144567706742,0.1315755390031,-0.1976988310667,-0.1718479090010,0.2600179857804,0.1004810430722,0.3440692513529,-0.1870620734849,0.0494677834857,0.1514887353316,-0.1684662711575,0.3097144414273,0.3431389982406,0.1226451053520,-0.0939352594054,0.1677011732150,0.0854390665555,-0.0130838688985,0.0202258956335,0.0874547056954,0.2195916507357,-0.0448704861549,0.4079062096030,0.5406721586007,0.4398677960089
-0.1389260755289,-0.4761503143028,-0.0865291386213,-0.0610530006246,0.0636654197344,0.4115608358483,0.0439176241354,0.3354651782701,0.4184245622814,0.5437934012243,1.0000000000000,0.7524136392141,0.5873966846091,-0.2977511439089,-0.0616019879799,0.1426955069959,0.4445653933380,0.6365634646803,0.2679116456477,0.4186113046281,0.3353504715677,0.5180735750788,0.6752990210657,0.7388415304862,0.4859633531452,0.1869475508069,0.7142977695550,0.0944633366799,-0.0718819338410,-0.1433363878889,0.5152439898337,0.3678222075518,0.6765789599301,-0.1721139272091,0.1887895296187,0.2054347506081,0.4031744404368,0.2839913773262,0.2914196390660,0.5442610777849,0.2728832980263,0.3303817848948,0.1714755749181,0.3552791882314,0.1968839161761,0.3625901372548,0.1567712042163,0.4642344022255,0.3228163026131,0.5431111620061,-0.0431801002193,-0.3557523345810,-0.1168449698236,0.0082148639851,0.3551151719960,-0.1886564465134,0.4610995149104,0.2271289941795,0.3426417143977,0.3956989334289,0.5527627247216,0.8689442443785,0.7141187426579,0.4952941161551,-0.4498987986830,0.0606857101332,-0.0510544533252,0.6153162259844,0.2421842912518,0.3938668853129,0.4461736047895,0.7086851857210,0.6746670504772,0.4725620512862,0.3720002444643,0.1493757415099,0.6276011943992,-0.0012754630234,-0.1768949607137,0.4870382344682,0.1838756017201,0.5953195505433,-0.3855542363264,0.0643530261772,0.0596773476505,-0.2852977610528,0.3919725558656,0.2600218853969,0.1142508089011,0.2232735490600,0.1784963884944,0.2884564425275,0.2815269956806,0.2038239329625,-0.0578423213692,0.3786361261812,0.1474885746376,0.0177604697893,0.1797478894284,0.2101906564570
-0.0735184990790,-0.3001477096845,-0.1498097222304,-0.1401296853787,0.0072431326735,0.2123889936997,-0.1088257931496,0.0756574508084,0.1456520085515,0.5483708861707,0.7524136392141,1.0000000000000,0.2952104036529,-0.0277046350351,-0.0590682492321,-0.0238332529795,0.7349408055763,0.4950122967952,0.1651190920031,0.1384853121899,0.5956739996562,0.7149328651000,0.7962221128820,0.5596323772944,0.3432393732021,0.4201125238421,0.5966030763712,0.1836354237121,0.2099426056482,0.0402077809922,0.4154630922916,0.5562502756639,0.6389097420941,0.1105041856680,0.3984943954341,0.0659787440968,0.4485971449344,0.2549440557191,0.1366558448337,0.4459811126038,0.1755409227794,0.1659355366058,0.1577193533010,0.2037693199442,0.1543724190023,0.5721340951904,0.3136910976259,0.1960983566122,0.3721180493785,0.3889918688393,-0.0947343559194,-0.2648226148781,-0.1827724250510,-0.0266158839806,0.0938509417218,-0.2393850830683,0.1462267409896,-0.0230113013668,0.0887832430314,0.1354975067620,0.5028657058503,0.7691892205660,0.7770099334823,0.1836435337520,-0.2515682330294,-0.1521756979051,-0.2265109409415,0.4539808899563,0.1554602095204,0.0794492577461,0.7051905617632,0.8396176305280,0.3835056690517,0.1515833208440,0.2560152348444,0.1961799155559,0.4300389726686,0.0090759126932,0.0466013252061,0.2118120860427,0.3439600222764,0.3686014982630,-0.3216720162508,-0.0671611925930,-0.1225854272546,-0.1202856507886,0.3753446879751,0.1053293021748,-0.0923013778444,-0.0376612577187,-0.1498201539365,0.1691908286416,-0.0496713284226,0.2632723309125,-0.1378886619694,0.0084067222097,0.1747877885411,0.1263938038849,0.0118997735444,0.0820151785055
-0.0494058523773,-0.2284553005678,0.1275039089026,0.1786473619509,0.1819339722798,0.4599444736760,0.3726543288528,0.6954640565323,0.6783625726236,0.5461235650801,0.5873966846091,0.2952104036529,1.0000000000000,-0.3027878070886,-0.0797087812862,0.4356008260960,0.0526192441929,0.5485789269553,0.4755410983196,0.6149355144742,-0.0792058866310,0.0999181833717,0.1009108204665,0.5709294487009,0.4538978401242,-0.1756479054709,0.3622034187045,-0.0816141838760,-0.2428195748774,-0.2497965707462,0.4038352669282,0.0359926814865,0.5217365237910,-0.3217663618233,-0.1434653330874,0.4946236663286,0.0503084783381,0.0721050637383,0.1884284651907,0.2234185760712,0.2810508980346,0.4650663785608,0.0106300559302,0.1840665143494,0.1636122886071,-0.0339411471087,-0.0689076500136,0.3590312476766,-0.0372813711836,0.3698649837810,0.1464156078456,-0.0792099705540,0.0616244727297,0.1579249327866,0.5244507077902,0.1198467942980,0.8140630428286,0.5842938030359,0.6421423777490,0.6697929052604,0.5023708687291,0.5116954587726,0.3700722138737,0.9155261752088,-0.3311274070433,0.0631844784768,0.3576296797908,0.6850814738098,0.4056351796844,0.6362399628808,-0.0078495954102,0.1944156350410,0.6841072368258,0.6759337090840,0.1824061511772,-0.0539554463261,0.2756917955011,-0.1110226149902,-0.3173921527945,0.5312285369315,-0.1604523312639,0.6225530450483,-0.2967552188176,0.0574382700164,0.3280990080598,-0.3397614201994,0.1025980606471,0.3189858493867,0.1281523447552,0.2648504326573,0.3101640350862,0.1125858495069,0.3370801530408,-0.1185123535141,-0.0325192227316,0.4703789523197,-0.1126210804573,0.1089200509736,0.4652012382093,0.2747573044707
0.7647508137052,0.6233721158727,0.3474313421971,0.3463442709362,0.4189350650807,0.0490146202203,0.0953893100028,-0.2843562190271,-0.2557867689503,-0.0695051469160,-0.2977511439089,-0.0277046350351,-0.3027878070886,1.0000000000000,0.3637416453569,0.0398173153422,-0.0380554279758,-0.2016898236734,-0.0969668195582,-0.3191692550224,0.0470713762800,0.0736239319301,-0.0039941626777,-0.3062766670340,-0.3047034606325,0.1149222482854,-0.2286592939156,0.0834578761358,0.3038740098257,0.2699786057581,-0.1577098523701,0.1119743753097,-0.2293335707776,0.4280729986150,0.1003836540301,-0.1674299955987,-0.1373580612757,-0.2301809455183,-0.2158406457159,-0.0002837378728,0.2127981386407,0.1543786957986,-0.1527407248410,-0.1707410494308,-0.2110181044011,0.0437638175891,0.2622169078977,-0.1419452008811,0.1523881492549,-0.0743813373559,0.4384900553655,0.5235412734567,0.4315855100684,0.1829500266795,-0.0401256709960,0.2881345250984,-0.3388559920944,-0.2390428092736,-0.2348830587679,-0.2606873421263,-0.2958688026086,-0.2462301983202,-0.2371903920254,-0.3480442347268,0.7885420833233,-0.0742366963749,-0.0109580099986,-0.3521965616820,-0.1365347282418,-0.3151268173525,-0.1207197712387,-0.1284737053878,-0.4320824233150,-0.3729558011491,-0.4791013887991,-0.1448537875748,-0.4109474256036,-0.0190833830969,0.0679716598396,-0.2381352929638,0.1049078326060,-0.2796738861249,0.3096001649851,-0.2522530092287,-0.1697475473451,0.3687152748238,-0.2112082830825,-0.3073295536883,-0.2758355466555,-0.3191199755412,-0.2375371577099,0.0235068219531,-0.2535474394326,-0.1504574954967,-0.1934314536684,-0.3043438301013,0.0518544228407,0.1660678416103,0.0863309020872,0.0343111712356
0.1630722213488,0.3467023992851,0.1039497441270,0.6740482863329,0.1778786195511,0.1672792976648,0.3469387188409,-0.4357447951614,-0.4050312920529,0.0656256931951,-0.0616019879799,-0.0590682492321,-0.0797087812862,0.3637416453569,1.0000000000000,0.2864189706832,-0.1391263216038,-0.2069137857132,-0.0782926851707,-0.4067480000539,0.2535400699177,-0.0385541322635,-0.0983232327313,-0.0593199382911,-0.4195939359866,-0.1054009419174,-0.2109419746419,-0.2012442777087,0.2023392980180,0.4205127443093,0.3052331044967,-0.1046952010993,-0.0374934982916,0.3101435633975,0.2101533414873,-0.0077782928300,0.0645031036279,-0.2760385817143,0.3226217826641,0.1174616858427,0.2866101388579,0.3020260794937,0.4613941814351,-0.1302200795032,-0.3310486846240,0.0026442784178,0.0529662682966,0.1409137801733,0.3433436071298,0.4191964424908,0.0358610390324,0.3024571058518,0.5805540996357,0.0679223676366,0.2487216685114,0.4621505956980,-0.3183021381226,-0.4992625617528,-0.3932768496663,-0.3975205946806,-0.0601180389892,-0.0224190800283,-0.1079581564004,-0.2011314882428,0.2173106488751,0.6400508182287,0.2564106540613,-0.3019975406882,-0.2322683417156,-0.3253770880227,-0.0767235617687,-0.1317490350945,-0.2145288137291,-0.3540732456692,-0.2235749181817,-0.3082349038134,-0.2309219117599,-0.3433569748618,0.1148228895692,0.2122904023077,0.0786723829427,-0.2690127314288,0.3354378014163,0.4647504385342,-0.3168692719318,0.2684694580824,-0.0517875075918,0.2671280251665,0.4817917234121,-0.3186819147712,0.3388464349537,0.2472185089565,-0.0779877158589,-0.1153604578774,-0.1924328290466,0.0261319542832,0.1348611144354,0.1118839528863,0.1974824557196,0.3715800427065
0.1176887768032,0.1081362864535,0.4266053850407,0.6099650196226,0.2880585502794,0.4629393943869,0.6492446529186,0.4526666167192,0.3681937799192,0.3788875949240,0.1426955069959,-0.0238332529795,0.4356008260960,0.0398173153422,0.2864189706832,1.0000000000000,0.0517270327458,0.3784187158505,0.5987843516551,0.3709913345888,0.1373592734336,-0.0952863007702,-0.1406404358291,0.2336028140840,0.1572926897766,0.0112524450950,0.0805663332080,-0.1744688888463,-0.1952372379999,-0.0123943406107,0.5511336310703,0.1722479865125,0.2983223361063,-0.0677260867430,0.1068222950493,0.7255391914898,-0.0220081204214,0.0908532632070,0.2195210025911,0.0294810508216,0.0925348439808,0.4624442920318,0.3632415153582,0.1050361525965,0.2413023926561,-0.1094169631753,0.0816503409019,0.2189501230236,-0.0942759676725,0.2099536556304,0.2530148151230,0.2211413750846,0.4750045445346,0.3599401165525,0.4207065758839,0.4074512922075,0.4222336461906,0.3523672553522,0.4979626969031,0.3626580452064,0.2379659530710,0.1176810116158,-0.1313179698102,0.2855841069879,-0.0241047968207,0.2541952758718,0.8676816770781,0.3567496951489,0.4657101680272,0.3789302244252,-0.0564153232697,-0.1055584873574,0.3189365853284,0.3730362102041,0.2562028385186,0.0383697502489,-0.0038244252268,-0.2410399308587,-0.2675316540440,0.5167554611589,-0.0018334535426,0.3906855241386,-0.0804994343823,0.3978594160933,0.5019165552346,-0.0404294068024,-0.0203153256622,0.4275399536139,0.2708187287933,0.1606539649116,0.2489971866262,-0.0262553452576,0.1848017410051,-0.2387345110837,-0.0912836584152,0.3114582846155,-0.2090186219419,-0.0275326133002,0.3687265766640,0.3746988854037
-0.1397934825313,-0.2153360678605,-0.0444373245213,-0.2352193294267,-0.0927042884960,0.0952495037342,-0.2052204269162,0.0416450677668,0.0548933748107,0.3442773977148,0.4445653933380,0.7349408055763,0.0526192441929,-0.0380554279758,-0.1391263216038,0.0517270327458,1.0000000000000,0.4509986541890,0.2230239384105,0.1035051523209,0.6440727957637,0.5602819683132,0.6231000913434,0.3898463784425,0.3351583383547,0.5098612476614,0.5097413026077,0.1997320267538,0.0988182509993,0.0091880441895,0.4249488640252,0.6259970546804,0.6238019915290,0.1079103538976,0.4779993144978,0.1453952348179,0.4841845492240,0.4180090008108,0.0750006922122,0.2015992002247,-0.1760558893836,-0.0974682256398,0.2408095716596,0.1546586213316,0.2893739057699,0.4991807037181,0.2724355451751,0.1034701270493,0.1768924448749,0.0685052498111,-0.1609978894639,-0.1928376400174,-0.2589776098977,0.0336219048802,-0.1491253783474,-0.3460675656576,0.0191195912683,-0.0223376329127,0.0495931930684,0.0460886074349,0.3633220583775,0.4771727873391,0.5080367028887,-0.0361531919299,-0.1856781898403,-0.2238250913992,-0.1513127209553,0.3980703002096,0.1908587815546,0.0066247455335,0.7578119873267,0.6474777306912,0.2285715644810,0.0755029850330,0.4192826357792,0.3943736012688,0.4229357503576,0.0662928719508,0.0513113942611,0.0431803918305,0.4610485023294,0.3102262035487,-0.2939284197841,-0.0127463066554,0.0752114076544,-0.0589920927528,0.4449536264686,0.0977817970581,-0.1609257186480,0.0218432992408,-0.2499843261117,-0.0252495911368,-0.0962804441108,0.2414928736632,-0.0685522072861,-0.1050554777326,0.0577839547037,-0.0637513639527,-0.1558394345502,-0.0558209382382
-0.0409160942703,-0.3859406212996,-0.0244860753554,-0.0331891684381,-0.0024329348464,0.2629043129431,0.0684400508701,0.5995182261809,0.5392359440999,0.3228898882507,0.6365634646803,0.4950122967952,0.5485789269553,-0.2016898236734,-0.2069137857132,0.3784187158505,0.4509986541890,1.0000000000000,0.4214667347524,0.6491750551956,0.1322661011032,0.2265586278972,0.4892425328794,0.6183921625563,0.5047830548759,0.1219701872397,0.5981062184282,0.1112742248818,-0.1491264982620,-0.2217736333992,0.5651706236814,0.3486929445964,0.6374061999565,-0.2741684334664,0.0933269498281,0.3512870044938,0.1488660029022,0.3477507047164,0.0248910051023,0.3613557040390,0.1160897418036,0.2298380433887,0.0621106842608,0.3194951783433,0.3107336363872,0.1080788614750,0.1083664458087,0.2402005971234,0.0686066054364,0.2361893329375,-0.0293555619518,-0.2301697600742,-0.0450975221281,-0.0676825569861,0.1584523035803,-0.1961139430217,0.6113467424095,0.4766720206635,0.5940180018313,0.5312353213882,0.3543072872695,0.5158545161631,0.4311132313431,0.4837613044988,-0.2935078900798,-0.0858222618193,0.2060680219514,0.8294467744325,0.4655690911233,0.6206007448898,0.2719754163252,0.5100377374783,0.6520119866405,0.6291944456050,0.4441055877244,0.2171618866770,0.5308394424592,0.0310380061653,-0.2360324228891,0.6191787728305,0.1252669417140,0.7183219822701,-0.4377782010228,0.0281448746126,0.3085868902245,-0.3367430571184,0.2093967041490,0.1712529118240,-0.0407938280400,0.3772320855887,0.0167330594558,0.1011605761864,0.3346828592444,0.0151899056477,-0.1151770319515,0.2708804631093,-0.0546401687146,-0.1383099093219,0.1594287966449,0.1051139297667
0.0198298226234,-0.0086367032451,0.3650643574254,0.1823792757906,0.1974227088851,0.3944046690086,0.4425344080970,0.6176001095935,0.6377960828607,0.4273968007019,0.2679116456477,0.1651190920031,0.4755410983196,-0.0969668195582,-0.0782926851707,0.5987843516551,0.2230239384105,0.4214667347524,1.0000000000000,0.6124462990247,0.0686301491366,0.0922258232475,0.0668490586999,0.5041520729324,0.4968821406009,0.1644370483291,0.3209659447650,0.0866390342028,-0.2116408376274,-0.1602211519162,0.3670667240791,0.2455038532907,0.3798112876789,-0.1888471260211,-0.0120580701610,0.7958623705250,0.1349192287515,0.2672844961289,0.1086105994600,0.1303234294791,0.0433692022377,0.3023020369440,0.1808330193102,0.2912630327959,0.3001612703074,0.0020477248708,0.1168783396920,0.1183014151120,-0.1443724323524,0.1837753834055,0.1835559989851,0.0627668182918,0.0715171862187,0.3000027391846,0.2792674911394,0.1615210333531,0.4903770325811,0.5013786537654,0.6187945305467,0.5891651221214,0.3285210848000,0.2875014452640,0.0759021950436,0.4066882706587,-0.1074985076003,-0.0571945873278,0.5284744448872,0.5034475001518,0.5699014473655,0.6245130509036,0.0847483698766,0.1328176304756,0.5343848157521,0.5356582058001,0.2334009989272,0.2054769467904,0.2077008638931,0.0016410129247,-0.2665116749571,0.3608347171532,-0.0329435168255,0.4167610957795,-0.2624800747979,0.0301909203177,0.4235438102668,-0.2000120817905,0.1454801876696,0.2889544836168,-0.0173256507726,0.2145909581230,0.1028809197634,0.0005495977010,0.2902171459026,-0.1524340219193,-0.1418083298888,0.1981950175910,-0.1540792632736,0.0100895946034,0.2638832518225,0.1841208260901
-0.0474116424201,-0.3477862995131,0.1202415525679,-0.1329657987135,0.0262533099259,0.2125323094347,0.0799483283013,0.8888439748677,0.8948464662425,0.2108250708693,0.4186113046281,0.1384853121899,0.6149355144742,-0.3191692550224,-0.4067480000539,0.3709913345888,0.1035051523209,0.6491750551956,0.6124462990247,1.0000000000000,-0.1381541166023,0.0061769410061,0.2175043825292,0.5693021306352,0.7229236945067,0.1025638635574,0.5897916225328,0.2519093702197,-0.3829954295535,-0.3302693619590,0.2989257388301,0.2773816390406,0.5337638061424,-0.3652753111436,-0.2631128377419,0.4801830545806,-0.0228139409162,0.5179322401089,-0.0871708919862,0.3497413162097,0.0464612114210,0.1968449380235,-0.0209090104278,0.5466745848713,0.5620832086181,-0.0393933914242,0.1331585020027,0.1880907544042,-0.1476462440633,0.1404931538065,0.0554972473047,-0.2180703444549,-0.2090966556468,0.0032500717221,0.1587314934879,-0.1990929409869,0.7876584449152,0.8147213204260,0.8465496016488,0.8745629899388,0.1358401898460,0.2778315797481,0.0565325691607,0.5498837605282,-0.3326056380635,-0.2478155493762,0.3143807498782,0.6576904921777,0.6461647931580,0.9078824204728,-0.1388857818260,0.2214841748481,0.6673516906326,0.8447285775042,0.3549007617649,0.2652920328137,0.4674189698658,0.2154372825206,-0.4331701718534,0.3952324621245,-0.0930306394494,0.6880522022772,-0.4334975614044,-0.1641725000920,0.5867656893878,-0.3165764501100,0.0089816770110,0.0441590484503,-0.1790753967426,0.6105913131411,-0.0075172826784,0.0889171152345,0.5722898822420,-0.0628330070293,-0.1531688579298,0.3530233578399,-0.2160149621633,-0.2408827202019,0.1190606329404,-0.0829757936147
-0.1923897935819,-0.1626494785982,-0.1139238233329,-0.0340332796763,-0.1297683923803,0.0767682252604,-0.0919110418198,-0.1818685769744,-0.1857547156084,0.3755718313523,0.3353504715677,0.5956739996562,-0.0792058866310,0.0470713762800,0.2535400699177,0.1373592734336,0.6440727957637,0.1322661011032,0.0686301491366,-0.1381541166023,1.0000000000000,0.5735057400639,0.5074368664038,0.2032247894522,0.0655536770417,0.6459597893402,0.3262711468282,0.1507037768961,0.1629751642334,0.2901548325321,0.4239436095367,0.6380599716496,0.3635011311367,0.4309441378497,0.6504911794008,0.0295597785164,0.5297533346725,0.4111777228220,0.2999240308534,0.3176368210830,-0.0432627627832,0.0564111519148,0.6355524327986,0.2003583941805,0.3641620427935,0.6614854977180,0.4852272991285,0.1384678565661,0.2269049294275,0.3704146411617,-0.2135722244786,-0.1824088281433,-0.0890585515781,0.0257556149989,-0.1360608450436,-0.1722916636474,-0.1972602864313,-0.2761506710841,-0.1577731040799,-0.1770708864485,0.2448606768931,0.3491441148810,0.3187203962052,-0.2332994539384,-0.2054061949927,0.0271812716402,-0.0520929662123,0.0188093847157,0.0981861031521,-0.2595008118236,0.6462111411602,0.4925775427654,-0.0321299612237,-0.2195184734106,0.3590945990694,0.3221238294777,0.2364277071393,-0.0415519057341,0.0975830994734,-0.0369820747729,0.4609433558635,-0.0188585528668,-0.0506365726802,0.2189664738184,-0.0339618662824,0.2168933361317,0.3697496693263,0.2041769293265,0.1750175412662,-0.1154967918605,-0.1728210533222,0.1207574850478,-0.1761412879838,0.2842168864928,-0.1143907146081,-0.1352109380154,-0.0014301866624,-0.0312031115209,-0.1760164923094,0.0330666409423
-0.0494355909256,-0.1661342195949,-0.1462412813526,-0.2262908517616,-0.0057584511034,0.1035489922449,-0.1432231058652,-0.0369709333163,-0.0199672743007,0.5022676529742,0.5180735750788,0.7149328651000,0.0999181833717,0.0736239319301,-0.0385541322635,-0.0952863007702,0.5602819683132,0.2265586278972,0.0922258232475,0.0061769410061,0.5735057400639,1.0000000000000,0.6686749451101,0.3414495961773,0.1728125437473,0.4736760684636,0.4503996414642,0.3032044008526,0.2825681517277,0.2132571647967,0.2840304726880,0.5317188892099,0.4208530920813,0.3079616180981,0.4129662864610,-0.0439258923971,0.4977898581931,0.2344393847596,0.2206009300529,0.4363603458331,0.2470877867396,0.1718792671902,0.1307541646551,0.2116037781131,0.1478764184368,0.7778242118772,0.4337824810451,0.1732665684834,0.3586664639984,0.3300067677012,-0.0666683163759,-0.2338954071183,-0.2474337378966,-0.0089448660360,-0.0225801059131,-0.2348392164145,-0.0394471575237,-0.1016580236347,-0.0207313501121,-0.0437131900194,0.4247118940245,0.5549755783908,0.5335248283074,-0.0074671824943,-0.1218762796623,-0.2234027558834,-0.2572479826658,0.2153036735143,0.0255792402574,-0.0623474462428,0.5723291191367,0.7259838370142,0.1769414129226,-0.0595075539985,0.1283354602247,0.1592017060120,0.3196432409208,0.1406009962321,0.1515718108936,0.0345087455664,0.3616150258335,0.0847020747120,-0.0840842660572,-0.1515209347684,-0.1666234297052,0.0788178720140,0.3872396600300,0.0569048360915,-0.1418363427624,-0.1227997501024,-0.1199455790214,0.1891033896794,-0.1199695621649,0.4467132654196,0.0030214295213,-0.0923314496419,0.2525404360703,0.2529842097224,-0.0028269976264,-0.0219061334863
-0.0785603927191,-0.4393843412640,-0.3042140282399,-0.2702151786267,-0.0956733505302,0.0082260037052,-0.3260613965427,0.0034557797971,0.1030266304750,0.1978575536229,0.6752990210657,0.7962221128820,0.1009108204665,-0.0039941626777,-0.0983232327313,-0.1406404358291,0.6231000913434,0.4892425328794,0.0668490586999,0.2175043825292,0.5074368664038,0.6686749451101,1.0000000000000,0.5461703787266,0.2955459852096,0.5449326537783,0.7189993906512,0.2732735549930,0.1527158141057,0.0171256656744,0.4624754135218,0.6622275184145,0.6364128690543,0.1701169216844,0.3859771182387,-0.1352414529489,0.4432248313870,0.4281863113928,0.1200951188632,0.6181253264441,0.1650437103972,0.0221539706646,0.2118967557201,0.3513869764585,0.2230147445138,0.6426153818117,0.4194662683369,0.2515866667800,0.4020265931927,0.3135247221109,-0.2271409465981,-0.4330842081761,-0.2509032846188,-0.2887540413836,-0.1136948968594,-0.4317679704446,0.0332355041590,-0.0824946780770,0.0093264279205,0.0814240107246,0.1694700996535,0.6088985413082,0.6394446121016,0.0175308070309,-0.2810013214761,-0.1273188739048,-0.3682592568004,0.3254206573313,0.0516679525299,0.1595884146466,0.4797858629545,0.8757567989075,0.3133235266834,0.1302290881155,0.2933480485156,0.3040755424509,0.6000332837071,0.1088900660238,-0.0137888344561,0.2463786085257,0.4581903283267,0.3719564008851,-0.2656147094484,-0.0697150932987,-0.1185899108830,0.0391991312916,0.3591286888868,-0.0143409964264,-0.1462186229357,0.0987187640393,-0.1489432335429,0.2634100767433,0.0624827687812,0.3554087731919,-0.2091441405883,-0.0194763274699,0.1599618486998,-0.1225393376062,-0.1772484134126,-0.1252791585494
-0.1226407946948,-0.3650501442595,-0.1075643562096,-0.0231637555305,0.0067322800964,0.2649894086775,0.0615989760017,0.4275996225570,0.5454782826932,0.3471616481722,0.7388415304862,0.5596323772944,0.5709294487009,-0.3062766670340,-0.0593199382911,0.2336028140840,0.3898463784425,0.6183921625563,0.5041520729324,0.5693021306352,0.2032247894522,0.3414495961773,0.5461703787266,1.0000000000000,0.5431713781540,0.1630900037139,0.6738517149281,0.1623680456047,-0.0603381659003,-0.1297448251072,0.5745929377121,0.2826550623113,0.6688292264060,-0.2238225169949,0.1217582775595,0.4660954889159,0.3566873116993,0.3602359863436,0.2178357103680,0.4664629801075,0.1443753979847,0.1436617447501,0.1845370283147,0.3311995153810,0.1908187086124,0.2084017341324,0.0640948468756,0.3412387821832,0.2870067829547,0.4081530852055,-0.0823823577693,-0.3010828449198,-0.1266521460372,-0.0847308946699,0.2698434324153,-0.1689634616072,0.5358815852756,0.3024687042924,0.4127002106130,0.5153127278798,0.3531767193804,0.6862255209635,0.5137362493124,0.4767796318855,-0.3827175384163,0.0729448856248,0.0577601232440,0.5836959398660,0.3248330709683,0.5888473499394,0.2941708057248,0.5862855969312,0.8622397618123,0.5691079510160,0.3258832668218,0.1641917446454,0.5627912157137,0.0619304009650,-0.1410497082446,0.5442188747276,0.0613756859515,0.5249200144671,-0.3405873304770,0.1232884007460,0.1161526179134,-0.2946660169783,0.3572974781125,0.3317218477277,0.0729033211492,0.2930228219267,0.1501567474189,0.2200015736251,0.2831225669434,0.0635457608005,-0.2459200140574,0.3201572493718,0.1145648949780,-0.0976242770123,0.0941824521708,0.0960819057087
