1.0000000000000,0.3332180053208,0.7889667873312,0.4758063410229,0.6021753898620,0.4963701437556,0.3294894218588,-0.1030082208727,-0.2172569800833,0.0314157444156,0.2129452685956,0.0951542192228,0.0072656013833,0.6798402872013,0.3287866283991,0.2334639459204,0.0187870054209,0.0660738746526,-0.0490210170176,-0.0389915327070,0.1428493582728,0.0266046663688,0.2024488782146,0.1319800768018,0.0230931876875,0.2264014171482,0.1859379565921,-0.2612836142561,-0.2265446919228,-0.0670276033077,0.1916393734046,0.1351069157293,0.1438562702719,-0.1301875668923,0.0410726599500,0.2084156416426,0.2736930133362,0.1384038983870,0.0190273290333,0.0188200472172,-0.1715825752215,0.0789229774793,0.0447994908155,0.1571086228676,0.1632257940175,-0.0024635904702,-0.0203772595095,0.3542096669826,0.3203010372135,0.1129754158161,0.8975193742533,0.6265712994855,0.5782095874351,0.6928017694637,0.4608282329663,0.1226819526419,-0.0673597447456,-0.2370004715185,-0.0909016897359,-0.2582229269186,0.0036755920105,0.1084308972785,-0.0058513477730,-0.0304129719665,0.7761585880275,0.3590181810550,0.0730378402231,0.0088773754383,0.0491433155472,-0.0075513190672,0.0153860150774,0.1011056114954,0.0275051277623,-0.0253826329827,0.0633546143056,0.2766229440363,0.0833730255744,-0.2574021874151,-0.2467062627774,0.1717377006614,0.1772594304193,0.1877088162766,0.1307881925155,-0.0929993539834,0.1826124962121,-0.2047334869932,0.3269971673658,0.2962566252842,0.0349579376728,0.0727854718846,0.2169924538214,-0.0742574105920,0.0464884392569,-0.0527196020004,0.1165209874468,0.3843929581127,0.3275839322185,-0.2206606568230,0.1508723304080,0.2604041497890
0.3332180053208,1.0000000000000,0.3222847207239,0.1391491918577,-0.0016059237184,0.1076786278668,0.0385389128436,-0.2615521517715,-0.3731928303998,0.0062258772881,-0.1091031186417,-0.2318874633855,-0.2314418773943,0.3947824869917,0.2001020812300,-0.2450199238752,-0.2818413239508,-0.3813004343773,0.0193154826704,-0.2840581081911,-0.1875778485097,0.2417083969384,-0.0990082830070,-0.0754542787335,-0.3259970781411,-0.1315332890309,-0.2294751132909,-0.1544843683963,0.1327672389246,0.3892296798407,-0.1344866748663,-0.1981632095421,-0.0855835867202,0.0026994494448,-0.2039234883645,-0.0972784720501,0.0580633804211,-0.2577294652693,-0.0485869906533,-0.2619645313173,0.1169065236920,-0.0080232346047,-0.1697948767025,0.0824937062865,-0.1305546619123,-0.2174541256682,-0.2412024963613,-0.2043115024061,0.4330577577707,-0.1287887435866,0.2843865730871,0.8085128234498,0.0625035138546,0.2697500103193,-0.0533973787729,-0.0058600191538,-0.3163272358596,-0.2167380373040,-0.3291971057908,-0.1900585835784,0.0123108527563,-0.1258117061563,-0.1780883438199,-0.1985080241124,0.2792843085619,0.1206946051867,-0.1783788498455,-0.3210176830014,-0.0726731652929,-0.2832535109395,-0.2033739887944,0.0236785598231,-0.2375670501258,-0.2548491802292,-0.0668222575206,0.0735654166581,-0.1675209210335,-0.2597235154947,0.1795010998151,-0.1966525261252,-0.1104347419929,-0.1208539682087,0.4749125019729,-0.3642445725755,-0.1173877365678,-0.2940774815721,0.1457662001961,-0.1316617850738,-0.3263651486519,-0.1653503933408,-0.0986574738244,-0.2701931110937,-0.0292213595515,-0.2075754302253,-0.1801739053523,-0.1844701370079,0.3224372217443,0.1952978350697,-0.1730356208759,-0.2108648635319
0.7889667873312,0.3222847207239,1.0000000000000,0.4367938450878,0.5744711682844,0.6642686313376,0.3523031640996,-0.0538748804083,-0.1585860914511,0.0350895223369,0.1949494156186,0.0900635861397,0.0825480417694,0.3944056215777,0.1317704844508,0.2505538256954,0.0246331041249,0.0606793300829,0.1305809383287,0.1823303195491,0.1177266656518,0.0284354891070,0.1730556786815,0.1992182698564,0.2444451117532,0.4227135927321,0.3392909549856,-0.3095975859382,-0.3468926332424,-0.1230613038767,0.2147516170661,0.3497054263736,0.3148258470118,-0.3550006425086,0.1066643555613,0.2450944473572,0.3348965813998,0.3343339086193,0.0888703535973,0.0294124826693,-0.4168462603634,0.0324652723449,0.0230773855803,0.4036764230477,0.3198760412726,0.0389947687871,-0.0028002773000,0.2611454754252,0.2044310764892,0.0828006734253,0.7584794807226,0.7244695910053,0.6006329894563,0.8216786625281,0.5022381520869,0.2597514825371,0.0571812979661,-0.1023632012909,-0.0448613834644,-0.1339662517383,-0.0140987275035,0.1460372327715,0.0485511431295,0.0668841961684,0.5490225711077,0.3156112588486,0.2392734374309,0.0963753952484,0.1254855574822,0.1306665111016,0.0401943106704,0.1946391636299,0.0280229775794,0.2596620161643,0.1880646667128,0.3770492321136,0.2372941538181,-0.2531784260432,-0.2913306309302,0.2605355747737,0.3710850909599,0.3701018687759,0.1522289716532,-0.0461527459501,0.4650559849793,0.0135168484744,0.4710625319300,0.2492641119127,0.0215452505628,0.3710849505932,0.1621982540325,-0.0776994974190,0.3764161878110,0.1728591854178,0.4113906650707,0.4369352378292,0.2515679552577,-0.2469477180385,0.1137823718260,0.1564316242300
0.4758063410229,0.1391491918577,0.4367938450878,1.0000000000000,0.7148729454923,0.7028833327537,0.8434577610010,-0.1796109532645,-0.0222138648230,0.1891347858501,0.3166886741010,0.1789905890362,0.0558351470681,0.2921210580753,0.5866673400488,0.6394939212651,0.1526528114389,0.0903182934066,0.2163393630232,0.1115471643814,0.3120917261900,0.1100697450014,0.3443369259658,0.4815990847843,-0.0893196652120,0.1347227920792,0.2860312581859,-0.3073296301352,-0.2303980060519,-0.3090223400950,0.4587034622161,0.1433740795358,0.3329503466458,0.1040724292259,0.2295707791719,0.4667526524097,0.3616805571100,0.0454386818706,0.2418975500362,0.1115671392562,-0.1256826850845,0.1817909490495,0.4718893600814,-0.1046708527947,-0.1935573655115,0.1505337210607,0.1249498047889,0.4274984601960,0.2682653266834,0.3601644843139,0.5799628771555,0.2664863792007,0.8985897348175,0.6705737864451,0.7092672676889,0.7709141187730,0.0283349107007,-0.2811062413886,-0.0364096267661,0.0463373802754,0.0878388781877,0.2389527193208,0.1273964667912,-0.0446227896328,0.3755143592454,0.5256102446560,0.5765057669466,0.0531481601989,0.2611998548219,0.1625987053940,0.1019567063322,0.2196938298549,0.2266154922751,0.0238420089765,0.2637097020730,0.0968921726395,0.2037139066605,-0.2464492860426,-0.2976041422901,0.4380468699022,0.2439094440169,0.2572876084477,-0.0813497098906,0.2433291130121,-0.0789918031393,-0.0478299086655,0.3882124042820,0.5439123139412,0.2727503870950,-0.1542740743212,0.3322344441776,0.1055058981072,-0.0776169761478,-0.0445214926396,0.1190244933141,0.4202918110841,0.1283079545824,-0.1266120936825,0.2065056902070,0.3145443648415
0.6021753898620,-0.0016059237184,0.5744711682844,0.7148729454923,1.0000000000000,0.8376541770115,0.7264957205906,-0.0074649292516,0.0012371659798,0.2878651236889,0.5015967628949,0.3379310257021,0.2025023863174,0.2042868839077,0.3070737766520,0.4347093804313,0.2242058484539,0.2647924933165,0.0435217714251,0.1350482580013,0.3003270154544,0.1828850846979,0.3747242396215,0.3695878660389,0.1487598598832,0.2217012214155,0.3617832435029,-0.1905781721141,-0.2521408067470,-0.3479590490528,0.3426790667585,0.2285406096926,0.2675835414789,0.0016255604857,0.2710858717502,0.3372294714181,0.4144461779623,0.1672799366169,0.1945837174489,0.1194801167144,-0.1226019519169,0.2477032446615,0.2358368471526,-0.0011532012635,0.0608161337727,0.2221812492886,0.1941558737487,0.4715082541371,0.2659109585658,0.2920402218751,0.7160749075836,0.2313157396236,0.7195710568567,0.7777266951236,0.8434365483078,0.5945484999045,0.2202110399642,-0.1449361998169,0.1197957798448,-0.0535392695022,0.2587901525351,0.3710139923406,0.2639066140579,0.1026069923801,0.3793419077041,0.2419129107998,0.3169844226083,0.2264155963608,0.2037819600141,0.1418302284320,0.1623360602468,0.2987503646172,0.2560359506755,0.1519484076135,0.2580885459673,0.1259305656961,0.2340555113526,-0.1003400046114,-0.2957427893282,0.3656500907982,0.2041371731740,0.2352379065976,-0.0543312253583,0.1046386901855,0.1025543541960,0.0666889933138,0.4438910649362,0.4529669559430,0.1511916669422,0.0381364596173,0.2883693883707,0.0533361947797,0.0102366665637,0.1344838071707,0.3089800229669,0.4815888537074,0.1342433888649,-0.0783971426716,0.3105133761473,0.2830007311075
0.4963701437556,0.1076786278668,0.6642686313376,0.7028833327537,0.8376541770115,1.0000000000000,0.7575997292487,-0.0547612510387,0.0061511058965,0.2432358984760,0.4254019984015,0.2301415993837,0.1589050676604,0.2009458299109,0.2901632095026,0.4852282288022,0.1555203820214,0.1677187366936,0.1962857558520,0.2783721419621,0.2985944467515,0.1887174157550,0.3740308359410,0.4980915451391,0.1991255735373,0.3653190969885,0.4904094103428,-0.2344131519121,-0.2681338393825,-0.2491789133113,0.4189231713563,0.3477780397804,0.4326646389286,-0.1347789822392,0.2645610147227,0.3695565316193,0.4843333121708,0.3045274183281,0.2791644970988,0.1945686273907,-0.2299488635414,0.2031473658665,0.2365583662209,0.2162076974238,0.1134227689554,0.2548501107344,0.1400138180252,0.4904500637142,0.2916828877526,0.2595178763851,0.6311615132869,0.3222281619744,0.7056528673728,0.8482360831155,0.8513359094374,0.6720185962144,0.2198006964720,-0.1377702337305,-0.0066040776666,0.0419704729465,0.1411353729880,0.3038596322877,0.1862652982935,0.0570659774505,0.2580183963274,0.3153050574165,0.4103312037919,0.1579161452993,0.2093988338273,0.2412879441116,0.1556011643334,0.3777654379919,0.2740788392676,0.2724952291535,0.3097110758676,0.2279907919390,0.3819388107153,-0.1617926136503,-0.2580965006183,0.4439518888223,0.3683023201635,0.3824998738913,0.0316348386951,0.1310235395119,0.2513195782544,0.1214907063460,0.5691700152318,0.4388851582531,0.1534122701299,0.2049529611012,0.3489009801532,0.1267176407273,0.2463523643953,0.2462765848469,0.4107863818627,0.5323756361113,0.2121392046824,-0.1063043699761,0.2328088183152,0.1997846056566
0.3294894218588,0.0385389128436,0.3523031640996,0.8434577610010,0.7264957205906,0.7575997292487,1.0000000000000,-0.0027444330321,0.0847577200289,0.3075112344456,0.3454290052798,0.2450147618856,0.1894391102538,0.1762632586315,0.4411705194067,0.5813899025199,0.1883357352952,0.1605104332124,0.1995090192546,0.1295160644088,0.2701386241643,0.1705798444148,0.2470008366541,0.5412395105797,-0.0154457255574,0.1885877559655,0.2899091023748,-0.2321681033046,-0.1683813319887,-0.2448743680020,0.4407807988735,0.1772416148434,0.2649824255780,0.0812809103079,0.2906275609238,0.4888944747523,0.3961201552088,0.0989954126247,0.2885640240821,0.1579279842979,-0.0735036064881,0.2569143102627,0.3817033632201,-0.0538286768474,-0.1099306139481,0.1641768839296,0.1336704594281,0.4198720068548,0.2547750026321,0.3209617207044,0.4805349418789,0.1360144762031,0.7240417545559,0.6713040244531,0.8136700086125,0.8858396691352,0.2131891776679,-0.1069444084766,0.0889551582632,0.1412926882892,0.2384280604856,0.2856422195416,0.2094302296551,0.0722340758555,0.2006233407983,0.3500820443568,0.5166595609324,0.1393176144973,0.3336900368868,0.1921596184081,0.1291349900059,0.2289537105945,0.3459523445952,0.0980234399026,0.2469805048635,0.0717248351385,0.1897966756467,-0.1811410557065,-0.2077260840497,0.3702467121594,0.1972848355365,0.1851288643615,-0.0170851635102,0.1697831308149,-0.0319412071242,0.0325420492690,0.4180394921535,0.6072432365200,0.2513591775301,-0.0741102759089,0.3626292144334,0.0936467547969,-0.0204123135796,0.0411680134227,0.1649566874577,0.3730472151610,0.0756677083158,-0.0152638394986,0.2981224361859,0.2612490093025
-0.1030082208727,-0.2615521517715,-0.0538748804083,-0.1796109532645,-0.0074649292516,-0.0547612510387,-0.0027444330321,1.0000000000000,0.7539449299452,0.3955343219431,0.3246827131684,0.3969196321152,0.5842270078542,-0.2096323936727,-0.0653773307070,0.1815692718650,0.6079958348120,0.6169179719558,0.3365087063538,0.5290045875083,0.2586745868312,0.0754594443293,-0.0066811814958,0.2846407964146,0.5712216436938,0.1397818360874,0.3045365988493,0.0062036329947,-0.2157357422475,-0.2149399899083,0.1926877366939,0.1762685912733,0.2214856408477,-0.2447246739350,0.0895781439628,0.2135327614444,-0.0384322822097,0.3768387607072,0.0579766653088,-0.0577245952969,-0.1041095878881,0.1558352108610,0.0105642959354,0.1588443983691,0.3528534389791,0.0581526724273,-0.0968880222026,-0.0035907450799,-0.3174938799473,0.1803777103113,-0.1074285451569,-0.1475947344374,-0.1717977203751,-0.0527089820883,0.0280845208259,-0.0178128184042,0.7233566469132,0.8016786364450,0.7927786539500,0.5867611116420,0.4371405508817,0.4072851619710,0.3502167411789,0.5772758047331,-0.1066763186552,-0.0862881092621,0.1992613942504,0.6991855273001,0.4875930674930,0.5759576425384,0.4311828742103,0.0505069766635,0.5605531163493,0.5657966114039,0.1104097489710,0.0199357903801,0.2545587991133,0.0389866802864,-0.1910424211783,0.3532274613115,0.1398415178626,0.2897966334183,-0.3020885242002,0.0325927494424,0.3354284984274,-0.0514728531743,-0.0665216367376,0.0923177839404,0.1268840208801,0.4005862962819,-0.0200553138046,-0.0517510700394,0.2026949662764,0.1435061787811,0.1319040494161,0.0343910431170,-0.2324614674727,0.0253964898506,0.2313979461498,0.2551942376135
-0.2172569800833,-0.3731928303998,-0.1585860914511,-0.0222138648230,0.0012371659798,0.0061511058965,0.0847577200289,0.7539449299452,1.0000000000000,0.3250752082196,0.3558578724969,0.3751364497133,0.5171980858875,-0.2786679680357,0.0449318688726,0.3871613741225,0.5806450749511,0.6407956341349,0.4238603732426,0.7046477352043,0.3210354904676,0.0083347441088,0.1252364432468,0.4926217375060,0.5254360504138,0.1950919129487,0.3907604309785,-0.0727480124651,-0.2445370010743,-0.3282978850842,0.3614598421379,0.2149141491119,0.3078794426094,-0.1341371305105,0.1918552993999,0.2911324098134,0.0443904142465,0.4767789069913,0.1982360302718,0.0272741969654,-0.1240119199142,0.1580007505209,0.1606196010299,0.1573112317880,0.2563153365961,0.1544174945373,-0.0162574315117,0.1878590250957,-0.2937588350996,0.2488938863124,-0.1708720095257,-0.3154659380952,-0.0761371836975,-0.0584908009502,0.0603268717799,0.0745484149380,0.6779785670312,0.6429204395223,0.7752490650914,0.8655694613338,0.3176355525072,0.4390820718354,0.3647542670939,0.5309887366190,-0.2612993120170,0.0140396815213,0.3321313814150,0.6339471634327,0.4898343815464,0.7659306618075,0.4713259316674,0.1362437824537,0.7250486605780,0.6582672041563,0.2134612907852,0.1028129006984,0.3939836699182,-0.0477844555051,-0.2521599467014,0.5166181879438,0.2514559346732,0.3506380758041,-0.4875527897811,0.2003804335581,0.3505628262315,-0.0291814902017,-0.0233096448131,0.2160455035134,0.2612274981372,0.4021288062725,0.1165570346984,0.0495498769299,0.2159235070695,0.1297406175113,0.1475012944891,0.2128046865463,-0.2796930015887,-0.0468479538355,0.1917944931756,0.2569708693159
0.0314157444156,0.0062258772881,0.0350895223369,0.1891347858501,0.2878651236889,0.2432358984760,0.3075112344456,0.3955343219431,0.3250752082196,1.0000000000000,0.6466060733506,0.6570372783952,0.5927957002927,0.0345826654668,0.4279127949869,0.1362962723454,0.4998679081167,0.4070167248603,-0.1079533851051,0.0874407832738,0.4552441133105,0.6894084342717,0.3593716546219,0.4199238600252,0.2129492412310,0.1025527988743,0.3288276774906,-0.0228338041426,-0.1219679954132,-0.1954375714579,0.2905136347415,0.2857600477174,0.3735070794496,0.1704406745002,0.2780148886515,0.1224646540845,0.2730860199172,0.1113483675716,0.2896355648470,0.1920121111985,0.1400487864953,0.4467124148480,0.0997866370050,-0.0965886356431,0.0872381136542,0.4598703851564,0.2644404720769,0.2701078901560,0.1503471317966,0.6362688293265,0.0861875208115,-0.0308131680592,0.0893933590431,0.1371406106705,0.3834925256361,0.1974617268469,0.4627438352488,0.2824946959327,0.4156671988896,0.1738794124650,0.8783300863744,0.6706811306154,0.5599436766271,0.4452338320909,0.0661956913866,0.1035275268889,-0.0060384278368,0.4725821267677,0.2009009324941,0.2045822883585,0.5060824999860,0.5039386354382,0.5693928890129,0.2244255356555,0.1080692874427,-0.1112946815208,0.1121825031468,0.0025505164732,-0.1214732505877,0.3052064271700,0.1191934691421,0.3116871652865,-0.1001098318768,0.0449259901132,-0.0085330545659,0.0781343304624,0.1604518121269,0.1589301595188,0.1452268179770,-0.0170358885348,0.2066918075190,0.0147049768686,-0.0948619483920,0.2278145379832,0.2614889433348,0.0737406506405,0.0640675799727,0.4091202738219,0.4683270391537,0.4438103989631
0.2129452685956,-0.1091031186417,0.1949494156186,0.3166886741010,0.5015967628949,0.4254019984015,0.3454290052798,0.3246827131684,0.3558578724969,0.6466060733506,1.0000000000000,0.7154322558037,0.5938705999121,0.0042788994906,0.3566032895988,0.2359427742775,0.5358148540636,0.5294698288799,0.0607610286275,0.2150178197805,0.4762374582366,0.3793388986647,0.5132379608744,0.5182303278630,0.2154999667921,0.2809616063885,0.5150009282078,-0.1669117371818,-0.2099839053252,-0.4021261143016,0.3580504749532,0.3081313252023,0.3363001062875,0.0257760780443,0.2879218275757,0.1630818754816,0.3879660044572,0.2301937616894,0.3861295116581,0.2124455174928,0.0686423936151,0.3788115181953,0.1811734086108,0.0736169108069,0.0685147808072,0.3655813282262,0.1820991101838,0.4035348726070,0.0404043295496,0.5153358351534,0.2927022937672,-0.0146952179489,0.2619474295374,0.3554360957083,0.4683100139010,0.2468397929130,0.4513963776809,0.1576091032422,0.3879712981683,0.2534919261559,0.6046984822605,0.8253898541677,0.6289120911643,0.4818070846014,0.1256814266295,0.1775165420082,0.0620950750671,0.5150614680811,0.2572669478033,0.3016401631052,0.5343382920586,0.4916005751867,0.5777867779533,0.2883606549030,0.2641780610689,0.0694609633271,0.3585967547614,-0.0688161116516,-0.2442142413381,0.4270994418419,0.2625747903200,0.3058418347392,-0.2120390280967,0.1085467797133,0.0752050412368,0.0343046034584,0.3172027983502,0.2052769863655,0.2832200901304,0.0770114346966,0.3643386207187,0.1327228089341,0.0727420517601,0.1745878506887,0.2548316849080,0.3341983544724,-0.0224319124754,0.1175594743119,0.4355349198984,0.4344054967687
0.0951542192228,-0.2318874633855,0.0900635861397,0.1789905890362,0.3379310257021,0.2301415993837,0.2450147618856,0.3969196321152,0.3751364497133,0.6570372783952,0.7154322558037,1.0000000000000,0.6545334968859,-0.0703629183735,0.2401497388846,0.1939147014424,0.6819227129232,0.5411170055603,0.0324082523418,0.2041579975972,0.5864817695288,0.3181182089594,0.5768092115707,0.3600392278328,0.2582469758497,0.3100554265383,0.4077295706718,-0.1825669163518,-0.1816917006506,-0.4225221351516,0.2886201744018,0.3909342957933,0.3274347578744,-0.0680542155133,0.1689964074562,0.1059795277894,0.1916043569841,0.1388591286471,0.1613616902403,0.1240442948964,-0.0346391387506,0.3067744478273,0.0752224020799,0.0016042063927,0.0636872124988,0.3170006742225,0.1605309950246,0.1964715512691,-0.1858246567264,0.5098648957140,0.1504360145635,-0.1331215384272,0.1057392173747,0.2097598665135,0.3113398428862,0.1510786081439,0.4358878775503,0.2090363818923,0.4488445779482,0.2348329704306,0.5980978783420,0.8106634845379,0.8382465260557,0.5469845696595,0.0839962131537,0.1033470231528,0.0124839474934,0.5727965126491,0.2604727601166,0.3032999761576,0.6730500380550,0.5756050198891,0.5063716439791,0.3024162194143,0.1623483712092,0.1766604429972,0.2385903060271,-0.0826074335983,-0.2195701430219,0.3609603434171,0.2869257111281,0.3074325663885,-0.3005268126795,-0.0072985164800,0.0582290515399,0.0855379684669,0.1239161687241,0.1323806905759,0.1863477327691,0.0320090835179,0.0980674446316,0.0380664918817,0.0250065789344,0.1078090487712,0.2621988159485,0.1389330453153,-0.1973486669740,-0.0278716689789,0.4244466233095,0.4993208514151
0.0072656013833,-0.2314418773943,0.0825480417694,0.0558351470681,0.2025023863174,0.1589050676604,0.1894391102538,0.5842270078542,0.5171980858875,0.5927957002927,0.5938705999121,0.6545334968859,1.0000000000000,-0.1224785012887,0.1227464875464,0.2249899231211,0.6444890608602,0.5618456490910,0.0187777329470,0.3353160484621,0.3198747139478,0.2417827472516,0.2155258903492,0.3465195617145,0.4261407359006,0.2239110473367,0.3741074922548,-0.0733333458844,-0.2720630842684,-0.3492496334542,0.2279239813344,0.3236137562644,0.3610460849935,-0.1254140161153,0.1338233707912,0.0845352530828,0.0742532887962,0.3082387886919,0.1621644911798,0.0614261187918,-0.1945513272116,0.1937009657316,-0.0245039740658,0.1250922356346,0.3055433035591,0.2272983225771,0.1239467638580,0.2080473144835,-0.1851696424794,0.3579315190478,0.0538448493725,-0.0850080551802,0.0483373694229,0.1273553432229,0.2643832682213,0.0978255351043,0.7272923313275,0.4403843386824,0.6305778587906,0.3483225271916,0.5914439543260,0.7047230007736,0.6567009488039,0.8910627437036,0.0454025920386,0.0034221649806,0.1279307052408,0.7282913070757,0.2651774125008,0.4387610400387,0.4589118385760,0.3141955992643,0.5301908410690,0.4403844205812,0.0831305771989,0.0595288031724,0.1978985188663,0.0528912937074,-0.2815315371622,0.3947703902598,0.2650333961055,0.4072791902984,-0.3036175061674,0.0077056616298,0.3177549205594,0.1629343754179,0.0129318941646,0.1368445757694,0.2074080881276,0.3050454803997,0.1524771644706,0.0001048868271,0.1542717206223,0.2928504778776,0.3932550672544,0.1751836457074,-0.1688308532233,0.0724553803385,0.4387930334385,0.4230948590337
0.6798402872013,0.3947824869917,0.3944056215777,0.2921210580753,0.2042868839077,0.2009458299109,0.1762632586315,-0.2096323936727,-0.2786679680357,0.0345826654668,0.0042788994906,-0.0703629183735,-0.1224785012887,1.0000000000000,0.4420690515638,0.2193966118511,-0.0790146682571,-0.0519358556427,-0.1823942555405,-0.2135591240074,0.1417074219536,0.1224544187804,0.0792458954559,0.0609159543676,-0.2407973964315,0.1547686885282,0.0121241639174,-0.1304005717457,0.0061308151970,0.3377400389650,0.1959270520596,0.0588306443070,0.0573387083801,-0.0399715573539,0.0533481552700,0.1443453682028,0.1496979626252,0.0749230648798,-0.0256176422266,0.1754821170024,0.0662351489968,0.0989112552992,0.0224282123539,0.1066603745646,0.1138386178388,-0.0187159480051,-0.0486965425981,0.3282972266405,0.5693069654036,0.1187424061638,0.5887760678675,0.4655465916374,0.3145440256156,0.3203360279066,0.2324258759576,-0.0211668480819,-0.2653598678661,-0.3159238648052,-0.2398397748362,-0.2859400510091,-0.0730471965837,-0.0763386127697,-0.2065614028869,-0.1675834627023,0.7587754405613,0.4035075094520,-0.0146371474898,-0.1844090881905,-0.0655829028255,-0.1392692011375,-0.0596800726591,-0.0050586332631,-0.0198536945234,-0.2657320277019,-0.0874053881807,0.1554246873187,-0.0561093956277,-0.2273083901359,-0.0129354129107,0.0663181446338,0.0421575064406,0.0806734635696,0.3551879820980,-0.0525867084021,0.0318449421258,-0.2260674725318,0.1068402293344,0.3127460120395,0.0053779639362,-0.0560161247940,0.2266359211552,-0.0092340898995,-0.1127985063422,-0.0849783981867,-0.0703229038963,0.2135621438935,0.5851461217007,-0.0378873918362,0.1175915484624,0.1702454081833
0.3287866283991,0.2001020812300,0.1317704844508,0.5866673400488,0.3070737766520,0.2901632095026,0.4411705194067,-0.0653773307070,0.0449318688726,0.4279127949869,0.3566032895988,0.2401497388846,0.1227464875464,0.4420690515638,1.0000000000000,0.3892155939532,0.2692690214027,0.1681588796930,-0.1295045597083,-0.0893848931829,0.4263406836147,0.2584260666332,0.2548294865715,0.3758760664518,-0.1575500612166,0.0199246415112,0.1569412586081,-0.1243850105941,-0.1533286209960,-0.2007685054246,0.3860762234612,0.0671052290173,0.2641938633830,0.3263320998334,0.2530098949555,0.3378151163970,0.2589809656790,0.0490971582424,0.4336510201949,0.2259223116936,0.1377554002464,0.2207647437558,0.5009506779478,-0.1141135147468,-0.0925207021554,0.2383539314953,0.1501085407490,0.6029888782408,0.2981397988747,0.6369336828695,0.3228063248790,0.1321630031125,0.4465107506418,0.2803622516801,0.4456561640597,0.2565603569131,-0.0308823158949,-0.2591220346874,0.0387522023548,-0.0381129968556,0.3356882542230,0.2930959301391,0.1360373119426,-0.0071990723493,0.4723229949006,0.5612782702742,0.1481833328570,0.0809146816745,0.0834621964345,0.0745863744773,0.2386836390775,0.1436018056581,0.3143606954650,-0.1470403393406,-0.0569404411679,-0.1090379732827,0.0089089929013,-0.1388793622438,-0.2254151325966,0.3115421201973,0.0846740373139,0.1949938676990,-0.1218838965676,0.2496498865812,-0.1899187583555,-0.2018048548864,0.1268594531896,0.4477205045416,0.4793081325559,-0.2244767749826,0.5321288300698,0.1878443012124,-0.2515044560300,-0.1103872799053,-0.0680867448232,0.3831240388839,0.2017663637698,0.0519165065693,0.2879098117786,0.5245621077333
0.2334639459204,-0.2450199238752,0.2505538256954,0.6394939212651,0.4347093804313,0.4852282288022,0.5813899025199,0.1815692718650,0.3871613741225,0.1362962723454,0.2359427742775,0.1939147014424,0.2249899231211,0.2193966118511,0.3892155939532,1.0000000000000,0.4529054716864,0.4719963475184,0.3779457275954,0.4941124937465,0.5494442227409,0.0312105509057,0.3385363484647,0.6050084964557,0.2480890773449,0.2839682188270,0.3886824148378,-0.1562625998878,-0.2261431921932,-0.2736674003861,0.7548075269344,0.2954966899061,0.5299800296113,-0.0611597747218,0.4321760294916,0.6911047894572,0.2372050607948,0.4747023934576,0.1926659613123,0.1104125007707,-0.2172665252793,0.0783071945420,0.4713931068830,0.0365610878541,0.1580788609512,0.1885588167558,0.1636394407408,0.4872402179095,0.1203623456732,0.3794013078104,0.2665676692367,-0.0770740327618,0.6114737447676,0.3657553668223,0.5297559635318,0.5205977174363,0.3405086906780,-0.0225831369531,0.3187330068226,0.3197900980508,0.0157104369007,0.1716381508519,0.0872551816756,0.1333150246894,0.2348160363023,0.4770267255589,0.7908081958866,0.3430173757291,0.4840696967610,0.5337701071126,0.3614520828988,0.1694287677018,0.4524914907521,0.3440664792600,0.3912696782420,0.1830071935672,0.2766848663793,-0.0897370207273,-0.2798892280747,0.7766146937028,0.3485866089695,0.5522098116872,-0.2753486540558,0.4733016439198,0.2767341445209,0.0176420155660,0.2174294785223,0.7498901446964,0.4043744939077,0.1689424628600,0.3842374780815,0.0888820141499,0.0211389767961,0.1099324974374,0.2310656380812,0.5352489681261,0.1053072454731,-0.1380705224066,0.2162196289702,0.4092005406517
0.0187870054209,-0.2818413239508,0.0246331041249,0.1526528114389,0.2242058484539,0.1555203820214,0.1883357352952,0.6079958348120,0.5806450749511,0.4998679081167,0.5358148540636,0.6819227129232,0.6444890608602,-0.0790146682571,0.2692690214027,0.4529054716864,1.0000000000000,0.7029247647392,0.2512912539304,0.4551044630135,0.6765911312464,0.1558814336702,0.3349107014253,0.4794018042589,0.3903163692402,0.1711374312449,0.4019633684958,-0.2098110725665,-0.3638727184742,-0.5210645469466,0.5236048979785,0.2479935177989,0.5039361972785,-0.0421845980360,0.1986514815898,0.3686331669692,0.1278162147586,0.2855259280114,0.2442191162540,-0.0464825105378,-0.1903550871025,0.1071201056056,0.2420472507344,-0.0370684937772,0.1270891340544,0.1997227434351,0.1115031418712,0.2882056993454,-0.2342761631044,0.4306569852876,0.0747855538888,-0.1702923287662,0.1074073340485,0.0918180798295,0.2774439171265,0.1292591084372,0.5905856051449,0.3686412639435,0.6417820275416,0.4200075637704,0.5104069505024,0.5825368277646,0.5957450790147,0.5744270403923,0.0978276649046,0.2292243027757,0.3260294302646,0.8006275734391,0.4945274845804,0.5939539209449,0.7524880854372,0.3052102656091,0.6085912639779,0.4687463001627,0.2025500363532,0.0006521684349,0.2405513489933,-0.1067069606590,-0.3990239508197,0.6418188216489,0.2461296033734,0.5405507443310,-0.4418302806638,0.1811787208721,0.1658581591454,-0.0575024356196,0.0500793348082,0.2961049733191,0.3153895503333,0.1640713043959,0.2184096101780,-0.0398926223942,0.0030574593253,0.0793179859431,0.2512668821834,0.2793201543980,-0.2101267313398,-0.0767959631945,0.3443978556758,0.4952736414313
0.0660738746526,-0.3813004343773,0.0606793300829,0.0903182934066,0.2647924933165,0.1677187366936,0.1605104332124,0.6169179719558,0.6407956341349,0.4070167248603,0.5294698288799,0.5411170055603,0.5618456490910,-0.0519358556427,0.1681588796930,0.4719963475184,0.7029247647392,1.0000000000000,0.0682323035113,0.5012153864156,0.5061084060864,0.2067537582803,0.2951989756714,0.4377145970217,0.5279065103204,0.2645077108254,0.4042498303124,0.0875890509081,-0.1119813900899,-0.2982686554529,0.4455821133748,0.2320409343356,0.2757160907869,-0.1154761809228,0.4075156064807,0.2121007080534,0.1471487508033,0.5035621530491,0.2515470852201,0.1204364070296,0.0252121469767,0.1597630643763,0.0818471397312,0.0913127638977,0.3455499394361,0.2086079718431,0.1309017790818,0.3505280239214,-0.1153676126963,0.3595720911963,0.0280165451160,-0.2376468396731,0.0782970241123,0.1080403732036,0.2762776396230,0.0085830311576,0.5894253687177,0.4019979315724,0.7335699530096,0.3558260263692,0.3706966495717,0.5293213325462,0.4195451891471,0.4861422226217,0.0988226949514,0.0333541933742,0.2129002277230,0.7661444943867,0.3114574302912,0.5184442499701,0.5350158899095,0.2427117147464,0.6293186472415,0.5210977614702,0.2308279586174,0.0657152606124,0.2716657173572,0.1770689679347,-0.1468210369770,0.6311649868798,0.1947372603555,0.3848604178163,-0.3715003419179,0.1832757499683,0.3493928829247,0.0312400631571,0.0420554650769,0.3779453028222,0.3766780408452,0.3184036746421,0.3224068647260,0.0805487452031,0.0867484545784,0.2008575021232,0.2093171990354,0.3661956815175,-0.1290823852091,0.0998067583004,0.3387605305127,0.4480836415603
-0.0490210170176,0.0193154826704,0.1305809383287,0.2163393630232,0.0435217714251,0.1962857558520,0.1995090192546,0.3365087063538,0.4238603732426,-0.1079533851051,0.0607610286275,0.0324082523418,0.0187777329470,-0.1823942555405,-0.1295045597083,0.3779457275954,0.2512912539304,0.0682323035113,1.0000000000000,0.5653264102250,0.1821941717005,-0.2425899118243,0.0207636346569,0.4596449703085,0.1335234119960,0.1539557097788,0.3082816590886,-0.4008634661494,-0.3597938290320,-0.2611461730834,0.3005559142911,0.1083037690222,0.2666833966070,-0.3013237273415,-0.0543311805345,0.5553571222664,0.0995583391510,0.1465789338628,0.0761526506890,-0.1748097207076,-0.3414849333429,0.1170414295660,0.3033126233262,0.1410657732518,-0.1847955630089,-0.0877075101221,-0.2289873778083,-0.1278714283060,-0.2272562309567,0.0137867209017,0.0546885990254,0.1502923101964,0.2319806176730,0.1554911588449,0.0363181645245,0.4252306032770,0.2480708233381,0.3724918227617,0.2611655216918,0.6951758923769,-0.1005717337194,0.1158684837692,0.0948623153210,0.1600929480361,-0.2134364506773,0.3299450606717,0.6322452417379,0.2565163783374,0.7615025953380,0.5842857672098,0.2774160210948,0.0154890302516,0.3416054674679,0.4205025189811,0.4576810084275,0.1711902670537,0.4385769514660,-0.3635375047976,-0.3227284640341,0.4082047767494,0.2792506887618,0.2786279663044,-0.0959043358127,0.2125185362016,0.1487923146638,-0.1424028652890,0.2701996626277,0.1283418875572,0.1451476236781,0.2229734646997,-0.0605157057858,-0.0675799077627,0.3083495574421,-0.0449627447645,0.0644166304043,0.1321072156427,-0.1296410798426,-0.2933244588814,0.0600859504780,-0.0075649346016
-0.0389915327070,-0.2840581081911,0.1823303195491,0.1115471643814,0.1350482580013,0.2783721419621,0.1295160644088,0.5290045875083,0.7046477352043,0.0874407832738,0.2150178197805,0.2041579975972,0.3353160484621,-0.2135591240074,-0.0893848931829,0.4941124937465,0.4551044630135,0.5012153864156,0.5653264102250,1.0000000000000,0.3568560501638,-0.1096707516682,0.1968411198232,0.5074494249857,0.7510917788677,0.4369420874196,0.6172969887252,-0.1927786792959,-0.3680930730422,-0.3362987954737,0.4317727345923,0.4208308913220,0.5668917153175,-0.4067636426490,0.1657689603675,0.3377032867138,0.0869059704309,0.6377820905489,0.1371135677270,0.0015273203718,-0.3799712020705,0.0024616097629,0.0987594942500,0.3969075964614,0.3450995951319,0.0997096560860,0.0080885814472,0.1400598299930,-0.2463342192726,0.1670002252746,-0.0014046051226,-0.0512794934631,0.1731071936971,0.1519558829091,0.1616645673462,0.2097617950287,0.5824412628909,0.4826239467668,0.4876566410944,0.6607803025644,-0.0165142812719,0.2486279339326,0.1766114042829,0.3400508178723,-0.1850577476856,0.1438718967911,0.5186608908658,0.5225172196557,0.4032261562852,0.8615752472299,0.3620872508338,0.1753707390382,0.5349284355874,0.8889568065538,0.2943206911031,0.2544807376560,0.5137421858140,-0.1241852653667,-0.3286070888880,0.6444850467134,0.4924106902320,0.5689775950140,-0.4299522153498,0.1825423283751,0.5699054497604,0.0698506867098,0.1465965704673,0.1425423324301,0.1458393904876,0.6418059520712,0.0395667705858,0.0156783799807,0.5089746242914,0.3060610455534,0.4085241855749,0.3191903193211,-0.0981097015773,-0.2340337002234,0.0723116442475,0.1814877447822
0.1428493582728,-0.1875778485097,0.1177266656518,0.3120917261900,0.3003270154544,0.2985944467515,0.2701386241643,0.2586745868312,0.3210354904676,0.4552441133105,0.4762374582366,0.5864817695288,0.3198747139478,0.1417074219536,0.4263406836147,0.5494442227409,0.6765911312464,0.5061084060864,0.1821941717005,0.3568560501638,1.0000000000000,0.2604397660976,0.5367322081522,0.5848921900762,0.2863858084712,0.3471979682504,0.4670828646760,-0.1651001802154,-0.2222789410313,-0.3158040674130,0.6111924941941,0.3950208534599,0.5759810310335,-0.0094668627261,0.3934366401934,0.4590584519910,0.2061956536339,0.3311299507614,0.1931845243235,0.0304707044143,-0.1408978313335,0.0983780852985,0.3930749733485,0.0117708271286,0.1003271789985,0.2449188284003,0.2127072188300,0.4177511738370,0.0392518861955,0.5854784794350,0.1616249704241,-0.1075084237663,0.2664873362527,0.1543346108876,0.3597851084851,0.2203454982213,0.3151415256434,0.0172180811869,0.3156243584802,0.1774830786232,0.3176806082001,0.4780067263316,0.3894991860037,0.1607622851179,0.1922578049684,0.4516897138953,0.3010669514223,0.3973623508915,0.3649540380485,0.3975938742446,0.7828292818962,0.4476839062465,0.5233602283959,0.3486635654896,0.3571869807424,0.1762686564373,0.1844450845531,-0.1140775188964,-0.2888243643501,0.5905440123854,0.3011914540185,0.4977021737693,-0.3312310343044,0.3332698906251,0.1341981483961,-0.0603909133425,0.1624699618119,0.4720968138690,0.3285170527247,0.0437972022422,0.2660212893688,-0.0277560851532,-0.0640731281841,0.0186384128398,0.1922507584478,0.3890600914556,0.0210349446990,-0.0694249103513,0.2496195311235,0.5546951056393
0.0266046663688,0.2417083969384,0.0284354891070,0.1100697450014,0.1828850846979,0.1887174157550,0.1705798444148,0.0754594443293,0.0083347441088,0.6894084342717,0.3793388986647,0.3181182089594,0.2417827472516,0.1224544187804,0.2584260666332,0.0312105509057,0.1558814336702,0.2067537582803,-0.2425899118243,-0.1096707516682,0.2604397660976,1.0000000000000,0.4057907060908,0.1837474806275,0.0393895476648,0.0200046569253,0.1303126796656,0.2260791352024,0.2494440586027,0.1775641615572,0.1345614832003,0.1036154447556,0.2221017087240,0.2257895598263,0.2614250156945,-0.1042048999151,0.2036105517737,0.0805770621681,0.1255265035104,0.1883459693411,0.3956085247507,0.2211604902579,-0.0480668766396,-0.0635094756075,0.1191603924155,0.5060726007735,0.3461329172575,0.0849658201649,0.4535154359896,0.3196275038327,0.0050243236565,0.0695415452120,0.0035699832053,0.0814018333118,0.2251528370242,0.0287476426033,0.1130493268647,0.0084262125057,0.0740341859344,-0.1333037362994,0.5601849972599,0.3657403849853,0.2582243266036,0.0706183271549,0.0479468734390,-0.1036518532632,-0.1769199898399,0.1019335689633,-0.0963306298282,-0.1590323674216,0.2162941996714,0.5462250634651,0.2033303407239,-0.0556443455223,0.0918031724961,-0.1206201500072,-0.0457223557409,0.1699797313097,0.2179490353712,0.0905601070061,-0.0869396721435,0.1077363617384,0.1346702774260,-0.0869218173017,-0.0792413175358,0.0770659317011,0.1226125344643,0.0490880431607,-0.0828562133166,-0.1573097444156,0.1027219932625,-0.0494759128374,-0.1740178197734,0.2658870885353,0.1386143613526,-0.0705028948353,0.3432289979285,0.6624254146450,0.1199675368592,0.0992938724004
0.2024488782146,-0.0990082830070,0.1730556786815,0.3443369259658,0.3747242396215,0.3740308359410,0.2470008366541,-0.0066811814958,0.1252364432468,0.3593716546219,0.5132379608744,0.5768092115707,0.2155258903492,0.0792458954559,0.2548294865715,0.3385363484647,0.3349107014253,0.2951989756714,0.0207636346569,0.1968411198232,0.5367322081522,0.4057907060908,1.0000000000000,0.3963786627914,0.1655005118494,0.4046515700048,0.5579695731249,-0.2210395162795,-0.1085685715922,-0.2745304882150,0.4541195021072,0.4686739984006,0.4804305353403,0.0589663708254,0.2340827354737,0.1013649007964,0.3609038056302,0.2054525036879,0.0401253264214,0.1493901095590,0.0280816569379,0.2384898314684,0.2101300436826,0.0129223847567,0.0714930528882,0.5582318505456,0.4014622455938,0.1981622516607,0.0631483548939,0.4501302551486,0.2110424438573,-0.1057105658716,0.2576565953334,0.2831048407604,0.2742753819219,0.1228254075276,0.1176714550914,-0.1972236498327,0.0036157798113,0.0096347599732,0.1924911065246,0.4407666334622,0.4547582171953,0.0709023205770,0.1043489086372,0.1027025075887,0.0302945933090,0.1487681670284,0.0667735745132,0.1609196296376,0.3950145358614,0.7881390578940,0.3121964013016,0.1760341298856,0.4183531654675,0.3278520265378,0.4232581596782,-0.2200942563313,-0.1613991975046,0.3837669064306,0.3005129679157,0.3327553432700,-0.2177492395903,0.1269372763966,0.0515221349383,0.1026896497279,0.3548847117165,0.1554961470492,0.0520621281940,-0.0698119291016,0.1003523058072,0.0290519119749,-0.0235986310315,0.0646605578006,0.2727604247463,0.1268219652062,0.0302642223830,-0.0457191613589,0.1682776153837,0.3053072789601
0.1319800768018,-0.0754542787335,0.1992182698564,0.4815990847843,0.3695878660389,0.4980915451391,0.5412395105797,0.2846407964146,0.4926217375060,0.4199238600252,0.5182303278630,0.3600392278328,0.3465195617145,0.0609159543676,0.3758760664518,0.6050084964557,0.4794018042589,0.4377145970217,0.4596449703085,0.5074494249857,0.5848921900762,0.1837474806275,0.3963786627914,1.0000000000000,0.2304213099290,0.3719097057516,0.6169215106406,-0.3408795239979,-0.3041159276848,-0.3586241349455,0.6667007751131,0.3344521125157,0.4962696367158,0.0095556510014,0.3190520620202,0.5850515157881,0.5569358835680,0.3150206882173,0.4325774475387,0.1220371643536,-0.1464786477999,0.3305049234367,0.3999308801930,0.1285768349511,-0.0743683274469,0.3137728400283,0.1453677658194,0.4338704222994,0.1047043898138,0.5176348109992,0.2332060336256,0.0035058540877,0.4073796760614,0.3671990089748,0.4826944418089,0.5011901066756,0.4540501594618,0.1376209471518,0.3077222191835,0.5204275096078,0.3249822063073,0.4600723041550,0.3055535959271,0.2806126261056,0.0527482174734,0.4885214317755,0.4544694752179,0.4086343785042,0.5553179373227,0.6130644623039,0.5347161644209,0.3840101104995,0.7853964583386,0.4860887122677,0.4891972507535,0.2035771995620,0.4864280811028,-0.2696371898557,-0.3221171280242,0.6856957045286,0.3759399154962,0.4460113254718,-0.1666930032814,0.2666616661976,0.1567005201474,-0.0104391057125,0.5638854914103,0.5361428422350,0.3880937269024,0.1358229249971,0.4941009456443,0.1242899372788,0.1866628739427,0.0807438991616,0.2380227447773,0.4350812693144,0.0173405761264,-0.0299564655966,0.3922892652081,0.4579115030294
