1.0000000000000,0.6235807433732,0.7496796191632,0.5039744431660,0.5985854454782,0.3685847010088,0.4547701012240,0.0785244048672,-0.1951110781301,0.1808022576935,-0.2751661721315,-0.3343162926338,-0.3082618098643,0.6186239378336,0.3497380289955,-0.0298487646476,-0.2681952575686,-0.1251350704242,-0.3277502638535,-0.3907050007909,-0.3309792049554,0.1906923449317,-0.3951841767845,-0.2701054790036,-0.2795594695099,-0.2230687516817,-0.3407662944950,0.2810975931334,0.0929768779751,-0.0084651432996,-0.2114411668046,-0.3440651473733,-0.3849023819890,-0.1878099276169,-0.0109517313680,0.1446723056610,-0.2683154754974,-0.2553592981717,0.0549238156545,-0.1547133651032,0.4048704381280,-0.0390931968152,-0.3149551184326,-0.1623759162128,-0.0773841852192,0.1204397256015,-0.1617782716150,0.1274514893231,0.1013579316376,-0.0331758917595,0.8547842893333,0.6526557769094,0.5080287829007,0.5752220004898,0.2311314651579,0.3438297581758,-0.1206617978336,0.1711273293482,-0.1302759338260,-0.2542911661023,0.3911018297767,-0.1234230502684,-0.0578832640515,-0.2863427756631,0.5433256860938,0.0096940956818,0.2742252686343,-0.2440602185380,-0.1225859716314,-0.2499647873980,-0.2510388863293,0.0312724059670,-0.1736447901330,-0.2433540496511,-0.1947236891152,-0.3180814003740,-0.3651124872908,0.1151722594393,-0.0777043208752,-0.1285001155092,-0.4134148433035,-0.3155998426652,0.1542758297334,-0.2078343611239,-0.1736050352901,-0.2044983672507,-0.1709274244005,0.2090679476918,-0.1256972677673,-0.2651664291269,-0.0308768355252,-0.0245819006956,-0.1991281730693,0.1777280521404,0.1054532875871,0.1092869933462,0.2759768760500,0.4832216165749,0.0906883515371,-0.2940050603177
0.6235807433732,1.0000000000000,0.4822197191880,0.3960958080625,0.0037334894943,0.0325352857147,0.2974402743522,0.0471198480631,-0.1562762467975,0.1123895389159,-0.3116565516382,-0.3713388294153,-0.2121914070984,0.4826314469695,0.3563699961979,0.1678589097643,-0.0980628780300,-0.0141064227623,-0.2272467956251,-0.4262920197547,-0.3140415241869,0.1534858742816,-0.3747493311102,-0.2780171729917,-0.3774138815899,-0.1757899427532,-0.4363028275388,0.3573061588156,0.3987384895103,0.4389868590919,-0.0071272147116,-0.2214907456695,-0.2468996512239,-0.1648943625060,-0.0221656482229,0.0867483024677,-0.3038066533693,-0.1515249313968,0.0520528537230,-0.2247026756660,0.3040835007581,-0.1172115902736,-0.2864106177479,-0.1904829028808,0.0411031618886,0.0234323309627,0.0018382527688,-0.1287527870653,0.2446530699211,-0.1055091285022,0.3931663769225,0.8339601804777,0.3077726653526,0.2737779043420,0.0505639866134,0.2213041216938,-0.1275973160581,0.2007798029359,-0.1494547170269,-0.2351128376313,0.1818057483926,-0.2754343578217,-0.1457965799724,-0.2455020406811,0.5509517638699,-0.1272430604582,0.2385199973515,-0.1372087149450,-0.0457964360327,-0.3503734041949,-0.2476858457166,-0.0444749916903,-0.2635030533919,-0.4759020387821,-0.2329517897042,-0.0955832428054,-0.5205626240867,0.2449270775901,0.2474241693119,-0.0656223300300,-0.3305488429537,-0.2505781713243,0.3854429929040,-0.1002133811748,0.0082666312887,-0.0752431773677,-0.2981165568023,0.1146680679591,-0.2089973076817,-0.1309294051096,-0.0692534370873,-0.2570591910564,-0.1595582052939,0.1220763782929,0.1366380256286,-0.0216944602832,0.4029187136893,0.2030858040684,-0.0805871106829,-0.3366093367279
0.7496796191632,0.4822197191880,1.0000000000000,0.6905461888827,0.5166049956935,0.6327608562382,0.7074818577579,0.2442091779893,-0.0478695676508,0.2444583499543,-0.3384716140733,-0.1959024820987,-0.1166394426580,0.3508333348084,0.4312025131565,0.1014066928037,-0.0667538976283,-0.1213025824294,-0.1271382866657,-0.2902368946301,-0.3988896944201,0.0650103954745,-0.4023674311643,-0.3370922772279,-0.2637229670899,-0.2812915335443,-0.3370577127775,0.0423326794132,-0.1307383367966,-0.1663058259804,-0.1716483514951,-0.2733481965136,-0.2476566063593,-0.1950973168901,-0.0244701150556,0.2652900248395,-0.3569652596015,-0.4443225944375,0.0922060709096,-0.1985260477891,0.3235423121194,0.0748591923751,-0.2855364315779,-0.1446950418257,-0.0951672214504,0.1235707221626,-0.1104033477798,0.1864282514931,-0.1247028725057,0.0204208708913,0.7414598154949,0.6403245129685,0.6796432534427,0.8694301755015,0.4616210288096,0.6576436227094,0.0556762099434,0.2793147858498,-0.1269224515302,-0.1343711964836,0.4558609461704,-0.1046371287089,0.0795042791520,-0.0515665542232,0.5653850487179,-0.0363090666005,0.4617478837912,-0.0436106153701,0.0610589074313,-0.1035217765405,-0.1145297913622,0.0128471724550,-0.1601532032620,-0.2540826721753,-0.2801396249730,-0.3520494506351,-0.3805075411717,-0.1961817785558,-0.2696236867414,-0.0285190728181,-0.2746978054119,-0.2709446669750,-0.0291382740125,-0.1360528815370,-0.2499817735619,-0.1455523058486,-0.2594629787164,0.3205535102192,-0.1823738386920,-0.4448444890630,-0.0466242370620,-0.2176545508035,-0.2465709746926,0.0955811018357,0.0912297104756,0.1177006529766,0.0302006026932,0.4141136296503,0.1811865088699,-0.2802929885730
0.5039744431660,0.3960958080625,0.6905461888827,1.0000000000000,0.2897757058074,0.5833850598975,0.8530248770272,0.3298431128913,0.2115250535512,0.1491730359084,-0.3280437037175,0.0012142548228,0.0314120899921,0.2478049309752,0.5558635692653,0.3474163697852,0.2035265953193,-0.0106038225975,0.1710129311165,-0.0545945937076,-0.1712274352595,0.0015126871657,-0.3635968788861,-0.0770875695230,-0.1949957527043,-0.3531669938639,-0.2967132733346,0.1127667356775,-0.1082675708839,-0.2399602383705,-0.1254069896889,-0.1904465726227,-0.0812795748640,-0.2129818986066,0.2137547539729,0.4610752712899,-0.3953281715535,-0.4257831622769,0.0707430688884,-0.1691133056077,0.2371243069169,0.0247316000347,-0.2320748240649,-0.0928742285676,-0.2948722027775,0.0249730962422,-0.1054050187847,0.3099120134644,-0.1494277221600,0.1161852304604,0.4968068823029,0.5547747604108,0.8879269494242,0.7270269028945,0.5963889884139,0.8492873533841,0.1746537441490,0.2755057334971,0.0477613124435,0.0701495894287,0.3031556067206,-0.0083954815714,0.1526950931166,0.0821444374548,0.4270418355681,0.2261302629698,0.5116084841269,0.1289981741753,0.3627643514273,0.0319705516494,0.0960283286271,-0.0118551534977,0.0022969633062,-0.1513119721041,-0.1253153531811,-0.2709985398100,-0.3539453174556,-0.2394294212554,-0.2011906896110,0.0474148945177,-0.0260609911581,-0.1468210265245,-0.1876231801295,-0.1769354665526,-0.4157633160983,-0.2314234017458,-0.2145501640399,0.4995779951262,-0.0600769649554,-0.5086130740394,-0.0641005237012,-0.2544468815468,-0.1677948837561,0.0154452981084,0.0181296764800,0.2998671970407,-0.0411528338516,0.3078363126664,0.1528727007877,-0.0334538928767
0.5985854454782,0.0037334894943,0.5166049956935,0.2897757058074,1.0000000000000,0.6126377795170,0.3120054201949,0.1524514139606,-0.0153395484752,0.3175031422669,0.0969097180996,0.0371806102394,-0.1240413389621,0.3994434499951,0.3361812532418,-0.2762381896335,-0.2370537650817,-0.0138280141708,-0.1484316929287,-0.1117059641422,-0.0204071657581,0.3026571399611,-0.1418014178952,0.0877829982104,-0.0022082368817,-0.1590530220894,-0.0902077316307,0.1382017881091,-0.1258971767994,-0.2838899739346,-0.2502118413818,-0.2806595949113,-0.3097178619864,-0.2072857264299,0.0150449467137,0.1272538028199,-0.0053972896921,-0.1489092930754,0.0410673260448,-0.0140522752717,0.3468197090287,0.1589426964706,-0.0838565985170,-0.0991869277109,-0.1124790202052,0.2196441387158,-0.1470823418624,0.4390966298144,0.1818425687851,0.1948608194104,0.7264541493775,0.0438705222807,0.3520351206453,0.5870414825119,0.4653601032190,0.2828071077747,0.0360697399478,0.0235381945733,0.0482058348296,-0.0172896394123,0.3757085531395,0.1095348171157,0.0468632178857,-0.1187922837642,0.2090580936749,0.1630096604342,0.0004184006366,-0.1782305124103,-0.0223418185692,0.0083626506003,-0.0770601177113,0.1091782838142,0.2280376411331,0.1290175822907,-0.0308375543695,-0.3280243334214,-0.0314145391087,0.0330523253104,-0.2181388751640,-0.0898103665155,-0.3012503337479,-0.2794757912748,-0.0719317616421,-0.2270411760351,-0.2235686744382,-0.2451848963368,0.1082440573582,0.2615911020268,0.0000556660035,-0.1914665417935,0.0961028356524,0.2537739336555,-0.1674280203509,0.1290846688859,0.0558843888544,0.2751068749899,0.1216705834107,0.3952177293801,0.2630459371983,-0.0129877177744
0.3685847010088,0.0325352857147,0.6327608562382,0.5833850598975,0.6126377795170,1.0000000000000,0.7182345157467,0.3659367653304,0.3658839513348,0.4733774176928,-0.0900050177486,0.1991161009551,0.1034109624377,0.0653236421996,0.4941355717149,0.0169102393297,-0.0372676347855,0.0266918608635,0.1714759288834,0.1540145504850,-0.1519208511965,0.1991263350792,-0.1574766448981,0.0048914888319,0.1142340709583,-0.2366009282789,-0.1794942560763,0.0225825343617,-0.3141822400282,-0.3526037476087,-0.1834328611594,-0.0933065009653,-0.0173749719343,-0.0977343021939,0.0184167739737,0.3486193915780,-0.2302372851461,-0.3437543049373,0.1181267280070,-0.0081530782094,0.2689863560647,0.3753883539380,-0.1260145093261,-0.0404881695338,-0.1038270040955,0.3585272346256,0.1096232784939,0.5956139922551,-0.1056061202195,0.3857856132999,0.4340337583817,0.1439488192135,0.5893689355468,0.8120177748386,0.8217881732499,0.6489917056294,0.2522925591048,0.2246344134684,0.1811812922266,0.3145756849879,0.4872998207520,0.1467323487625,0.2746517527524,0.1131493286877,0.2413221942187,0.1373195584287,0.2114172787694,0.0235046590426,0.3151046328742,0.2318656732364,0.0416455075452,0.1399484780097,0.2040095855728,0.1500449409514,-0.2039175904937,-0.3700371431171,-0.1125377991711,-0.2853784662904,-0.3635254204715,-0.0139584318655,-0.0621628953266,-0.1242499179031,-0.2492704971511,-0.1851564639273,-0.3244448915966,-0.1274952987208,-0.1696341265193,0.4220848960277,-0.1473969613037,-0.4189733098067,0.0522162668936,0.0059457594953,-0.1764875821700,0.0542776480548,0.1236720490617,0.4074055103891,-0.1671787234788,0.2405710523466,0.4272353581400,0.1592820629203
0.4547701012240,0.2974402743522,0.7074818577579,0.8530248770272,0.3120054201949,0.7182345157467,1.0000000000000,0.4986955154706,0.4229350264240,0.2400957891812,-0.4478741726760,-0.0147188566247,0.1113736528474,0.0812146892865,0.5358646145331,0.2286925228669,0.1546180583121,-0.0092564106239,0.1615304782693,-0.0356767724383,-0.3056233307851,-0.0628874284973,-0.4831021566849,-0.1936773874431,-0.1650324805625,-0.3697704357409,-0.4274047408146,0.1212217718555,-0.1945890364568,-0.3818331314795,-0.2724681672478,-0.2279994696454,-0.0806937116594,-0.2163782424975,0.1369875885745,0.5590186780483,-0.4964749529053,-0.5098657052339,0.1215759124467,-0.1870535316859,0.2635692981143,0.0827360533193,-0.3394066155328,-0.1175948153007,-0.2574232602136,0.0733598404947,-0.0972427155037,0.3413203393221,-0.3249506805666,0.2178230305778,0.4412072389968,0.4469321336405,0.8311661725257,0.7705574637872,0.6727728385172,0.9096648890667,0.2829911214901,0.4463355932831,0.1401063444032,0.2552917180644,0.4723428887011,-0.0402847588554,0.2512723387487,0.2222246046850,0.3896358390951,0.1851745220440,0.5378062880629,0.1391183379840,0.4259138788849,0.0941134802623,0.1859926308627,-0.0833703360648,-0.0065020568110,-0.1370009941075,-0.1348861529826,-0.3391171758480,-0.4177539498973,-0.2871859861634,-0.2966312614205,-0.0829465374842,-0.1354694822702,-0.1053741913595,-0.2406833864368,-0.2150003843124,-0.3848169259259,-0.2500158714486,-0.3110882808235,0.5489585509846,-0.0486629552576,-0.5513761819924,-0.0416337193277,-0.2625545030734,-0.1944888603773,-0.0002531593251,0.0821694028970,0.3076518863064,-0.1555987206551,0.3525636742600,0.2616103657888,0.0440198358511
0.0785244048672,0.0471198480631,0.2442091779893,0.3298431128913,0.1524514139606,0.3659367653304,0.4986955154706,1.0000000000000,0.6045670543996,0.1091361536138,-0.3129980801126,0.0874374854924,0.3368161292104,-0.1500135605288,0.2313259276720,0.0509428289638,0.4145855022059,0.4027786274370,0.3069815617083,0.2323642532635,-0.2260639930056,-0.1077100777758,-0.3596742638865,-0.0870616203477,0.0046418417331,-0.2501586192025,-0.2495009914974,0.1272524191452,-0.2425478147154,-0.3536971114965,-0.1517680218716,-0.1721716377304,0.2001201540541,-0.2930403757870,-0.0188582777620,0.4239048659636,-0.4368688847527,-0.1543782121000,-0.1357016540620,-0.1123289145845,0.0136514153787,-0.0619346770140,-0.2171620072910,-0.0511232091338,0.0343481205447,0.0367829184381,-0.0839978440501,0.1761802926534,-0.3404133644287,0.0483989404766,0.0456106971704,-0.0001033062621,0.3258257161292,0.3587664413029,0.4068236514086,0.5165280804892,0.6170185124964,0.7595292304050,0.4066847810645,0.4646685921471,0.2593436189852,-0.0813263852835,0.1682708368210,0.3878910236797,0.0446533858956,-0.1329271656265,0.3410837813943,0.4420471168228,0.3468534732768,0.3863547630246,0.3133065620109,-0.1380827368465,0.2022424140622,-0.0334664245031,0.0047876002206,-0.2224329929502,-0.3213915625919,-0.1305797452899,-0.3420651785963,0.0136463017104,-0.1062615732913,0.2119568372897,-0.3055411574691,-0.3021465923776,-0.0458488500275,-0.2592154732202,-0.3980453718017,0.1970922667263,-0.1093600056668,-0.1326924002198,-0.2395870171471,-0.1321111154019,-0.0149269659209,0.0945001754426,0.1297461685917,0.1141539330309,-0.3039182303260,0.1839619111117,0.2473192864302,-0.0115929095563
-0.1951110781301,-0.1562762467975,-0.0478695676508,0.2115250535512,-0.0153395484752,0.3658839513348,0.4229350264240,0.6045670543996,1.0000000000000,0.1192957861367,-0.1365461591256,0.2693837604581,0.3825098786861,-0.3838020892654,0.1958392704299,0.1686800972175,0.3727552355915,0.3605584304833,0.6192673090120,0.5828302818585,-0.0279247086545,-0.1379149705688,-0.1137341655348,0.1668832860650,0.3844364802248,-0.0674741855371,-0.1125902770847,0.0705504794076,-0.2684472415831,-0.3223238157581,-0.0686587715183,0.0994146717417,0.3262330253677,-0.1145199967689,0.0719457070503,0.5150813348853,-0.2779839713617,0.0113507674269,0.0738139749405,0.0265612317935,-0.0073496267294,0.1670194178618,-0.0354726794280,0.1590774829424,0.0678057538776,0.0873808975290,0.1216622468322,0.2852013033129,-0.3030706097929,0.2928265794022,-0.2395289204953,-0.1436537871614,0.2056520957956,0.1874016264117,0.3985376833318,0.4024058844101,0.4909560438707,0.4097555892033,0.5993773392534,0.9113202459813,0.1439238386680,0.1702248731572,0.2377701250535,0.3869312470988,-0.1806898228888,0.0639581863347,0.2185925701773,0.3639036474883,0.7432385645379,0.5093113409653,0.4031152942362,-0.0915379419850,0.3523373698207,0.3236538859831,-0.0046448951681,-0.0208526943168,-0.1048887061477,-0.1630012025103,-0.2478333800269,0.0683705881482,0.1771536381351,0.2693736010625,-0.3113271585791,-0.1307076979118,-0.0619260384482,-0.1488668898096,-0.2596031514969,0.2602447690746,-0.0342443267787,-0.1117330020682,-0.0054436929709,-0.0744891898236,0.1265647382911,-0.0344698304858,0.0086303659512,0.2271931788275,-0.3655988831191,-0.0711181020081,0.2317754441403,0.2757661288928
0.1808022576935,0.1123895389159,0.2444583499543,0.1491730359084,0.3175031422669,0.4733774176928,0.2400957891812,0.1091361536138,0.1192957861367,1.0000000000000,0.2808819752636,0.4105052711015,0.2504428277081,0.1183638507997,0.4178845720858,-0.2445199109662,-0.1775633351407,-0.2230565218828,-0.0671207001082,-0.0376397521005,0.1817986872726,0.7083458160613,0.0183615373021,0.1858148461087,0.0909812623665,-0.0688585024764,0.0268265498282,0.1218001385897,-0.0110884884099,-0.0247203537677,-0.1699643451609,-0.1426710935931,-0.1463150672064,-0.0242113118617,-0.1496301497783,0.0286261910625,0.1112821584904,-0.2432536924861,0.0774110732073,0.1849790545231,0.4554236977666,0.4453454766024,0.0107965679312,-0.0851417968257,-0.0539648174583,0.4866653949183,0.1788481145269,0.2099382808946,0.1238611319268,0.4819590975747,0.2246047894443,0.1093161425480,0.1486183926497,0.2700145208702,0.3754327083856,0.1521094866711,0.1344752240854,-0.0295094210296,-0.1599287041273,0.0478161300308,0.7721432232243,0.2268587550400,0.4497653358893,0.0493101202421,0.2991858624378,0.1360837226595,-0.1561194618835,-0.2941765743050,0.0642409219871,-0.0570590015937,0.0141731720431,0.5996445832449,0.2374000165201,0.1324806558119,-0.0511450212486,-0.2601009531826,0.0042715305356,-0.0231289753944,-0.1151758153648,-0.1874739426019,-0.1221419271102,-0.2769987448305,0.0748440611772,-0.1466422834169,-0.3505785953722,-0.0882090706784,0.1253943083271,0.1645974801494,-0.0591696280089,-0.3485946166042,0.0973679318286,0.1644411949398,-0.2259968731436,0.0715819764020,0.2466886292580,0.0604024612653,-0.0223137776540,0.3410681848059,0.5127258114935,0.3449941981430
-0.2751661721315,-0.3116565516382,-0.3384716140733,-0.3280437037175,0.0969097180996,-0.0900050177486,-0.4478741726760,-0.3129980801126,-0.1365461591256,0.2808819752636,1.0000000000000,0.5534195504351,0.2471072995693,0.0474267031671,-0.1000300872124,-0.0423678752882,0.0724692677226,0.1211430221585,0.0863730350657,0.2398358453630,0.6374974575110,0.4330071857442,0.6804828017444,0.6297980831922,0.3295749920671,0.3371673109732,0.6189227028435,-0.0365127423666,0.1660550966912,0.2228676895408,0.3082560271659,0.2796039143947,0.1986099018432,0.0744992738455,0.1832656454110,-0.1723526139481,0.6261359012250,0.3778886143049,0.2062186040559,0.3406120015055,0.1166446814066,0.3090909465238,0.4564552476817,0.1747487114333,0.1548049581633,0.1441568474901,0.1503828557834,0.1520197532145,0.4978316433553,0.1655133027941,-0.1395548179372,-0.3251534709409,-0.3215866573953,-0.2984912503695,-0.0331457168880,-0.3801882041047,-0.0339292021068,-0.4587481081727,-0.0600933036102,-0.0341881158814,-0.0199602029028,0.4265107216843,0.0299228752125,0.0200014512855,-0.2237270698672,0.2265151663802,-0.3666693705530,-0.0540452987764,-0.0417862472003,0.0547166406804,0.0798188283146,0.3674592997736,0.4550242420087,0.3650477764570,0.1979260830553,0.1198393219096,0.5509464468864,0.2196580331585,0.2284087617279,0.2431821055824,0.0715805954066,-0.0146776314741,0.0657965156065,0.2460950926977,-0.0330805662119,-0.0512331446998,0.5494941435908,0.0648264750992,0.1609430893210,0.2297471586908,0.3441021928923,0.3133655803383,0.0133538284740,0.0018120710064,-0.2937018684176,0.1233186440084,0.1960616313874,-0.0502067116928,0.0751113970264,0.2728210168618
-0.3343162926338,-0.3713388294153,-0.1959024820987,0.0012142548228,0.0371806102394,0.1991161009551,-0.0147188566247,0.0874374854924,0.2693837604581,0.4105052711015,0.5534195504351,1.0000000000000,0.5360933204688,-0.1245519119787,0.1470364016958,-0.0242245988966,0.3570306035896,0.1279872257814,0.3198086826891,0.3807833117019,0.6068158064374,0.3127697283055,0.4820961910677,0.4608954318287,0.2868916888881,0.1798434886155,0.4054914004477,-0.1123060040607,-0.1154859586871,-0.0969699876948,0.0697712528370,0.2170716311537,0.2540551042691,0.0560850206674,0.1965298822648,-0.0071631422018,0.2943058340137,0.0318557552863,0.0981501814403,0.2720972652631,0.0343094774172,0.2456885638676,0.2806795427919,0.0868139747513,-0.0605593572431,0.0941800685566,0.1286271366854,0.2947862668068,0.0119848212715,0.2577518939093,-0.2027947516351,-0.2651290540658,0.0119731337095,-0.0081821764833,0.2490855248565,0.0046205663349,0.2114432865875,-0.1708362465449,0.1441141341716,0.2904017344443,0.1923017817644,0.6470128560698,0.5238000207088,0.3940370311042,-0.1115159140189,0.3228504918557,-0.2054813252877,0.2155577381008,0.2494797527600,0.2214229181262,0.4566724479670,0.4271315872894,0.3928125545755,0.3926223316787,0.1851374406184,0.0759190193907,0.3466935987737,-0.1815433891223,-0.0140597916491,0.1012339309437,0.2081177359303,0.0623298245573,-0.2258550450414,0.0089324759289,-0.2491753298020,-0.1523275122610,0.3349853831785,0.1542430334115,0.1272296450516,-0.1315916400369,0.2156824918441,0.1968796560075,-0.0843833251803,-0.2330082176026,-0.2309311117800,0.2517449199054,-0.1953840962715,-0.0689335788971,0.2125776630522,0.5885283020090
-0.3082618098643,-0.2121914070984,-0.1166394426580,0.0314120899921,-0.1240413389621,0.1034109624377,0.1113736528474,0.3368161292104,0.3825098786861,0.2504428277081,0.2471072995693,0.5360933204688,1.0000000000000,-0.3065299566846,0.0875035580173,0.0456890029376,0.6093645635077,0.1923373285912,0.2344630138170,0.2936321826712,0.3661657344557,0.0764790760078,0.1848418087570,0.2732173557550,0.2203007182105,0.0953724004269,0.2966085611092,-0.0536472555348,0.0367638848244,-0.0472661698848,0.1161348517136,0.1954011390839,0.4944599394719,-0.0347520316590,0.0439932396755,0.0747937537337,0.0811493258894,0.0384876546839,0.0577177605462,0.0578213818893,-0.0161910970254,0.0665523569537,0.1494604151447,0.0432805525745,0.1571799349005,0.0118349595951,0.1354072768795,0.0725899610906,-0.0771630103748,0.1529034903492,-0.2624386132822,-0.2203738248138,0.0252873400466,-0.0008447276684,0.1999167755760,0.1826665990044,0.6096427237391,0.1296891510076,0.1798484632426,0.3069346703423,0.2408032775697,0.3529988582948,0.5039006120895,0.8031470003193,-0.1853333025131,0.0563008547624,-0.0514392395227,0.3904352905396,0.2205151925601,0.2450861806789,0.5908841714606,0.2124077127572,0.3181740236750,0.2626099772157,0.1337582812422,0.0013819827809,0.2118059962274,-0.1457154326315,-0.0587294036856,0.1266754673830,0.0658179051387,0.3387830958797,-0.2886876316739,-0.0799773454604,-0.0517512493030,-0.1766030342716,0.0268983246681,0.1772487932342,0.0589643771230,-0.0661410624412,0.0283480186089,-0.0296444177427,-0.0477268660785,-0.0771726553075,-0.0286191306018,0.0670465462541,-0.1511534047401,0.1293144205458,0.1212047722615,0.3526206032327
0.6186239378336,0.4826314469695,0.3508333348084,0.2478049309752,0.3994434499951,0.0653236421996,0.0812146892865,-0.1500135605288,-0.3838020892654,0.1183638507997,0.0474267031671,-0.1245519119787,-0.3065299566846,1.0000000000000,0.2880906645905,0.1750110413750,-0.2032232263240,-0.0404389582368,-0.2379699991988,-0.2881596302267,0.0460795987486,0.3374235741684,0.0142603215236,-0.0469139639592,-0.2389648835579,0.0572196097033,-0.0873661202957,0.2196821953437,0.2764493480104,0.3590102931410,0.1787997923662,-0.0497075229498,-0.2340367287362,-0.1393830571444,0.2194021296128,0.0398924769671,0.0247760195963,0.0297722881552,-0.0927434917217,-0.1051731405874,0.3245909719919,-0.0908235078659,-0.1583512147853,-0.2453699688275,-0.0695463117711,0.0170650365730,-0.0664318944810,-0.0153941826746,0.3961258729317,-0.0594900161347,0.5906763946643,0.4117707854449,0.2013732500500,0.1712178703877,0.0513328896806,-0.0134513146457,-0.2510856915812,-0.0634801289735,-0.1833551362385,-0.3646525794853,0.1540600230319,-0.0589746392677,-0.1652045663012,-0.3933291955918,0.5607610418472,0.0362459003487,0.1725203368740,-0.2119896264030,-0.1859927944729,-0.2050899298143,-0.2704139381436,0.1542843626471,-0.0456299106902,-0.1508663955456,0.0245170437821,-0.0538202136269,-0.0831265683717,0.2557776773111,0.1989069579597,0.1163048976635,-0.3478915768453,-0.2992418107173,0.2795665035058,0.0078043806456,-0.1136991623906,-0.0913078358801,0.0885970763774,0.0976853870323,-0.1877455660280,-0.0239317516137,-0.1078457495839,-0.0359361414786,-0.2889398260660,0.1176424351841,-0.1083093319151,-0.0003246408021,0.4822000995562,0.3128701421023,-0.0514255753394,-0.2309500165538
0.3497380289955,0.3563699961979,0.4312025131565,0.5558635692653,0.3361812532418,0.4941355717149,0.5358646145331,0.2313259276720,0.1958392704299,0.4178845720858,-0.1000300872124,0.1470364016958,0.0875035580173,0.2880906645905,1.0000000000000,-0.1207499665319,0.0284884092347,-0.0640743024493,-0.0020054887633,-0.1328323806282,0.0718655507826,0.1796864386755,-0.3376469611973,-0.0411344199898,-0.1290095366615,-0.3631092712968,-0.2879272669820,0.2245498113137,0.1057678670227,0.0116320198698,-0.2653575354014,-0.2588459255004,-0.2278155009646,-0.1160288196233,-0.0987284611728,0.1144900397916,-0.2635815021826,-0.2759396043456,0.0495259373522,0.0135449287480,0.5112655954784,0.2338983843459,0.0332107604556,-0.0027572378859,-0.1417413377012,0.0549096857821,-0.0017300830701,0.1635856192351,-0.0553769071195,0.5802561640256,0.2895459813679,0.4054263244868,0.5588519445765,0.5067984653771,0.5072842886987,0.4892910692993,0.0181107252884,0.0785385033184,0.0063969441645,0.0981546892498,0.3761912074823,0.1379230404027,0.1376524051598,0.0604499363191,0.4714187780236,0.3150433923051,0.0090923589673,-0.0675810176156,0.2051563332543,-0.2156917786083,0.0384468740302,-0.0617466364927,0.0121293093925,-0.1724634685811,-0.2242454142425,-0.3324539814098,-0.3794817131014,-0.0028929477747,0.0182936701084,-0.2193998890748,-0.1135642093895,-0.3201589766991,0.1118981216279,-0.3017788751339,-0.4007888419023,-0.2751338945436,-0.1715536616553,0.1828253097404,0.1046640781068,-0.4707519612169,0.0346091118249,0.0963480262980,-0.0329413385148,-0.0567042206789,0.0623874719880,0.0989984192387,0.0901874146819,0.3485749564616,0.2998822658098,0.2929287367756
-0.0298487646476,0.1678589097643,0.1014066928037,0.3474163697852,-0.2762381896335,0.0169102393297,0.2286925228669,0.0509428289638,0.1686800972175,-0.2445199109662,-0.0423678752882,-0.0242245988966,0.0456890029376,0.1750110413750,-0.1207499665319,1.0000000000000,0.3707877271360,0.3815870723441,0.4606717902575,0.3787149058652,-0.0197306862339,-0.1956681056430,0.2547376363495,0.1034156104249,0.1781570030505,0.3358394283131,0.0723547593121,-0.0387407246600,-0.0575144326324,0.1429487153384,0.7288626028229,0.5443169617342,0.5127968327125,0.0622747639896,0.5444142188571,0.5723981408855,0.0160103257663,0.2291084320028,0.2735953519221,-0.1693227803935,-0.2333154652125,0.0043858462053,0.0234142100639,-0.0225716698891,0.0959075529145,-0.0468885192178,0.2015812724086,0.1321465630367,0.0877395894619,-0.1768704462830,-0.0180559408773,0.2231082279175,0.2305856343587,0.0975910368328,0.1223717414653,0.2220408558729,0.0720539693172,0.0660836616267,0.2389237278640,0.2122303546324,-0.1967618867708,-0.0474735998006,-0.0960878454050,-0.0118297887508,0.0537261639865,-0.0542688500980,0.6819113734971,0.3405224349358,0.4179447384446,0.3800635518584,0.0227505621887,-0.0756984022722,0.0265485599728,0.0869833025146,-0.0334731984440,0.2661183104612,0.1132325425991,-0.1732800877386,-0.0372319701574,0.6353329787717,0.2592125806366,0.3165382273217,-0.1732830743860,0.4129969923986,0.1222065076630,0.2196676997418,-0.0707972808945,0.4085260637016,-0.2276401950523,0.1005339454071,0.0224978111108,-0.4949057295240,-0.1398835430978,-0.0016790453104,-0.1445678947587,0.2362317784896,-0.0130562345313,-0.2244355034048,-0.1408298893018,-0.2255170092297
-0.2681952575686,-0.0980628780300,-0.0667538976283,0.2035265953193,-0.2370537650817,-0.0372676347855,0.1546180583121,0.4145855022059,0.3727552355915,-0.1775633351407,0.0724692677226,0.3570306035896,0.6093645635077,-0.2032232263240,0.0284884092347,0.3707877271360,1.0000000000000,0.5445637820398,0.4504043505191,0.3562847057656,0.2450087221609,-0.2185864299701,0.0645104977581,0.2815314119501,0.0656562209612,0.0068371962312,0.1818321048253,-0.0611061673553,-0.0705524936610,-0.0976722168723,0.3099870520997,0.2352928363980,0.5696073033096,-0.0440829710829,0.2113943648044,0.2766075519223,0.0305083175011,0.1584590339761,0.1142847276257,0.0377426171884,-0.1120371806864,-0.0697946109030,0.2220162058215,0.1953091707893,0.0864601987320,-0.1887116884669,0.0279187690247,0.0661917991114,-0.0802986388666,-0.0601415100628,-0.2743606020448,-0.0809883998897,0.1427658839640,0.0151749476645,0.1504442495947,0.3184345742212,0.4778859227386,0.2702963387789,0.3979026470681,0.3356741236431,-0.1530550401455,0.1016908700902,0.1226803622587,0.5739459411191,-0.2133481047848,0.0827546799642,0.2761435540826,0.7795532724012,0.3983232029441,0.3630847453708,0.5010175948578,-0.1437865515995,0.3256399423641,0.0663317721840,0.1367815272353,0.0203208926355,0.0653376688548,-0.1504276134199,-0.1278731910838,0.4842620747752,0.1713266073278,0.3684332377123,-0.2986566511358,0.0790079417820,-0.0150055581369,-0.2045231097597,-0.0076393847012,0.2007662362169,0.1434056608291,0.0483401861468,0.0217909637321,-0.1269625772580,0.1653071065494,-0.1055785482980,-0.1847768906277,0.1145886272485,-0.2028931778214,-0.0588065976489,-0.0017215593866,0.0476677727590
-0.1251350704242,-0.0141064227623,-0.1213025824294,-0.0106038225975,-0.0138280141708,0.0266918608635,-0.0092564106239,0.4027786274370,0.3605584304833,-0.2230565218828,0.1211430221585,0.1279872257814,0.1923373285912,-0.0404389582368,-0.0640743024493,0.3815870723441,0.5445637820398,1.0000000000000,0.4119294664211,0.3828287245719,-0.0016245127952,-0.1744234165935,0.1969805618022,0.2145586378164,0.2068409005726,0.1636305739870,0.0581564622084,0.1194821574580,0.0312720126970,0.0414038200292,0.4312531765175,0.2712659895081,0.4466512238970,-0.1152777914478,0.2075082237675,0.2891771570550,0.0455201882217,0.3429221129235,0.1395501507532,-0.0455394094509,-0.0830567392960,0.0794434260115,0.1456815780151,0.0859303837451,0.3172684036605,0.0198121989345,0.1920218353764,0.1687614618843,0.1279170664294,-0.0076618388968,-0.1789956263597,-0.1315792119623,-0.0536162551725,0.0142166468375,0.1396891107930,0.0591254815566,0.3078363970677,0.2378836121154,0.6694017630282,0.4610264262163,-0.2682952786795,0.0198422397400,-0.1170735073545,0.1971085704240,-0.2492092693492,-0.1511418551211,0.2137319031482,0.6165694329789,0.3421134161898,0.4010191232600,0.1953855794565,-0.2257029602007,0.3121380917609,0.1661704594326,0.0295470396885,0.0592052640854,0.1176777675159,0.1616764383838,0.0176197785673,0.5350486227751,0.0684182108510,0.4182618411894,-0.0686958326145,0.0989159247982,0.3468548259090,-0.0532349952697,-0.1103464898491,0.1054950535126,0.0070460407696,0.3507852670798,0.0589595075592,0.0281034622489,0.1649206728660,0.1027611203871,-0.0046821367697,0.2149509644848,-0.0213011112195,-0.1866297201171,0.0535815851618,-0.0558968845849
-0.3277502638535,-0.2272467956251,-0.1271382866657,0.1710129311165,-0.1484316929287,0.1714759288834,0.1615304782693,0.3069815617083,0.6192673090120,-0.0671207001082,0.0863730350657,0.3198086826891,0.2344630138170,-0.2379699991988,-0.0020054887633,0.4606717902575,0.4504043505191,0.4119294664211,1.0000000000000,0.6659454278524,0.1501325142917,-0.0806550159430,0.2098097391330,0.3423779301723,0.3714194011324,0.1079563437488,0.0745532582061,-0.1317188847599,-0.3155483800629,-0.1417378550904,0.3085890389262,0.2398953338083,0.3569286910211,-0.0168564066761,0.2189544674821,0.5316522644627,-0.0007476394150,0.1151754981707,0.1290715183304,0.0944976922292,-0.2143867692445,0.1174603218447,0.2079675441984,0.1886282628496,0.0017288177318,0.0261579599199,0.1579602348717,0.1872862468787,-0.1099538771708,0.0077939214921,-0.2756207164793,-0.1650238634324,0.1292289987303,0.0477773445767,0.2483512832349,0.2447987501663,0.2450239130985,0.1019557756052,0.4844340034604,0.6551916129290,-0.1759649176145,0.1514451696142,0.0871487113645,0.2073588704101,-0.1572463158622,0.1133963837549,0.3159311963380,0.4670226211551,0.8113146580289,0.5700837673209,0.2731822052666,-0.0199505038589,0.3739244475914,0.3100641058797,0.0882920443837,0.2076301046475,0.0717803179854,-0.2014768425897,-0.2008707913260,0.3836395123333,0.3422434003049,0.2305032041307,-0.2737564752851,0.2309055932691,0.0189839191005,0.0440668442838,-0.0001957127341,0.2615144445332,0.0182730333298,0.0404782135392,0.1228343025567,-0.0888501088365,0.1157330334516,-0.0938139139743,-0.1699881542819,0.1586278166130,-0.3594524729770,-0.3722011746265,0.1033853620312,0.0934630106312
-0.3907050007909,-0.4262920197547,-0.2902368946301,-0.0545945937076,-0.1117059641422,0.1540145504850,-0.0356767724383,0.2323642532635,0.5828302818585,-0.0376397521005,0.2398358453630,0.3807833117019,0.2936321826712,-0.2881596302267,-0.1328323806282,0.3787149058652,0.3562847057656,0.3828287245719,0.6659454278524,1.0000000000000,0.2329140046688,-0.1038471732628,0.4273509126516,0.3661482548337,0.8179015443344,0.3506928765589,0.4106499475982,-0.0855758697829,-0.3758144240732,-0.1325499807004,0.3971014547819,0.5287286154123,0.5948557887342,0.2461340300523,0.2545983101013,0.3808468503208,0.0677799955517,0.4430550399336,0.1515909020461,0.2704521694539,-0.2321057376695,0.2716787810995,0.2843070736298,0.4094870576839,0.2502860825199,0.1825180124409,0.3396763827678,0.3612188649822,-0.0222195438090,0.1476905906636,-0.3067364516036,-0.3503102163139,-0.0526863996884,-0.0473507999181,0.2409949154720,0.0030418941995,0.3061656764239,0.0085140001535,0.4952878004395,0.6594484984408,-0.1746805820181,0.2933300850328,0.0951844161801,0.1541205236636,-0.3209721169170,0.0361855584516,0.0866174083673,0.3400274125557,0.5513552115549,0.7352466339485,0.1687258593572,0.0344064915960,0.3665316801029,0.6688081937648,-0.0150210764112,0.1742537942771,0.3795873137220,-0.1973455803890,-0.2686919208845,0.3826046225284,0.4216051859629,0.3559960748121,-0.4245315784110,0.1461504038870,0.0464416411928,0.1100953847452,-0.0737039297497,0.1663821947374,-0.1199387378216,0.1191223191221,0.0257582850784,-0.0308235980073,0.2252201466698,-0.0196188279889,-0.1111276767550,0.3034091909219,-0.3387520169165,-0.3608182846637,0.1391412761914,0.2200683898563
-0.3309792049554,-0.3140415241869,-0.3988896944201,-0.1712274352595,-0.0204071657581,-0.1519208511965,-0.3056233307851,-0.2260639930056,-0.0279247086545,0.1817986872726,0.6374974575110,0.6068158064374,0.3661657344557,0.0460795987486,0.0718655507826,-0.0197306862339,0.2450087221609,-0.0016245127952,0.1501325142917,0.2329140046688,1.0000000000000,0.2808628364224,0.5410355128699,0.6761930516276,0.2416311818923,0.3725472391894,0.5969074405372,-0.0897157366281,0.1580512748085,0.1503407021586,0.1816258711724,0.2695071437465,0.1897065216858,0.1417925120458,0.3105013592479,-0.1217643291469,0.5051206321395,0.3261905523073,0.1581548538610,0.2650863312731,-0.0383095654443,0.0950273971768,0.5005070188617,0.1665118870183,-0.0211429112301,-0.0275784579221,0.0469593496758,0.0841213461248,0.3232769766423,0.2070134545080,-0.2290885154677,-0.2930504087261,-0.1423076006127,-0.2801055235334,-0.0167442008392,-0.2252579443640,-0.0336360995930,-0.4581710651501,-0.0800070831584,0.0227603579656,-0.1336056758873,0.5014877112180,0.0610945995721,0.1048116130513,-0.2162659477096,0.4761767310044,-0.3239043202223,0.0201907064333,0.0922916680074,0.0377711166543,0.3164512076550,0.3563126993520,0.3994184743226,0.3577226783006,0.4087073366308,0.3349046862984,0.5131801492108,-0.0078312385019,0.2080141994399,0.1044832373519,0.2527531549321,0.0249556127238,-0.0819873410269,0.1187770124446,-0.1044168645437,0.0060196465133,0.5434689892507,0.1714893917101,0.3604207095846,0.1532651512562,0.3058905866692,0.2408031880754,0.0494529830839,-0.1510908165559,-0.3018687658311,0.1205400021145,0.0932614392817,-0.1266583904170,-0.0371718951883,0.4771991759163
0.1906923449317,0.1534858742816,0.0650103954745,0.0015126871657,0.3026571399611,0.1991263350792,-0.0628874284973,-0.1077100777758,-0.1379149705688,0.7083458160613,0.4330071857442,0.3127697283055,0.0764790760078,0.3374235741684,0.1796864386755,-0.1956681056430,-0.2185864299701,-0.1744234165935,-0.0806550159430,-0.1038471732628,0.2808628364224,1.0000000000000,0.2122398951079,0.3250506366254,-0.0075247851400,0.0423595943015,0.1773319360967,0.1561205593044,0.1560250376458,0.2196097024329,-0.0403913283317,-0.1013701996061,-0.1842526644211,-0.0417251585243,-0.0535836166715,-0.0891473246548,0.2667614988439,-0.0339533092690,-0.0300676320216,0.2246893370567,0.4359202999935,0.2507383853420,0.0102505598741,-0.0831250788633,-0.0212509420425,0.5273792591788,0.1648362133681,0.1086823405232,0.4010108920074,0.1752787936372,0.2316469066926,0.0521295671490,-0.0390730136692,0.0080661188473,0.1108620255069,-0.1243250077498,-0.0371660522263,-0.1834353346314,-0.2259703073073,-0.1613979726397,0.4901847358620,0.2006950022493,0.2522526668959,-0.1424914613474,0.2494659138640,0.1676507280826,-0.2497809824139,-0.3271711359072,-0.0810097180310,-0.1032099439744,-0.0969368604059,0.7295329870352,0.2916536378754,0.1693707677823,0.1014245172604,-0.0890339553670,0.1593246158451,0.2265364280814,0.1209441069872,-0.1168431192379,-0.1749526377992,-0.2869774936710,0.2687838157749,-0.0529094901638,-0.1825392664505,0.0234925291876,0.3186554317493,0.0476185278358,-0.0054624459297,-0.0673346982041,0.1047112057721,0.2716327267791,-0.1583178232250,0.1756358697710,0.1719290118318,0.0218356784634,0.1858314661089,0.2671708419483,0.3004521446453,0.1826465917227
-0.3951841767845,-0.3747493311102,-0.4023674311643,-0.3635968788861,-0.1418014178952,-0.1574766448981,-0.4831021566849,-0.3596742638865,-0.1137341655348,0.0183615373021,0.6804828017444,0.4820961910677,0.1848418087570,0.0142603215236,-0.3376469611973,0.2547376363495,0.0645104977581,0.1969805618022,0.2098097391330,0.4273509126516,0.5410355128699,0.2122398951079,1.0000000000000,0.4522367346906,0.4459978538082,0.7276791729226,0.7356470300273,-0.2808716932540,0.0469908332160,0.2866563546789,0.5755685152954,0.6881835361788,0.5094854729087,0.2975513229202,0.3163269979422,-0.1446602750262,0.5247342932203,0.4954165989242,0.1627105776802,0.2490935359038,-0.2055067761665,0.2328374553326,0.3211070850340,0.1698949228372,0.3334608643571,0.2325402676116,0.3904009385521,0.1090458916269,0.3217078742132,0.0174353811781,-0.2659408140577,-0.3556295000478,-0.3889503902219,-0.3296748989389,-0.1265381766293,-0.4675116042055,-0.1114509143315,-0.4677321134643,0.0037912732566,0.0326578332566,-0.2913337255995,0.4281093059242,-0.0457647628673,-0.0726674683756,-0.2839381230407,-0.0028620754529,-0.2235706591101,0.0365137107192,-0.0231123315936,0.1889877476266,0.0119977625111,0.3663699599161,0.2157144793586,0.4384000118008,0.0797104287130,0.4201168146171,0.6701388530708,0.0233844864019,0.1574101071133,0.3561227276542,0.2825070051404,0.2482005626931,-0.0987152587166,0.3426310202221,0.2435802404220,0.2748168839340,0.3584405962163,-0.0483834921686,-0.0790505641583,0.3767656978608,0.1841213334966,0.0398157834096,-0.0301274317108,0.0047323347494,-0.2400296430682,0.0848351419532,0.1020118221143,-0.3260696743702,-0.1273201351910,0.1899161483592
-0.2701054790036,-0.2780171729917,-0.3370922772279,-0.0770875695230,0.0877829982104,0.0048914888319,-0.1936773874431,-0.0870616203477,0.1668832860650,0.1858148461087,0.6297980831922,0.4608954318287,0.2732173557550,-0.0469139639592,-0.0411344199898,0.1034156104249,0.2815314119501,0.2145586378164,0.3423779301723,0.3661482548337,0.6761930516276,0.3250506366254,0.4522367346906,1.0000000000000,0.2815941611203,0.2551860345925,0.5333020162120,-0.0203131290888,0.0139713029023,0.0017599837854,0.2813471875498,0.1994680439497,0.2236893594718,0.0085507638174,0.3631992381576,0.1967733207481,0.6257035889751,0.3733492535643,0.3461777101465,0.2928327249263,0.0290375675709,0.1905146865306,0.4389943256915,0.1708592294242,-0.0558876051601,0.0645638625023,-0.0070965161479,0.3221758779342,0.4010489326299,0.1605720588662,-0.1502475076799,-0.2973517268499,-0.0793471384662,-0.2027136608851,0.1101297926009,-0.0849470385342,0.1493010232709,-0.3093855867972,0.1079084097941,0.1812763394935,-0.0750348533918,0.2896538515792,-0.0157650985950,0.0545144339880,-0.2724799706379,0.4511943941218,-0.1489538104239,0.1432173629855,0.3016947657068,0.2769995942285,0.1761041122930,0.2888878530761,0.7307870888144,0.4105215953637,0.3548724378580,0.1526543008926,0.5502997211414,0.0439825375786,0.0589565639555,0.3562373489495,0.2290396377658,0.0248995198701,-0.0318995514764,0.3099444651839,-0.1156273391248,-0.0497246916646,0.6345750588040,0.4096491874828,0.3141666407277,0.2505731414993,0.4425670097633,0.2560461751613,0.0587228470687,0.0338018147388,-0.2563618917876,0.2927452487218,0.0588839575089,-0.0696916863442,0.1520287660389,0.3067317183668
