1.0000000000000,0.5106123402685,0.7181846780145,0.3869299846082,0.6515939959457,0.3094553367430,0.3472453561475,0.0363858371457,0.0138448903110,0.4903773857064,0.1134141714312,0.2454995994234,-0.1281843059213,0.5510719136115,0.3207341125978,0.2260192260327,-0.1419856910988,0.0064034073225,0.0705790861278,0.0544492602346,0.1639840051975,0.4012771644586,0.0441634667195,0.1328492513955,0.0871127814017,0.1925154601073,0.2164992873839,0.2200235472054,0.2126348370709,0.2515482932377,0.0897317317396,0.0766743813146,-0.1324884558759,0.2905967688804,0.3785909180096,0.3421310299928,0.2373910787057,0.0574679735399,0.1413610686047,0.2002869031963,0.3525900441057,0.2637441872857,0.1283832619445,0.0498650270182,0.0781420602953,0.1340813092093,0.1116983552646,0.1970288197030,0.3352189663055,0.0789031698131,0.8599046805498,0.6249579941334,0.3796824796150,0.4381811495470,0.1958533752309,0.2711892697411,-0.2252019630548,-0.0638022878947,-0.1101869549374,-0.0270589620462,0.3553049460435,0.1393236826870,0.0086649802013,-0.3350446478034,0.3453695815074,0.0908027986247,0.3081715098402,-0.1534113050250,0.1085107382196,-0.0296751769783,0.0180607136879,0.1910785624147,-0.0485587252862,0.1352194026749,-0.1371919581732,-0.1386024593094,0.0735981556778,-0.0593853666569,-0.0434341582930,-0.0845507274940,-0.2989069866615,-0.1769650506531,0.0418331995401,0.0299275831344,-0.1766752781524,-0.0935167187981,0.2193881834891,0.3972353810877,-0.0561480338808,-0.1151355774740,0.1019746772691,-0.0564709680376,-0.0389805306193,-0.1941554945866,-0.2409006588119,0.1513998211717,0.3573077875773,0.2210499888813,0.1493506166813,-0.0635485654521
0.5106123402685,1.0000000000000,0.5480693223033,0.1794176792148,0.1261147542211,0.1664895090742,0.2946453786420,-0.0624559559758,-0.1372490699821,0.5184486652354,-0.0073639948370,0.2371110248375,-0.0690364228950,0.6421680186290,0.5629096520074,0.0020351443141,-0.1357717853765,-0.1658290750067,-0.1449980872912,-0.1308921188002,0.0696155975797,0.3553636835586,-0.0060518152170,0.0043132376600,-0.2143753046491,0.0517438317211,0.1126777674163,0.1430091171572,0.3832485282044,0.5105033345460,-0.0150189879838,-0.0503441386459,-0.0637662732247,0.1948554026663,0.1241723745821,-0.0188365778984,0.0760707125499,-0.0510789655517,0.1511838020509,0.1826804656322,0.2438502925001,0.1213497424439,-0.1845857741067,-0.0142841490594,-0.0890373546454,0.0652734017036,0.0499804604165,0.2622688201219,0.3982159151267,0.1293404306578,0.4123507350256,0.8313964894577,0.2614650110384,0.3587918503225,0.2122668833031,0.0681879955433,-0.2307767484319,-0.1193732579081,-0.2862298741152,-0.2155563963053,0.4195294228925,0.0472510235708,-0.0428300687787,-0.2086487356174,0.6114212614800,0.1254628089580,0.0146959960194,-0.1947099999557,-0.1226135445502,-0.2595105532564,0.0196623305159,0.0861627482758,-0.0778975858487,-0.1200329345273,-0.2737415575717,-0.0840393685250,-0.0418840710279,0.0267960138095,0.2919566277402,-0.1995625764088,-0.2654894038882,-0.2579999907988,0.2892667898245,-0.1307074282086,-0.2626576913301,-0.0718393634742,0.1109548434032,0.2272881702146,-0.1056590913967,-0.1350678984251,0.1515935278724,-0.0586953712181,-0.0600075271951,-0.0877811961228,-0.1582035311741,0.1521317894170,0.4889444146128,0.2908944892222,0.1798179904553,0.1312603860074
0.7181846780145,0.5480693223033,1.0000000000000,0.6531093888838,0.7228015909244,0.6684892458201,0.6651256554774,0.3900316254277,0.2718558022974,0.5579776148412,0.1517511678911,0.4190440795944,0.1871010053748,0.3352045024098,0.6049244048151,0.3428419062464,0.2316857712639,0.3137739737128,0.3154095372303,0.2366807134596,0.0914370116751,0.3006726040758,-0.0161687399225,0.2751034706609,0.1430703169213,0.0013033460523,0.1403376229236,0.2401489104982,0.0681266363942,0.1699765813567,0.2052990446454,0.1406259619676,0.1695250631916,0.0924404665623,0.2994845801385,0.4322081892683,0.1522744636114,0.1415951241015,0.1942157710883,0.0718205424917,0.2813785596675,0.3622986145032,0.1425448897269,0.0542589864861,0.1596837618438,0.1127763856099,0.1570920045658,0.4290872425694,0.2822405736490,0.3341768215406,0.6316154658895,0.5885643489834,0.5052408490300,0.8610282276865,0.5906049670494,0.5795210296823,0.1078896767086,0.3026272072680,0.2141696770640,0.2552523992498,0.3656088510199,0.2322018211200,0.2100076917410,0.0490703658403,0.3387718811401,0.0874282617335,0.3906306372353,0.2258244427375,0.3561805809605,0.2023236911198,0.1539084755908,0.0296222613806,0.1840105389593,0.1463994846089,-0.1063746964788,-0.2197275641549,0.0359993617258,-0.0291487415608,-0.0735627142567,0.1080560310356,-0.2145704698756,-0.0061401981566,-0.0538690126181,-0.0622680907434,-0.0690859839333,-0.0652111356774,0.0369810586021,0.5801052573773,-0.1150390904197,-0.0264766743683,0.1795429386189,-0.1387471109205,0.0342501824772,-0.1195848300652,-0.1806581648150,0.4197102813214,0.2064592673963,0.2021807405664,0.2080215892219,-0.0198932740327
0.3869299846082,0.1794176792148,0.6531093888838,1.0000000000000,0.7122943549025,0.7055683516522,0.7733558607859,0.5800511422543,0.6134588381969,0.3741348972954,0.2904364264966,0.4566201308152,0.4416441973846,0.1012574869559,0.6888798923662,0.6508187394222,0.5341802329169,0.5662195369220,0.7423702483870,0.5551975161833,0.2816454590099,0.0690240939289,0.0535980223442,0.5128830331176,0.4187429225548,0.0125226650453,0.1905318665819,0.2667490268033,0.0164657137286,-0.0416884241756,0.4317172533098,0.3000073063447,0.4098671081842,0.0643537559596,0.3645805232377,0.6314578453558,0.1752202256592,0.2748519644030,0.1919101881762,0.0814631962165,0.2520573653306,0.3344409801466,0.4151810520460,0.1933541959842,0.2648265966485,0.1252683275541,0.2471641335900,0.3229516923755,0.1797057966643,0.4554528806091,0.3512796822000,0.2293256522732,0.6478504245192,0.6938949028114,0.5493827971086,0.8312703563395,0.3560808116933,0.4360847552942,0.5424047712752,0.5760108433914,0.0632311726346,0.3456550178658,0.2540583951322,0.3013419596088,0.0944979034598,0.1630056733458,0.6164301669941,0.5512776807971,0.6671960963719,0.6101704928934,0.3766543409660,-0.0645648648656,0.4435750395425,0.4175428394720,0.1928347630352,-0.3308349558634,0.0789716230258,0.0712487479704,-0.1662702261390,0.4415747935504,-0.2092957462023,0.1715775993499,-0.3716249761248,0.0375137501179,-0.0706983591871,-0.0557626261161,-0.0214594927901,0.6880059618223,0.0594790180059,0.0315777439327,0.1363798665800,-0.0715541165783,0.1683091179891,-0.0873147752859,-0.2261081123339,0.3443314723505,-0.0059000966745,0.0094095620354,0.0410557694194,-0.0137690292951
0.6515939959457,0.1261147542211,0.7228015909244,0.7122943549025,1.0000000000000,0.7608060689241,0.5998322704176,0.4455508971696,0.4993264391074,0.4750855253446,0.3250133309418,0.4341324053565,0.2414443609738,0.1974233781047,0.4659444752330,0.4853544282015,0.3088257437790,0.4672486697300,0.4991299492739,0.4566916168148,0.2061516058097,0.2012652905617,0.0557340493887,0.4547282341769,0.3254275693945,0.0604862388590,0.1900798071632,0.3035270283635,-0.0380751141311,0.0805482113383,0.3384557215859,0.2372749314080,0.1890305497917,0.1567180920433,0.3905060673692,0.5736656326170,0.2780321264011,0.2983130008843,0.2526474254085,0.1917710637141,0.3961563022637,0.5093490537499,0.4074086643678,0.2542347472397,0.3560677250088,0.2088141129941,0.3401605977261,0.4531601242161,0.3642235281673,0.3920123364128,0.6738453405611,0.2423427226167,0.5535913194701,0.6759142811497,0.6255653710659,0.6357564001494,0.1681005619031,0.3164893940357,0.4088835794572,0.4893005518717,0.1277573209378,0.3040580354391,0.2560649845927,0.0461141299540,0.0735288202994,0.1212978196079,0.4499529979597,0.3507469394715,0.5113808362844,0.4178945227803,0.2060595899501,0.0383185331836,0.3903497878472,0.3148195068829,0.0206281343215,-0.3314768658387,-0.0398186919858,0.0281375960540,-0.2223731934207,0.2381220563194,-0.2801244364480,-0.0199585232514,-0.1936683280486,0.0742433159356,-0.0671219654405,-0.1065210403271,0.0132269539967,0.5859531138322,0.0078257181256,-0.0560393227024,0.1899267795995,-0.0361139854989,0.1568347751524,-0.1738786676749,-0.2825661841261,0.4409517404325,0.2022397818595,-0.0160353521207,0.2279128123194,-0.1815017786286
0.3094553367430,0.1664895090742,0.6684892458201,0.7055683516522,0.7608060689241,1.0000000000000,0.6885055163280,0.5629738234447,0.6400916292291,0.5247803723663,0.4860610998674,0.6285769362484,0.5341693458034,0.1478274567421,0.5817285629814,0.5369877383345,0.5456053957659,0.5930343295929,0.6102881926936,0.5924023950997,0.3320401760146,0.2674840899768,0.2090391724292,0.5707554889419,0.3449581856740,0.0864670433795,0.2928004185275,0.3062575877194,-0.0806703660362,0.1353638442555,0.4024550323184,0.3655046723349,0.4449382537713,0.1577835697139,0.3591441872663,0.5126345428932,0.2662565965471,0.4221968510086,0.3264765143434,0.2267867917556,0.3478467485050,0.5423549143771,0.4060513060378,0.3565307024515,0.4552236350688,0.2282006805001,0.4118291004941,0.6396261265443,0.4756321711607,0.5868900729024,0.3054644692013,0.1485987780119,0.5280877129771,0.7140203000762,0.8105757562846,0.6420226842165,0.3587066729160,0.4004278584900,0.5800656405848,0.6092426756189,-0.0407802796895,0.4808341222972,0.2985461724831,0.3243001099739,0.1487801331661,0.2760140080154,0.3413194411152,0.5315501935184,0.5658841045870,0.5272245953191,0.3698050879204,0.0229221258481,0.5130556557298,0.4043951950191,0.1151105118103,-0.3623042562065,0.0570571208708,0.0866003997000,-0.1876187914044,0.3054870600461,-0.3551775447579,0.0687806287251,-0.2402159124914,0.1060558443882,-0.0348066837216,-0.1708921041085,-0.0912002962185,0.5708829384778,0.1059211105380,0.0799294772948,0.2334811236538,-0.0828035980842,0.2577213292454,-0.1428871133002,-0.4098541958022,0.5680718841068,0.1434348582733,-0.2231674910057,0.1847512248170,0.0832116135348
0.3472453561475,0.2946453786420,0.6651256554774,0.7733558607859,0.5998322704176,0.6885055163280,1.0000000000000,0.6100543542311,0.5492036429092,0.4547105532315,0.0839082225037,0.4183190095495,0.4617995102234,0.2236845286262,0.7342035522426,0.5257790747167,0.5701230397125,0.5154182755611,0.4662660079362,0.4335892080665,0.1399339390437,0.0060227214420,-0.0941421913937,0.3195256192581,0.1618604581482,-0.0411015269504,0.0538855489565,0.0689828506827,0.0263901054841,0.0200881723168,0.2594306941722,0.1855306016455,0.3148516585135,-0.0268358939432,0.4939818447357,0.6442026343163,0.0256150610930,0.2165479053629,0.2837398587289,0.0986514462593,0.4077872821498,0.3544158806896,0.2755957310310,0.1063188672353,0.2326644902944,0.0544734617660,0.2213448760493,0.4699534099506,0.1217067612116,0.5747361085114,0.3313622271569,0.3189627404877,0.8061262210139,0.6777244725801,0.7611606829668,0.8748935159215,0.3790043749661,0.5303724608782,0.4079764752046,0.5055635619757,0.2536133266085,0.1872918537350,0.0935963754100,0.3342776109209,0.2544129165074,0.4014738248942,0.5790334128889,0.5635051223124,0.4851185734425,0.4012684171359,0.2721591659705,-0.3155512196920,0.4345531684908,0.0579828872769,0.0485974251395,-0.3802874177000,-0.1371584673191,-0.1745945613693,-0.1427499483308,0.2495577295462,-0.3474145162469,-0.1269206473686,-0.2976658414307,0.0661973897092,-0.2546741221014,-0.3898297880602,-0.1674069866077,0.6878802075380,0.1530945916273,-0.1995329658746,0.1918833329864,-0.2784292269233,-0.0066461755530,-0.2481901528533,-0.3479395294058,0.4888256120945,0.0626669388040,0.1198529475065,0.2026066521614,0.0620541841027
0.0363858371457,-0.0624559559758,0.3900316254277,0.5800511422543,0.4455508971696,0.5629738234447,0.6100543542311,1.0000000000000,0.7561920691342,0.2239067087908,0.1625593463106,0.4078327097259,0.6734623962479,-0.1360641297741,0.4068870531048,0.4497704848718,0.8106146020279,0.7311262075261,0.6478596991845,0.5824452814474,0.0830464374714,-0.0759495248244,-0.1071400016782,0.3577182942210,0.2451022289041,-0.2039063284693,-0.0608905363603,0.2239400608630,-0.0132003872950,-0.1339324934871,0.3309817560891,0.1816467342418,0.5123399738491,-0.1458633184411,0.2994628442145,0.6266079099358,-0.0605152954913,0.3228160648756,0.0855062981496,-0.0469533286159,0.2706872418651,0.2511048137746,0.2965185580086,0.1291536650794,0.4290899132036,0.0849386404377,0.2660340139076,0.3026135221284,-0.0110494637085,0.4760073437087,-0.0097495739648,-0.0824338122242,0.3526034999264,0.5060542672913,0.5644540671829,0.6178270176999,0.6975001334673,0.8629421140612,0.6765715004524,0.7545399473017,0.0617290146645,0.1206059081617,0.2473225944916,0.5783873141690,-0.1421666369446,0.0768476972980,0.4640198804125,0.7713128010093,0.6702481088401,0.7009835354427,0.2777504372506,-0.3228060333847,0.5455109854111,0.2396971295325,0.2276407245151,-0.4598450077354,-0.1394747450875,0.0389811117490,-0.1467759294734,0.4007089938052,-0.2141952928797,0.1868934951471,-0.2604805685057,-0.1139527540600,0.0537795005784,-0.1036068672424,-0.2893033072550,0.4929022308139,-0.0493192348568,0.0832388480752,0.0339997791017,-0.2074354481250,0.1462217954193,0.0156635078065,-0.1126720807915,0.3868239361739,-0.0994790753493,0.0438834893164,0.0341797934571,-0.1175978187165
0.0138448903110,-0.1372490699821,0.2718558022974,0.6134588381969,0.4993264391074,0.6400916292291,0.5492036429092,0.7561920691342,1.0000000000000,0.3243954063420,0.4248856964743,0.5532824258018,0.6675372832108,-0.0537910840105,0.3854234192456,0.6253298056835,0.7581130391609,0.7547710387804,0.7987444082065,0.8111340005308,0.3115040454237,0.0820781818845,0.1201626822337,0.6711552008534,0.5005791875698,0.0273618384373,0.2294741867468,0.3590490744126,-0.0697036290356,-0.0062143756673,0.5419549708591,0.3820917990545,0.5260865348504,0.1161091268699,0.4092574038208,0.6523941930227,0.2516614181177,0.5490825481187,0.3019908644868,0.2255750838677,0.3407444897315,0.3688778802156,0.4369679906118,0.4114429686273,0.4962399744336,0.2476981215306,0.4324016652652,0.4429914232002,0.2396430775861,0.4577688024817,-0.0102930116229,-0.1307626321687,0.4092815559796,0.3874057644922,0.5795660368009,0.5489110025457,0.6121642526848,0.6013533937605,0.7768936479470,0.9562137943300,-0.0917414722736,0.3631637190302,0.2893840550666,0.4500219394568,-0.1712249345931,0.2329213038103,0.4815289304064,0.7419653299038,0.8327392429517,0.8096413568119,0.4242219035460,-0.0768546433148,0.7369580936290,0.4926405612251,0.3314584043557,-0.3592346654437,-0.0251350172625,0.1794085335341,-0.2143899642471,0.5511341408286,-0.2177902406153,0.1432604116967,-0.3138251457918,0.1059193144503,0.0181159707756,-0.1012297126740,-0.0602275534427,0.5651480294973,0.1291273303126,0.1078306384203,0.2091750543747,0.0348780420796,0.3572554575808,-0.0144108993436,-0.3348264583121,0.4508309384669,-0.0259070887113,-0.1417031920112,0.0920910824231,-0.1261665060218
0.4903773857064,0.5184486652354,0.5579776148412,0.3741348972954,0.4750855253446,0.5247803723663,0.4547105532315,0.2239067087908,0.3243954063420,1.0000000000000,0.4518365914236,0.7203675684560,0.3201808152341,0.6172925994492,0.5532626467336,0.3912602240991,0.2653250871831,0.2192145090269,0.2316656157004,0.3495886367665,0.4925145555779,0.6594201733427,0.2504701166274,0.4703563258690,0.1509332548806,0.2669055780250,0.4504842923019,0.2711952682602,0.2168006893007,0.5169025629055,0.3630639471781,0.3284136408104,0.2795660633515,0.4211513372880,0.4695584171115,0.3500231857786,0.4435091753832,0.3152045237083,0.4434325739775,0.4760769045691,0.5892977711740,0.5189101415338,0.2551626296864,0.3042837804394,0.2939481364560,0.4092040372424,0.3771566162792,0.5172930944286,0.6234173363943,0.5455164591000,0.4522395986851,0.4709260977922,0.3523886910391,0.3730161776682,0.4319262773162,0.2683543795395,-0.0251936037720,0.0517940481080,-0.0078022812792,0.2289008454318,0.5017624622197,0.4170082315141,0.2096751444280,-0.0671665754971,0.3308059453903,0.3663232412490,0.2825671499179,0.1729627024463,0.2461898798530,0.1258619212794,0.2805400410914,0.2913524800788,0.3383842749458,0.2186040945761,-0.0928370515821,-0.1926649318392,0.0948383968291,0.0708437519195,-0.0959850902808,0.0773932045359,-0.3505213576272,-0.2138542619685,0.0309502861743,0.1427981255588,-0.2596621494121,-0.2344901669020,0.3033671712677,0.5456356804524,0.1133250468255,-0.1305350652536,0.3782581089361,0.1101505078007,0.1681970547551,-0.0938138701591,-0.4444823383941,0.4625175623229,0.3741352237833,0.1579483223033,0.4107723729206,0.0719047231541
0.1134141714312,-0.0073639948370,0.1517511678911,0.2904364264966,0.3250133309418,0.4860610998674,0.0839082225037,0.1625593463106,0.4248856964743,0.4518365914236,1.0000000000000,0.7165786255158,0.4687975188274,0.2875674241434,0.2428294060968,0.4232338442396,0.3606401972495,0.4066271163644,0.4117798721374,0.5307197378988,0.6563455515784,0.4280726093870,0.6068444333413,0.6980003419618,0.3781701810659,0.3044623355950,0.5823698127651,0.4860613375037,0.1456222850461,0.3054898179562,0.4715710288758,0.4393366527933,0.3832152463953,0.3974676998388,0.3660785263445,0.2111119497676,0.5025246538353,0.5149143445413,0.3935904037647,0.4894815746981,0.3603643780547,0.3462084684311,0.3720437009020,0.4402663553296,0.3401031687884,0.3676126321392,0.3474261712197,0.4931162438331,0.5878574732264,0.3680265535907,0.1422802218456,0.0625979399113,0.1027739701739,0.1214283445622,0.2534543095923,0.0517989095950,0.1208635038603,-0.0420165017958,0.2628666137708,0.3603811281417,-0.1558613609446,0.6749647438042,0.3122943613039,0.1276062190604,0.0287037525049,0.3813335904231,0.0374496024986,0.3280047788417,0.3185408688443,0.4037761623296,0.4401466120828,0.4125057298094,0.4931682955068,0.5677874940496,0.2234347254141,-0.1545376617732,0.2987782716987,0.4328015136779,-0.0098812873195,0.3233990814996,-0.2324423538023,0.0714045297838,-0.1115536704982,0.2338437254768,-0.0588004370929,-0.0343111562514,0.3022361405672,0.2930155433224,0.2646658106102,0.2016591564673,0.3296862162458,0.4009961565461,0.3517954280051,0.1326389984985,-0.4258400509379,0.4061713241876,0.2977309092168,-0.2806550212787,0.1008675668113,0.2022403730155
0.2454995994234,0.2371110248375,0.4190440795944,0.4566201308152,0.4341324053565,0.6285769362484,0.4183190095495,0.4078327097259,0.5532824258018,0.7203675684560,0.7165786255158,1.0000000000000,0.6545591631666,0.3760805489983,0.5196400588770,0.4289675939308,0.5917948481733,0.5028539114031,0.4721581219397,0.5310889618011,0.6135438582157,0.5547188885998,0.4790980316195,0.6141668561804,0.2444064848648,0.1807594588296,0.4534787783982,0.4533118881652,0.2312706237778,0.3366608748908,0.4380125112002,0.3940890770496,0.4896501957754,0.2856464832179,0.3749135724971,0.2935814478828,0.3544664281404,0.4385402279419,0.3685368135645,0.4693274453312,0.4900012831084,0.4007208727623,0.2563286539549,0.3961263875155,0.3551461500967,0.3352125985416,0.3999014008738,0.5747940573856,0.5533244983586,0.5463074986472,0.2413240965846,0.2416008133275,0.3155983921738,0.3619759409520,0.4752245436529,0.2745208572786,0.3145889951414,0.1959081700274,0.3001593638553,0.4580197230061,0.1481971677665,0.6172372754498,0.3918528805966,0.2407204132435,0.1761893754955,0.4391128539385,0.1567749222616,0.4694537046040,0.4029319336259,0.4232995246743,0.5690170959333,0.3122147059871,0.5647063828426,0.4369386907510,0.1907175561972,-0.2465953287511,0.1661140555269,0.3320097996200,-0.0000995291325,0.2835196240101,-0.3624359117414,0.0196968804244,-0.1092025818299,0.0527705389400,-0.1870446111506,-0.1995794732686,0.1719497945003,0.4379863249340,0.1728787003978,0.0644531116075,0.3034476673884,0.1990913691865,0.3096799437185,0.0379346093457,-0.4719339882151,0.4780882332302,0.2296297455959,-0.0529949340847,0.2133910154858,0.2548311421458
-0.1281843059213,-0.0690364228950,0.1871010053748,0.4416441973846,0.2414443609738,0.5341693458034,0.4617995102234,0.6734623962479,0.6675372832108,0.3201808152341,0.4687975188274,0.6545591631666,1.0000000000000,0.0392047792982,0.4030650649303,0.4137795365354,0.8415266960486,0.6009877013981,0.5224634710808,0.5647528576862,0.4027321637346,0.0749724345806,0.2317211694178,0.5138377967568,0.3069095039022,0.0260323349633,0.2302349998444,0.3174807136837,0.1350388540492,0.0694869101512,0.4188096796006,0.3343066797865,0.6585924542797,0.0172470791328,0.2980335236384,0.3834766171984,0.1259644745844,0.4243495486265,0.2207943125103,0.1823642032013,0.2883314108115,0.2093160827832,0.3041074362051,0.2598229438016,0.4011720413709,0.1781092899136,0.3225147266443,0.4506929853112,0.2198372272913,0.5345255296674,-0.1128389701143,-0.0608795024838,0.2761209264520,0.2901229709775,0.4884725941043,0.3786408406888,0.6698520125981,0.4965554884715,0.4964266290331,0.6176080831343,-0.0666184912187,0.3634929830981,0.3545418119998,0.6831574676170,-0.1038719815024,0.3339080681096,0.2779890612900,0.7357396437090,0.4927267637476,0.6156149634044,0.4784848688080,-0.1136175725462,0.5626182209198,0.3782924188997,0.2620120105762,-0.3341967286227,0.0962444834863,0.2169584912862,-0.0541610560895,0.4455690825643,-0.2390116498273,0.1573987595299,-0.2855158688937,0.0582056461519,-0.0106655764399,-0.1313138023579,-0.0768157359121,0.3957653441155,0.1809926113938,0.1610528832233,0.1670247780289,-0.0040435779555,0.2160534107444,0.0508312189087,-0.3039347414677,0.4593741463911,-0.0378965810164,-0.1294584059793,-0.0538651347115,0.1539036405648
0.5510719136115,0.6421680186290,0.3352045024098,0.1012574869559,0.1974233781047,0.1478274567421,0.2236845286262,-0.1360641297741,-0.0537910840105,0.6172925994492,0.2875674241434,0.3760805489983,0.0392047792982,1.0000000000000,0.4471899421416,0.2736826059409,-0.0280775982678,-0.0649799881497,-0.1500641798262,0.1113206393563,0.4919220612636,0.4601313919628,0.3173039617303,0.2409869972609,-0.0150795504834,0.4335025129604,0.3984627020803,0.2292642079169,0.4773099949268,0.6566118625491,0.2850066879516,0.2681307352255,0.0959347681290,0.3923912872404,0.4865149652775,0.1212781233262,0.2946137725324,0.2102108069477,0.2738590446439,0.4185420155495,0.4730485126222,0.1991800700486,0.0417257024649,0.1570617708032,0.1257688887758,0.2433395152932,0.1922623591072,0.2547860461844,0.5285592027885,0.2667978192262,0.5424620751009,0.6358672102171,0.3046859612060,0.0383748225304,0.1081070532960,-0.0061286554793,-0.3223578434216,-0.2855066700583,-0.3651810213633,-0.1665392866919,0.2972347610996,0.1700637728939,-0.1931004071150,-0.3087617777943,0.6253578940152,0.4421283448168,0.1610402017096,-0.1310149957071,-0.1335320232560,-0.1266543688356,0.1329363190434,0.2132591147674,0.0553632070890,0.0727486629268,-0.0963866149404,0.0135884125231,0.1066390616383,0.1033263807042,0.1963945539859,0.0223530103010,-0.3917530804860,-0.3499819840742,0.1243097186111,0.1209485572846,-0.3678609755569,-0.2088325747775,0.2966370455114,0.2516443738953,0.1252533948126,-0.1691687632663,0.1672265552937,0.0040794277870,-0.0490611428248,-0.0993224691349,-0.4467130759889,0.1560123096819,0.5300948286348,0.1336979841118,0.1638034880630,0.1880193014701
0.3207341125978,0.5629096520074,0.6049244048151,0.6888798923662,0.4659444752330,0.5817285629814,0.7342035522426,0.4068870531048,0.3854234192456,0.5532626467336,0.2428294060968,0.5196400588770,0.4030650649303,0.4471899421416,1.0000000000000,0.4385733082870,0.4711961251618,0.4182556795318,0.3435575493697,0.3976374028211,0.2865365135550,0.1402863526129,0.1000292760458,0.3624499614706,0.1514498292351,0.0618868633013,0.1708574945338,0.1170144601178,0.2116343730174,0.2423302171787,0.3055257408561,0.2472411922008,0.4002876408361,0.1072585875820,0.3051778920212,0.3327952458793,0.0511236303939,0.2274277941591,0.2187463282830,0.1881047588316,0.3646674399548,0.3309806088968,0.1540791261796,0.1594541352790,0.1748302997797,0.1054216424953,0.2119197050874,0.4909166319819,0.3130049662046,0.6225400853646,0.3421408166159,0.4974157526098,0.6800212744590,0.6031592321849,0.6207843086321,0.6246381389748,0.1547485682003,0.2800007127608,0.2114712905711,0.3087611274872,0.2254896619949,0.3263719711397,0.1033808883365,0.2053611480498,0.4712598707471,0.3927291225116,0.3502139882676,0.4098326846649,0.3091631610264,0.2799976248721,0.2671771191153,-0.1226327532110,0.3160606393819,0.1090433165656,-0.0891085449249,-0.2165306236140,-0.0094862638526,0.0421044102765,0.0513780077591,0.2040769305255,-0.2796233141645,-0.0909397375130,-0.1431934933126,-0.0382919928752,-0.2367302336839,-0.2284310271191,-0.1072864824134,0.5684431267662,0.0608080123829,-0.0863290843900,0.1707929218453,-0.0866681757814,0.0763761906350,-0.1996661676773,-0.2957033360902,0.4655159560696,0.2870530657101,0.1552651923996,0.2105976197490,0.1642357531927
0.2260192260327,0.0020351443141,0.3428419062464,0.6508187394222,0.4853544282015,0.5369877383345,0.5257790747167,0.4497704848718,0.6253298056835,0.3912602240991,0.4232338442396,0.4289675939308,0.4137795365354,0.2736826059409,0.4385733082870,1.0000000000000,0.5219479206690,0.5867383717774,0.6353887663174,0.7571673958184,0.5012998552100,0.1252779312014,0.3415600482419,0.6740987973161,0.5628037012531,0.3961512567037,0.4944314546924,0.2516904857149,-0.0238014198539,0.1550010094067,0.7866466986406,0.6181830779056,0.5797341065072,0.3170635610163,0.7047012853828,0.7597620475704,0.4628903841151,0.6002459386050,0.4491251252063,0.3181479341509,0.3421708991299,0.4086172313497,0.6453256486715,0.3758633721479,0.5022815416732,0.2809110432313,0.3918357084085,0.3047638216229,0.2919333412781,0.4137938648968,0.2429591200816,0.0633524003250,0.4828952788866,0.2700747401137,0.3212488017927,0.5352703757146,0.1428600214250,0.2244765929975,0.4482703986414,0.5718773481231,-0.1154232677859,0.3829958924725,0.0293706832351,0.1452082714421,0.1060114136014,0.2616068104357,0.7326615598168,0.4882758655029,0.5995381046393,0.6230065406648,0.2899117660700,-0.0134808929189,0.4627799024320,0.4672824989592,0.1685381271737,-0.2098762672251,0.2092264428163,0.1090866828386,-0.2243612285140,0.6364176924211,-0.2714209309767,0.0419001612852,-0.3099536627752,0.4443436078287,-0.0471459071996,-0.1474253190194,0.1471795254659,0.6390958654995,0.1507382043203,0.0948381501215,0.3023453340502,0.0231884075047,0.1980725988715,-0.0910438940855,-0.4686071649367,0.3609504963785,-0.0265272165034,-0.2223364468630,0.0662573839288,-0.0957780721391
-0.1419856910988,-0.1357717853765,0.2316857712639,0.5341802329169,0.3088257437790,0.5456053957659,0.5701230397125,0.8106146020279,0.7581130391609,0.2653250871831,0.3606401972495,0.5917948481733,0.8415266960486,-0.0280775982678,0.4711961251618,0.5219479206690,1.0000000000000,0.7734304097842,0.6377356256321,0.6541078732677,0.3565221960058,0.0102821775593,0.1449590999159,0.5135872516537,0.2792945514637,-0.0440119940566,0.1063883905440,0.1841805750597,-0.0180820513171,-0.1090494891029,0.4470273168558,0.3251696075531,0.6829634618538,-0.0961337373474,0.3546988467639,0.5000356678856,0.0136391552906,0.4225442861708,0.1724839601826,0.0864639888345,0.2691604330617,0.1994412141658,0.2583798618627,0.2049504125476,0.3758575914568,0.1077581918087,0.2541226035448,0.3881523929086,0.0584415442810,0.5513193654084,-0.0947675554734,-0.1428657124807,0.3981642164941,0.3725986755857,0.5483519523728,0.5457008076020,0.6762640257477,0.6818680306712,0.6165195805098,0.7110614757288,-0.0397823567986,0.2894176457183,0.2844989535961,0.6672606405432,-0.0795725255777,0.3248348113601,0.3676882307852,0.8817430589310,0.6168091210825,0.7025345326527,0.5150050197529,-0.2057799668516,0.6444321419519,0.2922880044691,0.3582615380958,-0.3283743237513,-0.0387135620551,0.1053719550695,-0.1421895979045,0.5209169798731,-0.2292564290296,0.1851278617917,-0.4131363547966,-0.0497621191329,-0.0846954069530,-0.2345550330795,-0.1754718915164,0.4525715904412,0.0695109900568,0.0700222757669,0.0872957747651,-0.1293430787522,0.1599778736813,-0.0388933653305,-0.2632034799171,0.4443053500473,-0.1332456511126,-0.1036906588296,0.0089609011590,0.1060523431547
0.0064034073225,-0.1658290750067,0.3137739737128,0.5662195369220,0.4672486697300,0.5930343295929,0.5154182755611,0.7311262075261,0.7547710387804,0.2192145090269,0.4066271163644,0.5028539114031,0.6009877013981,-0.0649799881497,0.4182556795318,0.5867383717774,0.7734304097842,1.0000000000000,0.6123146686288,0.7248031829782,0.2503601768763,0.0207219765915,0.2498885937692,0.5588421913017,0.4566938731008,0.0535806478920,0.2350991702844,0.3432688240836,-0.0531254898719,-0.0108082894011,0.6017060494096,0.3809945551000,0.5383344258896,0.0756033248632,0.3136903606473,0.4609116811927,0.1833821710028,0.5162057917019,0.2679498389527,0.2094697385879,0.3814741233392,0.4129975655880,0.3204963275210,0.3588609895869,0.5196818804716,0.2471516410796,0.4026042882338,0.3919234252951,0.1371463177466,0.4918010948800,0.0517667330947,-0.1252228921845,0.3931514333674,0.4164641386524,0.5300315767738,0.5235954903663,0.4908809452230,0.5804750102230,0.7265892634894,0.7297657055554,-0.1738679798262,0.3059506856405,0.1813339233844,0.3618398405739,-0.0803330990304,0.1606955070957,0.3669147186853,0.7170417120912,0.5727813493761,0.6763919528296,0.2626504237232,-0.0861558539373,0.5907099177938,0.3923619411104,0.2124545883583,-0.3058274229240,0.0468338410201,0.1734441860565,-0.1044599374572,0.5735902945342,-0.2815946378942,0.1064616302026,-0.2567988600994,0.0522382564679,0.0604862382581,-0.2011285958891,-0.1172608519706,0.4354190802734,0.0690370200579,0.1597903907634,0.1833966497281,0.0581626192497,0.2999275825276,-0.0397806480200,-0.3173600021574,0.4324792413764,-0.0244247943818,-0.1835738796704,0.1323011319550,-0.0633876756962
0.0705790861278,-0.1449980872912,0.3154095372303,0.7423702483870,0.4991299492739,0.6102881926936,0.4662660079362,0.6478596991845,0.7987444082065,0.2316656157004,0.4117798721374,0.4721581219397,0.5224634710808,-0.1500641798262,0.3435575493697,0.6353887663174,0.6377356256321,0.6123146686288,1.0000000000000,0.7108700753873,0.3293719524666,0.1173441718230,0.1369325075837,0.6200174980016,0.4963972924762,-0.0092687151065,0.2243483970301,0.2893862732369,-0.1356907880667,-0.1716228494602,0.4706184988163,0.3636367510710,0.5011691183714,0.0815871192520,0.2988235070887,0.6515483495742,0.2377473047284,0.3964986220303,0.1926428604897,0.0910997658838,0.1313764210253,0.2875007903199,0.4664769107129,0.2936057065456,0.3568641676401,0.1599108220943,0.2856362034774,0.2590022863028,0.2001459937101,0.3466340238641,0.0017585043970,-0.1273342307796,0.3226206379064,0.4398910930576,0.3910662959344,0.5813801692433,0.5117729391439,0.5077014338567,0.7641655222117,0.7697302179370,-0.1446460116559,0.3831661838623,0.3639138264068,0.4180216829910,-0.1678341563384,0.1063049426855,0.5220347537490,0.6471030593889,0.8979051200847,0.7880302018212,0.4714515496838,0.0238432897193,0.5994754888029,0.5674199894468,0.4601368751641,-0.3523454216907,0.1020380352707,0.1134013279938,-0.2817840706718,0.5292916626280,-0.1439362819834,0.3350742929939,-0.4088812501372,0.0813789335171,0.0401287373087,0.0011329709591,0.0069925922751,0.5446597539920,0.0919870338269,0.1553574952345,0.1204482152125,-0.0111426773319,0.2903827547456,0.0115929339568,-0.2190443730931,0.2617744702264,-0.1629110629198,-0.2110867736149,-0.0240613256649,-0.0486359141011
0.0544492602346,-0.1308921188002,0.2366807134596,0.5551975161833,0.4566916168148,0.5924023950997,0.4335892080665,0.5824452814474,0.8111340005308,0.3495886367665,0.5307197378988,0.5310889618011,0.5647528576862,0.1113206393563,0.3976374028211,0.7571673958184,0.6541078732677,0.7248031829782,0.7108700753873,1.0000000000000,0.4836258858332,0.1894391560201,0.4121167348841,0.7398039636094,0.7580670534608,0.3456346879884,0.5010294196541,0.3925784177351,-0.0424374148485,0.1163029380051,0.7114058618038,0.5995342987394,0.6489553095819,0.3669262772333,0.4775801949959,0.6038860687526,0.3864261789841,0.7010336362226,0.3438483465194,0.4033034397940,0.4407635308727,0.4731397481088,0.5628575006021,0.5620937567262,0.6061944164614,0.4051362571317,0.5256222501933,0.4129465889350,0.3660644479379,0.5264717869258,0.0356805656149,-0.0934855464694,0.3571008222134,0.2382416875416,0.4096200185310,0.4368656089682,0.3694950549881,0.3373969094988,0.6195846340424,0.7579998055100,-0.2530370477674,0.3885646881072,0.0904672059651,0.2204544169402,-0.0835627064235,0.2473361522924,0.4940318350006,0.5652335628340,0.6435589263278,0.7911725145012,0.2689166595291,0.0353765564510,0.6254824186477,0.6621895598502,0.2691959711413,-0.2454610726065,0.2046620549965,0.2322235691004,-0.1849652619464,0.6350993470504,-0.2831063321937,0.0874984015977,-0.2468386322155,0.3167657108436,-0.0032715048684,-0.1217135317216,0.0441245275683,0.4914600578405,0.2067918087861,0.1806402178605,0.2223947271808,0.1567198192274,0.4402906776393,0.0018134080438,-0.4882694923281,0.3853895428215,0.0436836618200,-0.2834232520947,0.1333940834147,-0.0619843183394
0.1639840051975,0.0696155975797,0.0914370116751,0.2816454590099,0.2061516058097,0.3320401760146,0.1399339390437,0.0830464374714,0.3115040454237,0.4925145555779,0.6563455515784,0.6135438582157,0.4027321637346,0.4919220612636,0.2865365135550,0.5012998552100,0.3565221960058,0.2503601768763,0.3293719524666,0.4836258858332,1.0000000000000,0.4926444167682,0.6110455949802,0.6558800037185,0.3675479573333,0.5237778749271,0.6777898272252,0.3276158719161,0.2254980288063,0.3411739254292,0.4905163887130,0.4801272953214,0.3988771988230,0.4031205314372,0.5024579086273,0.2301635857566,0.4749058251068,0.4829731880291,0.2554220493086,0.4531388151504,0.3295833184763,0.2331864717638,0.3916538794470,0.4364273632893,0.3905399942781,0.3084963970350,0.2885463553386,0.1745342886585,0.4563688126100,0.4044472253233,0.2369226461633,0.1180577470030,0.1935960093098,-0.0476895911458,0.0656749553099,0.0917295676311,0.0017048387424,-0.1632225141398,0.0604129698020,0.2023556871890,-0.1282643312892,0.5151586115409,-0.0162245123449,-0.0492902002580,0.1421122708480,0.5002617422072,0.2127450433093,0.2155540372030,0.2608280317190,0.3792713834553,0.5164218462758,0.4003308485599,0.3453538088653,0.5792368458528,0.3894134974659,0.0037778364877,0.3863716182515,0.3329750488524,-0.0552570574546,0.3289972577014,-0.3463017157519,-0.0304419680307,-0.2595094779393,0.2557255481662,-0.1649564534030,-0.1910808187013,0.3857205662690,0.3214207122409,0.3557721992587,0.1280107309097,0.1609147909921,0.2154312844620,0.2774550244502,-0.0486289683895,-0.5475659258292,0.1554720188393,0.1156303310174,-0.2694045488074,0.0058538084148,0.3460892312521
0.4012771644586,0.3553636835586,0.3006726040758,0.0690240939289,0.2012652905617,0.2674840899768,0.0060227214420,-0.0759495248244,0.0820781818845,0.6594201733427,0.4280726093870,0.5547188885998,0.0749724345806,0.4601313919628,0.1402863526129,0.1252779312014,0.0102821775593,0.0207219765915,0.1173441718230,0.1894391560201,0.4926444167682,1.0000000000000,0.4950706054547,0.3932561610174,0.1200073743210,0.3777338168376,0.5254128602033,0.2434604568226,0.1214800872930,0.3839821493869,0.2039082216673,0.3291046514823,0.1142153719020,0.5367059102893,0.1859300424616,0.0133931522281,0.4475187843598,0.2347505188090,0.2743746774177,0.4459928170575,0.3667845833403,0.3617904482355,0.0653552081404,0.3421469902430,0.1968401758357,0.5258379204102,0.3247996511592,0.2393989455510,0.6004027954016,0.1938479242226,0.2896036398639,0.2475045865528,-0.0668116110247,0.1150143178567,0.0312434191216,-0.1369637620505,-0.1777906361566,-0.2259640189372,-0.0727856407803,0.0035692912585,0.2239910017983,0.3333790407144,0.1777863931296,-0.2366435272881,0.2206589899388,0.1468814582490,-0.0635009057260,-0.1340891830667,0.0775350718751,-0.0522272879972,0.1850587289402,0.7293575644516,0.1677860788348,0.3282579213601,0.0751222553484,0.0848991031180,0.2453737835210,0.1146518215552,-0.0782550659484,-0.0530299524395,-0.1770323556170,-0.0697328755505,0.1111366649120,-0.0099179011094,-0.2131411438324,-0.0847305038803,0.4169441351086,0.1328039253180,0.0177510467304,-0.0327976992862,0.1805890951766,0.2325780715304,0.2556947706203,0.0034644655197,-0.2972145598579,0.0785426330360,0.2688061844767,-0.0298605183201,0.3594273570932,0.1697216396574
0.0441634667195,-0.0060518152170,-0.0161687399225,0.0535980223442,0.0557340493887,0.2090391724292,-0.0941421913937,-0.1071400016782,0.1201626822337,0.2504701166274,0.6068444333413,0.4790980316195,0.2317211694178,0.3173039617303,0.1000292760458,0.3415600482419,0.1449590999159,0.2498885937692,0.1369325075837,0.4121167348841,0.6110455949802,0.4950706054547,1.0000000000000,0.4310127248002,0.4256859525049,0.7303656666220,0.7873152864508,0.3980321283348,0.1913882324315,0.3516719475997,0.5333780823519,0.6548055770066,0.4461065297177,0.5596101394731,0.1789931939833,-0.0764900554524,0.4545394794650,0.5156311210653,0.1879538096650,0.5176543679979,0.3494815676300,0.2890640127716,0.2037476803355,0.5159979395559,0.4388576502625,0.4910796868685,0.3939015569827,0.1256555631989,0.3788403156064,0.2000343271097,0.1086345975179,0.0427834285397,-0.0416451285397,-0.1600281099564,-0.0945420572545,-0.1953837851757,-0.1776553515455,-0.3429801154812,0.0068634307112,0.0257234445823,-0.3494583585876,0.4898481467127,-0.1010834735830,-0.1777899771647,0.1443089233581,0.1559616625248,-0.0552764793586,-0.0117145105912,-0.0153749987550,0.1927216318245,0.1052092318595,0.5198631957669,0.1152400054398,0.5235669181703,0.1006484991466,0.2113091643528,0.6262391101090,0.3878579030116,0.0411480924480,0.3358242156377,-0.2690852760025,0.0289046932401,0.0193827486904,0.2991012424197,0.0313322752913,-0.0639293250783,0.3091614523098,-0.0687158644992,0.1714278007608,0.2785246469450,0.0932114708214,0.3694278654251,0.3409812631320,0.1319496172287,-0.5087008846437,0.0455170551601,0.0698434012178,-0.3879819707117,0.0282424115408,0.2607705760019
0.1328492513955,0.0043132376600,0.2751034706609,0.5128830331176,0.4547282341769,0.5707554889419,0.3195256192581,0.3577182942210,0.6711552008534,0.4703563258690,0.6980003419618,0.6141668561804,0.5138377967568,0.2409869972609,0.3624499614706,0.6740987973161,0.5135872516537,0.5588421913017,0.6200174980016,0.7398039636094,0.6558800037185,0.3932561610174,0.4310127248002,1.0000000000000,0.5298642803645,0.3153962070121,0.5843785073316,0.4421184161927,-0.0197912880316,0.2278670081856,0.6843000734965,0.4747234445381,0.4431591837758,0.3752455625268,0.5322990774342,0.5143412507235,0.6336373147422,0.6279738889740,0.5357692126407,0.4305756498313,0.3444527306943,0.3567612174359,0.4874740940942,0.4533095504370,0.3840784160503,0.3801987822346,0.3673005685072,0.5093696097278,0.5325350319306,0.3435814572455,0.1528107636969,0.0244905466833,0.2438844277184,0.2741382600321,0.3873006903139,0.2950912607045,0.2538026805972,0.1533129694694,0.4588117806989,0.6211590897670,-0.1018537593802,0.4837015187001,0.2821416758847,0.1653639952446,-0.0606521276894,0.3671542159067,0.3790208823953,0.4784509454063,0.6245377329302,0.6277110008118,0.4326990743810,0.3381323487015,0.7216655306640,0.6346654586436,0.3577872639403,-0.1121396311949,0.1793195752031,0.3370072581921,-0.1297340097282,0.5744302861479,-0.1668869027754,0.0206644255501,-0.2299513659978,0.2714293998928,-0.0747187884916,-0.0157525616651,0.4259241843575,0.6018124197273,0.2607211385767,0.1762977787963,0.4468276357327,0.3350544589826,0.3489443604031,0.0288134451415,-0.4159114201492,0.4873523857238,0.1573693978192,-0.2369086870568,0.1485707145674,-0.0617202656165
