1.0000000000000,0.1453736022887,0.3965211196627,0.4207888018328,0.6613511828152,0.4446211501249,0.2932418654600,0.0132286896964,-0.0603430079736,0.1034561800669,0.0695186904793,0.0675958794723,0.0963713205448,0.4350273123388,0.0872593922889,0.1418265566962,0.0264643743492,0.0037952106894,-0.0455284099285,-0.0866449708942,-0.1354382076916,-0.0448873889949,-0.1546103670182,-0.0192741142067,-0.0915462961916,-0.2820774657738,-0.2090428528857,-0.1321499787708,-0.0305598021446,-0.2478797291339,-0.1521540414181,-0.3404252862939,-0.1687914356381,-0.0800465284535,0.0354905428522,0.0034253389853,-0.0077160331023,-0.1193720794433,0.1004024032360,-0.1455033279004,0.1337699061318,0.1035954346863,-0.0147216191682,-0.1810471221954,-0.2332324987487,-0.1708926455630,-0.2148738806690,0.2145435820474,0.1539665659517,0.1691509293621,0.8144389083124,0.2974632175137,0.4235982076229,0.4362870995287,0.4301866442033,0.4775926997600,0.0030431915918,0.0893170561372,0.0059914882575,0.0644450097084,0.0800604894734,0.0588910103705,-0.0135876440399,0.0712700976600,0.4079679423442,-0.0225373635781,0.0308233460414,0.0198679209095,0.0315126375122,-0.0837956207922,-0.0757696181613,-0.2323196954437,0.0460448213137,-0.0254758667674,-0.1870462881358,-0.2589443039653,-0.1929169004662,-0.1559253516373,-0.1549180092017,-0.0546194056367,-0.2840976464573,-0.2078870062164,-0.3489073933103,-0.0393665701539,-0.2541849047700,-0.1653060066022,0.0158895591181,0.1502178873757,-0.1263300415916,-0.1855193834691,0.1442478972502,-0.0872606589951,-0.2743431241413,-0.2220116402587,-0.2648197110874,0.2490461796593,0.1704230475738,-0.0621540455847,-0.0558823537391,0.0092544590370
0.1453736022887,1.0000000000000,0.4903313569843,0.1713835869604,-0.1150891826229,-0.0661693337617,-0.1098115864056,-0.2432840289707,-0.3266667507384,0.1895879426457,-0.1691450550762,-0.0381345693599,-0.0313249158854,0.5616963959911,0.4149653871355,-0.1996360756280,-0.1037683847216,-0.1711374266863,-0.2505195287599,-0.4093408598256,-0.0165422596171,0.2862325119625,-0.1297866890924,-0.2298369028821,-0.3981565786679,-0.0172293968366,-0.2564105860878,0.4228351901626,0.4545688770486,0.4927474983927,-0.1067121227359,-0.1705323950745,-0.1167849634364,0.1618877843314,-0.0556094932613,-0.0991305795279,-0.0730318337764,-0.1593199410705,0.0751638329050,0.0958936265976,0.2209136091558,0.1251864375114,-0.2469718047276,0.2312638038798,-0.0377713962162,-0.1180625730619,-0.0626197325417,-0.1120875075332,0.3653977993002,0.1183208530272,0.1903706813525,0.7827556775657,-0.1999022839408,0.0568939653760,-0.0319873268920,-0.0311494428627,-0.3511944401808,-0.2675495537548,-0.1382972702089,-0.3662643938364,0.0875536317858,-0.2468177194070,-0.0447562651988,-0.0989797424279,0.4770766977309,-0.1539868989985,-0.3502299378326,-0.3506671940047,-0.2632257895314,-0.5852706408639,-0.2347459560144,-0.1345385011580,-0.2348734406936,-0.3944556771251,-0.4107294149461,-0.2533318550032,-0.4224881382566,0.3345243532872,0.4413387844831,-0.3422846396764,-0.1389683649486,-0.2732685645050,0.2989447502112,-0.3643043058339,-0.4087348416393,-0.0598833722722,-0.0911858115163,0.1194785394681,-0.3554197553070,-0.3023162664399,0.1106154394448,0.0329683706230,0.1217204150084,-0.3465462069307,-0.0107514314555,0.0034218589964,0.4658074102302,0.1431288256508,0.1376492341397,0.0730286495772
0.3965211196627,0.4903313569843,1.0000000000000,0.5188063384981,0.2899743646055,0.3652771361513,0.3532332329681,-0.0520034008071,-0.1810999304414,0.4009982776543,0.0369044873047,0.1336449228473,0.1876254900410,0.5149356907845,0.2374370160171,0.2197380616322,0.1154263439420,-0.1519824944820,-0.0091530610768,-0.1005741218401,0.1032337351420,0.3050737716108,-0.0252375640951,0.0727151459864,-0.2019596681816,-0.0883718981065,0.0445509488585,0.2033552883341,0.2657599192206,0.2791789021927,0.1507562366463,-0.0131843227895,0.1039907035611,0.2654692344954,0.1461452909621,0.1847096594314,0.0855926404686,0.0222940573610,0.1819557311878,0.2835395305332,0.2724981748834,0.4461403436685,0.0515314523951,0.1476257657919,-0.0590206256710,-0.0418132243105,-0.0004446821892,0.0636950303347,0.3497513422117,0.2734341272740,0.3744101671260,0.6302399035718,0.0551967561747,0.2468483884420,0.2529976770941,0.2738563872661,-0.2067251540722,-0.0050457216718,0.0472380333489,-0.1611922187618,0.1204133050596,0.0062002236252,-0.0219953927189,-0.1966084733918,0.4649143508490,-0.0189302703931,-0.1548909720627,-0.1821610635817,-0.0373200611761,-0.3388808390834,-0.3672520854067,-0.1481238031068,-0.0059992818645,-0.2113825595377,-0.3052289685595,-0.4109238632918,-0.3937146699959,0.0429152195201,0.0640785516836,-0.2176649221825,-0.3438433989764,-0.2534825526356,-0.0267461175727,-0.2115827462450,-0.2507862236946,-0.2790247409170,0.0358811651395,0.1455343859961,-0.3040682177657,-0.1781319793744,0.1776403655966,-0.1095318673659,-0.0476610823427,-0.3056292835131,-0.3682650236135,0.1760110232670,0.1905625482699,-0.1776423811332,0.0205768957827,-0.1675167227492
0.4207888018328,0.1713835869604,0.5188063384981,1.0000000000000,0.3813093729711,0.4707943858216,0.6984486151035,0.2681733443353,0.1769517382571,0.4300903234216,0.2751468436185,0.3034691809226,0.4683463823463,0.5098953565500,0.5137593469056,0.7028847639166,0.5219132545705,0.2403827208162,0.4574893854888,0.3236253154068,0.4365495628097,0.2439624128268,0.2223840427402,0.4274244082537,0.0889420211685,0.0986573013666,0.2358668935238,-0.0720839592024,0.0641544231215,0.0810584851020,0.4011295007660,0.1286396526041,0.3563046999574,0.2591556696541,0.4763544445495,0.5370728586979,0.2637572431035,0.0547756496802,0.2307787023222,0.1833299913039,0.3819711054854,0.6095346863873,0.4626252946240,-0.0888288961984,-0.1796591546460,0.0757439112635,0.0852598994379,0.2086027982069,0.2941362465591,0.5717286319600,0.3259797369068,0.3207427169036,0.4303669097569,0.3602119363005,0.3963727558059,0.6551694333588,-0.0376785825314,0.0032036031628,0.0415934742476,0.2447229558021,-0.0174126825454,0.2106978512180,-0.0412436872364,-0.1970799873111,0.2454573395653,0.0801684288924,0.4102742375700,0.0761113739000,0.2212426181166,0.1638929634813,-0.2429828279850,-0.0321708593598,0.2629223330896,0.0947835732518,-0.1018933370805,-0.2892829537364,-0.0645702945518,-0.2066835269707,-0.2116629688931,0.2432660329713,-0.2918488260425,-0.1620323214235,-0.4405840069484,-0.0387048876859,-0.1286531285101,-0.3140498417338,0.2602766581225,0.4161783834240,-0.1044217799664,-0.1466277113459,0.2289039969991,-0.2032392551671,-0.2931202156184,-0.3191189219646,-0.4131612240191,0.1895498775582,-0.0095147113570,-0.3099547042124,-0.1327824069439,-0.0953267135125
0.6613511828152,-0.1150891826229,0.2899743646055,0.3813093729711,1.0000000000000,0.7585067344569,0.5165139091825,0.0973539151011,0.0558128987839,0.3285317499193,0.3749861310999,0.2997820504052,0.2025845758201,0.3074791023017,0.1781782322507,0.2908360356438,0.2517430356414,0.2152488919354,0.1130417912174,0.1494160452282,0.0786151183246,0.1908054128708,0.1453745770504,0.2205532899117,0.0845865963724,-0.2067863649840,0.0315362812844,-0.2303329637021,0.0103614306118,-0.3230560589512,0.0378626570472,-0.1371550874218,0.1301247491297,-0.1647571028263,0.1654490013597,0.1119644362318,0.2091336936433,-0.0349685918561,0.1768489205169,-0.1762480666246,0.2350682081988,0.2941495602322,0.1193539255530,-0.2131435068881,-0.0907231442366,-0.0066003477730,-0.2103718528953,0.3857628159068,0.4315354327426,0.3313895866232,0.7188570082365,-0.0415571998108,0.4609881339766,0.6140865085792,0.6984959836929,0.4344869504505,0.0205674458207,0.0727137869464,0.1983683170802,0.1986264043607,0.2374463621127,0.3742128335553,0.0814963827410,-0.0061233306317,0.3089463693437,0.1898904689724,0.1750575383576,0.2190938201608,0.1247164978362,0.1049788040630,-0.0019420104281,-0.0456078172621,0.3339137501144,0.0988023649563,0.0062685692886,-0.3117799108728,-0.0271964928832,-0.2828661818654,-0.1622385038538,0.2257317074541,-0.2705471163761,0.0147195825887,-0.3561117351731,0.0736426219187,-0.0656517970307,-0.3622951968803,0.2445926290143,0.1784792230580,0.0651904950877,-0.0676558166359,0.2313208451328,-0.2908859481415,-0.2678486995858,-0.2332282525288,-0.3656275019522,0.3930139908163,0.2634175680630,0.0385022159132,0.0504926559334,0.1057999550420
0.4446211501249,-0.0661693337617,0.3652771361513,0.4707943858216,0.7585067344569,1.0000000000000,0.6539366441420,0.2074619383055,0.2220611396528,0.4827529621032,0.5744167197462,0.4013583452598,0.3540675036801,0.3483016317131,0.3730962576469,0.4234498429285,0.4129156370161,0.3238849363286,0.2708974933943,0.2772811437407,0.2510832260765,0.3421700321862,0.2403642398263,0.4724932792440,0.1676679469373,-0.1884271472471,0.2547669242840,-0.1739891978234,0.0679219256912,-0.1797656677729,0.2914062617617,-0.0130406214983,0.2773882843868,-0.0682901981476,0.4740972451829,0.3061629299775,0.3842951084942,0.0762260451420,0.3658423478871,-0.0310624977445,0.3300500620361,0.4505741102950,0.2728026620762,-0.2119552223422,-0.0625591211640,0.0982402131847,-0.1668270244093,0.6760145734161,0.5641179488147,0.4979483025144,0.5568716510482,-0.0107330764171,0.3889138825605,0.7527736771306,0.8519826523342,0.4543809926146,0.0505741645440,0.1365095174539,0.2409341940171,0.3374919689172,0.2807270751977,0.4658078080940,0.0768658053669,-0.0888457635267,0.2760808954058,0.3206060715910,0.2719676750903,0.2324208001467,0.1755870497007,0.1987475758841,-0.0752481194525,0.0413059299267,0.5150683470889,0.2080388065572,-0.0217681685919,-0.4627163864558,0.0642138394182,-0.2907994720475,-0.1251877872703,0.3371657860134,-0.3881884704230,-0.0637555494947,-0.4175611074125,0.0468076216152,-0.0795087395665,-0.5523756788768,0.4176747524074,0.3532284449058,-0.0164328309050,0.0044019986938,0.4089541232726,-0.2934936601090,-0.3308253000810,-0.2895879283128,-0.4631691444835,0.6216308783223,0.2704174450041,-0.1187069779001,0.0017304633282,-0.0008440714313
0.2932418654600,-0.1098115864056,0.3532332329681,0.6984486151035,0.5165139091825,0.6539366441420,1.0000000000000,0.3924164261049,0.3982710127330,0.3754782330828,0.4063582473311,0.3442690548623,0.4647955730528,0.1979212659117,0.2134549982658,0.6766190279967,0.5351543310064,0.4161172709141,0.4759897020143,0.4121065353959,0.3505313160477,0.2236694344616,0.2306607975490,0.5727069568030,0.2583976281625,-0.0342405276977,0.2382296025128,-0.1396932741829,-0.0034906806122,-0.0694325718845,0.4233650971454,0.0425175762804,0.3043776198565,0.0468842280221,0.5633571845461,0.4304721797170,0.3465541101507,0.0954045783934,0.2793159258243,0.0484542497344,0.1871010063401,0.4996740441685,0.3167073736960,-0.1451992853024,-0.0476546806467,0.0101884652345,-0.1125507098527,0.3165177992180,0.2425548372402,0.4751758286807,0.3294595829415,0.0506699429130,0.4711710112672,0.4872759538846,0.5259921405909,0.6429165207151,0.2074897453851,0.1962115860200,0.3677582326205,0.4475510476763,0.0730351715740,0.3289333511123,0.0159235309211,-0.0677629054934,0.1871866396176,0.1572357430401,0.3724227135650,0.3268264410695,0.2370998811124,0.3318389801583,-0.0723334205375,0.0603212277110,0.4887106564296,0.3084724434209,0.0860094151516,-0.2403721927091,0.0770644289813,-0.2171764616347,-0.1725083132239,0.4381377370291,-0.2886237901194,-0.0443462920098,-0.4371802025891,0.0058612769914,0.0813390712796,-0.3919064747341,0.3908934910939,0.3759561482534,0.0123929762902,0.0302862851273,0.2564666643092,-0.2604151405705,-0.2688634888070,-0.2745319871333,-0.4051792353039,0.2467974105894,0.0016670439301,-0.2137171527518,-0.0913287672976,-0.0767736415114
0.0132286896964,-0.2432840289707,-0.0520034008071,0.2681733443353,0.0973539151011,0.2074619383055,0.3924164261049,1.0000000000000,0.7823646358741,0.0638388619831,0.3152248369505,0.2439957993551,0.6105864485015,-0.1730064050751,-0.0563623254364,0.4979904938235,0.6082937422610,0.5066249070626,0.6120411482041,0.6752800440367,0.2954165549728,-0.0968931886617,0.1056566443077,0.4642497293162,0.6517394583046,0.1747073251103,0.3367526733322,-0.1944124034480,-0.2566311964458,-0.1333788119824,0.3900529533110,0.1826891826942,0.3153975100592,0.0893598583333,0.2620827677833,0.1933457542375,0.1231930518826,0.3789777377915,-0.0673511973955,0.1279820375299,0.0107924552550,0.2116173689466,0.2720463756724,0.0578692336913,0.3506761165272,-0.0407473788634,0.0508189282258,0.0305459143723,-0.1480632778155,0.1360902904576,-0.0960120901257,-0.2762100380048,0.1352620399500,0.0011872316665,0.0165917478232,0.1721388925565,0.5345999784672,0.6574127859690,0.5548052085687,0.6794981634951,-0.1318956290733,0.2662564280890,-0.0330575192007,0.0690271582449,-0.2236934892329,-0.1554109691410,0.2556214573245,0.4122451389676,0.2464440300184,0.5374708232983,-0.0192567443018,-0.0196064259386,0.3029184289740,0.5971423982202,0.1734743157324,0.1141668683068,0.2723535414506,-0.2588978508157,-0.3591197952220,0.3618260825157,-0.1218572243196,0.1143229074246,-0.3228878825086,0.0395553411063,0.3211592729927,-0.1158046774518,0.0708209210852,0.0532560749241,-0.0532427327366,0.2248168316595,-0.1174051783991,-0.1192962473565,0.0563100227684,-0.1944170928726,-0.2497730478359,-0.0629512588201,-0.3348599605419,-0.2271348678086,-0.2952064840585,-0.2789217216942
-0.0603430079736,-0.3266667507384,-0.1810999304414,0.1769517382571,0.0558128987839,0.2220611396528,0.3982710127330,0.7823646358741,1.0000000000000,0.1200234847083,0.4417002621107,0.3338015398353,0.5362333131564,-0.1848136164202,-0.0927013938322,0.4673308550688,0.5680174973360,0.6056540757692,0.6610987022424,0.7332871451102,0.3390878569506,0.0220151755807,0.2403574634859,0.5894065682613,0.7573778441663,0.1234094239490,0.4280630554420,-0.2107019118422,-0.1656042093721,-0.1455573000750,0.4424396274189,0.2234184418225,0.3598199286592,-0.0053592777315,0.3263526107089,0.2485558867889,0.2144601952799,0.3064131199302,-0.0697929697746,0.0810200622493,0.0262001941335,0.2167997213831,0.2269180031658,-0.0196403632108,0.2339684523352,0.0173407031057,0.0497023941401,0.0564148280563,-0.0982957919239,0.1016577086583,-0.1178242662080,-0.3620717371870,0.0865720946160,0.0281594078380,0.0717949092089,0.1529722839241,0.4773952776650,0.4850479517338,0.6479356629945,0.8567530558891,-0.0323487720687,0.3708128926829,0.0440315365449,0.0475598457876,-0.2330274068823,-0.1009629281295,0.2846358846744,0.4606589884602,0.2240111511873,0.6551435453931,0.0424237935966,0.1540563169858,0.4762905137493,0.7704937970037,0.2939578463386,0.0516023194709,0.3328525641984,-0.2610460067527,-0.2445073819528,0.4619134961748,-0.1109122747789,0.1592899032537,-0.3685476725445,0.0527423989052,0.3533353084719,-0.2061548692343,0.1667090652690,0.0738358634109,-0.0292727834820,0.1612212802963,-0.1177442721413,-0.2319708123887,-0.0396336677164,-0.1322635797088,-0.1829744210658,-0.0343248022541,-0.2941768364385,-0.2010526477274,-0.2483755652617,-0.2164694505703
0.1034561800669,0.1895879426457,0.4009982776543,0.4300903234216,0.3285317499193,0.4827529621032,0.3754782330828,0.0638388619831,0.1200234847083,1.0000000000000,0.6121895286287,0.7619657280561,0.5007794085820,0.3899588638220,0.3959515687433,0.2530612875774,0.5325732439897,0.3101440869788,0.2391893763771,0.2759824790039,0.5945934317848,0.8251581480732,0.5996973366527,0.4956368482088,0.2088582503717,-0.0560212378287,0.4494037007561,0.0145333762730,0.3474797317420,0.0658490901366,0.4206778381973,0.3095016677581,0.5987668726101,0.0168914344765,0.3109145780922,0.2875625601007,0.4967418184898,-0.1433411762160,0.0774290661645,0.0065601074865,0.4810990951390,0.7585401314911,0.1246165720934,-0.1309597286089,-0.0471889336508,0.3418266383728,0.0757583017530,0.2329848099048,0.5642559896939,0.6221280650403,0.2038663227400,0.1846559227630,0.0806671847468,0.4035413696933,0.4109094437676,0.1458793364224,-0.1077783732039,-0.0764268913763,0.1865007539856,0.1961947725040,0.6721443107795,0.5499508325230,0.4444532562783,-0.0392987207435,0.1939185452498,0.1197843646948,0.0833518039518,0.1763804665065,0.1314357310607,0.0657968207331,0.0082071692055,0.4553466938134,0.4654225434591,0.1947030698652,0.0530768342596,-0.4364723295862,0.0577831418537,-0.1914439248850,0.0646114873222,0.3024282163919,-0.1770906760447,0.2537641066474,-0.3721834651926,-0.2076901519721,-0.0686032868973,-0.5290827867440,0.4697128074137,0.1744203589017,-0.2105133246549,-0.3147983875829,0.1105967552781,-0.5499832970271,-0.2529677296116,-0.2688051613973,-0.2034746287017,0.2550657166102,0.2388637093996,0.1623168741802,0.3360113827461,0.2123866966550
0.0695186904793,-0.1691450550762,0.0369044873047,0.2751468436185,0.3749861310999,0.5744167197462,0.4063582473311,0.3152248369505,0.4417002621107,0.6121895286287,1.0000000000000,0.7325696218684,0.4905078715158,0.1155783895750,0.2519028518581,0.3028689594872,0.5357274620629,0.5391645177207,0.3459237216523,0.4687089884786,0.4780474651785,0.5221097677841,0.5727034135325,0.5939679788135,0.4167497177783,-0.1085199946840,0.5413936217345,-0.1508091889207,0.1708147331460,-0.0728458183606,0.4122089718296,0.1992261274788,0.5137783945225,-0.1855087387578,0.3622077146210,0.1866958072994,0.4605869784521,0.0354213272629,0.1459888490777,-0.0188804226063,0.3538687897969,0.4879650501850,0.1860576916931,-0.1890346460485,-0.0140574372697,0.3015213159137,-0.0347781326933,0.4277790656491,0.4451150190071,0.3887857975847,0.1375011808048,-0.2341681046086,0.1910271794818,0.4265141923593,0.5255034045609,0.1363142625994,0.0421334400686,0.0992151598474,0.3614415249066,0.4487113102493,0.4163309525425,0.8179387160598,0.3110705639182,0.0195411656942,0.0069826274986,0.2048497720457,0.1433882066898,0.3974134461264,0.1036088869494,0.3643073939258,0.0952382932947,0.3891192007275,0.6176135688076,0.4477250781621,0.1300700564854,-0.3774121894159,0.2855588720903,-0.3209176624650,-0.0246826561699,0.4459319337777,-0.3307760228209,0.1838165837387,-0.4076538708456,-0.0933282790767,0.0316282459252,-0.6226589615667,0.4692007594879,0.1074830511315,-0.0610010107575,-0.1355051282357,0.1841653802982,-0.4849610448458,-0.3252387179097,-0.1525529719123,-0.3072817700276,0.3794195743909,0.1734137199891,-0.0388679573702,0.0978354933254,0.0966335846755
0.0675958794723,-0.0381345693599,0.1336449228473,0.3034691809226,0.2997820504052,0.4013583452598,0.3442690548623,0.2439957993551,0.3338015398353,0.7619657280561,0.7325696218684,1.0000000000000,0.5032543733918,0.1844111895945,0.2060730222926,0.3122626357747,0.6007072319845,0.5461969693051,0.3508380839149,0.4107949427927,0.5625958721481,0.6724512196694,0.6765580570402,0.5227492304620,0.3341307295565,-0.0669756405617,0.3930408410722,-0.0409295212288,0.2891411188845,-0.0495490101073,0.4209564403896,0.2638859376446,0.5461351464015,-0.0906670700415,0.3166472003410,0.2028753450126,0.3659967796613,-0.1359912632330,-0.0484205598275,-0.0503391367703,0.3147822246688,0.5984774815911,0.0640747573207,-0.2107826762960,-0.0575769562396,0.2426731583878,0.0122963139720,0.1938734180297,0.3505913392865,0.4047500950302,0.0806035601971,-0.0667612702507,0.1152704191657,0.3402305769771,0.3322942379146,0.1366853780707,0.0456322320551,0.0248022553064,0.3100437497623,0.3526595186531,0.5595603393434,0.7237849432577,0.6232424462890,0.1024337488363,0.0052772794734,0.0006595738524,0.1161299159657,0.4295431121485,0.1223128967764,0.2673138425121,0.1928418796403,0.5506197214994,0.5164012863262,0.3563357398403,0.1064126526392,-0.3542798239524,0.1308354196037,-0.1927250959884,0.0664635758792,0.4341606512918,-0.1725727330449,0.2854234263366,-0.4755072726759,-0.2396614433179,-0.0315914762036,-0.5409301052470,0.3226525482005,0.0491170976714,-0.2588129925718,-0.3221026021407,-0.0451393690731,-0.4883821953132,-0.3250722302388,-0.2107267470862,-0.1836139431441,0.1797013607528,0.1199457453113,0.0584069054292,0.1556833374430,0.1547564441388
0.0963713205448,-0.0313249158854,0.1876254900410,0.4683463823463,0.2025845758201,0.3540675036801,0.4647955730528,0.6105864485015,0.5362333131564,0.5007794085820,0.4905078715158,0.5032543733918,1.0000000000000,-0.0208130114172,0.1975880013434,0.3449812329506,0.7204022598887,0.3874480782944,0.3602409570576,0.5644567232096,0.4053917330617,0.2396657316177,0.3300179763277,0.5329625708434,0.5468658597742,0.1449566316670,0.5423872036140,-0.2072787964118,-0.0980137902627,-0.1208062367152,0.4134139346118,0.3348053963699,0.5846299180473,0.1944343493809,0.2438553467291,0.2081823143018,0.3204061813887,0.2916526349221,0.0166147246581,0.2237211671209,0.2660582827046,0.5138769219338,0.3251924009667,0.0869775706384,0.2615177475329,0.1705039538741,0.2365257041452,0.0678339853241,0.1125996797678,0.3966532111802,0.0074907469808,-0.0459449975115,0.0819157435204,0.1240958847662,0.1329659729430,0.1617509636878,0.4203103537781,0.3878073811386,0.3482643819775,0.5090770685135,0.1484656158367,0.4070813374616,0.2404471704619,0.3098603293060,-0.1215848640537,-0.1260185334510,0.0949293703904,0.3890903564716,0.1102655862412,0.4244504518467,-0.0901929999847,0.1482418783366,0.3688975701868,0.5330869480382,0.0565438635267,-0.0179489266736,0.2707164479487,-0.3317483993065,-0.3210687820955,0.3289091241920,-0.1791551890146,0.2535799939730,-0.4084624396632,-0.1561375172664,0.2757190786131,-0.2374309768693,0.2302659666929,0.0304362607394,-0.1188951175987,0.0540774903893,-0.0372641423549,-0.1783905347459,0.0239437552429,-0.2591858547352,-0.2474847696805,-0.0302652480814,-0.2310609079427,-0.1104684208785,-0.0277868189896,-0.1365443174372
0.4350273123388,0.5616963959911,0.5149356907845,0.5098953565500,0.3074791023017,0.3483016317131,0.1979212659117,-0.1730064050751,-0.1848136164202,0.3899588638220,0.1155783895750,0.1844111895945,-0.0208130114172,1.0000000000000,0.5610307667501,0.3420375719957,0.1302755686648,0.0526132766327,0.1491078843574,-0.1581589934658,0.2875204985259,0.4726077520007,0.0900348011277,0.0582375622958,-0.3255605957670,-0.0525432778682,-0.1699278626911,0.2741586758608,0.5043962975579,0.4285327036156,0.1193375124504,-0.0973366375411,0.0527777724702,0.0696831515119,0.2371533378744,0.3001453098560,0.0205446440426,-0.2720325280457,0.0489769877374,-0.0382368234961,0.3830783080879,0.4231453923181,-0.0475826069173,-0.0673023037109,-0.2827945065444,-0.0379631708580,-0.0800158616125,0.1555535555126,0.6481595124815,0.3665449295741,0.5310355277304,0.5393705823479,0.1911206250576,0.3819248510520,0.3858231196764,0.3312088503865,-0.4370147539695,-0.2840301975916,-0.0671173236671,-0.1116123266825,0.2018158568615,0.0209255997363,-0.0268566497660,-0.3353191368625,0.6784907768641,0.0383521848694,0.1203344134876,-0.2061872075315,0.0441285258991,-0.3680141919798,-0.1367708191537,0.0054103489447,0.0508025736637,-0.2967747986638,-0.2664794275512,-0.5547415145389,-0.4376524589725,0.1403730588852,0.3403389325885,-0.0202981276694,-0.2432256469109,-0.3392090234136,-0.0529733551230,-0.2301507993727,-0.5520900534058,-0.3453902334032,0.0626723586820,0.2549763451057,-0.4206014397649,-0.4710823002994,0.1290262342249,-0.3313216235543,-0.2554997188380,-0.3756069293982,-0.2723448784642,0.2558220250553,0.6304279864602,0.0184121271191,0.0537680512964,0.0511627938495
0.0872593922889,0.4149653871355,0.2374370160171,0.5137593469056,0.1781782322507,0.3730962576469,0.2134549982658,-0.0563623254364,-0.0927013938322,0.3959515687433,0.2519028518581,0.2060730222926,0.1975880013434,0.5610307667501,1.0000000000000,0.1912672096135,0.2690120189788,0.1046490795554,0.0940265917798,0.0544357551419,0.3247344610275,0.3567130998897,0.1993247869262,0.2419987566856,-0.1114745922026,0.1207667129603,0.1811454685361,0.0935418481827,0.3570513289858,0.3220890747677,0.2873320301393,0.1538479104866,0.3094999472433,0.2262099169464,0.2688134130768,0.3075564928441,0.2930603565678,0.2016455243696,0.4285880217228,0.1736313169945,0.5124939613505,0.3978971387018,0.5258408531798,0.1596344909981,0.0761635480958,0.1458128669770,0.1828360684105,0.3720786054234,0.5929250773300,0.6102782281703,0.2154518300906,0.3129563809927,0.0720779157061,0.3836236001981,0.3803528909864,0.2725809456890,-0.2775929629363,-0.2835585053395,-0.2451856986668,-0.0397448839730,0.0116605601563,0.1151508765212,-0.0667575413556,-0.3150638898936,0.2212152906658,0.2694524705451,0.1976426617216,-0.2128304652672,-0.0872028810911,-0.0834767591155,-0.3365276058184,-0.0594682513153,0.1254715202441,-0.1846098140277,-0.2201525910985,-0.3926971291341,-0.1120344604462,-0.0123194405414,0.1699437347905,0.0651531704426,-0.2750625881912,-0.2117194542296,-0.0918339947411,-0.0317071811392,-0.2516641564321,-0.3277720812405,0.2551791691289,0.4199562785708,-0.0105356662658,-0.0686332823864,0.4102561173726,-0.0513560236323,-0.0259093617318,-0.2773326981802,-0.3084213292795,0.3258081363054,0.3390422186908,-0.1497953722703,0.0297351896899,0.0317262962757
0.1418265566962,-0.1996360756280,0.2197380616322,0.7028847639166,0.2908360356438,0.4234498429285,0.6766190279967,0.4979904938235,0.4673308550688,0.2530612875774,0.3028689594872,0.3122626357747,0.3449812329506,0.3420375719957,0.1912672096135,1.0000000000000,0.6029245903175,0.5335708853066,0.8081669857735,0.5724159356422,0.5578378711392,0.2120821562091,0.3054711442519,0.5652680698149,0.2688850972109,0.1680268791657,0.2192272217298,-0.0949386162949,0.0047515668703,0.0559463693767,0.5842471592478,0.2445588525495,0.3820647631322,0.1537104293172,0.6475883582131,0.6806870426882,0.1945629543846,0.0651896133914,0.0276178097378,0.0732124373241,0.1646636468050,0.5145702056612,0.3521263779639,-0.1853823922863,-0.0631850036023,0.0229929714004,0.0659306085978,0.1499739596594,0.1927561675822,0.3658392783979,0.1104149947532,-0.0770185256049,0.4006150087834,0.2303863149268,0.3086527287223,0.5109327503979,0.0775704677560,0.1409325036956,0.3410565818953,0.4542460497863,-0.0845203648138,0.2054686203492,-0.0786950062373,-0.3143889169250,0.1099002904604,0.0561864069508,0.6364430575470,0.2661953464134,0.4243950634903,0.3622960884912,-0.0119909538917,0.1248442360460,0.4368270078132,0.2937944895389,0.1915869665915,-0.2292523121732,0.0050240522595,-0.2024891138426,-0.2012684775202,0.5202490525606,-0.1451037210882,-0.0578858420159,-0.4140084292145,0.1237808195776,0.0320965689942,-0.3003266248230,0.2157434481007,0.3429120504531,-0.1153819366358,-0.0572811166324,0.0218950609383,-0.3545887762433,-0.2879986202093,-0.2582627767243,-0.3411086346773,0.1352632190510,-0.0845676711880,-0.3299069517477,-0.2466132744811,-0.1974397794033
0.0264643743492,-0.1037683847216,0.1154263439420,0.5219132545705,0.2517430356414,0.4129156370161,0.5351543310064,0.6082937422610,0.5680174973360,0.5325732439897,0.5357274620629,0.6007072319845,0.7204022598887,0.1302755686648,0.2690120189788,0.6029245903175,1.0000000000000,0.6849186016904,0.6374534169912,0.7356781980169,0.6922521365889,0.3676657796681,0.5249367129310,0.6592045662640,0.5505173387624,0.1503163556351,0.5350958225809,-0.1694463490894,-0.0036134764102,-0.0655210236664,0.5918515089380,0.3903418485897,0.7283728781033,0.1209813369504,0.4176819561486,0.4363602238935,0.3645787567756,0.1400518781313,-0.0534686479799,0.0807806590377,0.2893710671192,0.5663517698012,0.2896281709669,-0.0489175418329,0.1293387449516,0.2100904127440,0.1416177285956,0.0839272911949,0.2313644573227,0.3962688612125,0.0059871074013,-0.1432075319624,0.1895618042332,0.1669895673224,0.2374633709908,0.1962811953033,0.3470627045291,0.3252867614096,0.4800647140546,0.5955380834610,0.1760624105989,0.4557798196023,0.1492584877223,-0.0385453472137,-0.0492635057540,0.0064223491892,0.3732763960327,0.5802162000695,0.3416206067887,0.5373130057436,0.1305374682359,0.2725179679468,0.5190042628578,0.5385526628711,0.2389604192472,-0.1279659131397,0.2537204792116,-0.2703054419054,-0.2290183780811,0.6193951099010,-0.0912032021551,0.2905165974464,-0.4207338541579,-0.0543005240906,0.2789764970792,-0.3013202462968,0.3276228740715,0.1314788177678,-0.1268120466080,0.0022139540838,-0.0563959848182,-0.4163334131935,-0.0832529205865,-0.2888485188893,-0.2906780047703,0.0428308749004,-0.1284596241917,-0.1330304732404,-0.0848035772027,-0.0951335878758
0.0037952106894,-0.1711374266863,-0.1519824944820,0.2403827208162,0.2152488919354,0.3238849363286,0.4161172709141,0.5066249070626,0.6056540757692,0.3101440869788,0.5391645177207,0.5461969693051,0.3874480782944,0.0526132766327,0.1046490795554,0.5335708853066,0.6849186016904,1.0000000000000,0.6428294668505,0.6618049789847,0.5420724916052,0.2840418242871,0.5031647260165,0.6869317516229,0.4743868784627,0.0268345857632,0.3486430334377,-0.1782742756221,0.0530138503201,-0.1048100956518,0.5433279653925,0.2216471616030,0.4912106218393,-0.1099449615149,0.4642967711655,0.3754876319760,0.3791239368918,-0.0153389831773,-0.0598820672715,-0.1822290954321,0.1270091339135,0.3067902814109,0.0664120852510,-0.2996521648198,0.0180743670423,0.0128718412168,-0.0688804519524,0.1213035254256,0.1651984326827,0.1846947149132,0.0386535930052,-0.1912726708994,0.2480800588816,0.1996072677337,0.2533337241252,0.2237583604113,0.2758168206908,0.2404935210764,0.5173229992240,0.5727632593290,0.1715252803450,0.4040436128275,0.1996010473764,-0.0457005660537,-0.0112557506806,0.1353580900089,0.4234627948075,0.5700197884361,0.2976083520295,0.5590861058277,0.3215623648409,0.3525838010419,0.6979324456836,0.5426812007553,0.3865361701204,-0.1237358167770,0.2668398243569,-0.2272086027306,-0.0761646969278,0.7163025590129,-0.0070530725681,0.2407481477354,-0.4050662850478,0.0490767095688,0.1784664026858,-0.3078914529321,0.3866240440773,0.2156894622828,-0.0054893156518,-0.0281610009870,-0.0500197482702,-0.4864975942973,-0.3064638198574,-0.2576347291635,-0.1862101535445,0.1165632553841,-0.0210932338046,-0.0889351619743,-0.0529483338308,0.1189169546668
-0.0455284099285,-0.2505195287599,-0.0091530610768,0.4574893854888,0.1130417912174,0.2708974933943,0.4759897020143,0.6120411482041,0.6610987022424,0.2391893763771,0.3459237216523,0.3508380839149,0.3602409570576,0.1491078843574,0.0940265917798,0.8081669857735,0.6374534169912,0.6428294668505,1.0000000000000,0.7402589895125,0.6312865388508,0.1913051189642,0.3738773510157,0.5884724673646,0.4947327794886,0.1603911862795,0.3205046517035,-0.1733764466131,-0.1196961689029,-0.0498342479653,0.5857664158063,0.3021253333252,0.4105592276839,-0.0007453852564,0.5713681310454,0.6641688838486,0.2393249639549,0.0405342368362,-0.1110581198813,-0.0762972182979,0.0300492050513,0.3217348988199,0.2531461409414,-0.2567689692845,-0.0549866975556,-0.0032072608464,0.0134302341288,0.0728925978685,0.0685313748094,0.2380732437343,-0.0630032001178,-0.1888713432208,0.2458113636150,0.1500827308023,0.1902255387953,0.3343023898730,0.1824547656461,0.2619254959834,0.4709803093754,0.6696496970841,0.0403008818259,0.2668424536695,0.0271475407029,-0.1668040114874,-0.0247338872841,0.0999121663694,0.6801784911209,0.3615404147979,0.6152554298113,0.5585609925640,0.2077745416523,0.2483671059144,0.4991506731305,0.5362698968320,0.3798872461856,-0.0561775626680,0.1870276703279,-0.2240828276961,-0.2338447592744,0.6018509285048,0.0288588462476,0.1299630449499,-0.3949639417592,0.2037084742634,0.1819565709383,-0.2169094028638,0.2624875200681,0.3198344544643,-0.0302850066783,-0.0019216939293,-0.0857874247707,-0.4133933406494,-0.2543187551977,-0.2239021933039,-0.2025394602904,0.0596234928392,-0.1569663544495,-0.2048554783642,-0.2298073147023,-0.0655095796673
-0.0866449708942,-0.4093408598256,-0.1005741218401,0.3236253154068,0.1494160452282,0.2772811437407,0.4121065353959,0.6752800440367,0.7332871451102,0.2759824790039,0.4687089884786,0.4107949427927,0.5644567232096,-0.1581589934658,0.0544357551419,0.5724159356422,0.7356781980169,0.6618049789847,0.7402589895125,1.0000000000000,0.5461390402137,0.0925718611185,0.4299906635010,0.6942934247464,0.7787618265272,0.2194946672561,0.6062538066490,-0.2695975571919,-0.2235525175194,-0.2299197240051,0.6043541154886,0.4459268932996,0.6447464905984,0.1046257859972,0.3739492291093,0.4554281555454,0.2902315999467,0.2879075287513,-0.1098216370667,0.0823015730221,0.1292272350640,0.3533906916513,0.3270443722206,-0.1128493257758,0.1297297820100,0.1174511600651,0.1392120264838,0.0729515689221,-0.0249268199293,0.2127948060429,-0.1412366965878,-0.3876038540926,0.0923928700378,0.0212248032928,0.1360031746427,0.1315405356758,0.3866957600182,0.3879572992205,0.4588464793241,0.7046056173115,-0.0078462777382,0.4181570428263,0.0380162970580,-0.0713694816560,-0.2914741995271,-0.0063153231026,0.4576296418464,0.4914351755084,0.4575583942885,0.8050821715740,0.1164579697137,0.1777163152324,0.5785133261308,0.7467168331746,0.3933889545211,0.0497657554956,0.3651204650774,-0.3370564827415,-0.3822843079765,0.6083033992628,-0.0257598480052,0.3352662815721,-0.4263553647624,0.1400634094849,0.4105007067767,-0.1829369784038,0.2669411831584,0.1085798059323,0.0281008266122,0.1788438418423,-0.1213943363423,-0.3478910655454,-0.1040790580462,-0.1795212411526,-0.3064880298634,0.0212562202718,-0.3526820753816,-0.2612880332428,-0.2268975038564,-0.1416340198063
-0.1354382076916,-0.0165422596171,0.1032337351420,0.4365495628097,0.0786151183246,0.2510832260765,0.3505313160477,0.2954165549728,0.3390878569506,0.5945934317848,0.4780474651785,0.5625958721481,0.4053917330617,0.2875204985259,0.3247344610275,0.5578378711392,0.6922521365889,0.5420724916052,0.6312865388508,0.5461390402137,1.0000000000000,0.6108831611112,0.7391411422800,0.5796455342360,0.3325259998889,0.2494417221011,0.5054642734320,-0.0090123175469,0.1410115352677,0.1489096853675,0.6985788526314,0.5843152466964,0.7256964859568,0.0751173774855,0.4900839512573,0.5373556971585,0.4260816415274,-0.0492818456867,-0.1257758936887,-0.0437661358780,0.2721436813056,0.6105472493090,0.2528446164098,-0.1267243217477,0.0128288540177,0.3248404900175,0.2526921785346,0.0612731815652,0.3018598232170,0.4455226976139,-0.1230947236951,-0.1322059762222,0.0161766134987,0.1383624797365,0.1449174986703,0.0521761370666,-0.0365053189076,-0.0245233933866,0.2436021682700,0.3298107843042,0.2450047471773,0.3773380009767,0.1341839593984,-0.2624776283728,-0.0443343859618,0.0565310835378,0.3555301740604,0.2435448596399,0.3827329995413,0.2814175124754,0.1719776373572,0.5179916445397,0.4763475491096,0.3588988670677,0.3766418956556,-0.1786270605045,0.1848146866190,-0.1785594772635,-0.1031951450769,0.5142931643242,0.0867400112807,0.3206290201795,-0.3652982857383,-0.0338903947465,0.1382466577424,-0.3550937347522,0.4031820152389,0.1624867658947,-0.1326905686208,-0.1528584558168,-0.1177135430534,-0.6107001022993,-0.1696614336695,-0.2275941888301,-0.0956400982719,0.0327885248593,-0.0129122295948,-0.0880899285121,-0.0234509098907,0.0535521692919
-0.0448873889949,0.2862325119625,0.3050737716108,0.2439624128268,0.1908054128708,0.3421700321862,0.2236694344616,-0.0968931886617,0.0220151755807,0.8251581480732,0.5221097677841,0.6724512196694,0.2396657316177,0.4726077520007,0.3567130998897,0.2120821562091,0.3676657796681,0.2840418242871,0.1913051189642,0.0925718611185,0.6108831611112,1.0000000000000,0.6655549072245,0.3711630863039,0.0112125633718,-0.0201826088787,0.2908372839523,0.1870556167676,0.5770746966427,0.2988120497262,0.3984446079725,0.3156687423695,0.4974248860925,-0.0203717511816,0.2997818249254,0.2248170025477,0.4189640900819,-0.2311583516432,0.0073818840839,-0.0118238408645,0.4300322631751,0.6613840459906,-0.0461454224365,-0.0726611653113,-0.0563065752828,0.3864460454566,0.0965572088788,0.1752399956288,0.6703916646259,0.4593457110538,0.1332449351751,0.1540584860895,-0.0166016190892,0.3065708339913,0.3106682320344,-0.0115116028482,-0.2972040480617,-0.2770346429892,0.1574305316633,0.0253775759362,0.6103441932289,0.4485160249189,0.3806227151900,-0.1858638474466,0.2514956115600,0.0802679586053,-0.0078949781388,0.0577023702221,0.0294464767319,-0.1450425679700,0.0400710052545,0.6141668191563,0.3952619835078,0.0417913017030,0.0306806251720,-0.4796228985191,-0.0839786523776,-0.0388443422837,0.3219615051495,0.2444675387234,-0.1015233893467,0.1742858852085,-0.1757077427779,-0.2704659213372,-0.1950260386885,-0.5416637307691,0.3928394109123,0.0920435551999,-0.3318811607588,-0.3969632634300,0.0433340073045,-0.5697530273676,-0.2086392197997,-0.2300863326213,-0.0690006044767,0.2086685262061,0.4512874573418,0.2389744364699,0.3185885335483,0.2086500071147
-0.1546103670182,-0.1297866890924,-0.0252375640951,0.2223840427402,0.1453745770504,0.2403642398263,0.2306607975490,0.1056566443077,0.2403574634859,0.5996973366527,0.5727034135325,0.6765580570402,0.3300179763277,0.0900348011277,0.1993247869262,0.3054711442519,0.5249367129310,0.5031647260165,0.3738773510157,0.4299906635010,0.7391411422800,0.6655549072245,1.0000000000000,0.5398846834737,0.2937434066719,0.2643379819658,0.5672928024072,-0.1167379444471,0.2303906127400,-0.0377355712263,0.5270028415863,0.5961174230055,0.6660277178966,-0.0299179692973,0.3444877828500,0.3477989537248,0.5117032529287,-0.1539354435160,-0.0830505349731,-0.0660683854353,0.2698040750968,0.5603891655837,0.0963854947712,-0.1766991838030,-0.0289266630365,0.4994000139000,0.1953048616620,0.1075874125428,0.2825950823238,0.3283374773913,-0.1130220494962,-0.2360620550239,-0.0239928004639,0.1177563305775,0.1733821291236,-0.0383202058512,-0.0716871447799,-0.1494953615464,0.1514095366855,0.2274476825968,0.3523718420839,0.5183164424776,0.3460499196488,-0.1416154913770,-0.1253902011090,0.0714965590182,0.1902163771098,0.2996944857651,0.1797359773100,0.2768532512377,0.1935983182507,0.7119237115120,0.5318884369392,0.2997101875701,0.3291786387118,-0.1115172366794,0.2791466079819,-0.2893983241838,-0.0134465474798,0.4858534114001,0.1398085237144,0.4226726714068,-0.3731163465453,-0.0840396777653,0.1433952853884,-0.3479275727096,0.4921182155464,0.0836120043670,-0.0801594525512,-0.1748924331752,-0.0518191196606,-0.5358743767713,-0.2136932772617,-0.1254198537985,-0.0508348995520,0.0977026205571,0.0113094172399,-0.0180924712923,0.1384237945750,0.2230411452342
-0.0192741142067,-0.2298369028821,0.0727151459864,0.4274244082537,0.2205532899117,0.4724932792440,0.5727069568030,0.4642497293162,0.5894065682613,0.4956368482088,0.5939679788135,0.5227492304620,0.5329625708434,0.0582375622958,0.2419987566856,0.5652680698149,0.6592045662640,0.6869317516229,0.5884724673646,0.6942934247464,0.5796455342360,0.3711630863039,0.5398846834737,1.0000000000000,0.5364492661532,0.0265429437696,0.6509152786678,-0.2369296394262,0.0338254543151,-0.0868846949595,0.6478932117119,0.3288455730523,0.6037714734750,0.0389319457997,0.5202836692320,0.4754801704453,0.6581718058828,0.1559403094039,0.0961070522839,0.0358434200532,0.2406018456790,0.4841032157438,0.3498730759679,-0.2209393983489,0.0561378636698,0.1209912664426,0.0714945667804,0.2371406941773,0.2251639463140,0.3498541627899,0.0639658311617,-0.1446480043788,0.1662284862636,0.2665976315128,0.3434730533306,0.2790597915375,0.2980562440425,0.2266160185054,0.3769163714423,0.5571533017663,0.1503560527837,0.4511588753056,0.1688922408253,-0.1546684003959,-0.0440673960414,0.2080548315218,0.4434501568827,0.4426462926872,0.3041333268327,0.5978242965519,0.0442647055150,0.3605826986902,0.8497417956795,0.5631140295190,0.3619584995737,-0.2368090516879,0.3394685600515,-0.3202275181605,-0.1866814496467,0.6803471044473,-0.1144837869968,0.2067132058000,-0.4837167546198,0.0726082440181,0.2075144504051,-0.4203345781942,0.5980668138391,0.2955798963802,0.0239436474931,0.0669720907056,0.0917169297658,-0.4447099515713,-0.3196086062884,-0.2693075097987,-0.3463944899196,0.1865101050542,-0.1198708473581,-0.2860246373233,-0.1073170509657,-0.0203322776761
