1.0000000000000,0.6619792589273,0.7138305064148,0.2730802764369,0.5828952575422,0.6012479917289,0.3165966235081,-0.2743919381039,-0.3246299407067,0.1961620899072,-0.3027909780260,-0.1808322613152,-0.1467074027194,0.7234474818761,0.2365217514670,0.0444522601826,-0.0431595294857,-0.1353836368197,-0.2606717446797,-0.2650844009912,0.0356943776347,-0.0293622379345,-0.2097110486177,-0.1443828490797,-0.2603585281541,-0.1686451184730,-0.3901637957592,-0.1247515842779,-0.1482557416521,0.1684511319476,0.0005586171586,-0.2059967816957,-0.1602535748900,-0.2141716147233,0.1218683446569,0.0579660406135,-0.1308155148950,-0.2963395336656,-0.0165264436209,-0.4126051906897,-0.1196627149271,0.2727950702396,-0.2299608568898,-0.2206533993506,-0.2421808092542,-0.1626361240973,-0.1570324555094,0.0207578311564,0.5004979353417,0.2339516369722,0.8647456255104,0.6921906183012,0.3481608554764,0.7638036040185,0.5972538012487,0.3755517488263,-0.0909347281506,-0.0880213010618,-0.1033269977207,-0.2889773191333,-0.0035351492719,-0.2649643213846,-0.1135905622408,-0.1781045652406,0.5555033588713,-0.0449243981215,0.1903127471807,-0.2711858268350,-0.2181357489146,-0.2270886255349,-0.1773707334652,-0.0458531471562,-0.1115890914723,-0.1768353930972,-0.1444788043946,-0.2040803443793,-0.2925222866001,-0.1240700494418,-0.1502950919716,-0.0999547562108,-0.0350740538836,-0.0751611025772,0.1613858876787,-0.1917874938692,-0.2422038462694,0.0137189827939,-0.1123561070455,0.2434199055676,-0.1554164195408,-0.3058983551125,0.0015420289318,-0.1670392924339,-0.2614323809867,-0.2228874727399,-0.1111127800651,0.1692594665077,0.3476574806536,-0.1470775630975,0.0526215525188,0.0189081826398
0.6619792589273,1.0000000000000,0.7417401859150,0.5168550789236,0.4579310037562,0.5566004440488,0.4010476724927,-0.2339536031532,-0.2350495582733,0.3535748321776,-0.2596577862881,-0.0742649689130,-0.0928867738946,0.6676271081724,0.6204627846993,0.1578389240602,0.0461839400205,-0.0948994264643,-0.2107327001262,-0.4064564620855,0.0782212491462,0.0412011426804,-0.1991445627977,-0.0373462545053,-0.4409018696124,-0.3903684582838,-0.4464664552712,-0.3444751838475,-0.2781259775471,0.1663347594186,0.0721722895405,-0.3145061208865,-0.0816064797201,-0.3271831670617,0.1158220536255,0.0589800324875,-0.0141293410274,-0.3792141804849,0.0974116816816,-0.3935955193651,-0.1393367413424,0.2289007390478,-0.0632253697848,-0.3478654619022,-0.4539762467947,-0.0870358336866,-0.2777804904503,0.0007039979846,0.4775625649265,0.4267207333048,0.6265454595720,0.9555386445001,0.6189896744480,0.6851676975163,0.5816866992701,0.4843951884005,-0.1231295012424,-0.1633725394076,0.0126903575347,-0.1686100456524,0.2081175544041,-0.2161123675798,-0.0371286400721,-0.0780596352369,0.7110453571929,0.2644840704724,0.3104584777699,-0.2149050637175,-0.2301056564529,-0.2337071396083,-0.1634710127590,0.0405787663632,0.0000429513206,-0.2739257501025,-0.1419089269686,-0.2758210843606,-0.2623589704508,-0.2947595848264,-0.3132901717184,0.0448466484036,0.0121456679020,-0.1438969004052,0.1738178193567,-0.0690783945063,-0.4056340295322,-0.1215604263516,-0.0004266799777,0.2746844803830,0.0706297165591,-0.4581130295899,0.1077944605822,-0.2599177661894,-0.4390571821680,-0.2920484120801,-0.1344212844203,0.1247935742141,0.3139691716541,-0.1954441693824,0.1552888170411,0.1335536687115
0.7138305064148,0.7417401859150,1.0000000000000,0.6385384534126,0.6531475050497,0.8090272294538,0.6431724739272,-0.2438928978195,-0.2824489148503,0.1328155832344,-0.2016005737414,-0.1879796474564,-0.1998627060529,0.5983420202464,0.4337454379589,0.2383776635712,0.0099396922177,-0.1024519494339,-0.1796484635254,-0.1572696285378,0.0315175648904,-0.1379276899004,-0.2399138709088,0.0539379474842,-0.2747522603748,-0.2628885446418,-0.2899929934985,-0.1844953139761,-0.3445065268993,0.1007600719167,0.1328670442167,-0.1614988990650,-0.0791720630469,-0.2958765292188,0.1973498854966,0.2321525939401,0.0106600632712,-0.1819459547417,0.1488424951694,-0.3775093852135,-0.2272191716552,0.1389091207856,0.1083728013980,-0.2995260738181,-0.2541159809283,-0.1435884597811,-0.2532742495585,0.2148821408811,0.5303305477255,0.2873392150303,0.7573979956104,0.7711896451028,0.5882665530309,0.8373928896970,0.7257237374935,0.6046526541668,-0.0256308261812,-0.1572991717797,-0.0441541328571,-0.2397470376176,-0.0082823840664,-0.1778664550073,-0.0863453169456,-0.1467037787466,0.4943909007586,0.2301193017109,0.4137241120742,-0.2288935688241,-0.1694562664580,-0.0606275213142,-0.1140138103356,-0.0515551162402,0.0978554292818,-0.0788416668412,-0.0660638448633,-0.2613804518209,-0.2175253116951,-0.1326698382087,-0.3208823340107,0.0628919047819,-0.0898965939350,0.0236869501558,0.0771000570338,0.0418550021432,-0.2042822344524,-0.1112581079805,-0.0329446081366,0.3392111238645,-0.0328258072811,-0.2687257928511,0.1659005086742,-0.2913277975114,-0.3689151962886,-0.1660208057575,-0.1256483424538,0.3259954430277,0.3150362408164,-0.3130558568395,0.0523226825155,0.1124430531454
0.2730802764369,0.5168550789236,0.6385384534126,1.0000000000000,0.6886042177666,0.6851263767090,0.8633362298739,-0.2303369091640,-0.1033378164912,0.1274014564697,0.0643443052628,0.0515376017730,-0.0991436808577,0.1717940132184,0.5489439892273,0.4911269363611,0.1967843739541,0.1429851280400,0.0608269827797,0.0360389288559,0.1219521839578,-0.1266190746339,0.0211195285989,0.3467767175445,-0.3189345012539,-0.1074078916128,-0.0742135023385,-0.3383359173612,-0.4168912114286,-0.2895855649229,0.3576961813574,0.0909017493998,0.1415303560682,-0.2114105010017,0.3789236284289,0.4504716702073,0.1243399327267,-0.0159244697103,0.2322843902296,-0.1948313091953,-0.2918273588290,-0.0106313381222,0.3422763997817,-0.3066096967185,-0.3081655287334,0.0612703898207,-0.1801759109313,0.4055842100917,0.3282871356101,0.2235095087143,0.5084467999628,0.5143909336282,0.8082628081320,0.5643984303045,0.6871721762668,0.8647698273805,0.0641459311777,-0.3213739127780,0.1045337057409,-0.1947281422376,-0.0125907962278,0.1034078035756,0.0267640023037,-0.1070001041886,0.1461759696806,0.5355247144812,0.6247207974512,0.0121237792011,0.0724766517218,0.2168658473802,0.0883547125664,0.0963614344702,0.3684321262129,-0.0317872384298,0.0075168330292,-0.0918700051395,0.0250749721153,-0.2455281758308,-0.4453920161017,0.2960687379240,0.2128226781069,0.1618741834018,-0.2592988310325,0.3084024095951,-0.1571877814286,-0.1349600898356,0.0968340421661,0.5227850893725,0.1179855222536,-0.1991725864253,0.2561783180718,-0.2662918606938,-0.3594934759413,-0.2215445624014,-0.1068164832952,0.4445562723910,-0.0458814762205,-0.2522232991746,0.0449639952964,0.2701477892234
0.5828952575422,0.4579310037562,0.6531475050497,0.6886042177666,1.0000000000000,0.8564829635252,0.7691701837303,-0.1504017604364,-0.0896314550188,0.2217114147432,0.0752539415796,0.0124152430110,-0.1025412983373,0.2778775722203,0.3710965522347,0.4901843206920,0.2517266944064,0.2639413221302,0.0614688788151,0.0430115835252,0.2231564153820,-0.0788002540403,-0.0574326507040,0.3397971640536,-0.2266292454036,-0.1438421858459,-0.1486635129268,-0.1902658595120,-0.3755573598814,-0.2895262431834,0.3901185672094,-0.0257570580709,0.0788014282224,-0.1786025641362,0.4569142583058,0.3576865825703,0.1827290130946,-0.1175230631075,0.2364485904800,-0.2764758096441,-0.3151432373008,0.1890950586228,0.2238840349528,-0.3006964916880,-0.2036234166289,-0.0083876826525,-0.1372514678678,0.4387792411984,0.4593263807859,0.3152252758433,0.7396834278019,0.4490254217790,0.5975363076084,0.7415121738202,0.8585229616593,0.6514304988150,0.1051323330340,-0.1545934518603,0.1979493297497,-0.1835264378450,0.0214193741275,0.1170753341606,-0.0049448062427,-0.0948253441839,0.1811591307947,0.2218317686292,0.5537064339265,0.0714646982937,0.1007395032067,0.1721367425679,0.0386388720797,0.0987646591603,0.3439706700706,0.0372930079199,0.0882656140538,-0.2432583373799,-0.0407976255794,-0.1423877219806,-0.4135385235661,0.2943549724783,0.1929764519551,0.1146644442461,-0.2320441647008,0.1744277975107,-0.1404106999671,0.0040947026451,0.1553332520403,0.4739381675928,0.0268704578822,-0.1961990954692,0.2642485085036,-0.2220991100323,-0.3366708485223,-0.1979607425309,-0.0212154690391,0.5180715872068,0.0817847253169,-0.0918581673361,0.0694287271061,0.2442558399878
0.6012479917289,0.5566004440488,0.8090272294538,0.6851263767090,0.8564829635252,1.0000000000000,0.8118278593878,-0.1378931676620,-0.1578713985473,0.2039120164676,-0.0914029503692,-0.0924552301045,-0.1052887195330,0.3841147255004,0.4466689057672,0.4457972779002,0.1790283323149,0.0925982655758,-0.0033989975671,0.0011244975982,0.1153827574970,-0.1053018037166,-0.1640792941515,0.2677971284519,-0.2140405207659,-0.1430000244597,-0.1820575311925,-0.2320617382921,-0.3845158871978,-0.1485698109716,0.3527417751977,-0.0544111304540,0.0567459971138,-0.1760143208514,0.4687696249017,0.4197115424275,0.1902462852377,-0.0413504836601,0.3793614742659,-0.2757552379436,-0.2927849092549,0.1579339578711,0.2612346262584,-0.2633263816730,-0.2007216965752,-0.0110555573638,-0.1546066248485,0.4578308019631,0.4977688087156,0.3171067618284,0.7361660635229,0.5609164670668,0.6184832268636,0.9087850033875,0.9321522973757,0.7321296612350,0.1157107953406,-0.1608863135113,0.1140735604665,-0.2044019405990,0.0320776958044,-0.0705209545455,-0.0906416439024,-0.1248305765161,0.3053246301365,0.2823984063106,0.5897048013471,-0.0742788279231,0.0377196523441,0.1229435469867,-0.0645328789393,-0.0211359279278,0.2651917116332,0.0007518334378,0.0022055994838,-0.1966966492761,-0.0562513983073,-0.1850004578196,-0.4175662274805,0.2480498753856,0.1059462071789,0.1082124846889,-0.0736872370574,0.2335531476219,-0.1168913948870,-0.0272951176657,0.1602101965613,0.5714698099092,0.0262124634879,-0.1378967369711,0.3690306959319,-0.2331799761284,-0.3249174993050,-0.1920883837800,-0.0539837914738,0.6005373517578,0.1754241000874,-0.1928749816507,0.0576655618846,0.1728628248431
0.3165966235081,0.4010476724927,0.6431724739272,0.8633362298739,0.7691701837303,0.8118278593878,1.0000000000000,-0.1107903180121,-0.0460015240476,0.0868365166286,0.0136167846253,-0.0662082279137,-0.1125047002295,0.1314899451579,0.4574231090114,0.6145008189672,0.2972027941023,0.2192973466435,0.1411032427215,0.1809780690086,0.1406122371572,-0.1760811620296,-0.0928463373266,0.4660036211025,-0.1339399959407,-0.0783158825138,-0.0253116700342,-0.2038745290011,-0.3942050550665,-0.2621869934488,0.5103645925914,0.0723489201156,0.1777948458906,-0.1507500240907,0.5570932774595,0.5005142493686,0.2246872736941,0.0856028119286,0.4075711065543,-0.1878587427789,-0.3217541867721,0.0267744037724,0.4414256854896,-0.2459955947130,-0.1335086610035,0.0129729231100,-0.1434854329723,0.4682635773818,0.3347050684095,0.1965587935239,0.5189388944725,0.3990320331137,0.7469208794642,0.6660927266570,0.8140509726792,0.8312207443104,0.1521101397070,-0.2660711751994,0.2186760610642,-0.1629177592490,-0.0550397033508,0.0486094609737,-0.0741071920080,-0.1090791734713,0.1386546180567,0.4310608877868,0.6957502663617,0.0681619420335,0.1994689369475,0.3147682322354,0.0353083987127,0.0066117394868,0.4285216091158,0.1117962325849,0.1226179377768,-0.0581707970967,0.0582779915179,-0.1365676004649,-0.4265002259049,0.4293774283067,0.1802292197096,0.2150784491795,-0.2305086489191,0.4024265504077,0.0014955062738,-0.0685970231748,0.2039148250867,0.6032575563417,0.1524870772183,-0.0238816830587,0.3621024153540,-0.2444476185226,-0.2524924157545,-0.1180688137130,-0.0859408042147,0.5485311069226,-0.0096966674650,-0.2189169412569,0.0199233795190,0.2416092710701
-0.2743919381039,-0.2339536031532,-0.2438928978195,-0.2303369091640,-0.1504017604364,-0.1378931676620,-0.1107903180121,1.0000000000000,0.6001349112513,0.1496908663678,0.2696527576601,0.2068351639609,0.3128756049736,-0.1882031493730,-0.1765362953533,0.3029396526532,0.4140497111110,0.4797974365986,0.5212534553417,0.6025538347971,0.2676245734127,0.2274729512580,0.1016519731533,0.3391837702789,0.5226839245309,0.2387361433135,0.3818135888292,0.0284048134140,-0.1447426631922,-0.0528251726552,0.3318689986264,0.2179330439499,0.3776566622143,0.1988279425050,0.2395683399999,0.2340296898758,0.4172782036608,0.3801331763595,0.1330962113994,0.1434438537202,-0.0747758989969,-0.0736777097363,0.3163482449612,0.1988458503156,0.4443121267914,0.1173530850846,0.1712556383488,0.1192220068833,-0.1886563547416,-0.0280173783515,-0.3046728418778,-0.3105470210327,-0.3194870246837,-0.2490471522555,-0.1826866931292,-0.2851012955253,0.4688544481721,0.6757362011701,0.4531104119660,0.5757343071182,0.0869858595601,0.1298792899702,0.0182401608373,0.2317261140886,-0.2137126570375,-0.1573006245210,0.2054874784355,0.5253726762099,0.3606793535587,0.4488162225796,0.2364354292801,-0.0188062184379,0.3658211899747,0.5697957357022,0.5170653497092,-0.0636818394007,0.2596040921451,-0.0184188107029,-0.2002248722268,0.2787225360223,-0.0083837791356,0.2642065531454,-0.1528269251976,0.1940619111260,0.2876814574018,-0.0111453114722,0.3530163516266,0.0916947032538,0.1632556854656,0.2758143576520,0.1004405928508,0.0106990544347,0.1316529834973,0.0793774238366,0.0413306778467,0.0190532168143,-0.1654978643215,-0.0856609928619,-0.0282420191700,0.1067469016664
-0.3246299407067,-0.2350495582733,-0.2824489148503,-0.1033378164912,-0.0896314550188,-0.1578713985473,-0.0460015240476,0.6001349112513,1.0000000000000,0.2237418813775,0.4796392328995,0.2680365888643,0.1437779159317,-0.2574913523846,0.1154447176457,0.5055897668482,0.4974373592956,0.5154229540015,0.7869805629634,0.5249255415152,0.3907786899478,0.2041688601078,0.3245898780683,0.5990565864142,0.4447672036518,0.1830013768424,0.4836330381664,-0.0951440318293,-0.2254282447783,-0.2981012773224,0.4922993289579,0.2019980190515,0.4317571532705,0.1403304603738,0.2325481978222,0.3064032947360,0.4503908887990,0.3632844549644,0.1797628180710,0.1969626027450,-0.1839039356675,-0.0942702298892,0.3226630033758,0.2396971678626,0.2667409385268,0.1466191604679,0.1124642529404,0.0803633523688,-0.2464771655933,0.1483218168208,-0.3093574472737,-0.2713634286960,-0.0293453623063,-0.2408979775491,-0.1200287601223,-0.1285612404156,0.3424585885520,0.4040212318240,0.7256780505884,0.8694380512016,0.2014541390471,0.3800550414093,0.1062126167757,0.1323739481361,-0.2043527438573,0.1608119082255,0.3149974715186,0.5481805278601,0.6726927373565,0.6193331760208,0.4006774316067,0.2120896733443,0.6440736568149,0.6245408320055,0.4895052737581,0.0580521590099,0.3981475414231,-0.0377760462917,-0.2595762542219,0.5681526718529,0.1313707693910,0.2640248751193,-0.4097238182277,0.2894956255678,0.2119092313321,0.0438263695586,0.4107757516110,0.1571510520601,0.3474514404759,0.2611221145009,0.1291059089983,0.0785013565526,0.1891193716540,0.0712351647434,0.0419643712580,0.0157165029013,-0.3898845405470,-0.0092180364009,-0.0009907661071,0.3016009512585
0.1961620899072,0.3535748321776,0.1328155832344,0.1274014564697,0.2217114147432,0.2039120164676,0.0868365166286,0.1496908663678,0.2237418813775,1.0000000000000,0.3532687219823,0.6484405750844,0.4139493781318,0.3069070827047,0.3724851647558,0.2369770068470,0.3728802511096,0.2178630760888,0.2576353372835,-0.1451910429556,0.4440323230120,0.6137149891088,0.3385739694575,0.2805384604278,-0.2170150715614,-0.0104717154883,0.0303096516885,-0.2815355984177,-0.2069566578575,-0.0074896730583,0.2347510173886,-0.0166428910284,0.3157726376239,-0.1185136764281,0.2535260040430,0.1109659781339,0.4782560542248,-0.1350973154800,0.1345608099637,-0.1146630271576,0.0633720609017,0.3672533765103,0.0341983595503,-0.1468311891113,-0.2930527911244,0.2345670544322,0.0632058489372,0.0844570597411,0.2791806810218,0.4745935469918,0.1806113019838,0.3054076541635,0.1990527393207,0.2273000983714,0.2295050152167,0.1134873912029,0.1247989800230,0.1329455729291,0.1928358842019,0.2177123882160,0.8297868951642,0.3228177625465,0.5521543260353,0.3538607044067,0.3539800600033,0.1615129047210,0.2061185555574,0.1668524794037,0.1205838359679,0.0431854514884,0.2908607654790,0.5342316834065,0.3898617007301,0.0435656539912,0.0330017293269,-0.0695135912863,0.1287135966829,-0.2460922055178,-0.2440302972793,0.2463609836388,0.2700168646969,0.0852291095811,0.0319986512398,0.0570048874469,-0.3161251108707,0.0031033143356,0.4488267226112,0.2102684619876,0.2405571516473,-0.2625186897843,0.1425172289037,-0.1857454932365,-0.2832031405376,-0.0950944108266,0.0807866410063,0.1071296734100,-0.0211162042526,-0.0206477409719,0.3790348180615,0.3306797132415
-0.3027909780260,-0.2596577862881,-0.2016005737414,0.0643443052628,0.0752539415796,-0.0914029503692,0.0136167846253,0.2696527576601,0.4796392328995,0.3532687219823,1.0000000000000,0.6395145661963,0.3980888794550,-0.2945022563073,0.0494590046867,0.2699290226631,0.3583171393940,0.4637304694896,0.3547305409691,0.3097945945422,0.3307998685538,0.4096044155800,0.6430692352436,0.4393837698047,0.1455029548353,0.2470227335332,0.5797706192034,-0.0313962772531,-0.0619998693607,-0.2909490471464,0.2261040754076,0.3821762239501,0.3766875752101,0.0126331254822,0.1072800864546,-0.0067056185913,0.4320827713820,0.2391653509730,0.0916128551323,0.2610816985837,0.1280383638901,0.0676995283164,0.2166159894031,0.1621909567281,0.1606461858078,0.3567900818645,0.2688434745160,0.3537066143517,-0.0617075648530,0.1721690101172,-0.2399284639649,-0.2745822279148,-0.0112613977427,-0.2744997832730,-0.1037355174658,-0.0811897987230,0.1857047885478,0.0852177247074,0.2925354211759,0.3460341764771,0.3399698577964,0.7732332580678,0.4869596661501,0.4207409085119,-0.3212014936253,0.1155759571367,0.0462048536510,0.4474289810895,0.2213938583819,0.3359812979665,0.4726121219980,0.4656272328763,0.4984052875126,0.2904522168093,0.2155669556380,0.0661496795552,0.4990511769989,0.0278718236247,-0.0835687278662,0.2929814192287,0.2667583486333,0.2371602541656,-0.4186298268161,0.1170252031126,0.0773231219274,-0.0365880111736,0.3375725790253,-0.0343724744640,0.1800720569302,0.0668869307701,0.1329389031530,0.0229170868741,0.0605887717119,0.1197271952348,0.0493215810348,0.1451140992528,-0.2899018807656,0.0217784831275,0.1409965705867,0.2435366708610
-0.1808322613152,-0.0742649689130,-0.1879796474564,0.0515376017730,0.0124152430110,-0.0924552301045,-0.0662082279137,0.2068351639609,0.2680365888643,0.6484405750844,0.6395145661963,1.0000000000000,0.6803009535157,-0.1257361906220,0.0814891426844,0.1157807834558,0.3629860255538,0.2832036353810,0.2719379560653,0.0329197646482,0.2943753282684,0.5354178700904,0.6451235805333,0.1923445512291,-0.0688836383636,0.2582954374342,0.2812583398861,-0.1940563527275,-0.0521530578696,-0.2228791670848,0.1048878872586,0.2563330839874,0.4737416638757,-0.0129184396275,0.0999235427468,0.0277986813027,0.3462902263658,0.0188862056811,0.0142570036066,0.1674688371882,0.1433719203980,0.1457452481407,-0.0123242457517,0.0208104281242,-0.1107207230000,0.2837719549406,0.2373150473720,0.1283026426080,-0.1073113527808,0.1260042120706,-0.0933313530846,-0.1074726947486,-0.0416813767645,-0.1635992100935,-0.1189915435923,-0.0381125393670,0.2346197770792,0.1678295644949,0.1588731296417,0.1791627595053,0.6243849059876,0.5410285240999,0.8319311342215,0.5613834887928,-0.1342300729381,0.0009721183171,0.0044687408890,0.3373304438133,0.1269769683396,0.1034985082566,0.5090574175787,0.5079274083467,0.2714523941868,0.0545786082978,0.0891131526759,0.0576320727248,0.2101272744839,-0.2045994363664,-0.0992186615423,0.1556527229189,0.2696395063272,0.2231446792901,-0.2208639040256,-0.0123842743898,-0.1970975035584,-0.0436337395695,0.2871931496399,-0.0265744911099,0.0770365191138,-0.1276788036268,0.0142283961183,-0.0671534416173,-0.0999173698741,-0.0860247816705,0.0482224312399,-0.0013787831355,-0.3155543610368,-0.0705948437171,0.1553395688488,0.1374917411843
-0.1467074027194,-0.0928867738946,-0.1998627060529,-0.0991436808577,-0.1025412983373,-0.1052887195330,-0.1125047002295,0.3128756049736,0.1437779159317,0.4139493781318,0.3980888794550,0.6803009535157,1.0000000000000,-0.1701305578563,-0.0007912407906,-0.0575622211648,0.3010225926965,0.1394884783258,0.1493860110335,0.0912801870031,0.1468273268194,0.3598902318779,0.3641118582529,0.0783655256550,0.1604357406200,0.3395884862783,0.3202599576038,-0.1455785363904,-0.0491150976094,-0.1985144421336,-0.0084138485052,0.2405387598998,0.4005006670240,0.0086362148785,0.0746733833376,-0.0710444775955,0.4053176235590,0.2269756139097,0.1575630682389,0.1883296431137,0.0648073596418,0.1504881012150,0.0354700077146,0.2536587449741,0.1656769372196,0.2732693968411,0.2445784812477,0.1049312010696,-0.2158255829161,0.1294204389867,-0.1812966379677,-0.1299602946998,-0.1763765584575,-0.1382122226105,-0.1763417999541,-0.0730830087744,0.4048101915968,0.1735397286727,0.1111293491180,0.0618751981313,0.4538610564618,0.3017137171789,0.6119213573195,0.8574842314143,-0.1943582656120,-0.1004069084018,-0.0646166303078,0.3205390302440,0.0447251560135,0.0551413726615,0.2510047808218,0.1905188848664,0.0503865789712,0.1358911151154,0.1091379378270,0.1271541873166,0.2983882720595,-0.1585488262941,-0.0832411180574,0.0896654767029,0.1359502758947,0.3176839736533,-0.1605908473430,0.0919715945454,0.0276143953562,-0.0182797537011,0.3311754546691,-0.0307769287637,0.1443373405465,0.0391099979579,0.1048540809274,-0.0100749055153,0.1236474876777,0.0333195587618,0.1988880134410,-0.0183673052896,-0.3272889854037,-0.0814509238706,0.1587517097816,0.0244765382082
0.7234474818761,0.6676271081724,0.5983420202464,0.1717940132184,0.2778775722203,0.3841147255004,0.1314899451579,-0.1882031493730,-0.2574913523846,0.3069070827047,-0.2945022563073,-0.1257361906220,-0.1701305578563,1.0000000000000,0.3845355360011,0.0893879888583,-0.0217474514629,-0.1225634078084,-0.1676442596666,-0.3776443807446,0.1239258030573,0.0967760688419,-0.2377919858138,-0.1313658395157,-0.3164130777662,-0.3007620855625,-0.4405909023040,-0.1185646241685,-0.0383695980601,0.5476415536783,0.0179636591576,-0.3350053474922,-0.1708929075210,-0.2218954322047,0.0960366674023,0.1231909080845,-0.1025721068871,-0.3672471564777,-0.0832693358734,-0.4104203057730,0.0822710366560,0.3396882965614,-0.1707677129703,-0.3659462025371,-0.3501935129525,-0.1649635745722,-0.2262289866536,-0.0965074913425,0.6749052376319,0.3543129175801,0.6838504116433,0.6932282924943,0.2569551163888,0.5632957815551,0.3564771348179,0.1553013111426,-0.2072861533148,-0.0914876651481,-0.1156429299898,-0.1591584583033,0.1287888509859,-0.3361036232190,-0.0322740335485,-0.2009875443625,0.8176988223801,-0.0057877472103,0.2239058115789,-0.3346644019012,-0.2435903168111,-0.3060599515550,-0.1677330272458,0.0480523821632,-0.1022002823871,-0.2335654946786,-0.2274457512629,-0.2905141391101,-0.4074176242414,-0.1522990206232,-0.0385802545583,-0.0788267655394,-0.1669271244895,-0.1913139979671,0.5062629867859,-0.2235698448907,-0.3953052186921,-0.0473751272692,-0.1135384159181,0.1761522023734,-0.1855540071435,-0.4284676313609,-0.0562770288796,-0.2336961039794,-0.4142384213714,-0.1853992514409,-0.1294610716061,0.0389423448418,0.6053271584194,-0.1024636870021,0.1755605722171,0.0580078360376
0.2365217514670,0.6204627846993,0.4337454379589,0.5489439892273,0.3710965522347,0.4466689057672,0.4574231090114,-0.1765362953533,0.1154447176457,0.3724851647558,0.0494590046867,0.0814891426844,-0.0007912407906,0.3845355360011,1.0000000000000,0.4254777405942,0.3554560583190,0.1603038938406,0.1799450104867,-0.0852770508321,0.1977158904147,0.0486744520798,-0.0137903572490,0.3807152404304,-0.1973415517019,-0.2451249721072,-0.0986377193149,-0.4089602337930,-0.3832329082498,-0.1085340173427,0.4122100111154,-0.1072642393272,0.1684788806039,-0.2566105839100,0.3097261255974,0.2778137237857,0.2686928425504,-0.0081999452843,0.4658677688974,-0.1625063375672,-0.1308872174044,0.2333861438267,0.3061384834951,-0.1788984685397,-0.3445664464639,-0.0150673278798,-0.1641863270599,0.1882130248575,0.3703377783635,0.6587151218757,0.3299148221760,0.6230067428903,0.7236939400566,0.5031611986385,0.5153390592500,0.5563375602400,-0.0751203087055,-0.2927953655737,0.2743351574098,0.0268436980441,0.2645230095944,0.0921370457560,0.0549827585434,-0.0561286675560,0.4927187923119,0.6654326927376,0.4995210046268,0.0418842988403,0.2052977915628,0.1314097422308,-0.0555369413319,0.1527615433877,0.2939987705174,-0.0650623388355,-0.1416241056431,-0.0361462274139,0.0644380464239,-0.2781262259278,-0.3729246887268,0.4376431627778,0.1137284482547,0.0826235163920,-0.0071983883242,0.3331510136535,-0.1803294575646,-0.1119866648360,0.2422521689744,0.4780432620578,0.3402265659356,-0.1766629737239,0.4341735795354,-0.1826463298045,-0.2141084666128,-0.1917821717858,0.0244502691124,0.2758439985930,0.0402963420793,-0.0786878865737,0.3218966408072,0.3399546964588
0.0444522601826,0.1578389240602,0.2383776635712,0.4911269363611,0.4901843206920,0.4457972779002,0.6145008189672,0.3029396526532,0.5055897668482,0.2369770068470,0.2699290226631,0.1157807834558,-0.0575622211648,0.0893879888583,0.4254777405942,1.0000000000000,0.6468882774017,0.6774144017457,0.6191020235036,0.4342396515011,0.4649127979094,0.0347294218924,0.0378395615435,0.7767728808155,0.0143687121228,-0.0820162786037,0.1496849426214,-0.1666510761430,-0.3348075935871,-0.2343314076756,0.8669017629530,0.0663130152904,0.4023467702919,-0.0711905540445,0.7058625645667,0.6787852294565,0.3634686320987,0.1733400175659,0.3704999196185,-0.1080843986924,-0.2697980451240,0.0196809731009,0.5440309912744,-0.2208078924762,-0.0013527961011,0.0352295535345,-0.1177538688465,0.4288743408242,0.2449246652497,0.2956998572340,0.2042418432024,0.1210410687355,0.4688014776713,0.3047971880397,0.4811149472817,0.3540571469008,0.1608129511871,0.0042759979770,0.6815394327073,0.3266228556212,0.0705503357732,0.2446248355035,0.0021519588165,-0.0760945806464,0.1335886114607,0.3758816782225,0.8099843298104,0.4147571846453,0.5414878008344,0.5768654199728,0.2971277205740,0.1805795983887,0.7286501051656,0.3459508227329,0.4014501984670,-0.1523758980146,0.1626671401115,-0.1201606691740,-0.3994349624706,0.7254931669870,0.1832559206067,0.2101363444018,-0.2590053202840,0.3929249349000,0.0591705014186,-0.0493245348909,0.3290030042543,0.5873708312984,0.2429441851910,0.0512230113773,0.3045234095813,-0.1978372912464,-0.2488034704233,-0.0613429205046,-0.1036958785705,0.4344444906703,-0.0751647853151,-0.0674249650771,0.0433482592095,0.4018244410655
-0.0431595294857,0.0461839400205,0.0099396922177,0.1967843739541,0.2517266944064,0.1790283323149,0.2972027941023,0.4140497111110,0.4974373592956,0.3728802511096,0.3583171393940,0.3629860255538,0.3010225926965,-0.0217474514629,0.3554560583190,0.6468882774017,1.0000000000000,0.7792087465399,0.5016499244128,0.4497933894576,0.5515249865404,0.2094574791849,0.1482922391456,0.6578417853722,0.1391372238068,0.0611391222443,0.2979302823882,-0.1971798539332,-0.3133589380831,-0.2071198236131,0.7312552266444,0.1482284260113,0.6915988044900,-0.0529657262314,0.4572508436970,0.3812158668415,0.4805206633784,0.3445636607236,0.3106474449947,-0.0140582859326,-0.1758106909835,0.1235923545291,0.3873470456005,0.0181963170706,0.1241728355870,0.1304244038029,0.0390170984936,0.2062465438709,0.0257902537781,0.3116869532681,0.0139777561910,0.0242242977201,0.2154889475325,0.1209366805494,0.1959099432762,0.1565331822370,0.2626519181732,0.1995144901842,0.6469683521880,0.3324400404970,0.2681785396869,0.3304065087490,0.1674342215059,0.2008752875199,0.0530967351758,0.2036970226562,0.5063471975691,0.6956047782422,0.4425985750583,0.5293591328871,0.4928712050426,0.1884724391270,0.5626501844446,0.3643381049087,0.4632240470952,-0.0254860421243,0.2861724908585,-0.2146686469016,-0.3469385220460,0.7008059066128,0.1972899421205,0.3064235347022,-0.2194111553355,0.2654483874624,0.0617296524010,-0.1317164542468,0.4057029994403,0.3102130468993,0.2846232370782,0.0901727681910,0.2084345346043,-0.1964360367941,-0.0926965192864,-0.0755189117695,0.0174691452318,0.1693349929372,-0.2170587077778,-0.0131458458283,0.0695882047797,0.2912088574270
-0.1353836368197,-0.0948994264643,-0.1024519494339,0.1429851280400,0.2639413221302,0.0925982655758,0.2192973466435,0.4797974365986,0.5154229540015,0.2178630760888,0.4637304694896,0.2832036353810,0.1394884783258,-0.1225634078084,0.1603038938406,0.6774144017457,0.7792087465399,1.0000000000000,0.4884700662301,0.4986769919394,0.4528008078487,0.1627969563696,0.1616809950001,0.6654428738476,0.1013353582556,0.0360734480467,0.2950253936535,-0.1268060539330,-0.2281255208203,-0.2431348890567,0.6681801625127,0.1891073296881,0.4896350302817,0.0462723302712,0.4879905723273,0.3403983851735,0.4051804652867,0.3180613192129,0.2682961939007,0.1015683654640,-0.0840139178893,0.0850875306729,0.4129223090104,-0.0288382829842,0.1550007518062,0.1944787693831,0.0692331879665,0.3767808152759,0.0586162098963,0.2343986025788,-0.0437378756606,-0.1234490199748,0.0636900293203,-0.0556132698681,0.1046975101088,-0.0043128938253,0.1650891909675,0.1846105158181,0.6557492292291,0.3318500731425,0.1216627387639,0.3771722059989,0.0773974768170,0.1008110568185,-0.0826231446850,0.1461693330976,0.4236909414128,0.7432729014216,0.3615437289099,0.5737830274651,0.3965825631003,0.2062343186445,0.5983642880349,0.3147607676307,0.4867588001600,-0.1474538426232,0.2887809154220,-0.1117041836017,-0.2876341739371,0.6080316660420,0.2383695787432,0.1614480178215,-0.2655966284451,0.2021032436232,0.0493419562546,-0.0784290608237,0.3348581166330,0.2354083193026,0.2234827356772,0.0777874121800,0.2235297032308,-0.1074599281059,-0.1573956803134,-0.0441461310736,-0.0512053755502,0.2464236995071,-0.1658894342731,0.0926191602360,0.1190489978809,0.2893591370616
-0.2606717446797,-0.2107327001262,-0.1796484635254,0.0608269827797,0.0614688788151,-0.0033989975671,0.1411032427215,0.5212534553417,0.7869805629634,0.2576353372835,0.3547305409691,0.2719379560653,0.1493860110335,-0.1676442596666,0.1799450104867,0.6191020235036,0.5016499244128,0.4884700662301,1.0000000000000,0.4356178199822,0.3762187227237,0.1129265941346,0.1541943692779,0.6019189096630,0.3746983194169,0.1774199455169,0.2713022628563,-0.0567361215075,-0.2739653739449,-0.3642064574035,0.5821435753920,0.1368400078974,0.3033528108402,0.2127853934249,0.3520984709104,0.5425701879748,0.4444880509276,0.2812570706756,0.2543289363525,0.1178506754351,-0.1911365072477,0.0411757088438,0.5172640381265,0.1181510619576,0.1470902516058,0.1001807859945,0.1113343630444,0.1698829020912,-0.1695301792693,0.2148111060127,-0.1496915636624,-0.2337105270187,0.0221973967259,-0.0985276146458,-0.0025230338002,0.0669755104435,0.1526938384752,0.2759940205087,0.5862815137866,0.6958449192909,0.1703140544849,0.2886315150334,0.1437365035501,0.0971860755394,-0.1714011532213,0.2090582054911,0.4713517318199,0.4152760017855,0.8726273711481,0.4622442308520,0.2949440982757,0.1021434284381,0.5865230437723,0.4609695901280,0.3267839268879,0.0000521838292,0.1930524430925,-0.0255798146531,-0.3195320471988,0.5754803780336,0.0631792530489,0.1403665309044,-0.3250483994297,0.4183685416469,0.0900575663729,0.1654634359454,0.3643551156385,0.2816766429101,0.2954366752556,0.1339687330450,0.1673147241979,0.0404141184028,0.0561520592520,0.0801749093488,0.1046832116873,0.1009406721503,-0.3834117074084,-0.0280005909351,0.0687041627714,0.2614702772174
-0.2650844009912,-0.4064564620855,-0.1572696285378,0.0360389288559,0.0430115835252,0.0011244975982,0.1809780690086,0.6025538347971,0.5249255415152,-0.1451910429556,0.3097945945422,0.0329197646482,0.0912801870031,-0.3776443807446,-0.0852770508321,0.4342396515011,0.4497933894576,0.4986769919394,0.4356178199822,1.0000000000000,0.2848317111432,-0.0202837771703,0.2589952853229,0.5783599346096,0.6628829701980,0.3943764356805,0.6398971857081,0.0460699298403,-0.2309997031733,-0.3155631679117,0.5447457573189,0.5335380648510,0.5444158289900,0.1373022592411,0.3311240017698,0.4026088113749,0.3223486305105,0.6495582359034,0.1696864908676,0.1311796014051,-0.2127993990140,-0.1858962955386,0.4070167665530,0.2719810980213,0.6021615810384,0.0946660371623,0.2200091497061,0.2456786249529,-0.2223186070960,-0.0986906805257,-0.2125844545007,-0.4253299706932,-0.0474347967094,-0.1413800110239,0.0029713179828,-0.0076679278210,0.4542783966307,0.3562281009202,0.4391226414611,0.3499719662636,-0.2077232759689,0.2553492588420,-0.1128270842017,0.0308044600586,-0.4322565887722,0.0703795815858,0.3071643446556,0.5411214072091,0.3979118516057,0.8025543007151,0.3176883609589,0.0217965954883,0.5366536792860,0.7482302919074,0.5461005999132,0.1418461374019,0.5229134791072,0.0708848762595,-0.2331654232886,0.4415236074988,0.1930924959023,0.5051971063453,-0.4398536102959,0.3445973345124,0.5530904597498,-0.0416445413182,0.2722058078353,0.2247047851841,0.2126226983781,0.4798007117024,0.1237435306477,-0.0438077770275,0.2569411157567,0.1117970639818,-0.0129135636573,0.1943088261182,-0.3398620527719,-0.1341658708352,-0.1141189972994,0.1965164395311
0.0356943776347,0.0782212491462,0.0315175648904,0.1219521839578,0.2231564153820,0.1153827574970,0.1406122371572,0.2676245734127,0.3907786899478,0.4440323230120,0.3307998685538,0.2943753282684,0.1468273268194,0.1239258030573,0.1977158904147,0.4649127979094,0.5515249865404,0.4528008078487,0.3762187227237,0.2848317111432,1.0000000000000,0.3620731469689,0.3132286565907,0.5182314976359,-0.0345946348155,-0.0008142154538,0.2059707800271,-0.1339712497202,-0.1065394226709,-0.0434245339052,0.6057435944851,0.1333478637874,0.4770966938715,-0.1760085127895,0.3143885783152,0.3130833492907,0.3792146588765,-0.0157374034598,-0.1393291985423,-0.1972133758160,-0.2079432545862,0.0112797383483,0.2077568665532,-0.2629731568315,0.0670441503903,0.2071819491209,-0.0192028162661,-0.0378269113045,0.0930655901126,0.3849144135103,0.0525263926143,0.0088792586717,0.1112920446025,0.0958562932509,0.1197463909169,0.0160902867280,0.2512835602643,0.1341528174221,0.4235842246460,0.2699085846452,0.2791480555008,0.2470777733740,0.1664186412759,0.0971271462520,0.0833717863673,0.0945212634161,0.3287548058699,0.3129720695031,0.2557833516990,0.3509361230251,0.4636018580548,0.4755306412030,0.5643771998172,0.3815515382672,0.4407852304322,-0.1041567659962,0.1877616475469,-0.1370118259941,-0.1350921280053,0.3525672901673,0.2387770107992,0.2782471847468,-0.1389070403386,0.0995573153435,-0.0132466450950,-0.0468365614297,0.3833753869362,0.2240452184515,0.3430605448646,-0.1193393309226,-0.1121013511358,-0.2231535240081,-0.2015840621954,0.0578459609947,0.0794529652016,0.0157747613601,-0.0462232185574,0.0144456082073,0.0492165752466,0.6170219270545
-0.0293622379345,0.0412011426804,-0.1379276899004,-0.1266190746339,-0.0788002540403,-0.1053018037166,-0.1760811620296,0.2274729512580,0.2041688601078,0.6137149891088,0.4096044155800,0.5354178700904,0.3598902318779,0.0967760688419,0.0486744520798,0.0347294218924,0.2094574791849,0.1627969563696,0.1129265941346,-0.0202837771703,0.3620731469689,1.0000000000000,0.5442520130529,0.1208385132373,-0.0326397792641,0.1422388398396,0.2091913062643,-0.0369122544925,0.0838344730222,0.0747935470107,0.0371459295145,0.1512771451366,0.3099656319779,0.0934024251238,0.0219771859040,-0.1228679129464,0.3257730602137,-0.0938986879064,-0.1283486275381,0.2336301007338,0.2967622258423,0.0668263593175,-0.1908221640037,0.0081695890114,-0.0785316499391,0.4921357544221,0.2978372820169,-0.0801432573174,0.1508819237788,0.1701387378263,-0.0888932568475,-0.0016762521555,-0.0400025819194,-0.0872527200693,-0.0809272937640,-0.1706436497718,0.1500305473540,0.1903605116473,0.0385151475456,0.1469229211611,0.5368968620489,0.3064931655585,0.4040771534347,0.2917897016584,0.1058850104323,-0.0778606301256,-0.0764225312510,0.1260898169826,-0.0139873614164,-0.0136961046251,0.2568683031795,0.6519029716099,0.2084876403977,0.1043748608315,0.0092114344873,0.0549394932711,0.2403583573780,-0.0608844881534,-0.0187745576860,-0.0154812291471,0.3277604933837,0.1227360502314,-0.0202170644510,-0.1913263566348,-0.1580422122299,0.0697776106687,0.3134617750308,-0.0677108971831,0.0880653043899,-0.1630398433820,-0.0796594829908,0.1032223686993,-0.0407030175951,0.1568178363998,0.2224792457469,-0.0988808801789,0.0744124712697,0.2090851975062,0.1832833855464,0.2443730690453
-0.2097110486177,-0.1991445627977,-0.2399138709088,0.0211195285989,-0.0574326507040,-0.1640792941515,-0.0928463373266,0.1016519731533,0.3245898780683,0.3385739694575,0.6430692352436,0.6451235805333,0.3641118582529,-0.2377919858138,-0.0137903572490,0.0378395615435,0.1482922391456,0.1616809950001,0.1541943692779,0.2589952853229,0.3132286565907,0.5442520130529,1.0000000000000,0.2114315390437,0.0823533868188,0.5404137933235,0.6061390293461,-0.1351029878675,0.0318247165004,-0.3050961694434,0.0761408799453,0.6080697352283,0.4833826256168,0.0663495155087,-0.0108311063544,-0.0323264194425,0.2586426543804,0.1663716158285,-0.1757738354320,0.2306080690726,0.1018736417362,-0.0582583176769,-0.1200384331822,0.2352445358640,0.0690737554943,0.4839274995099,0.4437106898102,-0.0051262839254,-0.2003107223853,-0.0088210566182,-0.1590340042261,-0.2159316991873,0.0414663254861,-0.2027282243043,-0.1533815457771,-0.0219200004237,0.2904037615160,0.0788339525006,0.0838362519137,0.1715465457123,0.3412421731081,0.5617645439767,0.5289122032674,0.2940271757296,-0.2982174103938,0.0236562869917,-0.0698464969573,0.2435966557198,0.0533251929218,0.2789435365850,0.4527872457052,0.6810911810962,0.3303322926635,0.2512067609304,0.0799369907442,0.3639904814575,0.5354487694965,-0.1234070293829,0.0017771398481,0.0675558687517,0.4888563116104,0.3832338906247,-0.4908885419168,-0.0618262652866,0.0398539747103,-0.0198509837604,0.2614722729549,-0.0405010889180,0.1135269225623,-0.0054484455926,-0.1327322534586,0.0529962146951,0.1589035515600,0.0269477035769,0.0809578036832,-0.0678350414665,-0.3940684449015,-0.0497983880362,0.0129198406831,0.2513030031246
-0.1443828490797,-0.0373462545053,0.0539379474842,0.3467767175445,0.3397971640536,0.2677971284519,0.4660036211025,0.3391837702789,0.5990565864142,0.2805384604278,0.4393837698047,0.1923445512291,0.0783655256550,-0.1313658395157,0.3807152404304,0.7767728808155,0.6578417853722,0.6654428738476,0.6019189096630,0.5783599346096,0.5182314976359,0.1208385132373,0.2114315390437,1.0000000000000,0.2100155438621,-0.0048528869384,0.4066347497308,-0.1925998593025,-0.3800669879462,-0.3584835421084,0.7936470271169,0.1624809934002,0.5164379334834,-0.0953754094746,0.5467267723921,0.5529972594193,0.5899687031194,0.3132265962985,0.3660761637613,-0.0236240861689,-0.3004493188124,-0.0558894876611,0.4697740487155,-0.0862393565282,0.0327484295369,0.1178259370379,-0.0663246169539,0.3899370933075,0.0860342890594,0.2793300184124,-0.0148601035282,-0.0527175427723,0.3715100763279,0.1189047589360,0.3439241219512,0.2581096498228,0.2520118113178,0.0090269943216,0.5862708519197,0.4012722196357,0.1708968374090,0.4130413078581,0.0842425147431,0.0969714576756,-0.0420307338320,0.4060168913822,0.6184313136170,0.5163119652172,0.5721116902328,0.7348194541063,0.3557023715898,0.3210243780063,0.8764214834590,0.5886123055284,0.4236941040759,0.0074535298723,0.4087082888275,-0.0990593806130,-0.4125454627456,0.8017483531602,0.2708537453167,0.3343918041217,-0.4019874312601,0.4281864414849,0.0890139208493,-0.0501249058552,0.5387520651898,0.4827941172750,0.3949939595529,0.1256843524827,0.3665550703797,-0.1819940408357,-0.1081164595616,-0.0137850454366,0.0191603872474,0.3960034343926,-0.2336685029268,-0.0477864160019,0.0923038228964,0.5141632790683
