1.0000000000000,0.5059866454697,0.6174508334748,0.6195544510444,0.7997063913674,0.5426652312273,0.5415042395086,0.0400200818999,-0.1020562751053,0.3494223966688,0.2437832840484,0.2889709105063,0.0754562301310,0.6529214120988,0.5181110154140,0.1745131466533,0.0810127873448,0.0900410785237,0.0035586596581,-0.1435405916698,-0.0489189531997,0.2232010830851,0.0274660007694,0.0950759985217,-0.3323415771196,-0.1008274808964,-0.0688601124874,-0.0678013830201,-0.0696186861709,-0.0558717018330,-0.0308966091030,0.0495837033294,0.1292853169894,-0.0761813402818,0.2099245455495,0.1008823217465,0.1184852321514,-0.1769766813966,0.1281238260897,-0.0029383670101,0.3465037001303,0.4397254275228,-0.0131824812780,-0.3105984584902,-0.2374855221817,0.0173743449341,0.0903406950348,0.5876075751603,0.0310668641907,0.3628802580656,0.8653396916874,0.6578500977317,0.5247801206476,0.7030587310283,0.5844266363247,0.5437410146680,0.0725915653952,0.1048764881623,0.1403776076364,-0.0039425490458,0.3248177669296,0.2338712520469,0.2283805981828,0.0267309554454,0.6154533182853,0.0617514139227,0.0651993163055,0.2597529966240,0.0486710735264,-0.0111952827884,0.0135560392352,0.0978047254723,0.0980342836131,-0.3640407176278,-0.2828433482873,-0.2406772223543,-0.1755911440270,-0.0393655554172,-0.1269960052296,0.0400822622219,-0.0811676920137,0.0604464692846,0.0566260549660,-0.0972422756015,-0.3585138794269,-0.0029773744421,0.0859873740646,0.1843719852266,-0.1305269312134,-0.3674209541913,0.1868720156542,-0.0804666068706,-0.2983527923120,-0.0402295962901,-0.1474813533085,0.5318982623025,0.2314794583870,0.2864779042974,0.4123943577430,0.1546455156648
0.5059866454697,1.0000000000000,0.7548310597107,0.3319136867391,0.5807404554234,0.0944387393117,0.3820186436999,0.1424725102107,0.0901156645713,0.3944574915642,-0.1617271701740,0.0556293616730,0.0434555922356,0.7614566299266,0.3166193561462,0.1448923289815,-0.0415097389371,-0.2146311170301,-0.0212448349939,-0.2491867095846,-0.1329303296284,0.2089839028898,-0.2617202568606,-0.3252504606494,-0.0930484876780,-0.3176352364698,-0.3865881207760,-0.1006846172282,0.1076347070324,0.3095204795193,-0.1473710691324,-0.2373180967251,-0.0613696067102,0.0628098153933,0.2148277363363,0.1793031903255,-0.1949810488759,-0.0889390669636,0.0639506992769,-0.0581238307678,0.3628041942899,0.2794374816048,0.0430652177128,-0.0640357107902,-0.2377151239175,0.0424558366464,-0.0815535697307,0.1408349433578,0.4831919226191,0.1818488578601,0.6766725598257,0.8361313801783,0.2232394306226,0.5416224440362,0.2524554078994,0.3946780459381,-0.1453194861587,-0.0530236353652,0.0289680332234,0.0868543624524,0.1873691722782,-0.2156717233600,0.2285295010283,-0.0118219298583,0.6216661509812,-0.1106102266977,0.0099629056181,-0.1220681753081,0.0638935435722,-0.1170574419665,-0.0590701194473,-0.2118078989327,-0.3037825279436,-0.1058886675903,-0.0580174168697,-0.3419685706635,-0.4759997216400,-0.0967260872260,0.1155687440092,-0.2065073732186,-0.1691950131020,-0.1178947034082,0.3693860562650,-0.1289336095586,-0.3398838907880,-0.1404772796047,-0.1680039985137,0.3911046088947,-0.2129822370158,-0.3258977094190,0.0801022277078,-0.1812004098443,-0.1210958641986,-0.1655318886777,-0.0917193740976,0.2689865862683,0.3859069244738,0.4608582003686,0.0928913119453,-0.0440744419509
0.6174508334748,0.7548310597107,1.0000000000000,0.4312959828934,0.7097237350476,0.4828855714832,0.5513179631174,0.1939315434812,0.0641324444274,0.3910604085711,-0.0028430757951,0.1457128830546,0.0879260132701,0.7171851020703,0.3813812750786,0.2476875138790,0.0941968346631,-0.0535926870868,0.1035241782142,-0.1524145384556,0.0199932839790,0.2124332817247,-0.1599646248844,-0.1175089639557,-0.2091064612605,-0.2413928911645,-0.1179237145359,0.0199847403997,0.1200380325774,0.2340057048372,-0.0364268752939,-0.1311496570724,0.0377669025894,0.0555455350412,0.2981196065531,0.2478969925574,-0.0403371511601,-0.1158815661214,0.1563997909576,0.0358494118607,0.3324633849157,0.3484066502785,0.1319669812760,-0.1503589328667,-0.1785822819731,0.1448460183384,-0.0104378088927,0.4609746566069,0.2987665396412,0.2443316231119,0.7296497112621,0.8439394778064,0.3369366986487,0.8309853739235,0.5082409547985,0.4939922185672,-0.1399077487414,-0.0563196632560,0.0591331896934,0.0529220117762,0.2389388816957,0.0290038396448,0.2368817656498,-0.0063281516182,0.6042388838650,-0.0009743067146,0.1080466254097,0.0078103370690,0.1334728584512,-0.0180035260237,-0.0155300291506,-0.0465307267412,-0.1422065597869,-0.2461999651762,-0.1648694080269,-0.3897461485302,-0.3222556442750,0.1183971368744,0.0737535120119,-0.0613621394244,-0.1500220862557,-0.0609440000284,0.3308687750904,-0.0135676013276,-0.4352240439853,0.0144615915583,0.0332989695158,0.3512270088651,-0.1906074510914,-0.4157426138873,0.1903543542403,-0.1242450402434,-0.0911431735209,-0.0256863968556,-0.0912142468488,0.4894226181067,0.3276864374959,0.4713412693212,0.2264163174850,0.0096705695979
0.6195544510444,0.3319136867391,0.4312959828934,1.0000000000000,0.5574733241223,0.4684996142396,0.8704273726114,0.3449480254889,0.1710042723459,0.5194314909820,0.4272623350523,0.3752720391566,0.2689573780423,0.3799395663168,0.8582666860865,0.6145656220714,0.2755019081309,0.3906181504292,0.4207863616595,0.0765628128049,0.1761595032641,0.1444166622975,-0.0104566121244,0.4533258632744,-0.4358951450964,-0.1281124485624,0.0961636614060,-0.2105523187256,-0.2588215477271,-0.3276245999109,0.3109299139510,0.2030673275183,0.4208476168541,-0.4007533941834,0.4789856799350,0.4169572817886,0.1138891541165,-0.2007802030100,0.3142764567413,-0.2129558811596,0.2714777127615,0.4709851622012,0.3399023045995,-0.3628608339963,-0.1005655610907,-0.1754236984282,0.1493632507376,0.5801899142628,-0.2465420136998,0.6968211375067,0.5194711441553,0.5108370763048,0.9051841024137,0.5616412384313,0.5402038828595,0.9268356456001,0.4339213679396,0.4557064722065,0.5689344735328,0.3315945076760,0.4539872771361,0.4777508499720,0.1778265103280,0.0946241317380,0.6279563208400,0.3783990615682,0.4562412185275,0.5732226136223,0.4138116614015,0.2816099229087,0.1834053851177,-0.0265067989043,0.4892307255685,-0.4332636963165,0.0385417585955,-0.1917264622813,-0.0169882088629,-0.2054960314304,-0.3745973251749,0.4256952316099,0.0305407881959,0.3077173481401,-0.1877511175865,0.1876386601205,-0.2693938638186,-0.2606291226065,0.1235233952659,0.3481378604542,0.0454246472280,-0.4272360931034,0.1924013652224,-0.2800033285854,-0.3779419911634,-0.1927575902534,-0.2782706874665,0.5356566945962,-0.1207736513038,0.0258748430849,0.5180844845805,0.4263971042684
0.7997063913674,0.5807404554234,0.7097237350476,0.5574733241223,1.0000000000000,0.5536071053223,0.5861777774421,0.0862608708326,0.0079139804221,0.4260561193268,0.2498800294030,0.2676254750382,0.0792409512673,0.6681546592268,0.4842065042386,0.2109239305948,0.1053537105477,0.0739040467884,0.0718888634056,-0.1725826544985,-0.0052264728924,0.3527056634641,-0.0905435634903,0.0865785489351,-0.2961163209473,-0.2440505312416,-0.0629375658813,-0.0989671530100,0.0536517377606,0.0806837939990,0.0041126089650,-0.1279338577375,0.0943602830816,-0.1528950973756,0.2154878828552,0.1377120717130,-0.0173509142432,-0.2751314708362,0.1637020404864,-0.0443309946562,0.3957915311710,0.3689812974578,-0.0297627924405,-0.3937008275674,-0.2632548522905,0.0860279148072,-0.0943287245573,0.5731992004239,0.3453134476778,0.3430177210067,0.8508027144691,0.6112323658705,0.4889119659856,0.7699024341326,0.7092345726302,0.5245087668895,0.0563429263257,0.0862299350355,0.1363556588524,0.0894002146256,0.3493323811588,0.2601232478089,0.2845075461082,0.0414222228302,0.6627289350649,0.0185910855777,0.0694020769831,0.2170741857459,0.0577899722152,-0.0200630249784,0.0245691272165,0.0518366743436,0.0962897608807,-0.3122391780822,-0.3302000264705,-0.4101834462668,-0.2617129203258,-0.0643194978783,-0.0437753555013,0.0453208179700,-0.2170998796482,-0.0073328531472,0.1184267469991,-0.1208386711905,-0.4499267845779,-0.1559310233257,0.0244635834634,0.1576621378891,-0.2560358785368,-0.4317567682889,0.1900676889936,-0.1170339158935,-0.4075757756768,-0.0483826382748,-0.2519356822653,0.5811124575034,0.4408282641067,0.3479942995162,0.3999140471335,0.1202554314103
0.5426652312273,0.0944387393117,0.4828855714832,0.4684996142396,0.5536071053223,1.0000000000000,0.4464245591860,0.0560045545216,-0.1450807715487,0.2951753314719,0.4307278831945,0.3557156739508,0.1515103668677,0.4203003167345,0.5134019986845,0.1724450234860,0.2920503438807,0.2820499958875,0.1360174528386,0.0813148612401,0.2541136475415,0.3334197978203,0.2041929442799,0.3728458676991,-0.3183585354225,0.0253393723978,0.3279867633549,-0.0677792104618,-0.0618787745843,-0.0715060435228,0.1536260269606,0.1608864600014,0.2971193555631,-0.2465280694158,0.2003994448996,0.0736261834476,0.3635380657654,-0.2066478631559,0.2771416454665,0.0092263596876,0.2412518417271,0.4627643257099,0.1780458732216,-0.3819974092327,-0.0382918627374,0.1001229712463,0.0721689274260,0.8296342093058,-0.0174378864416,0.4360975174779,0.4137208025429,0.2955323052561,0.4348040580338,0.6923865119467,0.8008556651771,0.3774348487077,0.1664125373553,0.1061399855308,0.1369248928269,-0.0343392166647,0.3636311746687,0.5256656087433,0.2126511322162,0.1109394692578,0.3953907178607,0.3080326945638,0.1193799582815,0.4003267481476,0.0597507245240,0.1057956847931,0.1501791746017,0.3398532783981,0.3248192178045,-0.3820376115512,-0.2566232330353,-0.1976920550300,0.1700222363848,0.0170812694401,-0.1672976158134,0.2469676607021,-0.0216487665620,0.2199815755733,-0.0014251631781,0.0997491023200,-0.2810526470991,-0.0435733043765,0.3992286967139,0.0370647041532,0.0417381191987,-0.3380439796755,0.3235468600069,-0.0422772131663,-0.3004913249340,0.0387616230501,-0.1167589511287,0.6533310740066,0.1267470759736,0.0903687238419,0.4957837319095,0.2786426581316
0.5415042395086,0.3820186436999,0.5513179631174,0.8704273726114,0.5861777774421,0.4464245591860,1.0000000000000,0.4859383735610,0.3468585864329,0.5759616109377,0.3318712459021,0.3500341663554,0.3490916789626,0.3400075903600,0.7146746766579,0.6805528672162,0.2958017037919,0.3709212472223,0.5063497124094,0.1474798027971,0.1704531756205,0.1549622885629,-0.1080315332187,0.4005174840255,-0.2283371091407,-0.2429180001478,0.0591140015331,-0.1214755122000,-0.1518972040917,-0.2461963822768,0.3855815279419,0.0694321588339,0.3815038081397,-0.2912175913733,0.5194030446825,0.5006685076853,0.0534603692564,-0.1146775074236,0.3440271496055,-0.1282646882477,0.2436985378042,0.3900577888324,0.3205109198815,-0.2395228196646,-0.0639988874161,-0.1214572945419,0.1334023039186,0.5763033054909,-0.1382816731086,0.5875111522421,0.5166190094741,0.5110191067694,0.8159172513665,0.6670456441467,0.5134851091546,0.9275940115174,0.4507714037350,0.4831050975312,0.5571607983530,0.4376520010748,0.4726043029834,0.3987536093713,0.2318683440241,0.1310055870777,0.5734475919435,0.2901813093032,0.4659917736854,0.4938554600457,0.4940603191808,0.3427761704824,0.1865973758442,-0.1115704638252,0.4323106065027,-0.2495810689291,0.1095334091847,-0.3718742151587,-0.1288523637555,-0.1067602853232,-0.2886300676092,0.4133286985866,-0.1128952607260,0.1975844510106,-0.1818186323722,0.1500636145489,-0.2668925471621,-0.3224208649181,0.0621858466850,0.4087437158483,-0.0685177160277,-0.3354817705903,0.1650313572811,-0.2560071467754,-0.2509905951227,-0.1247425807650,-0.2534535246623,0.5722059285468,-0.0343670860364,0.1006479499236,0.4220403343666,0.3309258028699
0.0400200818999,0.1424725102107,0.1939315434812,0.3449480254889,0.0862608708326,0.0560045545216,0.4859383735610,1.0000000000000,0.7835525376959,0.4713436401849,0.2192132136694,0.3626903394437,0.5274870182516,-0.0343330670097,0.2421164228832,0.7334243509147,0.4484875545281,0.5624243135930,0.7914199611423,0.5335134511798,0.3251459069904,0.1354214434664,-0.0590763304087,0.4618983143003,0.1931498095004,-0.1200361936774,0.1947918546970,-0.0650293069142,-0.1539582812074,-0.1746185635320,0.6905884327796,0.0911288454320,0.3479025728860,-0.0877913892679,0.3177836601781,0.5993710323815,0.0039706170782,0.2042115996682,0.1754294951899,-0.0550390644892,0.0517767605303,0.0271795628551,0.3095190438109,0.0775183858937,0.1012964281708,-0.1450984566100,0.1723828186184,0.0782774617362,-0.1549162032293,0.2857113501229,0.0591817501334,0.1559227569500,0.3382136877653,0.1186097812843,-0.0064210275970,0.4298558833257,0.5020362521691,0.6477180269126,0.7294456013424,0.7079074665261,0.2608383694575,0.2354578078656,0.1968689482351,0.2068454769259,0.1099843194026,-0.0132546976401,0.5772719873294,0.4607407745860,0.7448178546741,0.7117644500006,0.2419256084517,-0.1641704372042,0.4491640850925,0.2541843919880,0.4188120127342,-0.2232503580277,0.0075300736094,-0.0251661052396,-0.2797210812616,0.5404328875822,-0.0094960893495,0.1149379355737,-0.2735283417888,0.1088977837678,-0.0007283059013,-0.1707762568116,-0.0502829112698,0.3099754507862,-0.1909178354511,0.1257966389143,-0.0696356918191,-0.1830900297413,0.1572510797160,-0.1573062273322,-0.2198817390662,0.1008857175560,-0.2172143299362,-0.0688439749098,0.0680487562954,0.0540710046846
-0.1020562751053,0.0901156645713,0.0641324444274,0.1710042723459,0.0079139804221,-0.1450807715487,0.3468585864329,0.7835525376959,1.0000000000000,0.3968091227341,0.1341550617906,0.2147802385409,0.3825417571044,-0.0919730406804,0.0791797544159,0.6887743198362,0.2661031477554,0.3799177955598,0.7192243002214,0.4122952301755,0.2595320378688,0.0514782155908,-0.0798419041856,0.3530118238766,0.3019509976001,-0.1195233379085,0.1579594989494,-0.0457738643100,-0.1429384760613,-0.1042328165342,0.5607208944582,0.0623098700760,0.2533729819933,-0.0013874210678,0.3308612995296,0.6527253911455,-0.0599487604899,0.1188403807847,0.0915168611143,-0.0615065487877,-0.0413065113229,-0.1032579574137,0.2240314140098,0.1169843744790,-0.0219877512155,-0.1212829923163,0.1566711749795,-0.0813866469664,-0.0676500676719,0.1388185580548,-0.0209850228270,0.0131962733811,0.1420896697022,-0.0279046271067,-0.1699001840793,0.3031969802581,0.3557776499228,0.5358469566379,0.6244076345346,0.8766687888687,0.2259061702121,0.1440245235959,0.1597103844381,0.1273982192370,-0.0115961555109,-0.1383781140364,0.5508258218360,0.2793947438109,0.7290458809057,0.6557393421444,0.1944746261123,-0.1970852174929,0.3764845865861,0.4054704868533,0.4375329339744,-0.2000765306570,0.0183229574609,-0.0528946099576,-0.2813701048322,0.4485347831312,-0.0473840781658,0.0196001917902,-0.2620432134823,0.0576572104682,-0.1009975487819,-0.2042450294403,-0.0868518900003,0.3237242199137,-0.2289661751823,0.0792448913098,-0.1672190904232,-0.2148232385705,0.1146705884745,-0.1424874025945,-0.1983826350187,0.0117453640510,-0.1130747996522,-0.0569320730034,-0.0392773973122,-0.0268678643117
0.3494223966688,0.3944574915642,0.3910604085711,0.5194314909820,0.4260561193268,0.2951753314719,0.5759616109377,0.4713436401849,0.3968091227341,1.0000000000000,0.5413043048792,0.7457797326312,0.5413755148174,0.3501216349027,0.6103388736866,0.4979268209075,0.4169697472284,0.3078521409984,0.4058440956614,0.0367721160663,0.3347917471576,0.4758920073176,0.2781368323768,0.2679667369753,-0.2525888766177,-0.1370329800895,0.1536543889727,-0.3682415641726,-0.1840023080406,-0.2790860537756,0.3585483694587,0.1545563551194,0.4225369348849,-0.2732394218278,0.2847097110086,0.3393852905742,0.0742444459261,-0.1591248962497,0.2614534357560,-0.1409876125084,0.3413471850456,0.4549412489107,0.2379356752359,-0.2024252483163,-0.2220267250154,-0.0410127136129,0.1343052428868,0.3877421644840,-0.0033913838379,0.6766007984345,0.3728758959531,0.4034719551351,0.4583751127335,0.4766716434577,0.3445045794118,0.5641249738085,0.4724508289366,0.3198313403031,0.4999052004235,0.3827756405098,0.8361128670802,0.4570422056545,0.6765739761591,0.3681878551038,0.4961076519284,0.2611604302418,0.2887700422808,0.4098512781189,0.3558897022903,0.3219496770939,0.4002601817748,0.2043717190471,0.3137135236723,-0.2166394257863,0.2371334922098,-0.1119198352879,0.0591562595841,-0.3442612486803,-0.3310085052743,0.3322842033253,0.1214308004735,0.3323778961510,-0.1026757539096,0.0375678940882,-0.3428273113023,-0.3971657442999,0.1335771686946,0.3809988807027,-0.1123380826597,-0.3289915078246,0.1044785141653,-0.2349563727550,-0.2435603653417,-0.2946291046168,-0.0972990335755,0.4835143587110,0.0154021567232,0.2386997341618,0.5181675370676,0.4159657521168
0.2437832840484,-0.1617271701740,-0.0028430757951,0.4272623350523,0.2498800294030,0.4307278831945,0.3318712459021,0.2192132136694,0.1341550617906,0.5413043048792,1.0000000000000,0.7295770852995,0.4878021156576,0.0158360487860,0.5700676707365,0.3347293399127,0.4680678217241,0.5219172508851,0.2969547461500,0.1874223599562,0.3693887672098,0.2552821678786,0.4416620652675,0.6011430854309,-0.3068995541513,0.2000497474718,0.5415619242672,-0.2804454482230,-0.2419871028679,-0.4683212319519,0.3994023273220,0.3885344119038,0.5131327324010,-0.3525437647090,0.1664133901152,0.1700441050326,0.3456613474429,-0.0733982206305,0.3246400618501,-0.0028870042299,0.1071872599090,0.2909762355749,0.2517202613230,-0.1755605306214,0.0611576340102,-0.0636743728960,0.1243696245667,0.4955132843436,-0.3308865811720,0.5762733737877,0.1498348752392,-0.0014553271315,0.3885319651285,0.2244527869788,0.3943187919771,0.3598761481899,0.5001383062756,0.3273247465914,0.4617123709152,0.2048599025589,0.6003026623273,0.8449532232928,0.4696255133349,0.3858240684932,0.2858615066886,0.4023113281571,0.2668274878622,0.6116397086501,0.2073873434097,0.2634563358697,0.4013950228892,0.3667023429656,0.5969334501694,-0.3126446308829,0.0185264598156,0.0710185344400,0.4292778933673,-0.2571891935265,-0.3660966064915,0.4369298650872,0.2056059333400,0.3730773777808,-0.3265967354834,0.1589986057574,-0.0998487550330,-0.2637067327855,0.3426288121576,0.0504105592340,0.0383486487516,-0.1013464125113,0.1968424911139,-0.0497380075582,-0.1969261195170,-0.1897508470575,-0.2595996588258,0.4427330962362,-0.1725830385818,-0.2080483433267,0.4279532245509,0.4691986575008
0.2889709105063,0.0556293616730,0.1457128830546,0.3752720391566,0.2676254750382,0.3557156739508,0.3500341663554,0.3626903394437,0.2147802385409,0.7457797326312,0.7295770852995,1.0000000000000,0.6847783974977,0.1880609886340,0.5126290796222,0.3223039367317,0.6355476879705,0.4794346207149,0.3525019271104,0.0769147528981,0.4610965552816,0.4253581694539,0.5731287923679,0.4175054422404,-0.3268450874736,0.1446846945506,0.3717386902385,-0.4220354254415,-0.3247393511016,-0.4575935176505,0.3928203989989,0.3635095658315,0.5015464400925,-0.1920735829141,0.1280591706515,0.1957051100061,0.2147744371571,-0.1556135389269,0.2081094849944,0.0368099883886,0.2088066566632,0.3451737533794,0.1453373088289,-0.2094829575859,-0.2017279216709,-0.0707573582563,0.1889810233108,0.4025055611603,-0.2510599350675,0.5391400334269,0.2074538094839,0.1671787794611,0.3200166645379,0.2769461258980,0.2919850300693,0.3378650830359,0.5089065513101,0.2380586919814,0.4277334105544,0.2003076792033,0.6889354315749,0.6327517640931,0.7795728067460,0.5259820300272,0.3245253713093,0.2431377343529,0.1834596048891,0.5426601494461,0.2325536237926,0.2711166344438,0.5344926436088,0.4730472125099,0.4008287311728,-0.2474864045565,0.1186049866019,0.0993721782732,0.3138257566243,-0.3542642183048,-0.4513997632762,0.3474428358572,0.3451346157338,0.4042737526798,-0.2786742519976,-0.0396952597467,-0.2474457068121,-0.2524964065848,0.2073261973880,0.1175140273589,-0.1170850251202,-0.1736057002953,0.0724063648663,-0.0340728573514,-0.1965884753291,-0.3583616812801,-0.1649946797784,0.3690189748409,-0.1695486439879,0.0099485095840,0.4003546241379,0.4358572667444
0.0754562301310,0.0434555922356,0.0879260132701,0.2689573780423,0.0792409512673,0.1515103668677,0.3490916789626,0.5274870182516,0.3825417571044,0.5413755148174,0.4878021156576,0.6847783974977,1.0000000000000,0.0348556594387,0.3468218009361,0.4582752192619,0.7937201248774,0.4347459724787,0.4182106984508,0.2734125756050,0.4873570910147,0.2207737728363,0.3036142938993,0.3005208050715,-0.0936011303446,0.0904023581851,0.3313339345266,-0.3494626813887,-0.2541838211147,-0.3260070128802,0.4854636254325,0.2905718287431,0.5559456501610,-0.0545043436514,0.2239346518603,0.3870647878764,0.1292181275282,0.0806868731862,0.2336250283947,0.0534280478276,0.0655288146180,0.1591198793044,0.3028549429215,0.0249480147986,0.0204243048907,-0.0594797242790,0.1424866791063,0.2145775153415,-0.1895264877718,0.3687713951106,0.0887567759771,0.0890283489034,0.2075144248392,0.1700035588722,0.0953917743952,0.3401392394265,0.5908054531780,0.3131676695219,0.4641527887601,0.3170168379055,0.4225134845244,0.4743305322876,0.5499082954753,0.7959816951678,0.0791259950901,0.1343331472104,0.3119585952919,0.4737429746079,0.3447766713189,0.3789185323126,0.5048532263760,0.2118726795625,0.2789643575471,0.0245454134450,0.3583152233870,0.0348613252195,0.2505616211323,-0.2658243577105,-0.3268712474666,0.3596964308095,0.2059548325464,0.3645522242302,-0.3073515923462,0.0419106319048,-0.0586527661812,-0.2593851396982,0.1298164071606,0.2817556586199,-0.0671409078457,0.0240416035797,0.0466174101594,-0.0681424953919,0.0457149177268,-0.3282578609918,-0.1666220982257,0.2315392387054,-0.1586715430930,-0.0486324867662,0.0883723527365,0.2836347122138
0.6529214120988,0.7614566299266,0.7171851020703,0.3799395663168,0.6681546592268,0.4203003167345,0.3400075903600,-0.0343330670097,-0.0919730406804,0.3501216349027,0.0158360487860,0.1880609886340,0.0348556594387,1.0000000000000,0.4110066402808,0.0689502417053,0.0258593226246,-0.1017283559345,-0.0790326282498,-0.2793238082399,-0.0349383019630,0.3842897612563,-0.0031897024448,-0.1638417491450,-0.2830114624612,-0.1415159902342,-0.1687439584685,-0.0129490172974,0.1606181857935,0.4176951538383,-0.1781371368404,-0.0478390494733,0.0688801593493,0.0278394870998,0.1910995985977,0.0383604643224,0.0199084570184,-0.2375232936750,0.0767094836212,0.0360443451065,0.5338690276193,0.4898763790692,-0.0162943611250,-0.2792210129977,-0.2960687701182,0.2194741071760,0.0489590402409,0.4113812269590,0.4653802698736,0.3128339791772,0.7329395432345,0.7268435883391,0.2990299749320,0.5945688476467,0.4661270322819,0.3358375368405,-0.1152279387673,-0.0889201370945,-0.0340508626180,-0.0386142156088,0.2583528860364,0.0381283280955,0.2675838918360,0.0051219348431,0.7117089803948,-0.0255093949315,-0.0496827486115,0.0311985192319,-0.0419399101301,-0.1524340011878,-0.0328131457605,0.1291185054459,-0.1529285578598,-0.2820186211926,-0.2670237781043,-0.2847511825166,-0.2877382987635,0.0007978206404,0.1259982230173,-0.1475062270952,-0.0628134777437,-0.0041390850168,0.4476311704228,-0.1409366177671,-0.4710769934858,0.0184653727028,0.0199735488295,0.1747853270417,-0.2038527517817,-0.4737969605793,0.1425826718298,-0.0742253298110,-0.2833790844430,-0.0163715415279,-0.0205199943099,0.4005200805434,0.4959566999014,0.5663580695391,0.3539164060032,0.0274341528318
0.5181110154140,0.3166193561462,0.3813812750786,0.8582666860865,0.4842065042386,0.5134019986845,0.7146746766579,0.2421164228832,0.0791797544159,0.6103388736866,0.5700676707365,0.5126290796222,0.3468218009361,0.4110066402808,1.0000000000000,0.5370749425460,0.4117890546484,0.4285295770804,0.3337604174589,0.1273344907827,0.3563070987813,0.2135630783905,0.1621788464201,0.4774119733891,-0.4240643768417,-0.0016446897415,0.2486559246987,-0.2852075091524,-0.2501720309276,-0.3441753831474,0.3516211061102,0.3021721424902,0.5029460289729,-0.3845932108897,0.4660442124587,0.3599303955982,0.2983915607070,-0.1203388095107,0.4741399680947,-0.1342516343010,0.3123904202693,0.6250297486859,0.5261698841207,-0.2851222789231,-0.0411478297803,-0.0650540304817,0.1644641191456,0.6304046139700,-0.2195181701777,0.8589371651252,0.4209809542366,0.4550756492357,0.7531348277807,0.5287399647497,0.5456754497794,0.7926175434966,0.4263666289743,0.3018508893881,0.4726204745774,0.2196359297068,0.5451684686439,0.5506072237819,0.3269048572118,0.1938078048762,0.6239056845761,0.5697880617217,0.4209897640415,0.5463738232282,0.3169950464088,0.2581370537135,0.3144026101318,0.0972120781167,0.4692821889475,-0.4390144951389,0.0848817161363,-0.0780012412894,0.1805227958675,-0.2635582300939,-0.3567419167351,0.4195777275235,0.1208649863539,0.4171688704586,-0.1191295851686,0.2998980053930,-0.1958217670663,-0.3241195520786,0.3186625884764,0.4068396710860,0.2088410959579,-0.3644086317030,0.3443316315299,-0.2144498365545,-0.3404242396881,-0.2487981605276,-0.2085977155348,0.6025056659955,-0.1482056037282,0.0538855653282,0.5790710364366,0.5606349907257
0.1745131466533,0.1448923289815,0.2476875138790,0.6145656220714,0.2109239305948,0.1724450234860,0.6805528672162,0.7334243509147,0.6887743198362,0.4979268209075,0.3347293399127,0.3223039367317,0.4582752192619,0.0689502417053,0.5370749425460,1.0000000000000,0.4260954559527,0.6191437840479,0.8262612199919,0.4674242933297,0.4162993705249,0.0772831592490,-0.0492637795724,0.5145447139769,-0.0779483620192,-0.0808566784572,0.2761138382220,-0.1338174698750,-0.2839623808618,-0.2868647097532,0.7793133711303,0.3010987873598,0.5808220965211,-0.2103017388779,0.6470157982300,0.8019807750622,0.1077735974286,0.0851756254739,0.3652300945642,-0.1276678602549,0.0623591026862,0.2050642334307,0.5629580387829,-0.0580395363411,0.0707286453568,-0.1263495423768,0.2461290208031,0.2706397642386,-0.2633802482981,0.4905898277185,0.1456636492992,0.2167225751923,0.5484254057789,0.2645818967331,0.1713612197354,0.6947434647865,0.4361817322983,0.5806334823087,0.7693521578069,0.7296635397481,0.2958536407116,0.3671667249853,0.1391937536547,0.1898925939792,0.2530240004557,0.2265769809484,0.8561535152847,0.5489269493109,0.8221712667834,0.6714119180138,0.2843754421329,-0.1588818979985,0.5535658955146,0.0142335922235,0.4203872467718,-0.1596528364216,0.1249321779971,-0.1190660782439,-0.4294255213817,0.7006130320032,0.1155517056158,0.3368310524460,-0.2938256398165,0.3506777399077,-0.0569136984317,-0.2390448173785,0.1331080386753,0.5420432858658,-0.0674069814418,-0.0890737250897,0.0928648118408,-0.2581631992053,-0.0549301284904,-0.1401242659781,-0.2227311672774,0.3304372888032,-0.2745900163618,-0.1145812185021,0.1610198140250,0.2133160256670
0.0810127873448,-0.0415097389371,0.0941968346631,0.2755019081309,0.1053537105477,0.2920503438807,0.2958017037919,0.4484875545281,0.2661031477554,0.4169697472284,0.4680678217241,0.6355476879705,0.7937201248774,0.0258593226246,0.4117890546484,0.4260954559527,1.0000000000000,0.6563994744389,0.4193689360961,0.3633876146563,0.7661137046456,0.1615632905941,0.3603428298781,0.4655187854851,-0.1794365601260,0.1671159637989,0.4683959121303,-0.3169606361637,-0.3112808835609,-0.3473335090274,0.6142557791937,0.3096379993736,0.5871265575633,-0.1587642852363,0.2180802383833,0.3047297681793,0.2598347704976,0.0603964872964,0.2311972902627,-0.0361501791324,0.0144117223789,0.1533972628925,0.3584071515417,-0.0933325642654,0.0014907272084,-0.0206302665390,0.1015823599482,0.2762692801421,-0.2537842781883,0.4259559752384,0.0166237930754,0.0421967076212,0.2642303637646,0.1704951128431,0.2099528657527,0.2684424582279,0.5316690088006,0.2154491865437,0.3809062821954,0.2404929231380,0.2839790920497,0.4785024656268,0.4319070734047,0.5948011848824,0.0805583779769,0.2248845393133,0.3231449763315,0.5444023197779,0.3012224951374,0.4189689806451,0.6189420628665,0.2675965300208,0.3602891963754,-0.0302622387612,0.3135463376777,0.1114293931594,0.3725579211070,-0.2006136197328,-0.3486647171819,0.4873908476789,0.2105253119123,0.4761316441750,-0.3619519930973,0.0674213604228,0.0054030065754,-0.2027888003739,0.2383003147536,0.2021817599542,0.0707519786556,0.0319178179018,0.0755432219485,-0.1242074261943,-0.0705327760454,-0.2690615739016,-0.2121960115319,0.2586117792984,-0.2575605171185,-0.1391428815056,0.0714800704124,0.4191839419207
0.0900410785237,-0.2146311170301,-0.0535926870868,0.3906181504292,0.0739040467884,0.2820499958875,0.3709212472223,0.5624243135930,0.3799177955598,0.3078521409984,0.5219172508851,0.4794346207149,0.4347459724787,-0.1017283559345,0.4285295770804,0.6191437840479,0.6563994744389,1.0000000000000,0.6229439397067,0.5549228110578,0.5560493507897,0.0971861758309,0.2988572819115,0.7747575905954,-0.1201350761698,0.1951852393844,0.5636611363851,-0.1706305118511,-0.3631047169179,-0.4328893256377,0.8594690099374,0.4612209478357,0.5871246506756,-0.2220543630299,0.2808250543293,0.3438734163955,0.3283189413659,0.0626775390382,0.2517163027101,0.0032383579419,0.0053065420661,0.1615904977731,0.3493007164907,-0.1410437105365,0.0618941516168,-0.0713131972952,0.2608187490113,0.2932290133690,-0.4257095835950,0.4213953585613,-0.0381749015000,-0.0708017514492,0.4542139121667,0.0637238744057,0.2180399086148,0.3523579752195,0.5307375726305,0.4999413428005,0.5951505784556,0.4605454260433,0.2415850676125,0.5235229040369,0.1467229391449,0.2121780241493,0.1123974489114,0.2786409197347,0.5753687436521,0.7171981405497,0.5318187901476,0.5889966388671,0.4084147623556,0.1604081387304,0.7268925350883,0.0003272544666,0.2414450163070,0.0530447287645,0.4185963207766,-0.1352620031557,-0.4454647023237,0.7710430238931,0.2353549294905,0.4157340913529,-0.4444465791629,0.2016761020349,0.0857780822766,-0.1495742212128,0.2554332684707,0.1186657349201,0.0290626076431,0.1063697184311,0.0763213748109,-0.0671246228993,-0.1277739643047,-0.1739133266547,-0.2627364583637,0.2206055887039,-0.4013355496032,-0.3076868510045,0.1979930225488,0.3322973519108
0.0035586596581,-0.0212448349939,0.1035241782142,0.4207863616595,0.0718888634056,0.1360174528386,0.5063497124094,0.7914199611423,0.7192243002214,0.4058440956614,0.2969547461500,0.3525019271104,0.4182106984508,-0.0790326282498,0.3337604174589,0.8262612199919,0.4193689360961,0.6229439397067,1.0000000000000,0.4088576850945,0.3900245139939,0.0857498203406,0.0073743340830,0.5702814669446,-0.0423852216318,-0.0689240301655,0.2618064726316,-0.1187331734111,-0.2596355078763,-0.2969970149619,0.7352829914038,0.1710088808785,0.3697097527676,-0.1940065008296,0.4158535901660,0.6953173730654,0.0123985858996,0.0108715971751,0.2103472766670,-0.1117774780815,0.0051125859437,0.0655959061330,0.3433808616087,-0.0672448402807,0.0394953378141,-0.1343848462322,0.1687940258446,0.1585624540528,-0.2881238460384,0.3465555111054,-0.0113863927115,0.0603912795143,0.4221140368152,0.1205453894843,0.1168191633196,0.4752143580222,0.4530213555217,0.5876635467845,0.7489102572795,0.7015999425659,0.2745097789015,0.3591975551385,0.1857361298478,0.1814969374216,0.1345840936119,0.1084425334971,0.7072655024073,0.5175158341823,0.8823223405903,0.6523593487924,0.3122400157042,-0.0614557620353,0.5835127892030,0.0300366490962,0.3320993095630,-0.1387845045562,0.1164126381643,-0.0826168555716,-0.4007079319878,0.6668416079332,0.0912140111352,0.2054163480334,-0.3201127875144,0.2312348592774,-0.1061359455268,-0.1484499027796,0.0399090065028,0.2694258726434,-0.1456370487801,-0.0401305051586,-0.0224987701408,-0.1710247604084,-0.0034819004762,-0.1165460748289,-0.2258437946986,0.1944727457768,-0.3148134507529,-0.1429387940775,0.1272948310026,0.1311110185096
-0.1435405916698,-0.2491867095846,-0.1524145384556,0.0765628128049,-0.1725826544985,0.0813148612401,0.1474798027971,0.5335134511798,0.4122952301755,0.0367721160663,0.1874223599562,0.0769147528981,0.2734125756050,-0.2793238082399,0.1273344907827,0.4674242933297,0.3633876146563,0.5549228110578,0.4088576850945,1.0000000000000,0.4191942933221,0.0039793880616,0.0433346010285,0.5639204682045,0.5292921751461,0.2094783789816,0.5128122432069,0.0592250896421,-0.1421597124690,-0.1432780180167,0.6400638624207,0.3555286161923,0.4753927435295,0.0033351471076,0.2479051211080,0.3973241493089,0.3389485584710,0.5820103797594,0.2586577379253,0.0813223957268,-0.1462137262542,0.0360681995580,0.5427682844550,0.2605917712857,0.5725007098994,0.0264270261379,0.3166585591648,0.0575179430705,-0.2348872202399,0.2158376045682,-0.2470647112745,-0.2150209138744,0.1374397208468,-0.1099246271556,-0.0235727275629,0.0818350633657,0.4305190622925,0.4650592028680,0.3864944860171,0.3875941178521,-0.0229180733047,0.1817411846441,-0.1586985757859,0.0327284373524,-0.2057316032194,0.2199520011079,0.4629586738385,0.3457811860466,0.3792869913017,0.7635256082152,0.1167822768433,-0.0691149676469,0.5241672861629,0.4326963314755,0.4486842240848,-0.0487816955366,0.4174530438841,0.0628507200452,-0.2138549936209,0.5621989306266,0.0155432018172,0.2291827153755,-0.2873025775756,0.3815159038767,0.4442336957460,-0.0542542458787,0.2893121124030,0.1111178154781,0.3015769534623,0.4793139053215,0.0696108107812,-0.0051933658782,0.2523836403000,0.0034908757114,-0.0607244465331,-0.0122439770120,-0.2930944471637,-0.3322135758349,-0.0341358576887,0.1049060478057
-0.0489189531997,-0.1329303296284,0.0199932839790,0.1761595032641,-0.0052264728924,0.2541136475415,0.1704531756205,0.3251459069904,0.2595320378688,0.3347917471576,0.3693887672098,0.4610965552816,0.4873570910147,-0.0349383019630,0.3563070987813,0.4162993705249,0.7661137046456,0.5560493507897,0.3900245139939,0.4191942933221,1.0000000000000,0.1606265756231,0.4398068297195,0.4670966211049,-0.0679088158453,0.3570586094278,0.5252714547825,-0.1702737128605,-0.2233048540671,-0.2361248205004,0.5695451881236,0.3941672813264,0.6158867796469,-0.1639923267551,0.2528453235610,0.3357808098566,0.2954790672175,0.1130157547062,0.0861000088740,-0.1864691109442,-0.0693420304703,0.0927907662855,0.3877908289964,-0.0088291518735,0.1302221749795,0.0821242539422,0.2025729384174,0.1623362110354,-0.2288028440834,0.4442909307630,-0.1434054082791,-0.0859445511900,0.1579252943653,0.0657094630523,0.1196138274531,0.1421936351659,0.3825297871214,0.0883950242919,0.2752085274255,0.1638505800693,0.2384388217079,0.3856917538064,0.3164707085613,0.3325120934322,-0.0027874897367,0.1510639599238,0.2737139919150,0.4013406811319,0.2583389417404,0.4736026953765,0.6656139906574,0.3403766215743,0.3310632219068,0.0615717402622,0.4843754773194,0.2457091598056,0.4464730076813,-0.1162342855077,-0.2807146761133,0.5446646410808,0.2850973587974,0.5916500987331,-0.3520368301378,0.0436745727838,0.0721281027277,-0.1104886566456,0.2950086268106,0.1752419164311,0.1830555119281,0.0406062846366,-0.0868872772845,-0.2430341870838,-0.0621027824350,-0.1148929081565,-0.0143017639249,0.1290217533509,-0.2811187881313,-0.1773532870837,0.0501281090549,0.4482462518765
0.2232010830851,0.2089839028898,0.2124332817247,0.1444166622975,0.3527056634641,0.3334197978203,0.1549622885629,0.1354214434664,0.0514782155908,0.4758920073176,0.2552821678786,0.4253581694539,0.2207737728363,0.3842897612563,0.2135630783905,0.0772831592490,0.1615632905941,0.0971861758309,0.0857498203406,0.0039793880616,0.1606265756231,1.0000000000000,0.3649954800398,0.1614833448264,-0.0985300912732,-0.0533221407036,0.2410076046581,-0.0866136658779,-0.0189728359640,0.1712631667744,0.0679225210345,0.0648769456118,0.2550818553201,-0.0756892386087,0.0385599016243,-0.0380071578247,0.1737299449483,-0.0944767157183,0.1382811405084,0.1518027213260,0.5425144548112,0.3732931257125,-0.0358266055468,-0.2278646651686,-0.0624809795711,0.3721762645291,0.1520389748080,0.3511953098967,0.3945466307932,0.2719479722567,0.1843962151464,0.1019925369542,0.1589324295775,0.2668711050674,0.4179617562532,0.0576523045461,0.2895133459108,0.1663844677128,0.1666209020090,0.0778449950952,0.4731238737261,0.2870899676368,0.3120923814048,0.1761936515451,0.2805241176346,0.0705872244848,-0.0134066988867,0.2344406824889,0.0095328739274,0.0971322799662,0.1029187209613,0.4303050473935,0.1828295635977,-0.0640776155479,-0.1102666659653,-0.2165822501819,0.1533194547214,-0.1137587294611,-0.0913349838308,0.0959352316090,0.0283573632061,0.1681146245417,0.1636762965391,-0.0752369221309,-0.1969532556097,-0.0237153869575,0.2140322835267,-0.0442413944184,-0.1478924657223,-0.1393118040759,0.1426921182813,0.1927356713824,-0.1605203410025,0.0855969095837,0.0938665426239,0.3494042033855,0.3735295914237,0.3392728884155,0.4436531488454,0.1361188923465
0.0274660007694,-0.2617202568606,-0.1599646248844,-0.0104566121244,-0.0905435634903,0.2041929442799,-0.1080315332187,-0.0590763304087,-0.0798419041856,0.2781368323768,0.4416620652675,0.5731287923679,0.3036142938993,-0.0031897024448,0.1621788464201,-0.0492637795724,0.3603428298781,0.2988572819115,0.0073743340830,0.0433346010285,0.4398068297195,0.3649954800398,1.0000000000000,0.2372307605295,-0.1817598890613,0.6041405841981,0.5660255232010,-0.2529998038914,-0.2339291196391,-0.3104198227320,0.1054298211815,0.5706213750527,0.3921117903657,0.0757670591200,0.0159211725437,-0.0409527126117,0.3756329857192,-0.0277218182817,-0.0212762040924,0.2419325465095,0.0229111217692,0.1691880591907,0.0106626606706,0.0552535177889,-0.1163693707108,0.2086517657491,0.2813256532441,0.1679450846988,-0.2394293018461,0.2206156248650,-0.1125738735523,-0.1626193406898,-0.0575381787413,-0.0475955579574,0.0451465135653,-0.1146739286194,0.2980436321289,-0.0752687538255,0.0062303675601,-0.1540456111010,0.4181762031625,0.4175622875406,0.4355540530431,0.2929225750930,-0.0457515523061,0.1286238159836,-0.0513774958963,0.2527307494617,-0.0591951167050,0.1094409093273,0.4456527511628,0.8236067293466,0.1786750991618,-0.0283189239555,0.1509916081211,0.4696854958268,0.6259366090867,-0.2382057812823,-0.2364573861478,0.1954519438833,0.5380778184395,0.4362925247505,-0.1774597820426,-0.1075639869759,-0.0517208767489,0.0626960046927,0.3572266808940,-0.0637119544318,0.1413028302285,0.0224160936280,-0.0540091504889,0.2042905125052,0.0280265871472,-0.1863135057117,0.1705947939211,0.0917258811511,-0.1657004211429,-0.0737821325893,0.2395250751475,0.3624176940182
0.0950759985217,-0.3252504606494,-0.1175089639557,0.4533258632744,0.0865785489351,0.3728458676991,0.4005174840255,0.4618983143003,0.3530118238766,0.2679667369753,0.6011430854309,0.4175054422404,0.3005208050715,-0.1638417491450,0.4774119733891,0.5145447139769,0.4655187854851,0.7747575905954,0.5702814669446,0.5639204682045,0.4670966211049,0.1614833448264,0.2372307605295,1.0000000000000,-0.0522293546487,0.1431275933745,0.5670614995196,-0.0376679499018,-0.2587083305336,-0.3865194534349,0.6634030483926,0.3085568668747,0.4469509347368,-0.3687693533163,0.2760164912871,0.3250880224672,0.4100649366047,0.0674761985585,0.3435308736425,-0.0470549265133,0.0307109455682,0.2007438851000,0.3159416763634,-0.1774860878128,0.2192008957004,-0.0563445186269,0.1976273853487,0.4484737615400,-0.4007047779405,0.5051784146475,-0.0619623968988,-0.1559612928836,0.5179361941775,0.0552321455418,0.3174943910853,0.3494247632038,0.6139197822164,0.5960235925134,0.6340622786802,0.4242223730044,0.3287021345116,0.6577024832714,0.0896602765625,0.0885144853340,0.1290001555396,0.3648638270464,0.4805702341595,0.7081783104861,0.4597264307892,0.6094146069724,0.2930271367465,0.1842273513126,0.9237543202461,-0.0783329595456,0.1344046708437,-0.0831858120628,0.4311394693673,-0.0132445721823,-0.3834386208895,0.7362634875423,0.0280588808020,0.3019330412191,-0.4260900433848,0.2447101335619,0.0682546642044,-0.1514932747591,0.3626719779879,-0.0099520705554,0.1208980566791,0.0841160752238,0.1512283607669,-0.0512668212763,-0.1339864536622,-0.0070469543398,-0.2380836889574,0.3098273186603,-0.3161865683946,-0.3138666983354,0.3666217230299,0.3846702071259
