1.0000000000000,0.7599363854124,0.4994553110200,0.4294921165403,0.7852504747613,0.4817962571777,0.5057792499649,-0.2036931562238,-0.1085897716600,0.1293440641410,0.0349001857385,0.0254501315898,-0.0273271515162,0.6207353322785,0.5871975694432,-0.1073961860772,-0.1661279316509,-0.2121487850236,-0.0819710325713,-0.3522760408671,0.0046660280376,0.1150323600118,-0.0141796340993,-0.1689163589739,-0.3197692905823,0.0593849311422,-0.2143981874860,-0.0933672571931,0.1366829837253,0.1543160780217,-0.2734205441809,0.0341515333483,-0.2085012750093,-0.0462173767461,0.1894085570330,0.0096685601657,0.0142475198144,-0.2745243166137,0.1718441868846,0.1580883897752,0.4409970784574,0.1534656459026,-0.0330670016229,0.0220542915428,-0.2223194257406,-0.1204940651668,-0.0499821375907,0.3573587154655,0.5261922030389,0.3857376299463,0.7437082988750,0.6220981119792,0.5453084476133,0.5381204440617,0.4087053788632,0.5978377719983,0.1040100357584,-0.2328125134801,-0.3835148182797,-0.3347305502305,0.1054467523226,-0.1248157450880,-0.1219885082422,-0.1049023286421,0.6050763651975,0.0010238785716,0.0094284035512,-0.1765142761172,-0.1045121018352,-0.3242278420271,-0.2533916168144,-0.1025520536785,-0.1726578579056,-0.3279456945607,-0.2860788398421,0.0129131808499,-0.3680858853459,-0.2983668991199,0.1386076571127,-0.2769198126721,0.0063926124509,-0.3940045583701,0.1817419114425,-0.1183478865220,-0.3925374214167,0.0820646468383,-0.0909478589992,0.0014650944365,-0.2719988753219,-0.2605050395293,0.1075448650606,0.0614238194073,-0.1472750944698,-0.0312214371970,-0.1103573476122,0.5166267533343,0.5305011961537,0.0144953649410,0.2447130605982,-0.1251208520170
0.7599363854124,1.0000000000000,0.5485920049033,0.4528882819533,0.5276342217760,0.4624928983520,0.4462685904102,-0.0913121290527,-0.1436300820711,0.2025961495467,-0.0716749208995,-0.0676757122646,0.0040043755748,0.4353356910276,0.4754282066490,-0.0847817335500,-0.2672715775209,-0.3058374930664,-0.1845957623260,-0.4087991082913,-0.1172709517744,0.0654028590461,-0.1504646109018,-0.2311873336608,-0.3236660888135,-0.0525029096072,-0.1385259344008,0.0781969715898,0.1626619440476,0.1859360052690,-0.3074729138598,-0.1669444703375,-0.1816241125650,-0.0633548008966,0.2372304733030,0.0733872161511,-0.0134989167404,-0.2815278413255,0.0356299180593,0.0882306097141,0.3485181884951,0.1072854903894,-0.2443049890052,0.0281557305471,-0.2644562920903,-0.0760291537382,-0.0746184842995,0.2087269387587,0.3043829030852,0.2615253225292,0.6066471495611,0.8577017978234,0.5852006799745,0.5165314317071,0.3157166577650,0.5344166257827,0.1494768857848,-0.0496464637314,-0.2700426815959,-0.2538205839544,0.1409631649898,-0.1598151255062,-0.1022436499091,-0.0329624604355,0.5728512261545,-0.0896169636028,0.0380399413994,-0.1906353200250,-0.0259831316687,-0.3726058045856,-0.2759798867468,-0.1047405290722,-0.1412555637029,-0.2891742453968,-0.2391452559352,-0.1131014365218,-0.1937676690147,-0.0895672705461,0.2401704459522,-0.2685954915062,-0.0814676512458,-0.2310161473222,0.2529191771485,-0.2596502494302,-0.2778578435510,0.0728041503587,-0.0682920967205,-0.0066343731282,-0.2683488683244,-0.2172082476412,0.0472187401157,0.0161012973112,-0.1149602079807,0.0334645293109,0.0067804083137,0.3247810499752,0.4860669031888,-0.0285336714971,0.2488601770457,-0.1023824436488
0.4994553110200,0.5485920049033,1.0000000000000,0.7098241199113,0.7067156297311,0.8177669943086,0.7185602301586,0.2850675116335,0.0635843891756,0.4175193246451,0.2522333538555,0.3227738755730,0.3255182089914,-0.0353244796219,0.0079310093061,0.0169373381943,0.0036853751733,0.0254764174893,-0.3232573144894,-0.1236300736216,-0.0257401059342,0.2408421893308,-0.0010708106069,0.1349663578274,-0.1282730526829,-0.2874131490489,-0.0997052873846,0.2045251889057,-0.0385463884059,-0.0404917512519,-0.1656436633839,-0.2358029583872,-0.0821054395122,-0.2061951959624,0.3323800151550,0.2173771993616,0.0428705242380,0.0039837694974,0.1562947424626,0.1020038545332,0.1744895725297,0.1477669697301,-0.3210798255541,-0.0523700445803,-0.2162708317313,-0.1998690389912,-0.0037246688272,0.4814833651894,0.2173425298876,0.0726440496315,0.7829285018823,0.6564959242182,0.4796669150691,0.7857080384392,0.7081289226042,0.7461357863538,0.3128100635141,0.3082777464581,0.2458760698028,0.1169512399615,0.3938418058534,0.2144159317122,0.3452732379662,0.3768800289056,0.1272211476895,-0.2782682905092,0.0394170427584,0.1414983099918,-0.0095291410008,-0.1889824459855,0.0314713855649,0.2092394728786,0.1407526668497,-0.1181662076519,-0.3676287492674,-0.2293216687735,-0.2686096784545,0.0365427058076,0.0412060540786,-0.1606155994735,0.0016838119961,-0.0390561467447,-0.0522142613552,-0.3767517888491,-0.3357011121525,0.1058765406682,-0.0416187440944,0.0462136058363,-0.4264621216839,-0.3460361394989,0.1152203299248,-0.0008304016154,-0.1817034055490,0.0860469729005,-0.0854213299980,0.3743837945727,0.4150523873963,0.0412488219299,0.2067775709522,-0.2109769002513
0.4294921165403,0.4528882819533,0.7098241199113,1.0000000000000,0.6182442766184,0.6414374135290,0.8706124056086,0.1619564167241,0.1140040246007,0.2010146430876,0.0720489918350,0.0678809090697,0.1063454934749,0.0660505739763,0.2788565549054,0.2212401433459,0.0880361522123,0.0256419290579,-0.2405188434878,-0.0137318527470,0.0189867148543,0.0522803317999,-0.0926996208276,0.1988068153817,-0.0139822498685,-0.2622240611024,-0.1377596791478,0.1707793813089,0.0310714504777,0.0295631618583,-0.0274636923981,-0.2008804419170,0.0036646341755,-0.1946489857960,0.4658833675655,0.2469043112244,-0.1381019411006,0.0715389279702,0.1674339424358,0.1213742371769,0.1747771476930,0.0209211140335,-0.1741779749708,-0.0071214907327,-0.1721096809454,-0.1377518986347,0.0368883029994,0.4274541635801,0.3578616000273,0.0707564960922,0.7390604206554,0.6037535433718,0.7748801051636,0.6555220111685,0.6603326121818,0.8282328678736,0.1849752454470,0.1778259049106,0.3180309990922,0.1468939950292,0.1208200062493,0.1424839120836,0.0864200420061,0.1584342620235,0.2817125741751,-0.0510061240739,0.2415191828820,0.0994393375732,0.1040771209308,-0.0161573868018,0.0768934152011,-0.0029924564320,0.2027352669023,-0.1134302559841,-0.2487324233815,-0.2203499394325,-0.3084229622561,0.0935282239363,0.0682166011234,-0.0791252115886,0.0501225959493,0.0610013196447,-0.0465666645842,-0.2848513546011,-0.2498920738916,0.1017087213275,-0.0583961289822,0.1131891849031,-0.3254835404121,-0.2619469370946,0.1834098392979,0.0502221026207,-0.0877101167491,0.0598932518806,-0.0327136480670,0.4111677277329,0.4487386671090,0.0912529236769,0.0152830684597,-0.0133001043344
0.7852504747613,0.5276342217760,0.7067156297311,0.6182442766184,1.0000000000000,0.7705886181609,0.7405964124637,0.0950886673115,0.0305129851152,0.2232735776026,0.2710393219882,0.1937689878772,0.1424338309438,0.3175283738748,0.3367081903980,-0.0230346430741,-0.0342672149153,0.0259605328248,-0.1776847126033,-0.1425632799364,0.0499373031921,0.3341734613328,0.0891331928316,0.0616250552832,-0.1927594572216,-0.1262726996716,-0.2545418272013,0.0026716252060,0.0207091913971,0.0630727413731,-0.2115284475115,-0.1069205680794,-0.1871329083100,-0.1230587799412,0.3451554597999,0.1410891389293,0.0324949665529,-0.1405675214918,0.2183286480489,0.1066247988190,0.3335609110518,0.0810241768467,-0.1464881309664,-0.1098155951064,-0.2762824458944,-0.2386700063838,-0.0297353479113,0.5965119171595,0.5222626737357,0.2124251145932,0.8902117689907,0.5111890004242,0.5826741361155,0.6856774488156,0.8120429359119,0.7689218476144,0.2734709010552,0.0549581817832,-0.0168894601923,-0.0809436368455,0.2875255777582,0.1252545464841,0.1291117680199,0.1451743110584,0.4309600848172,-0.1122832358370,0.0886140972672,0.0568057238382,0.0080720575728,-0.1398721466816,-0.0221836630577,0.0782026507431,0.1098980199950,-0.2200183073136,-0.3583430298846,-0.0955348450211,-0.4423536967295,-0.1675934873380,0.0775027325479,-0.1870762892711,-0.0237839935408,-0.2945942674842,0.0340812186914,-0.2371208514538,-0.4135254771127,0.0343673998166,-0.0503156756745,0.0793992425797,-0.3847482713375,-0.3560982211398,0.1733907827682,0.0220482258842,-0.2321377816538,-0.0669141585983,-0.1503487378724,0.6545661104040,0.5530044624235,0.1158678153773,0.1770989487013,-0.1192931038393
0.4817962571777,0.4624928983520,0.8177669943086,0.6414374135290,0.7705886181609,1.0000000000000,0.7694888816175,0.2361153864040,0.1078687092127,0.4157289203023,0.3524503715555,0.3299617736868,0.3160473002348,0.0155307654325,0.1070670163023,0.0578413732265,0.0052167864622,0.0179762757879,-0.2702375592295,-0.0628359963471,0.1288617127844,0.3891484276100,0.1395397700253,0.1654466508864,-0.0435545162611,-0.2045895681655,0.0325932897057,0.1578170754062,0.0465277820193,0.0027314204082,-0.1040820789583,-0.1857827642560,-0.0464977216681,-0.1748394629655,0.4792581127830,0.2545631156831,0.1283638622566,-0.0767631011933,0.1636314478496,-0.0125425153278,0.1719470262647,0.0737259139340,-0.2658433689847,-0.1337205815361,-0.2316431543317,-0.1552887350676,0.0020459639368,0.6062053781072,0.2979910405016,0.1271754335355,0.7015652335286,0.4768150141314,0.4524304319177,0.8535353115942,0.8696411260692,0.7047665936669,0.3946102070471,0.2245879883749,0.1841902187633,0.1014893032374,0.4477673986854,0.2643810371022,0.3075197857795,0.3249330636430,0.1686064072761,-0.1910821406100,0.0999285176262,0.0833255974684,0.0365853495955,-0.1317106832668,0.1475913618859,0.2986914632487,0.3201738244278,0.0086276306567,-0.2919578012533,-0.1363535435597,-0.1641754646603,-0.0068333455520,0.0956257973664,-0.1345207744219,0.0032652090172,-0.0484562139158,-0.0374149271937,-0.3465570435074,-0.3069173017688,0.0602829754394,0.0827341338605,0.1492009259075,-0.3551055376722,-0.3280713361400,0.1571155026369,-0.0704570639451,-0.2257663577254,0.0338606657624,-0.0851796003184,0.5378331618480,0.4670637914964,0.0756589861817,0.2022530757107,-0.0091332219338
0.5057792499649,0.4462685904102,0.7185602301586,0.8706124056086,0.7405964124637,0.7694888816175,1.0000000000000,0.2381354769819,0.2295630219504,0.2017672723491,0.1348448063901,0.1050864692886,0.1442509278743,0.0678058961926,0.2264507156395,0.2480867943283,-0.0294531083345,0.0289680446877,-0.1226884437029,0.0281435889545,0.0092210584464,0.1808175317847,-0.0066883057103,0.0889618058833,0.0251190959494,-0.2004938918212,-0.1545810869826,0.0848568789410,-0.0648390940246,-0.0331960637532,-0.0886531363512,-0.1670317847982,-0.0839168721958,-0.1726917281647,0.6023383294076,0.3752041938916,-0.0112713050773,-0.0886445871518,0.1932316144352,0.0792425898677,0.1825378494538,-0.0376280010836,-0.2681270190496,-0.0843756406234,-0.1908130451521,-0.1908712439491,-0.0472643833088,0.5080797388861,0.3076660681497,0.0821502830314,0.7486532578101,0.5497219008714,0.6978364425885,0.7521241197014,0.7691911818519,0.9253527244726,0.3599587397139,0.2367275661885,0.2564412324186,0.2232656742197,0.2381299904360,0.0938989526581,0.0911647541395,0.1787353377178,0.2634504403168,-0.1164901785293,0.3431990806579,0.1032387241475,0.2250774917087,0.0284763374790,0.0880039001771,0.0560510494432,0.2772821555503,-0.0080886250988,-0.2328341296412,-0.1044123791007,-0.2967763179102,-0.0172109377929,0.0126029614729,-0.1159333760562,0.0690366725182,-0.0780718104960,-0.0221480352658,-0.2962220860755,-0.3027738754634,0.1167299471957,0.0132124462859,0.1751857720316,-0.3537423503766,-0.2961327946152,0.2073586139582,0.0317822801198,-0.1639398515333,0.0013464276003,-0.0196287925456,0.5372757342409,0.3821170670590,0.0708834624084,0.0821570885536,-0.0322963412257
-0.2036931562238,-0.0913121290527,0.2850675116335,0.1619564167241,0.0950886673115,0.2361153864040,0.2381354769819,1.0000000000000,0.6554981603467,0.4174248666380,0.5029261549270,0.5118813278680,0.7233584660050,-0.2926728824015,-0.2370675762975,0.1313228958800,0.5294613033505,0.5512655197442,0.0183724589813,0.5563197182191,0.1186191171059,0.2254576419978,0.1039922836028,0.1257260847089,0.3597395695748,-0.3191223467778,0.0178402932132,0.0868744317211,-0.0660954549495,-0.2016039496973,0.1026735546073,-0.2076901065117,0.1379168909126,-0.1035362860395,-0.0096216859021,0.1349155216197,-0.0741225996255,-0.0179355062748,-0.0974951307314,-0.1171994982577,-0.0578336516841,-0.0496478056980,-0.3128627101101,-0.1784917863956,-0.1001379401780,-0.2742015915720,-0.0031655257789,-0.0201249004253,-0.2179410454778,-0.0876590201243,0.0700416660262,0.0663819573477,-0.0196027509994,0.2831763803090,0.3318608010180,0.2374325730230,0.6585199919520,0.8860139878983,0.6029303424907,0.7394723538608,0.5154752818115,0.5269968732789,0.5574366174335,0.7500596626370,-0.1634478147452,-0.3051792126890,0.0619724025649,0.7432352955567,0.1300676093452,0.4976620232975,0.3431515365103,0.2268407441373,0.3000623903580,0.4122929708121,-0.0719888711180,-0.2506467224108,-0.0886775191727,0.1066411376098,-0.0901396862762,0.1945747029940,-0.2303571319583,0.1015535355401,-0.3137287619999,-0.2596139444275,-0.2447948937535,-0.2693688095309,-0.1362611353253,-0.1525627204624,-0.3032919630296,-0.2671411655525,-0.1341014257887,-0.2508288765553,-0.2398015283692,-0.1956667234687,-0.2284955434624,-0.0656265124590,-0.0356581655442,0.2298170272148,0.0835195361173,-0.0088820495669
-0.1085897716600,-0.1436300820711,0.0635843891756,0.1140040246007,0.0305129851152,0.1078687092127,0.2295630219504,0.6554981603467,1.0000000000000,0.3464747686507,0.2452792340045,0.3504292842845,0.4497383407515,-0.0208245147538,0.0092889815477,0.3678647992576,0.4248144130181,0.3827881484626,0.3911181350926,0.6714165135458,0.2520939638441,0.0796722420603,0.0805631769383,0.2035291494041,0.5108642694658,-0.1046517401554,0.1109075406176,-0.0305567551122,-0.1527973102503,-0.1595033381767,0.2100026662914,0.0402524894824,0.1771320872065,0.0872386360964,0.1575429212583,0.3503659332931,0.0385739186671,0.0028753115877,-0.0044443521607,-0.0851992676712,-0.0282281893228,-0.0150529571285,-0.0212365678197,0.0205974644118,0.0317775228903,-0.1372751818974,0.0675744353275,-0.0928157256955,-0.1043289474523,0.1226770753659,-0.0529315893022,-0.0540468026393,0.0314564492890,0.1629440934303,0.1409664613876,0.1672196137440,0.4555850187523,0.6116645820275,0.5358846333214,0.8533577762384,0.3498887345630,0.2620755467672,0.2779437060583,0.4560712392361,-0.0614324230061,-0.0198636623036,0.3497009273448,0.5024605493388,0.3437342420748,0.5633736419278,0.3226199568501,0.0821414501505,0.4097264522988,0.5626525003965,0.1205105941444,-0.1262275155071,-0.0768745848548,-0.1116566020324,-0.1855549369070,0.1914368859534,-0.0526512704562,0.0107915467628,-0.1504148448219,0.0632308917907,-0.1478443968130,-0.1845179897845,0.0520061493404,0.0710231566274,-0.0139585106546,-0.1521401555857,-0.0153323052292,-0.1951748983992,-0.0159078792427,-0.1157907522274,-0.1981302067594,-0.0421542174015,-0.1153268125905,0.0372981331203,0.0907380769218,0.0393378319499
0.1293440641410,0.2025961495467,0.4175193246451,0.2010146430876,0.2232735776026,0.4157289203023,0.2017672723491,0.4174248666380,0.3464747686507,1.0000000000000,0.4698923510353,0.7002559185582,0.5475470964321,0.1051467061514,0.1362052089645,-0.1382004680913,0.3977766971957,0.1245226952694,-0.2738493770576,0.1253862358726,0.3232509222208,0.3619793662085,0.1532753354647,0.3201929325174,0.1103413494442,-0.3285787385189,0.2328539362105,0.1699153522475,0.1590379319210,0.1144222370479,0.0339093621244,-0.2005175255347,0.1868848589742,0.1201783664988,-0.0172851517971,-0.1530285826634,0.0613558424673,-0.0014214200840,0.0099546337639,-0.1835958746303,0.1971411707349,0.4460303496702,-0.0545169510894,-0.0710504878531,-0.2430959560240,-0.2424769938791,0.2681435142657,0.0272133658601,0.0685030197124,0.3813603636566,0.1791136109026,0.2373280733583,-0.0711001980304,0.3400454128482,0.2795036376810,0.1275802722162,0.3495036106542,0.3619006231250,0.3636680246713,0.2895598479144,0.7379818443939,0.5050144844998,0.6883545481593,0.5135833312091,0.0782375439236,-0.1276767406734,-0.2093107328476,0.3403217822592,-0.2996636178610,-0.0071657803519,0.2341200402146,0.4971876674992,0.2913217235219,0.2359135034226,-0.1852251069034,-0.3478815182327,-0.0340867861266,0.0624166589305,0.1271639203967,0.0036108859811,-0.3112463590207,0.0530333004101,0.0142475718683,-0.1728890809332,-0.3555886108644,-0.2679516474848,0.0804438107995,-0.0480107203712,-0.1783896753788,-0.3208707414018,-0.0183408503178,-0.3841895546941,-0.1448575373383,0.0193025425895,-0.4094576768954,-0.0759736238033,0.2909968271491,0.0968961931049,0.5754543795111,0.0720985093369
0.0349001857385,-0.0716749208995,0.2522333538555,0.0720489918350,0.2710393219882,0.3524503715555,0.1348448063901,0.5029261549270,0.2452792340045,0.4698923510353,1.0000000000000,0.7316815625149,0.6826175109916,-0.1289759356879,-0.0611337410970,-0.1478739983621,0.5326940056545,0.4372553061487,-0.2672686055704,0.1856754503485,0.3399819243218,0.5482454867021,0.4117086820048,0.2333457372422,0.1097010735517,-0.2750013126354,0.1353444580706,-0.0009757379065,0.1611860395839,-0.1733009056030,0.0780648213531,-0.1532757347611,0.0961029992609,-0.1708499425502,0.0135386833907,-0.1482600926530,0.0865933013549,-0.1193267753481,0.0668242023899,-0.1170499974787,0.1385401827935,0.0151844517393,-0.1716144510298,-0.3698897499970,-0.2430348257505,-0.2369212281287,-0.1018453126826,0.2738661783317,0.1492694820590,0.0839117449058,0.1993817386100,0.0144038727666,-0.0704732561764,0.3023993610105,0.3933916006455,0.1146457580736,0.5093572962639,0.3972595210450,0.2512984533951,0.2716734007078,0.6162793904708,0.8064068858567,0.6915186233046,0.6347341036700,0.0024782131452,-0.0350035813009,-0.1873536738178,0.5337633459998,-0.1606783390801,0.1762027932511,0.4371228700535,0.4740600810948,0.3625741063309,0.2419413231886,-0.1328932589889,-0.1269086580235,0.0412929896663,-0.0227880884263,0.0453166053509,0.1827079545594,-0.1790645206041,0.1022960739733,-0.2359723855578,-0.1164711538094,-0.2548208792195,-0.2340772582779,0.0927518339817,0.0053850310667,-0.1891638562850,-0.2137809360265,0.0595164607567,-0.1878507214950,-0.2793175449221,-0.1609068603056,-0.2548018866105,0.2047395577575,0.3066280761296,0.3775003514721,0.2326360228842,0.2151492548445
0.0254501315898,-0.0676757122646,0.3227738755730,0.0678809090697,0.1937689878772,0.3299617736868,0.1050864692886,0.5118813278680,0.3504292842845,0.7002559185582,0.7316815625149,1.0000000000000,0.7844416752184,-0.1269250956789,-0.0567223661363,-0.1132138156993,0.5421044838834,0.3622528300114,-0.2107065936922,0.2725734296410,0.4027443594947,0.4125243614426,0.5084468533844,0.3123815923895,0.2410006491219,-0.1788465581566,0.2216507611170,0.0305275482536,0.0839826840052,-0.2220085675089,0.0713285574127,-0.0014637895554,0.2428705143344,-0.0090561103644,-0.0579174689428,-0.1399743458506,0.1117134567626,-0.0540609400514,-0.0048062450295,-0.2077263483139,0.0147039335076,0.2719968501878,-0.0711338739143,-0.2056174385727,-0.1650405234987,-0.1689974488706,0.1076327626504,0.1107406535135,-0.0362594968397,0.2544381338198,0.1134787999776,0.0363614419603,-0.1578654390532,0.2645082108049,0.2522109545293,0.0653463274586,0.5230020538170,0.3989638379868,0.3323064620823,0.3281491577893,0.7006942484501,0.6766877356528,0.8559816963384,0.6869756054398,-0.0672065377902,-0.1126487218589,-0.2296852753834,0.4871022894996,-0.2500709892089,0.1523932150570,0.4249634495027,0.6329753377386,0.3470592170640,0.3316579566793,-0.1697035257292,-0.1766644471977,0.0430768347055,-0.0611988485109,-0.0664916987443,0.0820976934140,-0.1889324408567,0.1407868236226,-0.2751770573953,-0.1105414570381,-0.3153660858579,-0.2688525957407,0.0348461346683,-0.0700165252141,-0.1313014212464,-0.3239995566371,-0.0461800520636,-0.3400669240285,-0.2237490424084,-0.0873115809826,-0.3220975423598,0.0015053576903,0.1618282036117,0.1819884694591,0.4118850274321,0.1804501896553
-0.0273271515162,0.0040043755748,0.3255182089914,0.1063454934749,0.1424338309438,0.3160473002348,0.1442509278743,0.7233584660050,0.4497383407515,0.5475470964321,0.6826175109916,0.7844416752184,1.0000000000000,-0.2072485400424,-0.0633291993357,-0.0067006197594,0.5563025183408,0.3582059845587,-0.0862992562802,0.3672819188068,0.3188379354055,0.3041928588111,0.3707313861320,0.1539804281649,0.3523397219888,-0.2155152606472,0.1793200977473,-0.0006061858697,0.0860854502156,-0.3084454412346,0.0549527808912,-0.0755666618611,0.2344817483183,-0.0555215965439,-0.0212122867208,-0.0215954192071,0.0159130775730,-0.1401571095571,-0.1190335619410,-0.2791351715782,0.0005586439980,0.0742318085914,-0.1871717078175,-0.2689677153850,-0.1691624631028,-0.2163893588592,0.0200852779704,0.0478839767291,-0.1503482452769,0.1516298092271,0.0806973154696,0.1493049661924,-0.0484309230877,0.3321698045927,0.2775356664553,0.1414617906472,0.7373907003414,0.6442834632131,0.3246516370465,0.4759623309300,0.6288004897521,0.6503915847915,0.7694922401936,0.9112064905699,-0.0642838943042,-0.1689736452951,-0.0831908160386,0.5764466454900,-0.0519855856438,0.2684178912066,0.3638447836324,0.4317280431930,0.3244626791386,0.4022220407434,-0.1060979019183,-0.1816996641429,0.0456333011209,-0.0608181914508,-0.0851503890856,0.0712637683445,-0.2103726449299,0.1702785281730,-0.3672030059569,-0.1880863396765,-0.2731085402847,-0.3026287198267,-0.0629518980977,-0.1077985971092,-0.1672196308723,-0.3314585480072,-0.1358685391859,-0.3810062371914,-0.2669126886449,-0.2075986179035,-0.2431614206837,-0.0158063152709,0.0953506562159,0.3114232169412,0.2643910099084,0.2107674535366
0.6207353322785,0.4353356910276,-0.0353244796219,0.0660505739763,0.3175283738748,0.0155307654325,0.0678058961926,-0.2926728824015,-0.0208245147538,0.1051467061514,-0.1289759356879,-0.1269250956789,-0.2072485400424,1.0000000000000,0.6222877407849,0.1419956025740,-0.0473227223267,-0.0350554144332,0.2276777714084,-0.2001237729916,0.1717494271056,0.0966395442146,-0.0785122220501,-0.1035388864471,-0.2247230030186,0.2924779170630,-0.0645899200462,-0.0090404499626,0.2753686051398,0.4513749382413,0.1045300265624,0.3568871978129,0.1800061600177,0.1291228768305,0.0250789339012,0.0039496367716,-0.0598037361442,-0.2017325494889,0.0193554142086,0.0777777513074,0.4255657931534,0.2517763072860,0.2034320384851,0.0604764991065,0.0608760214920,0.0008326249526,0.1539673038160,0.0817079391850,0.5454379174157,0.4932714676494,0.2078135892885,0.2027524841603,0.2185302499482,0.0219399324609,-0.0217447287834,0.0636436233272,-0.1025008051864,-0.3583243342279,-0.3642753969911,-0.3714853462065,-0.0303292840700,-0.2292969546016,-0.2589489609725,-0.3099536819877,0.6151675424870,0.1266750872128,0.0514581195259,-0.1869695214012,-0.0482329794483,-0.1896762629029,-0.2344264071834,-0.1230479957536,-0.2478167953558,-0.2728943794624,0.0542544110289,-0.0031311682655,-0.2782115397033,-0.2031847884594,0.2319770439321,-0.0011713956993,0.0700948138309,-0.2515327884896,0.4116788883946,0.0651816766878,-0.2430870161927,0.0710230100688,-0.0603701232626,-0.0595538370900,-0.1096085690255,-0.0833873992518,0.0575041675753,-0.0219314140708,-0.1811175843695,0.1001899027653,-0.1502087881807,0.3025695693802,0.3640450366530,-0.0082463154623,0.2130739680313,-0.0854699798961
0.5871975694432,0.4754282066490,0.0079310093061,0.2788565549054,0.3367081903980,0.1070670163023,0.2264507156395,-0.2370675762975,0.0092889815477,0.1362052089645,-0.0611337410970,-0.0567223661363,-0.0633291993357,0.6222877407849,1.0000000000000,-0.0418340268374,0.0584165093260,-0.2456637918776,0.0451967703133,-0.1836028793838,0.1530594900791,-0.1193455253360,-0.1148121172596,-0.0184016676760,-0.1878266639164,0.0602482087997,-0.1015446845922,-0.1198610878848,0.2156844022756,0.1879283516152,-0.1263070327571,0.1022649066167,-0.0365233363855,0.1226382764066,0.1389837820958,-0.1141139421070,-0.0102152859352,0.0190833786343,0.2930072015094,0.1238822953477,0.3659802694178,0.2114392657108,0.3909451918260,0.2317724537492,-0.0485281114445,-0.0544210893007,0.0780823372688,0.1475470361176,0.4423441332742,0.6478889885398,0.2520303550482,0.3736375887361,0.4232520000711,0.1672404396964,0.0843106604843,0.2300204687203,-0.0486011552809,-0.2704039065660,-0.2708842744112,-0.2327005063790,-0.0440760357450,-0.1045278547215,-0.2008052146083,-0.1487636739270,0.7310366017189,0.4504056556725,0.0119743220755,-0.1802085406415,-0.1350731412001,-0.1906547300607,-0.2131011701333,-0.2731488310288,-0.0550799133178,-0.2760336536020,-0.2007793485958,-0.0667816907844,-0.2502901330636,-0.2246105023451,0.1076539223563,-0.2814404230620,-0.1055279116439,-0.2395833008554,0.1980762991838,0.1203684334103,-0.1678678319284,-0.2173864596768,-0.0077712895174,0.1365704048678,0.0708070245175,-0.0903166595795,0.2465547610570,0.0048369523018,0.1133549241025,-0.1145357050750,-0.1932507726812,0.2751215777833,0.3965907489269,0.0554862660125,0.1750179468942,0.2070045350136
-0.1073961860772,-0.0847817335500,0.0169373381943,0.2212401433459,-0.0230346430741,0.0578413732265,0.2480867943283,0.1313228958800,0.3678647992576,-0.1382004680913,-0.1478739983621,-0.1132138156993,-0.0067006197594,0.1419956025740,-0.0418340268374,1.0000000000000,0.0354396415168,0.3584695730033,0.6883307549513,0.3488278029995,0.0723009258891,-0.0398859997102,-0.0898943588509,0.0214824047776,0.2498487970816,0.2242841559902,0.0378482005647,-0.0424600344651,-0.2214607312291,-0.1046739489560,0.5799059844210,0.4966636499129,0.4973928464362,-0.0732154397306,0.3438968857101,0.7592736674266,-0.0855814242179,0.0206964419073,-0.0979500370257,-0.1745067749512,-0.2650625856863,-0.2707004643602,0.1074897482263,-0.0840399813204,0.5822960740326,-0.0466119752346,-0.0696341481380,0.0221959353108,0.0440290590760,-0.0675798398296,-0.0512358212523,-0.0546504160673,0.2803577532681,0.0475832759805,0.0454124933791,0.1555984527993,0.1676261013518,0.1409336056618,0.1878838996456,0.2900894377991,-0.0402357774938,-0.1949836395787,-0.1637661744504,-0.0225781328227,0.0270376248134,0.0192155154227,0.7944907135143,0.0964799789527,0.7221247854386,0.3400275609670,0.1119484469673,-0.0480818502033,0.1333310365227,0.1788283756792,0.4915519397721,0.1511663541003,0.0291219760915,-0.1542554440383,-0.2383162464134,0.5055494298138,0.3971265798107,0.3865816193487,-0.0684884623282,0.2843663316098,0.2490465522465,0.1222375653051,-0.0061249152230,0.1529197514516,0.0954639008032,0.2149224421668,0.0210432164750,-0.1263355634381,-0.2261138682184,0.0500832061086,0.0446598535806,0.1398877700516,-0.0798889636744,-0.2116466383800,-0.2705792118771,-0.0651981385594
-0.1661279316509,-0.2672715775209,0.0036853751733,0.0880361522123,-0.0342672149153,0.0052167864622,-0.0294531083345,0.5294613033505,0.4248144130181,0.3977766971957,0.5326940056545,0.5421044838834,0.5563025183408,-0.0473227223267,0.0584165093260,0.0354396415168,1.0000000000000,0.6719589462143,0.0267143415176,0.5461224780406,0.5604568940591,0.1675969160257,0.2073230941019,0.3726783805640,0.4149016190496,-0.2267103158591,0.2505831925010,0.0651532754793,0.1705249538942,-0.0753185063801,0.4247788322702,-0.0217874063190,0.4242343274479,0.0291493404753,-0.1779828745603,-0.1358128024276,-0.0559005572392,0.1825943565692,0.0217046929137,-0.1174187031014,0.0389221932254,0.0306596278683,0.1755706121776,-0.1914911244916,-0.0549646016278,-0.1456020996612,0.2084341954704,-0.0286479380203,0.0858883249389,0.0890139458307,-0.0596441337718,-0.1093422440287,-0.0954090942851,0.0807806631131,0.1352321469027,-0.0688885238855,0.2537861063089,0.4307932455421,0.4060844622855,0.4050759299701,0.2975599203638,0.6856661890498,0.4740874738088,0.4833336602127,-0.1047124940851,0.1108606956903,-0.1499327869787,0.6887300195002,-0.1672163276185,0.4405918920892,0.5199907829267,0.2601703409117,0.2921266556897,0.3667904358454,0.0800514360779,-0.3051676758938,0.0057783960587,0.0688864007748,-0.0794868939595,0.3348078018617,-0.2235917864245,0.2075227330312,-0.3772592546985,0.0235177868730,-0.2822478669427,-0.3198546688757,0.0153672322445,-0.1143787482495,-0.0288392610503,-0.1666171732811,0.0097583382792,-0.3117535251345,-0.2053131481962,-0.1212975453961,-0.3641617683598,-0.0639130705674,0.0974174442128,0.3172801934915,0.0060918894864,0.2192309929965
-0.2121487850236,-0.3058374930664,0.0254764174893,0.0256419290579,0.0259605328248,0.0179762757879,0.0289680446877,0.5512655197442,0.3827881484626,0.1245226952694,0.4372553061487,0.3622528300114,0.3582059845587,-0.0350554144332,-0.2456637918776,0.3584695730033,0.6719589462143,1.0000000000000,0.2485597055761,0.6633451386083,0.3842821864264,0.2366771306586,0.2156552752999,0.3406119124799,0.3422926890322,-0.0756767355010,0.0880812363384,-0.0320468511671,-0.1504177611490,-0.1429701905232,0.5455645150637,0.1455554768648,0.4772162560144,-0.1450232740402,-0.0038700764498,0.1828384952664,-0.0750365813126,0.0492665590323,-0.0874047075343,-0.2006649736505,-0.1792399376814,-0.1407016645089,-0.0589081581096,-0.3740326462307,0.1339983703090,-0.1947991507028,-0.0032187933840,0.0703897392258,0.0442481015644,-0.1656624960557,-0.0309956780118,-0.1931913634662,-0.0248876783958,0.0080868145760,0.1987409025727,0.0002128019934,0.3158798108586,0.4630047721842,0.4720104296543,0.3989486889352,0.2372980800388,0.4322094428795,0.3172872243227,0.3594365105752,-0.1092828572309,-0.0865098553607,0.1144804234593,0.7176817310814,0.1782588871714,0.6185201662998,0.5488831149599,0.2691385186646,0.3468511940728,0.3565645178132,0.2961110999607,-0.1747864921512,0.0277617141583,-0.0210005972185,-0.2008601286398,0.6350981058194,0.0349400426044,0.3461918149887,-0.3310419133738,0.0119390538789,-0.1206008387572,-0.1893198225783,-0.0395377652583,-0.0749923122293,-0.1132059312660,-0.1030282753905,-0.0061741388740,-0.2606041971381,-0.3900843258742,-0.1296240817251,-0.2024451497655,0.1032919724678,-0.0094230583293,0.0719223687028,-0.1559266616534,0.0673318878141
-0.0819710325713,-0.1845957623260,-0.3232573144894,-0.2405188434878,-0.1776847126033,-0.2702375592295,-0.1226884437029,0.0183724589813,0.3911181350926,-0.2738493770576,-0.2672686055704,-0.2107065936922,-0.0862992562802,0.2276777714084,0.0451967703133,0.6883307549513,0.0267143415176,0.2485597055761,1.0000000000000,0.4020079596033,0.1101306564117,-0.1762699695819,-0.0716218326561,-0.1422868430711,0.2261966531890,0.3812174608119,0.0325447525397,-0.3018314091745,-0.2616045785017,-0.2017429279655,0.3444513213200,0.5414247786522,0.3090476266869,0.1718336715584,0.0788332318457,0.5841971347976,0.0357488558189,-0.0705440740121,-0.0913391039686,-0.1729322580742,-0.2527071273803,-0.3021206297244,0.3014826478451,0.0386101657212,0.4925249961729,0.0102958793407,-0.0757141441746,-0.2284455093397,-0.1330510522483,0.0241603729615,-0.2861199626289,-0.2292155776153,0.0136732760761,-0.1734427656551,-0.2662808318018,-0.1198454206120,0.0194302817156,-0.0027528094153,-0.0783797590382,0.2055042247795,-0.1658077534698,-0.3653208045825,-0.3310650375303,-0.1410017833151,0.0355644945364,0.1178495834980,0.6466831936885,0.0209074208291,0.6920253343365,0.3435330233171,0.0069399731869,-0.2364636290012,-0.0327017832722,0.1848035035775,0.4988980027081,0.1827707347999,0.0441808596334,-0.3909571119569,-0.3618806548956,0.2842123243942,0.2187722340822,0.0347911942106,-0.0879546057900,0.3953059619102,0.1302895418849,-0.0630722643815,-0.0430973622775,0.0497373883871,0.2748374812367,0.2136521542124,-0.0885664635006,-0.1526508511413,-0.0939462271965,-0.1476205452892,-0.0257445278300,-0.0462781333897,-0.2607642621142,-0.2382251826503,-0.2633076224286,-0.0319398806397
-0.3522760408671,-0.4087991082913,-0.1236300736216,-0.0137318527470,-0.1425632799364,-0.0628359963471,0.0281435889545,0.5563197182191,0.6714165135458,0.1253862358726,0.1856754503485,0.2725734296410,0.3672819188068,-0.2001237729916,-0.1836028793838,0.3488278029995,0.5461224780406,0.6633451386083,0.4020079596033,1.0000000000000,0.4390145622146,0.0049275596283,0.3140077031444,0.3626794658122,0.6749274392744,0.0244271303216,0.2515699908010,-0.1089771290018,-0.2486703442769,-0.2882215279484,0.4227658154376,0.2045270817332,0.4140370826115,-0.0181559930043,0.0294016913047,0.2481356704458,-0.1218986532898,0.1086732202343,-0.1632976569719,-0.2431962120472,-0.3091129588409,-0.2031368217746,0.0678558817686,-0.1733187863409,0.1858564597723,-0.0953510404342,0.0415280047186,-0.1170126865635,-0.2323202895594,-0.1058329112738,-0.2410509740998,-0.2675204675717,-0.0471620346385,-0.0473802177244,0.0852559871232,-0.0432913571304,0.3737769064209,0.5148489412834,0.5447277857636,0.6863888159181,0.1547426371727,0.2810352559892,0.2366135548863,0.3753310509408,-0.1970058340072,0.0081392332338,0.2109130084428,0.5882526318008,0.2536538645529,0.8339066049965,0.5858384688147,0.1736611170137,0.4940317543263,0.6722940244533,0.3390940768133,-0.0674478535117,0.1565506061448,-0.0670310256775,-0.3170848686934,0.4506644224605,0.0217814606401,0.2742244976605,-0.4767740644929,0.0467738664299,-0.0624334385398,-0.2891863580460,-0.1094972737198,-0.1050686125416,0.0684042838959,-0.1276080559699,-0.1320068885250,-0.3175357191199,-0.1742948913482,-0.2821108222936,-0.2343082473235,-0.1102541386825,-0.2832026909847,-0.0135524994413,-0.1921023214693,0.2699575816978
0.0046660280376,-0.1172709517744,-0.0257401059342,0.0189867148543,0.0499373031921,0.1288617127844,0.0092210584464,0.1186191171059,0.2520939638441,0.3232509222208,0.3399819243218,0.4027443594947,0.3188379354055,0.1717494271056,0.1530594900791,0.0723009258891,0.5604568940591,0.3842821864264,0.1101306564117,0.4390145622146,1.0000000000000,0.3880774929255,0.4987159418830,0.4053903705479,0.4503229714169,0.0820396923374,0.3954192842843,0.0572018871083,0.1800755380243,0.0624477511855,0.4622334524337,0.2463647791084,0.4950836483779,0.0190685254882,0.1422960323716,-0.0614627187690,0.1494550604235,-0.0698239568410,-0.0978876270997,-0.2971851001953,0.0014835044150,0.0746831238806,0.2797555595523,-0.2065663918934,-0.0425701459979,0.1005003922491,0.2643350557020,0.0708231271729,0.0624770285838,0.3281989667398,-0.0668899127008,-0.0936121009526,-0.0733128148704,0.0750517094288,0.1621259533610,-0.0817035764449,0.2427724582554,0.0599525820562,0.0930153146822,0.1106576273456,0.3073809080167,0.4238977815797,0.3000112072376,0.1797959829450,-0.0285121200978,0.0401696964506,-0.1623575378508,0.2168521874279,-0.1644968747785,0.2198149389249,0.6631911194847,0.4780913988059,0.3958888462512,0.4237702384590,0.2951105912532,-0.1922465971800,0.1187073643765,-0.0943819839425,-0.0038923567176,0.1768291748811,0.0591293654715,0.1446821472470,-0.2759100889766,-0.0698136006213,-0.2695692188614,-0.1041506080242,0.1647408455740,0.0301071767286,0.1146333092697,-0.3547594546716,-0.0917329712880,-0.3853981958590,-0.2091268067186,-0.0236411339669,-0.0702871635406,0.1364898636243,0.0072307073603,0.2192933026240,0.1537704817571,0.5002531603957
0.1150323600118,0.0654028590461,0.2408421893308,0.0522803317999,0.3341734613328,0.3891484276100,0.1808175317847,0.2254576419978,0.0796722420603,0.3619793662085,0.5482454867021,0.4125243614426,0.3041928588111,0.0966395442146,-0.1193455253360,-0.0398859997102,0.1675969160257,0.2366771306586,-0.1762699695819,0.0049275596283,0.3880774929255,1.0000000000000,0.3961258702910,0.1892713014045,0.1061016185255,-0.0883306904956,0.1680101250123,0.1691142728017,0.2024540836589,0.2240367027068,0.1365143982303,-0.0910529140806,0.1201326514925,0.0454661544598,0.1856705341509,-0.0103814395300,0.2552708560967,-0.2500606677505,-0.0256566015697,-0.1637013737287,0.3112972765545,0.1458602463733,-0.1930356849801,-0.3660673374540,-0.2752950850792,0.0754450948261,0.1351682519333,0.2977665967931,0.2687531362494,0.0881889264670,0.2075207279530,0.0000487949067,-0.0870089294517,0.2268022515961,0.4234491821042,0.1066750215409,0.3882738698342,0.1834762895110,0.0320036923380,0.0179215835566,0.5883716589101,0.4293623246702,0.4069816131728,0.2420915557978,-0.0504072339746,-0.2369051359529,-0.1293159888874,0.1652933505952,-0.0786588279708,0.0013266713983,0.3296495637489,0.6108723168323,0.3163911472233,0.1718648152239,0.0041255739616,-0.1891227508838,0.0205303062271,0.0291122985971,0.1967831791231,0.0955579839131,-0.0700602675789,-0.0067427397347,0.1054059637973,-0.1942006011067,-0.2849014623111,0.0330541930988,0.2488054623075,0.0674374245078,-0.1882325681724,-0.3034620496914,0.0213655188353,-0.1695504486741,-0.3733614855340,0.2441770850126,0.0724240372069,0.3190937956884,0.1728678410627,0.4635900251071,0.3764127664569,0.1430244997948
-0.0141796340993,-0.1504646109018,-0.0010708106069,-0.0926996208276,0.0891331928316,0.1395397700253,-0.0066883057103,0.1039922836028,0.0805631769383,0.1532753354647,0.4117086820048,0.5084468533844,0.3707313861320,-0.0785122220501,-0.1148121172596,-0.0898943588509,0.2073230941019,0.2156552752999,-0.0716218326561,0.3140077031444,0.4987159418830,0.3961258702910,1.0000000000000,0.1848155424418,0.3539442113647,0.3273897358877,0.3935971177508,-0.1768153304996,-0.0150347155801,-0.3489194836426,0.1043366109911,0.3474189785802,0.3471958291708,-0.0188793665088,0.0584794745705,-0.1066649666648,0.0862269045101,-0.3359937793177,-0.3289745770464,-0.3420773084586,-0.1860774687371,-0.0075491136353,-0.0914683616584,-0.3418219998176,-0.1424834855550,0.2501665511970,0.0110808630179,0.0097427601991,-0.1572845164158,0.1119265312015,-0.0386926468000,-0.0957041124134,-0.0865949401643,0.0332087970488,0.1368774120761,-0.0603233798876,0.4007618101200,0.0352460135991,0.0114042528263,0.0608705028909,0.3204954123958,0.3353092065392,0.3873720127113,0.2473568369593,-0.0303425838757,-0.1606848872752,-0.1645292893242,0.1184529293392,-0.1278097670985,0.2375877000293,0.4741002946443,0.6858422416399,0.3689975866434,0.4650323587502,0.1818971149581,0.1923676750890,0.3893409757200,-0.1888454099549,-0.0926779767486,0.0691280206433,0.1434627631575,0.2414215341480,-0.3373943326277,-0.1397991809106,-0.1668318382592,-0.0296890421006,-0.0010925130986,-0.1272180163430,0.0520946589952,-0.3400775040915,-0.3091761148509,-0.3095381642146,-0.2602220952770,-0.0861789071717,0.0652600086040,0.0111830485780,-0.0673887301761,0.0987286226815,0.2185551885008,0.4871410473255
-0.1689163589739,-0.2311873336608,0.1349663578274,0.1988068153817,0.0616250552832,0.1654466508864,0.0889618058833,0.1257260847089,0.2035291494041,0.3201929325174,0.2333457372422,0.3123815923895,0.1539804281649,-0.1035388864471,-0.0184016676760,0.0214824047776,0.3726783805640,0.3406119124799,-0.1422868430711,0.3626794658122,0.4053903705479,0.1892713014045,0.1848155424418,1.0000000000000,0.2930964419532,-0.2020921420416,0.2586072235181,0.1929193794661,-0.0753469790611,0.0856948718800,0.3972620013124,-0.0665956850430,0.2402060436311,0.1336740427671,0.2057333231637,0.0012249151696,0.2668498244407,0.3753667985235,0.1759131836613,-0.1467598059142,-0.0858342255055,0.2716638156644,0.3386898092922,-0.0724885570562,-0.0640098381396,-0.0188027038947,0.3678656689590,0.2053955795140,0.1602465399838,0.1497863361119,0.0411506579367,-0.1213543103318,-0.0251056041313,-0.0340622779800,0.2407320240085,-0.0639882885409,-0.0611536966459,0.0966408020208,0.4641146685648,0.2133141584206,0.0945615392040,0.3624272320164,0.3370772545317,0.1642549882173,-0.1063198788864,0.2328713648548,-0.0844003587294,0.1484402022683,-0.1523379053525,0.1327248896567,0.3292502833394,0.3305403204276,0.6120921401514,0.2291280940084,0.0472734720621,-0.2719435612638,0.0782297172379,0.1626697791272,-0.0508781423744,0.2184143787186,-0.0717391771919,0.1539997164411,-0.1582879050749,0.0996516095262,-0.0792247561868,-0.1374027079129,0.3572811186753,0.3230475986423,0.2047007916832,-0.1986891954387,0.2163395903195,-0.2220150001321,0.0467612332394,0.0288374533377,-0.2702609164014,0.0568162377264,0.0555318138925,0.1329383557631,0.1044484354637,0.2862543689648
