1.0000000000000,0.6158978154631,0.7259424626522,0.5371265922636,0.7915508038885,0.5637655549282,0.4534593992690,0.2365042246426,0.0798122590726,0.2797496733700,-0.0074739467662,0.1345858737221,0.0914295014663,0.7373088667661,0.2116334733745,0.0302525457376,0.0757601620167,0.0885452045371,-0.0170846708509,-0.1309547417802,-0.1268216170563,-0.1082516929931,-0.0978501063504,-0.0161114006803,-0.0527908825996,-0.1978287573704,-0.1704688842924,-0.2828867649185,-0.3323543567693,-0.2624046346002,-0.2248494877123,-0.0756958233484,-0.1871341135749,-0.2703248957979,-0.0097255987829,0.1102284187073,-0.2477448702167,-0.2197643502338,-0.1356295352168,-0.2928110567954,-0.1171655625146,0.1752857605724,-0.3242806998076,-0.2144915045860,-0.3833684003781,0.1989292424630,-0.1994802083337,-0.0306129145633,-0.1784652734756,-0.0105435897836,0.8178388068047,0.7079639212890,0.4129768952644,0.6875265218714,0.5186185132498,0.5385255640247,0.0501671845474,0.1395947433372,0.1004046786439,0.1791941516096,0.4503723951345,0.1469984559492,0.3878521310672,0.1469143065679,0.6410522994519,-0.0430156366393,0.1647711160106,-0.0061147281908,0.3367779850436,0.0535693519151,-0.0678038022254,0.0634102403401,0.0360849530377,0.1478563488818,-0.1785038313600,-0.0735287074400,-0.2824107263015,-0.2881474043875,-0.2268013442358,0.0113877603152,-0.1159082502121,-0.1086647503642,-0.1166744459822,-0.3001079705032,-0.4125278736505,-0.0820941805354,-0.2727905217344,0.1171297691425,-0.3105086584616,-0.3081947477208,-0.2953366156404,-0.2395092290492,-0.2304462895118,0.0924123999961,-0.0152874010327,0.1039025613059,-0.0907671787404,0.0531934074574,0.3262367068849,-0.0913677720286
0.6158978154631,1.0000000000000,0.6433664816943,0.5530763491673,0.3454378394178,0.4560539543819,0.4110546257129,0.2895295218528,0.0241431617102,0.3871502889876,0.3174491512850,0.3392395739490,0.3000994267485,0.6403560301593,0.3519997195170,-0.0149686077109,0.1628968817855,-0.0519454663004,0.0439836690779,-0.1272908082896,-0.0639915439106,0.1082010652374,-0.0704200928254,-0.0229933790375,-0.0927897263377,-0.2388819050095,-0.1756494838685,-0.2620343682595,-0.0226735448263,-0.3893676314609,-0.2073015263894,0.0338412093318,0.0238669203930,-0.2545356835197,-0.0315978944476,0.1229479338512,-0.2999435562577,-0.0867005332051,-0.1349860632066,-0.4070266934683,-0.2758408109855,-0.1686900688010,-0.4551440051137,-0.1117123847724,-0.2586359132522,0.1119849805263,-0.2597991373206,-0.1501309195698,-0.1802049706177,-0.0762250720791,0.3813838157750,0.8220698637525,0.6144108702905,0.5788245156881,0.4465133921320,0.5372098989945,0.1483563143207,0.2628087572932,0.0662500213063,0.1767238797996,0.3711680485159,0.2220745081791,0.4697827282002,0.3998363964388,0.6103900297696,0.2056979882808,0.3143905102154,0.1229762840127,0.2978114292798,0.0481236175723,0.3025791546281,0.0993937015770,0.0472955190037,0.1580717769229,0.0554481305734,-0.1081721633252,-0.0691071641280,-0.2933437232519,-0.0325292988672,0.1057948558746,-0.2689521825327,0.2619467687455,-0.0874545723849,-0.0377726724554,-0.1811634522345,-0.0089309200847,-0.3126305445096,0.1083464318021,-0.0395838333541,-0.0097734997135,-0.2171121329666,-0.2055701449676,-0.0492179039457,-0.2895260935743,0.1006231800194,0.0321480898482,0.0586498474887,0.1223583744628,0.1712363019086,0.0491240956958
0.7259424626522,0.6433664816943,1.0000000000000,0.4810212347629,0.5753970452291,0.7462646172770,0.4177841596871,0.2861459321768,0.1364651185785,0.1465272321325,-0.0058700461582,0.0717695884368,0.2089343415834,0.4797409042846,0.1253184416023,0.0824443563154,0.1252015327407,0.0574850445798,0.0432150135724,-0.0632353195606,-0.2491306234558,-0.0362407536369,-0.1773723044889,-0.0651722920796,0.1148671605110,-0.2055549074033,-0.2062272071432,-0.2156286686120,-0.2090092511360,-0.2506118301793,-0.0508944004099,0.0149375045374,-0.0388308634541,-0.1949472768037,-0.0353227200713,0.1434676562709,-0.2801369663389,-0.1202272955952,-0.0813237863799,-0.3319658638427,-0.1674051581809,0.0674471040234,-0.3300407086717,-0.0858876632323,-0.2802249307686,0.2643445699511,-0.1624223563764,0.0402420074644,-0.2263087475081,-0.0239337346777,0.4885166397094,0.7651806425138,0.4462001969237,0.8835337127090,0.5387010974778,0.5339337293242,0.1418394220073,0.2550948365500,0.1309820973339,0.2461096558656,0.3229962123458,0.1245864295861,0.2746011447129,0.2449429092376,0.4797642700085,0.0574059580382,0.2678325364474,-0.0697714287695,0.2926881755865,0.1380801286365,-0.0981804331793,0.0625556699432,0.0160056148680,0.2328897447654,-0.0793552665203,-0.0442982749202,-0.2162918132403,-0.2296567486221,-0.1270952700221,0.1020073670678,-0.2369977810701,-0.0457207435954,-0.0902584120485,-0.1542987701685,-0.3156680798994,-0.0262216304249,-0.3905742228784,0.0151703366314,-0.1702490116943,-0.1540728707968,-0.2468987273222,-0.3106624084998,-0.0225727907481,-0.0791716925192,-0.0752863978142,0.1809116049950,-0.1615218719945,0.0398701330105,0.1735076733844,-0.1871157305590
0.5371265922636,0.5530763491673,0.4810212347629,1.0000000000000,0.5306774053466,0.5123268081201,0.8481656665269,0.3271340945464,0.2787613501224,0.4636812408238,0.4128649475405,0.3663094976794,0.2824463261772,0.4475387951840,0.5365969747214,0.2425708425833,0.2671372630112,0.2069100885863,0.2738418006528,0.0586351188630,0.1454636623178,0.0885411817480,0.0346992790219,0.2949773541080,-0.1438460402825,-0.2560987136765,0.0400044792459,-0.4343168895980,-0.0862317206511,-0.3805427977493,-0.0802844793766,-0.1864898584338,-0.0417449904957,-0.3770659682463,0.0111245886725,0.2164608788052,-0.2682148495769,-0.2276331715014,-0.1523056505947,-0.2711357491423,-0.1643752543862,-0.0652095016621,-0.1469929860247,-0.2495985663691,-0.4067975937236,0.0497116237364,-0.3893801029342,-0.0386034120951,-0.1440537098865,0.1075394158531,0.4229586011603,0.5690625382700,0.7568915981645,0.5120734454388,0.5206699166727,0.7274959480271,0.1796971899004,0.2525423094122,0.4560211258304,0.2286128359827,0.3090547428754,0.4177934086471,0.3547966402772,0.3845633274407,0.4336117162964,0.0260680372112,0.4150107225857,0.3779025674331,0.3554969196604,0.2416573531046,0.1557678104214,0.0461175129600,0.1990047937924,0.0661150104915,-0.1751890670190,-0.2497506752414,-0.0332546664736,-0.3208616717659,-0.2970309633146,0.2633900408378,-0.2536290572243,0.0576470034962,-0.4467006988609,-0.1598494326403,-0.3357158041666,-0.3667159347207,-0.2305046467798,0.1623926507731,-0.2433006574679,-0.2609845785782,-0.2350206674259,-0.2042612025162,-0.2794918421801,-0.1205632715189,-0.1859863688764,0.0361227579257,-0.2380956036342,-0.0527791189617,0.1050219545584,-0.0969473488841
0.7915508038885,0.3454378394178,0.5753970452291,0.5306774053466,1.0000000000000,0.6619307716071,0.5450484045211,0.4049125862038,0.2282678817121,0.2370244219875,-0.0668388947924,-0.0767480661825,0.1799820109687,0.5700447391676,0.1193086326885,0.0614660598380,0.1299394073274,0.2702538955713,0.0880773696448,0.0272088654709,-0.1082381902426,-0.2100246230742,-0.2878617016927,0.0342212760860,0.0581793104445,-0.2938779072390,-0.2423574556532,-0.3199083359750,-0.4259546251806,-0.2789831343782,-0.1344459458804,-0.1928892516409,-0.3170304471843,-0.2565044372119,-0.0386323692156,0.1438231080690,-0.2763769568303,-0.2313167464736,-0.1303787137735,-0.2752516862769,-0.0017785802121,0.2530543352782,-0.2716258024221,-0.2107586176914,-0.4031180782464,0.0999850917686,-0.2494457172606,0.1364547178150,-0.0046505161214,0.0085259811142,0.7886280916888,0.4957303050135,0.4109841765426,0.6973003983913,0.7117174969244,0.5841251982250,0.2247896371642,0.2854109072470,0.2027972304792,0.3115666079476,0.4122940907243,0.1068046624093,0.2418465137626,0.2074304736515,0.4820715078881,-0.1163083453453,0.2363072252399,0.0771549363009,0.4336407570903,0.2010746827888,-0.1413567109878,-0.0692862923215,0.1599977071804,0.2210041936857,-0.1010619545841,-0.1271507700275,-0.4216830509078,-0.3924430919229,-0.2185058533020,0.0942573700221,-0.1088621790759,-0.1953783497754,-0.1155961619712,-0.2216402875709,-0.4857936385001,-0.1240497997785,-0.2227837301671,0.2339822064231,-0.2873187449790,-0.2890862293884,-0.2370188609930,-0.2855318557655,-0.3022227834739,0.1361737079554,-0.0790969707621,0.1955197036278,-0.0154500704379,0.2037530702610,0.3847658688927,-0.2233752692109
0.5637655549282,0.4560539543819,0.7462646172770,0.5123268081201,0.6619307716071,1.0000000000000,0.6360569077996,0.4466761860037,0.3424167629937,0.3721834195209,0.0839862230458,0.1384218228390,0.3205779901672,0.4790157259030,0.3352037885809,0.2258325463459,0.2200325428119,0.1987711894591,0.2184279738237,0.0246707412804,-0.1544710092064,0.0307610862071,-0.1924779663032,0.1367364147511,0.0241417630710,-0.3149025916803,-0.0666485428606,-0.3464238401789,-0.2683175260603,-0.2769514700682,-0.0281590015826,-0.0819286939900,-0.0424023272279,-0.2424982023727,0.0697510789688,0.2635402848780,-0.2428251483989,-0.1867792498785,0.0205457684894,-0.2380214433547,-0.0760643451337,0.1353012363801,-0.1829270618187,-0.1871074404026,-0.3281611242373,0.1875704038046,-0.2623282437802,0.3086309968206,-0.0888138401940,0.1759811555650,0.4124159934859,0.5095970887913,0.4120519561458,0.8392358860583,0.7413547989294,0.5100108797635,0.3121010235666,0.4008268138186,0.3957279877066,0.4107923252042,0.4296230921527,0.3264437513901,0.2813734992434,0.3556426785878,0.4517028074629,0.1072956802941,0.3050472947364,0.2081201230701,0.4695357533506,0.2514725412689,-0.1195280806456,0.0137687565123,0.1936436800412,0.2982170437938,-0.1775031263342,-0.2381429228514,-0.2183017556488,-0.2735828359574,-0.2534575448809,0.2062371716497,-0.1558284201121,-0.0560178346392,-0.2601537892913,-0.1253843089323,-0.3617215887493,-0.2093076316209,-0.2895975350618,0.1411280672989,-0.2478044869198,-0.1702776017447,-0.1421416834194,-0.3779621341322,-0.1778701752420,-0.0565157865044,-0.2298842567335,0.3543826439741,-0.1571946622712,0.0210667849253,0.1420446842273,-0.2138174467195
0.4534593992690,0.4110546257129,0.4177841596871,0.8481656665269,0.5450484045211,0.6360569077996,1.0000000000000,0.3845695638945,0.3569101717246,0.4824376144115,0.3739060042069,0.3555223178587,0.3165517596819,0.4201891578611,0.5719676429796,0.2828053655550,0.2377165098386,0.2230344704534,0.3246447001437,0.0645627724240,0.0951511685067,0.0431989813038,-0.0414665174525,0.3175999930920,-0.1660624623445,-0.3073925665930,0.0777778378362,-0.3906803564150,-0.0958278161370,-0.3220311219945,-0.0150426920450,-0.2423405765999,-0.0569012910056,-0.3315424632698,0.0917574878911,0.2895211454371,-0.1621832872761,-0.2193527575251,-0.0093223080433,-0.1600540029450,-0.0644967738623,0.0016593364678,-0.0156045488590,-0.2413650931599,-0.3825993775383,-0.0144349534846,-0.4111163169175,0.1517847118983,-0.0712231933493,0.1956987105643,0.3595917371692,0.4210768975961,0.5869261243746,0.5331104863078,0.6204146097842,0.7283981046318,0.2728208442652,0.3385820259160,0.4976285080374,0.3146145996448,0.3081014025701,0.4311055986379,0.2996672021132,0.4082556450267,0.3755182374183,0.0108247999570,0.4010508400946,0.4059253430366,0.4186371560723,0.2645728649392,0.0369502691438,-0.0557627642890,0.2075174424652,0.1207709838919,-0.1874152459254,-0.3095483782855,-0.0308064485793,-0.2300581536438,-0.2571183989260,0.2710825982009,-0.1955132583214,-0.0179104291004,-0.4209531671158,-0.0940929349366,-0.3584047821500,-0.3770895381568,-0.1258330978402,0.1984228925462,-0.2220309092699,-0.2511306304282,-0.1151144580983,-0.1837182671327,-0.2941627685779,-0.0537580781198,-0.2458596005462,0.1423356658395,-0.1998264527836,-0.0181616895815,0.0722697976198,-0.1585233116409
0.2365042246426,0.2895295218528,0.2861459321768,0.3271340945464,0.4049125862038,0.4466761860037,0.3845695638945,1.0000000000000,0.7241145437428,0.2693884741542,0.2888194141245,0.1846127645294,0.7901964527514,0.2165536928819,0.1393764714740,0.2230190611929,0.4924735662695,0.5475175099574,0.4110841259217,0.6171594808185,-0.1111090338517,-0.0657890259049,-0.3250511781056,0.1073503890926,0.4815397449355,-0.2474535658263,-0.2541044550817,0.0241750707127,-0.0723532892923,-0.3527154927558,0.0929376282155,0.0482045807123,0.0604323648615,-0.1164987830518,-0.0850906399959,0.2360366355201,-0.4216769122164,0.2175261255268,-0.2491953014071,-0.4038174298010,-0.1339005568693,-0.2399594184897,-0.4554146928864,0.0518601719304,-0.0036430039446,-0.1046434604399,-0.1080036115454,0.1206761163595,-0.1244416175280,-0.1535327566284,0.2825227462466,0.3482167498400,0.3662659487817,0.4720612233013,0.5750990873958,0.4334126586738,0.7895107614289,0.8713134995266,0.5498432018949,0.7772508754971,0.3107761772038,0.2631343481264,0.4130870922729,0.7500704093098,0.3063866969139,-0.0041947831545,0.5110254634919,0.5202975051755,0.6100510001151,0.7216843463904,0.1973427415101,-0.0746211247349,0.2688742715455,0.6567507938075,0.2437906391254,-0.0436804404510,-0.2115206005433,-0.1865724740607,0.1018509447239,0.3912519445432,-0.2378556295295,0.2266525784777,-0.0638840273418,0.0398990887039,-0.0754741770100,0.1803293799378,-0.3855599891547,0.2001104875042,-0.0618079558258,0.3211505087409,-0.2920416958672,-0.2427875022987,-0.0196759808157,-0.2393424893332,0.1560032596265,0.0760293928397,0.0612137266236,0.4164409971633,0.1419520673805,-0.2965102968531
0.0798122590726,0.0241431617102,0.1364651185785,0.2787613501224,0.2282678817121,0.3424167629937,0.3569101717246,0.7241145437428,1.0000000000000,0.2849843839148,0.3037723818858,0.2500830600077,0.5934318917740,0.0895531595281,0.2615728011616,0.3305832930821,0.4904499205610,0.4835198376196,0.6883687845042,0.6921390685806,0.0434395641186,0.1678141745702,-0.0200792264376,0.4380374595832,0.5170981280022,-0.0221666774770,0.0420693634126,0.0331850973449,-0.0197623813339,-0.1883275774297,0.2928927079049,0.1677619092229,0.1547795176870,0.0201558632242,0.0321805837334,0.3101385838127,-0.1994478674827,0.1827257713249,-0.1535999282617,-0.2255879688479,-0.1324756510229,-0.0627231453071,-0.1864883675654,0.1757643869256,0.0531338369378,0.1124525803492,-0.0560028276642,0.1137333457665,-0.1133306183746,0.0506658635195,0.0840042710496,0.0694829001892,0.2370052850347,0.2955255454686,0.4217630136061,0.3385817461290,0.6140395317567,0.7258117735173,0.7892860834266,0.8862246558774,0.3072376096790,0.4364623321037,0.3769722685915,0.5186694476274,0.2661217175321,0.0172754119145,0.4730348030385,0.5036858972662,0.6378859915166,0.7502282344720,0.1582343116927,0.1732810420156,0.4223129393206,0.5083705435456,0.1273468915130,-0.0542261121859,-0.0171577990895,-0.0404364374055,-0.0389664241235,0.4485847819823,-0.0773276588766,0.1287071179627,-0.2306843662849,0.0328957085975,-0.0068644482251,0.0470096759097,-0.2351680147858,0.1438856657953,-0.1003229457178,0.2043533063912,-0.2106752408561,-0.2774531147260,0.0597962167154,-0.1098728321049,-0.0177287685303,0.0381398719258,-0.1047000195806,0.1879329089595,0.1057167585670,-0.1869320541402
0.2797496733700,0.3871502889876,0.1465272321325,0.4636812408238,0.2370244219875,0.3721834195209,0.4824376144115,0.2693884741542,0.2849843839148,1.0000000000000,0.4890978348976,0.6952386709272,0.3126376908475,0.4843641973214,0.6688995819171,0.1858946525912,0.3000435353383,0.0057619200564,0.3282075427732,0.1693777580450,0.4731610035626,0.5454629088604,0.3242353251866,0.5579171066711,-0.2371637183766,-0.0866570999959,0.4536133804604,-0.2677894345871,0.1077186945259,-0.1507102098545,-0.1257286196898,0.0168897392457,0.2033506224520,-0.2137501872484,0.1764229476480,0.2784654013074,0.0187687070515,-0.1613134949487,-0.0215058355890,-0.0260662615127,0.0244811054709,0.0118630037104,-0.0574759976640,-0.2347475156477,-0.0874525110295,0.1608548353702,-0.1506341789990,0.0726993692604,0.1589139827416,0.3707096681590,0.1862956632720,0.1271887540223,0.2300191710752,0.1779930664364,0.3096834047239,0.1869429637902,0.2758182708685,0.2551899380001,0.4768557698670,0.2438585349686,0.6745806130942,0.6480518119512,0.6360122687566,0.3117269062889,0.4317964863115,0.0385815272553,0.1131406451109,0.5554154992027,0.4262425142155,0.1965809280189,0.3613520304513,0.3514149191553,0.4267747649865,0.3137439929026,-0.2812651841953,-0.4129590737967,0.1176654341541,-0.0586610812331,-0.1712913758074,0.2251207790119,0.0102549441596,0.1823196091013,-0.5216986631895,-0.3399272703725,-0.1300055115428,-0.3858345133672,0.0565962959029,0.1170716877730,-0.4515643489138,-0.1382076364654,-0.1265455073909,-0.1550777419835,-0.3071933302111,-0.0924211578775,-0.0926306350705,0.1568996757142,0.0581786385696,0.0314397095841,0.1693984814477,0.0510717595496
-0.0074739467662,0.3174491512850,-0.0058700461582,0.4128649475405,-0.0668388947924,0.0839862230458,0.3739060042069,0.2888194141245,0.3037723818858,0.4890978348976,1.0000000000000,0.6997220206427,0.4075491296516,0.1665076174198,0.5129750925340,0.0309569690148,0.2288325604746,0.1718287708482,0.2188247377369,0.1973677519592,0.2319039661500,0.2933701413255,0.2498407650275,0.3606251570089,-0.1000745921274,-0.0803738084812,0.2523846292730,-0.0285876230448,0.3545881248623,-0.2787574092510,-0.0565713889974,-0.0582452089272,0.1789723741993,-0.1750798800061,-0.0538064401187,0.0282200817098,-0.0853279613132,0.0220560575153,-0.1282323658291,-0.0592388099130,-0.1021866872010,-0.3919306955965,-0.1198729419416,-0.0251565960011,-0.0497573620232,-0.1170755962598,-0.2648681210428,0.0698448363711,0.1083885727380,0.0679343914848,-0.0372726874825,0.1961621023739,0.3262072732181,0.0336520016792,0.1877805530853,0.2260582160269,0.3262663473776,0.2667309045186,0.3933405683130,0.2269849521738,0.1680007991938,0.6574293220121,0.4412331645343,0.4944774481133,0.1662292780109,0.1331606186311,0.1723531946129,0.5395220883127,0.1318680186325,0.2138930142411,0.4438870891298,0.1263890374788,0.2613098191719,0.1147230203361,-0.0223802275690,-0.2598228793752,0.3449657618541,0.0751996910747,0.0415924381516,0.2372985142076,-0.2299792557536,0.3636868236384,-0.3612706649961,-0.0633350564308,0.0177227466654,-0.1933386795847,-0.0163161523616,0.0372845693001,-0.0797949645062,0.1189748271042,-0.0645862189753,0.0597115809472,-0.0313338167181,-0.2979665756629,0.0183328989837,0.0632505464838,0.1325829171323,0.0829707994406,-0.1039320550087,0.0335119511107
0.1345858737221,0.3392395739490,0.0717695884368,0.3663094976794,-0.0767480661825,0.1384218228390,0.3555223178587,0.1846127645294,0.2500830600077,0.6952386709272,0.6997220206427,1.0000000000000,0.3773371223560,0.2835139261128,0.5899796767074,0.1854328707602,0.3558885444193,0.0839074945948,0.2905425340266,0.1894184430311,0.4059295425019,0.4769197737836,0.5714558522328,0.4752523012189,-0.1392289685322,0.0242416015606,0.4741277919078,-0.0497721599216,0.3051606687837,-0.2386022718606,0.0084370961644,0.1453972111105,0.4518067460173,-0.1749879502801,0.1482693684144,0.2110342859872,0.0384816607418,0.0245053376113,-0.0771403304157,-0.0179285219774,-0.1392734264028,-0.2945668793003,-0.0693024677209,-0.0796601363629,0.0367114123801,-0.0379246820583,-0.1662950010953,0.0642852655708,0.0359357112024,0.1582485975059,-0.0467101804907,0.1258150870256,0.2316002890553,0.0194384628943,0.1182792171295,0.1216446743660,0.2650453258377,0.1588023671847,0.3716889154723,0.1893132256267,0.3539047571648,0.6303184914835,0.6685175634196,0.4262444493425,0.2501680223229,0.1481383852461,0.1796368459445,0.5856578366702,0.2069975109159,0.1960453438309,0.4764806923356,0.3435114155741,0.2859744736654,0.1976824312795,-0.0864773011899,-0.2309801239180,0.4354076633425,0.1498289888578,-0.0122008279187,0.3260808915174,0.0307904184436,0.5059098063432,-0.4394515323953,-0.1071231957932,0.0758404843806,-0.2135686443054,0.0747922119373,0.0916925384210,-0.1942866472266,0.0904037519191,-0.0728029764476,0.0778775881589,-0.0742202099649,-0.2148017278015,0.0983774510757,0.0814939425729,0.0482136612473,-0.0045950418815,-0.0452764087895,0.1331038270112
0.0914295014663,0.3000994267485,0.2089343415834,0.2824463261772,0.1799820109687,0.3205779901672,0.3165517596819,0.7901964527514,0.5934318917740,0.3126376908475,0.4075491296516,0.3773371223560,1.0000000000000,0.0611623464601,0.2228838225874,0.1384487674133,0.6643248082902,0.3604884123726,0.3953166525813,0.6523253183939,0.0326163664581,0.0071885819674,-0.0366646543707,0.1083526378991,0.5224707889890,0.0515872249781,-0.0748805099758,0.0143550558366,-0.0484229846682,-0.4060070742363,0.2188672382690,0.3270754002126,0.3650332308168,-0.0119235341561,-0.1272575014865,0.2424050576857,-0.2882396501675,0.4876360524589,-0.2211760449596,-0.3127488389315,-0.2976035769750,-0.3189037550758,-0.3799996690745,0.3243604427423,0.1071241732567,-0.0970300390192,-0.0668241139938,0.1112710997256,-0.1366988988956,-0.0699869219063,0.0744134418946,0.2579135134261,0.3173032163893,0.3184631227758,0.4365298542838,0.3558763537688,0.7522466318556,0.7764794431435,0.4693136913036,0.6198757357554,0.1977374603144,0.3071096311350,0.5401715305932,0.8900043119294,0.1425256376526,0.1270547096219,0.4701330512679,0.6130582738431,0.4138791440416,0.6991547819135,0.3674507133317,0.0644165857314,0.2309503838933,0.5776110072346,0.3608710787025,0.1872356952245,0.0563747909922,-0.1662133232773,0.0864060016653,0.4666240447127,-0.1038478303151,0.5031102997688,-0.1267751645020,0.2008900152869,0.1034069560373,0.2431786188050,-0.3086319367233,0.1245630656259,0.0862991212215,0.5343511717772,-0.2150862113273,-0.0258746324787,0.2121528151045,-0.3264891607507,0.3257363114226,0.0622909826161,-0.0549214076342,0.3352496990522,0.0820707124796,-0.1927916475441
0.7373088667661,0.6403560301593,0.4797409042846,0.4475387951840,0.5700447391676,0.4790157259030,0.4201891578611,0.2165536928819,0.0895531595281,0.4843641973214,0.1665076174198,0.2835139261128,0.0611623464601,1.0000000000000,0.3993871208022,0.1574896257154,0.1154983031786,0.0450182258899,0.0808576165929,-0.1114034395859,0.0397434642382,0.1392238021196,-0.0165009262753,0.1261349804306,-0.2588147052938,-0.2774008114683,-0.0193765174322,-0.2258475343699,-0.0793103033680,-0.0717745102200,-0.1907345674334,-0.0790362821282,-0.0424823424723,-0.2356073926557,0.1127560783819,0.1094176881589,-0.2269700640309,-0.3468082369389,-0.1990739584987,-0.2345607205674,-0.0286543066881,0.0431339906136,-0.3299842611693,-0.3944934387969,-0.3435434215189,0.1663413458011,-0.1192406887120,-0.0499108869780,0.1290732995468,0.0084294182920,0.6618778364093,0.5597372748432,0.3832746545594,0.4872531585398,0.4568502699033,0.3698924512004,0.0473097301678,0.1257444278778,0.1342812623858,0.1623090304127,0.5022715142069,0.3070994856660,0.4389531478971,0.1206191463395,0.7992345223501,-0.0397944784711,0.1983310775854,0.1718790489522,0.3814992301316,0.0229046677313,0.1044775980923,0.1320380345323,0.1014998604469,0.1189518852567,-0.2393232961710,-0.3299601520884,-0.2640602166653,-0.1251263116249,-0.1335448067797,0.1367925988108,-0.0186384581843,-0.0190170048288,-0.2104327165523,-0.2981164149977,-0.3516626427693,-0.1450721630590,-0.2579623648428,0.1450109303017,-0.4301369076153,-0.2991916300908,-0.3104375396546,-0.2717896892870,-0.3775788739505,-0.0069610987759,-0.0995849585844,0.1033605197368,0.1824002762020,0.0198335762687,0.1755194011236,-0.1521495901313
0.2116334733745,0.3519997195170,0.1253184416023,0.5365969747214,0.1193086326885,0.3352037885809,0.5719676429796,0.1393764714740,0.2615728011616,0.6688995819171,0.5129750925340,0.5899796767074,0.2228838225874,0.3993871208022,1.0000000000000,0.2347032975751,0.1582900344262,0.0040099566882,0.1958282185292,0.0468049208157,0.1188592134904,0.4048471260522,0.2630042391761,0.4134337616010,-0.3490058356578,-0.1639663064235,0.4208413999484,-0.3457136312747,0.0709659678363,-0.1291617063877,-0.0557869373739,-0.0090606087877,0.1991119151967,-0.2411580069339,0.2010751754979,0.1676942601269,0.0286180851356,-0.1277812884119,0.0616446621550,0.0135931660349,-0.0998265106803,-0.0396517545744,0.1129231286552,-0.2407171122126,-0.2049453750108,0.1675819611140,-0.2620600207769,0.2194417255207,0.0408549848751,0.4724381455643,0.0222239313888,0.1550923239611,0.2522614269520,0.1121673221024,0.2419469359979,0.2216381195365,0.0647856229768,0.1732731856833,0.4914503208029,0.1758048310813,0.3100082123589,0.6234868339395,0.3790767043261,0.2595999545115,0.3862134911470,0.2679561960767,0.1359369388725,0.4988929703299,0.1934476177367,0.1455782615852,0.0730433239591,0.2329581836473,0.1624692885196,0.0285366341994,-0.3753763961728,-0.4651360760472,0.2231844861010,-0.0670281072883,-0.3421224142043,0.2389208181342,-0.0627952764722,0.1049779866638,-0.5594637347401,-0.1205553016785,-0.1878505916296,-0.4724326790528,-0.0348410095013,0.0690113064817,-0.3090322465450,-0.1271737352955,-0.0313643528370,-0.1587568701012,-0.3223315213974,-0.1039456726115,-0.3033060579763,0.2264951222464,-0.1662357647564,-0.1623461953043,-0.1133794126858,-0.0302754800163
0.0302525457376,-0.0149686077109,0.0824443563154,0.2425708425833,0.0614660598380,0.2258325463459,0.2828053655550,0.2230190611929,0.3305832930821,0.1858946525912,0.0309569690148,0.1854328707602,0.1384487674133,0.1574896257154,0.2347032975751,1.0000000000000,0.4244132940565,0.3057730014720,0.5759540260404,0.3951708312680,0.2064841765940,0.1933479786849,0.2026091491315,0.3315395588296,0.1192672499905,0.0947139000141,0.3864102816026,-0.1526914599371,-0.0375002872527,0.1631674921881,0.6411976580923,0.2994541501675,0.4646766433725,-0.0215041514534,0.7163483096110,0.7078126002419,0.1721831720250,0.1621219461525,0.2281367001572,-0.0783152363207,-0.2081503674352,-0.0494938287365,0.3286215017024,-0.1547289534964,0.2376594436593,0.0827241815190,0.1015680494857,0.2787399701544,0.0087235449394,0.1296632082221,0.0099073612583,-0.0513809671455,0.1356751635192,0.0948671046190,0.1300000803368,0.0975925286812,0.1740965501165,0.1490719863341,0.4171304740895,0.2548564874612,0.1851372153403,0.1598547775145,0.1300454278487,0.0503831842532,0.0516147703379,-0.0973556665052,0.5526706057441,0.4368849069827,0.4665942327672,0.4570423402723,-0.0385062133328,0.1800246231026,0.1632193736228,0.2211453543712,-0.0107929046587,-0.1150243234818,0.1617755948348,-0.0113662675871,-0.1607044577636,0.6141925330719,0.3405212749808,0.1006148244933,-0.3476446390420,0.2286160048174,0.0871342026494,-0.1461492975946,-0.0370113218569,0.4009550747816,-0.1446793537439,0.0456893923053,0.0067388339609,-0.2897410574835,-0.2354294530880,-0.0386962146886,-0.3200896080438,0.2222803597914,-0.1999304140972,-0.1995060590675,-0.1850814559317,-0.2198815043710
0.0757601620167,0.1628968817855,0.1252015327407,0.2671372630112,0.1299394073274,0.2200325428119,0.2377165098386,0.4924735662695,0.4904499205610,0.3000435353383,0.2288325604746,0.3558885444193,0.6643248082902,0.1154983031786,0.1582900344262,0.4244132940565,1.0000000000000,0.4993092595166,0.5919967672655,0.6580081497946,0.3659979335307,0.1759537703715,0.2213690022394,0.4328437852690,0.5203498538859,0.1317821369882,0.1733061343944,-0.1204996139175,-0.1254023300646,-0.3277407038254,0.5283664048899,0.4086395285195,0.4628341385342,-0.1061173598739,0.2415997180119,0.4636425614110,0.0489238945959,0.3825448679802,-0.0462682379024,-0.2766299806333,-0.4044100893371,-0.2978121449731,-0.1764984859262,0.2731310614347,0.0765830386647,0.0481155422220,-0.1092762734545,0.1501507270711,-0.0668872250210,-0.0753990278089,0.0360612166254,0.0852521214249,0.2821636099119,0.1935262769289,0.3534388788918,0.2861135221144,0.4492314657888,0.4628996358121,0.4622392793930,0.4672713276365,0.3266425970610,0.2696957393135,0.5490672856232,0.5447278938522,0.1977948622138,0.1734400365426,0.5386834044380,0.6418936574368,0.5250792176167,0.6570931620188,0.4708768953148,0.3476891257080,0.5021808517881,0.4792121070784,0.3416684327859,0.1898994266804,0.1807184120778,-0.2261189038560,-0.0470040031887,0.7144155665775,0.1364757418647,0.4596680889666,-0.2966046852242,0.2533999026089,0.0978538055538,0.0743380566809,-0.0073827415811,0.3620573112886,-0.0007269155898,0.3646614683410,-0.0139763129940,-0.1200131407660,0.1045281513182,-0.1892073057744,0.1382913464914,0.1772098158120,-0.1031070116565,0.0919592085174,0.0527567742342,-0.1165987195874
0.0885452045371,-0.0519454663004,0.0574850445798,0.2069100885863,0.2702538955713,0.1987711894591,0.2230344704534,0.5475175099574,0.4835198376196,0.0057619200564,0.1718287708482,0.0839074945948,0.3604884123726,0.0450182258899,0.0040099566882,0.3057730014720,0.4993092595166,1.0000000000000,0.2671188766252,0.4046987314081,-0.0789913889977,-0.0553114536830,-0.1310993116954,0.2871559917331,0.3863877466306,-0.2869202790420,-0.0899651901896,-0.1238583910127,-0.1638787499194,-0.2517823888907,0.3209581717920,-0.0335761145098,-0.0224251386612,-0.2880910675937,0.1063741429421,0.1171018469688,-0.0502916179767,0.0206243042056,-0.0899987681166,-0.3215200835173,-0.2021322268743,-0.1975322123108,-0.2120305478053,-0.1043819112141,-0.1721898179105,-0.1135129471479,-0.1810049096663,0.1542622325109,-0.1272793567818,-0.1180314007261,0.1754770320132,0.0997237703852,0.2506996637362,0.2383864377444,0.3567939828869,0.2981851552485,0.3180527479942,0.4317249611204,0.4702103827999,0.4947456708469,0.2130314968069,0.2785403908896,0.1800447098923,0.3746740968235,0.1446963098251,-0.0123094984274,0.4066442151743,0.3788024193005,0.4082998206750,0.5866754636948,0.0847821713114,0.0803618141477,0.3912883393256,0.3529598496072,0.1847896667784,-0.0276015155858,-0.0412128588134,-0.2590033522578,-0.0978070129505,0.5484550763322,-0.0726026742635,0.0555041734465,-0.1867869771689,0.0982781706412,-0.2025773724924,-0.0310023282140,-0.0347467703054,0.2278529310288,-0.0350333446814,0.0329053164831,-0.0528180554564,-0.3298756716954,-0.2488015915568,-0.1391873039891,-0.1530882436667,0.0816133121921,-0.1156062763944,0.1061862010463,0.0086931461718,-0.2125783173008
-0.0170846708509,0.0439836690779,0.0432150135724,0.2738418006528,0.0880773696448,0.2184279738237,0.3246447001437,0.4110841259217,0.6883687845042,0.3282075427732,0.2188247377369,0.2905425340266,0.3953166525813,0.0808576165929,0.1958282185292,0.5759540260404,0.5919967672655,0.2671188766252,1.0000000000000,0.6152153723606,0.3662139866385,0.2811079429808,0.2060136257365,0.5302239893329,0.3710562712210,0.1845942428693,0.2124849729333,-0.0319792614514,0.0227229255294,-0.1209643366546,0.4981438635676,0.3283785653301,0.3295288475417,0.0785822272029,0.3764415498629,0.6486070718289,0.0608971689882,0.2497154609680,0.0336430911308,-0.2046490050996,-0.2540118445244,-0.0933228832981,0.0462927541379,0.1823114518731,0.1622631047480,0.0888354714344,-0.0329434720910,0.0901860807002,-0.0200618880003,0.0616012159731,-0.0502764013951,-0.0440015922266,0.2793633639450,0.1569686774051,0.3223156199972,0.3201209736511,0.3750746847849,0.4580950072446,0.5739391914973,0.6324093526524,0.3226890380194,0.3016644784192,0.3812449470709,0.3375909256823,0.1838730139005,0.0405758157404,0.6166021453128,0.4649338531557,0.7091969490948,0.5989252964863,0.3508303401521,0.2687944523343,0.4637945604773,0.3584375125233,0.2550129814994,0.0640914125452,0.0722906052402,-0.0382204871851,0.0246139835376,0.5276714754870,0.1232464200592,0.1945812801550,-0.2858983430650,0.2267427199191,0.0875286647859,0.0420152992575,-0.0365010768516,0.3337603303510,0.0274099397135,0.1875290836185,-0.0561214401952,-0.2308999990123,0.0933227510395,-0.1702429235826,-0.0384833692139,0.0817831149069,-0.0490125041006,0.0325569794873,0.0564225150474,-0.0456109504596
-0.1309547417802,-0.1272908082896,-0.0632353195606,0.0586351188630,0.0272088654709,0.0246707412804,0.0645627724240,0.6171594808185,0.6921390685806,0.1693777580450,0.1973677519592,0.1894184430311,0.6523253183939,-0.1114034395859,0.0468049208157,0.3951708312680,0.6580081497946,0.4046987314081,0.6152153723606,1.0000000000000,0.2723609293603,0.1572981557350,0.1651054860171,0.3777045112807,0.6994662526477,0.3424048179196,0.2213232210906,0.1415135363054,-0.0093927955216,-0.1021584073683,0.4873487272949,0.4014451086762,0.4048734560496,0.2184961119965,0.0885286496044,0.4183627882514,-0.0314947444950,0.5563750428067,-0.1305652356447,-0.0579991942955,-0.1242689084302,-0.1849870065675,-0.0814216450098,0.4217938683429,0.3692682978461,0.0911642524300,0.1355535062253,0.0775925339132,0.0419826643954,-0.0494830998377,-0.0190627651289,-0.1318024552991,0.0688988354168,0.0065067854422,0.1638057981891,0.0489961416638,0.6604782100078,0.6006870627034,0.5073088591333,0.5871274777602,0.1038572405148,0.1930177656268,0.3577985646326,0.4432785038058,-0.0066828963142,-0.0797150169427,0.4461957618380,0.5896218477135,0.4069341305585,0.8261260487654,0.2954020082780,0.2310552155763,0.4346609278532,0.6620748644043,0.3004757095491,0.2334022911791,0.1856900724014,0.0223062161238,0.0927408350461,0.5792976141484,0.1651560485019,0.3212371455483,-0.1330910245433,0.1266904792549,0.2829016741494,0.2428693047700,-0.1230165102521,0.1508000674459,-0.0307026888548,0.5528389577112,-0.1333655862091,0.0145231071432,0.2790410086513,-0.0578847554141,0.2145408310800,-0.0111692443215,-0.0120796256835,0.2774113612206,0.0533084731908,-0.1910870379654
-0.1268216170563,-0.0639915439106,-0.2491306234558,0.1454636623178,-0.1082381902426,-0.1544710092064,0.0951511685067,-0.1111090338517,0.0434395641186,0.4731610035626,0.2319039661500,0.4059295425019,0.0326163664581,0.0397434642382,0.1188592134904,0.2064841765940,0.3659979335307,-0.0789913889977,0.3662139866385,0.2723609293603,1.0000000000000,0.3628964763917,0.5313926878048,0.6206430634982,-0.0167755955903,0.3512477166547,0.5301108599157,-0.0002112274613,0.2342782144537,0.1049096082686,0.1768005448265,0.0550851888244,0.2616759638996,0.0066468678975,0.2982436181224,0.3812169669745,0.2982876483335,-0.0049453609153,0.1370587898987,0.2012253396157,0.1854616911716,0.0489302414331,0.2915501902718,0.0353987215974,0.2854433526624,0.0093146083606,0.0324260193603,-0.0691025853256,0.2528831830584,0.2381690101575,-0.0840603532597,-0.2845899367714,0.0054361172230,-0.2610311429410,-0.1162568126470,-0.0875399337396,0.1180892814565,-0.1668336335552,0.1538164754025,-0.1506602962837,0.2331489013949,0.2296989448489,0.3320233494051,-0.0880363729279,-0.0418060084793,-0.0708240611297,-0.0250484004795,0.3601402977012,0.1890601726283,0.0392721837321,0.5494669307811,0.2783232644548,0.4425517138209,0.1572054674974,-0.0088054048638,-0.0284604800830,0.2941941763390,0.1842661632329,0.1178776501715,0.1480298930241,0.2141187017582,0.2026976954270,-0.2405946886809,-0.1587014293322,0.3358669998954,-0.1988217730907,0.3845156613694,0.2784146829966,-0.1842874955614,0.0039849033885,0.1412175659475,0.1686091706464,0.0374660878623,0.0815985782209,0.1243091494315,-0.0100071196306,0.1337199731013,-0.0265050179655,0.1290735455566,0.2428203736880
-0.1082516929931,0.1082010652374,-0.0362407536369,0.0885411817480,-0.2100246230742,0.0307610862071,0.0431989813038,-0.0657890259049,0.1678141745702,0.5454629088604,0.2933701413255,0.4769197737836,0.0071885819674,0.1392238021196,0.4048471260522,0.1933479786849,0.1759537703715,-0.0553114536830,0.2811079429808,0.1572981557350,0.3628964763917,1.0000000000000,0.5154726525286,0.5033127258190,-0.1146118197828,0.0812473744183,0.4765279431634,-0.0865749915524,0.2663582916721,0.0785181505572,0.0254207046384,0.2044336429839,0.3354773068297,-0.0643784583170,0.1541384347404,0.1251592256365,0.0979335993045,-0.1599353229637,-0.1028553164287,0.0385332025157,-0.0685745717909,-0.0659404084464,-0.0292824182736,-0.1242058176130,0.0821731424668,0.4676638744335,0.0944791845774,-0.1560267034874,0.1445316413862,0.1933224970095,-0.2180905076371,-0.1561008165606,0.0181435463388,-0.0991684787605,-0.1228543336377,-0.1603845973801,-0.0309143929907,-0.0135071564082,0.2829500979377,0.1025264272686,0.4883472793937,0.4630926132861,0.4298026832081,-0.0123257476605,0.2368056824624,-0.0232837507989,0.0284066035100,0.2690916457502,0.1384822484188,0.1009759946922,0.3462868956101,0.7306771899388,0.3441357158401,0.1468099005998,-0.2310086644714,-0.2589430724334,0.2679990475812,0.1370835198440,-0.1260301994033,0.2371209593950,0.1449335909157,0.1849642372403,-0.4034435785143,-0.2552081277768,0.0487840885053,-0.2551948791027,-0.0004416700523,-0.1430514563956,-0.3442598815152,-0.0760929614832,-0.1561887386655,-0.2166324306603,-0.0952158869858,-0.1355188113948,-0.1581189886816,-0.0503817615690,0.0025345402001,-0.0596050097342,-0.0757121032394,0.0804857231189
-0.0978501063504,-0.0704200928254,-0.1773723044889,0.0346992790219,-0.2878617016927,-0.1924779663032,-0.0414665174525,-0.3250511781056,-0.0200792264376,0.3242353251866,0.2498407650275,0.5714558522328,-0.0366646543707,-0.0165009262753,0.2630042391761,0.2026091491315,0.2213690022394,-0.1310993116954,0.2060136257365,0.1651054860171,0.5313926878048,0.5154726525286,1.0000000000000,0.4639017036745,-0.0413572533861,0.4689662282487,0.7052037749010,-0.0557151205682,0.0758153244692,0.0453420073161,0.1248771993061,0.3557888626698,0.5117726444617,0.1029261257415,0.2252114371642,0.2388390876257,0.3215649985422,0.0651874852280,0.0415175126682,0.3049180065645,-0.1225299563966,0.0077818424966,0.2726638307179,0.1085405398930,0.2225070065846,0.2526297239678,0.1002005155247,-0.0847860849191,0.0492567514924,0.2283371660562,-0.1631783362518,-0.2432395385510,-0.0523582042531,-0.3185612930763,-0.2749640591244,-0.2235479096553,-0.0921116372936,-0.2553392092733,0.1173627159896,-0.1359730184507,0.1556994053093,0.3408549323447,0.3505850331134,-0.1226413207900,-0.0200829627672,0.0427839588193,-0.0090521209953,0.2613872263416,-0.0352291163167,0.0492825385294,0.2834104296997,0.6025782244309,0.2733322827752,0.0723751921726,-0.1172123870194,0.0725260270731,0.6030217919960,0.1826582729457,-0.1705711457034,0.2099366545178,0.3911705022426,0.3216974595401,-0.3696963060082,-0.0679894643956,0.2381142802404,-0.2346700704199,0.2772492708328,-0.0285447293451,-0.1323728738301,0.0252757803962,0.0688522269502,0.1962329127984,0.1083633664589,0.0779794392042,0.0052494588333,-0.0454023795285,-0.1708876068030,-0.2561445694239,-0.0283845031934,0.2385412875734
-0.0161114006803,-0.0229933790375,-0.0651722920796,0.2949773541080,0.0342212760860,0.1367364147511,0.3175999930920,0.1073503890926,0.4380374595832,0.5579171066711,0.3606251570089,0.4752523012189,0.1083526378991,0.1261349804306,0.4134337616010,0.3315395588296,0.4328437852690,0.2871559917331,0.5302239893329,0.3777045112807,0.6206430634982,0.5033127258190,0.4639017036745,1.0000000000000,0.0705102829105,0.1190445772729,0.6008893153155,-0.1262034242120,0.0825331432088,-0.1009332379059,0.2227885696279,0.0260402591313,0.1310790105344,-0.1761568262347,0.3752108560022,0.4293409953297,0.3297969946851,-0.1248213327344,0.1372296342252,0.0536166381675,-0.0576161323246,-0.0282460090143,0.1741446133229,-0.0520399482320,0.0035874608017,0.2168834847763,-0.2092899590206,0.0763029690027,0.0540446063383,0.3049863092265,-0.0595634767253,-0.2031013186689,0.1131628047055,-0.0091296489747,0.1174088343335,0.1008629552203,0.1501333828715,0.0778612181189,0.5658189146719,0.2879996545502,0.4578379588844,0.5698263732740,0.4139914712179,0.0573313758496,0.2105431348516,0.0360377339737,0.1708260521112,0.4224764327755,0.4210045639828,0.3114351037963,0.3426882135657,0.4588713812836,0.7662035099330,0.3144206961830,-0.1739768715145,-0.2599391880837,0.3049949270076,0.0543463282072,-0.1807753382392,0.3656306582241,0.0838493368477,0.0381359956563,-0.5460192533182,-0.2262132540378,-0.0337434102001,-0.3728759021024,0.3437528600390,0.2277631229403,-0.3472956084692,-0.1396668964464,0.1043426185757,-0.2101133863274,-0.1515145819426,0.0738725152100,-0.2259927664012,0.0967560027905,-0.0970072221790,-0.1657350845342,0.0078502251327,0.1176519616446
