1.0000000000000,0.3746440653614,0.5914073881232,0.4036133189866,0.8098519813384,0.7379903209598,0.3655751538359,0.5794354643657,0.5210533621716,0.3325346206397,0.4662385053517,0.4665316276513,0.4953248519578,0.5086947883984,0.3988816746848,0.2849429134270,0.3802099226242,0.5623141754881,-0.0773178254211,0.5376178611030,0.3106775539912,0.0060780654255,0.4716153863057,0.3996672876935,0.4811669363545,0.4401675775729,0.5986287294548,0.1073126279889,-0.2989294166379,0.0277956953435,0.2857533888396,0.3520671627214,0.2596550231582,0.2926057309756,0.4986478202313,0.1865317609107,0.3032735754048,0.3526938639074,0.3665779043335,0.3250767651751,0.1820308894155,0.4623093646854,0.0892690714018,0.1595975303637,0.3310033872408,0.1240280243816,0.1804450932482,0.5696469507547,0.2447937085266,0.4142906750551,0.8330335097726,-0.1038777092197,0.0788499196312,0.7094739002328,0.5289170160939,0.0794195367318,0.4462169477656,0.5243815340502,0.4892281584511,0.5344959535644,-0.1773738025458,0.3720386371840,0.0274693859090,0.2886226080639,0.0564112634181,-0.4810198629375,-0.0283340389462,0.1638880460632,0.0066642770834,0.5157843931072,-0.0739304517589,0.0351130709473,0.3755172737180,0.4475751033820,-0.4562739440073,-0.1453811352961,0.4613487399669,-0.5827489523943,-0.5706831228459,0.4273732769516,-0.0930913095739,-0.1048282314645,-0.5783375751567,-0.5085749930750,-0.2517422382888,-0.2718363093567,0.2152761464236,0.2456604536739,-0.6025740462828,0.2418127982618,0.4388302753470,-0.0624312704714,0.2108563043372,0.0510177904751,-0.4353463348183,0.6428557128063,-0.3003032000238,-0.2890435596132,-0.2870850690127,-0.4689448237635
0.3746440653614,1.0000000000000,0.4191606010662,0.5388841326291,0.2758788586025,0.1424329632847,0.2436258222776,0.1920388355330,0.1353115967364,0.3265198178420,0.3087005859482,0.3249597187113,0.1591448091765,0.6747343979623,0.6504356729009,0.2606283585275,0.0971469770155,0.2533873970360,0.0316522821679,0.1762072499242,0.2593480380595,0.3161382021640,0.3737981201374,0.2547407631878,0.1174758861779,0.2430239259028,0.3396906567318,0.5326677074636,0.1357912261207,0.5453334563264,0.1431330500384,0.1862646332688,0.2609541559142,0.3780628535777,0.2683929081038,0.1670367177642,0.2714088011498,0.2287574815586,0.2468513058622,0.4306460575882,0.2222701227671,0.2962640123661,0.2618123004733,0.0311862785788,0.3262529058901,0.1620016617158,0.3019065095093,0.1155111038634,0.2986351887229,0.3823088170073,0.1804663030177,0.4459517560911,0.0043601287900,0.1297387436200,-0.0272775868706,-0.0200143003454,-0.0669142040643,0.1275222560343,0.0036802301354,0.0864366758429,-0.3884600389232,-0.0102620235434,-0.2677749632987,-0.1633244694724,0.3253082694287,-0.2728959938043,-0.1159863138805,-0.3195238371902,-0.0538476543198,0.1135986841682,-0.4012773023310,-0.1104461722278,0.0396792909940,0.0522219166212,-0.4700630988894,-0.4138797419576,0.0306151471110,-0.0131721945209,-0.1584846454944,0.0255456227936,-0.3977398688850,-0.5018108383963,-0.1717996455655,-0.3138495222920,-0.3674012147346,-0.1824634825367,0.2384763612210,0.1664588485631,-0.4517168894847,-0.0110149284385,0.1918104263171,0.0656794693920,-0.0307551887073,-0.0394497005532,-0.4695487102178,0.0866692994837,0.1310002357640,-0.4791351222125,-0.4139009048450,-0.5064132282171
0.5914073881232,0.4191606010662,1.0000000000000,0.2373985860185,0.3602170586940,0.4986924207622,0.3237984569452,0.2345384435519,0.0396807524663,0.1439356024037,0.0677649037793,0.1677764771653,0.2236798524633,0.2712410324429,0.1364731407650,0.1006017039690,0.0827711400831,0.1038770707001,-0.0425382009996,0.0378445688866,0.0587221526833,-0.0975370112655,0.0491304939379,0.0114618865562,0.0126223838355,0.0720645406462,0.1242479849200,0.0219239572147,-0.3408398071581,-0.0177792793985,-0.0518496572704,0.0374755708375,0.0644475989408,0.0307129365471,0.2760423737502,0.2335081871285,-0.0012254199173,-0.0448356488180,0.3137524743004,-0.0211016522430,-0.1458044591628,-0.0515557157103,-0.0878714006766,-0.1129604141326,0.0034219033707,-0.1221030984985,-0.0481014085654,0.2105134408935,-0.0185980087408,0.1198595257510,0.6176380198942,0.5372321503624,0.3238282317788,0.6368881325929,0.3113494692568,0.3533340815555,0.2366200402677,0.2680935750460,0.3133669583896,0.1148319003188,0.1775004986983,0.0432474436549,0.2961808983467,0.3049246261365,0.4910094042836,-0.0238373804363,0.1675383475153,0.1856455137303,0.1055280626608,0.0688193959000,0.0910475620130,0.0958718399763,0.0378773780407,-0.0060021980256,-0.1119844627381,-0.0704714354942,0.0851757923467,-0.1769228957197,-0.3162574615595,0.1682311267686,0.0632287809662,0.0021889120832,-0.0195468618433,-0.1686029040137,-0.0753090458545,-0.1427514017306,0.0393316251654,0.3777341337282,-0.2628939880302,-0.0374593700879,0.2817239288301,-0.0931417545751,-0.0096930055530,0.1254618495708,-0.0624393792613,0.2459443757997,-0.1119353255236,-0.1137573748685,-0.1495998443428,-0.0320143836636
0.4036133189866,0.5388841326291,0.2373985860185,1.0000000000000,0.5443751601193,0.3710931164894,0.7304339480683,0.2927016740043,0.3476479155841,0.5858947393722,0.5951649291461,0.6123862950974,0.4646516915062,0.5783657777902,0.8841200501206,0.7853888490894,0.5809209380709,0.3430948354512,0.5749653512495,0.4644772972874,0.5817572460472,0.3124833720960,0.5691328494661,0.6010979234111,0.4156278842954,0.4727504197939,0.5829937593925,0.3138382104426,0.1393163811815,0.2379192308967,0.5282784651568,0.4283392809994,0.5244965750334,0.3724290014578,0.5544832586602,0.5761232131040,0.5302685242486,0.4167798986523,0.3436684761978,0.5212566860883,0.4237027761037,0.5382742607270,0.7425488192511,0.2365741288253,0.3964062535862,0.2027176708803,0.3585619938717,0.3110598158098,0.3554229030463,0.6598903150079,0.2239112117065,-0.0621757165633,0.1954894547838,0.2699618728137,0.2391040715179,0.4131871502686,-0.0669276098763,-0.0171718340696,-0.0059198754636,0.2660184650752,-0.3486712769615,0.2209767238218,-0.3354870213359,-0.1840733811813,0.0177209659041,-0.1950512745663,0.2678253016494,-0.2550244140141,0.3271847775214,0.2817596326244,-0.3985315074966,-0.0682184188616,0.2779181034965,0.2938311065817,-0.4896079082665,-0.4531230043437,0.1936973777685,-0.1872664951351,-0.2789474682188,0.0665581016597,-0.4778763370104,-0.4422729319365,-0.4243697684709,-0.1012322588004,-0.5163182951760,-0.3761247773016,0.3425270046663,0.4131074799415,-0.3777993250533,0.1492339116486,0.1652176620940,-0.0649277185010,0.1025429772664,-0.4585418333642,-0.7400292693309,0.1245871506770,-0.1564213529197,-0.2380213303882,-0.2812035864160,-0.5185673161230
0.8098519813384,0.2758788586025,0.3602170586940,0.5443751601193,1.0000000000000,0.8495741616853,0.5446970139321,0.6498174043291,0.6506136096747,0.4286018579839,0.6267979058393,0.5549958775711,0.6358468115796,0.4846311954734,0.5588891910405,0.4520719973924,0.5578972834224,0.6718938084924,0.0858205247105,0.5815603528372,0.3926146999264,0.1277562631831,0.5361247657133,0.5827961242891,0.4568870423155,0.4747819865323,0.5988466576887,0.1704463555299,-0.0868740532667,0.0812990760880,0.4200866890854,0.3819998316768,0.2924003355882,0.3189793834544,0.5728346195881,0.2757531428087,0.4006175866344,0.4005773206715,0.3676421750919,0.4207687073263,0.3508535210676,0.5605174464899,0.2487976738550,0.1895470943038,0.3808520510388,0.1447340661161,0.2471489548015,0.6801145897549,0.4625076179632,0.5302109940914,0.7223183272330,-0.3130974900013,0.1024455495197,0.7282466345152,0.7484607892998,0.2053093314055,0.4484562801776,0.5004123496983,0.4683626091899,0.6351596770502,-0.2102066848692,0.5376513901475,-0.1148359620681,0.2531443925630,-0.0887213016411,-0.4081526150045,0.0471565477470,0.1589248100762,0.1788466798938,0.4904040986738,-0.1000914999949,-0.0362517007198,0.5108443761803,0.4167741034890,-0.4814533470517,-0.1890555562756,0.3796345086615,-0.4591820679029,-0.4245072640615,0.4469482488219,-0.2800053501016,-0.1679114784991,-0.6592088100962,-0.4472115796121,-0.3080379706757,-0.3042008420352,0.1844488079989,0.2082180408623,-0.5408230430669,0.2342170978177,0.4235689595362,-0.0034400040303,0.1900350489737,-0.1706113446893,-0.5759156433519,0.6730496620837,-0.1724115741284,-0.2400461051092,-0.2504354610630,-0.4662127829173
0.7379903209598,0.1424329632847,0.4986924207622,0.3710931164894,0.8495741616853,1.0000000000000,0.5598268302370,0.6246410689244,0.5744810816229,0.3828820356933,0.4976293693555,0.4460116799208,0.6207765806504,0.3014280088959,0.3598056384053,0.3306066936579,0.4823570067765,0.5739082428118,0.0096244873411,0.4961080846044,0.2088246810554,0.0470509440711,0.3152216104840,0.4530014919917,0.3535852903001,0.2957741087258,0.4914003249290,0.1158537324577,-0.2472199188751,-0.0391336306588,0.3021246037551,0.2617397396587,0.1767637892289,0.1694802788124,0.5005256808807,0.2771065910518,0.3115721838923,0.3135919118912,0.4248307254967,0.2657948110159,0.1815927940759,0.3395659139374,0.1069535021099,0.0784837018058,0.2733573294664,0.0574602385411,0.1371716674086,0.7374712098919,0.3781542088260,0.3761966480197,0.7052113026332,-0.2175983118310,0.2219324118741,0.8589457057480,0.8668370271899,0.3274223607218,0.5196566312671,0.5627691389059,0.5501660677540,0.5921658112128,-0.0014817916915,0.4813461789381,0.0788455320896,0.3973416375049,-0.0382103363973,-0.2224835492437,0.1025440722485,0.2737465958522,0.2014087476633,0.4221293556175,0.0149319914104,-0.0332142083678,0.4842583687819,0.3584747876283,-0.3824572847787,-0.1799861183468,0.3442784421922,-0.3908821246498,-0.4600170293836,0.4240778086130,-0.1806084435807,-0.0679997047928,-0.5343044501940,-0.3822551326934,-0.1818270190277,-0.3220605476774,0.1276425773479,0.2616510220465,-0.4411660538254,0.2044045523621,0.5311834280908,-0.0212657953827,0.1049812777258,-0.0103747333541,-0.3925560250680,0.7271105249012,-0.2047473186370,-0.1762938943989,-0.1975969237728,-0.3056659761350
0.3655751538359,0.2436258222776,0.3237984569452,0.7304339480683,0.5446970139321,0.5598268302370,1.0000000000000,0.3041216078908,0.3462026632929,0.4525421346308,0.4813744260996,0.4222791004489,0.4647821707178,0.3903562912602,0.5961955700927,0.6856489380281,0.5812929834495,0.3000424204810,0.5632984260999,0.3982440724980,0.4128795227704,0.1985895950883,0.3467482064607,0.5795833569976,0.2623174250518,0.3196587359754,0.4379625857798,0.2848809921707,0.0921436320829,0.1433769638229,0.5189855060386,0.3188317389691,0.4152848375572,0.2609660024092,0.4958357523616,0.5614008942827,0.3777090991353,0.3105002466950,0.3597143738745,0.3884192839856,0.2540170397727,0.2898317848458,0.5212930469552,0.0547207390698,0.3291575213964,0.0561711232624,0.2872896871312,0.3130925930982,0.3161147013025,0.5038019088334,0.3478684381548,-0.1207038579291,0.4131004916121,0.4446444169915,0.5082673525795,0.6159810513385,0.0492744180954,0.0917382839105,0.1062116166222,0.3283914285617,-0.1611157824562,0.3030809874644,-0.1910866124309,0.0115383721298,0.0971023363260,-0.0284809995964,0.3734657766771,-0.0204743525848,0.4168996040505,0.2151363082396,-0.1702828607088,-0.0684319404811,0.3736005591675,0.1612168633465,-0.2965073598929,-0.3578872726857,0.1076395474806,-0.0609375663764,-0.1836333678819,0.1683636975622,-0.3764439106427,-0.2659476351649,-0.3441901367035,-0.0639994700090,-0.3415883772483,-0.3235014086173,0.1766060841282,0.3821556392991,-0.2228411340403,0.0794997788466,0.2116386871035,-0.1017446706934,-0.0083012627163,-0.2755327250636,-0.5613586896096,0.1610810706828,-0.1048439975207,-0.1529301019224,-0.1714563121557,-0.2299311368880
0.5794354643657,0.1920388355330,0.2345384435519,0.2927016740043,0.6498174043291,0.6246410689244,0.3041216078908,1.0000000000000,0.8355255150955,0.4416177437288,0.5206648596770,0.5117464234247,0.6707818189423,0.4769980509976,0.3214992022867,0.4247663623469,0.5619100165714,0.7900158777341,0.0793448414346,0.6712583411173,0.3513131132176,0.2009672754491,0.4012176303944,0.4806334703848,0.4371656935608,0.4131755792734,0.5158954762925,0.1049983111634,-0.0524588433598,0.2248675155775,0.3389856214066,0.3857776537787,0.2419455629719,0.2593440366178,0.4969860322002,0.2104468788049,0.3166858239968,0.3828650338015,0.1879335597906,0.2963330444919,0.2796657127883,0.3881618095122,0.0657437826475,0.0871588759046,0.3703092461693,0.1355211812612,0.2654365770026,0.5142873851518,0.4257830938219,0.3731717551976,0.5469382694612,-0.2041918532360,-0.0304291341732,0.4859487684236,0.5739459840631,-0.0560392268342,0.5422814413479,0.7016599161982,0.7316468783010,0.8392861542731,-0.0735161087052,0.5543984861298,0.0545823285168,0.3746649921313,0.0543946920458,-0.4741208743229,0.1069107501673,0.3854126914397,0.2937437490388,0.5770166642433,0.0631815756470,0.1025408943155,0.6082529772005,0.4668103419369,-0.3382648795467,-0.1124504736440,0.2282443821158,-0.4117938146548,-0.3004345621844,0.7363084772321,-0.1264263964948,-0.0118511925789,-0.4067038908881,-0.5148433478545,-0.2522244583041,-0.2165965119940,0.1347494208528,0.0355792103735,-0.5354573774254,0.1488324201188,0.2510738906449,-0.0235230948762,0.1587748178375,-0.0669779373935,-0.4292530195429,0.5719864909149,-0.0736601223193,-0.0735741006555,-0.0671874456055,-0.3692244502223
0.5210533621716,0.1353115967364,0.0396807524663,0.3476479155841,0.6506136096747,0.5744810816229,0.3462026632929,0.8355255150955,1.0000000000000,0.4259609318173,0.5980078390394,0.4942095705160,0.6168192812651,0.4275426953547,0.3798779000274,0.4139352413926,0.5564531992082,0.7300780685572,0.1474325950245,0.7876604229584,0.2916066686002,0.2228313254846,0.4588880034470,0.5906755529282,0.6385859908403,0.4045271817986,0.6227993561709,0.1504255404671,0.0380762957165,0.1946413851310,0.3880360460082,0.3723286637474,0.3156614990832,0.2973647387416,0.4108461227146,0.1516625876697,0.3318428756239,0.5096068285728,0.0930998565143,0.3927198905437,0.3694116445111,0.5045570085366,0.1635555685961,0.2111578979477,0.4068409306048,0.1351261142137,0.3073874663444,0.4954050433623,0.4294934814773,0.3970957230109,0.4205744776521,-0.3952915811004,-0.1062123400189,0.3811529195061,0.5608092659870,-0.1118483321395,0.4671029692819,0.6297679952500,0.6210063966427,0.9533998652942,-0.2381554357953,0.6185408018838,-0.1307709785907,0.2493115653716,-0.1304594559375,-0.5005844036690,-0.0015518488345,0.2950053475843,0.2633957654697,0.6643362349053,-0.0680537382591,-0.0146848037836,0.6735148391953,0.6453808898498,-0.3975127298937,-0.2159741099380,0.3245093196981,-0.4148586796322,-0.3058380416649,0.6425178643186,-0.2579612166272,-0.0752269381531,-0.5528374707581,-0.5064820494095,-0.3004714238897,-0.3005367121636,0.1206659102128,-0.1177890961109,-0.5246216892485,0.2925445613274,0.1420547597424,-0.0251303840997,0.2127246272959,-0.1770352843102,-0.5348229607358,0.5150829920689,-0.1631875086341,-0.1887842272266,-0.1249527768990,-0.4478776539776
0.3325346206397,0.3265198178420,0.1439356024037,0.5858947393722,0.4286018579839,0.3828820356933,0.4525421346308,0.4416177437288,0.4259609318173,1.0000000000000,0.5387543724771,0.7467552854887,0.6017749142311,0.5702154929987,0.6235510402297,0.5560215512834,0.5846988774552,0.3116157149750,0.4850918192394,0.4316308402800,0.5382118040929,0.6871753332718,0.4726503770914,0.5557920642304,0.2877055469013,0.2722314867521,0.5520266182722,0.3596914085063,0.1703261205243,0.2703595592361,0.4837835861584,0.3687536819515,0.4604594754926,0.2376383735348,0.3051020315337,0.4277769877509,0.5798773658724,0.2308147052494,0.1979069244077,0.4328621814213,0.4833357631499,0.5287205942475,0.4445039984982,-0.0679993892376,0.2808805322814,0.3079455052600,0.4638934517988,0.2223976371236,0.4115803026639,0.6068444237194,0.1834170195418,-0.1161382058822,0.0496651539740,0.1290794034705,0.2570452470539,0.1662145746540,0.0979060013518,0.2012607324253,0.2141453412700,0.3778323146700,0.0796847062258,0.4017693728830,0.0370017109504,0.0056114171800,0.0874182579198,-0.2039416094118,0.2113399291927,-0.1494549550944,0.4160768556495,0.2437590408276,-0.1696023980261,0.3106906009525,0.4539181188304,0.2678616852255,-0.3056199113936,-0.5102929902427,0.1430530822279,-0.0816800135544,-0.1702561067667,0.1451604225456,-0.3654466361286,-0.3543121835299,-0.2064563892766,-0.1080313646805,-0.4101140047872,-0.3764492059153,0.3775748373281,0.2677810322165,-0.3328831970227,-0.0601282657328,0.0913392919271,-0.1450853816073,-0.1602570733688,-0.1862407364128,-0.5918299311709,0.0841240349927,-0.0211137342786,0.0486302469114,0.1257689102507,-0.2904948354171
0.4662385053517,0.3087005859482,0.0677649037793,0.5951649291461,0.6267979058393,0.4976293693555,0.4813744260996,0.5206648596770,0.5980078390394,0.5387543724771,1.0000000000000,0.7332553361629,0.6271409535753,0.5417830065662,0.6389379514488,0.4798712119950,0.6521590658777,0.6810568482865,0.2218316854101,0.6090504744527,0.6787898993594,0.4148135151555,0.7610107527274,0.7705245362443,0.5144030328277,0.4403604133091,0.7055725060536,0.3534426795032,0.2636658816790,0.2986983085192,0.5539733317788,0.3975947467294,0.5263211511147,0.2435780682124,0.4777169615426,0.1219216079249,0.5635638922461,0.4570105059916,0.3151375639123,0.5430084772548,0.4664444835729,0.6205150194772,0.4656485068228,0.1274637877544,0.5252702330081,0.2643756116273,0.3254727412613,0.5344179314505,0.5139302454973,0.6580458339195,0.3221107980319,-0.3723261163153,-0.1038794900652,0.3541299766423,0.4039193079315,-0.0021771729366,0.2440046553129,0.2227735295212,0.1946885376954,0.5325961843267,-0.3008341999744,0.7225387311637,-0.2084074420617,0.0612442591793,-0.1459284486916,-0.3822211845597,-0.1053784631915,-0.0078972219145,0.0853600950302,0.5338649404163,-0.1615978001528,0.1285653646565,0.5460637900566,0.4659159539817,-0.4134219452901,-0.3967434075826,0.4104121881635,-0.2845335912511,-0.1969818755063,0.3966275248101,-0.4660422509242,-0.2687759901957,-0.5270304553361,-0.3794568768272,-0.4502353042709,-0.4792680500742,0.2980445891724,0.0886917345747,-0.4051751012583,0.1737533261873,0.2492485202793,-0.0334720826768,0.0136469176742,-0.3117672459061,-0.7004571356429,0.4413258506298,-0.0609961842737,-0.2126232630973,-0.2442737763550,-0.4760171446528
0.4665316276513,0.3249597187113,0.1677764771653,0.6123862950974,0.5549958775711,0.4460116799208,0.4222791004489,0.5117464234247,0.4942095705160,0.7467552854887,0.7332553361629,1.0000000000000,0.7195720753744,0.5454209119211,0.6119741712476,0.5403471665126,0.6762077157611,0.5267118046184,0.3571887862727,0.5328077220114,0.7015752037867,0.5168563082608,0.7693614524056,0.6484411806124,0.4144518466182,0.3828196264474,0.6307376756443,0.2612042736999,0.0408425214707,0.1430613449857,0.5321866870240,0.4567650461933,0.5558662880478,0.2586760946681,0.4474384155403,0.3516263065701,0.5723590054613,0.2742860314348,0.2702526466180,0.4294497372561,0.3354354392426,0.5689349246414,0.4303462617696,-0.0069384533034,0.3189462532483,0.3186052158001,0.3825183264465,0.3599818576031,0.3408376634357,0.6361783732836,0.3324851542700,-0.2121278462450,0.0270002941652,0.2921633044999,0.2909311603888,0.1213033798530,0.2095945682931,0.2102027047179,0.2446194590551,0.4271984976224,-0.0788677434370,0.5115197206215,0.1223274146191,0.1254015803851,-0.0211417239118,-0.3443183493154,0.1266857426283,0.0050625411508,0.2724666263260,0.3841011075457,-0.0578027216293,0.3944788374535,0.4925890640602,0.3976307386509,-0.3351530088232,-0.3502220237767,0.2657182592463,-0.2743795583412,-0.3145307948185,0.3244718733963,-0.2587941741303,-0.2256486363489,-0.4543221992551,-0.2389321922693,-0.4778697759194,-0.3753483774905,0.3441280560442,0.2326920077243,-0.4591159169132,-0.0105163891394,0.1804611742105,-0.1525199731809,-0.0807351490475,-0.2857562898913,-0.6003474425054,0.2659059605603,-0.1967311706517,-0.0991159473470,-0.1297847804473,-0.4173051198072
0.4953248519578,0.1591448091765,0.2236798524633,0.4646516915062,0.6358468115796,0.6207765806504,0.4647821707178,0.6707818189423,0.6168192812651,0.6017749142311,0.6271409535753,0.7195720753744,1.0000000000000,0.3655946645889,0.4114522909251,0.4738339803797,0.6891898334957,0.5158020423946,0.2469773456383,0.4783746681339,0.4062470096034,0.2574853601373,0.4381971199920,0.5351311808309,0.3407677004920,0.2858244765951,0.4819012457999,0.1418320835812,-0.0768826293111,0.0583838589196,0.4251090831896,0.3403167787631,0.4174115136301,0.1461731307164,0.3875629317469,0.3451513938638,0.3614643471907,0.2508204002567,0.2001303881313,0.2620737628254,0.1964279042473,0.3779199532482,0.2434972459631,0.0183552922557,0.2456776405518,0.0811591454006,0.2734859359600,0.4703891537955,0.3324799508724,0.3724706231215,0.4798986296681,-0.1806577841414,0.2032126827514,0.4577665836483,0.5801866407295,0.2314988969982,0.4920010564377,0.4658702214287,0.5472118690399,0.6216722811754,0.1110015514684,0.5928326118191,0.2635999995659,0.5654395186096,0.0753934143446,-0.2030851867434,0.2812231723960,0.3026196370301,0.4239423666137,0.3511611806892,0.0449467967791,0.1881049658913,0.5605757017256,0.3278598454626,-0.2653705546053,-0.2116529104861,0.1871993214718,-0.2574369190648,-0.2745517272076,0.4370762879561,-0.2237773527333,-0.0152957336324,-0.3889051740155,-0.2146247429363,-0.2631669804074,-0.3395770105292,0.1119950096827,0.1674551784866,-0.3482667823456,0.0681116153177,0.2173951843297,-0.1515125522203,0.0213648055194,-0.2418524894608,-0.4490721128114,0.3989126141101,-0.1283400289133,-0.0560034169210,-0.0293875897616,-0.2566931509773
0.5086947883984,0.6747343979623,0.2712410324429,0.5783657777902,0.4846311954734,0.3014280088959,0.3903562912602,0.4769980509976,0.4275426953547,0.5702154929987,0.5417830065662,0.5454209119211,0.3655946645889,1.0000000000000,0.6915737058047,0.4603677910649,0.4806929686028,0.5300919001808,0.2400521060835,0.4393231334681,0.5326284148354,0.4852170412740,0.4957853349361,0.5243035881649,0.2918439922523,0.3782350312710,0.5460287348090,0.4676723873092,0.2886060974346,0.5896423901802,0.3929096755418,0.2882578713952,0.4040913151588,0.3433660968185,0.4155716045530,0.2530614827424,0.4698181376448,0.3127111943363,0.1954781391817,0.4778414449461,0.4844252809320,0.4969732400038,0.3267400713988,-0.0482696819724,0.4198709961834,0.2368916776693,0.4083100828391,0.1961751680508,0.5209134162466,0.6267210200187,0.3427394699879,0.0041131344231,-0.0670580791662,0.1600499264934,0.1316969429561,-0.0942468097766,0.0903124607949,0.2879043922447,0.1954129585648,0.3798055768155,-0.3252315564785,0.3072816662945,-0.2855099153255,-0.1239456882520,0.2490756394763,-0.4397979013900,-0.0318068499896,-0.1318501764597,0.0987449432678,0.3145175036519,-0.2017818082372,0.0096922586343,0.3450720072186,0.2260980174892,-0.4457671377749,-0.5164211905559,0.1044273755966,-0.1938298611125,-0.1661456524225,0.3003968152427,-0.4462518825955,-0.4811411741991,-0.2876472605106,-0.4418525596536,-0.5128238993743,-0.3928489695567,0.2723990178911,0.0963756330441,-0.5388048987574,-0.0171296419871,0.1408530061361,-0.1824013462080,-0.1125094763425,-0.1976950412924,-0.6985738428528,0.1629082228646,0.1578165128296,-0.2382015132409,-0.2197551890275,-0.5137391449943
0.3988816746848,0.6504356729009,0.1364731407650,0.8841200501206,0.5588891910405,0.3598056384053,0.5961955700927,0.3214992022867,0.3798779000274,0.6235510402297,0.6389379514488,0.6119741712476,0.4114522909251,0.6915737058047,1.0000000000000,0.6888820115739,0.5451438815219,0.4144949006456,0.4793347958168,0.4882858277615,0.5839482414701,0.4509927252857,0.6208099076053,0.6466691019268,0.3656672763932,0.4700234443400,0.6158723247459,0.4822244947733,0.2807993507295,0.4084531434910,0.5445273816121,0.4197968198948,0.5218203196992,0.4632498382736,0.4693798895132,0.4604460070846,0.5947838746141,0.4656740089704,0.3840862323597,0.6498213960431,0.5323286906363,0.6184822182563,0.7345043809910,0.1932238846344,0.4967338818695,0.2840184858095,0.4422047277271,0.3825249034159,0.4994404225672,0.7583510968866,0.1596726220765,-0.1115960709324,-0.0187285337195,0.1931923438867,0.2202769762226,0.1598550972267,-0.1444595081746,0.0086904755977,-0.0472578729820,0.2768029302262,-0.4898211639661,0.2414728554714,-0.4751298712813,-0.3100626861180,0.0188308356838,-0.2396974725210,0.0420419922492,-0.3877772590295,0.2067236147577,0.2681379167842,-0.5252248882727,-0.1438060397389,0.2779336400047,0.2405349740863,-0.6182204696696,-0.5414788438630,0.1435789657049,-0.1323521095553,-0.2032718969717,0.0453943015381,-0.6097156753343,-0.6084470511916,-0.4307832388136,-0.2215585064280,-0.5760409308446,-0.3661188143662,0.4051393381088,0.2970591282875,-0.4400838570557,0.0909380923149,0.2445720481377,0.0341501959419,0.0329386090361,-0.3931689480404,-0.8143036114374,0.1856151645877,-0.0285570159010,-0.3477055200632,-0.3235447556815,-0.6165059184235
0.2849429134270,0.2606283585275,0.1006017039690,0.7853888490894,0.4520719973924,0.3306066936579,0.6856489380281,0.4247663623469,0.4139352413926,0.5560215512834,0.4798712119950,0.5403471665126,0.4738339803797,0.4603677910649,0.6888820115739,1.0000000000000,0.5795278176055,0.3494269417301,0.7754939261041,0.4922016696945,0.5431447745270,0.2853284616350,0.4622416077373,0.6071177423502,0.3353371228267,0.4222958120580,0.4875925415652,0.2493727852342,0.1782155733356,0.2486827117131,0.6515246997787,0.4398863384618,0.4443673838179,0.3657297556833,0.6350409593403,0.7976735728890,0.4911698325221,0.3811082887117,0.3408289827163,0.4871995620581,0.3819074140141,0.4375612606945,0.7162708740741,0.1530397877102,0.3700649492276,0.2205131644022,0.3824105162791,0.2881877088536,0.3662908274182,0.5392846251553,0.1410705363249,-0.1697798053609,0.1408637532179,0.1921383154239,0.2726372412028,0.3781195176661,-0.0392576780001,-0.0047891660329,0.0713272206502,0.3368331201556,-0.2506986909420,0.2275272687259,-0.2620189635291,-0.1520053681148,-0.0741993756182,-0.1389337544895,0.5157605634401,-0.1577361267185,0.5870790284187,0.2576381360102,-0.2750268289513,0.0058549024763,0.4046645143827,0.2508603340006,-0.3275168418440,-0.3207584396417,0.0593611365955,-0.0980716659739,-0.1244978758169,0.1799012774633,-0.3915013469500,-0.3249108165085,-0.3075551827054,0.0867315233345,-0.3812926938386,-0.1841092817586,0.3073512171687,0.4782091683731,-0.2648698656347,0.1043544031746,0.1646267750361,-0.0084661156966,0.0853854140145,-0.4055856982529,-0.6465391311975,0.1282996423248,-0.0477293287571,-0.0838128114937,-0.1168449884170,-0.3882196908483
0.3802099226242,0.0971469770155,0.0827711400831,0.5809209380709,0.5578972834224,0.4823570067765,0.5812929834495,0.5619100165714,0.5564531992082,0.5846988774552,0.6521590658777,0.6762077157611,0.6891898334957,0.4806929686028,0.5451438815219,0.5795278176055,1.0000000000000,0.5915993392408,0.4409111314509,0.6285191704856,0.6873447877619,0.3616400045764,0.5040326656473,0.7354782061760,0.4396748063911,0.4656416488271,0.6102780872923,0.1745848358474,0.1665014086829,0.1331003394758,0.7247114801849,0.4586005396732,0.5821683943461,0.2383786773901,0.3708332212234,0.3587298368066,0.5841372665829,0.4301344397961,0.2609831215927,0.4062208128449,0.3819806808666,0.4237795825487,0.4685157383612,0.1525070092069,0.3806900449303,0.2168067145976,0.3567468779060,0.3695705452335,0.3904236866386,0.6062218120620,0.3310868077113,-0.3733123206981,0.1238777944085,0.3488594832548,0.4573965979267,0.1984626171459,0.1187600044633,0.2316500504259,0.2658823231788,0.5224146700398,-0.1008642181542,0.5331651831232,-0.1092411316738,0.0574113975976,-0.0482047692957,-0.2343200310694,0.2029586645331,0.1855476599397,0.3827663054298,0.3777407565772,0.0294527126062,0.1717285511945,0.5582817436097,0.3875573949521,-0.2690840410517,-0.3042510628994,0.2695669855129,-0.2423438832377,-0.1504963103104,0.4291193440551,-0.2823925645331,-0.1196379073230,-0.4192968569006,-0.2264369278287,-0.3936446644972,-0.3899632439561,0.2806760327284,0.1743512372809,-0.3299273081221,0.1365847940278,0.2060905615639,-0.1203086175815,0.0774026899312,-0.3202024128739,-0.6106211804741,0.2429587085220,-0.1333864526178,0.0420111403547,-0.0883568497761,-0.3496903843525
0.5623141754881,0.2533873970360,0.1038770707001,0.3430948354512,0.6718938084924,0.5739082428118,0.3000424204810,0.7900158777341,0.7300780685572,0.3116157149750,0.6810568482865,0.5267118046184,0.5158020423946,0.5300919001808,0.4144949006456,0.3494269417301,0.5915993392408,1.0000000000000,-0.0761513792888,0.7138349594611,0.5275207797193,0.2479250887810,0.6066626068357,0.6225575962688,0.4820628172876,0.5050240760211,0.6191775619825,0.2481243002975,0.1088859713458,0.3315619291383,0.4775416468435,0.4305621037739,0.2821363265372,0.3080531662805,0.5642180030978,0.0165152329976,0.4338122110761,0.4660685593443,0.2941668989494,0.4455693364325,0.3791676291191,0.5170988553295,0.1055458840293,0.1513286449822,0.4948060054558,0.2242820980655,0.2636471735851,0.5507670392941,0.4747606737299,0.4857506911026,0.4550239521484,-0.4041540685054,-0.1955973279408,0.4685767680369,0.4576494802342,-0.1679858048087,0.4623000519092,0.5276342474371,0.4522608231109,0.6822583942919,-0.3467475440972,0.5868964782872,-0.2065679220809,0.1166471406799,-0.1898953341615,-0.6075842305592,-0.1321624713749,0.2286265398825,0.0050796986079,0.6537330464036,0.0314147786308,0.0633574148815,0.5977414502074,0.5077518445997,-0.3423858736597,-0.1621225395388,0.4018450189436,-0.4594515441751,-0.2790236863275,0.7483762570837,-0.2354576723090,-0.1110299688845,-0.5731845503955,-0.6086308199017,-0.3078176727662,-0.2868314581752,0.2541652272299,-0.0012006270090,-0.5722852805080,0.2035637461384,0.3533160015620,0.0098327264839,0.1354856560610,-0.1243884427336,-0.5787214719925,0.6024676221711,-0.1031707970787,-0.2425571551663,-0.2998182020712,-0.5213176305070
-0.0773178254211,0.0316522821679,-0.0425382009996,0.5749653512495,0.0858205247105,0.0096244873411,0.5632984260999,0.0793448414346,0.1474325950245,0.4850918192394,0.2218316854101,0.3571887862727,0.2469773456383,0.2400521060835,0.4793347958168,0.7754939261041,0.4409111314509,-0.0761513792888,1.0000000000000,0.2084204047209,0.3492274370440,0.2770687045446,0.2087993637250,0.4191352361300,0.1084939781733,0.1388220616843,0.2387511285659,0.1595216557592,0.2550676232259,0.1287971341358,0.4496555712461,0.2025154232840,0.3866738457833,0.1989473186472,0.2201177840363,0.7265046110549,0.3478731180695,0.1572706207014,0.1421638214151,0.3195169567105,0.3038567715681,0.2253165870593,0.6781025473391,0.0293216342475,0.1468728998942,0.1244547396699,0.3041936906712,-0.0462601349383,0.1838721432246,0.3771572209592,-0.1499278049800,-0.0693862324628,0.1792090283400,-0.1295855528051,0.0357612041306,0.3872454058363,-0.3183947301499,-0.2894063359648,-0.1675421613201,0.0730873366898,-0.0809579539767,0.0549364571165,-0.1775325223771,-0.2525994305142,0.0431167630481,0.1800435589717,0.5166094620970,-0.2124651089481,0.6576672037202,-0.0552423499906,-0.2340838391951,0.0152665004314,0.1973818674341,-0.0005072897253,-0.1166037749149,-0.3404341414139,-0.1490475682578,0.1904252102594,0.1020801383861,-0.1399966634609,-0.3533449482920,-0.3151226726409,0.0358287448932,0.3624257342820,-0.3322577287631,-0.1185987858476,0.2023979041799,0.3248734217248,0.0960630428526,-0.0420569796419,-0.1115450336183,-0.0422699039320,-0.0754442984797,-0.4039312930276,-0.4346206043110,-0.2736727040753,0.0212879763279,0.1072042604423,0.1319162465370,-0.0888429351281
0.5376178611030,0.1762072499242,0.0378445688866,0.4644772972874,0.5815603528372,0.4961080846044,0.3982440724980,0.6712583411173,0.7876604229584,0.4316308402800,0.6090504744527,0.5328077220114,0.4783746681339,0.4393231334681,0.4882858277615,0.4922016696945,0.6285191704856,0.7138349594611,0.2084204047209,1.0000000000000,0.5158490157922,0.2684917718256,0.6141075180439,0.7116448607839,0.8241916155212,0.6447320864826,0.8136702820468,0.2029056658302,0.0090712475817,0.1800918975438,0.6323928504635,0.6084459826717,0.4989380741631,0.4323341272218,0.4669091767508,0.1946902746147,0.5799077102222,0.7798811246001,0.2841591397062,0.5520080630099,0.4278661524044,0.6164388174266,0.3974287236543,0.3985327186144,0.6262419926361,0.3090668682060,0.4071069683109,0.5074317865230,0.3619062875878,0.5477964318601,0.3442776143517,-0.5044503636908,-0.1756286179292,0.3331159129938,0.3557098108711,-0.0990751675443,0.2303888508055,0.4075462609312,0.3128461589382,0.7217555760955,-0.4387283042537,0.4566333889420,-0.3253105437877,-0.0568798514234,-0.2748043479303,-0.5312856454146,-0.0727281170627,0.0422063412829,0.1305311336920,0.8401940656545,-0.1837063423743,0.0234409176044,0.6261067549294,0.8029526581537,-0.4207038433453,-0.2290568130379,0.5324173730385,-0.4715921992595,-0.4152688163709,0.5482624592754,-0.2436348226951,-0.1320499892940,-0.6161812146006,-0.4548969139154,-0.3027447461237,-0.3319178618552,0.3976721479064,0.0695596455536,-0.5503487987452,0.4855491248274,0.2651237453998,0.0138209896061,0.3230282470944,-0.1754957409968,-0.6405152818624,0.4828469793438,-0.3189089809624,-0.2146439372214,-0.2748545903245,-0.5888165599899
0.3106775539912,0.2593480380595,0.0587221526833,0.5817572460472,0.3926146999264,0.2088246810554,0.4128795227704,0.3513131132176,0.2916066686002,0.5382118040929,0.6787898993594,0.7015752037867,0.4062470096034,0.5326284148354,0.5839482414701,0.5431447745270,0.6873447877619,0.5275207797193,0.3492274370440,0.5158490157922,1.0000000000000,0.4786273846274,0.7257667583367,0.7115426887056,0.3797612737127,0.5177202713230,0.6079389096928,0.2828803197110,0.2746792153790,0.3120215850777,0.6901363224990,0.5266381096677,0.6016174848700,0.2564305837890,0.4643452324893,0.2582477783229,0.6207384807700,0.3515820247032,0.2712104057966,0.4586856897488,0.3717803361683,0.5371544962403,0.5103410418482,0.0868539063513,0.4725865725550,0.3424634494397,0.3834205562656,0.1715413962965,0.3016417143779,0.7427333343016,0.1806486300999,-0.2798564449556,-0.1192106784413,0.1584116328186,0.0703230929962,0.0333926311597,-0.0365487023684,-0.0408098525458,-0.0717245435488,0.2309718503286,-0.2580676171311,0.4176325618877,-0.1743077812981,-0.2021755747046,-0.0856719580182,-0.3699728389927,0.0201052682879,-0.1842310925425,0.1423940897442,0.4085397988247,0.0055562538373,0.3842001426140,0.4553807970123,0.3519957937384,-0.1708093610200,-0.2584818400117,0.3154823051067,-0.2188529186919,-0.0856902973297,0.3121360554383,-0.2067517906764,-0.1601233187055,-0.3113637446649,-0.2264773299778,-0.3959681810518,-0.3057963328134,0.4143459645145,0.2599073346695,-0.3195546902621,0.0333564610775,0.1071221614214,-0.0965829029654,-0.0060823812498,-0.2800487839403,-0.5872873900366,0.1002951567221,-0.1009989744287,-0.0411991909766,-0.1543927003676,-0.3296246025790
0.0060780654255,0.3161382021640,-0.0975370112655,0.3124833720960,0.1277562631831,0.0470509440711,0.1985895950883,0.2009672754491,0.2228313254846,0.6871753332718,0.4148135151555,0.5168563082608,0.2574853601373,0.4852170412740,0.4509927252857,0.2853284616350,0.3616400045764,0.2479250887810,0.2770687045446,0.2684917718256,0.4786273846274,1.0000000000000,0.4600710073420,0.4793749772311,0.1199497341030,0.2188542524915,0.4207142306989,0.5266941779633,0.5501414949393,0.5292682830888,0.3557941301825,0.3147303584593,0.4326593903493,0.2850404425801,0.0935131017349,0.0566899367835,0.4990392633656,0.2272438798402,0.0519660739013,0.4807660714996,0.5404753183469,0.4232700667405,0.3198611006440,-0.0420769619987,0.4087335453969,0.5507693595007,0.5682037752617,0.0044890679308,0.5356035330217,0.5186812435688,-0.1462704472835,-0.1266292747527,-0.1913881676382,-0.1517168013609,-0.0174080155626,-0.1609701593769,-0.1138496866311,-0.0088905956044,-0.1258540703797,0.1407746645018,-0.1040691554421,0.2910976494462,-0.1726189907577,-0.2777913764750,-0.0240487690696,-0.2669478557305,-0.1213239994592,-0.3039068063054,0.1101535545178,0.1529475062427,-0.1884518350945,0.4112903321831,0.3557602968893,0.1034768058769,-0.2316517937939,-0.4517122306613,0.0320532014040,0.1867450991843,0.1587007837335,0.0998875228613,-0.3145858093427,-0.3388041128174,-0.0055232005889,-0.1803975225930,-0.3546650937769,-0.1686721124118,0.2910366455766,-0.0582456677324,-0.2781301854157,-0.1134199451303,-0.0267842451267,0.0427995885124,-0.1888821322360,0.0231851668497,-0.3896498418662,-0.0975470010639,0.2793717383872,0.0888031004549,0.0393816201484,-0.2968887292471
0.4716153863057,0.3737981201374,0.0491304939379,0.5691328494661,0.5361247657133,0.3152216104840,0.3467482064607,0.4012176303944,0.4588880034470,0.4726503770914,0.7610107527274,0.7693614524056,0.4381971199920,0.4957853349361,0.6208099076053,0.4622416077373,0.5040326656473,0.6066626068357,0.2087993637250,0.6141075180439,0.7257667583367,0.4600710073420,1.0000000000000,0.7267000473392,0.5438424078238,0.5641147215103,0.7454666525914,0.3486832419930,0.1633591228699,0.2611813317574,0.5594286834403,0.5564970599116,0.5745080307147,0.4440814178789,0.5069428927278,0.1336776865624,0.6384390061727,0.4524469493538,0.3655612718708,0.6608065832555,0.4340799633353,0.6994608175823,0.4790798743400,0.2006976928538,0.5478370840435,0.4826335637637,0.3830356492678,0.3892273305905,0.3789702221430,0.6585648535963,0.2538703524815,-0.3449335059944,-0.2290776078651,0.1969560024459,0.1402312398625,-0.0879345737848,0.0628002110248,0.0269971714185,-0.0048839046045,0.3498445452269,-0.5047612583338,0.4875412832629,-0.2562197572771,-0.1719842297144,-0.2452891554130,-0.5289503814883,-0.1635157753804,-0.2191354446894,-0.0012634458082,0.5379212489097,-0.2627513749851,0.2899671233012,0.4715536995142,0.4953141982147,-0.4312780430672,-0.2883142517580,0.4521666158119,-0.3423985112053,-0.2907857709500,0.3490072588373,-0.3181425595527,-0.3005150366329,-0.5509547064187,-0.3736050949631,-0.5024089071168,-0.2642809921344,0.4800344745507,0.1824093997277,-0.5034034437029,0.1427667319947,0.2571651967576,0.1199735700037,0.0791647179941,-0.2514484884100,-0.6692847501014,0.3412687260375,-0.2189493898293,-0.2896920868741,-0.3449449407791,-0.5832580971867
0.3996672876935,0.2547407631878,0.0114618865562,0.6010979234111,0.5827961242891,0.4530014919917,0.5795833569976,0.4806334703848,0.5906755529282,0.5557920642304,0.7705245362443,0.6484411806124,0.5351311808309,0.5243035881649,0.6466691019268,0.6071177423502,0.7354782061760,0.6225575962688,0.4191352361300,0.7116448607839,0.7115426887056,0.4793749772311,0.7267000473392,1.0000000000000,0.5219334846345,0.5151768323636,0.7583739407936,0.4132271257357,0.2681208089761,0.3168590005296,0.7319946066113,0.4495863902871,0.4994468815155,0.3495368621445,0.4798146213409,0.3322479526661,0.7220685417908,0.5232980858386,0.3685305255175,0.6500875541414,0.5105588280757,0.5976200795809,0.5427435961552,0.1581326364804,0.5391646692648,0.3774274735079,0.4272649560660,0.4297705392914,0.5020797823909,0.7004680875391,0.2491201119197,-0.4290908379920,-0.0295300620593,0.2562389317015,0.3850979103041,0.0984907528938,0.0652707073190,0.1281288210250,0.0974788896355,0.5226014396480,-0.3761979031681,0.5871793134175,-0.3244842534151,-0.1183750316666,-0.1921911061297,-0.3386788511590,0.0388253430944,-0.0835385725598,0.3070632131109,0.5437408979095,-0.1503123281640,0.1838776229192,0.7630673256193,0.4965443672007,-0.3706597535447,-0.3994687472924,0.3779287758216,-0.1695887816100,-0.1682658142525,0.4063904886656,-0.4572380618345,-0.3198817745894,-0.4982467956985,-0.2763365234207,-0.4434223343975,-0.3687027202353,0.4677336401946,0.2254994996498,-0.3773043804977,0.1969669934500,0.2992175377187,0.0530817666917,0.0393353002433,-0.2731525197009,-0.7296506681130,0.3529090287942,-0.0859794768935,-0.1653377617372,-0.1732550958409,-0.4559929992808
