1.0000000000000,0.2726689744433,0.6869850106420,0.5698840438094,0.7066475771160,0.6958379839708,0.3765673514485,0.4324320896279,0.3754631079882,0.3508217488345,0.2133785772106,0.3155967811532,0.2249779420117,0.4390927163278,0.3728614234506,0.5123390911676,0.1028455293627,0.3867485528719,0.1299568312454,0.3562804557135,0.2346158709672,0.0517049850259,0.2370166926150,0.1584868819501,0.2157045093405,0.3043737771126,0.4397665958242,-0.0303494668009,-0.2812564743902,-0.0336618046205,0.1145500410182,0.3394740569588,0.0977164840854,0.3608789052632,0.5234765783726,0.4224517669856,0.2488635472383,0.2621689395242,0.2360940286623,0.3766974599481,0.3005203952877,0.2427205173614,-0.1218945174517,0.3138890186294,0.1726568645709,0.2406241765330,0.3860316591078,0.4690065013184,0.0102607777247,0.3090421160336,0.8224400212027,0.0929642349374,0.1863600950647,0.6844971207267,0.4569795873994,0.2958550266391,0.2739613156816,0.3639775685689,0.2967299074374,0.3971186527079,0.1143074064797,0.1622534909100,0.2530666002848,0.1099232537878,0.2357912237128,-0.2263801386197,0.2036149257006,-0.0540713360339,0.2451271648146,0.3694586229333,0.2042034273857,0.2241581169684,0.4171156181436,0.2270645405272,-0.1710786128215,-0.0430002292005,0.1932355049612,-0.2120591451393,-0.4237635952826,0.2499242181728,0.1103465824870,0.2289446737377,-0.2561383584808,-0.3936420024067,0.2820510721995,0.0940640543026,0.2140162610365,0.1516476625675,-0.3831521730873,0.2817017610116,0.2931668504227,0.1608727616459,0.3180907879529,0.0892575791822,-0.1534422056673,0.5128093163326,-0.2059238976069,0.1245116635048,0.0617470874685,-0.0269193912142
0.2726689744433,1.0000000000000,0.5866812595281,0.2820494146520,0.1510488579396,0.1113126695094,0.1232787836101,-0.1490669394915,-0.1440121542294,0.2785701771077,-0.1496032348551,-0.1180071596957,-0.1535284371054,0.5486491401059,0.5002761228291,0.1060873902780,-0.1733790216599,-0.1214470158674,-0.0385659699252,-0.2734445174503,-0.0395625724497,0.1732345821702,-0.2262744683652,-0.1938947037767,-0.2554716340761,-0.1360355840333,-0.1934503077895,0.4039936263186,0.2394482332325,0.5251438508554,-0.1672383578166,-0.2464646582044,-0.1703060336666,-0.1123957944977,-0.0615142510327,0.1182257036537,-0.1697614285337,-0.2133982007322,0.0433603938557,-0.0576452779195,0.1292676382083,-0.0570874823679,0.0035859817981,-0.1744327756093,-0.1518216859350,0.0155616632621,-0.0368337214903,-0.1760450412913,0.3467046256333,0.1385500855544,0.2906101585137,0.8064027843778,0.2773706163505,0.1404019575950,0.0900579149578,0.1788354561931,-0.2561648329891,-0.0770464060056,-0.0587217435957,-0.1454031884864,0.0556115888381,-0.1450782052715,-0.0781546338223,-0.1275350765235,0.6043163805246,0.0633428330611,0.0798433277664,-0.2108248138544,0.0041749841057,-0.2660934822206,-0.1558446143110,-0.1476403084957,-0.2251914566744,-0.2873994814017,-0.2325435409849,-0.3232537086827,-0.3024597261132,0.3321217525488,0.2698597506567,-0.2410096310687,-0.3154501905722,-0.3409588008441,0.3426391401062,-0.1244255533787,-0.1660292337661,-0.1127932642736,-0.1559876931339,0.1111566587541,-0.1273285065514,-0.2602706859785,-0.0529462310655,-0.1616559668832,-0.2343006557949,0.0395388933877,-0.1400080889128,-0.2077037959347,0.4790410148594,-0.1868501570311,-0.0372256605467,-0.1213628092705
0.6869850106420,0.5866812595281,1.0000000000000,0.4709893445783,0.5241577242634,0.6684613739772,0.4921648392056,0.2307503705990,0.1561175630418,0.2580748839958,-0.0971297066195,-0.0367163408885,-0.0317959765221,0.3512439158148,0.2961226823128,0.3457683593105,-0.0488513530180,0.1617823350404,0.0853726213370,0.0210465481738,0.0714009614780,-0.0702158448847,-0.1584094777526,-0.0206916415565,-0.0550722735471,0.1675633548839,0.0951438107999,0.1530245515917,-0.2723299584865,0.0361462617020,-0.0469433089497,0.0718454439288,-0.0210536011063,0.1977348657721,0.3696830846832,0.3898465264334,0.0100810051312,0.0660837146193,0.2125205086478,0.1191766597052,0.0221211064656,-0.0404077039636,-0.1772463283363,0.1629561665649,0.0347785178069,0.0057539174820,0.1266898036648,0.2280554866085,-0.0255367378278,0.1556632437102,0.6496863737841,0.5176872363317,0.2736106757477,0.7370455503371,0.4742005139392,0.4421260992054,0.0791325384185,0.2489602499398,0.2064862598545,0.1724071521806,0.1624646284516,-0.0373423860958,0.1376552009269,-0.0181972004396,0.4374555635250,-0.1192049295062,0.2090538415520,-0.1103372560303,0.2036331265964,0.0612834422552,0.1460381418852,0.0025269094160,0.1503592060629,-0.0419688075130,-0.1892366785898,-0.1306182471385,-0.1015579831109,0.0051080872255,-0.2089514905731,0.0985492331106,0.0201810119404,0.0198963941493,0.0819103386224,-0.3040574495353,0.1017077226964,0.0337712377721,-0.0025696911755,0.2530329267308,-0.3253932821876,0.0734583952286,0.1959153994072,-0.0367934091831,0.1575787276586,0.1204389584688,-0.0475467475100,0.2698881240378,-0.0130121038285,-0.0178018570075,0.0324550038522,-0.0154785417437
0.5698840438094,0.2820494146520,0.4709893445783,1.0000000000000,0.5700018804276,0.5635745936734,0.6610956158992,0.2861462892093,0.3640746775781,0.2523890473553,0.3767470021301,0.4199204475057,0.2804783159777,0.3567742837778,0.5822318637175,0.7260874316960,0.2755716065146,0.4656795333707,0.3818351951296,0.3044332691606,0.4521100520378,0.1326398993240,0.3598262310770,0.3356270136446,0.2063341938482,0.2748510968861,0.3512280563623,0.0650516059245,-0.1879363448075,0.0228239990943,0.3019356983845,0.3662789939225,0.1757109695439,0.3039400268561,0.5913595059758,0.5747716493315,0.1743486690907,0.1332483118923,0.1484096455119,0.3457103711186,0.1618995447150,0.0886443236960,0.1361929247855,0.0560236703201,0.1064445000848,0.1144597005333,0.3711703872123,0.3479859974151,0.0242981911354,0.2740277337497,0.4333518465073,0.0365721435301,0.5622763792683,0.6204776506696,0.3716740122839,0.5395377087899,0.1122668366551,0.1690308280823,0.1734421397708,0.3358976702693,-0.1701429060958,0.2529583431539,0.0737388716764,0.0250436131366,0.1349652363990,-0.1020604629182,0.4317480712175,-0.0019143854702,0.2956106358286,0.3007718365858,0.2350179689727,0.2120406465408,0.3719176436820,0.2223337628860,0.0086921767042,-0.0074088594727,0.0804149770408,-0.0804077849078,-0.3472403232057,0.2602937917949,0.1171205035378,0.2422895587790,-0.3133624510223,-0.1559596979160,0.1348603727406,0.0010103380020,0.1122065688575,0.2195228247921,-0.2060507380723,0.1715455967286,0.1224478399508,0.0434681254591,0.1653833841200,-0.1113860801769,-0.2997355167422,0.3598212366767,-0.2387304933084,-0.2150765815864,-0.2549864868449,-0.0179379770563
0.7066475771160,0.1510488579396,0.5241577242634,0.5700018804276,1.0000000000000,0.7778422872162,0.5086142531546,0.3171524085242,0.4117055903878,0.1816162620755,0.2467043906626,0.2456088701150,0.1286533846398,0.3511293779547,0.3578623512120,0.4778688886050,0.1581379676690,0.3755796594446,0.2163015579630,0.3759858050941,0.1906652644057,0.0524565536955,0.1930754904259,0.3329383890065,0.1937535875920,0.1344299779501,0.2482195934835,-0.0247062231736,-0.0374165867133,-0.0532518742049,0.1541489576763,0.1340299767192,0.0189014381429,0.1013666740310,0.4792892307128,0.5027685842633,0.2137333789165,0.1461169969634,0.2349245606640,0.1698182920412,0.2893833118085,0.0749123472808,-0.0633420169686,0.1139411397254,0.0156557116958,-0.0006553436954,0.2128793255231,0.4673651547286,0.2573420319209,0.1433022728931,0.7759505792471,0.0068251349970,0.2126629587487,0.7041714436306,0.6713398133767,0.4884306706988,0.1790567833807,0.2570551033759,0.2454030430123,0.3990981120330,0.0042786249821,0.1646422466888,0.0447878059387,-0.0136475241951,0.0748329100503,-0.1551530506106,0.3006219386626,0.0421597337047,0.3783277468368,0.3082112193861,0.2317577665670,0.1130273251652,0.4247583173884,0.2294515091756,-0.0029277777685,-0.1405025832334,0.0865299171655,-0.1346246622623,-0.1990693447925,0.2428053502623,-0.0458788298018,0.0789492832615,-0.3267293706792,-0.2374944584055,0.0673317838533,-0.1874918779301,0.1906814599466,0.2696665453013,-0.3022118757410,0.1852681260653,0.2614128255340,-0.0702709904077,0.1145116556086,-0.1129758661909,-0.3350338795075,0.4267133259930,-0.0935086502890,0.0600124810254,-0.1462792038799,-0.1143578683035
0.6958379839708,0.1113126695094,0.6684613739772,0.5635745936734,0.7778422872162,1.0000000000000,0.7169768059152,0.3735235795719,0.4128366302836,0.3495054765570,0.2590887912917,0.2400356035996,0.2463502885829,0.2487494423616,0.3402927698223,0.4473637524377,0.1687967282163,0.3293185044051,0.1383634688479,0.2822627555780,0.2106025927167,-0.0392229037851,0.1266709832471,0.3124286916988,0.1935393392424,0.2076874908945,0.3462433132606,-0.0541429292342,-0.2993926914433,-0.1476322117002,0.1697170555964,0.2679878156877,0.1340547897792,0.2814804283678,0.5559020143896,0.4390538706208,0.3274416215771,0.1762543490288,0.4040869196363,0.2828040325059,0.1713882630459,0.1357980429359,-0.0644229723666,0.2072123706782,0.0871831614186,0.1187950182942,0.2423538493436,0.6642180297277,0.0060515548236,0.2864434054405,0.6437114888881,0.0066881459268,0.2114620853698,0.8402657774328,0.8274339399265,0.5571579820894,0.2755503536103,0.3256651728798,0.3386147349920,0.4181332892380,0.1915275687535,0.2343192216001,0.2249711483071,0.1150890875057,0.1231250128391,-0.0351026997219,0.2015052847591,0.0516032098662,0.2853182971191,0.2767893360644,0.1969361361384,0.1528483960744,0.4559270309706,0.2135184891199,-0.1376240831933,-0.1084713007308,0.1393936441544,-0.1842894285390,-0.3534335635602,0.2656928797855,0.1101366400226,0.2071752248653,-0.1804183861728,-0.2598102701670,0.1838540151871,-0.0047624788412,0.2860148215138,0.3163166312201,-0.2274688285006,0.2269073608541,0.4410809651771,0.1193858171472,0.2347229413705,0.0523464007317,-0.0998409724937,0.6423571769871,-0.1974340560996,0.0997490539158,0.0998303106357,0.0800188093474
0.3765673514485,0.1232787836101,0.4921648392056,0.6610956158992,0.5086142531546,0.7169768059152,1.0000000000000,0.1644042723256,0.2729249883816,0.2751040469719,0.1942089565982,0.1427279126931,0.1650791316999,0.1509203285519,0.4239131145005,0.4192730698707,0.2653835778791,0.1916098168676,0.2856109255677,0.0973736137676,0.2782297119280,-0.0282682267716,0.0527817272596,0.4034253412346,0.0176308394551,0.1164654030431,0.1378507802279,0.0233696894366,-0.1675044213128,-0.0571094294008,0.2635619488586,0.1530139495328,0.1744384284223,0.1008147680709,0.4080174062370,0.5034439871694,0.1978316784778,-0.0012684811372,0.2864431199902,0.1481017059836,0.0020619848384,-0.0602273235675,0.1061285644079,-0.0302334589602,-0.0047163863014,-0.0178719919627,0.0756989303252,0.3591892031849,0.0456534485309,0.1757570644335,0.3374544791483,0.0669442097828,0.5029803894708,0.6025508060711,0.7090233833835,0.8097038905975,0.0305050708962,0.1243123976232,0.1857376987864,0.2684779699321,0.0601694762246,0.1358659317250,0.0363430251951,-0.0334489140899,0.1863634232692,0.1347005906583,0.3804263691681,0.0675537352268,0.3801266353562,0.0486138758163,0.1140970099232,0.0173122423063,0.2690910590677,0.0190810260836,-0.0022325669322,-0.1476845538628,-0.0473108403564,-0.0678645467723,-0.1961237853284,0.1616763270155,0.0167668267058,0.0848493901286,-0.1545613283060,-0.0493029802072,-0.0649208720382,-0.1166023024287,0.1760553775245,0.4772650806681,-0.0902143156496,-0.0071023277375,0.2263519702502,-0.0017285876104,-0.0048714198119,-0.1265310711355,-0.2018648677934,0.3101518435707,-0.0838588908986,-0.1255829067989,-0.0307239618588,0.1079496992999
0.4324320896279,-0.1490669394915,0.2307503705990,0.2861462892093,0.3171524085242,0.3735235795719,0.1644042723256,1.0000000000000,0.7834471743095,0.1690354093433,0.3672059095676,0.3575336270724,0.4184016939075,0.1795495432371,-0.0086038704472,0.5318571886971,0.4303181302125,0.6986946741974,0.5331014269146,0.7562293114733,0.3489655447822,-0.0250025407643,0.2432320033839,0.2909180632989,0.3658032514368,0.4892938812777,0.5217157008791,-0.0644946025253,-0.2630289982457,-0.1714338260573,0.2844850236259,0.4560119841111,0.2394522537095,0.2947253390353,0.4664315689448,0.3680153849172,0.2867973329922,0.5861491658870,-0.0109241536327,0.2461475671216,0.1244735190685,0.1985149396461,-0.0973960434597,0.5099068354142,0.4781850352504,0.1170898740038,0.3421147453499,0.3221646155631,-0.1506207812835,0.1438976998908,0.2554731245247,-0.2841872120480,-0.1299763365795,0.4656359305243,0.2051352406478,-0.0206848741813,0.5573087648988,0.7510157420613,0.6053507505187,0.7055298340582,0.0176636969682,0.1926482317650,0.1998655908241,0.2554692998591,-0.1672776244054,-0.4692394423825,0.1797260823363,0.2084354598763,0.3878286448983,0.5627517051083,0.3107692933355,0.1636308265813,0.6241917843650,0.3586870111454,-0.0375232006946,0.1186821356327,0.2368251014035,-0.2413556747206,-0.3952425247991,0.4297542842124,0.1636519482289,0.4413856190821,-0.4125423016691,-0.4659901750902,0.3496043811650,-0.0404384680579,0.2002739769222,-0.1773674806528,-0.4484510178605,0.4210084109721,0.1484366357650,0.1079326090259,0.5279390659332,0.0494359611156,-0.0695817518515,0.3978006824513,-0.4045808770899,0.0484454714348,-0.0714822250243,-0.0509019393543
0.3754631079882,-0.1440121542294,0.1561175630418,0.3640746775781,0.4117055903878,0.4128366302836,0.2729249883816,0.7834471743095,1.0000000000000,0.1553689989821,0.3922534594741,0.3678853624549,0.3205742315120,0.2170275323374,0.0329583753241,0.5015815527666,0.3360430153261,0.6094478644752,0.5640851469268,0.7518765999020,0.2364366156044,0.0116031106381,0.2756440096946,0.3880822168979,0.5089437680988,0.3092344947007,0.5284445359694,-0.0091430428733,-0.1935084549292,-0.1493215819075,0.1920705883562,0.3021689285679,0.1659698575983,0.1912662131609,0.4268108942591,0.4410923962929,0.2681828336411,0.4179220876035,-0.0605039926277,0.2403717692403,0.1533392268423,0.1611542948555,-0.1123891548982,0.3720586153864,0.2356784015563,0.1498988917596,0.2670078842752,0.3152725068230,-0.0594441479748,0.0799347673860,0.2550407546242,-0.3103262512773,-0.0284733806164,0.4273972202724,0.3349443872764,0.1213630003510,0.5400402862150,0.6799814260760,0.5966128855734,0.9240651443606,0.0186395328222,0.2684689042358,0.1414404025462,0.2051204651911,-0.1990669431948,-0.3600856926217,0.2656118830591,0.2188617488674,0.5499730687116,0.5854235396198,0.3460574974285,0.2105751244269,0.6548772637840,0.5550774174622,0.0242076381311,0.0315127269862,0.2856530542758,-0.1614128259182,-0.3246897386482,0.3776543009613,0.0864941370805,0.4022418603480,-0.4408270698391,-0.3518645264486,0.2655875010211,-0.1162816445074,0.1486706669979,-0.0978888979240,-0.3671563727859,0.3880649209789,0.0812531136886,0.0751407576440,0.3972254635388,0.0227717710385,-0.1908640543870,0.3697449131919,-0.3561915224614,0.0869740158567,-0.0854906311852,-0.0366628750981
0.3508217488345,0.2785701771077,0.2580748839958,0.2523890473553,0.1816162620755,0.3495054765570,0.2751040469719,0.1690354093433,0.1553689989821,1.0000000000000,0.4088921511128,0.5272967633101,0.4995385658487,0.4072490239768,0.5546946712025,0.1726959483412,0.3664866649969,0.0257426050598,0.0832940816799,-0.0040531661217,0.4481545645071,0.5772240342869,0.2204539954461,0.2043082024904,0.1015353650735,0.0664198478583,0.2743974062823,0.0801162538729,0.0952429801424,0.1627240656782,0.2903131200123,0.2012158763235,0.2964226787144,0.1937047405307,0.0486740688849,0.0830995487914,0.4213428626481,-0.0192309625162,0.3210815724795,0.2661618645359,0.4277542695961,0.4557489155586,0.2642916123396,-0.0015697786452,0.0519068595321,0.4572251358783,0.3223331823614,0.2423572657039,0.1854923331808,0.5918616135067,0.2013556926450,0.1641450663406,0.0172475704467,0.2394516720901,0.3581346025406,0.2601956761812,0.1007133821960,0.1013307372890,0.1384795362015,0.0923519325647,0.5735437282397,0.2832264208775,0.3630577065889,0.1991473005282,0.2967003788589,0.1116847941331,0.0021008930734,-0.0960911845125,0.0946016913999,-0.1133200940721,-0.1572370062098,0.3012348640606,0.0980289900064,-0.0779337334838,-0.2651491402227,-0.3546351946500,-0.0322007943923,-0.0190677759176,-0.1132115639802,-0.1013639522795,-0.1469759641651,-0.0276061394426,-0.0511338267541,-0.0921686040489,0.0043663969166,0.0234068284341,0.3647871420453,0.2176283476086,-0.0538207740999,-0.1229756069914,0.2585309208803,0.1430322068060,-0.0581408282071,0.1076423781848,-0.0144733094184,0.1473132519611,0.0677571823052,0.2992377193908,0.4470927177843,0.1633463397189
0.2133785772106,-0.1496032348551,-0.0971297066195,0.3767470021301,0.2467043906626,0.2590887912917,0.1942089565982,0.3672059095676,0.3922534594741,0.4088921511128,1.0000000000000,0.7450839298537,0.6542382434818,0.1465388039246,0.3415739317323,0.3735955196944,0.5275194590009,0.4694199637933,0.1977651621229,0.4536143884774,0.6562156468400,0.3879127481094,0.7293523895657,0.6182249995499,0.4160324647045,0.2706139457575,0.5528201924925,-0.0499451060166,0.1238032398713,0.0552676585139,0.4552972634793,0.4237719669575,0.4342741741090,0.1299068047018,0.4354060433712,0.0709409163320,0.5970147232735,0.2781430164455,0.3085043285961,0.3155326773533,0.2689976375013,0.4164366197522,0.3591859469433,0.0853704522009,0.2974204559021,0.2692972360658,0.3747397666594,0.4339879765938,0.0768312304224,0.4115348697570,0.0231631440994,-0.3504545968908,-0.0514671534868,0.2003423988566,0.1496640299324,0.1036526099945,0.4098703895018,0.1918268406562,0.1863728490382,0.3300367749126,0.0552925832292,0.7577056129190,0.2748800259208,0.3008127391250,-0.1558825910124,0.0020517521858,-0.0251444601487,0.1121131465857,0.0482383492494,0.3668163447574,0.1392801063852,0.4699047542594,0.4785510612514,0.3310536067572,0.0532690101844,-0.0331468703547,0.2977223738023,-0.1632957628082,-0.1506766708916,0.1910498639176,-0.0184430066324,0.3068478049226,-0.3735909035188,-0.0494761458513,0.1705543803413,-0.1612341069684,0.4262453535863,0.0760757570221,0.0662750934349,0.1768235305893,0.2632196599040,0.0845651206211,0.1238334913365,-0.1449624896617,-0.3178920835007,0.3977965749856,-0.1856821263074,-0.0119322789726,0.0523840095318,0.2163633333288
0.3155967811532,-0.1180071596957,-0.0367163408885,0.4199204475057,0.2456088701150,0.2400356035996,0.1427279126931,0.3575336270724,0.3678853624549,0.5272967633101,0.7450839298537,1.0000000000000,0.7300339855425,0.2434606036658,0.3128936866314,0.3596741100663,0.6023602330125,0.4762842622395,0.2261604939628,0.3552895820820,0.6573022334114,0.4664687981645,0.7333357153830,0.4312756538227,0.3448293421772,0.2775657674584,0.5768584965092,-0.0648286018068,-0.0375640551437,-0.0317556434595,0.3987984386551,0.4238753524484,0.3502520455611,0.2626279196974,0.3874226864871,0.1131276503045,0.5500117809725,0.2088995650868,0.1868479721071,0.3985859844078,0.2877248158964,0.3299045559170,0.1342897258606,0.1071858050990,0.1652915926893,0.3694209152404,0.4420524069727,0.3881474886163,-0.0224097101967,0.3691765652756,0.1100181534918,-0.3008848447020,0.0397251369933,0.2107039302951,0.0962120361710,0.0547354516060,0.4164544691023,0.2511027814134,0.2517028258170,0.3220502768279,0.1433999517973,0.6132938303712,0.5686513481609,0.4548060994971,-0.0845469892366,-0.1469799482508,0.0466087370611,0.1581636910428,0.0727567831976,0.3186807918737,0.2608888827554,0.6537631494299,0.4506835707732,0.3212521369938,0.0366024601386,0.0158589250234,0.2874530238061,-0.1701815277279,-0.2889122869198,0.2692964776818,0.1684105267981,0.3385460912340,-0.3915238973815,-0.1531252931338,0.1082809762032,0.0033461721440,0.4149954687246,-0.0179136795524,-0.1290789199881,0.1771852128628,0.1711981188572,0.1389196804516,0.1825238103109,-0.0520643671117,-0.1972553646097,0.3347872391415,-0.2680332336464,0.0538198513960,0.0188800715912,0.0870631795528
0.2249779420117,-0.1535284371054,-0.0317959765221,0.2804783159777,0.1286533846398,0.2463502885829,0.1650791316999,0.4184016939075,0.3205742315120,0.4995385658487,0.6542382434818,0.7300339855425,1.0000000000000,0.0573261242324,0.2509948709905,0.2730818156027,0.6938712750719,0.3918627697864,0.1413740118588,0.3326097516603,0.5482395453047,0.3046873356548,0.4358981627666,0.4479752950309,0.2994784485966,0.3291980483670,0.4767830300848,-0.0820800411367,-0.1077459563723,-0.0749590262137,0.4356164112522,0.4541208991352,0.4640672148081,0.2655073786641,0.2659410256287,0.0267494801293,0.5510652745604,0.2981480430543,0.2653964919829,0.3072334405959,0.1934410596803,0.3729212297952,0.2616933977674,0.1991728453651,0.3190187108071,0.2485574053454,0.4100312131485,0.3837798271025,-0.0645222175493,0.4075484981887,0.0439630585105,-0.2869568288710,-0.0549547270738,0.2563403900659,0.1855233042152,0.0654403397906,0.5248680213097,0.3219801597734,0.2466029614463,0.2489292404091,0.1329903950576,0.5450391203626,0.4895446917712,0.6644748859972,-0.1149181809717,-0.0474184568921,-0.0693419159788,0.1166671268532,-0.0124299194668,0.2392738021034,0.0149609579458,0.3249964163073,0.4034825682441,0.1877871809403,-0.0871847360319,0.0254346350953,0.1993147794862,-0.2135101897229,-0.3026399611455,0.1776667167327,0.0502869677014,0.3535103597659,-0.3308476435686,-0.0925159422876,0.2587689990852,-0.0422641948527,0.4154190306362,-0.0144778964540,0.0312226406968,0.1781314044826,0.3043116243872,0.1381494036053,0.2300654269151,-0.0455615299633,-0.0583002309014,0.3620415660201,-0.2722041017829,-0.0117458129844,0.0608477742997,0.1590618701071
0.4390927163278,0.5486491401059,0.3512439158148,0.3567742837778,0.3511293779547,0.2487494423616,0.1509203285519,0.1795495432371,0.2170275323374,0.4072490239768,0.1465388039246,0.2434606036658,0.0573261242324,1.0000000000000,0.6098603974955,0.3269416824794,0.0030408263942,0.2293521992307,0.1518276355079,0.0813838090026,0.1600196446989,0.2945068321410,0.1870069402756,0.0814577293748,0.1015536088862,-0.0277220405386,0.2350019880778,0.2670431918772,0.2672842800575,0.4753073047686,0.0349434544313,0.0406156446591,-0.1184055494964,0.0909525226293,0.1867128883193,0.2126722307730,0.1322875995944,-0.0045994689553,0.0564447930469,0.2366877570944,0.5101411583184,0.2652566679005,-0.0762334232487,-0.0772513820241,-0.0770446330926,0.2455120561400,0.2191577381425,0.1841159212963,0.4496183350257,0.4449182960985,0.3570372259031,0.2399045651110,0.1576348115296,0.2288071483353,0.1983555973688,0.0582897144568,-0.0045823345247,0.1379495759268,0.2035849074246,0.2031996130103,0.0955530838885,0.1149038912697,0.0955098988419,-0.0134476770938,0.4824501420761,-0.0369644171545,0.1302137470575,0.0096213081272,0.1736031985628,0.1121961660071,0.0765921583082,0.1934480994467,0.1800316823156,0.0882468685857,-0.1947729712832,-0.2949355596335,0.0586176048190,0.1308840041599,0.1164503752564,0.1195879234259,-0.1452398878150,-0.0279363084389,0.0398679015852,-0.3119657691727,-0.0301350119982,-0.0084877339665,0.0503088122409,-0.0225344660237,-0.3073763997409,0.0182382975115,0.1519767371607,0.1617479547663,0.0025577295690,0.1674746356356,-0.2454639617331,0.1416039879142,0.2785133547603,0.2246069606824,0.1276541905563,0.0007023115485
0.3728614234506,0.5002761228291,0.2961226823128,0.5822318637175,0.3578623512120,0.3402927698223,0.4239131145005,-0.0086038704472,0.0329583753241,0.5546946712025,0.3415739317323,0.3128936866314,0.2509948709905,0.6098603974955,1.0000000000000,0.3658386343837,0.1933301574283,0.0468692178899,0.1366036488945,-0.0188499892581,0.4045021836302,0.3934505752808,0.2773977260286,0.3134746099932,0.0384034373342,-0.0309174391592,0.1418976796054,0.1178864650498,0.2739672723013,0.4202612904858,0.2842486103310,0.0827569466882,0.1216331371871,0.0514128695711,0.1880697703956,0.2829168756162,0.2439177731985,-0.0513880840603,0.3695005028020,0.2581444239531,0.4493297765795,0.2846028949144,0.4522920307164,-0.2185507622509,-0.0154184922194,0.2045429967483,0.2678313648918,0.3018192173267,0.4199167624112,0.5784850192994,0.2815602464266,0.2504443187321,0.3152136700866,0.2513499060033,0.3158852863324,0.4704285668444,-0.2217151272348,-0.1103159810287,-0.0559498019093,-0.0278650724183,-0.0232176964862,0.1872498053423,-0.0848971255573,-0.1443552523970,0.4812031889848,0.3375451707122,0.1548588019220,-0.1842193376271,0.1496612596604,-0.0919510107108,-0.2273557534832,0.0275698957670,-0.0020418124350,-0.1152082947337,-0.2008110995996,-0.4220175680065,-0.1264387798100,0.0400437674668,0.0279403756670,-0.1517011751268,-0.3488933282419,-0.1968340783875,-0.0602583241152,-0.0270064020363,-0.1490365638794,-0.1431901383009,0.1884237086156,0.3791072322988,0.0039143554070,-0.1248508146598,0.2680188548425,0.0888139791942,-0.2109100023243,-0.1900513247905,-0.3777823026883,0.1525610226678,0.2293060697427,-0.0142706357198,0.0442905123376,0.0235212216427
0.5123390911676,0.1060873902780,0.3457683593105,0.7260874316960,0.4778688886050,0.4473637524377,0.4192730698707,0.5318571886971,0.5015815527666,0.1726959483412,0.3735955196944,0.3596741100663,0.2730818156027,0.3269416824794,0.3658386343837,1.0000000000000,0.3052107688799,0.5814790782180,0.5628056168887,0.5279166357953,0.4886782048034,0.0019748772057,0.3518408102352,0.4069064710380,0.3103451843907,0.3062963511477,0.3861772169788,-0.0295184952603,-0.2135076595336,-0.0623829917576,0.4731247340378,0.3496007042623,0.1404394948412,0.2250187522691,0.6990924303697,0.7728674593381,0.2366605119055,0.2725010363135,0.2392448836751,0.2259087447278,0.1845468438338,0.1810839315440,0.1892205358943,0.1832410690353,0.1935168679619,0.0584995596261,0.2865415205910,0.3960798058521,0.0008547443896,0.2597977675994,0.4267011869992,-0.0721209117471,0.3730907876448,0.5353254356243,0.2458017467127,0.3185767266540,0.2523574905078,0.3072544679878,0.3251953695401,0.4778046242336,-0.1130920378998,0.2152555113344,0.0957687786011,0.0908350522320,0.0355552284585,-0.1464933113505,0.6160317207147,0.0560985257731,0.5009480186354,0.4604329106127,0.2850123290340,0.1651266284999,0.5286286097814,0.2991534924479,0.0944729193116,0.0044301877085,0.1448358733081,-0.1833189200739,-0.3362747765056,0.4164328557501,0.0582592544904,0.2900086614702,-0.3322311516669,-0.0375859278125,0.2464145188031,-0.0202524894993,0.2019134818381,0.2840271981585,-0.1880854755107,0.2765455141049,0.2643533497554,0.0103585544347,0.2765102072952,-0.0536415771557,-0.3105344245088,0.4315124059372,-0.2777719160560,-0.0314793988474,-0.1480150623530,-0.0097937546430
0.1028455293627,-0.1733790216599,-0.0488513530180,0.2755716065146,0.1581379676690,0.1687967282163,0.2653835778791,0.4303181302125,0.3360430153261,0.3664866649969,0.5275194590009,0.6023602330125,0.6938712750719,0.0030408263942,0.1933301574283,0.3052107688799,1.0000000000000,0.5188660881534,0.3638994734407,0.3416498305896,0.6342342001865,0.2275143271755,0.3092327324621,0.5337563127579,0.1267785820576,0.1766330638374,0.2524512900124,-0.1572854780006,-0.0601312019417,-0.2290894771350,0.5826679121792,0.2890412854422,0.5333670726461,0.0138875820571,0.1391442335162,0.1973085843087,0.3982398836030,0.1181644537883,0.0823815753180,0.0147018679073,-0.0107591243205,0.0971730540653,0.2075489743434,0.0705169074162,0.1123177624437,-0.0333197087940,0.1255719840208,0.1610562557821,-0.0206930112869,0.1773070013436,0.0717413248480,-0.1700891233176,0.1719739273976,0.2047280739058,0.1979755008787,0.2365947472917,0.3556910598464,0.3301588734855,0.2772807697853,0.2572974228266,0.1698999179403,0.4340095880884,0.3091103100801,0.3853287295249,-0.0276821187919,-0.0127563147637,0.2488565551510,0.4319528260841,0.2438364967046,0.1376666938215,0.2437796765517,0.2699072909332,0.3680322247115,0.1199337630922,0.2028428209779,-0.0056252606909,0.0721615104527,-0.2058650912428,-0.2288184020658,0.3150792727667,0.0681676670558,0.3576827397240,-0.4166484945171,-0.0138178232536,-0.0290442125151,-0.2788394050205,0.3258143857210,0.1468324701852,-0.0216536848921,0.0125527497572,0.0941993378627,-0.1308140422130,0.0600823732021,-0.2265060808698,-0.1851109642154,0.1054577322770,-0.2114704813920,-0.0488949597756,-0.0252088163862,0.1696108246677
0.3867485528719,-0.1214470158674,0.1617823350404,0.4656795333707,0.3755796594446,0.3293185044051,0.1916098168676,0.6986946741974,0.6094478644752,0.0257426050598,0.4694199637933,0.4762842622395,0.3918627697864,0.2293521992307,0.0468692178899,0.5814790782180,0.5188660881534,1.0000000000000,0.3456609118769,0.6626602715573,0.4410884237165,0.0359394692903,0.4638148410902,0.4082881258243,0.3891051161554,0.4011840332322,0.5189651357436,-0.0580791564899,-0.2041938747153,-0.1410063779895,0.3289188785845,0.4988619211487,0.1866990797460,0.3285395080125,0.6503428299215,0.3314700598086,0.2544864151759,0.3607916673082,-0.0806421737757,0.3250367191644,0.1359917233751,0.1117811292772,-0.2536873242185,0.3286710809017,0.1992448307091,0.0969641358695,0.3377952490907,0.3457691801974,-0.1241551561368,0.1615372912132,0.2700623661146,-0.3548491626859,0.0918782100908,0.4789298594183,0.1227621210334,-0.0320666736897,0.6172710948921,0.6305256390743,0.5706136877294,0.6282346549494,-0.1167590859433,0.4530443540709,0.2697957360661,0.3131616085103,-0.1811645735094,-0.4571251058703,0.2664523661392,0.4727685301329,0.2712053828489,0.6569696070438,0.6284178129405,0.4424670312430,0.7352158599847,0.5500069353965,0.2499728430376,0.2885210168438,0.4040252842385,-0.2448668607230,-0.3227288746401,0.7358847972449,0.3194063299565,0.6219151478775,-0.4454343714432,-0.4113539165825,0.3676983896191,0.0360734027928,0.1483883786011,-0.1967155436301,-0.3605805946223,0.4256180177717,0.1473623997916,0.1612651895227,0.4885577261480,0.1141567565686,-0.2044755722846,0.4725234994191,-0.3779412350052,-0.0027958656792,-0.1739009562891,0.0326689950625
0.1299568312454,-0.0385659699252,0.0853726213370,0.3818351951296,0.2163015579630,0.1383634688479,0.2856109255677,0.5331014269146,0.5640851469268,0.0832940816799,0.1977651621229,0.2261604939628,0.1413740118588,0.1518276355079,0.1366036488945,0.5628056168887,0.3638994734407,0.3456609118769,1.0000000000000,0.4985865064924,0.3472879280696,0.0864753966003,0.1979047739520,0.3399702512287,0.1617957944217,0.2002261100653,0.2674447541032,0.0846875380083,-0.0377131176819,-0.0658169560037,0.4046595500243,0.1492415210289,0.1785833265690,0.0687878766566,0.1852456927006,0.6156158099915,0.1409639526562,0.3099273113783,-0.0068826514041,0.1156439956015,0.0945873849980,0.0323228091612,0.2446373336398,0.1088565215713,0.3085926349025,0.0158425114802,0.1899715644811,-0.0142618099606,0.0093866360039,0.0008283894900,0.0372526444817,-0.1174346954311,0.1795790417291,0.2221725949359,0.0746760330114,0.1993943355672,0.0120456098529,0.2799590582958,0.2201822626766,0.4031232847954,-0.1425272087500,-0.0826968765594,-0.1243299966164,-0.0629079330983,-0.0494565107443,-0.1921801310207,0.5100273619814,0.0379388773388,0.6186673587538,0.2840042295298,0.0877973004701,-0.0239696463071,0.2874674097364,0.1111888380139,0.1137556999031,-0.1078566933801,-0.0250810907607,0.0524879924897,-0.1595150558112,0.1540958401615,-0.0486419530372,0.0500932694695,-0.2744855310915,0.0099947881893,-0.1018534679231,-0.1713123975410,0.1214039786304,0.0576346923498,-0.1890144125546,0.1459731545377,-0.0501724610237,-0.0833926514903,0.1085449089992,-0.1900450322751,-0.2697195197705,-0.0510158719763,-0.1881624166451,-0.0945794336152,-0.2556462674214,-0.2004661421771
0.3562804557135,-0.2734445174503,0.0210465481738,0.3044332691606,0.3759858050941,0.2822627555780,0.0973736137676,0.7562293114733,0.7518765999020,-0.0040531661217,0.4536143884774,0.3552895820820,0.3326097516603,0.0813838090026,-0.0188499892581,0.5279166357953,0.3416498305896,0.6626602715573,0.4985865064924,1.0000000000000,0.3867805573316,0.0140123897231,0.4622346986184,0.4461196891805,0.6841903418565,0.5164152901502,0.6704885491035,-0.0774951258698,-0.1254343746193,-0.1266253250395,0.4170225104050,0.5087558565999,0.3323837580553,0.2860395196591,0.5015506199600,0.3113886911168,0.3549359842962,0.7207137854486,0.0582480301822,0.3325489802653,0.2142792557442,0.2723022458803,0.0800484533503,0.5163165937812,0.5419632792906,0.1491708222138,0.4300731237570,0.3241968810054,-0.0579154884743,0.1244304397435,0.2381740973320,-0.4773149237386,-0.2073848471313,0.3202185552872,0.1017423754753,-0.0527381803186,0.4951102987354,0.5157069146601,0.3547301989719,0.6870540068826,-0.2170763800908,0.2231068594363,-0.0460469312035,0.0569566931902,-0.4123553170824,-0.4497797069502,0.1363591498950,0.1103921902700,0.3342734679283,0.8101675776855,0.2444970878267,0.1986119939743,0.6664005688173,0.6560061530269,0.0767425620046,0.1550017575634,0.4369365274213,-0.2172958058671,-0.3367367171992,0.4213102829852,0.0549389871372,0.4425273972146,-0.4992341637214,-0.2993312642252,0.4228923158351,-0.0761016515421,0.2936921725718,-0.1227206891423,-0.3104934210250,0.5968514441239,0.1587928461492,0.1046720172369,0.5360748259677,-0.0548574336482,-0.2942254582382,0.3650763151271,-0.4204242020464,0.0279922310070,-0.1982070997344,-0.1398820075747
0.2346158709672,-0.0395625724497,0.0714009614780,0.4521100520378,0.1906652644057,0.2106025927167,0.2782297119280,0.3489655447822,0.2364366156044,0.4481545645071,0.6562156468400,0.6573022334114,0.5482395453047,0.1600196446989,0.4045021836302,0.4886782048034,0.6342342001865,0.4410884237165,0.3472879280696,0.3867805573316,1.0000000000000,0.4493782509940,0.5887853404103,0.6246450387871,0.2827921452055,0.3457986066695,0.4432838391136,-0.1076001775980,0.0625668275619,0.0417807602263,0.7186303698607,0.4825273608139,0.5004422032947,0.1685323916556,0.4425082491930,0.2969851798264,0.5633717100146,0.2652834746816,0.3401200349942,0.2176146411831,0.2129298600948,0.2551567560683,0.4429688517861,0.0250610330377,0.3109372008655,0.2073091100015,0.4150511903190,0.2537722733911,0.0782930782026,0.4300886967279,0.0638364629366,-0.1782211222832,0.0576242261375,0.2523389660434,0.0730479789850,0.2352477706770,0.2052216075388,0.1170571164678,0.0768258601866,0.1614876332604,0.0159043535977,0.4281049483663,0.1712276327753,0.0597686215470,-0.0511356306426,-0.1001628318927,0.1960837933329,0.0069398863289,0.2227341410319,0.2355082624930,0.1808495617748,0.4251253303435,0.3671661557540,0.1698197347574,0.1858612442441,-0.1071333862712,0.0756192400748,-0.2252960862701,-0.2224183457865,0.2314885517139,0.0307778782695,0.2313660753480,-0.3246170716223,-0.0442147493663,0.0431751635385,-0.1404245252087,0.4536072404929,0.2705742383209,-0.1108080617256,0.0659116374638,0.1973316674864,-0.0328686920929,0.0704843728705,-0.1884067213143,-0.2786698504124,0.2021942711887,-0.1909476151563,-0.0043145137744,-0.1027566199271,0.0286983455141
0.0517049850259,0.1732345821702,-0.0702158448847,0.1326398993240,0.0524565536955,-0.0392229037851,-0.0282682267716,-0.0250025407643,0.0116031106381,0.5772240342869,0.3879127481094,0.4664687981645,0.3046873356548,0.2945068321410,0.3934505752808,0.0019748772057,0.2275143271755,0.0359394692903,0.0864753966003,0.0140123897231,0.4493782509940,1.0000000000000,0.4480444650167,0.2061593806850,0.0294951514336,0.0640380117700,0.1901632950643,0.2227759604289,0.5101637471551,0.4110052627240,0.2510419939149,0.2353027998078,0.2859840198094,0.1930067406213,-0.1072878631204,-0.0845690066692,0.2586177464534,0.0115456389475,0.0453863361696,0.2884856796903,0.4896930058709,0.2751358482890,0.2584286763341,-0.1849387742055,0.1611115353659,0.5607391650112,0.4590140664463,-0.0774257524627,0.4605472787488,0.3409118231259,-0.0652480594968,0.0029882957171,-0.1281681559541,-0.0920931891616,-0.0186826970518,-0.0548288739531,-0.1116326003101,-0.1408515020947,-0.1341475990602,-0.0674678406785,0.1269978203538,0.2288383469266,0.0627130971081,-0.0663567184551,0.0801103889156,-0.1056952378370,-0.1347484071610,-0.1699166339432,-0.0310291496060,-0.1033764116385,-0.1572695999432,0.4622770957658,-0.0394969771915,-0.1107629620342,-0.1154992548205,-0.3211340086278,-0.1333287491258,0.1963837590296,0.2115600936524,-0.1291551817374,-0.1347055503451,-0.1314535866705,0.0564476130177,-0.0982376045286,-0.1568599198784,0.0745530290345,0.1408683352023,-0.0559098052171,-0.1356164638302,-0.2281436163020,-0.0662968134867,0.1526061788414,-0.2060227283403,0.2059308139042,-0.0181485910475,-0.1349294511293,0.2935570157499,0.1842171524180,0.0279097121837,-0.0937280744059
0.2370166926150,-0.2262744683652,-0.1584094777526,0.3598262310770,0.1930754904259,0.1266709832471,0.0527817272596,0.2432320033839,0.2756440096946,0.2204539954461,0.7293523895657,0.7333357153830,0.4358981627666,0.1870069402756,0.2773977260286,0.3518408102352,0.3092327324621,0.4638148410902,0.1979047739520,0.4622346986184,0.5887853404103,0.4480444650167,1.0000000000000,0.4760026480027,0.4632293103419,0.3284671314687,0.6559386761418,-0.1576981028481,0.0848912810765,0.0774232999358,0.4192570759282,0.5465980562687,0.3652627488332,0.3476250021484,0.4324938476850,0.0325492883879,0.5170137351069,0.3158944479517,0.2261123262851,0.5474398897253,0.4335928403679,0.4380858749487,0.2182260033599,0.1017124291106,0.2966306476851,0.4702853899935,0.5586340647773,0.3873898711547,0.0405144971392,0.3823232657900,0.0195364921009,-0.5065668679821,-0.1151803612146,0.1033043588468,-0.0863574135686,-0.0899835697022,0.2812344203562,0.0579355907887,0.0585585840902,0.2318011533539,-0.1741017087104,0.5527458532580,0.2084984192065,0.1136794651053,-0.2779124291077,-0.1954073400086,-0.0730919941222,0.0019970086875,-0.0263506764153,0.4764399645247,0.1570053752939,0.6748015017622,0.4378037429485,0.4151588226699,0.0502955782423,0.0694611321958,0.4593314641923,-0.2543616072244,-0.1952333644935,0.2802223449115,0.1261492449470,0.3210976198418,-0.3769677241435,-0.1373807461925,0.1742748119231,0.1083025587979,0.3976227580482,-0.0959634769792,-0.0884723878260,0.2892147401157,0.2124799792316,0.3449624692250,0.2265987601432,-0.0214291131819,-0.3081501578534,0.3591939952711,-0.2547038360187,0.0988653291567,-0.0309750901620,-0.0071900605318
0.1584868819501,-0.1938947037767,-0.0206916415565,0.3356270136446,0.3329383890065,0.3124286916988,0.4034253412346,0.2909180632989,0.3880822168979,0.2043082024904,0.6182249995499,0.4312756538227,0.4479752950309,0.0814577293748,0.3134746099932,0.4069064710380,0.5337563127579,0.4082881258243,0.3399702512287,0.4461196891805,0.6246450387871,0.2061593806850,0.4760026480027,1.0000000000000,0.3831398028090,0.1947381888901,0.4154221025966,-0.0891170041777,0.1155421961792,-0.0184240361392,0.6839828731510,0.2637696245291,0.3051661243146,0.0393032612801,0.4217355475520,0.3347934909629,0.6719023613966,0.2717294780872,0.4274213530530,0.2083821534650,0.2339155408213,0.1983552422463,0.3865481591586,-0.0263019901265,0.1989875884537,0.0233672887888,0.2421271136689,0.4142692620329,0.1682050967369,0.3526579410525,0.1308535405545,-0.3734985368242,0.0805320200755,0.2702166832761,0.3304337735986,0.3084682474224,0.2473436854462,0.1017499305827,0.2063781398598,0.3313772563311,-0.0729606570135,0.4972692209416,0.0390582329659,0.0976705651436,-0.1558313170659,0.1051885834275,0.2235236648642,0.1073396217088,0.3356934738238,0.3236253497304,0.1227169725499,0.2555877503885,0.5938859417402,0.3178087054715,0.2008044449215,-0.1160427616216,0.2554492670147,-0.1641667535349,-0.0870053487059,0.2892362743765,-0.0930321635162,0.1922110535589,-0.3403979496543,0.0899060827226,0.0240859740605,-0.2250851198078,0.5394293071520,0.3584675729418,0.0910398304735,0.2007825985036,0.3996172154774,0.0619785908838,0.0477313488293,-0.2283481444407,-0.4407892040659,0.3574505133624,-0.1051254737445,-0.0073452715617,-0.0825749242707,0.1284267200392
