1.0000000000000,0.3543315501358,0.6222367529711,0.2827945615708,0.7971194249347,0.4186811631846,0.2160569723382,0.1152234045662,-0.2369216653953,0.1438975171516,0.1334391875206,0.2268054052072,0.2366670645794,0.4289744555565,0.2126212620163,0.1143093606623,0.2400444174764,0.1965341094738,-0.0325426852474,-0.2074893523814,0.2979062866419,0.2345929424944,0.2996336531862,0.0751404320363,-0.2359551965286,0.1768660580489,-0.0088287972061,0.0349044109244,0.2629296247792,0.3318633815211,0.2382163685208,0.0308036110235,0.1533841717721,-0.2211228758772,0.1025826991938,0.1106952330740,0.0734954737898,-0.1448742246018,0.0190507737476,-0.3304369984286,0.0795427096286,0.2087287064719,0.0087862874050,-0.2972142056601,-0.1199070343300,0.3267962240372,0.1704624097285,0.2775589014154,0.2493762819278,0.1898976242747,0.8518576469384,0.4847369957527,0.1672312124956,0.5752594967886,0.4517473042971,0.2593236803463,-0.0070690308169,-0.1458499693759,0.0499188265654,-0.2431413517572,-0.0862391365540,0.2299681341672,0.1311225741050,-0.0715506186138,0.2329320347070,-0.1208560503025,-0.0617616661216,0.0032065034072,-0.0712967989125,0.0741465734680,0.0554843991358,0.2737378573919,-0.1332171757649,-0.0224388092303,-0.1473677505679,-0.2866543170721,-0.1053271734721,0.1162460811477,0.0462529581308,0.0581126119119,0.0084945081708,0.1739322144121,0.0371858937083,-0.3027049647550,-0.1611045138470,0.1290066735569,0.0052375435279,0.2724764145428,-0.1809305661113,-0.2894517556935,0.0784299045650,-0.0655439145422,-0.4616976184078,0.3397867103008,0.1599613633418,0.2287570038221,0.2579244943563,0.1529995066717,0.0260140948639,-0.2198114233986
0.3543315501358,1.0000000000000,0.3555556570058,0.3583769914704,0.1974372509710,-0.0775786577909,-0.0730766437587,0.1366695060789,0.0131977456054,-0.0642654846729,-0.1715728381152,-0.1837232545594,-0.1435170687297,0.4245360946161,0.4582144739359,0.1135396252544,-0.1170090817978,0.0947387347500,0.0197760004456,-0.0922928817493,-0.0778623967990,0.0433594589704,-0.1241375676496,-0.0696912418998,-0.0401625795782,0.2421377745826,-0.1787203950416,0.3004787423650,0.4289616258934,0.5672423356363,0.0208703089628,-0.0865579969497,-0.1611489187346,-0.2253658919099,-0.1054248169855,0.1155925673288,-0.1730742777005,0.0925561941481,-0.1131959437146,-0.2436717511982,0.2517443543284,0.1285729433215,-0.0925379011063,0.1376037037706,0.1641046106393,0.0688689181010,-0.1717047751558,-0.0481826157356,0.3356522743709,0.0746862491419,0.3289818432171,0.6450367343169,0.1411910797330,0.0293797670608,-0.0762390839930,-0.0081194645365,-0.1196070136150,-0.0490688040545,0.1432502311692,0.0069096797213,-0.1630280870406,-0.0389936992950,-0.2062540373108,-0.3257370735107,0.4426387814282,-0.2014962305579,-0.0693425996984,-0.1595750911397,-0.0120391067222,-0.0424393718371,-0.0630320358767,-0.1126801559677,-0.1576179502179,-0.0650184837974,-0.1545480696609,-0.1245377491894,-0.2870694415427,0.3215325920267,0.4247536217607,-0.0032861349521,-0.2139181722785,-0.1536183400435,0.1303727373633,-0.2867756241542,-0.0578857316537,-0.1978328359806,-0.1906233188331,0.0844263045835,-0.2004528147882,-0.2194964009632,-0.1097819492805,-0.1128188751200,-0.2173178842000,0.0876592094209,-0.0877756708173,-0.0568522507320,0.2204169555992,-0.0462105814630,-0.1272739606607,-0.2555849883364
0.6222367529711,0.3555556570058,1.0000000000000,0.3850940917962,0.5533634471728,0.4436017110169,0.3625555115581,-0.0189033508828,-0.1761271273876,0.2362074308383,-0.0267182439045,0.0658797073122,-0.0188452697845,0.2959600252736,0.0056796689600,0.1495706880014,0.0010209924693,-0.0412308526391,-0.0189561094524,-0.2400520614356,0.1809673782894,0.1085076478477,0.0827523368569,-0.0375546244768,-0.2133463286959,0.1475798221083,-0.0450895776158,0.1287388400808,0.1663409268499,0.3717836132972,0.1192432816530,0.0096941734258,0.0432497460955,-0.0696892348728,0.2442321140597,0.3843254439989,0.1247616772022,-0.0847367781497,0.0820615090725,-0.1845758543796,0.1591826327128,0.2023328069911,0.0635184601226,-0.2123037103724,-0.0575554021503,0.2781504069944,0.1869938053443,0.2184144801025,0.2826764696918,0.1841500646072,0.7627911538252,0.6108494021566,0.2267696824254,0.6680903717530,0.3512939774582,0.2059023068955,-0.0314333668889,-0.1077179977780,0.0276078771537,-0.1795564656929,0.0657753053468,-0.0724341824808,-0.0034417946461,-0.1483369724545,0.1469504479481,0.0275689126204,-0.1260896058402,-0.0730547224206,-0.0122966734894,0.0387034234204,0.0544666837861,0.0446930708322,-0.2209935844978,-0.0300265338177,0.0097928903631,-0.1238183167896,-0.1543247316379,0.1112460096705,0.1133908987747,-0.0672841978861,-0.0759285267495,-0.0033379522471,0.1776085182321,-0.2271341691204,-0.0470199570910,0.1006148216569,0.1605336136653,0.3753648895165,0.1235475625885,-0.1048483711611,0.1541261718446,-0.0330192553419,-0.2116291163277,0.3243285770942,0.1500597264081,0.2563996284762,0.2681753449153,0.1695847280913,0.1298494766442,-0.0821650795962
0.2827945615708,0.3583769914704,0.3850940917962,1.0000000000000,0.3929634728165,0.4092759608476,0.6337781550621,0.4001286645678,0.2421324276016,0.4014409629418,0.2502249011803,0.0556538367891,0.1553629691893,0.5276921854403,0.6547147161650,0.4528904672727,0.2643434945729,0.3009268618905,0.4011451794323,0.0320265349841,0.3360875542333,-0.0030418713332,-0.0629783913034,0.2553716881224,-0.0062495216096,0.0563596661413,0.0777682140941,0.2553117913761,-0.1057436374579,0.1065133435748,0.2534223377701,0.0223499468305,0.0573065559974,-0.0478629738061,0.0217440046737,0.3888785985417,0.0064821388397,-0.0555191195037,-0.1069249392267,-0.1776735864552,0.1944303330694,0.3852778868110,0.1517853942263,-0.2504214743297,-0.0566400182052,-0.0769150149010,0.0613977380176,0.0627175831652,0.1655902216258,0.5461020424697,0.3573368813698,0.3260256269085,0.7796653136963,0.4321670098169,0.3698410560354,0.7012363061842,0.0504768361597,0.2890228199462,0.3661805372237,0.2914405407426,0.0440593883550,0.0961679942919,0.0507304661708,-0.0675154193344,0.5674914098983,-0.0729115306181,0.2271518601964,0.1713001425125,0.3398437336624,0.0693132901007,0.2462160695592,-0.0369216133853,0.1851043448795,0.0299975733120,-0.0476922266268,-0.2020108325479,-0.0384733515248,0.0481200319965,-0.2167047210397,0.1732429238484,-0.0905831002246,-0.0644200220420,-0.1476892640078,-0.3308834059902,-0.2058349712962,-0.1307320197855,-0.0689339233471,0.2102558057884,-0.0733723951823,-0.2101669035422,-0.1293643602125,-0.0987387278646,-0.1714080087409,-0.0530650741199,-0.1566142672192,0.0411827831693,0.1296335430728,0.1544069262155,0.2017699703876,0.0747612330987
0.7971194249347,0.1974372509710,0.5533634471728,0.3929634728165,1.0000000000000,0.5872060162211,0.4404767696453,0.1536211773436,-0.1360109421944,0.2272572187642,0.2164187629330,0.3789523707022,0.2975651515018,0.2720954182753,0.2679346504246,0.1382276149393,0.3431555393679,0.2166334100644,0.0073306055476,-0.1579601708472,0.3927062268745,0.0933141154202,0.3102288318025,0.1643271538882,-0.1164221678132,0.1825389138411,0.0063705365528,0.0915752092749,0.0686513015827,0.1462379848248,0.2250850594909,0.0725715621907,0.1411751977526,-0.1601158028835,0.1838902126443,0.1337319969565,0.0886609850588,-0.1689512334870,0.0890101746898,-0.3367154449302,0.0200387734245,0.2456721599562,0.0793468992311,-0.2918982610715,-0.1196479724916,0.2427958112524,0.2462461164012,0.3285590171258,0.3379624520346,0.3045632841554,0.7582960989753,0.3040636732321,0.2852812897735,0.6503157303961,0.6880019702188,0.4258721264651,0.0982956208954,0.0258713076830,0.1295801507659,-0.1156043573214,-0.0143510494116,0.2903223600805,0.2719107714600,0.0682558015261,0.2275280848507,-0.0424787899442,-0.0657857246476,0.1124064462207,-0.0489807142417,0.0612227568828,0.2059771129169,0.3403038578133,-0.0494327504920,0.0051452212387,-0.0890754265986,-0.2085341563971,-0.0899798258303,0.0480775122311,-0.0674391311942,0.0855603320353,0.0517210005034,0.1301193883109,-0.0776479185426,-0.3187381219259,-0.1953483136836,0.1066664126524,-0.0009292342018,0.2733596872602,-0.1317410985024,-0.3413734443838,0.1246364513328,-0.1567061709325,-0.3942524449628,0.1256740171210,0.1298960149835,0.2990632873190,0.2875552164359,0.0745245639455,0.0934814623944,-0.0179426457386
0.4186811631846,-0.0775786577909,0.4436017110169,0.4092759608476,0.5872060162211,1.0000000000000,0.6731922251286,0.2898790355137,0.0898006597102,0.5836284095805,0.3922960643437,0.3225317138553,0.4187348251422,0.2306540803994,0.2600639808746,0.3531353098045,0.4020659579620,0.2187441754005,0.2335852914744,0.0347279848869,0.4526556249208,0.3454839450961,0.2929872918785,0.3086468671520,0.0106055456247,0.2715251172765,0.2774245612345,0.2032750728980,0.0227176267038,0.1858652295778,0.3795222188570,0.2660822334263,0.3858116425633,0.0986328046499,0.2776401871471,0.3084614270623,0.2709580384285,0.0185089187328,0.1214625802513,-0.1255637942538,0.2370627394192,0.4848758404655,0.2975605088655,-0.2725312651284,0.0449686838899,0.2997180124639,0.4507687680951,0.3520204233568,0.3902501486820,0.5111872250371,0.4958932954976,0.1839558705785,0.3193433581747,0.5913851847347,0.8006556070287,0.4502977051482,0.1686049518558,0.1439440523197,0.2540822876004,0.0421014570179,0.1336625368637,0.2118685132365,0.2290552901391,0.0906673968140,0.1570980754480,-0.0885471128702,-0.1124066931516,0.2463233178963,-0.0149547910744,0.1016449445589,0.0793058169469,0.1782236286774,0.1553284839439,0.1201790141227,0.0324034299124,-0.1976551447143,0.0555929998095,0.0835954245944,-0.1670681312021,0.1764192730842,-0.0256078844784,0.0314346304802,-0.0387376368205,-0.3535900840601,-0.2366700866269,0.0703286432610,0.1773442159191,0.1829140206632,-0.0958920195237,-0.1791340605658,0.1471067347542,0.0023572992379,-0.1868572241613,0.2479807373605,-0.0126875871970,0.2824892952536,0.1433022358282,0.2849109630928,0.2052740858759,0.0327916615079
0.2160569723382,-0.0730766437587,0.3625555115581,0.6337781550621,0.4404767696453,0.6731922251286,1.0000000000000,0.3043543963883,0.1864025118749,0.5908680069954,0.3609207652372,0.2042351273831,0.2609749010696,0.1232118224431,0.3571891220217,0.3200768875398,0.2574193734027,0.1716136087724,0.2607091801950,0.0356990416400,0.3578161136723,-0.0465773133528,0.0480088531562,0.2688726811994,0.0109998273726,0.1575683996861,0.2141019547189,0.1378986991612,-0.2811219567096,0.0440128459165,0.2550556018164,0.1325530778524,0.1401727152387,0.1133368697517,0.3360103130239,0.3567671417167,0.3189495485458,0.0170384590151,0.1341313658341,-0.0497383790307,0.1122608305885,0.4315990725538,0.3370596801407,-0.1885754544491,0.0135260913781,-0.0033971159195,0.3100908218057,0.1481695079293,0.1783393926837,0.6007120519542,0.2879703076590,-0.0106523918375,0.5588909959353,0.5654713077814,0.5914139644578,0.7564097196951,0.0928413911391,0.2139036682343,0.2063455942183,0.2030146819415,0.1164079053177,0.0249929602112,0.1333746237020,0.0559747278973,0.1780112124209,0.1115534532817,-0.0456717348844,0.1155667228301,0.1503972169867,0.0504459385892,0.1482431529888,0.0611923048232,0.2204995767369,0.1454399121836,-0.1121698215324,-0.1540790320730,0.1276586709342,-0.0504611303373,-0.2948251060460,0.0320611799182,-0.1209581708522,-0.0925025318250,-0.0878730667460,-0.2930400561700,-0.1830471810795,0.1190650011575,0.2138876061937,0.3136967963816,0.0511314933261,-0.1244154292309,0.0852849181345,0.0477430684354,-0.1163191598649,-0.0118526037248,-0.0908332310118,0.0972633062525,0.0100481184881,0.1076249211524,0.2992693101067,0.1619700424135
0.1152234045662,0.1366695060789,-0.0189033508828,0.4001286645678,0.1536211773436,0.2898790355137,0.3043543963883,1.0000000000000,0.6069169643475,0.4209491415505,0.4109426813760,0.3320030714773,0.6416999472903,0.3613052313269,0.3921755927545,0.5586748897970,0.6987030107904,0.5721211548001,0.7434897930710,0.5250914236062,0.5986451210820,0.1912387553158,0.2260132199797,0.4361794438834,0.4118133904264,0.3893691915218,0.5523508227894,0.2562238862274,-0.0659359735801,0.1260904348417,0.5484060277640,0.4105720958320,0.5662478505440,0.0147079360846,-0.0045820282282,0.3389233367929,0.0629248679345,0.3944383676812,-0.1297074332478,-0.2527056430460,0.1161058179722,0.4653990769678,0.2148077503940,0.0452665707890,0.3212727251942,0.0987437962318,0.2424494686259,-0.0503403103528,-0.0518028766082,0.5479402597832,0.0937815603490,0.0581998204874,0.2403211294402,0.0431382264345,0.1455268796988,0.3488297907493,0.4717450788432,0.6486244356266,0.7243624629650,0.6723203973977,-0.0728097179718,0.2413528645927,0.2047376744097,0.1180902147832,0.3319684629327,-0.4724633046338,0.1203720029217,0.3359549434641,0.4436624747905,0.4246033274387,0.2734886753846,-0.0349027872317,0.3115593081909,0.5415491829224,0.0230694216028,-0.0291555744231,0.2552670685615,0.1003155087193,-0.2387604148537,0.2251273932423,-0.0913715121004,0.0373641871223,-0.2615770636996,-0.4879003245228,-0.0892616397105,-0.2778329210824,-0.1472102343829,0.0182138565424,-0.4230821849949,0.0285806306171,-0.2253207783638,-0.1933603327109,0.0074415916133,0.0002455206321,-0.2407638310013,-0.0490171451145,-0.1375736757885,0.0938533962070,-0.0773473395997,-0.1369845268766
-0.2369216653953,0.0131977456054,-0.1761271273876,0.2421324276016,-0.1360109421944,0.0898006597102,0.1864025118749,0.6069169643475,1.0000000000000,0.1425975501451,0.4101066126846,0.1755584530582,0.3366922775877,-0.0039159633054,0.1536645660286,0.4345754328337,0.3149703891273,0.4186123284663,0.6567815618529,0.7311916912183,0.3055540998246,-0.0151657887476,0.0720641819869,0.4418465313300,0.7834534847758,0.2545921519150,0.5834411489598,0.0238090316202,-0.1567102986371,0.0157040298493,0.3011053036143,0.2375993634204,0.2501143933603,-0.0143621941579,0.1352102429667,0.3501332705686,0.1150498962350,0.4621219556124,0.0105603000168,-0.0263699410828,0.0622853677488,0.1924862548249,0.2192277333092,0.1713595083926,0.2036617132320,-0.1081910078771,-0.0616677277287,0.0291598582291,-0.1694012473779,0.2363322658678,-0.1795033387194,-0.0953775095632,0.1269157078479,-0.1581610760714,-0.0663893189499,0.2455732053577,0.4791092112266,0.4919299042724,0.7427519635848,0.8915901732435,-0.2063288215434,0.1861808094340,0.2265744474628,0.0593737033118,0.0667464743927,-0.1662997850788,0.1710153917874,0.2509592464758,0.4391125459322,0.4499922834820,0.2326480139698,-0.1088791457552,0.5497042035294,0.6427882015807,0.1489098151465,0.2540461691559,0.4982657771825,-0.1476654360531,-0.1874005660857,0.2109842794423,-0.1477326214191,-0.0906622012151,-0.2525289211173,-0.1968327346568,0.1124528727469,-0.4823091686004,0.0346280585235,0.0284299866126,-0.1079816546521,0.2918877466566,-0.0791654871595,-0.0233388139283,0.3860015375628,-0.2734530581083,-0.4122882311110,0.1199789344763,-0.3060929563518,-0.1140115522712,-0.0423552693282,-0.0200315704810
0.1438975171516,-0.0642654846729,0.2362074308383,0.4014409629418,0.2272572187642,0.5836284095805,0.5908680069954,0.4209491415505,0.1425975501451,1.0000000000000,0.3854609371502,0.3572365894517,0.4717550804910,0.1691820601161,0.3408012107465,0.2401165992547,0.3655208465613,0.0682566948946,0.3062309387226,0.0345855274083,0.4944249569802,0.3424439451446,0.2062139347752,0.2116147986222,-0.0491067155837,0.2504709274676,0.3143221611373,0.3199132253374,-0.1970028403065,0.0153494856148,0.2795999436010,0.1846485129503,0.3530547633011,0.3285058592088,0.0351316745306,0.3367918049020,0.1489292209551,0.0747152310421,-0.0986867409800,0.0527107039809,0.2195700224515,0.4551965220433,0.2764240280506,-0.1762825506088,0.0681831100293,0.1352564490188,0.4812265102194,0.0095623659402,0.2209890017403,0.7376204700990,0.1883620673760,-0.0499450652511,0.2521639794023,0.3120437263119,0.3350627030099,0.2826748917845,0.2808787531290,0.2345118193021,0.1981784161854,0.1978805936119,0.4314584525780,0.0508735199776,0.2206992766711,0.1491841680266,0.2297024659578,-0.0969984358077,-0.2331595161481,0.0457661243511,0.0995227244141,0.1628485215236,0.1819017355903,0.1517845824151,0.1034484089977,0.3238778923788,-0.0944134748156,-0.2068785980215,0.0124524987905,0.1253696594694,-0.2399671296878,-0.0820796093096,-0.1468024839949,-0.0610449352246,0.0117295993915,-0.5223663140018,-0.2957874336042,0.2211305140563,0.1275538651887,0.1134763892385,-0.1037176997232,-0.0284035822566,-0.1008045918464,0.0564197134099,-0.0751315026509,0.1617306667713,0.0198403077391,-0.0258375944522,-0.0588935207123,0.3122027737787,0.3747731384889,0.1427098992524
0.1334391875206,-0.1715728381152,-0.0267182439045,0.2502249011803,0.2164187629330,0.3922960643437,0.3609207652372,0.4109426813760,0.4101066126846,0.3854609371502,1.0000000000000,0.6474613191552,0.6004261072892,0.1155007933977,0.2592047050065,0.2742588237892,0.5503498659148,0.5103944308516,0.2917789631557,0.2892471018151,0.5902752479735,0.3095055568588,0.5707814950038,0.5017063986643,0.2668642544384,0.2345270624423,0.4766524303267,-0.1939212960995,-0.1198267736926,-0.1657990417229,0.3723216286023,0.1986694553959,0.3763357093670,-0.1185428517213,0.1545704820370,0.1489312447884,0.2365961271630,0.0678301005523,0.0189598499468,-0.0968700669357,0.0094176190893,0.2648477794736,0.1119263870936,-0.1898470643238,-0.1442495784666,0.0251885407711,0.2104337487106,0.2950081008125,-0.1654166878466,0.4102413011679,0.1131277087491,-0.1848999142819,0.2594231388990,0.2198449023609,0.3297302882880,0.3337187241099,0.4994525284712,0.3043690092789,0.3937679047255,0.3541067792939,0.1883507831788,0.7097262474807,0.6132459901865,0.3822685459404,0.0549616106424,-0.1600063163776,0.0735719373952,0.4197584566206,0.1146491610246,0.2997483599071,0.4651983775670,0.3992639302150,0.5231033829518,0.3921641623260,0.0397277736873,-0.0004577945260,0.3472302192771,-0.3225867842679,-0.2567967405185,0.2883328020647,0.0892366612600,0.2757513627232,-0.3445021178853,-0.3280035430874,-0.1433994112626,-0.2069380359632,0.1522698465570,0.0411403918074,-0.0869376286006,-0.0435825803053,-0.0002259269506,-0.0135199675602,-0.0632317423547,-0.0341114043909,-0.0225270802866,0.2732614144391,-0.1639417620928,0.1396384116766,0.1943977748449,0.1872708204974
0.2268054052072,-0.1837232545594,0.0658797073122,0.0556538367891,0.3789523707022,0.3225317138553,0.2042351273831,0.3320030714773,0.1755584530582,0.3572365894517,0.6474613191552,1.0000000000000,0.7705212597127,0.0573435887892,0.0511802200555,0.2034914140090,0.6596550690463,0.2787603514616,0.1371929970800,0.1250056770663,0.7112296377494,0.2016366722451,0.7935952300053,0.3547975569572,0.1915736265686,0.2750802023225,0.3708655527319,-0.2377317037236,-0.0814609864353,-0.2363451740077,0.3327748619606,0.2372108996596,0.4797827774053,-0.0457416511273,0.0713468094980,0.1378381715863,0.0103846600649,-0.0829431398144,-0.1331434937470,-0.1554531124354,-0.1264849768682,0.0847414196025,-0.0209399540499,-0.1614929934038,-0.2483358533177,0.2108090286067,0.4045909320159,0.1661594074032,-0.0145421727040,0.3083606240239,0.1920460980808,-0.2146072722337,0.1218962588097,0.2476197263046,0.3152993480076,0.1564612194275,0.6106974703725,0.2524334033108,0.2334736631560,0.2030106236228,0.1997522680990,0.6203766050519,0.8212898150750,0.6483788805038,0.0140969645029,-0.1358525794732,0.0581081808610,0.3809776881322,0.0660870898177,0.3594230982113,0.5948113470476,0.6195818972834,0.2213701850300,0.3886578927366,0.1534799011590,0.1489735435024,0.2428052533495,-0.3908393753059,-0.1007928269349,0.2007831419324,0.3017469670884,0.4496024897928,-0.3333082363188,-0.3197142828008,-0.1660043130768,-0.1162666696680,-0.0327439468687,0.0461649988996,0.0309862780125,-0.0816875421263,-0.0431267631142,-0.2051599839811,0.0204875406377,-0.0864946816279,0.2872652551126,0.2336738589694,0.0007150312015,0.0557170446980,0.1077951714551,0.3014634251403
0.2366670645794,-0.1435170687297,-0.0188452697845,0.1553629691893,0.2975651515018,0.4187348251422,0.2609749010696,0.6416999472903,0.3366922775877,0.4717550804910,0.6004261072892,0.7705212597127,1.0000000000000,0.1324181509772,0.1685336646819,0.4342260577423,0.8488589786531,0.4298685221895,0.3963851074719,0.3464961662573,0.7471220578501,0.2943421744717,0.5927922362192,0.4979606636071,0.3248658095375,0.3839188712114,0.5974440647207,-0.0466935932371,-0.0396838671563,-0.0519433071521,0.5914463408616,0.4722463628627,0.7270178340019,0.0960715557308,0.0814536168541,0.2609474886768,0.1941097528848,0.2466915769312,-0.0136250898607,-0.1667996078463,0.0383956422646,0.3562292835428,0.2372622822122,-0.0354107178846,0.1113307681671,0.2406894779369,0.4299843172319,0.1398084829147,-0.0186629882899,0.4482817099710,0.1506692401143,-0.1320820004195,0.0999082688311,0.1331627390646,0.2671951613866,0.2270436141262,0.6263485918561,0.2988492477735,0.4161902936499,0.3196169782414,0.0202079402293,0.4860475450114,0.5917830143418,0.5342494407746,0.0618637520121,-0.3170603979940,0.0077714171119,0.4158218878746,0.1123961046733,0.3476040681219,0.3530484094763,0.2558930218704,0.2706587428728,0.4607578029863,0.0285672213854,0.0032638583430,0.3368852881595,-0.1860616922051,-0.2033442597421,0.2444147443369,0.0867561477050,0.2897164484651,-0.2781118644969,-0.4186715316451,-0.1689538502186,-0.1796177258885,0.0093493439354,0.0768979822052,-0.2210248982139,-0.0134446479579,-0.0188852090997,-0.1195680356563,0.0703190485269,0.0254926876384,-0.0200052361449,0.1702265839594,-0.1799659341750,0.0676057624921,0.0367166131403,-0.0482727896077
0.4289744555565,0.4245360946161,0.2959600252736,0.5276921854403,0.2720954182753,0.2306540803994,0.1232118224431,0.3613052313269,-0.0039159633054,0.1691820601161,0.1155007933977,0.0573435887892,0.1324181509772,1.0000000000000,0.5639316087043,0.3500215805814,0.3053897727089,0.2602942282964,0.3811699975197,-0.1362843231552,0.3254783634074,0.3573383770295,0.1339339038168,0.2325189520923,-0.2598572123524,0.0167375101951,-0.0777920096908,0.1888002549376,0.4221044631009,0.3323301439620,0.2931644084216,-0.0153745286306,0.1594509157864,-0.2188802592344,-0.1992036329000,0.2275869959221,-0.1855018853218,-0.2267260437901,-0.3011258885227,-0.2408634167063,0.3280635117159,0.3122097664056,-0.0891688942778,-0.2706065845217,-0.1109584028650,0.2314374195182,-0.0219527299794,-0.0001625061472,0.2500865365126,0.3714782444553,0.4314434299349,0.3822282127247,0.3744875236837,0.1654059409951,0.2329197021351,0.2553139479365,-0.0660043769852,0.1402804508423,0.2124626295960,0.0873396515370,0.0507432166698,0.2588718723112,-0.0151255222633,-0.0759257004801,0.6634541152197,-0.3132385220796,0.3042408314378,0.2310255733099,0.3365016370138,0.0500139270625,0.1815433986593,0.0865695118161,0.0324615536565,-0.1537412812847,0.1072781082303,-0.2837379882269,-0.2944365575456,0.1364677308382,0.1906863738990,0.2939913346682,0.0057140464475,0.1357893914490,0.0279828518066,-0.2501437991444,-0.2898746256478,-0.2055853800310,-0.2694297979229,0.0146996398010,-0.1690662011960,-0.3413992474555,-0.2151613961970,-0.0978447366679,-0.3281721702187,0.2283708444411,-0.0425921430433,-0.1065512313347,0.3994392541264,0.3725594972124,0.0396328854739,-0.0407952131952
0.2126212620163,0.4582144739359,0.0056796689600,0.6547147161650,0.2679346504246,0.2600639808746,0.3571891220217,0.3921755927545,0.1536645660286,0.3408012107465,0.2592047050065,0.0511802200555,0.1685336646819,0.5639316087043,1.0000000000000,0.3147100160227,0.2241716995827,0.4074462380760,0.2978778222306,0.0597124481188,0.2516099856861,0.1547181471859,0.0251830499143,0.2090400121679,-0.0289493260922,0.1281815301068,0.0031362642398,0.3798042998661,0.0840307681771,0.1294749514672,0.2666709124706,0.0318863844543,0.0505142910043,-0.0602585941955,-0.0559228102696,0.0973971108964,0.0338026259078,0.0055735993612,-0.0417432260314,-0.1140230889030,0.2140292868318,0.3494339245374,0.2016454680104,-0.1324329228301,0.0399449127883,-0.0384880838610,0.0463864953480,0.1115778642188,0.1897602468382,0.6009470201791,0.1416344771654,0.1397588232990,0.5076768032453,0.1959055289649,0.2580884085654,0.4499711691678,-0.0234950758633,0.1082336185750,0.2583447114517,0.1873254501160,0.0227085671270,0.1868618687292,-0.0130452142056,-0.1154329680206,0.6037138468964,-0.1050062053308,0.1599439784180,0.0781706120768,0.1860840808690,0.0528114849352,0.0674610473906,0.0842570007379,0.1716319785465,-0.0282997148342,-0.1861690058528,-0.4114177497682,-0.1314841650250,0.2275727502774,-0.0774631191741,0.2108597304416,-0.0872203203472,0.0013519737104,-0.1880183142807,-0.3383990066445,-0.2838104680325,-0.0434751770086,-0.1406471621888,0.0651544554498,-0.2922664380550,-0.3616700898891,-0.1089776218452,0.0352301154421,-0.3689335749526,0.0322068971960,-0.1309436630464,-0.0553543240825,0.0975715042265,0.0636733581848,0.0688533844707,0.0216256610878
0.1143093606623,0.1135396252544,0.1495706880014,0.4528904672727,0.1382276149393,0.3531353098045,0.3200768875398,0.5586748897970,0.4345754328337,0.2401165992547,0.2742588237892,0.2034914140090,0.4342260577423,0.3500215805814,0.3147100160227,1.0000000000000,0.5309652505540,0.4992689223306,0.7057204936564,0.4758033073806,0.5869909680224,-0.0044404047787,0.2826953528201,0.5729494702328,0.3248362811767,0.4140838999058,0.5549850316485,0.1486815498697,-0.0788249685846,0.1678963463736,0.8062757774677,0.5640104195358,0.6645476651281,0.1057879819090,0.4430133720714,0.7007323915245,0.3197147688857,0.4396640985985,0.1460348461503,-0.1718839433552,0.0319457504605,0.2875344678691,0.4572665326858,-0.0221607545528,0.2123274673190,0.1809577124263,0.2953506411730,0.1758521656864,0.0552773349647,0.3416340649579,0.1366482104898,0.2324294186244,0.3293911385700,0.1403557071024,0.1225719149648,0.3424719375114,0.2133622387752,0.1639053993437,0.5768061607102,0.3989495345403,-0.2549231338674,0.0806619071107,0.0583309593775,-0.0845137310412,0.2083110825663,-0.2329871959015,0.4378993255493,0.3361768850461,0.4418656499072,0.3970884228489,0.1094687238212,-0.1055408684069,0.3105888043208,0.2657978606362,0.2134219922316,0.0179484601792,0.3988002539509,0.0185714654476,-0.2723004579435,0.5347164622122,0.1617439550229,0.2204740713626,-0.2302355929217,-0.0678637108997,-0.0209933701853,-0.2771782815313,0.1547799477792,0.3938823997692,-0.1137759020964,0.1273532376596,0.1134431171265,-0.1039006150821,0.0773396218078,-0.0243384099522,-0.1920369633103,0.2057242685497,-0.0670734735491,-0.0943563299442,-0.2171521855445,-0.2164538701176
0.2400444174764,-0.1170090817978,0.0010209924693,0.2643434945729,0.3431555393679,0.4020659579620,0.2574193734027,0.6987030107904,0.3149703891273,0.3655208465613,0.5503498659148,0.6596550690463,0.8488589786531,0.3053897727089,0.2241716995827,0.5309652505540,1.0000000000000,0.6201026548341,0.5068317682851,0.2977451226722,0.8417388774105,0.2587256565487,0.5108446841464,0.5926415931472,0.2158148575080,0.2924483980543,0.4841542578486,-0.0729307148418,-0.0215968018851,-0.0990140149330,0.6947550189522,0.4373431875757,0.7080727357202,-0.0269251327545,0.0930233832992,0.2779295710586,0.1927458048543,0.1368973986823,0.0014437034135,-0.2735060167813,-0.0046046931829,0.3095563765912,0.1597338117089,-0.1384187385744,0.0052677580205,0.1659139674372,0.3506525919705,0.0918389510794,-0.0249186999702,0.4157355452185,0.2051148815755,-0.0507511525304,0.2171221781796,0.1790987606032,0.3240211583319,0.3309851120314,0.4780962653801,0.4210940323910,0.5256087531633,0.3403633690699,0.0344299800517,0.5123490688899,0.4778080172806,0.4129298830405,0.1890137666764,-0.3420246634534,0.2033921244989,0.6359377764248,0.2903513326515,0.3355106986257,0.4913865651445,0.2461393768316,0.3177098087049,0.3031536925710,0.2116166171846,-0.0022599049297,0.2870398119661,-0.1743448413861,-0.2457071546640,0.4723004641153,0.1967801378866,0.3654956008566,-0.3446309794044,-0.3061332355664,-0.1430080638102,-0.2111255374339,0.0138425092183,0.1198779862728,-0.1782735289566,-0.0708254451492,0.0050640028037,-0.1987859397762,-0.0353382918473,-0.0117387923115,-0.0285162194167,0.1124917597163,-0.0635763074699,0.1064955472903,-0.0595065601785,0.0099819079301
0.1965341094738,0.0947387347500,-0.0412308526391,0.3009268618905,0.2166334100644,0.2187441754005,0.1716136087724,0.5721211548001,0.4186123284663,0.0682566948946,0.5103944308516,0.2787603514616,0.4298685221895,0.2602942282964,0.4074462380760,0.4992689223306,0.6201026548341,1.0000000000000,0.3887135538821,0.4839608879469,0.5388719354430,0.1007924913576,0.2840107485976,0.4743839058164,0.3539437056773,0.1631279161353,0.4119333777398,-0.1088606262598,-0.0694024893062,-0.1060132633111,0.6277921585403,0.2117644199304,0.3911062681875,-0.3905647726959,0.2282321456665,0.1160832753189,0.3654674283118,0.2053332687001,0.0826532524402,-0.4672782123770,-0.1921580466359,0.1620991363828,0.0448743454750,-0.3022206665453,-0.1373603884639,-0.1091557400831,0.0055583957473,0.2186824922657,-0.2760228196451,0.2606496254634,0.1659390179150,0.0921366511154,0.3327224697260,0.2523171095150,0.1920055209419,0.3562221884751,0.3183243244654,0.3096771281977,0.6463225423837,0.3366374249273,-0.0951833755208,0.4228275770103,0.2801780255877,0.1128963563219,0.2061851966418,-0.2578348791526,0.3211446773598,0.5562832377876,0.2612111808018,0.4736041910536,0.3351326243525,0.2070934373804,0.4855600825279,0.3276944350288,0.1628337034046,-0.1194814497401,0.4539549800409,-0.1206408354898,-0.3092904087427,0.6215797006122,0.1742251919543,0.3792691868128,-0.5194433397301,-0.2044639323906,0.0662328275169,-0.2739478956697,0.1789275422759,0.1918041237003,-0.2640786431154,0.0170105652134,-0.0103500157580,-0.1902774943781,-0.2935118320276,-0.0233571541293,-0.1069363228960,0.2324818812753,-0.2430330084858,-0.0525484393965,-0.1577143880396,-0.0509523506844
-0.0325426852474,0.0197760004456,-0.0189561094524,0.4011451794323,0.0073306055476,0.2335852914744,0.2607091801950,0.7434897930710,0.6567815618529,0.3062309387226,0.2917789631557,0.1371929970800,0.3963851074719,0.3811699975197,0.2978778222306,0.7057204936564,0.5068317682851,0.3887135538821,1.0000000000000,0.5204244769698,0.5174755666939,0.1355276150434,0.1516634498348,0.5921674848851,0.3541539708789,0.2917584647904,0.5252597511369,0.2486962201047,-0.0330661418536,0.0592822993745,0.5399957602538,0.2989372554026,0.4860257842978,0.1374508148458,0.1585205595344,0.6203242587295,0.1108659518194,0.3680595316376,-0.0207978347738,-0.0358261645825,0.1884019179372,0.3397116539140,0.3576198788296,0.0676916080755,0.2716747099353,0.1273845072868,0.0980113059490,0.0621453159325,-0.0101861062052,0.4016242053176,0.0165151368181,0.0109522626130,0.2126174131266,-0.0632805729630,0.0534312862037,0.3297870445285,0.2630733397208,0.4433155609895,0.6383124364746,0.7068207380745,-0.1559935126161,0.0954614180121,0.0414555965079,-0.0630160364708,0.2653290768308,-0.2147992383056,0.4076885750632,0.2510431645457,0.7621676005765,0.4188873203421,0.1381481298374,-0.1319858695755,0.4349207694288,0.4294916222166,0.2217047063831,0.0265610113580,0.2552113534912,0.0350813628525,-0.2138303855708,0.3109180030277,-0.0838117522401,0.0089855793871,-0.1364304833306,-0.1187461492153,-0.0481354094909,-0.3262218232539,0.0215579122014,0.2011857831591,-0.1142641677509,0.1978547357160,-0.0232911011223,-0.0168720610157,0.1903146573269,-0.1210713235833,-0.3313147984296,0.0363023881728,-0.0641115759083,0.0685175403958,-0.0759015317502,-0.0694969737934
-0.2074893523814,-0.0922928817493,-0.2400520614356,0.0320265349841,-0.1579601708472,0.0347279848869,0.0356990416400,0.5250914236062,0.7311916912183,0.0345855274083,0.2892471018151,0.1250056770663,0.3464961662573,-0.1362843231552,0.0597124481188,0.4758033073806,0.2977451226722,0.4839608879469,0.5204244769698,1.0000000000000,0.2955006373062,-0.0941730051190,0.1694861236625,0.3466889180038,0.8554714305470,0.4101874753367,0.7542356640544,0.0146937760346,-0.2802166140186,-0.0946553000296,0.4752106478998,0.4626655291486,0.4757076315395,0.0323150072213,0.2689873191546,0.2210672829090,0.2660586119331,0.6761121320050,0.0335538156090,-0.1237243240205,-0.1822855993959,0.0756716950998,0.2973383489315,0.1732169105284,0.3034067970952,0.0006470451516,0.0790294707086,0.0344036404623,-0.2862440615877,0.1098473735585,-0.2153258019890,-0.0998341808615,-0.0613105178016,-0.1147167199409,-0.1334549297292,0.0445189941725,0.3458528164323,0.2396307951327,0.5819624349924,0.5929405152411,-0.3640590072616,0.0221917910851,0.1091727997374,-0.0536168097722,-0.1377241110234,-0.2673308914554,0.1771724775952,0.1695112046054,0.2594723790176,0.6493672337109,-0.0377978242439,-0.0964282503177,0.4155123191990,0.6745741672012,0.1230903976818,0.1987249942618,0.6995088677987,-0.1172578038823,-0.3726223633621,0.2767287300451,0.0079340503796,0.0748932897722,-0.4401807172863,-0.0689021133431,0.1881994789407,-0.3835980356197,0.0853339101840,0.0192647620162,-0.2947453174627,0.4301550634336,-0.1145652031205,-0.1459220022705,0.2692830214232,-0.1994796785953,-0.3570807964408,0.0992638045822,-0.3490487888112,-0.3177842987512,-0.3422903713208,-0.2095950840638
0.2979062866419,-0.0778623967990,0.1809673782894,0.3360875542333,0.3927062268745,0.4526556249208,0.3578161136723,0.5986451210820,0.3055540998246,0.4944249569802,0.5902752479735,0.7112296377494,0.7471220578501,0.3254783634074,0.2516099856861,0.5869909680224,0.8417388774105,0.5388719354430,0.5174755666939,0.2955006373062,1.0000000000000,0.2262725828404,0.6363447174857,0.6659282812823,0.1817173404931,0.3804695033186,0.5440286230631,-0.0841085675438,-0.1014936319450,-0.1086537086292,0.7369127801348,0.3657341371859,0.6960238040275,-0.0623439267768,0.2049377646210,0.4470749877940,0.2235763226017,0.1045768619740,-0.0743846749666,-0.2843058328745,-0.1070738726360,0.1975025343425,0.1912412532504,-0.2571194324616,-0.1331910445768,0.1671916960215,0.4004062574666,0.1542866006935,0.0488354330378,0.5184319295670,0.3082676220608,-0.0622313840447,0.2793647104300,0.3330869476250,0.3236204480532,0.3469629012936,0.4415117631392,0.2620629223708,0.4323349901692,0.2956291743339,0.0503511445504,0.4271554286422,0.4870764825155,0.2752906230148,0.2185677484688,-0.2000474672856,0.2278359070128,0.4510640586657,0.3302193266173,0.4805565652840,0.5212593863814,0.3828810341458,0.3696449015252,0.3982993457094,0.2307352129190,0.0041414468026,0.3059226713946,-0.2530527341485,-0.2859470841611,0.4516484099652,0.2328208720562,0.4427388558262,-0.3290509544300,-0.3485580835040,-0.1408794357760,-0.1937267624750,0.1054364790423,0.2725446141282,-0.0256093850184,0.0210193350016,0.0103996901534,-0.2260827288104,-0.0858006344720,-0.0230439488943,0.0808511415683,0.1888356122248,0.0105642586774,0.0521927773211,0.0010815879859,0.1447506148624
0.2345929424944,0.0433594589704,0.1085076478477,-0.0030418713332,0.0933141154202,0.3454839450961,-0.0465773133528,0.1912387553158,-0.0151657887476,0.3424439451446,0.3095055568588,0.2016366722451,0.2943421744717,0.3573383770295,0.1547181471859,-0.0044404047787,0.2587256565487,0.1007924913576,0.1355276150434,-0.0941730051190,0.2262725828404,1.0000000000000,0.3760095200304,0.1977305760861,-0.1553764118819,0.1906149557614,0.1216613798941,0.0883960710637,0.5158464541438,0.1540924289921,0.1376607999270,0.0455464577368,0.2471379150427,0.0173360318861,-0.1349595067197,0.0396664441347,0.0293781813049,-0.0528792623107,-0.1909018046099,-0.0017724938937,0.4686721074365,0.2996739909908,-0.1084742278550,-0.0368262755327,0.0793883270740,0.4912789189098,0.1583567199307,0.0398175175733,0.1141846066117,0.2009500048303,0.1827560388865,0.0043698995150,-0.1103381072667,-0.0434089903248,0.2231816479884,-0.1266278308654,0.1991940386137,0.0992043717933,0.0877823378252,-0.0672653419531,0.3506317903016,0.3359169003223,0.1266555018492,0.1246305452710,0.0554373007730,-0.3012777197508,-0.1336460910377,0.1704134197722,-0.0096757908556,0.0735937855965,0.0874906185248,0.2112874046376,0.2176368378026,0.1162006149388,0.1577535000789,-0.0391097744811,-0.1735953011205,0.1387701627761,0.2397594874407,0.0816215312253,-0.0892118615553,0.0637767549142,0.0661356101809,-0.2637354184971,-0.0950659659657,-0.0312562746303,0.0665864756866,-0.1455175127082,-0.0753644009835,-0.0362517203108,-0.1226234651245,0.0076202172203,-0.0533309550713,0.5149501349484,0.0452981315643,-0.0534235505746,0.0680200755799,0.5541282275243,0.1708581404163,-0.0049362932459
0.2996336531862,-0.1241375676496,0.0827523368569,-0.0629783913034,0.3102288318025,0.2929872918785,0.0480088531562,0.2260132199797,0.0720641819869,0.2062139347752,0.5707814950038,0.7935952300053,0.5927922362192,0.1339339038168,0.0251830499143,0.2826953528201,0.5108446841464,0.2840107485976,0.1516634498348,0.1694861236625,0.6363447174857,0.3760095200304,1.0000000000000,0.4050832498404,0.1607999826876,0.4502147132785,0.4499375237896,-0.2885899282910,0.1305548860091,-0.1063600896612,0.4172382798253,0.3310383810793,0.5948501463604,-0.0609892269821,0.1380563005236,0.1562295967707,0.0694428507646,0.0096547234298,-0.1646718493946,-0.1561291414011,-0.0942174112496,0.0440220705896,0.0055753833829,-0.1134000403286,-0.1437577392087,0.4839981729672,0.4312297968724,0.1672252204196,-0.0426902532075,0.1851626356846,0.2229269063281,-0.1233555023007,-0.0597265469085,0.1555331133495,0.2201580564404,0.0135123927526,0.4183570103601,0.0071494655317,0.1666454855235,0.0320725417020,0.0336297244858,0.5619282431280,0.6161162360204,0.3509896041944,-0.0988846947108,-0.2625242791717,0.0968321345144,0.2859324888564,0.0310224439325,0.3937652184321,0.3504376966109,0.6398634153017,0.2605510688697,0.3388724323807,0.1976078840837,0.1367617741883,0.2571617052297,-0.3562731886002,-0.0032666651104,0.2799649615076,0.3186619281969,0.5301187131118,-0.3305852095678,-0.1957943687250,-0.1291029692047,-0.1723668408196,0.0001295235484,0.0183077389370,-0.0151103412522,-0.0468937673018,-0.0853725923982,-0.1980945760968,-0.0650949648452,0.0826219089311,0.2844360378382,0.1892887698696,0.0014484555175,0.0310668825859,-0.0793954304613,0.1636316149025
0.0751404320363,-0.0696912418998,-0.0375546244768,0.2553716881224,0.1643271538882,0.3086468671520,0.2688726811994,0.4361794438834,0.4418465313300,0.2116147986222,0.5017063986643,0.3547975569572,0.4979606636071,0.2325189520923,0.2090400121679,0.5729494702328,0.5926415931472,0.4743839058164,0.5921674848851,0.3466889180038,0.6659282812823,0.1977305760861,0.4050832498404,1.0000000000000,0.2622352278584,0.2866129191971,0.5142916589065,-0.1306316125964,0.0595263567470,-0.0843235727807,0.6601498751487,0.1926122051583,0.4752240961753,-0.1377422023081,0.2430107486271,0.5193403454817,0.3830104030064,0.1918359586267,0.1217966883686,-0.1400358512767,0.0675914330912,0.1887167456024,0.2757743679124,-0.0853579465071,-0.0252377957793,0.1215357967795,0.0411881075913,0.2562634006329,0.0276847579750,0.3042773137333,0.1214159246602,-0.1243990118158,0.2235384752990,0.0460266367412,0.2420600420550,0.3707722757196,0.3078428512557,0.1615816083233,0.4183622245067,0.3802733018515,-0.0467530238337,0.4230740045417,0.2865775432097,0.1648495660097,0.1407853877390,-0.0446533873685,0.3180058820846,0.4718115240559,0.4058391527382,0.3223722264967,0.3432376099787,0.1666033277582,0.6924937528635,0.2770220010594,0.2798117934514,0.0184165078716,0.2951094485125,-0.2905373676460,-0.1651947004278,0.5778825760731,0.0734434504347,0.3115322247613,-0.1877477927519,-0.0717250334725,-0.0744798532993,-0.4073405825344,0.2739024922112,0.2869060621805,0.1390099838505,0.0824334428845,0.1706526224060,-0.0309786310021,0.0487735289364,-0.1198619280145,-0.1658809325847,0.2439235468823,-0.0832102979247,0.0731048735002,0.0485336883084,0.1123976340673
