1.0000000000000,0.4025418707242,0.5503067938725,0.3446064234165,0.5987788646555,0.4212206766546,0.3000935151640,0.2308449430569,-0.1058856155474,0.3533658643843,0.1423222994767,0.2886702021180,0.0478814070339,0.6553808547820,0.4559257937436,-0.0019766687491,0.0016356094000,-0.0069974072258,-0.0496562783404,-0.0481234335036,-0.0047699788868,0.3622167372477,0.3848641346729,-0.0505295371028,-0.1047376697122,0.2433671806942,0.0280054769624,0.1853060615392,-0.0386766278398,0.3133892582590,-0.0933907526348,0.3974593266410,0.0985622759270,0.5478854605199,-0.0453502792616,-0.1502639563499,0.0720933098472,0.1003168430482,-0.0427881919348,0.3376155116097,0.3652372825087,0.5234484251481,0.0474796557275,0.1644459234784,0.1681775562625,0.3660773507247,0.4768093131267,0.0681363649817,0.3205393956257,0.1852185793856,0.7057659578322,0.4299203412216,0.2812723124991,0.5493690694960,0.5116860082481,0.2522424452694,0.0387243089906,0.3109160113667,0.1142074742408,-0.0453239184003,0.0882883556142,0.1814397410706,-0.0242850403828,-0.1655432783355,0.4978953564570,-0.0336863169316,0.1496116507281,-0.0389312770006,0.0298311348407,-0.0367549930545,0.0343817892689,0.3563101193961,-0.1088530400653,-0.0438465697398,-0.1158883302476,0.2247441561799,0.1112991447683,0.1319893260934,0.0030741592568,-0.1233965939895,0.2845700072695,0.1409585076404,0.1685672035123,-0.0317312326326,0.1076157768661,0.3967843818840,-0.0163314099872,0.0217621714376,-0.0524045621176,-0.0700940561933,-0.0519796050066,0.2321457888719,0.1318767223923,0.2323253440825,0.4329350046607,0.0256562459362,0.2983237943307,0.1763541077390,0.1996737459384,-0.0537827276298
0.4025418707242,1.0000000000000,0.5815092865876,0.0237116722563,0.0699491640340,0.1705631493950,-0.1463649229324,0.1098041934099,-0.2930692485453,0.2599114476102,-0.2407753369136,-0.0108306261250,-0.1709499186438,0.6083123639783,0.2606976817860,-0.2489557997583,-0.2738553070657,-0.3191458707018,-0.2022553358340,-0.2807796967170,-0.2971876647458,0.2392405335948,0.0398980123693,-0.2371417582785,-0.3199401397543,-0.0979337699578,-0.0737428795521,0.2696023100828,0.3393262995500,0.6185607463584,-0.3215078879481,-0.0466477347838,-0.0165092822020,0.2018352892012,-0.1878317856251,-0.3072601770159,-0.0932560219776,-0.0043711447069,-0.1809455044969,0.1625118725038,0.3348799855384,0.2446711182435,-0.3305954995190,0.1817452270158,0.0727293439855,0.0924610827411,0.2664631008159,-0.2325093670231,0.3941092114037,-0.0699858825920,0.3449312621844,0.8542185079127,0.1693494708295,0.1130733256763,0.3469565706600,-0.2453400591786,-0.0935031228555,0.1876983558969,-0.1588581454180,-0.2278848528368,0.1066117336463,-0.1702484706375,-0.2359102483292,-0.3755318020772,0.6917536640291,-0.2048264879034,-0.2531865855304,-0.3869142615904,-0.0959703397520,-0.1767300885875,-0.2811757167012,0.1593215132505,-0.2834882055470,-0.2417293968941,-0.3920834105386,-0.1425112816237,-0.0816766776185,0.3532589277713,0.3646925574676,-0.3717763787961,-0.1233295789225,-0.1173938192249,0.3425331532179,-0.3480268400347,0.0927441974821,0.2774089396922,-0.1016577793400,-0.2011824863666,-0.2974162603277,0.0581662635192,-0.1496084112360,0.1056094981580,0.0243766155064,0.3236830607975,0.3628377087542,-0.1254700240702,0.6022275557284,0.0695764481005,0.0846001065634,-0.1817006252461
0.5503067938725,0.5815092865876,1.0000000000000,0.1883966581734,0.2721441709047,0.6011308130742,0.2812825082620,0.2146702612372,-0.1614707476376,0.3626187777750,-0.0656301601421,0.2418036780910,0.1414154296340,0.4600115011438,0.3058582313992,-0.1557738860255,0.0138802747890,-0.1303350829126,-0.1377625568695,-0.0769884468794,-0.1592454251930,0.1488823917897,0.0824401613463,-0.1691831321025,-0.0646236118242,0.0216725394155,0.0551948706319,0.1412218485920,0.0991636257068,0.3252914310536,-0.1980012688238,0.1588853307261,0.2095380861512,0.2685497026091,-0.1022721524854,-0.1858359081188,0.0399517478721,0.2154731050769,0.1244356057161,0.3197796536663,0.1866152706744,0.3912839123856,0.0014307574321,0.2423803950581,0.2202118619264,0.1925799009918,0.2531118428332,0.0748807989949,0.3537033126282,0.0854145785106,0.4043213582059,0.7312654560378,0.2377055745766,0.6355683506929,0.5699344022935,0.1077997997908,0.0181759894096,0.3487587780102,0.0371459374417,-0.0562682568855,0.1305987763396,0.0136991230180,0.0154880762180,-0.0438466494699,0.4979801206522,0.1190585935201,0.0315610376109,-0.1119000474218,0.0214030289149,-0.0369867731713,-0.0892504811469,0.1262895875150,-0.1741993207188,-0.1408908597896,-0.3350666168918,-0.0682451770555,0.0036185808215,0.2526360237948,0.1451851172186,-0.2533987854146,0.0433162418480,0.1364803000810,0.2524559068983,-0.1098300699540,0.1715121675246,0.0856208308251,-0.0065026536107,-0.0074476935042,-0.1863654361971,0.1346077476095,0.1516273671737,0.2395827848081,0.2147064306194,0.2106756219602,0.3174151150869,0.1201103303076,0.4164617656259,0.0082269324022,0.1804404374190,-0.2793692083844
0.3446064234165,0.0237116722563,0.1883966581734,1.0000000000000,0.4591994523612,0.5055871503249,0.7619947002557,0.3973679942300,0.4733810497829,0.3585856984305,0.4075052841145,0.4571261763080,0.4153677874291,0.0302728485768,0.6731614602994,0.5628946046482,0.5465388009829,0.3267651675395,0.5782996999583,0.4526709009374,0.4295712449645,0.0878431898262,0.3648722532680,0.5053066046198,0.3497946327027,0.2692218699872,0.5490123556350,-0.0038807044698,-0.2432732113195,-0.3198060790295,0.4338100122347,0.4446731261715,0.3920863558142,0.2532406309093,0.3376775862986,0.4314527622118,0.3793236161622,0.3521799119741,0.2547902716037,0.1730746328195,0.0832461621499,0.1942091711725,0.5799433930913,-0.0161890814994,0.1740332845150,0.2376497666401,0.2724884225386,0.3255673020486,0.1230195534949,0.4741452609061,0.3290147187756,0.0928503183871,0.7960022133722,0.5588904691521,0.5219635905866,0.8779456737101,0.3657499026714,0.3106582207094,0.3924286813898,0.5479143770049,0.1259191254544,0.4880497442503,0.2535534639631,0.2694653709623,-0.1339385251349,0.3144429343953,0.7545143953474,0.4315509513322,0.6533512341107,0.5973399841361,0.2429078302928,0.2864629675026,0.5092089991496,0.5160791970109,0.3418915121382,0.1221449774097,0.5357228293900,-0.1017437863309,-0.3483925894151,0.4866273687972,0.3564042645932,0.3650882231263,-0.3809294077780,0.5588503460979,0.0505910361206,0.1192367044331,0.2541703391200,0.4209830336776,0.3615850190139,0.0890036465454,0.1736714482477,0.1509969331335,0.0104161883893,-0.0422643985376,0.2090764764628,0.2131341670953,-0.1960386341707,0.0490540257646,0.0456741882696,0.1777334698062
0.5987788646555,0.0699491640340,0.2721441709047,0.4591994523612,1.0000000000000,0.6139844076744,0.4430871225951,0.2435618819776,0.1260797601539,0.3253937286784,0.5365769614963,0.4312476352870,0.2096511712115,0.1848285428429,0.4495685626852,0.1943732377360,0.2106022357385,0.2328237067260,0.1514908060203,0.1266819905808,0.2064544254377,0.4005109819557,0.4320491651069,0.1718968551262,0.1170080496725,0.2464119110578,0.2953069641944,0.2484239649451,0.0402087324096,0.0788531772042,0.1259055701874,0.3631829827018,0.1794563878680,0.3782232654874,0.0912666117162,-0.0093462548723,0.1447322204096,0.1362653134331,0.0871872866790,0.4227322398929,0.3312267776156,0.3559996928271,0.1552588800298,0.1614958454096,0.1916949276260,0.5420539796795,0.4135099467324,0.3360052461271,0.3963857403155,0.3621412372994,0.7524219011822,0.0552558488439,0.4371567440756,0.5613345633245,0.6777778919160,0.4007233245169,0.1839935058568,0.1999068436804,0.2524613564815,0.1259387764040,0.1547685566847,0.5514697230363,0.2511614370879,0.1203387053922,0.0483436539782,0.0610235455791,0.2521607001904,0.2713657324881,0.1751626827709,0.1843519660776,0.1668050397018,0.4345831213599,0.1149352835548,0.1705813415036,-0.0190822302965,0.2254071761841,0.3397194788313,0.1588504063235,-0.0880323691520,0.1416747862867,0.2722887511346,0.2384269037095,0.0032932041759,0.0633222454131,0.1007804610378,0.3201601640437,-0.0140322222954,0.0763643599651,0.0474606751971,-0.0005380790125,0.0631603599552,0.4242241695591,0.1804975876090,0.3087918682931,0.3208028332988,0.2090125294434,0.1735316301197,0.2898800597193,0.1687076363625,0.0654556440404
0.4212206766546,0.1705631493950,0.6011308130742,0.5055871503249,0.6139844076744,1.0000000000000,0.6407257814995,0.3532586626433,0.2266421650542,0.5150428515659,0.4352074941437,0.5562481902972,0.3522931091754,0.1367755326625,0.5474162961116,0.2873386033555,0.3305346703461,0.3191570279024,0.1579900333512,0.2672426962894,0.2185151421890,0.2311290843797,0.3605951697355,0.3001833361485,0.3085984757120,0.2588582926006,0.4484839189811,0.1454242170605,-0.0242336017833,-0.0216398452311,0.2483627316820,0.3667034477287,0.3836223325218,0.2281113301356,0.1749796451291,0.1345773597710,0.3380690179608,0.2900410323639,0.3697472030606,0.3844371257876,0.1294234784176,0.3525358121527,0.3004119939750,0.2565744131623,0.2856818843700,0.3536134919141,0.2740790746903,0.5147497668809,0.2897658942230,0.3993461197122,0.5175749793598,0.2685933733555,0.5080913747647,0.8312154050526,0.7950221647090,0.4826147271742,0.2977918150709,0.3612368147557,0.3208513087146,0.2767558344592,0.3353482780454,0.5497963139156,0.3536334804117,0.2671074821145,0.0771214417200,0.2687715487163,0.3791543444776,0.3762932661655,0.2461586076817,0.3234432129382,0.1808902510626,0.3336510167515,0.2742151601021,0.2435213446358,-0.0235528404276,0.1403080635468,0.3427575925781,0.1725076224654,-0.0954265993188,0.2654723625911,0.2822917400333,0.3075730637643,-0.0814517635143,0.1656091623393,0.1770440077422,0.0618676925055,0.2331093610319,0.2495850962236,0.0182660740622,0.1744933256489,0.3098500977743,0.3756416943324,0.2816017724887,0.1886384795987,0.2177189406522,0.4157169874942,0.1068291209322,-0.0071633965613,0.2104795121299,-0.0660367459238
0.3000935151640,-0.1463649229324,0.2812825082620,0.7619947002557,0.4430871225951,0.6407257814995,1.0000000000000,0.5047971693328,0.5664759231736,0.2021362664665,0.4741294517218,0.4404184708345,0.4895509179213,-0.0281324934765,0.5346231233376,0.6891329508320,0.5361668916191,0.5675785596056,0.4293755929058,0.5438009679955,0.4598799216063,-0.0693958143417,0.2243494910723,0.5453456292739,0.5190524116580,0.4124215109715,0.4935986687319,0.0034578409205,-0.2097166106590,-0.2307685531896,0.5648701771564,0.3626946435527,0.2966743035446,0.1267435530980,0.5394024035913,0.5499640107220,0.4746252118287,0.4635135468267,0.5770330010472,0.1865344996795,-0.1133184102038,0.2067116215061,0.6129483682441,0.2413032544310,0.3916685081336,0.0949355789886,0.0754562151582,0.5094607348343,-0.0219924223289,0.4574706117809,0.2419536997249,-0.0056584101496,0.5906838056373,0.6720641302541,0.5127719479563,0.8222864990065,0.4872186172949,0.4729752062224,0.5245018349797,0.6088880183860,0.0101714064188,0.5064522558874,0.2187726652074,0.4070217504235,-0.1788965864845,0.3975094910620,0.7238865856528,0.6208066780286,0.5324734518008,0.5643182461257,0.4119179205781,0.1480701361205,0.5191790627999,0.5260257177094,0.3431214216576,0.2339762647957,0.4334216065388,-0.0742144185965,-0.2387464277013,0.5602554226480,0.1942583516293,0.3355326606036,-0.3606582482331,0.4865974752402,0.3039126076847,-0.0587778789121,0.3588197529763,0.6247706386612,0.3633681399129,0.2234670880891,0.4382192698706,0.1620896244587,0.2931302742675,-0.1031572076632,0.0002760718897,0.4035244057788,-0.2613523168473,-0.1269798701967,0.0030164459581,0.1515582509583
0.2308449430569,0.1098041934099,0.2146702612372,0.3973679942300,0.2435618819776,0.3532586626433,0.5047971693328,1.0000000000000,0.6486940752194,0.2277509794575,0.4453554240780,0.4422449989373,0.5638623397689,0.0857510302895,0.5576793145531,0.6113142694405,0.5245045332521,0.5918384280680,0.5444379592842,0.7552408637451,0.5436302393631,0.1274439064881,0.2293108159773,0.5216832198111,0.6079117071715,0.4172261794127,0.4697708641343,0.2425720833001,-0.0204236596791,0.0951372333263,0.5226178946731,0.4075320990481,0.3258187018255,0.2047577545783,0.3134809257265,0.4388818484554,0.3457311581884,0.6144499935247,0.2612559517565,0.1505346592615,-0.0690835046307,0.2226933207408,0.5288727560202,0.5369294767238,0.7374847974565,0.1135294880985,0.1736676212048,0.2627996112021,-0.0339737458991,0.4110666910936,0.1011053320006,0.0714793464930,0.2964158608485,0.4944518680663,0.2917476592402,0.3775389265583,0.6449225462284,0.7904490924107,0.6880094654789,0.6115627879051,-0.0813825251460,0.4635896954664,0.0274824857551,0.3267050319536,-0.0677448756542,0.0577157241588,0.5163367775673,0.5912761797863,0.4838639118892,0.5998490327088,0.4687531712751,0.2739803690227,0.4107229002149,0.6216259732421,0.3314594002247,0.2446243454776,0.4397744753809,0.1227807893610,-0.1177288661568,0.4567758222049,0.1257573196531,0.4054586525626,-0.3057675926505,0.2663910152725,0.5103332267971,0.1152937398312,0.2523830169663,0.4299677459335,0.1416079712678,0.4842076908076,0.1328020536551,0.1035288290438,0.4142689071815,0.0267370221800,0.1481095351080,0.1425437519804,-0.0752431487809,-0.2830936362035,-0.1915523439921,0.0149956353493
-0.1058856155474,-0.2930692485453,-0.1614707476376,0.4733810497829,0.1260797601539,0.2266421650542,0.5664759231736,0.6486940752194,1.0000000000000,0.0685410516541,0.4347579492586,0.4307044004674,0.5345212232664,-0.2620620344652,0.3522777510869,0.7766679685120,0.6433069738349,0.6800839889283,0.7531989690974,0.8559978032238,0.6262589899358,-0.1694972076332,0.2352362048212,0.7989471960118,0.7750188615929,0.4061803408355,0.5696724721865,0.0149110902500,-0.1258487042552,-0.3102438084213,0.7295772976274,0.2860331627633,0.3362070703040,-0.0228653378069,0.4792055034696,0.7357231634482,0.3717979056953,0.4291999519319,0.3252991067053,-0.0011880660151,-0.3076583005213,0.0501653335756,0.6045539746811,0.2557130686076,0.4053966089245,0.0159857939002,-0.1147595281617,0.3258974161401,-0.2460040275067,0.3641052593829,-0.1096071098812,-0.3051147733067,0.3244285856990,0.3167122245505,0.0982291446073,0.5394388033403,0.5983231190305,0.4065753229990,0.6870022896573,0.9351818278054,-0.0255829259144,0.4957795462277,0.2453669232031,0.4491367272672,-0.4122730324050,0.1441019203887,0.6620211437379,0.7215781959960,0.6448349775801,0.7807139281537,0.4792920426714,0.1925856518177,0.7628285734271,0.8563363426076,0.5599039645754,0.2462107031840,0.5144916420051,-0.0971182723875,-0.2096023878461,0.7665626162985,0.1143415710224,0.3807146575913,-0.5512133444163,0.4814957326882,0.2292391143766,-0.1224307653903,0.3540305448612,0.5358183826509,0.3340071684405,0.2961306168249,0.1526322800356,-0.0280116660960,0.2316590810266,-0.1968858181570,-0.1836006666077,0.1880274903683,-0.4301144294246,-0.3264244406319,-0.1846649159008,0.2333860317615
0.3533658643843,0.2599114476102,0.3626187777750,0.3585856984305,0.3253937286784,0.5150428515659,0.2021362664665,0.2277509794575,0.0685410516541,1.0000000000000,0.1709019356753,0.6200395718037,0.0850273074655,0.2075193808825,0.5664291165854,0.0778786882752,0.1620299815519,0.0266863586858,0.1565894740833,0.1078750521217,0.2033348188691,0.5892030294934,0.5508631362138,0.2031341687605,0.0822941865375,0.1913600348697,0.3377032395186,0.0079852579063,-0.1014272382109,-0.1025708672535,0.0880785325554,0.5215954121353,0.4081373803683,0.3396282983059,-0.1148727173693,0.0024755704686,0.2094531253703,0.0114592651676,-0.1684559475974,0.1769053872959,0.2449954669115,0.2997693792273,0.0837284623832,-0.0685409042513,0.0351402519566,0.3845871552822,0.5080988866310,0.0425633964283,0.2045594255342,0.4647581306366,0.3384991582424,0.2212243764294,0.4019159898328,0.4643273335956,0.5291365236081,0.2652159696677,0.1074371254786,0.3029658775642,0.0956353549972,0.1531272364085,0.8081672416545,0.3032257002217,0.4069447481556,0.0196793925062,0.2320813072379,0.0412067906596,0.2738716309509,0.1288133920152,0.1986848061453,0.2232971021608,0.1861698544474,0.5751527919360,0.2090740576054,0.1823461738897,0.1103189965441,0.2440265339116,0.3131575717651,0.0298134456496,-0.1914128809802,0.1167366698906,0.5318363782703,0.3677023696647,-0.0605496999979,0.2072846346301,0.0558903725276,0.2903128048419,0.2605297577149,-0.0092260802870,0.0756658962701,-0.0026336610470,-0.1918759099657,0.1582089661917,-0.0783963139955,0.1070017281915,0.4605304800152,0.0113590602274,0.0682931016888,0.1126223307698,0.4016193688763,0.1990925502915
0.1423222994767,-0.2407753369136,-0.0656301601421,0.4075052841145,0.5365769614963,0.4352074941437,0.4741294517218,0.4453554240780,0.4347579492586,0.1709019356753,1.0000000000000,0.5611227781600,0.5542141376655,-0.1213922512579,0.3937248587055,0.5282389355205,0.5229985176509,0.6023195335209,0.3654321549168,0.4527270546122,0.5948584789870,0.2605484195271,0.4449379780377,0.4817527502889,0.4295337498050,0.3984529772365,0.5063983448096,0.2304895605652,0.0065758597127,-0.0671717101035,0.4897105156876,0.3755697764429,0.3521115966315,0.2663007056388,0.3014949475586,0.2964769437815,0.3303319671617,0.2772613808255,0.2416979928862,0.2490044954108,0.0754196369891,0.2032695150105,0.3944063188393,0.2820345860238,0.3991466865000,0.3536590638889,0.2203757513519,0.4416051452039,0.0550176482448,0.4877054742727,0.3191303217505,-0.2603214052328,0.3414950136417,0.4070547676408,0.3285612337468,0.4385945192696,0.5391814628687,0.3230984082610,0.4990502197607,0.3841904454656,0.0779133155626,0.8370463298411,0.3768763606475,0.5023962479904,-0.3125250375564,0.0822380499649,0.4088918641723,0.6421888742888,0.2963299545077,0.3970700874073,0.4664429282475,0.4235044011649,0.4201369148860,0.4780306849426,0.3052528048858,0.3089777540282,0.5105441861778,0.0790076244931,-0.0901412126730,0.4934033668512,0.2618475463382,0.4102254057721,-0.2097044408270,0.2431530861461,0.2435911313234,0.2017245053379,0.1596264505908,0.2847869785252,0.2048966202190,0.1677886497881,0.1598908854328,0.2763713285703,0.2961428784882,0.1988225480403,0.1174369432714,0.2496617114176,-0.1148654457647,0.0471656271991,0.0061970996305,0.1873661260395
0.2886702021180,-0.0108306261250,0.2418036780910,0.4571261763080,0.4312476352870,0.5562481902972,0.4404184708345,0.4422449989373,0.4307044004674,0.6200395718037,0.5611227781600,1.0000000000000,0.5587880624354,0.0652241931498,0.6029050405446,0.3984212514096,0.5358027094396,0.4128267450678,0.3491890538327,0.3998851163166,0.5495462186495,0.2500470080778,0.6519462291509,0.4927613382442,0.2948560128469,0.4517840711679,0.4818286818850,0.1412738517184,-0.0150530760249,-0.1835051928449,0.3849769305295,0.5747407675011,0.6004010139637,0.2791661518317,0.1090116050974,0.2219841033183,0.2675784317409,0.1659994176175,0.0482075580379,0.2820900914173,-0.0165295625400,0.2755369947972,0.3327132197813,0.1991853820478,0.3081085884227,0.3378883956789,0.2796210774046,0.3439174014830,0.1422988145810,0.5115015842844,0.2556668746586,0.0358719405708,0.4729468817052,0.6400989868198,0.4665165341947,0.4570900311944,0.4586454765880,0.4129566834471,0.4885552871432,0.4116670676551,0.4632438709706,0.6554766656685,0.7593019703565,0.4354635037032,-0.1118459242196,0.0664877469427,0.4358540584841,0.5140844321299,0.3021130962693,0.3601691416708,0.4088706731181,0.6376620035662,0.4613798969704,0.4337594226417,0.3387874204601,0.4513423467638,0.4485031666314,0.0442648589130,-0.1677488521685,0.3999297609329,0.5002748203577,0.6006339650309,-0.3873527366723,0.2671287963253,0.1375439364408,0.1921357082860,0.1634976179920,0.1684938093714,0.1488464444537,0.0792544468820,-0.0159486771298,0.1608879738064,0.2081674971786,0.0515590242405,0.2432965063322,0.1720322927424,-0.0720080353297,-0.1352165509878,0.0819035427402,0.2020770636312
0.0478814070339,-0.1709499186438,0.1414154296340,0.4153677874291,0.2096511712115,0.3522931091754,0.4895509179213,0.5638623397689,0.5345212232664,0.0850273074655,0.5542141376655,0.5587880624354,1.0000000000000,-0.1191295618307,0.3214678892811,0.4581400583450,0.8200638854967,0.4990344021518,0.4557999515032,0.5820586270370,0.6109523818299,-0.0957319124964,0.1991596137194,0.4955314143077,0.5051467479575,0.2764039194574,0.5122808325091,0.1003066047788,-0.0831298191654,-0.2050660162494,0.4767857791974,0.3291963979298,0.6535379092170,0.1302652890092,0.2345647004495,0.3065218799605,0.3518367081780,0.4660047868917,0.3122155745382,0.1666225786684,-0.1572120137638,0.1743608975313,0.5556447045655,0.3206608157187,0.5302221653528,0.1337434988406,0.0058202880514,0.3076356936764,-0.0382527093694,0.3988988578109,0.0583664260627,-0.0938233593470,0.3151693839855,0.4286623738741,0.2206048416862,0.4732245261460,0.6012825679647,0.4099730682654,0.5171432208097,0.4889453959721,0.0054807089895,0.5422168290518,0.3697013772148,0.8003218118430,-0.3069631826881,0.1385255983291,0.4714768129590,0.6536671197770,0.4026160606580,0.4989186504520,0.4051426510280,0.2027071051245,0.4578241472835,0.5412263367180,0.2979713952972,0.1951375647995,0.4940098470193,0.0313614609301,-0.1325209291500,0.4417038544913,0.2174584801170,0.5938722596235,-0.3278524514924,0.3248587338599,0.2700968276945,-0.0128720042068,0.1343709002152,0.2903805123471,0.1675528671848,0.2908686674647,0.1981479439553,0.1205176445466,0.3220579443270,0.0013158231378,0.0051890995490,0.1567889141981,-0.1453358410583,-0.1213529180951,-0.0765428886497,0.0171773217370
0.6553808547820,0.6083123639783,0.4600115011438,0.0302728485768,0.1848285428429,0.1367755326625,-0.0281324934765,0.0857510302895,-0.2620620344652,0.2075193808825,-0.1213922512579,0.0652241931498,-0.1191295618307,1.0000000000000,0.3567231891328,-0.1190410557188,-0.1647034259690,-0.2515484383394,-0.1992728675192,-0.2622413152607,-0.0890087714344,0.2694999181885,0.1916741901519,-0.1562615240420,-0.3756701654673,0.0884858133438,-0.1368958612005,0.3578071170101,0.2395442141619,0.6030815206789,-0.1959672052596,0.2502699745435,0.0441394063609,0.3535813370066,-0.0696871613597,-0.1896865153227,-0.1584058306783,0.0275594305730,-0.1701577490280,0.2341892468505,0.3305908279347,0.3964261395454,-0.2201333110237,0.1407698965493,0.1139204158962,0.0910077364662,0.2986750176282,-0.1492374087064,0.3080237615685,0.0585204834148,0.4005210300316,0.5849724108891,0.1158274715034,0.2283861409500,0.2849556240557,-0.1195416416214,-0.1889652506783,0.1899754009737,-0.1244246858204,-0.2102488409105,0.0831902992020,-0.0027397361669,-0.1639533809581,-0.3148177668587,0.8068639691076,-0.1542321704705,-0.0703508578285,-0.2731550670148,-0.0633529543181,-0.2462286848105,-0.0328267639460,0.2155317054383,-0.2474593578388,-0.2832775455033,-0.2060393104846,0.0493228177947,-0.1466600095857,0.3293901219481,0.3124032869428,-0.2672157426324,0.0838330644019,-0.0278615073939,0.3793576415815,-0.2083080984223,0.0836037589839,0.3412224403298,-0.1301703882263,-0.0553969317656,-0.1807371730633,-0.0644765103788,-0.1553697084523,0.0983245308541,-0.0139481540986,0.2501926741817,0.2762655868986,-0.0670681687053,0.5021299395515,0.2140788942223,0.1327539693259,0.0007922423334
0.4559257937436,0.2606976817860,0.3058582313992,0.6731614602994,0.4495685626852,0.5474162961116,0.5346231233376,0.5576793145531,0.3522777510869,0.5664291165854,0.3937248587055,0.6029050405446,0.3214678892811,0.3567231891328,1.0000000000000,0.5168532247711,0.4380352630792,0.3202857484267,0.4250484943278,0.4178478037120,0.5273562883919,0.3618085106555,0.5235200873903,0.5078793131444,0.2405928363658,0.4284523555278,0.4704142105839,0.1725622647036,-0.0754966292697,-0.0017620095155,0.4236099696832,0.6353134705490,0.4372636793045,0.3580325574586,0.2690061063529,0.3590929249302,0.3372773940492,0.3815279740433,0.1495515784277,0.2014495946679,0.1757638428153,0.2565731091898,0.4115837226275,0.1898805903928,0.3536657950357,0.2447397948891,0.4109855655701,0.2773338474710,0.2003766679362,0.6616316040727,0.3623482413427,0.2113642918448,0.6438227277886,0.6119907911509,0.5669243135669,0.5316043991805,0.3555682046513,0.5069102917944,0.4148763829443,0.4059715584233,0.2678283825275,0.5249023643351,0.2518176096725,0.1439287607558,0.1708428000837,0.2315860494259,0.5718312589150,0.3935351894883,0.4832338023553,0.4558701660193,0.3696714150438,0.4878341124957,0.4355729540182,0.3993252576521,0.3122466324340,0.3267015238196,0.4114855678048,0.0520771057119,-0.2075348205526,0.4092053919608,0.4702684994694,0.4535876688723,-0.2326355297737,0.3145924535735,0.2499791255166,0.3237249810419,0.2678901818905,0.3783260731689,0.2538365061513,0.2288634958865,0.0931171505952,0.1640320493879,0.1259293364651,0.0538585917327,0.3754692644072,0.1853006875103,0.0508939674045,-0.0209619009366,0.0967412910677,0.2515291688958
-0.0019766687491,-0.2489557997583,-0.1557738860255,0.5628946046482,0.1943732377360,0.2873386033555,0.6891329508320,0.6113142694405,0.7766679685120,0.0778786882752,0.5282389355205,0.3984212514096,0.4581400583450,-0.1190410557188,0.5168532247711,1.0000000000000,0.5849971249427,0.7501895477254,0.6341277479720,0.7705281344991,0.7231119201626,0.0120281027884,0.3149755079040,0.7876878795638,0.5929052941576,0.5107221444457,0.5260146190399,0.0517208641167,-0.1160006012002,-0.1970587833832,0.8502833163728,0.3744838265782,0.2913474571084,0.0380778063452,0.6265494353068,0.7931017608723,0.4382933851370,0.3913428307483,0.3782641093706,-0.0477303550591,-0.1990021082380,-0.0283271369957,0.6103935877136,0.2194020476832,0.4194796282138,-0.0082030092073,-0.0140989078485,0.3842239244654,-0.1939788598791,0.4335668409674,-0.0283869475253,-0.2757295987058,0.4582243396613,0.3642952836074,0.1275696275151,0.6052813604318,0.6532962817560,0.4658340355322,0.6794036946436,0.7308557922143,-0.0521846982416,0.5477455304957,0.1580677585087,0.3927413043570,-0.3356438447873,0.2036250504316,0.7452648484448,0.7637233759241,0.5623308890612,0.6747717434270,0.5697381362023,0.2278285102895,0.7615565070266,0.7310422596205,0.6993713688530,0.3519330460496,0.4846673131790,-0.1273502724918,-0.2102231972205,0.8337312422112,0.2063108643920,0.3394602067303,-0.4798298735301,0.5306033543002,0.3398481861228,0.0173138998017,0.4454470490056,0.7143576902636,0.4672191712230,0.3083617180928,0.2007329329565,-0.0240659480438,0.1979508971899,-0.1629762792885,-0.0996488713650,0.2549069349695,-0.3819003427633,-0.2444606268911,-0.2035228340161,0.3312123931724
0.0016356094000,-0.2738553070657,0.0138802747890,0.5465388009829,0.2106022357385,0.3305346703461,0.5361668916191,0.5245045332521,0.6433069738349,0.1620299815519,0.5229985176509,0.5358027094396,0.8200638854967,-0.1647034259690,0.4380352630792,0.5849971249427,1.0000000000000,0.5606108479788,0.6250559881945,0.7397582282254,0.7928944523469,-0.0204197236206,0.3436862255678,0.6994132920435,0.6025539221809,0.3555071116431,0.6307000281507,-0.0095471900407,-0.2624087504593,-0.4091380964375,0.6746429149609,0.4537586827533,0.7126421073203,0.1854037743684,0.3610298664306,0.4881301528589,0.4874801409009,0.4826742016009,0.3138302764334,0.1315323364945,-0.1911545130106,0.0724221575279,0.6600266430682,0.1602573233394,0.4078551954125,0.1646753428460,0.0771590072919,0.3157588968147,-0.0699067539787,0.4678262298123,0.0147884284240,-0.2024215532534,0.3893527724470,0.4012301862565,0.2088024567463,0.6072010848978,0.5770345284816,0.3115929602216,0.5168481871366,0.6040737369221,0.0553710153817,0.5184094344236,0.3359828269770,0.6155519051976,-0.3548719661206,0.2311835928944,0.6236594346241,0.7584921291903,0.5488301628172,0.6887655750852,0.5484154986507,0.2317069707650,0.6858928816122,0.7093390967692,0.5045194673619,0.2708679393289,0.6259306522884,-0.1016141476983,-0.3508213733353,0.6900018135985,0.3880322867522,0.6898080806808,-0.4235625061620,0.5191532759679,0.1758795767215,0.0535714149413,0.3527783092679,0.4436385460803,0.3343752251231,0.3314699961112,0.1937827688938,0.1281838379086,0.1963860958098,-0.1127864579887,0.0448118067299,0.1747068430450,-0.2958146800362,-0.0912538375112,-0.0545196157743,0.1855883499584
-0.0069974072258,-0.3191458707018,-0.1303350829126,0.3267651675395,0.2328237067260,0.3191570279024,0.5675785596056,0.5918384280680,0.6800839889283,0.0266863586858,0.6023195335209,0.4128267450678,0.4990344021518,-0.2515484383394,0.3202857484267,0.7501895477254,0.5606108479788,1.0000000000000,0.4007665347915,0.7081009222512,0.6376158974725,-0.0270008926393,0.2594877908536,0.6237329754667,0.6488848837771,0.4493083065714,0.3772149756453,0.0907297039059,-0.0929155083266,-0.1839996319166,0.7422474417776,0.2830673642716,0.2122664831385,0.0357373611311,0.3999394122872,0.4914758943086,0.4303021099002,0.3587535438675,0.4325028256456,0.0855512958503,-0.2120322574659,0.0222542175972,0.4783109761046,0.3444056296979,0.4841835639076,0.0503006051811,-0.0150879773687,0.4878903072736,-0.2059324152165,0.3339066410271,0.0468264170818,-0.2732450450150,0.2665163789968,0.4053484146730,0.1116334061756,0.4916343773463,0.7271991094790,0.4815898634045,0.7575436682855,0.6029617604998,-0.0930011863908,0.5574194539411,0.2155529743921,0.4711026016785,-0.4186125140558,0.1432982452868,0.4883948243883,0.8631703883161,0.2656083157413,0.5374568779198,0.5241972203097,0.2195812634911,0.6361003216697,0.6587976587550,0.5214440151280,0.3942209689707,0.3988006968830,-0.0500804374625,-0.1774295360088,0.7412015767986,0.1961563425523,0.3852720154766,-0.4341868387689,0.3182855398711,0.3236038760563,0.0056290719246,0.3544717619073,0.4807650178871,0.2515069617610,0.3382243137559,0.2443254769187,0.0919702783814,0.3868737568826,-0.0671880040701,-0.0450555985660,0.2681254946550,-0.3734883727188,-0.2997512406799,-0.1594347523633,0.1096155323424
-0.0496562783404,-0.2022553358340,-0.1377625568695,0.5782996999583,0.1514908060203,0.1579900333512,0.4293755929058,0.5444379592842,0.7531989690974,0.1565894740833,0.3654321549168,0.3491890538327,0.4557999515032,-0.1992728675192,0.4250484943278,0.6341277479720,0.6250559881945,0.4007665347915,1.0000000000000,0.7334781971198,0.6020071563141,0.0335218941896,0.2868104916329,0.6924814982874,0.5437724424597,0.2343226623119,0.6078834781797,0.0169703672663,-0.1492737857409,-0.3338218579754,0.5776817251534,0.3122665048698,0.4212687040034,0.0494611847648,0.3540086160092,0.6804124171219,0.3266604658270,0.3776919359449,0.1464033622746,-0.0162360976735,-0.0990990917457,-0.0098693892746,0.6027236535313,0.0515982632952,0.2340595256184,0.1160467446608,0.0618668418450,0.1872528387020,-0.0156336939522,0.3704188631668,-0.0312003363613,-0.2403039120139,0.4224077782543,0.2211308938591,0.1136041517169,0.5470558612352,0.4590105850337,0.2838729135781,0.4992159953396,0.7237334181570,0.0057104334187,0.3958226605719,0.1509930974394,0.3302625009197,-0.3594880869251,0.1259995164353,0.7257772256503,0.5260275246794,0.8334545557640,0.7770536578356,0.3769936251632,0.2287528981264,0.6680450767862,0.7230315378429,0.5678836055367,0.0904038528507,0.5648909051610,-0.0896472900307,-0.2754842290830,0.6417758354024,0.2153073449852,0.3746284042808,-0.4563758556725,0.5892633537023,0.0523055489128,-0.0334905960631,0.3143769415061,0.4194511817886,0.3226638067966,0.2665849537591,0.0536587028919,0.0070475003645,0.0163588357563,-0.1623174596835,-0.0185135677171,0.1005664092701,-0.2521473475800,-0.0930189219406,-0.1699039676619,0.1783055003388
-0.0481234335036,-0.2807796967170,-0.0769884468794,0.4526709009374,0.1266819905808,0.2672426962894,0.5438009679955,0.7552408637451,0.8559978032238,0.1078750521217,0.4527270546122,0.3998851163166,0.5820586270370,-0.2622413152607,0.4178478037120,0.7705281344991,0.7397582282254,0.7081009222512,0.7334781971198,1.0000000000000,0.6918935376824,-0.0386912805315,0.2654585845479,0.7698112713248,0.8344443819114,0.4714095522458,0.6108967550153,0.0141596842167,-0.2199080837205,-0.3091661680243,0.8070361942421,0.4030936154300,0.4345189530836,0.1119647146176,0.4204159920129,0.7002394814721,0.4577030232380,0.6094736655271,0.3941900456212,0.0328723095332,-0.2379455961873,0.0221863978298,0.7171011857690,0.3137318648659,0.5334221712529,0.0667108813818,0.0209916633387,0.3814568797525,-0.1614829938758,0.4115186129081,-0.0965600794253,-0.2958237263679,0.2754390673926,0.3654743682520,0.1034987261047,0.5302604483055,0.6593854274126,0.4907414683794,0.7138309172819,0.7922725313120,-0.0861871600004,0.4522050284937,0.1346698603565,0.4271232833377,-0.4423697172427,0.2234416299097,0.6691079061483,0.7571549773550,0.5723826360662,0.8174947705328,0.4912111548505,0.1537943448286,0.7697392814178,0.8535918828761,0.6020777481024,0.2958803255404,0.5559887420117,-0.1026801198567,-0.3333440290114,0.7882808754073,0.2298222545261,0.4546939722559,-0.5070538649646,0.5402249861840,0.3158505858857,-0.0446287331203,0.4453100469487,0.5911138989836,0.3479149132151,0.5037416139579,0.2276279613568,0.0660689935285,0.2899723399685,-0.1962232614001,-0.0837139309319,0.2358796162473,-0.3759231527220,-0.3287002702008,-0.2260464676887,0.1244225824988
-0.0047699788868,-0.2971876647458,-0.1592454251930,0.4295712449645,0.2064544254377,0.2185151421890,0.4598799216063,0.5436302393631,0.6262589899358,0.2033348188691,0.5948584789870,0.5495462186495,0.6109523818299,-0.0890087714344,0.5273562883919,0.7231119201626,0.7928944523469,0.6376158974725,0.6020071563141,0.6918935376824,1.0000000000000,0.1972073130311,0.5295578323819,0.8080997803803,0.4972551641836,0.5608647879510,0.5466294967388,-0.0164068457454,-0.2486748462635,-0.3079025391232,0.7675211232421,0.5492527787638,0.5503631199937,0.2170339818362,0.4970320900239,0.6309515809741,0.4482122900968,0.3252068986375,0.1180896124746,-0.0254003879619,-0.2178909175963,0.0146258405388,0.5463739539452,0.1203231081681,0.3822025103759,0.1332728446069,0.1198802361131,0.2073594151557,-0.1988380310899,0.5548696395316,-0.0390793257342,-0.3281189689169,0.3273299311496,0.3120095504443,0.0847912676614,0.4796038747331,0.6091522692258,0.3680881618027,0.5326686015894,0.5704183613799,0.1023478713803,0.5864599092283,0.3379104190999,0.5059976291269,-0.2964294948866,0.0993655875840,0.5853859755878,0.7908649778586,0.5030061092423,0.5931990014360,0.7938213533960,0.4485424077075,0.7373120788233,0.7009685413960,0.7122036631651,0.5219002113820,0.6049029992216,-0.1999782371215,-0.3374071916248,0.7524858024674,0.4584275662449,0.6815579973420,-0.4560858145605,0.4668167962731,0.2566264059885,0.2283516364496,0.4273277130287,0.5307270207623,0.4999657596663,0.2414929772595,-0.0282817164828,-0.0480969934461,0.1197996381658,-0.1215787758188,0.1257582779410,0.0447600020231,-0.3679470885485,-0.1312304490442,-0.0386931700956,0.4946769352573
0.3622167372477,0.2392405335948,0.1488823917897,0.0878431898262,0.4005109819557,0.2311290843797,-0.0693958143417,0.1274439064881,-0.1694972076332,0.5892030294934,0.2605484195271,0.2500470080778,-0.0957319124964,0.2694999181885,0.3618085106555,0.0120281027884,-0.0204197236206,-0.0270008926393,0.0335218941896,-0.0386912805315,0.1972073130311,1.0000000000000,0.5704202494400,0.0348288108016,-0.1006648477582,0.1380256048363,0.1438223898832,0.2306445900048,0.0722564612404,0.2258391724458,-0.0067157248192,0.3807561697129,0.1097638281330,0.4390276208964,-0.1773738177274,-0.1181408634851,0.1184428246910,-0.1564118162455,-0.3598575940828,0.1427129507258,0.4892954250786,0.2104085497182,-0.1298976423912,-0.0748541239538,-0.0139601631998,0.5281768418518,0.6018259575811,-0.1236106696908,0.2886935844382,0.2549032876275,0.4998355741472,0.0898340417284,0.1223578237466,0.1499629022176,0.3393599682194,-0.0072739616095,0.0887216398765,0.1825251791022,0.0007250691022,-0.1480087073594,0.4716008264922,0.2577305704163,0.0881207181160,-0.1201961286828,0.2589375106873,-0.2456006598457,0.0028122039934,0.0317374153231,0.0062607592752,-0.0117356925906,0.2506285273746,0.6964959017959,0.0197068208974,0.0292235707238,0.1051925121111,0.1948505873330,0.2235352565458,0.1137471225267,0.0144033565069,0.0164113947089,0.3430638660294,0.1350323482936,0.1901156049319,-0.0526149015479,-0.0198787689912,0.5102854203158,0.1318134335462,-0.1316192901183,-0.0290030606349,-0.1344741147307,-0.3654900538847,0.1647853678742,-0.1803030933153,0.3654641695524,0.5190773972679,-0.1691547866085,0.2922218033492,0.4486464017944,0.2684183354279,0.1684754898747
0.3848641346729,0.0398980123693,0.0824401613463,0.3648722532680,0.4320491651069,0.3605951697355,0.2243494910723,0.2293108159773,0.2352362048212,0.5508631362138,0.4449379780377,0.6519462291509,0.1991596137194,0.1916741901519,0.5235200873903,0.3149755079040,0.3436862255678,0.2594877908536,0.2868104916329,0.2654585845479,0.5295578323819,0.5704202494400,1.0000000000000,0.4395800440328,0.1810300615526,0.5566899479240,0.4846578808737,0.0673761142313,-0.1106922411084,-0.1105006082038,0.3369127218670,0.6732427367022,0.4649269120863,0.5554985849836,0.1185159073295,0.1772828011224,0.2612328983361,-0.0457942564764,-0.2025005377578,0.1778555112217,0.2286223574031,0.2753703259564,0.1385373255421,-0.0234374016213,0.1175450630303,0.5315366621553,0.5352541522055,0.0817069129156,0.1439151364482,0.4289057618896,0.3631498262151,-0.0281129935437,0.3546860020125,0.3930620529194,0.3468892432524,0.3200442207561,0.2776264893101,0.1634821092135,0.2322814603863,0.1947047028049,0.3861169899104,0.5050629123948,0.4613830242070,0.1031908001298,0.0234796753231,-0.1222510381616,0.2932341174121,0.3177568727545,0.1974732326751,0.2623411673218,0.3999775631731,0.7824205854676,0.4115825186106,0.3831758461125,0.3556206520849,0.5459519889542,0.5317530479352,-0.1265447530244,-0.2485858616906,0.3464750762861,0.6387040273518,0.4751151440346,-0.2767015972140,0.1743962519767,0.0045892685790,0.4822497718540,0.2128871897053,0.1110725093743,0.1890166521159,-0.1264587972982,-0.2950391999879,0.0562829276080,-0.0484379633259,0.0824869141467,0.4117162140505,-0.0474691002438,-0.0294997007125,0.1117439933710,0.1744075364037,0.3666591063355
-0.0505295371028,-0.2371417582785,-0.1691831321025,0.5053066046198,0.1718968551262,0.3001833361485,0.5453456292739,0.5216832198111,0.7989471960118,0.2031341687605,0.4817527502889,0.4927613382442,0.4955314143077,-0.1562615240420,0.5078793131444,0.7876878795638,0.6994132920435,0.6237329754667,0.6924814982874,0.7698112713248,0.8080997803803,0.0348288108016,0.4395800440328,1.0000000000000,0.6031588972218,0.5268588443483,0.6507883626333,-0.0257610685840,-0.1891734177954,-0.3466233692439,0.8019908932899,0.3955977076876,0.4431739735238,0.0912391678563,0.5820117661088,0.7787105060834,0.5320894380035,0.3296899051832,0.2923652030827,-0.0125289041897,-0.2686708001622,-0.0170907346860,0.5797764831028,0.0932124216639,0.2703941107466,0.0470125560981,-0.0576394068532,0.3574293809169,-0.1460117809867,0.4758463300300,-0.0427375869098,-0.2976570965145,0.4044734838787,0.3285091676554,0.1630063038571,0.5358346218972,0.5635732877641,0.3054443332891,0.5612168843544,0.7592502545576,0.1371093113858,0.5637182943156,0.3104255652646,0.3981401682670,-0.3256849495150,0.2229583746137,0.6695740929018,0.7405864575825,0.6237145023507,0.7314989567720,0.5950474691349,0.3338790029759,0.8830657600411,0.8024148132496,0.6522099387477,0.4195549895280,0.6162453275053,-0.1442648797634,-0.2715441731868,0.8318547988180,0.3059554336578,0.4822428602769,-0.5098694695314,0.5131135969385,0.1635911780959,0.0646211523740,0.5614714886356,0.6392006816322,0.4983212968070,0.2663665165261,0.1293738242946,0.0168714753654,0.1056876413838,-0.2001037836422,-0.0596555909312,0.2205018012057,-0.3841697964670,-0.2255250035155,-0.0819736865448,0.4486394173617
