1.0000000000000,0.5924188308440,0.7364292210667,0.3249056915168,0.7130545871130,0.5405756908843,0.4819644919613,0.0578310288445,0.0133572957384,0.4965810914881,0.0689460595577,0.3323461295935,0.0207018774468,0.7108661883112,0.1135863127230,0.0053466722035,-0.1460424979954,0.0127809507921,-0.1499698254553,0.0534140079196,-0.1043458700556,0.1938428424263,0.0055165707538,-0.2137075192070,-0.0448183411643,0.0971798298587,0.0036766070957,0.1731012517113,-0.2206220023054,0.1983020533886,-0.1412125964390,0.0931780683287,-0.1127219128649,0.0571184432072,0.3241728440954,0.1115507400562,-0.0742925540414,-0.0939030458505,0.1075639452752,-0.1680342801565,0.2484831024572,0.1162071500907,-0.0809273725974,-0.1882734848312,-0.1084190198579,0.0625194416557,0.2663502556898,0.2659785430498,0.4838844456346,-0.0489670409855,0.8400786309328,0.6366494539294,0.1343054782348,0.6707305055296,0.4820338247219,0.3880658001138,0.0154444800351,-0.0520638025455,0.2732836267057,0.0971865319419,0.3492519233400,0.0957277012133,0.2743733093916,0.0698590419313,0.5189911595102,-0.0513570925512,0.0871297433282,-0.0288815163000,-0.2155368099557,0.1892747199539,0.2301850994093,-0.0095007628384,0.0752878584563,0.1914895735882,-0.2576983118043,-0.1464607754145,-0.0340869468670,-0.0790219245737,-0.1078917252092,-0.1578934598197,-0.3261877900777,-0.1803016240782,0.2120308345803,-0.0970572353719,0.1587634458019,-0.3743557975245,0.0970812370473,0.4022585185576,-0.3475809494610,-0.1066996773279,0.1358295337891,-0.2759112064199,-0.5285481391223,-0.3461623400487,-0.1148503878666,0.3535695154784,0.3617876158166,0.0690842827007,0.1563815097346,0.0394016780604
0.5924188308440,1.0000000000000,0.7447040180011,0.4721942572048,0.6001648588827,0.4973087610159,0.4348609817217,0.2321819222658,0.1823818055748,0.3662259863842,0.0220055860750,0.2285176566049,0.1146232285969,0.4684364187566,0.0482790182386,-0.0698598078065,-0.0948870388899,-0.0179841509992,-0.1670492764678,0.2022285998140,-0.2295412348079,0.1367974491832,-0.1126960284723,-0.1162358436816,0.2612665865247,0.0798272598024,0.1701166599945,-0.0699426455300,-0.1890854719001,0.3831033633335,-0.1816820970752,0.0431151598858,-0.0190765243371,-0.2101252006659,0.1235865441591,0.0696384198151,0.0306453804695,0.1524286241039,-0.0433684112310,-0.3037323065869,0.2774591266176,0.1526058242134,-0.3461303772395,0.1028556054006,0.0767038468730,0.0695070911199,0.2362093482504,0.0950335233055,0.2449733359580,-0.1191935813609,0.6579505722202,0.8494528304010,0.0827960898775,0.6466511289717,0.4363683412917,0.2852487102254,0.0930756656143,0.0742690697415,0.3316334821645,0.2661754350155,0.2001829540539,0.0182209207799,0.1716012873195,-0.0128515078685,0.3413608630389,-0.3536509362930,-0.1174644783283,-0.0223138847619,-0.0545298911804,0.2607535533680,0.0535922260529,-0.0974709718059,0.0568529945182,0.3035214418699,-0.2950023161129,-0.1422937754055,0.0213559053510,-0.1620626466731,-0.2776898922842,-0.1506391552564,-0.2117877168325,-0.1437779046019,0.1925652493918,-0.3021085806977,0.1936938878685,-0.4717377727384,0.0518475365206,0.3013609253728,-0.5678089006023,0.0805040330011,-0.0033849308659,-0.4068993105379,-0.1625474889010,-0.4446925355845,-0.0008954370404,0.0894786213491,0.1462606434894,-0.0722019986569,0.1618090526559,-0.1682560474654
0.7364292210667,0.7447040180011,1.0000000000000,0.5262762270251,0.8357216315161,0.8014109670867,0.5862598920560,0.3422735959855,0.3073897656173,0.5438842068237,0.1902882823027,0.4528534601976,0.3019805985155,0.3384034784328,-0.0788236740620,-0.1866091677231,0.0185908396403,0.1132150646697,-0.1651082367573,0.2105450116211,-0.1843987176680,0.0871084007653,-0.1918140635888,-0.1468247003500,0.2447474059859,0.0424112735546,0.1011368328859,-0.0095924814906,-0.3948095942598,0.0663882498889,-0.1932754181993,0.0674629957146,-0.1171687011083,-0.1293452673714,0.2772125674864,0.1547441784192,0.0743949277838,0.0415301028760,0.1243127007471,-0.2509310198923,0.1906028400706,0.0950075965584,-0.4356385717479,-0.0680699108657,-0.0791000383806,0.0163569144209,0.2354516499805,0.3597882759654,0.2698847536121,-0.1990994087724,0.7753336375674,0.7918118456858,-0.0171640644558,0.9135067483007,0.6773564976535,0.3567104039813,0.2968727084338,0.2164542823657,0.4945393919278,0.4017097254949,0.3286276424297,0.1588479015695,0.3837188286223,0.2755701869531,0.2847991508310,-0.3959569021169,-0.1853025531361,0.1226667488358,-0.1327216498142,0.3863228705213,0.1951900104305,-0.1489996988943,0.2016379630021,0.4258656066013,-0.3305680138730,-0.3703392735249,-0.0207782657857,-0.0954133221473,-0.3333381832655,-0.2393029258566,-0.3746422970670,-0.1251186291344,0.0917200618442,-0.4253515971260,0.0425427288283,-0.4583706577688,0.1698482789847,0.4064533501126,-0.6318907771520,0.0023949070498,0.1956615285046,-0.4056129397841,-0.2986568648237,-0.4538041442059,-0.0182119325403,0.3433031337920,0.0852793620156,-0.0821769995997,0.1523530658078,-0.1575224992107
0.3249056915168,0.4721942572048,0.5262762270251,1.0000000000000,0.4962318127735,0.5700735424524,0.7299098914883,0.3057945462224,0.1915622180982,0.2622562674781,0.0031607307050,0.0187729789139,0.1618334558637,0.0892077652307,0.4746462097003,0.3973609330399,0.3117173983258,0.1212387826216,0.3267856944138,0.0845177546468,0.2061719349529,-0.2856153468495,-0.3287472579886,0.0608860384609,-0.0382198820459,-0.1298308488795,-0.2040473299456,-0.0938736720124,0.0153968763822,-0.1990085481353,0.0275870695366,-0.2333751775058,-0.0832367035489,0.2961379264237,0.5500956502304,0.5430363124600,-0.0876726199345,-0.2322919649308,0.2888679349374,0.0824015035690,0.2213170928518,0.1895977435407,0.1292062129001,-0.0009904695207,-0.2509112667745,-0.2308519084160,-0.0896647189274,0.1981366958047,0.0544864574208,0.2447372660805,0.4723159987398,0.5100592065876,0.5543128281127,0.5869587451617,0.6005610601587,0.6898374766838,0.2132978943512,0.1447978272421,0.3966888147396,0.2883953476749,0.0099103315865,-0.1055543406340,-0.0876039045184,0.1392041359425,0.2441588710844,0.0668851769184,0.2584506660183,0.1572914469302,0.3326534317645,0.1730643253194,-0.1092554920854,-0.4403648748112,0.0603306106333,-0.0192256220309,-0.1352931760957,-0.3569191392831,-0.3230810197925,-0.0356477801742,-0.0021101272820,-0.0077193681234,-0.4247368238031,-0.0588416434102,-0.2271765579041,-0.0049122645770,-0.2668356998998,0.0374003567108,-0.1469270548884,0.5359239440617,-0.1357493184381,-0.3367922928091,0.2316795771768,-0.0463715260936,-0.0783083016085,-0.3303284346569,-0.3369282844180,0.1756435142036,0.0205683874716,-0.0460739908765,-0.0362094262056,-0.2258640622563
0.7130545871130,0.6001648588827,0.8357216315161,0.4962318127735,1.0000000000000,0.8197230002389,0.6615065497288,0.2967067385512,0.2109526947631,0.5531634787980,0.1504886221640,0.4196899315230,0.2517162012748,0.4016881206590,-0.0044538565384,-0.0527547723833,0.0680019244300,0.1921870710641,-0.0512466709639,0.1446931994714,-0.1186563427105,0.1621936325725,-0.1390358050407,-0.0676035032131,0.0939091290831,-0.0693037877635,0.0035890050209,0.0667425972281,-0.3144698550265,0.0552789996061,-0.1919577304066,-0.0018864122208,-0.1126527129490,-0.1194240715106,0.3199949894551,0.1809494025846,-0.0026252176755,-0.0824692737838,0.1669347390206,-0.2755095016474,0.2651115067275,0.1879651808637,-0.2982812209091,-0.1959119144211,-0.1853781735422,0.0220476596851,0.2279134179046,0.4076443098128,0.3816672052175,-0.0342910614904,0.8214611964086,0.6094437266080,0.1162203599500,0.8556856191186,0.7865358244688,0.4990900799900,0.2513190145622,0.2047633596283,0.5194225035806,0.3183878363349,0.3978018186147,0.1608281075285,0.4245324829321,0.3053735227299,0.3775911397504,-0.2458057083896,-0.0696199161183,0.1773122180776,0.0031947094601,0.3484397253859,0.2532175894297,-0.1487041186735,0.1800980567631,0.2714211854802,-0.3454762256564,-0.2633639352400,-0.1166986438543,-0.1577273669923,-0.2172470616061,-0.1902526483089,-0.2997310103229,-0.1599980218539,0.1347064040908,-0.3403354628159,-0.0420915167149,-0.5020898592222,0.0549172593541,0.4166209598663,-0.5198730988843,-0.0990275456539,0.2620139837171,-0.3099656716293,-0.4428294896446,-0.3441335640223,-0.0071610350290,0.3752807468753,0.2550986519068,0.1476723883021,0.2165504475978,-0.1032403213336
0.5405756908843,0.4973087610159,0.8014109670867,0.5700735424524,0.8197230002389,1.0000000000000,0.7687300551585,0.3968539828881,0.3410874221988,0.5933875991395,0.1632388728670,0.3980478563024,0.3731761989491,0.2532284664972,0.1222305142717,-0.0045215326193,0.2160177090695,0.1313705450299,0.0033998051284,0.1176618814249,0.0636044091177,0.0048242037973,-0.3183667129742,-0.0008545022567,0.0871300819447,-0.1127339561117,-0.0909079938311,0.0187779087692,-0.2424573941636,-0.0830465137262,-0.0927335882021,-0.1120662408103,-0.1702625129012,0.0404914365442,0.4524391261576,0.3409391053903,0.0847852618296,-0.1502215907324,0.3135290055435,-0.1478995643593,0.2651677457600,0.1870007141949,-0.2256305388833,-0.0983163556448,-0.2010293152039,-0.1057923226827,0.1125997436888,0.3762234350921,0.1964194420227,0.0532595885180,0.6505213742791,0.5443383139234,0.1106494235622,0.9052541014547,0.9072481857210,0.5302149498598,0.3864432253812,0.2446861567487,0.5921582381785,0.4649842278479,0.3651897195108,0.1537570474835,0.3270397034062,0.3607550363363,0.2723599034550,-0.2337755593151,-0.0106754639097,0.1733212215068,0.0647870955552,0.3429732795665,0.1585645782503,-0.2919195139119,0.1667392523619,0.2742107454105,-0.2381679565405,-0.3355445212197,-0.2432808695593,-0.0632924600749,-0.1752736274306,-0.1856147243503,-0.4193439596112,-0.1180507119966,-0.0258143225511,-0.2967003878033,-0.0615968687216,-0.3079717301408,0.0926761546050,0.5405217909054,-0.4712791761042,-0.1967747260554,0.3199305726005,-0.2647928426082,-0.2742294937048,-0.3986909063731,-0.1546953912836,0.3346334991350,0.0321984130613,0.0345028062382,0.1177278651610,-0.1672962911251
0.4819644919613,0.4348609817217,0.5862598920560,0.7299098914883,0.6615065497288,0.7687300551585,1.0000000000000,0.3170000730861,0.2412456489398,0.4907755716562,-0.0647602238045,0.1971099213579,0.2027830123085,0.2488449358614,0.4083730382434,0.3996287459656,0.2291038097885,0.0738432725110,0.2953805849964,0.0732856342262,0.1460883487512,-0.1314311603484,-0.4033750515571,0.0652450740417,-0.1048102582993,-0.1709446420617,-0.2789330506375,-0.0048510049673,-0.0439313402808,-0.0852844829976,0.0239981685128,-0.3035348670786,-0.2292091832883,0.2768147050794,0.6917994701569,0.5761781536261,-0.0452275612869,-0.3631679088204,0.4732991496418,-0.1427704010181,0.2712202970464,0.2204591456288,0.1717963808652,-0.1271882131445,-0.3434484704905,-0.2186095858837,-0.0077760873713,0.1044802829568,0.0324010725287,0.2843020579712,0.6513510484482,0.5308966296574,0.4548248114387,0.7558515981084,0.8341031517794,0.8696045455083,0.2549556460465,0.1203837928724,0.5810875302643,0.3743350274954,0.3259996669588,-0.0545654803913,0.1743250608921,0.2626238249628,0.4306213632331,0.1257713099053,0.3341877766790,0.1161442590870,0.3248515269415,0.2419884300143,0.0329170314918,-0.4216508862193,0.0467610853337,0.0299714808289,-0.2136264811895,-0.1850951155504,-0.4072637358153,-0.1592071427031,0.0112544774911,-0.1080345688377,-0.4334978071739,-0.1957623564542,-0.0185776736942,0.0666005795120,-0.1046736976839,-0.1658612545589,-0.1263892163956,0.7276162182338,-0.1381272579972,-0.4110991023730,0.3946931375528,-0.0690187601480,-0.3485661604522,-0.4623787051944,-0.3056188634956,0.1298139178250,0.0017977208984,0.1061593169279,0.1357996869603,-0.1296475213488
0.0578310288445,0.2321819222658,0.3422735959855,0.3057945462224,0.2967067385512,0.3968539828881,0.3170000730861,1.0000000000000,0.7959079032783,0.2595356630900,0.3353289990652,0.3964190561096,0.6894701631945,-0.1750964169219,-0.0964975360991,0.0098847760204,0.5979271538395,0.6708374637791,0.3759896054317,0.7351960127039,0.0496611865190,-0.1293236623069,-0.0977387299227,0.3455131188491,0.6062191282103,-0.0144596403609,0.1720102960418,-0.0441417771717,-0.2895682732383,-0.1338785861661,0.1357126409477,0.1311069546450,0.2636324870490,-0.2510726295099,0.0882996490637,0.2009147126694,0.0829554901336,0.2974512686623,0.2073392152972,-0.0716477241231,0.1227652947323,0.1527391567414,-0.3153104184815,0.2717530969304,0.3069150910643,-0.0858521001060,0.1498028742404,0.3464260103491,-0.2006812058631,0.0379026740581,0.0296304562657,0.0782980046553,-0.1667645531697,0.3039607707878,0.3780900302162,0.0700426468885,0.6929739750173,0.7764404241391,0.7462931676436,0.7276914365710,0.0569928565577,0.1942728804106,0.3837160939283,0.5203930598733,-0.2479944336127,-0.4147443100863,-0.1670568043725,0.5692887022668,0.3062507671593,0.7838374492438,0.2181476311903,-0.1681798169345,0.5796746592439,0.6281754646805,-0.1246230051257,-0.3057353416931,0.0825175375370,-0.1622313860801,-0.2955844639065,0.2048890736611,-0.2049701163059,0.2910808474683,-0.2424591817376,-0.4035944411736,0.0964175252363,-0.3213630193896,-0.0170081935911,0.0691326348812,-0.4342206510937,0.2227139325407,0.2715109232023,-0.3221945434081,0.1001421785868,-0.2060383050449,0.0465022562169,0.2096333650700,-0.2431876035920,-0.0773007098649,0.1200198689156,-0.1982438590186
0.0133572957384,0.1823818055748,0.3073897656173,0.1915622180982,0.2109526947631,0.3410874221988,0.2412456489398,0.7959079032783,1.0000000000000,0.3476283483096,0.4765933446962,0.5503630897773,0.7530314444045,-0.2778370786216,-0.1813247160890,-0.0576836353016,0.5132970906769,0.4502140639767,0.1717461485746,0.6609659433874,0.0132168608552,-0.0396801211152,-0.0551980603031,0.5312792438355,0.6740099640071,0.0649344307527,0.2833865898431,-0.0115716222886,-0.3851742550148,-0.1974157374697,0.1338501166449,0.1435278175605,0.2260194117043,-0.3016952833866,0.1393626084071,0.2208966380605,0.2527292530265,0.3081909757180,0.2911392265611,-0.1220931029306,0.0191593915046,0.0727999022661,-0.3741955625129,0.2641337468693,0.2406894884313,-0.0199164760555,0.1682740980708,0.3301299281517,-0.2600284551301,-0.0166906388171,-0.0385555418759,0.0337314581364,-0.2096817194224,0.2548271216917,0.3283001516813,-0.0308701595628,0.6988238584315,0.6752686756482,0.6994208907966,0.9284809175453,0.1577329194027,0.3307026782297,0.4808358614736,0.5861715849382,-0.3748082882482,-0.4474538151022,-0.1885837606759,0.4164948383162,0.2493665977292,0.7389201208731,0.2395177831676,-0.0565172295274,0.7038935144749,0.7354807368546,-0.0900986090576,-0.2028656384863,0.1763872477045,-0.0915968419171,-0.3177380264147,0.1329295080545,-0.2112468434678,0.2686489556913,-0.2884306785513,-0.4124490577296,0.1644896551004,-0.3283609645900,0.1492436387268,0.1334788662486,-0.4104899579421,0.2517691425884,0.3091515939340,-0.3480916612296,0.1425292110934,-0.1235094779384,0.0989859576919,0.2302359169311,-0.3897030611573,-0.2018863368788,0.0783096042590,-0.1233650699703
0.4965810914881,0.3662259863842,0.5438842068237,0.2622562674781,0.5531634787980,0.5933875991395,0.4907755716562,0.2595356630900,0.3476283483096,1.0000000000000,0.3184629591479,0.7441530786970,0.3753571312290,0.2565880623316,0.1178760356631,-0.0191346064636,0.0859552941393,0.0500182888706,-0.0928227530961,0.1035983143516,0.1100202930471,0.5085426736706,0.0871423726977,0.0337658765061,0.1317814171017,0.1564455989944,0.0864355980218,0.1213000202795,-0.3038878108257,0.0354216016932,0.0378221966274,0.1951355545613,0.0272790334701,-0.0521743880879,0.3699114159494,0.2619569285065,0.1742040017106,-0.0729552806339,0.3015602074803,-0.2010866785048,0.4107947076620,0.3917538191442,-0.1457000722805,-0.0629122008863,-0.0872702762310,0.3060678571981,0.4660430649303,0.2827965950599,0.1913434858542,0.2443543712559,0.5024601761723,0.3441917832900,0.0357905982370,0.5845404169805,0.5672439145322,0.3030091350692,0.2365056507540,0.0746970394008,0.4712365416897,0.4255124390334,0.7870364877875,0.2865100737037,0.5767464301244,0.3156014742373,0.2229794358314,-0.1001278123196,0.0586303755347,0.0139273861407,-0.0269609307770,0.3045782008697,0.3473671791564,0.1775785757326,0.2132813305664,0.3731334214455,-0.2587971378276,-0.0607736665365,-0.0248818191864,-0.0843997010747,-0.2185406470044,-0.1939663872900,-0.1836686785964,-0.1289631145774,0.2332915958455,-0.2236788212236,0.1356247377423,-0.3631651777999,0.2309023056134,0.4691809065150,-0.3531383575955,-0.1450850020727,0.2680575153396,-0.2427685952132,-0.3475629218749,-0.1721589648340,0.2462024794792,0.2930981944366,0.0603106773704,0.2582620694039,0.4264786186901,0.1940355035089
0.0689460595577,0.0220055860750,0.1902882823027,0.0031607307050,0.1504886221640,0.1632388728670,-0.0647602238045,0.3353289990652,0.4765933446962,0.3184629591479,1.0000000000000,0.5642573725523,0.4961353703993,-0.1295187559783,-0.2285307213650,-0.1424371417989,0.2308590573275,0.2518079911019,-0.1317281196161,0.2744008852659,0.0035326533154,0.3513729684975,0.2637710500685,0.3712348450813,0.3623099041227,0.1680972292035,0.4994427489469,0.0395670135936,-0.2552993352654,-0.1326913291062,0.1206781103063,0.3120197013813,0.2322200090336,-0.2098552558302,-0.0010733424914,-0.0771976365539,0.4393276428512,0.2413621039339,0.2602673837748,0.0624894344408,0.0141980271045,0.0489997132924,-0.2672570300582,0.1027019793776,0.2268054225058,0.2067048438832,0.2211788083868,0.4892817963338,0.0661864973164,-0.1263084554644,-0.0494760720506,-0.0408028852697,-0.2210042002548,0.1270510003473,0.1150671957989,-0.2418860956585,0.3926000734715,0.2737478699167,0.2067539194459,0.3674773543206,0.2875829809575,0.7197224917612,0.4636361282696,0.3755604545865,-0.4104286550722,-0.3303571333668,-0.2401580222810,0.2261221064042,-0.1943690454884,0.3071523019270,0.2990442819549,0.3037886915911,0.5567541098590,0.4227797920005,-0.1013633165352,-0.1828931930033,0.3913789405775,0.0285080933706,-0.2167665789171,0.1331644056012,0.0386611560859,0.1602178648807,-0.1209044073659,-0.2736197274577,0.0898068342992,-0.1527387104956,0.4181947639336,-0.0443024375369,-0.2397570620609,0.2317854989907,0.2959115084379,-0.1506005363660,0.0005561069971,0.1282944337294,0.1790684985667,0.5365305138300,-0.0774213561085,-0.0279714885634,0.0860971389888,-0.0309293428089
0.3323461295935,0.2285176566049,0.4528534601976,0.0187729789139,0.4196899315230,0.3980478563024,0.1971099213579,0.3964190561096,0.5503630897773,0.7441530786970,0.5642573725523,1.0000000000000,0.5973656394454,0.0158239428888,-0.2214700026208,-0.2552276184550,0.1750942542071,0.2717287105785,-0.1425737761228,0.3133827095389,-0.0154216301931,0.5123778854564,0.3129579302916,0.1663888204155,0.3984579601477,0.2128198309911,0.2856192273564,0.0968735277674,-0.5201710660794,-0.0022134328548,-0.0005983229859,0.3614814172185,0.1260129383485,-0.3588235090812,0.1416311404665,0.0222311922649,0.2877625665531,0.1940423002697,0.2442806276026,-0.2712848861357,0.0995075642973,0.1544259386098,-0.4065920125576,0.0128508320339,0.0654359691977,0.2522612449651,0.4773314468833,0.4408026041416,0.0908247058127,-0.0707448287863,0.2607946408479,0.1844015674738,-0.2837596069335,0.3958015065191,0.3599542902385,-0.0643869971307,0.3749021137475,0.2943719917536,0.4725253820538,0.5406563145154,0.6414825338131,0.5617391721032,0.8644121286567,0.5180541834961,-0.1285253458057,-0.3333272751426,-0.2384584915954,0.1916872447795,-0.1233982278463,0.4726315992484,0.5155995981803,0.4279689194060,0.4862134112329,0.6253412198603,-0.2566941209442,-0.0611148532732,0.2300657225601,-0.0531077016834,-0.4158979635287,-0.1214551859234,-0.0139126101220,-0.0322595901466,0.1764163358847,-0.4117805322346,0.2037260196203,-0.4526509258161,0.3434697592093,0.1737315004310,-0.4239784383500,0.1809901769752,0.2958304734136,-0.3749777873519,-0.1737415922463,-0.0562461067930,0.4187039257620,0.4172298225989,-0.1359824818515,-0.0155384850861,0.3482641648342,0.1655407742517
0.0207018774468,0.1146232285969,0.3019805985155,0.1618334558637,0.2517162012748,0.3731761989491,0.2027830123085,0.6894701631945,0.7530314444045,0.3753571312290,0.4961353703993,0.5973656394454,1.0000000000000,-0.2616158046339,-0.1859055717317,-0.1358003976855,0.6614645252426,0.4568567112991,0.0062069961814,0.5090287705901,0.0994784834107,0.0414439395184,-0.0639604859415,0.3913243505231,0.5369226071683,-0.0754376857168,0.2372766296096,-0.0120893271819,-0.3345019376034,-0.2157993861774,0.1261518826431,0.1007716084128,0.3124642854884,-0.2371431543245,0.0598413725442,0.0626994752930,0.2259859520142,0.2520545487419,0.2457660390632,-0.0571338928035,0.0480368623810,0.0606170520235,-0.3857200307998,0.2111858400489,0.1939330014614,-0.0132278637857,0.1536570095477,0.3779064280235,-0.2029546200428,-0.0408783974896,-0.0546908277795,0.0132615391857,-0.2541630769872,0.2667069884056,0.3485501098795,-0.0616908235398,0.7491219970452,0.6308899478189,0.5812818653805,0.6710660321199,0.1230498341771,0.3714542030193,0.5695672311986,0.8084601817792,-0.4414515381758,-0.4629948878667,-0.2596931316581,0.4908513661164,0.1009673655012,0.6168990124618,0.2731367562352,-0.0843148080105,0.5221807762083,0.5660284993634,-0.0692414645054,-0.3386814610890,0.0923749400236,-0.0459744668633,-0.2964483295931,0.1278363543100,-0.2379789677274,0.3404952436313,-0.3354068772372,-0.4052300544729,0.1157163234291,-0.2395872422396,0.1063079811916,0.0593744197608,-0.3972431133703,0.2369925139799,0.2947673577624,-0.2846545736502,0.1254942214065,-0.1174116930518,0.0426665511834,0.2998924488549,-0.3279604846552,-0.1680986499073,-0.0150608191692,-0.1887114626667
0.7108661883112,0.4684364187566,0.3384034784328,0.0892077652307,0.4016881206590,0.2532284664972,0.2488449358614,-0.1750964169219,-0.2778370786216,0.2565880623316,-0.1295187559783,0.0158239428888,-0.2616158046339,1.0000000000000,0.2636177068785,0.1694836096784,-0.2685629558249,-0.0923530550174,-0.1201249693943,-0.0405023683729,0.0256623688855,0.2113391618139,0.1646690349796,-0.1926277946392,-0.1851831504345,0.0805018332248,0.0455558375856,0.1271490562688,0.0064732630944,0.5080306474034,-0.0059828343972,0.1512598140733,0.0622378829452,0.0921431944092,0.1319999450151,0.0481945233050,-0.1066582381836,-0.0944281777217,-0.0469431370497,-0.1162531960844,0.2963313788520,0.2616903373217,0.1296555798056,-0.1840142076979,-0.0320447501635,0.0920310678636,0.2563546542643,0.0675735805993,0.5276303032798,0.1103566298555,0.5798536212627,0.3924945568744,0.1657276467911,0.3403620865473,0.2231194521064,0.2473207516242,-0.2428627006426,-0.2860941229220,-0.0021165613138,-0.2082407662024,0.1724911311146,-0.0307676578537,-0.0083654973214,-0.2602837004065,0.5756976473392,0.1065032643376,0.1883487410573,-0.1107256418171,-0.1664675223225,-0.0403626742566,0.1935784482209,0.1130966103630,-0.1021629307954,-0.0781669982743,-0.1184259331798,0.0518772195089,-0.0302987250969,-0.1611832749068,-0.0228803499032,0.0062537365901,-0.0283451522365,-0.1241880941986,0.3272753796643,0.1078054410420,0.2016235241587,-0.2746676580105,-0.0147837921449,0.2048101318170,-0.1633984754574,-0.0534956942954,-0.0528054133852,-0.1304377610695,-0.4987587496058,-0.2508000019092,-0.0942126240358,0.1475976229798,0.5049673043820,0.1845232201304,0.1656849073419,0.1692915827646
0.1135863127230,0.0482790182386,-0.0788236740620,0.4746462097003,-0.0044538565384,0.1222305142717,0.4083730382434,-0.0964975360991,-0.1813247160890,0.1178760356631,-0.2285307213650,-0.2214700026208,-0.1859055717317,0.2636177068785,1.0000000000000,0.5315290898117,0.1587039579168,-0.0285355435310,0.3153872901238,-0.1892015758122,0.3562701827795,-0.1770854491512,-0.1257602345433,-0.0044434344311,-0.3999175689151,-0.1464210509987,-0.3462173189550,0.0443806504497,0.3042691023134,-0.0277434478545,0.1882995163288,-0.2388373269457,-0.0557673651351,0.5389730948317,0.3616057140229,0.4046594807633,-0.1912729383539,-0.3125518814286,0.3821576131754,0.2776490818265,0.4388628393253,0.4959656365955,0.6404377957919,0.0214635590269,-0.1178884579411,-0.2034901304427,-0.0516143721019,0.0092257084072,0.0048736188972,0.7464855898754,0.1682303914169,0.0910125650568,0.5109489997830,0.0834638179090,0.2333904718163,0.5073076076633,-0.2203416784622,-0.2427210224468,0.0084717326464,-0.1229350838377,-0.0386175493046,-0.2040525605825,-0.3051631390442,-0.2012957597227,0.4386179651536,0.6218540231482,0.4788871116343,-0.1371485892788,0.2200991843162,-0.2337230476000,-0.2607201718818,-0.2591383178926,-0.2652833046107,-0.4189861795921,-0.0809594856278,0.0006431784866,-0.4207750946042,0.0289816081901,0.2638561755603,0.0177152198474,-0.2322090375868,-0.2034027440541,0.0412418698366,0.4407216536919,-0.0647291876016,0.2959759487734,-0.2974637221610,0.3539047447168,0.3634944858716,-0.4111418349752,0.2492623708711,0.2801197195003,-0.0826858906665,-0.1366917454323,-0.3466315228267,-0.0435203380930,0.0865009426816,0.2270940533603,0.1286477140092,0.1305985068012
0.0053466722035,-0.0698598078065,-0.1866091677231,0.3973609330399,-0.0527547723833,-0.0045215326193,0.3996287459656,0.0098847760204,-0.0576836353016,-0.0191346064636,-0.1424371417989,-0.2552276184550,-0.1358003976855,0.1694836096784,0.5315290898117,1.0000000000000,0.2491303918582,-0.0225672137464,0.6265212538464,0.0556803418794,0.4793579005527,-0.2121589527034,-0.0741465112231,0.3296697368643,-0.3573080906415,-0.1210445132952,-0.2160302711133,-0.0603131202437,0.3207701199004,-0.1229845843456,0.5611865847315,-0.2368588706792,0.1210141777264,0.5055726859700,0.5909815815451,0.6849565985977,-0.0817049122737,-0.4332078394883,0.3853764555675,0.0523499784781,-0.0044072215426,0.1197183076640,0.7870138077447,-0.1165349802898,-0.2217998663515,-0.2666645290262,-0.2764469405853,-0.1736164168602,-0.0953682169304,0.5048210362123,0.0644796141118,-0.0118201827682,0.7817884529041,0.0083297111725,0.1581293691472,0.5970414618499,-0.0445384199876,-0.2077968946739,0.1311353692049,-0.0247228015282,0.0286846285954,-0.2376107838137,-0.2848247980197,-0.0537481032276,0.2594568102002,0.6189196054519,0.8382014494160,0.1051350405304,0.5404339572105,-0.0183570774363,-0.0864937094144,-0.2440996811166,-0.0168587607123,-0.3465666975341,0.2305540286448,0.2006215070650,-0.2561639941327,-0.2237631063576,0.3328910473919,0.4824673562576,0.0268538863477,0.0365826622579,-0.1506307214935,0.6776253855825,-0.0489526157129,0.2668591867660,-0.1926666713845,0.4630467372559,0.5239928948264,-0.4171598702072,0.2290024068063,0.2323995520280,-0.1986266485655,-0.1406387740378,-0.4374195852742,-0.0573295723867,0.0159240471107,0.0720169260664,-0.0761160994024,0.0184144063745
-0.1460424979954,-0.0948870388899,0.0185908396403,0.3117173983258,0.0680019244300,0.2160177090695,0.2291038097885,0.5979271538395,0.5132970906769,0.0859552941393,0.2308590573275,0.1750942542071,0.6614645252426,-0.2685629558249,0.1587039579168,0.2491303918582,1.0000000000000,0.5771072989203,0.3606082454470,0.3905058466788,0.4464778075207,-0.2797679147843,-0.2042486385445,0.4384980461545,0.2304653614264,-0.2653905683554,-0.0323251479745,0.0142715910366,-0.0405661945059,-0.3760762432402,0.3537643714691,-0.1336832865445,0.3451679725783,0.1004030366220,0.1194334032592,0.2341432339553,0.0081675989623,0.0246081464073,0.2565876645858,0.0958559894753,0.0170734402813,0.0906078471466,0.0314716336277,0.1641873275969,0.1004626927867,-0.2686578841202,-0.1656224653986,0.2315509062718,-0.2463009058427,0.2452588557465,-0.1799902817465,-0.1504685439686,0.1187471960150,0.0623354764040,0.2437837575790,0.1271504783268,0.6664264764241,0.5673054135263,0.5086226570064,0.4561727941974,-0.1822945964951,0.0885258001309,0.1225308458256,0.6021858303771,-0.3088549919544,-0.1269760897987,0.0614713666680,0.6721324097392,0.3696120163766,0.4548892217089,0.1291808939281,-0.3308228760000,0.3828025504420,0.2043628553202,0.1414713079984,-0.3583486626345,-0.1704180180163,-0.0023180733732,0.0420940302627,0.3802175689313,-0.2416407034381,0.4882443314679,-0.5472316075278,-0.0799884723571,-0.0390830734510,0.0969073439853,-0.1624343042321,0.0385887583633,-0.0278548048165,-0.0090229947634,0.2355175753187,-0.0847792848694,0.1430538911561,-0.0375263175236,-0.2675019777728,0.1192327899443,-0.2114836679641,-0.0886420840126,-0.1916614489857,-0.2505556895712
0.0127809507921,-0.0179841509992,0.1132150646697,0.1212387826216,0.1921870710641,0.1313705450299,0.0738432725110,0.6708374637791,0.4502140639767,0.0500182888706,0.2518079911019,0.2717287105785,0.4568567112991,-0.0923530550174,-0.0285355435310,-0.0225672137464,0.5771072989203,1.0000000000000,0.3303115358145,0.6217235045127,0.0463427753949,-0.0237017523132,0.1949412158404,0.1743266168581,0.4955434120178,-0.0096961874471,0.1523168878096,-0.0531083999813,-0.3673341470866,-0.1731403324513,0.2419735644050,0.3282473698469,0.4860219394953,-0.3386219679366,-0.1829704009189,-0.0308809389286,-0.0972953434417,0.3774166600020,0.1424693603715,-0.0463484544407,0.1040651718606,0.2248422822730,-0.2848662135436,0.2239530120176,0.3318276803768,-0.1011967584073,0.2610377297941,0.4809842966504,-0.0794095565944,0.1148483847081,-0.0778799179671,-0.1821285858192,-0.2358820255138,0.0520238153592,0.1513818401334,-0.0511941330303,0.4218201190030,0.6638437756291,0.5559341977701,0.3675103141449,-0.0878135585013,0.2568804126792,0.3695584849757,0.3726584203730,-0.1841820125512,-0.2750444181957,-0.2925219947335,0.7496169060479,0.1921177377875,0.6122402636537,0.4096220723180,0.0512026365844,0.4639914841213,0.4301658920929,-0.1370764681194,-0.2451425553655,0.1611546407134,-0.1696643076784,-0.2991217797788,0.3000483704179,-0.0015828396937,0.3266683996898,-0.1510785518306,-0.4170023102014,0.0118034363831,-0.3458023210954,-0.1676564514708,-0.2733753948865,-0.3122322945892,0.3221259688187,0.2537279157958,-0.3165680097727,0.0584028831972,-0.0660945203654,0.2119762211850,0.2264880270751,-0.0898348350589,0.0710906328558,0.1957997728097,-0.0311110018617
-0.1499698254553,-0.1670492764678,-0.1651082367573,0.3267856944138,-0.0512466709639,0.0033998051284,0.2953805849964,0.3759896054317,0.1717461485746,-0.0928227530961,-0.1317281196161,-0.1425737761228,0.0062069961814,-0.1201249693943,0.3153872901238,0.6265212538464,0.3606082454470,0.3303115358145,1.0000000000000,0.2491095001063,0.4176208743371,-0.2822801332535,-0.0672217312754,0.2422014893838,-0.0896860157559,-0.1994113178446,-0.2383398897745,-0.0348699036421,0.1754231665606,-0.2651582051676,0.2559573003096,-0.2177997007940,0.0454624542924,0.2319045910056,0.3276036950773,0.5040748383315,-0.1987483687705,-0.2520277161031,0.1783007818539,0.0856987581735,-0.1229788883953,0.0181359670364,0.4525444404074,-0.0575909004516,-0.1395338840037,-0.2594022806297,-0.2893016768496,-0.0348090626131,-0.1873845488906,0.3302074473651,-0.0502468608873,-0.1498132200837,0.4241666988583,-0.0459630289810,0.1468044132058,0.4367509322149,0.1427532315902,0.2405186297384,0.3603049327579,0.2281936208421,-0.0229504274223,-0.1252059023979,-0.0919303458068,0.1403735556610,0.1310422660974,0.3358414029646,0.4784218951751,0.3647598128899,0.7419531275021,0.2312660850333,0.0427543826248,-0.1714352963639,0.1835489115422,-0.0726948787530,0.1254372482838,-0.0608612838155,-0.2090025588965,-0.1173221897864,0.2122490203289,0.2919998655874,-0.0508660337480,0.0942056023537,-0.1893906459141,0.2659893366453,-0.2621763442517,0.1406073698576,-0.2841507492362,0.1754124552598,0.2837009345051,-0.2693522043457,0.1440729029792,0.1292489443774,-0.0586086156963,0.0214180307796,-0.2111598047274,-0.1292773152180,-0.0254735880658,0.1205995725032,-0.0138589757019,-0.0463350466561
0.0534140079196,0.2022285998140,0.2105450116211,0.0845177546468,0.1446931994714,0.1176618814249,0.0732856342262,0.7351960127039,0.6609659433874,0.1035983143516,0.2744008852659,0.3133827095389,0.5090287705901,-0.0405023683729,-0.1892015758122,0.0556803418794,0.3905058466788,0.6217235045127,0.2491095001063,1.0000000000000,-0.0151985301131,-0.0090693300961,0.2094127672979,0.3926976080142,0.7782321353956,0.2723988785737,0.4573957944445,-0.1184265569788,-0.4195930704143,0.0006645770819,0.2954498903409,0.4494006782350,0.6165700308803,-0.4278034443860,-0.0825816324591,0.1637623252373,0.0414060009268,0.5963743852251,0.1081215584167,-0.1974007254330,0.0349278229600,0.1146378421436,-0.3178296094710,0.4434021524882,0.5357092687585,-0.0295632840016,0.2640066242603,0.2763034238879,-0.1257332305154,-0.0418852285397,-0.0870961075121,-0.0291469744015,-0.2177170164925,0.1101122110788,0.0920182643242,-0.1298483542498,0.5066712715077,0.6130631006829,0.5851893893248,0.5623590827755,-0.0351792700758,0.2091413650399,0.3377553246398,0.3162741992733,-0.3021625233415,-0.3885144544142,-0.1763688011033,0.5470356296286,0.2672003942816,0.8569016383001,0.3030704799213,0.0568147713968,0.5737416972608,0.7226490331646,-0.0464075764343,-0.0578501180345,0.3851064924045,-0.2576471157218,-0.4028257597738,0.3899835232806,0.0105547466804,0.4143830445863,-0.2051950048094,-0.3614753580711,0.3505973153375,-0.5045260384969,-0.0360145681834,-0.1377895252237,-0.3981939423252,0.5641559216926,0.1676853536729,-0.4939381045289,0.2093567171607,-0.2485895708201,0.1487803630024,0.1254740461024,-0.2504093223855,-0.1957943970311,0.1142746071178,-0.0821670473953
-0.1043458700556,-0.2295412348079,-0.1843987176680,0.2061719349529,-0.1186563427105,0.0636044091177,0.1460883487512,0.0496611865190,0.0132168608552,0.1100202930471,0.0035326533154,-0.0154216301931,0.0994784834107,0.0256623688855,0.3562701827795,0.4793579005527,0.4464778075207,0.0463427753949,0.4176208743371,-0.0151985301131,1.0000000000000,-0.0834239882360,0.0174423891137,0.2386227657687,-0.2422956656092,-0.0534779195902,-0.1545449441498,0.0341345524602,0.2280440272618,-0.2513074736857,0.4740511481328,-0.1433440371469,0.1004071203049,0.3613850934282,0.3679274243542,0.4722951028060,-0.0754687926851,-0.2881033724516,0.1494852158320,0.0934260425918,-0.1526661489878,-0.0592828448509,0.4898249074934,-0.1161825944892,-0.1644243578410,-0.1568655831250,-0.3622570873977,-0.0434834198845,-0.0215013998093,0.2734987610420,-0.1082129746575,-0.2106784684475,0.3422348202205,-0.0512431253730,0.0674440992207,0.2438285566663,0.1529842828615,-0.0504306236333,0.1447093760866,0.0479577092403,0.0366382104311,0.0397840779585,-0.1483228796873,0.1660225248727,0.0491981495908,0.2497694531784,0.4248470814885,0.2555052736123,0.3287000552171,-0.0052432992198,0.2175929566546,-0.0611484346943,0.0577421035997,-0.1542495203540,0.4919255139548,0.0017171446393,-0.2318130792157,0.0633163661060,0.2978174528858,0.3154980990921,-0.0011545626322,0.2612716735875,-0.3956467632782,0.2919722367338,-0.1314609901747,0.3101674644111,-0.1203114541080,0.2531056087325,0.3466688207799,-0.3289886314058,-0.0529426412854,0.1412637450313,-0.0328579438040,0.0037458270334,-0.3271402883610,-0.1121477395455,-0.0372963650903,-0.0119987154582,-0.2986975811031,0.0864986226483
0.1938428424263,0.1367974491832,0.0871084007653,-0.2856153468495,0.1621936325725,0.0048242037973,-0.1314311603484,-0.1293236623069,-0.0396801211152,0.5085426736706,0.3513729684975,0.5123778854564,0.0414439395184,0.2113391618139,-0.1770854491512,-0.2121589527034,-0.2797679147843,-0.0237017523132,-0.2822801332535,-0.0090693300961,-0.0834239882360,1.0000000000000,0.4761326125752,-0.0484853660657,0.0912164030801,0.2576238862837,0.3426450145872,0.2020566485960,-0.1358800138298,0.3429287242099,0.0211420173359,0.3993731272125,0.1760291376432,-0.3015701669981,-0.0930534384564,-0.1872284447093,0.2005352682405,0.2283916439616,0.0286166557878,-0.1992192760133,0.2127390274144,0.1140579153952,-0.1902930202566,-0.0278725459112,0.1191134532731,0.6138489955729,0.5126875325907,0.1612486045953,0.3819602827592,-0.0563771263492,0.1465208823565,0.0540027724256,-0.2029638779925,0.0699859549776,-0.0037580818578,-0.1725385545590,-0.1626406184519,-0.1592739803256,-0.0400694461115,-0.0377566122072,0.5933874535349,0.4188132832069,0.4494339779380,-0.0294747265129,0.0436825230035,-0.0943230994991,-0.1492351869360,-0.1528474931410,-0.2553763967191,0.0003344480116,0.3287623978604,0.6194503877992,0.0786155715056,0.1946521580761,-0.1917331073714,0.1791349538415,0.3327482959720,0.0430964363514,-0.1186583244542,-0.1163088089168,0.2301060121369,-0.1685231969516,0.4374623435904,-0.1519587006476,0.1886152119966,-0.3334026690136,0.2680052989693,-0.0222978584224,-0.1723648678828,0.1512398848344,0.0364092169357,-0.1423489663504,-0.2256349927022,0.2185155314663,0.4845948830036,0.2119629213260,0.2693196641678,0.3321553505472,0.3209263364012,0.2656656018787
0.0055165707538,-0.1126960284723,-0.1918140635888,-0.3287472579886,-0.1390358050407,-0.3183667129742,-0.4033750515571,-0.0977387299227,-0.0551980603031,0.0871423726977,0.2637710500685,0.3129579302916,-0.0639604859415,0.1646690349796,-0.1257602345433,-0.0741465112231,-0.2042486385445,0.1949412158404,-0.0672217312754,0.2094127672979,0.0174423891137,0.4761326125752,1.0000000000000,0.1459215298959,0.2014283234606,0.3881328970165,0.5127081175367,-0.1491031837225,-0.2661974649519,0.1825864610396,0.1436406364744,0.6137071611250,0.4663468578645,-0.3817253426947,-0.2713638713835,-0.2140373751874,0.0671072203252,0.2870506454583,-0.1407500908183,-0.0344809921350,-0.0122734188784,0.1585997405894,-0.0414784940913,0.0388367582968,0.2154139772682,0.3366429141298,0.4202044800929,0.1829384890891,0.2302735927376,0.0302485551041,-0.1480851237907,-0.2301054075511,-0.2214661308607,-0.2606783108159,-0.2946968317222,-0.3423313781403,-0.2091905779506,-0.0833568673529,-0.1597922603331,-0.1423061968382,0.1731571864774,0.3481342651466,0.2607050622285,-0.1744168202490,-0.0777744942360,0.0340178829721,-0.1187685591668,0.0386442212974,-0.1386717919638,0.0664648562040,0.3462142741283,0.8082921218853,0.2643742231205,0.1857119773047,-0.0427047225473,0.2745904268811,0.5170283366787,-0.2561278211055,-0.3117002662663,0.1561374163780,0.5042531232977,0.0236276687985,0.2713038164856,-0.0799396540516,0.1369231564470,-0.2558277985038,0.1225241168659,-0.3267737878989,0.0137204530893,0.3077097970856,-0.0568721131323,-0.1449684705904,-0.0716741169621,0.1603322709608,0.4790736606741,0.1242912198133,0.1088586109300,0.0634081199809,0.2874229349042,0.4456206558680
-0.2137075192070,-0.1162358436816,-0.1468247003500,0.0608860384609,-0.0676035032131,-0.0008545022567,0.0652450740417,0.3455131188491,0.5312792438355,0.0337658765061,0.3712348450813,0.1663888204155,0.3913243505231,-0.1926277946392,-0.0044434344311,0.3296697368643,0.4384980461545,0.1743266168581,0.2422014893838,0.3926976080142,0.2386227657687,-0.0484853660657,0.1459215298959,1.0000000000000,0.1800674705745,-0.0893515248052,0.3118446958204,-0.0433908554998,-0.0496879689119,-0.1600791395027,0.2818138355212,-0.0343847509435,0.2496102239265,-0.0660166025400,0.1624828179285,0.2578747031409,0.3965327573404,0.0685435901453,0.2702812716098,0.0538469240719,-0.1053447307771,-0.0095997430204,0.0980304178169,0.0761481348118,0.0327293022551,-0.0750934766702,-0.0832494702707,0.1073025071897,-0.1523715364536,0.1651681034637,-0.2378082828538,-0.2098205849878,0.1557777932152,-0.0805500914146,0.1049343005155,0.0170099671231,0.4197926560097,0.2939345619413,0.2908170474845,0.4604636712583,-0.0143061656107,0.2574614091782,0.1171925273433,0.2774313517344,-0.3368357134561,-0.0161617032667,0.1681812334335,0.2482398598165,0.4159405518751,0.3674960935295,0.0639349966597,0.0695382930257,0.6798303844236,0.2196652263108,0.0951419630256,0.0935379068422,0.1135070326962,-0.1807696563543,0.0080599957042,0.3723250327682,0.0600979327939,0.2544945989980,-0.3170608863960,0.0726514507106,0.1519263612956,-0.0407558002535,0.1693493137768,0.1265684239811,0.0955450566099,0.1256540412539,0.2892286878854,-0.0168807147469,0.1066822685585,0.0569949519541,-0.0785534182027,0.1589152394002,-0.2338670173448,-0.1201870401538,-0.0462036076501,-0.0135641732465
