1.0000000000000,0.5763232746307,0.5540870058820,0.5934607496052,0.6451737338580,0.3989336462204,0.1855273844381,0.1021934651526,-0.1194913565111,-0.1540670805742,-0.0324180002588,-0.1617672910272,-0.0087099721635,0.4327425718159,0.2583971433219,0.1787670268266,-0.1313810462104,0.0506570205733,-0.0037224366057,-0.1985455373353,-0.2660561423543,-0.1585893513360,-0.1786083632090,-0.0415301656082,-0.1756447237245,-0.1910006994934,-0.2293893295106,0.0356347520142,-0.1649908511968,-0.1047090481375,-0.1612206403845,-0.1249005593797,-0.2109370431009,-0.0112518039880,0.0953938138981,0.1668265216212,-0.3110974167459,-0.0957636296147,-0.0784043708807,-0.0394176873624,-0.0041389305801,-0.0101720138161,-0.1842459904056,-0.1534554778868,-0.1263236482526,-0.0371284424279,-0.1078903170965,0.3681810777036,0.2849551707954,-0.0724255021801,0.8031590933098,0.5459726760848,0.5159505838328,0.4087703610164,0.2516842787018,0.4106235057749,-0.0317614555186,0.1432273833819,0.0230126349048,-0.0364798964295,-0.1653911952640,-0.0570221326301,-0.1512734744369,-0.0513218174785,0.3525240533576,-0.0564329417683,0.1661792132758,-0.0384705091204,0.1727122432279,-0.0903792771744,-0.2523424095897,-0.2897033694868,-0.0920332413249,-0.2249286535039,-0.2748900576654,-0.3727252065748,-0.2486447777368,0.0035207531942,-0.1143943151288,0.0377561031844,-0.1693285448287,-0.0358357810201,0.0151987845141,-0.1385950932112,-0.3490537384362,-0.1164338032748,-0.2726604088254,0.1152424574355,-0.3446350893215,-0.2178252750225,-0.0551756510752,-0.1127994884613,-0.2159036510011,-0.0756973510649,-0.1685998662615,0.3740965520273,0.4111546396237,-0.0112087249243,-0.0727561635787,-0.2342907346342
0.5763232746307,1.0000000000000,0.3775138644179,0.4472051759416,0.3804517067397,0.2052433624474,0.0332300570466,0.1194404917119,-0.1325410724436,-0.2157234597283,-0.2349857363515,-0.1804539569221,-0.1119366324199,0.4174260084320,0.2061626008267,0.2502043360604,-0.1167186317645,-0.0208948446923,0.0796362115839,-0.2461266692688,-0.3155311662276,-0.1824080877590,-0.2385393468119,-0.1685570152245,-0.2335102730019,-0.0705151662450,-0.3582779807514,0.2728089212290,0.1976152781652,0.3641397721532,-0.1952961666015,-0.1567412198576,-0.1634011236715,-0.0102855473392,0.1420221086324,-0.0099599119539,-0.3849702397123,-0.0043164754901,-0.1605998806295,-0.1222667983831,0.1716860328838,-0.0735087917880,-0.2123353887171,0.0794489751671,-0.0023366612734,-0.0197374066830,-0.0659486039415,0.0886822873013,0.2973239966011,-0.1538944323037,0.6086139906898,0.7125206440363,0.5152544019324,0.3125998395845,0.0891989100713,0.2379310647388,-0.0913423255756,0.0765009148463,0.0057363090308,-0.0541245799333,-0.2596640665878,-0.1681410737274,-0.2533383444676,-0.0997834019935,0.2205256716551,-0.0861319017686,0.1671975715606,-0.1519868574816,0.0732833627417,-0.2267983164133,-0.3246169753178,-0.3055659970559,-0.1817538018272,-0.3659677075829,-0.2533724438947,-0.2026671027902,-0.4293964583861,0.2119341238639,0.2154791250037,-0.0836714411888,-0.2170152615248,-0.1821803321285,0.2048359242992,-0.1628340694429,-0.2293826619735,-0.1823153337841,-0.3420682130612,-0.0394209423033,-0.3961047224363,-0.1665285783298,-0.0775166890366,-0.2134427243675,-0.0044418340058,0.0088788869471,-0.2183285894879,0.1851401138314,0.3411959099488,-0.0995894768585,-0.2404010724685,-0.4195184980523
0.5540870058820,0.3775138644179,1.0000000000000,0.7148974987140,0.7778159293814,0.7818465975997,0.6593166230882,0.2877040910035,0.0473013709062,0.1017610650228,0.0268053724269,-0.0685489438669,0.1960010003482,-0.0174030821834,0.1262336468433,0.1820608617874,0.1350737511751,0.0788084601143,0.3082074027067,-0.0891630300469,-0.2727659389905,-0.2024236108517,-0.2515113445696,0.0736864025181,-0.0474498342295,-0.1394751095219,-0.2540136908726,-0.0761663242087,-0.3491370716626,-0.2802844125695,-0.1585395746125,-0.1150633507103,-0.0813746270792,0.0210764352392,0.0792476708932,0.3517254479835,-0.2435842352483,-0.1635159163302,0.1041149149535,-0.0555654685576,-0.1757056123548,0.0177669425964,-0.2511823345235,-0.1349203239365,-0.0893902620691,-0.0741195882397,-0.1106212048538,0.4270201865913,-0.0870948747849,-0.1332591586952,0.5763379930340,0.3107907907491,0.4343103589287,0.9132201079395,0.5710076383443,0.7946889072560,0.1547509325495,0.5027022558830,0.3459442599925,0.2587490856607,0.1303431299924,0.1620709833380,-0.0203634837345,0.2415040358373,0.2562129980020,-0.1846832377031,0.2179342622190,0.2266271659082,0.4434553432206,-0.0295217190058,-0.0902405625770,-0.2935358631311,0.0682029405592,-0.0939750292616,-0.1088149436338,-0.3217771532277,-0.3004711058919,-0.1580481250130,-0.2533120522231,0.1466214025842,-0.2379389014814,-0.0556369181864,-0.1149955311487,-0.2772962981545,-0.3651704927434,-0.1018700666856,-0.2167644179287,0.2523752485495,-0.3659331836251,-0.2293468383395,0.0532294758992,-0.1605866617264,-0.1941795721175,-0.0961049925475,-0.2068271259252,0.6130211222142,-0.0441667115609,-0.0587762927494,-0.0146861715323,-0.3052954993796
0.5934607496052,0.4472051759416,0.7148974987140,1.0000000000000,0.7602568720494,0.6905453212253,0.6210249284875,0.2229867800881,0.0975978234153,-0.1568381561320,-0.0659779449880,-0.1701775783941,0.1316460918161,0.0751766308728,0.1984775089653,0.5061193263182,0.1774724011992,0.2925973936925,0.3916855496082,0.0015646504106,-0.2830556733890,-0.2666050764589,-0.1907148340782,0.0926905203700,-0.1307100533110,-0.0958505665756,-0.2157252700810,-0.2191577432336,-0.3112284133756,-0.2919096731456,-0.0432890554610,-0.0432400408933,-0.0573642869106,0.0726677155754,0.2362847062455,0.5093143124548,-0.3146659908832,-0.0418253420237,0.0788962194607,-0.0351964435207,-0.2068466664896,-0.1326788439142,-0.1676002124958,-0.1772032355222,-0.2035755971628,-0.2081371158060,-0.2066149523510,0.5575824304435,0.1839900172320,-0.1488609696658,0.5510566579278,0.1260092904839,0.8262210315182,0.6663411928214,0.6244702406635,0.7461440601175,-0.0348581539745,0.2418301614768,0.2991730372627,0.1867325687083,-0.1584243765258,0.0879104550820,-0.2226782854383,0.0851010667995,0.3260424253048,0.0340877443792,0.5480576984713,0.2414020227191,0.4376990742495,0.1892396321186,-0.2494833406311,-0.3184985730268,0.1244581189753,-0.1218529738457,-0.0902772842928,-0.2948511944617,-0.2325595427418,-0.2527400487487,-0.2769991684344,0.3412429150569,-0.0737151600605,0.0701940299981,-0.2480479785417,-0.0537379859660,-0.2469695782785,-0.0699668538996,-0.2823093500058,0.3015487237245,-0.3584581056493,-0.0973819946383,0.1097523705788,-0.1582532758355,-0.2213810420332,-0.3166884656196,-0.3644765449490,0.6778995961072,0.1374683750195,-0.2134236676925,-0.2370849383878,-0.3471296733791
0.6451737338580,0.3804517067397,0.7778159293814,0.7602568720494,1.0000000000000,0.8179601614847,0.6406946412768,0.2107425445520,0.0114369115019,0.0151500298829,0.0533749951011,-0.1071267667752,0.1439747238944,0.0596056112547,0.1374094503654,0.1907804120157,0.0457587801174,0.0895740347850,0.1979190807538,-0.1051457031043,-0.2767640288664,-0.1062157150917,-0.2056400675641,0.1262988896136,-0.0861071273206,-0.1425860571919,-0.2535291463857,-0.0846380027635,-0.2645435392556,-0.2441469767612,-0.1493355043325,-0.1963506122683,-0.1896816382688,-0.0488023970915,0.1397970846846,0.4969431941949,-0.2209379575695,-0.1376894278618,0.0501075680148,-0.0615462649070,-0.1783799514769,-0.1285708653550,-0.2966204726655,-0.2088815249328,-0.1666076776964,-0.1627466326676,-0.2168339338733,0.5958326756769,0.2693481620776,-0.2252556316100,0.7475646984760,0.2789847304574,0.5193501407494,0.7545751291102,0.7126579659706,0.7163495447556,0.0441454318358,0.3799712088270,0.2583961715132,0.1592667264321,0.0228048968702,0.0961245037020,-0.1042303386067,0.1241967379070,0.3246347525008,-0.1201043145536,0.2696742985845,0.1688963095234,0.4432072304461,-0.0012481832904,-0.1079674803141,-0.2987320497775,0.0857465745111,-0.0943857447218,-0.1735914185875,-0.3091847749517,-0.2679260696199,-0.1888948407950,-0.2337532449395,0.1647710093980,-0.2219244490752,-0.1543072316153,-0.1254279523298,-0.2196355402273,-0.3392218726464,-0.1643161172064,-0.1810018825288,0.3797757409889,-0.3362528027879,-0.1874899750659,0.0032642485614,-0.1934340125303,-0.2979787941531,-0.1911068263108,-0.3445661671632,0.6821741626175,0.2309821873375,-0.0226246084071,-0.1249589052288,-0.3091025641814
0.3989336462204,0.2052433624474,0.7818465975997,0.6905453212253,0.8179601614847,1.0000000000000,0.8295912219117,0.2796542996607,0.1700264620804,0.2797399344935,0.1013166964902,-0.0235248358601,0.2604164705070,-0.1318613197334,0.1964361589822,0.0944828855583,0.0877212137026,-0.0037838113583,0.3199405331323,-0.0815161487347,-0.2707394376019,-0.1347880262689,-0.2172666223936,0.2443832472437,0.0086447341459,-0.1724792828453,-0.2243672189150,-0.1677606108288,-0.3663572248662,-0.3552876569676,-0.2337354235476,-0.2014740335712,-0.1537139154133,-0.0292968829033,0.0319393624937,0.5498975745019,-0.1738367984838,-0.2285488033043,0.1598961415659,-0.0589952343607,-0.1935353324320,-0.0367910461305,-0.3176771674603,-0.2369712861273,-0.2241066406278,-0.0953280724221,-0.2094497121444,0.6474825912108,-0.0182232090533,-0.1624683880668,0.5587360548995,0.1455840870753,0.3689075823237,0.8061508707241,0.8475476155437,0.7954892956073,0.1669275060934,0.5328390017642,0.3746934475279,0.4038274246102,0.2704708941724,0.2347364552143,0.0049330139723,0.3101006289295,0.3005077150021,-0.1041259530362,0.1965656927742,0.1741358859122,0.5428886872502,0.0156343692033,0.0220370574056,-0.2399847163461,0.2451596700154,-0.0013281984941,-0.1402344142709,-0.2787940083325,-0.2346059252120,-0.2504459500732,-0.3099943206251,0.0747513509477,-0.2369215263336,-0.0954651850607,-0.1915835948922,-0.2527701620104,-0.3819602752722,-0.1650568769891,-0.1036897286917,0.4430358939326,-0.3044146544286,-0.2167993238429,0.1117064966879,-0.1663004753429,-0.2675066023314,-0.1418348643530,-0.2359048310324,0.8451734077384,-0.0108042783150,-0.0036825021870,0.0496985412775,-0.2078363919900
0.1855273844381,0.0332300570466,0.6593166230882,0.6210249284875,0.6406946412768,0.8295912219117,1.0000000000000,0.2450278658412,0.1822974497589,0.2836272285548,0.0533046118399,-0.0555606253704,0.2807991104653,-0.1975515529587,0.1178083820807,0.1318027365451,0.1446721889234,0.0240335793767,0.3659576217260,-0.0263106437847,-0.2371655504171,-0.1694679047983,-0.2559268005408,0.2162325830318,0.0038848709001,-0.1342574592058,-0.2067288646240,-0.2383147505199,-0.3785034259966,-0.3749770483023,-0.0983758347296,-0.1280895188038,-0.0869975447430,0.0012688074465,0.1705521932218,0.5140338898696,-0.0223477803962,-0.2339737337090,0.3023239286771,-0.0500618599773,-0.2219844524616,0.0368509460226,-0.2497094076666,-0.2359570974668,-0.1797013067229,-0.1272220483549,-0.1977683358570,0.4122819406895,-0.1621977647559,-0.0841654631425,0.3367791021335,-0.0618823949404,0.3002677091328,0.6991133879593,0.7843471407827,0.8345962972293,0.1659218580703,0.4864693409354,0.3572416066716,0.3972435292941,0.2872481225981,0.2005435219615,0.0100626642195,0.3108986520681,0.2809426458867,-0.0691889331649,0.2479076243519,0.2302179328218,0.5397304395973,0.0338235821832,0.0417230349847,-0.2288650448958,0.2680546701678,-0.0117521770845,-0.0433161934657,-0.2296037594574,-0.2162875458741,-0.3252800438376,-0.2936262489078,0.1448131788480,-0.1128489849105,0.0155730193076,-0.1955233723731,-0.1859007407170,-0.2674196879148,-0.0874368886600,0.0009158969921,0.5355682229520,-0.2025574436571,-0.1813465210761,0.2352672811866,-0.1254759499406,-0.2366249419703,-0.1731649072076,-0.1662744594062,0.6793512299465,-0.1433433105439,0.0241480250214,0.0814315696933,-0.0811439721034
0.1021934651526,0.1194404917119,0.2877040910035,0.2229867800881,0.2107425445520,0.2796542996607,0.2450278658412,1.0000000000000,0.4447987587241,0.0107796769380,0.0860689032293,0.0456885671200,0.3959398110271,-0.1723812249263,-0.0822621484399,0.1999845035627,0.3773834669234,0.3282150860205,0.6581061665172,0.5115856724666,-0.0080795720476,0.0615564012592,-0.1143531547073,0.1009322580321,0.4711196932487,0.2314306175507,0.0817157062744,-0.0208357657434,-0.0348497676338,-0.0965325292179,0.1709851035771,0.0875454171681,0.2730305925733,0.0894754507799,-0.0748458188281,0.2403341171501,-0.0469917925928,0.4523796048243,-0.0520926742255,0.1323758930220,0.0449014954247,0.0323742646597,0.0516195944262,0.5018242923429,0.4284883823262,0.0701848600141,0.0997308151576,0.1315582040789,0.0232408193218,-0.0913342620876,0.0319320033100,-0.0632712537124,0.0868644316339,0.3395401367164,0.2572562967992,0.2654887688016,0.3807352006986,0.6165271737236,0.6262220276043,0.4229892869669,0.0009053646780,0.1106633185153,-0.0733815463214,0.2582559566758,-0.1938120158580,-0.2475190596477,0.2095152487003,0.3536528217529,0.4738545555255,0.2889813198085,-0.1181828449047,-0.1657706185812,0.1646122741436,0.2725563698767,0.2597154610453,0.0044966190920,0.0193577601238,-0.0956082416853,-0.0740241678250,0.2362017536696,-0.2075732084941,0.0199522184102,-0.1900069309868,0.0219932144785,0.1152929145790,-0.0441535557189,-0.0337211845018,-0.0766541727085,-0.1508654350983,0.3367295641660,-0.0773896038331,-0.0218168827479,0.4156830512992,-0.0756814734565,-0.1190170178501,0.1897461568982,-0.0707916807711,-0.0569235641961,-0.0382297758568,-0.3983823041304
-0.1194913565111,-0.1325410724436,0.0473013709062,0.0975978234153,0.0114369115019,0.1700264620804,0.1822974497589,0.4447987587241,1.0000000000000,0.1459311866893,0.2950764079070,0.1291428696639,0.4358319938970,-0.3883240949256,-0.1964118816169,0.3244594752826,0.3298678178365,0.3222995310811,0.6715884442311,0.6694602028997,0.1214992481479,0.1765136850074,0.1623840254498,0.5814226093627,0.6749173631857,0.2202795632019,0.4013054624913,-0.0676029631201,-0.1582236962682,-0.1966485698882,0.2371087427810,0.2441719820350,0.3924099278570,0.1380504376320,0.0835701161430,0.5343347440303,0.2108283311704,0.2355786262784,0.0158097590251,0.1837435060298,-0.0849308968587,-0.0261898579024,0.1174748735396,0.0965500732606,-0.0963970923104,0.2330775475719,0.2194986048610,0.1982700931231,0.0556419812020,-0.0929317297159,-0.2106833860183,-0.3142915965858,0.0479259951190,0.1065942679064,0.2983729591757,0.0618141730961,0.2172416938985,0.2341031369290,0.5872745606700,0.8337400407745,0.2147628463010,0.2914743827545,0.1004378001510,0.2732274459932,-0.3223381747502,-0.0449808174897,0.2906354251363,0.3455210738417,0.4289591567994,0.6010297758296,0.1343986800146,0.1921085255625,0.7140857927490,0.7026738133381,0.1567233005566,0.2013898686608,0.3524239818748,-0.0260489846217,-0.2677231224949,0.2728064669211,0.1047815508870,0.1320167403452,-0.2793357417424,0.0794767314460,0.1545248061485,0.0909806479459,0.2435856818377,0.0555249373423,0.0137544994425,0.2656430847763,-0.0483256097886,0.0983970382836,0.1172948699021,0.0201452160967,0.0346066816418,0.1707262499134,-0.1485529063627,0.0027906875787,0.0182641629282,-0.1137761898731
-0.1540670805742,-0.2157234597283,0.1017610650228,-0.1568381561320,0.0151500298829,0.2797399344935,0.2836272285548,0.0107796769380,0.1459311866893,1.0000000000000,0.5463485256501,0.5763399105729,0.2285481327908,0.0415967513503,0.1280439985882,-0.2615838327355,0.0265281751709,-0.1940820850459,-0.0086632823222,0.0205303944754,0.3513190513433,0.5144928969772,0.3008317380282,0.3368075852394,0.2616240506146,0.0576782984773,0.2758799933808,-0.0504879771729,-0.1264501426868,-0.1767966951801,0.0740297318164,0.1091830940028,0.1428160567496,0.0663024695966,0.0109574551956,0.0732344871008,0.4125214667278,-0.2382515182351,0.2096670025708,0.1980536612774,0.0515257405789,0.3177679949227,-0.0093974658474,-0.1367279366058,-0.0402404261789,0.3510385106520,0.0981018935914,0.1082701442184,-0.2231388285954,0.2287324049037,-0.0295803312209,-0.0585752759648,-0.3643768492748,0.1385377019385,0.1611502224401,0.1084442928204,0.4076701965031,0.2305507706744,0.0152708008471,0.2661133658120,0.9176910541263,0.4905936587261,0.6539643472243,0.3729511443488,0.0206817696430,-0.1732501689705,-0.2413388732694,-0.0131932612904,0.1925886454499,-0.0552048910569,0.6313408510334,0.4829745730975,0.3190823857637,0.3268674242736,0.1434705212225,0.0682241336387,0.2276292361904,-0.1494145992484,-0.1366434326232,-0.1660888038489,0.0893818651384,0.1132289505343,-0.0824952510967,-0.1965280143571,-0.2054292239152,0.0571282276948,0.4353907347458,0.2342067352193,0.1634923296525,-0.2786027097927,0.0864103121210,0.1132400551369,-0.1603772051229,0.2757776832725,0.2897229772242,0.1924754267009,-0.2344195805098,0.4198571754280,0.5095625581663,0.4265531483678
-0.0324180002588,-0.2349857363515,0.0268053724269,-0.0659779449880,0.0533749951011,0.1013166964902,0.0533046118399,0.0860689032293,0.2950764079070,0.5463485256501,1.0000000000000,0.7641190854342,0.3089651071484,0.0197659911630,-0.0045749848635,-0.0033895960459,0.2908217604611,0.3447812730648,0.0521651118009,0.3020026276251,0.5785130792671,0.6849589964061,0.7125522050624,0.5830531320517,0.3321409627715,0.4053417302614,0.6883514418384,-0.1800067264061,0.0974858557181,-0.2650794061915,0.3767426956556,0.4262097982937,0.3581412264849,0.0999301416670,0.1482103563981,0.1855905363833,0.5445565073883,0.1068299565891,0.1722990968391,0.3004108175639,0.0631753056288,0.1404523411306,0.2314007451828,0.0191534555841,0.0081153444362,0.3122371496006,0.1992453035265,0.3424008037147,0.1053390009002,0.1186350338578,-0.1452423334730,-0.2383101348082,-0.1828180257956,0.0605404849737,0.1113422229449,-0.0147025954577,0.3041454932323,0.0222177845903,0.1872614364117,0.1765169760303,0.5670707312277,0.7747493266441,0.6561552949882,0.3382874698522,-0.1388807197935,-0.0286560818870,-0.0414499624774,0.3248092990481,0.0945997279656,0.2503543159152,0.6109090084661,0.7074760950910,0.5622761674825,0.5475281534009,0.2641201327570,0.3473374058200,0.6021520243442,-0.1261371211854,-0.0167218463391,0.2569614410808,0.2128875190551,0.1267116101715,-0.3364065050807,0.0216880468268,0.0952583865621,0.1456618935604,0.5516543703066,0.1103501456997,0.2749035701156,0.0297097022842,0.1384623616514,0.1235759413256,-0.0606667681882,0.0901111550774,0.1192352543304,0.1377041524890,0.0079619754111,0.1431903220788,0.1815617408523,0.3597381598053
-0.1617672910272,-0.1804539569221,-0.0685489438669,-0.1701775783941,-0.1071267667752,-0.0235248358601,-0.0555606253704,0.0456885671200,0.1291428696639,0.5763399105729,0.7641190854342,1.0000000000000,0.2702106750808,0.1760159976962,0.1066020051982,-0.0734094870525,0.3206730160698,0.2182199603200,-0.0405899480837,0.2791472481335,0.6924141813163,0.6149550309488,0.7893704977706,0.3875847915250,0.3541853130993,0.5336556284768,0.6626411017609,-0.0512121134656,0.1687566531175,-0.0679202496736,0.3476089828916,0.4423101620272,0.4206295824363,0.1728924315672,0.1076056250593,-0.0496731716194,0.4325561000723,0.1744501569394,0.1743837404361,0.3528929588743,0.1702343500928,0.2577936223582,0.3603809596550,0.2155016569973,0.2160470069386,0.3317081847022,0.2088699379393,0.1932761399985,0.0151731719941,0.2571983859754,-0.2234927729274,-0.1335864029895,-0.2581714286445,-0.0485285011093,-0.0937888213444,-0.1312388265704,0.3706602928929,-0.0694236456979,0.0027583620891,0.0217654079976,0.5141333285444,0.6955756620432,0.8001050851063,0.3402134814926,-0.1407264713548,-0.0052311461598,-0.1794900600060,0.1649887164803,-0.1125882507610,0.1206182900032,0.6007120353126,0.7298996552486,0.3446430265653,0.4672938943242,0.2395815583559,0.4080104914717,0.4792627825972,-0.0620997918860,0.1022351101508,0.0640816360213,0.1353281457262,0.0767791408858,-0.2174042737104,-0.0124956507453,0.0672698366981,0.2006009774429,0.5018918610361,0.0383365034774,0.2340536675065,0.0079152674108,0.1073257159539,0.1932613393511,0.0783635583694,0.1396524192941,0.1278859761635,0.0243100614543,-0.0811719018637,0.0886725693306,0.1974098127722,0.3263098294788
-0.0087099721635,-0.1119366324199,0.1960010003482,0.1316460918161,0.1439747238944,0.2604164705070,0.2807991104653,0.3959398110271,0.4358319938970,0.2285481327908,0.3089651071484,0.2702106750808,1.0000000000000,-0.2589845714577,-0.1010735597619,0.1159214065183,0.5096063484631,0.2969995611026,0.3311270207755,0.3413322003127,0.0161969605885,0.0994804913764,0.0983343857198,0.3760061469859,0.4798998197040,0.0809581579477,0.2564026317646,-0.1320364141188,-0.1771296581838,-0.3440539014058,0.1531735235223,0.0684773110678,0.4928415495563,-0.0442520292389,-0.0528514363398,0.2477401559579,0.1294742897882,-0.0648605412029,0.0223829518146,0.1246059736486,-0.0731712464178,0.1658000439269,-0.0730434227438,-0.0139212394437,-0.1210069826850,0.1282567069669,0.0602721406967,0.1784521161608,0.0167920647056,0.0413854702081,-0.0062341730207,-0.1387946810618,0.0609108994267,0.2350772358174,0.3589659006230,0.2166515611284,0.4785437607305,0.3582603814693,0.4402844734015,0.4648135146899,0.2678949248217,0.3891482907977,0.3594618630498,0.8448474965298,-0.1045404876452,-0.0486552772212,0.0764843420779,0.4755870680058,0.2177667979485,0.2581079145091,0.1166898596603,0.1313653288935,0.4743484862921,0.4256163595794,0.0589103615898,-0.0128446964467,0.1763788132418,-0.1698157889446,-0.2175385700567,0.2537366180026,-0.0041879148090,0.1364328994691,-0.2283970491990,-0.0929260127890,-0.0674089687500,-0.0334232819082,0.1412942023269,0.0428704521708,-0.0837375684311,0.0480567152890,0.0434394423136,0.0477163382957,-0.0098874121783,-0.1145787345612,-0.0526660116800,0.2918230461779,-0.1097804649250,0.1454330406625,0.2406070953922,-0.0588246278706
0.4327425718159,0.4174260084320,-0.0174030821834,0.0751766308728,0.0596056112547,-0.1318613197334,-0.1975515529587,-0.1723812249263,-0.3883240949256,0.0415967513503,0.0197659911630,0.1760159976962,-0.2589845714577,1.0000000000000,0.5555212231423,-0.0608006785793,-0.1676695254415,-0.0366633868068,-0.3716613357310,-0.2461586067169,0.0870028489083,0.0971340522091,0.1427362601445,-0.2432514664510,-0.2639280348088,0.0274678581354,-0.0690802842843,0.3539984585772,0.2625726802134,0.4561395058624,-0.0205042376471,0.0195794225935,-0.1780155926464,0.0268072661985,0.0620186166193,-0.3160656440782,-0.1044829886762,0.0117925310947,-0.0089803677480,0.0927773676031,0.4056140950587,0.2230730194033,0.0929866773905,0.0634973479011,0.1688984824799,0.1663331767702,0.0809922255169,-0.0144342798526,0.3210750026905,0.2955426797414,0.3610561726992,0.4356668945151,0.0614748447237,-0.1354500375046,-0.2538752115101,-0.0851504047993,-0.1335143673802,-0.2303669983414,-0.3873996776276,-0.3815699084231,-0.0791554151995,-0.0550584498424,0.0949847744425,-0.2425636212978,0.5057983345069,0.0185613429811,-0.2005460648800,-0.2514192118291,-0.2902026292123,-0.2709174927215,-0.0816944831920,0.0745662524980,-0.2843871262601,-0.2808057615792,-0.1821199793830,-0.1657297698135,-0.1766244321640,0.3033981159453,0.3440585084635,-0.1375705649428,-0.0461650429185,-0.0386186874548,0.3738556570919,-0.1179606629514,-0.1909792254851,-0.0060936739175,-0.1423091405386,-0.1046779039532,-0.1575980247900,-0.2435267953263,0.0062343738906,-0.0047515622042,-0.0740121846095,0.2196258526668,0.0423651934902,-0.1247036127910,0.5076956554310,0.1397613229226,0.1102331364259,0.1955929774224
0.2583971433219,0.2061626008267,0.1262336468433,0.1984775089653,0.1374094503654,0.1964361589822,0.1178083820807,-0.0822621484399,-0.1964118816169,0.1280439985882,-0.0045749848635,0.1066020051982,-0.1010735597619,0.5555212231423,1.0000000000000,-0.1572558887555,-0.1060295649907,-0.1002316702370,-0.2357882494129,-0.1779993072478,-0.0247513897478,-0.0032693443182,0.0085033217584,-0.1004938695119,-0.2392534074897,0.0028271849820,-0.0595820820961,0.1922292933989,0.0895290089085,0.1814410465310,-0.1885564593754,-0.0076951889468,-0.2221834911968,0.2915428990453,-0.0884389498703,-0.1566748696759,-0.1259209134012,0.1017371762250,0.4042059210291,0.3311031020349,0.4351448505620,0.3193648121991,0.2361542046098,0.1303908242511,0.1598870136603,0.2397414547795,0.1456410741055,0.2500996857791,0.1637703479331,0.5242685817280,0.2243057384103,0.2522666588047,0.0499649062875,-0.0313438584318,0.0471104487701,0.0305495461639,-0.2175360975824,-0.0992134502974,-0.1819179112901,-0.1261210845147,-0.0204118207981,-0.0265568551724,-0.0430599398600,-0.1001281305198,0.4707236495259,0.3806273703798,-0.2279358453823,-0.2014870044155,-0.2265451290249,-0.2255961171241,-0.2463333468586,-0.0675421343746,-0.0995044623691,-0.2837583763703,-0.3347629478123,-0.1819973050958,-0.1560747461706,0.1666527325642,0.1641783681684,-0.1755617090605,-0.1097660964591,-0.0653450104161,0.3202237299442,-0.0843400480698,-0.1579962586037,0.1114148806398,-0.1304645388677,0.0390856173328,-0.1449840608563,0.0003700135958,0.4305926260526,0.2561552836894,0.0859421252003,0.2198701964192,0.0842792404130,0.2197657060688,0.3362542238467,0.0985177151151,0.2004953790635,0.1852470892842
0.1787670268266,0.2502043360604,0.1820608617874,0.5061193263182,0.1907804120157,0.0944828855583,0.1318027365451,0.1999845035627,0.3244594752826,-0.2615838327355,-0.0033895960459,-0.0734094870525,0.1159214065183,-0.0608006785793,-0.1572558887555,1.0000000000000,0.5185302523831,0.6103205758917,0.5350813513783,0.4476932624274,0.0278880743436,-0.1422963637889,0.0172650672889,0.0307555405261,0.1171306834696,0.1364853976689,0.1393317642834,-0.3013003471267,-0.2017862459199,-0.2019658338843,0.5889707387901,0.4259838173005,0.4896042800224,0.2429519434385,0.6657585943195,0.3998908638284,0.0230191936796,0.1831422531866,0.2060949583283,0.0685376747884,-0.1568647782025,-0.0251528569026,0.2835414035858,-0.0068252956214,-0.0198870277573,-0.0319950789771,0.0668114647395,0.1272469101131,0.0287512066912,-0.0549887363305,-0.0108332087678,-0.1989276747197,0.6337597929545,0.2254341066393,0.1275418504639,0.2159261405770,0.1425982692343,0.0829393921818,0.2838991699358,0.2667482692614,-0.2646886778919,0.0900994286671,-0.1639267800173,0.0141861673774,-0.2786224771567,0.0369302204716,0.8568486431047,0.4557983785167,0.3519389101108,0.5953094862789,-0.1003595147621,-0.0961108859848,0.1922915713466,0.1399873848321,0.3295530804063,-0.0949171852533,0.1254455180554,-0.2910503115806,-0.2445948065716,0.6135197075221,0.3226474699958,0.5350843097910,-0.3816279367770,0.4206092409930,0.1525464708834,0.0369480247495,-0.0983484968744,0.1208556509708,-0.0262683602103,0.1170529503846,0.1730876697585,-0.0974691849266,-0.0710581421931,-0.2365454288711,-0.1894214379236,0.1574310814787,-0.1628280379287,-0.1534658099463,-0.2726017794272,-0.3157638870205
-0.1313810462104,-0.1167186317645,0.1350737511751,0.1774724011992,0.0457587801174,0.0877212137026,0.1446721889234,0.3773834669234,0.3298678178365,0.0265281751709,0.2908217604611,0.3206730160698,0.5096063484631,-0.1676695254415,-0.1060295649907,0.5185302523831,1.0000000000000,0.7696240753702,0.4676684470517,0.5448931436582,0.2505737944529,0.1237504293845,0.2285242041551,0.1521165989145,0.3031479918694,0.2794922556961,0.3920353371124,-0.2465987791865,-0.1589619266724,-0.3367743072150,0.5769620652192,0.4474221072041,0.7023438655405,0.1729699723020,0.2068599416776,0.1576751556322,0.2011678373448,0.1747802370049,0.2022265170922,0.2094099067366,-0.0667953395230,0.1578842103052,0.2522134348360,0.1456545857686,0.1213115730019,0.1540276504059,0.2328430612620,0.0857369137744,-0.0847882285017,0.1072513412299,-0.2234300967287,-0.3652327205510,0.2108951691234,0.1782882793266,0.1674038775670,0.1379203885076,0.2887756431941,0.2283112208050,0.4475534563464,0.2797040084403,0.0283227288875,0.4096652672125,0.2487409761380,0.4239822772908,-0.3008786081025,-0.0418650508838,0.3326240807812,0.8035131757178,0.1278649369888,0.4736876906013,0.1123077598735,0.1776220399148,0.3146217837899,0.3432445537160,0.3302591605653,0.0371618802607,0.3157091172719,-0.2559292546757,-0.2100200537111,0.6356023915970,0.1994884381185,0.3779768952973,-0.3673434087897,0.0949615589121,0.1589134867297,0.0664223941495,0.0409819824476,-0.1293267343907,-0.0243480563618,0.1581624951252,0.1473218990784,0.0080720127018,0.0453436038368,-0.1168465440555,-0.0258428377804,0.0900856566437,-0.2670889145323,-0.0152867126550,0.0228819026699,-0.1485030293190
0.0506570205733,-0.0208948446923,0.0788084601143,0.2925973936925,0.0895740347850,-0.0037838113583,0.0240335793767,0.3282150860205,0.3222995310811,-0.1940820850459,0.3447812730648,0.2182199603200,0.2969995611026,-0.0366633868068,-0.1002316702370,0.6103205758917,0.7696240753702,1.0000000000000,0.4409918864564,0.5807740914452,0.2222544699644,0.1541227816245,0.3348909955238,0.2482850870155,0.2348699136460,0.3116969307034,0.4467167316807,-0.3042356286550,-0.0432277525857,-0.2873356064899,0.5992929557852,0.4699047243846,0.5408456723317,0.1680884584915,0.2521112553402,0.2288395768454,0.2254228963929,0.2857300668410,0.1358832468009,0.2385639958326,-0.0067223834091,0.0710213674205,0.2627860865302,0.1155920984710,0.0383369816275,0.0984085157087,0.2112231687033,0.2235537517138,0.1842708996788,0.0990304917020,-0.1427342260722,-0.3732711692292,0.3713909514809,0.1109512508137,0.1371652574636,0.0799347899136,0.0619438177855,0.0436093241779,0.4483377450122,0.1231110190411,-0.1867625275193,0.3406059046975,0.0780555790300,0.1128241783580,-0.2637207638377,0.0514613370633,0.4734900782351,0.8047088070213,0.1322153558991,0.6103854416613,0.0209972878010,0.2028903238764,0.3653248293975,0.3425729658851,0.2952183932779,0.1216171934931,0.4077543527036,-0.2258472420925,-0.1360494404723,0.8403851746314,0.2399214732985,0.3730824923336,-0.4021813729613,0.1704743341297,0.2528095513268,0.0666252522535,0.0638055018389,-0.1501043104891,-0.0163543726849,0.2554042823979,0.1169788728223,0.0173030991513,0.0262913490789,-0.2242404003451,-0.0859112756089,0.0614428449802,-0.0234939743957,-0.1405584501393,-0.1229639770424,-0.1155660873968
-0.0037224366057,0.0796362115839,0.3082074027067,0.3916855496082,0.1979190807538,0.3199405331323,0.3659576217260,0.6581061665172,0.6715884442311,-0.0086632823222,0.0521651118009,-0.0405899480837,0.3311270207755,-0.3716613357310,-0.2357882494129,0.5350813513783,0.4676684470517,0.4409918864564,1.0000000000000,0.4966829604815,-0.0430481700021,-0.0199786954973,-0.1564119164506,0.2192475264018,0.4136759891057,0.1006618047630,0.0603738741337,-0.2142269285900,-0.1911082525052,-0.2455022330237,0.2639172586625,0.1636615815605,0.3302621900511,0.1306946475056,0.1618209087529,0.4794633073087,-0.0323912812188,0.2247462029589,-0.0068147874893,0.0439364843827,-0.0869507549434,-0.0011953673673,0.0248232533952,0.1702480327224,0.0142206731901,0.0309489550259,0.0855428046563,0.1303281266633,-0.1069100245287,-0.1238501655504,-0.0731469332081,-0.2801194913031,0.3042309390074,0.4011598048445,0.3426860661981,0.3811369130947,0.1811691169545,0.4330940978078,0.6633166362402,0.6199280568317,0.0150610048571,0.1495309321303,-0.1082246727296,0.2578000847966,-0.2546312224900,-0.1936734456411,0.5521840679517,0.4805994490227,0.6924523844819,0.4283130804652,-0.0227082511951,-0.1344735893218,0.3428372208022,0.3169520599838,0.3719075361278,0.0094573778915,0.0393347228280,-0.2073734260621,-0.2152264685260,0.4522479501117,0.0317380353608,0.1830381481685,-0.3161593784656,0.1269581691729,0.1380674399417,0.0367763883736,-0.0583137982771,0.0566774093101,-0.0845439203057,0.2458328663081,-0.0259958330666,-0.0586295497677,0.1864818397114,-0.1606024107772,-0.1195053924035,0.2332282103146,-0.2533949906238,-0.0661080958929,-0.0884346610457,-0.3585623386479
-0.1985455373353,-0.2461266692688,-0.0891630300469,0.0015646504106,-0.1051457031043,-0.0815161487347,-0.0263106437847,0.5115856724666,0.6694602028997,0.0205303944754,0.3020026276251,0.2791472481335,0.3413322003127,-0.2461586067169,-0.1779993072478,0.4476932624274,0.5448931436582,0.5807740914452,0.4966829604815,1.0000000000000,0.4447000199643,0.2687578950845,0.3783080977248,0.3603138547046,0.7148621499504,0.5019286948733,0.6204232568260,-0.1420963094947,-0.0356915777057,-0.1727389577552,0.6503402934257,0.5536098908893,0.6368912783354,0.2942874782313,0.2136039141989,0.3718374481685,0.3333816681249,0.6020554744204,0.1380361493463,0.3491236294959,-0.0332319778446,0.0756511198352,0.4968965632937,0.3969766842997,0.3511042309751,0.2536545396778,0.3621352134164,0.1066523989203,0.0987921990534,0.1199530648834,-0.3927207689380,-0.4547809761737,0.0009066284544,-0.0109892948150,0.0450423686857,-0.1207629662713,0.3033097780828,0.1455729251159,0.4838329582432,0.4319855106789,-0.0095861859988,0.2424165766542,0.1061208969035,0.0933312483485,-0.4956405634277,0.0016848634622,0.3739802932752,0.4820273007113,0.2318427267602,0.8040756452847,0.1081162954473,0.2492666353792,0.4796790393872,0.6886576574075,0.4004332649241,0.2743756021272,0.5276249470448,-0.1366809219823,-0.1810897401860,0.4815658876817,0.2312285507600,0.3393772628214,-0.3997882639005,0.3018484048287,0.4156297537614,0.1649794290280,0.2943025014497,-0.0342542809536,0.1888384489094,0.4943378391139,0.0007050844699,0.1355850986312,0.2924943831476,-0.0454334803233,0.0313648898461,-0.0282324882643,-0.1705284595683,-0.1240713650870,-0.0873088706453,-0.0889009074097
-0.2660561423543,-0.3155311662276,-0.2727659389905,-0.2830556733890,-0.2767640288664,-0.2707394376019,-0.2371655504171,-0.0080795720476,0.1214992481479,0.3513190513433,0.5785130792671,0.6924141813163,0.0161969605885,0.0870028489083,-0.0247513897478,0.0278880743436,0.2505737944529,0.2222544699644,-0.0430481700021,0.4447000199643,1.0000000000000,0.5627280635362,0.7254393794797,0.3846547967751,0.3078253205209,0.6264130243674,0.7019683799879,-0.0485306434602,0.1933404435730,-0.0026666831767,0.6039317991353,0.6990582728632,0.4843176937015,0.2890541264426,0.2127440935695,0.0225053080828,0.5234195748635,0.4257550200518,0.1493362624757,0.3743146875676,0.0525520294576,0.1032645273787,0.5771626905479,0.3507888355995,0.3766414005006,0.2763831270916,0.3421168663648,0.0465780396312,0.0192563512552,0.2767171189614,-0.3810402641492,-0.2592683378851,-0.3364502336915,-0.2465804461098,-0.2775661647618,-0.3550488675797,0.2606299725418,-0.2187769359278,-0.0925708436676,-0.0995897859364,0.2802123531847,0.4361502874808,0.5350232837245,0.0020844474048,-0.2705855983937,0.0798195165918,-0.0653043660988,0.0868193445080,-0.1525242746772,0.2656120019066,0.6033688665681,0.6747984578050,0.2633212986885,0.4644117946381,0.4218288251557,0.5365569547131,0.5937750751138,-0.0333795702908,0.0794352280558,0.1080088807158,0.3997573961057,0.3323981985458,-0.2315850298778,0.2124289191267,0.3681263405873,0.3348570348695,0.5514879385930,0.0415126053165,0.5055329941164,0.2443893634698,0.0812721896644,0.2360902195257,0.2728455264877,0.1473971844644,0.2858538595810,-0.1862637862721,-0.1627886840646,-0.0720009046878,-0.0114781310537,0.4071392296884
-0.1585893513360,-0.1824080877590,-0.2024236108517,-0.2666050764589,-0.1062157150917,-0.1347880262689,-0.1694679047983,0.0615564012592,0.1765136850074,0.5144928969772,0.6849589964061,0.6149550309488,0.0994804913764,0.0971340522091,-0.0032693443182,-0.1422963637889,0.1237504293845,0.1541227816245,-0.0199786954973,0.2687578950845,0.5627280635362,1.0000000000000,0.6072696684148,0.3623302817406,0.2878403694552,0.3655889846190,0.5801516802868,0.0938847839471,0.2530894165882,0.0015042402067,0.3182904779663,0.3335757281909,0.2445482048062,0.2021204347877,0.0374424025041,0.0327548143392,0.4844332015317,0.2198039830696,0.0075027947181,0.4232447393865,0.2446931171661,0.0488068694078,0.1832029617144,0.1142492170674,0.0937323696182,0.4776370140207,0.3649391157787,0.1432098767674,0.3151446239911,0.1274235645051,-0.2046849390039,-0.2214549937105,-0.3069606919908,-0.1714974216887,-0.0528794631258,-0.2912787893919,0.1496114458168,-0.1216324263685,0.0140727688723,-0.0380908496714,0.5006324842970,0.4336890864840,0.5027748800020,0.1288357108979,-0.1604068045183,0.0073716597568,-0.1086739281363,0.1314223106512,-0.0100534406612,0.1618002931873,0.5088669384059,0.7383407204813,0.2994556110589,0.4396326737037,0.2956147702849,0.3735532512811,0.5625024196042,0.0949759983991,0.1091472201301,0.1066379058536,0.2991079258044,0.0600062365456,-0.0604700587784,0.0971012089583,0.2486773245499,0.3072481207374,0.4940379251144,0.0218092717021,0.3948066598596,0.1682125326579,0.0127940615292,0.2890939185901,0.0724242313740,0.3382399870232,0.3098835727126,-0.0950442866866,0.1597273751819,0.3562944602837,0.1311512605241,0.3487170549133
-0.1786083632090,-0.2385393468119,-0.2515113445696,-0.1907148340782,-0.2056400675641,-0.2172666223936,-0.2559268005408,-0.1143531547073,0.1623840254498,0.3008317380282,0.7125522050624,0.7893704977706,0.0983343857198,0.1427362601445,0.0085033217584,0.0172650672889,0.2285242041551,0.3348909955238,-0.1564119164506,0.3783080977248,0.7254393794797,0.6072696684148,1.0000000000000,0.4769766053869,0.2987434249638,0.6187225865908,0.7895316981099,-0.0848824480008,0.2183396413766,-0.0314499545992,0.3960966194432,0.5690942031855,0.4245817151699,0.2143069819256,0.1362741982096,0.0417687417816,0.5071955735513,0.3016420915268,0.0752677827134,0.4237187018206,0.1151977778038,0.0712111149492,0.4110758168107,0.1817687491946,0.1593757230504,0.3338717960112,0.2913610937635,0.2376459946478,0.2159341932079,0.2064561071522,-0.3335529145876,-0.2570067606864,-0.1801798229725,-0.2334547360910,-0.1658962859859,-0.3324147834645,0.1507208497303,-0.3177731899451,-0.0168518701085,-0.0577898552166,0.2531170057733,0.5528417106966,0.5841774059228,0.0544504010535,-0.2393632735157,0.1136785029300,-0.0702320460405,0.1656079429888,-0.2198644261025,0.3194256403453,0.4835839858849,0.8084912488069,0.4356085092538,0.5459315109925,0.2187735331823,0.5290954467392,0.6483236423445,-0.0263539096202,0.0964441066425,0.1992643617277,0.3254801728735,0.1732479129494,-0.2809302029480,0.1084238088253,0.2478981159721,0.2973189160142,0.5576387196953,-0.0559819126730,0.3195912485124,0.1863859598097,0.0400688779004,0.2405603892844,0.0575756825802,0.1092129480296,0.1094238648412,-0.0846997695630,0.0360843031387,-0.0981929230371,0.0031785989803,0.3288231228250
-0.0415301656082,-0.1685570152245,0.0736864025181,0.0926905203700,0.1262988896136,0.2443832472437,0.2162325830318,0.1009322580321,0.5814226093627,0.3368075852394,0.5830531320517,0.3875847915250,0.3760061469859,-0.2432514664510,-0.1004938695119,0.0307555405261,0.1521165989145,0.2482850870155,0.2192475264018,0.3603138547046,0.3846547967751,0.3623302817406,0.4769766053869,1.0000000000000,0.3526133534501,0.2352124554831,0.5426001585672,-0.1607019562429,0.0171644172200,-0.2427385234566,0.1708452393542,0.1915445274048,0.2124519081560,0.0185610964533,0.0913085244859,0.5799337028866,0.4505056942887,0.1135870586262,0.0984544638329,0.1940125596527,-0.1945192754382,-0.1837272015870,0.0095733427213,-0.1024746186946,-0.2062473782772,0.1013554395653,0.0066174311897,0.4852413674773,0.2105402849280,-0.1501691161998,-0.0372089035864,-0.1486907149236,-0.0081062370450,0.1259322102938,0.3887687657127,0.0869397570947,0.1696843496251,0.0485585728747,0.3055112780760,0.4267254973864,0.4003226743736,0.4701407496477,0.3517840687724,0.2575130528017,-0.0531001851735,0.1631475998443,0.0412668435926,0.2299346576858,0.2419283634662,0.3592088109800,0.4285886708046,0.4842500148611,0.8419108167298,0.5789956533844,-0.0116502830420,0.3197538950537,0.5272666749262,-0.1081462989594,-0.1173189598825,0.1850658589824,0.1366706822438,0.0387101781739,-0.3281318891530,-0.0902594503521,0.1004561485084,0.0934815318867,0.5579531317971,0.3153099630077,0.1744939861566,0.1994423110968,0.1362794303505,0.0947560190287,-0.0412482385054,-0.0201176765713,-0.0129343968514,0.3791289534991,-0.0301819613870,-0.0639103782812,-0.0508786774464,0.1792828293619
