1.0000000000000,0.6589018364018,0.4995357781777,0.5705075012331,0.7839482155246,0.5207354603276,0.5789058682592,0.1360047903735,0.0327857433321,0.3730045452136,0.1578749303610,0.1801546038773,-0.0307664160157,0.7765593620628,0.0804682346849,0.0829606721468,0.2487622922940,0.1770163054093,0.0129101989449,-0.3553068977684,0.0358263426638,0.0034587829293,-0.0464423848015,0.0784885588922,-0.1694372538140,-0.0464614342789,-0.3093856281741,-0.3825190025221,0.0021982990587,-0.1676003051397,-0.0725046118101,-0.3154965899454,-0.3747974969470,-0.3334247747685,0.3121630094968,0.0395034967777,-0.0566340842149,-0.3799088332039,-0.1098838620666,-0.2688480913058,-0.0405059363310,0.0333812409484,-0.1966634068720,-0.3609007033767,-0.3480520810491,-0.1958219592177,-0.3308990535118,0.1400068513190,0.0382730950836,-0.0487906968586,0.8756586932646,0.5089054198226,0.4784545981665,0.4994152402715,0.5039122507593,0.6539446012317,0.2299272456244,0.4234912607096,0.0340866691538,0.2814930152170,0.3342285875565,0.2206721777096,0.2237765457693,0.0223560331002,0.7170486188318,-0.3288622235631,0.0157246953747,0.1907048201940,0.3190190878016,-0.1839251532938,0.2125859195608,0.0628298963442,0.0250210194684,-0.0748082526978,-0.1169248903860,0.0171599323252,-0.3652942941324,-0.2452648114851,-0.1612927172833,0.1272448902224,-0.1245602757210,-0.1901293980831,-0.1647673871110,-0.2141259051015,-0.3488955164331,-0.1937263421832,-0.0793458919074,0.2773767195791,-0.2822470602845,-0.3489481807391,-0.0934145028476,-0.2584144807104,-0.4167590474783,-0.2929148900088,-0.1531820369504,0.1062764548509,0.2595500935874,0.3198461162988,0.3012842760781,0.0038503370678
0.6589018364018,1.0000000000000,0.6054269230441,0.6599323593483,0.6638552666648,0.5121276344257,0.6147768439470,0.1564023797369,0.1031649579792,0.4052467199721,0.2137036195473,0.2230007261604,0.1075015356921,0.6438371317263,0.1884883903187,0.1259434888214,0.2756528862822,0.2671526954630,0.1632820318788,-0.3324849996606,0.0204089095910,0.1259540280696,-0.1101364202966,0.1326406025553,-0.2442021656354,-0.0792050795780,-0.3619358974068,-0.0170717656150,0.0438091775981,0.0455386360818,-0.0128663252765,-0.3376305691699,-0.3005777693478,-0.3178400057934,0.2400146363308,0.0456778415406,0.0025946054873,-0.3103838154218,-0.0636261999466,-0.1281077044571,0.1726191488588,0.1131528840248,-0.3215586743819,-0.3081514204262,-0.3316996842775,-0.2645934070717,-0.2845722064605,0.1225713633005,0.0851049884610,-0.0113549269696,0.7361675338619,0.7835551939818,0.4886305340941,0.5446052724668,0.4866967036389,0.6223859785701,0.1007544113911,0.3900361705314,0.2324823542600,0.1511587544825,0.3488290361120,0.1799763671467,0.2365277746586,0.1090985457029,0.6167690977046,-0.3651054445823,-0.0562092234082,0.2469910764694,0.1251803163172,-0.2279911841282,0.1327898370456,0.0836030162509,0.1310246195785,-0.0520205788052,-0.1658180897321,-0.0588926870619,-0.3615903886226,-0.0517293521569,0.0683582625943,0.1078277842037,-0.1940285347300,-0.3199035617263,0.0132271841144,-0.3208093939418,-0.3040935435383,-0.1291878898001,0.0100279465002,0.1758584064161,-0.3314362161285,-0.2551287287334,-0.0063672309697,-0.1158137478233,-0.3348256785130,-0.2083830591480,-0.1606913171115,0.0843080865547,0.3698510037379,0.1866351152018,0.3930989992644,-0.0393589812386
0.4995357781777,0.6054269230441,1.0000000000000,0.7927166330016,0.6910254307618,0.7755401991473,0.7522155267765,0.2059730124809,0.3111323454043,0.3830646091432,0.2659822841736,0.1585735533883,0.3653867210094,0.3377584754578,0.1987465100893,0.4449220238644,0.3619085269872,0.4399066640348,0.4042379788480,-0.1953223724288,0.0445417042823,-0.0375822170503,-0.2034216520342,0.3321895327093,-0.3808643325471,-0.2782618442465,-0.2376815686396,-0.1645163466518,-0.2810925334498,-0.1765287275730,0.1751331572069,-0.2944840916553,-0.0959998267887,-0.3010899564591,0.2038981449404,0.2650019275394,0.0821261052958,-0.2332658375587,0.0557723983570,-0.1560146780820,0.0277200270195,0.1628524662828,-0.1750957810993,-0.3979676916620,-0.3261495320326,-0.2792322082423,-0.2817965836920,0.2784823825692,0.1818756022578,0.0520683649208,0.5595231150205,0.4958261542557,0.5384993256914,0.8693378934078,0.7237504957242,0.6668710443787,0.1114241038808,0.2591585776260,0.4633547226216,0.1488089278514,0.3284883961816,0.2866834704234,0.2284083929892,0.3117665361045,0.3724904871748,-0.2127340059056,0.2038813790454,0.4893952792456,0.0684478361036,0.0108861875467,0.0979698489643,0.0334240817325,0.3926328996869,-0.0654089618884,-0.0390377585062,-0.2509762703521,-0.2107632207779,-0.1596306665905,-0.2246893267046,0.3456815466993,-0.1557489628853,-0.2085634994853,-0.1469477053813,-0.2009285013467,-0.2135781241311,-0.1687586306521,0.0550304686702,0.1412299458852,-0.2665295649115,-0.1732120441046,0.1033065073506,-0.2215947994424,-0.3881680829046,-0.1810688925574,-0.3062371542257,0.3249286953226,0.2985405570477,0.1254957911686,0.4421879629340,-0.0074278351845
0.5705075012331,0.6599323593483,0.7927166330016,1.0000000000000,0.7414486295113,0.7722401622809,0.8549020096526,0.3383405564787,0.3273747514655,0.4984469771873,0.3263532173965,0.2594028066983,0.3600985407408,0.4979753895171,0.2872104772542,0.5167725152154,0.4471549717410,0.4986133373422,0.4628516843658,-0.2380365944610,0.1318423555037,0.0435654465248,-0.1088869332436,0.4330670213880,-0.3729562193575,-0.1471770480787,-0.2608761368355,-0.2800057406847,-0.2082283960999,-0.2612050336372,0.0796068838314,-0.3599357221552,-0.1796027990091,-0.4242519061426,0.2607294892043,0.4113849269534,0.0245691277094,-0.2400629745880,0.0328445415714,-0.2076028287234,0.0157057219858,0.0637362408512,-0.2150584517284,-0.4281484450088,-0.4240613463445,-0.3276806891513,-0.4052924096841,0.3434501856574,0.2458252110435,0.0386079528331,0.5797797647635,0.4547875006635,0.7029894199105,0.7115130794163,0.7802496276808,0.7652340854930,0.1709258296877,0.3687102278177,0.4964166460379,0.2662622706787,0.4031272027229,0.3621253521905,0.3214956511669,0.2560203343428,0.4788006978706,-0.2195894370704,0.2645358324737,0.4605379252115,0.2011171058772,0.0242274232358,0.1659292484380,0.0828216394755,0.4407437255390,-0.0196002252029,-0.0716021843139,-0.1033401441606,-0.2691803196645,-0.2098360152063,-0.1866115194177,0.3541854269003,-0.2052685340933,-0.2710742408590,-0.2366171615673,-0.2809487006604,-0.2885889101356,-0.2581294458869,0.0113658966482,0.2573048204117,-0.3607267906337,-0.1637060317795,0.0761816515541,-0.2061894679998,-0.3908755339163,-0.2724251892936,-0.3383999054533,0.3888994668272,0.3574897844265,0.1756709316180,0.4476287561404,-0.0144565790043
0.7839482155246,0.6638552666648,0.6910254307618,0.7414486295113,1.0000000000000,0.7320720771678,0.7285068016478,0.2981586920226,0.2080693952115,0.4273555224202,0.3669662721497,0.2198633306730,0.2679875940441,0.6279340269403,0.1116677757902,0.3124844277732,0.4392286821746,0.4054834955229,0.2235637174527,-0.2573445627360,0.0583960773439,0.1757465253744,-0.0135627004704,0.2708697563855,-0.2597919383581,-0.0858040865630,-0.2221469655514,-0.2061009085789,-0.1788639467970,-0.1900915623241,0.0314545682697,-0.3093386505793,-0.2050548986836,-0.3448955963681,0.3024920695055,0.1962226012389,0.0290311694229,-0.3032744528361,-0.0545841742428,-0.1952214738364,0.1198610168321,0.0425854061246,-0.2339852958014,-0.3953091848114,-0.3595892525943,-0.1928379169989,-0.2926035640038,0.2618804184316,0.2891205434310,-0.0585094618384,0.8204485492101,0.4369441847676,0.5906358771304,0.6761729590068,0.7586734161783,0.7383176345397,0.2715977189140,0.4622790706153,0.3465494914809,0.3217511765509,0.3819894356568,0.3390163091318,0.2556128631433,0.2173668802663,0.5787172615915,-0.3213499641885,0.1407926558172,0.4387931660063,0.2196379635948,-0.1133196284399,0.2280474784463,0.1080070521253,0.2757533087797,0.0005121949200,-0.0573606490968,-0.1060798220041,-0.2983145828758,-0.1484889468179,-0.2188130117451,0.3140175821632,-0.2045260634834,-0.2529644305002,-0.1903999399022,-0.2550020068238,-0.3128498338611,-0.2116648556262,0.0176929669866,0.2332977033389,-0.3437775815644,-0.2816312245374,-0.0289983643746,-0.2220151964962,-0.4509952115295,-0.2174084006638,-0.2254291600786,0.2412392046709,0.4240732299821,0.3017645541763,0.4487915569171,-0.0277796993542
0.5207354603276,0.5121276344257,0.7755401991473,0.7722401622809,0.7320720771678,1.0000000000000,0.7651350408881,0.2353295214326,0.1739545868653,0.3601135197388,0.1403945387706,0.0885842773018,0.3224772988677,0.4460589429860,0.3546082648738,0.4395466604496,0.3381715302120,0.3986284688804,0.2582491246089,-0.1816900763849,-0.0548729849756,-0.0743371031594,-0.1771377565728,0.3229939102131,-0.2843081429662,-0.2061399546751,-0.2500598204173,-0.2989912926066,-0.2965159893802,-0.1750166756787,0.0682194944139,-0.3734279570800,-0.2388621807750,-0.2670696985276,0.2696403409206,0.3541772843656,0.0032587198641,-0.1289115273634,0.1711290567424,-0.1827271679506,-0.0110762584861,0.0290483439521,-0.1549865701776,-0.3959188532612,-0.3696487082847,-0.3131594074491,-0.4233897666855,0.5579483516452,0.2530412572197,0.0216459365018,0.5507917746388,0.2573800969650,0.4859644764617,0.8610599325834,0.8527680070276,0.6381103751487,0.2965998980702,0.3846285173497,0.3657413339622,0.1946545454964,0.2767116528602,0.2288769879237,0.1745228363170,0.2023158334149,0.4728120661120,-0.1102005604826,0.1882480200676,0.3816868583490,0.1478262815949,0.0915702786246,0.0605163958610,-0.0451957266674,0.3273748050645,-0.0142108101294,-0.0965788377928,-0.1383389178721,-0.2039398227004,-0.1747305580986,-0.2672590345787,0.2751465784265,-0.1670164954591,-0.1730411712173,-0.1639507043720,-0.1547612772476,-0.1919322156586,-0.1746207643681,0.0418763544632,0.3398640272316,-0.2984318953256,-0.0558641333492,0.2002360944330,-0.1744426640550,-0.3188483830479,-0.2727176207621,-0.3724203372937,0.5798292551636,0.3102878389597,0.0646929328946,0.3464907016217,-0.1408808036939
0.5789058682592,0.6147768439470,0.7522155267765,0.8549020096526,0.7285068016478,0.7651350408881,1.0000000000000,0.3058158191015,0.3054251216161,0.4203359857060,0.2222680520989,0.2140516817220,0.3082132266449,0.4186508415236,0.1858598107851,0.3891497078673,0.3407536421691,0.4418070546829,0.3839242507676,-0.2354128315359,0.0395556708326,0.0509110101770,-0.0882794838648,0.3625743324966,-0.3291356842330,-0.0307645586451,-0.2428205185837,-0.2761082119271,-0.1591168940172,-0.3071317439296,0.0343952182971,-0.3255314521375,-0.2619405625546,-0.3196731876428,0.3947164009910,0.3042176870479,0.1826671552651,-0.2935959316749,0.0738210616783,-0.1896176160727,0.0321061488890,0.0801600622725,-0.2508124822377,-0.3680720014082,-0.3744794783373,-0.2137590325350,-0.3494450141238,0.2529595702908,0.1057385420243,0.0528974137669,0.6343145016315,0.4347290582894,0.6582337212360,0.7416361133659,0.8138829009261,0.8286085209732,0.2241100458575,0.4020085490608,0.4557932220301,0.2278968453541,0.3869419801570,0.2764073160265,0.2508370710603,0.2183746633521,0.4893958970258,-0.2818862211026,0.2469082972717,0.4296132403662,0.2154172948517,-0.0738385052164,0.1742466979915,0.0910167668898,0.3827537857170,-0.0223341852212,-0.1183614652964,-0.0138161341714,-0.2806253474038,-0.2549068763670,-0.2130210505381,0.3113892031967,-0.2372981141940,-0.3309814523091,-0.2724307920177,-0.2862516194037,-0.2575092754228,-0.2420455979605,0.1780934664653,0.3391088809753,-0.3126586603007,-0.2401595448524,0.0843167335260,-0.2288549671830,-0.4127242359831,-0.2562787229846,-0.2689800313636,0.3186580164818,0.2475974564922,0.2080465550241,0.4195471780034,0.0520675185110
0.1360047903735,0.1564023797369,0.2059730124809,0.3383405564787,0.2981586920226,0.2353295214326,0.3058158191015,1.0000000000000,0.6106787833660,0.3785167701201,0.4530477661262,0.4390699780233,0.4508894853084,0.1670313629413,0.0448496655842,0.3675879374972,0.5845250209503,0.5116545089604,0.6805415708699,0.3625255216345,0.1773280133311,0.2687567084605,0.2828068175875,0.4811012456076,0.2909363438541,0.2616474744702,0.2625411834851,-0.1967535174953,-0.1843601794778,-0.2491570373724,0.1286126624106,0.0648732317356,0.2156888358430,-0.1247639876816,0.0976252757478,0.2711742722819,0.2439501352338,0.0738735103208,-0.0541361739507,0.1000001271948,0.1110045673011,0.0497753579534,0.0308106107642,0.1016027086660,0.0569935674433,0.0841007329093,-0.0064734241501,-0.0268279557965,0.0449061608567,0.0267094126736,0.1607546644171,0.0755415449034,0.2941780739117,0.2024204916795,0.2820871013795,0.3372514581004,0.2701357237923,0.6246734571150,0.6295891249217,0.7477473887023,0.2880271358103,0.4434016853548,0.3242852608657,0.2057042887463,0.0951380962161,-0.2287044172583,0.3938030402729,0.4893195142269,0.4882754155150,0.2218287689911,0.2421187499202,0.1793305846968,0.4600172474672,0.3497869640964,0.2575154826216,-0.0439222860532,0.0133434734675,-0.1944682222100,-0.2012508256389,0.4670516544164,-0.1529555523640,-0.1442588942213,-0.3955899705994,0.0243470172727,-0.1918620244422,-0.3557691716444,0.0812955790025,0.0071315383098,-0.2101420986853,-0.0737016524190,-0.1093709501218,-0.0040052787127,-0.1463829774660,-0.2985847556032,-0.2138037306078,0.0145526967125,0.0470520594213,-0.0844268495603,0.2076823626376,-0.1477178452374
0.0327857433321,0.1031649579792,0.3111323454043,0.3273747514655,0.2080693952115,0.1739545868653,0.3054251216161,0.6106787833660,1.0000000000000,0.3360594744631,0.4422598625514,0.3957198988623,0.4943262947328,-0.0410365260552,-0.1524250903969,0.3035286924619,0.4602100599239,0.4911865357536,0.7403535493133,0.1304856461725,0.0758639409838,0.2471425282423,0.2166113090681,0.5784449732928,-0.0155112375896,0.0411394616441,0.2339546158559,0.0657833920976,-0.0425527524680,-0.1783754749795,0.0639045842371,0.0617819717475,0.2642811050633,-0.0587951150591,-0.1318300250604,0.2502467257970,0.2071311007439,0.0160384604040,-0.1547829531698,0.1924990688049,0.2310862287781,0.1125518061414,-0.1700668889903,0.0802157010691,-0.0812695613897,0.1225624794971,0.1713809552186,-0.1955532812405,0.0428346898990,-0.0799392988510,0.1496241297019,0.2293568051344,0.4903985081308,0.2466173785106,0.3278029373831,0.3518032747899,-0.0167888764889,0.3570090392428,0.7461474339961,0.7116331201234,0.3752038089620,0.5080824772332,0.3437516018993,0.3666231756602,0.1208204106892,-0.2150232818373,0.2586750383728,0.5794119284110,0.2705074124742,0.1130913740576,0.1869267474233,0.1872483066840,0.6615986891050,0.2285536802651,0.1666153254598,-0.1918107391292,-0.0518777174326,-0.0704808023927,-0.0365575905270,0.5543298868723,-0.2386096310066,-0.2748669744988,-0.2421916905873,-0.2256510157959,-0.3019866427398,-0.3049957088597,0.0016401884620,-0.2508613925222,-0.2912736324545,-0.1801297864921,-0.0938176264041,0.0110366222327,-0.1820060508456,-0.1546555859180,-0.1808123646068,-0.0433587898497,0.1112983035527,0.0539623138391,0.3832352332340,0.0290348964700
0.3730045452136,0.4052467199721,0.3830646091432,0.4984469771873,0.4273555224202,0.3601135197388,0.4203359857060,0.3785167701201,0.3360594744631,1.0000000000000,0.5492580637849,0.7625878968915,0.2497622301887,0.4112332874806,-0.0725056564099,0.1450532962154,0.4929229622834,0.4343938450592,0.3580729235072,-0.0604539208182,0.4551205931802,0.5502907065531,0.4040779121596,0.4823434509821,0.0143231983827,0.0891228425597,0.0393912153309,-0.2366558773119,-0.1127827541514,-0.2468328377660,0.1197916934977,-0.0734545733101,0.1402571079051,-0.4029618926854,0.1238853722944,0.2564396567830,0.2871364755311,-0.3399349960218,-0.2658922799983,-0.1406741514727,-0.0147406905878,-0.0301216461644,-0.3822309441750,-0.3992363012645,-0.4552180953303,-0.1210608704553,-0.2654657481529,0.0831894387259,0.1092455716485,-0.0754992657545,0.3664540216443,0.2224453504410,0.3278322877851,0.3398955792296,0.3594232667779,0.4053928373258,0.3865779465387,0.3649764921495,0.3622088859351,0.2634729229087,0.8530598321705,0.5064232354376,0.7235602292408,0.1306679896221,0.2738141022447,-0.4540448301279,0.1468417571735,0.3339301383243,0.3714215042714,0.0664099600905,0.6505463460484,0.5945128830260,0.4669005083738,0.3013961536147,0.2420170729106,0.1442542237917,-0.0400609090291,-0.2694380392940,-0.1499993870794,0.3687940834164,0.0302938092377,-0.0581466278050,-0.3346001701416,-0.2391332458432,-0.2914042555058,-0.1923245454422,0.2292547762933,0.0836670433682,-0.1892816852566,-0.2797974270324,-0.2008713940556,-0.1683454765610,-0.4315861887310,-0.1792071137226,-0.0345203561507,0.0846559164494,0.2859633747481,0.2218381967379,0.5113632612340,0.2046929085996
0.1578749303610,0.2137036195473,0.2659822841736,0.3263532173965,0.3669662721497,0.1403945387706,0.2222680520989,0.4530477661262,0.4422598625514,0.5492580637849,1.0000000000000,0.6544083610688,0.4034864867940,0.1798722292902,-0.0170833296545,0.1803616278575,0.5529132290676,0.5200538074281,0.3994638574064,0.1300028298230,0.2770878175783,0.5764879571996,0.4601231822996,0.4949863749938,-0.0381390433147,0.1232655659785,0.3562234325935,0.0610300969162,-0.0220353041624,-0.1689985310877,0.1623005647938,0.0233080657103,0.2698940039849,-0.2139561847714,0.0024829685085,0.1867214072612,0.3247548350482,-0.0289869268610,-0.0069836966026,0.1336041475005,0.3143247160213,0.1118508101202,-0.1202751778501,-0.0989684964512,-0.1330816747287,0.0900971324399,-0.0140124534308,0.0844834361736,0.4218775392962,0.0531311884872,0.1736279776186,0.1324209714874,0.2805986879240,0.1304498779873,0.3172235572197,0.1637467487907,0.0880863200091,0.1637757238214,0.4674554715170,0.3164902810601,0.5006418295458,0.7172693576370,0.5617155665828,0.3015839651014,-0.0270323817080,-0.1503339330971,0.0208120812920,0.5174832783232,0.0286931909850,0.0156500850188,0.3801649979866,0.4993640562684,0.5271521768989,0.2966816520915,0.1125133986562,-0.1199841793984,0.1390231361169,-0.0451627317302,-0.0182360945032,0.3984565082238,-0.1061403282171,-0.1770401211599,-0.2437839723462,-0.2076434896313,-0.1934181110798,-0.2601358304955,0.2472302044823,-0.0780774716634,-0.1989160233055,-0.0968752659404,-0.0119131220328,0.0225667894130,-0.2560851366292,-0.0207948723087,-0.1087917601198,0.0701968610671,0.3907352776424,0.1926780814387,0.4573106081979,0.1898722335269
0.1801546038773,0.2230007261604,0.1585735533883,0.2594028066983,0.2198633306730,0.0885842773018,0.2140516817220,0.4390699780233,0.3957198988623,0.7625878968915,0.6544083610688,1.0000000000000,0.3350401460415,0.2255932518681,-0.2443077033892,-0.0131056072357,0.4633358675687,0.4291594329840,0.3635805588910,0.0492589440068,0.4673881659516,0.6272016158989,0.6747320450027,0.5092352294105,0.0905692210922,0.2577590138791,0.2921421577071,-0.0756716399513,0.1407899132932,-0.2437194197106,0.0269379696696,0.0597493104906,0.2923593344672,-0.3181576936246,-0.0355353232535,0.2124730415781,0.2855073070448,-0.2388361278731,-0.3465931726893,-0.0165562768016,0.0464542226581,-0.1100394272715,-0.3853779832399,-0.2235279724978,-0.3372317703703,-0.0467435593427,-0.1264637573863,-0.0537419224203,0.1654474339104,-0.0927422656366,0.1862717416922,0.1558040189988,0.2284507822989,0.0824884531626,0.1830964401731,0.1775304795200,0.3463136086657,0.2115099921798,0.3897080122689,0.2626771604261,0.7206215204688,0.6301243212491,0.8550971511130,0.2299566612414,0.0970320005743,-0.4217078481766,0.0643512124386,0.3584029564721,0.2923541547467,0.0549559308424,0.7014278466436,0.7320062204208,0.4842388539027,0.4391485487151,0.1772539873351,0.2083339160180,0.0657612494291,-0.1439705045047,0.0328347982600,0.3330230240298,-0.0160024590692,-0.0818180284900,-0.3981543554428,-0.2891242256488,-0.2539988719236,-0.2286611332314,0.2366288126979,-0.0492443014288,-0.1742865459984,-0.2508490687034,-0.2867303708949,-0.1021553940088,-0.2900797734136,-0.1390599954248,-0.0333819458041,-0.0319560579720,0.2594063862895,0.1493284443875,0.3250398460388,0.2870743094642
-0.0307664160157,0.1075015356921,0.3653867210094,0.3600985407408,0.2679875940441,0.3224772988677,0.3082132266449,0.4508894853084,0.4943262947328,0.2497622301887,0.4034864867940,0.3350401460415,1.0000000000000,-0.0791151039380,-0.0275720923312,0.3721283129253,0.5408690691668,0.4771253195122,0.4039734921406,0.1318810489186,0.1020053558117,0.1643081699425,0.0884699425153,0.5024568073454,-0.0932839631904,-0.0158301841097,0.1490275087126,0.0624941259249,-0.1526042153303,-0.1501984757566,0.1918936227166,-0.0104696537869,0.3665624428305,-0.1670044590895,-0.0618081372655,0.3091297550324,0.0829272255736,0.0701039293614,-0.0486275925301,0.0304539880786,0.0751193099602,-0.0397312811824,-0.1420657012910,-0.1393510808633,-0.1528187969612,-0.1109581256925,-0.0583718205363,0.1048141533259,0.2492245410989,-0.0677125096458,0.0140551685427,0.0289107160096,0.2467417318009,0.3116738501071,0.4272762622886,0.2433975617598,0.3420331507334,0.2588956913150,0.6132720397411,0.2891376596049,0.1809616206209,0.3971380316060,0.2748960159580,0.7987606991441,-0.1084070411217,-0.1149510949288,0.2407066097880,0.5985012759561,0.0023787714562,0.2836142443015,0.2113793274369,0.1140558277430,0.5418526642468,0.2803211834820,0.1143239531533,-0.1010205934371,0.0738349212517,0.1024409961212,-0.1455009326110,0.4390627555007,-0.1017723550494,0.0113733685554,-0.3121942703959,-0.0947460204857,-0.0082950744436,-0.1651790653934,0.0820162335595,-0.0014659318172,-0.1473086344470,0.0935655359721,0.0353920940004,-0.0685351896675,-0.1190840152134,-0.0583095477124,-0.2440963684156,0.2325481168753,0.1521438143726,-0.0297692618915,0.1746562199644,-0.0125555453069
0.7765593620628,0.6438371317263,0.3377584754578,0.4979753895171,0.6279340269403,0.4460589429860,0.4186508415236,0.1670313629413,-0.0410365260552,0.4112332874806,0.1798722292902,0.2255932518681,-0.0791151039380,1.0000000000000,0.2504410478651,0.1925705771922,0.3520106176081,0.2707885241110,-0.0078662018729,-0.2394823541459,0.2099216053241,0.0885629533034,0.0209612266813,0.1102828145406,-0.0704187112170,-0.0011297398974,-0.2088453539456,-0.2670738889878,0.0798910476608,0.2003563259685,0.1002639878799,-0.1658042198623,-0.2387471027745,-0.2880803931792,0.3774345635660,0.0805133154607,0.0233194318362,-0.2477815061866,-0.0220875321881,-0.2419122680405,0.0680158026746,0.1506560681988,-0.1007085463589,-0.2553536050838,-0.2639391963703,-0.2189493299775,-0.2640231765878,0.2450005888362,0.2094788902082,0.0618221514500,0.6655284183608,0.3627151801300,0.2602548056774,0.3557272722520,0.3864567482640,0.4017070672705,0.1997938968812,0.3597865450624,0.0155760042228,0.2385266070067,0.2727485513179,0.2174685875308,0.2152735371761,-0.0760677718439,0.6337287647069,-0.3216247198951,0.0060611924617,0.1223513847503,0.2471531004822,-0.1018334814069,0.1874229325718,0.1252471287880,0.0490396124507,-0.0079651632997,-0.0442147034003,0.0424444223098,-0.2987008390773,-0.1321001519305,-0.0355615989914,0.1070940404692,0.0192659972262,-0.0819652554137,-0.0030587602654,-0.1609370612008,-0.2485206152325,-0.1227133027936,-0.0656546591137,0.2667030211900,-0.2694757236643,-0.2372612587881,-0.0501797301101,-0.2405576103339,-0.3092435018594,-0.2482032058989,-0.0826891167577,0.1418155252884,0.3673804467830,0.1892406302803,0.2647537656733,-0.0370315649427
0.0804682346849,0.1884883903187,0.1987465100893,0.2872104772542,0.1116677757902,0.3546082648738,0.1858598107851,0.0448496655842,-0.1524250903969,-0.0725056564099,-0.0170833296545,-0.2443077033892,-0.0275720923312,0.2504410478651,1.0000000000000,0.2774480360770,0.0131513469575,0.0267035881264,-0.0165517203331,0.0648564739386,-0.1733800588897,-0.3568950505661,-0.4548775008543,-0.1355880314135,-0.0770897771633,-0.1883086064493,-0.1452584784148,-0.1387341117165,-0.0766312791427,0.2185141795613,0.1165030106337,-0.1800811284374,-0.2989698330373,0.1643658099157,0.2007378851958,0.0040073964857,-0.1038465059815,0.3474070057608,0.7499062138931,0.0782829155791,0.1808979776473,0.3427575030111,0.5606124199958,0.2049077443706,0.3358303150282,-0.0729504227600,-0.1310484917351,0.5129556606459,0.2030506770373,0.5072560307986,-0.0482350464896,0.0472904047010,-0.0844034890308,0.2078906571444,0.1321022478456,0.0293162839939,-0.0872423519711,-0.0085583900467,-0.0723360512193,-0.0063916808798,-0.2131964344415,0.0114881479037,-0.1792985083850,-0.0447206064219,0.0300508056983,0.4582426300337,-0.1567129333921,-0.0723540342692,-0.2336425327370,0.0037583731784,-0.4874695609311,-0.3957656983891,-0.1193040552802,-0.3036033824952,-0.3225466889828,-0.2826660995048,-0.0756444169729,0.0359709176165,0.0432729663412,-0.2576703620762,-0.0379550104273,0.0327553009539,0.1866319893636,0.2207826447997,0.0678058907155,0.0124940644354,-0.0757176030924,0.2565571883584,-0.0848945700821,0.3485405947080,0.6234880974992,0.1297670308461,0.2560160879836,-0.0041032786630,-0.2090378793263,0.3761047094696,0.0413626208115,-0.0888366193844,0.0224425582456,-0.2598125616564
0.0829606721468,0.1259434888214,0.4449220238644,0.5167725152154,0.3124844277732,0.4395466604496,0.3891497078673,0.3675879374972,0.3035286924619,0.1450532962154,0.1803616278575,-0.0131056072357,0.3721283129253,0.1925705771922,0.2774480360770,1.0000000000000,0.5492868276055,0.5213221593394,0.4962916726652,0.2735085529921,0.3019120234666,-0.1226693873597,-0.1449608854298,0.3683022950905,-0.0751345636428,-0.1429412021393,0.0688878040022,-0.1967010175897,-0.3659592714955,-0.0118628911322,0.6562304634306,0.1090608659433,0.3016814844477,-0.0639773224382,0.4661539267522,0.5337754085762,0.2019109653734,0.1761610698531,0.2299865280289,-0.1601398466902,-0.1016430621856,0.1600759385904,0.3178410076764,-0.1413892615626,0.0049274267587,-0.2225822314716,-0.0858157021739,0.3400451108856,0.2478850397635,0.0951242890237,0.0662107218462,-0.0056477684972,0.2669870429184,0.3805161080927,0.4384614021787,0.2367491690432,0.1057693137220,0.2042328524067,0.3973705166830,0.2619612256021,0.0158095258834,0.1749877578229,0.0255146784832,0.2169798220452,-0.0507871105252,0.0069095634429,0.6433353277201,0.4409016107343,0.1691987329414,0.4348920183421,0.0330866275574,-0.0757014498977,0.3819875069346,0.0716550124014,0.3456485706493,-0.1981732672871,0.0173913144991,-0.1424007711217,-0.3252729205079,0.5521826884305,0.1343375798669,0.1586550090575,-0.2007010847902,0.2363267461295,0.1244339862524,-0.0743893898665,0.0115411390656,0.1826549698544,-0.0299425906368,0.1155942409476,0.1630570670903,-0.2584637618421,-0.2318298471634,-0.2003767274107,-0.2930052427671,0.3707953090177,0.0931247644630,-0.1455257989636,0.0695170176969,-0.1361959067138
0.2487622922940,0.2756528862822,0.3619085269872,0.4471549717410,0.4392286821746,0.3381715302120,0.3407536421691,0.5845250209503,0.4602100599239,0.4929229622834,0.5529132290676,0.4633358675687,0.5408690691668,0.3520106176081,0.0131513469575,0.5492868276055,1.0000000000000,0.8017505611183,0.5310904087628,0.1452553638561,0.5022074898825,0.2732810039081,0.2194793862143,0.5613932761235,-0.0465801737658,0.0094253083174,0.1562639163701,-0.1540030473845,-0.1739016626527,-0.1738173362518,0.4624130829936,0.0364061257549,0.4013350466729,-0.3469279162400,0.1755996414571,0.3116262152890,0.2837104995125,-0.1029346489441,-0.0306844196024,-0.1118802846114,0.0058332048111,0.0758135624583,-0.0570925418183,-0.2114452852319,-0.2056365971075,-0.1272630654276,-0.1075838715135,0.0655713046865,0.2423009605345,0.0506606449615,0.2151816355693,0.0854885317462,0.2833965235260,0.3066413572747,0.3943046383953,0.2842638253664,0.2545875108922,0.4333624789953,0.6102191572766,0.4656144456208,0.3632971967093,0.5384771758940,0.4211526922290,0.3624331852819,0.0305280369511,-0.2679035014406,0.3009091356807,0.7671261590811,0.2283992547637,0.2471740638499,0.4543584399194,0.3079527536271,0.5634234790930,0.2918022245130,0.3781101942858,-0.0403312057339,-0.0050269499017,-0.1107529781851,-0.1814935057214,0.6849404138834,-0.0112469482253,0.0155566201018,-0.3349491243768,-0.1146869126353,-0.0531376808424,-0.2414964700729,0.1208860632833,0.0132195266654,-0.1372612780170,-0.0777402666162,-0.0290202394434,-0.1807233306237,-0.3289000530183,-0.1396711346607,-0.1256833891542,0.1185946901424,0.2469644412064,0.0021200175487,0.2578706168406,0.1097605349614
0.1770163054093,0.2671526954630,0.4399066640348,0.4986133373422,0.4054834955229,0.3986284688804,0.4418070546829,0.5116545089604,0.4911865357536,0.4343938450592,0.5200538074281,0.4291594329840,0.4771253195122,0.2707885241110,0.0267035881264,0.5213221593394,0.8017505611183,1.0000000000000,0.5268832978229,0.1713896104617,0.3869764890660,0.2229429728075,0.2335073778209,0.6836402083501,-0.1775515759029,0.0236690633221,0.1370084854161,-0.1404788738212,-0.2009602024969,-0.1622661937252,0.4022224708251,0.0115980912582,0.2867668568216,-0.2821739837819,0.1640700350505,0.3772386640302,0.3317909684588,-0.0599159347315,0.0741705427359,-0.0191569846862,0.0586618057839,0.1867603883613,-0.1027535906298,-0.2526155381784,-0.2365689102877,-0.1123815646988,-0.1035958067403,0.1128812773207,0.2725606545239,0.1766019892956,0.1657227692794,0.0524000559232,0.2995287836392,0.3660486577662,0.4805094956894,0.2614996513237,0.1109061971380,0.2442700153262,0.6997425251984,0.2941964623287,0.2895444230725,0.5182562478854,0.4133747219219,0.2878852808234,0.0020568250582,-0.2046656428115,0.2510582893821,0.7827060544794,0.0696902852748,0.3072391952760,0.3466643951825,0.3610162602387,0.7404426063932,0.2727716983902,0.2366069258962,0.0019685058703,0.0258047635310,-0.1365629400635,-0.1562007177101,0.7536923348729,-0.0260776367798,-0.0690563598001,-0.2665914760613,-0.1703112496091,-0.0246508467818,-0.1736641787252,0.1820670242936,0.0610544728716,-0.1718889697224,-0.0440384259430,0.0773338229383,-0.0934845131790,-0.3297421497319,-0.1317987577199,-0.1101482060809,0.1973661700541,0.2545607629876,-0.0890345726609,0.3814028710478,0.1966543476869
0.0129101989449,0.1632820318788,0.4042379788480,0.4628516843658,0.2235637174527,0.2582491246089,0.3839242507676,0.6805415708699,0.7403535493133,0.3580729235072,0.3994638574064,0.3635805588910,0.4039734921406,-0.0078662018729,-0.0165517203331,0.4962916726652,0.5310904087628,0.5268832978229,1.0000000000000,0.1514761121399,0.2068912544188,0.1905085086460,0.1404021060854,0.5619833997167,-0.0329952428917,0.0157490897410,0.1031128826128,-0.0581326167008,-0.1673272814087,-0.2834228035242,0.1424431894155,-0.0376798657627,0.2367540551509,-0.1856181418095,0.0419807109964,0.4748337462423,0.2081131020936,-0.0220417919998,-0.0656879936298,0.0741808824509,0.1630189315249,0.0763661869263,-0.1162723100600,-0.0439870937384,-0.1357009575499,-0.0295333473067,-0.0142974412807,-0.0423934250746,0.0510292160999,-0.0350629374557,0.1144113726099,0.1905585360485,0.4725802074348,0.2697153282666,0.3293426813523,0.3704274021917,-0.0454620960086,0.3615054374846,0.7340016607724,0.5703164417469,0.3456556594761,0.4068948066070,0.2881379679021,0.2832066368602,0.0762340097892,-0.1974605060037,0.4389733228556,0.5427561967109,0.4650505730381,0.1398560202818,0.2479428787492,0.1040563502979,0.5806778407334,0.1929942929854,0.1893585713258,-0.2026966434571,-0.1338282859828,-0.1446385704491,-0.0909849671059,0.5321788995258,-0.2784466802520,-0.2929214385990,-0.3519328172922,-0.1639005670911,-0.2795116103787,-0.3655060685198,0.0536142223819,-0.0916667121736,-0.2995295558852,-0.1457701907585,-0.0307151851396,-0.0487140167723,-0.2600868302036,-0.2526235650500,-0.3135826403473,0.0640374290107,0.0971600957049,-0.0127031990059,0.2880506646379,-0.0542796554278
-0.3553068977684,-0.3324849996606,-0.1953223724288,-0.2380365944610,-0.2573445627360,-0.1816900763849,-0.2354128315359,0.3625255216345,0.1304856461725,-0.0604539208182,0.1300028298230,0.0492589440068,0.1318810489186,-0.2394823541459,0.0648564739386,0.2735085529921,0.1452553638561,0.1713896104617,0.1514761121399,1.0000000000000,0.2525115198461,0.1132688720356,0.3087940772928,0.2585387768397,0.6362885552083,0.4296155036368,0.6998791013734,0.0292000621569,-0.1045239456440,0.0844643624735,0.4338330964826,0.5850196624792,0.5888470597066,0.3379168949951,0.1625298981642,0.2849016158126,0.3101497188124,0.5812060410926,0.2321230515383,0.3108246746798,0.0260621661202,0.2285360247367,0.4741385234874,0.4323454829463,0.5533106007144,0.3409419826658,0.3950321434067,0.0492714011689,0.0508656839724,0.3281853385600,-0.4098673074639,-0.3299186544898,-0.2290664457058,-0.1682290246529,-0.1824667837235,-0.3612992026675,0.0738314376962,-0.0282610557009,0.1505376095639,0.1275414907324,-0.1397113362405,0.0622734235885,-0.0179288419941,-0.0783144980304,-0.4522548036676,0.1715939955631,0.2450046652546,0.0966021449328,0.0100780087665,0.5909230597298,-0.0428964273022,0.1180435637221,0.2384588094884,0.4259669758170,0.2921158121272,0.0523739651432,0.5063705962126,-0.1295175014278,-0.1304215436155,0.2299892222201,0.1666048527167,0.3100012910103,-0.1730749337196,0.3181287936288,0.3030061593403,-0.0989269797190,0.1552086072025,0.0058797751853,0.2452347750161,0.2901814185574,-0.0298078033336,0.0010219153061,0.1225614793417,-0.0545115550064,0.1017025182178,0.0026922549954,-0.0988461782514,-0.3459780981067,-0.0807700331322,0.0451826023477
0.0358263426638,0.0204089095910,0.0445417042823,0.1318423555037,0.0583960773439,-0.0548729849756,0.0395556708326,0.1773280133311,0.0758639409838,0.4551205931802,0.2770878175783,0.4673881659516,0.1020053558117,0.2099216053241,-0.1733800588897,0.3019120234666,0.5022074898825,0.3869764890660,0.2068912544188,0.2525115198461,1.0000000000000,0.3757705256873,0.4455653618038,0.4161237609526,0.1852180197499,0.1086216560856,0.2599294580589,-0.2018336300029,-0.0411496438110,-0.0379881547089,0.5502088794387,0.4069617247474,0.5569439616078,-0.3195290627217,0.1899695611920,0.3193667708521,0.3031463860142,-0.2177497492099,-0.2516926704355,-0.2426324567050,-0.2404173777729,0.0631689378148,0.0412660890855,-0.2329028389651,-0.1180050215255,-0.0552438888945,0.0621409256576,-0.1068548081047,0.0481063697324,0.1916250954819,-0.0462077651704,-0.1525872059230,-0.1119873135052,-0.0505838733402,-0.0319058679440,-0.0740141243563,0.2477946646543,-0.0269119602391,0.1279041152369,0.0097386371813,0.3234223946653,0.2292822387548,0.4136759158162,-0.0154842631359,-0.1881841405823,-0.3521798668218,0.2053467203700,0.1830740751190,0.2120812496529,0.2354641719981,0.6562054781388,0.5487958516480,0.2990393401843,0.3835499962460,0.4223667105826,0.2910958582153,0.1566939983303,-0.2026803724133,-0.1408931109005,0.2948856038986,0.2647722595644,0.3059875533253,-0.3314507945804,-0.1003899695821,0.0893202023821,-0.1466947714081,0.1985487859016,-0.0285459143985,0.1732897428281,-0.2107025254168,-0.3414556696442,-0.3553856013067,-0.2895660668621,-0.0525540762143,0.3148634127271,-0.1329148659234,0.0299574301925,-0.0134066144966,0.0556117437974,0.4855368548382
0.0034587829293,0.1259540280696,-0.0375822170503,0.0435654465248,0.1757465253744,-0.0743371031594,0.0509110101770,0.2687567084605,0.2471425282423,0.5502907065531,0.5764879571996,0.6272016158989,0.1643081699425,0.0885629533034,-0.3568950505661,-0.1226693873597,0.2732810039081,0.2229429728075,0.1905085086460,0.1132688720356,0.3757705256873,1.0000000000000,0.6831235053057,0.4008704071095,0.1478496723213,0.3411495084128,0.3812721097664,0.1834658921589,0.0604754954172,-0.0137289439518,-0.0069237953504,0.1747574933738,0.3035083957179,-0.1867815370613,-0.0598843074416,0.1575709369408,0.4104998429553,-0.1033915174676,-0.3153767445411,0.1540184569678,0.3137352626039,-0.1106745409144,-0.3630196753396,-0.0628782584145,-0.1630763635280,0.2159961240022,0.1298092689652,-0.0769498901059,0.3037788802004,-0.1616838117342,0.1138388269816,0.0313205631900,0.1665752605340,-0.0647856639372,0.1076251588707,0.0750711557170,0.2522544269282,0.1231184207608,0.2235900311826,0.1220462077679,0.5418968545009,0.3411668925971,0.5037868886000,0.0341145415990,-0.0438895016665,-0.3139275743811,0.0219474276761,0.2315447401124,0.1462504503239,-0.0479998288638,0.5731295586251,0.7111767838489,0.3653857685781,0.3933745865713,0.1726869805491,0.2035962550763,0.1767090210197,-0.0261783380837,0.0070894319534,0.2277120231746,-0.0505692095550,-0.1353977141039,-0.1595980011802,-0.2732551162889,-0.1413519765024,-0.1518032799622,0.3906762966507,-0.0846278878397,-0.0555048024304,-0.1678550219910,-0.2919755472911,0.0001590888772,-0.2078903706807,0.0535996954061,0.2259069904627,-0.0969426893596,0.3843477432820,0.2773530952062,0.3450064462323,0.3015074693121
-0.0464423848015,-0.1101364202966,-0.2034216520342,-0.1088869332436,-0.0135627004704,-0.1771377565728,-0.0882794838648,0.2828068175875,0.2166113090681,0.4040779121596,0.4601231822996,0.6747320450027,0.0884699425153,0.0209612266813,-0.4548775008543,-0.1449608854298,0.2194793862143,0.2335073778209,0.1404021060854,0.3087940772928,0.4455653618038,0.6831235053057,1.0000000000000,0.4482090651987,0.3217658658237,0.6449021113997,0.6171305771834,-0.0343246304890,0.1490363210866,-0.1572750344331,0.0171749361802,0.4242745325478,0.4286731026338,-0.0576851946582,-0.0283227245326,0.2213700989473,0.3667636940752,-0.0376423334597,-0.3769489033155,0.1317954469551,0.0025801106858,-0.1281428353834,-0.2756185267513,-0.0369594650322,-0.0984669503692,0.2236590449931,0.1399156470662,-0.1055515671477,0.1442026501727,-0.0789131850318,-0.0460884392259,-0.1337467111263,0.0010227768361,-0.2027708964853,-0.0415801780508,-0.1447822045674,0.2354294329631,-0.0216432705415,0.1531465827185,0.1291702018129,0.3600806903303,0.3685154905179,0.5980723400073,-0.0575858925837,-0.1140259931204,-0.3091960910819,0.0867710287161,0.1500100811407,0.2097394392160,0.1606586111645,0.5920395541215,0.8098422711068,0.3634872607260,0.5588357193127,0.2686450666374,0.4471832345849,0.3519400114685,-0.1809356075282,0.0044641320897,0.2554369213116,0.1609410328968,0.0668640517413,-0.3554674885364,-0.1594338811739,-0.0429223764639,-0.1126737507088,0.3444051634242,-0.0453296130396,0.0691996544775,-0.1504694475034,-0.4028863603338,-0.0674211192059,-0.2233577052759,-0.0897730686411,0.1777577750816,-0.1176695019375,0.1631956726632,-0.0377489477895,0.1421647997053,0.3781449526479
0.0784885588922,0.1326406025553,0.3321895327093,0.4330670213880,0.2708697563855,0.3229939102131,0.3625743324966,0.4811012456076,0.5784449732928,0.4823434509821,0.4949863749938,0.5092352294105,0.5024568073454,0.1102828145406,-0.1355880314135,0.3683022950905,0.5613932761235,0.6836402083501,0.5619833997167,0.2585387768397,0.4161237609526,0.4008704071095,0.4482090651987,1.0000000000000,-0.0350376201190,0.1951954772364,0.3639118439294,-0.0911650624993,-0.1248630803549,-0.1795421815990,0.2027177967230,0.0641010433837,0.3024796440265,-0.2745241418781,0.0671250070301,0.6315118177825,0.3907208302229,0.0257808977898,-0.0895857582036,0.0310050717887,0.0332386063330,-0.0791207261697,-0.2327936887322,-0.2499225582154,-0.3082872829730,-0.1064915583580,-0.1289146111960,0.1631826033120,0.2847492024871,-0.0061590767889,0.0971496610588,-0.0198591455096,0.3228128388476,0.3040132432292,0.4413275592302,0.2437559344626,0.2484739702228,0.1371880066422,0.6499703343876,0.3228255378246,0.3785648075554,0.4908835814053,0.5006441258014,0.2222074656756,0.0274633237057,-0.1697196298975,0.3444844306574,0.6019994691361,0.2737093277531,0.4169677036218,0.4860530376575,0.4893253804273,0.8682419476186,0.5154197016518,0.2357196426615,0.1680591958894,0.1889964409281,-0.1704636473084,-0.1333224996695,0.6579793473718,-0.0005596796431,-0.0773595392041,-0.2954636243693,-0.2230184849380,-0.0774047981458,-0.2062975561074,0.3484637305119,0.1579868006466,-0.1149378376752,0.0048988748474,-0.0539263506256,-0.0892880389239,-0.2792833928684,-0.2110078411259,-0.0995888358784,0.2883749079838,0.2664616303770,-0.0802883162575,0.3088553031911,0.2563488366172
