1.0000000000000,0.7579788988592,0.7178498025078,0.6796683696709,0.6929279027554,0.4307052514358,0.3730270919548,0.0082124592364,-0.0841217838223,0.3370188468882,-0.0332984176737,0.1828601155766,0.0888825107701,0.8943325059112,0.6192956005804,0.4959638026745,0.0747327720820,0.1556243904929,0.5033301668935,-0.2444966145528,0.0203235826709,-0.0430432152297,-0.0982225427197,0.1976191447712,-0.2036581673474,-0.2200855153293,-0.2284646207539,-0.2914263085822,-0.3213298648729,-0.2071413523891,0.2236848358170,0.0118998746270,-0.1615616516993,-0.1550217059030,0.1601212347460,0.3543020810939,0.0416153481503,-0.3009504168654,0.0916182029439,-0.1918155325194,-0.0694791958951,0.4241681654060,-0.1220425810233,-0.4228913334903,-0.3993082460183,-0.4247901178554,-0.1015192751278,0.3016663633768,0.4123137116400,0.3362244329986,0.9027717676965,0.8030507148431,0.8011018839356,0.5350897670092,0.3254962606588,0.5939921145164,-0.1484355123283,-0.2061466825274,0.1760437182949,0.0215967893763,0.3009404609681,0.1465551125746,0.1339395748412,0.0799356320318,0.7755837719240,0.2909995555581,0.5143272208282,0.1969851061497,0.4041686153780,-0.1415925894413,-0.0450876060300,-0.1762661179240,0.2645229223002,-0.2357915415328,-0.0835172592811,-0.0086575486619,-0.2598368590574,-0.2993903485754,-0.2915353844527,0.2929665889920,-0.2905545371938,-0.3373734283419,0.0192126732510,0.0872551461084,-0.3860347495397,-0.2445796938857,-0.0431037210339,0.3655609368806,-0.2287343287330,-0.3912924333960,0.0648077165527,-0.3310109414220,-0.3796210481298,-0.3219581602255,-0.1783550467352,0.2020205716950,0.4855100704124,-0.0462969569043,0.3221065231232,0.1149829288527
0.7579788988592,1.0000000000000,0.6428263780216,0.5489525038000,0.3574726784274,0.2429168490385,0.2081403112999,-0.1066659211659,-0.2705066406104,0.1302855721467,-0.2138125158969,0.0681986106946,-0.1105013546013,0.7024905899874,0.5094212284382,0.3716156943714,-0.1177590603198,-0.0991597856340,0.3021786127217,-0.4183425817807,-0.1110268395234,-0.0576448638696,-0.2159724054377,-0.0797850553629,-0.2893932188962,-0.1236994367081,-0.3455646667769,-0.1252683104362,0.0194934109153,0.1752823474001,-0.0182465099354,-0.1168151275580,-0.3321263945441,-0.1487707161347,0.0473231292837,0.1190900158494,-0.0906650969914,-0.3350085880227,0.0024081115017,-0.2276333155769,0.0090200683530,0.1814700932659,-0.1361352160149,-0.2670277183540,-0.3586984567909,-0.2573259760736,-0.1568125175322,0.1090757715160,0.1925468365279,0.1077041519198,0.6403351583785,0.7963000667417,0.6161074773237,0.3767391612864,0.1208144579058,0.4878583775772,-0.3342978087783,-0.2019599458086,-0.1456769611372,-0.2482578142778,0.1309190894766,-0.0628598634577,-0.0224346423233,-0.1440182312000,0.6675968606864,0.0082083194609,0.3369776047124,-0.1543309834198,0.0860008942181,-0.3693686788672,-0.1611085217360,-0.1859625324255,-0.0455878777689,-0.3443415089710,-0.2288681743066,-0.1600621939691,-0.3408856101060,-0.0800634510081,0.0365584726772,-0.0202785614172,-0.4233074874337,-0.3803465130914,0.1352005756649,-0.0740746259032,-0.3300671827562,-0.1738546891870,-0.1234994247771,0.2304478079064,-0.3379242894895,-0.3957736838173,-0.0460429882791,-0.2560724822313,-0.2945911791215,-0.0257723454972,-0.1735688111088,0.0618291731459,0.4352239402743,0.1764896743256,0.1912482790222,-0.0512653817761
0.7178498025078,0.6428263780216,1.0000000000000,0.8045962057899,0.6921372401935,0.7517713799508,0.7006995157505,0.3958997264789,-0.0030620687211,0.3227091670219,-0.0857522914311,0.1514261299301,0.2526781427492,0.7187025730282,0.5531937166169,0.7562162174797,0.2257666278249,0.0515503986273,0.6789434412422,-0.1424415793783,-0.1326173181552,-0.1885250027229,-0.4277358450886,-0.1667559579794,-0.2659726675659,-0.3997307171793,-0.5223775958354,-0.4487585924049,-0.2173632626701,-0.1277468978895,0.2061295984683,-0.2552465197329,-0.2553419075741,-0.3650480007405,-0.0050618683874,0.2104955332440,-0.2902097035259,-0.4126784689495,0.0937446609994,-0.4652843611294,-0.0083046479248,0.2537794828651,-0.1481832353068,-0.4393827382098,-0.2950877116710,-0.4510974256302,-0.2971442321864,0.3934458840371,0.1666513872363,0.2008976076664,0.7519712567058,0.8307949414474,0.7242196028481,0.8367360863922,0.5776836760128,0.8644617667313,0.1056134249923,0.2552310765489,0.2701481319986,0.0655411711595,0.2763715794784,-0.0157278930726,0.0381916537531,0.1984086504890,0.5637850709828,0.0515684866590,0.6330147347920,0.0913271238004,0.3271568361832,-0.1153519501388,-0.0530747513460,-0.4336713230452,-0.0430206583437,-0.3269053228357,-0.0056316847757,-0.4094147327242,-0.6145813622956,-0.3174153499481,-0.2115152363141,0.1537026914822,-0.3566168884534,-0.4114052679745,-0.2068649902872,0.0597874729166,-0.5313213404834,-0.3616790343406,-0.3555617710015,0.2618033498412,-0.4516875470120,-0.4891268331969,0.0929584067158,-0.4143068766530,-0.4841845509922,-0.4072188317650,-0.4002039691881,0.2158715716155,0.3281692370909,0.0841569465997,0.1218424822467,-0.2320528413249
0.6796683696709,0.5489525038000,0.8045962057899,1.0000000000000,0.7829276068244,0.7075121966537,0.7953551813544,0.4433283768738,0.0924274285447,0.4719955255116,0.1776732828178,0.2109586193734,0.3248943302904,0.7635282724652,0.7329387676533,0.7426512768052,0.3207784075309,0.2547787844046,0.5764611806371,-0.0317165370667,0.0638646914973,-0.0275285933182,-0.2429304164455,0.0626231825424,-0.2349684749598,-0.4087522355063,-0.3182868231167,-0.4263468518996,-0.2744169649657,-0.2774156498563,0.3466192354038,-0.2193245293802,-0.0692447164825,-0.3951961920355,0.0459207706886,0.3182362845237,-0.2338254015324,-0.3724650862645,0.1141494257486,-0.3309786299018,0.0590537521342,0.2817240514166,-0.0377007836514,-0.4556093133888,-0.3015617449169,-0.5146188735089,-0.3392485656119,0.4325394414911,0.3484923733096,0.3685782075265,0.7484632987199,0.6914329703295,0.8875099590792,0.7841272629310,0.6552567275973,0.8884355781366,0.2189763122629,0.2921917914603,0.3933478330150,0.2035806367341,0.3255364356288,0.2420096784047,0.1020459898042,0.2419483230590,0.6038889734021,0.2332091036616,0.7160323887316,0.2986521641352,0.4087871027398,0.0227101955807,0.0314494070740,-0.2101214893832,0.1470657172155,-0.2647245023014,0.0824386415676,-0.3079833600722,-0.4852644307826,-0.4542566097285,-0.2912188391771,0.3614345409134,-0.2429003610551,-0.2295619168024,-0.1940746710364,0.0702993071455,-0.4872459340525,-0.4017630905614,-0.2672456632848,0.2556899903840,-0.3290485423775,-0.4693056438656,0.1255714831443,-0.3903156056129,-0.4826634309062,-0.4233970754702,-0.3219095423830,0.2999137101259,0.3897940405507,0.0976005596265,0.1789631131875,-0.0535083640957
0.6929279027554,0.3574726784274,0.6921372401935,0.7829276068244,1.0000000000000,0.7849950926346,0.7405297691628,0.3197043944234,0.1971332882192,0.5524965881800,0.2696618190570,0.3294252104741,0.4006882963213,0.7422922492497,0.6591832973342,0.6134355418584,0.3841280071386,0.4655562145856,0.5326119525689,0.1055463851331,0.0755853223576,0.0497361402358,-0.0679004305508,0.3429491324388,-0.0893877699147,-0.3383658303508,-0.1066737366794,-0.3149751244428,-0.3530621258894,-0.3041606941117,0.5195115761167,-0.0521891342023,0.0522011438431,-0.3070132745858,0.1945449590322,0.3936898365796,-0.0142544015657,-0.2321771753095,0.2788252439533,-0.1833102071793,0.0995504691090,0.4652986025617,-0.0850217649380,-0.4308008445488,-0.3062079574436,-0.4099297624678,-0.1575382267188,0.6028504488426,0.5638078157641,0.5255464232740,0.8193331559420,0.5524787086044,0.7298666125155,0.7901870620793,0.7728827118053,0.7000973948635,0.3018581650339,0.1826755445498,0.5587065572345,0.3506611760379,0.4614057976072,0.3755400582462,0.2807212202332,0.3796732757712,0.5941699903624,0.4408232475901,0.6150866742751,0.5200360211870,0.5667348600652,0.1974508030389,0.0097406878857,-0.1287223459737,0.3973473918961,-0.1423376872678,0.0787539903154,-0.0676086389980,-0.2941901916545,-0.3894548915188,-0.3444147263949,0.5375844511538,-0.1787489911539,-0.1545880112242,-0.0791984129802,0.0806402900383,-0.3867694294133,-0.4207027851905,-0.0537128363032,0.3663596534939,-0.1924519073653,-0.3296927291099,0.3138796741631,-0.3094615383293,-0.3978263112660,-0.3912423581804,-0.2278970469188,0.4920436077814,0.4888786399915,0.0844280943932,0.3396285364175,0.1592420149356
0.4307052514358,0.2429168490385,0.7517713799508,0.7075121966537,0.7849950926346,1.0000000000000,0.8765137851694,0.5655035207532,0.2467748367367,0.4835742640888,0.2498472333182,0.2345255356161,0.4872259781206,0.5039269370492,0.5401523829080,0.6879774327455,0.4597393179029,0.3793050335067,0.5804533709238,0.1811190415456,0.0059224692046,-0.0700683806609,-0.2464032213380,0.0675785813480,-0.0659766682341,-0.3914596870964,-0.2539073888295,-0.3359700866320,-0.2865941253664,-0.2800815301884,0.4846266195806,-0.1098769041789,0.0142323241226,-0.3920909036761,0.0789017174632,0.2091397370590,-0.2463845565420,-0.2557546835661,0.2565832940292,-0.3071473701243,0.0644223831254,0.3293249374998,-0.0405785916383,-0.3265966020919,-0.1253734973055,-0.3802675624711,-0.1928581177603,0.6463031348359,0.2049609291230,0.3647649710849,0.5890828331356,0.4774269000138,0.5486760129948,0.9312330071151,0.8973142220914,0.7675024497679,0.4419488663938,0.4582903958017,0.5549606343349,0.3333868447092,0.3711234325605,0.2120299116975,0.1483477440358,0.4528521255984,0.3637473607819,0.2781914774253,0.5775880164610,0.4253906840239,0.4441440228030,0.1983367071916,0.0369946673836,-0.3011980120080,0.1610858845767,-0.2019433183497,0.1513345224595,-0.2610548139436,-0.4448989932830,-0.3495333212540,-0.2820702324199,0.3967888490514,-0.1282573012673,-0.1575087483865,-0.2526935252899,0.1245869626515,-0.3679270294484,-0.4157010011339,-0.2705317014652,0.2691421374308,-0.2362588126825,-0.3048862662165,0.3163228376017,-0.3050736294793,-0.3365697710730,-0.4114985690708,-0.3227840219277,0.4669090887489,0.2473318120555,0.0217555285291,0.1652695260911,-0.0438788533864
0.3730270919548,0.2081403112999,0.7006995157505,0.7953551813544,0.7405297691628,0.8765137851694,1.0000000000000,0.6188498694121,0.2907585477262,0.4675828705599,0.2670659841477,0.1864814499058,0.4348206644627,0.4977320381637,0.5275995803494,0.7455038494982,0.4768498400096,0.4006889375867,0.5987171097685,0.1793021142777,0.0286681835814,-0.0735339545420,-0.2707390085960,0.0640625926646,-0.1197320580322,-0.3986689276348,-0.2773222565743,-0.3716635137147,-0.2195706401287,-0.2478719129702,0.4992213276424,-0.2091554348724,-0.0007603266381,-0.4083695578549,0.1208441737797,0.2623591009656,-0.1705047891736,-0.2890761042540,0.2354745190742,-0.3353064173771,0.0864016063611,0.2659822424680,-0.0076769332024,-0.3677806631198,-0.1502315973178,-0.4397661086716,-0.3139116829185,0.5402344360311,0.1770376626353,0.3367427475741,0.5216009803446,0.4339606368076,0.6085901228021,0.8752221866896,0.8491280998546,0.8663789151012,0.4624086404966,0.5286133160498,0.5686279867295,0.3742283790091,0.3468642676779,0.2278478700983,0.0856412725382,0.3564383964754,0.3422126448119,0.2246152617099,0.6268913664747,0.4184720524057,0.4593583039421,0.2271272526840,0.0782533025378,-0.2698596360048,0.1587901734840,-0.1815756251046,0.2379833421655,-0.2890082679544,-0.4685193925872,-0.3791986729325,-0.2173732961006,0.4448290106294,-0.1541768846131,-0.1682257127906,-0.2678404028515,0.1460928111449,-0.4050968049137,-0.4117260855960,-0.1873068198406,0.3220513087315,-0.2272534411489,-0.3604178153989,0.2644695706878,-0.3370515386489,-0.3703237929974,-0.4306857144669,-0.3929902859138,0.3870425988686,0.2227448030358,0.0877835513890,0.1400506424703,-0.0668636107152
0.0082124592364,-0.1066659211659,0.3958997264789,0.4433283768738,0.3197043944234,0.5655035207532,0.6188498694121,1.0000000000000,0.5190689555916,0.3455160050352,0.3933801685058,0.1898588120779,0.5640273875961,0.0730497827233,0.2140350457898,0.5510522257759,0.5571347922641,0.3993275819361,0.5328216789182,0.3982812044795,0.1036482674049,-0.0054061147269,-0.1915540210729,-0.0769604987580,0.0593360766207,-0.3373957514843,-0.2025085420373,-0.2925526771525,-0.1700778236723,-0.2570682692553,0.2985085200068,-0.2838860762521,0.1874828779251,-0.3635155458133,-0.1503150296925,0.0829865905249,-0.3633766909116,-0.1557623333757,-0.0486250578369,-0.2423186685089,-0.0221457341426,-0.0658573533597,-0.0221099055834,-0.1787881847247,0.0438431658918,-0.3066109415577,-0.3547269431878,0.2651426550841,-0.0514115400586,0.0182337694081,0.1541377386910,0.1704874318522,0.2443714996376,0.5712943072134,0.5775923851797,0.5209632415690,0.6752546270747,0.7408406623589,0.5960529579746,0.5094344913939,0.2226226839219,0.1417289514624,0.0935497212869,0.4478954034091,0.0055627657635,-0.0439013699104,0.4038035714783,0.3879459284490,0.3415970261435,0.3023594127991,0.1888096207253,-0.2157727968704,0.0873488714628,0.0331464435849,0.3070208033786,-0.3099049693066,-0.4364701984604,-0.2745191427136,-0.2095657986069,0.2655170054948,-0.1285930892804,0.0098995675812,-0.3374345318403,0.0620760798347,-0.2887707602918,-0.3182946613132,-0.3792566243013,-0.0591052487932,-0.2786005614836,-0.1931957382669,0.0310213745390,-0.2149618964521,-0.1708612050499,-0.3949333421691,-0.3079956232077,0.1620591924155,-0.0521023837385,-0.0730350390106,-0.0969650229106,-0.2446928315570
-0.0841217838223,-0.2705066406104,-0.0030620687211,0.0924274285447,0.1971332882192,0.2467748367367,0.2907585477262,0.5190689555916,1.0000000000000,0.4056843751660,0.5755298642991,0.3313486027797,0.5423783806759,-0.0738655112166,0.0852299144279,0.1979108065359,0.5573990062862,0.6004634546396,0.4095611632100,0.6608583643155,0.3650384361895,0.2438091593176,0.3209985901161,0.4595096932026,0.4875876368451,0.0402294639625,0.3839969175456,0.0104059911055,-0.1658103849052,-0.1957027535014,0.4488646840936,0.0901442285657,0.5504189056666,-0.0011708361594,0.1020907166164,0.4592331796244,0.1153253971112,0.1608221988529,0.0543446494810,0.1386984745459,0.0569000809091,0.0759321329336,0.0543252183892,0.0392940485820,0.0832429761699,-0.0243339241165,-0.0483074617582,0.1776351442971,0.0750526395273,0.2258632983677,0.0053308347688,-0.1493725128732,-0.0286455213124,0.2385967406757,0.3457580730542,0.0808218431612,0.6163651705166,0.3765286215586,0.7020239480960,0.9144262458324,0.2221548247642,0.4456116141902,0.2191717013117,0.4566435232203,-0.0806049668820,0.1781146630044,0.1730293777121,0.6225678872372,0.6468460047126,0.6231253673602,0.3135799996600,0.1821360148553,0.5660182099277,0.4682306652238,0.3941010738856,0.1814049934320,0.1578747315036,-0.0982697154545,-0.2311819760817,0.5282736384367,0.0904496854083,0.2757247365496,-0.1475833246071,0.0782395383597,0.0172738216881,-0.1120788032929,0.0954192118058,0.0600928955600,0.0501901802957,0.0860791751465,0.1179708894472,0.0406385164048,0.1116465957037,-0.1959293737980,-0.0858459319080,0.2317037954290,-0.1117201943214,-0.1963683094190,-0.0519711870017,0.0961565003092
0.3370188468882,0.1302855721467,0.3227091670219,0.4719955255116,0.5524965881800,0.4835742640888,0.4675828705599,0.3455160050352,0.4056843751660,1.0000000000000,0.6291525960979,0.7700285886097,0.6110670181675,0.4174722107074,0.5703753404468,0.4287954853878,0.5387008625850,0.4505804186390,0.4719013847243,0.2128135801543,0.5585255263838,0.5961113409568,0.4427714484803,0.4768497652596,0.2458211352998,-0.0455914796814,0.2384042333312,-0.2962328006143,-0.2325572287457,-0.3718402932966,0.4940690077926,0.2300992788396,0.5113364036923,-0.3023065305436,0.2684086514624,0.5015143610910,0.2102698884017,-0.1287193151432,0.2058462045777,-0.0308183092114,0.0631335091077,0.4392962329619,0.0529953514909,-0.3262552256246,-0.2344149451210,-0.1980937140014,-0.1243372421482,0.4824860750453,0.4248411881253,0.4725895538703,0.3937336277345,0.1384537975366,0.4186897429702,0.4642598560882,0.5550458901716,0.3173657398973,0.3432187901522,0.0756545784378,0.5241120964376,0.5097790991902,0.8214586670741,0.7558666274226,0.6782336982964,0.5946433606684,0.3068752226597,0.4037173654513,0.3982429967622,0.5942018115591,0.5993892296748,0.3204781421895,0.4812268935114,0.3460628037086,0.6252867322202,0.2257809269173,0.2772110603221,0.0270817479299,0.0175925389024,-0.4740263590251,-0.3260093714070,0.5854566991598,-0.0378314257964,0.2395132735012,-0.0547806879974,0.1157490428092,-0.3132062600925,-0.3562734638012,0.1927586371839,0.3010045404530,-0.0368049956705,-0.2794039792564,0.2353342637993,-0.3057741993355,-0.3469132464182,-0.2803167450731,-0.0138080900689,0.4965166289255,0.3170432993233,0.1233515531710,0.4023573070809,0.3182076973231
-0.0332984176737,-0.2138125158969,-0.0857522914311,0.1776732828178,0.2696618190570,0.2498472333182,0.2670659841477,0.3933801685058,0.5755298642991,0.6291525960979,1.0000000000000,0.5096890601568,0.5601158991590,-0.0006932344197,0.2682531255107,0.0894578510281,0.5055884566095,0.5830842735800,0.1212847491116,0.3851092306907,0.5721384414704,0.5782490372494,0.5565640166013,0.5342460321365,0.3874654449692,-0.0442094610667,0.5501747564763,0.0169528535199,-0.1850179489827,-0.4425487922438,0.4460477805745,0.1376447183225,0.6291669874698,-0.1724616535073,0.2710216713652,0.2861309963064,0.2166981686054,0.0863803850167,0.1859825328155,0.1831789839462,0.1712118999552,0.1529684583343,0.1879816039235,-0.0411611550685,0.0684025975403,0.0208263189412,-0.0306832143685,0.3691896930453,0.3489460343344,0.3000782854329,0.0782614218718,-0.1565631381600,0.1282061261706,0.1488591774218,0.4236374877632,0.0486994658151,0.5124298045534,0.1769832590730,0.4490519915328,0.6122447539217,0.4313645699196,0.7736534161000,0.4415245734729,0.5041045765112,-0.0608356841049,0.3492565928635,0.0693108455148,0.6450799445718,0.3957216116184,0.3858342102314,0.4217782898091,0.4780185816338,0.6639724641938,0.4554724064318,0.3745127741563,0.1497362009609,0.2994269118355,-0.2849235921181,-0.2316990358925,0.5276447041821,0.1202564888786,0.3764647635158,-0.1004695341850,0.0941290948040,-0.0010574894615,-0.2945988672478,0.2862567709300,0.1073502097128,0.2068904319704,0.0320330748553,0.2343525453888,-0.0336155255381,-0.0089752846652,-0.1170836132559,0.0704093261262,0.4110071516998,0.0757218423633,0.0510817541373,0.1685604604918,0.2725489866614
0.1828601155766,0.0681986106946,0.1514261299301,0.2109586193734,0.3294252104741,0.2345255356161,0.1864814499058,0.1898588120779,0.3313486027797,0.7700285886097,0.5096890601568,1.0000000000000,0.6311605636190,0.2398696622960,0.3432932909642,0.2506886516787,0.4892150519600,0.2480229370184,0.3562611333151,0.1479276665083,0.5283403017973,0.5845344330330,0.5143191493409,0.4110203938130,0.2385390034903,0.1457894243488,0.2378903913530,-0.1905222869958,-0.0885363717513,-0.2006900364783,0.3234047384973,0.1896150794471,0.5681378967370,-0.1579220692981,0.1980580414355,0.4134112762211,0.2445567864692,-0.0803276496682,0.1127949891924,0.0260236049081,-0.0304596042992,0.2045190872937,-0.0081168635797,-0.2326328339092,-0.2566528552049,-0.0332990925426,-0.1129965178530,0.3117492849017,0.3518323890700,0.2600456387653,0.2345312642677,0.0241836287497,0.1632658058189,0.2015855722358,0.2807553634546,0.0753558713370,0.2722811983901,0.0110216607465,0.2983470577191,0.3775078324927,0.7483393591236,0.7300267825021,0.8339602093707,0.6295678941836,0.1064167088804,0.1777851127655,0.2212668527665,0.4075296729639,0.4539164492312,0.2268848586250,0.5404896276998,0.4234264515467,0.5289986572632,0.3402212088481,0.2109706458708,-0.0189881031623,0.0592327273867,-0.2975165215954,-0.2278990083771,0.3902835184929,-0.0731304896580,0.3265296707341,0.0048948188201,-0.0181750094436,-0.3011257720592,-0.2028656199759,0.2325185090293,0.2206217604662,-0.1322052056707,-0.2621218350808,0.1215393583367,-0.1755008232859,-0.2608140877824,-0.1767433397878,-0.0187779223954,0.3530842547381,0.2419921689218,0.1167144334993,0.3673956500119,0.2160336837997
0.0888825107701,-0.1105013546013,0.2526781427492,0.3248943302904,0.4006882963213,0.4872259781206,0.4348206644627,0.5640273875961,0.5423783806759,0.6110670181675,0.5601158991590,0.6311605636190,1.0000000000000,0.1393233757690,0.3459989110941,0.4118797637022,0.6910670721602,0.5068960002557,0.4664533502857,0.4605583368535,0.3322926852381,0.2336625604021,0.1399225394482,0.2957513420510,0.2491708988326,-0.1549800313703,0.1041443641867,-0.1670107427821,-0.1885212133488,-0.2726841388362,0.5028135164622,0.0608326808777,0.5577920104997,-0.3120007723941,0.1774913366693,0.2886085139290,-0.0443876067744,0.0765406455251,0.2456951805781,-0.0551434149504,0.0165307727558,0.2178570676930,0.1163507258333,-0.1419009062402,0.0090027045440,-0.2365913278039,-0.1268205853476,0.5098296242842,0.2614635564939,0.3183696876890,0.1997234129782,0.0726340414063,0.1805170748979,0.4690297508681,0.6030687549595,0.2696638549163,0.6459057806393,0.4078797267979,0.6564788340052,0.5944654172849,0.4622968095735,0.5166311296298,0.5344775648542,0.8956670904198,0.0595944803837,0.3169156260412,0.3607160965539,0.6415083219893,0.5379161232918,0.3768232824230,0.3089155359795,-0.0025660992706,0.4093441883452,0.1436613391646,0.3154901806181,-0.1121581460419,-0.1573876081800,-0.2510204327926,-0.2833326620325,0.4805423668715,-0.0394126615856,0.2064263271186,-0.1168816042104,0.1337368676319,-0.2434320660989,-0.3785065715867,-0.0691765537794,0.1490875014030,-0.0777908705594,-0.0683869245644,0.3352333258756,-0.1663535716560,-0.1860315213068,-0.3070677301627,-0.1605245162322,0.5019061287064,0.1480139816531,-0.0232419169042,0.1498901045474,0.0358760000856
0.8943325059112,0.7024905899874,0.7187025730282,0.7635282724652,0.7422922492497,0.5039269370492,0.4977320381637,0.0730497827233,-0.0738655112166,0.4174722107074,-0.0006932344197,0.2398696622960,0.1393233757690,1.0000000000000,0.7401442462759,0.5692430555319,0.1547210328500,0.1596378806407,0.5092029978498,-0.2439056516319,0.0399975495067,-0.0085374819928,-0.1452933925704,0.1932335073095,-0.2660390374003,-0.2441603969906,-0.2552457703957,-0.2834963065797,-0.2484165993191,-0.1230676668016,0.2777040918135,-0.0811783233885,-0.1379426657323,-0.2070178974331,0.1405823425437,0.4153225263618,0.0038766079869,-0.3509075204870,0.1231075153270,-0.1882503861215,0.0354039681409,0.4252679656940,-0.1691932575376,-0.4786699138283,-0.4710341068869,-0.4331132105492,-0.1782756470182,0.3950138043172,0.4895523193936,0.3773807589388,0.8716634185505,0.7529322256783,0.8500090777864,0.5936091887239,0.4318420513436,0.6643899337428,-0.0831723435786,-0.0972320719570,0.2106297298327,0.0544781304296,0.3939195108754,0.2197805647127,0.1668415000676,0.1358025953302,0.7815022890956,0.3297753121391,0.5702962153215,0.2498349681824,0.4208849468741,-0.1206107909877,0.0188910079571,-0.1868664328133,0.2494359147482,-0.2909005314366,-0.0536415809020,-0.1264573976217,-0.3414025444038,-0.3050193773773,-0.2311197357671,0.3417310316472,-0.3196049504557,-0.3311313327478,0.0492013629556,0.0358338584396,-0.4841008416390,-0.3113305729894,-0.0741302915732,0.3756354940103,-0.3081389368630,-0.4460055945989,0.1261428572127,-0.3043161051946,-0.4772145190310,-0.3180222716863,-0.2532007483231,0.2844459686537,0.6010029630582,0.1206196171126,0.3263274008882,0.0719851398015
0.6192956005804,0.5094212284382,0.5531937166169,0.7329387676533,0.6591832973342,0.5401523829080,0.5275995803494,0.2140350457898,0.0852299144279,0.5703753404468,0.2682531255107,0.3432932909642,0.3459989110941,0.7401442462759,1.0000000000000,0.5159132169368,0.1703384937317,0.2568858462049,0.4183960590562,-0.0047991574388,0.1847539821136,0.1913073140053,0.0192216685632,0.3589039069769,-0.0679126433111,-0.2522332387299,-0.0002859798400,-0.1873447811714,-0.2091388441452,-0.1928969221508,0.3577241827664,0.0595772053228,0.0991316843974,-0.3748433270435,0.3264634729961,0.4233147028815,0.0431524706011,-0.0774023604771,0.4260850299893,-0.0053879859648,0.1337184585996,0.3780649881710,0.1354797303928,-0.2899271905586,-0.2089408926531,-0.3786175747772,-0.1035914119800,0.6089514645343,0.5961825311759,0.5589504915483,0.6441345968078,0.4589832547023,0.6786115719325,0.5801514716385,0.5706341641488,0.5241123849484,0.0954055967164,-0.0119964561127,0.3179605269937,0.1754937310662,0.4139784178218,0.3913563188508,0.2686975383524,0.2984966480832,0.5698808243239,0.5767658687323,0.5483027428587,0.3484607018514,0.4273232564202,0.0151200409824,0.0314080397777,-0.0118928155347,0.3436830014290,-0.1975723899336,-0.0848557331457,-0.1444019105574,-0.1868023969359,-0.3539960241059,-0.2367846088096,0.3682426289518,-0.1861811237383,-0.1067649877063,0.1336503792942,0.1147950510623,-0.3240375735862,-0.4709824381530,-0.0025033074280,0.4247222487970,-0.0858938120227,-0.1616023684576,0.4593844134239,-0.1645610005068,-0.3649765660826,-0.2143272568151,-0.1504209216478,0.5599430420981,0.6042228137283,0.1339132448420,0.3162872129876,0.2292560062543
0.4959638026745,0.3716156943714,0.7562162174797,0.7426512768052,0.6134355418584,0.6879774327455,0.7455038494982,0.5510522257759,0.1979108065359,0.4287954853878,0.0894578510281,0.2506886516787,0.4118797637022,0.5692430555319,0.5159132169368,1.0000000000000,0.4813285632561,0.2566614111435,0.8711354043230,0.1470989952416,0.0178323548114,-0.1225274674178,-0.3733207639786,-0.0550590199835,-0.1986382327974,-0.2942037478134,-0.4477198156331,-0.4506460624918,-0.2085136041866,-0.0902619352792,0.5110666672559,-0.1233077178666,-0.0471732154463,-0.3661146221418,0.1472751488681,0.4159620093230,-0.2337676986200,-0.2099538116326,0.1565911375679,-0.4750638513186,-0.0795604405307,0.2863383090357,0.0884364489189,-0.4460276313443,-0.1917093752459,-0.4505152842067,-0.2570803915044,0.4404133556304,0.1480072544234,0.1983104819243,0.5522743878904,0.5696117023253,0.6247376976495,0.7693898512047,0.6277058071880,0.7726042630153,0.2587495099751,0.4221745918799,0.4294457586700,0.2381273073684,0.4009069225122,0.1611985631109,0.1386630786901,0.3521157659719,0.3485390966431,0.1533634089343,0.8589375956992,0.3072097338291,0.5151073911899,0.2024743404610,0.1482968453498,-0.3873995704089,0.0778005559905,-0.2500982961568,0.2893447203208,-0.3646798548289,-0.5533078108181,-0.3660083528600,-0.2037598113589,0.3861529415253,-0.1256207012333,-0.2061641533514,-0.1475169173342,0.3309635380913,-0.4208914231628,-0.3316763752422,-0.2854237772475,0.3847319253709,-0.2773465751328,-0.3357575473006,0.1520593160298,-0.4708220595467,-0.5021585893114,-0.4184022909953,-0.3812563317348,0.3217494746164,0.3334974577377,0.0859614994945,0.2053341125638,-0.1289087752143
0.0747327720820,-0.1177590603198,0.2257666278249,0.3207784075309,0.3841280071386,0.4597393179029,0.4768498400096,0.5571347922641,0.5573990062862,0.5387008625850,0.5055884566095,0.4892150519600,0.6910670721602,0.1547210328500,0.1703384937317,0.4813285632561,1.0000000000000,0.6284675295582,0.5150296797711,0.4537552043713,0.5056374519986,0.1437017121085,0.1071394667176,0.2443161871978,0.1371298619522,-0.0300689277652,0.0118949159805,-0.2151811735353,-0.2195069875000,-0.2542212578836,0.5868401115713,-0.0332181498526,0.5702290748174,-0.1920362447774,0.0076792976861,0.3713346904019,-0.2000323918325,-0.0934505010156,-0.0769094269643,-0.1957473592318,-0.0390765891656,0.0733587387348,-0.0570013823322,-0.1951250089814,-0.1206283893104,-0.2043165587916,-0.2776930355996,0.3155883911932,0.0969452957684,0.2100088495709,0.1905180610078,0.1316215834926,0.1957850919025,0.4672417119041,0.5450860810122,0.3299661689785,0.5986051939631,0.5205186794764,0.6390515502236,0.6143973918570,0.3987864245514,0.4672273842817,0.3170532174740,0.5902606856532,0.1048360101035,0.0800741677358,0.3795838927703,0.6956037875537,0.5895774792529,0.5161936358800,0.5547868964758,-0.0138095147950,0.3521090190399,0.1058447085452,0.6640596050590,-0.0361098449865,-0.2465280544153,-0.2264765022969,-0.2423166783277,0.6644541991011,-0.0982699070478,0.2064610331891,-0.2971209480269,0.0130713482084,-0.3109082689154,-0.2353120731624,-0.2279477683276,-0.0113507972539,-0.2242912866911,-0.2641740480637,0.0033027375940,-0.2675889856651,-0.2116130982996,-0.3478052752084,-0.3016940838287,0.2973669917599,0.0672015859385,0.0157872414660,-0.0144960956861,-0.0834665912938
0.1556243904929,-0.0991597856340,0.0515503986273,0.2547787844046,0.4655562145856,0.3793050335067,0.4006889375867,0.3993275819361,0.6004634546396,0.4505804186390,0.5830842735800,0.2480229370184,0.5068960002557,0.1596378806407,0.2568858462049,0.2566614111435,0.6284675295582,1.0000000000000,0.2288265738772,0.5222640991203,0.3134524100268,0.2185433557419,0.2844168316832,0.5653052036644,0.2395790396934,-0.0138782722602,0.3409516916922,0.0795642353887,-0.2072519749511,-0.2831055044880,0.7310182600685,0.2029050314744,0.4660211085775,-0.0316432487677,0.2408377677414,0.2596212359850,0.0955254214501,0.1690934967406,0.2042120687018,0.1249470908569,0.1703419930884,0.3147823232783,0.1271310710250,-0.0411927288149,0.0461671126698,-0.1105998018068,0.0762507836619,0.3455407330330,0.3374751029869,0.4590901120855,0.2476421123893,0.0190527548726,0.1978476612829,0.3846772530527,0.5375467368194,0.1902218038785,0.5495819762215,0.3163686259487,0.7214331360481,0.6633765994396,0.2588269638800,0.4575285102885,0.2355826416844,0.4400888884701,0.1906508630543,0.4588128479108,0.2470783632750,0.8459230493184,0.5725622472550,0.5746875679614,0.1524544027057,0.1536532809633,0.5862771269543,0.1344510982522,0.3869046343680,0.3089440925251,0.1212334957596,-0.1102632815464,-0.1785394775084,0.7579430231326,0.0545461150302,0.2487646358853,-0.0003763695705,0.1391507842178,0.0462834311454,-0.2134697817956,0.1232570458801,0.1308390600188,0.2111836576992,0.0891770963591,0.2595123227304,-0.0225921130968,0.0310267922912,-0.0921294428377,-0.0183829919563,0.3848085350150,0.1869494813937,0.0124717283363,0.1932147147565,0.3396551504262
0.5033301668935,0.3021786127217,0.6789434412422,0.5764611806371,0.5326119525689,0.5804533709238,0.5987171097685,0.5328216789182,0.4095611632100,0.4719013847243,0.1212847491116,0.3562611333151,0.4664533502857,0.5092029978498,0.4183960590562,0.8711354043230,0.5150296797711,0.2288265738772,1.0000000000000,0.1729420048562,0.1056497915748,-0.0631979078338,-0.2157973414644,0.0328266576492,-0.0345050102688,-0.2458422659222,-0.3464491993090,-0.4740827881200,-0.2889672106008,-0.1235544532909,0.4242000791223,-0.0551656383353,0.0443872615835,-0.2997109283193,0.1044418698728,0.5900467265018,-0.1093152392076,-0.2245419639025,0.0811576469926,-0.4119426478885,-0.1931641391382,0.2801894076034,-0.0048527575808,-0.4376028513173,-0.2239497592788,-0.4088935688471,-0.2390660482259,0.3423332035705,0.0764144030845,0.1744767037710,0.4953028605038,0.4972809498139,0.5051036410219,0.6673240874662,0.5078554626898,0.6366048189061,0.2763467235808,0.3066150949537,0.5188973820758,0.4347037142729,0.4659489352606,0.2416858863592,0.2573488270904,0.4274855834719,0.3247012287470,0.1225853654775,0.7534472232293,0.3458260014740,0.6958252973594,0.2295137569238,0.2698564061521,-0.3068303364124,0.2418502312405,-0.0532310614504,0.3096550580027,-0.2071986886308,-0.4392178684304,-0.3736267910622,-0.3140363131506,0.3947699480476,-0.1331647966409,-0.1992379792091,-0.1804186454766,0.2855204140741,-0.4235312907874,-0.3015698588183,-0.2067282195524,0.3756721647308,-0.2994923668073,-0.3410679010369,0.0855996635001,-0.4698262417035,-0.4273808742919,-0.4898330745970,-0.3213930863882,0.2377541835481,0.2128370417533,-0.0918345176417,0.1582354421654,-0.1115174238606
-0.2444966145528,-0.4183425817807,-0.1424415793783,-0.0317165370667,0.1055463851331,0.1811190415456,0.1793021142777,0.3982812044795,0.6608583643155,0.2128135801543,0.3851092306907,0.1479276665083,0.4605583368535,-0.2439056516319,-0.0047991574388,0.1470989952416,0.4537552043713,0.5222640991203,0.1729420048562,1.0000000000000,0.2902095985673,0.0827036618343,0.1959570907453,0.4045581760827,0.5092958515900,0.0843978305683,0.4039171698753,-0.0113631433867,-0.2290566865066,-0.1752776587315,0.5520407758638,0.3100273592989,0.5553302879820,0.0284165033492,0.1867628214835,0.2402653664506,0.0088158081552,0.5447149235288,0.1616522318179,0.1403901473611,-0.0429619027555,0.0602809363864,0.2949411095166,0.2127709568194,0.4009904478877,0.0529590672612,0.1591434265209,0.1985224329230,0.0688815698186,0.2307565427135,-0.1493171525260,-0.2655593465265,-0.1758636871644,0.1385550729024,0.2816511981433,-0.0513660757630,0.5440137115992,0.3870404372506,0.5931633539810,0.5793569110463,0.0502265400829,0.2205181623400,0.0919836152793,0.3769808324846,-0.2193528376388,0.2166107834791,0.1936087092323,0.5076576614518,0.3937601739882,0.7930171444071,0.1590034759342,0.0776090634997,0.3347554954679,0.2675559638699,0.3964716102817,0.0602740091696,0.2123926112177,-0.1330826434689,-0.2457491521868,0.4643473323165,0.2894383888773,0.3585067483083,-0.1073524104252,0.1954099955535,0.1491293389082,-0.0474795578586,0.0188883586967,-0.0293738357147,0.1968164139472,0.3241135932907,0.2219615582760,0.0866157222272,0.0661111235029,-0.1588744067124,-0.0889975908465,0.3027307744639,-0.1673500381470,-0.2364864875110,-0.0703905562518,0.0807774468002
0.0203235826709,-0.1110268395234,-0.1326173181552,0.0638646914973,0.0755853223576,0.0059224692046,0.0286681835814,0.1036482674049,0.3650384361895,0.5585255263838,0.5721384414704,0.5283403017973,0.3322926852381,0.0399975495067,0.1847539821136,0.0178323548114,0.5056374519986,0.3134524100268,0.1056497915748,0.2902095985673,1.0000000000000,0.6236428470670,0.6688292995995,0.5217882240439,0.3228923359641,0.2956808399555,0.4550394821921,-0.0432353187502,-0.1284609225810,-0.2872293696761,0.3582334966546,0.2930769160973,0.7437369516734,0.0175832029071,0.2333113472508,0.4463220357164,0.2479132533796,0.0968292834986,-0.1555855708935,0.0685540964243,-0.1058716290469,-0.0872415250445,0.1393206653221,-0.1007895279949,-0.1211127095339,0.0200277620292,-0.1169216853464,0.0497168923407,0.1694650808098,0.0804705532437,0.0467632402395,-0.1422325026332,0.0175546522031,-0.0003219303339,0.0823814024897,-0.0973632637079,0.1605897148003,-0.0943951216239,0.2167973450153,0.4266403634089,0.4460071476966,0.6348781678340,0.4443174967917,0.2755566309152,0.0108058609807,0.0938987462281,0.0565235160165,0.4228559382078,0.3949110060076,0.4200207173378,0.7880040636845,0.6094430656476,0.5651280976485,0.4553108731816,0.5435613731895,0.3253813665123,0.3344769648609,-0.2838428773676,-0.1850987527690,0.5397579381698,0.1470957675738,0.4605247235578,-0.0905279024804,0.0653698182684,-0.0591609139460,0.0467597941932,0.2188960515744,0.0712247147219,0.0824342970188,-0.0888564672688,-0.1150200890483,-0.2112645401956,-0.0417422877330,-0.1173408585223,0.0330484569637,0.1783518909929,-0.0072868338834,-0.1017141351024,0.0416691547058,0.2141532876761
-0.0430432152297,-0.0576448638696,-0.1885250027229,-0.0275285933182,0.0497361402358,-0.0700683806609,-0.0735339545420,-0.0054061147269,0.2438091593176,0.5961113409568,0.5782490372494,0.5845344330330,0.2336625604021,-0.0085374819928,0.1913073140053,-0.1225274674178,0.1437017121085,0.2185433557419,-0.0631979078338,0.0827036618343,0.6236428470670,1.0000000000000,0.7944261863886,0.4818534895417,0.3314403056088,0.3135247277279,0.5509496217591,0.1015417199624,0.0511133998717,-0.1895777916492,0.1716386965285,0.3331279139461,0.5431954190773,0.0342374103199,0.2291945720992,0.2571967207464,0.4350021176278,0.0378464719424,0.0095071788483,0.2769332587142,0.2009168360463,0.1140860559985,0.1078898910316,0.0122835608794,-0.0855475743296,0.2723273182866,0.1087659272832,0.0416848346117,0.2931209806260,0.1798081055465,0.0041813362830,-0.2523393108326,-0.0059745615667,-0.1007317124849,0.0029449587557,-0.2165342689010,0.0855808715678,-0.2272434025336,0.0536829185951,0.2603490492910,0.5831152146727,0.6544762428471,0.6042173951946,0.2752265383772,0.0389078327563,0.1947579692319,-0.1122922946320,0.2902251380628,0.2047332790011,0.1820720673389,0.4775489058835,0.7854450090110,0.5662929908718,0.5086030457735,0.1426364445605,0.2940013544239,0.4852892113789,-0.1679552356284,-0.0358108292440,0.2742506269000,0.1628948575023,0.4889311996322,0.1008860084079,0.0177023879336,0.0717565393813,0.0008215877221,0.4850711128483,0.1006604106719,0.1963061557166,-0.0357333097864,0.0094391341541,-0.0014737287419,0.0508383303348,0.1518218318623,0.3526422153092,0.1355565477090,0.1457266496328,0.2012284288782,0.3227217330017,0.4641672493141
-0.0982225427197,-0.2159724054377,-0.4277358450886,-0.2429304164455,-0.0679004305508,-0.2464032213380,-0.2707390085960,-0.1915540210729,0.3209985901161,0.4427714484803,0.5565640166013,0.5143191493409,0.1399225394482,-0.1452933925704,0.0192216685632,-0.3733207639786,0.1071394667176,0.2844168316832,-0.2157973414644,0.1959570907453,0.6688292995995,0.7944261863886,1.0000000000000,0.6525276479505,0.5059073251472,0.4550295936286,0.7746315742943,0.1744250169679,-0.0662364005855,-0.2894827717464,0.1566861941674,0.5059662665660,0.6532593014578,0.2523395671305,0.2592836558302,0.2864577947921,0.5729316918000,0.1824799441451,-0.0061908568056,0.4434159583312,0.0511112393717,0.0741168260954,0.1408555123871,0.1198092729567,-0.0163760800288,0.3621263681854,0.2148803375915,-0.0725411232819,0.2582134082701,0.2058444146341,-0.1111680140541,-0.4074769212197,-0.1529926402523,-0.3069468829938,-0.1542641367921,-0.4235846429028,0.0574973723878,-0.3568602131142,0.0928574848256,0.3422312022995,0.3760916748190,0.6281980645059,0.5360572415067,0.1878679380286,-0.0815622487457,0.2282917396391,-0.2673563984681,0.3474462798057,0.2185318681824,0.3128232326316,0.4516772458466,0.8967124776473,0.6633258868595,0.6623004319609,0.1624235787883,0.5466921742975,0.7237260590370,-0.1482704361966,-0.1239491617684,0.3228413742671,0.2442484111092,0.5694394671111,0.0663415488477,0.0069018488340,0.2121240016860,0.1407018742542,0.5971856370354,0.0476897819540,0.3550133919573,0.0765919736631,-0.0226726093838,0.1001380233406,0.2070922244366,0.1688314540242,0.4304532301054,0.0723911582162,-0.0321378404409,-0.0752016065581,0.2353399678702,0.5635243353083
0.1976191447712,-0.0797850553629,-0.1667559579794,0.0626231825424,0.3429491324388,0.0675785813480,0.0640625926646,-0.0769604987580,0.4595096932026,0.4768497652596,0.5342460321365,0.4110203938130,0.2957513420510,0.1932335073095,0.3589039069769,-0.0550590199835,0.2443161871978,0.5653052036644,0.0328266576492,0.4045581760827,0.5217882240439,0.4818534895417,0.6525276479505,1.0000000000000,0.4234762409954,0.2539534762588,0.7000079107606,0.1316545565128,-0.1978799919611,-0.2692151373411,0.5160928991375,0.4124493261142,0.5131848716500,0.1195268766632,0.5282853973739,0.5575293751826,0.5939562619161,0.3523723027769,0.3371651085620,0.4175144183828,0.0505120128442,0.2615612438287,0.1883855323886,0.0054202274788,-0.0597162173534,0.0300116831194,0.1461737714431,0.3420631552001,0.5573879866275,0.4561329002610,0.2333067466089,-0.1491301227034,0.1191769876742,0.0437672041553,0.2264374638589,-0.1236698483121,0.1472223587995,-0.2415842819918,0.4127154123551,0.5032497626614,0.3599783048578,0.6286204434233,0.4118576183398,0.2952147834639,0.1986366365632,0.5509422305348,0.1002384190705,0.6090974134493,0.5495119474240,0.4740397418934,0.2490124493743,0.5426780254955,0.8341890971944,0.3784176421250,0.1702942298040,0.5017921669992,0.5273756994298,-0.1826776856455,-0.2123006444543,0.6360947539768,0.1685310313279,0.2914954070202,0.2157173678466,0.0888760161924,0.0853912833292,-0.0863737958006,0.5576947194523,0.3639238948658,0.3068009457439,0.1461535113050,0.3280382883821,0.0973286756714,0.0664086383553,0.0074261125211,0.1452216240999,0.4742615544596,0.3002239905799,-0.1094623262294,0.2903016665060,0.5545841502558
