1.0000000000000,0.7294204554572,0.7561964272018,0.6782944629398,0.7909832110454,0.6197119884411,0.5477703859462,0.2068955368677,0.1662029293280,0.5955950959323,0.2889329698387,0.5088921143888,0.3453406078055,0.8651649453906,0.4481977927389,0.3731221316933,0.3114400561092,0.2534577280203,0.5412035873098,-0.1190260854138,0.0184806668459,0.3240830306961,0.2236364167682,0.1063629917861,-0.0707231032353,0.2299782297462,-0.0619978657845,-0.0199469135306,0.2187412946881,0.0363611042262,0.0550511020569,-0.0317882120014,0.1134510619684,0.2111224345046,-0.1684884624340,-0.0301488415541,-0.0789942316169,-0.2875251981479,-0.2490260878479,0.0197178484617,0.3025988720086,0.1600023323781,-0.1968591248116,-0.2500451635336,-0.3400619076661,0.0710419968084,-0.0317108207084,0.1255890195867,0.3524080545621,0.0884152945809,0.8361825675444,0.7651761953339,0.6831515182577,0.5845218868535,0.5559124303916,0.6844249443465,0.0236858466206,-0.0719571652972,0.2024009545938,0.0994596606893,0.5454405829987,0.3867503602536,0.3945349382889,0.1379740740562,0.7028395576707,-0.1049814023040,0.2549873096471,0.2012097395749,0.2790610108360,-0.0206936905111,0.1581390231819,0.2120580060320,0.3375071597232,-0.0833598435646,-0.0526392983285,0.1908493493296,-0.1155818735655,-0.0297102990449,0.2172729271237,0.1767686831018,-0.0008308454336,-0.0025141550265,0.1650850513909,-0.0303729178800,-0.3295396519339,0.1418387089127,-0.2046052621031,0.1068481761712,-0.2025217736488,-0.2804177046714,-0.2204228593282,-0.0284740884190,-0.0436676840576,0.0197944119756,0.0705116076944,0.0131996135991,0.4954406441117,0.4368729147441,0.4020087273919,0.0404481072291
0.7294204554572,1.0000000000000,0.6780021536379,0.5528772302490,0.4591726525180,0.5090788062979,0.3407776325102,0.1868772817654,0.0835471775755,0.4269570327492,0.1085786581937,0.2849846178892,0.2177421763597,0.6905552462740,0.4458093872671,0.2584462250428,0.1807635873537,0.1167404784521,0.3709985593065,-0.0560382173551,0.0430236790317,0.1689807026948,0.0862087354406,0.0930726365688,-0.0764261870295,0.0842848588366,-0.0853067855616,-0.0447915960406,0.2300744926004,0.2455756500566,-0.0234463428260,-0.0907203588552,0.0006218221576,0.1147458969907,-0.1365279808269,-0.0273324359037,-0.0678978544087,-0.1875169807817,-0.2059914008149,-0.0713264797772,0.2639425682878,0.0596741461496,-0.1280564683055,-0.1671258707584,-0.2137693169888,-0.0182869689662,-0.0568330903343,0.0616555536692,0.2322169637793,0.0866524792948,0.5669333646211,0.6578479134789,0.4980386058305,0.4661958428431,0.3640977727562,0.5018489217298,-0.0056187767277,0.0200879444561,0.1751984441904,0.0835638082029,0.3408150159239,0.2020536489408,0.2553632774900,0.0941785120921,0.7135974128175,-0.1254392760012,0.1887756239340,0.1374119180435,0.2293441669797,-0.0503332795675,0.0394391366168,0.1768741638488,0.1894099157249,-0.1010073566012,-0.0571815047865,0.2239436861252,-0.0898547918554,-0.0378114079041,0.1750444871045,0.1077302364759,-0.0050071743260,0.0188305961082,0.1410049562062,-0.0815905747639,-0.1028911276272,0.1423642059340,-0.1384988139362,0.0840846683830,-0.1613713173850,-0.1638750371279,-0.1817078135658,-0.1059348451636,0.0735380867428,0.0087951622298,0.1189878233808,-0.0024700132724,0.3724170635546,0.3193627566182,0.2658205414863,0.0107341782313
0.7561964272018,0.6780021536379,1.0000000000000,0.6533326322438,0.6719904123521,0.8469803800874,0.5839273858998,0.2484220968295,0.2028817170820,0.4465680789194,0.1808072041651,0.3608941323068,0.3246989805524,0.6658225967021,0.5134770975514,0.4558484171194,0.2590731422606,0.1586692495940,0.5139012468365,0.0353731227591,0.0333655017299,0.1972803031846,0.0746330681035,0.0745560696833,-0.0738555329078,-0.0007380406764,-0.1259372084359,-0.1495998448377,0.0579175491249,-0.0274439903008,0.1053216047548,-0.1084844835225,0.0445847786370,-0.0494513532847,-0.0534003536128,0.0454633022438,-0.1337614256123,-0.1546573229577,-0.1143814164027,-0.0783478635794,0.1503797880554,0.0579969986083,-0.1636645972776,-0.1947156870777,-0.2396934715208,-0.1200316908588,-0.1769743408242,0.3180958074408,0.3148014664115,0.0469997717130,0.6048360747887,0.7522695810281,0.5784592660532,0.7728471468930,0.6733739224894,0.6659230440477,0.1124100507176,0.0638369246106,0.2192806146197,0.1634957440095,0.3758739178689,0.2270435566178,0.2816241001979,0.1607404112204,0.5697781433889,-0.0228898139529,0.3582813697004,0.1417926460486,0.2752520294654,0.0627859218154,0.0852900323956,0.0756735215509,0.2048588143463,-0.1562913848801,0.0184420275909,0.0622297522107,-0.1775984853875,-0.1621990759674,0.0590867030328,0.1941835829743,-0.0769602916136,-0.0589392051289,0.0292034294104,0.0347618973140,-0.2738601252646,-0.0649981795456,-0.2072592163835,0.1686779674935,-0.1699342562023,-0.1769033821161,-0.0726360646005,-0.1547403542147,-0.0789927908568,-0.1562654391303,-0.1078775858679,0.1801862567205,0.3428635250385,0.2030253425673,0.1790868266750,-0.1247986197422
0.6782944629398,0.5528772302490,0.6533326322438,1.0000000000000,0.7593181134629,0.6430341932057,0.8278501838733,0.5456157684385,0.4546197710239,0.4672309957151,0.4159666848355,0.3889825780627,0.4058681274157,0.6664287671076,0.4646656268925,0.5580963016139,0.4180511240438,0.4302909932354,0.4670009002472,0.1535334225965,0.1320905758188,0.1974025669120,0.2729478990462,0.2517156030454,-0.0423036160727,0.0274087412970,0.0573028052938,-0.2791537271200,0.0121551091647,-0.1519689617715,0.1423398989464,-0.1835173841908,0.1489468265961,0.0864994679559,-0.1816825730250,0.1221483429025,-0.0760757297273,-0.1176801175187,-0.1812029448830,0.0192638610765,0.1960357559228,0.0464324895627,0.0085184779561,-0.1283787074727,-0.2100782366755,-0.1680966945637,-0.2515299248708,0.1715191274439,0.3242091880869,0.1222521106442,0.6685325711846,0.6450749150419,0.8916626572804,0.7383713545634,0.6432720465888,0.8794612637592,0.3581452195603,0.3506475260015,0.5471159526803,0.4770331811494,0.3418566464978,0.3833007984322,0.2818634194484,0.1602659557812,0.6677094453900,0.0551868831756,0.4025522516326,0.4423545932776,0.4981813348718,0.2060064050802,0.1527594721999,0.2724427188241,0.4234167523333,0.1101976819909,0.1870373436348,0.2763685624750,-0.0445480154007,-0.3185072253475,0.0617297777884,0.3912572251516,0.0523423368769,0.1077245941982,-0.0313266472812,-0.0043385377208,-0.2238146513506,0.0323524132763,-0.0904788567505,0.0710002765699,-0.0818057653325,-0.0734870140270,-0.1912491995675,-0.1349217895583,0.0014843555621,-0.2566591996181,-0.1335258276081,0.0104355417461,0.2721951996275,0.1985493939881,0.1608773567160,0.0208487811694
0.7909832110454,0.4591726525180,0.6719904123521,0.7593181134629,1.0000000000000,0.7232799934841,0.7800715189982,0.3440816514367,0.2781413202831,0.6748900968202,0.5238647717581,0.6145638120758,0.4735315541543,0.7432761568243,0.4874346415411,0.4715696496819,0.4896003288639,0.4701828690703,0.4628294210944,0.0835117870412,0.1067910304679,0.4594732047117,0.3956462827531,0.2486706960594,-0.0244502565603,0.2971941721107,0.1535892241554,-0.0511308189394,0.2459783706315,-0.1505674747497,0.2475787100438,-0.0670144806948,0.2930092535445,0.2823515849859,-0.0996813825516,-0.0352811620937,0.0573081003282,-0.1487850604709,-0.1712958036231,0.1903383253428,0.3449713438422,0.1507357093352,-0.0440010121392,-0.1585041987961,-0.2543799109627,0.0578926119604,-0.0803775932240,0.2301353819485,0.5024238332929,0.1952148907858,0.8069738993580,0.5988425183039,0.7387290112138,0.7695142751469,0.7975656950671,0.7371548980228,0.2238483471920,0.0648170304274,0.3963488467858,0.2300997593100,0.5905357843017,0.5441085254589,0.4524549061978,0.1981463654452,0.6096890439559,0.0762448258825,0.2519268540015,0.4427985749981,0.3926202943294,0.1451765052245,0.2892979521795,0.3580945945707,0.4964323794895,0.0104521386461,0.1365518752877,0.2357628371438,0.0231742967000,-0.1434302436684,0.2513399709957,0.3550507087211,0.0131937905163,0.0947696564924,0.1361699908337,0.0892873406613,-0.3298939215635,0.0888432472156,-0.1107002912747,0.0917449188534,-0.0764624505407,-0.1384301447967,-0.1389615046823,0.0927416918616,-0.0679792966041,-0.0373079747067,-0.0883054754476,0.1253426294519,0.5312005458615,0.4074522785928,0.3499111950310,0.0889930092913
0.6197119884411,0.5090788062979,0.8469803800874,0.6430341932057,0.7232799934841,1.0000000000000,0.7049720925377,0.3475442574740,0.2482089702576,0.4274149727727,0.2992159464922,0.3771149430260,0.3694097177733,0.6206321882302,0.5236812193147,0.4756914126155,0.3709488969237,0.3064462178998,0.4392177073420,0.1445645223679,0.0474179035884,0.2031723357515,0.0863426942188,0.1494629383607,-0.0227403583078,-0.0991815421055,-0.0734411847062,-0.0980925969457,0.0424719460032,-0.0398294359431,0.2081548560122,-0.1956718937463,0.0748252865467,-0.1031078106555,-0.0181443611048,0.0080089902608,-0.0771040250143,-0.1307422844890,-0.0565732732903,-0.0526712273821,0.1331679166599,-0.0286141688573,-0.1596708981640,-0.1718212241391,-0.2062903590480,-0.1462923173952,-0.1973629930692,0.4431302526027,0.3352070764408,0.0412932204948,0.5415727410959,0.5819747785884,0.5620305840737,0.8932773645116,0.8262257225636,0.6685462558250,0.2683773383396,0.1843881328582,0.3201820544925,0.2846965354436,0.3736546874529,0.3248449819865,0.3362538897217,0.2343042062959,0.4758209279359,0.0076548394332,0.3729714007032,0.3470066556743,0.3632486747458,0.1740204874649,0.1502808710937,0.1249795631066,0.2763827237022,-0.0806707838231,0.1088909536263,0.0244533051624,-0.1711081688276,-0.1271147865213,0.0179942795477,0.3283711441038,-0.0667990575998,0.0075294706738,-0.0659324476401,0.0057655864039,-0.2797913251507,-0.0841144705250,-0.1385042502256,0.1422155011670,-0.2001982215416,-0.1781301699684,-0.0125327575152,-0.1428928400433,-0.1377920422361,-0.1026216735258,-0.1768352120789,0.2911203428552,0.3328782836658,0.1176066421974,0.0534466698914,-0.1970941196694
0.5477703859462,0.3407776325102,0.5839273858998,0.8278501838733,0.7800715189982,0.7049720925377,1.0000000000000,0.5162995342769,0.4318310469601,0.4314489474438,0.4542621691650,0.3842197204268,0.3489628405907,0.5338126722978,0.4078585522855,0.5766027149166,0.4208547409438,0.5034490220686,0.4269331710134,0.2788014227416,0.0671543513965,0.2881011355740,0.3075978926485,0.3356556696306,0.0678728818444,0.0920180397447,0.1548238399981,-0.2071491960761,0.0474562795045,-0.2070304528904,0.3195394392727,-0.1677223837670,0.1858929375854,0.1171632787406,0.0695440998763,0.1246527171478,0.1331932579819,-0.0034000558708,0.0283481442056,0.0981322099332,0.2542930463097,0.1280043035056,0.0830857212600,-0.0761244224001,-0.1110071510403,-0.0709211312053,-0.2027129652795,0.3109504576739,0.3395570761491,0.2139009605230,0.5653244165106,0.4929446341947,0.7469647126738,0.7777029466961,0.7310294872547,0.8484110989538,0.4159583449416,0.3491744739216,0.5358625349649,0.4407478484367,0.3183234139530,0.3873369964008,0.2449727703291,0.1124515821424,0.4617440914843,0.1855561155973,0.3911401832070,0.5089946496699,0.4721308398345,0.2812102627896,0.1585827322555,0.2567865428178,0.4593893745800,0.1793998993023,0.2503636580844,0.2571637330808,0.0256300805804,-0.2692079253992,0.1063505640105,0.4515698054599,0.0232488264123,0.0920157598006,-0.0260352274383,0.1650467551912,-0.1242422987488,0.0042105349968,0.1078651025213,0.2296165215571,0.0678291626379,0.0313039745677,0.0258375065489,-0.0437901557682,0.0225328431344,-0.1595820289119,-0.1562207737366,0.1638723449203,0.2844364558822,0.2197791912232,0.1681892523698,0.0753645265819
0.2068955368677,0.1868772817654,0.2484220968295,0.5456157684385,0.3440816514367,0.3475442574740,0.5162995342769,1.0000000000000,0.7606078570180,0.3462692985202,0.4080352181184,0.2735840630452,0.3387648563562,0.2368114379947,0.1283434762315,0.2928356067455,0.4986708046466,0.5933407441369,0.4388520947712,0.3004783692417,0.1040469502384,0.1107114022882,0.1413295486319,0.1914839931596,0.0177885212742,-0.1464490763798,0.0089190606727,-0.2088403358057,-0.0617091123315,0.0081117928941,0.1365065088043,-0.1413238236947,0.1130693103360,-0.0835976891279,-0.2725340299982,0.0003686852973,-0.0947398426067,-0.0357898267839,-0.2217646142965,-0.0732748364813,-0.0159319397897,-0.0018574835255,-0.0455888808213,-0.0496700665490,-0.1198794702709,-0.1955971403889,-0.1567189809030,-0.0030979022550,0.0380862546067,-0.0303286610409,0.2387285193066,0.1761239971570,0.4533046719597,0.5133519787023,0.3798078948082,0.5517805976305,0.5822064481922,0.7684148882421,0.8406618826964,0.7790247138720,0.2911229710495,0.3827413079181,0.2794911860135,0.1528381756670,0.2812031271688,0.0193779415001,0.3467228189929,0.5899288406821,0.6077041988232,0.3421059014222,0.1716942622060,0.2027245213228,0.4648429882658,0.2256364431838,0.3494566777395,0.1748245747819,-0.0958481330598,-0.2036503428117,-0.0164574097700,0.5031313636462,0.1467387243638,0.2585842710984,-0.0142635847873,0.0492094058636,0.0615071876613,0.0641974576733,-0.0298464437313,-0.1077313468936,0.0058299883622,0.0476708647236,-0.1523001396860,-0.2137467191502,0.0292197497754,-0.1330147081519,-0.0190691654344,-0.0351348196882,0.1045449403224,0.0335890497947,0.0661940346444,0.0593537334015
0.1662029293280,0.0835471775755,0.2028817170820,0.4546197710239,0.2781413202831,0.2482089702576,0.4318310469601,0.7606078570180,1.0000000000000,0.3554255568271,0.4467650386343,0.3364774965499,0.3541335412909,0.1894317398279,0.1470006392539,0.3306980682103,0.3801472232745,0.4319694365480,0.4603169325888,0.3540711010955,0.2113095479157,0.1814159110613,0.3156042418776,0.3485443799424,0.1600549563860,0.0077716636284,0.1657109819284,-0.2307615256346,-0.0276926518310,-0.0614742509070,0.1907729588481,-0.0369872905912,0.2174186020360,0.0267434211174,-0.1595002674837,0.2081591249897,0.0334183873586,0.1110356340561,-0.0625935920617,0.0884880818361,-0.0000004133843,0.0668416258732,0.1289591645700,0.1380132818972,0.0115088641103,-0.1532616740730,-0.1462860345977,0.0459005965860,0.1187693392854,0.0766923154133,0.2174822059393,0.1737208428352,0.4522386627125,0.3823991662841,0.3011383065275,0.4720586005146,0.4816991974509,0.5619229258849,0.7452319071168,0.8816585385223,0.2594401910496,0.4034826555698,0.2630124041890,0.1537614806977,0.1565263442694,0.1765074746488,0.3029446845106,0.4308152166451,0.6889269263057,0.3284616177415,0.2043464287013,0.2689807197193,0.5707124146347,0.3126375346287,0.3565103097680,0.2948726141791,0.0328927138386,-0.2744326763161,0.0607764681850,0.4675449787295,0.1456192747060,0.2368349078537,0.0034553973722,0.1919187568725,0.0999182203003,-0.0093560298234,0.1080939522732,-0.0199954135209,0.1793038643150,0.1511583796011,-0.0529219590877,-0.1082975063655,0.1763608841157,-0.2477245671948,-0.0795308325029,0.0251155009053,0.0658407796223,-0.0094831580999,0.0430030742345,0.1083416083511
0.5955950959323,0.4269570327492,0.4465680789194,0.4672309957151,0.6748900968202,0.4274149727727,0.4314489474438,0.3462692985202,0.3554255568271,1.0000000000000,0.6772716691266,0.8200304897457,0.6144497866338,0.6187627307633,0.4530619921077,0.3009386196479,0.6045723918673,0.4283909015335,0.4982707347412,0.1024158531454,0.3685308027903,0.7058395151968,0.5698026828944,0.3479123194163,0.0100541784625,0.3997256502461,0.3018404260438,0.0242937357950,0.3708898546569,-0.0556169971642,0.1911439612748,0.0607003581057,0.4533393462299,0.3158670113507,-0.1513183633530,0.0394219328677,0.1983201001616,-0.1596316427101,-0.2360643192475,0.2303165411216,0.2706024316840,0.1811806657891,-0.0881124622735,-0.1519597229906,-0.3126312343290,0.1710804150812,-0.0372511794951,0.0670027565056,0.4037674323231,0.1960598480567,0.5470709198860,0.3258441634547,0.4531692131944,0.4685005822623,0.5199155361108,0.4184146348414,0.1687143719354,-0.0401386864510,0.3588225263514,0.2515690946826,0.8517353854558,0.7746507956037,0.6450677027994,0.3285213695080,0.4909094643262,0.0808695602436,0.2084961209018,0.4305500552062,0.4884980468559,0.2561056634976,0.5630262255711,0.5971857419425,0.6454140842048,0.1108829023455,0.2711093747717,0.2516155263882,0.2361073353666,-0.0279672595525,0.3152584796731,0.4343940390900,0.1648324258068,0.3156959729292,0.1983311028060,0.1503242499556,-0.2272933184945,0.1919886647995,0.0217818883049,0.0844960702333,-0.0281123346094,-0.1400365280916,-0.1557084578546,0.1590624585006,-0.0443182428377,0.1102725616780,0.0909394984574,0.1059311847945,0.5230456709328,0.4298980383831,0.4798902660851,0.2718991124383
0.2889329698387,0.1085786581937,0.1808072041651,0.4159666848355,0.5238647717581,0.2992159464922,0.4542621691650,0.4080352181184,0.4467650386343,0.6772716691266,1.0000000000000,0.6903524965435,0.6254773620661,0.3250718897493,0.3753339212492,0.3422342114189,0.6277112600587,0.6317982486610,0.2565289641292,0.3979069967022,0.3798020479354,0.6258505388256,0.6820946354415,0.5895293432154,0.1727275289687,0.3423319570110,0.5862148545222,0.0144809745515,0.2912963193966,-0.1461183505779,0.3820969771565,0.0504530575932,0.5680710394074,0.3360483107012,0.0461398787091,0.0582426823210,0.3840031953470,0.1613692783586,0.0184982872962,0.3926765727416,0.2645739769420,0.1356816316742,0.2299428577738,0.0600298649343,-0.0542128821408,0.1024165819244,-0.0236351284155,0.2445986889431,0.4744190182806,0.3245964291597,0.4064887937384,0.2325529942000,0.4004951183757,0.3998258886488,0.5142648097811,0.2902576865350,0.3632865265573,0.1064998571374,0.4501443540422,0.4018778449629,0.5314431476486,0.8325322307442,0.4505104184693,0.3289987277895,0.2640777265482,0.3324917316730,0.1518753209382,0.6219009181249,0.5170636939863,0.3776358887929,0.4606450339070,0.6159904403955,0.7421228699873,0.2539372800157,0.4184141120122,0.3436662915991,0.4246158628962,-0.0949119672175,0.2991023611357,0.5555483017716,0.2699850408286,0.3315060512879,0.1715964377178,0.2451212999608,-0.0151614964372,0.1334617153648,0.2865122053066,0.0773032779719,0.2795188886324,0.1470606988895,0.0823843579086,0.3148617785809,0.1293547775144,0.0299792663154,0.0440642185134,0.2837553561354,0.3921891292842,0.2254851501950,0.3192057201137,0.2642745706898
0.5088921143888,0.2849846178892,0.3608941323068,0.3889825780627,0.6145638120758,0.3771149430260,0.3842197204268,0.2735840630452,0.3364774965499,0.8200304897457,0.6903524965435,1.0000000000000,0.7656093904723,0.5072251318398,0.4281573873392,0.2914793332296,0.6455200800724,0.3564259419856,0.4211073858016,0.1860841599239,0.4080024831323,0.6916966830153,0.7230349999485,0.3670746859636,0.1297052672776,0.4111841404998,0.3352956950765,-0.1188987823052,0.2458500999923,-0.1588201510292,0.1825383455924,0.0771992798442,0.6444216722557,0.3048646686498,-0.0719680123730,0.1141552766969,0.1992021128002,-0.1063121998086,-0.1455959801122,0.2151926960825,0.2116099965796,0.0706307599398,-0.0221766933115,-0.1058240750521,-0.2378529822108,0.1183022800403,-0.0939579440505,0.1319172579620,0.4273097068668,0.1935396059700,0.5580499678959,0.3525168042951,0.3793627329899,0.3901649783420,0.4756377022433,0.3183922401238,0.1791786771915,-0.0724201758645,0.2747628570748,0.2222206674656,0.7117784625413,0.7551461246071,0.8151230652624,0.5010680915425,0.3938744579264,0.1344086273485,0.1237550558891,0.4742504106798,0.4086331241857,0.2511758326434,0.5515401315087,0.6398535725918,0.5675329221917,0.2639286818409,0.2674993340904,0.2968963032967,0.2499623333631,-0.1823788389307,0.2380099688537,0.3660190403389,0.1516881153162,0.3583972332627,0.1423616560339,0.1378600509619,-0.2107757420879,0.1152542911269,0.0638582595493,0.1303481846430,0.0374963459780,-0.0932436056231,-0.0599158554467,0.1457136984333,0.0253099619020,-0.0485816547166,0.0522719580135,0.1462217307381,0.4442056481453,0.3097828289662,0.4082766138118,0.1574996332391
0.3453406078055,0.2177421763597,0.3246989805524,0.4058681274157,0.4735315541543,0.3694097177733,0.3489628405907,0.3387648563562,0.3541335412909,0.6144497866338,0.6254773620661,0.7656093904723,1.0000000000000,0.3374330027690,0.3703265008246,0.2382771589481,0.5092276144918,0.3015596219737,0.2916478807625,0.1770525635426,0.2705865218364,0.4819816548534,0.5100642134149,0.3472910637542,0.1351639324030,0.2028766637091,0.2664560077981,-0.1474252910930,0.1806808179684,-0.1271128166353,0.1657525030152,0.0683137931718,0.5012198540513,0.1183931886928,-0.0899018623784,0.1117681063893,0.1631030541538,-0.0325076102660,-0.0384946100791,0.1439096468989,0.1241059170806,0.1045704800332,0.0477267335281,-0.0046003792469,-0.0676714949583,0.0047181317384,-0.0319469617190,0.1923456022481,0.3911425690031,0.2374826818359,0.4090073774784,0.2987041431040,0.3690371186041,0.3837804503065,0.4726819902749,0.2718659149377,0.4002719538099,0.0158832964388,0.3019381457226,0.2685443537026,0.5124553975777,0.6106312633427,0.6788686212285,0.8077302584206,0.2524728634344,0.1966968454075,0.1094050279101,0.5188554233994,0.3886290944008,0.2223114236657,0.3340849729737,0.4167716926612,0.4708482298846,0.2723116501259,0.1558267474344,0.1995757230771,0.1845421678906,-0.1799020977556,0.1877987193350,0.2739428218179,0.1210250550409,0.3477103643311,0.0583628735309,0.0757933044243,-0.0550633276826,-0.0325508120409,0.0807570422933,0.1063677852711,0.0733544327113,-0.0027894524218,0.0518922109256,0.0940715284443,0.0986653394348,-0.1128571097547,0.1005092636002,0.2066903296620,0.3118808707737,0.1550496776763,0.3062561716806,0.1588789320024
0.8651649453906,0.6905552462740,0.6658225967021,0.6664287671076,0.7432761568243,0.6206321882302,0.5338126722978,0.2368114379947,0.1894317398279,0.6187627307633,0.3250718897493,0.5072251318398,0.3374330027690,1.0000000000000,0.5987784692192,0.4745446193212,0.4060768714881,0.3329378019285,0.6044453337127,-0.0286394335390,0.1255374419762,0.3574194097722,0.2146618151630,0.1924178114948,-0.0720535762627,0.1943697035574,-0.0430716421829,0.0264076431821,0.2836825843117,0.2009750904653,0.1472213388054,-0.0546776443538,0.1698008573203,0.1837486478151,-0.1683960418764,0.0717864492400,-0.0799940033283,-0.2612360006935,-0.2445593660820,0.0530935119897,0.3256762815104,0.0938866887401,-0.2056832649222,-0.2487138240613,-0.3638600872382,0.0375136294673,-0.0502911388495,0.1343114820885,0.4340651620768,0.0964879004097,0.7770591752787,0.6312819913272,0.6594246996324,0.6305937541960,0.5858629490394,0.6352920881065,0.0348669315882,-0.0186995412375,0.2587874499280,0.1678265020324,0.5267068503151,0.4383986412899,0.3992539648089,0.1286950517484,0.7330721354287,-0.0894375808991,0.3993915939959,0.2914817707739,0.3786888989477,0.1050029743618,0.2503800441316,0.2419848589320,0.3662803014415,-0.0956415328526,0.0473989238719,0.1609424357030,-0.1418957799260,-0.0131309191132,0.2377044122436,0.3004058531862,0.0015504759989,0.0403811157035,0.2187453849830,-0.0255505023253,-0.4101954314535,0.0798215153405,-0.2272610857267,0.1138597802551,-0.2648623946402,-0.2948752654688,-0.2197940372310,-0.0113474808362,-0.1176920518496,0.0283432114389,-0.0125553593991,0.0676683534147,0.6260618243151,0.4020779753288,0.2865208868375,-0.0479206255871
0.4481977927389,0.4458093872671,0.5134770975514,0.4646656268925,0.4874346415411,0.5236812193147,0.4078585522855,0.1283434762315,0.1470006392539,0.4530619921077,0.3753339212492,0.4281573873392,0.3703265008246,0.5987784692192,1.0000000000000,0.5864917408025,0.3188890005676,0.2618513439664,0.4354571136210,0.2260237827172,0.1936720326095,0.3474881683785,0.2226478345052,0.4958741666974,0.0771150646706,0.1658463249069,0.1537740758572,0.1063204869277,0.3085117556578,0.1784757921571,0.2667656607311,-0.0198516873513,0.2381366180012,0.0428792924230,0.2451903857049,0.4543413040714,0.1924328049528,0.1280064512979,0.3236411906779,0.2238073677179,0.3919175539140,0.1068247858631,0.0968206653692,-0.0206731834129,-0.0781603548027,0.0012824042459,-0.0536580559723,0.5619832978764,0.6118220898862,0.4575827766312,0.4632421113644,0.3908693064275,0.3908687083216,0.5170439218564,0.6177048388428,0.3210973077785,0.0727236447971,-0.0688804419479,0.1893186415074,0.1353541897802,0.2673265653918,0.3657080016315,0.2462418858655,0.1530923009733,0.4231385120478,0.4020392739510,0.4146812338009,0.2457923389412,0.3623604134277,0.2213530229536,0.1391244420310,0.1490051119259,0.3371583142001,-0.0510718211460,0.0000893288607,0.1020092893630,-0.0587583278753,0.0111630561191,0.1864709978705,0.2902690383792,-0.0509300674570,-0.0169090919272,0.2754941444721,0.0852853683942,-0.2252675666743,-0.2124919744370,0.0022410873037,0.4303263248029,-0.0865932687151,0.1223388986053,0.3723457336278,0.2461409765059,0.0513840980281,0.0201865347672,-0.0310486821749,0.5493145386870,0.5940013567696,0.2764687660426,0.1768041954559,0.0141987615685
0.3731221316933,0.2584462250428,0.4558484171194,0.5580963016139,0.4715696496819,0.4756914126155,0.5766027149166,0.2928356067455,0.3306980682103,0.3009386196479,0.3422342114189,0.2914793332296,0.2382771589481,0.4745446193212,0.5864917408025,1.0000000000000,0.4067592195733,0.4289744052208,0.6444309988506,0.5917809597335,0.3190928082248,0.2374368470968,0.2322274845628,0.4841305811037,0.1556108030507,0.1969335015059,0.2613842710979,-0.0372346317931,0.1443139495387,0.1459488673803,0.6903630706049,0.1153005671894,0.3649497702344,0.1291290201508,0.3841395667899,0.5541900241624,0.2013595938004,0.3251460648195,0.2000708053286,0.1078923866497,0.1649485329230,0.0882108964457,0.3569725511268,-0.0217551370120,0.0302258592281,-0.0037746955573,-0.0665748520939,0.4399939815222,0.5369293649366,0.1763711756107,0.3691621787330,0.3955175149238,0.4856708104480,0.4948404812260,0.5146052825172,0.4282870557604,0.1250621343246,0.0872422506687,0.3491993536990,0.2978100105304,0.1722484042669,0.2790915977899,0.0983641138455,-0.0411826111083,0.2737205165035,0.3472400412608,0.7617368294613,0.2885149496721,0.4834107013684,0.5347905366429,0.2334695619858,0.1367886970489,0.3772818194372,0.0601101395789,0.3623567037526,0.2653369048868,0.1073919830404,-0.1283943321096,0.1671656224774,0.5250392166833,0.2089344557517,0.0873937635474,0.2305964556718,0.5196801925868,-0.0568366571757,-0.0125294395334,0.1226144221571,0.5051723177665,0.1650051228928,0.2470736400703,0.1973073717598,0.0788050952195,-0.0079086072293,-0.0305224078753,-0.1375920845792,0.4037905578339,0.3937102654735,0.1278382359789,0.1208203244794,-0.0093019617675
0.3114400561092,0.1807635873537,0.2590731422606,0.4180511240438,0.4896003288639,0.3709488969237,0.4208547409438,0.4986708046466,0.3801472232745,0.6045723918673,0.6277112600587,0.6455200800724,0.5092276144918,0.4060768714881,0.3188890005676,0.4067592195733,1.0000000000000,0.6789961295464,0.5644397883377,0.3553284613056,0.5542677548100,0.4120185134155,0.4274804723228,0.3173962143047,0.1148769255013,0.2265487847306,0.2180728357357,-0.1029592538846,0.0838471951018,-0.1090137304337,0.3174636470206,-0.0486293795186,0.5937855323141,0.1508868151856,-0.1442147151911,0.0657493881867,0.0890121080982,-0.0864275966629,-0.2867559480267,0.0128280912259,-0.0222098009263,-0.1065911842901,-0.1017484418622,-0.1637962421400,-0.2657827647978,-0.0511846309525,-0.2365266589349,0.0188310873658,0.2169976660225,-0.0534516405066,0.3335243798322,0.1717556343940,0.3455956344520,0.4636456551036,0.4482788303713,0.3457356154980,0.2864613123327,0.2779147125921,0.4849348986027,0.4238447359872,0.5338056065004,0.7295889716074,0.5370972796131,0.2453829668122,0.3396255872999,-0.0867769612446,0.3732546575608,0.7159211243275,0.5586039167668,0.4571525285419,0.6818870128437,0.4322733504881,0.5362016950591,0.2632441766656,0.5440991649855,0.2146795780555,0.0765184319185,-0.1509314205783,0.0835658177935,0.7155374774087,0.1374678278635,0.3392240192312,-0.0657369119109,0.1045937090740,-0.2404150406279,0.1666146539019,-0.0173916716605,0.0112129654753,-0.0947975815526,-0.1964662709563,-0.2173138349254,-0.0891579410763,-0.1497049151636,-0.0809675794187,-0.1363368795406,0.0411707822901,0.2877102599915,0.0557700376727,0.0831759251874,-0.0631299741084
0.2534577280203,0.1167404784521,0.1586692495940,0.4302909932354,0.4701828690703,0.3064462178998,0.5034490220686,0.5933407441369,0.4319694365480,0.4283909015335,0.6317982486610,0.3564259419856,0.3015596219737,0.3329378019285,0.2618513439664,0.4289744052208,0.6789961295464,1.0000000000000,0.4260422200530,0.4157167761023,0.1555666346665,0.2749307882752,0.3141213491996,0.4415819349728,0.1121698658853,0.2707568172053,0.3080829366562,0.0370679111645,0.1756079410534,-0.0194346832310,0.4909744458594,0.0170472096530,0.3762639024372,0.2491759997583,-0.0647721878168,-0.0229577320010,0.2168776422786,0.1286484453468,-0.0830236633155,0.2026151325392,0.2455477644114,0.1128117276089,0.1098512552765,0.0385328309178,-0.0618138435054,0.0830437915714,0.0226410338112,0.0589339820313,0.2261699068928,0.1721229574245,0.3299152423241,0.1496612941717,0.3916972563801,0.4746267596330,0.4517907687216,0.3714197728750,0.3288207236919,0.3678895566373,0.6431457907990,0.4575811594948,0.3419169298996,0.5891703379471,0.2307024781748,0.0533274318988,0.2605715016753,0.1013290857900,0.3414755621772,0.7384869234499,0.5583943222659,0.4465327419242,0.3177036671141,0.2975501456266,0.6360878524796,0.1406590188355,0.4101273449271,0.2726349468234,0.1202774913113,-0.0407974402045,0.1695294664387,0.7434522994131,0.1799904603523,0.1890894729879,0.1317377495512,0.1827138352940,-0.0445574152036,0.1556307209582,0.0982846102508,-0.0108443413667,0.1365805531997,0.0634861555629,-0.0443984646374,0.1342374962130,0.0190801563747,0.0919356249838,0.0035731668551,0.1023834419641,0.2932761043925,0.1915409616215,0.1260392970382,0.0800814753113
0.5412035873098,0.3709985593065,0.5139012468365,0.4670009002472,0.4628294210944,0.4392177073420,0.4269331710134,0.4388520947712,0.4603169325888,0.4982707347412,0.2565289641292,0.4211073858016,0.2916478807625,0.6044453337127,0.4354571136210,0.6444309988506,0.5644397883377,0.4260422200530,1.0000000000000,0.1721060642162,0.2412530452849,0.2395565783975,0.0958655315620,0.1835417682513,0.0465875803714,0.1779285279437,-0.1036000471798,-0.0932942103456,0.0769513987168,0.1293998252024,0.3201783340700,0.0383181038446,0.2064787348374,0.0403452174904,-0.0607367998289,0.3437125308367,-0.0387613326769,-0.0877448702431,-0.1718335109812,-0.1468212213559,0.0015479120169,0.0591093002842,-0.1059571388429,-0.1958764036900,-0.2358757928514,-0.0345357822873,-0.1184346127689,0.0458076753929,0.1947659124609,-0.0587951976302,0.4041952001252,0.3821187719462,0.4471815621922,0.4723816019981,0.3957579478188,0.4967155579670,0.0458641200003,0.1612354960376,0.4300231318236,0.3709433832127,0.4719552258207,0.3839865323707,0.3444655703587,0.0952560273833,0.4014623926020,-0.0529851230976,0.6833512539130,0.3370751605538,0.5837980493203,0.3267139395564,0.3971280761259,0.0526724127789,0.3764116449206,-0.0009973418610,0.2584829204078,0.1191296794648,-0.1924748905547,-0.0905152809903,0.0854760068206,0.5268771514944,0.0701881453084,0.0658763541843,0.1028140251117,0.2775056265073,-0.2725880047175,0.0577752980815,-0.1449094965141,0.2633482501046,-0.1244034510032,-0.2038541444222,-0.1553295628038,-0.1913757155049,-0.1467107687155,-0.0243241926183,-0.0926357398741,0.0301380893507,0.3597608249398,0.1208381621354,0.1679524323219,-0.0517480470728
-0.1190260854138,-0.0560382173551,0.0353731227591,0.1535334225965,0.0835117870412,0.1445645223679,0.2788014227416,0.3004783692417,0.3540711010955,0.1024158531454,0.3979069967022,0.1860841599239,0.1770525635426,-0.0286394335390,0.2260237827172,0.5917809597335,0.3553284613056,0.4157167761023,0.1721060642162,1.0000000000000,0.4227860099353,0.2467634105165,0.4220593016184,0.6134354943919,0.4590847775434,0.1895048279731,0.5900415889280,0.0289829522165,0.0503697513864,0.1399454408437,0.6408451962598,0.2550466332723,0.5628739487416,0.2023438319796,0.3824662009286,0.3965942801328,0.3133659845529,0.6303228994675,0.2579141349454,0.2356758224869,0.1139795580758,0.1099906430574,0.5262020434398,0.2636953714190,0.3107840802173,0.1193715137041,0.0778176400558,0.3245956752235,0.3363008689926,0.2121135932113,-0.0100864718635,0.0381993608672,0.0797991298672,0.1762691797216,0.2149587123408,0.0387869926342,0.3098989000294,0.2256205248314,0.3444866626119,0.3677773430157,-0.0234758935611,0.2232835901078,0.0141381900639,-0.0759473883676,-0.0847921263488,0.3739495331646,0.3751522129143,0.3554174653346,0.3737724865140,0.6618895284372,0.2068876903999,0.2887619740673,0.4030222022446,0.3224952299152,0.5672624922900,0.2847487250945,0.3802923949017,-0.1173567804815,0.0809980396709,0.5493257710595,0.2612230583072,0.2398780797196,0.1780755644225,0.4790846158611,0.2483283639425,0.0713076852067,0.3190502113078,0.1863402492326,0.3953937376209,0.4301240802305,0.2482711874417,0.1193549980596,0.1185340771943,0.0467624855898,-0.0651473311671,0.3552383717948,0.1418229931034,-0.0109540483297,0.0035233914730,0.0050392743651
0.0184806668459,0.0430236790317,0.0333655017299,0.1320905758188,0.1067910304679,0.0474179035884,0.0671543513965,0.1040469502384,0.2113095479157,0.3685308027903,0.3798020479354,0.4080024831323,0.2705865218364,0.1255374419762,0.1936720326095,0.3190928082248,0.5542677548100,0.1555666346665,0.2412530452849,0.4227860099353,1.0000000000000,0.3847092125765,0.5096740778540,0.4517254338587,0.1189576703703,0.1989284172464,0.3539876806600,-0.1121471150619,0.0568963925892,-0.0607204235405,0.1801845677453,0.0188114694175,0.6180702042441,0.1163845881689,0.0961687094545,0.4191264345242,0.1954871523695,0.0239885833045,-0.2073159827750,-0.0215606803238,-0.1937961029042,-0.2918903198474,0.0626664232587,-0.1445781156898,-0.2004363308743,-0.0017241653051,-0.3073110873275,0.0098850521455,0.2625518915447,-0.1434933768041,0.0289962539387,0.0070512088446,0.0841346716952,0.0497530291244,0.1148247216435,-0.0142946046488,0.1388489182745,-0.0549983597621,0.0679281896154,0.2399971849884,0.2811975221907,0.4396222655237,0.2852858369702,0.0583162145259,0.0758619830263,-0.0206309486705,0.3178549208817,0.1707795272584,0.4422860293060,0.5451386971172,0.7680104129185,0.5664318818131,0.3806148994462,0.4588744416472,0.5828877866576,0.3416124054628,0.3674640285197,-0.1699910910583,0.0785167388803,0.4901446689345,0.2379097816146,0.4896019712011,-0.0758464454840,0.2380497759983,-0.0250944500212,0.2178298375642,0.2352882062251,0.2327541733837,0.0437522928877,-0.0592810467523,-0.1229756961698,-0.0873137580849,0.0031636799523,-0.1413073794877,-0.0939734243075,0.1237270714173,0.1322237280494,-0.0819415745407,0.0036083761645,0.0249198408051
0.3240830306961,0.1689807026948,0.1972803031846,0.1974025669120,0.4594732047117,0.2031723357515,0.2881011355740,0.1107114022882,0.1814159110613,0.7058395151968,0.6258505388256,0.6916966830153,0.4819816548534,0.3574194097722,0.3474881683785,0.2374368470968,0.4120185134155,0.2749307882752,0.2395565783975,0.2467634105165,0.3847092125765,1.0000000000000,0.7186596799574,0.4443808626707,0.1054810545659,0.4759258102472,0.5128556300817,0.0945921700032,0.3293145759169,-0.0071538112560,0.2951816988274,0.2339566661981,0.5397148063703,0.4115740134596,0.0528263822992,0.1208465344529,0.3782097871733,0.0888571633381,-0.0183968452205,0.4087940593787,0.3256931604422,0.1704050018182,0.1482867121079,-0.0047845243429,-0.1214184597304,0.3919443516291,0.1340725246354,0.1186519770526,0.4914045374540,0.2807593442091,0.3334392404464,0.1791737217472,0.2073805780497,0.2108029508722,0.3449491237161,0.1539427828047,0.1349727555618,-0.1988987713999,0.1327448183092,0.0562065658217,0.6648195007191,0.5859596897812,0.4648457375806,0.2125677790885,0.1761501042880,0.2455798631842,0.0734708027650,0.2764089363097,0.2814179083251,0.3052207619349,0.4714363808969,0.6614175171649,0.5405833204785,0.2074737259543,0.2785990556098,0.2421172102423,0.4901489455477,-0.0558452872153,0.2540057008232,0.3141106079505,0.2445317778129,0.3585600096542,0.3576522994673,0.2955043242767,-0.0314765949992,0.1801843493173,0.2322763451209,0.1468110099141,0.2422137689634,0.0864263834592,0.0398223524961,0.3422891976329,0.0597354154006,0.1738057878821,0.1917067582139,0.1795270859233,0.4901752996782,0.4536707559319,0.5218442815359,0.3436148673998
0.2236364167682,0.0862087354406,0.0746330681035,0.2729478990462,0.3956462827531,0.0863426942188,0.3075978926485,0.1413295486319,0.3156042418776,0.5698026828944,0.6820946354415,0.7230349999485,0.5100642134149,0.2146618151630,0.2226478345052,0.2322274845628,0.4274804723228,0.3141213491996,0.0958655315620,0.4220593016184,0.5096740778540,0.7186596799574,1.0000000000000,0.5752527489877,0.3685647790573,0.5960665690525,0.7333588977011,-0.1156685990124,0.2367076417143,-0.2089779112356,0.2727136049201,0.2806006337326,0.7567579128714,0.5531697516746,0.1150846333094,0.1675501265662,0.4072172103997,0.2093338068210,0.0076367248255,0.4470956551739,0.3106973663832,0.2168399425373,0.3394857659727,0.2206801834955,0.0805155660171,0.3608939608390,0.0459429736362,0.0820081203619,0.4033258934933,0.4064580607517,0.3591770624543,0.2113502747461,0.2886159945796,0.1648119671508,0.2662111113363,0.1703952826685,0.1844001125020,-0.1266021805962,0.1983082665283,0.1915508023690,0.4178305651818,0.5850577559920,0.4465810649254,0.1943358998291,0.1824562051630,0.2819478504842,-0.0333138598205,0.3388676880816,0.2994281569349,0.3197781440766,0.4455358224910,0.8267096114829,0.5916457863139,0.4239723409630,0.3987194782214,0.5417180046354,0.6231471801543,-0.2753839398021,0.2844568010919,0.3465096362357,0.2772266854581,0.4403892784093,0.2046218121137,0.2727587418056,0.0990460139606,0.1904562738002,0.3538469680378,0.0939000036657,0.3771369227057,0.1603554253366,0.0205138516197,0.2923388499294,0.2842305322651,-0.0406664648775,0.1560334925493,0.1109536474536,0.2784018272244,0.3156399938365,0.4219052215701,0.3707305064175
0.1063629917861,0.0930726365688,0.0745560696833,0.2517156030454,0.2486706960594,0.1494629383607,0.3356556696306,0.1914839931596,0.3485443799424,0.3479123194163,0.5895293432154,0.3670746859636,0.3472910637542,0.1924178114948,0.4958741666974,0.4841305811037,0.3173962143047,0.4415819349728,0.1835417682513,0.6134354943919,0.4517254338587,0.4443808626707,0.5752527489877,1.0000000000000,0.2990623121512,0.4378059605353,0.6534080111421,0.1429735329601,0.2804567040854,0.0424514749450,0.4738629762414,0.0955662018381,0.4535103003758,0.3654782050222,0.4404913046569,0.5392294353175,0.6009165722397,0.4523027100444,0.3888113518478,0.4713352208312,0.3407393727700,0.1332552634216,0.4071856692402,0.2037137781701,0.0915945638256,0.2601581260985,0.0222430563590,0.4499534331685,0.5385176685894,0.4573404992639,0.1859350869311,0.1629000123864,0.2231314769446,0.1996303311187,0.3770669686516,0.0963396970899,0.2272356106738,-0.0608522632499,0.2823496395048,0.3255574575561,0.1643631738572,0.4490994492494,0.0974957626440,0.0570942051235,0.0791656519183,0.4735543987317,0.2361219851493,0.3301492673745,0.5384110635125,0.4897396254150,0.2769432381670,0.4939844286633,0.6914252747210,0.3745963532457,0.2821195527026,0.4432502807466,0.4834322438502,-0.0143300334335,0.2954467175966,0.4973958586610,0.1467622650768,0.1786438870487,0.3119708446383,0.3056831568161,0.1417838974404,0.0586284894790,0.4891577072479,0.4225355774618,0.3476420800490,0.3544132548627,0.4253511284830,0.4010210514968,0.3025614594826,0.1369977388168,0.0541627778901,0.5130089868580,0.4140162460310,0.2462666492199,0.2447107287460,0.2639228785287
