1.0000000000000,0.4102245697875,0.3131064248347,0.4664187208454,0.7188654336089,0.6054823550410,0.5722395833500,-0.1333764897179,-0.2828248558218,0.4499036643586,0.2781343041768,0.2139738681455,0.2030168676779,0.5643388234876,0.3035287332911,0.2241962575516,0.1088365443929,0.4650875955210,-0.3602029872598,-0.1526359767926,0.3252985339554,0.0815791561647,0.2803631447720,0.3460682702010,-0.1274704632241,-0.0699907330225,0.1539408631004,-0.0426467533026,-0.0038248247376,0.1408792985406,-0.0147880327887,0.0513007996219,0.1391035980488,-0.0241045122164,0.1733888070826,-0.0030064783640,0.1160428828233,-0.2806045696994,0.1199672419404,-0.1816145998998,0.0853634637963,0.3140909784337,0.0773863908531,-0.3833602602543,-0.2472763683462,-0.0621483989133,0.0435466245309,0.1932298215861,0.3172754039748,0.1635091903828,0.8161188639692,0.3190690933172,0.4687309901883,0.3941177534382,0.5845006957788,0.5303624764988,0.2414086904233,0.2709674272785,-0.2448417225248,-0.2630491342430,0.1880033238721,0.3847055187363,0.2860202202526,0.2083204816388,0.6184831280832,-0.1251601780276,0.1525827848638,0.3822430768619,-0.3876891363756,-0.0973440201994,0.0470854144509,0.2587209605299,0.3287713607754,-0.1092473607367,-0.0837289912367,-0.4285909948483,-0.1760761195951,-0.3418542566639,-0.1282143864733,0.3040137902401,-0.0154596052507,-0.0312139699052,-0.1410501764165,-0.0082667970532,-0.3887445973408,-0.2366761413344,0.1067857994927,0.2769405441626,0.0562892767598,-0.3622538036924,0.0855402338598,-0.3121856980668,-0.4367696547522,-0.2301941763477,-0.2380674794529,0.1851776861216,0.4137153680525,-0.1125978701094,0.1882820870412,0.2036920034068
0.4102245697875,1.0000000000000,0.3894109410633,-0.0501158764810,-0.0581892560539,0.0967649596243,0.0972148892826,-0.0947603161509,-0.0664653647161,0.0274939397258,-0.0358109881137,-0.1279898200279,0.0001359622143,0.2181254360298,0.0983444984840,-0.0555460851656,-0.0066540288795,-0.0332884906527,0.0114894602163,-0.1620289480184,-0.0515220486871,-0.2518807432007,-0.2079196350363,0.0137785809237,-0.0998767094943,0.0648650683628,0.0192507252798,-0.0186713868172,0.0308712536265,0.3029176347097,0.0387107037309,0.0523695091336,0.0043079485346,0.1832165413306,0.1366986170387,0.0228150731576,-0.0976631022195,0.0128918858454,0.0504441452206,0.0479187293203,-0.1459558536396,0.0083311657864,0.0491160409247,0.0337174211413,0.0255740547863,-0.1386451907723,-0.0473913287091,-0.1585448284473,-0.1171900390749,0.1297215269935,0.1981821574377,0.7396769321310,0.1898357308301,0.1310297657227,0.1183123001243,0.2508391090734,-0.0435725557506,-0.2469217516200,-0.2814559950133,-0.1084067548519,-0.1307523356548,0.0013425356810,-0.0738727349572,-0.1057774896243,0.4651679602639,0.0514338824533,0.2120161738470,-0.1533063700330,0.0132995049793,-0.2654380231008,-0.1058593488854,-0.0814224732389,-0.1226548614446,-0.1834134404601,-0.1526904656930,-0.0652438781775,-0.0080530766341,-0.0118396636259,0.0169304936963,-0.0136943217484,0.0321884321293,-0.0535151249204,0.1910020133260,0.1583793163769,-0.1382514864825,0.0269406428548,-0.2139831498843,0.3999962138893,0.0657054442634,-0.1445996689903,-0.0660253741685,0.0463640671306,-0.0100575913087,-0.2351298539954,-0.2430831841526,-0.1770917774379,-0.0287998274979,-0.2503188198118,0.0328788850391,0.0277390588320
0.3131064248347,0.3894109410633,1.0000000000000,0.1371441204568,0.1834706768584,0.5127342264305,0.3543560955430,0.2658035124481,0.0973007915566,0.0856489965131,0.1999761126547,0.0112879684590,0.2873269265491,0.1232749364139,0.0533002465634,0.2109553520758,0.1546148558680,0.0692427918157,0.0520484070546,0.2636253202862,-0.0389700154597,-0.1972256019543,-0.0088390295893,0.0385067149799,0.2327535650853,0.2505455850676,0.4527676084727,0.1510010736294,0.0081846312906,0.0311968946204,0.1950890689601,0.3647677334689,0.3166118766509,0.2919648275088,0.2534279172464,0.0377647374639,0.0080184028690,0.3906718063725,0.2297338066139,0.2345493819325,0.0351032015198,0.0558819534296,0.1263852009176,0.2139847659407,0.3475639091006,-0.0307884774983,0.3499964418883,0.1074869440882,-0.0326667685840,0.0662499371979,0.2988934425102,0.6386138044770,0.1719343513027,0.7884079929914,0.3065231711498,-0.0525940211117,0.1903607381107,0.1920227992038,0.2191002936419,0.1448550472436,-0.1931198733929,0.0357236129366,-0.0563064865936,0.1173556725537,0.0601835816367,-0.0933517430484,-0.0698210032997,0.0240295104638,-0.1140839973469,0.1479756276805,-0.2351068957083,-0.1055823392816,0.0227022140175,0.1919071560128,-0.3050719165049,-0.1598499197203,0.1840264866769,0.0986292516547,-0.1304104905581,-0.1013034351384,0.1749723453342,0.0579253184434,-0.2455840434222,-0.0427413969343,0.1981479696986,0.1708633782379,-0.0449470063110,-0.0997787411813,-0.0167391636078,0.2012362348818,0.0292307074102,0.1696433286324,0.0924217152146,-0.0369233611118,-0.0944978820446,0.0453820096186,-0.1532056105791,-0.3280857566746,0.0409715685370,-0.0707146846701
0.4664187208454,-0.0501158764810,0.1371441204568,1.0000000000000,0.7705267034932,0.5616048087942,0.7090494386020,-0.2457723381674,-0.5741554443121,0.2361191145195,0.5353394559988,0.1378785702740,0.1396810191492,0.6519236160279,0.6840320751776,0.6384094173775,0.1735206140403,0.6892202295357,-0.6150967411926,-0.3924864791524,0.5940947568330,0.1890011253387,0.4698268063111,0.2578179945046,-0.1955421832216,-0.4265216204124,0.1364377942420,-0.0457634023244,0.2289385129843,-0.0261192527838,-0.0099361524805,-0.2355871793439,0.2186524035348,-0.5425612086394,0.3265234648029,-0.0995004665769,0.1367727723047,-0.3643838805712,0.2163222794384,-0.3241142380691,0.1941774788027,0.4513646003888,0.4704617342741,-0.6921103141273,-0.1699576965214,-0.1651640431514,-0.0502613372237,0.5036385457588,0.6143253842132,0.3207975491688,0.5670231998300,-0.1032155768050,0.6875635430390,0.2938164118067,0.5333673159961,0.7171970505326,0.4517174367726,0.6862886112412,-0.2950165302760,-0.5109252499999,0.0888764055676,0.5830037957598,0.3687044359657,0.4228328677744,0.4041072266491,0.0396493142292,0.2549577599377,0.6235892666880,-0.6534104324665,-0.2631874617445,0.1247160723126,0.3054512931051,0.2785129135594,-0.2743999082819,0.3927393110794,-0.5693785453886,-0.2034652636005,-0.4014982466764,-0.0865701556058,0.4786512613302,-0.4489640087579,-0.0376433311874,-0.4048670569596,0.1057220085152,-0.2489887733522,-0.5785761276486,0.1982633140137,0.1253785641057,0.4120593304585,-0.5005970378116,0.2843572876279,-0.5754882517626,-0.7048459720593,-0.2924419116657,-0.4141224392091,0.3915120252507,0.4152810621560,0.0940542375652,-0.0101314316256,0.4067871440500
0.7188654336089,-0.0581892560539,0.1834706768584,0.7705267034932,1.0000000000000,0.7558575336220,0.7279231226296,-0.0267482591283,-0.3279898463952,0.4923670283462,0.5155022166074,0.3488537883440,0.3196871020104,0.6145187258065,0.5062988643250,0.4196192667454,0.2316384487224,0.6965318743301,-0.4617648724974,-0.1328846248736,0.5289632578990,0.2901521189855,0.5506358465968,0.4372211651273,-0.0814296420719,-0.1691252793614,0.2470375293746,-0.0542080667858,0.0890572781920,-0.0581487989586,0.0521428354727,-0.0209112310483,0.2395969552029,-0.3101382564152,0.2015756360532,-0.0598914134628,0.2680343294935,-0.2997870538717,0.2135407980535,-0.2895048085849,0.2133482678611,0.4230043064297,0.1800421713781,-0.5035887884983,-0.1945920902186,-0.0509433786682,0.0521272251882,0.4225119093054,0.5299321672744,0.2743376867390,0.8266649343305,-0.0886191415191,0.6039084489701,0.4844916763577,0.6838167388611,0.5753868109738,0.4329551123867,0.5882270798734,-0.0574599511521,-0.2783485680450,0.2520797454077,0.5544115424813,0.4025405537988,0.3927134077137,0.4655110736680,-0.1167513249139,0.0491460573453,0.6442933445577,-0.5389963645027,0.0063661463057,0.1395943858339,0.3947711461301,0.4924924682497,-0.0277442878070,0.1010429116911,-0.4388986526204,-0.0974277803144,-0.4177272438353,-0.1424524831871,0.4740635574043,-0.1720407752693,0.0209847048346,-0.3580935690121,-0.0977942813058,-0.2796332148253,-0.3959442207262,0.3062629606332,0.0989031225694,0.1629797493608,-0.3469573525884,0.2267674097704,-0.4572065488755,-0.5304800986247,-0.1807463401457,-0.2312763977780,0.3617843984312,0.4801260696831,0.0705470784189,0.1444359406862,0.3101872207888
0.6054823550410,0.0967649596243,0.5127342264305,0.5616048087942,0.7558575336220,1.0000000000000,0.6970706915553,0.0487868349202,-0.2209001665932,0.4825326249999,0.5365029173235,0.2986113046340,0.4593264870557,0.4745274749722,0.4244088580755,0.4038013746096,0.2901565978756,0.6083727620316,-0.3627528771353,0.0084339010216,0.3793532581763,0.1674765157452,0.4220804702982,0.4152514349255,0.1033660644010,-0.0301650138867,0.4366449769276,0.0442495864322,0.1054761660494,-0.0640033353826,0.1879285210813,0.1387828904167,0.3861341946222,-0.1478852823265,0.2974446904352,-0.0047919589179,0.2978627065325,-0.0469366605488,0.3863596286287,-0.1179900668708,0.1778862607320,0.3320566274050,0.1495158301946,-0.3160063551305,-0.0369094272064,-0.0223566212800,0.1154939661354,0.4997615480829,0.4284502229401,0.2647116459990,0.6345588231235,0.1606065155312,0.4399025314112,0.7275461272425,0.7963434279908,0.3897403390789,0.5077977939737,0.5350859244007,-0.0083168919150,-0.1732361851691,0.1901445111509,0.5120654748052,0.2637906478472,0.4450582017927,0.3992188314503,-0.0861962852097,-0.0072611461079,0.5577364384477,-0.4713416165400,0.0286137669672,0.0393427224622,0.2600761581907,0.4465828297851,0.0769273934229,-0.0886123439223,-0.4062450767332,0.0874852984822,-0.2637958780167,-0.1223894664211,0.3812432978462,-0.0875438026887,0.0739588772902,-0.3383995368887,-0.1010825934389,-0.2092539215665,-0.3111657902912,0.2948896392367,0.1246976386072,0.1132870023847,-0.2082778163933,0.2781420544964,-0.2718965874922,-0.3987887715444,-0.2325427297073,-0.2440223418388,0.4250446763443,0.3818467355458,-0.0306028677672,0.1090760524907,0.2465819481259
0.5722395833500,0.0972148892826,0.3543560955430,0.7090494386020,0.7279231226296,0.6970706915553,1.0000000000000,0.0731781405201,-0.1338441708081,0.3469952759092,0.2489703805125,0.1868905420389,0.2792269855551,0.3832775516332,0.3129397171708,0.5496860153343,0.2757914851807,0.4337465823050,-0.2090828383358,0.0604361946634,0.2577311383116,0.1430967060329,0.2922220282815,0.2858430780824,0.1190927327477,-0.0833059831081,0.2134802429109,-0.1419398423523,-0.1731957789109,-0.1343373955639,0.2904090754177,0.0819231620699,0.2476630649119,-0.2267673160913,0.5170862319522,0.2939236152587,0.2968126131874,-0.1181039906281,0.4243948643461,-0.2162911344717,0.0480932520097,0.2384926091642,0.1963820503943,-0.3804323727659,-0.0410818551932,-0.1518898666725,0.0623195199105,0.3421242166011,0.2971409833281,0.0517896417984,0.6639626091249,0.1380322003858,0.7260935154924,0.6124417123399,0.5656120542182,0.6935170464924,0.4032551235959,0.5072380076858,0.0488931109246,-0.0827778638942,0.2131100826058,0.2836966562066,0.1714952279815,0.2914136108743,0.2672768670742,-0.0919147739607,0.3732234430443,0.4703694260984,-0.2636243091583,0.0962675990345,-0.0229278075085,0.1281966326363,0.3945365463993,0.0436417806653,0.2133465996776,-0.3521623102465,-0.1476563704919,-0.3791656390477,-0.3995583522421,0.4530655270986,-0.1243660619507,-0.0599054561246,-0.3432209103501,0.0586930699809,-0.1111687121246,-0.2943832002192,0.2621473644226,0.2373054268493,0.0457866549059,-0.1417672945866,0.1965658145801,-0.3854838147094,-0.4581171785203,-0.2292300618811,-0.2132523177025,0.2754130260021,0.2256143534164,-0.0104341949817,0.0194635251648,0.0609911924208
-0.1333764897179,-0.0947603161509,0.2658035124481,-0.2457723381674,-0.0267482591283,0.0487868349202,0.0731781405201,1.0000000000000,0.8198044989830,0.0451323410583,-0.0174333678218,0.2242056798048,0.2988960011063,-0.3464995327524,-0.3433174418599,-0.2576274480952,0.2698337858466,-0.2277476922394,0.7329328442065,0.7851444702109,-0.3213042053285,-0.0092411984411,-0.1473416870246,0.1601556667468,0.3615513327984,0.5395408305510,0.3136226625541,0.1401063842214,-0.2210507706609,-0.2863923569534,0.1477452152549,0.3338632240452,-0.0555580768802,0.3926345016128,-0.2387588099351,0.3423898867418,0.1067046827173,0.4950120929499,-0.0588202722544,0.2722163158767,0.0454676685059,-0.3488733631754,-0.4305001136912,0.6092637496763,0.2320009480887,0.1150809484608,0.1937414915494,-0.2623533338992,-0.3765592051965,-0.2461756638840,0.0946642845998,0.1374820311355,0.0423366723955,0.3895094565908,-0.0550076477714,-0.2706240462564,-0.0591675805533,0.0212147227586,0.8488399289850,0.8005978848413,0.0053154044319,-0.2236163692087,-0.1441037292664,-0.0883646061665,-0.2355657552353,-0.1091185385120,-0.3047131802661,-0.0246792344657,0.5639598375815,0.7135299892702,-0.0369809766558,-0.1647034713427,0.2258149723098,0.6710488978079,-0.3356438799148,0.4725924398837,0.2343322061083,0.3227151324974,-0.0948523093429,-0.1977060533521,0.3946971464844,-0.0066309924924,-0.0763678495118,-0.4003680167095,0.3030538400867,0.5031374561686,0.0092023814661,-0.3276872919633,-0.4902522181178,0.7277901970678,-0.2140012094192,0.4291429138035,0.5723440715271,0.4410003976949,0.3527268768018,-0.2073854714020,-0.2624069381033,-0.0381866644336,0.0185591702056,-0.3241365718024
-0.2828248558218,-0.0664653647161,0.0973007915566,-0.5741554443121,-0.3279898463952,-0.2209001665932,-0.1338441708081,0.8198044989830,1.0000000000000,-0.0909454665520,-0.2890997776905,0.1747431789287,0.1330757773271,-0.5801001497025,-0.6460910015202,-0.4899787272936,0.1972076134314,-0.5636575679323,0.9171822098258,0.7786210221872,-0.5616816466037,-0.0616251358992,-0.3184714275865,-0.0713787829499,0.3763214671803,0.5917046795303,0.1075544514881,0.0100993241687,-0.3861293347990,-0.2840186982222,0.1108738271962,0.3435251553995,-0.2018408438306,0.4970447153271,-0.3191644758205,0.4342886149069,0.0112997558657,0.4389690314201,-0.2029007872071,0.2831509593825,-0.1237680016642,-0.5469625274874,-0.6259088418468,0.7193764858001,0.1649744732417,0.1318460182014,0.1225995707833,-0.4938083779122,-0.6238747873913,-0.5031445075343,-0.1159507483693,0.1373461117398,-0.1417061241808,0.1939421626349,-0.2723524834936,-0.4009109135710,-0.2448985687664,-0.2858462557200,0.8064414183416,0.9702580577084,0.0550506279905,-0.4490880989364,-0.1997454654569,-0.2348843214868,-0.4010684067741,-0.2060260761231,-0.2360240273555,-0.2747350061273,0.8496073985276,0.7280486282756,0.0129339754161,-0.2652750149508,0.0417474469278,0.6679814897535,-0.3445268968560,0.6476224427451,0.1933014597052,0.3510248144877,-0.1437561609859,-0.3468634143177,0.4822443912686,-0.0327832604469,0.0389557755004,-0.3754141525725,0.2940013335972,0.6259731255156,-0.0970730500943,-0.2995890465726,-0.6591733680767,0.7797766816591,-0.4151687961114,0.4895317883675,0.6902850413638,0.4885797981112,0.4762706610804,-0.4065697140745,-0.4368473055075,-0.0347195553469,-0.0672442579008,-0.5062852221164
0.4499036643586,0.0274939397258,0.0856489965131,0.2361191145195,0.4923670283462,0.4825326249999,0.3469952759092,0.0451323410583,-0.0909454665520,1.0000000000000,0.2766091465090,0.4399335076472,0.4356523029359,0.3148655360895,0.1831258336380,0.1780373580995,0.2315031616071,0.5273458693167,-0.2585231468687,0.0990243363422,0.3157969036754,0.4086227300097,0.4070665231725,0.4883630283775,0.2362649251367,-0.0025438234464,0.2898719995287,0.0740191089105,-0.0618456729838,0.0452560365657,0.1467246823928,0.1219804515774,0.3365814929251,-0.0101676439105,0.1877023634032,0.0151034158358,0.4787456648992,-0.1447541254084,0.3512135752587,-0.0250331082937,0.2215342346243,0.4088891444154,0.0440483102039,-0.2580689303121,-0.1071787452753,0.1531295690426,0.1469032471144,0.3668666649157,0.3703819220425,0.2670682918632,0.3806145090958,-0.0364713340593,0.0960491089921,0.2147819286161,0.4054255464284,0.2165662941156,0.4380525360224,0.3804063145507,-0.0884432266588,-0.0607548044965,0.7492658438107,0.4201816203557,0.3114323067758,0.3150982357156,0.3226798755478,-0.2408957883837,0.0775912816144,0.3497846962483,-0.2652930083286,0.1373369559519,0.0136104876787,0.4434883600525,0.5035201946815,0.2088279119252,-0.1036592218578,-0.3437923866798,0.0355766279916,-0.2696763312896,-0.1706680551517,0.3345689314816,0.0485161635365,0.1856470292363,-0.0993474251674,-0.0317545441760,-0.2529214554825,-0.2485337780966,0.4281943973549,0.1774513167952,-0.0419254436609,-0.2587753312261,0.2959161410844,-0.1766052580829,-0.2961601280604,-0.1877939329906,0.0072935927630,0.2868284390590,0.4163366492229,0.1188468129279,0.3059469213829,0.1501702872201
0.2781343041768,-0.0358109881137,0.1999761126547,0.5353394559988,0.5155022166074,0.5365029173235,0.2489703805125,-0.0174333678218,-0.2890997776905,0.2766091465090,1.0000000000000,0.3856477396304,0.3640559126185,0.5268645278687,0.5743569002940,0.2186841613600,0.3015775865120,0.6543022302893,-0.4244671010548,-0.2615384831737,0.5111438202349,0.1863611616102,0.4796635742622,0.4030588486842,-0.1428224461319,-0.1071748748931,0.4684455504226,0.1584928374818,0.5077978056359,-0.0886049032191,-0.0815702666068,-0.1187308950595,0.1906378182409,-0.3539006744274,0.0016486877909,-0.2247188676540,0.1941278711223,-0.1985290183637,0.0976595533616,-0.1253735100877,0.1996990909849,0.2360675444363,0.1370359708005,-0.3969251851597,-0.2464494313977,-0.0395310899771,-0.1763686524536,0.4277029705883,0.4999684524466,0.3377174620240,0.4229948654666,-0.0127098228186,0.2914294824937,0.2560741368386,0.5407133239944,0.2177736178383,0.4341171840873,0.5814604211896,-0.1146932370687,-0.2403008668477,0.1036804578485,0.7876536845758,0.4854044031170,0.5614791959224,0.4626691259428,0.0546139061596,-0.1834014821650,0.6604575802319,-0.5027402082555,-0.1529262309256,0.3442779699033,0.3681275661259,0.4227878127646,-0.0560068134079,-0.0214041964854,-0.2822453419946,0.0865749782514,-0.1611583759405,0.3218214520135,0.2740140048392,-0.3232579072794,0.0055741782125,-0.3537551637465,-0.1684618882751,-0.3279213124016,-0.4445517430770,0.2505597729259,0.0007250128384,0.2603768595909,-0.3229717522272,0.2445708254567,-0.2748128811157,-0.3914630432054,-0.1666827883695,-0.4178534231301,0.4342467872857,0.4215820878140,0.0688384373852,-0.0406016088958,0.4821105692518
0.2139738681455,-0.1279898200279,0.0112879684590,0.1378785702740,0.3488537883440,0.2986113046340,0.1868905420389,0.2242056798048,0.1747431789287,0.4399335076472,0.3856477396304,1.0000000000000,0.5334359517966,0.3104423525526,0.0434274386703,0.0081743964561,0.7102210776499,0.3316605898426,0.0438891319452,0.1760909197040,0.3775516326329,0.5385140907886,0.5594356469530,0.4613329104019,0.0386019033270,0.2298233711329,0.2684726759031,0.1036471939404,0.0387825432640,-0.2464830253424,0.1973712552263,0.0484919042578,0.1594921497007,-0.0519400546005,-0.0639156811371,0.1610406474827,0.3856464450246,-0.2594325291871,-0.0481501354245,-0.0033269734717,-0.0114539742410,-0.1560324612498,-0.3667820390399,-0.1710077822261,-0.3926557058969,0.2154832185874,-0.1158400958572,0.1905635705750,0.1166773503474,-0.1277512054812,0.3333632205774,-0.0588349342881,0.1350361584971,0.1963321166625,0.3048296431335,0.0393134329665,0.4053879650042,0.2967415163059,0.1367839754408,0.1896084585386,0.5630932622319,0.4353805992627,0.7785772186748,0.5483796562593,0.2320758089396,-0.3555834239864,-0.0481985690361,0.5650787963677,0.0475005053399,0.3475855579517,0.5922482750277,0.6650366333954,0.5725871765406,0.3396357885606,-0.0591904379388,0.1412730730130,0.2262910962627,-0.0635759008765,0.0520782599798,0.2704583385445,0.0973071855640,0.0508900085242,-0.3339577459713,-0.3590055097781,-0.3868696835781,-0.1141640022551,0.4131962215467,0.0790373851863,-0.3230838820830,-0.0360260159041,-0.0358641943780,-0.0782890911054,-0.1539757980159,0.0918608593804,0.0494194914319,0.2006962154694,0.2636668171965,0.2248175899853,-0.1925442474318,0.0726965422027
0.2030168676779,0.0001359622143,0.2873269265491,0.1396810191492,0.3196871020104,0.4593264870557,0.2792269855551,0.2988960011063,0.1330757773271,0.4356523029359,0.3640559126185,0.5334359517966,1.0000000000000,0.1541471560860,0.1564736367114,0.1853902290523,0.6124505118397,0.4032313799292,-0.0449243687647,0.3159302284997,0.1683834475444,0.2377732389900,0.3041841228882,0.4148142286182,0.4154409778489,0.2589050170679,0.5543379304138,0.1807611384708,0.0627912025429,-0.1119067459771,0.3494771988615,0.3050062828176,0.4605457128386,0.1150509460225,0.1982132146612,0.1224904459291,0.4474854046910,0.1631191540670,0.3385367724109,0.1386241944425,0.1088469878804,0.0442682635804,-0.0823848809245,0.0138881295056,-0.0270107721605,0.0934457049095,0.0775967897536,0.3520302049627,0.2191947368490,0.1144230252129,0.2404384918455,0.0360047176707,0.0799501012504,0.3634955336466,0.3761558617041,0.0042974325831,0.7032151273803,0.3556922588434,0.1290744653539,0.1434748791342,0.3126358080089,0.3983387944278,0.4034321344236,0.7724215732768,0.1736722576872,-0.1948166984070,-0.1076615860804,0.5262334588332,-0.1187622937609,0.2840399805088,0.0642470977314,0.3040989991426,0.4101447138012,0.4171956913227,-0.3271234571809,-0.1173329582973,0.1659186417079,-0.0951642077453,0.0051794340872,0.2169060137269,0.0395064791745,0.1026971403977,-0.2318131064924,-0.2872283493803,-0.2339765717973,-0.1631345592056,0.2982086277335,0.0584663368894,-0.2073013681992,0.0112665006505,0.1763493877468,-0.0137042935663,-0.0770528530404,-0.1064173031205,-0.1152760836619,0.2818608346607,0.2247493696200,0.0685994459994,-0.1017177864855,-0.0233760610968
0.5643388234876,0.2181254360298,0.1232749364139,0.6519236160279,0.6145187258065,0.4745274749722,0.3832775516332,-0.3464995327524,-0.5801001497025,0.3148655360895,0.5268645278687,0.3104423525526,0.1541471560860,1.0000000000000,0.6988257451350,0.4762926485378,0.3415131246387,0.6797519585853,-0.5990148490074,-0.4108368129571,0.8116836333229,0.2059592733987,0.5218428389190,0.4357202917121,-0.3446150269470,-0.2352479824132,0.1781693219698,0.0813809268077,0.3882272500613,0.2393050446387,0.0614812482511,-0.0877464405667,0.3129613687087,-0.3450596221370,0.2363739345736,-0.0688822039641,0.0979101322152,-0.4347539028436,0.0216355696877,-0.3920483750922,0.0116626089124,0.3584508698840,0.2928625944575,-0.6724250051305,-0.3076984634192,-0.0370414281653,0.0016064064252,0.3570002207450,0.5533584382528,0.4176680459947,0.5431352596035,0.0502170862393,0.4079540301718,0.1368990022772,0.4924118349839,0.4049077338552,0.3758130898977,0.4922344256195,-0.4165479227386,-0.5274435011995,0.1442601861935,0.6416181514763,0.5492047889868,0.4017805058550,0.7081423382875,-0.0513560201615,0.1788059321737,0.5924216279889,-0.6132080506527,-0.2640200728565,0.3840549432141,0.5698358345993,0.3681823805714,-0.2565044720393,0.1806314246760,-0.4042163357838,-0.0332142103250,-0.2978606712266,0.1350146176540,0.4264604546229,-0.1646616766751,0.1085172725921,-0.2451889511969,0.0122716264001,-0.4058920561620,-0.5021309669749,0.1619567467453,0.2273119195208,0.2803754737112,-0.5578956239664,0.1234171009714,-0.5740846798689,-0.6299115025313,-0.2976924410513,-0.3088232772576,0.3082741604537,0.4573887393513,-0.0183039722900,-0.0118604938303,0.5348746831739
0.3035287332911,0.0983444984840,0.0533002465634,0.6840320751776,0.5062988643250,0.4244088580755,0.3129397171708,-0.3433174418599,-0.6460910015202,0.1831258336380,0.5743569002940,0.0434274386703,0.1564736367114,0.6988257451350,1.0000000000000,0.4507549114012,0.0984226371902,0.6942279602728,-0.6796248093803,-0.5078064986070,0.6903039579112,0.0268019861775,0.3662599010267,0.3458177934537,-0.3258344922005,-0.3340206242062,0.1622744949507,0.0875635563145,0.4336383711546,0.2096305064637,-0.0810189330302,-0.2651335881452,0.2187138569219,-0.4083873553494,0.2671256754742,-0.2015564038403,0.1362427779427,-0.1833327856028,0.3673698725734,-0.2114575883126,0.2555994805756,0.5768390595061,0.6065630124864,-0.5260663893847,-0.0593965575860,-0.0983769761438,-0.0288866047954,0.5679455789633,0.6526742243440,0.7359581312034,0.3225354606865,-0.0734632407287,0.3351039092477,0.0442365142712,0.4368342963406,0.4335182762932,0.3390589657582,0.4636587169577,-0.4574350937080,-0.6124506283866,-0.0833937893230,0.6351205602861,0.2640114745344,0.3684821371618,0.5710474487872,0.4269628414608,0.1107705813015,0.5133458182694,-0.6980830983519,-0.4368713911732,0.0791319249526,0.2950557259492,0.2324564173072,-0.3730958739435,0.0867313564496,-0.4864869960188,-0.0819369768219,-0.2551397213501,0.2429712822110,0.3425485239545,-0.4317538097011,0.0576171428943,-0.1114692054506,0.1936618590016,-0.2137605611652,-0.4980262237461,0.1459392273858,0.2729576356740,0.6064334680056,-0.5373165112295,0.4804277193033,-0.3591327751217,-0.4883677868191,-0.3319000528190,-0.4288851900542,0.4965489323523,0.4654659309452,-0.0114452178976,0.1555902339281,0.7165710409973
0.2241962575516,-0.0555460851656,0.2109553520758,0.6384094173775,0.4196192667454,0.4038013746096,0.5496860153343,-0.2576274480952,-0.4899787272936,0.1780373580995,0.2186841613600,0.0081743964561,0.1853902290523,0.4762926485378,0.4507549114012,1.0000000000000,0.1700610202243,0.5611300146387,-0.4402991403715,-0.0837597291014,0.4468465053612,0.0984410737241,0.4047182450890,0.2940405471857,0.1056301254268,-0.2587155196595,0.2864951555211,0.0202717061933,0.0660172483713,0.2279407922228,0.5260285024459,0.2031319655947,0.6051740334364,-0.2800673765804,0.7427064908075,0.2224632393260,0.2292038655073,0.0136471064823,0.3660837638400,-0.1835065953569,0.0049153252001,0.4010422332176,0.5850165047785,-0.4846088727111,0.1033104431914,-0.1195036503505,0.1792248267498,0.5351723184153,0.4699740898542,0.2950000179446,0.1793846348950,-0.0820754883552,0.3427144584399,0.2216462722009,0.2950374658203,0.3957478504930,0.3909382906010,0.4399153300849,-0.2971675899976,-0.4736475213917,0.0292287825252,0.3325582366159,0.1842780257350,0.3287779485675,0.1731456572158,-0.0493119178120,0.4773891665267,0.4037021721846,-0.4759096410524,-0.1230134959812,-0.1263547700607,0.2354075660352,0.2482040463049,-0.1634093450839,0.4131528100592,-0.4400602486834,0.0513793286127,-0.2789508168167,-0.2138021835253,0.5409000502015,-0.1418227833582,0.1262831046678,-0.1537394998212,0.3263808656385,-0.0405548928450,-0.3983922800572,0.2373120097112,0.2292533359884,0.2693818888050,-0.2767490105259,0.2673167566965,-0.4555376948335,-0.5599138157069,-0.3731114595663,-0.3564801081040,0.3552913640442,0.2147853610105,-0.0478645000546,-0.0633973099506,0.0841720175137
0.1088365443929,-0.0066540288795,0.1546148558680,0.1735206140403,0.2316384487224,0.2901565978756,0.2757914851807,0.2698337858466,0.1972076134314,0.2315031616071,0.3015775865120,0.7102210776499,0.6124505118397,0.3415131246387,0.0984226371902,0.1700610202243,1.0000000000000,0.2568794800134,0.0937811854586,0.2673550420014,0.3926585486501,0.4615636401345,0.3704437487985,0.3857331286197,0.0403292954686,0.3833255681083,0.2833894520504,0.1118338512011,0.0254216385365,-0.2482891347432,0.3966241537905,0.1678703495753,0.2227981227083,0.0363363637020,0.1012602350804,0.3895782372493,0.3313120772007,-0.0398152949941,0.0470802571662,0.0580358804286,0.0136186812125,-0.2899725264325,-0.2852305997905,-0.1108224545807,-0.3274238763321,0.1531012164085,-0.0381984156523,0.1717600113398,0.1254829373156,-0.1881313172616,0.2400030507980,0.0411080836643,0.2133451004683,0.2598383075050,0.2800234979073,0.0229371045198,0.4316449754620,0.3139658088106,0.1580637470140,0.2196192593437,0.3590118957681,0.2998853657440,0.6385965290412,0.6120618605107,0.1676755776362,-0.2832385606524,0.1060398173973,0.6246246342876,0.0697354979047,0.3891006838732,0.5068086687978,0.4507039127073,0.4725259209549,0.2984829413737,-0.0177138795908,0.1942459348160,0.1785719373907,-0.0631192618722,0.0149635354300,0.2866061337211,0.1310421015854,-0.0401230690303,-0.3480988613531,-0.3312597925076,-0.3070682252000,-0.0659892692428,0.2948867069561,0.1085255317602,-0.3021228005160,0.1114837470550,-0.0710747218998,-0.0715843211221,-0.0894255775634,0.0940198195262,0.0211058787559,0.1775528622201,0.1642896744471,0.2647621261590,-0.3297347479718,0.0039664717489
0.4650875955210,-0.0332884906527,0.0692427918157,0.6892202295357,0.6965318743301,0.6083727620316,0.4337465823050,-0.2277476922394,-0.5636575679323,0.5273458693167,0.6543022302893,0.3316605898426,0.4032313799292,0.6797519585853,0.6942279602728,0.5611300146387,0.2568794800134,1.0000000000000,-0.6849944059551,-0.2665884553724,0.7094892062037,0.2819814523945,0.6176109245387,0.6381992208159,-0.0524691628430,-0.2995479361182,0.3535795913799,0.1186425726376,0.3271944336611,0.1139068298570,0.1433980961008,-0.1051101449101,0.4165043636616,-0.4003762400423,0.3072049300287,-0.1620049694492,0.4259254965220,-0.2571898762488,0.3751985314183,-0.2038110415861,0.2654980773050,0.5976279254441,0.3924951173394,-0.5978106850775,-0.2090799760210,-0.0006611936925,-0.0089503745943,0.6278414896906,0.6818540717577,0.5562445179141,0.4627610263989,-0.1252510730642,0.3341636107002,0.1697866508041,0.5475793129945,0.4194117353470,0.5793542233383,0.5999905158306,-0.3631386907999,-0.5436848188297,0.2747126491738,0.7709470277050,0.4876567188043,0.5410771167816,0.5728425604907,0.0326625565822,0.0654138336878,0.7316526145134,-0.7157374094197,-0.1654150955184,0.1194875127327,0.5516831616186,0.5824119611818,-0.1137941827576,0.1102336950881,-0.5454927043146,0.0352095135294,-0.3354225923935,0.0979014079561,0.5935105010173,-0.3228926003385,0.0941081754450,-0.1903564864758,0.0405351569587,-0.3877629780298,-0.5694279568212,0.4542635623915,0.2151019175439,0.3889589897592,-0.5277947017683,0.4930681474006,-0.4299818752229,-0.6178187309566,-0.3278259469451,-0.3951049318348,0.5005237284781,0.5767337588820,0.0934082759031,0.1526719459713,0.4640192862162
-0.3602029872598,0.0114894602163,0.0520484070546,-0.6150967411926,-0.4617648724974,-0.3627528771353,-0.2090828383358,0.7329328442065,0.9171822098258,-0.2585231468687,-0.4244671010548,0.0438891319452,-0.0449243687647,-0.5990148490074,-0.6796248093803,-0.4402991403715,0.0937811854586,-0.6849944059551,1.0000000000000,0.7056092797999,-0.5938438568128,-0.1712421557639,-0.3870867406707,-0.1556561052596,0.2874974703315,0.5489895172375,0.0012833690774,0.0045321985764,-0.3824304607714,-0.1995947971105,0.1195107796365,0.3242907661374,-0.2125609455934,0.5000791316174,-0.2868994657146,0.5054475283894,-0.1144240430292,0.4238470344206,-0.2949803153168,0.2705239839628,-0.1974135598783,-0.5983381798694,-0.5802812465588,0.7289424936208,0.1799156906528,0.1281955614519,0.1032201621279,-0.6047092050107,-0.7046574737329,-0.5125990091629,-0.2326969560691,0.1729050982544,-0.1479430190065,0.0839275985982,-0.4074946818585,-0.3767263473802,-0.4151926229755,-0.4396267683273,0.7170603496342,0.8712827539212,-0.0926280811435,-0.5794201514120,-0.2919353868794,-0.3721905917268,-0.4319616382196,-0.1675137825332,-0.1267794316695,-0.4136272463612,0.9398236373297,0.6157948575431,-0.0056507454539,-0.3255247560010,-0.0961696222143,0.5407846867207,-0.2411205836614,0.7109053330939,0.2089799959347,0.4170162568704,-0.1325672089487,-0.4020489747092,0.4913453010762,-0.0220674376407,0.1070018475108,-0.2961998971473,0.3193730556361,0.6569977223970,-0.2166172628345,-0.2403524303433,-0.6385375131335,0.7753616875191,-0.4973187235649,0.4948373020734,0.7252292009430,0.4697082301601,0.4604898570836,-0.5032385700659,-0.5325266468032,-0.0870468279100,-0.1078968468673,-0.5357681241172
-0.1526359767926,-0.1620289480184,0.2636253202862,-0.3924864791524,-0.1328846248736,0.0084339010216,0.0604361946634,0.7851444702109,0.7786210221872,0.0990243363422,-0.2615384831737,0.1760909197040,0.3159302284997,-0.4108368129571,-0.5078064986070,-0.0837597291014,0.2673550420014,-0.2665884553724,0.7056092797999,1.0000000000000,-0.3335533812652,0.0259456809684,-0.0634602457753,0.2371918347362,0.5942655112741,0.6416228986643,0.3659876380938,0.0933419841760,-0.3979454829671,-0.2043721891310,0.4343924498550,0.6205681277465,0.2170000660941,0.5292502238440,0.0008480675627,0.5436697394787,0.1832653436902,0.5988471954091,0.0152342776838,0.2672887502867,-0.0441911311927,-0.3588245576422,-0.4368695782039,0.6442400008398,0.2872888187033,0.2690300676621,0.3698823097020,-0.1949920793546,-0.3815881659720,-0.3093945352386,-0.0431729024815,0.0913565484841,-0.0941200617219,0.3504834660776,-0.0900190677501,-0.3900767856695,-0.0411701442321,-0.1575554314126,0.7579559337760,0.7479327212292,0.0537699907376,-0.3717186165025,-0.1775648947251,-0.1106213394090,-0.3878693875087,-0.2718114084812,-0.1777377457085,-0.0919176001651,0.5730585457779,0.8843198523716,-0.1003959410446,-0.0866868310626,0.2803731675072,0.7857671544524,-0.3366686490763,0.4924149296141,0.3574205868191,0.2397619153519,-0.2688855596629,-0.0712751204581,0.6170352955929,0.1772380025411,-0.0178611419222,-0.3334507341043,0.3035934501753,0.5388601560175,0.0879588436482,-0.2301693055617,-0.6426032798641,0.7910953306412,-0.2642132545134,0.3929809545606,0.5594979922251,0.4083381176882,0.5123694858560,-0.1554671838912,-0.2958156160207,-0.0537116059577,-0.0192191230515,-0.5037975597305
0.3252985339554,-0.0515220486871,-0.0389700154597,0.5940947568330,0.5289632578990,0.3793532581763,0.2577311383116,-0.3213042053285,-0.5616816466037,0.3157969036754,0.5111438202349,0.3775516326329,0.1683834475444,0.8116836333229,0.6903039579112,0.4468465053612,0.3926585486501,0.7094892062037,-0.5938438568128,-0.3335533812652,1.0000000000000,0.2857293885348,0.6783452019875,0.5649656373957,-0.2994238226987,-0.1886067814636,0.1683995151494,0.0221941952657,0.3261969675228,0.0677994429911,0.1022019672563,-0.1114115847146,0.3446615132420,-0.4140369385068,0.1944702220781,-0.0400386049094,0.2117707836707,-0.4403822903845,0.0539660650760,-0.3857383569543,0.0797087244659,0.3761907250287,0.2901761308247,-0.6105478702981,-0.2622786390549,0.1266324019979,0.0144720671815,0.3979415348416,0.5372967482818,0.4710885777393,0.3334550695109,-0.1876290831230,0.2747914661962,0.0342762812745,0.4051956044710,0.2989960804340,0.3397398512070,0.4200766267942,-0.3631792052544,-0.5184812410478,0.1470193715845,0.6117620035703,0.5700246683179,0.3825724240515,0.4898489783970,-0.0225761557996,0.1136311951322,0.6329069760515,-0.5858165132162,-0.1326649501924,0.4851639310842,0.6834906705348,0.5024276408529,-0.1657747433822,0.2451313241840,-0.2623933474073,0.0959118669080,-0.3403053378717,0.1235027584579,0.5071247921148,-0.1113849946020,0.2777271751719,-0.2971730528527,-0.0054344199495,-0.3032187313777,-0.4693063858234,0.3111202433678,0.2471686563701,0.3288870238076,-0.4707144839850,0.1876126583372,-0.5249069856261,-0.5068413925437,-0.2010549769282,-0.1866029991426,0.3797554076289,0.3880530952046,0.0502277665762,0.0241344502581,0.5901988726779
0.0815791561647,-0.2518807432007,-0.1972256019543,0.1890011253387,0.2901521189855,0.1674765157452,0.1430967060329,-0.0092411984411,-0.0616251358992,0.4086227300097,0.1863611616102,0.5385140907886,0.2377732389900,0.2059592733987,0.0268019861775,0.0984410737241,0.4615636401345,0.2819814523945,-0.1712421557639,0.0259456809684,0.2857293885348,1.0000000000000,0.5552053137620,0.2291151394051,0.0211999941432,0.0934074618921,0.0768090405517,0.2544059888463,0.1179289029932,-0.0187695119425,0.2397327846306,-0.0215454181420,0.0775105784040,-0.0837313717460,-0.0129523701358,0.0295204105140,0.3646146286225,-0.1910617599649,0.0721674037866,0.1360105293510,0.3828447370855,-0.0418509742019,-0.1120149642225,-0.2029023056338,-0.2038665569913,0.4114619169083,0.0964073487694,0.4075504077537,0.4840314042844,-0.0673672231498,0.2011940020359,-0.3565362312890,-0.0037153073966,-0.0057674443523,0.2508212988403,0.0242651304243,0.2801760103289,0.2355826452540,-0.0788223615426,-0.0545637806110,0.4969236468604,0.1928659907518,0.4942626315146,0.2959925848587,-0.0760727655559,-0.3092475502046,-0.0347280360297,0.3856751623777,-0.2014097643655,0.1869037554960,0.2420315837872,0.5580344686778,0.3260596787344,0.1458719304379,0.0689538094655,-0.0592476918034,0.1190345410656,-0.0228939197730,0.0773760854039,0.3373378468804,-0.0788916465252,-0.0681801116574,-0.0388052652255,-0.1457358120831,-0.2639363112223,-0.1161270048698,0.4125660319490,0.0252488386160,-0.1440140515058,-0.1312442235350,0.1318767101062,-0.0493870257628,-0.2104004500428,0.2792225197098,0.2215510363853,0.3947937492143,0.5831533818265,0.7547144277185,-0.1338826495292,-0.0201544566166
0.2803631447720,-0.2079196350363,-0.0088390295893,0.4698268063111,0.5506358465968,0.4220804702982,0.2922220282815,-0.1473416870246,-0.3184714275865,0.4070665231725,0.4796635742622,0.5594356469530,0.3041841228882,0.5218428389190,0.3662599010267,0.4047182450890,0.3704437487985,0.6176109245387,-0.3870867406707,-0.0634602457753,0.6783452019875,0.5552053137620,1.0000000000000,0.5390496330353,0.0923526675894,0.0041609028046,0.4006468794058,0.1246394034041,0.2229162005658,0.0103620514403,0.2847912742733,0.1583712292401,0.5058640320656,-0.2705807806201,0.1695587581916,0.0025951023856,0.3338200065882,-0.2874905755446,0.0663724078585,-0.1679953031655,0.1121629328687,0.2617411538426,0.0892607776902,-0.3823912061046,-0.1081892708332,0.4342917505693,0.1425878908944,0.4671895830800,0.4914937404656,0.2536688911976,0.3359434159208,-0.2428690800568,0.2232713015302,0.1478223607888,0.4305623942714,0.1974609203062,0.3756046981021,0.3474276120487,-0.1576597972761,-0.2991585702268,0.2826638705694,0.5242274228702,0.5835912311783,0.4176203215831,0.2233003677039,-0.2885519245796,-0.0345450393158,0.5686702321639,-0.4320176683843,0.0842683942038,0.4052497219646,0.7886890116793,0.5221958188545,0.1374875175798,0.1638977174926,-0.1422921566980,0.3428266212804,-0.2252551730583,0.0388639480072,0.5141077117047,-0.0053549845506,0.3357698898456,-0.3110802563273,-0.1669971048539,-0.2763048683038,-0.3450001287898,0.4100121981245,0.0862539133889,0.0283720253335,-0.3090638290006,0.1125774313715,-0.3495965907947,-0.3791739019272,0.0087281113737,-0.0155871281134,0.3987440803183,0.3977043706280,0.2317681543633,-0.0697167528638,0.2629466380995
0.3460682702010,0.0137785809237,0.0385067149799,0.2578179945046,0.4372211651273,0.4152514349255,0.2858430780824,0.1601556667468,-0.0713787829499,0.4883630283775,0.4030588486842,0.4613329104019,0.4148142286182,0.4357202917121,0.3458177934537,0.2940405471857,0.3857331286197,0.6381992208159,-0.1556561052596,0.2371918347362,0.5649656373957,0.2291151394051,0.5390496330353,1.0000000000000,0.0692585035063,0.1723248398928,0.4554979620530,0.1221928933785,0.0638857409337,-0.0050505730850,0.3317788865211,0.1889473477043,0.3972862592405,-0.0306348734755,0.1958916345269,0.2719708914042,0.5162552208442,-0.0085100631251,0.2557651304651,-0.0822892285381,0.0433895862887,0.1712278755053,-0.0660631805751,-0.1894665840412,-0.2425916241689,0.2488272901860,0.0458839969906,0.3347693668366,0.3392833063456,0.2968330657764,0.3538267184377,0.0013427125968,0.2798716775762,0.1827487452552,0.4453960619869,0.1968017905819,0.3473376532577,0.1889235446982,0.0239997583294,-0.1017998706741,0.2621733480802,0.4985045493803,0.3985872424080,0.3131649582256,0.4432908443502,0.0151735028722,-0.0008811539242,0.5880540967375,-0.1867676045559,0.3045436187123,0.2719493423340,0.5761676635751,0.8530657071367,0.2486871688560,-0.1347645510346,-0.0056252399135,0.3836282926226,-0.1784961064374,-0.0026879589603,0.5450249848812,0.1885862852364,0.2667464087956,-0.1139789685986,-0.1771232714096,-0.3040381712687,-0.1764137970834,0.4976279722032,0.3153309901690,-0.0766025312219,-0.0158851905534,0.2339941448922,-0.1314475009186,-0.1853907921008,-0.0481635185048,-0.0052466973462,0.3673597745076,0.3723250798232,-0.0359924693264,0.0653067920399,0.2122045166861
