1.0000000000000,0.7774897041837,0.6476995934502,0.6797337987655,0.7147840265414,0.5464520067979,0.6785692089542,0.1174367346675,0.1740422385933,0.2253614545144,0.0112728073120,0.2524362521745,0.2243834893848,0.7041607429305,0.0454166563789,-0.0892449527546,0.2610921231569,0.1605292366435,0.0127354490831,0.0683315350855,-0.3185359741405,-0.0747637131578,-0.2686020502358,0.1105423823160,-0.1587932312648,-0.3161462701497,-0.3392334030946,0.1346447803768,-0.0536543533573,-0.0162328471731,-0.0544508347594,-0.1846650034352,-0.2775814016192,-0.1134115206887,0.1643955051355,0.3100080720686,-0.2674143748928,-0.3812429048409,-0.0336773172961,-0.2365406968004,0.0020021604142,-0.0918774495859,-0.5113885597772,-0.4705744898543,-0.4948103444162,-0.2829883378717,-0.1853846042412,0.2142983333035,0.1298263546889,-0.3902120642134,0.8429371843669,0.8490265603636,0.7150775278113,0.6598925812830,0.6151121314911,0.6801815903954,0.3283818628899,0.3158485074177,0.2586602926598,0.2219533440097,0.4403159079309,0.2699499153276,0.1793055567897,0.2894762413556,0.5902682831667,-0.2268399730095,0.2023201135656,0.3091404707994,0.1389441953760,0.0851309503886,0.0639613780130,-0.0756247337222,0.2631996634864,-0.2050826828283,-0.2654722917958,-0.4137289849956,-0.4340125379936,0.0332505466900,-0.1129622628918,0.0167149654619,-0.2146356329913,-0.4531334807610,-0.2444931473284,-0.2732415322767,-0.5761577538106,-0.2650632491982,-0.2341601788711,0.2202037596062,-0.5504189523126,-0.4143950777197,-0.2323978197828,-0.3632994135746,-0.6142423396903,-0.2954439679707,-0.1360235477096,0.1748219843996,0.5967220833198,0.1948962071529,-0.0877835558949,-0.2401097333137
0.7774897041837,1.0000000000000,0.6082542243262,0.6174385549910,0.3254900511221,0.4013907893059,0.5491537839374,0.0067390518740,0.0579769486441,0.0612931234574,-0.0433464321256,0.0185531672549,0.1047619562875,0.7396874005938,0.2479732217808,-0.0598075507725,0.1524952748230,-0.0480881568779,0.0139871124759,-0.0974320761092,-0.3177942446214,-0.0807902248327,-0.3308141539558,-0.0900636117409,-0.2535892896864,-0.3150943214003,-0.3680329345672,0.1953578696676,-0.0892275138417,0.1631691755286,-0.1472565031323,-0.1780828895523,-0.2717134477222,-0.0478136984233,0.0866390129556,0.2886590263824,-0.3681871659813,-0.4386254798307,-0.1329849202210,-0.1596633127064,-0.1472873671908,-0.1405929027997,-0.3921399380194,-0.4441826399673,-0.4250056319622,-0.3416352016441,-0.1220909416374,0.0163486071825,-0.0713514371335,-0.3642148635728,0.5539181501328,0.8392096523881,0.6166474410748,0.5077652531921,0.4514714706529,0.5767893443339,0.1905099522813,0.2173235013254,0.0224810063766,0.0959668812485,0.1957720324924,0.0731988498756,-0.0408136222332,0.1468679118518,0.6623623428261,-0.0609518553519,0.1823369653291,0.1047792242443,0.0257304333532,-0.0623870484885,-0.0008725653981,-0.1869394498595,0.0467014547293,-0.2973769478700,-0.2053963743716,-0.2559962405987,-0.4135866147134,0.1180434399225,-0.0968191272130,-0.0856713309224,-0.1592090797819,-0.4187546151400,-0.1355294623022,-0.1343583527522,-0.4732159775237,-0.1775376427819,-0.3513148874394,0.1196453540369,-0.3811437942536,-0.4413375457022,-0.2907746949750,-0.2611212525272,-0.5410289010520,-0.2737675282502,-0.1406140010638,0.0017179191038,0.4335989505700,0.0030384143960,-0.1501174426727,-0.1483142887402
0.6476995934502,0.6082542243262,1.0000000000000,0.6361329177465,0.3718548182806,0.7383500179475,0.8101619794582,0.2123980123316,0.1287489427957,0.0222836972631,0.0773071174835,0.0268078018762,0.2946759805685,0.3611409523068,0.0745655361540,0.1897448879718,0.3003884281070,0.0816138542175,0.0249891887815,0.1080237558091,-0.3131584708345,0.0307404110627,-0.3841366830755,0.0371094279374,-0.0955972566419,-0.1883298006035,-0.1511364814474,-0.0552272845028,-0.1257888667813,-0.0703231235628,0.1729512396043,0.0038882526136,-0.0267021937244,-0.0454316933408,0.3737374284782,0.4146735343954,-0.1939286773493,-0.1329549302743,0.2053109828857,-0.2299205977513,-0.1220053985460,-0.1255705705255,-0.1531836007650,-0.1482916289206,-0.0801898430420,-0.3130675076528,-0.0417016098699,0.3430678974407,-0.1432395417676,-0.2421183491721,0.5313863019400,0.7377052760585,0.5503822726149,0.8560926057688,0.6566894895201,0.6227948899139,0.3748216478113,0.3363413594538,0.1509093133691,0.1773921370267,-0.0544652456848,0.0886906412471,-0.0980523639928,0.2216269250144,0.3253929533112,-0.0145222629015,0.3914993216855,0.2746715720506,0.0038315569169,0.0819796290115,-0.1384995712906,-0.2337444920725,0.1975817866010,-0.1523697937018,-0.0745812741402,-0.5253419127673,-0.2594651132002,0.0341527703045,-0.1278946463099,0.2072313758740,-0.2754576575769,-0.2132113669318,-0.3284342893231,0.1088964750986,-0.2602169428553,-0.2958647207457,-0.2115739960174,0.2203188540904,-0.2062445951266,-0.2258763008654,-0.0932360246651,-0.3670747000737,-0.3967283651965,-0.4050895440041,-0.3922547166623,0.2236208133575,0.2027832162828,-0.1294347737050,-0.2980898126455,-0.2286288487209
0.6797337987655,0.6174385549910,0.6361329177465,1.0000000000000,0.5265957356441,0.5909095498399,0.8319922980551,0.3133105580685,0.2633281007902,0.0816376783495,0.2607693628348,0.1839819435403,0.3186417993978,0.5122167040214,0.2106324479215,0.3374752606873,0.4180882919217,0.3462138626586,0.2677250123342,0.1438335086779,-0.1998059341404,0.0665043568816,-0.1975269293822,0.2000517957783,-0.1877976336405,-0.1708848059921,-0.1438138964754,-0.0341357856763,-0.1714203001928,-0.1406186490316,0.1138512248906,0.0779967307623,-0.0210768507937,-0.0293288177814,0.2464197743610,0.4538844901748,-0.2265317491804,-0.1858537463722,0.0034928359997,-0.2251899577802,-0.1843833345281,-0.1459299154502,-0.3129707858884,-0.2010694641945,-0.2534835036684,-0.3032601349694,-0.1298436788438,0.1220554840797,-0.1021532599391,-0.3681410257661,0.7379302075200,0.7462171443197,0.8918994495929,0.6703714295493,0.5833317868828,0.8385378636412,0.4014920231702,0.4417894014650,0.3744429384699,0.2393097180574,0.0509319163983,0.2355979597065,0.1436222697421,0.2692214044263,0.5402293408568,-0.0072775495912,0.4166784207723,0.4272167247292,0.2401722423379,0.1689220773773,-0.0126277782368,-0.0628854152882,0.3453546377202,-0.1845151304929,-0.1162321129270,-0.2206136741790,-0.2871378470391,-0.0972518265201,-0.1094413056913,0.2321090131460,-0.1570683889546,-0.3032553315361,-0.3743580349131,-0.1669297204062,-0.4087300130020,-0.3213265902743,-0.3110187350052,0.1465944035410,-0.3908534824685,-0.2365161423414,-0.2254001451493,-0.2950785461730,-0.3610263708771,-0.4358740677470,-0.3037415644606,0.1358501187327,0.4026214506704,-0.0721235329366,-0.3116008295538,-0.1864639670055
0.7147840265414,0.3254900511221,0.3718548182806,0.5265957356441,1.0000000000000,0.5640976867635,0.4967015414961,0.3195589573136,0.3705163833429,0.3685786495463,0.0814612171004,0.3002289985793,0.2139424397251,0.3630666513955,0.0010444629384,-0.0529804889644,0.1657059398092,0.3916992199948,0.1550285785230,0.3509623897661,-0.2782461649844,-0.2075160127239,-0.0234842328186,0.2999686769413,0.1364341525689,-0.1429997628719,-0.1395190069537,0.1133538009952,-0.0311172558127,-0.1503564258173,-0.0545447570001,-0.0704185399610,-0.1389141211739,-0.0478973212229,0.0802040931240,0.2567484611967,-0.1814333185058,-0.0446309026062,0.0434666232571,-0.1196115439561,0.2830166302223,0.1459612418815,-0.4372920949202,-0.2130273847543,-0.2152725320381,-0.0263741787517,-0.0523988862344,0.3540040287005,0.4326246624061,-0.1497559877422,0.7958884874820,0.4723859374070,0.5591961728821,0.5388131376240,0.5874013467699,0.4842022105250,0.3383772693392,0.2893176042412,0.4273148895476,0.3347216232889,0.4788126998289,0.3363638938568,0.2066680259534,0.2630962878721,0.2906670836437,-0.1618037677159,0.0057721713326,0.3243391984842,0.2705984537148,0.2610066868707,-0.0340871791070,-0.0027383358867,0.4406294828035,0.0637733918428,-0.2301292557666,-0.3230121389171,-0.1607671254221,0.0975916027807,-0.1258250513321,0.0200374272834,-0.2343118180940,-0.1910825008844,-0.1493703079439,-0.3383516136944,-0.2842879545558,-0.0836276686195,-0.0830707788034,0.1687299411096,-0.4708126567187,-0.0976400194076,-0.0373906264527,-0.1680967532488,-0.3401907859876,-0.0908454838334,0.0264741882302,0.3445584255052,0.5941470500998,0.2879987508420,0.1023494818836,-0.1939265791563
0.5464520067979,0.4013907893059,0.7383500179475,0.5909095498399,0.5640976867635,1.0000000000000,0.7453974735720,0.4206757652626,0.4049882682000,0.2609717938606,0.3055999145679,0.1473719100533,0.4798378548416,0.2431698905861,0.0559557011455,0.1003394451854,0.3392423515876,0.3371042603797,0.1909167760874,0.2773889443663,-0.2298570600880,-0.0253846325580,-0.2127094450562,0.1692282604699,0.1214949956503,-0.2755158947634,-0.1151390032961,-0.1240172188800,-0.2399212423852,-0.2346139530949,0.1276768717278,-0.0058440734298,0.1112666512804,-0.1952363336321,0.0389698874677,0.2447340053346,-0.2812021097685,-0.1284709574742,-0.0023951287678,-0.2554635508872,-0.1093953223289,-0.0151410648351,-0.3115661920339,-0.1614944216810,-0.1043336390187,-0.3325671409088,-0.1468581973271,0.2999668858616,-0.0838718477021,-0.2046439707249,0.5489613908721,0.5306463989221,0.5314206068583,0.9168389319079,0.9107379035236,0.6340209123803,0.5700040450679,0.5118354306027,0.3842370970621,0.4173712756277,0.1557191447238,0.3400097161506,0.0738367877621,0.4284067223037,0.3587700765784,-0.1402757601600,0.1158772725724,0.4783568059390,0.1339014648442,0.2476745348640,-0.1097816871383,-0.1189494676867,0.4214845607395,0.0053924539709,-0.1586581087412,-0.4150412904652,-0.2679047366666,-0.0678257776623,-0.2781967243499,0.2022178223333,-0.2875751444075,-0.0819917452846,-0.4300387287161,-0.2007098100921,-0.2073648330917,-0.3997673790378,-0.2190722350025,0.0656255024097,-0.3389080920807,-0.2302006920780,-0.1339056654496,-0.3672902123596,-0.3477107509004,-0.4525636181954,-0.3450246361381,0.3031960230238,0.2544271779416,-0.0588033915228,-0.1792609168603,-0.1400551044920
0.6785692089542,0.5491537839374,0.8101619794582,0.8319922980551,0.4967015414961,0.7453974735720,1.0000000000000,0.3275317005351,0.2566705347608,0.0490121466178,0.1519435064646,0.1345013095004,0.3114440482052,0.4137855835279,0.0908137016464,0.3367759810360,0.4310104639132,0.2623563961764,0.2536361320718,0.1628731350028,-0.2993856121065,0.0377988391595,-0.3082279552853,0.1555974936905,-0.1516322129352,-0.2032738229325,-0.1654062806850,-0.0882075261614,-0.0966917811621,-0.1170212143424,0.2689249199661,0.0213401675657,-0.0591457012913,-0.0964020401136,0.4165372070424,0.5739309741155,-0.1606100794035,-0.2073424171480,0.2099921113734,-0.2791928341553,-0.1538500970026,-0.1425048633348,-0.2227074022663,-0.2436782745469,-0.1736936817976,-0.3720342952204,-0.1652469845654,0.2849452767063,-0.1330457233785,-0.3521071232649,0.6690711348560,0.7174262902483,0.7416059124519,0.8321707742622,0.7220102017191,0.8809524927678,0.4208682589706,0.4690960697520,0.2788087785726,0.2502310421967,0.0130010176198,0.1668423582409,0.0047762161435,0.2240643898895,0.4313222965258,-0.0506229926729,0.5345078394623,0.3890382371670,0.2302756704950,0.1562308640527,-0.0900295410047,-0.2068868057812,0.3299263648522,-0.2109290507823,-0.0779299921947,-0.4172812120403,-0.3208308656122,-0.0760011177996,-0.0791143013668,0.3069075365309,-0.2511270549827,-0.3280952415623,-0.3572163518473,0.0156561351510,-0.3985331350234,-0.3766441165656,-0.2125511643608,0.3001563582721,-0.3071920013714,-0.2996873144479,-0.1327466870582,-0.3909972784638,-0.4453035933211,-0.4877334882899,-0.4289762629782,0.2082863796090,0.3255622111140,-0.0570392334698,-0.3228950470939,-0.2774567250823
0.1174367346675,0.0067390518740,0.2123980123316,0.3133105580685,0.3195589573136,0.4206757652626,0.3275317005351,1.0000000000000,0.8687532404126,0.2450558260188,0.2911610023913,0.1454966795851,0.5297735976170,-0.0160049692145,-0.0888615197808,0.3355837208090,0.4602583188855,0.5865199556550,0.7120701936045,0.7946457016254,-0.1505026002405,-0.0273598336220,0.0309658276391,0.3275021980904,0.5187914924231,0.0904740010216,0.2172434173065,0.0560199263065,0.0004346384428,-0.1183510870077,0.1873070698452,0.1762824305871,0.2446494225805,-0.0071264489932,-0.0752253517407,0.2289446406073,-0.0727388312827,0.2978963420758,-0.0955332736018,-0.0411776547544,0.1716072357642,0.0311910374696,-0.1847784608075,0.2687884755829,0.2624948240009,-0.0643106839519,0.0235492124258,-0.0208884640757,0.0529987142143,-0.1073574934919,0.2107720657270,0.1024097333517,0.2846943435696,0.3387600874246,0.3637104244269,0.2949822828152,0.5660262957690,0.7398529226129,0.6488399315374,0.7976249700086,0.1078966292214,0.2032700087186,0.0960425153526,0.3113927795592,0.0441090129141,-0.2108688600903,0.1929237608993,0.4244663901781,0.5253086612864,0.7007657337751,-0.2161477303620,-0.0481817321362,0.4682520623426,0.5023757074599,-0.0812758864319,-0.0498340559558,0.0185352968031,0.0725235311177,0.0581582341090,0.1951929805320,-0.1441674708345,0.0441321580805,-0.1097737614690,-0.2062055398948,0.1536673674683,-0.0637841972766,-0.1636495981429,-0.1535787458613,-0.3513358245959,0.2987328375535,-0.1408499590388,-0.0413212023115,0.1498422677491,-0.0941838822966,-0.2083380253210,-0.0308490472446,0.1618359443122,0.0587357174741,-0.1067241972154,-0.3023327250078
0.1740422385933,0.0579769486441,0.1287489427957,0.2633281007902,0.3705163833429,0.4049882682000,0.2566705347608,0.8687532404126,1.0000000000000,0.3353715569123,0.2943400740738,0.2116726549298,0.5074810871743,0.0453129857928,-0.1113548765032,0.2095182416417,0.4087905216700,0.5548707124443,0.7074489667963,0.7693707311014,-0.1582215461675,-0.0598908482945,0.0388757595010,0.3389941561479,0.5257468042193,0.0369358501889,0.1386928241844,0.1023002234352,-0.0290180157255,-0.1448779998024,0.1238925749121,0.1125189761679,0.1617321098537,-0.0848314074437,-0.1498119920163,0.2299135129554,-0.1260542170693,0.1799322126561,-0.2153022184884,-0.1174184699098,0.1149296187151,0.0486500550489,-0.3050941327209,0.1890629698560,0.1234883281404,-0.0883990109341,-0.0426527623960,-0.1193617839068,-0.0168041126015,-0.1519905673713,0.2452896307082,0.1311776737838,0.3117245200462,0.3059330497512,0.3744902834471,0.2917485465859,0.5779945315522,0.6953296886586,0.6604337703793,0.9365330421695,0.2905203963266,0.3039473247054,0.2236142802827,0.4157136171038,0.1494756598449,-0.2667937663706,0.1462127703324,0.4325631056934,0.6495697766903,0.7309143895647,-0.0687237870623,0.0446554756725,0.5586012715525,0.5244016275120,-0.0365543470079,0.0363910816195,-0.0207522136408,0.0701806776147,0.0222881358044,0.1609345490098,-0.0463873110855,0.0566885716710,-0.1157037892670,-0.2896777535357,0.1070303617782,-0.0452943091159,-0.1415622077292,-0.1232442244064,-0.3738527437824,0.2685813215504,-0.2242930096067,-0.0638548555604,0.1174085672165,-0.0675043775684,-0.1125249673514,-0.1182235269278,0.1734612780231,0.1424326587294,0.0113793773123,-0.1994439612722
0.2253614545144,0.0612931234574,0.0222836972631,0.0816376783495,0.3685786495463,0.2609717938606,0.0490121466178,0.2450558260188,0.3353715569123,1.0000000000000,0.4884411790039,0.6430880437266,0.4253412917369,0.3135052036330,0.0974437497055,-0.1902941725816,0.2929363323572,0.3261476204359,0.1956210944453,0.3066658779099,0.3330564069070,0.3667516422150,0.3990381689008,0.4311762144238,0.1961566198135,0.1836914460020,0.2501056035170,0.1987319511972,0.1143132453429,0.0720414507071,0.0832178992449,0.2225472675751,0.2935292364662,0.1245949427017,-0.1698458652266,-0.0645483351211,0.2023431182728,-0.0214889523238,-0.0955430265215,0.2127719691755,0.3625283891034,0.2407610542555,-0.2574569252868,0.0458454440273,-0.1807395986757,0.2990666910237,0.2733175973022,0.2167411190133,0.2425511296105,0.0967807569428,0.2328428934532,0.0678032028403,0.1077890475662,0.1229628798535,0.2629048414101,0.0438100004006,0.2881689628219,0.0833525577443,0.3068705323971,0.3543130693668,0.6973198074919,0.6358220661997,0.5675019056415,0.3797947492398,0.2071552881900,-0.2487224249021,-0.2029967991327,0.3087595756859,0.2651499521330,0.2664787747655,0.3819165765344,0.4970037747510,0.4189299971819,0.3012704243813,-0.1639477737678,-0.0835825106166,0.0434036405717,0.0786205316351,-0.0501578040247,0.0297832450839,0.0044948845774,0.1228371689227,-0.0381458675060,-0.2853317606847,-0.0944008159478,0.0727762486335,0.2644056044819,0.0307090341249,-0.2851548723678,0.0067917693659,0.0092632871945,0.0868369080476,-0.0634249020096,0.1620181603098,0.1638008466675,0.1913924803321,0.2817320395212,0.2164479468520,0.2659838943432,0.1406332427066
0.0112728073120,-0.0433464321256,0.0773071174835,0.2607693628348,0.0814612171004,0.3055999145679,0.1519435064646,0.2911610023913,0.2943400740738,0.4884411790039,1.0000000000000,0.4819066194086,0.4871468610169,0.1064155271955,0.2868841852932,0.1103654993741,0.3958036013233,0.4156534711208,0.2669782198837,0.1294416064890,0.4814180911361,0.4940380562622,0.4288487329986,0.3677244825679,0.0456589481178,0.2977319331492,0.4271499216314,0.0149339798631,-0.0031532486043,-0.0485485547288,0.2340141333575,0.4926155785141,0.4358229501199,0.1692794909739,-0.0662348793567,-0.0495987366306,0.3080120596891,0.0952268273726,-0.0183948591145,0.2294797118785,0.0359323820142,0.1558324554936,0.0372062148834,0.2434636324890,0.0500082630965,0.2186391026379,0.1684089532003,0.1702491282538,-0.0601217220180,0.1214540540908,0.1383281492161,0.0572169037935,0.1717327894804,0.1983757787167,0.2700605759646,0.1420307537996,0.2545818994078,0.1437364285269,0.3028282142564,0.2839656195849,0.1129381583250,0.6066215627194,0.4977635189459,0.3780221458405,0.2433263516202,-0.0321875480856,-0.1232314458159,0.4115036285832,0.2300248615837,0.1087884990380,0.3175084432261,0.4613876663641,0.3673072944895,0.1634032559898,-0.0048104950038,0.1245316195500,0.1160451864237,-0.0674318643793,-0.0009942091477,0.2132793115178,0.1142320917092,0.0927788421123,-0.1958214548032,-0.1612437548319,-0.0083887005001,-0.0075603695633,0.2044321778023,0.0272769506616,-0.0074510056734,0.0311309663384,0.0674264989171,0.1645094940960,0.0981246558128,-0.0789461749818,-0.1133721612575,0.2172981677875,0.0965350151659,-0.1322649266414,-0.0098069657378,0.2545807515526
0.2524362521745,0.0185531672549,0.0268078018762,0.1839819435403,0.3002289985793,0.1473719100533,0.1345013095004,0.1454966795851,0.2116726549298,0.6430880437266,0.4819066194086,1.0000000000000,0.4723090019805,0.2865303002097,-0.1487500679050,-0.0151610460748,0.6263753102272,0.4315466474473,0.1658384683889,0.1952991780273,0.4087989579627,0.5033208281890,0.5005102325296,0.4577261621140,0.0974132797529,0.1358413684495,0.2916341679837,0.0156856081349,0.1270031377704,-0.1207287782807,0.3776256761602,0.2287666618162,0.2124891544580,-0.1127853646120,0.1178463739699,0.0868249904361,0.3668508801799,-0.2574180046550,-0.0456991989071,-0.0381731128697,0.1170661105111,-0.0271845211285,-0.2448440525632,-0.1270863983172,-0.2964011263992,0.2510772110099,-0.0116763555855,0.2220984006206,0.0957492249252,-0.1292563165408,0.2453969948359,0.1323668949997,0.1673807900094,0.0835836520038,0.1244950405786,0.1454736541348,0.3820121579201,0.0871652740714,0.2751298507399,0.1822625091048,0.6099549139209,0.6442372511151,0.8337153430460,0.5415543293076,0.1000939979828,-0.4025510411146,0.1043760233391,0.4838259472294,0.3475237142884,0.2511233380708,0.6947952423728,0.6772702609006,0.4034084978938,0.2410968189228,0.1245959575798,0.0142668421214,0.1841072713520,-0.1523496103934,0.0479217739061,0.3384090141863,0.1692105009692,0.1104179026452,-0.2307592487949,-0.1416960032199,-0.3230609036765,-0.0850961387485,0.3830431786395,0.2513924538130,-0.2317837637976,-0.1425271419672,-0.0706426745804,-0.0285539033569,-0.1647424583189,0.0286152462141,0.1235334315766,0.1046145587079,0.2027270664041,0.2596104306376,0.0093457856972,-0.0251268602322
0.2243834893848,0.1047619562875,0.2946759805685,0.3186417993978,0.2139424397251,0.4798378548416,0.3114440482052,0.5297735976170,0.5074810871743,0.4253412917369,0.4871468610169,0.4723090019805,1.0000000000000,0.1584984534199,-0.0918675333170,0.2524032333056,0.7193652301995,0.5355259177279,0.2894178145922,0.4293805465050,0.2213119338885,0.3180154640010,0.2227553898580,0.5077130872289,0.3455859827222,-0.0369504064057,0.3407049655782,-0.1167845018531,-0.0340705785098,-0.0504386312057,0.4275525961047,0.2162764342854,0.5128700523242,-0.1039404346663,-0.0461759685361,0.0188409339729,0.0565618224686,0.0660958063867,-0.1017019841502,-0.0271891644312,-0.0460717773067,-0.0433084829877,-0.1542975367265,0.0555888584710,-0.0630821940588,-0.1017360805103,-0.0593410301028,0.0478351766533,-0.0714472923873,-0.0841961092593,0.2166728133435,0.1607665581094,0.1930652352347,0.3622798475975,0.3771718861785,0.2484924339183,0.8085448635304,0.6042446224481,0.6138248158596,0.5309360280493,0.2515964318319,0.5710133099766,0.4455523571617,0.7013436846161,0.0744462983880,-0.4076117659985,0.1099517030121,0.6650950840470,0.2611353968067,0.4648120864671,0.0697849825421,0.3208343783874,0.5239030998610,0.2760774504360,-0.1886929206759,-0.1671815258286,0.0165268612245,-0.1706229620019,-0.0573936823826,0.3154670782823,-0.1574373290799,0.0709079091743,-0.2964643151925,-0.2683169988018,-0.0713599151063,-0.3068541865037,-0.0591955111715,-0.0727303655223,-0.3668654049160,-0.0384035700462,-0.1428182123395,-0.1364553424766,-0.0315345799525,-0.2219280275198,-0.2996135032667,0.0076589426262,0.0895665826799,0.0258852607604,-0.1369253324954,-0.1591079070886
0.7041607429305,0.7396874005938,0.3611409523068,0.5122167040214,0.3630666513955,0.2431698905861,0.4137855835279,-0.0160049692145,0.0453129857928,0.3135052036330,0.1064155271955,0.2865303002097,0.1584984534199,1.0000000000000,0.3427616412439,-0.1063163669342,0.3036790284839,0.0995209668775,0.0428175459415,-0.0509754913276,0.0644645052255,0.0908541022838,-0.0573453237396,0.1672455103409,-0.2565006153735,-0.1443999160841,-0.2321953192505,0.3306141004763,0.1116848322914,0.3064964424934,-0.0423008880476,-0.0600374511943,-0.1591972632202,-0.0071635906116,0.0334007817598,0.2491603946424,-0.1705462499159,-0.4194877519288,-0.1099774803760,-0.0477241656352,0.0390608361017,0.0280445445818,-0.4229191158255,-0.3674604451286,-0.5099017626639,-0.1266540575140,0.0622181024013,0.0150076692509,0.0626808086598,-0.1812521451364,0.5784343816133,0.6667662978660,0.5736999327138,0.3021050746385,0.3177426749384,0.4381432328011,0.1614857119932,0.0877024283251,0.0811937524503,0.1063124888242,0.3787560700587,0.2663485065697,0.2317108698098,0.1976256924493,0.7000908399302,-0.1105937137115,0.1257546498103,0.2228200718679,0.1294114557018,-0.0278286813966,0.3135533070419,0.0829973243573,0.1824755522083,-0.1663004829489,-0.2324988344654,-0.1952699228152,-0.3558673814577,0.1374538508844,0.0466480156209,-0.0382838207697,-0.1082501505874,-0.3685867491378,-0.0160363711644,-0.2675881099286,-0.5308933303821,-0.1483204790692,-0.1596494200021,0.1382199835150,-0.4397643062364,-0.4060408715294,-0.2246048582816,-0.1902284730386,-0.4906549502131,-0.0931380686345,0.0361476943244,-0.0050085287060,0.5833543795273,0.1001410109738,0.0026135291457,0.0578967903080
0.0454166563789,0.2479732217808,0.0745655361540,0.2106324479215,0.0010444629384,0.0559557011455,0.0908137016464,-0.0888615197808,-0.1113548765032,0.0974437497055,0.2868841852932,-0.1487500679050,-0.0918675333170,0.3427616412439,1.0000000000000,0.0642458511285,-0.1010048633205,-0.1202710411856,0.0603104260078,-0.2345968402051,0.3463809221145,0.0323137764310,0.2153946574683,0.0635260401732,-0.2359481553198,0.2876659777643,0.1700974840506,0.0772597172604,-0.0171561354530,0.2458332357734,-0.0737566915193,0.3222908552019,0.1166799107301,0.3664326753922,0.1027646453864,0.1325468919923,0.1585161537732,0.2215789712821,0.3471673450090,0.4980176370665,0.1847606287439,0.5090425780251,0.4194342469205,0.2650108099921,0.2095546580523,0.2145671225874,0.4109458872380,0.2446649547316,0.1040707803861,0.5526134821582,0.1197656685817,0.1391334750257,0.1045471334466,0.0355263093696,0.0980739284259,0.0935123605022,-0.2696158692152,-0.1709506962988,-0.1654483194636,-0.0982356635102,-0.2326830913740,0.0012306503106,-0.1855952940531,-0.2925290178719,0.3794977735738,0.5457029237145,-0.1503510374078,-0.2237773666261,-0.0854570353732,-0.3163953238743,-0.0891336380757,-0.1083256934925,-0.0874356389705,-0.2180104528190,-0.2112204499964,0.0725492668262,-0.0297785420032,0.0325065434526,0.0247886930642,-0.2626938851902,-0.0142713157242,-0.1041911842311,0.2368130706107,0.1252719610850,0.1126099948539,0.2402729703380,0.0991767654586,0.1597716051454,0.2694864540172,0.0185423540262,0.3486014637423,0.4168064537263,0.1725847307309,0.0234537549743,0.0033316540226,0.2944089704227,0.1737196826435,-0.2650947913288,0.2901724866125,0.5029966882497
-0.0892449527546,-0.0598075507725,0.1897448879718,0.3374752606873,-0.0529804889644,0.1003394451854,0.3367759810360,0.3355837208090,0.2095182416417,-0.1902941725816,0.1103654993741,-0.0151610460748,0.2524032333056,-0.1063163669342,0.0642458511285,1.0000000000000,0.3962996464684,0.2952265782211,0.5005140004741,0.3166849873295,0.0968689945050,0.1727931425398,0.2320379891030,0.2137280513657,0.1331926705633,0.1464427392755,0.3769393402872,-0.3323985234495,0.0117073729749,0.0455036325926,0.6415642612677,0.4086706936780,0.3996590308744,0.0896799466060,0.4952205442646,0.5026784701669,0.2013664551247,0.2429233406209,0.2232634645785,0.0938782359793,-0.0646003809427,-0.0358869585861,0.4092060097488,0.1979337838934,0.2794588856731,-0.0038341607935,0.1128659467074,0.0644213653402,-0.0209468373687,0.0074268525573,0.0228987818670,-0.0337910730433,0.1827736216484,0.1156012093763,0.0311476358515,0.2704333415070,0.1385375339995,0.3172991662553,0.2163007453371,0.1309798696164,-0.3768643554192,0.0169712253173,-0.0327166292857,-0.0572167116660,-0.1997035884109,-0.0014830267549,0.6772317719702,0.1802909438728,0.3421623082460,0.2894571108691,-0.2206085614699,0.0135931887991,0.1599145204565,0.0574367686617,0.2842649523240,0.0978039558055,0.2906288429141,-0.2872782421542,0.1076740308305,0.4525386559367,0.1765182608808,0.2029709063039,0.0720287173934,0.3781217482292,0.1470747852593,-0.0470581310525,0.0115226762236,0.2080803367419,0.0576754413472,0.2078791043288,-0.0065847490185,0.0458191060897,0.1878013642809,-0.1607099979025,-0.2329369914383,-0.0164973511747,-0.1057357005299,-0.1606450320102,-0.2461569014189,-0.3154018926080
0.2610921231569,0.1524952748230,0.3003884281070,0.4180882919217,0.1657059398092,0.3392423515876,0.4310104639132,0.4602583188855,0.4087905216700,0.2929363323572,0.3958036013233,0.6263753102272,0.7193652301995,0.3036790284839,-0.1010048633205,0.3962996464684,1.0000000000000,0.5427082425583,0.3918422595721,0.3276145147978,0.2596537150674,0.4597327729255,0.2178018121209,0.4163419124896,0.0814580858192,0.0366661570888,0.2630617616341,-0.1150251633653,0.1218933882316,-0.0631642608635,0.5487452006483,0.2212191255731,0.2910625056732,-0.1701611549913,0.1939213759212,0.3498748123636,0.1420525507789,-0.1244229110169,0.0108646368612,-0.1565970654670,-0.0392558186857,-0.1561529950137,-0.1557399706010,-0.0379184816119,-0.1148990639428,-0.0739200065507,-0.1154129604570,0.0243544865285,-0.1183342457627,-0.2091079071623,0.2666370975834,0.2548653663264,0.3263218988236,0.3212704677321,0.2799430690256,0.4076441412594,0.6454370262777,0.4994972221476,0.4190545013314,0.3571664474072,0.1999256286259,0.4387512666062,0.4892708949988,0.5437225176216,0.1485951559169,-0.3134733966055,0.4657777514078,0.6518167193487,0.4298821079240,0.3682762160609,0.3364581577798,0.3304090411326,0.4391881333879,0.1293631413363,0.1401078844832,-0.0059912518725,0.0610267965130,-0.2176682883317,0.1862695478495,0.4615730235750,-0.0215348466689,0.0061506102431,-0.2784258264947,-0.0595356534287,-0.2696146085771,-0.2986965014743,0.0360400354066,0.1222051125301,-0.2723944340399,-0.1099055570187,-0.1902304014215,-0.1568942098637,-0.1162293933800,-0.2529546105052,-0.2348034386621,-0.0985569446773,0.1728052792244,0.1276513181903,-0.2748650428973,-0.2403369282559
0.1605292366435,-0.0480881568779,0.0816138542175,0.3462138626586,0.3916992199948,0.3371042603797,0.2623563961764,0.5865199556550,0.5548707124443,0.3261476204359,0.4156534711208,0.4315466474473,0.5355259177279,0.0995209668775,-0.1202710411856,0.2952265782211,0.5427082425583,1.0000000000000,0.3574442715392,0.5626370457063,0.0738025252725,0.0680311138836,0.2822845970476,0.5778723788317,0.3766541553191,-0.1054817726758,0.1899074802338,-0.1199757201104,-0.0425490232333,-0.1242575789805,0.3715395122388,0.1920025109466,0.3053812683497,-0.1398276831852,-0.0278096438363,0.0364795897044,-0.0154317609075,0.1531426104728,-0.0637520682447,-0.1012992930907,0.1494622274358,0.1054208556954,-0.2416375762434,0.0413035977125,0.0190072183794,0.0087964661264,-0.0562660713986,0.0437992051487,0.0896368815941,-0.0576259063501,0.2648755159199,0.0798580288166,0.3314021340499,0.2454431469339,0.2937543138843,0.2804734514922,0.5515757799953,0.4779376944652,0.7101363828581,0.4261920195829,0.2453002491576,0.5440617568816,0.4438519819148,0.5074661089183,0.0773803612193,-0.2676127090844,0.1615277449177,0.7470425934762,0.4213399268351,0.5448578117246,0.1248517526797,0.3344273933692,0.7060867885928,0.2900649001476,0.1587285547573,-0.0499613633522,0.1364109936208,-0.1453410024904,-0.0676547139352,0.5753351672812,-0.0224116289677,0.1854069344753,-0.1368310337392,-0.2468879753278,-0.0092214289544,-0.1707802874889,-0.0589690694559,-0.0066839667435,-0.2462260788440,0.1048600076264,-0.0660269508367,-0.1539209801073,-0.0280936155027,-0.0997366942754,-0.1209182485253,0.0214699764470,0.1820839955052,0.2145041906339,0.0135053687720,-0.1365889902629
0.0127354490831,0.0139871124759,0.0249891887815,0.2677250123342,0.1550285785230,0.1909167760874,0.2536361320718,0.7120701936045,0.7074489667963,0.1956210944453,0.2669782198837,0.1658384683889,0.2894178145922,0.0428175459415,0.0603104260078,0.5005140004741,0.3918422595721,0.3574442715392,1.0000000000000,0.5912186162146,0.0216688618650,0.0643783007608,0.2306467545271,0.2765719862948,0.3361479843750,0.2479188520657,0.2953738776181,0.0535493882650,0.0550912615659,-0.0359483760262,0.2220890989440,0.2655963152793,0.1789628272380,0.0490494183223,0.0192679999061,0.5227149051361,0.0990845119793,0.0742755815251,-0.0969829096060,0.1311671442826,0.1172403576749,0.0050251921890,-0.0386583419682,0.1770591116590,0.1540554125030,0.0459093395511,0.0503297414232,-0.1014675908710,0.0502450212555,-0.1108001756934,0.0983206916118,0.0068254442002,0.2595899341753,0.1194031418988,0.2062407106585,0.3135093386233,0.2811319291918,0.5202389388149,0.3007281450952,0.6389912682614,0.0891149121486,0.1674970467761,0.1218035610933,0.0830389443390,0.0669911593423,-0.0995325494796,0.3571547069285,0.1402958882105,0.7640864652772,0.5947515145073,-0.0403626122422,0.0358668117567,0.2957799523529,0.4081074751052,0.0842607969897,0.2645428634184,0.1661407746306,-0.0066728050997,0.1701265554829,0.0598408965244,0.1806976827570,0.0584917458851,0.0943895608909,-0.0385646368092,0.0559977646904,0.1030716672268,0.0254631374394,0.0628718790811,-0.2130504509296,0.2151383547298,-0.1456404431150,0.2243260101882,0.1975838667095,0.0052477716594,-0.0201833955163,-0.0874994795929,0.1426726000721,0.0323579108113,-0.0461597238210,-0.2418613867929
0.0683315350855,-0.0974320761092,0.1080237558091,0.1438335086779,0.3509623897661,0.2773889443663,0.1628731350028,0.7946457016254,0.7693707311014,0.3066658779099,0.1294416064890,0.1952991780273,0.4293805465050,-0.0509754913276,-0.2345968402051,0.3166849873295,0.3276145147978,0.5626370457063,0.5912186162146,1.0000000000000,-0.1050787116747,-0.0837591064308,0.1633050747754,0.4478292532185,0.7163714878446,0.1706439069318,0.2623576350213,0.0762281993524,0.0593958555001,-0.1250283228900,0.2591945159836,0.1826965359102,0.2745071410993,-0.0922784483376,-0.0075994745280,0.2560686386592,-0.0066648222722,0.3834949645343,-0.1345939297143,-0.1050369939287,0.2323087184928,-0.0326887121506,-0.2322684998871,0.2998366969329,0.1757482950559,0.0783013398329,0.0480995776876,0.0141219233198,0.2036694461732,-0.0853622521803,0.1308960175009,-0.0209329710767,0.1572614831410,0.1761495967915,0.2234924822053,0.0946743024397,0.4693864738595,0.4959748529577,0.6135922860177,0.6946936515678,0.2247225883191,0.2208520127349,0.1662323005850,0.2955265051492,-0.1571977219036,-0.2857055905788,0.1912390016324,0.3423862918025,0.5591807308823,0.8785373734956,-0.1180336652525,0.0800496407281,0.5547425019702,0.6995883236069,0.0200569062200,0.0089390730172,0.1928130132349,0.1162112250545,0.0169748747937,0.2487813179520,-0.0650140567075,0.2142199802374,-0.0027886231361,-0.1829469884152,0.2170106320622,-0.0066047841595,0.0021562954432,-0.0050819244962,-0.3570542441515,0.5077043198210,-0.0921820115588,-0.0552822210953,0.2141619004412,0.0982472200559,-0.0078045868939,-0.0076581366527,0.1555663273163,0.1981363426678,-0.0455921779425,-0.3401422184837
-0.3185359741405,-0.3177942446214,-0.3131584708345,-0.1998059341404,-0.2782461649844,-0.2298570600880,-0.2993856121065,-0.1505026002405,-0.1582215461675,0.3330564069070,0.4814180911361,0.4087989579627,0.2213119338885,0.0644645052255,0.3463809221145,0.0968689945050,0.2596537150674,0.0738025252725,0.0216688618650,-0.1050787116747,1.0000000000000,0.5102404329708,0.6827776718331,0.4059218285225,-0.0269666926428,0.4555760547992,0.5688050273161,-0.0283674190020,0.1623703677525,0.1936705940477,0.3530556402315,0.4681672418365,0.4752026271107,0.1798562963336,0.0230276007914,-0.1147392972147,0.5830848522752,0.1170986375370,0.0792761738187,0.4137535897381,0.0699174714578,0.2087873228603,0.4029294651922,0.2813473553660,0.0767276830132,0.3898551203901,0.3093848687841,0.0536765343024,0.0659829410197,0.4592406056722,-0.2514032827170,-0.3510967382358,-0.3078588838272,-0.3583565911567,-0.2676326695416,-0.3424332974203,-0.0989433854274,-0.2677153413193,-0.0708924552871,-0.1309509909311,0.0248472459192,0.3118311793070,0.3800404343029,-0.0186810997916,-0.1227306824393,-0.0263303772285,-0.1393399071603,0.0154498306625,0.0251280893788,-0.0711355892781,0.4654967412589,0.5369655182583,0.0394077618012,0.1531782005699,0.0369105432146,0.3349652582807,0.3042378252079,-0.1756814843623,0.1424828963076,0.0847974466841,0.2582554069523,0.2182723895523,0.1384044406791,0.0539683985296,0.1581597919117,0.1496406957952,0.4742114065362,0.1290491958065,0.2118895582043,0.1343699037257,0.1367819778525,0.3182239288937,0.3109694763286,0.2279747360300,0.1385209701559,0.0450471003196,-0.1233717411274,-0.1176788498857,0.1650626831332,0.3737699327802
-0.0747637131578,-0.0807902248327,0.0307404110627,0.0665043568816,-0.2075160127239,-0.0253846325580,0.0377988391595,-0.0273598336220,-0.0598908482945,0.3667516422150,0.4940380562622,0.5033208281890,0.3180154640010,0.0908541022838,0.0323137764310,0.1727931425398,0.4597327729255,0.0680311138836,0.0643783007608,-0.0837591064308,0.5102404329708,1.0000000000000,0.4040387146830,0.3071606167006,-0.1191794951810,0.2779305088803,0.4907411904172,0.0715287970185,0.4199549985941,0.2003345801037,0.3690948364909,0.3055627607293,0.3168002293539,0.1494035023792,0.1145260998118,0.0538954387740,0.4624969350450,-0.0907084503159,0.0121601860413,0.1672688191701,-0.0033552943650,-0.1226641051594,0.1194819085766,0.1213520359306,-0.0382654057038,0.2662572406161,0.1317838613267,-0.0179263013444,-0.0365512384454,-0.0222160866863,-0.0400786575913,-0.0487426799441,-0.0171485099678,-0.0477612935224,-0.0613528364621,0.0162297536723,0.1401333416735,-0.0167890854556,-0.0646575137715,-0.0243623233237,0.0592434701267,0.3475795754708,0.4735254734482,0.1797699204842,0.0192122562210,-0.0842207671630,0.1870161070097,0.1796583912524,0.1243039719594,0.0061558298989,0.4465147340010,0.6470972892737,0.1297403980754,0.1185919167830,0.0981318369831,0.2168941139614,0.2571566550676,-0.0784308433067,0.3825313045453,0.2265734086607,0.1361081832870,0.0714373291808,-0.0784103762303,0.0775326276526,-0.1106135707440,-0.0773671005043,0.3188466872217,0.0967390635439,0.0114903858017,-0.0360078871381,-0.0610790026236,0.1089957257119,0.0872069032280,0.1029928036326,-0.0036440946061,-0.0244273125163,0.0769985539111,0.1186669472900,-0.2178750246591,0.0338301583404
-0.2686020502358,-0.3308141539558,-0.3841366830755,-0.1975269293822,-0.0234842328186,-0.2127094450562,-0.3082279552853,0.0309658276391,0.0388757595010,0.3990381689008,0.4288487329986,0.5005102325296,0.2227553898580,-0.0573453237396,0.2153946574683,0.2320379891030,0.2178018121209,0.2822845970476,0.2306467545271,0.1633050747754,0.6827776718331,0.4040387146830,1.0000000000000,0.4703230623952,0.2785318236709,0.4628366241813,0.7077951569577,-0.0919575816389,0.1893446410056,0.1248946423367,0.3512810101134,0.5313729616957,0.4929836295507,0.1787540221701,0.0531898880356,-0.0695277317445,0.5681920233623,0.2304358229929,0.0933511421666,0.4910608618826,0.2871788512263,0.2698282636521,0.3104877417023,0.2929179463011,0.1683736792038,0.6008502370662,0.2869953635609,0.1648141540583,0.3317525229297,0.3629918537644,-0.1561916464106,-0.3699464864965,-0.2668482479825,-0.3655720284688,-0.2547120927154,-0.2938175213323,-0.0296198032611,-0.1646256709187,0.0543345539079,-0.0139306660892,0.1275331351778,0.3779449040848,0.4681391495052,0.0452745531042,-0.2270141332668,-0.1034532552033,-0.1350022758543,0.0528393785519,0.2298405819001,0.1643835331512,0.3481513489269,0.6474942399429,0.2192667595726,0.3558448485602,0.1495960614031,0.3731333542079,0.5968697181941,-0.1735924902650,0.1555420658283,0.1470465769671,0.3221029163204,0.3649139063396,0.2287350654864,0.0165214184692,0.1613822841732,0.2520336147958,0.5415814554914,0.1355168284190,0.0886497479080,0.2601748797942,0.1885833407334,0.4741466498207,0.3565596184866,0.3412352392812,0.2319297931097,0.1369186738238,0.0539003848941,0.0501097345553,0.1915770733913,0.1081959135407
0.1105423823160,-0.0900636117409,0.0371094279374,0.2000517957783,0.2999686769413,0.1692282604699,0.1555974936905,0.3275021980904,0.3389941561479,0.4311762144238,0.3677244825679,0.4577261621140,0.5077130872289,0.1672455103409,0.0635260401732,0.2137280513657,0.4163419124896,0.5778723788317,0.2765719862948,0.4478292532185,0.4059218285225,0.3071606167006,0.4703230623952,1.0000000000000,0.3221746199913,0.1428659509515,0.4838716705867,0.0425643131894,0.2608656882958,0.1831041692392,0.4323919972086,0.1808111358392,0.3917829416788,-0.0176209301561,0.1137382345444,0.1802115084927,0.3190989303188,0.2373017922558,0.1673256139128,0.1177906158741,0.2408362175329,0.1300387419509,-0.0163117424695,0.1439703307849,0.0149781020226,0.2249662565792,0.0809078577836,0.2154911941193,0.2875532247186,0.1846131497765,0.1731201910886,-0.0164784511374,0.1171261120216,0.0497563614130,0.1208814412339,0.1014502736353,0.4307539820665,0.2117381197491,0.4512508941301,0.3134164635282,0.2346906851075,0.5090106102827,0.4460517787988,0.3461550762082,-0.0832036869003,-0.1270267644413,0.1307198325266,0.4552324587778,0.4098105530564,0.4787855796348,0.2063263886810,0.4986498021229,0.7095581461937,0.4132813263920,-0.0814433675394,0.0026185509462,0.3864181033613,-0.0436012396822,0.1475106934459,0.3826162198676,-0.0686052817975,0.1986513322950,0.0563857467836,-0.1466374866243,0.0882586805313,-0.0611408662210,0.2864272048791,0.2758979284998,-0.1245368233248,0.2547926972147,0.1582220000815,0.0639408778712,0.1315677467449,0.1846588682765,0.0308266609996,0.2047852161680,0.2443443158584,0.2626942596525,0.1668510627620,0.0315637261475
