1.0000000000000,0.4582045846650,0.3926169679740,0.2616333145989,0.6557300409699,0.3203803069368,0.2532235129583,-0.0419263636879,0.1243015723404,0.3299688975561,0.2929583127252,0.3874569950513,0.1607087965164,0.7412667181518,0.4953737174395,0.1499027445457,0.3028830104365,0.2942459729169,0.3173621832014,0.0412020602783,0.0944819570508,0.2666796501209,0.2084076770616,0.1992634463323,0.0288330476937,-0.0138622314964,0.1139262770687,0.2591415878894,0.3533695943141,0.3315107367474,0.2057962209971,-0.0125477890663,0.2246586217143,0.2124412890713,-0.0523732727396,0.2018251216704,-0.0430856977771,-0.2324663903564,0.0913217969147,0.2433941348960,0.4269557748969,0.3607286549153,0.1899089573095,-0.1046565134399,-0.2444132739910,0.1596156017306,0.1017872624184,0.1564134862556,0.5106722604960,0.4439136038914,0.3989143996104,0.3198662788974,-0.0435549439935,0.2865912380482,0.2397226402233,0.0100111231630,-0.2426765415250,-0.1144572765389,-0.1441470404010,0.0860124700942,-0.0747358776276,0.0864693074218,-0.1652827370881,-0.1484395874125,0.3783387649465,-0.2667114302343,-0.0315170013734,-0.1405627818940,-0.0084671996864,-0.1611496453159,-0.3035688056297,-0.0889800413669,0.0469929492620,-0.1126358922916,-0.3877068445684,-0.4218205755141,-0.0660050047771,-0.2965504609579,-0.0154741155993,-0.1851319426532,-0.3606610899119,-0.3567040879931,0.0244474078228,-0.3283993220742,-0.3867131600476,-0.2755423437220,-0.2012277023972,-0.0386332791743,-0.3797027863079,-0.3504089727966,0.1331482035566,-0.2718067405784,-0.3833344863751,-0.2391825964090,-0.3827416852698,0.0341271856554,0.2822490248062,-0.1677878968519,-0.0990909666500,-0.2842529863126
0.4582045846650,1.0000000000000,0.0554372532339,0.2814263642788,0.1908977931759,0.0051460576034,0.2010866550233,-0.1650687672592,-0.1085262687235,0.2489636612024,0.2224092490685,0.2567459678091,-0.1075911610537,0.6557974558646,0.5946527975265,-0.0096193590536,0.2167923865452,0.2553314670802,0.3645056252671,0.0890954066271,0.1659670237160,0.3063541274748,0.2681243212410,0.0796458820438,0.1021949186928,-0.0466808268085,0.0148612295573,0.2128234008031,0.4867254904217,0.5306897287014,0.1946554086837,0.0493362326395,0.1877068125602,0.2134238263713,-0.0433828882003,0.2087012968560,-0.1384549008735,-0.3325143533987,-0.1897202985496,0.2547625131164,0.3176003986126,0.2155756093858,0.2649702708346,0.0960051286951,-0.1408506831470,0.2483886804802,0.2094931645250,-0.1858424544534,0.3353063179233,0.3149218343118,-0.1339873331312,0.2758991829963,-0.1140200073071,0.0977513893800,-0.0024975990014,0.2196813567316,-0.4314240845276,-0.4366424991927,-0.3839312449475,-0.1007003861890,-0.2118624904754,-0.3223154782945,-0.3858257768112,-0.4599808341146,0.2962035662481,-0.2016072159189,0.0944760615249,-0.5106492187170,0.1132292112907,-0.1432236294072,-0.4707534454187,-0.3534589474854,-0.1084723042372,-0.1340385384169,-0.3958754869011,-0.3528336123334,0.0839627713006,-0.3166102565255,0.0295262545041,-0.1851332924113,-0.4236687640356,-0.4741747571406,-0.1372718852380,-0.0720927830409,-0.4706001629075,-0.3695191866519,-0.0859733861099,0.0075317449885,-0.0618327003087,-0.4120745321590,-0.1322981103397,-0.1520531130863,-0.3221181838981,-0.4507471683517,-0.4610968626270,-0.3435695419356,0.0537920539552,-0.2865926965337,-0.3848064020786,-0.5103859619441
0.3926169679740,0.0554372532339,1.0000000000000,0.3987446956840,0.5893427693201,0.6532476316351,0.4878717931380,0.3591353449887,0.1643839126507,0.0403286384502,-0.1054115652345,0.0707481707273,0.4282296621388,0.0907085267150,0.0493144166453,0.2254005840331,-0.0588917223779,-0.3252091661449,-0.0648997383679,-0.0428712119301,-0.2006855339803,-0.1805817733292,-0.3543470795528,-0.0474393549186,-0.2801319619229,-0.0350856529058,-0.1776202460094,-0.3006477180716,-0.1977887034633,-0.2061077782447,-0.1858217342140,-0.2182337518028,-0.3522814359217,-0.3904556839104,0.2922618819371,0.2778305852976,-0.0792098842222,0.1788773814042,0.3025332006978,-0.4740091365377,-0.1895245163418,-0.0447548810413,-0.2161101937394,-0.1745736686815,0.1049905902740,-0.4519125470613,-0.4440405765327,0.3060991721737,-0.1121774205864,-0.0648642587024,0.7701686102183,0.7822190150363,0.5891450103620,0.6787631144031,0.6132154597404,0.5016090447889,0.4663588093358,0.4826125218141,0.4583118515624,0.2833141209921,0.4257686476708,0.4468220871976,0.5661447089184,0.4787703061140,0.5144787370276,0.3325790625294,0.2697856212046,0.2831963004430,0.3813660446362,0.1875411708162,0.4297391293043,0.3520321634793,0.2634467529739,0.1725422955614,0.3644921264379,0.1150362510504,-0.3463114303535,0.2095349003396,0.3081856921608,0.2304432488827,0.2939504673843,0.3126379849715,0.2423524622309,0.1866393781923,0.2402270495311,0.1576849338790,-0.0925463172383,0.4262515921136,-0.0421749491559,0.1172970118466,0.2919674405046,-0.2293085606225,0.0663029882031,0.3682525236032,0.3778044146837,0.3826344506867,0.3586450132985,0.3747394980433,0.2785260882279,0.3509138947075
0.2616333145989,0.2814263642788,0.3987446956840,1.0000000000000,0.5367520088292,0.5802393554470,0.6836082899862,0.2010393323717,0.2378430567694,0.3647554747560,0.2515130561516,0.2383698173603,0.2195341104514,0.2860951514599,0.5718061484659,0.5518481595928,0.2477937557737,0.0408827535900,0.3503707428756,0.2442549790466,0.1181635912440,0.0546191208665,0.0422724150604,0.1617726383316,0.1060897787790,-0.0337911132970,-0.0105084029990,0.0421994675949,-0.0324713868818,-0.0308590035335,0.1664454662788,0.0718619320604,0.1479605583145,-0.0691123322456,0.3113048148317,0.4415759052651,-0.0572595492215,0.0109427737198,-0.0126513758007,-0.1028810568818,0.0959493502280,0.2996825918009,0.2981724623309,-0.0913923901586,0.0670726105862,0.0177187984078,0.0971474720075,0.2151930063996,0.0948036477909,0.2763431036818,0.3299339534277,0.3114260554904,0.5133996565765,0.5284045872119,0.4913225005182,0.6652858278904,0.1290852030443,0.1583838688181,0.1419033406749,0.3083533715223,0.2232357705930,0.3440864942427,0.0244846057696,0.0350981564661,0.3286234346779,0.2145099239659,0.3845943745305,0.0124059252405,0.3794481028364,0.1860368592117,-0.0447602429045,-0.0994674931912,0.3649351956892,0.1867608974944,-0.0016066229629,-0.1748689458594,-0.0651831274109,-0.0262784683275,-0.1616488540532,0.1164557103865,-0.0560074853277,-0.0292556511020,-0.2198652757755,0.1691664115351,-0.0310379792161,-0.0675220528465,-0.0892072235019,0.2896887568078,0.0241862445791,-0.1337942056416,-0.0360380141185,-0.1091928895604,-0.1405328923973,-0.0853990356335,-0.0560048359585,0.0226801301281,-0.0355258039726,-0.0461366861353,0.0371696128779,-0.0477476764175
0.6557300409699,0.1908977931759,0.5893427693201,0.5367520088292,1.0000000000000,0.8085643201497,0.5875663959388,0.1951427994705,0.2490159971779,0.3002679702374,0.2797883276328,0.2840852759947,0.4273474077537,0.4039530235728,0.4908102299209,0.2936111597627,0.2301393839677,0.0834983970253,0.2156908077347,0.0282637585998,-0.0940871441604,0.1237222525594,-0.0790252809398,0.1741875537669,0.0114179422185,-0.1523593470594,-0.0142608123037,0.0204514374272,0.1275879760336,-0.0562735931708,0.0383499358754,-0.1288274886977,0.0324986215897,-0.0733560441989,0.0764268382433,0.3363474526619,-0.1746662006365,-0.0483098141435,0.2357971654957,-0.0048645226778,0.2419590000157,0.3513419968016,0.0989647231908,-0.1254731638776,-0.0859715808730,-0.0680397873541,-0.0385406164196,0.4580243327351,0.3414317771726,0.3613545177314,0.7231801459991,0.4315940961285,0.3372021058627,0.6882692476595,0.7332987945306,0.4074933029761,0.0962744696250,0.2587738669529,0.1177152818609,0.2955611116570,0.1594797893860,0.3822257056213,0.0875467106282,0.1792916820223,0.3815056248837,0.0451992940149,0.2095662341693,0.0392445938292,0.1799941921763,-0.0381456176057,-0.0659882380973,-0.0738038749749,0.2941237816728,-0.0377081662824,-0.1562624259765,-0.3413767745165,-0.1742775781507,-0.1345853389135,0.0438065843431,-0.0500931030212,-0.1842389605474,-0.1470398245170,-0.0498341204931,-0.0767450141014,-0.2024532967095,-0.2785432420908,-0.3016735400650,0.1679118730961,-0.2840816428614,-0.2309226831424,0.2209913273393,-0.2182815509207,-0.2627629077139,-0.0929784708536,-0.1307777207644,0.2972350694558,0.3286945244754,0.0218531483526,0.0265878886848,-0.0668815213254
0.3203803069368,0.0051460576034,0.6532476316351,0.5802393554470,0.8085643201497,1.0000000000000,0.7473686227587,0.3444717439569,0.3382239714565,0.3577533470091,0.2361441349937,0.2036799615263,0.5234340009090,0.1678855226546,0.3826166829318,0.3058952930578,0.1367546379693,-0.0476549073397,0.1495848932185,0.0959707956198,-0.1651656381137,0.0555556612336,-0.2065160165036,0.1639867651547,0.0481262482826,-0.1469062260116,-0.0532333730225,-0.0580484978293,0.0122160950638,-0.2014468675131,-0.0379014329163,-0.1290527503353,-0.0880195644336,-0.1883649758654,0.1812300749185,0.3499054296983,-0.1466250064830,0.1269982619677,0.2465218058033,-0.1486342439397,0.1341244756791,0.3724264962047,0.0086791314389,-0.1166055330968,0.0620662129670,-0.1668704340038,-0.0941773925928,0.5223569002897,0.1442671838020,0.2982944773401,0.6454560985684,0.4374234391076,0.4267210209991,0.7256940770789,0.9001606700299,0.5532736927521,0.3109630933136,0.4383825063226,0.2712737730496,0.4087597951768,0.3725998349334,0.5108416906892,0.2425769684114,0.3378462265834,0.3416349217574,0.1749873711893,0.2193861175728,0.1428837428667,0.2559042824608,0.0837226804723,0.0965457572068,-0.0053957457144,0.4136644171110,0.1331041249026,0.0328606708238,-0.2449280657882,-0.1685685046177,0.0679158938219,0.0771395443835,0.0220512118942,-0.0512541621879,0.0131625143267,-0.0187861175065,0.0091738198150,-0.0171444019862,-0.2154588612547,-0.2160548078238,0.2612303875867,-0.2390003175638,-0.0948875842942,0.1963688634501,-0.0887121293527,-0.1230633906178,0.0221883414896,0.0584827999496,0.3978747420409,0.2999705600589,0.2108751637211,0.1573619091467,0.0933654167620
0.2532235129583,0.2010866550233,0.4878717931380,0.6836082899862,0.5875663959388,0.7473686227587,1.0000000000000,0.1129196438995,0.1165636732686,0.4007308426448,0.1400905990645,0.1766176103100,0.2361492862487,0.2325881456466,0.4818608368430,0.2217602074942,0.1261390045232,-0.1021893307551,0.2318201594603,0.0155769404311,-0.0605043644903,0.1109724898586,-0.0555316632493,0.1621070058534,0.0153247511464,-0.0521684545135,0.0921050094805,-0.0310030062477,0.0046685717034,-0.0641626611837,0.1011308564864,-0.0818366184893,0.0283765234995,-0.0542097093994,0.2794193089035,0.3407303782539,0.0011227350700,-0.0750237945299,0.1710885786934,0.0057037581995,0.1290940060342,0.3109013393936,0.2113955072401,-0.0573045910158,-0.0198400065909,-0.0364311349277,-0.0251383976103,0.2192004134234,0.1294919691663,0.3562363414154,0.3641588669305,0.2890597025819,0.3183219831745,0.6171323875498,0.6996357412860,0.7019736841349,0.1574236057555,0.1761353023355,0.0768407068020,0.1834906952927,0.3103140158817,0.2947256535531,0.0273417247554,0.0762654590147,0.3564710513683,0.1029399316854,0.1399754606845,-0.0425035249543,0.1955772540373,0.0109235706347,-0.0772793880447,-0.0599448306956,0.3167842403558,0.1070876103653,-0.0820910166338,-0.2717946324588,-0.0949753035619,-0.1752065347964,-0.1160309025152,-0.0443334992251,-0.1954916220709,-0.1484683139596,-0.1466670904391,-0.0122140607888,-0.0989348033691,-0.2014760502919,-0.0526498878608,0.2566823053005,-0.0610582408644,-0.2091001909467,0.0940079111282,-0.2189882280182,-0.1778152807637,-0.0672955751962,-0.1388187325848,0.1024981621323,0.0572888550626,0.0188777454362,0.1229178265819,0.0009674102830
-0.0419263636879,-0.1650687672592,0.3591353449887,0.2010393323717,0.1951427994705,0.3444717439569,0.1129196438995,1.0000000000000,0.6028093333055,0.2045170968834,0.0977080060511,0.2866055029214,0.6474063662095,-0.1251034114569,-0.0935988787419,0.3734388837666,0.1300220460935,-0.1103407396839,0.0820551169881,0.4087557269574,-0.0347791378727,-0.1095375903287,-0.2698582107586,-0.0412691992904,0.1646889481122,0.1262936479404,-0.1610219364854,-0.2141300740695,-0.2847218273233,-0.2938269228836,-0.2210308328468,0.0251265772971,-0.2286853691528,-0.3334565304892,0.1267258415606,0.2571806478011,-0.1451697301026,0.5119693979165,0.1004270267139,-0.4549036999303,-0.2283367056449,-0.0093746524648,-0.2087336026044,0.0887496790914,0.4898383290048,-0.2913298617362,-0.2596288542286,0.1802922719253,-0.3310910758158,-0.1757626633499,0.3622972147386,0.3767611542154,0.4277081628226,0.3434282185585,0.3156310360495,0.2839837894294,0.6329761356817,0.6512504497933,0.6309038436151,0.5820095739689,0.5312061916031,0.4580151098374,0.6132652127790,0.5705483698239,0.2460779487782,0.3078287279303,0.3355636121761,0.3605433575304,0.5586548701307,0.4356727094883,0.4800387041442,0.2589245295444,0.4293837052266,0.4822975084737,0.4863635591992,0.2787490340540,-0.1609289350081,0.3878156924628,0.2100034389936,0.3134599035754,0.3943497226540,0.4439134136091,0.1156186481443,0.2324074289469,0.3955732364943,0.1819867885210,-0.1450746541297,0.2975223693097,0.0170145389289,0.3244481038179,0.0197025563709,0.0160645113764,0.2796968648718,0.3271231149746,0.4344888406131,0.1546763315831,0.1997579251336,0.4318584286421,0.2108387932480,0.3236924453942
0.1243015723404,-0.1085262687235,0.1643839126507,0.2378430567694,0.2490159971779,0.3382239714565,0.1165636732686,0.6028093333055,1.0000000000000,0.2115736847797,0.4029146911473,0.3102007375582,0.4917890016919,0.0568366355220,0.1615319911002,0.4426863748359,0.3330354839582,0.2831169406253,0.3334919129797,0.4911921460808,0.0914745293683,0.0576810006372,0.0393704929362,0.4325384410829,0.4836800560333,0.2229754463298,0.1055457418930,-0.0209250093087,0.0091247055096,-0.1687195906914,0.1162938359015,0.2192265426200,0.1286464267690,-0.0325053799536,0.1466684317716,0.3178898218573,0.0852351183566,0.3380450545003,0.1884928493316,-0.1155487762858,0.0719143423101,0.2446251875587,0.0336575776271,-0.0214611211906,0.1491239478010,-0.0361320388213,-0.0200872885315,0.3237611137584,0.0669132226379,0.1114037170144,0.2692317280920,0.1257259873135,0.2046567847601,0.1329905573586,0.2701890722426,0.0883904494615,0.3879362466097,0.4248374084719,0.5591620572174,0.8678105336243,0.2047117649550,0.4658928069580,0.2749453077359,0.3470521322444,0.1030250070244,0.0553752957757,0.2006132127098,0.3680319432791,0.3830098079961,0.3337403866018,0.1849180995573,0.1984793053926,0.5950670591672,0.5218392835716,0.1463353813832,0.0625135769874,0.0108865115292,0.0664159480267,0.0001363567789,0.2668610425196,0.1469954340329,0.2075502573337,-0.0374768083979,-0.0454047095965,0.2018874191750,0.0109637131152,-0.0486768392167,0.2695794424145,-0.2144221191371,0.1275682502011,0.1982681500533,-0.0002283789032,0.0810229625302,0.0891868434785,0.1187823225799,0.2558041645634,0.0797200711869,0.0452515076907,0.0780313114475,0.1004337825543
0.3299688975561,0.2489636612024,0.0403286384502,0.3647554747560,0.3002679702374,0.3577533470091,0.4007308426448,0.2045170968834,0.2115736847797,1.0000000000000,0.5022355991612,0.7047636023930,0.2546310723732,0.5567542918095,0.5763611218666,0.0609067793850,0.5098944052106,0.3779404202220,0.3913959795535,0.2286626023963,0.4459832469412,0.6187778182423,0.4259501061216,0.2966830745831,0.2266879299078,0.0818520434774,0.3199409454996,0.4272493528320,0.3361065341684,0.2412863107256,0.2984583254443,0.2634351963987,0.3884417575832,0.3262595289932,-0.0301539434786,0.1343080645010,0.1283144831053,-0.2176223843050,-0.1758259017508,0.3566309935328,0.6237018386732,0.6818209741207,0.2960642923386,-0.0619890813232,-0.1325987146648,0.4151067692018,0.4356384131360,0.0321421628930,0.3382022062357,0.6842531742372,-0.0945972551648,-0.1423574511892,-0.2364828028598,0.1312016281515,0.2349562654376,0.0830779220988,-0.1789311489075,-0.1272065387823,-0.2221534935184,0.0455622460282,0.3338543982146,0.2458350329055,-0.1862270970940,-0.2411078476314,0.1369791550875,-0.3731010602429,-0.2315698921985,-0.2281905441131,0.0199105036111,-0.0488781075743,-0.2624458484959,-0.0913377054836,0.2752274537754,0.2562055883578,-0.3018321405170,-0.4305167101078,0.2754558691924,-0.2045088721267,-0.3438519874241,-0.2945685928046,-0.4133153765009,-0.3624298716946,-0.1985091869835,-0.4462149532438,-0.3155919659428,-0.3135748281316,0.0719050646186,-0.1161143316357,-0.2947680376971,-0.3417952046992,-0.2379690140105,-0.0316478074530,-0.3309826392770,-0.3424632560195,-0.4087788840133,-0.1657898919092,-0.1789213972538,-0.1016214761023,0.0359727139451,-0.1916904501296
0.2929583127252,0.2224092490685,-0.1054115652345,0.2515130561516,0.2797883276328,0.2361441349937,0.1400905990645,0.0977080060511,0.4029146911473,0.5022355991612,1.0000000000000,0.7303577865002,0.2513744632184,0.4176345299685,0.5423046033446,0.3400311493789,0.5855523187020,0.6362268245326,0.5566992331314,0.2963773663526,0.4283332583361,0.5904827870579,0.6365195482244,0.5293314612729,0.3812938631523,0.1340661789213,0.3649057915329,0.4546217993055,0.4771213266652,0.1920716052318,0.3485713408570,0.3281015268595,0.4941050878848,0.3666446467444,0.0943547263744,0.2910339017292,0.1324877801024,-0.1861494275386,0.0881841357790,0.4767508146450,0.5495537543392,0.5251650989016,0.4970773660678,0.0377864062559,-0.0731695956087,0.5532681812139,0.4607477696286,0.3492159903765,0.4492961957602,0.4929389782863,-0.1013668770990,-0.2061302962866,-0.2595288451746,-0.0107322210879,0.0904105182673,-0.0301775276198,-0.2678810748369,-0.1827407356805,-0.2219296402550,0.2196875360886,-0.1273353434979,0.2153749781448,-0.2559951373531,-0.1778706997071,-0.1123542068043,-0.2964481520473,-0.0332962972124,-0.1101372898301,-0.0029958921380,-0.0791300326303,-0.3567210178438,-0.1798176710589,0.3697741100177,0.0842457168259,-0.4203565038542,-0.4620632891288,0.3341015454244,-0.2914746759411,-0.2529234805440,-0.1753091757618,-0.4559499247574,-0.4101784464366,-0.2375826834676,-0.2472343208585,-0.4118766555468,-0.4642254486761,0.0049643687196,-0.0092982034377,-0.2615862527439,-0.3871344746372,0.0694802616293,0.0497833805625,-0.3706966445210,-0.4300414435994,-0.4642189506988,0.0874384456704,-0.1440585335840,-0.4164857978275,-0.2153624962210,-0.3752637811109
0.3874569950513,0.2567459678091,0.0707481707273,0.2383698173603,0.2840852759947,0.2036799615263,0.1766176103100,0.2866055029214,0.3102007375582,0.7047636023930,0.7303577865002,1.0000000000000,0.4135776219407,0.5061466227610,0.4533869481933,0.2179490682928,0.6685067655212,0.4913522187922,0.4530266591082,0.2435262013122,0.5626977816493,0.6466586516464,0.6438552543623,0.3694106454571,0.2036489226619,0.1921634978464,0.3546409893890,0.4215850797069,0.2993802016884,0.1919205388191,0.3159659500223,0.3377709391502,0.4227593113997,0.3498070690911,0.0823494726712,0.2001601721732,0.1210764653280,-0.2039401925794,-0.0238075913617,0.3666175880623,0.5156013975833,0.4692906325780,0.3314920443928,-0.0065009551124,-0.0951535341896,0.5024350908491,0.4445910441347,0.1622959157139,0.2886956056162,0.4633734107854,-0.0287520905453,-0.0350494639287,-0.1929313822297,0.1500547711418,0.0435087641630,0.0197165243224,-0.1537458028288,-0.1084171630384,-0.1243054190434,0.1231577230137,0.1231170957783,0.2081891247269,-0.0229096782757,-0.0963595548929,0.0484924807858,-0.2874228680662,-0.1015625936251,-0.1195813052175,0.0741206427992,-0.0143502973556,-0.1619565482584,-0.0137111244700,0.3057083160843,0.2288697789667,-0.2485124333448,-0.3103020460476,0.2705360134108,-0.2184636748958,-0.2313929676069,-0.1502376373200,-0.2895997279145,-0.2684395137086,-0.1853655078910,-0.3130081196032,-0.2957664633978,-0.2816065668743,-0.0097285758772,-0.0293095556713,-0.2676191936398,-0.3298689279577,-0.0883158392806,0.0615128635440,-0.2846248102483,-0.2462036854100,-0.2947367404758,-0.0357060427925,-0.1992200744573,-0.2191786511831,-0.1536901653619,-0.2330981785967
0.1607087965164,-0.1075911610537,0.4282296621388,0.2195341104514,0.4273474077537,0.5234340009090,0.2361492862487,0.6474063662095,0.4917890016919,0.2546310723732,0.2513744632184,0.4135776219407,1.0000000000000,0.0160624593520,0.0790912065258,0.2857621161399,0.3911645339610,0.0268497919514,0.0333763795685,0.1611176489185,-0.0112672819562,0.1442377191716,-0.1618778497744,0.1783179336846,0.0924289518101,0.0214316739361,-0.0189784591396,-0.0486971988598,-0.1163679043457,-0.2169761877272,-0.0138914047262,0.0569393181095,-0.0135202432493,-0.1446160086045,-0.0197802001668,0.1388935491662,-0.0897852760366,0.3391085781872,0.1497781789062,-0.1800963442701,0.0185961377999,0.1758965851767,-0.1146148181240,0.1078989340919,0.2002932999326,-0.0940882551264,-0.0320586962336,0.3299088242761,-0.0216040234085,0.0772633898833,0.4636905769580,0.4113746121268,0.3655424754754,0.4979636852018,0.4658432740248,0.2234873685907,0.5056374519063,0.5823116986074,0.4641844348831,0.5199917619663,0.3451098873071,0.5083808232189,0.5242220642988,0.6467328616872,0.0938286909546,0.1175477795194,0.2524497695452,0.3474539057864,0.2721373257281,0.2247773268739,0.3131538594732,0.1848359225591,0.3749288413446,0.2232302024271,0.1936641177902,0.0711868453356,-0.0861944971255,0.1900927457721,0.1511644979582,0.2402625047622,0.2581418443728,0.2931638306252,-0.0698435755478,0.0086040150879,0.1704153136715,-0.0062011114474,-0.2986495583804,0.1321852662505,-0.3037610272527,0.1027811342208,0.1374004126870,0.1244563242680,0.1698678482467,0.2945829663067,0.3349599449236,0.2879600788463,0.1685110995310,0.2719021378038,0.0516982127795,0.1345774281178
0.7412667181518,0.6557974558646,0.0907085267150,0.2860951514599,0.4039530235728,0.1678855226546,0.2325881456466,-0.1251034114569,0.0568366355220,0.5567542918095,0.4176345299685,0.5061466227610,0.0160624593520,1.0000000000000,0.7164894938901,0.0930995062956,0.4313977950735,0.4589406644883,0.4723543534428,0.1186262450123,0.3089339397290,0.5199285408668,0.4217576143766,0.3201687118975,0.1245341620724,0.0208392074579,0.2133623289040,0.4949506905927,0.5859726160041,0.5773866801898,0.3601473786439,0.1519887228101,0.3911106500160,0.4037129850637,-0.0679322664427,0.2399109996655,-0.0014494854595,-0.3705695722784,-0.1215222929487,0.4051480813355,0.6497811428516,0.5321732117774,0.3378253017815,-0.0348852279148,-0.2958830776149,0.4150378243806,0.3672693660166,0.0674738232093,0.6475515811946,0.6212163630243,-0.0274281645360,0.0319462960307,-0.2811617034243,0.0270963913507,0.0844905137968,-0.0213896483102,-0.4598991040824,-0.3598099017842,-0.3905524466381,-0.0393597542559,-0.1603498548727,-0.0810534748451,-0.4074218092861,-0.4527346624891,0.3137415052752,-0.4340076783075,-0.1109130357673,-0.4154438959469,-0.0171941084546,-0.2081807546762,-0.5250308376180,-0.2498604695712,0.0481657035291,-0.0925184396361,-0.5446492842004,-0.5390350848482,0.1214741298206,-0.3590517477211,-0.1716400234611,-0.3288046908832,-0.5740668587427,-0.5780427433305,-0.1275702617446,-0.4155056238017,-0.5466112428045,-0.4369902331406,-0.0872368089616,-0.0878683380203,-0.3854229448810,-0.4850152692814,-0.0702049383644,-0.1961841476497,-0.4889638180925,-0.4988924759419,-0.6078511179483,-0.1516262930960,0.1188150652736,-0.3241596372869,-0.3007267311777,-0.5159703609553
0.4953737174395,0.5946527975265,0.0493144166453,0.5718061484659,0.4908102299209,0.3826166829318,0.4818608368430,-0.0935988787419,0.1615319911002,0.5763611218666,0.5423046033446,0.4533869481933,0.0790912065258,0.7164894938901,1.0000000000000,0.2743339076150,0.4679078615841,0.4211060234199,0.5409897546186,0.2175900630729,0.3160287285061,0.4715619560940,0.4338152049638,0.3947589253741,0.2982924107304,0.0683144204861,0.2604211432711,0.4829053448279,0.5221861791144,0.4135558289525,0.4224331162607,0.2416198949941,0.4562368369664,0.4107896944367,0.0770347742468,0.3658497565659,0.0110696867904,-0.2169883069205,0.0323018757610,0.4795954062090,0.6783884618142,0.6801419054072,0.6166055754058,0.1268403906581,-0.1054088331745,0.5138077459778,0.4759072732519,0.2372241604323,0.5411806732334,0.7605399431979,-0.0057820282744,-0.0024326335563,-0.1399296979098,0.2143657623113,0.2904057412064,0.2506627658159,-0.4192518109809,-0.2953325025227,-0.3698916095101,0.0917585479687,-0.2010412582572,0.0050364655408,-0.4944077765262,-0.4404360971927,0.1833346403287,-0.2535644171389,0.0032543077546,-0.4290205717933,0.0484740558982,-0.1536956603642,-0.5950840272163,-0.4125509035047,0.1275350399329,-0.0701408712992,-0.5797939237314,-0.5999670528384,0.1695140679641,-0.3669601685025,-0.3034691558191,-0.3284259228325,-0.6001503858880,-0.6078549077859,-0.3079816244609,-0.2223361997858,-0.5200760252621,-0.4984426396197,-0.1136832626325,0.0232253367926,-0.2393732226478,-0.4562684736493,0.0352574805241,-0.0655857809565,-0.4210622138203,-0.5392598246773,-0.5886743747855,-0.0989880372757,-0.1038670222105,-0.4381011020931,-0.3058517559940,-0.5484918986878
0.1499027445457,-0.0096193590536,0.2254005840331,0.5518481595928,0.2936111597627,0.3058952930578,0.2217602074942,0.3734388837666,0.4426863748359,0.0609067793850,0.3400311493789,0.2179490682928,0.2857621161399,0.0930995062956,0.2743339076150,1.0000000000000,0.4484702348985,0.2350461132235,0.5136660251268,0.4652790439757,0.2935948840615,0.0643265874951,0.1266529058130,0.3096327711303,0.2478006767594,0.2753526827759,0.1150044914010,0.0692470213077,-0.0245538537539,-0.0521458219540,0.3843766083778,0.3308545220146,0.2968755528276,0.0742109109521,0.5178837150898,0.7414874139266,-0.0056318762720,0.2782184822156,0.3607511885732,-0.0503662231218,0.0143934855588,0.0880360768876,0.4561653107515,0.1019671894769,0.2784342459728,0.1124385972217,0.0791793573053,0.4326920351014,0.0944355179581,0.0972232546796,0.2322218246574,0.1396368045642,0.3516663602872,0.2249595460244,0.1736212399085,0.3274615278198,0.1840265153794,0.1797908410126,0.3051679902373,0.4292031183575,-0.0697666855038,0.2250902468333,0.1254189053310,0.1630587707482,0.0298640124738,0.2245910411094,0.5943382396327,0.1988486644319,0.5476960698695,0.3012850835646,0.0802570170229,0.0284149139737,0.4338667215419,0.2209118177802,0.1055513821258,0.0139461817859,-0.0402621343278,-0.0082679318773,-0.0952666451213,0.2793578901361,0.1004391490569,0.1396596456850,-0.1468701455556,0.3724738117504,0.1366319539769,0.0532225151512,-0.2021230763166,0.5498323377972,-0.0311144406580,0.0816987745901,0.2399532574504,-0.0674493527578,-0.0044204984943,0.0404088383879,0.0366835974839,0.2390789502773,-0.0266616990929,-0.1732958369013,-0.0929412688628,-0.0482642344584
0.3028830104365,0.2167923865452,-0.0588917223779,0.2477937557737,0.2301393839677,0.1367546379693,0.1261390045232,0.1300220460935,0.3330354839582,0.5098944052106,0.5855523187020,0.6685067655212,0.3911645339610,0.4313977950735,0.4679078615841,0.4484702348985,1.0000000000000,0.6529830711155,0.6304287260085,0.4396704009716,0.7405682550145,0.6156275231688,0.6406707687280,0.6094606254015,0.3441780350861,0.4830211778575,0.5897240889016,0.4889599935029,0.3042029360237,0.2609622571111,0.7791435709028,0.6745439415042,0.7768816659977,0.5852549852664,0.1146463178364,0.3435159033080,0.2593382267293,-0.0054607283520,0.0891082792906,0.5033791883750,0.5327217880492,0.4314906734735,0.5965283797155,0.2705673313617,0.0199824096767,0.5644600538667,0.5449440775074,0.2206021479099,0.4514912396678,0.5233749138661,-0.1304124637318,-0.1455189909303,-0.2047649769881,0.0303505779120,-0.0466861679015,-0.0627258170096,-0.2258216611618,-0.1772611914497,-0.0760553583016,0.1726551252248,-0.2330153022668,0.0971692098120,-0.1964311603126,-0.1545294298112,-0.1352264200976,-0.3754403909188,0.0845453888280,-0.0003444388688,0.1729273742167,0.1616295327832,-0.2357737692900,-0.0158709465361,0.2652515913683,0.2173964822016,-0.3102439613487,-0.1937984349418,0.3624539487124,-0.3011056138237,-0.3344068117703,0.0517737288706,-0.2210479753267,-0.2019200142840,-0.3337691581694,-0.2365802503253,-0.1665372809087,-0.1476533297869,-0.1212217537569,0.1000299133510,-0.3772089812101,-0.1715975983553,0.0536541699635,0.0706083242913,-0.1030344952769,-0.2242375863781,-0.3182716515307,-0.0123610157758,-0.3008628503647,-0.4761315549803,-0.3174678528002,-0.4100329257524
0.2942459729169,0.2553314670802,-0.3252091661449,0.0408827535900,0.0834983970253,-0.0476549073397,-0.1021893307551,-0.1103407396839,0.2831169406253,0.3779404202220,0.6362268245326,0.4913522187922,0.0268497919514,0.4589406644883,0.4211060234199,0.2350461132235,0.6529830711155,1.0000000000000,0.4914862729016,0.2700699458265,0.4903028030005,0.4715502674208,0.6277679196118,0.6125091719348,0.4726743320920,0.1689759538971,0.4630152820160,0.4655734378596,0.3952541558294,0.2958827524169,0.5901597837659,0.4435257063475,0.6488442950282,0.4949574642514,-0.0043930204559,0.1610240526212,0.2313372399360,-0.3007463391551,-0.0003012537508,0.6094410275196,0.5273053980591,0.3964965775954,0.4052374550283,-0.0284069372068,-0.3140045145803,0.5853496733608,0.5093228452968,0.1552838145727,0.4820617619929,0.4512390993210,-0.2926295256990,-0.3682574643969,-0.4198193790255,-0.1748767836179,-0.1558286993429,-0.2704987974712,-0.4994610239506,-0.4259813197078,-0.3025660729167,0.0466950623784,-0.3193946044089,-0.0314960592575,-0.4912733940377,-0.3825723611141,-0.1973027882636,-0.4868175079693,-0.1074209620622,-0.1121863091818,-0.1449437917181,-0.1256505338136,-0.4761685467356,-0.2292233779180,0.2312220755823,0.0071867455305,-0.5433249152243,-0.4198315640537,0.4958481129269,-0.4013524184373,-0.4142077641080,-0.1066643202109,-0.4691715979637,-0.4636348231661,-0.3247956125797,-0.4205699447774,-0.4958829917545,-0.3897783736775,0.0257212628934,-0.0847826089892,-0.3616969638866,-0.3783284320926,0.0144632220059,0.1493314332578,-0.3558637905011,-0.4911516370525,-0.6080354517572,-0.0533261346369,-0.2699544301148,-0.5152365629494,-0.2923063558749,-0.4785069746711
0.3173621832014,0.3645056252671,-0.0648997383679,0.3503707428756,0.2156908077347,0.1495848932185,0.2318201594603,0.0820551169881,0.3334919129797,0.3913959795535,0.5566992331314,0.4530266591082,0.0333763795685,0.4723543534428,0.5409897546186,0.5136660251268,0.6304287260085,0.4914862729016,1.0000000000000,0.6231677957316,0.4535217537087,0.4535481183546,0.5288739265776,0.5579886774916,0.4414942279884,0.3655297234130,0.4278714254637,0.4175809879460,0.4804026520637,0.3264555059165,0.6026939285275,0.4717373078225,0.6203332195898,0.4916365193117,0.1741385764171,0.6773437512188,0.1661478142044,-0.0078131863923,0.0916444014941,0.4339350588626,0.4883788810718,0.3788820641517,0.6720383194442,0.2931152481533,0.1391334846203,0.5048157847839,0.4241836913577,0.1880254918952,0.4694183935623,0.4392905888581,-0.1883291853838,-0.1567946732477,-0.2164532682443,-0.0785504963569,-0.0028719534633,0.0783501242889,-0.3431781806831,-0.3415648181146,-0.2452488065975,0.2097603270867,-0.3141115415404,-0.1050498128830,-0.3958510469959,-0.4059039910738,-0.0295873930031,-0.2770783457781,0.2116637622770,-0.2909878647335,0.3768575711973,0.1502783873712,-0.4619971280556,-0.2903365180543,0.2450711359639,0.1785331327796,-0.3886877370807,-0.3923409053982,0.2342281281525,-0.3677174129731,-0.2691275490331,-0.1114892372693,-0.4586465663369,-0.4238167696997,-0.2130807241946,-0.0433398515793,-0.3007422269317,-0.3513687186218,0.0052994849672,0.2029276814615,-0.2064670369486,-0.2731188678509,0.0366894588201,-0.1374146284897,-0.2819485506121,-0.4741358745004,-0.5071050200194,-0.0899881607369,-0.1702617395176,-0.5117603754281,-0.3500897480365,-0.5187202464323
0.0412020602783,0.0890954066271,-0.0428712119301,0.2442549790466,0.0282637585998,0.0959707956198,0.0155769404311,0.4087557269574,0.4911921460808,0.2286626023963,0.2963773663526,0.2435262013122,0.1611176489185,0.1186262450123,0.2175900630729,0.4652790439757,0.4396704009716,0.2700699458265,0.6231677957316,1.0000000000000,0.3432226796827,0.1287605180086,0.2563370177406,0.2896153851696,0.6217435067513,0.4859760470909,0.2884488855623,0.2498561821756,0.1488338032742,0.1473766226405,0.3498107573792,0.5392871430808,0.4383133893413,0.2280878556250,0.0968830883297,0.3787865350388,0.0391076460248,0.5285601024974,-0.0943414697941,0.0661522045964,0.1837033025802,0.1922199577927,0.3021689566014,0.4474289038601,0.5713690915160,0.1610206999009,0.2423103887384,0.0935668531874,0.1198182274814,0.1466555025471,-0.1055015733104,-0.0209724712138,0.0127185925610,-0.0879605571508,-0.0144356993629,0.0509147727820,0.0414992084766,0.0443039979040,0.1371490581901,0.4521167423391,-0.0711242338401,0.0913873023337,-0.0754504773224,-0.0694535112276,-0.0295113908175,-0.0790976078579,0.2962218461149,0.0226862898819,0.4791780370054,0.6548681158660,-0.0966761604871,-0.0882177993810,0.2467964821411,0.5449698506330,0.0029303254634,0.0696689036447,0.2471808200877,0.0877539913888,-0.0905056807784,0.1462708698976,0.0112953030406,0.0766159465868,-0.0918145855579,0.0692281736726,0.2045080433759,0.0240219900477,-0.0839771520144,0.1681966801427,-0.1308541233680,0.2421378259813,-0.1219731683300,0.0708877681611,0.1880216686503,-0.1628186771476,-0.0570022854461,-0.1058116222230,-0.0579215722420,-0.1763253912234,-0.1907216930518,-0.2086568273084
0.0944819570508,0.1659670237160,-0.2006855339803,0.1181635912440,-0.0940871441604,-0.1651656381137,-0.0605043644903,-0.0347791378727,0.0914745293683,0.4459832469412,0.4283332583361,0.5626977816493,-0.0112672819562,0.3089339397290,0.3160287285061,0.2935948840615,0.7405682550145,0.4903028030005,0.4535217537087,0.3432226796827,1.0000000000000,0.5668918890800,0.7225111401649,0.4668248838719,0.2372733666131,0.5271005321634,0.5929727669828,0.4449246146316,0.1715428669577,0.2633995129744,0.7311391709659,0.7031594864538,0.6760429062205,0.5399891681578,0.2667710665942,0.2090353058542,0.4259958622813,-0.1100326531660,-0.0160051894280,0.4149557079345,0.3770508682536,0.2418361312875,0.5726026220990,0.1101231138157,-0.0074489716602,0.5436335318238,0.5090154428788,0.0016583860870,0.2611488564104,0.4320865920810,-0.3524792060840,-0.2972582973552,-0.3074216073151,-0.1601642153133,-0.3620893078274,-0.1046528627455,-0.3036570746511,-0.4050764215468,-0.1848621756624,-0.1007293855313,-0.1879718994470,-0.0335826563309,-0.1910174042469,-0.3338880963819,-0.1753187704122,-0.2877510166439,-0.0417914018032,-0.0899511903003,0.0965290371886,0.1120640023830,-0.0871700050737,0.1558076142322,0.1806618219001,0.2895036356328,-0.1072886224391,0.0206539145972,0.4457251393272,-0.2057658510054,-0.3765550880826,0.0637169604471,-0.0880059435962,-0.0993828532872,-0.2698738714886,-0.1216109428113,-0.0598144891284,0.1037269553131,0.2002606925592,0.1521936264882,0.0299619647247,-0.0976310703219,-0.0662416402958,0.0813381267222,-0.0749858633376,-0.1551773654671,-0.2327912734284,-0.1982814244496,-0.4482201099056,-0.4098725030761,-0.1591103096287,-0.1483150310038
0.2666796501209,0.3063541274748,-0.1805817733292,0.0546191208665,0.1237222525594,0.0555556612336,0.1109724898586,-0.1095375903287,0.0576810006372,0.6187778182423,0.5904827870579,0.6466586516464,0.1442377191716,0.5199285408668,0.4715619560940,0.0643265874951,0.6156275231688,0.4715502674208,0.4535481183546,0.1287605180086,0.5668918890800,1.0000000000000,0.6687422669951,0.4973694236339,0.1479523040446,0.1996114586301,0.5033149731767,0.5657035110651,0.6364997537172,0.4283786114897,0.5248626677228,0.3869265813535,0.5636111753311,0.5744093079968,-0.0034370878840,0.1291532696394,0.2692495896266,-0.2572132886270,-0.0706383253215,0.5889782558235,0.6501540306326,0.4442434068736,0.4651746704184,0.1144202729888,-0.1648708168111,0.7076393412004,0.5638621009649,0.0605013239121,0.5752211535815,0.5782094398666,-0.3090379954255,-0.2916299655424,-0.4524098153761,-0.1396504575646,-0.0991349596269,-0.1505769948569,-0.3416708705956,-0.3642768632794,-0.3615816512464,-0.0938015927590,-0.1511791216663,-0.0505171447743,-0.3102790124880,-0.3418525086572,-0.1663595540158,-0.4908624245114,-0.1786772953725,-0.2872472388668,-0.0952446252475,-0.1432427829694,-0.3755650760565,-0.0132365242894,0.1624045125714,0.0421258842941,-0.4029296853976,-0.3794435145713,0.3871955227058,-0.3497747269446,-0.1766235656855,-0.1885901396028,-0.4378608631020,-0.4022053246269,-0.2597434138712,-0.3750886133443,-0.3654360728158,-0.3105043294965,0.0866210606556,-0.1221919079546,-0.2867175883031,-0.3578637974801,-0.0992361280017,0.0684395196897,-0.2797618805145,-0.2627386489635,-0.4478234733372,-0.1333777663213,-0.2259995155234,-0.4029255419143,-0.2762824188532,-0.4176398230129
0.2084076770616,0.2681243212410,-0.3543470795528,0.0422724150604,-0.0790252809398,-0.2065160165036,-0.0555316632493,-0.2698582107586,0.0393704929362,0.4259501061216,0.6365195482244,0.6438552543623,-0.1618778497744,0.4217576143766,0.4338152049638,0.1266529058130,0.6406707687280,0.6277679196118,0.5288739265776,0.2563370177406,0.7225111401649,0.6687422669951,1.0000000000000,0.4501265422254,0.3227240715454,0.4634245068662,0.6740095642838,0.5946157432232,0.4532349754372,0.4162398782550,0.6353465091583,0.6329792983950,0.7564170069518,0.6869195767769,0.1460418522355,0.1167938614613,0.3586690896379,-0.2983040825913,-0.0657070766116,0.6938170264894,0.5813190713796,0.3474977628409,0.6232837934144,0.1300010302665,-0.1439604972446,0.7856563624613,0.6686768375856,0.0281431095937,0.4579822806984,0.4853032625736,-0.4701960361534,-0.4535597314758,-0.5481835096704,-0.3084543687428,-0.3937333235115,-0.2727834414351,-0.5618398611144,-0.5606557404907,-0.4597795593865,-0.1938047137779,-0.3844043516566,-0.1368492481852,-0.4817352499022,-0.5235981001639,-0.2567669592184,-0.5038665592959,-0.2648043201582,-0.2501579173643,-0.1774423358473,-0.0889467931248,-0.4635007752177,-0.0861239478114,0.0332781421719,0.1009436230252,-0.4861784535180,-0.2660934153894,0.5178891133339,-0.4197580517092,-0.4255597250828,-0.2480688744668,-0.4293740443999,-0.4450874676926,-0.2752925641621,-0.3496117654174,-0.3476971127493,-0.2096016004171,0.1947863524345,-0.0989294582553,-0.1325403987247,-0.3125408353948,-0.1140269049695,0.0597357775299,-0.2823908099316,-0.4110908722916,-0.5267052768245,-0.1868961217741,-0.4343105924574,-0.6285464504295,-0.3085539855410,-0.4580440535598
0.1992634463323,0.0796458820438,-0.0474393549186,0.1617726383316,0.1741875537669,0.1639867651547,0.1621070058534,-0.0412691992904,0.4325384410829,0.2966830745831,0.5293314612729,0.3694106454571,0.1783179336846,0.3201687118975,0.3947589253741,0.3096327711303,0.6094606254015,0.6125091719348,0.5579886774916,0.2896153851696,0.4668248838719,0.4973694236339,0.4501265422254,1.0000000000000,0.3525104611547,0.3683076362500,0.5658747103232,0.3393058667058,0.3602383949661,0.1364478932684,0.6538488896102,0.4498062945701,0.5470694666859,0.4264993274629,0.2307660572839,0.3765204857393,0.5447387054273,-0.0388779435250,0.2558579199814,0.4163406618286,0.4307539754025,0.3329099755713,0.4613176832116,0.0686764928668,-0.1724715334664,0.4484454563015,0.3197240763416,0.3494268394721,0.5179127985225,0.4415422713421,-0.0766268358577,-0.2138410841577,-0.1939099882130,-0.0454626955517,0.0517390662358,-0.0409150345667,-0.1355432012402,-0.2076501491152,-0.0046403324108,0.2644212265974,-0.2200615977805,0.1412511569005,-0.2211688016288,-0.1684589395677,-0.1333179196890,-0.2846425527979,0.0427314925467,0.0713710881359,0.0916421819924,0.0238956305442,-0.2347043597569,0.0910848283622,0.5405822330844,0.1718121112079,-0.2750537184999,-0.2353246421177,0.3385454995693,-0.3150154634079,-0.2450417046424,0.1509650294521,-0.2618496759835,-0.2231448119499,-0.2192452489743,-0.2513233224636,-0.1899637185438,-0.1563954504123,0.2552019429736,0.2631305594232,-0.2342136238378,-0.1595451316206,0.3211817809103,0.0669428997514,-0.1517397449294,-0.1540943079505,-0.3239584941937,0.2234633685277,-0.1689568481886,-0.4087160717679,-0.0930380981565,-0.2316962588044
