1.0000000000000,0.5276566067545,0.5858219324728,0.3538974961613,0.8514909620180,0.5845452878226,0.5393604973572,0.0606055523309,0.1893509352804,0.3631340801272,0.3021928053904,0.2748264932806,0.3402370833893,0.7453648430764,0.6534469525325,0.1758118586515,0.0788948751111,0.1648538827216,-0.0620769626102,-0.0201877685395,-0.0350439322852,0.2184233719310,0.1906338766337,0.3147907076808,0.0778368367620,0.2505746651809,0.1324359503798,0.0219002702038,0.2275504251032,0.3272902999777,0.0659065185955,0.1413465997422,0.0476733992539,-0.0828240623425,0.2749459272555,0.1121637074501,0.3104908948390,0.0120953203524,0.2481623722113,0.1588226381963,0.5055887694065,0.6221887233105,-0.0576780279573,0.0113377714309,0.0582803493229,0.1037976609255,0.2047404478661,0.2783115714912,0.5654800102448,0.5389122651203,0.7606382729404,0.4893021091504,0.3693504980835,0.5105464419032,0.6109549373266,0.2166081940010,0.0597706191965,0.0678887527930,0.2046129300593,0.1140384592582,0.2391074448382,0.3587789907290,0.2341949253403,0.2158044308675,0.5214513664332,-0.1899935067743,0.0065943472170,0.1671130200626,-0.0183349766031,-0.0565795162001,-0.1498622404643,0.1691228066147,0.2587194921654,0.0266547673518,-0.1729853960227,-0.1419926701316,-0.0249137153047,-0.0212254936152,0.1759783690560,0.1105148952743,-0.2287991331043,-0.1193270909531,0.0620582808140,-0.2186249735442,-0.1994078939417,0.2612691052147,0.2599229797036,0.1940731292101,-0.0908300756519,-0.0168148959614,0.2376725705353,0.1120869354503,-0.0454131373685,0.1535335853946,-0.1283336497963,0.2240793874245,0.5213962057129,0.2351396081357,0.4586245468133,0.0291857947033
0.5276566067545,1.0000000000000,0.3498651590524,0.3709072896688,0.3515717688381,0.1950770879896,0.2920526588316,0.2003551533919,0.2111821280654,0.2227903810451,-0.0552370063591,0.0977119479766,0.1808135449207,0.6660994141090,0.4793345997258,0.0709404067011,0.0589509924546,-0.0069242957806,0.1176622384918,0.0743483252809,-0.0116749616140,0.1466400162710,0.0454382279702,0.1475633226318,0.0553140331446,0.0846282552290,-0.0890102249475,0.1280261569532,0.3035820558561,0.4916763941546,0.0536710472069,0.0255127235003,-0.1595995103512,0.1945877489984,0.1388362546838,0.1424290451101,-0.0112806264537,0.0329677368896,-0.0337748557798,-0.0147875289151,0.2748020870376,0.2514927521601,-0.0417809794611,0.0940300993039,0.1035229762225,-0.0382239974586,0.1203180068594,-0.0968915713172,0.3314263586359,0.2361913121588,0.3462475419697,0.8289349419479,0.4340419172840,0.2185196643060,0.2161735998802,0.2437648729048,0.1336954481870,0.1951779411356,0.1980445439614,0.2506191456665,0.0525380263270,-0.0316064710512,0.0501295557789,-0.0066214975568,0.5992820656308,-0.1098304361469,0.1241766978829,-0.0687671146135,0.2294922089877,0.0549858260724,-0.1125708944380,0.1303129149162,0.0671981427502,0.0971477147075,0.0279362015521,0.1220333460199,-0.2323629801924,0.1754008626240,0.3819934095948,-0.0275062674766,-0.0661271146615,-0.0775332051034,0.0294547783191,-0.1471578090491,0.0310916543223,0.2485125968394,-0.0359789370721,0.1695260351875,-0.0772466569046,-0.0066025765488,-0.0552299923111,-0.0518740455072,0.1675478089388,0.0071969480505,0.0430723666187,-0.1121267739463,0.3236920692744,0.0270596017953,0.0341966359141,-0.0388160278224
0.5858219324728,0.3498651590524,1.0000000000000,0.3513874316251,0.6120683093485,0.7696052761723,0.5630340693808,0.0908886800159,0.1975610445333,0.4316660905188,0.2666688650633,0.2812984837728,0.2550389426034,0.4725673074112,0.6073128744341,0.1513887013494,0.0922949835362,0.1555430140141,-0.0017820895095,0.1340753506632,-0.0475489962974,0.2345947650427,0.2706722031764,0.3086244008339,0.1589178633760,0.1545681743992,0.1965407755927,0.2254430809960,0.0685203541387,0.2343073975762,0.0479616350309,0.2099727387020,0.1337619606363,0.0078394556157,0.2060705690684,0.1605119754586,0.2176243375541,0.0783578919881,0.2757887955649,0.3162899531255,0.3875137168459,0.4775700046250,0.0343496293397,0.0763274941649,-0.0089197702341,0.2468544259075,0.2076746717331,0.4338766963103,0.5032873719891,0.4812302824825,0.4781648108321,0.5194820314973,0.3267218313144,0.7285823526967,0.5940131432083,0.2325874183695,0.0465626928823,0.1304923841459,0.1417579679986,0.1626948769705,0.2280315129760,0.1539236541926,0.0652513663134,0.1155969996291,0.4216206682954,0.0723500738626,-0.0897144435599,0.1539953694327,-0.0123863802863,-0.0124279063573,-0.2383784265147,0.1771490668781,0.2681425405301,0.0116950177620,-0.2304561021966,-0.2163899866957,0.0991501846288,0.0569654270903,0.1349463763730,0.0320102562849,-0.0810588476940,-0.0413637798424,0.0173384970058,-0.1339247356944,-0.2126354784197,0.1736349514537,0.1511927032354,0.0963030344985,-0.1815839718823,-0.0187869291208,0.3145798016003,0.2510575502029,0.0217674120503,0.2758544757410,-0.0659633921275,0.3416791388449,0.3212088538259,0.1364813831805,0.4434724046209,0.1408557682302
0.3538974961613,0.3709072896688,0.3513874316251,1.0000000000000,0.4412231359743,0.3351145719074,0.6967270522814,0.0999131292998,0.2315254339844,0.2759271221682,0.3519463431477,0.3909104897331,0.4621847913317,0.3932474584418,0.5951394015038,0.3404110088102,0.2672447345424,0.0736149380741,0.2449663569167,0.1645068402706,0.1572124735909,0.2233722319254,0.2914265120914,0.3202200165027,0.0868315635345,0.1375383267596,0.1859522314537,0.0801365926872,0.0829357743872,-0.1219368556176,0.1933404817649,0.2341407538546,0.2251952686852,0.0240093455620,0.2835271089716,0.2049335811585,-0.1255968423573,-0.0565082490649,-0.1819358830746,-0.1415723105969,0.1149990105561,0.2582566998984,0.0733897000171,0.0796964288415,-0.0639125641673,0.0711433466050,0.0215931679448,0.1126094745123,0.2910368713472,0.3701381286811,0.4240259142078,0.4693689356167,0.8974029681742,0.5814256592434,0.4433396377053,0.6938763107491,0.2094426198608,0.1768888316761,0.2358998877063,0.3173632919278,0.0746825545382,0.2128766392943,0.3198408273234,0.3955836763758,0.4402117586632,0.1856181575002,0.4153582304826,0.1040434558864,0.2984418183800,0.2635404914941,0.2248375143991,0.3201140081655,0.2863534563146,0.0833997368043,0.0843635057554,0.3375927478833,0.1005938137989,0.1081841501033,0.0739524190345,0.1913915359108,0.0747062862428,0.2135437739532,-0.3368433180286,-0.0061900576272,0.0620995376151,0.0238709871569,-0.1056251548338,0.3381656337250,0.1367960426422,0.0558561240045,-0.1838633726278,-0.1459674284737,0.2222677547741,0.0210803455449,0.0894439263650,0.0645121125476,0.0935282623810,0.0557452711611,0.0323881612563,0.3085544126202
0.8514909620180,0.3515717688381,0.6120683093485,0.4412231359743,1.0000000000000,0.7611965400452,0.7190202418674,0.0924876525927,0.2383766553362,0.4500287722148,0.3105422664966,0.2694456855236,0.4717644038958,0.6080815438027,0.6639719411462,0.1185146050061,0.0444515964162,0.0851289418223,-0.1022385889819,-0.1053891936705,-0.1490596679429,0.2231263885228,0.1046639308954,0.2802975993714,0.0792569952770,0.0775976040490,0.1031690962344,-0.0142873490610,0.0811920961752,0.0908103058334,-0.0298220976130,0.0720747552970,0.0319565296290,-0.1961998606613,0.1960458273250,0.0320316398498,0.2421564961794,-0.0511176134231,0.2234729757223,0.1499685883534,0.3878615766242,0.6203114561947,-0.0584893879970,-0.0362393252741,0.0091616948082,0.1032865659370,0.1396912193945,0.3123283666542,0.5253895657372,0.5504430286923,0.8896328067503,0.4096746983975,0.4311683531783,0.7053852470796,0.8267411204233,0.3688361745591,0.1987885650063,0.1809626446264,0.2056997429762,0.2052579908017,0.3885452043583,0.3782377367216,0.2317640129753,0.4238991824066,0.4521906070282,-0.1918005693775,0.0063129114549,0.1552617795275,-0.0199191322179,-0.0973637897130,-0.1762591021328,0.1177774462900,0.2243353442327,-0.0310607738778,-0.1907474887800,-0.2056056406829,-0.0333382074849,-0.0773611052652,0.0655902329094,0.0615621764496,-0.2186730998654,-0.1231290447917,-0.0441983564303,-0.1857566168047,-0.2164655156100,0.1141655667476,0.1588256151021,0.1488654780747,-0.1123562319282,-0.0944035129855,0.2317726366312,0.0964989485961,-0.0985779136839,0.1561113617485,-0.0881034157825,0.2498568625682,0.4989203208338,0.3448084262731,0.4530671955322,0.0544514971809
0.5845452878226,0.1950770879896,0.7696052761723,0.3351145719074,0.7611965400452,1.0000000000000,0.7154088835026,0.0720683508278,0.3125488039838,0.5916694456593,0.4303370960808,0.3490903850717,0.4451661537989,0.4301182751036,0.6839594233499,0.2418903113840,0.1413475554848,0.2101083568043,-0.0252300252861,0.1186630022535,-0.0354209048222,0.3694448421283,0.2685845442130,0.4096107557898,0.1831028911115,0.0452388910548,0.1913933064069,0.2513102531674,0.0685559929217,0.1822650261823,0.1297706941842,0.2582557918845,0.2456574121737,-0.0697032113739,0.2751273098401,0.1047990606544,0.2976242756185,0.1357356532156,0.3133155628611,0.3354756233249,0.4154977675993,0.6378436532676,0.0825691142323,0.0311577056910,0.1131728054006,0.2520908062722,0.2324039367043,0.5815467538326,0.6169494240231,0.6011316773415,0.6104177873844,0.2949469161341,0.2999214389890,0.8019742945265,0.8699442404044,0.2650603300539,0.1164043792702,0.1466893486685,0.2421617113496,0.2650322312585,0.4036058460070,0.3347695811979,0.1179493286752,0.4040438903776,0.3710452898158,0.0425977711404,0.0026067274958,0.2538226301430,-0.0286771714985,-0.0104199105149,-0.1871261548462,0.1841532889249,0.3487469562441,-0.0108043355429,-0.2024964136157,-0.2462547157384,0.1472331949056,0.0690147429775,0.0920421160041,0.1274933439151,-0.0189650385385,0.0156392028424,-0.0142201671045,-0.0796543090123,-0.1178973520041,0.0820789990040,0.1525276480348,0.1334039054169,-0.2306932285085,-0.0407946898768,0.3642971888490,0.2593467279571,-0.0355969084162,0.2840264876189,-0.1046732386960,0.4832104402325,0.4131513372489,0.2244807413636,0.4466416020197,0.1057074439023
0.5393604973572,0.2920526588316,0.5630340693808,0.6967270522814,0.7190202418674,0.7154088835026,1.0000000000000,0.1336553352006,0.2811022174723,0.4061068197379,0.3728452798873,0.3136816295028,0.5452518568959,0.4256274976212,0.6306039770699,0.2847723714948,0.1613940761295,0.0109459975361,0.0771694704578,0.0781402242213,-0.0102533208268,0.1914722922268,0.1122322178061,0.3316840715825,0.1031836443886,0.0379581438759,0.1419618808812,0.0833126226942,0.0692954558774,-0.0656386564217,0.1342705007134,0.1602742747682,0.2104771807951,-0.0198717320520,0.3184473265048,0.1917306316890,0.0479257991187,0.0104690608504,0.1289495439491,0.0186266801155,0.2841107994061,0.5046882103653,0.1283784452208,0.0635290406294,0.0445049342108,0.0603645435764,0.0975711392078,0.3207068992983,0.3816506266600,0.5335841773977,0.6079163022095,0.4295557530369,0.6204485802496,0.7791699882377,0.7938288158973,0.7054038397471,0.2947390653771,0.2037988544131,0.2024404106991,0.2820841429441,0.2690127953632,0.2656335335611,0.2797741237234,0.5166253236235,0.3793662465624,0.1208524332888,0.1948000551198,0.0834549032669,0.1179952938763,0.0267641135518,0.0137240216713,0.1037074131637,0.2786596859091,-0.0075656107580,-0.0838911841659,-0.0334820158012,0.0597919322608,0.0421749756920,0.0458018175499,0.1283377769287,-0.1026125258254,0.0517332209501,-0.1273335532049,0.0418588917683,-0.0600270829315,0.0015574971909,-0.0414849923518,0.2811130516149,0.0170806444122,-0.0119957104347,0.1068200817809,-0.0082642944305,0.0347806712312,0.0976814235741,-0.0312221679866,0.2858278842218,0.3243568750096,0.2366372353707,0.2407828109916,0.1530880004008
0.0606055523309,0.2003551533919,0.0908886800159,0.0999131292998,0.0924876525927,0.0720683508278,0.1336553352006,1.0000000000000,0.6002752104784,0.4197489069917,0.1836633567435,0.4947839872648,0.3996190619359,0.1473563389928,0.1584798790492,0.1808434474667,0.5400175200701,0.3517303362445,0.5214807442649,0.4607453803919,0.1498178863265,0.2754733668408,0.1696330865005,0.3323820148825,0.4275960629182,0.1073393897047,0.3226314865543,0.1708628496270,0.0209884422397,0.1968352725855,0.2225273149201,0.0997126172715,0.0678683713836,-0.0021812794712,0.1674459394976,0.2902514084362,0.1206626071546,0.1836796129290,0.0189057214894,0.1389360036495,0.1170891954466,0.1456668763564,0.0595164203356,0.2091503956182,0.1992228054881,0.2375841403699,0.1327085720651,-0.1115404258626,0.0400829375700,0.1325954414094,0.1316724683243,0.1593225456951,0.0059359986756,0.0786341449135,0.0727646700748,0.1102898211653,0.4756201622785,0.7269153385098,0.5951152064724,0.5834228868667,0.3093135825945,0.2260776880433,0.3929700441896,0.1251730551329,-0.0009534072462,-0.1892670164840,0.2698369661005,0.3329101530976,0.5951718647788,0.4771194910235,0.2606855474397,0.1667512396967,0.2765493954754,0.5529295586712,0.4201178784549,0.1727389719163,0.1933632677595,0.1723572348350,0.0714060660265,0.2614891354970,0.0417804979814,0.1215589648158,0.0839220866152,0.0889109631922,0.3062050274691,0.1030192496691,0.1468844383871,0.2901340578608,-0.0394986925362,0.2115059543288,-0.0381347831028,-0.0085190695036,0.2536357857124,0.2745215144614,0.1315552972733,-0.0553124257025,0.0635008994774,0.3037054641332,0.0636628097975,0.0156024193231
0.1893509352804,0.2111821280654,0.1975610445333,0.2315254339844,0.2383766553362,0.3125488039838,0.2811022174723,0.6002752104784,1.0000000000000,0.5056028171121,0.4388289402603,0.5383087456279,0.4700002535143,0.1818237397801,0.3123151164224,0.2529041783742,0.3980367651009,0.3669634728405,0.3214043694877,0.4103514658108,0.2192136276158,0.4376470646401,0.3627378379861,0.5754193134222,0.6032420038903,0.1272724942547,0.3802297349277,0.2443115023090,0.1701284063234,0.1966587044935,0.2514462869891,0.2739320806571,0.1922136343428,0.0264966959649,0.3105387958615,0.1520400300543,0.1889783716477,0.2168068635908,0.0420173508907,0.1576759728156,0.1722133690417,0.3333040065473,0.0804101617518,0.1641974455560,0.2057595601698,0.3064688443440,0.2829011291167,0.1390479708220,0.2454329314595,0.3119189933667,0.2495502447891,0.1696763029594,0.1516409420254,0.2077223849385,0.2745397612295,0.1604121513690,0.3198859173801,0.4419624057768,0.7062413939334,0.8612297010967,0.3113399345934,0.4055589683463,0.3090858187092,0.2974512600010,0.1241984614881,-0.1284797058063,0.1848707765905,0.3345520590581,0.4058883266987,0.4112811767213,0.2431557420337,0.3137857701957,0.5188024093792,0.5122802270177,0.3085320731501,0.1996923962860,0.3283800489294,0.1881998754091,0.1597047765740,0.3245952050484,0.1981503406720,0.2001567792208,-0.0995321896463,-0.0530484111652,0.2715003205102,0.1141812607361,0.1311005549510,0.2640853166019,-0.1327585076709,0.0826903669285,0.0357771962180,0.0436207627262,0.2434169178118,0.2594063599487,0.1785721235302,0.1342950720431,0.0698089783807,0.2046918789845,0.1434206806978,0.1756625580244
0.3631340801272,0.2227903810451,0.4316660905188,0.2759271221682,0.4500287722148,0.5916694456593,0.4061068197379,0.4197489069917,0.5056028171121,1.0000000000000,0.4485359978281,0.6809954857242,0.5908039873815,0.3863576826903,0.5996917115922,0.0366829034662,0.4020104308716,0.3059060594663,0.1260581793962,0.1975734762258,0.2293306363766,0.7804525400589,0.4419183495880,0.4533520797497,0.2892034937221,0.1579480722088,0.3486751048630,0.1208395628269,0.0213300949666,0.2333842581198,0.1373464144496,0.3542089498826,0.2606848699307,0.0012143971933,0.1849060790034,0.0354005703142,0.3032926795130,-0.0017632295960,0.0435572451836,0.2324298912925,0.3572485570674,0.5793702976747,-0.0744773222114,0.0404067333431,0.0681481541000,0.4090226255078,0.3105688537194,0.2151741938127,0.4677563647417,0.5893862624297,0.3933073584244,0.1612316743068,0.1570941684967,0.4275473792265,0.5287195047848,0.1075615700615,0.2628964554468,0.3565419200941,0.4255381202621,0.4305291439895,0.7964955632712,0.4189434474230,0.4485483367893,0.4177609263026,0.2547454044164,-0.1514071574718,-0.0082770449265,0.3501975531537,0.1869241868082,0.2428698520766,0.1366411226149,0.5672733873833,0.4460150163734,0.3238816252062,0.1272646514666,0.0508045097176,0.2556457952173,-0.0262754941653,0.0767996793457,0.1870030309228,0.1252799829270,0.2303874564944,-0.2446268086649,-0.2640927499801,0.0113608052573,0.2201640369924,0.1844634861394,0.1689540536483,-0.1667220738914,-0.0346043854457,0.0912909028627,0.1335224529692,0.1604877892286,0.3844942265889,0.1012838542327,0.1560903347355,0.1456068838684,0.4950790085415,0.4530644385593,0.3369189349477
0.3021928053904,-0.0552370063591,0.2666688650633,0.3519463431477,0.3105422664966,0.4303370960808,0.3728452798873,0.1836633567435,0.4388289402603,0.4485359978281,1.0000000000000,0.7353379971551,0.4208839350752,0.1972632814184,0.4319468689185,0.2922522135620,0.4372205159824,0.5430823376258,0.0943188351038,0.3469416462509,0.4135281411296,0.5013452887069,0.6470932716808,0.6079693818526,0.3868887298794,0.3909464679822,0.6505611244258,0.2503201195948,0.4012411050839,0.0799146737322,0.3165982411241,0.3550080847012,0.5227790183365,-0.1913682100996,0.2867964800702,-0.0501757602322,0.2790955258117,0.2421008274168,0.1131263851366,0.1759630179867,0.4600166971911,0.3975170152329,0.0776048612762,0.1740202503268,0.1403965485840,0.2501759603695,0.1247662741954,0.4566471393725,0.4127533078686,0.3944361423010,0.2090448813941,-0.0335015214674,0.2320579504847,0.4315859333139,0.3832232618914,0.0833065277247,0.0300510184862,0.0226288314208,0.3792496425292,0.2583407209071,0.1835697300924,0.7578540464778,0.4671213277504,0.4029100909122,0.0746251420639,0.0800997248169,0.0063946721107,0.4656471424671,-0.0536331905777,0.2206921403023,0.4351990918467,0.4576873536517,0.5647017847917,0.3025833245304,-0.0139745985766,-0.0117056248249,0.5504834225510,0.1152922582748,0.2028841570014,0.4587968087944,-0.0210573834111,0.2825257032134,-0.1101585837222,-0.1585807998972,-0.0577577731958,-0.1350575490023,0.2301481120413,0.1055457123477,-0.0769046266864,0.0817259684884,0.1997596317924,0.0764942864044,0.0056995357306,0.0509996186835,-0.1918196711682,0.4166109052798,0.2140168055742,0.0005533163239,0.2771044969801,0.3291365897334
0.2748264932806,0.0977119479766,0.2812984837728,0.3909104897331,0.2694456855236,0.3490903850717,0.3136816295028,0.4947839872648,0.5383087456279,0.6809954857242,0.7353379971551,1.0000000000000,0.5750138943189,0.2932804071986,0.4952728628493,0.2507526718074,0.6357223920540,0.5411393559648,0.2960440408195,0.3881571717334,0.4881932016253,0.6649912575936,0.7743399073714,0.5896822562351,0.3376024994959,0.4539760726303,0.5797928502848,0.1546964126473,0.2159520342848,0.1232848005122,0.3220457043996,0.4558469062576,0.4455434320081,-0.0975204823621,0.3453871499180,0.1511822056628,0.2696361275420,0.0657044960478,0.0652664597080,0.1188071804338,0.3186146824442,0.3617332491043,-0.0207678294130,0.1228787046994,0.0217310450351,0.3549970007421,0.1765738894282,0.2438360721078,0.3316490414749,0.4312497521695,0.2137481773626,0.0688971558731,0.2612451516263,0.3679950042832,0.2893336933579,0.1317546750996,0.1638374855944,0.2570211716174,0.5467896881800,0.4024392681236,0.3965345769233,0.6028751255128,0.6868330946598,0.3933933234524,0.1717159796307,-0.0217056873695,0.1228986313458,0.5155207373911,0.2594168215690,0.3958790710374,0.5004349687779,0.7062536173792,0.6040539537763,0.4576145047469,0.2382053777865,0.2064211756120,0.4294491505968,0.0470496721265,0.1650170146460,0.4600029868754,0.1109898753784,0.3554591007798,-0.2220145420428,-0.2418088504775,-0.0236334863620,0.0268921534093,0.2510564372761,0.3187577743646,-0.0423488867614,0.0445586141863,0.0693262797800,-0.0087433412278,0.1222686277472,0.2008118743912,-0.0094025859070,0.2206487714906,0.0333047098178,0.2084795803795,0.2721681854796,0.4533565348215
0.3402370833893,0.1808135449207,0.2550389426034,0.4621847913317,0.4717644038958,0.4451661537989,0.5452518568959,0.3996190619359,0.4700002535143,0.5908039873815,0.4208839350752,0.5750138943189,1.0000000000000,0.3494026123024,0.4760476983323,0.1906702211909,0.4236433846150,0.1740556616990,0.1129805100794,0.1430195252370,0.1350460199349,0.4130787213581,0.2717822285423,0.4656874810926,0.3735210772233,0.0805747374542,0.3759870909253,0.1384179207689,0.0602806269563,-0.0003341950020,0.2282928060488,0.3393597693938,0.3472543757386,-0.0791921299221,0.1950697581588,0.0643291574157,0.1523391272051,0.1003135697056,0.0087210354346,0.1157527328552,0.2092192182216,0.4213035510845,0.0595149437424,0.0910741907448,0.1068025177542,0.2637561261426,0.3224845846177,0.1737520061489,0.3146150234848,0.4400474769033,0.4954311602690,0.2408286744572,0.4104122965875,0.4926122186535,0.4874722533041,0.4559786963058,0.4916718317990,0.3974255823129,0.4508537059734,0.5244072770509,0.4178326778226,0.4682216491893,0.5278686876224,0.7675165075818,0.2246771747730,-0.0544592308253,0.2029711028958,0.2916838944053,0.2820342979427,0.2542073382824,0.2067486213598,0.3278946311866,0.3979202014674,0.3498641912758,0.1365034975902,0.1592318907610,0.2765371722523,0.0534082714131,0.0067794451526,0.2489980645614,0.1805138774170,0.3225052564932,-0.2617341761012,-0.0782590461645,0.2509970653752,0.0959377864310,0.0062750317421,0.2291749587388,-0.0507341370719,0.0639222754720,0.0468160197125,0.0500971906811,0.2160851708424,0.2093557830338,0.2189422029391,0.1465337170303,0.1212770681343,0.3964893322999,0.2010607597413,0.2221094396472
0.7453648430764,0.6660994141090,0.4725673074112,0.3932474584418,0.6080815438027,0.4301182751036,0.4256274976212,0.1473563389928,0.1818237397801,0.3863576826903,0.1972632814184,0.2932804071986,0.3494026123024,1.0000000000000,0.6206038937882,0.3383992673706,0.2744940682582,0.2408870454884,0.0890117586956,0.1498621925441,0.1952671946627,0.2626854523078,0.1976235354914,0.3666858009590,0.0138009085669,0.2432991084075,0.1738290808049,0.0746320218561,0.2924493487607,0.5223437174495,0.2510243898627,0.2359165486536,0.1609969426433,-0.0148013626540,0.3863904317322,0.2617114193496,0.2672664687032,0.0283251994282,0.1231893560418,0.0982409926229,0.5123552958359,0.3967067935455,-0.0576411834799,-0.1069360904803,0.0701031471226,0.0358321046528,0.2007011829551,0.1801391515984,0.6146437289216,0.4242594892646,0.5863022918674,0.5425317696780,0.4392805842785,0.4271484083173,0.4812431321588,0.2750359363267,0.1054783302555,0.1493353459562,0.2427289656406,0.1526775973983,0.1785445375281,0.2864301588157,0.2568859127524,0.1579562485011,0.6803295886982,-0.2019986712157,0.2134173637243,0.1778651474429,0.1716473811468,0.1044221050390,0.0265770593033,0.2376234777973,0.3325731171636,0.1444631960420,-0.0112493304724,-0.0448735468813,-0.0459337457760,-0.0101765994784,0.1794839484264,0.1704804975440,-0.1458278988590,0.0307865847403,0.0036702697426,-0.2404185479810,-0.0962554889414,0.2157788292539,0.1617242986953,0.3046332356911,-0.1973697840522,-0.0759128249909,0.0818278074789,0.0382847375235,-0.0875573671874,0.0168355392133,-0.2108480743251,0.1686250005365,0.5679326825207,0.1494990191825,0.1656558514464,0.0174188385295
0.6534469525325,0.4793345997258,0.6073128744341,0.5951394015038,0.6639719411462,0.6839594233499,0.6306039770699,0.1584798790492,0.3123151164224,0.5996917115922,0.4319468689185,0.4952728628493,0.4760476983323,0.6206038937882,1.0000000000000,0.2643586628606,0.2423412102293,0.2746064007058,0.1156790310771,0.1084431540414,0.1057368677189,0.4136882926447,0.3667211375208,0.4768535766115,0.1872541161593,0.2859042796191,0.2500731225221,0.2080126733308,0.1772247766079,0.3483406306124,0.2435649554594,0.3761119996362,0.2148765201038,0.0206389456041,0.3119325728729,0.1949777109399,0.3288117320300,0.1502854573178,0.2131475377703,0.2854187182155,0.5221581134366,0.6400506156018,0.2160860428759,0.1939340322442,0.1953463703586,0.3091614103652,0.2408410312034,0.3604566349975,0.5942169361517,0.6989710904553,0.5132241786016,0.4323221472538,0.5151797367554,0.6805214972403,0.6439564303937,0.3403347211859,0.1008052474669,0.1647628373209,0.3271706942499,0.2947729226695,0.2973557696604,0.3076809979453,0.2519808805955,0.2759987623629,0.4864968788671,0.0882038380578,0.0925499438807,0.2281959229646,0.1484316594161,0.1044379050072,-0.0846627695138,0.3470454334958,0.3643577485069,0.0856998266737,-0.1135584267057,0.0367188067164,0.1271231590181,0.0413193204648,0.1364956602599,0.1600491816174,-0.0051892829806,0.0210125299309,-0.1240595133707,-0.1363324815353,-0.0598514364260,0.2034769687973,0.1922253970329,0.3188506254156,-0.0256458603252,0.0809561697015,0.2230676927039,0.1988307020616,0.1778598328873,0.2248546055478,-0.0528902751638,0.2775364037099,0.2800406450568,0.2244324006470,0.3868846927497,0.1753575599351
0.1758118586515,0.0709404067011,0.1513887013494,0.3404110088102,0.1185146050061,0.2418903113840,0.2847723714948,0.1808434474667,0.2529041783742,0.0366829034662,0.2922522135620,0.2507526718074,0.1906702211909,0.3383992673706,0.2643586628606,1.0000000000000,0.5538870669829,0.4927798921266,0.5636883117144,0.5839573768059,0.5275693770293,0.0789671229319,0.3315924700285,0.4597845736882,0.2434916991684,0.2928419693074,0.3846871179434,0.2764658863616,0.1719675160285,0.2752182418433,0.7609997073876,0.5172783276100,0.5892578268943,0.1511341320556,0.7157082155328,0.7141727763520,0.2210597141289,0.3577723123687,0.1528665973639,0.0481407337976,0.2493203427949,0.1624500015173,0.3843494935939,0.0578672979597,0.2615642636395,0.1038176941798,0.1607721997916,0.2725943429902,0.3035512204260,0.2789757298034,0.0936860459864,0.0139516115652,0.2752225187920,0.2457051771700,0.1796645654505,0.2729256234788,0.0249451808120,0.0306693718589,0.4549299527812,0.2642192872585,-0.2240561271852,0.2132364616576,0.1381608824801,0.0616842059040,0.2381937638940,0.1317174734895,0.7496201503867,0.4386653564091,0.5183054662244,0.4994897905263,0.3384852581196,0.1658309977106,0.4777206414075,0.3268929979725,0.3965050873990,0.2613355714855,0.3801994206620,0.1570570758129,0.0057697581488,0.6219130345055,0.1981094386339,0.4540132963834,0.0873375081214,0.3269227604744,0.3617914464748,0.1194088685954,0.1517170621962,0.5550466373937,0.0606908248271,0.2641140618969,0.0306633730020,-0.0095189362796,0.1373534147422,0.0577792747069,-0.1195578447861,0.2524293530520,0.2050466249435,-0.1605931439238,-0.1038498287278,0.0875955602215
0.0788948751111,0.0589509924546,0.0922949835362,0.2672447345424,0.0444515964162,0.1413475554848,0.1613940761295,0.5400175200701,0.3980367651009,0.4020104308716,0.4372205159824,0.6357223920540,0.4236433846150,0.2744940682582,0.2423412102293,0.5538870669829,1.0000000000000,0.7479747990457,0.5552329700746,0.6157560085717,0.6360058304690,0.4069956954742,0.4788649592849,0.5251988071896,0.2454400165986,0.3048387018014,0.5057491251899,0.2432405928202,0.1428769071119,0.2001651218743,0.6564382530734,0.5014549282598,0.6255797229051,0.0299361344245,0.3761791524918,0.3958801012366,0.1918841819154,0.2000267244088,-0.0004777530938,0.1170439972610,0.2250307797434,0.1146758865614,0.1057494226491,0.0491445246201,0.0500325538233,0.1804690787576,0.1861753705171,0.1200711494099,0.2411414808316,0.2336533513801,0.0457234703410,-0.0071433491758,0.1720836161064,0.1844750969273,0.0718028097372,0.1074346242533,0.0713466726341,0.3360348894246,0.6335883030535,0.3254581254017,0.1461673089065,0.3832933114665,0.4643029761433,0.1746456062733,0.1427188676640,0.0497225506797,0.4646442738778,0.7533522695344,0.5076081194905,0.6466204197532,0.6116610092218,0.4461575132268,0.4850851296368,0.4555802217659,0.4951475284588,0.3021221977476,0.4275546347552,0.1341254371292,0.0314475137472,0.7271268718230,0.2966566438227,0.5843052579438,-0.0219148384852,0.0469825078110,0.2669949876709,0.1291558976148,0.1258054255948,0.3358072991183,-0.0129812871459,0.2165328482584,-0.0194810176127,0.0261274521747,0.2008530187778,0.1792017897516,-0.0012180033873,0.0881840370370,0.0089680038977,0.0436804439482,-0.0093938522954,0.2194709049419
0.1648538827216,-0.0069242957806,0.1555430140141,0.0736149380741,0.0851289418223,0.2101083568043,0.0109459975361,0.3517303362445,0.3669634728405,0.3059060594663,0.5430823376258,0.5411393559648,0.1740556616990,0.2408870454884,0.2746064007058,0.4927798921266,0.7479747990457,1.0000000000000,0.2697380690204,0.5158382309194,0.5683003134415,0.3762219224294,0.5229510945576,0.5258080548988,0.2662297742175,0.3226702543059,0.4216096991867,0.2106164642796,0.2607149363163,0.3113520932391,0.6014478806964,0.4200730629235,0.5386864149098,-0.2085125940951,0.3074073162578,0.1387957457575,0.3022575612096,0.2696261875345,0.0518156020010,0.1340904891681,0.3175667943789,0.1739281668092,-0.0327845440596,-0.0371906798794,0.1049467360043,0.1202243751935,0.0721462065404,0.2476700634228,0.3528739848663,0.2011151347395,0.0303159442955,-0.1296234147669,0.0169936826396,0.1826627638328,0.1231602593031,-0.2308366313353,-0.1420011837228,0.1802683176943,0.6273593164391,0.1905110896600,0.0456618116341,0.4340004367428,0.2448145657430,0.0211407971356,0.0843846887905,-0.0631056960988,0.2432918183231,0.7823944118968,0.1883217005255,0.4411886106831,0.4314374297387,0.3963261795486,0.5204987794928,0.2826088514488,0.3075281848604,0.1023344460096,0.4609642612665,0.0686029390520,0.0986401118863,0.7139042596753,0.1138662119832,0.3765522780329,0.0356827686400,-0.0494360240522,0.1392197077692,0.0309595303533,0.2353239104551,0.1796411551004,-0.1588350623327,0.2010097981098,0.1060213497279,0.0270964547689,0.0094156401664,0.1090071655159,-0.2870747743177,0.2014408060207,0.1217478944407,-0.2213475090237,0.0934772373807,0.1820267185552
-0.0620769626102,0.1176622384918,-0.0017820895095,0.2449663569167,-0.1022385889819,-0.0252300252861,0.0771694704578,0.5214807442649,0.3214043694877,0.1260581793962,0.0943188351038,0.2960440408195,0.1129805100794,0.0890117586956,0.1156790310771,0.5636883117144,0.5552329700746,0.2697380690204,1.0000000000000,0.6860755159192,0.4147018811665,0.1194104255744,0.2577247558691,0.2949870317996,0.2920042670697,0.2027271189855,0.3080196947959,0.2994122689685,-0.0735424592602,0.1886278700582,0.4470645979595,0.3373209552927,0.2995272436539,0.3703096812849,0.3606687788075,0.6949432623413,0.0681425400940,0.1562872662491,-0.1059281446820,0.0230404155934,0.0285621932540,0.0502321565130,0.3515391202600,0.2229534672368,0.2166380729039,0.2606712596198,0.1673616322866,-0.1276043719709,-0.0348312764655,0.1655912791236,-0.0964444895193,0.0669612548647,0.1338965247137,-0.0723152091340,-0.1292400637730,0.2185868824888,0.1769233619127,0.2964519872642,0.3423835409645,0.4253736367766,-0.0563113633919,0.0267958388160,0.1441777792473,-0.1119639943014,0.1443915994869,0.1010265329493,0.7018510139658,0.3087832638922,0.8232846031656,0.7673036562365,0.3506065277631,0.1454202038705,0.2434992605020,0.5452040561071,0.5463100925855,0.4049303063953,0.2830813354779,0.2320130828630,-0.0579223875209,0.4167280239568,0.2458455260704,0.3972628311756,0.1251758945353,0.3384660625870,0.3537144884476,0.1795087208337,0.0935136006209,0.3971284980192,0.1521420211815,0.1884114327389,-0.1897596451168,-0.0372403494021,0.3748429914200,0.2116769571628,0.1692295311008,-0.1545989751111,-0.1177562150958,0.0908426823473,-0.0993623996235,0.0851540151450
-0.0201877685395,0.0743483252809,0.1340753506632,0.1645068402706,-0.1053891936705,0.1186630022535,0.0781402242213,0.4607453803919,0.4103514658108,0.1975734762258,0.3469416462509,0.3881571717334,0.1430195252370,0.1498621925441,0.1084431540414,0.5839573768059,0.6157560085717,0.5158382309194,0.6860755159192,1.0000000000000,0.5995763341941,0.2753137611862,0.4102335262001,0.4391069401284,0.4721704665004,0.2794805973138,0.4524410019606,0.3893631680667,0.1104650269522,0.2746718000640,0.5437460660819,0.4458304324635,0.5818988719134,0.2445726232282,0.3859281102911,0.4754176937139,0.0559687989564,0.4385225056176,-0.1378577279134,0.0878005523821,0.1306830359608,0.0593725973239,0.1546612803667,0.2458660175480,0.2718176699992,0.2248139409065,0.2149073475628,0.0793780365525,0.1786314533781,0.1417755657189,-0.1308031140908,0.0450953853616,0.0590063870576,0.0412417660524,-0.0390858284085,0.0267227973403,0.0359572955525,0.2309148701062,0.4535889643699,0.3845361994257,-0.0553480021066,0.1647858509424,0.1163240636263,-0.0392545886664,0.1580351316128,0.0123265755357,0.4989736020319,0.4489141093356,0.4957205646978,0.7834415611603,0.4076832640788,0.2153606624378,0.4377473235321,0.5533634704212,0.3949966665002,0.2682644016104,0.4689235333369,0.3268552883143,0.0792772907431,0.5157650483227,0.2582071543223,0.5073773615204,0.0725746393934,0.1034919035210,0.3351019462369,0.1324635730601,0.0582097062387,0.2391200243132,-0.1689732265864,0.1982812133298,-0.1649672296571,0.0207578298120,0.3001255547000,0.1585459517218,-0.0099154826487,0.0238919558292,0.0418916664613,-0.1331177371803,-0.1261999139913,0.1476855135802
-0.0350439322852,-0.0116749616140,-0.0475489962974,0.1572124735909,-0.1490596679429,-0.0354209048222,-0.0102533208268,0.1498178863265,0.2192136276158,0.2293306363766,0.4135281411296,0.4881932016253,0.1350460199349,0.1952671946627,0.1057368677189,0.5275693770293,0.6360058304690,0.5683003134415,0.4147018811665,0.5995763341941,1.0000000000000,0.4317104815991,0.6198511014331,0.4774800567714,0.2529997785471,0.4230253172918,0.5106740712898,0.1123472226354,0.2195490804656,0.2452182483560,0.5720873479887,0.5748326291665,0.6798125853330,0.1191230118176,0.4628964101933,0.3232512561755,0.2008156721950,0.0507376528445,-0.1880454631079,-0.1663693427411,0.1194255816065,0.0003901280217,0.0088086420153,-0.0576614843325,0.0736098859554,0.1257045289140,0.1572495211490,0.0100687700168,0.1403479988994,0.2615165069415,-0.1736288340707,-0.1138376200959,0.0750759362288,-0.0036724970821,-0.1256059555642,-0.0379525651267,-0.0625798949431,-0.1250237082722,0.3518709334972,0.0750271925993,-0.0084494712849,0.2931086899458,0.3306669248843,0.0331585525725,0.2045934350239,0.0168025749966,0.3433370644935,0.4665611268165,0.2890770402098,0.5230256307611,0.6825853043486,0.5877899456598,0.5618774745494,0.5109526057457,0.5606381837547,0.3448522469993,0.4904749021839,0.0313520762357,0.0848212876814,0.6064973223483,0.2764450785318,0.6906417273967,-0.1604281099467,-0.1845044964571,0.1595662350164,0.0386127878217,0.2132996958486,0.2362435322770,0.0940761821896,-0.0782285389452,-0.2472849701938,-0.1952775352733,0.0922398351854,0.0023726747789,-0.0094442712877,-0.0352796536304,-0.0816103437333,-0.1305592403897,-0.0137668393896,0.6003919453867
0.2184233719310,0.1466400162710,0.2345947650427,0.2233722319254,0.2231263885228,0.3694448421283,0.1914722922268,0.2754733668408,0.4376470646401,0.7804525400589,0.5013452887069,0.6649912575936,0.4130787213581,0.2626854523078,0.4136882926447,0.0789671229319,0.4069956954742,0.3762219224294,0.1194104255744,0.2753137611862,0.4317104815991,1.0000000000000,0.6018908657835,0.4299132712515,0.2976177646490,0.2112550505223,0.3902771128334,0.1782606303201,0.1542626431350,0.2608261957850,0.1850557347785,0.3675692044436,0.3330989661058,0.0147566884525,0.2151788269546,-0.0502924973941,0.2465914422934,-0.0108931940400,-0.0741134444938,0.1638668552158,0.2656193819678,0.4034678030682,-0.1555570927067,0.0155226683189,0.0634147368677,0.4675303289162,0.2730292341589,0.1395169624037,0.4482845314634,0.4569587447111,0.1705851788686,0.0671195882806,0.1057321849376,0.1929847736067,0.2908900078990,-0.0789298010563,0.0570402189226,0.1970959328747,0.3942784290971,0.3011717927298,0.5955601942176,0.4535470874013,0.3958619765624,0.2714772167404,0.2387098509796,-0.0827013363562,0.0148060149252,0.4169198044908,0.1288885484973,0.2918537784870,0.2993675754382,0.7355095403437,0.4465686875980,0.3434366610158,0.2066960138030,0.1205619544825,0.3382691223732,0.0780710110536,0.2130164601726,0.2841882863051,0.1866671430636,0.3478768066359,-0.2382435607860,-0.3166949599662,0.0142985665585,0.1659040137406,0.1925150918576,0.1392703352465,-0.1100835678620,-0.0622586332841,-0.0025118130663,0.0861969009371,0.1488547042841,0.4227640046718,0.1265708166057,0.0894328488212,0.1130759886997,0.3091729361077,0.3704704641197,0.4653117758134
0.1906338766337,0.0454382279702,0.2706722031764,0.2914265120914,0.1046639308954,0.2685845442130,0.1122322178061,0.1696330865005,0.3627378379861,0.4419183495880,0.6470932716808,0.7743399073714,0.2717822285423,0.1976235354914,0.3667211375208,0.3315924700285,0.4788649592849,0.5229510945576,0.2577247558691,0.4102335262001,0.6198511014331,0.6018908657835,1.0000000000000,0.5076680302925,0.3413662498955,0.6126877220119,0.6126753697432,0.2573831013984,0.2889855656703,0.1762797586165,0.3903166801252,0.6257258052163,0.5592727132866,0.0396406901552,0.3842601796371,0.1476016003748,0.2901143221042,0.0852896539984,0.0208748792930,0.1098250093624,0.2452166970565,0.2913458635433,-0.0115232288033,0.1248465951167,0.0322173323839,0.4054068657201,0.2455353401431,0.2873772871362,0.2845926855795,0.3748677696452,0.0277578400812,-0.0171347018706,0.1832702909128,0.2184973245989,0.1062833040495,-0.0495234126474,-0.0552891340443,-0.0542615020890,0.3892317035008,0.2038410426916,0.1407782496698,0.4826623582394,0.4571310530582,0.1292822843763,0.2188895809581,0.0332717417276,0.1087919891137,0.4397794197602,0.1532276895638,0.3494393446418,0.4226749975755,0.8227123188351,0.5623158664257,0.4394869954104,0.2338026560230,0.3155301727270,0.5290734471373,0.0853474571798,0.2001783340704,0.4641301283388,0.2563714349751,0.4848739762296,-0.2478428700820,-0.2729241344951,0.0066856824047,0.0538791280329,0.2965839742390,0.2248908430688,-0.0194034379366,-0.0301423576927,0.0080163482715,-0.0231491831325,0.1137999819607,0.1682138680297,0.0085455230498,0.1855621608215,-0.0841985738440,-0.0729703372182,0.2398094400890,0.5688542571406
0.3147907076808,0.1475633226318,0.3086244008339,0.3202200165027,0.2802975993714,0.4096107557898,0.3316840715825,0.3323820148825,0.5754193134222,0.4533520797497,0.6079693818526,0.5896822562351,0.4656874810926,0.3666858009590,0.4768535766115,0.4597845736882,0.5251988071896,0.5258080548988,0.2949870317996,0.4391069401284,0.4774800567714,0.4299132712515,0.5076680302925,1.0000000000000,0.4729871048906,0.2505998608622,0.5891409802815,0.3278457683316,0.3185964328073,0.3272161831997,0.5372951260080,0.4420618453339,0.4490810804725,-0.0301880076220,0.4302111022015,0.2571490299276,0.5464554519558,0.2622547294715,0.1877195480058,0.2202272297213,0.4454411790962,0.3836314292325,0.1996151918614,0.0048750169784,0.2728373315013,0.2743752722376,0.2964318361957,0.3853979379263,0.5457126024653,0.5173990850763,0.2611792861974,0.1051022206104,0.2770555771403,0.3713610218438,0.3795476567836,0.1851121744680,0.2502922790204,0.1793851627797,0.4835398840815,0.4530845148392,0.1451995749984,0.6003097841238,0.3419333848806,0.2271657251845,0.2206738343991,0.0774912902165,0.2594918047739,0.4873971981171,0.2756011753088,0.3990282410027,0.3292503832921,0.3901991200391,0.7788355062543,0.5206972125931,0.2548741364287,0.0846841529373,0.4404684591411,0.2339164998842,0.1647133686799,0.5689808095976,0.1126001727022,0.3366130748525,0.0369602160069,-0.0717881691267,0.2007104834886,0.0952232189460,0.4601522712892,0.3692913797368,-0.0458181096541,0.1013235117665,0.2448070893926,0.1526470233036,0.0974355247527,0.2220307656817,-0.0317823930303,0.3903765476099,0.2776793269128,0.2137370194275,0.2871166478006,0.3245618262430
