1.0000000000000,0.7456131546221,0.8213851243901,0.6424921107862,0.8788683071110,0.7037443041637,0.6265656562761,-0.0892039831652,-0.0709657820396,0.1968510772571,0.1033376464731,0.0317095784899,0.1524453359918,0.6592996062428,0.5450173355667,0.0900904699474,0.2452197007052,0.3226520293214,-0.2324214011285,-0.0025934442927,0.2407058830359,0.0165253488565,-0.0152829447095,0.2587153652446,0.0356742337879,0.0085948429351,0.0944073279192,-0.1788720449838,-0.0820909842432,0.0943759255324,0.2394443761232,0.2393670600806,0.1222637355904,-0.1566942311465,0.0691203201799,0.1825241831037,0.2367157258018,0.1445297185541,0.2710619611856,-0.0143672321646,0.1066305954122,0.4233091637333,-0.0757010190813,0.0548298475102,-0.0898615612871,-0.0105747177593,0.1069951565027,0.5556882137768,0.5141274388433,0.5920489758887,0.8686479332550,0.7160166884019,0.5037568460071,0.7123203806969,0.6369828873826,0.4878990686454,-0.0444368321336,-0.2200955241745,0.0075099615203,-0.0118259758605,-0.1598547147566,-0.0797869097838,-0.2290696070063,-0.1529377311770,0.5631486157306,0.1118946443154,-0.0754776221760,-0.0013295433881,-0.0940213648639,-0.0317566533403,-0.0303842692706,-0.1081971198396,0.2376352321830,0.0251248541145,-0.3640156841923,-0.2149025214356,-0.1943050363805,0.0830498544052,-0.2337854904016,0.1396556866625,0.1060044470750,0.0180591115548,-0.1447526755972,-0.2887880770016,-0.1076314635272,-0.0009364622189,0.1562004418623,0.4161543297071,-0.0955795766635,-0.0096370997887,0.3515631170870,-0.2590121607938,0.0612426473971,0.1292957288072,0.0709355824035,0.5367894599485,0.3682083209015,-0.0535861232727,0.1096189210268,0.0542325468045
0.7456131546221,1.0000000000000,0.6594501755514,0.5073210351024,0.6167434230587,0.5217547124150,0.5205822772810,-0.0409324562080,-0.0596268451730,0.0548226088741,-0.0873669251022,-0.1706942777800,0.0289856689338,0.5585687114599,0.3632009456107,0.1514279355115,0.0475281335862,0.1002287054142,-0.1610912835716,-0.0055140157958,0.0806863124534,-0.0457546684571,-0.2178158210753,0.1124920334219,0.0287258138660,-0.0089854353330,-0.0008332877639,0.0720176117871,0.0598658428878,0.2893727641640,0.1341175361620,0.1489409214754,-0.0359579474616,-0.0525072446237,0.0821414054471,0.1501080950781,0.1588017414932,0.1825483262506,0.2582592880529,0.0703432440570,0.1358718638463,0.3015268888863,0.0022620183503,0.1155147607799,0.0592889313650,0.0025077636568,0.1147857068281,0.3641876059605,0.3729753202134,0.4105140234148,0.6563310962067,0.7686975256093,0.4564025746453,0.5493230432826,0.4595214305540,0.4280082923122,-0.0803280849117,-0.0811871778658,-0.0400045809874,0.0221197246193,-0.2483484237824,-0.1925627194488,-0.2979058159524,-0.1792346152365,0.5363815440681,0.0578765346265,0.0171861633016,-0.1611426374297,-0.0476278101172,0.0106849217683,-0.1356576154632,-0.2463174942301,0.0446730474661,0.0447517884265,-0.3008648693566,-0.0975008084287,-0.2334561859904,0.2937649163178,0.0957037102803,-0.0405854274186,0.0354166378419,-0.0764082243615,-0.0580145219320,-0.1784583105164,0.0791650177411,0.0560317834535,0.0713369180340,0.3862820772512,-0.0402006424379,0.1370068885837,0.3021246154706,-0.1203007148511,0.1983688869541,0.1738621353973,0.1285077211088,0.3710292749145,0.4206429603981,-0.0538552357113,0.1190367616888,0.0105274553618
0.8213851243901,0.6594501755514,1.0000000000000,0.6121200064531,0.8370415599590,0.8754204329801,0.7162183837761,-0.1810561246790,-0.0847847072660,0.1472453336765,0.1026161945557,-0.0229279863366,0.0766498073254,0.5577104621443,0.4372442494293,0.0940630998621,0.1864916640532,0.3279741184372,-0.3003697663408,-0.0237133793936,0.1347822630948,-0.0814850638089,-0.1481086491531,0.2261842240937,0.0720072216036,-0.1500963691535,0.0130337817398,-0.2305122838687,-0.1706857214155,0.0694532238580,0.2943235670966,0.1748611438547,0.0787894134727,-0.2831238965156,0.0342389640500,0.1567788062410,0.2128754511915,0.1934151293846,0.3505619952147,-0.1038810794287,0.0230839857307,0.3656734450546,-0.1463318610110,0.0607608689889,-0.1396948687488,-0.1098279537994,0.0494924513681,0.6349735711026,0.4575950891072,0.5903733674082,0.8233417706943,0.7679058149021,0.4675780482186,0.9175538539210,0.7861990258437,0.4391854156239,-0.0764430052928,-0.2616862285874,-0.0214280037713,0.0129122625477,-0.1366401020752,-0.0904887104153,-0.2328517149298,-0.1542439000636,0.5618990055262,0.0804417584373,-0.1657147334179,-0.0026864517942,-0.1519337418357,-0.0322362487121,-0.0963113709998,-0.1730893983489,0.2375463793432,0.0332936034411,-0.4456302009722,-0.2823534369981,-0.2158300993004,0.1034403955553,-0.2229564950350,0.1389278696627,0.1598678430427,0.0651913185482,-0.1022555933515,-0.3870248417616,-0.1052905058419,-0.0265080559318,0.1829426656468,0.3481727938141,-0.1710371729324,0.0730049400436,0.4172661017694,-0.2937037045596,0.1469583173958,0.1438494757050,0.1939609821713,0.6375123914892,0.3347583927268,-0.0504282023954,0.1544125169597,0.1120696025595
0.6424921107862,0.5073210351024,0.6121200064531,1.0000000000000,0.7018028437645,0.7255437929819,0.8503939393803,0.0231517683317,-0.0112255728103,0.1484709254538,0.1120483964231,0.0613851028050,0.1607752505333,0.4080601798843,0.7223387520846,0.5047336412307,0.2958752073795,0.3541187707025,0.0084152861237,0.0984563523984,0.3144402338197,0.0432271296926,0.1367416204450,0.3424477373089,-0.0730246422051,0.1999030847357,0.2350971172344,-0.1015649303802,-0.0234234601801,-0.1034693674940,0.2764153574715,0.3739076589928,0.2463979592861,0.0282991399403,0.3102359469436,0.4243258792719,0.1174231644358,0.0189062293054,0.2043975246533,0.1276662459851,0.0087863874813,0.2498650874883,0.0746445414235,-0.0507163560533,-0.1611657832905,-0.0176618730201,0.0754108056219,0.5356645246753,0.3834533808800,0.5236726443899,0.6563830496337,0.4887701749953,0.7151815717369,0.6663244199718,0.6900794835952,0.7557400839643,-0.1173755196702,-0.2752503508539,-0.0133771790248,-0.1065660327319,-0.2975154250903,0.0699792502740,-0.1996920654698,-0.2113302437903,0.4319437894556,0.3311028675031,0.2366887749367,0.0684373030217,0.0754862811176,-0.0599805827440,0.0257016655968,-0.0147277086037,0.3193925514751,-0.0855304556173,-0.2609888115569,-0.1534013038193,-0.0292758656937,0.0070869284216,-0.1861688069937,0.3085998505392,0.2352748630137,0.0686329089904,-0.2199811216737,-0.1447982360274,-0.1279513223752,0.1276163386114,0.0294164938616,0.6268942254267,-0.0846290289649,-0.1078229818262,0.2657241734515,-0.1809313196890,-0.1682467899525,0.0490802842931,-0.0528844472892,0.5396393571883,0.2129555253919,-0.1511946358417,-0.1779267083204,0.0543013005620
0.8788683071110,0.6167434230587,0.8370415599590,0.7018028437645,1.0000000000000,0.8120266339668,0.7070985056383,-0.0643834982481,-0.0617293369120,0.2327828353459,0.1561462022743,0.1044140900546,0.2001070191153,0.5871390914238,0.5949128543644,0.1313024749724,0.2878268929587,0.3439357480143,-0.1897014798870,0.0249543458625,0.2654109842437,0.0466965543053,-0.0197722717619,0.2764262870615,0.0242227569149,-0.0221052667568,0.0640645956036,-0.1854087726591,-0.0943314048942,0.0645594565032,0.2592954064557,0.2211222505050,0.1552231954241,-0.1565813884476,0.0900012636602,0.2104903277379,0.1772462793224,0.1094920505711,0.2545954625147,-0.0807732896633,0.0912751476464,0.4022937900446,-0.1104638786938,-0.0317110521695,-0.1273509654899,-0.0682203343255,0.0856594267870,0.6201290874429,0.5013916579859,0.6292106692422,0.8701153231979,0.6294994064244,0.5268227719297,0.8061636504494,0.7665238795561,0.5320290339788,-0.0547863321635,-0.2545366495374,0.0054303064896,-0.0451186416681,-0.1253073530989,-0.0458198464772,-0.1609552285383,-0.1406892889094,0.5384477396122,0.1280001895865,-0.0940482923960,0.0452960904132,-0.0844000551758,-0.0599071360859,-0.0032014802303,-0.0983318897931,0.2736290579162,0.0196711462685,-0.4031581140161,-0.2745375580823,-0.2252797674356,0.0649106096989,-0.2873129720161,0.1928858226310,0.1232074663784,0.0231570180103,-0.1944362496854,-0.3385485827020,-0.1488880565298,-0.0393305206091,0.1305042541835,0.4073469394714,-0.1591089842181,-0.0278964508993,0.3367349244071,-0.3417498156879,-0.0445253846517,0.0597218656769,0.0652397983380,0.6032768279013,0.3420200294122,-0.0996427293163,0.0994052755480,0.0704435939627
0.7037443041637,0.5217547124150,0.8754204329801,0.7255437929819,0.8120266339668,1.0000000000000,0.8566931702200,-0.0431718517369,0.0134355175154,0.2206266504022,0.2300747877938,0.0837525023395,0.1523188005111,0.4690853089589,0.5644255277455,0.2508333342337,0.2693228746680,0.4187242661951,-0.1555264085677,0.1094314083822,0.2003870948701,-0.0023766004873,0.0015222388545,0.3226060404739,0.1107443816229,-0.0201496863534,0.1436616865048,-0.2245533305563,-0.1059688988114,0.0049127597216,0.2749100379591,0.2664758645469,0.1912085421421,-0.2440163185411,0.1209811371568,0.3179537736117,0.2212663437735,0.1910326861456,0.3763283014992,-0.0162062057907,0.0589975402204,0.3743002956326,-0.1243202048509,0.0897590951330,-0.1246309075435,-0.0453341761622,0.0445314946695,0.7647440119946,0.4835835409230,0.6558201781156,0.7621587435919,0.5464512236753,0.5178474567860,0.9297056590659,0.9284019241843,0.5321287333990,-0.0324639753428,-0.2196112110093,0.0507842321872,0.0294791919434,-0.0979673486225,0.0832612072305,-0.1647894135181,-0.1244790069442,0.4681767909374,0.1829575230362,-0.0780710957837,0.1549587690696,-0.0062149159585,0.0642126123032,-0.0244574596879,-0.1087791427272,0.3740375925923,0.0765981751336,-0.4604890201876,-0.2714375574690,-0.0909765978609,0.0418279025314,-0.2550011711634,0.2476567473538,0.1748400784909,0.1180909364357,-0.1646759034525,-0.3820189110796,-0.1157693165854,-0.0145477473301,0.1763477022584,0.4292188203399,-0.1407162228200,0.0701090829779,0.4669497943697,-0.2214827109832,0.0833637451728,0.1359583295381,0.1206078935169,0.7560509152443,0.3111813841774,-0.0967285933755,0.0509268792015,0.1448586522340
0.6265656562761,0.5205822772810,0.7162183837761,0.8503939393803,0.7070985056383,0.8566931702200,1.0000000000000,-0.0267440287246,-0.0785671566554,0.0910896579712,0.0531291945176,-0.0806859701358,0.0752715531774,0.3212327484927,0.4736555562614,0.3991113977579,0.1348572416461,0.2869831164903,-0.1186331539037,0.0385903091989,0.0726759803401,-0.0917721771828,-0.0637625493712,0.2536763725555,-0.0614507512613,0.0408652434935,0.1330189657538,-0.1768504058349,-0.1027772055728,-0.0568964089246,0.2155813031313,0.2258647207985,0.0797442622433,-0.1011389554676,0.3006542594274,0.3585075228375,0.1976807547054,0.0515870491262,0.2853546054563,0.0139177414442,0.0326943871569,0.2508279491071,-0.0380109603517,-0.0142867418893,-0.1451057622270,-0.0271409382873,0.0039637231124,0.5669402124027,0.3154348983953,0.5008717697003,0.7122892990725,0.5360196131401,0.6790376096686,0.8221591173695,0.8469057434389,0.8025954362018,-0.0662544973936,-0.2059549942338,-0.0348484088552,-0.0983543431787,-0.2098239168543,0.0043870177214,-0.2189593145577,-0.1292517194725,0.4932786745772,0.2300525743155,0.1489970260111,0.0740563459622,0.0253250613706,0.0153732435178,-0.0739835565263,-0.1210926465677,0.2919453323692,-0.0717696922217,-0.3218273187610,-0.1639404865177,-0.0442621119705,0.0555119122944,-0.1498026532286,0.2460161733570,0.2491774617810,0.1303632906146,-0.0789159600721,-0.2056328917788,-0.0431912082831,0.1157490372075,0.1162204247924,0.6048838707769,-0.0562206095084,-0.0092139839932,0.3627090670345,-0.1359511221944,-0.0048364951737,0.1368220645807,0.1198690438506,0.6081472364237,0.2278574982147,-0.0717621305694,-0.0152446637706,0.1284200422083
-0.0892039831652,-0.0409324562080,-0.1810561246790,0.0231517683317,-0.0643834982481,-0.0431718517369,-0.0267440287246,1.0000000000000,0.5238431459138,0.1688145829044,0.1248415976259,0.2375175782311,0.2178178742214,0.0526085337570,0.1751427473233,0.3737958967844,0.2422757206542,0.2841931870879,0.6941798145258,0.7217982310607,0.2602933430148,0.2776002051312,0.2545242680872,0.1636915136573,0.2863315059844,0.4908924787074,0.3155565362680,0.1234759208985,0.1002163582256,0.0714684478628,0.1585391260748,0.2985670990580,0.3380918174107,0.2347832283339,0.2160265752290,0.3795114601764,0.0254807488245,0.2912921512422,0.0026352199758,0.1900945485065,0.1297376056821,0.0314120925340,0.2735003841220,0.2584839859188,0.6006808490364,0.2471995787908,0.1168617631814,-0.0166937714756,0.0540522403824,0.0854057082228,-0.1709901229089,-0.2481142507925,0.0090585707606,-0.1245969411468,-0.1092954355317,0.0730269559310,0.1867525432225,0.5451770423586,0.6216371149749,0.3158089414426,0.0636456622228,0.0962212891844,0.0411206768075,-0.1135547614645,-0.1279447857798,0.1564203912839,0.3913322906978,0.2953658721696,0.5503683930116,0.4427429137155,0.1795955783192,0.0883703167808,0.2515567587336,0.4354269666932,0.2271509865701,-0.0932292769158,0.1910261235779,-0.0636076042014,-0.0448206227409,0.2068600718396,-0.1254358697842,0.0289355908151,-0.1760239745205,0.1498770374309,0.1386982749134,-0.0590904105543,-0.0044878031791,0.1381117917991,0.0967252935723,0.1699868757745,-0.0629429108049,0.0005628472557,-0.1422640850243,0.0056123365965,-0.2273598171684,-0.0672983587610,-0.0366703482372,-0.1669843341928,-0.1635228829833,-0.0501205987643
-0.0709657820396,-0.0596268451730,-0.0847847072660,-0.0112255728103,-0.0617293369120,0.0134355175154,-0.0785671566554,0.5238431459138,1.0000000000000,0.3045695209538,0.3365924921202,0.4069009956266,0.3590287548427,0.0656620729631,0.2319369278911,0.2178075446801,0.4952101574170,0.4245382457489,0.6915216479050,0.7639918179676,0.4809148664244,0.4016314481988,0.2963543285022,0.4112847136496,0.7990767587853,0.2349848879163,0.4774808897275,0.2064171383259,0.0980025809531,0.1325128106653,0.1890824134384,0.1536685439279,0.4751854006314,0.2232903555807,0.0675166679786,0.4356220561826,0.1211368977052,0.3935986493205,-0.0739114651709,0.2073962170181,0.0274864974358,-0.0463824569126,0.0045410925220,0.3862591604740,0.1733779032385,0.2019950937303,0.2074604095567,0.0779922289713,0.1947530383115,0.0398538409073,-0.1093562834859,-0.2739743113948,-0.3035867865955,-0.1086689514158,0.0160548587778,-0.2334220537872,0.1552497915265,0.2780509076376,0.6305036192264,0.8698971510634,0.1238328462220,0.3514049427772,0.2206186464815,0.0499114502034,-0.1849985900283,-0.2025144111125,-0.0279313712525,0.4284683854053,0.6425984196104,0.5096969617709,0.2703960976911,0.2536709610564,0.4201870123453,0.7890779026599,-0.0186886605751,-0.1640671894141,0.2079925644824,0.1372788419209,-0.0430075678324,0.1950942703877,-0.0744908254723,0.0776328244059,-0.1495515442842,-0.2378797034833,-0.1541359037547,0.0021819972197,0.0252354750239,-0.0885496465889,-0.3767490345664,0.2505074724440,-0.0793305981853,-0.1242593477816,0.0640528801242,0.0794648518942,-0.1733624231782,0.0182117427334,-0.0063862797242,-0.0888435116972,-0.3467558659819,-0.2960437928448
0.1968510772571,0.0548226088741,0.1472453336765,0.1484709254538,0.2327828353459,0.2206266504022,0.0910896579712,0.1688145829044,0.3045695209538,1.0000000000000,0.4945258922814,0.7235921829088,0.6118155444112,0.3096315420656,0.4441987257582,0.0500704943516,0.4938459960960,0.3660769989602,0.0446836310368,0.3026458073165,0.5728638350096,0.7154684534545,0.4119236083900,0.3838007427029,0.3159508012863,0.2406764326783,0.4686890808715,0.0226152536996,0.2591833851539,0.2916817576059,0.1732092599004,0.3092574754141,0.4628243519654,0.2814779204236,0.2125977125186,0.1823411232058,0.3169201817158,0.0772118988794,-0.0048880364946,0.1695879369389,0.3380503605173,0.4081566765955,-0.0331061699797,0.0620838708915,-0.1040217429389,0.3411288547908,0.4171743168790,0.2206045968005,0.2758855046280,0.4085330082124,0.0839152418695,-0.0996367832205,-0.2022879263926,0.0894114052676,0.2129770751412,-0.0511446388907,0.3481890982519,0.0511602955625,0.2400128196479,0.2410940664828,0.5696374670438,0.3757779097322,0.5038163159112,0.1502258941817,-0.1614519821084,-0.1436330059348,-0.1598002009282,0.2938939357416,0.0763520825452,0.1428165225097,0.2946911979793,0.4891831290904,0.4462520338987,0.3867560731417,-0.1812450032006,-0.0901868507723,0.1105077197349,0.0815087841251,-0.0389046687167,0.2575804970975,0.1848812218226,0.0706157602117,-0.1201193339441,-0.2261482396832,-0.2104276562325,0.2008393247637,0.3491772854660,0.0839769693419,-0.2602537760620,-0.0180823501180,0.0905572857785,-0.2078472996625,-0.1203576414536,0.1432316100711,0.0675602497014,0.1526175649736,0.0653023536512,0.2213874920742,0.1080216000134,-0.2027611162288
0.1033376464731,-0.0873669251022,0.1026161945557,0.1120483964231,0.1561462022743,0.2300747877938,0.0531291945176,0.1248415976259,0.3365924921202,0.4945258922814,1.0000000000000,0.7074750403498,0.6106315880954,0.1413548988655,0.3048391110470,-0.0190504855596,0.4244291612539,0.4927991499509,0.0324450987044,0.3220102832659,0.4359915847355,0.4386779350783,0.6421751019513,0.4696391867497,0.4080497310109,0.2284017590430,0.5316994636286,-0.0872147098335,0.2164243267215,0.1621994612982,0.2313887823691,0.3213787012946,0.3775387719420,0.0780706409723,-0.0125672852900,0.0905630593493,0.3037037275738,0.2624132307900,0.1679213665251,0.2970340927587,0.2493621218936,0.3888144006536,0.1085937669519,0.2936918687334,-0.0942087276841,0.2350327349426,0.3121686651829,0.3741358329794,0.3073170186924,0.3011516082482,0.0599324313101,-0.2011135753414,-0.2068431651873,0.0332459379480,0.2769789334436,-0.1932524211037,0.3843504676676,-0.0305011683866,0.2777201851610,0.2748268531888,0.2943198228075,0.7635577644292,0.4917261789410,0.3279586447507,-0.1959907891868,-0.0683950516138,-0.3983098149901,0.4210083900460,0.0595465372826,0.1407092443387,0.1471454575232,0.4043785482536,0.5418345318025,0.2854457735200,-0.2596348021667,-0.0985705926788,0.3276543243124,-0.0753172308810,-0.0657969479157,0.1860393201715,0.0364318075679,-0.0013173251653,-0.0933630895844,-0.2431907780858,-0.3348337526891,0.0572831426240,0.2894865340506,-0.1687724618219,-0.2155814124212,-0.0782627129346,0.2397594794835,0.0638770517962,0.0896278886822,0.1222325708930,0.0584275280875,0.2663321639677,0.0804250999666,0.0597436687824,0.0750461679196,-0.1354734030099
0.0317095784899,-0.1706942777800,-0.0229279863366,0.0613851028050,0.1044140900546,0.0837525023395,-0.0806859701358,0.2375175782311,0.4069009956266,0.7235921829088,0.7074750403498,1.0000000000000,0.6538124003687,0.1711089037977,0.4154486620067,0.0234670300491,0.6608516826373,0.5063039645175,0.2187648120607,0.4305812729205,0.6782097012760,0.6975956871541,0.7245932267851,0.4242625303511,0.4513103560708,0.2963805766570,0.4707287701431,-0.0215323142305,0.2146525054223,0.1883887373952,0.1704572508345,0.3356186098856,0.6337184559596,0.1428336836854,0.0911026375237,0.1834737861461,0.1272540222604,0.1076091303225,-0.1009955963686,0.1313208706537,0.1945934363928,0.2519328325388,-0.0642478192743,0.0658820514126,-0.1155372416562,0.1658858819905,0.3375382010384,0.2002654936582,0.1963431195296,0.2644694240397,-0.0462181425475,-0.3410344037342,-0.3370790744683,-0.0822904868664,0.1059202949933,-0.2222596678181,0.3930029173301,0.0941976128947,0.4398269612576,0.2956837354988,0.4652776913730,0.5900456344623,0.6888644977362,0.2447689565847,-0.3043177915322,-0.1422942018362,-0.2496105761784,0.4599135736621,0.2139042503083,0.2372793401675,0.4261717237261,0.6107219797339,0.5296784361610,0.4667581744701,-0.0946327472440,-0.0153738710946,0.2228298147641,-0.0861358405926,-0.1104232584126,0.2401163273426,0.0887798245473,0.1625394027481,-0.2207000889181,-0.2975160484905,-0.2843220707243,0.0034732177928,0.1627664567928,-0.1317237688040,-0.3726005171598,-0.0490642662272,-0.0686828986540,-0.2334481359779,-0.1725860017412,-0.0854181005609,-0.0846450172451,0.1147433214382,0.0135236083744,0.0388395316175,-0.0805926893111,-0.2496741901701
0.1524453359918,0.0289856689338,0.0766498073254,0.1607752505333,0.2001070191153,0.1523188005111,0.0752715531774,0.2178178742214,0.3590287548427,0.6118155444112,0.6106315880954,0.6538124003687,1.0000000000000,0.3174756913043,0.3352452900549,0.2030586488619,0.6489452998148,0.4589764218471,0.1103010086772,0.3862119405976,0.5848981721120,0.6195233670812,0.3928863368370,0.4963204414753,0.4072765932090,0.3289253765286,0.5974635293388,0.1444525831567,0.3013242639901,0.3873035904763,0.3880546775394,0.4030154473013,0.5476224204423,0.3300503298359,0.2199348625375,0.2163169068171,0.4063897400084,0.3535617760725,0.1620651126037,0.3211532640359,0.3367502395820,0.3508990917251,0.1889504769323,0.3675822285106,-0.0256698534980,0.3570717798025,0.4747328850484,0.2731868097283,0.3709102114775,0.2357674938399,0.1024547944479,-0.1731309438677,-0.2809125790695,-0.0016546096983,0.2137053182567,-0.1248796321312,0.4271258217992,-0.0379817464443,0.2353084407212,0.2863892586090,0.2244562313450,0.4568543470579,0.3883352205986,0.3796982884512,-0.1327937726434,-0.3551314884538,-0.2795607940589,0.2904617445644,0.0622699155220,0.0660073182040,0.0184827740497,0.3281598668980,0.3630167878976,0.3440165196222,-0.3340107032992,-0.1463737896955,0.1664441644714,0.1697769542435,-0.0145344449680,0.1508886966683,0.1190270908913,-0.0714904660499,0.0281261449301,-0.2498312457461,-0.3467603641911,0.2028247607160,0.3577572877469,0.0180148886948,-0.4628482209307,-0.0110811383628,0.2125211461714,-0.0819551658634,0.0577216551820,0.0995444351877,0.0987318018598,0.2042309894539,0.1866447508867,0.1634002462427,0.1201514151002,-0.4755754120883
0.6592996062428,0.5585687114599,0.5577104621443,0.4080601798843,0.5871390914238,0.4690853089589,0.3212327484927,0.0526085337570,0.0656620729631,0.3096315420656,0.1413548988655,0.1711089037977,0.3174756913043,1.0000000000000,0.5057229565984,0.2760954951429,0.3167289037876,0.3110466846733,-0.0860364630166,0.1525872033355,0.3421300496274,0.2866575632142,0.0671822635071,0.2771649608594,0.1265834501147,0.0885133912587,0.2291902456608,0.0401578224053,0.1993990988468,0.5123563212068,0.4879099634983,0.4926401483668,0.3720536802222,0.0706315484770,0.1721366923498,0.1830371693919,0.2129205538280,0.3268510943925,0.3868255597790,0.1758029270717,0.3970491629576,0.5033923471871,0.1498999525828,0.2369455824473,0.1341000222718,0.2026898641933,0.4597968558347,0.4930519313536,0.6801871039496,0.4811169920542,0.5228519276535,0.4004643165780,0.1397476653935,0.4163918243918,0.4271711331762,0.1674781068888,0.0005430563591,-0.1682720794465,0.0312938177862,0.0514667004850,-0.1041293550074,-0.0105504110265,-0.1512970966663,-0.2048300187113,0.3291601668295,0.0400019561641,-0.0486563803176,-0.0348151807139,-0.1073497374040,-0.0560021089476,-0.1379986256440,-0.1079897061043,0.1452449287967,0.1036027876474,-0.3504033393387,-0.3210731342580,-0.2360908679681,0.1912961905635,-0.0137617273615,0.1348476736651,0.0784725193407,-0.1416760635489,-0.0075136958980,-0.1411380353827,-0.1344186183156,0.0381533911094,0.1543244516731,0.2919567287291,-0.1740206676077,0.0124233987111,0.3650146760214,-0.2175969229808,-0.0247103160064,0.1641773567013,0.0024955678493,0.4224829128622,0.5545819606189,0.0121950331881,0.2282460605861,-0.1692688986447
0.5450173355667,0.3632009456107,0.4372442494293,0.7223387520846,0.5949128543644,0.5644255277455,0.4736555562614,0.1751427473233,0.2319369278911,0.4441987257582,0.3048391110470,0.4154486620067,0.3352452900549,0.5057229565984,1.0000000000000,0.3844654369931,0.5777839276806,0.5489415424417,0.1893054773234,0.3463325844867,0.6352689046149,0.3462484075926,0.3966516735044,0.5468296380510,0.1799775635373,0.3634228721266,0.3794496583202,-0.0489443041988,0.0568892933362,-0.0047522253781,0.2777660711654,0.4602378099483,0.4936983891087,0.0475042408178,0.2499621631999,0.5051578849377,0.1900136373807,0.1577332125673,0.2437098993120,0.2052120755176,0.1044316007088,0.3516491147893,0.0346131421595,0.0759735298487,-0.1058083021537,0.0758302348063,0.1770661142644,0.6115330688822,0.5520032624582,0.6819324366890,0.4230919968756,0.2361988233733,0.3782346543227,0.4145366762856,0.5025839054303,0.3020956180495,-0.0155433455499,-0.1788626482688,0.1916664570849,0.0698442089552,-0.1040527475439,0.1955647418846,-0.0078930528057,-0.2023240434643,0.2194282418901,0.3423317769398,0.0744140563436,0.2648057514401,0.2376348471891,0.1078740092237,0.2329763053075,0.1768378627884,0.4989890818816,0.1983389755133,-0.2446387412674,-0.1090346445671,0.0315611728422,-0.0052581275947,-0.2795846536448,0.3439926396953,0.0564964387282,0.0173082973063,-0.4321719451589,-0.2515748208545,-0.1722409370896,0.0267781622514,0.1428813370145,0.4423691834159,-0.0899702326821,-0.0366597942378,0.3192509473461,-0.2335025107734,-0.1516554234202,0.0940845550564,-0.2021577494077,0.5438849655791,0.2108150890278,-0.1936905152534,-0.1789311823236,0.0219692817600
0.0900904699474,0.1514279355115,0.0940630998621,0.5047336412307,0.1313024749724,0.2508333342337,0.3991113977579,0.3737958967844,0.2178075446801,0.0500704943516,-0.0190504855596,0.0234670300491,0.2030586488619,0.2760954951429,0.3844654369931,1.0000000000000,0.2844232514099,0.1974805561839,0.4716574556374,0.3990650590089,0.2937203853228,0.1183740549473,0.0836418917821,0.3226359082054,-0.0414503427014,0.3515055088764,0.3032130755966,0.1108707774148,0.1331441687929,0.1164878452292,0.4545813402653,0.5456775899909,0.4286148260658,0.2233609829857,0.5411969006186,0.6575911787079,0.0985601079347,0.3418995740309,0.3163814539842,0.2837862163589,0.1184018358227,0.0855526476571,0.4258163383403,0.2072943161629,0.2786818512508,0.1593088476139,0.1763318559594,0.3020597338462,0.3152724040567,0.2195156817034,0.1071759300112,0.0683365407136,0.2359653812308,0.1730784588663,0.2243136637862,0.3380152159552,-0.1190770901454,0.0080424956642,0.1059036891257,0.0203459373941,-0.2927833756736,0.0434390776325,-0.1427377439537,-0.1593873303861,0.1739826854557,0.1875187269203,0.5289172403444,-0.0332534434550,0.3622148866243,0.1324051248572,-0.0555907932188,-0.0370642815398,0.1281832457462,0.0241685723981,-0.0719796781652,-0.0235802838257,0.1228489039720,0.0898537453184,0.1351647704581,0.2216944297506,0.2862667803562,0.0639578622352,0.1023255326581,0.1373888417017,0.1592609776936,0.2196228703507,0.0159709167415,0.5859747602156,-0.1090742159476,0.2120136566544,0.2555767310036,0.0949659492391,-0.0610403834193,0.0823015729247,-0.0011867467802,0.3299185422251,0.2273938842107,-0.0086002224421,-0.1589647734259,-0.1512570387264
0.2452197007052,0.0475281335862,0.1864916640532,0.2958752073795,0.2878268929587,0.2693228746680,0.1348572416461,0.2422757206542,0.4952101574170,0.4938459960960,0.4244291612539,0.6608516826373,0.6489452998148,0.3167289037876,0.5777839276806,0.2844232514099,1.0000000000000,0.7220812922902,0.3579129981173,0.5166030014338,0.8407687128380,0.5870049791429,0.4317796740451,0.5836154862465,0.4885022128953,0.2865071408307,0.5028270545091,0.0623749318549,0.0706485670812,0.1238515051992,0.3173020218585,0.3304918270319,0.8023771299161,0.1102643932961,0.1274327434108,0.4687175551646,0.1315369172821,0.2823054952224,-0.0365009874669,0.0912989119696,0.0330748742794,0.0933578602483,-0.1264049189444,0.2022838813535,-0.1549112671664,0.0998044817017,0.2450389888701,0.3303904626090,0.4100892208187,0.3531582146379,0.2036015282642,-0.1108860671225,-0.1720460713661,0.1295915385958,0.2890997332738,-0.1165182220271,0.0901274002006,-0.0786847695724,0.4777411298517,0.3598905239543,0.1584403297828,0.4137449553285,0.3485503005688,0.0820500186441,0.0423048228421,-0.1642584784070,-0.1432424915538,0.4865556723998,0.3451845400305,0.1944739821438,0.4041781016827,0.4463332792485,0.4789500650910,0.4431074218122,-0.2198000269326,-0.2018020740572,0.0499671636920,0.1480821364526,-0.1305318930031,0.3304060789983,0.2044581857872,0.1889009204961,-0.1949157133609,-0.4629233540904,-0.3800206927558,0.0775906850921,0.0680478351671,0.0317836787975,-0.5605006558782,0.0048711928408,0.0129431078613,-0.3304608507376,-0.1224602601140,0.0251726202614,-0.0298775938903,0.2893728348710,0.2044144331475,-0.0048917921609,-0.1860148614156,-0.3166967397603
0.3226520293214,0.1002287054142,0.3279741184372,0.3541187707025,0.3439357480143,0.4187242661951,0.2869831164903,0.2841931870879,0.4245382457489,0.3660769989602,0.4927991499509,0.5063039645175,0.4589764218471,0.3110466846733,0.5489415424417,0.1974805561839,0.7220812922902,1.0000000000000,0.1984436829986,0.4941432136257,0.6062861590801,0.3590687704111,0.3723894573445,0.6463057258875,0.5072659497601,0.1174796670968,0.5516613910297,-0.1308968334530,-0.1195183261604,-0.0269635212671,0.4725529170221,0.2370654484139,0.5956286743657,0.0331353351573,0.1726867924552,0.4019189254470,0.3516218341562,0.2452686631671,0.1662780905530,0.0600884354472,-0.0204791496346,0.1691031393080,-0.1221164022907,0.2106906875046,-0.2510326169925,0.1068882044199,0.1509443149065,0.4523822260474,0.4246270752152,0.4210398776665,0.2899226469775,-0.0206693507324,-0.0310286542475,0.2863112364394,0.4527495292028,0.0085460826036,0.2463327891830,-0.0252501742050,0.5108508471426,0.3590455084807,0.1144328959201,0.4786392016693,0.2352286304632,0.1213508986690,0.0759828127685,-0.0175971409992,-0.2418970152555,0.7192795048794,0.2814702754729,0.2307322012799,0.3224097609185,0.3341839266572,0.6200025980274,0.4009034775966,-0.2259197078029,-0.3488198240830,0.1388558287786,0.0583270774714,-0.2906774684540,0.5001979525614,0.1513341479680,0.1541395416285,-0.2923967153716,-0.4331741889414,-0.4411531643715,0.0531354016659,0.2794674688015,0.0373361600309,-0.3521245600609,-0.0820678936111,0.2408270246177,-0.2928716982659,-0.0971095348359,0.1642040719515,-0.0001349538034,0.4243783049574,0.1424951474877,-0.0513054401619,-0.0843010769842,-0.1769313506107
-0.2324214011285,-0.1610912835716,-0.3003697663408,0.0084152861237,-0.1897014798870,-0.1555264085677,-0.1186331539037,0.6941798145258,0.6915216479050,0.0446836310368,0.0324450987044,0.2187648120607,0.1103010086772,-0.0860364630166,0.1893054773234,0.4716574556374,0.3579129981173,0.1984436829986,1.0000000000000,0.7664117424037,0.3381800600768,0.2524121482278,0.2886731134394,0.2547330191313,0.3951873715556,0.3614269410556,0.2558645844337,0.2021379406697,0.0550164885405,-0.0675516522194,-0.0336604705537,0.1293635242455,0.3925394583073,0.1610420593850,0.1207649445319,0.5521664038554,-0.1637742066153,0.2053211632778,-0.2080912135895,0.1722678849812,-0.0348111646741,-0.2279137603911,0.0697623341853,0.1798698778847,0.3666163504260,0.1155747380457,-0.0253799445672,-0.0910034091442,0.0686091940651,-0.0883421773684,-0.2456817301978,-0.3517555238150,-0.1090335757657,-0.2321993617480,-0.2061903674786,-0.1004423861590,-0.0277896141681,0.3502479092858,0.5740243808478,0.4543451462912,-0.0736772656417,0.0960128936654,0.0630015933329,-0.0931476667362,-0.1647916438007,0.0548232781284,0.4210648191530,0.2535357123573,0.8320363550258,0.5242532359407,0.2903429214933,0.1718238920136,0.2424609573396,0.5250280601089,0.2491894523361,0.0550893144767,0.2512322668806,-0.0233899369754,0.0026165566912,0.1493268303231,-0.0583228851074,0.1447426165077,-0.1750880219452,0.0432224125623,0.1574786379446,-0.0211645193801,-0.2118642052146,0.0877359526167,-0.1282982927322,0.3097997098278,-0.2416195681252,0.0357078330328,-0.0904861432064,-0.0550963006187,-0.2837679136258,-0.1177239679136,-0.0753552138608,-0.2078924070018,-0.4549931561751,-0.1666945987149
-0.0025934442927,-0.0055140157958,-0.0237133793936,0.0984563523984,0.0249543458625,0.1094314083822,0.0385903091989,0.7217982310607,0.7639918179676,0.3026458073165,0.3220102832659,0.4305812729205,0.3862119405976,0.1525872033355,0.3463325844867,0.3990650590089,0.5166030014338,0.4941432136257,0.7664117424037,1.0000000000000,0.4698514040298,0.4396081436055,0.3885421033887,0.5238869279886,0.6432201691980,0.4195447353846,0.5608075414450,0.1524616167971,0.1231976194543,0.1531828819124,0.1958718234577,0.3312666077435,0.5812251536504,0.1965351171920,0.1819791931902,0.5790844360150,0.1396172848912,0.4645559475938,0.0065995064746,0.2746846514403,0.1330381351580,0.0808498275957,0.0429076310045,0.4259324769940,0.3455487947671,0.2685616183759,0.2422807468472,0.1864752272547,0.2666831889597,0.1769414557412,-0.0355273647552,-0.2339946675546,-0.1406101155084,-0.0383381991726,0.0788622718251,-0.1303657291557,0.1177506355745,0.2944755974850,0.6097177953632,0.5393985234738,0.0379978971521,0.2906071385466,0.1739794000983,-0.0564513671874,-0.0899035971599,-0.0390838565493,0.1196557810657,0.3993978058731,0.6596999180063,0.6177971262607,0.1948241498569,0.2749352999003,0.4970166603469,0.6898923934484,-0.0473841281152,-0.0940493721159,0.3296439770343,0.0906730057564,-0.0295377079432,0.2300383015678,0.0033551692771,0.1284662438950,-0.1740292507671,-0.1960865565427,0.0063726260103,0.0767183280645,0.0780360284870,0.0697616598709,-0.2804377673845,0.2916614528047,0.0080304791799,-0.0631405198391,0.0276258430734,0.1607009656481,-0.1132406222126,0.1290330006471,0.1006246022397,-0.0953072868453,-0.2214602600907,-0.2179656557591
0.2407058830359,0.0806863124534,0.1347822630948,0.3144402338197,0.2654109842437,0.2003870948701,0.0726759803401,0.2602933430148,0.4809148664244,0.5728638350096,0.4359915847355,0.6782097012760,0.5848981721120,0.3421300496274,0.6352689046149,0.2937203853228,0.8407687128380,0.6062861590801,0.3381800600768,0.4698514040298,1.0000000000000,0.6353438789924,0.4990348939875,0.6421338329995,0.4224816114475,0.4585098442749,0.5529525332423,0.0554628415597,0.1149822571456,0.1218015442420,0.3426393288721,0.4091072235717,0.7109958342388,0.2441039894570,0.3084962695052,0.5261445324478,0.1893986373026,0.2213312332405,-0.0249115275895,0.0825500007631,0.0531756960731,0.1694082531734,0.0433474769045,0.0835496543660,-0.1333765101677,0.1214570792962,0.2747256524611,0.3270752839863,0.3954744334641,0.4016066070085,0.1314412496174,-0.1228364902762,-0.1478652145902,0.0598251129500,0.2044115804504,-0.0704201303088,0.1305851091132,-0.0730668228229,0.4392941325922,0.3296508715015,0.1719932946109,0.4301461280278,0.3094451571271,-0.0253105605934,-0.0626730728480,-0.0885098710209,-0.0378882038706,0.3544769246109,0.3528926556466,0.1215824985790,0.4954973774116,0.4859517316893,0.5236917935192,0.4430895548452,-0.0438466542150,-0.1098476670511,0.1242935508658,0.0955125199847,-0.1452013945644,0.4022948057356,0.2183430920254,0.1236757899618,-0.2754436850165,-0.3198623019799,-0.3167030995994,0.1308257438200,0.1891238940468,0.1645521274515,-0.4052915279454,0.0024146859180,0.0413360900524,-0.3545784022670,-0.2226850733265,-0.0354898573300,-0.0736165090808,0.2870601018603,0.1604184407186,0.0069636564204,-0.1607477717443,-0.2614435240954
0.0165253488565,-0.0457546684571,-0.0814850638089,0.0432271296926,0.0466965543053,-0.0023766004873,-0.0917721771828,0.2776002051312,0.4016314481988,0.7154684534545,0.4386779350783,0.6975956871541,0.6195233670812,0.2866575632142,0.3462484075926,0.1183740549473,0.5870049791429,0.3590687704111,0.2524121482278,0.4396081436055,0.6353438789924,1.0000000000000,0.4850863109403,0.4737878957230,0.3958990120359,0.3456811971305,0.5803238649200,0.2482994605263,0.3756308586266,0.3545819032257,0.1969302059076,0.2978928126197,0.5739391133173,0.4577516741997,0.2581787588120,0.2718698590689,0.2409915189547,0.2025781071598,-0.0505279754013,0.3207416954033,0.3762655426228,0.2031461261079,0.0439229059953,0.2223624086404,0.0039641685946,0.4519873552992,0.4830583218989,0.1217100671577,0.3168571275045,0.1293614729069,-0.0582776338572,-0.3157967634741,-0.3267565072173,-0.1790637569169,0.0525796017142,-0.2100869039708,0.2928040838310,0.0214022259270,0.3153566103870,0.2672782332861,0.4623417154091,0.4277639405337,0.5004622771280,0.1036815191535,-0.2532271559182,-0.1895884141283,-0.1219768715474,0.2569238298267,0.1973143793723,0.1152303648776,0.2645438511404,0.6184827797426,0.3980983302195,0.4347160863063,-0.1293700842210,-0.1063443604728,0.1237897621929,0.2287903180690,0.0957918477602,0.2128160297659,0.1412108513250,-0.0397835741105,-0.1047617404845,-0.1876763735583,-0.2999107742600,0.2943954307519,0.2612139667561,0.0121915136367,-0.3547242176049,-0.0001840252146,-0.0118091356835,-0.0625430832314,-0.1374138815486,0.1186709167322,0.0072806796889,0.0559881775464,0.2261311435493,0.2647889678634,0.0789934993443,-0.3850600640063
-0.0152829447095,-0.2178158210753,-0.1481086491531,0.1367416204450,-0.0197722717619,0.0015222388545,-0.0637625493712,0.2545242680872,0.2963543285022,0.4119236083900,0.6421751019513,0.7245932267851,0.3928863368370,0.0671822635071,0.3966516735044,0.0836418917821,0.4317796740451,0.3723894573445,0.2886731134394,0.3885421033887,0.4990348939875,0.4850863109403,1.0000000000000,0.4277422956666,0.2954965575543,0.4955779862087,0.5182586599871,-0.1077941892024,0.1996510765375,0.0012028763195,0.0376779941571,0.4254478279585,0.5030864561580,0.1317648385331,0.0854838941025,0.2192951914807,0.0785127539871,0.0125012912284,-0.1195386883121,0.3289559729166,0.2274732234139,0.2342382689411,0.0539777950186,0.0795648591605,-0.0186448543057,0.2711748861913,0.2462041876486,0.1778582281080,0.1835757649912,0.1257102177982,-0.1253801103974,-0.3803959543037,-0.1475645767011,-0.1770196384249,-0.0021621701730,-0.1256819261318,0.2173588963127,0.0564914260743,0.3159557837996,0.1129715834055,0.1364898657794,0.5493903253048,0.3920222918538,0.0505096324962,-0.3123664848619,0.0811675383210,-0.0304969506713,0.3349227469807,0.2583450231370,0.2182265061101,0.3015019784464,0.5556238588573,0.5054321182157,0.2498967056003,0.0702855318899,0.1557528286297,0.4702842974921,-0.3093541182636,-0.0888831702241,0.2484531642332,0.0502483027358,0.0985463678707,-0.2109315229510,-0.0557908685553,-0.1302036332861,0.0696045221762,0.0835490778151,-0.0413334995463,-0.0884524060416,-0.0822340746987,-0.0699841501413,0.0930150893749,-0.1514979581340,0.0073178212998,-0.2496200040914,0.0553671428255,-0.0367331664081,-0.0977008877543,-0.1417808392267,-0.1098127967395
0.2587153652446,0.1124920334219,0.2261842240937,0.3424477373089,0.2764262870615,0.3226060404739,0.2536763725555,0.1636915136573,0.4112847136496,0.3838007427029,0.4696391867497,0.4242625303511,0.4963204414753,0.2771649608594,0.5468296380510,0.3226359082054,0.5836154862465,0.6463057258875,0.2547330191313,0.5238869279886,0.6421338329995,0.4737878957230,0.4277422956666,1.0000000000000,0.4069787969223,0.3619118136596,0.7382066924331,-0.0292023600408,0.0918651910445,0.1120962929380,0.3421761631530,0.3540159207854,0.4565287564607,0.2336960021141,0.3822827977770,0.6243567357055,0.5284326504278,0.3219668656169,0.2468196421724,0.3383566906405,0.1952374119575,0.2092362850303,0.0445415571682,0.3163067807843,-0.1958504806891,0.3217331134308,0.2748786095799,0.4895330255665,0.5027073430607,0.3657358215218,0.1989770459576,-0.0448204752542,-0.0109736560438,0.1565801860647,0.3728452303491,-0.0242379364174,0.1591550971739,-0.1929794145626,0.2795202521811,0.2638564797671,-0.0115160247653,0.4269803185241,0.1798855050027,0.0296711767616,0.0304519018100,-0.0346378249810,-0.1513472363453,0.3802614055346,0.3278710079734,0.1491628310034,0.1645916319652,0.4305275424865,0.7319868492575,0.3353307406600,-0.2648031932818,-0.1449245512281,0.3110173481107,0.1347477852724,-0.0646178080718,0.3975365814171,0.2477944513119,-0.0200051477008,-0.1693345755408,-0.3467820531653,-0.2875869056427,0.3203767829363,0.4706390041390,0.2206179377633,-0.3305819354788,0.0374554864181,0.3512311762352,0.0206561677130,0.0072511150653,0.3036554883395,0.1147128271077,0.4591034868790,0.2089281486982,0.0775301862470,-0.0129379309452,-0.2428738254551
