1.0000000000000,0.3852706367955,0.5590341599857,0.2883785711061,0.6535935128501,0.4208424175659,0.2884878935772,-0.0904073349668,0.0242250872988,0.3806502132439,0.1976180136593,0.1459296254883,-0.0610097965303,0.7982658222972,0.2996103889066,0.1596251868745,-0.0864638069941,-0.0220266310506,-0.0611855462653,-0.1875283736506,-0.0545774618211,0.4758719187065,0.2529919333572,-0.0297137970496,-0.2672469622586,0.0976058616360,0.0290546290294,-0.0057173894519,-0.1794161060759,0.2461774780911,-0.1286474956824,0.2553700980827,0.1516194200300,0.2087671243875,0.1718136864515,0.0748439707611,-0.1656103570277,-0.1495828623222,-0.1122240583715,0.1346168417754,0.1703725783896,0.3756582306684,-0.1560069508653,-0.1339812352393,-0.0265313851865,0.2929377104756,0.1640298010461,0.1302685451255,0.6382642653482,0.1910427706109,0.8292731045219,0.5414931838968,0.1844877858450,0.3800207729174,0.3317133892116,0.1442270919792,-0.2879058897530,-0.1343216458981,-0.0947127704150,-0.0125697259209,0.2753331033447,0.0156799741647,-0.0065769772518,-0.2280778760494,0.6086518739940,-0.0513026091759,0.1573536856962,-0.1600413456473,-0.0289966553982,-0.0761763588740,-0.2637066904888,0.3269695809647,-0.1318211675859,0.0194402758436,-0.3088303141596,-0.1442435437808,0.0801677017249,-0.0933757954737,-0.2041651683353,-0.2152368917478,0.1361322925662,0.0211619117544,0.2583020619614,0.0384662769305,-0.1924013690029,0.1865540172368,-0.0835453243936,0.1246656206679,-0.2875724373272,-0.1380149373531,-0.0871593024229,0.2125048975454,-0.0124905050087,0.1239780521907,-0.0732438935892,0.1671669912409,0.5668065406735,0.0750335347696,0.1908995430981,-0.1460824520510
0.3852706367955,1.0000000000000,0.2648667081990,0.1941779442476,0.2391122468489,0.2349742627246,0.1274692557742,-0.1894765293690,-0.5065455696021,0.2498941686225,-0.2926915540492,-0.2219037109430,-0.0515275354551,0.6432006911183,0.3679966144704,-0.0640646851273,-0.2900669739665,-0.4489022555769,-0.2913322409681,-0.4050266137892,-0.2833088021250,0.4541223553230,-0.3038704053001,-0.4161542524832,-0.3435297404189,-0.3222942931394,-0.5655671033653,-0.2596787904043,0.1176315591192,0.3307991277937,-0.3397002174834,-0.2591482128229,-0.1201970016242,-0.1560556475621,-0.2280365533497,-0.3340317949372,-0.3180623645887,-0.2975989619867,-0.3173057410717,-0.2718954282950,0.0664066388122,-0.1610693439706,-0.1008681209844,0.1503514349411,-0.0600271931587,-0.0648451159859,-0.1050554776408,-0.2082034295684,0.4602571270427,-0.1188909442530,0.3242545472173,0.7420631660438,-0.1180625238403,0.3519579406975,0.2606581223052,0.1880947881273,-0.0354016403563,-0.1712193931450,-0.4860534940773,-0.4745007647864,0.2290886067938,-0.2377758132866,-0.1168224508941,-0.0945560421563,0.2124927494435,-0.4118026296757,-0.0321451879989,-0.4678262729747,-0.3094392306580,-0.5511656635985,-0.3608333991930,0.1777394521654,-0.4758335071774,-0.4930368778245,-0.2704757658863,0.1456944101952,-0.5572941106639,-0.0674703314147,0.2292194924026,-0.2828367742544,0.2065480657416,0.1617248340893,0.0434359116348,-0.2376629798154,-0.0939222552524,0.1333904502209,-0.3357524682043,-0.1000434956147,-0.3058336674858,-0.2325225802516,-0.1964387114412,-0.1886307691315,0.2144960443279,0.0896133575118,0.5695512966236,-0.1876734140762,0.4516828555393,0.2947913527324,-0.4073337694921,-0.5109391533977
0.5590341599857,0.2648667081990,1.0000000000000,0.5793048836708,0.5301908777891,0.6938772575510,0.5272598972236,0.0804518766915,-0.0125361264422,0.5236954628954,0.3571599773281,0.3163801242586,0.3258877221311,0.5337489305162,0.5978213690906,0.3858539489165,0.1406652677707,0.1952172275729,-0.1081231723227,-0.0310289033539,0.0574309527603,0.2077134125432,0.2135370975126,0.0557127178207,-0.1172906928522,0.0258560982481,0.2288305338522,-0.3715285802813,-0.2810095055220,-0.0346902109092,0.0911691279984,0.4300085749760,0.5745847797655,-0.1826789621609,0.2146093727421,0.0517046406678,0.1004884337043,0.1121974787677,0.1762798190314,-0.0272052139529,-0.1320124363539,0.3242094307170,0.0434350903295,-0.1087491145718,0.2397009841325,-0.1395787463891,0.2354979208670,0.3479185094479,0.3773550607243,0.4138007549015,0.5831301845457,0.7041010835376,0.4158975365363,0.6730243648962,0.5534518843532,0.3502593026460,0.1113943572758,0.1305755752093,0.0095554310284,-0.0594209267098,0.4500792968047,0.2804699176346,0.2645444921506,0.1778019919856,0.4913813240207,0.1049511527862,0.2803724964476,0.1734923794093,-0.0661931183666,0.0562821728405,0.1020270731319,0.4661999101459,0.0278471795845,0.0356804416893,-0.1536293423983,-0.1886688370033,0.1930307634580,-0.1962617231586,-0.2783394369514,0.0693756947924,0.1259391181465,0.5020397258013,-0.0731476026448,-0.0246688669598,0.3087181955403,-0.0822694652967,0.1001915909042,0.1427502158508,-0.1825915901737,0.0880391100675,0.0931336206083,0.1361914695764,-0.1772849118275,-0.1011883180122,-0.0241357064743,0.4087527143569,0.1992123923487,-0.1119307694412,0.2827899828099,0.1473711493955
0.2883785711061,0.1941779442476,0.5793048836708,1.0000000000000,0.4482966053384,0.6633479779945,0.8710801674936,0.2166441235850,0.0059044092113,0.0664194241848,0.3329507754636,0.1863937871611,0.3760290917378,0.2201273620892,0.6977280909933,0.7154611880181,0.3674627143743,0.2995672263362,0.0133465941250,0.2646549563830,0.2248082700937,-0.1710040898882,0.0771234458995,0.3422626472780,0.1421556093068,0.0203221159087,0.2639516023977,-0.4229356751572,-0.0596303896208,-0.1988426652874,0.3701576974808,0.1361971400127,0.4311305727994,-0.3993491589116,0.3854729950016,0.2021464142039,0.3425094345234,0.1741232500695,0.3523343275260,-0.2391835119577,-0.2468108732049,-0.0420417284208,0.2480539746959,-0.0336200390878,0.1967440667083,-0.3411222962951,-0.0702432860766,0.4558238132501,0.1483934559892,0.3434262579436,0.3357839082526,0.4476341800889,0.8372702148165,0.6820660766810,0.6445402734942,0.8781163758215,0.3225558991342,0.1076426160015,0.0276855365790,-0.0271301660940,-0.0241824484745,0.2788632809435,0.0795519799946,0.2650930294102,0.1471676134443,0.2869255027437,0.5772130396947,0.3092598547646,0.0819114149146,0.2515257031698,0.3145959306703,0.1441645134237,0.3179515515684,0.1526078407425,0.1884738184959,-0.0450075267875,0.2192946987414,-0.1303215788483,-0.0855104147166,0.4431175486044,0.0364133023055,0.4381219398277,-0.3981091487605,-0.0388771091423,0.2499204850861,-0.3652234163969,0.2258437206446,0.4071839713505,0.1851707134017,0.1314269321593,0.2267884893626,-0.2595156733002,-0.2075235253686,-0.3065664274260,-0.0271017040141,0.5133294250786,-0.0353705069464,-0.1444070498902,-0.1634092473219,0.1947434808685
0.6535935128501,0.2391122468489,0.5301908777891,0.4482966053384,1.0000000000000,0.7215391483712,0.4385169981236,0.1773257205586,0.0790703959872,0.4066835276569,0.3349842992352,0.2169597253905,0.2261710215053,0.5172657518682,0.4432474991094,0.3078108538691,0.0782808172676,0.1342222881586,0.0816713791666,-0.0030806191378,0.0249900695403,0.4022059632181,0.1353083318955,0.1319324031091,-0.1081846807121,-0.0366639006930,-0.0214596253103,-0.3039255764141,-0.0969501883401,-0.1863284957840,0.0844226089866,0.1525290516907,0.2689670166710,-0.0362309452209,0.2034368577000,0.1418676673838,0.0613360239560,-0.1117110661354,0.1135608159138,-0.0208519312590,0.0676886508311,0.1711030137564,0.0471867500168,-0.1094857739962,0.0635962759014,-0.0008180648027,0.0635715649754,0.3500444904462,0.6402980652084,0.1551665999934,0.8189208068931,0.4847043390623,0.2529672179400,0.6814009669666,0.6972537114907,0.3623348364082,0.0307373336513,0.0202067745885,0.0650775407317,0.1109258007190,0.3226165394438,0.2673021718067,0.0750739108029,0.0235962762040,0.2428020106679,-0.0723753481856,0.3052047596325,0.0014144576202,0.1235257151992,-0.0170886283669,-0.0618784694723,0.3810073412679,0.0213119297181,-0.0492171324887,-0.1124953636146,-0.1498790442630,-0.0080058406706,-0.0274803442943,-0.1404764382404,0.0527700088726,0.2038950882948,0.2120567146028,-0.0903112839376,-0.0457467432059,0.0030538597347,0.0651049767781,0.0484657595443,0.2316089366964,-0.1375119049811,-0.1855900583177,0.1208589039907,0.0402472189506,-0.1266304691222,-0.0705668324861,0.1482500482867,0.3746098669083,0.3413411241221,0.2227255744193,-0.0258057495360,-0.1068972129202
0.4208424175659,0.2349742627246,0.6938772575510,0.6633479779945,0.7215391483712,1.0000000000000,0.6210856107838,0.2114442103776,-0.0298747293632,0.5611527292031,0.4871018005246,0.3234347153327,0.4596005749091,0.3339522246071,0.7427285632354,0.4320281482273,0.3072542726149,0.2541530483491,-0.0160507986763,0.0465015058867,0.1580840684804,0.2003648177123,0.1737845094910,0.2509516626248,-0.0969547219234,0.0463435305541,0.2126497068025,-0.5257133912230,-0.2565798984302,-0.3582783730384,0.1566427714552,0.2194788875334,0.5866851214086,-0.3127639044813,0.3013312865928,0.1688081627302,0.3143129129587,0.1174177443509,0.3669097439104,-0.1138636172572,-0.2539885423876,0.1869383750227,0.1844322976060,-0.0143141162900,0.2422889466714,-0.2670513789262,-0.1045827656318,0.6062603335036,0.4097464794851,0.4195022933332,0.5800176765624,0.4814296798797,0.4550724769084,0.9091033995364,0.9338274685094,0.5303731325749,0.1480828579790,0.0446164473376,-0.0018994732108,-0.0560898437228,0.4739931970696,0.4335981551944,0.1997809936437,0.2662540805571,0.2299972670639,0.1442748070586,0.3308245781186,0.2000484135683,0.0330043751436,-0.0242270171039,0.1423549719123,0.4367935249207,0.1669308755717,-0.0351520996525,-0.1004484757132,-0.0655338995738,0.1428728719896,-0.1959400800116,-0.2249540260900,0.1850168335386,0.1987682128453,0.5666125012711,-0.3088110820628,-0.1093128133627,0.2443935984605,-0.2916529775309,0.2455229073645,0.3361524594588,-0.0169902465900,-0.0227316991860,0.3384018251700,-0.1095704795163,-0.1358649085583,-0.3287379762237,0.0599031782361,0.6506531045206,0.0931739155176,-0.0853108083732,0.0422905109823,0.1698632219701
0.2884878935772,0.1274692557742,0.5272598972236,0.8710801674936,0.4385169981236,0.6210856107838,1.0000000000000,0.2460313011357,0.0876390105612,0.0674965456558,0.3599049086392,0.1884674361876,0.3016255367473,0.1735106400525,0.5261623185029,0.6440619084526,0.2981223765217,0.2624988057299,-0.0238760465449,0.2561993219092,0.2502415340585,-0.1511917103081,0.1241087402254,0.3182807198911,0.2065880064866,0.0996289633598,0.3167423936995,-0.3409397014513,-0.1426455601757,-0.1336032866395,0.2411015733554,0.0967080505405,0.3197481761336,-0.3205023772390,0.4475381243833,0.2458740490952,0.3132536593968,0.2078839890940,0.3577725327833,-0.1644707582379,-0.2384555868160,-0.0011542615235,0.2553384542476,0.0398603348223,0.2159587753485,-0.2728288289958,-0.0496602231621,0.3644687334027,0.0951947325796,0.2527386044325,0.3000997784736,0.3824512820277,0.7859833332184,0.5993359144496,0.6077048809942,0.8580743672109,0.4026995010557,0.2470537660518,-0.0005176256833,0.0300829163597,-0.0054566557113,0.2939395604848,0.1335814450741,0.1911533104313,0.1252963371997,0.2896215828496,0.4941463392585,0.2764776954729,0.0518830609113,0.3016289031799,0.3301348262022,0.1256870979719,0.3404878733634,0.2778295264415,0.1889448206834,-0.0956242721328,0.2834820370871,-0.1119012111350,-0.1372727073830,0.3085014252737,-0.0113974012615,0.2934762095484,-0.3356132475071,0.0695606816599,0.2247543634065,-0.3106508028519,0.2563631687861,0.4681164325380,0.2075759774436,0.2281893370241,0.2126994403957,-0.1827603284712,-0.0944481227075,-0.2492129030495,-0.1118518626818,0.5081326379667,-0.0799329638947,-0.1958321763529,-0.0537705481439,0.1633348205698
-0.0904073349668,-0.1894765293690,0.0804518766915,0.2166441235850,0.1773257205586,0.2114442103776,0.2460313011357,1.0000000000000,0.6138675326699,0.1571427885923,0.3069304195848,0.1280043554118,0.3626422179950,-0.1106019301216,0.1551687539341,0.4433529280057,0.5154042530790,0.7410216532800,0.5735497532000,0.7178613297900,0.4450333285468,-0.0351684998201,0.0972927884871,0.6361707301478,0.5636569855881,0.1441290745666,0.1898142178587,-0.2390199546029,-0.0384574628585,-0.3073041425264,0.6012540138874,0.0984576352703,0.2711279432813,-0.2322330834389,0.3217511970927,0.4898662844858,0.3504017939642,0.1737914162053,0.2281847879302,-0.2954991347922,-0.1230216073106,-0.1150059800698,0.0685119886007,-0.1788472125682,0.0623514802409,-0.1444809750502,-0.0605875624174,0.1343732402403,-0.0154509445107,0.1956959651505,0.0152945022306,-0.1019722839547,0.1798842493941,0.1597946230615,0.2551161014476,0.2367378256627,0.5435558235319,0.7843712675857,0.6630558414387,0.5646585220558,0.0615694401297,0.3646856640109,0.0526316727158,0.3118334274333,-0.2542236506602,0.0462226122717,0.4250421807797,0.6335276240596,0.6006967909556,0.6108170721540,0.4332216483914,0.0647145840840,0.6380571726643,0.5060244792122,0.5797703261400,0.0644072912006,0.1498910453042,-0.1876257351624,0.0017161661894,0.6453416524447,0.0211587698079,0.2401285531436,-0.3195223475397,-0.0671424228707,0.3019887351582,-0.1471965376913,0.4422098490950,0.3620436905333,0.4076811380559,0.0587537689523,0.1527029611207,-0.1628517694772,-0.2355881065072,-0.0544257089614,0.0093109452022,0.2055339365625,-0.1836851034427,0.0264387808486,-0.1116170056080,0.2473224031205
0.0242250872988,-0.5065455696021,-0.0125361264422,0.0059044092113,0.0790703959872,-0.0298747293632,0.0876390105612,0.6138675326699,1.0000000000000,-0.0558128931735,0.3215173707354,0.2262793358276,0.0513568833803,-0.1541140732097,-0.1849451638004,0.4051981186441,0.1361581363685,0.5206830907276,0.7934450769381,0.6738416416519,0.2883791542251,-0.1196919138387,0.2855327714722,0.4915125955657,0.5776476776697,0.3822273144224,0.3612007202979,0.0996802927148,-0.0927508229413,-0.1968444159990,0.4341450544522,0.2489221334001,0.0952547943275,0.1283507080148,0.4944808724802,0.7367612612988,0.2428657349472,0.2290005879164,0.2035318545368,0.0746989199157,-0.0040974194466,0.1640413123264,0.0961358666591,-0.1225779432339,0.0530553212737,0.0861950037628,0.1579263528609,0.1282188716209,-0.1070790505970,0.0635450767092,0.0219195022060,-0.3145279763433,0.2003155479200,-0.1013815769588,-0.0804421580568,0.0407878446027,0.1886266524136,0.4795113932428,0.8205278562555,0.9388437677634,-0.0621835850311,0.2343144313108,0.1036656038840,0.0305148106369,-0.0996596269575,0.2157366934899,0.4972707647026,0.3744518390592,0.8355186109858,0.7384807213680,0.2179702825422,0.0099500466072,0.5184313796423,0.6377312985341,0.4781586977699,0.0589155702380,0.4002056069814,-0.0656832444681,-0.1370602447618,0.3666046811276,-0.0508828422965,-0.0877551853208,-0.0547268379021,0.3326815795652,0.2069240833782,-0.0002623613900,0.3028098988157,0.3927935577648,0.3531080554616,0.1620671569386,0.0982948411393,0.1851921239395,-0.0740665261025,0.0282648049217,-0.2817985254250,0.1870803828914,-0.1849383058721,-0.0864470928456,0.2185583641883,0.2743569988056
0.3806502132439,0.2498941686225,0.5236954628954,0.0664194241848,0.4066835276569,0.5611527292031,0.0674965456558,0.1571427885923,-0.0558128931735,1.0000000000000,0.3274935327693,0.3124508596485,0.4017577243231,0.4212037776247,0.4181685964573,-0.0347304750349,0.2747577851884,0.1764364521009,-0.1295387116922,-0.1311484853323,0.1481011595227,0.5808518417881,0.2679008744950,0.1460123832171,-0.1889394709965,0.0870354518403,0.1052162753864,-0.3188867059577,-0.2941244236644,-0.1580060938372,-0.0199638800144,0.3021075290154,0.4603361570985,0.0169464447346,0.0034055742597,-0.0224149254502,0.0939983339416,-0.0360845091504,0.0100895354269,-0.0463672058816,-0.0181735909747,0.4706274939552,-0.0501985640185,-0.1067971882584,0.1548135927296,0.0637696372358,0.0472969522341,0.1583791402838,0.4264463414196,0.4725681971579,0.4766318303237,0.3871498748347,-0.1305463581856,0.4622790646871,0.4917018443410,-0.0371418420060,-0.0386523053800,0.0195689464854,-0.0451433722578,-0.1233189214707,0.8442863960166,0.2632680431780,0.2036621990555,0.2324663913291,0.3306873166301,-0.0832817126078,-0.0775037077184,0.1409339271283,-0.0972714414990,-0.1833216837898,-0.0699701650287,0.5178390014905,0.0394308296962,-0.0346231055212,-0.2305042041076,-0.0085269863340,0.0821640133352,-0.2378275463010,-0.2539657654151,-0.0316976785785,0.2109183291810,0.4013655143479,-0.0056231460756,-0.1031092628086,0.1155153129896,0.0772960393337,0.2610380472415,0.0359845282860,-0.1359450715160,-0.1107348887177,0.1027520036591,0.0978399293872,-0.1120742901883,-0.0888346578022,0.0342657808785,0.1793915756267,0.2539493341801,-0.0019529619604,0.3156915313121,0.1747782664502
0.1976180136593,-0.2926915540492,0.3571599773281,0.3329507754636,0.3349842992352,0.4871018005246,0.3599049086392,0.3069304195848,0.3215173707354,0.3274935327693,1.0000000000000,0.6574984606159,0.4483567676674,0.0212278748928,0.3881990664972,0.2276198926909,0.3863262310460,0.5117580506488,0.1409379617010,0.2021987791137,0.5197396331052,-0.0235136208993,0.5611102733438,0.5178443857726,0.0774002811454,0.4271489030338,0.5284069724152,-0.2543003695074,-0.1347700745592,-0.3502690154381,0.2187405172411,0.3313817168919,0.4371887853715,-0.1802352358311,0.2444862538191,0.2764861096149,0.4557640668671,0.1122738621286,0.3159709895158,-0.0320289526751,-0.1827377682095,0.3810435132219,0.0965890709893,-0.0202489261849,0.1587467506834,-0.1184598212379,-0.0518186877039,0.4061710514167,-0.0272973119012,0.4750293435238,0.1912063405841,0.0187715731043,0.3703592846399,0.4460893395713,0.4555964999192,0.2288916406141,0.1619883079397,0.1517210677463,0.1988910950334,0.2381810199917,0.2112021664618,0.7824900968150,0.4390481032648,0.3036365216492,0.1500795028674,0.2564106474525,0.1200570935802,0.3927891307281,0.1904546490606,0.2366668376794,0.3530019101284,0.4197870495682,0.4681232984660,0.2712344844017,0.1455827338671,0.0623622163594,0.5109631565655,-0.0823993290203,-0.1566229904767,0.2334548168207,0.0950811222142,0.3012875355159,-0.3173227337727,-0.0070226940975,0.2157789094448,-0.3552147140107,0.4470759120306,0.2523107728113,0.2787511573509,0.0032446561850,0.2914238085167,-0.1033078790615,-0.1128536044020,-0.3075094106119,-0.3397547929548,0.5151763037571,-0.1709672951397,-0.3096696158670,0.3058999896929,0.5164845356591
0.1459296254883,-0.2219037109430,0.3163801242586,0.1863937871611,0.2169597253905,0.3234347153327,0.1884674361876,0.1280043554118,0.2262793358276,0.3124508596485,0.6574984606159,1.0000000000000,0.4039972652486,0.0620279842477,0.3015143456592,0.0853152130852,0.2016923430067,0.3061295198076,0.0999823688462,0.1086384723663,0.4568742337589,-0.0072404457571,0.7276822858721,0.2405774504932,0.0914975596124,0.5135418097771,0.4595980977610,-0.3353311304315,-0.1137038170653,-0.3618257506290,0.0395637767321,0.3731595128648,0.4261182317592,-0.0691587143675,0.1645620155115,0.1642508981625,0.2069936732797,0.0058774837323,0.0848630624262,-0.0648992585173,-0.3099096692765,0.2500257414061,-0.0897108481399,0.0673879427769,-0.0065252103678,-0.1528282659083,0.0496573566869,0.2138701133010,-0.1825009170498,0.3337605152126,0.1529198299798,0.0449234204897,0.2361460444384,0.3377859566489,0.2594401728646,0.0797774471737,0.1641264731955,0.0425211667765,0.1005921565602,0.1586129113778,0.2422601386691,0.6733141091302,0.7182394602481,0.3094018723069,0.1869703670235,0.1590590188565,0.0378152198409,0.2518296769049,0.1203194121291,0.1421537941904,0.3462273118655,0.6766346544859,0.2787834749224,0.2309142578275,0.0909556658484,0.3052630836117,0.4896136157540,-0.0986480528216,-0.1358200204880,0.0843954031813,0.2262182027620,0.3800545243799,-0.4624682850601,0.0167741234252,0.2481385207796,-0.2741064547955,0.2308884503696,0.1583165883505,0.1880242888787,0.0402445207762,0.1069591176197,-0.0484125662363,0.0782086762968,-0.3332824384331,-0.2053845620634,0.4029077759358,-0.2627301070632,-0.3532005918858,0.2922910776885,0.4529968992453
-0.0610097965303,-0.0515275354551,0.3258877221311,0.3760290917378,0.2261710215053,0.4596005749091,0.3016255367473,0.3626422179950,0.0513568833803,0.4017577243231,0.4483567676674,0.4039972652486,1.0000000000000,-0.0694456242887,0.3690834017960,0.1495517313168,0.5699598801708,0.3802087022641,-0.0303868868172,0.1204163430556,0.3477043231134,-0.0083825895053,0.1520392757334,0.3835146849648,0.2100007071958,0.1281557493416,0.3206802567357,-0.4567887144565,-0.1333346471161,-0.4285396549789,0.2781252019645,0.1949609452036,0.4968158374968,-0.2977655012951,0.0228789767714,-0.0166536943983,0.4686941528162,0.1359752632673,0.3253746080922,-0.1861375266821,-0.1880408362270,0.1413978372687,0.1864645647744,-0.0304998793918,0.2111234813754,-0.3023966009973,0.0159948420348,0.2710849612721,-0.0275632117659,0.4299529006487,0.1071747568687,0.1337122387434,0.1934079609211,0.4165176714920,0.4308031854187,0.3447468769584,0.5047540104305,0.1620067786117,0.1062981661349,0.0251650249387,0.3014518111619,0.5787029330445,0.3629123418780,0.8925323372737,-0.0489973720060,0.1211608250744,0.0705749671784,0.5894724019251,0.0092546074161,0.0442684569340,0.4463136499640,0.2764740387526,0.3752863202865,0.1292973160897,0.1267677805485,0.0905112354351,0.2451487824478,-0.1145021064950,-0.1787939317829,0.3870068029552,-0.0077176595403,0.5458565179239,-0.4563792959774,-0.1938832699432,0.3749999540389,-0.2346263261670,0.4141363380299,0.0936179613484,0.2626978153962,0.0391288107030,0.2664401445247,-0.1356056021616,-0.2564954937290,-0.3098429044338,-0.0012362251521,0.2847248032012,-0.2020119259981,-0.1063357800239,-0.0112302545337,0.4197295503112
0.7982658222972,0.6432006911183,0.5337489305162,0.2201273620892,0.5172657518682,0.3339522246071,0.1735106400525,-0.1106019301216,-0.1541140732097,0.4212037776247,0.0212278748928,0.0620279842477,-0.0694456242887,1.0000000000000,0.4021623492955,0.1127029546176,-0.1966784293784,-0.1502640747087,-0.1000171709465,-0.2672772069755,-0.1155226311192,0.6310329300009,0.1228194138689,-0.1909875820707,-0.3412763080806,-0.0785387793068,-0.2382740268033,-0.0701852955746,-0.0843266227302,0.3918097952774,-0.1849292969234,0.1754802347255,0.1360969254248,0.1322155476884,0.0121123628094,-0.0647781716113,-0.3038707406153,-0.3212018357703,-0.2773409616844,-0.0145752223411,0.2272416011365,0.2548382471278,-0.2157720831971,-0.1417972469266,-0.1170743114581,0.2701546102041,0.1905427424255,-0.0423792798774,0.7033346769182,0.1618922023517,0.7053086849471,0.7014186055400,0.0507167267781,0.3484355673474,0.2715449095769,0.0934550450186,-0.2334241626817,-0.0870735802981,-0.1853539710113,-0.1583525750963,0.3092507548925,-0.0478588804234,-0.0145938654016,-0.2190057001921,0.6104647477277,-0.2213641962597,0.1160790593689,-0.2834875160350,-0.1059280510521,-0.2338065287680,-0.3495635111230,0.4080431637771,-0.2802058842850,-0.1609311910010,-0.2879125855148,-0.0751523189300,-0.2347898408044,-0.1142056306651,-0.0372875118853,-0.2465171789202,0.2062851226589,0.1322285666110,0.2247738954054,-0.1090805562527,-0.1938308575459,0.2642435549693,-0.2238585764222,-0.0034121497376,-0.3644751403199,-0.3166754685405,-0.2224288716734,0.1415436895292,-0.0269184087675,0.2365223885765,0.2199505773093,0.0136999153644,0.6923452441311,0.2304938921653,-0.0193550434196,-0.3028503551754
0.2996103889066,0.3679966144704,0.5978213690906,0.6977280909933,0.4432474991094,0.7427285632354,0.5261623185029,0.1551687539341,-0.1849451638004,0.4181685964573,0.3881990664972,0.3015143456592,0.3690834017960,0.4021623492955,1.0000000000000,0.4588612153175,0.3834603922696,0.2463022475853,-0.0467938537062,0.0744613003625,0.3292849100626,0.1266061950986,0.1275393028461,0.2273123994919,-0.1310741971941,-0.0453186357231,0.1328179336320,-0.6066346260831,-0.1777393743699,-0.2626069282434,0.2337185323131,0.1702567565402,0.5900078692760,-0.4628066633012,0.2787184555806,0.1174086661877,0.2626291574076,0.0258114268237,0.2135784377497,-0.3592384129188,-0.3861109873961,0.0152392629312,0.1576992692931,-0.0740808606454,0.1387599455836,-0.3928726905850,-0.2419307919193,0.4362786645598,0.2403533658683,0.5373359131523,0.3590642263077,0.5306948748111,0.5220245678256,0.7894700269610,0.7652787605882,0.4979330195487,0.1069459570647,0.0006712294439,-0.1170527517339,-0.2190592249329,0.3346573057042,0.3688645898686,0.1393922126762,0.2368980703694,0.3431515187928,0.2344213334310,0.3194567580457,0.1868953251322,-0.0198389016079,-0.0518006518224,0.2319842845250,0.4202746963144,0.1416943502621,-0.0894436725483,0.0429260476655,0.0273159741181,0.0269657247244,-0.2787115793711,-0.1202040595043,0.2880101876951,0.2877347998944,0.6571697689078,-0.3894503988460,-0.1664939182531,0.1783643999580,-0.3868644551795,0.1914079430871,0.3327513241591,0.1202540764235,-0.0737434720251,0.2576435962136,-0.3463347124396,-0.1743841479332,-0.3839368415230,0.1088967367411,0.5449557294561,0.0681803381197,-0.1393694549765,-0.1308412081337,0.2464177865459
0.1596251868745,-0.0640646851273,0.3858539489165,0.7154611880181,0.3078108538691,0.4320281482273,0.6440619084526,0.4433529280057,0.4051981186441,-0.0347304750349,0.2276198926909,0.0853152130852,0.1495517313168,0.1127029546176,0.4588612153175,1.0000000000000,0.2790186070542,0.4163193143232,0.4817334411899,0.6505461766290,0.1962298250730,-0.1580950194422,0.0805040142522,0.4513957579407,0.4499765498766,0.0219843142860,0.2506353896631,-0.3098609590933,-0.0996873804980,-0.1613639988946,0.6655643392737,0.2536494493925,0.4236746487689,-0.2277026246707,0.6433772387047,0.5721896161198,0.2635561777074,0.2083990401979,0.2817325400807,-0.1663671721337,-0.2013241962905,-0.0578910501396,0.2722827009017,-0.2078379982194,0.0856840176711,-0.2481933950530,0.0720163035000,0.3376548940942,0.0819313840315,0.2035037922047,0.1922000637933,0.1737639625707,0.6972372354877,0.4147053332943,0.3963671807316,0.6705754543287,0.2587966796268,0.2756387845478,0.4447240134312,0.3849399563289,-0.0800731510256,0.1547837357851,-0.0244993522390,0.0578099721072,0.0408336818487,0.2603917719235,0.9017850805096,0.3376065298336,0.4873555968529,0.6029113635864,0.2394005359537,0.0576439929804,0.4375917124538,0.4152413750688,0.3834758050772,-0.1112618578728,0.1901786430060,-0.1782582798895,-0.1351151206377,0.6267667479931,0.0541877483999,0.2922834965815,-0.2933459292766,0.1743661208631,0.1582976048308,-0.2531931887586,0.2167169653847,0.5707254098584,0.2080749882867,0.0600304277349,0.1085680871615,-0.1340481406533,-0.3182042745472,-0.2244019486877,-0.0614211459577,0.3960847412437,-0.0822377177613,-0.0854654947190,-0.0993151846802,0.1539306692321
-0.0864638069941,-0.2900669739665,0.1406652677707,0.3674627143743,0.0782808172676,0.3072542726149,0.2981223765217,0.5154042530790,0.1361581363685,0.2747577851884,0.3863262310460,0.2016923430067,0.5699598801708,-0.1966784293784,0.3834603922696,0.2790186070542,1.0000000000000,0.7575896970969,0.0394902688939,0.3912162510599,0.6553069290594,-0.1448008061237,0.1981647892406,0.7030256340335,0.2318618817602,0.1856810363620,0.5084337250122,-0.2462652781571,-0.0642824416706,-0.3850196923213,0.5713525106600,0.1991399034566,0.5031581703043,-0.3296758062482,0.2596612385678,0.1833397938508,0.5490761857603,0.2636325904610,0.3930763593179,-0.2460700942861,-0.1620698461244,0.0690586645984,0.1030273536028,-0.2670852044509,0.1069737584006,-0.1359501912760,-0.2240798679264,0.3563097899339,-0.0636649867107,0.6344736992363,0.0119176748366,-0.1892000619165,0.3398780960412,0.1751215383461,0.3668326885394,0.3061691939554,0.2894545207060,0.3044169159490,0.2426244380704,0.0329354863252,0.0904994348386,0.4032641524037,-0.0332814320250,0.5046710300044,-0.0143769692840,0.4435865083324,0.1292335793958,0.8277882581418,0.0914170618750,0.3645585476577,0.6424133782747,-0.0071890492222,0.6692000105852,0.4547632694769,0.3219266203637,-0.0405798787065,0.4219330641135,-0.2268302875043,-0.1757960992515,0.6278249690523,-0.1818606681643,0.3813393619554,-0.3598454873033,-0.1254409766507,0.1784518079562,-0.3652576444979,0.5842894076167,0.3060635516593,0.4488905818739,0.1862382255079,0.3824834819127,-0.2355612249817,-0.4111384689412,-0.2152257390689,-0.3774947967906,0.3408200746230,-0.1611427103294,-0.2316520948170,0.0151997537371,0.6220778109668
-0.0220266310506,-0.4489022555769,0.1952172275729,0.2995672263362,0.1342222881586,0.2541530483491,0.2624988057299,0.7410216532800,0.5206830907276,0.1764364521009,0.5117580506488,0.3061295198076,0.3802087022641,-0.1502640747087,0.2463022475853,0.4163193143232,0.7575896970969,1.0000000000000,0.3918251110768,0.6381798225683,0.6120501686809,-0.1485937771138,0.3486506182577,0.7648708403121,0.4099319316302,0.3516986135696,0.5573154210417,-0.1195486982306,-0.0810914173967,-0.3175503045352,0.6684630621315,0.3025260328170,0.4973421409829,-0.2156706849113,0.3770477792398,0.4175351692534,0.4685081174306,0.2751280356873,0.3532223789948,-0.1559908614466,-0.1273825044589,0.1285828464806,0.0223643112524,-0.2840737466679,0.0562688349967,-0.0506412483685,-0.0922511853132,0.3009458201853,-0.0763308730029,0.4739615930360,0.0573421035878,-0.2333630602297,0.3785946115987,0.1366035679642,0.2549133936918,0.2015352276800,0.2922491207819,0.5581322860710,0.5852229254009,0.4156607860273,0.0262321204249,0.4880966864650,0.0576764808017,0.2883690012498,0.0043672059663,0.3491009601482,0.3144517439395,0.8153950959892,0.4188821295139,0.6335185102700,0.5606006997313,0.0841179932855,0.7611425884837,0.5937466466355,0.4513862989887,0.0012217143390,0.4795756954400,-0.2293102841236,-0.1440246509292,0.6679275715359,-0.1450423188621,0.2659809768349,-0.2996081997847,-0.0616173081879,0.2231476593324,-0.3120851814661,0.5303061764515,0.3294514179994,0.4106416701884,0.1391207878792,0.2535501659620,-0.1069637521592,-0.3558203165445,-0.1305213581832,-0.4188571183272,0.3515923547941,-0.1850004007781,-0.2374074867393,0.1374301249393,0.5439454576024
-0.0611855462653,-0.2913322409681,-0.1081231723227,0.0133465941250,0.0816713791666,-0.0160507986763,-0.0238760465449,0.5735497532000,0.7934450769381,-0.1295387116922,0.1409379617010,0.0999823688462,-0.0303868868172,-0.1000171709465,-0.0467938537062,0.4817334411899,0.0394902688939,0.3918251110768,1.0000000000000,0.6680082164711,0.2101273581444,-0.0411045389528,0.1152808574960,0.3778645922468,0.4677590945683,0.1771633046398,0.0674335560214,-0.0355415436703,0.0226921582040,-0.1744551313691,0.4610632296603,0.1229434681386,0.0731745466366,0.0394079746641,0.4553426413899,0.7379239293003,0.0985761661092,0.0324590595061,0.0285827179485,-0.0777399722784,-0.0027494550955,-0.0476889637379,0.0786322409523,-0.1877780048993,-0.1060905691326,-0.0072631158616,0.0546446779349,0.0261758730696,-0.0451663611677,-0.0317166193642,-0.0313360910273,-0.2297448280600,0.1395941104598,-0.0268964708727,-0.0343706250727,0.0576895649221,0.0957969067003,0.3271272281845,0.7730463950740,0.8435534648932,-0.1266638417757,0.1207998250226,0.0166109787104,-0.0495873125665,-0.2024795667434,0.0773579959034,0.6292754483251,0.1823370127649,0.9187290980860,0.5717370590472,0.1103834837183,0.0107391044689,0.3778001856605,0.3655140512003,0.4952171228354,0.1760051159408,0.0585847962427,-0.0412768672564,0.0285397488096,0.3985855408637,0.1195995670033,-0.0163917158141,-0.0856827764114,0.2163344732011,0.1140371454900,0.0538072444269,0.1240417674532,0.3600074662808,0.3056470460683,-0.1128067855445,-0.0234652741557,0.0428026263474,-0.0898195701200,-0.0255535922289,0.0163647263574,0.0982562838598,-0.1075006874858,0.0986809309690,-0.0472616492825,0.0886196644622
-0.1875283736506,-0.4050266137892,-0.0310289033539,0.2646549563830,-0.0030806191378,0.0465015058867,0.2561993219092,0.7178613297900,0.6738416416519,-0.1311484853323,0.2021987791137,0.1086384723663,0.1204163430556,-0.2672772069755,0.0744613003625,0.6505461766290,0.3912162510599,0.6381798225683,0.6680082164711,1.0000000000000,0.3847671683851,-0.3044926845302,0.1321634573314,0.6588302924028,0.7904404678720,0.2460609397898,0.3394909164361,-0.1497791908940,-0.0174165363152,-0.2823385571117,0.7534568386430,0.2005550612799,0.2415333318840,-0.1429926211432,0.5213309465986,0.6490535550912,0.3489688406535,0.3498821381409,0.2641794455806,-0.1746275138062,-0.1720682344835,-0.1133121739632,0.1835768947269,-0.1230196188241,0.0630596108336,-0.1516530230878,0.0092385169740,0.1435771439377,-0.2525211861752,0.1284228619941,-0.1289394357896,-0.2989865884720,0.3815966913539,0.0174670149484,0.0625372957402,0.2824836433521,0.4109430162496,0.5263648816999,0.7056465949488,0.6604315482004,-0.1949886190011,0.2080299637889,-0.0172835480321,0.1015435581887,-0.2581725342401,0.2291943786746,0.6535211913337,0.5334380739085,0.6907549810694,0.8697225007499,0.3831361983938,-0.0801779080826,0.6930440229460,0.6360800554867,0.6738916239788,0.0644466279854,0.2872246405597,-0.1591527722621,-0.0298375921995,0.7476540304915,-0.0049255805304,0.1041749602635,-0.3348478973735,0.1292548599715,0.2357994246883,-0.2140835084131,0.3686604576402,0.4824645370189,0.4439479158092,0.1850439230491,0.0951956759836,-0.1300303129853,-0.2071510537802,-0.1447363218647,-0.1468191070280,0.2209897813692,-0.3188758522375,-0.0908721861015,-0.0663145990615,0.2704320832668
-0.0545774618211,-0.2833088021250,0.0574309527603,0.2248082700937,0.0249900695403,0.1580840684804,0.2502415340585,0.4450333285468,0.2883791542251,0.1481011595227,0.5197396331052,0.4568742337589,0.3477043231134,-0.1155226311192,0.3292849100626,0.1962298250730,0.6553069290594,0.6120501686809,0.2101273581444,0.3847671683851,1.0000000000000,-0.0630734327658,0.4138413049681,0.6382593028124,0.2235771864281,0.3962209772195,0.4294343321575,-0.2435878941503,0.0294144833376,-0.3090440237888,0.3890765975683,0.2260664440494,0.3628413858182,-0.3598003627414,0.3171038312436,0.3061658608588,0.3917606779699,0.0307571338271,0.1032978076017,-0.4149530084847,-0.2549630329965,0.0031942574273,-0.0313079795820,-0.1573243611489,0.0205323732912,-0.1494490795175,-0.2043663500003,0.0804627835844,-0.2000033980412,0.5508701133105,-0.0647303328982,-0.1693079545916,0.2733802523984,0.1316035887100,0.2175701528621,0.1937798981370,0.3605091462392,0.3217070859486,0.2756101679760,0.2153899914849,0.0352317710331,0.5260498673215,0.2173333434424,0.2858505393601,-0.0156004042735,0.2783903511599,0.0797963377609,0.5220196283928,0.2654992842082,0.3826353990949,0.6637724581230,0.2634365411199,0.6562083996507,0.4584584156297,0.5558153183258,0.2223917403019,0.4062289380176,-0.2006098083458,-0.0076408431166,0.4437877710389,0.0751965945280,0.3241423975880,-0.4026859708200,-0.1277811763283,0.2529909097247,-0.3070217491518,0.4493563971634,0.3281530146077,0.6096461750711,0.0348607053889,0.1476483375655,-0.3059655938042,-0.1401483180793,-0.1772875307436,-0.2747953226249,0.2946274414246,-0.2103747259992,-0.2459484859830,0.0187922004729,0.5895353393709
0.4758719187065,0.4541223553230,0.2077134125432,-0.1710040898882,0.4022059632181,0.2003648177123,-0.1511917103081,-0.0351684998201,-0.1196919138387,0.5808518417881,-0.0235136208993,-0.0072404457571,-0.0083825895053,0.6310329300009,0.1266061950986,-0.1580950194422,-0.1448008061237,-0.1485937771138,-0.0411045389528,-0.3044926845302,-0.0630734327658,1.0000000000000,0.0664754510689,-0.1496076207819,-0.3276513916530,-0.0898447717539,-0.3463960258757,0.0079935102604,0.0162802103014,0.2306991527809,-0.2415896607389,0.0104046882436,-0.0074503935299,0.1974761856495,-0.1183645806315,-0.0858745281846,-0.2808188876136,-0.3499265835061,-0.3635544950606,-0.0167331896378,0.3503369778899,0.1846991053727,-0.2959419368863,-0.1149954754892,-0.1382223042323,0.3921606659895,0.1210606519647,-0.1821047543179,0.6644276795675,-0.0076339108891,0.4916092208387,0.3888423621573,-0.3398883269882,0.1694434735726,0.1913525673807,-0.1830381559597,-0.1540496874795,-0.0606425334030,-0.0753735350829,-0.0842530075537,0.5357755239675,-0.0640533254986,-0.0230612126037,-0.1135632702928,0.2496843449110,-0.4099154616795,-0.1009270476229,-0.2642869279983,-0.0209302859166,-0.3398952821710,-0.3233601782457,0.4583975954807,-0.2456593560144,-0.2255165728636,-0.2273037423708,0.0224481933570,-0.3293953699427,-0.0466042124386,0.0588652952245,-0.2823080998419,0.1852671869097,0.0276562313628,0.2564559048654,-0.1906006411622,-0.1553088347049,0.4220005467667,-0.1371078587400,-0.1202231283425,-0.3015164042264,-0.3778261315942,-0.2158080726803,0.1833422269143,0.0416246913797,0.3567275436024,0.3133124367511,-0.1722151368296,0.6301636955159,0.4766227038359,-0.0148623663335,-0.3379998389050
0.2529919333572,-0.3038704053001,0.2135370975126,0.0771234458995,0.1353083318955,0.1737845094910,0.1241087402254,0.0972927884871,0.2855327714722,0.2679008744950,0.5611102733438,0.7276822858721,0.1520392757334,0.1228194138689,0.1275393028461,0.0805040142522,0.1981647892406,0.3486506182577,0.1152808574960,0.1321634573314,0.4138413049681,0.0664754510689,1.0000000000000,0.3471209990930,0.0717951656965,0.6080749721596,0.5335232920422,-0.0684507533588,-0.3055371762125,-0.2015730343160,0.0794268874312,0.5324534729050,0.3949446412777,0.1543404141904,0.2285076643538,0.2529095276442,0.0775191347754,-0.0721875290430,-0.0828007745694,0.0320396208190,-0.1469851651861,0.4295943829885,-0.2262483772555,-0.1173183681221,-0.1566551136117,0.2898316050364,0.1178819488438,0.0463468065687,-0.1498712309910,0.3502183082793,0.1602669360531,-0.0654122465343,0.2204301377396,0.1246348087295,0.0927971621961,-0.0320166293782,-0.0657413703262,0.0149584696269,0.1489779558444,0.1925836305355,0.1607296828643,0.4806226464747,0.5288369917497,0.0639553722797,0.2904667169885,0.1480718880688,0.0398203748010,0.2531998092928,0.1326287967199,0.2448670316025,0.1394356672603,0.6206896846667,0.3355969584166,0.3874608825912,0.0491752404243,0.2778956747568,0.5786811767289,-0.2694832613555,-0.2839644146911,0.0473999018012,0.2426144981549,0.1794062322421,-0.2033379791668,0.0379963722624,0.0627707568838,-0.1745043502641,0.2562415536743,0.1521775567426,0.1470570917993,-0.0211026571563,-0.0820039501583,0.0345618352086,-0.0329551227153,-0.1330659077345,-0.3765475050405,0.2254632130257,-0.1782853585125,-0.4114528493377,0.5119717391190,0.3958339169310
-0.0297137970496,-0.4161542524832,0.0557127178207,0.3422626472780,0.1319324031091,0.2509516626248,0.3182807198911,0.6361707301478,0.4915125955657,0.1460123832171,0.5178443857726,0.2405774504932,0.3835146849648,-0.1909875820707,0.2273123994919,0.4513957579407,0.7030256340335,0.7648708403121,0.3778645922468,0.6588302924028,0.6382593028124,-0.1496076207819,0.3471209990930,1.0000000000000,0.4623033296629,0.3205971593626,0.4887587804007,-0.0964464671963,0.0065403850653,-0.3566627033541,0.6743582370229,0.2181462509303,0.3144798069132,-0.1781845630869,0.4169748270657,0.5269841295419,0.6189402623532,0.2107896353913,0.3881944865374,-0.1298753005130,-0.0623123195898,0.1243289185265,0.1584562739579,-0.2530067091431,0.0433135631383,-0.0235072689133,-0.1153109911320,0.3052623663077,-0.0778902021124,0.4369181709890,0.0336016952772,-0.2528501136140,0.3954465876324,0.1663067082699,0.2851047696393,0.3659466809603,0.3518024368222,0.3652929436276,0.5171208138787,0.4139997968239,-0.0373694141521,0.4576555650003,0.0456296817921,0.2887511446530,-0.1209229008964,0.3473076987536,0.3745276142049,0.6788166400445,0.4643374568178,0.6511812890292,0.4630936209403,0.0616443851752,0.9065008292101,0.5994574168532,0.5728412158240,0.0214397457156,0.4569898681973,-0.1080195159868,-0.0512571763213,0.7188226778222,-0.0353289231069,0.1545078052755,-0.3100107395379,0.0077625057523,0.1715396853231,-0.2417228431109,0.7058446077886,0.4772866516312,0.5634430057548,0.0729112469615,0.3321016579738,-0.1224864607297,-0.3540543695858,-0.1205258042829,-0.3276807321651,0.3819630233943,-0.1622750090571,-0.1163337433419,0.0792303245358,0.5098879292109
