1.0000000000000,0.3280321136067,0.7203574514990,0.5819344927459,0.7823602810094,0.6104086213197,0.3557242225394,0.1396782562602,0.0494963907834,0.0340186900024,0.3484362748927,0.2866700203215,0.0218399467054,0.6124878480415,0.4954662194161,0.1435154026732,-0.1073658405906,0.2273723516881,0.0144800807815,0.0838848576089,0.1503205354892,0.1610703847621,0.3126354150381,0.0028312621119,0.1559068384248,-0.1590343364178,-0.2307153173650,-0.0474037021612,-0.3111704678959,-0.3822108827003,0.0004470335863,-0.1317608951429,-0.1396928445007,-0.1886756274484,0.1898184588069,-0.1032478225172,0.2237047976683,-0.0575007735524,0.1157942108865,-0.2552861516857,-0.1172122322364,0.2617178249499,-0.0930642771038,-0.0777163209411,-0.0613199519913,-0.1531137079133,0.1177625712875,0.4185016057020,0.0737036232676,0.4146823289717,0.8309859353516,0.2535620005269,0.2615518893210,0.5818546877446,0.4320390774503,0.3387363964346,0.2986867617234,0.2894568165821,0.2670000329046,0.1733529498369,0.0552845339763,0.0189107080667,0.2943895470871,0.3212755902605,0.2908049549370,0.0697837045088,0.1104527378632,0.2367168766514,0.0505303905524,0.1482863016449,0.2924566630541,-0.1388278682715,0.3014598137361,0.1814374533265,0.3181621983210,-0.1431565842538,0.0053978870884,0.1058567899273,-0.3234561024351,0.2291438795728,-0.2111487530760,0.2383956922198,-0.1927552739655,0.0149265034134,0.2323456261193,-0.1217488500923,0.1437294364316,-0.0593174950627,0.1069085037465,0.1847290370156,0.0835989087103,-0.2831784780046,0.0629423154491,0.1769809356558,0.1733105131676,0.3845439183371,0.1998525974106,-0.2196507532831,-0.0794013267728,-0.0135567520518
0.3280321136067,1.0000000000000,0.5257538722437,0.5169387304126,0.1651466931751,0.2037158728961,0.2261577928441,0.1553638175110,-0.0149938316690,0.1163408853477,0.0199881278407,-0.1693107898499,-0.1773551972746,0.5234752066029,0.4271418355258,0.0476097051236,-0.2939153048673,0.0573846624827,-0.1804404702107,-0.1968726821507,-0.0469219036521,0.2247974860853,-0.1792685039538,-0.3434251351909,0.0552328231411,-0.0201845676858,-0.5054687538996,0.0454168866255,0.2924204795532,0.3288812845314,-0.2613940952118,-0.2844500206969,-0.3560864702986,-0.2738943453334,0.0900240170455,-0.2394267655297,-0.2553824733296,-0.3151147578773,-0.2174756808960,-0.2927528079347,0.4250834187439,0.1500911957696,-0.2056580255528,-0.1603737423579,0.1136506048683,-0.1350356283303,-0.2374276826390,0.0246065206741,0.4137478384121,0.1707590194599,0.1613435073713,0.8537250119630,0.3532958699807,0.2159909247329,0.2228474991311,0.3280166230603,0.1931715985402,0.2543737307028,0.0294645948436,0.0065370187508,0.0058154185165,-0.2957244099450,-0.1657822316477,0.1094128990905,0.5974623631426,-0.1124248337428,-0.0134529256992,-0.0735595671228,-0.0860234104018,-0.2094528837938,0.1484197868532,-0.3801875331015,-0.0564905945785,0.0652082965155,0.1899892280495,-0.0325974063582,-0.3467049375672,0.1325625403048,0.3109986475124,-0.2029063245156,-0.4180332282245,-0.1037153233396,0.0615071898917,-0.0349332966533,0.0789452685902,-0.2501617911228,-0.2820795800516,-0.1368323591778,-0.0039325161660,0.0452435259374,-0.3027252668648,-0.2899803044408,-0.0262336092130,-0.2580869785350,-0.1462832047433,0.0348725739729,0.4468346967709,-0.1366340770418,-0.4050717157413,-0.0920333427874
0.7203574514990,0.5257538722437,1.0000000000000,0.6959497643553,0.5614593392344,0.6702970309252,0.4409013101916,0.2625232262396,0.0981994252373,0.0588762670495,0.2829291603606,0.1589543462567,-0.0614799709810,0.5844583482097,0.5006777782371,0.3309820326529,-0.1578955696005,0.1996585313277,-0.0005990251057,0.0078953525487,0.1769000965492,0.0703672633319,0.1024827523320,-0.1718008008338,0.2742546541827,-0.0822613510116,-0.3112949299103,0.0372393453991,-0.2044147963955,-0.1140741731347,-0.0535476108573,-0.1756507329030,-0.2532261303852,-0.2933064033951,0.2961484670942,-0.0798296151190,0.0561413865963,-0.1151419782072,0.0142182642448,-0.3459171555488,-0.0717323296870,0.2518236571695,-0.0343730779340,0.0296921901383,0.0267133705905,-0.3221938294802,0.0595454691131,0.3618287218989,0.1562249842962,0.4279293515121,0.5976440557523,0.5014811948943,0.3386008873191,0.6599827146557,0.4562373160455,0.4154480639021,0.4407021265539,0.4675269850038,0.3045044355775,0.2121136833850,0.1188047542412,-0.1417574990253,0.1723768928817,0.3592258678791,0.4533458053946,0.0492792437814,0.2067511154412,0.2301955408135,0.0561224809218,0.2197388379950,0.3080397895442,-0.2738416948575,0.1986405657668,0.3449391472459,0.4048251168242,-0.1845255853588,-0.0812261501119,0.1146011521771,-0.2112893154193,0.0571101668088,-0.3661995054778,0.2339740430741,-0.1166908813945,0.0922102862638,0.3221963333503,-0.1847435769253,-0.0036144138679,-0.0025231081664,0.1456873804285,0.2797321366789,-0.0490790872708,-0.4350749512700,0.1119320783361,0.0756289150204,0.0566065922649,0.3594768448458,0.2503888364300,-0.2271185218579,-0.2802280133688,-0.0346223051839
0.5819344927459,0.5169387304126,0.6959497643553,1.0000000000000,0.5056718341786,0.6552625759234,0.7481156528364,0.4634808501928,0.3681164957484,0.1595792562472,0.4146010342251,0.2398690685543,0.1387534470529,0.4201893591536,0.7535915256416,0.5332476948115,-0.0222512810617,0.3577377116875,0.2328501401933,0.2261563352324,0.3430508469197,0.1144643853118,0.1699510034198,0.0316594982081,0.1914711513212,-0.0702077742949,-0.2398211597925,-0.1025316295513,-0.1732952602450,-0.2701125440670,0.1562029603407,-0.1242586601258,-0.0667660458327,-0.1967930779167,0.3140167318772,0.1198752651259,0.0170693944813,-0.1482460064356,0.0263997787287,-0.2867414907015,0.0427287785848,0.3755688459384,0.1760526272540,-0.0691248496164,0.0691880483414,-0.3509891088480,-0.0985822703958,0.3125861622363,0.0486926584118,0.5168469726301,0.5180687336384,0.3851434255389,0.7040349738525,0.5815240535419,0.5838454915801,0.8210722847810,0.4310401295233,0.4482503858627,0.3716200075264,0.3982639855939,0.1238852814955,-0.1996061861158,0.0585115680201,0.3900920120388,0.2342672084620,0.2150199580933,0.4539386465128,0.2449013336186,0.2633013420467,0.2089715232009,0.2608116515670,-0.3248494101215,0.3372230885778,0.1649525836208,0.4560520112242,-0.2170574044981,0.0204601456900,-0.0410983344359,-0.2438561199585,0.2520972691299,-0.3727557221504,0.2136935400447,-0.4192605820534,0.2736200692977,0.1457316824951,-0.2260107741890,-0.0870131522135,0.0949440953781,0.1684144035635,0.1983529599245,-0.1219165332386,-0.2451332599201,-0.0056286241337,-0.1029948531451,-0.0663371938115,0.2976684161371,0.1467704760432,-0.3274253387787,-0.3274395495148,0.0144825792628
0.7823602810094,0.1651466931751,0.5614593392344,0.5056718341786,1.0000000000000,0.6754724819979,0.4597169793791,0.0805174235035,-0.0377166357851,0.2374289541790,0.4030502948118,0.3573663539287,0.2496343438261,0.5309322037147,0.5136809158200,0.1686776557255,0.1755347191130,0.2803489430074,-0.0063453163546,0.0259352924665,0.2619030463790,0.2727672139301,0.2417052027741,0.0985476029508,0.0443707803978,-0.3174724082389,-0.1627135287660,-0.1598182911590,-0.1739762534817,-0.3412453684265,0.1476104883763,-0.1734788571276,0.0232298089545,-0.2229875515266,0.1738023633545,-0.0531138798787,0.2005216941837,-0.1646106199158,0.1925338273533,-0.2066250086836,-0.0356025935728,0.3169606492555,0.0009193427987,-0.1455537904734,-0.2191905104335,-0.1490260637253,0.0282992649185,0.4340088536092,0.2449336522113,0.4332747573504,0.8601306247751,0.1625649105691,0.2915657126364,0.7014782943726,0.5522277910239,0.3589365686563,0.1500473885607,0.1190633906804,0.1321511261819,0.0435964622693,0.1342185987643,0.1264418112238,0.2207344108706,0.2507369400347,0.1991545783489,0.0167754672954,0.0693452923839,0.1926094355731,-0.0528820759031,0.0792068641298,0.1471080261968,0.0419155481955,0.1712093141052,0.0788404038637,0.1123651396137,-0.2869103815775,-0.0176234258322,-0.0317443003441,-0.3219628792896,0.2075499677583,-0.1752299682943,0.1774846909408,-0.2713447333960,-0.0505204944687,0.0171014247612,-0.1401882218782,0.0862369139231,0.0513413305675,-0.0579467429786,0.0624757894480,0.1585403073691,-0.1855875431593,-0.0941085785937,0.1149583288221,0.0767209444485,0.4177175488180,0.2588157394992,0.0195503175783,0.0569881271886,-0.0002574365911
0.6104086213197,0.2037158728961,0.6702970309252,0.6552625759234,0.6754724819979,1.0000000000000,0.6496113882200,0.2661117153894,0.2070104564882,0.3801878520999,0.4774852002759,0.4690266683992,0.2866145856287,0.4442971112150,0.6197979774333,0.3799561021279,0.1296186698243,0.3460367215525,0.1962444781665,0.1234561173711,0.3123354069718,0.2265227826894,0.2821871287625,0.1224049528860,0.1814518631865,-0.2477215188553,-0.1394993071774,-0.0742427342818,-0.3365461367609,-0.3329853378527,0.1488875928315,-0.0820844432303,-0.0086997646100,-0.2230753157248,0.2962086324821,0.1489347630703,0.2711713332360,-0.1223032270005,0.1892247416559,-0.2013893262747,-0.1904787623739,0.4134030172560,0.0542580606437,-0.1224563653544,-0.1462614850458,-0.2651154899232,0.0499703988238,0.6728458964672,0.0595408413429,0.5881671391599,0.6796716064379,0.1745924832203,0.4282029251765,0.8540581510727,0.8342305668448,0.5170926376467,0.3474352428418,0.3232470153053,0.3501549883188,0.3292357079442,0.3411596902565,0.0478579134220,0.2731438809299,0.3458161042141,0.2180820340773,0.0619002975139,0.3538845490504,0.3113165842943,0.2368766126803,0.3180442496290,0.2506900141231,-0.0613036667690,0.3779406668201,0.2230801811244,0.2566989923256,-0.2929854066223,0.0643377797361,-0.0362296374940,-0.3392949972586,0.2176994430415,-0.2601295152876,0.2227244925726,-0.3221983193505,0.0193182087621,0.0873571401272,-0.1915842749137,0.2052031760643,0.1571827747354,-0.0378380595831,0.0788666061390,0.0785643182764,-0.2494986054214,-0.1520973733347,0.0890420458718,0.0092793095699,0.6182574132461,0.1287774236925,-0.0415590029809,0.0590364026054,0.1670861489083
0.3557242225394,0.2261577928441,0.4409013101916,0.7481156528364,0.4597169793791,0.6496113882200,1.0000000000000,0.4111557517835,0.4009585016038,0.1921420879682,0.4220248722096,0.3150772443816,0.3803730127470,0.2428901013708,0.6635219463746,0.6825133815347,0.2927754135457,0.4550229392506,0.4137244230304,0.2562096132527,0.3864785119309,0.0086019693249,0.1293799789916,0.2831907348679,0.1089179150296,-0.1510867036216,-0.1416575155054,-0.2410012574752,-0.1487635260426,-0.2597459919500,0.4259069423560,-0.0496901800666,0.0879431333892,-0.1935255275512,0.4080330148041,0.3699070788112,0.0952538129032,-0.1401041921377,0.3172743596633,-0.1924968133318,-0.0747967039816,0.2861921673093,0.3680933434333,-0.1460674145681,-0.0428580912360,-0.4267248034017,-0.1572734016222,0.4385896992709,-0.0323898359699,0.4773889672856,0.4327116043288,0.2036448861984,0.6999426031059,0.6212398626960,0.6376211408172,0.8309008113678,0.1935894532350,0.1896385380689,0.2258541024011,0.3331194707887,0.0118070258034,-0.0473991075864,0.0437977712246,0.2190822507834,0.1430475248862,0.2517209133659,0.5229624028313,0.1904288917456,0.3168504448169,0.1958593183155,0.0351050839430,-0.1792610296529,0.3156660669788,0.0094431730652,0.1473647058696,-0.3799022456305,-0.0551638708598,-0.1886894749098,-0.2695770238591,0.2612135239195,-0.3117177415810,0.0514991805232,-0.4541382546182,0.2088142588929,-0.1039872430768,-0.2838074212850,0.0063467966947,0.3875459203321,-0.0168440243127,-0.0115691047017,0.1413465120306,-0.1762175887567,-0.2135975677987,-0.2070973187322,-0.2188730036942,0.4656653166343,0.0226800742461,-0.2669655070975,-0.0884582416023,0.0198030982068
0.1396782562602,0.1553638175110,0.2625232262396,0.4634808501928,0.0805174235035,0.2661117153894,0.4111557517835,1.0000000000000,0.7895459467678,0.0331426453745,0.2477555718057,0.2033279135594,0.3270343376628,0.0677602633492,0.1849276757732,0.6740179673863,0.3424498872918,0.7176422597112,0.6190709383534,0.6268045524637,0.3806832001098,-0.0605495439993,0.0565738823133,0.2224832992450,0.3333156378619,0.0183530964855,-0.0929093983210,-0.0815891962840,-0.2421168567148,-0.2910082970019,0.2289868409750,-0.1518283226105,0.0741469605441,-0.3648044363836,0.3269848445442,0.4387920953892,-0.1062985908468,0.0801299732865,-0.1588912627922,-0.5101081832074,-0.2442133038337,0.1307129428740,0.0646230895335,-0.0962541569510,0.3457928706195,-0.3296953706378,-0.2724704965909,0.0379588425839,-0.1649715554205,0.1537074716915,0.1445145580569,-0.0227651437140,0.2849351313026,0.2025738681889,0.2484443803905,0.4667154734864,0.6261738019055,0.6271729870730,0.5773940447353,0.5956172899872,0.2674766301045,0.0231737718767,0.2808892356503,0.5483507580229,0.0179824693947,0.0770911893406,0.6119037756670,0.5926873692530,0.5579756188033,0.4752283889045,0.5461785719772,-0.1026383099210,0.5296321278133,0.3592437628226,0.5171243074995,0.0484226081285,0.2143158143474,0.0051328220577,-0.2252247612887,0.4544544185228,-0.0486634970207,0.4302876238819,-0.3320011756235,0.1921930467324,0.2384327587536,-0.0552650002330,-0.1157505023646,0.2029760234448,0.1902629738837,0.2748928735214,-0.2623479237553,-0.2195089959207,-0.0651783924300,0.0004970621563,0.2748731485289,0.0601436949173,-0.0413697259367,-0.1594823317887,-0.0955903410719,0.2501009955835
0.0494963907834,-0.0149938316690,0.0981994252373,0.3681164957484,-0.0377166357851,0.2070104564882,0.4009585016038,0.7895459467678,1.0000000000000,0.0108382953241,0.1709944479642,0.1871382957629,0.3113750779982,-0.1003010213230,0.2153089523798,0.5762059883823,0.3122088288668,0.4950255272807,0.7382805851271,0.7970987088361,0.2632838762661,-0.1284785203008,0.1017432278874,0.4406169179904,0.4863755946471,0.1073454106856,0.0979282578738,-0.1519786434205,-0.3007703297443,-0.3314139311573,0.2971124315285,0.0225040149999,0.2154804895500,-0.2079954600494,0.2132061725898,0.5692927609642,-0.0600438598346,0.2155612179641,-0.0514768228171,-0.3191740046253,-0.2675710078464,0.1200425264199,0.1504542059592,-0.0289958079877,0.3145367677895,-0.2500487007329,-0.1215898505018,0.0227749674915,-0.3444977671012,0.1395002208356,0.1000246844631,-0.1144879930646,0.3487330371227,0.1760448132540,0.2797512723897,0.4771031060419,0.5126388572073,0.4829589263399,0.6062982027485,0.8139494004373,0.1312965168617,0.0398616344561,0.1494155890858,0.3729106738268,-0.0619918416302,0.1596653045386,0.6751842645311,0.4519942402403,0.7539767819026,0.5620514814394,0.3402433015970,-0.1419212766631,0.6267575967788,0.3634551193649,0.4249954271819,-0.0753850167889,0.2961419540384,-0.1252369188197,-0.3029804561391,0.5630604117129,-0.0273697470697,0.3084642324519,-0.4496024454221,0.3077764964234,0.0932411319278,-0.1042846735822,-0.0518848076654,0.2550900335708,0.1978483242846,0.1731014824585,-0.1929398758812,-0.1135043854447,-0.1175877158705,-0.1401856594842,0.0699251071059,0.0491618114845,-0.2315771540174,-0.2602697175940,-0.0503081096027,0.2249830127980
0.0340186900024,0.1163408853477,0.0588762670495,0.1595792562472,0.2374289541790,0.3801878520999,0.1921420879682,0.0331426453745,0.0108382953241,1.0000000000000,0.1672074104104,0.2837183208444,0.2994475999210,0.1493816567562,0.3381629111736,0.0779815777239,0.3741784969039,0.1593973864360,0.0347724648278,-0.1455415485551,0.3667213742960,0.6653905786076,0.0994377905319,0.1430182762371,-0.0933797044066,-0.2009481416350,0.0543068470385,-0.0354871187161,-0.0128001730270,-0.0284483801800,0.1654800259308,-0.0396763767733,0.2028896273659,0.0711586029577,0.0835984922599,0.0289912487239,0.1219446127500,-0.2363590580506,0.0254468532638,0.0834983009543,0.1255086735787,0.2739691467995,-0.0136447931333,-0.2334003747845,-0.3175894464115,0.2488245359501,0.1201984591709,0.1702825367582,0.2297437918612,0.4073207070425,0.1323795460962,0.0961166510384,0.1388648080423,0.2736201199551,0.3818541919679,0.0634960513282,-0.0580478496728,-0.0550683430290,-0.0346890969347,-0.0092606489882,0.4391819559775,0.0856094507715,-0.0321229443681,-0.1201681379044,0.0971684578463,-0.1092524167073,-0.0141266306767,-0.0048316120188,-0.0387523278029,-0.0672670323558,0.0528188963996,0.2358302310434,0.0716578335916,0.0143349426042,-0.1197955007001,-0.2302267622865,0.0476436705291,-0.1255605934042,-0.0830762025517,-0.0532954324426,-0.1658288144926,-0.1107258814454,-0.0956315822991,-0.2061110324984,-0.2778310632051,-0.0268865525585,0.1522879095904,0.1054956504575,-0.1773910387835,-0.2443394548218,-0.0171054348783,0.0439738280611,-0.2908347131647,-0.0185854584610,-0.1481160137478,0.1073451485726,0.0266153532081,0.3121623766551,0.3030211759745,0.2554268495585
0.3484362748927,0.0199881278407,0.2829291603606,0.4146010342251,0.4030502948118,0.4774852002759,0.4220248722096,0.2477555718057,0.1709944479642,0.1672074104104,1.0000000000000,0.8121935448448,0.3881942645489,0.1589350914584,0.3890706665156,0.2667036766017,0.2253652799804,0.3952596046225,0.1691283712166,0.0933583239432,0.5680372934504,0.2551756763299,0.7002249133234,0.1847026494796,0.1105242703566,0.0474350727036,0.1526500593282,-0.1305925884786,-0.1070606642835,-0.3025665193933,0.0849093489957,0.1922360612587,0.0655069974043,-0.0522440332291,0.2950455211790,0.0711729843410,0.3764735533609,-0.0019100210389,0.2040168799509,-0.1116227567678,-0.1852876573695,0.3438928707224,0.0936608886304,-0.1013776056870,-0.0369243403870,-0.1278308241122,0.0891032949192,0.4489008746639,-0.0862635915932,0.3895909432357,0.3793137099347,-0.0403716224482,0.2562171800878,0.3899325293022,0.4263601550366,0.3308110465985,0.2532052619043,0.1789763626402,0.3288704725410,0.2498299957982,0.1630352394991,0.5086711812357,0.6004899037988,0.3817769305962,-0.0106789580708,0.1683251848682,0.2048203131050,0.3612943158842,0.2159096526741,0.2160804881548,0.3939506207593,0.3512675595648,0.4047150127586,0.0921354821616,0.1755177911933,-0.1891081119197,0.2367974609966,-0.0871374574272,-0.2102694658734,0.2846969458447,-0.0808572725896,0.2280366517986,-0.3425186874015,-0.0391416515270,-0.0090297236510,-0.1615773495966,0.3111643551443,0.1823195510268,0.1280558757120,-0.0371423397772,0.1964703216375,-0.1658198145700,-0.1671655649960,0.0456958203113,0.0412795277153,0.4899693635011,-0.0132836022877,-0.1688586935282,0.2533803745866,0.3491578787741
0.2866700203215,-0.1693107898499,0.1589543462567,0.2398690685543,0.3573663539287,0.4690266683992,0.3150772443816,0.2033279135594,0.1871382957629,0.2837183208444,0.8121935448448,1.0000000000000,0.5421850376942,0.0932285332914,0.3327123538907,0.1731132751152,0.3554943200458,0.4006540406738,0.1824864440985,0.1284813402219,0.5434796793456,0.2862917644521,0.7813947392721,0.1936810419223,0.1296064217095,0.0083081189396,0.1890571771252,-0.1127814443054,-0.2344674224149,-0.3428379374171,0.0473591705644,0.3067941101139,0.1990996479381,0.0458766385010,0.1914490885187,0.0804547587398,0.3556020170575,0.0260659667995,0.1587078038465,-0.0470258120954,-0.3309598295561,0.2802798325139,0.0004776476525,-0.0349064572673,-0.1641635501207,-0.0737360263656,0.2593603210126,0.4675893484749,-0.1922835843071,0.3620663793264,0.3292592878110,-0.1846792561079,0.1654100918594,0.3836398677113,0.4147997507990,0.1934943641155,0.2914925317282,0.1953755936150,0.3714971270383,0.3328942092193,0.3083298639282,0.5164144031722,0.6659042241384,0.3729260000563,-0.1119181429176,0.1327830494956,0.1645110000440,0.4181635207668,0.2306774036018,0.3321388237653,0.3720814547925,0.5372488151509,0.3523974016857,0.1737599363872,0.0704847765775,-0.1456162580998,0.2867111978756,-0.0945452359483,-0.3065823331924,0.2527207725002,0.1127107909476,0.2727590619014,-0.4301231650957,-0.1792679158686,-0.0240385665981,-0.0235770700944,0.3122318769005,0.0982298625457,-0.0142772345790,-0.0418424443758,0.1451841413274,-0.0616575672277,-0.1560306001400,0.1469605221520,0.1293346689807,0.4610834143190,-0.1505021543840,-0.1155684567141,0.3528839096364,0.3949753787132
0.0218399467054,-0.1773551972746,-0.0614799709810,0.1387534470529,0.2496343438261,0.2866145856287,0.3803730127470,0.3270343376628,0.3113750779982,0.2994475999210,0.3881942645489,0.5421850376942,1.0000000000000,-0.0730300883790,0.2417967867660,0.2439317271676,0.7572325522222,0.4317656062186,0.2501533036026,0.3783305575409,0.3231123939479,0.1568562121689,0.2736049679792,0.3520381741520,0.1941190233532,-0.1157834576677,0.2124257387851,-0.1839941702129,-0.1992138126227,-0.3223151937805,0.3613911291455,0.2370570582751,0.5927682172925,0.0055423139423,0.0405815005057,0.2214043371384,0.1494166469763,0.0818395811004,0.1907617238777,-0.0746435815904,-0.2938705849034,0.0341285067865,0.1694545376064,0.1105984857671,-0.0356619285560,-0.0566515250261,0.1896703310523,0.2498468273948,-0.1440477557248,0.1179717223338,0.2324321619930,-0.1438718384251,0.2240505800410,0.2817171690680,0.4340386858881,0.2785473194663,0.2740161593398,0.1720224348941,0.2424689626709,0.3466893469363,0.3068580591273,0.3801887364463,0.3836050211187,0.4106371486732,-0.1219780432938,0.0141933389056,0.2148809013764,0.3983528663447,0.1659672654938,0.2955086233746,0.1257447027670,0.3548857467373,0.2194354693607,0.1855434064379,-0.0402615547501,-0.1771685189727,0.2251478949425,-0.0943045594462,-0.2644793301704,0.3547670721810,0.1099037901586,0.2697193406104,-0.4018532052405,-0.0672861446448,-0.0793678658408,0.0061451514106,0.0441988181237,0.1172060194422,-0.2002750815938,0.0624417025611,0.1150893032144,0.0952981257606,-0.1478063469601,-0.0568131793888,0.0400236787909,0.2892675225483,-0.0617189695323,0.0940618836051,0.1640231942295,0.1318982993377
0.6124878480415,0.5234752066029,0.5844583482097,0.4201893591536,0.5309322037147,0.4442971112150,0.2428901013708,0.0677602633492,-0.1003010213230,0.1493816567562,0.1589350914584,0.0932285332914,-0.0730300883790,1.0000000000000,0.3642974974702,0.0985839536048,-0.1299455919447,0.2039847253966,-0.1780022607895,-0.1262802520784,0.1553393633093,0.1482832236418,-0.0238956782564,-0.2709902740098,0.1164496290189,-0.1836876882322,-0.3773489818259,0.1162503006540,0.0471019472719,0.2449193733634,-0.1715516642358,-0.2576528978919,-0.2330278078406,-0.3946679623112,0.1553635581744,-0.2427738698347,0.0256662202690,-0.2477193292786,-0.1394550573466,-0.4053901574136,0.2168838953192,0.3092370592816,-0.1999448382299,-0.1979199361305,-0.0679225808688,-0.0886332024467,-0.0396366317141,0.2754789912693,0.4696724470068,0.3086129682996,0.4635034637963,0.3847650357496,0.1510461453571,0.3767232086902,0.2690746204253,0.1716544401564,0.1922273179244,0.2694796562750,0.1038778045894,0.0119765413454,0.0157579476737,-0.1597562306391,0.0383343265277,0.1754464582815,0.4372507859652,-0.1956811013843,-0.0579105158173,0.1369186225179,-0.1282103721614,0.0266713003046,0.1777409136048,-0.2617271407577,0.0405105521798,0.1846225473798,0.1929426764729,-0.1707528764541,-0.2086470749499,0.2114953146620,-0.0761328415749,-0.0506743877116,-0.2859482941410,0.0887278276270,-0.0901678064844,-0.1800340624768,0.1016962919748,-0.2212312415114,-0.0386461612083,-0.1332704988219,-0.1318774051648,0.0429813479200,-0.1462040029805,-0.4592928358829,-0.1006762298775,0.0425475024831,0.0283054152066,0.2165337238206,0.3672151467870,-0.0957302601091,-0.2239067010907,-0.0976126546572
0.4954662194161,0.4271418355258,0.5006777782371,0.7535915256416,0.5136809158200,0.6197979774333,0.6635219463746,0.1849276757732,0.2153089523798,0.3381629111736,0.3890706665156,0.3327123538907,0.2417967867660,0.3642974974702,1.0000000000000,0.3235336923767,0.1117841533460,0.1883423115278,0.1573225174671,0.0840168852910,0.3044159261288,0.2490775276818,0.1847703881677,0.1411803674800,0.0354780970544,-0.1099973062828,-0.1815364157893,-0.2394290181628,-0.1109737852145,-0.1537860921718,0.1889458649299,-0.0526091432526,0.0702390435709,-0.0359405449461,0.2472649497248,0.1310073101886,0.0400390666026,-0.1372488569826,0.2581189810222,-0.0749516302864,0.1484995760022,0.4548781112174,0.2717236488087,-0.0829778629789,-0.0286567374172,-0.2155353337660,0.0060133523799,0.4385919512585,0.1123748295006,0.7171223919288,0.4533591230222,0.3870749055446,0.5895823622783,0.5651586312979,0.5773706516646,0.6235134925395,0.1704300116867,0.1304778593175,0.1717963601835,0.2339764695827,0.1281395802228,-0.1007163302228,-0.0063993922709,0.1981243804143,0.2036184230136,0.2407107547091,0.2238506644617,0.0794235786793,0.1485702104812,0.0130720899263,0.0288582469971,-0.1543774784929,0.2251778112144,-0.0277588659409,0.1097074341610,-0.3042160260323,-0.1048090592558,-0.1953109505338,-0.2229521175388,0.1242113418835,-0.3379909932946,0.0384035233294,-0.3747059927811,0.0843326079647,-0.0947905306395,-0.1989995850518,-0.0402735242542,0.1308970009655,-0.0233825004933,-0.0111076468240,0.0579825844741,-0.1114861331375,-0.1132395853351,-0.2333694464588,-0.2293048442295,0.3660476722941,0.0573331281854,-0.2139662729338,-0.1069338805737,0.0370447956796
0.1435154026732,0.0476097051236,0.3309820326529,0.5332476948115,0.1686776557255,0.3799561021279,0.6825133815347,0.6740179673863,0.5762059883823,0.0779815777239,0.2667036766017,0.1731132751152,0.2439317271676,0.0985839536048,0.3235336923767,1.0000000000000,0.3374552564287,0.5527733311123,0.6984990461606,0.4380879596699,0.5094914673140,-0.1596949957268,0.0396996791322,0.3671417320167,0.1513209626971,0.0497729525271,0.0077330915617,-0.2415269565162,-0.1850399301955,-0.2248998964445,0.5979414942786,0.0357526129834,0.1081286888734,-0.1804707641765,0.6149468825104,0.6682871078048,0.0539138640061,0.0519049116262,0.2027933801038,-0.2794110395119,-0.1950598645406,0.1254922892054,0.5403815264623,-0.1196445098358,0.1475889104204,-0.4744002113496,-0.2110480261931,0.2127732737357,-0.1326384804427,0.3370611411710,0.1414680383910,-0.0297733566456,0.3250772797155,0.3096401977426,0.2898138078198,0.5352317015887,0.2809434834013,0.2700542184000,0.3446835224266,0.3616923857184,-0.0581247551107,-0.0829959291685,0.0154869585873,0.2174696362629,-0.0509452996891,0.1647523546413,0.7474493378889,0.3159559406291,0.4923703991819,0.3468586964575,0.1455151020916,-0.2109510696334,0.4509651918897,0.0670473276368,0.3403762933705,-0.2341923512253,0.0894144494817,-0.3169644995561,-0.3209641131350,0.4142913628466,-0.2569501182270,0.1456650087753,-0.4350455513275,0.4049702422683,0.0169814760864,-0.2566251668284,0.0373161401332,0.5535950390395,0.1421825076422,0.0670272201558,0.0292487913545,-0.2924216194407,-0.1991583208179,-0.2652370536421,-0.1823834477770,0.2326843388357,-0.1339200363741,-0.3356365017133,-0.1446254452878,0.0046080854633
-0.1073658405906,-0.2939153048673,-0.1578955696005,-0.0222512810617,0.1755347191130,0.1296186698243,0.2927754135457,0.3424498872918,0.3122088288668,0.3741784969039,0.2253652799804,0.3554943200458,0.7572325522222,-0.1299455919447,0.1117841533460,0.3374552564287,1.0000000000000,0.4297366749552,0.3377151034770,0.3703268327221,0.5081835801944,0.1111199640812,0.1374100653519,0.5041906613199,0.0859943774202,-0.0754724348002,0.2930571177935,-0.2517353378545,-0.2108112633086,-0.3095231315953,0.5768946708357,0.1477077748713,0.6609971897036,-0.0458619371357,0.1320748738806,0.3904986838985,0.0938358828540,0.0513421650053,0.2141550620198,-0.1292868560355,-0.3403698029196,-0.0715390168802,0.2543523258396,-0.0432751973012,-0.0955495914767,-0.0625796737611,-0.0005549426224,0.0984573810597,-0.1585642303811,0.0878243131824,0.0885738144108,-0.2135914983216,0.1557850390119,0.1853524088605,0.2244449049333,0.1575593716438,0.0748628263971,-0.0017861488315,0.0881544094975,0.1528910154171,0.2140183061603,0.3867277138399,0.2117164305724,0.1523736320537,-0.1226792457767,0.0418149528028,0.2152434489322,0.2881616562917,0.2123559928717,0.1815817789446,0.1390304170665,0.3787074964279,0.1822777540972,0.1309048382207,-0.0741299304751,-0.1079804250895,0.2171527564220,-0.2054389314099,-0.2796734995878,0.3817657837863,0.1686622810846,0.1991586080856,-0.3717190244780,-0.0195451393465,-0.2038394597359,0.0001844923763,0.0412783001619,0.2599307292487,-0.1015254437624,-0.0640472861637,0.1471068373395,0.0343504724598,-0.2316428314891,-0.1102298629771,0.0027776919043,0.1266161388666,-0.1873226284913,0.1110946102543,0.2233364609111,0.2109487069650
0.2273723516881,0.0573846624827,0.1996585313277,0.3577377116875,0.2803489430074,0.3460367215525,0.4550229392506,0.7176422597112,0.4950255272807,0.1593973864360,0.3952596046225,0.4006540406738,0.4317656062186,0.2039847253966,0.1883423115278,0.5527733311123,0.4297366749552,1.0000000000000,0.4804044954150,0.4547775760109,0.4604309461848,0.0827167839043,0.2147081858439,0.2406519127898,0.2784145445024,-0.0939905121805,-0.0088827968987,-0.0748868948725,-0.1817484056504,-0.2717090166409,0.2600840997200,-0.0869425409191,0.1091100213594,-0.2763795457749,0.3761155075874,0.2909778954423,0.1512728228496,0.0670266177646,0.0246230995386,-0.3567747614136,-0.2259465789133,0.1115331393382,-0.0378390222600,-0.0414621902485,0.0458505477998,-0.2886145073038,-0.1706572774445,0.2505294958766,0.0165748166619,0.2078935428902,0.2436922595826,-0.1618500341188,0.1225936641014,0.2458693871459,0.2607013181945,0.3120708584608,0.4771238572988,0.5119665841405,0.5510375169210,0.4554378098678,0.2361298400118,0.1665283722817,0.3707154967342,0.5080593889374,-0.1121984991461,-0.0405284341393,0.4212537692967,0.6285217917815,0.2762041418815,0.4880827989502,0.4310650538165,0.1425550158068,0.5046484976954,0.3128844056210,0.2973241331327,0.0123276456113,0.3145426287309,0.0189680808696,-0.2555542753141,0.3870225532668,0.0353814335675,0.4093006595458,-0.3546661245970,-0.0999164259596,0.2476894622476,-0.1002130886322,0.0483109462764,0.1743575314142,-0.0823328647513,0.3233353950209,-0.0604034781680,-0.1481307215503,0.0182226836869,0.1592422056001,0.2225789285184,0.2262432054962,0.0618491902295,-0.1258304093915,0.0203411507734,0.1507697770672
0.0144800807815,-0.1804404702107,-0.0005990251057,0.2328501401933,-0.0063453163546,0.1962444781665,0.4137244230304,0.6190709383534,0.7382805851271,0.0347724648278,0.1691283712166,0.1824864440985,0.2501533036026,-0.1780022607895,0.1573225174671,0.6984990461606,0.3377151034770,0.4804044954150,1.0000000000000,0.5586502284459,0.3764699592782,-0.1244492072529,0.1366359461297,0.5730564699159,0.1562025579190,0.0956259474435,0.1314987336595,-0.1611549523845,-0.2002655460101,-0.2832121111860,0.5081544753870,0.0578879381311,0.1238393608750,-0.1156916160993,0.3608993967652,0.8137225702058,0.1058147719654,0.1596464834520,0.1528593260264,-0.1607401041256,-0.2012269823964,0.0966593958189,0.3390940815469,-0.1399891964909,0.1211279049340,-0.2517941438274,-0.1185317824350,0.0749237663433,-0.2659623456870,0.1959625534467,0.0212458946835,-0.2377687135762,0.1530531522970,0.1395097350127,0.1622570459779,0.3622071042857,0.1714088052959,0.1197729705306,0.4256991930476,0.5229919684443,-0.0602386553577,0.1059615618259,0.0795926927868,0.0957481750169,-0.2256600890627,0.1370386360108,0.7219723389019,0.2226000264219,0.7369740147961,0.3594110511038,0.1214670855615,-0.0427366106299,0.5484574555706,0.0401547861212,0.1491458631113,-0.0561574920370,0.1659886030109,-0.2430221807497,-0.2129270195120,0.4224653358904,-0.0533367385609,0.0606458887335,-0.3409523088743,0.2225684416187,-0.0508694146546,-0.1976331228686,0.1413747629865,0.4572081753978,0.0597905636319,-0.0598703743863,-0.0051282729779,-0.0796070405650,-0.1930089822299,-0.1691437599378,-0.0971878107072,0.0946346978269,-0.2726956003023,-0.2481517418914,0.0863828614321,0.1169040684031
0.0838848576089,-0.1968726821507,0.0078953525487,0.2261563352324,0.0259352924665,0.1234561173711,0.2562096132527,0.6268045524637,0.7970987088361,-0.1455415485551,0.0933583239432,0.1284813402219,0.3783305575409,-0.1262802520784,0.0840168852910,0.4380879596699,0.3703268327221,0.4547775760109,0.5586502284459,1.0000000000000,0.1689226849951,-0.2220668585702,0.1259739030071,0.4883031327791,0.6287393867530,0.1719520087233,0.2915643550365,-0.1836047084251,-0.4347458297131,-0.4491056188999,0.4083266656784,0.1714800973337,0.4784651892853,-0.1480781551276,0.1237541970241,0.5051190852250,0.0715181951998,0.4450613461491,0.0149712643601,-0.2888298042200,-0.4062147448414,0.0151569554611,0.1782997652718,0.1842543065776,0.4385304790450,-0.1791146839326,-0.0188446198143,-0.0037617693087,-0.4320187935302,0.0809206374692,0.1726489687538,-0.2917706746873,0.1898053036357,0.1052065394523,0.1992298063262,0.3198999584177,0.4793475411932,0.4315122218343,0.5532080031886,0.7161276507994,0.1145218628033,0.0280648381389,0.1628329909560,0.4166873908025,-0.2071022619032,0.1639593590213,0.5711991952205,0.4879396281429,0.5847339444577,0.6482477408222,0.2474247133783,-0.0616211089241,0.5999285879052,0.4028145277617,0.4474633513446,0.0692188049162,0.5037944272056,-0.0793599642388,-0.4134020445561,0.7190891693228,0.1608389236475,0.4758267854170,-0.4174095674522,0.3483495452682,0.2567065856468,-0.0052809318926,0.0159814924593,0.1800872723911,0.1944638127999,0.3788853852311,-0.0946742342579,-0.0057296886057,0.0841374605847,-0.0128790446303,0.1998403294085,0.0137338462196,-0.2549523681381,-0.2084711756885,-0.0848575511215,0.0890298241898
0.1503205354892,-0.0469219036521,0.1769000965492,0.3430508469197,0.2619030463790,0.3123354069718,0.3864785119309,0.3806832001098,0.2632838762661,0.3667213742960,0.5680372934504,0.5434796793456,0.3231123939479,0.1553393633093,0.3044159261288,0.5094914673140,0.5081835801944,0.4604309461848,0.3764699592782,0.1689226849951,1.0000000000000,0.1842330918655,0.4344925694133,0.3898318797257,0.0907379832485,0.0746837956109,0.1910712445589,-0.2113173517440,-0.1620013370959,-0.2218631982240,0.3698101887782,0.1306312055412,0.1554416018467,-0.0879661960369,0.4663692636829,0.3131746582286,0.2903681069297,-0.0376925096932,0.1217561874668,-0.1874041311567,-0.1941664870574,0.3159464286059,0.3034450673086,-0.2008522590799,-0.0722230829431,-0.1035261314217,0.0167465334235,0.1401888051157,-0.0968236302400,0.5009030109161,0.1653653469170,-0.1159400878649,0.1822453647303,0.2648576957325,0.1887410760549,0.2535773125320,0.1195082600769,0.0707851919222,0.2259907897520,0.1611175251492,0.1053452315311,0.2752540870518,0.2307400419293,0.1199681321924,-0.0970283789791,0.2146154696214,0.2868668105478,0.2461419525018,0.2901800801107,0.1603383179312,0.3367755380743,0.3058334494085,0.3946115760927,0.1229840283063,0.2124429181854,-0.1354555441787,0.2638090731289,-0.2533927079900,-0.3226854222981,0.2960980605654,-0.0510378720607,0.1757669953146,-0.3750472537631,0.0438740142161,-0.0781867239395,-0.1739875472898,0.2476805537956,0.3660409501428,0.2393659325129,-0.1071351035811,0.1051575550666,-0.1736383402885,-0.1965703135356,-0.0330342879690,-0.0014335709638,0.1609727729029,-0.2208661241903,-0.1355197285690,0.1687602692636,0.3289434130102
0.1610703847621,0.2247974860853,0.0703672633319,0.1144643853118,0.2727672139301,0.2265227826894,0.0086019693249,-0.0605495439993,-0.1284785203008,0.6653905786076,0.2551756763299,0.2862917644521,0.1568562121689,0.1482832236418,0.2490775276818,-0.1596949957268,0.1111199640812,0.0827167839043,-0.1244492072529,-0.2220668585702,0.1842330918655,1.0000000000000,0.3182284088785,0.0142333266374,-0.1253655323432,-0.0057038869169,0.0445131241579,0.1747271043591,0.2021392412137,0.0196525482277,-0.0987142385909,0.0501337066886,0.0728741363441,0.1374467563312,-0.0368446213049,-0.1544101825261,0.0857805178308,-0.1585780751775,-0.0628709587731,0.1266995069275,0.3316969033161,0.1462859552777,-0.2361681349237,-0.1993017988972,-0.2307129948265,0.5342432572856,0.2658311090410,0.1089370105810,0.3960155195985,0.1783369648078,0.1945447917566,0.1402302932251,0.0004472462546,0.1388245394751,0.2272630508096,-0.0167472139997,-0.0378515588190,-0.0086690744401,0.0035112941410,-0.0639260915140,0.2810098244101,0.2038535466501,0.1058385877382,-0.0404912309282,0.1191773543263,-0.1498917616448,-0.1540739713338,-0.0122303292616,-0.1301829863263,-0.1507007062635,0.1309785756488,0.3002419365792,0.0349883970875,-0.0410645974963,-0.0933958114847,-0.1721026576327,-0.0346131635680,0.0975756988806,0.1683389975609,-0.1244024371633,-0.2096777228108,-0.1132680981175,0.0986389170708,-0.3097373507239,-0.2023432875560,-0.0882810677955,0.0751359036078,-0.0714265178377,-0.1681707783340,-0.2111865805003,-0.0285532237542,-0.0030558569761,-0.2389813938707,0.1230038745277,-0.0881173209906,0.1022501583642,0.3439831394154,0.4336032700710,0.2211883434412,0.2217032534309
0.3126354150381,-0.1792685039538,0.1024827523320,0.1699510034198,0.2417052027741,0.2821871287625,0.1293799789916,0.0565738823133,0.1017432278874,0.0994377905319,0.7002249133234,0.7813947392721,0.2736049679792,-0.0238956782564,0.1847703881677,0.0396996791322,0.1374100653519,0.2147081858439,0.1366359461297,0.1259739030071,0.4344925694133,0.3182284088785,1.0000000000000,0.2442520378795,0.0912440105310,0.3051463337334,0.3530811871420,-0.0653150540130,-0.1781923505147,-0.3976965523405,-0.0200299481446,0.4966812382756,0.1596282980345,0.2552181392747,0.1038321497990,0.0441628598000,0.4350964022562,0.1744303612849,0.0923320372206,0.1109751859154,-0.2655169903619,0.1733073427142,-0.0821808393480,0.0045411454008,-0.1102183468813,0.1462996564569,0.3656543970847,0.2743428653761,-0.2410185084309,0.2497430764667,0.2811843782306,-0.2298349874834,0.0468589232734,0.1963750127734,0.2218822805361,0.0667752938027,0.1541276498881,0.0837267471777,0.3201031849634,0.2449155976871,0.0767518853130,0.4528041532501,0.5592427844530,0.2091214402251,-0.1205414032856,0.1559375316734,0.0989179882895,0.2811929179277,0.2152637392943,0.2264756785898,0.2973526512684,0.4932048237516,0.4112707982263,0.0900059797117,0.0887794935869,-0.0586348176075,0.3532568225387,-0.1002396985613,-0.1977128504336,0.2460938949772,0.0978656294169,0.1806809060209,-0.2555860231332,-0.1672666309951,-0.0283885922633,-0.0708146918970,0.4122366163463,0.0401984234014,0.0769301679778,-0.0817501536479,0.1522726837601,0.0097009566270,-0.0841566720544,0.1262648318208,0.0764726903162,0.3036619150787,-0.1380896537394,-0.1837515158251,0.3184804966609,0.3122751548035
0.0028312621119,-0.3434251351909,-0.1718008008338,0.0316594982081,0.0985476029508,0.1224049528860,0.2831907348679,0.2224832992450,0.4406169179904,0.1430182762371,0.1847026494796,0.1936810419223,0.3520381741520,-0.2709902740098,0.1411803674800,0.3671417320167,0.5041906613199,0.2406519127898,0.5730564699159,0.4883031327791,0.3898318797257,0.0142333266374,0.2442520378795,1.0000000000000,0.1707138855446,0.1269954877357,0.4779826313554,-0.2494371511083,-0.2522556107002,-0.3786505800838,0.6196562325009,0.1565567823934,0.3516604174221,-0.0180203245143,0.3089159892375,0.6439648628329,0.4332339732602,0.3718698519267,0.4883925353095,0.0301805117950,-0.2546835367168,0.0211557950737,0.4192572405379,0.0140668979638,0.0512026045201,-0.0438140936371,-0.0125544586434,0.1937673689717,-0.2278165558598,0.1618890761649,0.1390282618231,-0.2956637173346,0.0872461214927,0.1542430664152,0.2049897529832,0.1992376704708,-0.0406799848547,-0.1618548694262,0.1757020801841,0.3097032741524,-0.1209251142253,0.3359235644620,0.0543640404446,-0.0851899205600,-0.2629963009383,0.2731547351425,0.3832923815868,0.0724355507780,0.4244800842894,0.1757677228703,-0.0230808484845,0.1984485165674,0.6201755223870,0.0808848019107,-0.0528137499123,-0.1255101992756,0.3056510544356,-0.2583449660293,-0.2524085635315,0.4691084714794,0.0047796335280,-0.0257013920616,-0.2450493024850,0.1944855633136,-0.1553383597347,-0.2466249755036,0.4455253581847,0.4832054235889,0.0994022255877,-0.0571559500251,0.3549074725623,0.0651446675573,-0.1405508045905,-0.1498504617672,-0.1807243179604,0.2140277001077,-0.2235061299175,-0.0538200651997,0.2537771477254,0.1049324503525
