1.0000000000000,0.5312719214546,0.6632378624438,0.5033479708934,0.6467504195556,0.3791484130756,0.2225816832331,0.2916064600419,0.0782528581341,0.0797088452488,-0.0086069612412,0.0588101505925,0.3455903870750,0.5223753395869,0.0952275199750,0.1334394332780,0.1549274376333,0.1456339314132,0.1751751909587,0.1223846329006,-0.0643443277882,-0.1681260072659,-0.3106383698135,0.0703503930868,0.0698886471134,-0.0101594500127,-0.1941035362581,0.0895973290125,-0.3241909719659,-0.0338298080961,-0.0319316607686,-0.0402834117019,0.0432513756215,-0.2360019569016,0.2879235737509,0.2497037826857,-0.1677983627078,0.0854442163478,-0.0523569564382,-0.3530053585683,-0.2005604144685,-0.0786101953143,-0.4368090646014,-0.0972646314340,-0.0072533595937,-0.3200800852651,-0.0193502095517,0.1762330957091,0.2321557631128,0.1623419588688,0.7253681262228,0.8431725070366,0.2438447048402,0.5293190441248,0.2104680078749,0.2587287089852,0.1386124271564,0.3084872855156,0.3213576594086,0.1995632879426,-0.0852593290444,0.1494234395793,0.1624639673218,0.3110879457525,0.3440612969533,-0.3446335556040,0.1593226412003,0.0671091475603,0.3803818101992,0.1301511966491,-0.2536318744809,0.0068644274498,0.0591247281874,0.0626672446271,-0.3657516234902,-0.0981486391392,-0.2882694728577,0.0355749470063,-0.1834976281761,-0.1473633189782,-0.0161267300044,-0.0826912540247,-0.1194860823518,-0.4228632585048,-0.1633855575679,0.0370663666650,-0.1796839958389,0.3518796153494,-0.4117913580735,0.0963076326544,0.0409372802126,-0.3158082007167,0.0758340063458,0.1198231705236,0.0072364311861,0.2123579292736,0.0941801350992,0.1728109687499,-0.0612820459487,-0.2174333020532
0.5312719214546,1.0000000000000,0.4032954883900,0.5124308168072,0.3866192426533,0.1354566806845,0.1060762591693,0.0931718362470,-0.0812390152075,0.0375695319117,-0.1099410774329,-0.0697211387301,0.0642750337780,0.3791583069949,0.4716819002077,0.0812332017292,-0.0842717611443,-0.1934469145137,0.1459478644930,-0.0627174298449,-0.1527625516225,-0.0768207664274,-0.2467845582168,-0.1249682651758,-0.0765747906401,-0.0380867616578,-0.3389259272535,0.0713185509583,-0.1046955565342,0.2508910635057,-0.1710046600366,-0.1514181016967,-0.1690792871007,-0.0711053395648,0.2038046130095,0.3144607399725,-0.2539986900269,-0.1342986316270,-0.1263277931169,-0.2679001924424,-0.1610362309607,-0.1952577335152,-0.1520519279489,-0.1428968838119,0.0078184790633,-0.3149750572412,-0.0133109175097,-0.0844309610105,0.1966464000311,0.0486807337558,0.4141164609976,0.6462422518863,0.2760262228026,0.3528279070305,-0.0066690109225,0.2309064643857,-0.0702472306602,0.1307497970132,0.0849328938528,0.0530014111281,-0.0792090665282,-0.0691559727915,-0.1394301171968,0.0816409688270,0.5612874421394,-0.1144680735568,0.1882398248832,-0.1884698787031,0.2954852875780,-0.1053539139534,-0.3401630920839,-0.1923039191198,-0.1237417213070,-0.2453650709879,-0.2239017127528,0.0203779057036,-0.4730127388563,0.1145546606758,0.1341451309843,-0.2880848943512,-0.0361614218669,-0.3482753688182,0.2008451487748,-0.1287934213039,-0.2479641947142,-0.0166547834745,-0.2316228112693,0.2863231426984,-0.1304222105649,-0.1826646418009,-0.1183005978421,-0.2790004262837,-0.1060481145055,-0.0651299584903,-0.1919891621032,-0.0109240553887,0.1887014031757,-0.0014768401227,-0.1643611280001,-0.1826009763970
0.6632378624438,0.4032954883900,1.0000000000000,0.6383835718791,0.7931172285465,0.7809588891848,0.5947646202435,0.5122607255442,0.3022497206316,0.1183680081897,-0.0036240036453,0.0293737039484,0.4078096461719,0.4863598310491,0.1892594916415,0.2559316124353,0.2630824232288,0.3351006122851,0.3600439919113,0.3933422902135,-0.0598388959563,-0.1752305384991,-0.4531823522663,0.2193631194511,0.2853760376383,0.1323438950746,-0.0330272000045,0.2357044382890,-0.4502347863020,0.0904878532800,0.1729348415788,0.1328341921764,0.1631298574424,-0.1317679527688,0.4305491567269,0.2968703808000,-0.0917395604153,0.3705979182231,0.0849368396601,-0.2701600077352,-0.4283783058323,-0.1224243866000,-0.4651748335781,0.1411409320788,0.2765285659171,-0.2484759933281,0.1513337661909,0.2982329544342,0.3085899800876,0.1278994930162,0.7333723049870,0.7084730168904,0.2082381759004,0.8677675371245,0.5573137703683,0.4999657889106,0.2796630203725,0.4483521083367,0.4808815949872,0.3720114663376,-0.0380456427895,0.2154101291626,0.1333070793406,0.2290069998371,0.2758304492926,-0.5055835458713,0.2098601681255,0.2236797011444,0.5328686696308,0.3560759408061,-0.3751073812923,0.0503383169657,0.1964100230735,0.2105473155999,-0.4402425894068,0.0492833217662,-0.2792213687837,0.0119249496425,-0.3324498498424,-0.0371829837242,0.0989123648948,-0.0830841328869,-0.2315778818416,-0.5401466947209,-0.0295058252192,0.2679255422794,-0.1054232683741,0.4936375033615,-0.5938717297933,0.3379801969315,0.1371019048892,-0.2669111928312,0.2931016154992,0.3073237642781,0.0798534451710,0.3887093702216,0.1097083137205,0.2400993815088,-0.1148921876416,-0.4040698094059
0.5033479708934,0.5124308168072,0.6383835718791,1.0000000000000,0.7483273811920,0.5603923402593,0.6869900462308,0.2647039439800,0.1624949695317,-0.0451102258237,0.0030729118172,-0.0632087033501,0.2201896820406,0.4519533925246,0.6179435782108,0.4072226257312,0.1273225246797,0.1592656327163,0.2834793223285,0.1664813355957,-0.0474513675249,-0.2016593415876,-0.2357764467122,0.1132750245257,-0.0172720355216,0.1070460205119,-0.1590214534632,-0.0585591317388,-0.4036392377798,-0.1808636486560,-0.0136743345656,-0.1629724712117,-0.0454650135387,-0.2744457052853,0.4936784527180,0.4573157188351,-0.1737312951948,0.0904243599048,-0.0041727703513,-0.3037425442444,-0.3370995824025,-0.2474801584744,-0.3735602279351,-0.1125275179155,-0.0178389594224,-0.3635227354594,-0.2211853039294,0.1636480848678,0.1956520567624,0.1256445711760,0.7009579063806,0.5390993519652,0.7417050044611,0.6385000159721,0.4926309376828,0.7742541804182,0.1096040191484,0.3101928757892,0.3345537730428,0.2910171976245,-0.1275724196094,0.1445405724357,-0.0683739363830,0.1266870849399,0.5618139041802,-0.2036892121250,0.5153625673582,0.1950263954502,0.5365533246923,0.3053459956254,-0.1590238739502,-0.0560813519094,0.1074651399867,-0.0564710010854,-0.2379322362647,0.1753740061668,-0.3216240706844,-0.1202320055976,-0.1991636428711,0.1055471393067,0.0979754795915,-0.1093429758323,-0.2970911008536,-0.3177422663464,-0.2413629895700,-0.0146457982741,-0.2451526974622,0.6370427021711,-0.2847433251352,0.0632011001003,-0.0077329903223,-0.3266774496648,0.0112063010480,-0.1109765723327,-0.3292264412196,0.1722048177172,0.1828360701872,0.0020424281209,-0.1998530761171,-0.2062721901909
0.6467504195556,0.3866192426533,0.7931172285465,0.7483273811920,1.0000000000000,0.8037831422922,0.7340112590467,0.3929287336177,0.1896958429194,0.0643054698953,-0.0510540201687,-0.1147462353600,0.3112445551500,0.4010983656824,0.2943674149908,0.1941108444169,0.1675945676674,0.1788344987260,0.3622250905925,0.1783684110758,-0.1713489781762,-0.1887240538084,-0.3964518856361,0.1003867821389,0.1119823063714,0.0309936621352,-0.1681734624952,-0.0594969883084,-0.3776174546969,-0.1529514534417,-0.0048813895246,-0.0703824799871,-0.0390588204857,-0.2550834501197,0.5477170353442,0.4806369668153,-0.1094151306452,0.0686852307947,0.0507876716462,-0.3257472665797,-0.2845871041845,-0.2067776056566,-0.4979815445389,-0.1018041256927,-0.0242138487649,-0.3232955324098,-0.0848986809113,0.2164318482562,0.2255368008479,0.0901535253526,0.8680184973851,0.6322772883411,0.3766690713353,0.8366123951034,0.6785390176714,0.6902960744668,0.1584068204817,0.3701738814755,0.3464016480734,0.3183381017814,-0.0093302286885,0.1158003115053,-0.0210111098111,0.2304517783974,0.3921457153478,-0.3857829431825,0.3113978315307,0.1479409023644,0.5654725891384,0.2248591435386,-0.2330364372496,-0.1048256689067,0.1567023705093,-0.0000003451997,-0.3755590483164,0.1106335067744,-0.3049680230625,-0.1752755435390,-0.2102334551161,-0.0757734463081,0.0731765112930,-0.1782834372153,-0.3293007713375,-0.4229013550077,-0.2032777812452,0.0467901614953,-0.1389993533372,0.6904252397814,-0.4515992386185,0.0561341745992,0.0947006144915,-0.3007288596987,0.0349041782134,0.0697661973506,-0.0505274125635,0.2875879926551,0.1718173723496,0.1340440832455,-0.2316814760914,-0.3170424637025
0.3791484130756,0.1354566806845,0.7809588891848,0.5603923402593,0.8037831422922,1.0000000000000,0.8242867608907,0.5182668539150,0.3928272051702,0.2609513616104,0.1650545623904,0.0492057213396,0.4739572797786,0.3392678173431,0.2530997299032,0.2030680606732,0.3456131342368,0.3450733091522,0.4082253955932,0.3458181729282,-0.0377271279489,-0.0491007354608,-0.3305420510808,0.3490942186106,0.3135872997546,0.1094563719164,0.0669812754615,0.0356255585300,-0.3762049793701,-0.1117825468861,0.1827238280134,0.1166390272203,0.1785543447249,-0.1410796779932,0.4657434093859,0.3108734999789,0.0752392641757,0.2907007619073,0.2173449680627,-0.1633331709244,-0.2511039904685,-0.0129318060848,-0.3978885829337,0.0891430561299,0.1419976371690,-0.1024564088481,0.1020559632122,0.4682281971493,0.2437983764180,0.2182573308675,0.6786891582390,0.4135053751135,0.2028870708742,0.8621073431634,0.8715454882777,0.6309518549236,0.3704404801454,0.4470664249106,0.4304789222269,0.4466738278493,0.1412539133685,0.2656979797369,0.1283112791273,0.3254928619738,0.1504402891894,-0.3420877734429,0.1749117391698,0.2706263296526,0.4988198999906,0.3250512600926,-0.2027641823177,-0.0010319507142,0.3847843493351,0.2082941070287,-0.3846929778479,0.0994742655549,-0.1201484839389,-0.1317577167316,-0.3421677681177,0.0233805722124,0.1361359276681,-0.0278260699972,-0.3547432784822,-0.4567264104873,-0.0507905409292,0.1443195149977,0.0329050642772,0.5863528345996,-0.4993790527897,0.2479094831974,0.2789892501699,-0.1506926642212,0.2104182644032,0.1994658351580,0.0960929384590,0.5307584144599,0.0942694369290,0.2033930472193,-0.0787558628152,-0.2546194319011
0.2225816832331,0.1060762591693,0.5947646202435,0.6869900462308,0.7340112590467,0.8242867608907,1.0000000000000,0.4538406518625,0.3625889400749,0.0872877122387,0.0122793475305,-0.0814873721326,0.2863579067845,0.1966700085704,0.3656955080410,0.2754931082378,0.2876141251108,0.3145387642468,0.4429229175352,0.2719139235046,-0.0295049344096,-0.1558728431109,-0.2710150582242,0.2516838614835,0.2254568012057,0.0439624774053,-0.0355893728396,-0.0968348819732,-0.3597785324615,-0.2588663716992,0.1242005320956,-0.0865826123225,0.0492318527573,-0.2165532325494,0.5582378248624,0.4188313803158,-0.0104050049074,0.1454834338900,0.1724676318719,-0.1656597693487,-0.2138772326094,-0.0943380630789,-0.3509161363580,0.0104255529711,0.0110840497247,-0.1247514057148,-0.0868952913689,0.2608018323853,0.0597667459705,0.1733285410202,0.5950437299240,0.2869234241249,0.3753802129313,0.7219545043028,0.8075340525965,0.8529542520752,0.3026803239995,0.3722597957121,0.3546169798692,0.4318851383234,0.0622863341187,0.1314529623859,-0.0288082081809,0.1822435080403,0.2420236245630,-0.2171962357942,0.3705596038892,0.3073791059392,0.5305922710834,0.3496451487248,-0.0390207492722,-0.0825397874434,0.3082463204522,0.1051133259191,-0.2056918651998,0.1464257978342,-0.1563332279286,-0.2387943209980,-0.3187855119815,0.1712086073798,0.0733348813745,-0.0116291282446,-0.4056613692586,-0.3164673110710,-0.0985735131490,0.0145675291347,-0.0789861422757,0.6874196152701,-0.3367856785196,0.1164906441756,0.1863227163528,-0.1777457135042,0.0841368837403,0.0173052348719,-0.0750942117783,0.2758639212359,0.0146924439797,0.0978271281208,-0.1128130787460,-0.1474770514696
0.2916064600419,0.0931718362470,0.5122607255442,0.2647039439800,0.3929287336177,0.5182668539150,0.4538406518625,1.0000000000000,0.7116758001270,0.3647823294825,0.1691206568182,0.1763535174439,0.6880627018817,0.4159892598001,0.1099535392743,0.3039762696327,0.7035920380631,0.6649697967192,0.6649459157642,0.7466289062005,0.1725417012850,0.0393772962052,-0.3393867715243,0.5065364488896,0.6280147897087,0.1231014331692,0.1946339564170,0.4448961920382,-0.2123439141508,0.1523838534770,0.4227215052659,0.0321890136395,0.4257768440835,-0.1551107940335,0.1812626535776,-0.0229333182230,-0.0502230826072,0.5588013671140,-0.0656260575457,-0.0504060945659,-0.0987384990337,0.1523822951328,-0.4203744602329,0.4493616117560,0.4781024343777,0.0411855296390,0.2915879493706,0.2411402827104,0.2598132719320,0.3626323894805,0.3569107687425,0.3226695209691,-0.0399102920824,0.3903336736640,0.4955670108375,0.3041090179965,0.6758190516688,0.7415348031562,0.7437296582737,0.7208082579172,0.1668779155016,0.4098382218481,0.2959941815912,0.3696477440124,0.0924054351063,-0.5277486517127,0.2096646824690,0.5103967993490,0.5445171939945,0.6136524947981,-0.1495874228198,0.1876931017361,0.4610104520909,0.5785995830843,-0.3850921729565,-0.1586051767181,-0.0557596665348,0.2119321507569,-0.2730726474782,0.2694290390161,-0.0320805331165,0.2034922343757,-0.1599291219384,-0.6388415209381,0.2900242800599,0.2090517200366,-0.1424816222582,0.2417399378927,-0.7071289450344,0.5213964719773,0.0841686636065,-0.0882488570347,0.5116800274257,0.3472778661056,0.1172025198320,0.2321637589190,0.0211792948883,0.4869139612652,0.2135536030241,-0.2716101159917
0.0782528581341,-0.0812390152075,0.3022497206316,0.1624949695317,0.1896958429194,0.3928272051702,0.3625889400749,0.7116758001270,1.0000000000000,0.4110136914044,0.3480139335927,0.3653498813905,0.6821797726175,0.2313389188062,0.1380792965832,0.1950626994848,0.7013244921168,0.5890042818185,0.4395029475734,0.7395033141941,0.3042341995922,0.2107945195143,-0.0562659924904,0.7185418323804,0.6685130104397,0.1970299313209,0.3751181701943,0.3467112763194,-0.2511858814641,0.0640238740816,0.2871676157155,0.0870470211363,0.4710970060321,-0.0626877008279,-0.0224986125170,-0.1650690309687,0.0256411583843,0.5692931855961,-0.1168235655626,0.1001687956998,-0.1291461453733,0.1943534422728,-0.3604391227775,0.4288638948640,0.3726336745836,0.2055338923354,0.3003885557560,0.2974829577612,0.2510927617252,0.3001365038551,0.1448713300094,0.0281665748258,0.0070108553089,0.2121930032419,0.4282555985173,0.1612278926072,0.6710808109167,0.5638707506646,0.6754267249742,0.8819891321071,0.2426335290548,0.4897858435774,0.4167394442484,0.4087271631727,-0.1466306603584,-0.4086198826070,0.0013911290365,0.4896574480282,0.4108870008849,0.6938470561740,-0.0060901534535,0.3482134268871,0.6687668385605,0.7191647313518,-0.3412822695802,-0.0768916634316,0.1447769753018,0.1378688422090,-0.3783356502457,0.3576173165972,0.1073320259157,0.2944741054161,-0.2271131499159,-0.5766936672160,0.2887597399909,0.1618610194998,-0.0669690898018,0.0595232693252,-0.5856560289574,0.5156864266715,-0.0052521132971,0.0459001593968,0.4631698501442,0.2927262363734,0.1468977051010,0.2718994897540,0.0056397841574,0.3648874991398,0.2766248271505,-0.1513427409725
0.0797088452488,0.0375695319117,0.1183680081897,-0.0451102258237,0.0643054698953,0.2609513616104,0.0872877122387,0.3647823294825,0.4110136914044,1.0000000000000,0.6707138727987,0.7488217819024,0.5652781775140,0.2617925348362,0.1441339302609,-0.1319913292695,0.4878455117719,0.2738806845685,0.2185331200495,0.2563241536628,0.4571151930750,0.5412137493065,0.2573615049274,0.5785625406274,0.4073090313673,0.2481260765608,0.4367703350427,0.2060449343659,-0.1139623754556,0.0495560363311,0.2216208581480,0.2848732476545,0.3809970958866,0.0380669128139,0.0011594755528,-0.2033002981403,0.3601472677931,0.1595143486552,0.0517518419156,0.1507100063684,0.0857857829833,0.4225351228038,-0.0799810560929,0.1835300774536,0.1649997764894,0.2492831655214,0.2903697387434,0.1485385925884,0.0394673155406,0.4545538783555,0.0221615762279,0.1176550053395,-0.2293806511129,0.1111139999012,0.2285082001491,-0.0301852302663,0.3459426491014,0.3219860472857,0.3618886298914,0.3756841346179,0.8354858665759,0.6611864989843,0.7507275071664,0.4707174411260,-0.0512298208786,-0.2432621087015,-0.1751546564478,0.2174476004620,0.1908117018152,0.1453647566966,0.1437297839160,0.5428385837488,0.5722648843732,0.3344346044142,-0.2707633076038,-0.1365805266394,0.0987165859669,0.0148384563256,-0.2347080406765,-0.0182081249868,0.1777252873320,0.0581578338239,-0.1209329435803,-0.3168838081330,-0.0202783145778,0.0235338241409,0.2978204500401,-0.0039422853916,-0.2856230871281,0.0497785016017,0.0771353306429,0.0620556007603,0.1666508932052,0.3161783356105,0.2004276164511,0.1796924336892,-0.2121056057853,0.4978293376642,0.4982504560634,0.1369387533530
-0.0086069612412,-0.1099410774329,-0.0036240036453,0.0030729118172,-0.0510540201687,0.1650545623904,0.0122793475305,0.1691206568182,0.3480139335927,0.6707138727987,1.0000000000000,0.7843233917393,0.5363635390122,0.1818570627476,0.1169669728171,-0.0759423061372,0.3649838754495,0.2279460108940,0.0116819740123,0.1643549880837,0.5069535568686,0.6149869631237,0.4769155482022,0.6870975448445,0.1566096193562,0.3105408685516,0.5746722872832,0.1659047832163,-0.0307518777501,0.0100413783284,0.1841204615612,0.2739809588227,0.2756783167091,0.0386096401864,-0.1367491456185,-0.3140070514138,0.4276008907291,0.1694197336177,0.0894213708435,0.2220679961522,-0.0192051892377,0.1928277469111,-0.0005574708344,0.0894963140228,0.1139756808576,0.2538031826611,0.1418233850446,0.3141257642858,0.2117070327730,0.2452478397950,-0.0246750797108,-0.0849291332572,0.0313136478508,-0.0382070021814,0.1920488052377,-0.1187841398604,0.2542875506102,0.1228486318405,0.2342763442371,0.2504438916805,0.5386536108697,0.7755624341330,0.7143977650148,0.5127697779432,-0.1669010348491,-0.1572929431778,-0.2447028813143,0.2000013040566,-0.0094396347675,0.0915457834293,0.2530625576115,0.5914121842436,0.6786802980230,0.2952603251752,-0.1672281499610,-0.1491255248590,0.2389397909851,0.1261471250023,-0.1245156253373,0.0672844473767,0.2110929358551,0.0842283016044,-0.1322239813748,-0.2193868350994,-0.1161268834679,0.0099688741055,0.3633371732285,-0.1631605117588,-0.1485106377807,0.0827016662828,0.0729771517588,0.1610398620510,0.0650199481804,0.1859383485621,0.0197021586462,0.2649877623250,0.0596086864914,0.2253178460968,0.2339498009858,0.1004994306773
0.0588101505925,-0.0697211387301,0.0293737039484,-0.0632087033501,-0.1147462353600,0.0492057213396,-0.0814873721326,0.1763535174439,0.3653498813905,0.7488217819024,0.7843233917393,1.0000000000000,0.5079876270820,0.2439633134924,0.1122332203813,-0.0884515245330,0.4263506833829,0.3327390534283,0.0027118580050,0.2343952168129,0.5926797396040,0.4893185373384,0.4842838330561,0.5806773400864,0.2584130693240,0.3246423061088,0.5592747315061,0.2154774195218,-0.1447933158302,0.0772986128076,0.2434109161392,0.3373062838431,0.4380840482412,0.0464399491090,-0.1845375638952,-0.4094805624285,0.2676836544028,0.1562728267679,-0.0422876222439,0.1702485377114,-0.0478429751779,0.2952760529546,-0.0339564681983,0.1828101153871,0.1850692192227,0.1835423154280,0.2625702359802,0.1652163214044,0.1198546512971,0.3151559125027,-0.0798450809020,0.0381498393986,-0.0796505770087,-0.1017998020721,0.0280015472408,-0.1878640765496,0.2691528218417,0.1566339208043,0.2849157562765,0.2643904653158,0.5830380444493,0.7879459519183,0.8692674220419,0.4477255561022,-0.1120503522480,-0.2407786150980,-0.2460195769736,0.2717205786890,0.0093622550506,0.1684535226697,0.2286321040352,0.7161298384774,0.5485871135259,0.3862253889317,-0.1860157636953,-0.1773038505945,0.2885418172028,0.1228303124979,-0.1800177463427,0.1246157134921,0.2451335588255,0.2083134428236,-0.1382740846162,-0.2651706218495,-0.0375083409804,0.0296737521681,0.2305723723803,-0.2607042593723,-0.2120925327661,0.1028254436872,-0.0466982042707,0.0550029754355,0.1411498171855,0.2509127312975,0.1332930954423,0.1345402836635,-0.1082483538882,0.2902818462271,0.3813767211761,0.1291745303144
0.3455903870750,0.0642750337780,0.4078096461719,0.2201896820406,0.3112445551500,0.4739572797786,0.2863579067845,0.6880627018817,0.6821797726175,0.5652781775140,0.5363635390122,0.5079876270820,1.0000000000000,0.4308443763218,0.1925757537463,0.1270217529130,0.7580418898668,0.5307481142781,0.2854604398625,0.5677502180167,0.2536704781953,0.1686044213987,-0.1153084360539,0.6458942137606,0.5615980064971,0.1334553483967,0.3166279228037,0.2892712044053,-0.2495912335843,0.0205160041378,0.2839718445083,0.0907397152229,0.5003892222501,-0.2752786485483,-0.0255937742624,-0.2486092211008,0.0247550542909,0.4925034211019,-0.0035320401191,-0.0732231666902,-0.0718436530412,0.2948877303041,-0.4021616858075,0.3173036681336,0.3306432901449,0.0225358073765,0.2244384938069,0.4202326036490,0.3274558485000,0.5158482551800,0.3164997777380,0.2912479228646,0.0370791631550,0.3014072473627,0.4876113844152,0.1317477071043,0.7148869690470,0.5903238383305,0.6418283388244,0.6573127127557,0.3197105527000,0.6802254155132,0.6088639499874,0.8148087471477,-0.0011778138770,-0.4430949596210,-0.0576753118915,0.5086500503078,0.3029858997912,0.4823306491849,-0.0908108933166,0.3646023083925,0.5697062912272,0.5808709834126,-0.4951354108728,-0.1546069792720,0.0840569130301,0.1326281626683,-0.3062861603008,0.2109752696413,0.0902898493331,0.2980811169115,-0.2068013932837,-0.6596793866718,0.1825649856611,0.0217385047951,-0.0770288563963,0.0643799500328,-0.6830471987916,0.4453992839945,0.1496161980592,-0.1142002432656,0.4018724595025,0.2920405729839,0.1668816247227,0.3936412391981,0.0160855021923,0.4829879453395,0.3505076599801,-0.1105723339612
0.5223753395869,0.3791583069949,0.4863598310491,0.4519533925246,0.4010983656824,0.3392678173431,0.1966700085704,0.4159892598001,0.2313389188062,0.2617925348362,0.1818570627476,0.2439633134924,0.4308443763218,1.0000000000000,0.4900568902765,0.3970218037321,0.4556880913358,0.4273400336445,0.2972390262028,0.3760193144593,0.3017725671436,0.0695821176430,-0.1392408359899,0.2711005073643,0.1338012353686,0.2224499462958,0.0280227789813,0.2930903546715,-0.1994043330545,0.2041059177369,0.4121903084185,0.1573042043474,0.3850141759649,-0.1697783350832,0.2325295234968,0.0873024064371,-0.0222566524897,0.2853418352336,-0.0184241206883,-0.2533907285652,-0.1225174468749,0.1351795179283,-0.3070272791424,0.0923463860669,0.2813517583239,-0.2340535969469,0.1966764119318,0.1525609210162,0.3204887695501,0.5082711698109,0.5036855088695,0.5064820582163,0.3058999072557,0.2824327020462,0.2188523873581,0.1930741571816,0.3005138174069,0.3759810559417,0.4935119763131,0.2814202801255,0.0613539785478,0.3411509372820,0.2769081640907,0.2267919518749,0.5573739496898,-0.3196836670397,0.2177174502950,0.3387859278415,0.3746011755472,0.3721261316853,-0.0624114492163,0.2271805945332,0.2305068106776,0.2586957325985,-0.3274511472198,-0.1325531828882,-0.2275875654002,0.1420265166041,-0.0849067229461,0.2163197328423,0.2109613492870,0.1716386368019,-0.0007256078042,-0.5276779897946,-0.0658161451840,0.1076444891156,-0.1092060259710,0.1845977894801,-0.4772577695265,0.2188893969968,0.0365994529872,-0.3014566239477,0.2063283116672,0.1581476710800,-0.0692369460858,0.1528003362219,0.1776976334806,0.3802752763294,0.2329888042645,0.0228884141970
0.0952275199750,0.4716819002077,0.1892594916415,0.6179435782108,0.2943674149908,0.2530997299032,0.3656955080410,0.1099535392743,0.1380792965832,0.1441339302609,0.1169669728171,0.1122332203813,0.1925757537463,0.4900568902765,1.0000000000000,0.3319468306147,0.2362834933372,0.1160729678100,0.1859741932063,0.1640591089139,0.2254626353786,0.0381220269325,0.0786719485553,0.1596819468127,-0.0265133925405,0.2681103485660,-0.0180696112416,-0.0455330083723,-0.1555620422384,-0.0069330262834,0.1185382801287,-0.0794209202217,0.1417542561299,-0.1558426109428,0.2629840927023,0.2513082908473,-0.0927114976836,0.0626649176905,-0.0304894926774,-0.1744917595753,-0.0959883501402,0.0067117303296,-0.0574864927743,-0.0204618737064,0.0714034129913,-0.2722067697257,-0.1188815683786,0.0814920152367,0.1741740961386,0.4236289609815,0.2464195942774,0.1845747908813,0.5334884934258,0.2117890749913,0.2368000055827,0.4288353832375,0.0752938126137,0.1216419442123,0.1657409331453,0.1656083056600,0.0184285712749,0.1759719464838,-0.0210550493766,0.0858436829245,0.5679643435916,0.0517713231091,0.3032354522400,0.1772249444166,0.2894183432107,0.2134595858903,0.0346881991747,0.0757932939714,0.1158542170453,-0.0136993214974,-0.1429343246275,0.1983330515667,-0.1717643807372,-0.0502749267059,-0.0183229665540,0.1488192236316,0.2187155815953,-0.0300452567336,-0.0899211880880,-0.1864907673545,-0.1869092779162,-0.1154532588416,-0.1778924576523,0.3366602405584,-0.0959566155464,0.0020174812963,-0.0351922473491,-0.2568703475459,-0.0071400522625,-0.2745752521103,-0.4099009948124,0.0600165878949,0.1492866554974,0.0566408034953,0.0860069584274,0.1383636526752
0.1334394332780,0.0812332017292,0.2559316124353,0.4072226257312,0.1941108444169,0.2030680606732,0.2754931082378,0.3039762696327,0.1950626994848,-0.1319913292695,-0.0759423061372,-0.0884515245330,0.1270217529130,0.3970218037321,0.3319468306147,1.0000000000000,0.3088553679505,0.3321863607273,0.4529700310792,0.5322101915822,0.0111513431198,-0.1579658141018,-0.0748046025682,0.0925838437288,0.1238276134578,0.1790462947442,0.1359223071124,0.1165892317276,-0.1841710740595,0.1139040820072,0.6394248683759,0.1554513704524,0.3870642941747,-0.1338519545566,0.4340391815182,0.2979289500152,-0.0682252033178,0.4245657776817,0.1357933411312,-0.0777627329856,-0.0649075597108,0.0157646494738,-0.0485366611903,0.2324926165454,0.3619352796057,-0.1160835459505,0.1012708339574,0.2134076402610,0.2229095840079,0.1050771977986,0.1708336545758,0.0851664507081,0.3892519356644,0.1643700179932,0.2093477556783,0.2354786796356,0.1009999573577,0.1289624081043,0.2719361257637,0.1834920787551,-0.2642883350152,-0.0025351995572,-0.1291821635247,-0.1042419562488,0.1475931948334,-0.1431549214531,0.6747512816758,0.2362087709228,0.3702363979102,0.4799856823266,-0.0853506324243,-0.0069733140845,0.0391909551073,0.3099205698245,-0.0937236033385,0.0543187549483,0.1497220265621,0.1171693312163,-0.1976749922838,0.4783929432603,0.0946899433787,0.3263159693305,-0.0914907652234,-0.1503378648902,0.0341920121503,0.1108317581557,-0.1492390930821,0.2659542397281,-0.2361055006637,0.3518386081088,0.0685728386641,-0.1783769943317,0.2587191509941,-0.0351630703590,-0.1931741399211,0.1001272586631,0.0820108918648,-0.1114258869276,0.0069487312568,-0.1923650893765
0.1549274376333,-0.0842717611443,0.2630824232288,0.1273225246797,0.1675945676674,0.3456131342368,0.2876141251108,0.7035920380631,0.7013244921168,0.4878455117719,0.3649838754495,0.4263506833829,0.7580418898668,0.4556880913358,0.2362834933372,0.3088553679505,1.0000000000000,0.7751594007405,0.4091758665728,0.6694523477761,0.4327138690794,0.1510548433910,-0.0754684866692,0.5654025562419,0.5139327292161,0.1351634880028,0.2948392356129,0.2576108784081,-0.1828519335191,0.0010169806092,0.5609101588895,0.1054180046406,0.6786767522446,-0.2839885308874,-0.0470249093050,-0.2616162533811,-0.0493112024194,0.4800452012847,-0.0956645905782,-0.0304233643174,0.0562123203911,0.3793407750759,-0.3663063808390,0.3622684952459,0.3343609461475,0.0431882479782,0.2399477986290,0.2566350839419,0.1513183443928,0.5667307995006,0.1724172766896,0.1191667254908,-0.0120022983352,0.1441155489878,0.4195884440159,0.1850935252320,0.6718184435532,0.6336599346804,0.6858850818950,0.6666406619232,0.3175693528101,0.5967843677164,0.5401127218672,0.4532602543465,0.0397968657669,-0.3809280921891,0.1148008059564,0.7703890425477,0.3554230034047,0.6574136517694,0.2158286025937,0.3756702351124,0.4913197051235,0.6362887388780,-0.2730500793289,-0.1268730879554,0.1353896366036,0.0972162245357,-0.3017589785944,0.5426035539555,0.1469143331810,0.5178124933752,-0.1755377060897,-0.6076070141515,0.3133135021482,-0.0260774032456,-0.1770635517528,0.0100540879718,-0.6083713928582,0.4635530227144,0.0800968885442,-0.1089610908155,0.4157967898360,0.2131193016803,0.1291517995529,0.2040569912434,-0.1099065834050,0.5545366901646,0.4927731753900,0.0253778348073
0.1456339314132,-0.1934469145137,0.3351006122851,0.1592656327163,0.1788344987260,0.3450733091522,0.3145387642468,0.6649697967192,0.5890042818185,0.2738806845685,0.2279460108940,0.3327390534283,0.5307481142781,0.4273400336445,0.1160729678100,0.3321863607273,0.7751594007405,1.0000000000000,0.3377371944187,0.6434412419856,0.4047961640650,0.0313367704118,-0.1357232709384,0.4885225130068,0.3676835299033,0.1542592456641,0.2312596561661,0.2750913534768,-0.2124411086312,0.0209063534901,0.5743249505171,0.1431886768528,0.5321578569624,-0.1372084686300,-0.0288615317913,-0.2705928413123,-0.0637322389125,0.4900684514967,-0.0421516014072,-0.0094143093292,-0.0520366191443,0.2713457158274,-0.3882496175445,0.3207208339642,0.3004417564684,-0.0125061579124,0.2920720088692,0.2766184754335,0.2057286904516,0.4282318366415,0.2356266848903,0.1022730504555,0.0482858980542,0.1524436088231,0.3758314812468,0.1929769361859,0.5960877496234,0.5898758038839,0.6813859955042,0.5363823950891,0.1389594444013,0.5029857916036,0.4199327412506,0.2540383666367,0.0271392119438,-0.3537313197715,0.1458693447552,0.7931910618064,0.2819108755496,0.7036191073519,0.2034199463812,0.3348952387804,0.4340282023118,0.6013843269977,-0.1135809321785,-0.1179114934660,0.1512388013372,0.1538575818649,-0.2953960498202,0.6330341604903,0.1533984908715,0.5274553261613,-0.1701704309429,-0.5079719191727,0.3696910210315,0.1721504053889,-0.1426467682735,-0.0043286285869,-0.4958198902544,0.5755740593795,0.1171910997322,-0.0518370102014,0.4344563076912,0.2378896693733,0.1477284134660,0.2115085013252,0.0164249110835,0.4661349561244,0.3701700327577,0.0000415203347
0.1751751909587,0.1459478644930,0.3600439919113,0.2834793223285,0.3622250905925,0.4082253955932,0.4429229175352,0.6649459157642,0.4395029475734,0.2185331200495,0.0116819740123,0.0027118580050,0.2854604398625,0.2972390262028,0.1859741932063,0.4529700310792,0.4091758665728,0.3377371944187,1.0000000000000,0.4849856858041,0.0384656410154,-0.0119118412266,-0.2129686103379,0.2381140861067,0.3811544312859,0.1650353036695,0.0364297037414,0.1640392676965,-0.1044512493885,0.0289236771426,0.3397082998891,-0.0477876540418,0.1675194242717,-0.1121919720155,0.3700417422614,0.4414579813499,-0.0768683617027,0.1970660583265,-0.1612455243864,-0.1663429586759,0.0074054488972,0.0379176865718,-0.3316635031170,0.1968874800643,0.1912146786048,-0.0274923995779,0.0789107165016,-0.0896170832094,-0.0650049366055,0.1995827725732,0.2487621576161,0.2569728877777,0.0274389638046,0.3659502470894,0.3594327063650,0.3814126920439,0.2893801977819,0.5092223796881,0.5051550550587,0.5552901191633,0.1427285048767,0.1012262809438,0.0373166126233,0.1242441881209,0.2172130731509,-0.3440936176273,0.5054018396404,0.2640562861149,0.7992839570279,0.4413188891719,-0.0101808044013,-0.0521497703761,0.3510769752296,0.2896414667342,-0.1829855634148,-0.0243571692313,-0.1541066394675,-0.0080820233134,-0.1407618998188,0.1911957554898,-0.0791973125654,0.0177488481277,-0.2165970848972,-0.3613490844648,-0.0523045723531,0.0457164744976,-0.1662724602071,0.4199353433809,-0.4152982586696,0.1281309703544,-0.1427346880401,-0.2523850374577,0.1737625011711,0.0444482748406,-0.0861395487806,-0.0558572851868,-0.1147788784866,0.1562176439997,0.0338427267731,-0.1576501650427
0.1223846329006,-0.0627174298449,0.3933422902135,0.1664813355957,0.1783684110758,0.3458181729282,0.2719139235046,0.7466289062005,0.7395033141941,0.2563241536628,0.1643549880837,0.2343952168129,0.5677502180167,0.3760193144593,0.1640591089139,0.5322101915822,0.6694523477761,0.6434412419856,0.4849856858041,1.0000000000000,0.2395555987655,0.0632741062732,-0.1166358038542,0.5453516703545,0.7016067034597,0.3788215896770,0.4601074492422,0.4807172191905,-0.2068738906286,0.2968984556752,0.6271845685911,0.2706753611535,0.6898265601085,-0.0553375252057,0.1343762948728,-0.1387473125259,0.0403654413195,0.8250494841228,0.0349802808752,0.0363224630230,-0.1187450347422,0.2345307459323,-0.2578297167137,0.6773074365279,0.7287264448426,0.1161702909207,0.4537768131503,0.3037446248859,0.3479837798874,0.3392453899261,0.1047408674756,0.0696830484185,-0.0202865751776,0.1814169259485,0.3095067681641,0.0655183813762,0.5469089599167,0.4844273885394,0.6472423251923,0.6194157400800,-0.0268794048693,0.3751841214112,0.2642746145707,0.1482579066622,-0.1094659980811,-0.5342239699671,0.1968461650066,0.4909884834374,0.3837179656614,0.8192003975889,-0.1488639256319,0.3486506334121,0.4078437511400,0.8413517206016,-0.3933897786801,-0.0725979798236,0.2651211767851,0.2946131687055,-0.3136393026438,0.4661714879357,0.1301962773955,0.3930828968876,-0.1831808233194,-0.6042990706073,0.3850927671079,0.3112845106785,-0.0620263746409,0.0423255921314,-0.6511594021281,0.7463809624519,0.0661886410204,-0.0817420146877,0.6869726194340,0.3076777849116,0.0859545349333,0.2263114107696,0.0181052960615,0.3275713363580,0.2353431600957,-0.2814821697556
-0.0643443277882,-0.1527625516225,-0.0598388959563,-0.0474513675249,-0.1713489781762,-0.0377271279489,-0.0295049344096,0.1725417012850,0.3042341995922,0.4571151930750,0.5069535568686,0.5926797396040,0.2536704781953,0.3017725671436,0.2254626353786,0.0111513431198,0.4327138690794,0.4047961640650,0.0384656410154,0.2395555987655,1.0000000000000,0.4479103208448,0.3701911841656,0.5353389774377,0.1515207604813,0.4228632856900,0.4466614880456,0.3349031597648,-0.0234841114027,0.1261600551858,0.3234626961415,0.3853145920653,0.4218655447056,0.1541891192443,0.0079591575823,-0.2210215148162,0.3077093781617,0.2219889442592,-0.0765625862547,0.1824155358835,-0.1288281291862,0.1419631779019,0.1408170943243,0.2136167632856,0.2116726401307,0.2567261013679,0.2777445531511,0.0384468097585,0.1135702167656,0.2789765806024,-0.0556650734780,-0.0578679558463,-0.0473799937428,-0.1892521952871,-0.0053502895871,-0.0827745936792,0.2125922060892,0.1361328638223,0.2615799413345,0.1753204629899,0.4033873690088,0.6064563972497,0.6076832058524,0.1538566557613,-0.0320268902198,-0.1273329680873,-0.1026130965450,0.3417810378973,0.0304587269518,0.2311681299718,0.5336304193379,0.6454219914719,0.4656165655999,0.3075150306500,0.1992739456228,0.0168494461838,0.0802485346901,0.0317033794491,-0.1432515856223,0.1406486758751,0.4126514075289,0.2097232947439,-0.0774227293926,-0.1402209728862,0.1938171091153,0.1458859257138,0.1961025613016,-0.1131140779117,-0.0079190051678,0.1579026884967,-0.1074670119378,0.1106467424626,0.1710143676483,0.2661726539611,0.0901500858231,0.0068945720126,0.0026168958969,0.3856905413013,0.3413022195400,0.3053522738949
-0.1681260072659,-0.0768207664274,-0.1752305384991,-0.2016593415876,-0.1887240538084,-0.0491007354608,-0.1558728431109,0.0393772962052,0.2107945195143,0.5412137493065,0.6149869631237,0.4893185373384,0.1686044213987,0.0695821176430,0.0381220269325,-0.1579658141018,0.1510548433910,0.0313367704118,-0.0119118412266,0.0632741062732,0.4479103208448,1.0000000000000,0.6554112639805,0.5076974533091,0.0667537132918,0.3485637229065,0.5150572287596,0.2385242111737,0.1757067873308,0.1334214063559,0.0876187610745,0.2915579798925,0.1855042064366,0.3060823643309,-0.1387059212311,-0.2554399388220,0.4644134676812,0.0567014573925,-0.0639460254008,0.3789942325509,0.0966847308977,0.1393991382546,0.0764453606641,0.0991472003188,0.0702508834383,0.6174075420229,0.2746035419479,0.0173271198256,0.1861898283486,0.0099904232095,-0.1925972283910,-0.3089095878760,-0.1556570502708,-0.1751177392436,-0.0729039989758,-0.3028145724299,0.0321811409634,-0.0927859557913,-0.0265759043196,0.0441029864154,0.5010299262785,0.3554738285680,0.4563486251232,0.1501426380983,-0.2088245589149,-0.1444648999451,-0.2533882617784,-0.0330608808034,-0.1275437736671,-0.0181471358967,0.3013013781426,0.6285932273038,0.4814770271976,0.2127019955629,0.0472689108488,-0.0896787316416,0.2318244476348,0.1587102385870,-0.0554593390392,-0.0215294736455,0.2633625377357,0.0267986853820,0.0373421097442,-0.0299733908994,-0.0501611971320,0.1554857481513,0.4143362660459,-0.2421081128111,0.0501326462872,-0.0358733575508,-0.1219286917799,0.3519006929987,0.0249786466208,0.2731727162172,0.0770922670765,-0.0228137251603,0.1401065946382,0.2773097287381,0.1444607055857,0.0539904306880
-0.3106383698135,-0.2467845582168,-0.4531823522663,-0.2357764467122,-0.3964518856361,-0.3305420510808,-0.2710150582242,-0.3393867715243,-0.0562659924904,0.2573615049274,0.4769155482022,0.4842838330561,-0.1153084360539,-0.1392408359899,0.0786719485553,-0.0748046025682,-0.0754684866692,-0.1357232709384,-0.2129686103379,-0.1166358038542,0.3701911841656,0.6554112639805,1.0000000000000,0.2588540788570,-0.1436304582818,0.3823948777286,0.5556065650605,-0.0912159300596,0.1065984474709,-0.1026582285717,0.0604464623822,0.2573849658799,0.1655526979719,0.2521837925038,-0.1403395424336,-0.1836094259274,0.4190846731365,-0.1319595418914,0.0127371432800,0.3165613961598,0.1099992435370,0.0734739838849,0.2583427956447,-0.0285937765153,-0.0988456612647,0.4430627809599,0.0064612770520,-0.0707557673334,-0.0686423804521,-0.0701238624760,-0.4022457301149,-0.4639036751906,-0.0302877990498,-0.4262358780977,-0.2984611531303,-0.3263878986257,-0.2059156029361,-0.3943804733577,-0.3151405467798,-0.2254076689029,0.2646700493693,0.1790367871629,0.3148260836683,-0.0488371786964,-0.2596397902917,0.1196230359217,-0.1795869123506,-0.1668225194626,-0.3204332692784,-0.1485403899963,0.4107345796091,0.5583574174093,0.2414442145476,0.0786748393256,0.2040663638617,0.0130092880536,0.4618399647432,0.0014709328702,-0.0272356336212,0.0301800614888,0.2696887161670,0.0994778781530,-0.0933544136285,0.2403809842954,-0.1796393018948,-0.0808074772461,0.3767617641252,-0.3126969979966,0.3484244589452,-0.2078110091916,-0.1134655463510,0.2356208694629,-0.1607748215301,-0.0901299350973,-0.1766328974585,-0.1656684329442,-0.0436202005160,-0.1691796330897,0.0477221448914,0.2146076635966
0.0703503930868,-0.1249682651758,0.2193631194511,0.1132750245257,0.1003867821389,0.3490942186106,0.2516838614835,0.5065364488896,0.7185418323804,0.5785625406274,0.6870975448445,0.5806773400864,0.6458942137606,0.2711005073643,0.1596819468127,0.0925838437288,0.5654025562419,0.4885225130068,0.2381140861067,0.5453516703545,0.5353389774377,0.5076974533091,0.2588540788570,1.0000000000000,0.4638182507658,0.4065961214653,0.5953568072657,0.3635008463398,-0.2054601608302,0.0542389527813,0.2818583468078,0.2894040532894,0.4630286785114,0.0263991259205,0.0245005567558,-0.2322978806767,0.3688256916270,0.4978389641194,0.0385764539323,0.1860857324092,-0.2367093142802,0.0900975812698,-0.2508257129777,0.2859093503717,0.3140286821063,0.2914456109286,0.2533166743876,0.3698112021452,0.3425884089799,0.2584086376410,0.1057565759283,-0.0310408526591,0.0228892766019,0.1225570723260,0.3815945620635,0.0343042829802,0.4897277006841,0.3240622597455,0.4648669813899,0.5594849557936,0.4006014495623,0.6943877235726,0.6083246470010,0.4084766416559,-0.1886384561672,-0.4062708731675,-0.0890414106316,0.3628926456270,0.2196507061818,0.4555837432832,0.1742035744655,0.6488275109009,0.8596577079165,0.6108539501482,-0.2760753242539,-0.0021920136634,0.2201220841019,0.1488972059637,-0.3120016748934,0.1843363986458,0.3357818016341,0.2315926032522,-0.2431070598479,-0.4787033632087,0.1830977004103,0.1997974654370,0.2716415995435,0.0671340589262,-0.4000759368286,0.4208123179261,0.0799484900648,0.1648650233535,0.3409438165310,0.3835735608014,0.1059642100103,0.3141809289253,0.0930724407423,0.4014808656342,0.1970088870639,-0.0958673622427
