1.0000000000000,0.2007622655549,0.3311025377853,0.2339303097327,0.7775425822077,0.3503089066083,0.2145404784324,-0.1172358025430,-0.1833215978339,0.0547083846983,0.2243270378388,0.1590192971247,-0.1714949611270,0.3792712508184,-0.0747446685053,-0.3659930504232,-0.1591019591472,0.1552858462383,-0.4974322441173,-0.3553543596442,0.3452106574643,0.0076985467974,0.3679350894152,-0.0186833496342,-0.2922075784548,0.1540074462131,-0.1060414198580,-0.1186745756887,0.0972275340945,-0.4163414906361,-0.1201994731700,-0.0346874828081,-0.1314346505991,-0.1386275288884,0.1765269531394,0.1116478491391,-0.1767798324937,-0.3530247295649,-0.0912683143923,-0.2061812181601,0.2487256799781,0.0130655774689,-0.0950834532475,-0.1961114178656,0.0894786197915,-0.3272261257317,-0.2667204827278,-0.0581723733902,-0.2716252761111,0.2667235925046,0.6863221666696,0.3674702891700,0.0741789347382,0.4992082487676,0.2228324953610,0.2400745333432,-0.0236680393735,-0.1730780880403,-0.3520557722819,-0.3123944011099,0.1752699949177,0.0039254119207,0.2246773637701,-0.0068354645476,0.3170969284204,-0.0968315049857,-0.1781968675885,-0.0462918963815,-0.3688623111283,-0.3035970835488,0.1285625972316,0.1167025208639,0.0260603322415,-0.5526213897266,0.1351241907840,0.1005928650861,-0.3065265909947,-0.3094635097082,-0.0367848932496,-0.2570650982906,0.0034000664190,-0.0405319896604,-0.1408504446615,-0.1153886765958,0.0429142227476,-0.1583569721531,-0.0129763446840,0.2063064770213,0.0566595963332,-0.4783466418302,-0.0984531084704,-0.1169635868701,-0.4923946709297,-0.0354906387799,-0.0627423248749,0.0163385978059,0.1337410565108,0.1874632414426,0.0059104525088,0.2674044642689
0.2007622655549,1.0000000000000,0.4729258202317,0.4155547697567,0.3995153036675,0.2235934993803,0.2314854743200,0.0035517515289,-0.1068713869667,0.0694996513888,-0.2404316810564,-0.0620865616687,-0.1074014372347,0.4539455522334,0.3728855885763,0.0741790959277,-0.1207032907846,-0.2070761281815,0.1338839482086,-0.1650692890684,-0.1693719774666,-0.0826702539624,-0.1446492570692,-0.2225027221434,0.0771366490720,0.0040072509927,-0.3324337566012,0.0414773703688,0.0128464050481,0.3468120100499,-0.0363364879225,0.0642942063707,-0.0648876594241,0.1954414225270,0.1610442147172,0.0121067823909,-0.0251025216242,-0.3320312876597,-0.1984843446961,0.0182642220849,-0.2320657576649,-0.0737788652339,-0.2516122769959,-0.0783847588775,-0.3299195503605,-0.2225342653161,0.1056957566730,-0.2463691244990,0.0810789779317,-0.0642456268484,0.4219331585027,0.7524249409771,0.1214160088261,0.4223141307097,0.0130084899101,0.3122722089544,-0.1505417489246,-0.0402026461725,-0.0131279063466,-0.0440149811706,0.0475063141476,-0.2781470211358,-0.0567859625880,-0.1562499733548,0.6113514997482,-0.3334685679731,0.0859606084728,-0.1744664051694,0.1404908285157,-0.1367202953142,-0.1693434530589,-0.0894516552458,-0.2388362918601,0.0087721825178,-0.1997276636391,0.0327777093785,-0.4631641866477,0.0846282903294,0.2348525372344,-0.1474016544622,0.0473725952486,-0.2687765809983,0.1058095227832,-0.1540656568202,-0.3015232925354,0.1414959969986,-0.2582183914211,0.1457844383420,-0.3857068076164,-0.1984012587797,-0.1918789737676,0.1388071698027,0.0992634759696,-0.1533187551403,-0.0437703089631,-0.1254232715942,0.1196441271674,-0.0405639057282,-0.0544556136995,-0.3337463846911
0.3311025377853,0.4729258202317,1.0000000000000,0.5549606861463,0.5003646073435,0.5962806043821,0.4660113376033,-0.1413200229051,-0.2649645169719,-0.1235721944488,-0.1906277375967,-0.1222613456297,-0.1024582738278,0.2377724583171,0.1255705810686,0.1213246764143,-0.1399644710940,-0.2191516017139,-0.0658916975649,-0.0786129012922,-0.2451239464325,-0.2582742256471,-0.1505468013790,-0.2962638225015,0.0513211585741,-0.0366736440140,-0.0618068907237,-0.0338698349224,-0.0629732720458,-0.0196837141635,0.0327526769169,0.1201174901275,0.0075461864087,0.0170542052557,0.3113922768224,0.1115427737061,0.1048681502409,-0.0528229079655,0.1492916093717,-0.0271761140793,-0.1482723402234,-0.0446045463418,0.0804436373380,-0.0178646413238,0.0073566177457,-0.1005733875323,-0.0731872300418,0.0451128508629,-0.0703707222688,-0.0364377714956,0.3939265192347,0.6580345946062,0.2781124651409,0.7922174758765,0.2887241330822,0.4430131236267,-0.0403877072693,-0.1835554229042,-0.1215007657504,-0.2370210229123,-0.1686634869327,-0.2685174848274,-0.0667853758780,-0.0748216403932,0.3056036781471,-0.0738661919485,0.1939700236703,-0.2135225380858,-0.1182267830699,-0.1638387388724,-0.2652325270163,-0.1640426233997,-0.2502779581347,-0.0354419367575,-0.1544658403211,0.0544524252900,-0.0708022983701,0.0234861042394,0.0327146356827,-0.1099647150377,0.0338378156392,-0.1164993797955,-0.0741830738178,0.1093057097148,-0.1194934485751,0.0836499074920,0.0141404012719,0.2572797179501,-0.1306463530463,-0.1065659924481,0.1102528017095,-0.0154735706166,0.0071321292993,-0.0072335384056,-0.1278410061620,0.0892117890213,-0.0955739431120,-0.0699564502900,-0.0263308281564,-0.1956420460744
0.2339303097327,0.4155547697567,0.5549606861463,1.0000000000000,0.5424263469139,0.6723603977695,0.8028880726132,-0.0619044965925,-0.0338269743028,-0.0399522762118,-0.0127883502056,-0.0393505459404,0.1113191946344,0.3063268222583,0.5296084286275,0.3185180351645,0.0849988646857,-0.1254854307363,0.1755052243135,-0.1469514361073,-0.1019487746469,-0.0456171544479,-0.0891731835942,0.0313577740928,-0.1668137902652,-0.0429048924018,-0.1582885379378,-0.0113363002887,-0.1248775294375,-0.1291677093089,0.0565894597229,-0.0636383093003,-0.0202798235103,-0.0523831123945,0.3947462435611,0.1588309333015,0.1899490759274,-0.1004429255451,0.0602254592804,-0.1086303314109,-0.1546676578111,-0.0313290220438,-0.0838195689655,-0.2536933620819,-0.2929502593240,-0.1170819238456,-0.1633721736664,0.1058868479679,0.1356500415805,0.0987714565793,0.5676804781572,0.6828640933587,0.8063691691153,0.5958692696179,0.6012526333466,0.8448282300990,-0.0009121162796,-0.1700581676580,-0.0490111215345,0.0129427199009,-0.0776337770621,-0.0122866095183,-0.0268048416033,0.0054892050837,0.3473878920483,0.0030824325612,0.3546533731359,0.0103603805658,0.2149276738126,0.0249190669410,-0.0523032663579,-0.0726784557485,0.0446629781302,-0.0351540902210,-0.1775037259779,0.0088939410082,-0.1444961167131,-0.0011599995144,-0.1398151439663,0.0704733303420,0.1111799778955,-0.0237562459938,-0.1984884334464,-0.0853323388539,-0.3320507042989,0.0406373890956,-0.0241532610446,0.4754670897577,-0.2133656514523,-0.0202365075816,0.0587545639596,-0.0169690610416,-0.0212976992227,-0.2116262708603,-0.3051326555610,0.1680558251182,-0.0847461735408,0.0007903294142,0.0053273947406,-0.0353545431547
0.7775425822077,0.3995153036675,0.5003646073435,0.5424263469139,1.0000000000000,0.6805015856097,0.5896661498011,-0.0496290485338,-0.1119920015772,0.1516322407531,0.1336006884113,0.1406935323727,-0.0329119034469,0.4669839529068,0.2228264882117,-0.1172838355858,-0.0337145053911,0.0786487826607,-0.2397876935116,-0.2856023323715,0.1132953541296,0.0132130196426,0.1505078885629,-0.0334072941172,-0.2107234553864,0.0962801667680,-0.2718776010778,-0.1841275735898,0.0143447940319,-0.2999150714520,-0.0812747385953,-0.0538115935244,-0.1210586049804,-0.0650203818885,0.3404632653409,0.1793440761757,-0.0662716711839,-0.3385696658928,-0.0385760245125,-0.1774178880677,0.1076449425726,-0.0060981423410,-0.2362061985563,-0.2554593361493,-0.1186749231519,-0.3612826043188,-0.2439433604299,-0.0203661212895,-0.0842150456304,0.2440121239355,0.8544980636959,0.5672690536743,0.3730952922126,0.7144754484530,0.5307488066431,0.5824337158026,0.1126513061029,-0.0962208801383,-0.1739392001375,-0.1722623380707,0.2369419366436,-0.0795433363053,0.1810666807911,0.0460740618413,0.5331848726455,-0.1155647585539,0.0500404186484,0.0080219167490,-0.1656159941949,-0.1761348076362,0.0939627451096,0.0430428643879,0.0709031529509,-0.4018150337716,-0.0237006331221,0.0300861895675,-0.4019638933458,-0.3178352909387,0.0074271722905,-0.1798699319568,-0.0100310232446,-0.0735951459294,-0.2064783662604,-0.1662924003599,-0.1344165582493,-0.1497342154393,-0.0264527045838,0.3703894506438,-0.1177823070148,-0.4321988576554,-0.0546788536123,-0.1497116015282,-0.3857754577682,-0.2164532145415,-0.1884055424361,0.0756384184899,0.1547855697721,0.1265450351757,0.0196384962763,0.1507439025753
0.3503089066083,0.2235934993803,0.5962806043821,0.6723603977695,0.6805015856097,1.0000000000000,0.7462742851140,0.0074695385127,-0.0248108604614,0.1769189012582,0.1348326390245,0.1510672662073,0.1658460832955,0.3746628776852,0.4242631401618,0.2057705286230,0.0971707720998,0.0460864214620,-0.0287613650015,-0.0991156976690,-0.0454153518553,-0.0338841092251,0.0220334805484,0.0499924322568,-0.2074307859061,-0.0894876091567,-0.1385196809803,-0.1046102115342,-0.1317609956549,-0.3009520121616,0.0338577726596,-0.0453947542732,0.0078684615076,-0.1077745593897,0.3849234264240,0.1887816515791,0.1528110103816,-0.0996354591143,0.1914106169111,-0.1023772091733,-0.0345416889206,0.0051307440233,-0.0861219192161,-0.3134826888226,-0.1932053342269,-0.2110117843692,-0.2886978692068,0.3447297352797,0.1516983223667,0.2379436722836,0.5899817198600,0.4429704189476,0.5827196319061,0.7766761299723,0.7995117771433,0.6675572638753,0.1828041630678,-0.0152977656546,0.0213541711208,-0.0353181663100,0.1492507588701,0.0275138297153,0.1475200045418,0.1366722862818,0.3476045531879,0.1179271521830,0.3065055365539,0.0759997360949,0.0009485508290,0.0363747871658,-0.0239600203978,0.0237766949887,0.1180844598105,-0.1294160709240,-0.0616436865953,0.0181816768898,-0.0915817099974,-0.1997876109956,-0.1262592960689,0.0485072872655,0.1148208813325,0.0597604134742,-0.1723872449394,0.0050551564348,-0.1824438045906,-0.0694736073304,0.1021418538947,0.4854422632659,-0.0718443006496,-0.0971162396388,0.1867177322013,-0.0966160757696,-0.1918641394880,-0.1058277535760,-0.2488789562051,0.3987864966874,0.0112159424242,0.0790696194657,0.1290637240131,0.1192793949063
0.2145404784324,0.2314854743200,0.4660113376033,0.8028880726132,0.5896661498011,0.7462742851140,1.0000000000000,0.0359593994314,0.0205467203368,0.0410052952774,0.0762306492397,0.0407733880014,0.1651904925048,0.2112346793829,0.4093947111196,0.2614626315467,0.1514934195082,-0.0273546536892,0.1659881292897,-0.0171896092838,-0.0704727965663,0.0459986300130,-0.0201655355426,0.1596542666082,-0.0909488171046,0.0528759823908,-0.0528824673614,-0.0419624292353,-0.1157305397621,-0.1688366778843,0.0604652606977,-0.1085162139088,-0.0491221952692,0.0238528363230,0.4866906595162,0.1733520375180,0.3074221666458,-0.0816823302788,0.1549694012706,-0.0859701268399,-0.1075169762623,0.0022289304088,-0.0886475100296,-0.2226992854279,-0.2391817724395,-0.0950830448624,-0.2105224003211,0.0519575877602,0.0460332050961,0.1837867239341,0.5389415123152,0.4797003689594,0.6861652546762,0.5856320572335,0.6749033670304,0.8919860941666,0.2124397555878,-0.0450872556325,0.0558004412921,0.0396488702372,0.0590879357367,-0.0082453409961,0.0603221524969,0.0908648727319,0.2674541088631,0.0141222765954,0.3246263226276,0.0944098706159,0.1712279033648,0.1111261286497,0.1007270769878,0.0043258456916,0.2117257303254,0.0228658060021,-0.1086233673524,-0.0218682658356,-0.0632910295133,-0.1063424895400,-0.1219332400155,0.1361991206023,0.0209905465917,0.0102916147811,-0.2848267935889,-0.0877234892568,-0.2046597909392,0.0017199856042,0.1814913274389,0.4759322681025,-0.1182261347990,-0.0554305464559,0.1234125356439,-0.0900797019699,-0.1129110348629,-0.2437990244098,-0.3355321856444,0.1010642845450,-0.0471107195637,-0.0672887962944,0.0256082345523,0.0856442294217
-0.1172358025430,0.0035517515289,-0.1413200229051,-0.0619044965925,-0.0496290485338,0.0074695385127,0.0359593994314,1.0000000000000,0.5972612715371,0.3747906167121,0.4098243142073,0.3375128988657,0.4742637828311,0.0549470987679,0.2480107537789,0.2609266189297,0.6592485524193,0.6286051145828,0.5551366434704,0.4512974321790,0.1764409760657,0.2020182040781,-0.0659844490137,0.3289084934837,0.0651808340060,0.0706434400134,-0.1017356704354,-0.2250855488274,-0.2639298688040,-0.1773783728560,0.3108164789383,-0.2657899001958,0.0971603202648,-0.1669836927598,0.0132181233620,0.2487479296750,-0.0567758895123,0.0186768284116,-0.2314143158071,-0.0401584537145,-0.0870040579858,0.0050795771689,-0.2404393243451,-0.1128971834646,-0.0978661996881,-0.1370947736312,-0.2483208214484,-0.1340733572256,-0.0907461652156,0.2212573456183,0.0009812754375,-0.0344906392968,0.0031903275897,-0.0886836509362,0.0539555247740,0.0659041071892,0.3975409764376,0.6105500773023,0.6069073141264,0.4943472217202,0.3472934008128,0.2680817756800,0.2202742259611,0.2760387763342,0.1585541535413,-0.2042497035897,0.2338807108370,0.5426378711971,0.4551928234034,0.4903987452500,0.2921319366250,0.0944412187273,0.3269793275280,0.2778346438059,0.0358984933359,-0.1527276944536,-0.1813833648434,-0.1901551644603,-0.2037456640456,0.2713096784813,-0.1328446196013,0.1058245505697,-0.2361061263389,-0.1739445382326,-0.1357053906935,-0.2509404019289,-0.1763637820994,-0.0710468488410,-0.2666675259384,-0.0546985051066,-0.2522278144223,-0.1198526517764,-0.0937860892360,-0.3255464806220,-0.3008479179432,-0.1105710667772,-0.1036506686732,0.1132923544912,0.1148414956721,0.0533348097710
-0.1833215978339,-0.1068713869667,-0.2649645169719,-0.0338269743028,-0.1119920015772,-0.0248108604614,0.0205467203368,0.5972612715371,1.0000000000000,0.3579127508934,0.3926652489242,0.4277350712907,0.3792912011374,-0.0629351382682,0.2838231195978,0.3003858602425,0.5544289733919,0.5769211621982,0.5674867175724,0.4611699808291,0.1998181783821,0.0326633235074,-0.0110089878429,0.6386769619110,0.0460416863177,0.0453646621869,-0.0411732699597,-0.2648662034446,-0.3331281607262,-0.2749833675298,0.1682299736669,-0.2610874409269,0.1021856166055,-0.1787860676710,-0.0345670837794,0.1235085926910,-0.0310801830730,0.0503101220160,-0.1716556242926,-0.0401076830242,-0.1591641803184,0.0847126185670,-0.2134971716873,-0.0625590796907,-0.1446117866269,-0.1841439342021,-0.1701715865627,-0.0447974044779,-0.1024980219908,0.2628518125688,-0.0715939803169,-0.1544707090260,0.0647216567029,-0.1967616848472,0.0277223902299,0.0397865541062,0.4583098083597,0.4225318733517,0.6450767346899,0.8824895143370,0.3380252379811,0.4214430572102,0.3056326223569,0.2044973808534,0.0090874205233,-0.1278996930547,0.1835069495554,0.5645475748874,0.6341837536327,0.6538811151835,0.2751092250442,0.1766262237058,0.6122252532989,0.4015742617458,-0.1250103680154,-0.1367875907567,-0.0205153664055,-0.1623246859516,-0.2619319244949,0.4556184496999,-0.0796289075005,0.1534686515751,-0.1834383406404,-0.2388888997571,-0.2033655523111,-0.1770762688325,-0.2029229725876,-0.0472899244966,-0.2580100198033,0.0504043736148,-0.2067185779304,-0.0871347371411,0.0262681675006,-0.3337302854365,-0.1724568328230,-0.0481693341487,-0.1907284213423,-0.0053984717896,0.3115431777618,0.1767865200932
0.0547083846983,0.0694996513888,-0.1235721944488,-0.0399522762118,0.1516322407531,0.1769189012582,0.0410052952774,0.3747906167121,0.3579127508934,1.0000000000000,0.5802791496582,0.7513887079233,0.4319381055612,0.3283657524418,0.3194243542599,0.0324738400228,0.4704858144778,0.3277599393784,0.2813315615760,-0.0038148505918,0.2968329339398,0.4801920931552,0.2687678510835,0.3515061118106,-0.1187337820555,0.0974662104338,-0.0595938016945,-0.3060775970027,-0.1582523814324,-0.2506745835521,0.1616247576745,-0.0288987236766,0.1911901609622,-0.1289401040079,0.0330703967943,0.0602999248500,0.0151219184529,-0.4059594314742,-0.3204621617955,-0.2394659024433,0.1135590554797,0.2946482831179,-0.3702674542537,-0.4220053687917,-0.4391639073390,-0.0646610245654,-0.2153380811781,-0.1778462691553,-0.1177849005965,0.5866131920740,0.1472704664880,-0.0272315129322,-0.0158679900516,0.1070894906364,0.0861874515373,0.0841110297442,0.2443987052471,0.2607636176836,0.2505490496158,0.3415922109353,0.8853848944271,0.4398902726832,0.6445632575645,0.3238831401857,0.2734329217813,-0.2905570558822,0.1129032786490,0.3654225775199,0.3305473645810,0.2172560295860,0.4254784145650,0.5530923073135,0.4171412717996,0.0630093302343,0.0448638813514,-0.0400473012973,-0.1747677055649,-0.3380035879966,-0.1585836169567,0.2084940089310,0.2567341344828,0.1012687103243,-0.2038514869026,-0.2572754526085,-0.3098021614921,-0.2082878382146,-0.1276314820767,0.0204964996883,-0.2234458827406,-0.3663885155735,-0.3163308732086,-0.1832775364393,-0.2836978222620,-0.2286091681725,-0.1399527972527,-0.1225352248102,-0.1386306516348,0.3988726678854,0.4281643636593,0.3051574085533
0.2243270378388,-0.2404316810564,-0.1906277375967,-0.0127883502056,0.1336006884113,0.1348326390245,0.0762306492397,0.4098243142073,0.3926652489242,0.5802791496582,1.0000000000000,0.7475767354549,0.4914195947958,0.1416631791408,0.1997320575539,-0.0982261816056,0.5068053689509,0.5655682487463,0.0966521890423,-0.0911172518473,0.4904148382342,0.4375054101968,0.4223850346324,0.5155316080517,-0.3067528658293,0.2027207631237,0.0199673809495,-0.1150660765591,0.0373190772685,-0.4664007342304,0.0289904458991,-0.2041384617903,0.1022370374897,-0.2908020563059,-0.0331533328504,0.0951903768964,-0.0034348957979,-0.2914291803080,-0.1773415137018,-0.1297378486099,0.2150101281856,0.0719983357258,-0.2680618039916,-0.3817260044597,-0.1659723241511,-0.1311343867197,-0.4387985692104,0.0396847603798,-0.1130193882681,0.5261053574240,0.1551511429553,-0.1558364878230,0.0823564074535,-0.0641075738455,0.1709579825614,0.0484509670613,0.2290130711718,0.2054766847504,0.1578270570870,0.2770804966242,0.6124313879957,0.7581635425864,0.7013946394387,0.4864052477123,0.1072679322841,-0.0704207171408,-0.0614793164976,0.4672512045537,0.1855868844395,0.1480011715384,0.5424486523029,0.5695580025627,0.5735745271018,-0.1765752777559,0.0844574602148,-0.0709702925627,-0.1198744488274,-0.2520354241289,-0.1711905531109,0.2226953076012,0.1220353035359,0.2206144763725,-0.2580119190041,-0.2856782242894,-0.1639518688571,-0.3569318700831,-0.0135706772426,-0.0561581378831,-0.0477975721056,-0.3578608398018,-0.1603698402045,-0.1374125886436,-0.4311827172278,-0.1686897722010,-0.2660795270739,0.0209778273393,-0.0447321742528,0.3343656933616,0.3064905767580,0.5721624399401
0.1590192971247,-0.0620865616687,-0.1222613456297,-0.0393505459404,0.1406935323727,0.1510672662073,0.0407733880014,0.3375128988657,0.4277350712907,0.7513887079233,0.7475767354549,1.0000000000000,0.4042021503552,0.2942755547241,0.3087986451793,-0.0802029618855,0.4333245026329,0.5027624078700,0.1930448229976,-0.0289907818793,0.5110104675705,0.3831217228818,0.4851723829812,0.4108305356679,-0.1923133601151,0.2552845683052,0.0964212176763,-0.1970771072626,-0.0233284429955,-0.3924273051673,0.1139829981238,-0.0514179723988,0.2437066277225,-0.2536836553442,-0.0144914960402,0.0183030578099,0.0267935098944,-0.4451106799974,-0.2850994424826,-0.1994028004247,0.0866990665918,0.1539463055955,-0.3023130316922,-0.3817255147731,-0.3608302881326,-0.1674720111375,-0.3168997548422,-0.1512443617838,-0.1947308063277,0.5710575268752,0.1572302239242,-0.1309721353654,-0.0358922647799,0.0394451654434,0.0217449529772,0.0554621208994,0.2352917876481,0.1629791137819,0.1889282243361,0.3214154388093,0.7111421231343,0.6299421962884,0.8751622708679,0.3425617134304,0.1914970015266,-0.2444178945037,-0.0394625706746,0.3879256669565,0.2763833130847,0.2255255395558,0.5436173333615,0.6699813888737,0.5231179245976,0.0115383070615,0.1222548341316,-0.0144243721221,-0.1158410803164,-0.3740321443771,-0.1691860484988,0.2377914334510,0.2612288261763,0.1746927357827,-0.3323711705793,-0.3015745479212,-0.3047435208189,-0.3099743948031,-0.1145226504058,-0.0764567346933,-0.1329820678116,-0.4196326892412,-0.3193723165056,-0.1766125458424,-0.3784074652753,-0.2994737623089,-0.1392039687679,-0.1439114574026,-0.1707965745164,0.2383925069532,0.3270843072029,0.5086586917963
-0.1714949611270,-0.1074014372347,-0.1024582738278,0.1113191946344,-0.0329119034469,0.1658460832955,0.1651904925048,0.4742637828311,0.3792912011374,0.4319381055612,0.4914195947958,0.4042021503552,1.0000000000000,0.0325899754903,0.3113347354775,0.2693548013498,0.6394007999811,0.2695932861653,0.3548530925930,0.1679232578225,0.0813074210733,0.1863793210652,-0.0292539169509,0.3607410177406,0.0161718092812,0.0383689347052,-0.0942066825139,-0.2395697585213,-0.1631613866262,-0.2043160373674,0.2034525174272,-0.0701723365937,0.2519101110159,-0.1111049304554,0.0602392429740,0.1839694603798,-0.0327473704434,0.0755830619772,-0.0986758736155,-0.1219701013187,-0.0196993672460,0.1654592207969,-0.2092319643265,-0.1890776138605,-0.1852121287756,-0.0391683373276,-0.1089694586942,0.0204536638525,0.0525277197330,0.3432386459448,0.0228013767093,-0.0846056930083,0.1504104681515,-0.0570455621144,0.2030833844794,0.1986976624964,0.4400760756209,0.2655213636052,0.3268569633941,0.3934032994700,0.3701623869256,0.3999689517188,0.4216022840372,0.8754374747555,0.0564433564060,-0.0352714638468,0.2147001719917,0.4500391872579,0.3451058436673,0.2500680489049,0.2262944371728,0.0956936285805,0.3486294814015,0.1629135016896,-0.1076468896435,-0.0717734065531,-0.0257484593816,-0.1752311936410,-0.2415422019468,0.2212790771234,0.0229718175154,0.2952348874548,-0.2451966176255,-0.1434733074580,-0.1729431735609,-0.1650709791307,-0.1116879115426,0.0764527042348,-0.1920756992823,0.0340705265448,-0.0972047913598,-0.1679521433667,-0.0571942546213,-0.2928950431518,-0.1320668347704,-0.0044420773081,-0.1765903617295,0.1314994486977,0.2519699800337,0.1432306905662
0.3792712508184,0.4539455522334,0.2377724583171,0.3063268222583,0.4669839529068,0.3746628776852,0.2112346793829,0.0549470987679,-0.0629351382682,0.3283657524418,0.1416631791408,0.2942755547241,0.0325899754903,1.0000000000000,0.5467895191655,0.1359493634928,0.0605598976741,0.1406250207277,-0.0544273673013,-0.2594159800175,0.3961485236824,0.2590453899744,0.3255902472632,-0.0161133038328,-0.3357328514251,0.0674221254069,-0.2008469752833,0.0716379633460,0.0987694154183,0.0155663423153,0.2847362214912,0.2832064851204,0.1615872733574,-0.0641336888317,0.2912102623313,0.2054965581767,0.0826722875829,-0.4219908732813,-0.1578944423214,-0.0821122583213,-0.0806624462795,-0.1904151084832,-0.2660362737112,-0.4909142027060,-0.3487044849483,-0.2956944601923,-0.1885797436340,0.0062211595435,0.2386236653991,0.1669048240748,0.4460662286422,0.3572875245817,0.2238235208212,0.3869340473302,0.2528849750473,0.2791315093774,-0.0856742464663,-0.0682042973524,-0.1172527009090,-0.1169765608301,0.3344055268591,0.0729276345050,0.3229691638075,0.0296867017661,0.6477116204095,-0.1469584165929,0.1952186544644,0.0765037231599,0.0925784369960,-0.0851375696590,0.2879784726095,0.2467488514402,0.0105961091664,-0.2698592856801,0.2631429131663,0.2067552366071,-0.4365476236861,-0.2483566816213,0.0513108979727,0.0129951811365,0.4905996931520,0.0720798428047,-0.1308008448235,-0.1205667496245,-0.2589747149624,-0.1385555557861,-0.0569142906329,0.3268950044028,-0.0907874849789,-0.3333226557158,-0.1570785378597,0.0064278139876,-0.4063065010126,-0.0728128138904,-0.1142418322928,0.0766943703895,0.2827966521187,0.1788469052769,-0.1230584273078,0.1401522358545
-0.0747446685053,0.3728855885763,0.1255705810686,0.5296084286275,0.2228264882117,0.4242631401618,0.4093947111196,0.2480107537789,0.2838231195978,0.3194243542599,0.1997320575539,0.3087986451793,0.3113347354775,0.5467895191655,1.0000000000000,0.5267119392152,0.4651771682277,0.1501470059781,0.4849417475176,0.0720961858588,0.2257721417099,0.2004953849007,0.0231925670851,0.2171185871350,-0.2082343389758,0.1260488189760,-0.1861469930968,-0.1075085124987,-0.1532692303700,-0.1049971028598,0.3045051528121,-0.0014698312741,0.2825875634942,-0.2090582961952,0.4119017376647,0.3929492790909,0.2085818692521,-0.1368877424497,-0.0557113426615,-0.0923152373751,-0.3495657317073,-0.2872573892466,-0.2758763043879,-0.4124807397803,-0.4776630350314,-0.2763926580379,-0.3275048099465,0.1756342252759,0.3248246659273,0.1717177997688,0.2487669201548,0.3382334718246,0.5658087485752,0.1814236237874,0.4145817647154,0.4191910922061,-0.0186394580214,0.0802872396128,0.2207702510312,0.3101362044239,0.2623627802874,0.2264696924760,0.2927590892589,0.1484256979719,0.5760040330288,-0.0554213227316,0.4772758378935,0.3099510062895,0.5313250943188,0.3167583218727,0.3317074935601,0.2158749833100,0.2452467876232,0.1004474187138,-0.0196253470867,0.0725315697042,-0.2241422827959,-0.1082339169549,-0.1077657549497,0.2863287379969,0.3086587283774,0.1455366027757,-0.2967848090936,-0.1918279840927,-0.4847758204987,-0.2438872271625,-0.0913057903937,0.4050689534859,-0.2993048023363,0.0190136404449,-0.0630667550984,-0.0475000816921,-0.0766747983611,-0.3811756528730,-0.4347878477512,0.2065396653353,0.0206459729490,0.0117635837166,-0.0524535696497,0.0562987134751
-0.3659930504232,0.0741790959277,0.1213246764143,0.3185180351645,-0.1172838355858,0.2057705286230,0.2614626315467,0.2609266189297,0.3003858602425,0.0324738400228,-0.0982261816056,-0.0802029618855,0.2693548013498,0.1359493634928,0.5267119392152,1.0000000000000,0.4722033851158,0.0519814733486,0.6173219009818,0.5330369912766,-0.1265398818956,-0.0200401176993,-0.2841492819683,0.0644698056548,0.0565162048685,-0.0862622199135,-0.0613830629211,-0.0540814267363,-0.3901551838349,0.0473124265951,0.6317705743013,0.2167689868607,0.3324420821760,-0.0906016172930,0.5359035314487,0.5506642444049,0.2072477187366,0.3051312471033,0.1431008020808,0.0290567874493,-0.4850819703059,-0.1659612869375,-0.0057640431080,-0.2184374299508,-0.1959151200964,-0.0918609758839,-0.0388241394131,0.2240057092093,0.2754023425855,-0.2192657830527,-0.1389982672152,0.0871463276040,0.4467710625732,0.0561992554229,0.2094759158401,0.2205988880497,0.0335425744928,0.0677439596411,0.4041130361519,0.3377339632904,-0.0707529956937,-0.0732239764320,-0.0850504082668,0.1002029100872,0.0907506320427,-0.0218115084664,0.8208087865932,0.2231906257454,0.5511972491088,0.5385608634465,0.0594592204599,-0.0848853745754,0.0610837857166,0.4286181215537,0.0049063313769,0.0891749625167,0.0769702884869,0.0930502442320,-0.1761271297632,0.6047536583122,0.2665596125216,0.1706171201363,-0.2310988468097,0.1610297214737,-0.2909821806134,-0.0033192160088,-0.1064687119949,0.4365388422547,-0.2714375004275,0.3614955259737,0.0348341713751,-0.0677799173221,0.0977008693999,-0.1485633349485,-0.2367666596831,0.1889892595025,-0.1485136575161,-0.2738754333129,-0.1610974628999,-0.3832564313929
-0.1591019591472,-0.1207032907846,-0.1399644710940,0.0849988646857,-0.0337145053911,0.0971707720998,0.1514934195082,0.6592485524193,0.5544289733919,0.4704858144778,0.5068053689509,0.4333245026329,0.6394007999811,0.0605598976741,0.4651771682277,0.4722033851158,1.0000000000000,0.5576775867752,0.5885691925063,0.4375245403550,0.2917712162031,0.3960191202212,-0.0022951431504,0.4273675666684,-0.0229772704237,0.1533464379330,0.0069402874109,-0.3932648677471,-0.3990741612265,-0.3403253983252,0.5089688474599,-0.1770383906606,0.3689044185792,-0.3154019808791,0.2074453093658,0.4020942666324,0.0738953725434,0.1128740656663,-0.1578289617419,-0.1796299449680,-0.1739891243396,-0.0256370862195,-0.2800838826000,-0.2470569068422,-0.1648698825017,-0.1257114348107,-0.3504817556537,-0.0477588868102,-0.0614909833138,0.2770120909632,-0.0056098520165,-0.0122113375163,0.2363481470453,-0.0836092841269,0.1680037962926,0.1494494995455,0.3370162354780,0.3788034828627,0.5194324274791,0.5465087947991,0.4409725050359,0.4174510427929,0.3993046556151,0.4473107887378,0.1669503904518,-0.1858003590602,0.4072319149904,0.7749907431802,0.5496936552117,0.5723333632153,0.5679499761979,0.3167647985569,0.4783085214860,0.2580438304760,-0.0332112757972,-0.1216336559660,-0.0303441110224,-0.2512312605920,-0.3033775816547,0.5049641143689,0.0394820540904,0.3368397861541,-0.4309642135933,-0.2557581997944,-0.2767586486754,-0.3664497253647,-0.0927205629204,0.0750941946251,-0.3241815056781,-0.0107281246701,-0.2234133643350,-0.2866189969699,-0.1443318080528,-0.4292942882465,-0.4439119039242,-0.0608827800364,-0.1758556709234,0.1174424442971,0.0513906055253,0.1105815243710
0.1552858462383,-0.2070761281815,-0.2191516017139,-0.1254854307363,0.0786487826607,0.0460864214620,-0.0273546536892,0.6286051145828,0.5769211621982,0.3277599393784,0.5655682487463,0.5027624078700,0.2695932861653,0.1406250207277,0.1501470059781,0.0519814733486,0.5576775867752,1.0000000000000,0.1214246213227,0.2105873966960,0.5175403603409,0.2147197267523,0.3414536511295,0.4563040919536,-0.2372917076789,0.1128202808624,0.0294170183680,-0.1941503879959,-0.1654144066320,-0.4617200950293,0.2339951656666,-0.2568031845027,0.0715134012884,-0.2524745506528,-0.0023747395270,0.1123933692578,-0.1002832675847,-0.1436987994129,-0.0940384158698,0.0035879618399,0.0767785496119,-0.0057632291906,-0.2299802130486,-0.2325941024685,-0.0342809118914,-0.2892120494593,-0.3996440723853,0.0131789556117,-0.1074025819249,0.3327810663853,0.0729390747240,-0.1810939199746,-0.0051877635943,-0.0952049084176,0.0830832424501,-0.0404675744094,0.3852030676174,0.4016115338903,0.4166299263800,0.3958321898523,0.4383150336298,0.4602105089898,0.4099927145401,0.2059485531930,0.0845667882811,-0.0507312286770,0.0676680530490,0.6927481781024,0.2300352858778,0.4242510145286,0.4855474780495,0.3235716025015,0.5056014592755,-0.0292224368311,0.1970287850274,-0.0353225729203,-0.0783600196346,-0.3171345364929,-0.2040970374962,0.3770957644937,0.0216549355090,0.2996001185952,-0.1331037502304,-0.2225036250122,-0.0498861865724,-0.2719672774966,-0.0442743343066,-0.0107138866215,-0.0129440200786,-0.2106245565598,-0.1471016846812,-0.0267489057567,-0.3461658055638,-0.1781853525426,-0.1548614200747,0.0048947442598,0.0838583276609,0.1909996345077,0.2046214257440,0.3900748615567
-0.4974322441173,0.1338839482086,-0.0658916975649,0.1755052243135,-0.2397876935116,-0.0287613650015,0.1659881292897,0.5551366434704,0.5674867175724,0.2813315615760,0.0966521890423,0.1930448229976,0.3548530925930,-0.0544273673013,0.4849417475176,0.6173219009818,0.5885691925063,0.1214246213227,1.0000000000000,0.5464939736363,-0.1810798979104,0.1504941617334,-0.3458665611547,0.2526704231817,0.3162307134478,0.1184195903254,-0.0464157296593,-0.1570242249352,-0.3739696251872,0.1064609640536,0.3432998073503,-0.0817202535658,0.2158677430411,-0.0104935791519,0.1679115663015,0.3121932815784,0.1937181781343,0.1262138908875,-0.1719528846082,-0.0249179270145,-0.3602627144022,0.0201384630081,-0.2127922499563,-0.0474857574329,-0.3312016660600,0.0707482389053,-0.0131784218634,-0.1661532077073,0.0117118813518,0.0302466709811,-0.1265410343910,0.1017226254585,0.2452376970789,-0.1510961068042,-0.0152186719344,0.1807498269682,0.1081924490466,0.3523649229905,0.6241453746073,0.6546068607570,0.1190897035278,0.1068863958674,0.0890270220155,0.0783685910005,0.1574434364111,-0.2610152874954,0.4617088882503,0.3354513352086,0.8296098380076,0.6184098261784,0.1921649787289,0.0583484756806,0.2619604213031,0.6600270006153,-0.2175210315329,-0.1905748249053,-0.0140795748352,0.0351699487827,-0.2210831190004,0.4740736738850,-0.0029581961952,-0.0061169352148,-0.3667897427406,-0.1632623042538,-0.4298376854145,-0.0843187514409,-0.2243499648290,-0.0386729202040,-0.4664872828868,0.1700454396211,-0.2362257979892,-0.1406439296890,0.2341386122389,-0.4659140281770,-0.3873204520937,-0.1735408875780,-0.3557792657344,-0.1794474260551,0.0264639057426,-0.2171514754050
-0.3553543596442,-0.1650692890684,-0.0786129012922,-0.1469514361073,-0.2856023323715,-0.0991156976690,-0.0171896092838,0.4512974321790,0.4611699808291,-0.0038148505918,-0.0911172518473,-0.0289907818793,0.1679232578225,-0.2594159800175,0.0720961858588,0.5330369912766,0.4375245403550,0.2105873966960,0.5464939736363,1.0000000000000,-0.0737838808878,-0.1097462885505,-0.2665499748219,0.1544838910000,0.5278645946143,0.1646570461819,0.2784699761356,-0.2813780882179,-0.4596379638952,-0.0092361403147,0.4261309814274,0.0401196685316,0.3345436228565,-0.1073686733059,0.1926600602118,0.2962218506175,0.0481282883172,0.4885794889659,-0.0412158423302,-0.0601922353006,-0.2790585058021,0.1005196526023,0.0979138045231,0.2734228434541,0.2457129889925,0.0985746643249,0.0831880734796,-0.0693268951882,-0.1214330791476,-0.0134313551899,-0.2851198656666,-0.1527233338638,0.0302682272156,-0.1544314647278,-0.0991876200014,-0.0695866971846,0.2574060459690,0.2805043635899,0.5167333475028,0.4208406743761,-0.1057708595632,-0.0969375980857,-0.1468030814155,-0.0189580315486,-0.1891511810713,-0.1797076105547,0.3659983967368,0.2508688577698,0.3591916428131,0.7107193677559,0.0281125562399,-0.0858151801240,0.1557546814982,0.7100837834964,-0.0813838690153,-0.1451998414351,0.3005591527803,-0.0420081934703,-0.2962173323906,0.4616759798645,-0.1879467776369,0.1871322900286,-0.2994947549701,0.0081078250438,0.0089048968007,-0.1330873201685,-0.1023354514526,-0.0487995028809,-0.2033096019301,0.3448084505237,-0.1644961435459,-0.2515149937205,0.2089521234656,-0.2341777919771,-0.1813724173136,-0.1101781796204,-0.2502617464020,-0.3336605579231,-0.0504665346778,-0.2590990516083
0.3452106574643,-0.1693719774666,-0.2451239464325,-0.1019487746469,0.1132953541296,-0.0454153518553,-0.0704727965663,0.1764409760657,0.1998181783821,0.2968329339398,0.4904148382342,0.5110104675705,0.0813074210733,0.3961485236824,0.2257721417099,-0.1265398818956,0.2917712162031,0.5175403603409,-0.1810798979104,-0.0737838808878,1.0000000000000,0.4432884615890,0.7427878101535,0.3865385077809,-0.3654195830093,0.3527017845635,0.2388645136417,-0.1242232156357,0.0241219057009,-0.4483046506387,0.2643580860736,0.0482134933187,0.2810972429275,-0.2940528663615,0.1383711459263,0.2006685575827,0.0065835805408,-0.3004347120173,-0.2165412776511,-0.1710306986158,0.1132594868523,-0.1611938826391,-0.0120781624654,-0.3359791704034,0.0288885139684,-0.1938472354391,-0.3709843304773,-0.0865087944501,-0.1136502931953,0.3820540671432,0.0945396319241,-0.1942845085370,-0.0351138152587,-0.1227240572631,-0.0242865759184,-0.0420910714565,0.0966574250471,0.0104643439914,-0.0773282426729,0.0701364827847,0.4349608534844,0.4546733054132,0.5164635509575,0.1198134049372,0.1176740076614,-0.0429646656699,-0.0312389436614,0.3779428267900,0.0753540386467,0.1348380299279,0.6946398132608,0.5911855440488,0.4233449176851,-0.2691808555248,0.4951810387818,0.1998397207040,-0.1212955037012,-0.4121435541919,-0.2357671451724,0.1546344004889,0.3569592756667,0.4222021451595,-0.2159039627502,-0.1446603740187,0.0066299214505,-0.3391225108859,0.0622679777646,0.0771262019648,0.2249069511580,-0.3636970250886,-0.2415292627265,-0.0726612911866,-0.5560611350512,-0.1186980018814,-0.0977658460365,-0.1033824369257,0.1623055755375,0.2816212003228,-0.0845173079079,0.5799182107258
0.0076985467974,-0.0826702539624,-0.2582742256471,-0.0456171544479,0.0132130196426,-0.0338841092251,0.0459986300130,0.2020182040781,0.0326633235074,0.4801920931552,0.4375054101968,0.3831217228818,0.1863793210652,0.2590453899744,0.2004953849007,-0.0200401176993,0.3960191202212,0.2147197267523,0.1504941617334,-0.1097462885505,0.4432884615890,1.0000000000000,0.5281395092040,0.2821461050227,-0.2487452030432,0.2868481204182,0.1518443882686,-0.0599035464768,-0.0086434127809,-0.0795850969998,0.1999912855956,0.0291875905571,0.1779629730084,0.0006019669987,-0.0105070324066,0.0726706583503,0.1506441698457,-0.2361069741491,-0.3204117550931,-0.1029078103836,0.1904016457952,0.0004905371389,-0.2584950150646,-0.3206998800439,-0.2545468617028,0.2769021026725,-0.1039557993115,-0.2001304411319,0.0429345379101,0.2485750016540,0.0734227815233,-0.0376616549090,0.0497161487966,-0.1142673463062,0.0250679822716,0.0593170064082,0.0285168137624,0.0839031873152,0.0024143853214,0.0626716876947,0.4956589381511,0.3364405284120,0.3749166536741,0.1045892661125,0.1410218016266,-0.1740064661756,-0.0139311566200,0.3243976970090,0.2207751652209,0.0549632945776,0.6709421367903,0.6782196826717,0.2878988939089,-0.0773845141296,0.2328201033616,-0.0121491374286,-0.0329328947698,-0.2445568423572,-0.1112979384974,0.1309052565427,0.3193991642695,0.2236963893772,-0.2072430880756,-0.2343397077021,-0.1241496028719,-0.1429724505147,0.0770219053571,-0.0801193617069,0.0218491749763,-0.2723473367961,-0.2993934449502,-0.1454103243758,-0.2843016801131,-0.0832075939246,-0.1297630436749,-0.2336863366401,0.1675843874580,0.3930370527880,-0.1735150642597,0.2725159690875
0.3679350894152,-0.1446492570692,-0.1505468013790,-0.0891731835942,0.1505078885629,0.0220334805484,-0.0201655355426,-0.0659844490137,-0.0110089878429,0.2687678510835,0.4223850346324,0.4851723829812,-0.0292539169509,0.3255902472632,0.0231925670851,-0.2841492819683,-0.0022951431504,0.3414536511295,-0.3458665611547,-0.2665499748219,0.7427878101535,0.5281395092040,1.0000000000000,0.2869440019765,-0.3776836523880,0.3696843841460,0.4176244603761,-0.0065399757754,0.1204296911015,-0.3605878850924,0.0672397162641,0.1839759548099,0.2025093730728,-0.0454987532972,0.0603684900575,-0.0021840010150,0.1211742166975,-0.3803303875367,-0.1076234572200,-0.0466234795284,0.2937639771850,0.0313268119977,0.0647102577165,-0.2399600105666,-0.0791494746252,0.0567795070173,-0.1481973216345,-0.0733450531206,-0.1097768198464,0.3495964146624,0.0959504405460,-0.1867702637001,-0.0980734840919,-0.0099007719991,-0.0615123279628,-0.0218483468708,0.0153112955600,-0.1809258072948,-0.2726193050308,-0.1554329777984,0.3845160644358,0.3132760478253,0.4417668514497,0.0311318599777,-0.0293654893585,0.0064482576953,-0.2156667552264,0.1188021673072,-0.0931392433721,-0.1097730265599,0.5344153125175,0.6430407038913,0.2896670830587,-0.3355282502502,0.4272997910048,0.2164903746974,0.0819472929838,-0.3918968180213,-0.2023355641073,0.0070397038324,0.3918229923245,0.3000639336953,-0.0804538681163,-0.1012975534733,0.0108936677400,-0.0934505949563,0.1782290709406,0.0626458701028,0.3492032871894,-0.4085982676339,-0.1378691958588,0.0462244843634,-0.4633893365852,0.0318955815827,0.1394608477220,-0.1352129873488,0.1536987694733,0.2499192314684,-0.0614875576801,0.5447282751675
-0.0186833496342,-0.2225027221434,-0.2962638225015,0.0313577740928,-0.0334072941172,0.0499924322568,0.1596542666082,0.3289084934837,0.6386769619110,0.3515061118106,0.5155316080517,0.4108305356679,0.3607410177406,-0.0161133038328,0.2171185871350,0.0644698056548,0.4273675666684,0.4563040919536,0.2526704231817,0.1544838910000,0.3865385077809,0.2821461050227,0.2869440019765,1.0000000000000,-0.1292273969383,0.1152366973697,0.1977762749459,-0.1751140313790,-0.1297918669677,-0.3458739744454,0.0137529557173,-0.2922601355351,0.0394453822577,-0.1673230570055,0.0283876614475,0.0687140634606,0.1639339714590,-0.1214053592847,-0.0963817738973,-0.0550559303655,0.0377207750987,0.1458317517868,-0.2222859963051,-0.2304429603756,-0.2007872081335,0.0017249506968,-0.2466947435314,0.0076278817292,0.0215421798137,0.4087692085277,0.0404416751843,-0.1390541983240,0.1649427865342,-0.1866851116422,0.1568532524182,0.1183145762149,0.4306760357828,0.2499442331577,0.3358737424321,0.5338093813339,0.3667012927890,0.5633060764214,0.3688451837814,0.2383356238202,-0.0589722212129,0.0014260543287,0.0511490375780,0.4826122351000,0.3845203241258,0.4073131043556,0.4381043661847,0.4260940576035,0.8011235258349,0.2150665825839,-0.0110477937751,-0.0819096806288,0.1224711458361,-0.1899830514313,-0.2168125960250,0.3058916395949,0.0250394331290,0.2887835211439,-0.1064045118037,-0.2521838525886,-0.0825550859982,-0.1304018403530,0.0903918304103,0.0513436971791,-0.0177614885595,-0.0381472006886,-0.0496969423244,-0.0586713027786,-0.1601511830464,-0.1614312435946,-0.1251337792727,0.0079076513649,-0.0238866806371,0.1607586568972,0.2728864433245,0.4103703611215
