1.0000000000000,0.4687082437904,0.7011375776796,0.5251452614556,0.7134021398358,0.5135330057961,0.3140106298655,-0.0287001424572,-0.2403728087868,0.0784918356165,-0.0589238896539,0.0836859976023,0.0862283340611,0.8077625179748,0.4877971641581,0.0708368332647,-0.1330655770733,-0.0876672295096,-0.1140147096382,-0.3080841919638,-0.3483643779358,-0.0719750336180,-0.1332777225323,-0.2669929218660,-0.2681860481941,-0.2786709471058,-0.3067663681800,-0.1069682331985,0.0871418863853,0.0510262150478,-0.3122486403747,-0.2822996611930,-0.3193688626534,-0.0467937402255,0.0554138267461,0.1051333943376,-0.2867762310433,-0.3497669301484,-0.1827220675000,-0.1882952564734,0.0702923432641,0.0572118167897,-0.1691781260369,-0.3339662971896,-0.3468131380837,-0.1466481814065,-0.0417498228659,0.2627462248783,0.4201745999920,0.0022756764162,0.8386284689284,0.6117972075937,0.3436807513303,0.5104085553217,0.2277397424639,0.3595864522529,-0.0626255799861,-0.0843426872138,-0.3161293433690,-0.2612639458609,0.0974994370347,-0.0378027875870,0.1324289777889,0.0973583182850,0.3634181475859,-0.2448944493506,-0.1566117267615,-0.1624721657236,-0.2070986240482,-0.3149976311603,-0.1811472237039,-0.1304332165989,-0.2945555213915,-0.2823884898412,-0.3798040571220,-0.1747062751834,-0.4155375569884,-0.1082708870169,0.0615893131874,-0.4126011848388,-0.2220484174525,-0.3387768681171,0.0002076895386,-0.3127303158694,-0.4597419163052,-0.1085119153962,-0.3735188736801,0.0748630286385,-0.4364662316996,-0.4621189656721,-0.2721016539581,-0.2734855299067,-0.3846005369087,-0.2420812114283,-0.0999780467377,0.0562774627005,0.1848323424074,0.0310837938825,0.1991122348046,-0.2004815375982
0.4687082437904,1.0000000000000,0.5723054892336,0.4126337105770,0.1885832691100,0.1507381284039,0.0028239531837,0.0397311612160,-0.3549750650977,0.1010474088391,-0.2648335997608,-0.1432999176341,-0.1161225856724,0.4663265612169,0.4730368531941,-0.1526213196119,-0.3046678135664,-0.1221221701600,-0.1806171517778,-0.4873787121245,-0.4364814999246,0.2194343727799,-0.3177112697982,-0.4448673465361,-0.4139912054178,-0.3803191622828,-0.4847679389262,0.3899146221328,0.4877426316028,0.5540213498500,-0.3706576383830,-0.3682033593119,-0.4276667272443,-0.0244665743411,-0.0651237752681,-0.0554515443477,-0.3135357365619,-0.5143252501912,-0.2033848500223,-0.2077800827236,0.0758778527438,0.1571248089646,-0.3702119543267,-0.5385796070481,-0.4134720223525,-0.2443959240231,0.0188480818558,-0.1664366326957,0.2311133572762,-0.1177733213182,0.3085593509915,0.8653668200471,0.1026480502214,0.2110496398988,0.0634186403918,0.0976726711314,-0.0518286689336,0.0373044398040,-0.2830341049470,-0.3819233791301,0.1078353334486,-0.2715246801240,0.0006663624891,-0.0614730164618,0.5255381049994,-0.1478759437288,-0.1710412616676,-0.2539161345330,-0.2100832283404,-0.4675390295906,-0.2037368790934,-0.1886786203225,-0.3769480834705,-0.4519552550076,-0.3151945233504,-0.0089300374957,-0.5450021786488,0.4044697546773,0.5340325450593,-0.4201315641355,-0.2642515341737,-0.4437394057322,0.4918876413780,-0.2909102106130,-0.1945643245112,-0.0492740398631,-0.4211092695175,-0.0775463874691,-0.3994058029664,-0.4291330471707,-0.1858010038290,-0.2264610770755,-0.5830640430538,-0.0456414244562,0.0216009524067,-0.2071606763245,0.4011408961185,0.0760632415758,0.2064643000263,-0.0991111934855
0.7011375776796,0.5723054892336,1.0000000000000,0.6218642625547,0.7163075440322,0.7742001368357,0.5517001461236,0.0997931346130,-0.2192188668736,0.1316017852669,-0.1220140915616,-0.0653373804147,0.1449338168252,0.4910290038854,0.4898267968191,0.0859570435377,-0.0033851983703,0.0799703896824,-0.1108659260806,-0.3095728744247,-0.3600566286949,0.0137498581512,-0.2524061278291,-0.2048987269560,-0.2580977212121,-0.3049997541902,-0.2482477912867,-0.0313467552438,0.1284159332883,0.1212117953312,-0.1692060712251,-0.2488179624436,-0.1344891357087,-0.1840994229995,0.0564167640816,0.1407288066779,-0.2550820395288,-0.3953903032559,-0.1693521859093,-0.2287992723015,-0.0876586176066,0.0968701528521,-0.2751683158348,-0.3948693319375,-0.3368716036522,-0.1250810181130,-0.0501965955144,0.3266564012595,0.3838564095197,0.0004119194567,0.6566623097005,0.6646532817644,0.3865441720662,0.8311323580489,0.5885702999818,0.5892785527530,0.0501401382230,0.0343039746367,-0.1898746892724,-0.2354417412282,0.0866957108811,-0.1064589456551,0.0661057414195,0.1812015529561,0.3127037540329,-0.1458256805240,-0.0663719222489,0.0615965306543,-0.1590337792854,-0.2487637132645,-0.2275820021750,-0.2082259877700,-0.1976207342204,-0.3207582231443,-0.3492277531255,-0.2587183564806,-0.3517243849107,-0.0212837110860,0.1048324774918,-0.2411275920962,-0.1207550434789,-0.2536266188084,0.1166344476704,-0.3138961122776,-0.4001494444590,-0.1802029662771,-0.3342117874225,0.2306156905341,-0.4707859227426,-0.4300182214185,-0.1721712751599,-0.1971326624728,-0.4181713780824,-0.1260243974866,-0.0338856955392,0.1798313108762,0.2502304780233,0.0704172087663,0.1806471644318,-0.1658822242922
0.5251452614556,0.4126337105770,0.6218642625547,1.0000000000000,0.5723155006213,0.5313039590611,0.6674478739335,0.2021309320474,-0.0483977267725,0.2648015003789,-0.0850481886664,0.0211937597971,0.1846057681086,0.3902766894204,0.7285519544602,0.4798333204366,0.1592171258110,0.0885444691692,0.2167508962871,-0.1045119280716,-0.1165421089108,0.0694475358654,-0.1757759146712,0.0186336300142,-0.1309809936887,-0.0756361887953,-0.1318712102461,-0.0626089449370,0.0556589732883,0.0504537665675,0.0249379203076,-0.1418254537632,-0.0354625003243,-0.0029087505404,0.2259551558416,0.3923071872773,-0.0612881152804,-0.1772594432959,-0.0068388392457,0.0028566592681,0.0564782652437,0.1726912600349,0.0688305893214,-0.1502850198609,-0.0986957511168,0.0645284763641,0.0940219547925,0.2738005516652,0.2983095029115,0.2484333927974,0.5031930282762,0.4601332897634,0.6465881873889,0.5642309611472,0.4712082576409,0.7204142752560,0.0798327314966,0.0594068118294,-0.1330938487742,-0.0974672706823,0.0639141938012,-0.0836404907132,-0.0151245531478,0.0130441656007,0.2257377395966,-0.0279445387895,0.2429178643181,-0.0059061982033,0.0919289178440,-0.1064110174480,-0.2285797339766,-0.1962738923270,-0.0992235592218,-0.1822520925126,-0.3081021779301,-0.0866730489281,-0.2709799435334,-0.0516844781001,-0.0323103493929,-0.1498439073825,-0.1126769238628,-0.1557047669290,-0.0125664347237,-0.2363524643310,-0.3453489643473,-0.1270025273560,-0.2346577494887,0.4289414609143,-0.4320309052257,-0.3336045836034,-0.0691243132405,-0.1438598650275,-0.2379752419127,-0.1109237600471,-0.0696703537986,0.0776955908281,0.0698173517642,0.0122930231219,0.0144368558979,-0.2104204901703
0.7134021398358,0.1885832691100,0.7163075440322,0.5723155006213,1.0000000000000,0.8310478613810,0.6591689859539,0.1276909001544,-0.0444001820745,0.0605953187873,0.1966027611356,0.1957924492543,0.2498969778717,0.4972655791886,0.3936302816293,0.2373081950608,0.1506772522125,0.0972043917004,-0.0277233585782,-0.1618293234949,-0.1597275151403,-0.0706235694676,0.0846062412615,-0.0653451144971,-0.1430112085998,-0.1624654013237,-0.1174051382797,-0.3046480842159,-0.0031438573384,-0.2505334597356,-0.1638668216027,-0.1058962616697,-0.0517319014431,-0.0728907620472,0.1781273419487,0.1546013338787,-0.1477437473885,-0.2553700037016,-0.0917537281518,-0.0285119011770,0.0647480363707,-0.0059272061641,-0.0459509994470,-0.1962604276783,-0.2498800060907,0.0169618683072,-0.0030793892659,0.5447040077120,0.4030727685207,0.1201814068266,0.7981424012366,0.3222645181525,0.5245345271623,0.8002582888749,0.6507522921716,0.6722094830855,0.1395978763899,0.0330559291253,-0.1155456877225,-0.0809029897132,0.0299742188555,0.1628762728265,0.1318990072986,0.2110058801493,0.0678805396985,-0.1685099091109,-0.0355554435059,0.1196154029446,-0.0841238044707,-0.1408116143231,-0.0837584739918,-0.0449404917843,-0.1333806370850,-0.1552192997274,-0.2858170630422,-0.1645159025145,-0.2570101653143,-0.3129169142012,-0.0748916546026,-0.2232169595094,-0.1278259495498,-0.1697740175271,-0.2465857297990,-0.2598797726853,-0.4183758020886,-0.2407389869392,-0.2385141355715,0.3043974278249,-0.3832923996055,-0.3954485179671,-0.1504012049517,-0.1866631900020,-0.2387082071146,-0.2003352488989,-0.1768687492453,0.3618492844269,0.0650299895487,0.0288876333358,0.0100211584203,-0.2373185179164
0.5135330057961,0.1507381284039,0.7742001368357,0.5313039590611,0.8310478613810,1.0000000000000,0.7799375195965,0.1810385544485,-0.0119460446570,0.1497349912466,0.1015587202795,0.0406709043796,0.2778222501990,0.2710800645308,0.3165166254053,0.2467434965819,0.1979312937342,0.1508696158132,-0.0119274881090,-0.0876937797158,-0.1427737357196,-0.0803373511334,-0.0550248741810,-0.0398234993668,-0.0679346267843,-0.1918327264226,-0.0623455438573,-0.3156432341564,-0.1051639365069,-0.2664852659763,-0.0209088497329,-0.0682684568770,0.0771428950202,-0.1835882462231,0.1592691883339,0.1883445054040,-0.1315809371862,-0.2070771172295,-0.0893544113566,-0.0959972488205,-0.1144375303238,0.0324362935437,-0.0899077015504,-0.1611341479957,-0.1673065589234,0.0256372962058,-0.0518258376765,0.5813850932741,0.2632036395574,0.1447514858948,0.6215048880874,0.2575075095424,0.4759458986195,0.9235939112960,0.8631485336337,0.7304829685949,0.2225410298757,0.1120869513569,-0.0443030960540,-0.0322270749448,0.0528066742429,0.0629954157044,0.0566220912637,0.2451720645733,-0.0050914047733,-0.1004818125218,0.0699922917923,0.2259919905937,-0.0113508375851,-0.0163631276537,-0.1264882125504,-0.1245438489952,-0.0402412165909,-0.1159299392051,-0.1800457719847,-0.2002415930011,-0.1284862046428,-0.3123096842861,-0.1863821403568,-0.0770072471616,0.0007869164743,-0.0204567007268,-0.2377978088633,-0.1608157263984,-0.2789191932972,-0.2764929728388,-0.1886860517032,0.4223020180898,-0.3232840712130,-0.2826655832683,-0.0816547636896,-0.1726388549755,-0.1842242371911,-0.1727800574668,-0.1551281357058,0.4335608665435,-0.0149635886275,0.0093447166919,0.0126196734051,-0.2013352555961
0.3140106298655,0.0028239531837,0.5517001461236,0.6674478739335,0.6591689859539,0.7799375195965,1.0000000000000,0.2352614841042,0.1980715705851,0.1300316979499,0.0801406588639,0.0523113800078,0.3232999633037,0.0834101506329,0.3625327647373,0.3983692576153,0.3387583598269,0.2816100766252,0.1893823447887,0.1445683117506,0.0285659394484,-0.0683306994121,-0.0001902204524,0.2191959502994,0.1410718103722,-0.0220288006925,0.1527347736772,-0.3768758391099,-0.1661795335936,-0.2954470460199,0.2034089236745,0.0353203031500,0.2540679402058,-0.2347009584014,0.2053136083339,0.3288770840724,0.0107576537584,0.0060693098333,0.0646777654621,0.0003165304329,-0.1545411706697,0.0247249646834,0.0203891597507,0.0479836514437,0.0537238249871,0.0916480093856,-0.0334480341940,0.4980896903665,0.1957410739353,0.2075612424467,0.3931970666435,0.0777020781470,0.5566693742749,0.7262370875969,0.7869335588141,0.9170963484717,0.2423947706994,0.1320080458112,0.1111724190456,0.1656723945353,-0.0510167273039,0.0935442336681,0.0056415794849,0.2210499525155,-0.0915578207455,-0.0166137871974,0.2782351846660,0.2823963569378,0.1289977333518,0.1620658059736,-0.1330397530034,-0.0808735847088,0.1445022281209,0.0585193445811,-0.1347348880515,-0.1665599503665,0.0522576036195,-0.3795401009410,-0.2459476178067,0.1004552347740,0.0265659516441,0.1151193063401,-0.3231568870682,-0.1394076263172,-0.1944430415272,-0.3406500218975,-0.0644817866611,0.5485491893564,-0.2389463028524,-0.1474767760423,-0.0034262188497,-0.1270991468098,0.0153496928128,-0.1359444627960,-0.1200507955322,0.3283999380218,-0.1292807269455,-0.0247659404324,-0.1279403686201,-0.1763491154106
-0.0287001424572,0.0397311612160,0.0997931346130,0.2021309320474,0.1276909001544,0.1810385544485,0.2352614841042,1.0000000000000,0.5203685794113,0.0878215229888,0.1596637984612,0.0610744719143,0.2667061675121,-0.1343693173762,0.0157834586032,0.5969548837218,0.4957121402903,0.4559676948020,0.7633706848481,0.4598306606703,0.2997824277996,0.0216918673550,0.0676584998692,0.2764522976713,0.3865253216460,0.2333202158194,0.2688818742422,-0.0406302547040,-0.0817045460832,-0.1883235460334,0.2236789478246,0.1123073764427,0.1956169676835,0.0234081640516,0.2607780143073,0.3436691905656,0.1105693404569,0.3971667905129,0.0078039715412,0.1014443365371,-0.1398253574244,-0.0318597362531,0.3493985855775,0.3573797247610,0.5072679859644,0.1108562502742,-0.0052691522626,0.0776672243422,-0.2272589878589,0.0220160671290,0.0483483167885,-0.0102439101279,0.1289773285772,0.1628432486056,0.2215853059390,0.2559779203408,0.2447788015771,0.3516518708855,0.3208050561497,0.3849444294562,-0.1726851939225,-0.0007039095349,-0.1662361343573,-0.1242639891236,-0.1773265083796,-0.2062454277980,0.1588146110330,0.2080307053166,0.4721919076783,0.3977139461819,-0.0881037963209,-0.1507534515041,0.1105787860802,0.3753124069230,-0.1371815024841,0.2181364640639,0.2539152841430,-0.0020985828607,-0.1166817562928,0.0208904043522,-0.1025201497965,0.0169219316573,-0.1568558618910,-0.0993092834956,0.1528220163466,-0.1273646138897,0.0185578692693,0.4047638027415,-0.2205698556252,0.2788164967823,0.0137389645030,-0.1134177467485,0.2533895324781,0.0528382363012,-0.1903509884559,0.0182971678345,-0.1746169516135,-0.1884236358034,-0.3063225841581,-0.3140041551809
-0.2403728087868,-0.3549750650977,-0.2192188668736,-0.0483977267725,-0.0444001820745,-0.0119460446570,0.1980715705851,0.5203685794113,1.0000000000000,-0.2101114845871,0.1988358189148,0.0974240790334,0.1918217266098,-0.3433846048657,-0.2661632190461,0.4429265726408,0.5181701105448,0.5382134885518,0.6452652462122,0.8605700418697,0.4372035853314,-0.2460431401562,0.2767014267849,0.5634949857800,0.8774029658487,0.2629631666049,0.5442483024565,-0.3085397277336,-0.3087719478293,-0.4104026169729,0.4618460646503,0.1959697682601,0.3499678053935,-0.1663425113789,0.2486512435638,0.4432829205622,0.2387647533296,0.6737239119548,0.2251788845051,0.1128590274017,-0.2407891435443,-0.1668725985129,0.3158120053711,0.6186692143576,0.5851848068936,0.0011375905570,-0.2158771798296,0.1730357644931,-0.2651748119134,-0.0496384160614,-0.1596680744248,-0.3682133038956,0.0597971666186,-0.0307363663140,0.0799976400860,0.1499209861347,0.2805640571013,0.2561494269767,0.7010909335742,0.9524746329419,-0.4090831587073,0.2069345285537,-0.1923232179987,-0.0347480924536,-0.4048609443058,-0.1155070029620,0.3499304088674,0.3707748452608,0.6212743501822,0.7725467483776,0.0637274304575,-0.0576941902029,0.5060601798548,0.8506227107648,0.1100766085038,0.1122437104638,0.5915551875260,-0.3255028012979,-0.3084979594217,0.3723162251678,-0.0331026371574,0.2040294430923,-0.4725010680647,0.0601339473225,0.2881759668035,-0.2658344666339,0.2340094652311,0.3748030858466,-0.0042860192331,0.5214147754803,0.0399339304049,-0.0582977658728,0.6004047278380,-0.1097295572933,-0.3441676906503,0.1881354200880,-0.3066394491773,-0.3125796391377,-0.4757804912736,-0.2341210408531
0.0784918356165,0.1010474088391,0.1316017852669,0.2648015003789,0.0605953187873,0.1497349912466,0.1300316979499,0.0878215229888,-0.2101114845871,1.0000000000000,0.2800464658312,0.4906554957158,0.3913546666911,0.1755584725903,0.4433532207481,0.1162174768364,0.2263042113292,0.0982362906654,0.0684002183454,-0.2002025352353,0.2921758019906,0.5580787324731,0.0532042092893,0.2561706659119,-0.2272824424737,0.1917805982722,0.1452361432001,0.0674596268769,0.1341447865504,0.0548112346658,0.2066751543314,0.2123822599980,0.2735528231999,0.2061270441640,0.3852339683319,0.2903182922232,0.3745964764196,-0.1110240978380,0.2134390963902,0.0483907129236,0.2136425943519,0.2817255544253,-0.0293433801900,-0.1680985056937,-0.0875878559425,0.3334763257433,0.2781670271912,0.0618936422310,0.1352900349549,0.3754929154923,0.1033872528238,0.0816808243597,0.0720177194418,0.1536874854563,0.2560738815406,0.0979373753530,0.1001698077789,-0.0819687811499,-0.1306699272287,-0.2184935425636,0.7350313824927,0.2973925444603,0.4449891653038,0.3247302377902,0.1145643359550,0.0441696040403,0.0572597497439,0.1545607698747,0.1415282937832,-0.0752810638927,0.2911247227411,0.4116424361291,0.2270353719118,-0.0301036510917,0.0325361476139,-0.0472123498627,0.0619863525844,0.0406511965900,-0.0048691297292,0.1795642002744,0.0501808230352,0.3043689196647,0.1034533876905,-0.0936852119411,-0.1967550210676,0.2241994308583,0.2427694826340,0.3473887720476,-0.0846202431686,-0.0589533034570,0.3680015469293,0.1050800431814,-0.1554344374251,0.0727846211932,0.3335438107670,-0.0036684724874,0.0931142812099,0.2567874488799,0.3735037619336,0.3237177507237
-0.0589238896539,-0.2648335997608,-0.1220140915616,-0.0850481886664,0.1966027611356,0.1015587202795,0.0801406588639,0.1596637984612,0.1988358189148,0.2800464658312,1.0000000000000,0.7522111917911,0.4379308979556,-0.0508226551527,-0.1008008646185,0.1555838192884,0.3503828792517,0.2023383902598,0.0891086763815,0.0591670018944,0.4028519230505,0.2003067003832,0.7641028977999,0.3966039798918,0.0163135811604,0.1921456312981,0.3565306951128,-0.3897542355060,0.0858536661805,-0.4529874143884,0.1138301930340,0.3887751350117,0.2218924521917,0.0509877818707,0.4020030617549,0.1117423885991,0.3583976630783,-0.0150249309978,0.3253896107311,0.2491660216243,0.2412506550169,-0.1013502242439,0.2659929908035,0.0017037235033,-0.0595533009727,0.2231659137080,-0.0224422766272,0.3660702278359,-0.0643680658678,0.1468579730861,0.0478465344943,-0.2455317468719,0.0625300101185,0.0520942395965,0.1738513766360,0.0430617833472,0.1787160517172,-0.0100615854662,0.1302977500788,0.1568069291025,0.2636884025320,0.8238831808713,0.4473703859720,0.3590286027192,-0.3047989517385,0.1060041152795,-0.0332542274398,0.2404391180571,0.1502931517233,0.0775643485008,0.4731245207909,0.5809404299906,0.2866996424185,0.2495999361590,0.2037897928377,0.2206239060384,0.2811949751639,-0.4024715528581,0.0144682414740,0.2325362161651,0.1138137797569,0.3209706448221,-0.3631812002861,0.1378503809080,-0.0108872229400,-0.0895609410878,0.3663356859728,0.2373354926108,0.2196338949345,-0.0023486266578,0.3384978837677,-0.0550153297095,0.0373567595814,0.0596119051271,-0.1328832659170,0.3950988243695,-0.1729134542338,-0.0404838999824,-0.1085135189282,0.1278689097797
0.0836859976023,-0.1432999176341,-0.0653373804147,0.0211937597971,0.1957924492543,0.0406709043796,0.0523113800078,0.0610744719143,0.0974240790334,0.4906554957158,0.7522111917911,1.0000000000000,0.5251560077639,0.1294424685512,0.0700188365507,0.1514640467153,0.3260020859247,0.1402153783415,0.0907555387798,0.0207673528897,0.4834767116089,0.2568982904226,0.6842457591812,0.3638716438259,-0.0134774257898,0.2889859603562,0.3270430352598,-0.1956260392388,0.0997449381549,-0.2556671252892,0.1192948739398,0.4849807213195,0.3358982766784,0.2200704577160,0.3903907691563,0.1373063694900,0.3374097521545,-0.0086713514794,0.2460354361901,0.2190895489452,0.3245941376860,0.1188487123492,0.1954392060009,-0.0042471975899,-0.0541693535592,0.2366623692365,0.2660888162267,0.2617287130849,0.0886594845821,0.2945330891773,0.1464535324079,-0.1358081021820,0.0520337664964,0.0150371765318,0.0560348090843,0.0212474826475,0.1777396402996,-0.0850356238188,0.0627599980849,0.0691789125138,0.3825288073443,0.7652727765248,0.6057612258856,0.3850727409227,-0.1243550957729,-0.0069297486550,-0.0353142166768,0.2335202613963,0.1334377001725,0.0511160192600,0.5062762852216,0.6489030332809,0.2353229537116,0.2401500851874,0.1459357661180,0.1210522371623,0.1721417546891,-0.2630941761900,0.0248973284607,0.1961233675078,0.0851854489075,0.3212415178551,-0.2343292859429,0.0103094453460,-0.1417225646210,0.0817954123368,0.2338463671119,0.1822063226955,0.0698210408272,-0.0591339525486,0.2261700107246,0.0084281301274,0.0129467865079,-0.0087146606371,0.0679935557900,0.2269748633545,-0.0603357656092,0.0164228888785,0.0731285211733,0.1689146638007
0.0862283340611,-0.1161225856724,0.1449338168252,0.1846057681086,0.2498969778717,0.2778222501990,0.3232999633037,0.2667061675121,0.1918217266098,0.3913546666911,0.4379308979556,0.5251560077639,1.0000000000000,0.0997722821099,0.1380846568560,0.2945883891973,0.4608617610440,0.1980106619580,0.2195614247443,0.1622934919856,0.3001789428409,0.1543844089140,0.2540573141377,0.3918346092497,0.1331996539533,0.1989634917288,0.3907569401509,-0.2617890620655,-0.0736408229432,-0.1848986077838,0.3204999036791,0.3080426854036,0.4779124316140,-0.0384691097677,0.3241612956544,0.3170403454417,0.2824737445612,0.2022983646767,0.2482652472087,0.1787135662603,-0.0159428949218,0.1218801853749,0.2007443894173,0.1936140914163,0.2058179288478,0.1441110059443,0.1511099492572,0.3375429059924,0.0874084518464,0.2528271328868,0.1249678602143,-0.0955427159777,0.1234753947698,0.2591692143458,0.3006033294659,0.2561618849433,0.3384336719098,0.1268387065554,0.1839784452120,0.1508301492476,0.2391841628290,0.4636433383526,0.4878614057911,0.6709223614071,-0.1985790818763,0.0357279511044,0.1531177809329,0.3413655463039,0.1805319746078,0.2112897904586,0.1115493718411,0.2963586019933,0.2646921550644,0.2245826545754,0.0098945132476,-0.0440853699492,0.2511304358868,-0.2543086105430,-0.1696244345158,0.2211085136968,0.1292330478587,0.3763129969057,-0.2297233866198,0.0019019444754,-0.0063447819806,-0.1415833147519,0.1861878661155,0.3926461095638,-0.0461550136868,0.0771443264916,0.2379907911784,0.0366307876333,0.1895810717064,0.0270024267678,-0.0019236039187,0.2248646030315,-0.1342247024541,-0.0133935318012,-0.0869985599238,-0.0268781460870
0.8077625179748,0.4663265612169,0.4910290038854,0.3902766894204,0.4972655791886,0.2710800645308,0.0834101506329,-0.1343693173762,-0.3433846048657,0.1755584725903,-0.0508226551527,0.1294424685512,0.0997722821099,1.0000000000000,0.6476423258084,0.0223940289573,-0.1664497933048,-0.2256625945406,-0.1901340914530,-0.3839707687719,-0.1999609807396,0.0972480704461,-0.0563817500723,-0.3133904856882,-0.3527773571890,-0.2698354135845,-0.3002522865114,0.0486468696088,0.2542738008868,0.3586806073666,-0.2906957528181,-0.1129163551507,-0.2854321904818,0.0275177385611,0.0438984240967,0.0794434959704,-0.2578642094105,-0.3810462337414,-0.1507868885436,-0.1775308481736,0.2750234088944,0.3099444704181,-0.0773026795970,-0.3889548377124,-0.3946675617299,-0.0713068135655,0.1151970767772,0.2049188050940,0.5009106502552,0.2062161888572,0.6012675949480,0.5022680136286,0.0503064241141,0.2519676111942,0.0086266339509,0.0939391619221,-0.0961414223718,-0.0697957838768,-0.3658109512070,-0.3724799618337,0.1723808817884,-0.0043946729251,0.1964820497098,0.0296994243102,0.3239386962406,-0.2688631049096,-0.2169102458994,-0.2525331496637,-0.2134938286587,-0.3921309146935,-0.0850258790586,0.0252478565865,-0.3728930519062,-0.3430912488915,-0.2447520649924,-0.0189504232590,-0.4116953018195,0.0766788392803,0.2353352355608,-0.4312259022499,-0.1429360947936,-0.2493993409982,0.1573013806590,-0.2303661071492,-0.3560214705187,-0.0306496933697,-0.3872212805784,-0.0362505391996,-0.3998455328490,-0.4584789383984,-0.2622018929086,-0.2858609882227,-0.4479671162413,-0.0323279004759,-0.0285676187767,-0.0585833943502,0.2483033988941,0.1880956666696,0.2486874716608,-0.1354897367622
0.4877971641581,0.4730368531941,0.4898267968191,0.7285519544602,0.3936302816293,0.3165166254053,0.3625327647373,0.0157834586032,-0.2661632190461,0.4433532207481,-0.1008008646185,0.0700188365507,0.1380846568560,0.6476423258084,1.0000000000000,0.2276581505262,0.0415180210706,-0.0538071246689,-0.0121512308988,-0.3138998897298,-0.0650851629409,0.2736409735119,-0.1540633949480,-0.1261160567935,-0.3176324913833,-0.1627872712772,-0.2435636652563,0.1210969278736,0.2657161288438,0.3887571898084,-0.0689434278169,-0.0950939968408,-0.1146255049827,0.0461474084998,0.1701456739206,0.2918997505256,-0.0615866818310,-0.3064794402746,0.0631672675926,-0.0500291499434,0.2562277642552,0.3718683079063,0.0091802213747,-0.3206319659879,-0.2762181912836,0.0814737518686,0.2124092212204,0.2580347917544,0.4365518778018,0.3729948561296,0.3782583894828,0.4241398375862,0.2154508593498,0.3268062229909,0.2340003028363,0.3506288136231,-0.0240384453186,-0.0135556138308,-0.2757573101564,-0.3183779665181,0.2487128737407,-0.0702955523018,0.0876601031679,-0.0396566871103,0.3143598523158,-0.1002916225141,0.0206674193635,-0.1618112001982,-0.0535121350184,-0.3129355790090,-0.1474534615636,-0.0082277146913,-0.2339745668349,-0.3399984602494,-0.2491896499444,-0.0207268611300,-0.3570587186142,0.1484745336135,0.1745203101349,-0.2784218802805,-0.0649991135231,-0.1825105106273,0.2283555215963,-0.2435641841041,-0.3158819410877,-0.0061619348338,-0.2907264900324,0.2227839432483,-0.4250635870821,-0.3757108735399,-0.0245648172722,-0.1088093620065,-0.3939765209176,0.0369840177981,0.0657188006907,-0.0029445768202,0.2122815601487,0.2168161496331,0.1892385526425,-0.1442810413976
0.0708368332647,-0.1526213196119,0.0859570435377,0.4798333204366,0.2373081950608,0.2467434965819,0.3983692576153,0.5969548837218,0.4429265726408,0.1162174768364,0.1555838192884,0.1514640467153,0.2945883891973,0.0223940289573,0.2276581505262,1.0000000000000,0.4060308501487,0.2179637158342,0.7333773727256,0.5108724796651,0.3864470075534,-0.1932384210536,0.1692467010613,0.3157837248869,0.3752785475622,0.3120361140458,0.2655760198156,-0.2359240775390,-0.2656363512953,-0.2646693257330,0.4084834852906,0.3090734677138,0.2772586262494,0.1826057013053,0.4319160183438,0.5960355671113,0.1269871340915,0.4234115326197,0.1971503102556,0.1541067333603,0.0248229817994,0.1551372480754,0.7152430492067,0.4039216974418,0.4800508009564,0.1772642060625,0.0824331009757,0.3228756618068,-0.1078202942315,0.3205381603898,0.1507092212190,-0.1538455442428,0.3386104846266,0.2152986824395,0.2288097652287,0.4105689457243,0.2060886964495,0.1812975921431,0.1863184804292,0.3375710031258,-0.2710235283412,0.0597635910875,-0.2470154096429,-0.1856422813920,-0.2358396287496,0.0135344410616,0.5374031469094,0.0703011170742,0.5502626393262,0.4221923673946,-0.1567336085657,-0.1876954529193,0.1374723660970,0.3060352901275,0.0486029928965,0.2425140912505,0.2703964886189,-0.1964047128950,-0.3160177875128,0.1690832008616,0.2043468147331,0.1502521783669,-0.3185982340293,0.2742223178072,0.1338859657016,0.0365026971425,0.0063301892727,0.6611596387538,-0.0637100113784,0.2315541646211,0.1025775761515,-0.0969834745711,0.2930680833671,0.0136620676074,-0.2630695285557,0.2306551929719,-0.2902608441923,-0.2190911597676,-0.3518929047300,-0.4092123334935
-0.1330655770733,-0.3046678135664,-0.0033851983703,0.1592171258110,0.1506772522125,0.1979312937342,0.3387583598269,0.4957121402903,0.5181701105448,0.2263042113292,0.3503828792517,0.3260020859247,0.4608617610440,-0.1664497933048,0.0415180210706,0.4060308501487,1.0000000000000,0.7197506717639,0.4090863604233,0.4490997198665,0.6046541740750,0.0906746295241,0.3757028866906,0.6220522288162,0.4186573021608,0.3781491579047,0.5837122964331,-0.3172368334921,-0.2227376799909,-0.3238108581908,0.5074665464340,0.3440429674527,0.6549207173362,-0.1499614355168,0.2252707282847,0.3520940285275,0.3534418442794,0.3890905420600,0.3023759709257,0.2032035431966,-0.0288039005478,0.0701233271102,0.2502251354113,0.4076533668106,0.3427504168389,0.2803814304104,-0.0051888942076,0.2826038240819,-0.1250849139595,0.2875136849258,0.0005192525387,-0.2520664010273,0.1730647548245,0.2040974613018,0.3124220458951,0.2528169803370,0.2986921500174,0.1426946139151,0.3969883421036,0.4319889997309,-0.0454628026513,0.3308873635913,0.0448649141584,0.1737071771047,-0.3027866095974,-0.1542787371234,0.1671416844780,0.6731205893034,0.3224557038730,0.4863801529569,0.2730704223510,0.2129901976707,0.4134922362565,0.4619717855286,-0.0006151772954,0.0548359760750,0.4904033822167,-0.3191509196294,-0.2886358723806,0.4308425154977,0.0423095754454,0.4128876298206,-0.2995437074937,-0.1976250789498,-0.0618168304897,-0.2478492805021,0.2603782778979,0.3379288503420,-0.1701603068642,0.1857643287944,0.1179228479503,0.0914611898851,0.3850188173068,0.0302111738704,-0.0658952871873,0.1850899734905,-0.1809290741664,-0.0476654968591,-0.1845117821653,-0.0604029591262
-0.0876672295096,-0.1221221701600,0.0799703896824,0.0885444691692,0.0972043917004,0.1508696158132,0.2816100766252,0.4559676948020,0.5382134885518,0.0982362906654,0.2023383902598,0.1402153783415,0.1980106619580,-0.2256625945406,-0.0538071246689,0.2179637158342,0.7197506717639,1.0000000000000,0.3238719033112,0.3813336209906,0.3917441703087,0.0968196978933,0.2037984311345,0.5935292862105,0.4163001944463,0.2202043437799,0.4399531565926,-0.2472343292273,-0.1160274395926,-0.2957775168782,0.5535041547911,0.1642458666710,0.4497062117296,-0.2689088546166,0.2776093523492,0.3435891122227,0.3663447714632,0.3105490636397,0.3540637852653,0.0059693104252,-0.1270101662443,-0.0588314841539,-0.0297269279595,0.2616230665302,0.3041529807652,0.1082597128511,-0.0761533510359,0.1733646453224,-0.0843903582380,0.0364059505504,0.0349606732557,-0.0178260973875,0.2257299274716,0.1574669795874,0.2705713258588,0.2186776283208,0.1445724728722,0.0665038011458,0.5127331088199,0.4621169162312,-0.0547258155363,0.2087564255666,-0.0024993694056,0.1763524654911,-0.0370731936466,-0.1172253653424,0.1534685463446,0.6603638422345,0.2668187789300,0.4190298932828,0.2041003896183,0.1425973426629,0.5167612494637,0.4436262695633,-0.0870970705844,-0.1415315668781,0.3842253142104,-0.2841914263561,-0.1442326428712,0.5332782997496,-0.0176992713247,0.2357145657699,-0.1960996703584,-0.2641448655009,-0.1093246017872,-0.2498831160980,0.3251300703908,0.2984002817900,-0.1932836673604,0.1391982226433,0.1662226087553,0.0543879730948,0.2861468821691,-0.0693008835381,0.0087331041745,0.1483349270729,0.0151306969027,-0.1023955456164,-0.0714080812081,0.0719536990552
-0.1140147096382,-0.1806171517778,-0.1108659260806,0.2167508962871,-0.0277233585782,-0.0119274881090,0.1893823447887,0.7633706848481,0.6452652462122,0.0684002183454,0.0891086763815,0.0907555387798,0.2195614247443,-0.1901340914530,-0.0121512308988,0.7333773727256,0.4090863604233,0.3238719033112,1.0000000000000,0.6862487076347,0.4330381245546,-0.1203706271964,0.0995024123493,0.4625794050443,0.5373295817261,0.3965046877149,0.3646292375341,-0.0516926227427,-0.2355966289928,-0.2298198430301,0.4154535611605,0.1979541368858,0.2383944435268,0.2121310356187,0.3485972598779,0.6042006542507,0.1728819773911,0.6005845591327,0.0986951256151,0.1577057641999,-0.0967774018697,-0.0114307974807,0.5347256823813,0.5342870983233,0.6557345320022,0.1134208382423,-0.0244394787113,0.0456698083720,-0.2291565010745,0.0181875212814,-0.0669972353492,-0.2278002886659,0.0713391706607,-0.0238208529755,0.0316767760759,0.2249990876973,0.1968462756831,0.2763754806740,0.4032759750080,0.5589131103595,-0.2706022593468,0.0233739071106,-0.2580749384479,-0.2281742330464,-0.2839364882221,-0.1458327567935,0.4761366201639,0.1015368340319,0.7271163415045,0.5627683115456,-0.1013137110005,-0.1829143427454,0.2511240991700,0.5497218431837,0.0209008064700,0.2537297028436,0.3886447996093,-0.0185708063005,-0.2579692031669,0.1825142121970,-0.0318094445576,0.0960711999126,-0.3016397251166,0.1240607288901,0.2397443218306,0.0517431921484,0.1151223310506,0.5130461348965,-0.0485757956261,0.4396573531353,0.0755000922922,-0.0489312816426,0.4476435188130,0.0485468856590,-0.2267310606961,-0.0303181362622,-0.2771712167055,-0.2536524243228,-0.3949178897202,-0.3360389591850
-0.3080841919638,-0.4873787121245,-0.3095728744247,-0.1045119280716,-0.1618293234949,-0.0876937797158,0.1445683117506,0.4598306606703,0.8605700418697,-0.2002025352353,0.0591670018944,0.0207673528897,0.1622934919856,-0.3839707687719,-0.3138998897298,0.5108724796651,0.4490997198665,0.3813336209906,0.6862487076347,1.0000000000000,0.4954139593971,-0.3474451183685,0.1839702401731,0.5193491420612,0.9129276787053,0.4075220039022,0.5755634633220,-0.2625359415689,-0.4860133939506,-0.4091866629254,0.4933396030367,0.2712890081735,0.4279328323343,-0.0506471185627,0.1389032585187,0.4023835121957,0.1825002814449,0.8232130072299,0.1526210009153,0.1321353408767,-0.2377749907192,-0.0973815588766,0.3851630160748,0.7875981000400,0.7469374145823,0.0743164136918,-0.1542698193788,0.0983287557277,-0.3503987565342,0.0129135338278,-0.2309588629449,-0.5074105312146,-0.0233158559142,-0.0983552190764,-0.0230350299953,0.0841772860431,0.3225093394991,0.3391953881766,0.6436879166399,0.8395406222248,-0.4828891204121,0.0901080295996,-0.3076994622177,-0.1362661997427,-0.4737662635714,-0.1195936734526,0.4753420837769,0.3168834477012,0.6609395067649,0.8881872997799,-0.0205976516890,-0.1483117725789,0.4629960454255,0.8476029943813,0.2455322887522,0.1381536642694,0.6577602943028,-0.2731851564607,-0.4769785125600,0.3949023747487,-0.0103275981236,0.2938236042064,-0.5419832489683,0.2004397641271,0.4470607885823,-0.1456913664889,0.2142322607124,0.3214723515798,0.1025714649930,0.6864310284303,-0.0064637730777,-0.0436935566080,0.7546726532552,-0.0882259248983,-0.3076629650925,0.0941639277515,-0.4058686748466,-0.3814282310332,-0.5156683026404,-0.2663730321412
-0.3483643779358,-0.4364814999246,-0.3600566286949,-0.1165421089108,-0.1597275151403,-0.1427737357196,0.0285659394484,0.2997824277996,0.4372035853314,0.2921758019906,0.4028519230505,0.4834767116089,0.3001789428409,-0.1999609807396,-0.0650851629409,0.3864470075534,0.6046541740750,0.3917441703087,0.4330381245546,0.4954139593971,1.0000000000000,0.1381142246271,0.5599288735806,0.6358950556277,0.4110445785427,0.5112211094742,0.5905663773069,-0.1728861107459,-0.1813248456912,-0.2579656703067,0.5002274212000,0.6484661427570,0.6319673233018,0.0309626010747,0.3028322359335,0.3308651826462,0.3512052546864,0.4414061355544,0.1679499330960,0.1114590158185,0.1172853146184,0.1827396029757,0.3955350971754,0.3996197217512,0.3887725449930,0.3016627053782,0.1320990149089,0.1034077966092,-0.1694413254646,0.3524896063186,-0.2860363695954,-0.5076773631918,-0.1757848959974,-0.1960279853418,-0.0604988901972,-0.0678146708943,0.2394349705604,0.0808646407811,0.3588957547284,0.3812342086785,-0.0550561416899,0.4076254376786,0.0419864687508,-0.0257219523921,-0.3899673964696,-0.1531133354074,0.2072390120556,0.3531467971918,0.4264578006000,0.4775451133807,0.4325953113411,0.4365500510505,0.4257088306035,0.5192518366432,0.4259420271023,0.3488027756457,0.5768222123949,-0.1981984077014,-0.1980704157697,0.4667666638000,0.1979380227261,0.5544292390192,-0.3192376242194,0.1192583703089,0.2335387152939,-0.0177338446534,0.2808879566130,0.2403595235129,0.1607238295091,0.3432504266379,0.0790054843068,-0.0046485886971,0.4252712054008,0.1567967051378,-0.0066000966845,0.0379349802738,-0.2830141929411,-0.0451148980557,-0.2626913547578,0.1001651459267
-0.0719750336180,0.2194343727799,0.0137498581512,0.0694475358654,-0.0706235694676,-0.0803373511334,-0.0683306994121,0.0216918673550,-0.2460431401562,0.5580787324731,0.2003067003832,0.2568982904226,0.1543844089140,0.0972480704461,0.2736409735119,-0.1932384210536,0.0906746295241,0.0968196978933,-0.1203706271964,-0.3474451183685,0.1381142246271,1.0000000000000,0.0945498543968,0.1331938700582,-0.3128405150577,0.0399127789025,0.1349342282202,0.3270080491783,0.6394668516817,0.3099992284251,0.0629158826485,0.0926332175029,0.1563502077398,0.0993511048352,0.1832056929732,0.0028822311398,0.2480526753636,-0.2557735257146,0.0559119497875,0.0912180646044,0.3171383822563,0.1169770955245,-0.2214280895984,-0.2881897325610,-0.1879344106404,0.3697667814188,0.3484858788515,-0.1165597334150,0.3246116426303,0.0630610381592,-0.1069205651718,0.1340215942237,-0.1052783708310,-0.0878685967361,0.0744112085510,-0.0775507262050,-0.0785204258018,-0.1386418496086,-0.1441097720932,-0.3021488865390,0.5315350678106,0.2026807870764,0.3452591101298,0.1799402164541,0.1481643500322,-0.1023265661571,-0.2260129102661,0.0298853976393,-0.1518080407819,-0.3114291188186,0.1802111635913,0.5199654237108,0.0875526547941,-0.1342277076331,-0.0879955958393,-0.0572143034783,-0.0274336839461,0.3031973172763,0.4417476898011,0.0470003032416,-0.1253519818909,0.1126134219618,0.2751593784038,-0.2901964673449,-0.1654301082361,0.0379638568311,0.1361055864697,0.0290985538270,-0.1817781466192,-0.2227916654136,0.1767181608202,0.1831527572967,-0.3128354852911,0.3435961928816,0.3850008828795,-0.1303037035140,0.3743807387897,0.3286813029424,0.2606769833401,0.2906703498475
-0.1332777225323,-0.3177112697982,-0.2524061278291,-0.1757759146712,0.0846062412615,-0.0550248741810,-0.0001902204524,0.0676584998692,0.2767014267849,0.0532042092893,0.7641028977999,0.6842457591812,0.2540573141377,-0.0563817500723,-0.1540633949480,0.1692467010613,0.3757028866906,0.2037984311345,0.0995024123493,0.1839702401731,0.5599288735806,0.0945498543968,1.0000000000000,0.3770131063372,0.1472581834386,0.2700838162608,0.4128520843113,-0.3802556567997,0.0695482904283,-0.3594200173185,0.1461095199562,0.5252262633254,0.3607452509292,0.0423787229221,0.1911661905383,0.0246176478834,0.2249685527325,0.0645730843478,0.2246756749338,0.2534780979050,0.3701302036884,0.0713109500237,0.3454058517956,0.1131928518482,-0.0011678477698,0.3503525710382,0.0931800281666,0.2810695375159,-0.0832472998457,0.2549821563437,-0.0399669492081,-0.3616438217352,-0.0994366165717,-0.1017068745305,-0.0173659882141,-0.0745245330522,0.0921695291332,-0.1198660496985,0.1076409078939,0.2061602702530,-0.0541195613206,0.6965211881527,0.2037935985981,0.0828230603858,-0.3527725875832,-0.0205588055418,-0.0829633051610,0.1805460370119,0.0749899469041,0.1334429670296,0.3978165544730,0.6166958392863,0.1878880223870,0.2849487715211,0.2446963959794,0.3806140460802,0.3982479244088,-0.4031720738477,0.0359633934391,0.2223666403045,0.2368044211367,0.3561571167762,-0.3343236853967,0.1389482248145,0.0549606277322,-0.1080934641085,0.2162970262598,0.0781461064447,0.2271600706109,0.0240284786521,0.1213562218933,-0.0552800330671,0.1488871087281,0.1249728476319,-0.1421403817547,0.3087781540672,-0.1850458733738,-0.0194840064904,-0.2009619388948,-0.0077683581368
-0.2669929218660,-0.4448673465361,-0.2048987269560,0.0186336300142,-0.0653451144971,-0.0398234993668,0.2191959502994,0.2764522976713,0.5634949857800,0.2561706659119,0.3966039798918,0.3638716438259,0.3918346092497,-0.3133904856882,-0.1261160567935,0.3157837248869,0.6220522288162,0.5935292862105,0.4625794050443,0.5193491420612,0.6358950556277,0.1331938700582,0.3770131063372,1.0000000000000,0.4738836139058,0.5336051903310,0.7361337458632,-0.2836006311992,-0.2849850480048,-0.4238750411501,0.6343619374976,0.4079392053521,0.5892754290970,-0.0942015711850,0.3813776137935,0.5297189580807,0.5786554422354,0.5288081524292,0.4068667795481,0.1462370399258,-0.1423103608485,-0.0673983793647,0.2066256592700,0.4529345704079,0.4643801558182,0.2255572169030,-0.0521528437102,0.1849843746629,-0.0915410185063,0.0766846342177,-0.1917192646359,-0.3574657660496,0.1466490071763,-0.0398122066539,0.1237109573773,0.1370456312744,0.1279205726789,-0.0463847417190,0.4765138389686,0.5300549490129,0.0716185016659,0.4415642584271,0.1567065275695,0.2396553223909,-0.2672477869957,0.0985538548540,0.2764883533210,0.5006650123500,0.4254278754822,0.5247149804580,0.3052440479813,0.3607874088991,0.7474153096191,0.6132236710295,0.1410243027057,0.0129238858432,0.6321574812677,-0.3163372657276,-0.3118126575589,0.6791145981439,0.0605941996623,0.5148662622183,-0.3467532200168,-0.0407878976066,-0.0167596826251,-0.0982564766049,0.5795861363605,0.4980658463202,0.1012898896937,0.3644681341687,0.3255970256039,0.1530801766412,0.4873436164103,0.0184850984878,0.0651810415451,0.1482742949196,-0.1881738152409,-0.0595528525085,-0.1679267654804,0.2722374968660
