1.0000000000000,0.5174904655648,0.7588136862160,0.5921929130232,0.7386269181334,0.5555684621963,0.3423609532436,-0.2252553463423,-0.2408192215493,0.2384996841688,0.2097656117169,-0.0245237366043,-0.1723571223891,0.7251681544339,0.3413025626046,0.3105423677205,-0.1584938096235,0.1054327523816,-0.0729422563817,-0.1647755722235,-0.0779140086947,0.1902221013782,-0.0393353735049,0.0324760303484,-0.2374207006140,-0.2921273886626,-0.0655533501230,0.1501189027206,0.0328296436591,0.2315096476890,0.0799171652351,-0.1026352838215,-0.0346846847142,-0.2383412814157,0.0858358563239,-0.0227603416405,0.1598525985138,-0.2426349483219,0.0085605748871,-0.1835961673768,0.1914700818539,0.0752296896917,-0.1336743867885,-0.3363148858887,-0.3363025684883,-0.0298447581585,0.0016391356197,0.3061963003109,0.4999019849000,0.1239333318576,0.8726089878406,0.6704078989898,0.4841675485188,0.6489673185406,0.4717789959467,0.4057478720799,-0.0878946751381,-0.1447634331280,-0.0010721650693,-0.2764742176906,0.1154433517259,0.1592626625807,-0.0599884679824,-0.2359265974058,0.4785576018917,-0.1476179811371,0.2191572266319,0.0192833061432,-0.0570794294670,-0.2286623109600,-0.1264598370872,0.0320476126254,-0.0018670556632,-0.2454943750304,-0.3527051552963,-0.3334887250336,-0.2161951915394,0.1061392182455,-0.0903027693125,0.1012406453224,-0.1768276843998,-0.3190181288039,0.0545262742087,-0.2481325748380,-0.4313208484983,-0.2267091582417,0.0597800563901,0.0112981631109,-0.4014155095155,-0.3239703331547,0.0253914223492,-0.1987929864927,-0.3516593090153,-0.1064923775151,-0.1896403552750,0.2672885354002,0.4140922497143,0.0351954247228,0.0341507430667,-0.1392673579897
0.5174904655648,1.0000000000000,0.2974724077436,0.3992481867708,0.2041438527689,0.2219930417083,0.1457716459470,-0.1045381084855,-0.1302327006480,0.3760966451607,0.0442322175960,-0.0409839612994,-0.2309925547126,0.7088346106773,0.5446112778050,0.1675351977636,-0.0728462010678,-0.0383878926363,-0.0950735715867,-0.1607495132257,0.0628476275768,0.3195919190402,-0.0545134426398,-0.0784715293958,-0.0823030042959,-0.0452174970819,0.1354919930470,0.4606881712600,0.4405458235001,0.6722836612591,0.0676979534549,-0.0109323935594,-0.1054358349954,0.1345509917299,0.0137112002190,-0.0438260220179,0.0944679778402,-0.2142396744979,-0.0399660716212,0.1431301290179,0.4622063132956,0.2262500219866,0.0774470207416,-0.0130218329702,-0.1434092829870,0.1502596229366,0.2016890105543,-0.0881657590576,0.4903961517204,0.2906536369738,0.2919812331809,0.7117218920038,0.2375168533793,0.2001377784433,0.1008381186397,0.1462728307465,-0.2279407789758,-0.0625160712850,-0.0754474406849,-0.2262327483315,-0.0743635281819,-0.0832903236800,-0.2151205046078,-0.4025212145205,0.4480103563185,-0.0307426372229,0.0251840961654,-0.0610184555795,-0.1535739105495,-0.2850222041274,-0.2499671378560,-0.0918878683547,-0.0945641972559,-0.2200125160921,-0.3137615480709,-0.3067253498551,-0.1276710669626,0.3137220162937,0.3608258417308,-0.0464050948704,-0.1011454156707,-0.2792244791285,0.2419217416252,-0.1175244430241,-0.2269590181758,0.0375209494323,-0.0417868536664,-0.0576003711807,-0.2761040268487,-0.3301541964877,-0.0424586105239,0.0003837941672,-0.0874927160836,0.0598061688516,-0.2829513589680,-0.0479855289629,0.4941331808400,0.0345374194618,-0.1117902162791,-0.1163807401883
0.7588136862160,0.2974724077436,1.0000000000000,0.5953569664292,0.6581613806775,0.7351107240274,0.5275335715703,-0.1212521978478,-0.1575968178475,0.2004436784127,0.2643747704259,0.0423490611393,-0.0053521536411,0.4400373413331,0.2077106858583,0.3993211818802,-0.0576632778850,0.2097712180696,0.0896614236793,-0.0230615046090,0.0309502920156,0.0321579693370,-0.0269148223379,0.0934805415234,-0.1800634467753,-0.2270065785733,-0.1115583561178,-0.0733374678723,-0.1882909771680,-0.0286693068987,0.1541810494756,0.0428511915699,0.1475380459471,-0.2291198552479,0.1290465590843,0.1357988686495,0.1761025824736,-0.1663705848359,0.0837242974904,-0.2720584143630,-0.0548032064545,-0.0693235936343,-0.1625825151721,-0.3210568168117,-0.2733074855002,-0.0149276688923,0.0380761237479,0.3619152603715,0.2546054313707,0.0893385889202,0.6797362867532,0.4638589445994,0.4269824534274,0.8511063647581,0.6040071775811,0.5332228401836,0.0933187150522,-0.1212831515436,0.1234938695647,-0.1423836328455,0.1857004069304,0.2407590344701,0.0564883583224,-0.0256255427383,0.2416026502580,-0.1715210006237,0.3076910447867,0.1604793074095,0.0381256810598,-0.0266439073461,0.0531825050670,0.0231574975588,0.1495184397409,-0.1016686629529,-0.2096093849180,-0.1243574631631,-0.2649869186787,-0.0149268265044,-0.2893068009143,0.1828473023023,-0.0665605530356,-0.0645837622621,-0.1505589944023,-0.2661924079329,-0.2648982870330,-0.3177475629587,0.0881536737990,0.0850292147307,-0.3618354229911,-0.1621462699551,0.0756575719475,-0.2690135897088,-0.2768075661932,-0.1999571498063,-0.1477924276965,0.3219051400880,0.1235673040666,-0.1436397290306,0.0019255673454,-0.0135733792778
0.5921929130232,0.3992481867708,0.5953569664292,1.0000000000000,0.5716845945609,0.5198991215016,0.6192828633146,0.1637316775813,0.2458979669790,0.3832375635350,0.3490626586069,0.3523339901995,0.2076062439566,0.5218095204922,0.4751305168549,0.7395966958408,0.2754729003878,0.4796594830870,0.4459031362956,0.1933578026873,0.2856586819845,0.0840914356226,0.2131071506673,0.2296042136635,0.0189859098538,-0.0099769219940,0.1699872839241,-0.0320998637585,-0.0825899094469,-0.0188804456534,0.4474374011978,0.0849603658258,0.1697944084389,-0.0412760079755,0.1160666131194,0.2686356715164,0.0749814801146,-0.0678215908776,-0.0596842077686,0.0220989965359,0.1729044592418,0.1740878983485,0.1911369380544,-0.0816715296636,-0.1985079036851,0.1998668574587,0.0675555782431,0.1437084780661,0.2435807953698,0.2671105590760,0.5872205724428,0.4207900587698,0.8056264446945,0.6137853002502,0.4953586098079,0.7989915024540,0.1078605995125,0.1544408088689,0.3975329779669,0.2109247090829,0.0521674552384,0.3205128442323,0.1435990066906,0.0316065090399,0.3216500094850,-0.1066853051515,0.5679517214784,0.3903111774172,0.2624504771512,0.1481455196143,0.0876621906461,0.0596633409734,0.2001411689570,-0.0513465070082,-0.1202427167926,-0.1545145919043,-0.0259419054346,-0.1627413829251,-0.1672495074233,0.4279682182006,-0.0563923926393,-0.1587751318790,-0.1469919223565,-0.1924670121634,-0.2966503943016,-0.1009733507600,-0.1232683992017,0.0391504605635,-0.3042508490991,-0.2359098139107,-0.0575531979457,-0.0469095874874,-0.0736840139309,-0.0808424666419,-0.2677850332985,0.1053844845347,0.0280727682749,-0.0411903363262,0.0160565677385,-0.1178752146669
0.7386269181334,0.2041438527689,0.6581613806775,0.5716845945609,1.0000000000000,0.7736304358192,0.5652560678444,-0.0342081538849,0.0128987548249,0.3812111708760,0.4399384043034,0.2164995871384,0.1901700682833,0.4750628288619,0.3368710520681,0.4607158810152,0.1692505732209,0.4081344529992,0.1962675312612,0.0941870975526,0.1560395427170,0.3626634741927,0.1730904613529,0.3242616946130,-0.0988606831775,-0.1026912741528,0.0730933081350,0.0212492025206,-0.0626719073747,-0.0134216309552,0.3256368446039,0.0991579992300,0.2277980764695,-0.2138820621517,0.2770482297309,0.2628333230471,0.2405194262857,-0.0223099238666,0.1922879179639,-0.1384204542700,0.2305435614190,0.1198193311604,0.0088171475995,-0.2851163257189,-0.2146429155860,0.0014558274563,0.0588376913130,0.5631213545268,0.5482571343474,0.2179556139534,0.7794957891110,0.2996046563147,0.3883043610085,0.7028612825367,0.7389161986407,0.5235881910074,0.1416395328652,-0.0021222678356,0.2151252622148,-0.0440861330888,0.2842969830767,0.3508319250807,0.1301308607139,0.0366549195572,0.2357395958493,-0.0960105057066,0.3562858814675,0.2568203443823,0.0568633349045,0.0136118625228,0.0400863700963,0.1478595676719,0.2521123647121,-0.0707660582720,-0.2231969910709,-0.1888296710042,-0.1050941290867,-0.0417543649672,-0.2186534891171,0.2982810957005,-0.1103784205559,-0.1781136484898,-0.0944946697929,-0.2175487892356,-0.3318385753531,-0.2813703255382,0.0857407889049,0.2328814105567,-0.3727774166700,-0.1233956531744,0.2025779285853,-0.1990463088345,-0.2635989757249,-0.0224269014087,-0.2468933717248,0.4743251653755,0.2420564930758,0.1943448684360,0.1234698894387,-0.0699323359560
0.5555684621963,0.2219930417083,0.7351107240274,0.5198991215016,0.7736304358192,1.0000000000000,0.7686957700952,-0.0287985108298,-0.0057224197602,0.4429660160209,0.4836028939435,0.2381105507690,0.2661553393058,0.3606759963693,0.4115985420815,0.4033947948426,0.1725716129102,0.3321359347322,0.2005129332965,0.0806245511268,0.1753656094170,0.2512500573242,0.1191133547590,0.2738295276034,-0.0796675996417,-0.0650740638900,0.0434484360813,-0.0672065433876,-0.0859715833895,-0.0434804880156,0.2629189598294,0.1485802761233,0.3244549217096,-0.1891160737882,0.2239384100233,0.3437381630331,0.2558991984634,-0.0307449020714,0.2347176643170,-0.1795781823031,0.1424191550575,0.0753909407256,0.0132288957691,-0.2250576551614,-0.1820950096336,0.0861012036550,0.0829398604334,0.5772012212580,0.4260347667797,0.2895656829570,0.5383391977731,0.2765680644284,0.2872366496573,0.7857766557427,0.8683911070307,0.5678595938869,0.2125238935812,-0.0132702740867,0.2253906048350,-0.0108856067130,0.3387494266389,0.3848985824148,0.1466825175758,0.1305742779428,0.2281375402217,-0.0014444141779,0.2957717638186,0.2772342869159,0.0574847238396,0.0325960689794,0.1099160894426,0.0959108388728,0.2857431368628,-0.0292396136718,-0.2013300884940,-0.0596446379340,-0.1425676539738,-0.0530440211789,-0.1993448392178,0.2276969986763,-0.0016502859180,0.0242532784925,-0.1396081885017,-0.2521197805624,-0.1970513217905,-0.3047774996225,0.1392698415345,0.2644572882541,-0.3015753245772,-0.0318192320920,0.2599907628974,-0.2179658982004,-0.1833050759461,-0.1301032620127,-0.2036695003352,0.5334759938929,0.1619658017328,0.0576143305990,0.1096531096717,0.1014704563231
0.3423609532436,0.1457716459470,0.5275335715703,0.6192828633146,0.5652560678444,0.7686957700952,1.0000000000000,0.1018211959444,0.1954369523108,0.4360346000567,0.4164836146519,0.3084617382146,0.3251337607580,0.2238130096268,0.4806439516456,0.5242319291176,0.3185523453438,0.3494678195670,0.3917920105077,0.2120978219597,0.3211013849073,0.1229382129918,0.1491016233459,0.3792410614598,0.0333352518052,0.1015720809704,0.1486007817706,-0.1060454646565,-0.0599861212736,-0.1317600781826,0.3806738366996,0.1926527856712,0.2869357043776,-0.0539604891494,0.3389576780439,0.5075919811501,0.2463103900637,0.0391216023271,0.2942544739012,-0.0578441867681,0.1223982109561,0.0543021246100,0.2485667981967,-0.0668146084968,-0.0904640976446,0.1569338047646,0.0338092909681,0.4318452057841,0.2394976177800,0.3301046896917,0.3761195805769,0.1999399696959,0.4114310609183,0.6462452324866,0.7374051122889,0.7700235122192,0.2674182749743,0.1057687792081,0.3460738227271,0.2052247788742,0.2031080917210,0.3746291727812,0.2134849600984,0.1720082450698,0.1630979316083,0.1297009259227,0.4221230350335,0.3465733636315,0.2272187555616,0.1723716946414,0.2315871992595,0.0584184224175,0.3723675755060,0.0751929334588,-0.0537400996311,0.0181553660247,-0.0548513429341,-0.1663027323892,-0.1573888304635,0.2825830968171,-0.0571120016705,0.0703007495195,-0.2689071657389,-0.1211009735290,-0.1085416173687,-0.2563689226237,0.1244340593091,0.3882829109858,-0.1006324705238,0.0261899992783,0.3002830726030,-0.1480853660154,-0.0024918752402,-0.0867622588627,-0.2916221126294,0.4256120750426,-0.0375866208261,0.0581885149083,0.1099311817231,0.1885111888907
-0.2252553463423,-0.1045381084855,-0.1212521978478,0.1637316775813,-0.0342081538849,-0.0287985108298,0.1018211959444,1.0000000000000,0.6618897587550,0.0539723198891,0.1046553923039,0.3233825027480,0.5307970331670,-0.1522463233325,-0.0265472086893,0.3922697440374,0.6525493977568,0.4275123162011,0.6370456697310,0.7354191198201,0.3400618886691,-0.0606268726382,0.0995381081408,0.2299774650839,0.6004081081709,0.3725077891796,0.2241754658478,-0.0501039709308,-0.2146618128690,-0.2758991815097,0.3569449746712,0.1943143590532,0.2942397770282,0.2900518985343,-0.0268373901771,0.3057797565415,-0.1043196333879,0.4650239861582,-0.0575995099798,0.1773354497305,0.0104004369238,0.0111407057753,0.2021916115609,0.4284533189489,0.4303623724487,0.1662750111394,0.1402709928042,-0.0120295222155,-0.2488773061806,0.0497900230789,-0.1666647697573,-0.2072391450178,0.0758342610634,-0.0887386426667,-0.0236690709377,0.1292048733969,0.4023766025270,0.6037390971786,0.6057341625571,0.6945394241736,-0.0749311967235,-0.0166704946099,0.0392558541960,0.3041946934317,-0.2207169616286,-0.1479433768203,0.3168427559491,0.3716533818638,0.5041844708294,0.5918898898910,0.2370920737403,-0.2352889871902,0.2279241996758,0.4613309537123,0.2054091341428,-0.0084570110669,0.0990380653953,-0.2462311660259,-0.1923725014433,0.3526863104088,-0.0833820656437,0.0453707517843,-0.2840643976561,0.0328265014387,0.1321550521822,-0.0545710839523,-0.1532342134313,-0.0657624725609,-0.0673278455417,0.1644367217318,-0.1661365110310,0.0170115870572,0.3164159451665,0.0080861884523,-0.3055903273524,-0.1271978827020,-0.3416141084911,-0.1159479212403,-0.2143256265849,-0.1580582888690
-0.2408192215493,-0.1302327006480,-0.1575968178475,0.2458979669790,0.0128987548249,-0.0057224197602,0.1954369523108,0.6618897587550,1.0000000000000,0.1908025321012,0.2561528953898,0.4215178198703,0.4407553112520,-0.1905849180265,0.1278300510501,0.5084369186237,0.4985915806546,0.3691136145260,0.8199993527820,0.7621532161770,0.4426896067392,-0.0117324861717,0.2986770227348,0.4092691901568,0.6307606851289,0.3730740619584,0.3799420729070,-0.0792045571466,-0.2689284204744,-0.2996401676364,0.4487413830112,0.2557384593933,0.2126475155133,0.3665384674847,0.1702535520271,0.5829369016246,0.0428862212980,0.3681277095673,-0.0357584278228,0.3921422281335,0.0608935483369,0.1008493647973,0.3800837270500,0.3671727213946,0.2619264666336,0.2727779049004,0.1221255916886,0.0201194381892,-0.2638072314938,0.1643820318463,-0.1606378947374,-0.2286518870730,0.1325027422540,-0.0417648726105,0.0244375316814,0.2572658235962,0.2977999323830,0.4576099491999,0.6182031280586,0.9252410002884,-0.0275011973906,0.1433635437152,0.1322002752097,0.1849826150556,-0.1982311811598,-0.0027214344512,0.4437978091157,0.2381448430950,0.5565444647590,0.6543994586327,0.2381517144340,-0.0211876753820,0.4335560762114,0.5633423210909,0.1888421019019,0.0752301786069,0.3169340070413,-0.3129252021825,-0.2497624559834,0.3551126177233,0.1046843472847,0.0439296888379,-0.2753700805359,0.0900396025881,0.0610237056902,0.1397513214356,-0.0794568563642,0.0950981569216,-0.0179146955062,0.1525647090896,-0.1265248145347,0.2782773995191,0.3511794014119,0.0687028992798,-0.2645739957981,-0.1275327453628,-0.4030270136432,-0.0983488974563,-0.0978042611086,-0.0076251212622
0.2384996841688,0.3760966451607,0.2004436784127,0.3832375635350,0.3812111708760,0.4429660160209,0.4360346000567,0.0539723198891,0.1908025321012,1.0000000000000,0.5860181196338,0.5809726566500,0.3959924562950,0.4637518889492,0.6302554743357,0.2912848654647,0.3755123919188,0.4306944627898,0.2837099312557,0.0963049884117,0.4001996521618,0.4887249411784,0.2936293645957,0.3201874473656,0.0708080746923,0.0485669518353,0.2582978100824,0.1811050652117,0.0506321729716,0.1597505874434,0.4035139150273,0.3340408279968,0.4435891937646,0.0127989799540,0.1268676006752,0.2703550896323,0.1816746123865,-0.0467775423497,0.1031825138062,0.0308097233546,0.5196859659984,0.4704372026780,0.2285353805134,-0.0760929947205,-0.1892957926620,0.3734563049327,0.3804818102721,0.1690621343885,0.3093924031905,0.7737962559900,0.2338830043803,0.1535533608523,0.0601964232192,0.1936849342418,0.3650438665071,0.2572840565028,0.1741773391866,0.1745140017079,0.3585526051836,0.1277927293524,0.4949710159733,0.5000549654531,0.3592837385478,0.1861875616628,0.1926946061304,-0.0628933125389,0.1202122218491,0.4021791851739,0.0748774057295,0.0569191780290,0.1184680272605,0.3056198952815,0.3055429761852,0.0208267876180,-0.1997034229415,-0.0814029359995,-0.0696597477182,0.0944089107741,-0.0648748320306,0.2441152382899,0.1419156866571,0.0776812634727,-0.1232047944454,-0.3012401018101,-0.1650477024659,-0.1326531666889,-0.0817268820951,0.0839465970235,-0.3555139011400,-0.1361770726175,0.0822970509688,-0.1332675988225,-0.0543377005583,0.0748280928263,-0.2328392017917,0.1811407577621,0.0118414999724,0.2467658083543,0.3999341130827,0.1194317479883
0.2097656117169,0.0442322175960,0.2643747704259,0.3490626586069,0.4399384043034,0.4836028939435,0.4164836146519,0.1046553923039,0.2561528953898,0.5860181196338,1.0000000000000,0.7213149300583,0.4418789201511,0.2963033514735,0.2993372866272,0.3772932578211,0.4301001527821,0.5690163085435,0.3723701145745,0.2196339275819,0.5146046942879,0.4921952156773,0.5684154452807,0.5588047588003,0.0436166549208,0.1442097406182,0.3831351593500,0.0515958618235,0.0704404189645,-0.0544502071607,0.4838136354833,0.3804026401271,0.4704156727345,-0.1184310923086,0.3655039989572,0.2861101632753,0.3821836516749,0.1153499197440,0.2546971673463,-0.0265258823477,0.2115069944296,0.2371630180129,0.1973849628925,-0.1435892224633,-0.0598565505728,0.3205967991601,0.1595481101289,0.4792295998450,0.3009824766179,0.3803192234100,0.2480659127749,-0.0255709249275,0.1003223434278,0.3514765165469,0.4144631236696,0.2939530151721,0.1836711620805,-0.0215519371345,0.2710488700637,0.1664266056288,0.3946267616007,0.7558634832064,0.5007990389101,0.2821753212574,-0.0143241136200,-0.0517474027010,0.1228960162694,0.4294915224600,0.0321193657549,0.1518146295816,0.3046898504721,0.4842447497461,0.5342227040768,0.1477933881690,-0.0804537634433,0.0503881968294,0.1381375768327,-0.0092577574963,-0.0622353087502,0.4048981507375,0.1187864477611,0.1454680819128,-0.1953692177521,-0.2440895013223,-0.1142115811619,-0.2752087278014,0.1659611089668,0.2652374950019,-0.1936781071709,0.0220118942463,0.2778124304790,-0.1190646722231,-0.1130903534697,0.0888619364091,-0.2093639335391,0.4322348894487,-0.0409266500958,0.1981539141366,0.1769378887997,0.2004740137247
-0.0245237366043,-0.0409839612994,0.0423490611393,0.3523339901995,0.2164995871384,0.2381105507690,0.3084617382146,0.3233825027480,0.4215178198703,0.5809726566500,0.7213149300583,1.0000000000000,0.5822584139603,0.1245726483061,0.2871196388695,0.3452740866759,0.6096925568518,0.5773160666735,0.4718202260482,0.3605320942409,0.6470169950238,0.3484132957228,0.7524313307167,0.4661778327638,0.1956635486066,0.3490891928835,0.4322149705269,-0.0370972322663,-0.0889016561684,-0.2340279084472,0.4683426964616,0.5419355358634,0.5323491735293,0.1512552351048,0.2074099651729,0.2618250481371,0.2483690900635,0.1960202608093,0.0941526378543,0.2002928139074,0.2598758589742,0.2649366599747,0.2844460188491,0.0885809431291,0.0705000745501,0.5920149980800,0.3231359038686,0.2236730103060,0.0246683650665,0.4062221776844,0.0222596715937,-0.1382748499646,0.1252052006668,0.1431473340908,0.2107495846185,0.2391857225125,0.2261046661727,0.1862429312362,0.4120427393959,0.3658886880337,0.3654240709361,0.6640705125977,0.6795916490195,0.4098387507574,-0.1120949335999,-0.0538900527813,0.1263206327100,0.4952722052318,0.1859653160722,0.3076644860161,0.3897987590457,0.5055616646380,0.4502218793952,0.2479252918940,0.0434160848143,0.2247278095676,0.2074933172425,-0.1664180885696,-0.1620872866966,0.3600727123772,0.3109613018847,0.2633260273304,-0.2686348449800,-0.2280496554790,-0.0165747167084,-0.0664661474628,0.0360141987437,0.1255016636311,-0.1110781107671,0.0710049622558,0.1190219969024,0.0779802871322,0.1243864140749,0.1392047269734,-0.1391021971836,0.1649082632197,-0.3017563442481,0.1364433092769,0.1987858887142,0.1872155982307
-0.1723571223891,-0.2309925547126,-0.0053521536411,0.2076062439566,0.1901700682833,0.2661553393058,0.3251337607580,0.5307970331670,0.4407553112520,0.3959924562950,0.4418789201511,0.5822584139603,1.0000000000000,-0.0964925914045,0.0942646419416,0.3554070983720,0.7777219822966,0.5708075392618,0.4894917859856,0.4835389571516,0.4373559102397,0.1194003715312,0.3240774698347,0.3751391640170,0.3102321289793,0.3144873128489,0.2126745784183,-0.2275718180868,-0.1935035863636,-0.3280976687360,0.4881627480597,0.4047352253017,0.6975725771868,0.0125266876884,0.1389665607889,0.3249250312855,0.0572861777738,0.3431061999480,0.1488338554258,-0.0045462702155,0.1096809367860,0.2177024012493,0.2072375076717,0.1360305338881,0.2384277651970,0.2292821018247,0.2345490714171,0.2252095867232,-0.0185315821588,0.2507944382360,-0.0672530439194,-0.3081883597545,0.0724636545278,0.0784163639804,0.2904691103581,0.2270647598073,0.4354630883581,0.3765169996958,0.5351707793627,0.4597053831720,0.3136655090155,0.3416445903550,0.4036146084809,0.7423188815857,-0.2257914951221,-0.0920586806318,0.2683018012353,0.5803237154099,0.3050835367141,0.4109676457643,0.3470363473721,0.0856450775167,0.3182893884420,0.2842213583139,0.1197433665247,0.1358082568708,0.1219371911795,-0.2314093949630,-0.2407244949495,0.4401604680842,0.0958653048289,0.3214644405855,-0.3029724097911,-0.0867525206745,0.0993012318510,-0.1595818184624,-0.0800818968843,0.0979850317850,-0.1021875880924,0.1727054283469,0.1057305378267,-0.1083597804215,0.1230832892444,-0.0609507380033,-0.1157611547273,0.1976681316194,-0.3412346443191,0.0648909289447,0.1098155900702,0.0076667494907
0.7251681544339,0.7088346106773,0.4400373413331,0.5218095204922,0.4750628288619,0.3606759963693,0.2238130096268,-0.1522463233325,-0.1905849180265,0.4637518889492,0.2963033514735,0.1245726483061,-0.0964925914045,1.0000000000000,0.6028081443498,0.2689392732909,0.0198958871821,0.1999331414538,-0.0488311798853,-0.1858122467193,0.0841287391850,0.3320753395421,0.0702433292455,0.0836453043222,-0.2062752661816,-0.2303768223627,0.0833265456191,0.3326144267205,0.2438338293003,0.5161655413921,0.1708639523852,-0.0442627258729,0.0208119857596,-0.1271280970984,0.0638042621668,-0.0344854157367,0.1590024178144,-0.2925806625354,-0.0224977193989,-0.0523280616273,0.4082156301452,0.3051670154328,-0.0152310123885,-0.3215113015210,-0.3350412600001,0.1276992060869,0.1444844162600,0.1342295091021,0.5192593072778,0.3811080202340,0.6159297275707,0.6193993426162,0.3991145107980,0.2973289972414,0.2618700558300,0.2631103533606,-0.1387077817306,-0.1114756415956,0.0279887633863,-0.2744156302869,0.1502587284452,0.1852495457772,-0.0111328002906,-0.1894374754382,0.6185279646877,0.0278107451674,0.1045988156085,0.1229805696009,-0.1252545172703,-0.2885578713227,-0.1130389789732,0.1425292537398,0.0150667748440,-0.2657499997175,-0.2646664487191,-0.3782561924239,-0.1690975775152,0.2330548306217,0.1162895280244,0.1651248234278,-0.0557935580703,-0.2469052425269,0.1376293627668,-0.2275001117763,-0.3868214145396,-0.1495986072581,-0.0055461605958,-0.0157320864835,-0.3579288288534,-0.4258645685245,-0.0157985481680,-0.1612206468467,-0.3578911544202,-0.0182589778423,-0.2692399482844,0.1360396427419,0.4867751304241,0.0495688317632,0.0973899033533,-0.0190167237778
0.3413025626046,0.5446112778050,0.2077106858583,0.4751305168549,0.3368710520681,0.4115985420815,0.4806439516456,-0.0265472086893,0.1278300510501,0.6302554743357,0.2993372866272,0.2871196388695,0.0942646419416,0.6028081443498,1.0000000000000,0.2801193921054,0.1597753546182,0.1680633503556,0.1400328848534,0.0411883550527,0.3217152394415,0.2075743193865,0.2195890076392,0.1831599163243,-0.0023797796740,0.0294084035349,0.2977446542794,0.1834806825004,0.0875141474506,0.2576956005859,0.2369960002260,0.1218887533323,0.1595511895290,0.1094364141397,0.1323791821444,0.3421397230499,0.1551762703397,-0.1365557392105,0.0968477613994,0.2218203174480,0.4093653603194,0.3451938573634,0.3626288961142,-0.0456229395667,-0.1943297163008,0.2739730802073,0.1245387474676,0.1691561670287,0.2903451003907,0.6850176750150,0.2939693740160,0.3916108048671,0.1817192319610,0.2503620246960,0.3647067259808,0.3722435765626,-0.0698150057644,0.0320625465669,0.1353865196101,0.0310461710188,0.0408665414485,0.2224321229617,0.0472009561426,-0.1760579306753,0.4938691213192,0.2325352754505,0.2006193138396,0.0932355168662,0.0699699694813,-0.0973728513276,-0.1385202155701,0.0627266917892,0.1255319021319,-0.1248730318068,-0.2837857897405,-0.2206811652549,0.0166375925677,0.0162220760608,-0.0035285466736,0.0940027269389,0.0830281181787,-0.0838117109517,-0.0857928871989,-0.0904452516092,-0.2209907793406,0.0476148960321,0.0124284285192,0.1999986248217,-0.2557242357801,-0.2485247003260,0.0993856150547,0.0855392265661,-0.0625719138806,-0.0350124749102,-0.3278902964885,0.1960861562277,0.1473498623794,-0.0127121472788,0.0955206637111,0.1303483674879
0.3105423677205,0.1675351977636,0.3993211818802,0.7395966958408,0.4607158810152,0.4033947948426,0.5242319291176,0.3922697440374,0.5084369186237,0.2912848654647,0.3772932578211,0.3452740866759,0.3554070983720,0.2689392732909,0.2801193921054,1.0000000000000,0.4465826197544,0.5591428041699,0.7292947673468,0.5570758921884,0.3737243294987,0.1002722048795,0.2290028871518,0.4024222840383,0.3021866065882,0.1186818209602,0.2279886751743,-0.1345377918838,-0.1827477888644,-0.1614143044634,0.7068466156339,0.1923185880425,0.3978418008760,0.0755603445778,0.3788229261515,0.6209372809625,0.0262712607112,0.1890151646429,0.0802480832594,0.0421808610443,0.1429336724276,0.1461185161656,0.3915401244294,0.0465774496514,0.0880892003475,0.1796161715733,0.1704403640574,0.2877698294601,0.1573187601681,0.2262485885456,0.3266011677937,0.1452365466428,0.6013764794684,0.4171925839174,0.3485828886895,0.6036847725615,0.2265543787398,0.2004201065333,0.5371335120454,0.4553345674168,0.0336051413442,0.2596548835549,0.1079929377812,0.1278648257153,0.0177845271972,-0.0613104997573,0.7813333451006,0.4588610772651,0.3979551273282,0.4557139498309,0.2182607191118,0.0010322206790,0.3374901672505,0.2018470107251,0.0869174583475,-0.0841094828191,0.0476477227688,-0.2693679765967,-0.2814647033855,0.6763395886300,-0.0375838302252,-0.0081191462846,-0.2596682331702,0.0952913336658,-0.1056745577686,-0.1330665397070,-0.1367558508685,0.1393986646769,-0.2511153973182,-0.0454133673289,-0.0449507882793,-0.0868777884581,0.0179302141060,-0.0731650219107,-0.3165274760280,0.1608778366725,-0.1421125162672,-0.0304979806237,-0.0973927274197,-0.1860115683944
-0.1584938096235,-0.0728462010678,-0.0576632778850,0.2754729003878,0.1692505732209,0.1725716129102,0.3185523453438,0.6525493977568,0.4985915806546,0.3755123919188,0.4301001527821,0.6096925568518,0.7777219822966,0.0198958871821,0.1597753546182,0.4465826197544,1.0000000000000,0.6496127450567,0.5807892414790,0.5607043049133,0.6462698811125,0.2106856740698,0.3139095101121,0.4407391134836,0.3685489452444,0.4480119773756,0.3524347968472,-0.0214883930540,-0.0534840591191,-0.1586687738446,0.6391911850065,0.4209084989971,0.6174261883123,0.2221320648237,0.2155480790386,0.3226241286267,0.1422700119872,0.4187358294188,0.1827243503476,0.1526593455902,0.1852348612860,0.2051093414079,0.3923067263935,0.2742317408754,0.3835768365528,0.2331475938856,0.2862532520679,0.1256639494480,-0.0088685774883,0.2179840359415,-0.1101690183658,-0.2153071614606,0.1002637243929,-0.0058587898596,0.1511295837604,0.2549137441178,0.3947296718535,0.4214336812690,0.5923427841388,0.4666563748839,0.1924794859733,0.2606967382024,0.3082814368718,0.5017500016516,-0.1575502225042,-0.1130420846693,0.2462921649651,0.6522265692781,0.2932086530615,0.4467660864976,0.4008763399400,0.0456600913410,0.3595873471059,0.3290899932135,0.1772474654596,0.1234215399980,0.1493195195042,-0.1460159524702,-0.1219477098590,0.5132178427124,0.0325803645080,0.2054191149675,-0.2414224126600,-0.0625208647402,0.1469552284626,-0.0788199761164,-0.0189137327108,0.1197020435107,-0.0773786896449,0.1937918880610,0.1349354091856,-0.0322137309678,0.2363264388404,0.0480638853709,-0.2806601771380,0.0631108434461,-0.2991633552765,0.0524311919466,0.0087568150660,-0.0625002885922
0.1054327523816,-0.0383878926363,0.2097712180696,0.4796594830870,0.4081344529992,0.3321359347322,0.3494678195670,0.4275123162011,0.3691136145260,0.4306944627898,0.5690163085435,0.5773160666735,0.5708075392618,0.1999331414538,0.1680633503556,0.5591428041699,0.6496127450567,1.0000000000000,0.5740295858610,0.4201372943437,0.3772027765780,0.1772440405067,0.3533653559764,0.5228730768008,0.1408356682999,0.0894589926659,0.2294822525564,-0.1022384885480,-0.1122053104760,-0.1393440890860,0.6075047537279,0.2336565048638,0.5103181194039,-0.1865074554074,0.2947990213589,0.2706405667636,0.1949418434514,0.2979259027767,0.2067270242529,-0.1297585271087,0.1652527933065,0.2772542281453,0.1288774423683,-0.0934068445423,0.0401573769197,0.1602670231739,0.1752920251584,0.2840389788997,0.1312333622945,0.2915979573560,0.2306532312840,-0.1673860059794,0.2795228304529,0.2567438184380,0.3473557560306,0.4093463707434,0.4666864239196,0.2935478266766,0.6050085519701,0.3603371599985,0.2189219370701,0.4591451794184,0.3267243684525,0.4009032490038,-0.1040820336548,-0.2221091234251,0.3745730691278,0.7286854534369,0.1898123387944,0.4091108940374,0.2903452905189,0.2169792555647,0.4457310888745,0.1894768768342,0.0961651638366,-0.0033001828627,0.1156827234323,-0.1615311941846,-0.2062415278768,0.6973979050988,0.0041124974807,0.0860726402307,-0.2736159736163,-0.1637576727106,-0.0100285242075,-0.2237494602782,-0.0421194023481,0.2289730244681,-0.2286329684229,0.1068634699743,0.1521879647348,-0.2259327660709,-0.0871796733580,-0.0245394771635,-0.1639203497221,0.2161836946850,-0.1595579230943,0.0665394840652,0.1049017258009,-0.1011114370619
-0.0729422563817,-0.0950735715867,0.0896614236793,0.4459031362956,0.1962675312612,0.2005129332965,0.3917920105077,0.6370456697310,0.8199993527820,0.2837099312557,0.3723701145745,0.4718202260482,0.4894917859856,-0.0488311798853,0.1400328848534,0.7292947673468,0.5807892414790,0.5740295858610,1.0000000000000,0.7086700736771,0.4624249655272,0.0358734649761,0.2526886793358,0.5062660557579,0.5357019110268,0.2753012116603,0.2472739614333,-0.1155058520542,-0.2521295974248,-0.3290270779348,0.5324769749562,0.2252049763863,0.3457229833297,0.1559521653374,0.2272682615798,0.6625062528469,0.0183782738549,0.3249681712811,0.0430713704233,0.1319831557439,0.0584322756136,0.0784953516660,0.2733626697572,0.2367337084093,0.1372768619840,0.2439660565482,0.1391315519936,0.1347818988642,-0.1652492650561,0.1783522692903,0.0360120860225,-0.1517107999821,0.3119022090150,0.1400206580130,0.1989700433461,0.4209261925596,0.3986478084469,0.4326406165228,0.7479966125611,0.8142141947457,0.0981161348663,0.2915113296141,0.2407262963385,0.2990965267372,-0.1123022621406,-0.0861948545885,0.6202326431539,0.4880945819513,0.6281105349691,0.6726619002511,0.4107516721473,0.0315809052038,0.5372768557357,0.4885839606713,0.2409517917946,0.0421562481289,0.0737246044194,-0.2701849434175,-0.2706560388651,0.5758928489667,0.0387900608254,0.0898341700920,-0.3530018280473,-0.0217519592886,0.0212007336857,-0.1356432103823,-0.1329587994764,0.1484384165619,-0.1670798052885,0.1106575396958,-0.0600455294175,0.0055589533287,0.2186688075063,0.0504167690785,-0.2755524179209,0.0103734555664,-0.3643465884549,-0.0347502760009,-0.0477158093539,-0.0564692757950
-0.1647755722235,-0.1607495132257,-0.0230615046090,0.1933578026873,0.0941870975526,0.0806245511268,0.2120978219597,0.7354191198201,0.7621532161770,0.0963049884117,0.2196339275819,0.3605320942409,0.4835389571516,-0.1858122467193,0.0411883550527,0.5570758921884,0.5607043049133,0.4201372943437,0.7086700736771,1.0000000000000,0.4442699294642,-0.0735294095195,0.2786205775412,0.4214211263301,0.7406676480496,0.5138895271704,0.4245441318814,-0.1456977524833,-0.3411690176684,-0.3688303666892,0.5504737008781,0.4008526862477,0.3944472459394,0.3638749339919,0.3254958496865,0.5501623842710,0.1063035531166,0.6918614961076,0.1197764016609,0.2931827251980,-0.0047867138521,0.0346406652626,0.3668617454926,0.4725229606937,0.5486823809435,0.2428587658970,0.1887387693836,0.2268205141015,-0.2216214246590,0.1268796412693,-0.1305435798413,-0.2464018266987,0.0602991666487,-0.0046211952791,0.0567397680521,0.1657932049408,0.4565121218173,0.3478293260430,0.5473515901182,0.7370250714356,-0.1002530266079,0.0968547803073,0.0773218697687,0.1642962122235,-0.3412924183436,-0.0792873339847,0.3956439478939,0.2941714767529,0.4133482262428,0.8365508034161,0.2462826154281,-0.0885129001136,0.4050452822986,0.7542357121365,0.2198519452021,0.2039541519965,0.3379210003424,-0.3870217589346,-0.3373271142821,0.4797691355592,0.0106635621882,0.1486885728811,-0.3931879475827,0.1048501176154,0.2724994429298,-0.0090577867061,0.0242377965777,0.1642005442718,-0.0328513196759,0.4562384702744,-0.0124603777688,0.1332833422107,0.4566046068362,0.0474854539613,-0.3732593609983,0.0687645892451,-0.4373187354214,-0.1988282646601,-0.1726623779806,-0.0539408250499
-0.0779140086947,0.0628476275768,0.0309502920156,0.2856586819845,0.1560395427170,0.1753656094170,0.3211013849073,0.3400618886691,0.4426896067392,0.4001996521618,0.5146046942879,0.6470169950238,0.4373559102397,0.0841287391850,0.3217152394415,0.3737243294987,0.6462698811125,0.3772027765780,0.4624249655272,0.4442699294642,1.0000000000000,0.3544202256941,0.5445021829356,0.5708978926116,0.2287114140909,0.4891783326049,0.5696991861196,0.1137612548929,0.0103102050266,-0.0403752017231,0.5927941800784,0.5911506767908,0.4011447090833,0.2708096431812,0.3241054974637,0.3847585554229,0.3468627872431,0.1939331924118,0.0843279147914,0.3030125478553,0.0953686573602,0.0581655844845,0.5046243833499,0.1803821776810,0.1711839568334,0.3916536721462,0.1964697808340,0.1299272613758,0.0560820719399,0.3191396433763,-0.0787651640112,-0.0575850161664,0.0362308146878,0.1089017962691,0.1183883029359,0.2536417572902,0.0708581283905,0.0894203758755,0.2328934939030,0.3208628194786,0.0566697223870,0.3348624226964,0.3881793687303,0.0763870197227,-0.1352003395971,0.0062277258895,0.1563649751290,0.2747925882130,0.2257806871321,0.3232194023053,0.3707201625021,0.3430722427163,0.5270190702054,0.3303049968556,0.1214962550895,0.2951000388347,0.2460477816576,-0.0829174478733,-0.0389769445687,0.2994657684914,0.2573265914331,0.2125766397831,-0.1706223498100,-0.1479851505906,0.0164236481691,0.0016591923353,0.1590040326114,0.2601840838070,-0.0796484332383,0.1142483339301,0.1523199275171,0.1747416246451,0.2613695978925,0.2321683017626,-0.2606405285249,0.0951272485077,-0.2427655260483,0.0208252250627,-0.0429207626698,0.2409052856953
0.1902221013782,0.3195919190402,0.0321579693370,0.0840914356226,0.3626634741927,0.2512500573242,0.1229382129918,-0.0606268726382,-0.0117324861717,0.4887249411784,0.4921952156773,0.3484132957228,0.1194003715312,0.3320753395421,0.2075743193865,0.1002722048795,0.2106856740698,0.1772440405067,0.0358734649761,-0.0735294095195,0.3544202256941,1.0000000000000,0.3630965667738,0.3122694028870,-0.0860464146856,0.1329272501548,0.3029212775010,0.3822466442244,0.4990569874801,0.3245880998168,0.2217913682653,0.2934573537563,0.2062786582703,-0.0020237708221,0.1395219612973,0.0317298040213,0.1946424193710,-0.0530965170943,0.0440977451678,0.0462554019971,0.4305797147863,0.1182369149891,0.0937425345701,-0.0893761500600,-0.0639806995335,0.2906968363215,0.2463543764766,0.1414974527782,0.6502602256277,0.2393098604242,0.1549760729407,0.1083716341389,-0.0695213402505,0.1455896384893,0.1459236201756,0.0274607512120,-0.0870977192095,-0.0818656902976,-0.0322867631506,-0.1391414535039,0.3050625470355,0.3081188374047,0.2457427188782,0.0041084495000,0.0088162192442,-0.0698342906345,-0.1001615606099,0.1386079918496,-0.1440969809255,-0.1592449035638,0.0901667194822,0.4897488157721,0.2433583230055,-0.0322522089394,-0.0627506218214,-0.0010937779779,0.0527804520697,0.2964724496647,0.3295195812707,0.0834261711578,0.0732467493361,0.0249185765018,0.1253524190469,-0.2131471851465,-0.1378739717031,-0.1345270168315,0.0249486453674,0.0732366532172,-0.2100512107982,-0.1247984217096,0.1468374704050,-0.0498214020669,-0.0804603732176,0.3822542364847,-0.1450811760086,0.1235269737644,0.2921844535017,0.6257383702954,0.0583128714272,0.0632952888224
-0.0393353735049,-0.0545134426398,-0.0269148223379,0.2131071506673,0.1730904613529,0.1191133547590,0.1491016233459,0.0995381081408,0.2986770227348,0.2936293645957,0.5684154452807,0.7524313307167,0.3240774698347,0.0702433292455,0.2195890076392,0.2290028871518,0.3139095101121,0.3533653559764,0.2526886793358,0.2786205775412,0.5445021829356,0.3630965667738,1.0000000000000,0.4534159737846,0.0929922285110,0.4070634098485,0.6283887011484,-0.0336196438453,-0.0222196355084,-0.1750074085960,0.3894015938968,0.6117525513145,0.3828904484256,0.2649249266265,0.3216435807789,0.2025011728979,0.3362711381364,0.1489837120979,0.1176708023703,0.4099233869819,0.1978937872609,0.2309418137078,0.3829324297821,0.0692432829161,0.1433847529490,0.6437452531090,0.2537615525240,0.2238967349396,0.1140287702396,0.2761068193206,-0.0412847542519,-0.1318464566323,0.0678376418682,0.1311898669076,0.1033726465766,0.1542126283006,-0.0456223424592,-0.1128153338226,0.0335228413725,0.1697484642892,0.0769966623874,0.5046745798560,0.5432491320187,0.1267723964233,-0.1995145849354,0.0758991100936,0.0232225196374,0.1958134612949,0.0152298472902,0.1511654118625,0.1328841730630,0.6541335454987,0.3542286612363,0.1781374067194,0.0164095038451,0.3382832530056,0.5134886510051,-0.2171357962425,-0.0940557428825,0.2083361935504,0.4262740051969,0.2544545258104,-0.1828203457344,-0.0846439391394,-0.0024195361078,0.1226999407718,0.1532735781958,0.2128045945681,0.0575384862258,0.0842319539882,0.1799136456247,0.3290724684114,0.1370290735329,0.2478231715947,-0.0885703459502,0.1540864256094,-0.2219912665079,0.0829753332629,0.0580461151539,0.2357739403516
0.0324760303484,-0.0784715293958,0.0934805415234,0.2296042136635,0.3242616946130,0.2738295276034,0.3792410614598,0.2299774650839,0.4092691901568,0.3201874473656,0.5588047588003,0.4661778327638,0.3751391640170,0.0836453043222,0.1831599163243,0.4024222840383,0.4407391134836,0.5228730768008,0.5062660557579,0.4214211263301,0.5708978926116,0.3122694028870,0.4534159737846,1.0000000000000,0.1989783448567,0.2839868280582,0.4691215573083,0.0260082650969,-0.0874440753049,-0.1037337542464,0.5263112210193,0.4022561336776,0.3309043465080,0.0024243006389,0.5366095630051,0.5361359694210,0.5578339963938,0.2592421817427,0.3332769461180,0.1069594240594,0.1157386200951,0.1338939707302,0.3148308316227,-0.0504219758389,0.1144942545286,0.1735053143125,0.0817383321270,0.3950209269602,0.1622915452060,0.2612246653229,0.1141142499113,-0.2045322240259,0.0371742879517,0.1835041962170,0.2463401664739,0.2729947032286,0.2830930647394,0.0246758110182,0.2777930948194,0.3308274585327,0.1413216375011,0.4210890666272,0.2950639381838,0.1351957723261,-0.2081172567539,-0.0368226587528,0.2810627887523,0.3103203609583,0.2754362814621,0.3523783756370,0.2626596884740,0.3498299223901,0.8063091724722,0.3939115379815,0.1859310741900,0.1880890559623,0.3225851451484,-0.1242118047872,-0.1532301797800,0.4472728275703,0.1292213230639,0.1852104920867,-0.2212070225672,-0.1084769192067,-0.0078017839256,-0.1459399501643,0.3982782878294,0.4988892828912,-0.0312719737889,0.2022886443094,0.3865159284447,0.0421418780583,0.0429486964365,0.1506407474068,-0.1821928187337,0.2969259168223,-0.1358869196826,0.0653549865514,0.0812160806830,0.1976609233688
