1.0000000000000,0.3589765225149,0.7608423728982,0.7621325384479,0.9243432080927,0.6416212381623,0.6110497774130,0.1741489863310,0.0112571965934,0.3801511934613,0.2256914001313,0.2986049624914,0.4150745804680,0.7483813687704,0.3318486910448,0.2055264350961,0.1677933690566,0.2984491782640,-0.0663688248605,0.0508855233036,0.1154093169154,0.0515458581279,0.1216921137926,0.2847533843067,0.0407564522090,0.0755600977641,0.1393162206725,0.1458167134575,-0.0456144889798,0.0184917117326,0.1595036540229,0.1741332154407,0.1804247967049,0.1752802683902,0.1942089851637,0.0327636850012,0.1193730337680,-0.1901839812371,0.2238800361918,0.2224776895377,0.1424328291168,0.4432560559424,-0.1125693779367,-0.1931395691844,-0.0316700049270,0.0589923406184,0.3386499310005,0.4927018958613,0.3571702824483,0.3839156587519,0.8641558342231,0.5380768402987,0.1557553578945,0.7680621365948,0.5622655158905,0.5805158401448,0.0350627712563,0.0298708132752,0.1962004621724,0.1317620092389,0.2665285273104,0.3821852895839,0.1275419789486,0.2328337779819,0.2687943024659,-0.1904363321669,0.2795748528013,0.2038077529755,0.1858320601186,0.0003335476680,-0.0886235341249,0.0392056063961,0.1484799543049,-0.0702095243682,-0.1611438662021,-0.4379875945773,-0.0958042193478,0.0292117650922,-0.2627320640719,0.2541094415568,-0.2463423565482,-0.1413160352391,-0.2616732483072,-0.0367382814545,-0.4414807441545,-0.1230843971947,-0.0179922310685,0.4077202392842,-0.2713210439019,-0.2955102893842,0.1554707146243,0.0074299247942,-0.2738626328418,-0.0958952988869,-0.3142910129086,0.4272982673788,0.1096445753083,-0.0817810444018,0.4096429950573,0.0313751480444
0.3589765225149,1.0000000000000,0.5549442544606,0.4098018871358,0.3413487603616,0.3710270662421,0.4021468900442,0.1421859741979,-0.0644311260676,0.2482761867342,-0.0782050709782,0.0317867520079,0.1683612429930,0.6629912419020,0.3978193137135,0.1135603964234,-0.0155246077347,0.0102817443240,-0.0661894747512,-0.1116219307137,0.0744893293722,0.1417647943572,-0.1597625265558,-0.0137481650801,-0.1435365288977,0.1221643755981,-0.0660756697121,0.3774193543712,0.3165125038961,0.6185417878333,0.0229195591034,0.1114859701456,0.0426218708295,0.1884482408497,0.1787727937553,0.1459319820085,-0.0385891281715,0.0161063289644,0.1584379222333,0.1936655043501,0.3692781637761,0.1711480072011,-0.0707820038286,0.1502312177992,0.2273952524046,-0.0057418449549,0.3578758219615,0.1211307603266,0.2522358989213,0.2292633696955,0.4483192928589,0.6653607134351,0.3593018806453,0.4500248208194,0.2297179527551,0.2584046808492,-0.1068571935553,0.0789953578055,0.2375699781464,0.1071738305113,0.1259852770514,-0.0397897366690,-0.2260846628121,0.0114736528754,0.5878627108670,-0.0050512693810,0.1035871955830,0.0315689965307,0.1682645751591,-0.3010658911481,-0.2155466105489,-0.2911694430666,-0.0773258964939,-0.0383039059201,-0.0833048243431,-0.3444528292912,-0.2965018926995,0.3100360210456,0.1357323989259,0.0497774708783,-0.3770827470486,-0.3939424891872,0.0310738026658,-0.1699719185190,-0.2613111107101,0.0253985332837,-0.0825516441453,0.2089695642413,-0.2484395514854,-0.1099122964312,0.0545374062353,-0.0291538780553,0.0393743896740,-0.0385037460336,-0.2568140058686,-0.0128891330269,0.4132502130791,-0.1197319052746,0.0114166330493,-0.1086306514217
0.7608423728982,0.5549442544606,1.0000000000000,0.7024242085716,0.7320877555086,0.7696507547166,0.5928252231459,0.1806287830274,0.0068294215848,0.3770154988674,0.1825091150499,0.2452544981340,0.3140881753824,0.6496340682815,0.3502476628558,0.2579516511073,0.1546821286632,0.2561744239879,0.0110128969952,0.0759589533395,0.1735696483290,0.1259784223796,0.0587985752337,0.2852597518825,0.0733635172620,0.1159529236831,0.2269372693735,0.1597069165737,-0.0179094443919,0.1588074514391,0.1664281062403,0.1880900941083,0.1991083339211,0.1447035093147,0.2992152965338,0.1572996564200,0.2194443153654,-0.0077064837655,0.3617913430898,0.2557095430939,0.1465610215575,0.3904348332745,0.0124769901904,-0.0238282923028,0.1751586727984,0.0889723140311,0.3787250126882,0.4783697938073,0.2856448220949,0.3441222936241,0.7534987065723,0.6712586910226,0.0998545673572,0.8880932786330,0.4813080064033,0.5991257025532,-0.0292601594981,-0.0195912270780,0.1488210664359,0.1186522499121,0.2161523583946,0.2924096476491,0.0205434442767,0.1124848626080,0.2106194193596,-0.1919747736373,0.2691451023147,0.1771793945725,0.2202719577694,-0.0424066817778,-0.1406698480425,0.0256527785293,0.1183342683541,-0.0234365044034,-0.1217180902565,-0.4582750170827,-0.0123387020677,0.0703233282950,-0.2642737190928,0.2156767673920,-0.3188392495492,-0.1722098086665,-0.2689425418137,-0.0474132574299,-0.3534817296882,-0.1558417230162,0.1148374526013,0.4574795586191,-0.2326298575202,-0.1753310270263,0.2462863459668,-0.0510778986877,-0.1942221907700,-0.0593225622791,-0.3060419992661,0.3730371250347,0.0579265198588,-0.1819268961331,0.2613220126545,-0.1010731248170
0.7621325384479,0.4098018871358,0.7024242085716,1.0000000000000,0.7173517437075,0.6979902979253,0.7864911769357,0.3733865645164,0.2189026110005,0.4703995749682,0.3427417771369,0.3836692030814,0.5694520951455,0.6477463500994,0.4862563866201,0.4607446971432,0.3403408092278,0.4467750982199,0.0925126336081,0.2127828979177,0.2085002115981,0.1402992965215,0.1842684795192,0.4409876289307,0.1140094905467,0.1975775931695,0.2495580138364,0.1015788380780,-0.0830266446255,0.0077984732773,0.2775750194834,0.3164094550814,0.3093123947789,0.1264779293614,0.2977763093740,0.1122357662122,0.1976784381890,-0.1231535034840,0.2531043304323,0.2198122997787,0.1671060818550,0.4083512049574,0.0372799245759,-0.0718352323123,0.0309600558582,0.0178828407685,0.4214714289967,0.4598377404192,0.3396267820423,0.4993956168210,0.7009180832485,0.4577064437932,0.3037327372107,0.7792495486790,0.6621625641749,0.7485491467492,0.1883576737213,0.1624188458475,0.2971380083272,0.2224289949493,0.2551074272833,0.4410619922757,0.0807009636073,0.3208537919423,0.2062444409710,-0.0918995971596,0.3911017121594,0.3981096999912,0.2498133841490,0.1572830167635,-0.0201723506784,0.0681184512853,0.3086626385428,-0.0433652764655,-0.0741433818449,-0.4934966378133,-0.0094600773723,-0.0259762934310,-0.2697018885090,0.4359403358179,-0.2743535283116,-0.0696799076769,-0.3906005911673,-0.0343287898842,-0.4285832350827,-0.2251294131711,0.0177250755982,0.4694661448762,-0.2172791583613,-0.2699596814922,0.1251936562563,-0.0616176395708,-0.2546449678165,-0.2083257468613,-0.4328112271289,0.4024181104168,0.0117213262507,-0.2153622095638,0.3121627879033,0.1470989750511
0.9243432080927,0.3413487603616,0.7320877555086,0.7173517437075,1.0000000000000,0.6552396111886,0.6242126483711,0.1404940606534,0.0275951728116,0.3566805593822,0.1907658975664,0.2681284005394,0.3965069502021,0.7207244795317,0.3174908244063,0.1948757304832,0.1473228595471,0.2532355859860,-0.0885338619445,0.0414380062533,0.0995775211341,0.0703238862652,0.0746385689625,0.2651877737583,0.0317323333080,0.0575304250173,0.1129691552250,0.1581040238960,0.0063944428949,0.0578071593642,0.1296204249121,0.1363867178428,0.1577479947956,0.1767643630786,0.1876406537134,0.0801453892885,0.0877160542542,-0.1835531927854,0.2122893488972,0.2260597717117,0.1150176630250,0.3914704385285,-0.1386569867380,-0.1794608852953,-0.0299233811064,0.0199086501844,0.3057508012378,0.4859044543145,0.3602560432840,0.3397372881110,0.8490617860394,0.5040899263463,0.1502461021626,0.7537988919295,0.5789225846024,0.5881784941179,0.0292827511909,0.0022962732295,0.1970207558756,0.1373359836336,0.3013544949422,0.3518842730020,0.1519418166252,0.2568169018382,0.3002274641138,-0.1872238395575,0.2801241934668,0.1904068719853,0.1918784888410,-0.0066492944998,-0.0814187636042,0.0259148754306,0.1266969751378,-0.0408223822746,-0.1770909521612,-0.4323000907833,-0.1015948460994,0.0572379544118,-0.2123593025268,0.2363072159616,-0.2622949774705,-0.1231761294128,-0.2504834556534,-0.0755492861577,-0.4322394990944,-0.1215662544124,-0.0234685946358,0.4114757680975,-0.2989191849102,-0.2787339919684,0.1325645766173,0.0089549062279,-0.2504015944761,-0.1017381048959,-0.3067723094738,0.4235446660284,0.1372133364949,-0.0688029070782,0.3982753247488,0.0195309591142
0.6416212381623,0.3710270662421,0.7696507547166,0.6979902979253,0.6552396111886,1.0000000000000,0.6772964485345,0.3104367296266,0.1965810259270,0.5701534342292,0.3452851912727,0.4158413293315,0.5164472719178,0.5769476477279,0.5414092880792,0.4421368441953,0.3948900880011,0.4033782686428,0.0459114556848,0.2839231405517,0.3202399893215,0.3060588744841,0.2405853948268,0.4811596363598,0.2144094122777,0.1665566240032,0.3606333048946,0.0342518845686,-0.0560055862318,0.0583695236356,0.3850607343249,0.3553426579575,0.3723928937167,0.0863303690007,0.3098029189218,0.1724881092794,0.3336925289377,0.0283183041439,0.3940955832268,0.2641241600935,0.2034902997392,0.5004156562584,0.1517697783677,-0.0018783391998,0.0883075385603,0.1507223384937,0.4178471694869,0.6805176732659,0.4073381319045,0.5503675808505,0.5525228384994,0.3237264533461,0.1991953978812,0.8535021510227,0.7516593894623,0.6300142798112,0.1539525110644,0.0180462658445,0.1270099942872,0.0629061962104,0.3255844713141,0.4027794328378,0.0720659762160,0.2071480304606,0.0788562672220,0.0727526470795,0.2644678838539,0.3517164481196,0.1011595192356,0.1592966662213,-0.0504920138260,0.1135696758917,0.3288564328490,-0.0218371021729,-0.1657809257677,-0.4705064694712,0.1067998196703,-0.0970746901436,-0.3072763009281,0.3617594149713,-0.2495199401414,-0.0062907566384,-0.3496946490378,0.0054301205216,-0.3348992134959,-0.2947089072645,0.1733495575256,0.4416416810739,-0.1474510732697,-0.1027203826064,0.3301473934746,0.0087964359462,-0.1569463596124,-0.1639358094296,-0.4232380859617,0.5444712426542,-0.0168529131821,-0.2324408920627,0.3039468211732,0.0274596382731
0.6110497774130,0.4021468900442,0.5928252231459,0.7864911769357,0.6242126483711,0.6772964485345,1.0000000000000,0.4069773323428,0.3586034396765,0.5219378999955,0.1395651850799,0.3085392399943,0.5270313858070,0.6243793948619,0.4666801930923,0.5351876676053,0.2414075518132,0.3254820639132,0.1482389097060,0.1236501011006,0.0950496040874,0.0213118134621,-0.0065062666424,0.3293749888867,0.0621804410934,0.0489525868007,0.0460359809432,0.1104617999340,-0.0722107221903,0.0788175479952,0.2716809679015,0.1881743536723,0.1057267519773,0.1870279206545,0.4341319957030,0.3522523918373,0.1109306731934,-0.2106266719751,0.3004758638321,0.1034499870162,0.1486337550553,0.3890408389641,0.0083422310408,-0.0878314595085,-0.0861164098618,-0.1021445989865,0.2537074654322,0.4376672918146,0.2304019690114,0.5240521910401,0.6512255799738,0.3894875968283,0.3959026805286,0.7296587784921,0.8045511482780,0.8715485468690,0.2264305705668,0.2779122742990,0.5248607710364,0.3433640059759,0.4452582255090,0.3188782121916,0.1144726070305,0.4056757963326,0.3532688481068,0.0747859895098,0.6332485284504,0.3891636285368,0.4370363842772,0.1288182232296,0.0622432398501,-0.1394072588809,0.3669705055871,0.0663246110039,0.0052158436179,-0.3584159184429,-0.0659977140963,0.0185572398519,-0.1996263670979,0.4927506170980,-0.2163018475315,-0.0697765878630,-0.2876697698564,0.1091137819591,-0.3283205496245,-0.2393785243254,0.0477900480895,0.6234941305234,-0.1163557272562,-0.1974223218909,0.2064627854164,-0.0236755133958,-0.0886710645463,-0.2430020702425,-0.3198095212098,0.4506679559595,0.1079404970879,-0.0958466972896,0.4577918887419,0.2812723001258
0.1741489863310,0.1421859741979,0.1806287830274,0.3733865645164,0.1404940606534,0.3104367296266,0.4069773323428,1.0000000000000,0.6193693950102,0.4562337869740,0.2687217234300,0.4066805597817,0.6711625013143,0.2026298984552,0.2874484367547,0.3347192508804,0.5844839593771,0.6036546546679,0.5626200244644,0.6069325560640,0.2862383869656,0.2089572858880,0.0204544735934,0.4943507324847,0.5357053436692,0.1806575514273,0.1605662254336,0.1853592595118,0.0782937522025,0.1385869443659,0.2994229869408,0.2586782288454,0.3967766754286,-0.0396355407969,0.0244137351457,0.0750478119513,0.1975232259489,0.2291546528916,-0.0437892474856,-0.0280460190340,0.2177429408573,0.1390517166057,0.0690194993996,0.1606028467058,0.2941289219440,0.0539760502002,0.3369016438749,0.1521179046946,0.2022711622338,0.3950354137208,0.1727691076354,0.0159243550129,-0.1439069471427,0.3098419095539,0.4445039535678,0.3692893163437,0.5645171628144,0.6746849020414,0.5157243682085,0.6359351369758,0.2953908467145,0.2861341727315,0.1093847682045,0.4176218044510,-0.0319906639068,-0.2851203566830,0.3614827313514,0.5825037810839,0.4561454036646,0.5728535772555,0.1958964721181,-0.0839006891021,0.4533240897624,0.4104164454454,0.0497979361695,-0.3125268453525,0.0370612382699,0.1503471562640,-0.0022198141263,0.5057040048623,-0.1698581707343,0.2150943227829,-0.2116778073297,0.0242782308672,-0.0384091372502,-0.3022590426872,-0.0357375608406,0.1367009690404,-0.2234789506025,0.0524257113063,-0.0741075032474,-0.2032985402198,-0.0933085048259,-0.0108986211826,-0.1556296985002,0.1002168333992,0.0930464980351,0.0184517113788,0.0646479133893,0.0912001978442
0.0112571965934,-0.0644311260676,0.0068294215848,0.2189026110005,0.0275951728116,0.1965810259270,0.3586034396765,0.6193693950102,1.0000000000000,0.4815807256877,0.2855883877512,0.4634637960228,0.4864671093127,0.0216986951336,0.3303046531193,0.4853698073515,0.5284802730260,0.5766293088940,0.4401105281414,0.6549116343110,0.3127357149688,0.1995786364580,0.1828111732218,0.6085284591025,0.6185028212913,0.2015202640402,0.2769012071311,0.0231553958347,-0.0749743296153,-0.0756235344409,0.4634679667694,0.2867087296662,0.3381997882342,0.0857853548191,0.2215107960075,0.3329350365080,0.2857920128783,0.1556205887939,0.0497767299842,0.0430750923833,0.1248161879186,0.0909898355181,0.0953806204063,0.1373530847793,-0.0858817065522,0.0376582723080,0.2359296119490,0.0723383798136,-0.0196944506800,0.3981579936535,-0.0236979227871,-0.2332934164230,-0.0186304630969,0.1565723081601,0.3339137378458,0.3360504843886,0.3964080987811,0.4030111862730,0.4970261832548,0.6849986600222,0.3161997427875,0.2805054499889,0.1605061844999,0.2849362347677,-0.2120500642370,0.0335711022490,0.4172676668245,0.4533932427688,0.4620840193574,0.7041740025368,0.3656937903356,0.0695005369330,0.7745808157416,0.5399571715446,0.1849897895189,-0.0953906120802,0.3735497394831,-0.1250844207283,-0.2260517412325,0.5945270455138,-0.0834996338222,0.3376172036190,-0.3992624912988,0.0834269276954,-0.0390691064807,-0.1941504248829,0.1857691947778,0.2311148112072,-0.0321131742043,0.1824859578247,0.0494103389109,0.0025877576841,0.1166751448910,-0.2035942620512,-0.2479115599477,0.1071396641277,-0.2444150128896,-0.1685786751834,0.0606217140547,0.2845555690604
0.3801511934613,0.2482761867342,0.3770154988674,0.4703995749682,0.3566805593822,0.5701534342292,0.5219378999955,0.4562337869740,0.4815807256877,1.0000000000000,0.5109788539105,0.7675618176633,0.6978068701049,0.5065108635938,0.7376495001107,0.4985584481043,0.6195455649686,0.4772236910324,0.1466669749136,0.5003486625273,0.6257852984593,0.6142502902204,0.4164106667059,0.6493984944734,0.3539553934715,0.3588601375226,0.4703254847301,0.0675586166256,0.0695822933671,0.1942733130977,0.5893025742970,0.6072284918039,0.6117163449238,0.2748730402608,0.3952638050610,0.2995687862100,0.4360665083847,0.1480118683833,0.3474649453983,0.2466005777504,0.4132169536215,0.5477452111035,0.2040193468824,0.1722735902665,0.0623111367913,0.1881934635279,0.5365983346695,0.4110042952758,0.3238308706684,0.7929173851403,0.2922914653827,0.0619543562549,0.1221406717955,0.4515300006023,0.5317523039597,0.4100848086993,0.2027462723895,0.0927662625974,0.3020123939265,0.2865142537704,0.6808430493952,0.5577146435020,0.2317172643623,0.2458376312094,-0.0238330631567,0.1292473807252,0.3268986965246,0.4583008471867,0.2678893357194,0.3206300449523,0.3397357205852,0.3834888032432,0.5641873191319,0.1661269654522,0.0915588645546,-0.3551026132788,0.2412814532640,-0.1654838600452,-0.2965882145616,0.5738486573138,-0.0716588900887,0.2213548466038,-0.4063447833603,0.0941012969442,-0.2772348504868,-0.0920612771144,0.2504900327911,0.4526728421789,-0.1282342121567,0.0353812510149,0.2829625680047,0.1257524344881,0.0202738496374,-0.1788224389116,-0.4696785401113,0.3509437118929,-0.0970795763535,-0.2079853554579,0.4214206958125,0.2944090829921
0.2256914001313,-0.0782050709782,0.1825091150499,0.3427417771369,0.1907658975664,0.3452851912727,0.1395651850799,0.2687217234300,0.2855883877512,0.5109788539105,1.0000000000000,0.7481575845778,0.5109638008266,0.1117140647029,0.4585589000719,0.3282093999994,0.5925650467573,0.5283165218799,0.0644617690161,0.4648906253968,0.5174119075191,0.4873300777016,0.7126910020887,0.6493585032287,0.2775550890529,0.4770069833049,0.6026588797802,-0.0188894836758,0.0168780735696,-0.1380767357945,0.4880617220019,0.6053048807822,0.6265223916216,0.0297675138864,0.1749398835895,-0.1186714451778,0.4307550829409,0.2446682432756,0.2333669267537,0.2305317592645,0.2441760589004,0.3252628902234,0.2789040252760,0.1705896559440,0.1105851101333,0.2187398114537,0.3888687067216,0.3636301356245,0.3394062961402,0.5097344516250,0.0192722545124,-0.2356876220614,0.0017180780511,0.2247998459709,0.2727159839719,0.0712545435304,0.1700598407305,-0.0579007908955,-0.1213227210925,0.0154253339866,0.1064940088513,0.7143047334663,0.2567940251359,0.1244942301364,-0.3326489571685,0.1352137453543,-0.1354488578622,0.3405721238452,-0.1583802586750,0.3208978807120,0.2334868926673,0.5122922415879,0.4797220306122,-0.0325286207497,-0.1015568338009,-0.2098569249771,0.3445576296030,-0.2575809505496,-0.1788290472696,0.3221652311226,-0.0129008029006,0.2768479042983,-0.3925277838894,0.0292987886973,-0.2183968076581,-0.2654234501082,0.1761730180842,0.0595721402314,0.0462186089056,0.0229756589187,0.1934010936689,0.0382729278609,-0.1260826780692,-0.1963338554306,-0.4829779597229,0.3459131555375,-0.1872498972196,-0.3649799435458,-0.0375170479191,0.1536220317906
0.2986049624914,0.0317867520079,0.2452544981340,0.3836692030814,0.2681284005394,0.4158413293315,0.3085392399943,0.4066805597817,0.4634637960228,0.7675618176633,0.7481575845778,1.0000000000000,0.6203472997109,0.3256083497037,0.6110579983741,0.3910279994870,0.6477960181048,0.5548071229713,0.1831997621899,0.5334347645051,0.6455599546414,0.5178829533469,0.7142479486191,0.6707964418482,0.3487511131192,0.5140478155138,0.5379551261149,0.0904500120280,0.0848932313530,0.0215956986517,0.4932323102876,0.6825717495856,0.6558447062600,0.1710558325312,0.3311439960243,0.1666087595252,0.3722814604460,0.1142371215328,0.2191102585168,0.1691294774575,0.3316541032988,0.3867178081346,0.1684473111273,0.1227706669633,0.0194460583720,0.1701721908047,0.4858295709405,0.3179699653435,0.3306716947660,0.6379736770588,0.1483061305138,-0.1162951608591,0.0171393994473,0.2983726644652,0.3682967313918,0.2309755796839,0.2104710260647,0.0893602711524,0.1818463000309,0.2604799681842,0.3765149432630,0.6562841990062,0.4005804170624,0.1817298967086,-0.2251233325617,0.1364975267344,0.1618041002347,0.4509339793251,0.1507893685934,0.4173391118291,0.3949730393924,0.5511045275496,0.5477066234510,0.1738648299853,-0.0089865762482,-0.1769874641469,0.2745925131150,-0.1575448534831,-0.1977698850824,0.5207870760516,-0.0338269387316,0.3436248412885,-0.4810531527691,0.0255518428565,-0.2617257853851,-0.1584754525952,0.1789052158801,0.2822823931739,-0.1170654751525,-0.0641315021268,0.1522754530989,0.0024937400829,-0.0800935994299,-0.2222840464298,-0.4772102767016,0.3061195121012,-0.1208856489397,-0.2579767265912,0.1479831904521,0.2772865587161
0.4150745804680,0.1683612429930,0.3140881753824,0.5694520951455,0.3965069502021,0.5164472719178,0.5270313858070,0.6711625013143,0.4864671093127,0.6978068701049,0.5109638008266,0.6203472997109,1.0000000000000,0.3984820971685,0.5366925581861,0.4244158559816,0.6997949514034,0.6544056940143,0.1438095827812,0.5713943549956,0.4673275292989,0.3895713040560,0.2836317104899,0.6708742593982,0.4062587503703,0.3158557428324,0.3806049129367,0.1132608656898,0.0064068126900,0.1070586570330,0.5193536914966,0.5209509620978,0.6140301325912,0.1334891644361,0.1295010490088,-0.0203875258750,0.3337164739595,0.1873418371386,0.1424044195486,0.2081539023062,0.3182937831557,0.4402330576172,0.1270750685567,0.1084533415637,0.1627179591725,0.1742719159924,0.5508798231306,0.3855052037219,0.3535357116925,0.6560322631486,0.3107183690471,0.0291827666617,0.0013908449804,0.4514437649295,0.6158389064237,0.4476439679891,0.5202068287152,0.3064098695201,0.3160532593916,0.3668902205589,0.3977311650576,0.5430680891423,0.2121972813710,0.6163501520945,-0.0554317181619,-0.1094455503787,0.2233430955213,0.5903387954617,0.1918637757056,0.4504880116483,0.1348439706005,0.1581279554211,0.5308759342218,0.1351256571270,-0.0468040493361,-0.4162175994942,0.0887817415615,-0.0625754258120,-0.2011537179040,0.5687162583202,-0.1327943402814,0.2533186126977,-0.3750499974986,-0.0258563580454,-0.2423564134930,-0.2353153915298,0.0467749161850,0.2339781421518,-0.2265255918742,-0.0166710272788,0.0908579942465,-0.0436732837485,-0.1366473058771,-0.0949490474434,-0.4001280526406,0.3036733572156,-0.0489266530316,-0.1563766179991,0.2851665705190,0.1583329229700
0.7483813687704,0.6629912419020,0.6496340682815,0.6477463500994,0.7207244795317,0.5769476477279,0.6243793948619,0.2026298984552,0.0216986951336,0.5065108635938,0.1117140647029,0.3256083497037,0.3984820971685,1.0000000000000,0.6039106914806,0.3181397982307,0.1643910397114,0.1704186132677,-0.0537981670575,-0.0002003116743,0.2624774194479,0.2012091568303,0.0824711440374,0.1933838428520,-0.0691118890432,0.1904966962601,0.1049068251749,0.3661263894428,0.2362192965255,0.4859852552763,0.2067373506187,0.3309675999865,0.2177544170282,0.3341069361958,0.3392989894647,0.2447709331102,0.1062507479045,-0.0742197461719,0.3078222932026,0.3432486347327,0.4523552764483,0.5283087590380,0.0402378074357,0.0290413708119,0.1130371439016,0.0977317886265,0.5099861995878,0.4082536240378,0.4517682526198,0.5222281872242,0.7341090113339,0.5750466202923,0.3298326889740,0.6150087613904,0.4708578996920,0.4742351974012,-0.0960937447559,0.0268082871137,0.2856861135137,0.1294650313308,0.3022367464558,0.2324524703305,-0.0805641569007,0.0710995330946,0.5226469398768,-0.0000966407952,0.3127829967126,0.1411059828006,0.2439089272627,-0.1719793801390,-0.1355789750049,-0.0548601333429,0.0534864995397,-0.1014267075861,-0.1181270237514,-0.5086938356844,-0.2005224470603,0.1960480579481,-0.0588804851541,0.2135802718133,-0.3197785954980,-0.3119852061727,-0.1319280443642,-0.0099785361621,-0.4486397350970,0.0135045341584,-0.0219593165295,0.4650626972565,-0.2542180673437,-0.2346124347300,0.1783638216373,0.1111384841442,-0.0978836325697,-0.0500396275378,-0.4056208514425,0.2655675023465,0.3812113787499,-0.1051072552089,0.3319206786437,0.0183303881523
0.3318486910448,0.3978193137135,0.3502476628558,0.4862563866201,0.3174908244063,0.5414092880792,0.4666801930923,0.2874484367547,0.3303046531193,0.7376495001107,0.4585589000719,0.6110579983741,0.5366925581861,0.6039106914806,1.0000000000000,0.5981163889622,0.5655714265858,0.2951028311819,0.1536593307767,0.3802436624334,0.7273491197717,0.5545169785653,0.4686582557295,0.5121654200892,0.1914609680929,0.5052141120948,0.4866927913842,0.1102145959475,0.1348664547729,0.3156882772252,0.6128427404879,0.6967656419296,0.5904677132163,0.3337158016944,0.5486546290678,0.4268985764620,0.3956877458469,0.2961545365875,0.5119619924717,0.3335750389588,0.4298575586355,0.4521790621889,0.4552780471361,0.2936433058059,0.1236704915184,0.1290732279252,0.5161178541028,0.4735767361729,0.3967729972005,0.7192787039346,0.2348511603441,0.1127407034368,0.3345659107258,0.3868903090537,0.4128278821196,0.3143544599839,-0.0719564120256,-0.1329757253450,0.0959937931483,0.0822233819652,0.2720209750126,0.3725533182217,-0.1507679487401,-0.0221944644241,0.0772443077883,0.3995538752475,0.2530297300155,0.1881562533173,0.1286515404250,0.0944976665621,0.0684315846949,0.1975560635657,0.3709953570896,-0.0620272659780,0.0068633073322,-0.3740175292309,0.1674505848850,-0.1401668497715,-0.1852438037090,0.3654205392332,-0.1557708677309,-0.0592715346855,-0.3539534510455,0.1675557530157,-0.3865878478638,-0.1051183387704,0.2507191187071,0.4816064000105,0.0320224940669,0.1167387819746,0.4101585236451,0.2068912496494,0.1161554752681,-0.3093590624408,-0.6272973285606,0.3626820441950,0.0206921995700,-0.4325175916687,0.0637130115858,0.0430553121057
0.2055264350961,0.1135603964234,0.2579516511073,0.4607446971432,0.1948757304832,0.4421368441953,0.5351876676053,0.3347192508804,0.4853698073515,0.4985584481043,0.3282093999994,0.3910279994870,0.4244158559816,0.3181397982307,0.5981163889622,1.0000000000000,0.5132859461129,0.4478345784498,0.2672394270145,0.4756488065505,0.5064803019832,0.3199899227519,0.3418304827122,0.5667171243950,0.3039033527924,0.4722628462826,0.4893936108522,0.1292723596602,-0.0045104705494,0.2003511588766,0.7423225126666,0.5676098282793,0.4505863068924,0.3619071275147,0.6831537020536,0.5229461838602,0.4901980774394,0.3421684142762,0.5734342450727,0.3207672275626,0.2969151669514,0.4734771715542,0.6004298355805,0.3151761988411,0.2210659166623,0.1451892917022,0.4355209560784,0.4586645466763,0.2205955911693,0.5931373718754,0.1510475049726,-0.0279528390414,0.2025956858382,0.3319368428469,0.3820876584588,0.4167945508247,0.0763556864432,-0.0599086640026,0.2108381301191,0.1866166057770,0.1227764986823,0.2351295901920,-0.2041432347500,-0.0198684035023,-0.1243860006975,0.2543011297922,0.5023194553861,0.1946162412748,0.2895772198520,0.3313202093333,-0.0271057412635,0.1327054761660,0.5068198222082,0.1512256797193,0.1620148405554,-0.2422433807366,0.3388921752455,-0.0555194413180,-0.2106921378214,0.4918109350529,-0.1607756720082,0.0211355060488,-0.2771172402615,0.4060781633379,-0.1254675967177,-0.0816896337341,0.3562386198288,0.5780558121302,0.2175635828907,0.2390493579753,0.4681067721966,0.1780492734446,0.2002364547288,-0.1609026177684,-0.4863441747293,0.4033484284523,-0.1603413620892,-0.3733177264354,0.1323524685617,0.0865188826745
0.1677933690566,-0.0155246077347,0.1546821286632,0.3403408092278,0.1473228595471,0.3948900880011,0.2414075518132,0.5844839593771,0.5284802730260,0.6195455649686,0.5925650467573,0.6477960181048,0.6997949514034,0.1643910397114,0.5655714265858,0.5132859461129,1.0000000000000,0.7511423040892,0.2565664183648,0.7776509955171,0.7651221803523,0.5567861789019,0.5105927841225,0.7684460985583,0.5090719409351,0.5490126426055,0.6499965637277,0.1338117909027,0.1547121395128,0.1007061393679,0.7440540761523,0.6454205848675,0.8045710449372,0.0640060053490,0.2149697938792,0.0534896027629,0.4523065946360,0.4297218482536,0.1907320284937,0.2007448203174,0.3938602081660,0.3843059259566,0.3603635171103,0.2562639614836,0.2489076035823,0.2312175690903,0.5294707573069,0.3803813522784,0.4162051222991,0.5893650071870,0.0005133106464,-0.2420227253430,-0.1019539430075,0.2622858587797,0.4208118661998,0.1936873596884,0.2739156470700,0.1495030052956,0.0947173651158,0.2253211022076,0.1809563537533,0.4650653037027,0.0530893930836,0.1681792849591,-0.3538114094558,0.0269705132587,0.0987526073951,0.5951999859922,0.0708447267352,0.5884114266769,0.2291088558224,0.3177379641806,0.5940496886609,0.1191433331969,0.0409197689876,-0.2856869076547,0.3113485438912,-0.0969086779793,-0.1012877774073,0.6050008921169,-0.1518638818231,0.2675299009748,-0.3729451092713,0.0728771005528,-0.1930327775893,-0.3204607420079,0.1710999935080,0.1402076482910,-0.0583479259377,0.2036714851881,0.1801062970366,-0.0244108844841,-0.0753494853439,-0.1226772688572,-0.5160925649131,0.2923750929534,-0.1151452387709,-0.2077303058028,0.0170279252957,0.0529569560029
0.2984491782640,0.0102817443240,0.2561744239879,0.4467750982199,0.2532355859860,0.4033782686428,0.3254820639132,0.6036546546679,0.5766293088940,0.4772236910324,0.5283165218799,0.5548071229713,0.6544056940143,0.1704186132677,0.2951028311819,0.4478345784498,0.7511423040892,1.0000000000000,0.1057576610715,0.6740085909287,0.3778078928103,0.2799200105182,0.3124773894704,0.8063162789091,0.5110284333485,0.3225513802179,0.4884485672091,0.0733362080999,-0.0164147972836,-0.0131142547718,0.6105736678679,0.3884739901732,0.5689945220108,-0.0271329014324,0.1412492711474,-0.1126213183398,0.4667749603414,0.1791004086374,0.1343353388858,0.1667406934670,0.2305578332875,0.3669470577653,0.0573156398399,0.0521018747658,0.1369662953298,0.1833954897387,0.4797084761472,0.3397302973746,0.3038130218147,0.4451494866368,0.1647622937824,-0.1096478921887,-0.1869620820517,0.3595526418127,0.4478878696293,0.2851661266786,0.4871023855798,0.3558628161198,0.2374147183187,0.3379804675332,0.1828525120946,0.5472552928816,0.1979364806350,0.3519242900495,-0.2965043262722,-0.2309212489740,0.1590160899757,0.7067060810087,0.1199570762716,0.6725428729914,0.1999257171551,0.1989368549754,0.6970459227490,0.2122974811211,0.0104048792504,-0.2559190083287,0.3427983271350,-0.1136565308733,-0.2482943450800,0.6639024438596,-0.1964464479564,0.2822014400888,-0.4354302953955,0.0045498529027,-0.0986161142755,-0.3550147191569,0.2197882365405,0.1483351407335,-0.1408557904500,0.0392835279940,0.1282559852279,-0.1379536855349,-0.1988193321369,-0.1025024590329,-0.3888085515260,0.2994772947683,-0.2140244453144,-0.1905005899303,0.0896504569093,0.0958768152807
-0.0663688248605,-0.0661894747512,0.0110128969952,0.0925126336081,-0.0885338619445,0.0459114556848,0.1482389097060,0.5626200244644,0.4401105281414,0.1466669749136,0.0644617690161,0.1831997621899,0.1438095827812,-0.0537981670575,0.1536593307767,0.2672394270145,0.2565664183648,0.1057576610715,1.0000000000000,0.4034523624775,0.2580713256885,0.0943680141173,0.0708536281558,0.1568662797392,0.4500251660319,0.1418143465661,0.0699080408082,0.0670682508107,-0.0220040814155,-0.0391235184034,0.0263570528654,0.1060921327697,0.1422806580587,-0.0330314271906,0.1354289317150,0.4154451879873,0.0063200790007,0.1742160630563,-0.0403731203427,-0.1780341333745,0.0450102052811,-0.1756075391895,0.2303882851269,0.1328691724186,0.1591053666247,-0.0549319934552,-0.0070274335324,-0.0355928886235,-0.0038497980861,0.1087014760737,-0.0642723160809,-0.0765793736678,-0.1183519144294,0.0445694301546,0.0610895552425,0.1798259871754,0.1509832286262,0.3591132802129,0.2886700093057,0.5475354622906,0.0410549983117,-0.0501934186258,-0.0223110959739,0.0176945007849,-0.1308075347557,-0.0362850832774,0.4395658925413,0.1097075151809,0.5875229844894,0.3522171449195,0.1986851673050,-0.0620551919298,0.1843737202321,0.4570041328713,0.1666696105690,-0.1151748773841,0.0317209762075,0.0717485816556,0.0319288139942,0.1922089749646,-0.0863735680449,0.0695303373637,-0.1584348699498,0.2127382307554,-0.0339544667859,-0.2001401601483,-0.0581285449215,0.1828879534147,0.0197229836515,0.0400988158770,-0.1071148749137,-0.1341014899558,-0.0021053752307,-0.1403598919824,-0.0632331752270,-0.0356223467905,0.0054721588165,-0.0428692729642,-0.1592797669433,0.0459108534482
0.0508855233036,-0.1116219307137,0.0759589533395,0.2127828979177,0.0414380062533,0.2839231405517,0.1236501011006,0.6069325560640,0.6549116343110,0.5003486625273,0.4648906253968,0.5334347645051,0.5713943549956,-0.0002003116743,0.3802436624334,0.4756488065505,0.7776509955171,0.6740085909287,0.4034523624775,1.0000000000000,0.6214704500522,0.4906376667616,0.3980621219309,0.7504136245872,0.8215315828269,0.4837849837166,0.6203635448198,0.1135362191880,0.0764906228909,0.0401939815652,0.6273662144253,0.5264907199132,0.7333402280130,0.0706674250436,0.1727963556509,0.1089503114144,0.4699860778607,0.5389731570789,0.1124610397691,0.2237223812777,0.3313594162257,0.2572534387263,0.3061409205310,0.3614013312835,0.3078159149915,0.3064802637457,0.5040817404702,0.2232456850479,0.2226796693472,0.5199131232561,-0.0826430595764,-0.2824666493409,-0.2432598430554,0.1627653573306,0.2720059752914,0.1091779388880,0.3617303877464,0.1522132896451,0.0719509306941,0.3804788376867,0.1011122888736,0.3158825448061,0.0257436255499,0.1179891939150,-0.4643333540831,-0.0676212621528,0.1096038009585,0.4073285034680,0.1488254242708,0.7976897766295,0.1757228921600,0.2873915107159,0.6163676355055,0.4493525299941,0.0186924347767,-0.2455151503471,0.4142260153294,-0.0570715775835,-0.1428005472051,0.4836633768547,-0.1533890798516,0.3672109174375,-0.3736617183623,0.0232879232622,-0.0538858903939,-0.2103714718492,0.1665565909777,0.0910551612766,-0.0773487835546,0.3100197440220,0.0813042993336,-0.0149982453907,0.0310424817135,-0.0092542341508,-0.3563047793331,0.1626926207398,-0.2508888046172,-0.1927036433311,-0.0240530730416,0.0854393266059
0.1154093169154,0.0744893293722,0.1735696483290,0.2085002115981,0.0995775211341,0.3202399893215,0.0950496040874,0.2862383869656,0.3127357149688,0.6257852984593,0.5174119075191,0.6455599546414,0.4673275292989,0.2624774194479,0.7273491197717,0.5064803019832,0.7651221803523,0.3778078928103,0.2580713256885,0.6214704500522,1.0000000000000,0.6583659768787,0.6246263472487,0.5988225382555,0.3725323582874,0.7168751926758,0.7077524897688,0.2051033004574,0.2453895713252,0.2748880093438,0.6701074545838,0.7888509395147,0.8158880741704,0.2402677418663,0.4041686143243,0.2895717918005,0.4357631355096,0.5409894706289,0.3523131983373,0.3112224931489,0.4456077875142,0.3693708122900,0.5674172045571,0.4013076498375,0.3379099048823,0.2638396423644,0.5728160084305,0.3224054600691,0.3805309890750,0.5824401789644,-0.0604018016626,-0.1675833071110,-0.0265339057610,0.1477593691009,0.1601209728069,0.0105304195512,-0.0553886957022,-0.2186401272574,-0.1130174251184,0.0519682665765,0.0981305016172,0.3198726314490,-0.1394700180814,-0.1905197264679,-0.3050500730691,0.2267771661765,0.0180840717677,0.1581540146090,0.0243021196837,0.2886805407026,0.1501094479277,0.4020018978170,0.3630239260271,0.0604085538536,0.0487286678336,-0.2700095929584,0.2830376514988,-0.0632403016964,-0.0583894874044,0.3306057064278,-0.1940183742516,0.1014494353220,-0.3181161901554,0.1317292891622,-0.2791506399729,-0.1317911012197,0.2245198140003,0.2511030484876,-0.0020533824784,0.2367315525363,0.2724044393548,0.0907677222680,0.0695029010668,-0.1320041531193,-0.6028862772776,0.2118834209236,-0.0823093370286,-0.3143764999397,-0.0895377465498,-0.0371556314339
0.0515458581279,0.1417647943572,0.1259784223796,0.1402992965215,0.0703238862652,0.3060588744841,0.0213118134621,0.2089572858880,0.1995786364580,0.6142502902204,0.4873300777016,0.5178829533469,0.3895713040560,0.2012091568303,0.5545169785653,0.3199899227519,0.5567861789019,0.2799200105182,0.0943680141173,0.4906376667616,0.6583659768787,1.0000000000000,0.5595374257391,0.4611585298223,0.3418179895378,0.5058644024124,0.5882692700674,0.1245189490682,0.2752552432800,0.2445547080342,0.4988884008449,0.6304604245649,0.7003856221410,0.1704243516355,0.2238066675430,0.0691101478106,0.4398193799242,0.4184405850588,0.2425204865426,0.3720196785345,0.5593000362708,0.3359783139062,0.3609972486367,0.3848724579138,0.2677679829733,0.4918461785194,0.5493590673570,0.2578182240504,0.4498787401188,0.4586704044839,-0.1048493118161,-0.2077030782734,0.0304758094857,0.1209302956770,0.1695934081496,-0.0417008508097,0.0118361630719,-0.2135480381383,-0.1593966764147,-0.0345223811468,0.2175199159758,0.2191994870812,-0.1158793103351,-0.1219765751373,-0.2165797094417,0.1416186632340,-0.1294868930536,0.1645535059054,-0.1203930497644,0.2333414410210,0.0942727736348,0.5440456377753,0.2778567643601,0.0714797534944,0.0307169759214,-0.2836742137163,0.3049179441692,-0.1087599351851,-0.0516172480234,0.2011632342475,-0.0412118294481,0.1877680505729,-0.2243313031139,0.0170090034544,-0.1480249214122,0.0725058262390,0.2337598938940,0.0770000078070,-0.0416268455059,0.2177596891976,0.1903258791225,0.2377096260802,0.0793504331252,0.0570179891895,-0.3890700702633,0.1356139439995,-0.0158708352376,-0.1857486401254,-0.0373389071029,-0.0224232700235
0.1216921137926,-0.1597625265558,0.0587985752337,0.1842684795192,0.0746385689625,0.2405853948268,-0.0065062666424,0.0204544735934,0.1828111732218,0.4164106667059,0.7126910020887,0.7142479486191,0.2836317104899,0.0824711440374,0.4686582557295,0.3418304827122,0.5105927841225,0.3124773894704,0.0708536281558,0.3980621219309,0.6246263472487,0.5595374257391,1.0000000000000,0.4924221242491,0.2158250417856,0.6513325633847,0.6597751058006,-0.0021925634207,0.0458021170771,-0.1287898171043,0.4589190948631,0.7318093324114,0.6324181597354,0.1880687714947,0.2985636288628,0.0381842304876,0.4224028323520,0.1672746086414,0.2564276285825,0.2580038431726,0.3333612869541,0.3264751576094,0.3814612106344,0.2169193303374,-0.0200004571178,0.3230969806641,0.3829593472789,0.2775560810653,0.2797443558400,0.3918063956713,-0.1416883427248,-0.3825687019579,0.1150939631528,0.0681994680849,0.0997237812885,-0.0582232268289,-0.0341647878571,-0.2981826267579,-0.2612153967968,-0.1390188702040,-0.0592111876764,0.3916468806133,0.0882103735911,-0.2100287963320,-0.3943105124988,0.2993145049959,-0.1781057761439,0.1073395687479,-0.2339147337528,0.2821077279375,0.1550361787792,0.6645869506375,0.3207521830335,-0.0121187461274,-0.0649943634541,-0.0366772040314,0.3795173273946,-0.3034842750002,-0.1236287124134,0.1917072010783,0.0394557335493,0.2169969911968,-0.4094131750529,0.0650618802760,-0.2846793410718,-0.0564191847194,0.2478641517922,0.0884543248447,0.0748199310575,0.0059919398153,0.2116206057023,0.1988532853535,0.0082550486580,-0.2485033033500,-0.5344528694646,0.2444376466524,-0.2082370117154,-0.3774922886502,-0.1453032740812,0.0779700484259
0.2847533843067,-0.0137481650801,0.2852597518825,0.4409876289307,0.2651877737583,0.4811596363598,0.3293749888867,0.4943507324847,0.6085284591025,0.6493984944734,0.6493585032287,0.6707964418482,0.6708742593982,0.1933838428520,0.5121654200892,0.5667171243950,0.7684460985583,0.8063162789091,0.1568662797392,0.7504136245872,0.5988225382555,0.4611585298223,0.4924221242491,1.0000000000000,0.5773614476656,0.4730617109847,0.6732254406490,0.0388162111140,0.0201179929162,-0.0012920192398,0.7290344949445,0.5446664226360,0.6692554069976,0.0655350788271,0.3286908580135,0.0720957851814,0.6240387348774,0.3042180327909,0.2984274569345,0.2383972674149,0.2751360420439,0.4194003753370,0.2271070278213,0.1620592114687,0.1500445603119,0.2418445095945,0.5274366885198,0.4209515282137,0.3497357216150,0.6035263427766,0.1111280144591,-0.1553438145454,-0.1243009462353,0.3699181628010,0.4524319431642,0.2588764141815,0.3320093474490,0.0675851016552,0.0949543646462,0.2689743516194,0.2466230482559,0.6330592727074,0.1786326388534,0.2318791354523,-0.3618356052781,-0.0390643809030,0.1357196287827,0.5255594334024,0.1089324958708,0.6419360497579,0.2269969111668,0.3867498910366,0.8108392560227,0.2299751539002,-0.0393073153513,-0.2969043783690,0.4421141634215,-0.2153581351116,-0.2910104147880,0.6228669673773,-0.1998079314192,0.2634736883434,-0.4693359116818,0.0385901538058,-0.1973210566000,-0.3163916296823,0.3505897733906,0.2860775556207,-0.0944002313772,0.1501037651761,0.2559516830784,-0.0497460207647,-0.1018100139998,-0.1358140827630,-0.5279961738431,0.3943105400819,-0.2972074120831,-0.3005355082280,0.1183511115841,0.1417252963986
