1.0000000000000,0.4899809922383,0.6128279572723,0.4236752038566,0.6478423358029,0.4940343849373,0.3612571798914,0.0498120420328,0.0688284109963,0.4311473511664,0.3448184719442,0.2312249030972,0.1046095927267,0.4871369397942,0.5175921569359,0.1751118854039,0.1403937601578,0.2453416727281,0.0965084762795,-0.0052196374791,0.1141867693412,0.2613447784478,0.2203681932302,0.1337888732389,-0.0189498281057,-0.0956033068305,0.1032600287491,0.1028365637476,0.0167988246339,0.0722293059690,0.0932764287517,-0.0678461627181,0.1129128819877,-0.1841252085447,0.3058456348255,0.1064752836102,0.1827789539377,-0.0998201588078,0.2831363468074,-0.0203497360522,0.3323757037059,0.3397332292636,-0.0700911285390,-0.1459545971632,0.1753886793176,0.0626864546377,-0.0214664429790,0.4342055957122,0.2525760932427,0.4978354243502,0.7036464244198,0.7479202962585,0.4415189564794,0.4920524233205,0.4734559577295,0.3680545264227,0.1006343130206,0.2355047133616,0.0589207111757,0.0702290977941,0.2375232314327,0.2232278291567,0.1114063472875,0.0395297389446,0.6121323881653,0.0335130382118,0.0747018076577,0.1556242789717,0.0749323744395,0.0274986436897,0.0611496921299,0.0482350665326,0.1402462502946,-0.0567748332752,-0.1094157744134,-0.3371760589511,0.0530995351926,-0.0017568509201,0.0502416480588,0.0491885712199,-0.0268705598106,-0.0360042846096,0.0711620910153,-0.0713289164928,-0.0461512327232,-0.1501187388899,0.0405690526155,0.3160416401698,-0.0962510822281,-0.0820576169489,0.1754233574495,-0.1431146832939,-0.1489312097170,0.0846073017095,-0.1591229846313,0.4689591341332,0.2816934435722,0.1595739320925,0.2810056195683,0.1458975029567
0.4899809922383,1.0000000000000,0.2302582363517,0.2355076986712,0.1687645392191,0.2561969390694,0.1675819745126,0.1525837477670,-0.1373541151701,0.2928173438255,0.0407532624245,0.0024395391289,-0.0101036977812,0.6527829399675,0.3634642594313,-0.0095265601237,-0.0123547757043,0.0828067107400,-0.0391437379796,-0.0757807023497,-0.0943597596491,0.4249901651654,-0.1044713636352,-0.2671330021060,-0.4209473056433,-0.0203660356172,-0.3385924464136,0.4553484964338,0.5682936986006,0.5639126373457,-0.1087660078042,-0.0568656137115,-0.1425773019884,0.0944179676247,0.1493973305244,-0.1286812720475,-0.1925385033108,0.0671472697745,0.0253930263411,0.0296235910849,0.5342195770504,0.0777771921935,-0.3885441487335,0.1684227513364,0.1276189401027,-0.0042974526628,-0.0320642002552,0.2586825099845,0.6024090426151,0.1547133972407,0.1013787347702,0.6731244508399,0.2256848780638,0.1181374219168,0.2519260688049,0.0911689006227,0.1776693463019,0.2938393843107,0.0489076144053,-0.1164458355320,0.1340204129411,0.0452921068499,-0.0487656087893,-0.1469394387235,0.4973814752539,-0.2462457099887,-0.1592713378537,0.0060032846567,-0.1304338845922,-0.2853821802453,-0.1329306412588,0.0104243564609,-0.1852655830098,-0.3400851302148,-0.1744036999916,-0.2060115461914,-0.3681095697335,0.2049777731266,0.5455472930883,-0.1929401895077,-0.1538812193231,-0.1974720217754,0.0892444128563,-0.3469367919121,0.0879036527144,-0.2468218377914,-0.2350063163080,-0.0359088159179,-0.2842023379960,-0.1047839105566,-0.0359947529560,-0.2136348914405,-0.2175050616347,-0.2269254722607,-0.2156502344654,-0.0215063154048,0.5830471706276,0.0789672581426,-0.0050498917684,-0.1343788699259
0.6128279572723,0.2302582363517,1.0000000000000,0.5624203343590,0.7566672655188,0.7547328332338,0.6649446577129,0.3760761992204,0.3315614185664,0.5633823799933,0.4629271361822,0.4846618404167,0.4145905491875,0.2246752135208,0.4228820618786,0.4580646979049,0.3719742863471,0.4077068709541,0.3931479823598,0.3223055268513,0.1904881392946,0.3058657874314,0.1465808282430,0.3754124244661,0.2252975094036,0.0827676810048,0.2374517896610,0.0396515543226,-0.3037309899253,-0.2540798411264,0.2845699415725,0.2043683470188,0.2788188503099,0.0755118309998,0.4878162773329,0.4285645123446,0.1689458142663,0.0614254300273,0.4088205382212,0.0633816042858,0.1332276711968,0.4270189684845,0.0900842871467,-0.0506334004072,-0.0472152659152,0.2461873140956,0.1845853175835,0.3031396010788,-0.0702782952969,0.5225955018974,0.5272306315468,0.6732886577720,0.4110502173882,0.9022247950289,0.6547620925618,0.6368289800152,0.3458834146549,0.3728051747337,0.2432606842374,0.3028753486870,0.2977101166904,0.3221064016404,0.2497124008330,0.2703746610987,0.3416216781218,-0.0861263253807,0.3236393553806,0.3065901065079,0.2961991077443,0.3025433690742,0.0385089956396,0.0477470538825,0.3021852416973,0.2129805524948,-0.0772820877173,-0.3337639007470,0.1282456597960,-0.3743516035497,-0.3198260734035,0.2414405848594,0.0715816295230,0.0518808670917,-0.2486997154888,-0.0417996577108,-0.2362455928331,-0.2983189989472,-0.0154780741861,0.3950434481610,-0.1894427520569,-0.0276213253169,0.1204983982010,-0.2232692563856,0.0064576063906,-0.0654388360823,-0.2574719128601,0.5133700790250,-0.0002384439230,-0.1281510751109,0.3402776366670,0.1532945162768
0.4236752038566,0.2355076986712,0.5624203343590,1.0000000000000,0.6121495101376,0.6709498102729,0.7931029368932,0.3192618314865,0.3807733123943,0.3357733483944,0.4583597282716,0.4242381266487,0.3988251162530,0.3579370887132,0.6706349195224,0.5861965109786,0.4430011565715,0.5272892773771,0.4730471748096,0.2940626584156,0.2496607521731,0.1686222789811,0.1911178342048,0.4123035338057,0.1165483926298,0.0742625058285,0.3557471337611,0.0721955001519,-0.2260171571965,-0.2109437983433,0.3143123435140,0.2091813064634,0.4245484395522,0.0919750184254,0.7013985107152,0.5225562478996,0.0515249714810,0.1183440968255,0.3664030243377,0.0570665312606,0.0965705128720,0.3122075555219,0.0895361092839,-0.0998894557166,-0.0875844937122,0.0264348053541,0.1039918287950,0.5081950421534,0.0920528687616,0.4012431583702,0.4984236855911,0.5455026102931,0.8355520506087,0.5486392030669,0.6733901422364,0.7744011294135,0.2638243789593,0.3429641364133,0.2921956229232,0.3908359975807,0.1171430016759,0.3699612560871,0.2316527773614,0.3109012207349,0.4999982397694,0.0227359684534,0.3866152874330,0.5020244887800,0.3696796699597,0.4123973612250,0.1521393236290,0.0002072873802,0.3492979439436,0.2089324072748,-0.1043977439990,-0.2445351440638,0.2029951431351,-0.2686071336692,-0.2933508958157,0.3686057056376,0.0871921421035,0.1502775506078,-0.2076544354832,-0.1141315812392,-0.4032301148653,-0.2712159383533,-0.1067040904511,0.3933371804066,-0.2009423661832,-0.0911510215243,0.0638646970458,-0.1915408720296,0.0066120811599,-0.1548667564656,-0.3331255245665,0.4585676058375,0.0329449502577,-0.0080415798743,0.2245354118590,0.2736203373095
0.6478423358029,0.1687645392191,0.7566672655188,0.6121495101376,1.0000000000000,0.8252998885210,0.6509037681612,0.3691199237521,0.3166622355465,0.5288122630714,0.4317081799826,0.4480170245500,0.4617709016871,0.2416093577063,0.4919065252103,0.4121669565620,0.4795178703727,0.4132882548061,0.3826180718400,0.2621369503847,0.2685074215894,0.2662636992027,0.2114935066638,0.3416927305434,0.1866738415916,0.0919394940266,0.2511602164565,-0.0179179664131,-0.3318246162041,-0.3127214938241,0.2702366157721,0.2761867600657,0.4482289916852,0.1077750405279,0.4615327444394,0.3635368757431,0.0872072721319,-0.0284523351161,0.3705249491874,0.0653301989756,0.2227494707096,0.3822836486066,0.0195043314704,-0.0858167286191,-0.0590240609404,0.1923686006325,0.2641252882235,0.5070066797110,0.0467206100208,0.5582726484264,0.6870315730425,0.5538634299051,0.4866482086306,0.7825522548102,0.8181255212095,0.6878135747856,0.3506165672696,0.3768921200122,0.2764473095320,0.3118595717072,0.2722297990365,0.3187503480800,0.2999185490326,0.3668572591533,0.3305842979174,-0.0319897765258,0.2978523600528,0.4337989437158,0.3054618451621,0.3095206734288,0.1627566480374,0.0449174077613,0.2402912258230,0.2244606422849,-0.0900040150270,-0.2138105282073,0.1760258933931,-0.3678494864281,-0.3351221899070,0.2874960714816,0.1469185123252,0.2452571873476,-0.2920000270457,-0.0748432223857,-0.2390528259412,-0.2196088383511,-0.0572631194516,0.4073359751140,-0.1521388688990,-0.0560675898650,0.1270793137021,-0.1745874968871,0.0804821239010,-0.0372519288121,-0.2172912944701,0.5264278699499,0.0630096430667,0.0356677147205,0.2165632194312,0.2850877354603
0.4940343849373,0.2561969390694,0.7547328332338,0.6709498102729,0.8252998885210,1.0000000000000,0.7103134689216,0.4305444722477,0.3751115309512,0.5591919754063,0.5429314455623,0.5116891215940,0.5557786577974,0.2952039958830,0.5323823170302,0.5108130825864,0.5231314592722,0.4591108181586,0.3892515445639,0.3214157301048,0.2622817560332,0.3806020372617,0.2542214719543,0.4195022459293,0.1676462669666,0.2167649437207,0.3509013634751,0.0767212771454,-0.1968185461972,-0.1786452020349,0.3710506011947,0.2866653929840,0.5318534314545,0.1820531791264,0.5445632234563,0.4107256644510,0.1533009724923,0.1380376147377,0.5136422153812,0.2361561362942,0.2585150023752,0.3611334990382,0.0943404580135,0.0538352203090,-0.0623015018750,0.2126210863525,0.2338538250950,0.6788702529597,0.1875875687612,0.5678738601538,0.5311997012670,0.5446820856985,0.4959824955876,0.7666551179024,0.9100668458093,0.6604552707251,0.3715968748531,0.3891405966915,0.3202877567238,0.3480369472212,0.2081054919416,0.3920734874124,0.2961026452836,0.3757597075293,0.3479254001746,0.0153680121728,0.2655879236180,0.4406642061049,0.3000190581834,0.3197655306687,0.1185434888759,0.0848236416908,0.2876134679689,0.2275197864937,-0.1182185793913,-0.2954504376849,0.2130184232698,-0.3586939971757,-0.2223300114559,0.2923981968007,0.0443760437556,0.2265807216567,-0.2423414215462,-0.0869949886960,-0.2955648401850,-0.3764951783673,-0.0158216717017,0.3943045273199,-0.1287014417076,0.0443816003067,0.2378912810115,-0.1496827556298,0.1052020043634,-0.1306235985228,-0.3650169871255,0.5622042360157,0.1266331676793,-0.0283675763164,0.1828051757759,0.2676729771849
0.3612571798914,0.1675819745126,0.6649446577129,0.7931029368932,0.6509037681612,0.7103134689216,1.0000000000000,0.5739786959898,0.5184378612506,0.4440191488345,0.3901062737442,0.4304999282323,0.6105663822559,0.2183863746835,0.4791138180272,0.7076570168039,0.5564622786969,0.5399936221331,0.6127540892381,0.4582344211966,0.1759613407547,0.1304683404796,0.0536225277398,0.4015759457626,0.2543928008773,0.1346903375292,0.3259744819475,0.1954382461973,-0.1972676961191,-0.2359884312768,0.4346317778448,0.2934221935637,0.4475342189873,0.1857799913215,0.7125769564868,0.6636981265514,-0.0903810201881,0.2301505841131,0.4940503316888,-0.0022563769357,0.1966382051345,0.3636171516656,0.0490885527082,-0.0031935552653,-0.1446212273064,0.0446822310262,0.2384855511404,0.3789279648271,-0.0402005533150,0.3735715868927,0.3477881071092,0.4852401819142,0.5792417453219,0.7216760305439,0.7160350087040,0.8764139367370,0.5672815275004,0.5716519920980,0.3863657078778,0.5080393748146,0.1805745006770,0.2646666865351,0.3084024505181,0.5176592627993,0.3265221236419,-0.2121666875136,0.5474955630625,0.6020339623752,0.4409391838257,0.5205676232646,0.1541442022405,-0.1608697488406,0.3648115920498,0.3659505949518,-0.0939395026270,-0.2978831492023,0.1253900821395,-0.4074286684625,-0.2682142499401,0.4670727089652,-0.0029314814268,0.1800394998858,-0.3601811164813,-0.1117449387178,-0.3212797169724,-0.4594340829813,-0.2367627170479,0.4721028385244,-0.3771571936265,-0.0827576067575,0.0036409896394,-0.3907194156563,0.0107939762419,-0.2014420499978,-0.4288502884058,0.5141259374998,-0.0389845378913,0.0324589328192,0.2633984124354,0.1327613037819
0.0498120420328,0.1525837477670,0.3760761992204,0.3192618314865,0.3691199237521,0.4305444722477,0.5739786959898,1.0000000000000,0.7311444310195,0.3721974609917,0.3342829147669,0.4941398051680,0.6895620658471,0.1190845244819,0.1035493902246,0.6242215230640,0.5812563385492,0.6298585344826,0.7360831138748,0.7668128356454,0.3431628414574,0.1544718195520,0.0623229484067,0.4047389594290,0.4345838822721,0.3685987843762,0.1160652355813,0.3924659003586,-0.0300483153710,-0.1647105372983,0.4515304498140,0.5040294171793,0.3643659581353,0.3411246355230,0.4756755144988,0.5889834279584,-0.1265839801330,0.4245021739766,0.2764607673533,0.0007427187912,0.2657807385370,0.3333390561019,-0.0014575991728,0.3325087762689,-0.1286261114318,0.1615370704068,0.4152275641731,0.0954234191776,-0.1823866169319,0.2451520467846,-0.1033098697002,0.2146523882908,0.0834029625310,0.4464969647954,0.3584933513819,0.5168344423216,0.8116514992984,0.6927879979289,0.7164386836579,0.6906952423974,0.0970101967785,0.2300523008524,0.3499819516207,0.5154925907407,-0.0743939166270,-0.4398668619050,0.4637292577048,0.5887515591955,0.4512787137089,0.5783060821818,0.2349556796865,-0.0694563397550,0.3422452249555,0.5843884344301,0.0716036677191,0.0834559727378,-0.0362914991614,-0.3018565121925,-0.1481399994375,0.4918320320363,0.0533344462178,0.3238384743593,-0.4690048175886,-0.1881076999365,-0.1031016230695,-0.3819507158694,-0.2369519321686,0.2488734437041,-0.3520930959055,0.1593662194266,-0.0950087137232,-0.2783962982283,0.2338472840903,-0.2253128615365,-0.2964759693496,0.1382994470563,-0.1700980362141,-0.1264760211941,0.1091654709001,-0.0184358461232
0.0688284109963,-0.1373541151701,0.3315614185664,0.3807733123943,0.3166622355465,0.3751115309512,0.5184378612506,0.7311444310195,1.0000000000000,0.2469572884937,0.4329683368547,0.4920305061189,0.5658192701166,0.0603583159576,0.0919440559963,0.7486694376546,0.5589414730411,0.7092107898799,0.7606454589959,0.7555404847893,0.3758568898600,0.0194429541596,0.1455472206212,0.7463617468619,0.7029888795894,0.2972663091582,0.3815033456539,0.1547904879142,-0.1981016396334,-0.3061466726480,0.5795003656403,0.3835471506094,0.3911628848227,0.1482015669890,0.5878982050520,0.7799822677181,0.1939904863871,0.3052460848850,0.3531116040893,0.0109800407234,0.0360023753967,0.3243686985865,0.1719511481212,0.1241938004541,-0.1385512938512,0.0891056648443,0.2736349897695,0.1195010100293,-0.2789968729396,0.1899334695840,0.0483913535414,0.1206623578350,0.2214129032310,0.3625285701479,0.2782266635761,0.5010170752489,0.5597067626985,0.4915176187225,0.7851520957716,0.9600039629332,-0.0311168257980,0.2787811404040,0.2544266363159,0.4714688168013,-0.0262620345205,-0.2444326771849,0.5951372738373,0.6414044654700,0.5260336398577,0.8245883995272,0.3602880253895,-0.0189840214409,0.6407070606479,0.8005420624187,0.1685755449594,0.0787898177175,0.2346251114032,-0.3146488150126,-0.2940317325036,0.7019238466463,0.0843566322775,0.3324146404977,-0.4146838577002,-0.0488661672215,-0.2075344256700,-0.3373209870440,-0.0038060615387,0.3601347291881,-0.1832412808403,0.1666427667566,0.0037363552553,-0.2102343574013,0.2527133964558,-0.0983680803219,-0.2912994719431,0.2156338404789,-0.2672740552130,-0.1235498757004,0.1935248137423,0.1583780277527
0.4311473511664,0.2928173438255,0.5633823799933,0.3357733483944,0.5288122630714,0.5591919754063,0.4440191488345,0.3721974609917,0.2469572884937,1.0000000000000,0.4786565381183,0.5391966427589,0.5069501525306,0.2638760400609,0.4325584639270,0.3189469015068,0.4398607042145,0.2958132730353,0.3090007792019,0.2554182730524,0.3733732314272,0.6052246360159,0.3589987569359,0.2367592961992,0.1686423183001,0.1002580665876,0.1744097319941,0.1284943164235,-0.0662601959818,-0.0756378957642,0.2566349606463,0.2772285831649,0.3672885428891,0.1714849468216,0.3191991161556,0.2801192578152,0.1098631713191,0.0069830681094,0.2982849162534,0.1390096949580,0.4191780507187,0.4676638436186,0.0094172823434,-0.0429802867930,-0.0142552895480,0.3521928557657,0.2851136461902,0.2099154772375,0.0785477252047,0.6297936888802,0.2900682879526,0.4109958652808,0.1342757899498,0.5226842061034,0.4577679193676,0.3138250338322,0.3953823627130,0.3505328683518,0.0948421830203,0.1913206383830,0.6552424816849,0.3122454309148,0.3943979087540,0.3302964721160,0.1827548718835,-0.0875335942666,0.2513962459739,0.2264879777414,0.2453094066567,0.1968456071908,0.2485538707149,0.3426076137068,0.2597037946803,0.1539170468216,0.1239161476950,-0.2103712796745,0.1418022488968,-0.3472868699963,-0.1378041981883,0.1913712878398,0.1131010328929,0.2182857615101,-0.2033095214632,-0.0005270240072,-0.0280500421374,-0.2412418586286,0.0554066463964,0.3292531730794,-0.0793812496487,-0.0538710594257,0.0996604855358,-0.2092968610892,-0.0797535130741,0.0068646262671,-0.1324361013657,0.2799182612888,0.1332915213378,0.0603909063969,0.3812447001823,0.1973816174097
0.3448184719442,0.0407532624245,0.4629271361822,0.4583597282716,0.4317081799826,0.5429314455623,0.3901062737442,0.3342829147669,0.4329683368547,0.4786565381183,1.0000000000000,0.8086861606142,0.5145332819491,0.2059514347496,0.3063078364192,0.4414119217249,0.4215995099697,0.5558903507885,0.2604552859579,0.2378351100253,0.4015246657854,0.2721203228448,0.6110207676315,0.5928755076063,0.2863893195025,0.1267234425285,0.4001364636583,-0.0140655350472,-0.1468865173803,-0.2288616895112,0.3532184122145,0.1703984932741,0.4323581648210,-0.1168879702427,0.4584588760181,0.3504038307700,0.4437084101854,-0.0307211631609,0.4711437175891,0.0754933623623,0.0959253943491,0.5066233403468,0.2143720760175,-0.2121134233120,0.0474320077187,0.1894224412635,0.0873253841885,0.4848116491404,-0.0430555346067,0.4801909826901,0.2833421659684,0.3455569480968,0.3486766655293,0.4288295152874,0.4452037137548,0.3739566857928,0.2735966436335,0.2378921186453,0.3630536803880,0.4295453839242,0.2503472415483,0.7017049622573,0.5822735752597,0.4254927657278,0.2495636734113,0.1034773080634,0.2203693415706,0.4627758576044,0.1433157336076,0.3156767356607,0.3635471362075,0.4121849415957,0.4897521229630,0.3164106827437,0.0743989562501,-0.1548634899483,0.3345911306221,-0.2197508744615,-0.1763772127814,0.3679382083755,0.1423383796403,0.3098557973889,-0.1092344684872,0.0248268805866,-0.2284386850062,-0.1917742321642,0.2813212453854,0.3442665479353,0.0638563652894,-0.0494250515656,0.3281192703689,-0.0113544116055,-0.0548336785255,-0.0221811970353,-0.1476944914277,0.4768704454320,-0.0837189791128,-0.0750336390935,0.4018163795500,0.3802097598681
0.2312249030972,0.0024395391289,0.4846618404167,0.4242381266487,0.4480170245500,0.5116891215940,0.4304999282323,0.4941398051680,0.4920305061189,0.5391966427589,0.8086861606142,1.0000000000000,0.6089072648083,0.2077710606498,0.2050700850179,0.4727680113583,0.5321727170371,0.5735156572209,0.4161139265353,0.3588071484176,0.5097622655945,0.2899334867361,0.6350683755150,0.5558870259961,0.3062502080619,0.1922839541482,0.2250269459072,0.0764840916486,-0.1958336325196,-0.3217973345541,0.3546095880549,0.3980240315538,0.4618536351692,0.0237225492417,0.4724275246555,0.4263747589906,0.2933178933163,-0.0581921019451,0.3343968622132,-0.0296797303774,0.0652963187041,0.5303393865019,0.0894433136625,-0.1574602104800,-0.1444652817141,0.2939114553440,0.2578141255723,0.2920775563076,-0.2031818723754,0.4450315272387,0.1525901120994,0.2646921561179,0.2435766421840,0.4746889298170,0.4013100438389,0.4169806683210,0.3961315280176,0.2659080447986,0.3971477226126,0.4654095920904,0.2419589081954,0.6425928471746,0.6854215833045,0.4685652123307,0.0625550967208,-0.0648552278717,0.2954093126581,0.4840125099842,0.2297151826656,0.3910639092231,0.3919603832236,0.4541052917374,0.4606821896121,0.4018122631532,0.1047905417358,-0.0007950493840,0.2069508087904,-0.3300694068116,-0.2597210669620,0.3932195827592,0.2515948770721,0.3951254932062,-0.2952062764186,-0.0711856508549,-0.3019959489726,-0.2260742825354,0.1653238610038,0.3329335015080,-0.0340650726578,-0.1190061181132,0.1877607139739,-0.1350207680400,-0.0060331885994,-0.1154532202093,-0.1271952751514,0.3673281755178,-0.1339519190236,-0.2380660202486,0.3567226072683,0.3635768311467
0.1046095927267,-0.0101036977812,0.4145905491875,0.3988251162530,0.4617709016871,0.5557786577974,0.6105663822559,0.6895620658471,0.5658192701166,0.5069501525306,0.5145332819491,0.6089072648083,1.0000000000000,0.0315537306371,0.2956601919818,0.5455005512495,0.7405055486869,0.5788196651904,0.5021988781969,0.5140334993062,0.4110168328057,0.1757311324259,0.2659070792780,0.5128983008416,0.4189143484269,0.2300834871866,0.3030253725560,0.0595566919469,-0.2085026417538,-0.3057681949303,0.4718813033660,0.4574200988579,0.6534529113930,0.1442097641124,0.4592021825204,0.5217033920022,0.1007682323334,0.1434374536133,0.3792097827691,-0.0451560023029,0.1332234522290,0.3778343110827,0.0778262285868,0.0109208554640,-0.1375097454122,0.1100910496704,0.3146439028092,0.2590674078627,-0.1885567112834,0.4162627411172,0.0930556930343,0.1640411812933,0.1576087462226,0.5213349869865,0.5195692257790,0.5271966928955,0.6700188612427,0.4962248372531,0.4076347229906,0.5185509471528,0.2297023610753,0.3740369529005,0.6209913757271,0.8383077282823,0.0020103069436,-0.2441252200741,0.3824264599435,0.6359104017370,0.3011473310310,0.5290956143974,0.2887583041997,0.0642070426048,0.4362183453173,0.4710547217230,0.0238755286742,-0.0545987996379,0.2203523782225,-0.4442236328570,-0.2569751433410,0.5230363994589,0.1423173591973,0.4301723944650,-0.4409481905476,-0.1518061002626,-0.2447638398235,-0.3218209878938,-0.0595349328704,0.3243351759881,-0.2347250680601,0.0327039743791,0.0073636918640,-0.2585355658527,0.1213432061656,-0.1542411696661,-0.2180907460859,0.3014788468644,-0.1671965192314,-0.0300944348311,0.2021481673637,0.1468522232360
0.4871369397942,0.6527829399675,0.2246752135208,0.3579370887132,0.2416093577063,0.2952039958830,0.2183863746835,0.1190845244819,0.0603583159576,0.2638760400609,0.2059514347496,0.2077710606498,0.0315537306371,1.0000000000000,0.3412178007835,0.2261134225911,0.2334055365367,0.2902748984516,0.1803450213165,0.0222536648497,0.2181043464087,0.3394183311152,0.1263907811046,-0.0236682350470,-0.2651713526613,0.0061191807059,-0.1482119702244,0.3923456317058,0.3302994330014,0.4632062286493,0.1848988618130,0.1357170351907,0.0883600946764,-0.0032037294891,0.4126668198187,0.1185249849056,0.0590779314018,0.0828001112791,0.1042408238137,-0.0581434410984,0.3206243940448,0.2160602320544,-0.1637191404991,0.0034343140625,0.0404852973929,0.0458829675926,0.0995900427562,0.3933038299911,0.5521121650410,0.1708336967974,0.2194512683961,0.4997898044437,0.3740797506786,0.0589861337628,0.2408563842471,0.1399220314227,0.0507031773238,0.1813822406565,0.1619734479212,0.0675022716534,0.0264048956204,0.1214430062437,0.0089746830463,-0.1228254520167,0.5549243225229,-0.1140322830426,0.1145830675020,0.1541574730593,0.0699011561276,-0.0602658209021,0.0704227246062,0.1331578006134,0.0790227313798,-0.1476179357972,-0.0189912648681,-0.1440107450944,-0.2288081023075,0.1402938458578,0.3146706471551,0.0402980425791,-0.0098075133781,-0.0701938459757,0.1226548100993,-0.1642002391467,-0.0765739228478,-0.2080632777070,0.0058247137862,0.0849886225753,-0.1960661673300,-0.1203799759821,0.0301350738428,-0.3332521995120,-0.2247000461055,-0.2081962265968,-0.1992522801489,0.0517136899346,0.5061554518557,-0.0916590755266,0.1501700982662,0.0107085648331
0.5175921569359,0.3634642594313,0.4228820618786,0.6706349195224,0.4919065252103,0.5323823170302,0.4791138180272,0.1035493902246,0.0919440559963,0.4325584639270,0.3063078364192,0.2050700850179,0.2956601919818,0.3412178007835,1.0000000000000,0.2136438497074,0.2342639181265,0.2826871042180,0.1871181647090,-0.0019332113459,0.1258434394443,0.2067493047782,0.1822949237352,0.1691922229073,-0.0786895546653,-0.0991630145267,0.1754291646029,-0.0158351149138,-0.0762488240762,-0.0050559254885,0.0562710967823,0.0285375766037,0.3405448842210,-0.0723254120927,0.3008369075591,0.1756021043091,0.0792915233686,-0.0335897920528,0.3397648881534,0.1193213017944,0.2540117899328,0.2610893299684,0.0476813729655,-0.1058224844151,0.1521138703780,-0.0916655464210,-0.0413140678960,0.4706321308927,0.1840734907426,0.6674602368854,0.5286263245121,0.5258070437264,0.5654405297904,0.4579377816776,0.5861885536812,0.4508550043991,0.1065871562684,0.2281686020846,-0.0485365895502,0.0889099303103,0.2838991324216,0.2916604536342,0.1552905160251,0.2528455994083,0.6045814859034,0.2100136316980,0.0300903171266,0.1776212212486,0.1547393060119,0.0828684666469,0.0487979712701,-0.0117991173769,0.1192185348200,-0.0926391018039,-0.1876737338638,-0.3872255380520,0.1128118162718,-0.1545650181411,-0.0787039181254,0.0686384957957,-0.0429916814001,0.0158674548014,0.0019457519028,-0.2011135477949,-0.2354936432478,-0.2152789581714,-0.1180203907250,0.2209183209245,-0.0848709249381,-0.1061837402638,0.1331103152864,-0.0156669949849,-0.1079512568978,-0.0990965110376,-0.2493974547499,0.3853092046801,0.1943071874326,0.1174610251412,0.1788927085243,0.2728041255285
0.1751118854039,-0.0095265601237,0.4580646979049,0.5861965109786,0.4121669565620,0.5108130825864,0.7076570168039,0.6242215230640,0.7486694376546,0.3189469015068,0.4414119217249,0.4727680113583,0.5455005512495,0.2261134225911,0.2136438497074,1.0000000000000,0.6179916590336,0.7035873985826,0.7078673750365,0.6921025969054,0.4232007744486,0.1109046927414,0.1842551409999,0.6111960901125,0.4997082931453,0.3608882644578,0.4217190524546,0.2442949016203,-0.2018393848186,-0.1809302869110,0.8022163623608,0.4670361831901,0.4420905435145,0.1958805407879,0.8428134632465,0.8065457073636,0.2406806380799,0.3877785789131,0.5431722689644,0.0505237450744,0.0956609600027,0.4268328813235,0.3826319609238,0.1116476672256,-0.1097226604129,0.1808460998542,0.3733287476517,0.3431570378677,-0.1024926485823,0.2745040513055,0.2035939957976,0.2448157622152,0.3780128579424,0.3987913078392,0.3825454667021,0.5627484177612,0.4277596991452,0.4061586172330,0.6052458606505,0.7106464886917,-0.0258358325988,0.1550813421351,0.1473321151406,0.3532455810592,0.1007848809678,-0.1027244183233,0.7549916809296,0.6084691061624,0.4478673877708,0.7072397348726,0.1881526150961,-0.1080189052298,0.5878894548281,0.5948659777306,0.0932700109187,-0.1056753844134,0.1867026886210,-0.2785927094364,-0.2891703921997,0.7190093769990,0.0347461979360,0.1466119859253,-0.3051962252681,0.1468872314682,-0.2608953945032,-0.3716113200526,0.0864267562741,0.4836713157934,-0.1397587951781,0.1061608676363,0.1214838427261,-0.3367650482310,0.1617962092281,-0.0758738853431,-0.3366727632687,0.2742035763485,-0.1465690747500,-0.1433265761308,0.2040772346189,0.0596882629173
0.1403937601578,-0.0123547757043,0.3719742863471,0.4430011565715,0.4795178703727,0.5231314592722,0.5564622786969,0.5812563385492,0.5589414730411,0.4398607042145,0.4215995099697,0.5321727170371,0.7405055486869,0.2334055365367,0.2342639181265,0.6179916590336,1.0000000000000,0.6817479623822,0.5570813367338,0.5502457531783,0.6839214085785,0.1600605399681,0.2188823672942,0.5718933724166,0.3924049139659,0.3449824743526,0.4107905431207,0.1052805460956,-0.2790390610450,-0.3207755041193,0.6884842702800,0.6151115805268,0.7251395902482,0.1736605544457,0.5858333685425,0.5779784452177,0.1702148618765,0.2064385834461,0.2929392516266,-0.1141987448940,0.0634416248770,0.3426903553631,0.1318554296374,0.0687573543240,-0.2906458847284,0.1512199122686,0.4116678172249,0.3409608580886,-0.1277936543974,0.3238257459750,0.1802383205665,0.2042364062279,0.2790760708081,0.4203077582624,0.4883189211919,0.5015441113542,0.4757865523060,0.3659908912565,0.4459396607217,0.5224936252202,0.1355992604332,0.3121104495991,0.3985041963361,0.4975652377866,0.0819086238111,-0.2774251768082,0.4657200844075,0.6713216949995,0.3303451077062,0.6154572132012,0.4042702557199,0.0757063014768,0.5154932764463,0.5387885553533,0.0944730013977,0.0707872210809,0.2543829031110,-0.4090935653380,-0.3269338409106,0.6189141761080,0.2070239716296,0.4564559949213,-0.4496043130304,-0.1175252531799,-0.3082344290003,-0.3279399807625,0.0353472236438,0.3167190498530,-0.2462803259445,0.0609660051252,-0.0629217999908,-0.4037147174684,0.2467494215760,-0.1646028514517,-0.2079860203546,0.2543259269267,-0.1679862411601,-0.0902595500462,0.1852490224098,0.1289487547597
0.2453416727281,0.0828067107400,0.4077068709541,0.5272892773771,0.4132882548061,0.4591108181586,0.5399936221331,0.6298585344826,0.7092107898799,0.2958132730353,0.5558903507885,0.5735156572209,0.5788196651904,0.2902748984516,0.2826871042180,0.7035873985826,0.6817479623822,1.0000000000000,0.5981544828697,0.5221638144410,0.4594512435262,0.1080762946714,0.2404583224351,0.6651473017070,0.3834424654684,0.1650088081958,0.2956198446948,0.0726528903645,-0.1832586915705,-0.1934046924319,0.5717528272129,0.3682324156293,0.5147358402965,-0.0646018170280,0.6655081906120,0.5794064592606,0.2708709247115,0.1462363975220,0.3512354574709,-0.1025502824143,0.0915723814874,0.4662367924927,0.0691728556770,-0.0801585184520,0.0024103524645,0.0232635921088,0.1816535751739,0.3379227203030,-0.1107667047233,0.3254386611208,0.2339185673157,0.3230370056274,0.4484208224857,0.4051573776156,0.4288053407939,0.5267182506267,0.4868838775838,0.4929879412110,0.6437327065061,0.7175037467470,0.0317644403099,0.4325867148617,0.3658615923001,0.4479216283252,0.3003958617764,-0.2676227479374,0.4293226400750,0.8064700190022,0.3249518134479,0.6418024695481,0.4154980693466,0.0901346226771,0.6147505460644,0.5016891107922,0.0087714233179,-0.0156292981604,0.1547863389416,-0.2616172394648,-0.2392059697562,0.6610252281406,0.1428628375146,0.3235985565669,-0.2950859761505,-0.2575485340781,-0.2657632956198,-0.3038425505318,0.0093067248749,0.2320924013852,-0.2861923478526,-0.0232623678517,-0.0112653261574,-0.2982133357067,0.0301683125469,-0.1337922735891,-0.2774657358520,0.2460954434882,-0.1414274614907,-0.0699567971033,0.3789413473515,0.1921981917556
0.0965084762795,-0.0391437379796,0.3931479823598,0.4730471748096,0.3826180718400,0.3892515445639,0.6127540892381,0.7360831138748,0.7606454589959,0.3090007792019,0.2604552859579,0.4161139265353,0.5021988781969,0.1803450213165,0.1871181647090,0.7078673750365,0.5570813367338,0.5981544828697,1.0000000000000,0.7562173980235,0.4150838159285,0.0489556176060,0.0464720584846,0.4626057948395,0.4742051779625,0.2641476056576,0.2583038773763,0.2739533889685,-0.1933269473144,-0.2248020594791,0.4789968460308,0.4492023303653,0.3603750012977,0.2465514571883,0.6205355810794,0.8073629845714,-0.0911004720790,0.3949255213205,0.2171545102140,-0.0613892644321,0.0951889617046,0.2865521764613,0.1145082473017,0.1555288244214,-0.1238350354277,0.0838468740743,0.3342405470123,0.0809837257420,-0.2431502639068,0.2222785907232,0.0636627489434,0.1610438356359,0.2853454110183,0.4268380407802,0.3277509818016,0.5545774651911,0.5900772168335,0.5843896674093,0.6217605863060,0.7165459050328,0.0434493800920,0.1889511781278,0.2001632056811,0.3981681529942,0.0256732504095,-0.2949617062027,0.6933960855710,0.5381705758188,0.8262822108573,0.7129131734738,0.3404400282262,-0.0905901865541,0.4452295724983,0.5935543474047,0.2391191786314,0.0707315130851,0.1156838602571,-0.2971033620929,-0.3126067540265,0.5491985723523,0.1117853748834,0.2958978977782,-0.4151862200736,-0.0090475157840,-0.1434335502559,-0.2885878772793,-0.1736262052710,0.3564628523755,-0.2489318569602,0.1373140133025,-0.1441334547034,-0.3356541674694,0.1530622477854,-0.1767150550365,-0.2898083716786,0.1814805010176,-0.2316731853504,-0.1539393251253,0.1151658569175,0.0777604533758
-0.0052196374791,-0.0757807023497,0.3223055268513,0.2940626584156,0.2621369503847,0.3214157301048,0.4582344211966,0.7668128356454,0.7555404847893,0.2554182730524,0.2378351100253,0.3588071484176,0.5140334993062,0.0222536648497,-0.0019332113459,0.6921025969054,0.5502457531783,0.5221638144410,0.7562173980235,1.0000000000000,0.4055305079256,0.1122356297837,0.1024428138827,0.4918815099591,0.7167638392146,0.5153564581937,0.4089014330597,0.3071358377638,-0.1921295858729,-0.2590705401605,0.6299784416525,0.5571496338726,0.3366435526425,0.4235723145720,0.5455300324037,0.7044290737316,0.0327327836494,0.6108352434269,0.2763047662799,0.0833401082789,0.1014200149562,0.3133706320348,0.2643962055306,0.4253905848454,-0.2251876543027,0.3139503740182,0.4742524373921,0.0234394026631,-0.2641660888609,0.1850764269354,-0.0949580162693,0.0805328440920,0.0676206344266,0.3372384994440,0.2054049582123,0.4387947429603,0.6063988599698,0.4999352798644,0.6790649969286,0.6730383239959,0.0284149479839,0.0530367753138,0.1325783160594,0.3344713282094,-0.2287228677011,-0.2895333531019,0.6659701797122,0.4774982845897,0.6131337809119,0.7850805625029,0.2109435227772,-0.0624455939431,0.4756490456778,0.7978782997146,0.3082854823383,0.1914744473566,0.2588299674158,-0.3004413211687,-0.3316928418923,0.6405946347567,0.1307859479153,0.3398186598415,-0.4678865133430,0.1426106210878,-0.0924527750050,-0.2402517620514,-0.0632609757458,0.3659264774076,-0.1466999537769,0.4354700158921,-0.0642083826267,-0.1653928949080,0.4797278103107,-0.0603720013762,-0.1919358389487,0.1103511689620,-0.2911840768591,-0.1967192160817,0.0226600743575,-0.0559230495106
0.1141867693412,-0.0943597596491,0.1904881392946,0.2496607521731,0.2685074215894,0.2622817560332,0.1759613407547,0.3431628414574,0.3758568898600,0.3733732314272,0.4015246657854,0.5097622655945,0.4110168328057,0.2181043464087,0.1258434394443,0.4232007744486,0.6839214085785,0.4594512435262,0.4150838159285,0.4055305079256,1.0000000000000,0.1518955085483,0.4623916651049,0.4655680469127,0.3420719748870,0.3819523029562,0.3323741466661,0.0680220899117,-0.1994878360232,-0.2206343112415,0.5281070173411,0.5828257588784,0.5313519652636,-0.0005341678794,0.4273217526034,0.3881511141791,0.3318620789421,0.0934086910781,0.1148382197526,-0.1526022143797,-0.0691797630733,0.3573045182595,0.3168645149279,0.0514026025690,-0.0351515093221,0.2718684993243,0.3537557396352,0.2134458156102,-0.1443697107029,0.3648869404875,0.1030909194626,0.0299682936198,0.1258225415553,0.1446966029157,0.1578774716742,0.1364518009776,0.1798156316595,0.0834117994225,0.2801128382164,0.3143630709255,0.1036356796356,0.2451328792882,0.2336424431186,0.1421399547589,-0.0542317782519,-0.0093860470483,0.3429689616887,0.3125190747494,0.2653621044785,0.3739663685679,0.5260550443579,0.3430754883581,0.4943729308411,0.4060391579870,0.3665406515723,0.2939641101799,0.2661333287367,-0.1682457175188,-0.2399549696538,0.4195744527897,0.2724833448367,0.4380380949039,-0.1868589311424,0.0950083254200,-0.0945931293590,-0.0566843022197,0.3327095521032,0.3201186912389,0.1976984796789,0.1387220195519,0.0736828171020,-0.2482255973252,0.2171720913554,0.0484825573745,0.0961837739297,0.1388999494615,-0.1933921806877,-0.2139920362761,0.1712787172979,0.2930741158107
0.2613447784478,0.4249901651654,0.3058657874314,0.1686222789811,0.2662636992027,0.3806020372617,0.1304683404796,0.1544718195520,0.0194429541596,0.6052246360159,0.2721203228448,0.2899334867361,0.1757311324259,0.3394183311152,0.2067493047782,0.1109046927414,0.1600605399681,0.1080762946714,0.0489556176060,0.1122356297837,0.1518955085483,1.0000000000000,0.2891591918653,0.0127404887212,-0.0511330887337,0.0774861710419,0.0216260459566,0.2270733527016,0.1587089573378,0.1880897335361,0.1380907155153,0.1469035242221,0.0884555833374,0.2213700539733,0.2281943653531,0.0314453763452,0.0972729861013,0.0564473195036,0.1067156917354,0.2241676097095,0.3972876623869,0.2470630484104,-0.0901702295109,0.0886679471657,0.0266602421023,0.5528329051294,0.1935496040741,0.1707721315014,0.3944791159169,0.3135613442865,0.1243831114766,0.3598611686982,0.0641536095342,0.2077818357943,0.2885796412806,0.0961413461496,0.1860553695951,0.2366811392490,0.0759223249000,-0.0065197526917,0.5816461838543,0.1660508331374,0.1940843680993,0.0364509296621,0.1946392803750,-0.1034293637995,0.0477502893381,0.0539617158833,0.0714299955191,-0.0126216215646,0.1150080837973,0.5145222209686,0.1218616117545,-0.0314901627216,0.1782158566865,-0.1165736577772,0.0230065173349,-0.1145275215137,0.0650009013057,0.0353271462208,0.0711955077294,0.0354036076294,-0.0426870393434,0.0275199469530,-0.0245919263220,-0.1144551137496,0.0429593391127,0.0927162441809,-0.0779316286559,0.0173782232699,0.0732071844426,-0.0024408309307,-0.0639586789375,0.0865773638403,-0.0646984471663,0.0532838674980,0.3928109918379,0.1980094504260,0.1404845828315,0.0123351125117
0.2203681932302,-0.1044713636352,0.1465808282430,0.1911178342048,0.2114935066638,0.2542214719543,0.0536225277398,0.0623229484067,0.1455472206212,0.3589987569359,0.6110207676315,0.6350683755150,0.2659070792780,0.1263907811046,0.1822949237352,0.1842551409999,0.2188823672942,0.2404583224351,0.0464720584846,0.1024428138827,0.4623916651049,0.2891591918653,1.0000000000000,0.3254942071940,0.2114074964564,0.1261036391507,0.3137139349772,-0.0583205158938,-0.1189297420073,-0.2029185546865,0.2073193742387,0.2182388851621,0.4094131268857,-0.1320384464261,0.2126878729773,0.1011811023295,0.3802696485945,-0.1646681051721,0.1754992668094,0.1302844767450,0.0153154539820,0.3854169109617,0.1710457895897,-0.2016797436717,0.0715500755457,0.3915752636576,0.1364626975081,0.3280535950948,-0.0896729022900,0.4104192006446,0.1889538237883,0.0356390194810,0.1076402623095,0.1283755658174,0.1596726332556,0.0487088749916,0.0330488209206,-0.0095256866537,0.0561209229823,0.1174004478433,0.2597330236867,0.3610148129662,0.4241280386015,0.2184140562665,0.0356475962809,0.2301165606015,0.0784569137012,0.1404897821183,0.0170408527889,0.1225774583587,0.3684684047228,0.5685762200154,0.3375388286654,0.1970211512191,0.2253253578782,0.0199650724158,0.3299240865066,-0.0931402639835,-0.1425118697429,0.1973535210005,0.1743488906537,0.3105973297506,-0.0438699410144,0.1531449159223,-0.1472359457571,0.0387209340980,0.3360319077781,0.1882162186744,0.2814043079087,-0.0603236764891,0.2337249449555,0.1663532634298,-0.0828053309769,0.1794386620297,0.0738403652973,0.2856058359999,-0.0638104401660,-0.0906915450250,0.2166433474846,0.3336908404470
0.1337888732389,-0.2671330021060,0.3754124244661,0.4123035338057,0.3416927305434,0.4195022459293,0.4015759457626,0.4047389594290,0.7463617468619,0.2367592961992,0.5928755076063,0.5558870259961,0.5128983008416,-0.0236682350470,0.1691922229073,0.6111960901125,0.5718933724166,0.6651473017070,0.4626057948395,0.4918815099591,0.4655680469127,0.0127404887212,0.3254942071940,1.0000000000000,0.6092387385978,0.2651821604916,0.5776007674665,-0.1253067514569,-0.3407293029204,-0.4573586923595,0.6069087972668,0.2885050043944,0.5217982871801,-0.0462212216707,0.5259660307256,0.6405405038913,0.5167085194246,0.0617607417781,0.4412358754752,0.0347310336084,-0.1490212316259,0.3075362010609,0.2851766544565,-0.0729673004096,-0.1532763289275,0.0690204279329,0.1055449216493,0.2776192290100,-0.2909294095723,0.2934183382985,0.2473883365287,0.1386639192796,0.3220958236608,0.3741061151811,0.3451850230395,0.4248977888326,0.2843331438676,0.1951800507528,0.5493210532999,0.7120539646776,0.0188865045772,0.4662587084957,0.3217760638571,0.4108213720808,0.0990294389014,-0.0264560478431,0.4106306570947,0.5783864787024,0.3128593859800,0.7172641838499,0.3830693222166,0.1605921315535,0.8125442414427,0.6643754486758,0.1309971301266,0.0413372260359,0.4757571222488,-0.3600027828921,-0.3851281533363,0.7117332771580,0.1250807636187,0.3527552392490,-0.3240891286296,0.0124096055229,-0.3459331431115,-0.2548485084407,0.3122801979995,0.4325943109197,0.0477408947032,0.1028955497481,0.1947466513848,-0.0758485860554,0.2398548445755,-0.0554000187927,-0.2177018184944,0.3638434158436,-0.2990042568549,-0.1605116521059,0.2768302777094,0.3739584713738
