1.0000000000000,0.2701986446932,0.6092700603726,0.4526319022358,0.6200599038359,0.6582899842461,0.5327284529209,0.1251559674937,0.1748882744695,0.3751024989335,0.4866699642019,0.4880428494318,0.1687065300136,0.6792904841527,0.4958932874580,0.3657515219352,0.3007706369716,0.4705698344958,0.3137389714345,0.2290497356487,0.5451297828797,0.0986320482785,0.5552073921835,0.2264792336527,0.2597924719020,0.3682201758957,0.4625655805357,0.1777501202632,0.1459456663781,0.1308944918875,0.1679471111425,0.2875976620269,0.4675598927314,0.3114857939195,0.2678390435476,0.3139717123921,0.3040205824902,0.2182264782247,0.4243163178882,0.3883624436617,0.5458166121441,0.3950410990327,0.1976169526385,0.0443796191954,0.5947102764525,0.3181580744791,0.1096689812572,0.6157137643332,0.4516327393557,0.6431105563247,0.7912860708621,0.2300044873462,0.3565729518479,0.5459800036319,0.3407516056390,0.2881857574135,-0.3367044942500,0.0118578594820,-0.2612460099664,0.0736183396233,-0.1551497619324,0.1609840668965,-0.2344213283996,-0.2477130901722,0.1789854585897,0.2468693883959,0.1691435457874,-0.1821811373508,0.3281741902897,0.0627179072928,-0.2695400845696,-0.2497200992947,0.1490415116508,0.1154140961935,-0.2324850622592,-0.4601760729454,0.3345407852810,-0.1897839239876,-0.0817086693388,-0.2230549597702,-0.3258921383420,-0.3167520144832,-0.2704602550065,0.0255354995922,-0.2207470495682,-0.3284184630001,0.0965068026335,0.3014754272391,-0.0407963368794,-0.1271358094352,0.1020986639794,-0.2634296220750,-0.2190585035827,-0.3252143566116,-0.4253321400533,0.6371358667667,0.3101697356849,-0.4239869955687,-0.2841826401499,0.0620481028697
0.2701986446932,1.0000000000000,0.3156074082206,0.0261423748682,0.3128067412523,0.2277443594143,0.1178794435751,0.0177736144290,-0.1816180936537,0.1373513614181,-0.1202987944911,-0.1418967392743,-0.1060073572394,0.4324536232711,0.3224564845333,-0.2242905797735,-0.2446499412181,-0.1778787551765,-0.2444451719648,-0.2011873987864,-0.2151122372299,0.1703363502606,-0.1608734518352,-0.3427216027242,-0.3390980514417,-0.2652538275192,-0.2906073405167,0.2174125864892,0.4442027651653,0.5820051828931,-0.2399267586580,-0.1764070548073,-0.1937537960489,-0.1808522885765,-0.0621750434676,-0.2446164616618,-0.2381625208593,-0.0336235369261,0.0418838228062,-0.1341446010884,0.2194744113831,-0.0496487716210,-0.3296009470309,-0.0741001344002,0.1046506234339,-0.1718942152700,-0.1187283668192,0.1281032776136,0.4337889205554,0.0574288428495,0.2748285862552,0.7361936938522,0.1290885742090,0.2639350832877,0.3444509651221,0.0219819981924,-0.0418200837624,0.0178249515620,-0.0334446239169,-0.1978141128609,0.1572508784598,-0.1171706255030,0.0717399648977,-0.0283697912558,0.6475288371419,-0.1488551847629,-0.3093217607592,-0.1032811337744,-0.3277886387402,-0.3523289255575,-0.2197430950365,0.0392695669373,-0.2834638327214,-0.3508129061889,-0.3594185068253,-0.1640337940059,-0.3323082510428,0.1953609363056,0.4515049014192,-0.1550916829440,-0.0165670347875,-0.1250689714631,0.3668153128437,-0.3705834983540,-0.0051969201559,-0.0702926893490,-0.2436905123996,-0.1783611022965,-0.3071052018952,-0.2287123279370,0.1248649063417,-0.2851813803215,-0.2477314328690,0.0142679406244,0.0505243524072,0.0546055931319,0.5494748497589,0.2077232587774,0.0157870841188,-0.0480020679324
0.6092700603726,0.3156074082206,1.0000000000000,0.1949829589964,0.7665470393745,0.8072755547327,0.5780380822868,0.2419642939206,0.2786796834051,0.3758227340647,0.3963526520531,0.3554308675953,0.4007211032903,0.4451806624039,0.2394498124730,0.1564244679089,0.3576866183553,0.2801246508860,0.0912906492551,0.3919042911034,0.2011080175078,-0.0040649177272,0.3095409762456,0.1534528675232,0.3195196386386,0.1957255672738,0.3049149285331,-0.1771322299549,-0.1229268752496,-0.0025840724743,0.2431087656035,0.2458355193522,0.4174652709901,-0.0554556760889,0.1847836140206,0.1543642653628,0.2416208649449,0.3703521541888,0.3172608235075,0.0564893650553,0.2169746273399,0.3084926774865,-0.0748121160700,0.1928879932268,0.3284077792637,0.1386875323690,0.0462732572415,0.7095089015830,0.3175357436279,0.3930244903558,0.6589839156199,0.3961953890303,0.1149331861801,0.8927912200026,0.6800381253111,0.3053847960987,0.0783523928420,0.2000795104431,0.0654429829044,0.2002580397926,0.0684094398669,0.3224276228033,0.0520586638350,0.1530885028609,0.1524754539753,-0.0829174849073,0.0403478053991,0.0916257939870,-0.0027306953124,0.2244449933304,-0.1518973174959,-0.0035174000660,0.1553627387746,0.3388101491778,-0.3651309303335,-0.2250318195139,0.2939244486061,-0.2164562618463,-0.0603847233165,0.0799405721023,-0.0435592623509,-0.0200725956428,-0.2468699301938,-0.1929311937844,-0.1325359111233,-0.1878591943485,0.0775447391622,0.0062826850571,-0.2741185062044,0.1128724207948,0.0619777287806,-0.4948380018808,0.0594335486412,-0.0710289412556,-0.1638735126684,0.5667660834264,0.3272719854409,-0.3305443143752,-0.1390968429506,0.0054635486485
0.4526319022358,0.0261423748682,0.1949829589964,1.0000000000000,0.1062357369501,0.3909949828108,0.6794226642638,-0.0587833335933,0.2439100550579,0.1336255540784,0.3559954296472,0.4768732345607,0.0375488922712,0.4680148343002,0.7336117603735,0.5653406811636,0.3157698197652,0.5573691802511,0.3930336701648,0.1915275156358,0.5098017471829,-0.0647499339796,0.2867744760681,0.4846891919306,0.4039512288768,0.2845840722466,0.4141253504593,0.1017011656958,-0.0131596566360,-0.0254649265542,0.2405705218696,0.3298373683707,0.2556631633033,0.4812299753754,0.5481968743202,0.6553332413390,0.2357946743666,-0.0532369783598,0.3939051364303,0.4856131385860,0.4104524585199,0.3343863059586,0.5721414054400,-0.2804703712733,0.3242319835394,0.1544011373409,-0.0036776670400,0.3888784371041,0.1831230915285,0.5857825053827,0.3449735136233,-0.0049084415481,0.8740853647345,0.2636650064854,-0.0004853209392,0.6431275383434,-0.2858493948442,-0.0156234906745,-0.3104666878160,0.1778421520575,-0.4613878943606,-0.1352262856252,-0.5141790721341,-0.2975087837484,0.0474376572770,0.5490080655857,0.5655019186675,-0.1574810287046,0.6217471273972,0.2891172754586,-0.2978497274258,-0.6368335179956,0.2160049576493,0.0900486913076,0.1232845639955,-0.5092595966731,0.2403262787097,-0.2229788979513,-0.5055727045035,-0.2247007903783,-0.5270512614956,-0.5550026350161,-0.4382198281975,0.4609044075892,-0.3457502738542,-0.5554696411467,-0.0046047833354,0.5637542085029,0.1903076664942,-0.1968355732403,-0.0643240109316,-0.0624418067436,-0.4200882651438,-0.6504035187535,-0.6802868574178,0.3516536532603,-0.1781804402901,-0.5777994885619,-0.3351726346924,0.0786855712147
0.6200599038359,0.3128067412523,0.7665470393745,0.1062357369501,1.0000000000000,0.7590880789194,0.3741451270631,0.2448633796065,0.2192238665714,0.4481213822187,0.4005096959758,0.3169507531163,0.3529414422463,0.4188645259920,0.1724039458663,0.0861933699127,0.3800775038490,0.2385543741752,0.0689022876647,0.3272528356949,0.2956589264286,0.1676467662615,0.4069139719252,0.1378040106344,0.1569444885605,0.2825150815909,0.2719542484103,0.0013050579326,-0.0106531803311,-0.0216267081789,0.2230146003863,0.1921401826179,0.4349563158535,-0.0536581225847,0.1195654454761,0.0733828145532,0.2651523814222,0.3215427631914,0.2312049111065,0.0819452352958,0.2976749197833,0.2344209951751,-0.1789047414909,0.2190568558985,0.2722795659500,0.2254417544105,0.1483484824687,0.6768145441802,0.4974004190871,0.3762648271067,0.6459572155725,0.3431362031599,0.0360541043615,0.6610280965214,0.7073461726481,0.1504511680202,-0.0090655220578,0.1672372961100,0.1180504507911,0.1629748914427,0.1544109434558,0.3904242496716,0.1448021744933,0.0960281865523,0.1320529949012,-0.1266445337355,-0.0534340528305,0.0600366374417,-0.0283713398922,0.1241012045865,-0.0485715350377,0.1825507147122,0.1985428521454,0.3082833697958,-0.3132106778099,-0.0900618612129,0.3034176023328,-0.0835571862653,0.0719413646689,0.1027012540091,0.0211895559515,0.0934807766350,-0.2100705046366,-0.2674609594712,-0.1460518666811,-0.0427959637535,0.1976650821907,-0.0500391393549,-0.1875616961483,0.1018602835024,0.1829537928962,-0.3798214981384,0.1133799102893,0.0362895500867,-0.0469925492198,0.5427891404492,0.4701213706781,-0.1882512651833,-0.1449440102343,0.1042241127850
0.6582899842461,0.2277443594143,0.8072755547327,0.3909949828108,0.7590880789194,1.0000000000000,0.6539888529822,0.3029895152235,0.3495068600826,0.4796136174492,0.6207494485116,0.5653146648639,0.4406276541478,0.5448946309746,0.4371272495657,0.2742584525017,0.4707497360418,0.5116108303043,0.1931186862971,0.4014002015996,0.4240771865842,0.1535907656732,0.5353463565958,0.3419049626746,0.3764380654220,0.3431983961998,0.4919836565679,-0.0083582591717,0.0675582827418,0.0526323957448,0.2893561139918,0.2811028055324,0.5692837366705,0.1487692583679,0.2492211597772,0.2565737588356,0.3640347471848,0.3331614866825,0.4375941841320,0.2962660111455,0.4829439320339,0.4377158123854,0.1232551233249,0.1433578929289,0.5053796894424,0.2830722176159,0.0684513966298,0.8740359142780,0.5301366856384,0.6125058816617,0.5483857352906,0.1753346639855,0.2657113840840,0.7856150933283,0.7260557760588,0.3505712711150,-0.0289831291564,0.2301451721209,-0.0358274812832,0.2458818807061,-0.0630272666376,0.3932265785025,-0.0728076187478,0.0648809863167,0.0257730161125,0.1359930693735,0.0669317302995,0.0733308809142,0.1627622808158,0.2513424192258,-0.1530138284446,-0.1283131340454,0.2772307255459,0.3085062610941,-0.3058330201370,-0.3790800186365,0.4257214075762,-0.2469379336053,-0.0658994556064,-0.0251232025271,-0.2787443259236,-0.1805299405114,-0.3595442486257,-0.0932814387653,-0.2910539756076,-0.3652326376298,0.1321811329844,0.0754701180001,-0.1169887465766,0.1066305454067,0.1464391890356,-0.3857363777730,-0.0714307041600,-0.2815569725049,-0.4061483495359,0.6641115966290,0.3534286757495,-0.4326791156925,-0.2864218448319,0.1013482205021
0.5327284529209,0.1178794435751,0.5780380822868,0.6794226642638,0.3741451270631,0.6539888529822,1.0000000000000,0.2452580544073,0.3311619573127,0.2426383843084,0.3493731988054,0.3825860267159,0.2196858730265,0.3737399546935,0.5559410073635,0.5176957351819,0.3430046534571,0.4534787806048,0.4036733831002,0.3353762040417,0.3131281161067,-0.0656902393313,0.2362710420668,0.3079187983110,0.3671863759545,0.2440160143158,0.3606741936001,0.0460501796317,0.0053896100952,0.0461697876385,0.3273272071911,0.2878535309342,0.2701198851368,0.2608716693239,0.5552315147131,0.5210346948826,0.1395151364219,0.2536256224049,0.6490199329471,0.2688980158533,0.3893537577993,0.4230868478371,0.3711905022608,-0.0543923642439,0.3391011292351,0.0977453007283,0.0177982868521,0.6704891724563,0.1891932245979,0.5221155481643,0.4889800208117,0.1993673236799,0.6064990571474,0.7160501846069,0.4502162101994,0.8050373113784,-0.0055247486593,0.2027459328309,-0.1027713212238,0.2353261276725,-0.2231040379576,0.0350420728367,-0.2295166037509,-0.0560030270106,0.1062907422164,0.2780865377271,0.4070540179203,0.0443975207121,0.4067161637291,0.2523311633865,-0.2639167401517,-0.4291887215628,0.1337836905059,0.1764853426442,-0.2407138180736,-0.4474293655404,0.2092607197324,-0.2183129240533,-0.2488868452255,-0.0430862161151,-0.3629188787521,-0.3799051914744,-0.3719593616747,0.1969513783181,-0.2546924400392,-0.5018118211373,-0.0949992632595,0.5001153318386,-0.1000732475993,-0.1119427501241,0.0835824420870,-0.2907855350295,-0.2629415480803,-0.3908883637263,-0.5250525244654,0.5881156255672,-0.0087542501605,-0.3947984079573,-0.1966884006494,0.0406041759056
0.1251559674937,0.0177736144290,0.2419642939206,-0.0587833335933,0.2448633796065,0.3029895152235,0.2452580544073,1.0000000000000,0.5669265502530,0.2132542761119,0.2084875059486,0.0531092953174,0.6076294693742,-0.1922506244300,-0.1909575036295,0.4138023081833,0.5081463404148,0.3498479752106,0.5150238758283,0.6100757461890,0.1653418269703,0.1352672747313,0.0707501052516,0.1408502134432,0.1595279265842,0.2098890932920,0.0340815066033,0.0648962958828,-0.0531482750205,-0.2871047346020,0.3689052853773,0.0568097496304,0.3110561099501,-0.1078401927163,0.3008505209506,0.0426739696146,-0.0221175662862,0.4803013004388,0.1343833426240,-0.1758631022404,-0.0637349824205,0.0336977004361,-0.1433615923129,0.3973728235990,0.2004039054475,-0.0816169873336,0.1992138840886,0.3314958837543,-0.0590233921356,-0.0431139680757,0.0463321964748,0.2354451951093,-0.0312740747900,0.2589424363607,0.3467740834910,0.2123313341415,0.5343431388126,0.6541754400290,0.6296666412549,0.4893723679625,0.1659997588168,0.3819106682678,0.3590661589629,0.4119890961570,0.0330052791557,-0.4247840585973,0.1091487606371,0.6121834552819,0.1764964187085,0.2717710056937,0.3426746721011,0.2857500676324,0.3111399835764,0.3791663500753,0.0526428903239,0.2265911434975,-0.0121635773197,0.0999988795069,0.1193590445401,0.4907931806465,0.2795524823908,0.3508879521925,-0.1992867891298,-0.1517065441533,0.1575658628536,0.1114005673110,-0.1044770196182,0.0023651574579,-0.3810257435421,0.1884381126480,-0.0792538410656,-0.1725890528940,0.2816962113447,0.2298045677297,0.1545714803061,0.2458044436171,-0.0302945290722,0.1197446407364,0.0469407465507,-0.0319600593170
0.1748882744695,-0.1816180936537,0.2786796834051,0.2439100550579,0.2192238665714,0.3495068600826,0.3311619573127,0.5669265502530,1.0000000000000,0.1248648882433,0.4253558947412,0.4015016532961,0.4863537731266,0.0461506368558,0.0230317490648,0.4500989153755,0.5138166365586,0.5980066976831,0.5232158204800,0.6255882830578,0.3784036011667,-0.0513426830796,0.3144722670267,0.6683679331525,0.6398144600885,0.3753886630935,0.3603384297885,-0.0483598895263,-0.1626629709244,-0.2861917239843,0.4157769050801,0.2742618487257,0.4360315189189,0.0864432536651,0.2829695935162,0.5396110037307,0.2903286452219,0.3144493733229,0.0863240240268,0.1066157422195,0.0567961707642,0.2178472039255,0.1431614470454,0.1370926426247,0.2841335096384,0.1383038749710,0.1530446315682,0.3444075819025,-0.0534451152949,0.2229383479609,0.1038919342981,-0.0937056461342,0.1380786501092,0.2956737937740,0.1634983328595,0.1998702917607,0.2932755429050,0.4760300072047,0.5495744385614,0.9466660688096,-0.1950716023539,0.2600403945404,-0.0531171326753,0.1744156717295,-0.2498839835424,-0.0853548507837,0.3410694563817,0.3664829684253,0.4002323668272,0.6956793690632,0.1665484273071,-0.1054332199179,0.6253733610686,0.7211430603520,0.1724766432241,-0.0367015920078,0.3517206486891,-0.2410223657343,-0.2649542843063,0.3407409730133,-0.0823785985390,0.0497882724699,-0.4855400073287,0.0397121428166,0.0623951290770,-0.2046804793694,0.1190544365425,0.0788808062190,-0.1129279952776,0.2943138565089,-0.2329662508972,-0.2347586731894,0.0906354408795,-0.1871290589385,-0.2225496733493,0.2385466190256,-0.2120628424399,-0.3420868282482,-0.2036498323149,-0.0284157125890
0.3751024989335,0.1373513614181,0.3758227340647,0.1336255540784,0.4481213822187,0.4796136174492,0.2426383843084,0.2132542761119,0.1248648882433,1.0000000000000,0.5874866096283,0.5598378997328,0.3705029985183,0.3089610724627,0.2765851370465,0.1189297454457,0.3642677942396,0.2450591984826,0.0911432999504,0.1815600583488,0.4734334991561,0.5442206673661,0.4871677925645,0.2201891303815,0.1996765668547,0.2508493223277,0.4241108329134,0.0291270778185,0.1550544696528,0.0101390990532,0.2028690710484,0.2569405545369,0.4651372347391,0.2267919524827,0.0785350069394,0.1375577345563,0.4314663936601,0.1026317179054,0.2711175900654,0.3476939762977,0.4625763873594,0.3443246327168,0.0595282841389,-0.0317584126326,0.3649403689269,0.4619438594301,0.1579478699336,0.4551699283120,0.4007389784150,0.5844369734237,0.2453652059030,0.1481536611220,0.0565227528305,0.2973207536472,0.2403699617308,-0.0346045793571,0.0613382096272,0.1829702694936,-0.1355430990332,0.0538676995520,0.5390973606331,0.4493580413067,0.2016209399351,0.0745765504664,-0.0205948297515,0.1075155719523,-0.0097456172169,-0.0605139382921,0.1485125504738,0.0762168726993,0.1378395062943,0.1720995955419,0.2384915746111,0.1967685389892,0.0923411464856,-0.3067767613817,0.4085007270212,-0.1416669127555,-0.0186985187379,-0.0904536725642,-0.1792673553099,-0.0632735340353,-0.1980325460689,0.0613191223389,-0.0472641749416,-0.1792791882556,0.3234540251450,0.1077868423612,0.0785434790458,-0.0509756019304,0.1773750202535,-0.0722569437031,-0.1629057064463,-0.1581223299236,-0.2348541115795,0.3564498948563,0.2940778634278,-0.1721608538057,0.1517133607062,0.3384159540104
0.4866699642019,-0.1202987944911,0.3963526520531,0.3559954296472,0.4005096959758,0.6207494485116,0.3493731988054,0.2084875059486,0.4253558947412,0.5874866096283,1.0000000000000,0.8854114607879,0.4519187692471,0.4913354310749,0.2790110279204,0.3409562523959,0.4301657155846,0.6357482651922,0.2304410751728,0.3466081949252,0.6519118894476,0.2591784624389,0.8189712909711,0.5274010525051,0.5299211357457,0.5055246997751,0.7060015278923,0.0998585929635,0.0952814787940,-0.0253546563691,0.2878102418267,0.3858186648164,0.6744589796339,0.3597111030465,0.2061410123760,0.3070196154457,0.6096180373562,0.2128948592535,0.2660876046600,0.5395509061094,0.5375378994684,0.5856790879160,0.3275302421831,0.0471345390635,0.5972447453560,0.4875144923691,0.1640506480582,0.6516497336976,0.3712349058233,0.6273419913227,0.3014370911287,-0.2017686682615,0.2040117900704,0.3206869769436,0.2205260097723,0.0983709609992,-0.1255558067250,0.0738464804485,-0.1200136163998,0.3333252244213,-0.0399418983288,0.6069622103427,-0.0020229944641,0.0102667914904,-0.3095085444500,0.2479315077590,0.1412819119053,-0.0155467978198,0.2744393240814,0.3091996272482,-0.0188919625001,-0.0894977051469,0.4017505348465,0.4205343493740,-0.0008699693724,-0.3939766581732,0.6504945650029,-0.2614261769367,-0.1802975990185,-0.1716732751975,-0.3622442537709,-0.2252849661964,-0.4127352060290,0.1382066129323,-0.2903582603775,-0.3405163169269,0.3643096543107,0.0036838505962,0.1201114647767,0.0849755365639,0.0260235419322,-0.0940178721407,-0.1129857564410,-0.3785489789485,-0.4605788888353,0.4314825770300,0.1403489061798,-0.5427045030826,-0.1753165814855,0.1328178629408
0.4880428494318,-0.1418967392743,0.3554308675953,0.4768732345607,0.3169507531163,0.5653146648639,0.3825860267159,0.0531092953174,0.4015016532961,0.5598378997328,0.8854114607879,1.0000000000000,0.3838088373911,0.5918031118495,0.3888997021753,0.3818287300359,0.4236012577215,0.6985235161397,0.2669299400531,0.3240772088187,0.6950496341788,0.2336724588215,0.8433779984856,0.5837712039231,0.6417357981831,0.4923007260623,0.7500945739072,0.0577285707235,0.0796907406853,0.0270671556020,0.3038361236665,0.4665677219614,0.6917994597156,0.4818794358889,0.2113097562588,0.4683284860443,0.6166063405528,0.0946625960501,0.2126095881975,0.6259963848933,0.5509176594420,0.5799733663767,0.4481263387788,-0.1123918702035,0.5910334045838,0.5397003732920,0.1323517993270,0.5421396037459,0.3565190618847,0.6872185585030,0.2646767767689,-0.2976930013726,0.3072248328967,0.2900063973203,0.0564189352139,0.1161448227192,-0.1812616739151,0.0692518027634,-0.2653356980029,0.3090854461412,-0.1361273798742,0.4020914809040,-0.1549823130401,-0.0697401633200,-0.3743910226402,0.3809204190239,0.2684825732602,-0.1374757187596,0.4024843465848,0.3977416213884,-0.1213947265668,-0.2926404825021,0.3806731911571,0.4062059371301,0.0710704198245,-0.5419160610189,0.6713744324032,-0.3815396330099,-0.3519643187110,-0.2733588346673,-0.5224486322237,-0.4038841894854,-0.4669555464677,0.2555230027103,-0.3173303475404,-0.4707388645444,0.3256699096290,0.0968046983458,0.1941901483352,0.0092430369884,-0.0909472774661,-0.0855730293877,-0.2688683332880,-0.5854510557416,-0.6324109625368,0.3372055744036,0.0404784213533,-0.7041278163610,-0.2944298991024,0.0773632679291
0.1687065300136,-0.1060073572394,0.4007211032903,0.0375488922712,0.3529414422463,0.4406276541478,0.2196858730265,0.6076294693742,0.4863537731266,0.3705029985183,0.4519187692471,0.3838088373911,1.0000000000000,-0.0346846353046,-0.0851012894832,0.2206393997886,0.6939023061387,0.3642913674703,0.2267050523113,0.5283729851915,0.2556636647145,0.1270990072643,0.2924417428967,0.3193907745941,0.3771184999185,0.2653090488066,0.2740383069460,-0.2025440228791,-0.1494438052190,-0.3384479757236,0.3786763687746,0.2128071702615,0.5560595164340,-0.0528140318469,0.1538709263612,0.1225700061881,0.1942515414041,0.3455277083793,0.0764134037428,-0.0534221514187,0.0415853443308,0.1727123460407,-0.0591109744482,0.2647375472692,0.2124594062784,0.0729326205813,0.1916349545063,0.4300514999744,0.0259651145852,0.1840066698294,0.1564719914134,0.0097166057250,-0.0255757660142,0.3860164802906,0.3286071472689,0.1072353003105,0.5757929834780,0.4622386520623,0.3151429168753,0.4034617934083,0.1172150876183,0.5292076671037,0.4373492151521,0.7596188243504,-0.1761381639616,-0.1990608371279,0.0914609733930,0.4811078201640,0.1080327732372,0.4017309948355,0.2492572528310,0.1473795804270,0.3515162621934,0.5120027289698,0.0261353156203,0.0398878636867,0.2945689969163,-0.1317728209945,-0.0862308565115,0.3192732715952,0.0621197125220,0.2734542111459,-0.3239953150970,-0.0651848540288,0.0535720072409,-0.0279512013975,0.0645202311515,-0.0695412377198,-0.1873086534550,0.2415804387229,-0.1618839874497,-0.2980445523430,0.2422407587563,0.0056053765574,-0.0613196207184,0.2983250960781,-0.0290135940668,-0.1528958386004,-0.0915003605485,0.0574836949947
0.6792904841527,0.4324536232711,0.4451806624039,0.4680148343002,0.4188645259920,0.5448946309746,0.3737399546935,-0.1922506244300,0.0461506368558,0.3089610724627,0.4913354310749,0.5918031118495,-0.0346846353046,1.0000000000000,0.6386392065563,0.2078879034536,0.1036260341398,0.4693693828630,0.0484739063428,0.0212013425666,0.4555517745676,0.1758633265081,0.5614443571947,0.1879243713710,0.2354502951946,0.1828006480670,0.4110698275176,0.1410219508614,0.3142448066618,0.4825566287008,0.0826174057317,0.3039721092907,0.3877186475684,0.3105328954271,0.1702427595079,0.2749431473737,0.2909867216706,-0.0438400910559,0.2028817328423,0.4246935746135,0.6482761103792,0.4451533309442,0.2344854038290,-0.2737934022123,0.5532346777220,0.3635549981826,-0.0083952810445,0.4384351689947,0.6316107446599,0.6097692393248,0.5381282168378,0.0904454364173,0.3967250399632,0.3610865342479,0.1897441019185,0.1051323223024,-0.4809601522526,-0.1293649290723,-0.4281965890359,-0.0381708337091,-0.2131301246654,-0.0054286473252,-0.3805053948832,-0.3406674253470,0.2077006407679,0.3771097699541,0.1482370188745,-0.3385191679502,0.1689216405940,0.0452189131256,-0.3883619610597,-0.3936431087960,0.0415239942105,-0.0285452604908,-0.2595701490721,-0.6407312556550,0.2997085325313,-0.2457054924660,-0.0459356309496,-0.3693971600278,-0.4946759252566,-0.5228450836568,-0.0729624989097,0.0313510841996,-0.3721268456361,-0.5061759839903,0.0668800315002,0.0566567915559,0.0117128925983,-0.2341783291217,0.0211651913173,-0.3444559256594,-0.4983986816024,-0.5815444124741,-0.5790760758366,0.2792839346016,0.4816846329799,-0.5069543299097,-0.3633206937045,-0.0272226165866
0.4958932874580,0.3224564845333,0.2394498124730,0.7336117603735,0.1724039458663,0.4371272495657,0.5559410073635,-0.1909575036295,0.0230317490648,0.2765851370465,0.2790110279204,0.3888997021753,-0.0851012894832,0.6386392065563,1.0000000000000,0.2764532417015,0.1437056388989,0.4349719974822,0.0985379045065,-0.0660563478378,0.3641055315644,0.0972262168568,0.2711648147484,0.3098702612978,0.1533050044948,0.1060379808015,0.3242498550813,0.1203339749243,0.2835128264735,0.3309627704793,0.1329906091545,0.2461852518998,0.1848479787429,0.4331783855877,0.2565476937378,0.4364398714921,0.2535318513532,-0.0866970305987,0.5449256806098,0.4636153238246,0.6010232510709,0.3625006572925,0.4819579992265,-0.2445849596386,0.3759782070520,0.1678684427755,-0.0598996613840,0.4213202182774,0.4332746496893,0.7401552920525,0.3446602288512,0.1071217499272,0.5947947328836,0.3314917022918,0.1040731881534,0.4009397227408,-0.3467169945421,-0.0883185127534,-0.4633383081583,-0.0616333636725,-0.2663737556427,-0.1586527130294,-0.4527671375362,-0.3201189505799,0.3031737375356,0.6419489149964,0.2385872522226,-0.2945448000680,0.3343093564885,0.0352146260942,-0.4093800458598,-0.6016358985141,0.0487905468748,-0.1661399462912,-0.1558884529127,-0.6884356470966,0.1698830696727,-0.2714166839104,-0.1943530720038,-0.3201999422624,-0.5957725061927,-0.6181824835296,-0.1703162945976,0.2278758837707,-0.3426928356237,-0.6473451780214,0.0056078150203,0.4403426340120,0.1466258403511,-0.2533981129289,0.1640287619819,-0.0776771965146,-0.4847194435792,-0.6773877493157,-0.7026599201774,0.3478255732160,0.1369559426058,-0.4288858288547,-0.2484364638189,0.1461380201523
0.3657515219352,-0.2242905797735,0.1564244679089,0.5653406811636,0.0861933699127,0.2742584525017,0.5176957351819,0.4138023081833,0.4500989153755,0.1189297454457,0.3409562523959,0.3818287300359,0.2206393997886,0.2078879034536,0.2764532417015,1.0000000000000,0.4635308214656,0.6289917088654,0.8403104862712,0.6304494397223,0.5741503979078,-0.0284596927542,0.3281061892651,0.4154959713322,0.4916931530891,0.4752632929364,0.4266211972102,0.1302878269811,-0.1326132854836,-0.1728170969663,0.6726189015408,0.4342519024171,0.4394541586248,0.4348346881199,0.7701749870249,0.6732382217356,0.2361665584301,0.4291268105199,0.4304533799705,0.3280690901644,0.2263723599287,0.3121179581415,0.5837437745561,0.0799651380738,0.4963599319489,0.1879933381981,0.2776890126607,0.2964134386081,0.0186304844942,0.3487349358168,0.2164718278796,-0.1153609580694,0.5273315973186,0.1287346897909,-0.0757360022767,0.4096166347853,-0.0954597151240,0.2148391867355,0.0848915958968,0.3704189512021,-0.3078178917797,0.0011338440750,-0.3174671071299,-0.2046898915429,-0.1353238001276,0.2308207457790,0.7960231264400,0.1354831847719,0.7512335079651,0.4146422199081,-0.0260848204114,-0.3180496749139,0.3259944484726,0.2834360115001,0.2602384152918,-0.2214983067467,0.2441305408967,-0.1391623329537,-0.3952639299278,0.2190007634742,-0.1826286448270,-0.2276643291704,-0.4168573307953,0.5276741252726,-0.0310236664904,-0.2335359570140,0.0232250161389,0.5189342986594,0.0478858847320,0.0162755171542,-0.1223342762426,-0.0999845663836,-0.1086825244051,-0.3186320437617,-0.3756834590705,0.2218118795656,-0.2106490578822,-0.4332267280662,-0.2931645584391,-0.0824896578877
0.3007706369716,-0.2446499412181,0.3576866183553,0.3157698197652,0.3800775038490,0.4707497360418,0.3430046534571,0.5081463404148,0.5138166365586,0.3642677942396,0.4301657155846,0.4236012577215,0.6939023061387,0.1036260341398,0.1437056388989,0.4635308214656,1.0000000000000,0.6568158959745,0.4798350065683,0.6007013189270,0.5821438865150,0.0966041564035,0.4025029822058,0.5251942864597,0.4646610781449,0.4343970452744,0.4719128509478,-0.1690127109465,-0.2216417359622,-0.4357948897645,0.6110175256827,0.4019508174706,0.6953369989200,0.1032182606937,0.4178867861093,0.4396830824628,0.3239997966307,0.3035916436982,0.2052695420599,0.0970858348794,0.0987714265577,0.1510744967027,0.1395536428160,0.1276871095832,0.2224340393130,0.2299073414303,0.1881744105996,0.4819101362805,0.0896106546282,0.3374053466671,0.2568110372705,-0.1195325475639,0.2104772805036,0.3594710938360,0.2424288081004,0.2323853439991,0.3065769669524,0.4344790826482,0.2062253834224,0.4293669827269,0.0115126626385,0.3940068247836,0.0651346409901,0.3241357998051,-0.1754913076853,-0.0038630380211,0.3675545326045,0.4849550537902,0.4131518902690,0.5815686993603,0.3530816638402,-0.0101788379020,0.5267408443876,0.5552513829813,0.2025153296377,-0.0218601171830,0.4473034718836,-0.2578271112857,-0.2996831221585,0.4010395512268,-0.0443555893668,0.1965417447411,-0.5162188410661,0.0989147818507,-0.0265345409745,-0.2020722758115,0.1890059835870,0.2165887951837,-0.0457891188062,0.2127341433354,-0.1266620144345,-0.2543880072157,0.1133575326008,-0.1767246102195,-0.2618033512978,0.3569043509303,-0.1060869925661,-0.3245662679079,-0.2374013594031,0.1932470675573
0.4705698344958,-0.1778787551765,0.2801246508860,0.5573691802511,0.2385543741752,0.5116108303043,0.4534787806048,0.3498479752106,0.5980066976831,0.2450591984826,0.6357482651922,0.6985235161397,0.3642913674703,0.4693693828630,0.4349719974822,0.6289917088654,0.6568158959745,1.0000000000000,0.5374551860939,0.5188088674894,0.6900355001742,0.0838176853856,0.6340985577239,0.6979014858905,0.6182184415093,0.5295774660390,0.6851939307084,0.0663824938842,0.0126561791846,-0.1112934550421,0.5260227014609,0.4738515696692,0.6755988606410,0.4433347365925,0.4060253709592,0.6118062012095,0.4916130347941,0.2365764053567,0.3035118685854,0.4791907931792,0.4234507280539,0.3832717940385,0.4491060150092,-0.0374743484576,0.5492954269220,0.3821693102513,0.1311956728018,0.5190181681206,0.2464851102784,0.5509938096836,0.2510009708904,-0.2625607766972,0.4007215300725,0.2934201101934,0.0669834808904,0.2491512316313,-0.0532023696776,0.3389112392714,-0.0006788101371,0.4964749267361,-0.3260564027405,0.1902296757745,-0.3386742797374,-0.0885906361146,-0.2469424629739,0.2908293447509,0.4407444683976,0.2139813827464,0.5587220435778,0.5962549312499,-0.0161233889245,-0.3975554393065,0.5412214673150,0.4539574836114,0.1385614870199,-0.4164986030922,0.5679011655482,-0.4170256131606,-0.3871904331267,0.0676809444641,-0.4688434320474,-0.3090272663911,-0.6000706336517,0.2229184758635,-0.2411376838487,-0.5180024415662,0.2310466197354,0.2325688385753,0.0700459122220,0.1309584172201,-0.1662336704390,-0.1896611764865,-0.2216233520959,-0.6119662047175,-0.6448032936388,0.3292680161389,-0.0964179145814,-0.6542012902859,-0.4692088314795,-0.0251140641731
0.3137389714345,-0.2444451719648,0.0912906492551,0.3930336701648,0.0689022876647,0.1931186862971,0.4036733831002,0.5150238758283,0.5232158204800,0.0911432999504,0.2304410751728,0.2669299400531,0.2267050523113,0.0484739063428,0.0985379045065,0.8403104862712,0.4798350065683,0.5374551860939,1.0000000000000,0.6185920697483,0.5475125644537,-0.0451058482431,0.2397787405680,0.3676903990214,0.4518438006698,0.5080634018935,0.3579590397012,0.2114018605648,-0.1471039001765,-0.2255294080793,0.5126785242394,0.3567772312481,0.3808299773167,0.3681136775861,0.6127985261372,0.6220895790464,0.1745725289257,0.4165026275483,0.2588207828268,0.2238094388080,0.0989756758844,0.1344395223387,0.4383528859083,0.1933935458887,0.3982013212156,0.1519680775109,0.3117931769369,0.1860924232592,-0.0433572832984,0.2100483914526,0.1361619787442,-0.1040289813867,0.3852930957838,0.0985965675272,-0.0710862561879,0.3542797317210,0.0016968429245,0.3206565352316,0.2033814744402,0.4429488171099,-0.2609564448426,-0.0159046536260,-0.2833106055142,-0.1663497812133,-0.1470453298148,0.0298742432231,0.6710116129583,0.1728592442190,0.8116525160278,0.4161144288156,0.0851295764539,-0.2213467402802,0.3260095901082,0.3088236557845,0.3067517640168,-0.0493190385766,0.2105915920679,-0.0473059266521,-0.3534562380643,0.2100594218303,-0.0733799996108,-0.0988010655279,-0.4324266196364,0.3753949113148,0.1115363934777,-0.0991271894753,-0.0035983273668,0.4628722835364,-0.0642304887169,0.0622630836886,-0.1916844422832,-0.0169886825011,0.0166307048148,-0.1950312111040,-0.2374735437781,0.1807262774071,-0.2528238880498,-0.3230989675165,-0.2804179697939,-0.0971104668073
0.2290497356487,-0.2011873987864,0.3919042911034,0.1915275156358,0.3272528356949,0.4014002015996,0.3353762040417,0.6100757461890,0.6255882830578,0.1815600583488,0.3466081949252,0.3240772088187,0.5283729851915,0.0212013425666,-0.0660563478378,0.6304494397223,0.6007013189270,0.5188088674894,0.6185920697483,1.0000000000000,0.3676845204515,0.0032565612729,0.3118708524958,0.4312336442162,0.7128411032218,0.4865559584344,0.4649535557389,-0.0655852233676,-0.3248088121185,-0.3475996336319,0.7142507067155,0.3883567942330,0.5498332004872,0.1008028288570,0.4580412410031,0.3945955270541,0.2667604770131,0.6877851461238,0.1393487937837,0.0373557501819,-0.0141585131937,0.2187784009644,0.1523095252477,0.4364983978004,0.2855257258878,0.1443181852098,0.2741775161570,0.3692587822686,-0.0177281706081,0.1822192526262,0.1771079593864,-0.0353869459380,0.1250553105884,0.2978879165911,0.2098940757269,0.1896172226434,0.2486868403912,0.4559674019289,0.3854159187910,0.5258514538551,-0.0696946818266,0.2741577246652,0.0145064456204,0.1556038559563,-0.2394001178870,-0.2050083516774,0.4756034842254,0.3997763598131,0.3939883547859,0.6860544306231,0.1391151695053,0.0568931282563,0.5163519430860,0.7055515358359,0.1499752326536,0.0656458651877,0.4459890643729,-0.2190376169893,-0.2818140232361,0.5374694878439,0.1011874202295,0.1668836954160,-0.4534456719715,0.1430498397687,0.0305933094318,-0.0293761581922,0.1328270072724,0.1083804766928,-0.2248743058980,0.3613080889714,-0.2281948770623,-0.2648977943714,0.3538412955371,-0.0455252227748,-0.0910381184189,0.2011870573659,-0.1437491488746,-0.3136884686070,-0.2349738994232,-0.1856775720562
0.5451297828797,-0.2151122372299,0.2011080175078,0.5098017471829,0.2956589264286,0.4240771865842,0.3131281161067,0.1653418269703,0.3784036011667,0.4734334991561,0.6519118894476,0.6950496341788,0.2556636647145,0.4555517745676,0.3641055315644,0.5741503979078,0.5821438865150,0.6900355001742,0.5475125644537,0.3676845204515,1.0000000000000,0.2152618129452,0.7330736271050,0.5606157924853,0.4824735926777,0.6073190868708,0.6702935472827,0.1592364641946,0.0183853498707,-0.1209142850804,0.3890341755742,0.4808238265134,0.6615025264107,0.4428471185408,0.3877209723074,0.5618480524145,0.5659349482037,0.1502762666544,0.2551280848423,0.5447275406148,0.4672649024091,0.4088334644820,0.4863224384288,-0.0589302040783,0.6184587176517,0.5123410174039,0.2162409513593,0.4251964111145,0.3058319028348,0.6591085919963,0.3049919717890,-0.2833145585644,0.3588260500840,0.1379719314383,-0.0354693363071,0.1452599779811,-0.2782049747560,0.1100665199029,-0.1390930178683,0.3237327940933,-0.1597293438163,0.2155977423372,-0.3045392154925,-0.2871686184049,-0.2683274108318,0.3282888247547,0.4234687438103,-0.0905890295375,0.6423595316522,0.3845001529301,0.1125796299554,-0.2038110485074,0.4965158798689,0.3626799699905,0.3348932437427,-0.2781566238842,0.5708523639466,-0.2002940034071,-0.3449813840159,-0.0991081099017,-0.3345694176771,-0.2169151254572,-0.4443582592733,0.3119818108209,-0.0917374890838,-0.3172599374520,0.3718924143170,0.3508364209928,0.2911511785849,0.0450201702122,0.0199946492101,-0.0121255723131,-0.1997659090754,-0.4350173848233,-0.4663643567762,0.3688680271974,-0.0062240939407,-0.5508134740608,-0.2771835940323,0.2493585508759
0.0986320482785,0.1703363502606,-0.0040649177272,-0.0647499339796,0.1676467662615,0.1535907656732,-0.0656902393313,0.1352672747313,-0.0513426830796,0.5442206673661,0.2591784624389,0.2336724588215,0.1270990072643,0.1758633265081,0.0972262168568,-0.0284596927542,0.0966041564035,0.0838176853856,-0.0451058482431,0.0032565612729,0.2152618129452,1.0000000000000,0.3101671646410,-0.0291323550991,-0.0580299236590,0.1072111088461,0.1617757376286,0.2730440962308,0.3675137446590,0.2437599999156,0.0397229859261,0.0812870914304,0.1783701274678,0.2059443074589,-0.0516153685641,-0.0780352551350,0.0999129499781,0.0252005664183,0.0219734031537,0.2589778775467,0.4398139290296,0.2349413092339,-0.0303999280247,-0.0156894125095,0.2629276612615,0.5934770596070,0.2001248564931,0.1555306288904,0.4513134962066,0.2594560343973,-0.0307421253295,0.0434644365641,-0.0435366837820,-0.0588026583116,0.0347812477853,-0.1915117592987,-0.0540445271167,0.1232520352454,-0.0661285916159,-0.0851396929627,0.5051412524521,0.1189476555354,0.1314142950486,-0.0094861078857,0.0295381483247,-0.0063639725701,-0.1705157492701,-0.0212208882963,-0.0694962051008,-0.1276901722208,0.0728573880723,0.2972353902915,0.0476311692786,-0.0614338806909,0.0676459661866,-0.2093280382664,0.0901637012507,0.0170380541792,0.2389519091807,-0.0695006698600,-0.1497263723758,-0.0976831615495,0.1313421463729,-0.0536470170610,-0.0899185587618,-0.0516764364802,0.0894270206919,-0.1302665895411,0.0304948420740,-0.0978081351078,0.1198369014217,0.1856779621405,-0.1985685829897,0.0181055164308,-0.0677954256742,0.0302648854553,0.3951492530651,0.2227748243957,0.1065347477400,-0.0022938187402
0.5552073921835,-0.1608734518352,0.3095409762456,0.2867744760681,0.4069139719252,0.5353463565958,0.2362710420668,0.0707501052516,0.3144722670267,0.4871677925645,0.8189712909711,0.8433779984856,0.2924417428967,0.5614443571947,0.2711648147484,0.3281061892651,0.4025029822058,0.6340985577239,0.2397787405680,0.3118708524958,0.7330736271050,0.3101671646410,1.0000000000000,0.5114589809176,0.5320023842102,0.5771794097872,0.7877688458624,0.0696190625053,0.1385139637720,0.0252204940046,0.2885803831613,0.4298304136837,0.7894216784884,0.4286870500027,0.1538170906662,0.3258921059972,0.6264690627685,0.1801248243623,0.2002657125942,0.6239586180507,0.5477665604631,0.4731326741374,0.3267865240586,0.0338227416187,0.6271038933293,0.6208157593536,0.1661686295535,0.5292614951549,0.4660120674141,0.5977553856036,0.3246893483912,-0.3179790261057,0.1417747947473,0.2091009333088,0.1095102370116,-0.0393484291829,-0.2873313291965,0.0072231927468,-0.2266347214454,0.2360652038695,-0.0733515720124,0.4188233066332,-0.1288641745013,-0.1545508119928,-0.3703037775968,0.3121256951044,0.1468864743515,-0.1662218066030,0.3197150875539,0.3136307439190,-0.0757823308478,-0.0723961986243,0.3844140669191,0.3786251192408,-0.0068905772734,-0.3936731205715,0.7493983637315,-0.3324571897434,-0.1804818001123,-0.2209785163290,-0.3943162569234,-0.2372026977349,-0.3745506788402,0.1239271929554,-0.2780700804082,-0.3237159095764,0.4122506792309,0.0344360688384,0.2219261750100,0.0695458364935,0.0250025656691,-0.0297381616199,-0.1394346564982,-0.4213363236992,-0.4796447223593,0.3620582847216,0.2139473533699,-0.5795504158924,-0.3258164744419,0.1122423064027
0.2264792336527,-0.3427216027242,0.1534528675232,0.4846891919306,0.1378040106344,0.3419049626746,0.3079187983110,0.1408502134432,0.6683679331525,0.2201891303815,0.5274010525051,0.5837712039231,0.3193907745941,0.1879243713710,0.3098702612978,0.4154959713322,0.5251942864597,0.6979014858905,0.3676903990214,0.4312336442162,0.5606157924853,-0.0291323550991,0.5114589809176,1.0000000000000,0.6792561062078,0.4281715062140,0.6412328541174,-0.0471102400746,-0.1410943633760,-0.2878974641172,0.5014934459421,0.3594780259666,0.5221933427377,0.3396345701644,0.2541788665280,0.6931033335565,0.6576037336360,0.0787711229326,0.2620213377277,0.4486169214049,0.2450113104158,0.2559029218190,0.4334957614776,-0.1133344683905,0.2799042851165,0.3162192670651,0.0916042968154,0.3626906552932,0.0669368903091,0.4687887198084,0.1285295309424,-0.3330969085450,0.2928372442298,0.1852071645699,0.0162341429167,0.1674653566064,0.0253996947503,0.1800251670143,0.0560705174687,0.6047429975711,-0.2835082986403,0.2043756650876,-0.2758163178819,-0.0288519623980,-0.3418439294141,0.3646946755845,0.4028413622045,0.0885097543967,0.5324868894802,0.7022983191721,0.0313416852047,-0.3338590746351,0.7987054241983,0.5814683395278,0.3018394225658,-0.2968267772482,0.6358161727194,-0.3543421530239,-0.5006484099808,0.1415412678184,-0.4236032117981,-0.2239144317684,-0.5960274442020,0.2934603662818,-0.1914470876980,-0.4234299774066,0.4682017101084,0.3133751863801,0.3009471386017,0.2173297608842,-0.0816578353007,-0.0493086289636,-0.1260655882220,-0.5186783148478,-0.5330299345807,0.3026549862258,-0.2477127512405,-0.5990975212717,-0.3287019275412,0.1538753278949
