1.0000000000000,0.3237174610626,0.4678810437081,0.3079270939853,0.5729937867164,0.3846824613854,0.2036569846829,0.1185724924551,0.0253258545134,0.2234349994225,0.3212106474262,0.1681334246481,0.1177924718038,0.5311242449683,0.3405143429360,0.2972565816302,0.2039078062290,0.2184813231216,0.2042192142725,0.1852157434536,0.2282223446897,0.1908762833073,0.1501552608050,0.2695144106081,-0.0245045486187,0.1239280581635,0.2767931891872,0.0119126168462,0.1195633375726,-0.0316434206800,0.3448252767287,0.2131444724639,0.1767983615570,0.0864340344192,0.2985727316792,0.2927299843117,0.1883639632613,0.1791546701446,0.1614119151514,-0.0139902503352,0.2702199688136,0.3768549358695,0.0977181594716,-0.2453601952123,-0.0543734805620,0.0127461948125,0.1481331885679,0.2356218953842,0.1738911302655,0.3410718762266,0.7105836460614,0.2902272404979,0.3049176566220,0.3983960527779,0.2892890287236,0.0499150875757,-0.0619681666145,-0.0355005320898,0.1271216932023,0.0210809007591,0.0553635236239,0.2050114970695,0.0971854860000,0.0079004196302,0.1986975120509,0.0229934361205,0.0991673097917,0.2146963589203,0.1298697929847,0.2161266063725,0.2318862030559,0.0482949176660,0.2386254483770,0.2310289085254,0.0415387793388,-0.0475691258947,0.2150085421942,-0.2266758197536,-0.0040275166147,0.3111668620770,-0.0575506703839,0.0015561403737,-0.0694297677331,-0.1534167007289,-0.0587010748884,-0.1397086253266,0.1476973154881,0.2565462817142,-0.0095918550676,0.0730255499385,0.0803107219343,-0.1560822530926,-0.1634884242116,-0.0120909545564,-0.0838401090072,0.1975782595131,0.1347635710820,0.1820900369545,0.2139935967978,0.2492442698584
0.3237174610626,1.0000000000000,0.3566218865776,0.4231361550680,0.1542316660415,0.0221908559513,0.2414017057200,0.0363161076186,-0.0014820057538,0.0736932961932,-0.3027360557655,-0.2865129412140,-0.1359307470485,0.5854176056699,0.4247492530530,0.2977370499577,-0.1400520071187,-0.2119478830104,0.2038084446731,-0.1318654981074,-0.0351259169755,-0.0209732120854,-0.3626907410271,-0.1347561640718,0.0241645105105,-0.1297309205968,-0.3054005717051,-0.0194730553646,0.3318721243691,0.3897614311974,0.0449570994267,-0.1564699830963,-0.2598893045572,0.1186006441082,0.2663584734680,0.3836602420713,-0.3628869515505,-0.1528842517990,-0.0730766566645,-0.0207098391662,0.1246698466723,-0.0320444412601,0.0492300714747,0.2827714840677,-0.0155643847864,-0.2737349558772,-0.0091004518618,-0.1963863371156,0.2843833822865,0.0938985167272,0.4561101457893,0.7005912253047,0.4916318903612,0.2108832518961,0.2182583447840,0.3441377500884,-0.1509467150548,0.0669050676063,0.2077911544428,0.0524159650792,-0.0580794747403,-0.1829354779366,-0.3277522883132,-0.2885155103541,0.6843201404547,-0.1006310660637,0.3531195641379,-0.3406348033574,0.3502417091538,-0.3433193685150,-0.0742414206127,-0.3409463458173,-0.1095624765523,0.0355844510345,0.0209759988312,0.0338476038586,-0.4352872856398,0.1308362250761,0.2862439272311,-0.0513447694251,-0.2102972394961,-0.4485928124096,0.0816817654524,0.1418157281090,-0.1477873865130,-0.0916224493521,-0.3818782424292,0.3674512694950,-0.1972075846839,-0.1443961959511,-0.1845308150900,-0.2113086419929,0.2658730822359,-0.3561397466900,-0.2294575954382,-0.1506914138553,0.2874333453845,0.0892135204034,0.0136772519721,-0.1844200691848
0.4678810437081,0.3566218865776,1.0000000000000,0.5162164617270,0.5841351582886,0.6224814811386,0.5146730609704,0.3117033945703,0.2187414144547,0.2568950616246,0.1450880580008,0.0070815632724,0.3462525266661,0.2523550763637,0.3364496031414,0.3943932128491,0.2991898977892,-0.0391670723237,0.3255510542888,0.1754740121632,0.1326867491777,0.0820631416478,-0.1794174435324,0.2044343220776,0.1946512358246,-0.0626263681985,0.0943936923092,-0.0801436123553,-0.0027505756772,-0.0827738728715,0.2964092027641,0.0560744060757,0.1634111895262,0.0474759172444,0.2247812171535,0.4560158705574,-0.1179863483207,0.0527798544088,0.2953487198706,0.1186315228182,0.2031066757542,0.2282490564067,0.3485288973873,0.0432434876844,0.0807992644488,-0.2341536471842,0.1679754220038,0.3033476686611,0.2871140490723,0.2997908780336,0.5178435429187,0.4665373595009,0.4564051072405,0.8302397046722,0.5512970152087,0.5221521932470,0.0040634313294,0.2645048088421,0.2322894074115,0.2765293052219,-0.0478006152344,0.1781654890864,-0.2160841671662,0.1718880423407,0.0418848731960,0.1453247967022,0.3057277173191,0.0174215986337,0.3201464711249,-0.0093773256149,0.0194178973001,-0.2925657979174,0.0365603776362,0.1556064419239,-0.1976174809378,-0.3026289281033,-0.1472842925287,-0.1724097336470,-0.1673848060811,0.1642339387231,-0.1374260452465,-0.0942193102474,-0.2015012165716,0.1258363608604,-0.3197402675314,-0.0813803544219,-0.2320996818803,0.3791003559886,-0.1303949837284,-0.1366645461109,0.1200874477370,-0.1424062093577,-0.0648594195406,-0.3995969138169,-0.3397579567572,0.2948004745302,0.0844540457645,0.1484712212409,-0.0336427456676,-0.1141686568311
0.3079270939853,0.4231361550680,0.5162164617270,1.0000000000000,0.4296235851619,0.4869268212030,0.8716302516889,0.5583219045666,0.4278065310962,0.4766305691523,0.1574609493568,0.0607948476608,0.3308093403040,0.2828554319458,0.4670451821639,0.7948799230176,0.4694860459875,0.0929712818631,0.6652541312886,0.4260656354836,0.2640066547292,0.1371839797115,-0.1374948539967,0.3943122064908,0.1526321814428,-0.1237162408359,0.0984818612820,-0.1701205080316,-0.0349482494367,-0.0327890270057,0.4707805092644,0.1253819672096,0.2249162556373,0.0418996521232,0.5598501626929,0.5937406541806,-0.0527748823993,0.0325823173283,0.1564543723475,0.1251313666418,0.1694628434028,0.2952121655469,0.4546971738526,-0.0037587763387,-0.0188525839318,-0.2461355958349,0.2355634354993,0.0844886568163,0.0962349843101,0.5265948116686,0.4739590587241,0.3193207977660,0.8240683595107,0.5681639262025,0.5775922044042,0.7757285574297,-0.1605014339946,0.4506653596853,0.6154682296291,0.5013827042066,0.0614678592643,0.2404102637838,-0.2805598337834,-0.0042813124758,0.1341822097184,0.0257688598208,0.7327642782174,0.0475490829237,0.6574148009209,0.1884042165454,0.1237000037855,-0.1608583922171,0.2682020154835,0.2254619352424,-0.1750800874551,-0.1663898725101,-0.3203861250612,-0.0810161210055,-0.2260694639463,0.3999986090495,0.0633241462456,-0.1639102202462,-0.4909058283370,0.2064246848050,-0.3608482251536,-0.1062640482411,-0.2539636282621,0.5566740696415,-0.2076798664061,-0.1722436621640,0.0323604606257,-0.3009477924909,0.1516621865188,-0.5657812743031,-0.5173686207106,0.1533733541524,-0.0854000824037,0.3408170298526,0.1562219696468,-0.1614870274728
0.5729937867164,0.1542316660415,0.5841351582886,0.4296235851619,1.0000000000000,0.6226130232446,0.3755389242112,0.3674120151965,0.2307422280598,0.3405092357088,0.3592910986586,0.2377496370831,0.4817225915410,0.3502094580745,0.3500137813400,0.2800229120654,0.4231688481795,0.2008902976319,0.2142307263674,0.2380287357178,0.3362025851871,0.3456859633145,0.0957395221097,0.3513541839172,0.0737496173223,0.1473559396701,0.1808871861000,-0.0020230615488,0.3474447087918,0.1450786848140,0.3548565359065,0.2982381347177,0.2555758968830,-0.1788964646295,0.2043691694495,0.3058239971843,-0.0101516748497,0.2023574467799,0.0961511542860,-0.0209195839752,0.4115923503040,0.4549897475070,0.1849406328277,-0.0530245871637,0.1081314074538,-0.1583600508179,0.1881423989180,0.2828030337401,0.5995330594751,0.3526739954521,0.6836598636821,0.0946200982772,0.2862406700862,0.5424909132779,0.6287580428069,0.1836038259172,0.1830260918689,0.2492602667983,0.2487324219832,0.2585060813618,-0.2380469099820,0.3529780328065,-0.1346036269650,0.1843138841845,-0.0174407285240,-0.0604752264749,0.1382537137144,0.2537949089176,0.1753573271349,0.1685020635159,0.2164554195055,-0.0236548026835,0.1739309836702,0.2597287491981,-0.0067451955936,-0.1383355825214,-0.0039745542952,-0.2619161561111,0.1335261794543,0.2666818504257,-0.1284392225469,0.0763623895839,0.0390319128357,-0.1265686507601,-0.0839986329638,-0.2618139832991,-0.1027135146574,0.2039196234616,-0.0779569598397,0.0495914584822,0.0762213724363,-0.2343002369403,0.0673458999185,-0.2986008035215,-0.3647963289216,0.2668198106583,0.3516652279789,0.2593630050461,0.1012113422515,0.0521784182770
0.3846824613854,0.0221908559513,0.6224814811386,0.4869268212030,0.6226130232446,1.0000000000000,0.5641273823803,0.5577842525765,0.5378586550138,0.5457792957777,0.5159911861087,0.2459173786834,0.5521828619325,0.1143567867255,0.3659892211072,0.3989818046005,0.5217724528257,0.2959037720904,0.3963196430903,0.4312228390280,0.2280990831026,0.3689961235645,0.0753406132992,0.4484552054052,0.2962161512273,0.0336794464333,0.2616407814696,-0.0039702190158,0.1121918259661,0.0191592642766,0.3912318671795,0.3547397638990,0.3785654804214,-0.0723689379719,0.1473704864318,0.2625220978454,0.1089248821897,0.3028682444635,0.3138547029652,0.1834753143538,0.5089096813965,0.5452655403408,0.2950043824667,-0.0239985693615,0.2307635950821,-0.0769411197181,0.3217345646656,0.5767380859265,0.2914657637868,0.5035842192195,0.2948163496624,-0.0333506700544,0.3092661841646,0.7484610069193,0.7796899542018,0.3521390603568,0.1767005577519,0.4811559178340,0.3993516830311,0.5465686297561,0.1351451879293,0.4683593075730,-0.0684982982011,0.2699269598327,-0.1906642504496,0.0403219938402,0.2158752699820,0.4235635487997,0.2849258269315,0.3119750088499,0.0995470272159,-0.0536343740193,0.2461434821261,0.3333993118188,-0.2535113756261,-0.3300960317889,-0.0110232431071,-0.2703357173527,-0.2023949272631,0.3528207330771,-0.1401998668871,0.0518825939916,-0.2932427950774,-0.1131206010046,-0.1648256090786,-0.2209403057735,-0.0751713838297,0.1582108742343,-0.2779332125690,0.0667563287733,0.1657766965146,-0.1618462363470,-0.0536800280609,-0.2160997803989,-0.4040605981786,0.5431643969825,0.0129902530082,0.3977174268895,0.2622595541457,-0.1333864066927
0.2036569846829,0.2414017057200,0.5146730609704,0.8716302516889,0.3755389242112,0.5641273823803,1.0000000000000,0.5836462040737,0.5170230218810,0.4918444332516,0.1995688554225,0.1202899497753,0.3814985892019,0.0393928195948,0.2723967835028,0.7279650665981,0.4636240608245,0.1889573931492,0.6430735515276,0.3870933009561,0.2047121821819,0.1014650717882,-0.1731667394984,0.3521179860525,0.1985971261512,-0.1472724287203,0.0839496494967,-0.2037734567138,-0.1663460541122,-0.1312486053948,0.3996510673818,0.1021009651776,0.1908189489718,0.0330567205815,0.5258442080038,0.4991743424643,-0.0164495191532,-0.0438856271946,0.2245792251019,0.1048569771836,0.1011471294761,0.3265163460259,0.3957149350475,-0.0104285573547,-0.0158525471235,-0.2568851612453,0.1935939204014,0.1357570940100,0.0144384112253,0.4642255433095,0.3703598183895,0.2209977284254,0.7217961361270,0.6482707087606,0.6539551441533,0.8442897994180,-0.0585209235508,0.5407373977875,0.6241034413440,0.5586178641775,0.1667807179365,0.2984428092912,-0.1472002181287,0.1302652052749,0.0148315635703,0.0194687671707,0.6404147004568,0.1658852025657,0.5656191095221,0.2092894198414,0.1470169097647,-0.1541734361153,0.3386373485727,0.1705100487876,-0.2475692121739,-0.1961585061574,-0.2902082597553,-0.1402025058300,-0.2950158354232,0.3711430123067,0.0101403401368,-0.1080092339701,-0.4401979428131,0.1812975357106,-0.3292746679514,-0.0599755123324,-0.2034533754149,0.4862758474361,-0.2049335830565,-0.2246814671744,0.1279265106358,-0.1946850321368,0.0411781563806,-0.4773654903824,-0.4279586995322,0.2116758002646,-0.1773307692398,0.2847174781691,0.1650251562605,-0.1296634511744
0.1185724924551,0.0363161076186,0.3117033945703,0.5583219045666,0.3674120151965,0.5577842525765,0.5836462040737,1.0000000000000,0.8316416112155,0.5570600471666,0.4038928593633,0.2901657668765,0.6012760989365,0.0584164139063,0.2218902736633,0.5503266287752,0.6552445097856,0.4191311574638,0.6317231932365,0.6295529959294,0.3885116370282,0.3275656169198,0.0247370853967,0.4055552822128,0.3741817522949,0.0069738430200,0.1767928769823,-0.0775474155147,0.0904090193997,0.0648770470463,0.4107456695390,0.3292082737055,0.4387154947522,-0.1523651583611,0.2674619411462,0.3539255143694,-0.0187979524498,0.2432240041699,0.0279409514862,0.1045369695953,0.2541755958380,0.2820304858099,0.2647862501970,-0.0198634335750,0.2831237800697,-0.1963878791565,0.2696344688456,0.2108191326546,0.1259538265873,0.2779503281362,0.2566043176969,-0.0044493328300,0.3866555736906,0.4600520174584,0.5526917172301,0.4539657061023,0.2779234172841,0.7454748443607,0.7393385763871,0.7832793291358,0.1151386332246,0.5035446659161,-0.0530967016903,0.2728655590963,-0.0972046238708,-0.2261860717230,0.3682779056465,0.4683626967568,0.4505109025910,0.4532939851078,0.2705930889998,-0.0686943509200,0.3831552731647,0.3704412735511,-0.1481743758389,-0.2719112288800,-0.2416564038274,-0.1847257778147,-0.1456512272605,0.3483806157792,-0.0912469260923,0.0475262399216,-0.3816489476486,-0.1390208932363,-0.1003592153535,-0.2827693787692,-0.1802480445046,0.1718962388847,-0.4830384535101,-0.0165695575882,-0.1421696527284,-0.2766040477814,0.0327433545233,-0.3706163990689,-0.5269192995300,0.2901447984054,-0.0506409696150,0.3894944173459,0.1136126892120,-0.3286528298751
0.0253258545134,-0.0014820057538,0.2187414144547,0.4278065310962,0.2307422280598,0.5378586550138,0.5170230218810,0.8316416112155,1.0000000000000,0.5666492631360,0.3701846076410,0.2389622158833,0.5833565112170,-0.0497784192251,0.1219087679104,0.4564106516747,0.5194685880840,0.2485829656335,0.5812691232442,0.5632514816935,0.2928785715719,0.3119924571487,-0.0318290350792,0.3570766567585,0.5966272974152,0.0309627776085,0.2088976813402,-0.0077412850257,0.0198171950745,0.0500086011382,0.2792011585796,0.2852321257446,0.3359875353932,-0.1330556605114,0.2166724353866,0.3250022977075,-0.0037980784669,0.2425703354178,-0.0160040864169,0.1065036470804,0.2539289891300,0.3184113409667,0.2052702258167,0.0761097013004,0.3337672569954,-0.1250643718105,0.2298034176948,0.1704874064227,0.0634260723075,0.2548411947067,0.1508433909593,-0.0158140688504,0.3122725731139,0.4427237336851,0.5280239875613,0.4211971836010,0.2936935211966,0.7577582284586,0.6875726498111,0.9128475328094,0.2627763230408,0.4939984854586,0.0329360783268,0.3431509012552,-0.0967487200527,-0.2465349233558,0.3383999286618,0.4253956510011,0.4849195322582,0.4503626379349,0.2232508906854,-0.0398243986703,0.3950268047577,0.5315807931857,-0.1473496795464,-0.2640252984635,-0.1741759080777,-0.1235122722283,-0.1875957797557,0.2527151529534,-0.1576751941432,0.0812394208690,-0.3217578371224,-0.0826420662668,-0.0390000736953,-0.2966719125096,-0.1660951245351,0.1416612177302,-0.4649886738973,0.1032332833382,-0.1981126872563,-0.2299590270997,0.0713596311343,-0.2532000285657,-0.4117430555096,0.2832151822125,-0.0736652069527,0.4192190072641,0.1741733431126,-0.3156844543543
0.2234349994225,0.0736932961932,0.2568950616246,0.4766305691523,0.3405092357088,0.5457792957777,0.4918444332516,0.5570600471666,0.5666492631360,1.0000000000000,0.5677352052075,0.5244534973408,0.5576162795157,0.2302629438456,0.5102543999766,0.3398339426815,0.5615442968622,0.2482661822961,0.3852109212125,0.4154313856642,0.4934183692425,0.7559042856464,0.2520651471896,0.3938406757991,0.3278627939389,0.0788695891549,0.2956886236271,0.1844738659004,0.1150333305568,0.1110764298319,0.3804058621563,0.4353924810279,0.4659286979870,0.0886886585274,0.1908586774289,0.1248236669786,0.2186125271941,0.3077479391787,0.0309517053902,0.2073895590687,0.5168787462548,0.6550952989687,0.2318559371829,-0.0291611709709,0.3022149665485,0.3085084404798,0.5283322561117,0.2341453711935,0.1860626457101,0.6096376197077,0.2111845251139,-0.0295082622728,0.2257786678104,0.3737619721505,0.4339365292666,0.2757052145954,0.1284859721357,0.4924443552556,0.4370214048523,0.5278253156451,0.4517517417820,0.5308564146423,0.2959428725451,0.2470995127960,-0.0459000765601,-0.0897370485539,0.1356112356310,0.4113936725743,0.2660482366576,0.3722503715896,0.3306643356299,0.2882852993172,0.3479500228784,0.4767072216560,-0.2369531475916,-0.2508551093349,-0.1180670053886,-0.1302632592753,-0.1401414370875,0.2503593180784,-0.0535232563108,0.1265114636227,-0.3575351699684,-0.2653444267978,-0.0801016929425,-0.1243350131569,-0.0205906998568,0.0868329143658,-0.3087137776096,0.0599050543475,-0.0576603118381,-0.1867684160382,0.0639550833509,-0.0906294019241,-0.3402295311123,0.2283207941054,-0.1160994418602,0.2353694577978,0.2062011872570,-0.0362876883751
0.3212106474262,-0.3027360557655,0.1450880580008,0.1574609493568,0.3592910986586,0.5159911861087,0.1995688554225,0.4038928593633,0.3701846076410,0.5677352052075,1.0000000000000,0.8040288262868,0.5988787117168,0.0269244532730,0.2270406370541,0.2370432207656,0.6067588577060,0.6110849050544,0.2392843425684,0.5617691039743,0.5428877141402,0.5021129969948,0.6902432802766,0.6058717232694,0.0002382028827,0.2613622404402,0.4912182350655,-0.0456547474591,0.0739322591998,-0.0731479663084,0.5190869504673,0.5458064181267,0.5984845854792,0.0372717193918,0.1282502335013,-0.0506502435677,0.5575567826637,0.3522506494332,0.2965172730908,0.2535404998878,0.4887474228680,0.6520863170548,0.2190257575164,-0.2995554098681,0.1414510930378,0.2878620015894,0.4556259262207,0.4698489983053,-0.0443138219195,0.5227670153825,0.1030928995162,-0.3359655848233,-0.0646277416380,0.2563690165104,0.2969961624969,-0.0642838464375,0.3703532405207,0.3153199676106,0.3527951057479,0.3150058285790,0.2162050607888,0.8081327267320,0.4728424756580,0.4861366512840,-0.3932656013974,0.0698379579311,-0.0344611552911,0.7051642320160,-0.0256350316407,0.6217158623505,0.4743663719006,0.4814818775037,0.5470623269179,0.1692240050238,0.0086550817465,-0.0931024509096,0.3755384654044,-0.2851245111768,-0.1081453889775,0.5433364560957,0.1801118501828,0.5002034501978,-0.2843491029616,-0.1937589893330,0.0450026687649,-0.0513940568238,0.4266899963213,0.0118620232830,0.0059190521002,0.0872992348518,0.2614243973594,0.0070298844042,-0.2028813317427,0.0535935685155,-0.1804371341602,0.4074955019127,-0.2131517395618,0.2688680221597,0.3189129045143,0.2282722384483
0.1681334246481,-0.2865129412140,0.0070815632724,0.0607948476608,0.2377496370831,0.2459173786834,0.1202899497753,0.2901657668765,0.2389622158833,0.5244534973408,0.8040288262868,1.0000000000000,0.5132322898470,-0.0126855788564,0.2194591957081,0.1321924457706,0.5053436031462,0.6037178196063,0.1006191178435,0.4442851025134,0.5993225812091,0.4846479515647,0.7797840942673,0.4812327628247,-0.1520860766098,0.3507438999806,0.3708488808020,-0.0363995588417,0.0767209576994,-0.0381729939871,0.3698873144269,0.5932844656730,0.5678823847746,0.1149507605965,0.1916329053961,-0.1470447298738,0.5311225994996,0.2596510453327,0.2089763994785,0.2122896871098,0.3629264642063,0.5557412420395,0.1585850217469,-0.2153042036519,0.1391076342605,0.3376727820672,0.4834656954024,0.3245372262536,-0.1052881080624,0.4228460895185,0.0140319473884,-0.3113937653957,-0.1847705797418,0.1041439854391,0.0821106046270,-0.1409234034434,0.3717061275172,0.1612270813133,0.2176816258290,0.1284594777178,0.0918180924301,0.6816665058359,0.5740762404382,0.4763616701964,-0.3289300091894,-0.0089980498888,-0.1792184093052,0.6404318566057,-0.2078415517246,0.5440446470457,0.5050243554413,0.5556465466364,0.5224799332120,0.0285780359234,0.0571847414838,0.0642847504287,0.2797150121691,-0.2665896358940,-0.0126468018433,0.3891692076065,0.2565105504911,0.5612092567302,-0.2553417408301,-0.2464777711766,0.1826437833476,-0.0303365587378,0.4578336236698,-0.0237254573609,0.0447093361658,0.0565044926115,0.2063130120270,-0.0047167940216,-0.0997014166162,0.0372746217673,-0.1447159101354,0.2635122729241,-0.2690205190597,-0.0287894365025,0.1398540151791,0.2608418343620
0.1177924718038,-0.1359307470485,0.3462525266661,0.3308093403040,0.4817225915410,0.5521828619325,0.3814985892019,0.6012760989365,0.5833565112170,0.5576162795157,0.5988787117168,0.5132322898470,1.0000000000000,-0.0558337367907,0.1818212105225,0.3720269260284,0.7274658165737,0.3657673759143,0.3499337035531,0.4885435768748,0.4732741667686,0.4342388828031,0.2194456584178,0.5745946762685,0.2208579164275,0.0550344148197,0.2773436514993,-0.0580935845098,0.1408091073393,-0.0676568079362,0.4535363562961,0.3407054172097,0.5003904301901,-0.0277657130960,0.1875731904963,0.2739555753556,0.1864855128252,0.1765962144980,0.2164823495289,0.2049819703436,0.3900325233255,0.4926914505186,0.3029504413969,-0.1552870058383,0.1396476650296,-0.0763989566720,0.3125598770579,0.3611877969657,0.1531831972677,0.3810824339433,0.1621043601006,-0.0956941700557,0.1821920409280,0.4333523796784,0.4997599503817,0.2773103005894,0.4931140893764,0.5880399395764,0.5213099320159,0.5958113297260,0.0984510483096,0.7041306893912,0.2395054353136,0.7656304634783,-0.3116187589620,-0.0866187014698,0.1932034881792,0.5435548896519,0.2467594412477,0.4015250318071,0.4343167651172,0.1152203636459,0.4428008189561,0.2330556977632,-0.0923846249881,-0.3206152466386,-0.0579318387091,-0.2609515035839,-0.0987413365948,0.3754057432247,-0.0684374508120,0.3097626591582,-0.3271688261855,-0.0794672671679,-0.1627827833686,-0.2699895564961,0.0166844840962,0.1851319391931,-0.2179929598353,-0.0778442731766,0.0706184316680,-0.1269842117682,-0.1499059216539,-0.3178838953931,-0.4302779881558,0.3688607090580,-0.1130909802110,0.3338397541611,0.1636920600972,-0.1045733842169
0.5311242449683,0.5854176056699,0.2523550763637,0.2828554319458,0.3502094580745,0.1143567867255,0.0393928195948,0.0584164139063,-0.0497784192251,0.2302629438456,0.0269244532730,-0.0126855788564,-0.0558337367907,1.0000000000000,0.5652689568776,0.2064485622182,0.0708670357717,-0.0265151056056,0.1670318114719,-0.0661845897956,0.2586225073433,0.2597441424341,0.0216576513075,-0.0801108497283,0.0063735073537,0.2236290772142,0.0769666886301,0.1157960946141,0.3710163844185,0.4742930695214,0.2476272147800,0.2497665850309,0.0701275812818,0.0296578339346,0.1987812860496,0.2609380459061,-0.1057260798493,0.2043496843469,-0.0749067686182,-0.0647592443887,0.3479255527868,0.2322202130232,0.0577053520806,0.0684191296425,0.1669695339568,0.0839911228639,0.2400943574822,-0.1341507388771,0.3175185418352,0.3250502584578,0.5649327703378,0.4915659805268,0.2469894878477,0.0724145263082,0.0486347681476,-0.0110523416731,-0.1558829660926,-0.0874988297779,0.1266536435876,-0.0319181323261,-0.0136174074426,0.0180869823708,-0.1225165110240,-0.2439933744734,0.5467009521187,-0.1459541412882,0.0677681558023,-0.0159447482288,0.2036314635922,-0.0797248765132,0.2561475355280,0.0123220202528,-0.1318803635836,0.2507528037915,0.1515062938813,0.1373323086718,-0.1132306369841,-0.0822647946952,0.2177524911129,0.0668983040192,-0.0039111280570,-0.1428900047140,0.0977140453444,-0.1096644664414,0.1086540990390,-0.2227652855409,-0.1433406103252,0.1331810668037,-0.0762006018756,0.0949399497699,-0.1621937513192,-0.4455042754056,0.2717250028611,-0.0740772722457,-0.2203686365555,-0.1741976269840,0.2826653468597,0.1298616802814,0.0826650084681,-0.0068454892327
0.3405143429360,0.4247492530530,0.3364496031414,0.4670451821639,0.3500137813400,0.3659892211072,0.2723967835028,0.2218902736633,0.1219087679104,0.5102543999766,0.2270406370541,0.2194591957081,0.1818212105225,0.5652689568776,1.0000000000000,0.2568009673129,0.2826666853821,-0.0258898419618,0.2866450713683,0.1444276572647,0.3540056306164,0.4688202417597,0.1497824216579,0.2247077185236,0.0951716155257,0.1373679808702,0.1162085444118,0.2129934437167,0.3253068959580,0.2181958948783,0.3533430840139,0.2865022681920,0.2604776372565,0.2229204681377,0.2373521020706,0.2985974196806,0.1085209137701,0.3449106879977,0.2581559460614,0.2554814785188,0.5146572758232,0.3495385989377,0.4300636766135,0.2092626808610,0.2291846418660,0.2014767680760,0.4321764285277,0.2544597948070,0.3229868764049,0.6171018272836,0.2886008417822,0.2309065990080,0.2703898893320,0.2015153209354,0.2843136001287,0.1462709435085,-0.1424135721462,0.0625484642851,0.1221237096492,0.1212120153543,-0.0376668439715,0.1103470384739,-0.1411253912688,-0.1544718351489,0.2795753518364,0.2305352537643,0.1340848045398,0.0143645277529,0.2661377393711,0.0025984445840,0.0768318485349,-0.0116876353171,0.0172827119664,0.3055905751513,-0.0956132064931,-0.0963034068579,-0.1719409073003,-0.0205023083803,0.0472329733065,0.1475338235698,-0.0214467874776,-0.0545869679671,-0.1607730036882,0.0266524587152,-0.1308358599489,-0.0651984520275,0.0166558974592,0.2658336140018,0.0354143398654,0.1358319557867,0.1623858739254,-0.2480018771055,0.3314966522362,-0.1837776653252,-0.3072252149285,0.1059580556026,0.0548627694786,0.0821789816396,0.0906253378558,-0.0015853018892
0.2972565816302,0.2977370499577,0.3943932128491,0.7948799230176,0.2800229120654,0.3989818046005,0.7279650665981,0.5503266287752,0.4564106516747,0.3398339426815,0.2370432207656,0.1321924457706,0.3720269260284,0.2064485622182,0.2568009673129,1.0000000000000,0.5695546012324,0.2629227280917,0.7883882963468,0.6091823718512,0.4076911039140,0.0033941927852,-0.0860167973297,0.4666358563050,0.1849598337016,-0.0271182314399,0.2651791568906,-0.3395242954973,-0.1352994543258,-0.1059800037336,0.7051616986002,0.1848626467684,0.3561957565188,0.1223368172724,0.6993716744257,0.6613002769167,0.1259179703978,0.1382077024887,0.3313229945081,0.1589520281883,0.0944506864936,0.2491856303937,0.6185495287322,-0.1403066491121,0.0607588840578,-0.2857676293522,0.2406016577514,0.1686430357598,-0.0898291309793,0.4762659737222,0.3566025844999,0.2742381786554,0.7206860855967,0.4864453018484,0.4383908405274,0.6541481368919,-0.0922675392626,0.4282916281643,0.6822932800256,0.5283441849197,0.0371419421975,0.3126594879531,-0.2378824075927,0.1250175881036,-0.0331273408223,0.0003878991863,0.8334818291564,0.1812319355805,0.6866756318692,0.3787845567478,0.2057482426855,-0.1798688106828,0.3845454329796,0.2060350694224,-0.0535568190287,-0.1703555431479,-0.1109852834615,-0.2374791664045,-0.2852539429267,0.6074343242091,0.0865546793217,0.0459435396306,-0.5410213141193,0.3539747627717,-0.2798655166274,-0.1256568146951,-0.0801927606273,0.6210627240606,-0.1724612327931,-0.0941363176050,0.0714915950153,-0.2726047642750,-0.0472632895540,-0.5892801507400,-0.5212920317039,0.2398812001570,-0.2305911611317,0.3659332630455,0.1372095459395,-0.1940702241960
0.2039078062290,-0.1400520071187,0.2991898977892,0.4694860459875,0.4231688481795,0.5217724528257,0.4636240608245,0.6552445097856,0.5194685880840,0.5615442968622,0.6067588577060,0.5053436031462,0.7274658165737,0.0708670357717,0.2826666853821,0.5695546012324,1.0000000000000,0.5912537564966,0.5891606394730,0.6872158751404,0.6490959860357,0.4462961288726,0.3314070300154,0.5990066797392,0.1381217744928,0.0779631836238,0.4310341127945,-0.1775728140454,-0.0104522401574,-0.1432004233401,0.7333810156033,0.4109728673695,0.7652546734075,0.1056417444027,0.3264752170773,0.2604765332109,0.3692866282647,0.3233928487049,0.2625308225603,0.2499211572295,0.2709316068274,0.4022329744870,0.4495848963565,-0.2473578301495,0.1462927597351,0.0526898739525,0.4285363216187,0.2646941080945,0.0118246161398,0.4739926139262,0.1920607059273,-0.1241288903890,0.2599854757179,0.3628670830048,0.3975599285342,0.3058036778379,0.2081412846167,0.4464115750842,0.5607299525835,0.5407991767555,0.0450076852149,0.5760226576060,0.1062319233820,0.4308632157128,-0.3219957355361,-0.0300437146462,0.3568539676356,0.6421323400372,0.3231352358610,0.5455401131567,0.3886911456111,0.1974089198052,0.4235818135360,0.2559540220215,-0.0615187279573,-0.3501802471719,0.0695704828003,-0.2616720511989,-0.2397057062055,0.6616365220471,0.0882715617931,0.4691569935314,-0.5059422536529,-0.0468929313941,-0.2449942493729,-0.0814997574341,0.1269034274400,0.2457173737694,-0.1932216704554,-0.0448009692972,0.1543865198301,-0.1015664450455,-0.1950316464497,-0.3497133823080,-0.4623560922434,0.2754117937626,-0.2307724610541,0.2781291325171,0.0971810477625,-0.1501870973693
0.2184813231216,-0.2119478830104,-0.0391670723237,0.0929712818631,0.2008902976319,0.2959037720904,0.1889573931492,0.4191311574638,0.2485829656335,0.2482661822961,0.6110849050544,0.6037178196063,0.3657673759143,-0.0265151056056,-0.0258898419618,0.2629227280917,0.5912537564966,1.0000000000000,0.1848999773514,0.4909211201385,0.3742663762678,0.2205452599203,0.5471104200314,0.4474077573957,-0.2628202270651,0.2693936757058,0.3179666043045,-0.2746762012744,-0.0107209457860,-0.0079280174525,0.4047273016214,0.4982678830078,0.4976811152843,-0.0162507178609,0.1423800111583,-0.1841336222475,0.4612721770417,0.2284971279144,0.2320525269298,0.1055631304042,0.1813902778876,0.3767083066314,-0.0001271028072,-0.2790596188743,0.0347425930036,0.1150123284084,0.2602163497329,0.2704874131874,-0.1296377290845,0.2110139188604,0.0635153612544,-0.2889062120440,-0.0492219095158,0.1266756638460,0.1338111926256,-0.0751579486304,0.4193934576922,0.2251607737392,0.3847744353909,0.1796162595644,0.0124963218371,0.5169404092319,0.3163102392351,0.3332946198932,-0.2688167203634,-0.1498519271469,-0.0377295173493,0.8234404597781,-0.1857218623766,0.5760896075169,0.3620373347417,0.3734568633014,0.5125607321640,-0.1557707957914,0.0849109774445,0.0425600503367,0.2758662418230,-0.3716077245886,-0.0764475482217,0.5623717949287,0.2036387524006,0.4733033303989,-0.2359077278763,-0.3148933883594,0.2026622916553,-0.0287497170612,0.3779768375288,-0.0989218399464,-0.1581298132750,-0.0157635840771,0.1716963514508,0.0317404122982,-0.2492144281567,0.0387878584006,-0.1714118604893,0.2653142813073,-0.2022155352638,0.0749413655073,0.1849481336217,0.0476467217288
0.2042192142725,0.2038084446731,0.3255510542888,0.6652541312886,0.2142307263674,0.3963196430903,0.6430735515276,0.6317231932365,0.5812691232442,0.3852109212125,0.2392843425684,0.1006191178435,0.3499337035531,0.1670318114719,0.2866450713683,0.7883882963468,0.5891606394730,0.1848999773514,1.0000000000000,0.5736911565976,0.3995573432006,0.1724480703455,-0.0607388738389,0.3138687650778,0.2902491263647,-0.1634363413756,0.1685433788168,-0.1295958614854,-0.0400901882505,-0.1188387419803,0.6079407631000,0.0798837084470,0.3834604325305,0.1648453639216,0.5126839212564,0.6136842551838,0.0374199903684,0.0691155684875,0.1641930070977,0.1886632582163,0.1398422009350,0.1928762364898,0.5839425003624,-0.1258906099239,0.1069750089892,-0.2026761266362,0.2970649458422,0.0580118967646,-0.0923665391788,0.3985630775263,0.2601817332812,0.1171200391522,0.5462704059079,0.3691835562616,0.4097638497629,0.5589394869953,-0.0642217404422,0.4666228476190,0.6326395262940,0.5827285866749,0.1023981969097,0.2843044444981,-0.1458387914199,0.0404570390408,-0.0151368915635,0.0580446315238,0.7302371777088,0.1674305354900,0.7464021178417,0.2961683627018,0.1875370762646,-0.1174726820423,0.2158066085616,0.3248705814402,-0.0038894640542,-0.3937502211666,-0.1844060650488,-0.0136351625654,-0.1700050632190,0.4971746503041,-0.1120375155463,0.0500794351028,-0.4373447760693,0.2972701411188,-0.4001208497539,-0.0125250789972,-0.1655205958593,0.4325267518437,-0.1751072756139,-0.1378681854806,0.0089176865584,-0.1357894141314,-0.0868243742492,-0.5145712895953,-0.4176617404261,0.1219245341984,-0.1652763968322,0.3949538627264,0.1302747872814,-0.2397373273288
0.1852157434536,-0.1318654981074,0.1754740121632,0.4260656354836,0.2380287357178,0.4312228390280,0.3870933009561,0.6295529959294,0.5632514816935,0.4154313856642,0.5617691039743,0.4442851025134,0.4885435768748,-0.0661845897956,0.1444276572647,0.6091823718512,0.6872158751404,0.4909211201385,0.5736911565976,1.0000000000000,0.5332135935712,0.2260669579703,0.3700012259156,0.6561924311437,0.1963753004479,0.1251227976150,0.4774738784072,-0.1653203588366,-0.1368261017681,-0.1630880659972,0.6473443845510,0.4026148483552,0.6220835567881,0.0616693008836,0.3576923497524,0.2769373672951,0.3878533788333,0.3916862445683,0.2429811347865,0.2755699639220,0.1890391458754,0.3149624300170,0.4497016655148,-0.2398457806504,0.1834415404045,0.0065812849027,0.4112577123442,0.3204918533127,-0.1390827003390,0.3947630199680,0.0932128347107,-0.1807757930554,0.2503716604609,0.3147948883643,0.2973092301613,0.2401784404743,0.2318330904912,0.5058874219760,0.5713341909538,0.5675890095019,0.0563990138854,0.5124232811502,0.0790548661728,0.3119430064803,-0.3884912055877,0.0431526519290,0.4404820372737,0.4787554170359,0.3651906282958,0.7769673265017,0.2382252347006,0.1892491393505,0.5573932191718,0.3005664269384,0.0082949527233,-0.2162453172155,0.1850977525671,-0.1261727415117,-0.3174386177892,0.6521873274427,0.1289800104164,0.3931647476725,-0.5373760512537,0.0924497553615,-0.1681166813303,-0.0246386450889,0.2154259334309,0.2618563898937,-0.1482675845917,0.0870746884375,0.1080697008524,-0.0527727204317,-0.1823139492565,-0.3053822428798,-0.4183405924148,0.3723387777454,-0.2934255798142,0.3255286026860,0.1467753951594,-0.0959454873758
0.2282223446897,-0.0351259169755,0.1326867491777,0.2640066547292,0.3362025851871,0.2280990831026,0.2047121821819,0.3885116370282,0.2928785715719,0.4934183692425,0.5428877141402,0.5993225812091,0.4732741667686,0.2586225073433,0.3540056306164,0.4076911039140,0.6490959860357,0.3742663762678,0.3995573432006,0.5332135935712,1.0000000000000,0.4555702279226,0.4572629820010,0.5009952409569,0.0400310778314,0.2919253481221,0.4552482696706,0.0119303078833,0.1913967307137,0.0786588974917,0.6794014857899,0.4714710990230,0.5195090942286,0.0783572021330,0.4389023419032,0.2604059796920,0.4388701654697,0.3602503094603,0.1317228163319,0.1710469574129,0.3489811423330,0.3981502905338,0.4722026870110,-0.2086693864177,0.2388175789444,0.1975358491501,0.5081111322089,0.1105229177077,0.0992894246955,0.5373063674150,0.2406061167388,0.0267694657397,0.0253238145431,0.0761833144084,0.1087511764554,0.0207453225140,0.2072472194351,0.2006590274210,0.3486146298256,0.2824544754148,-0.0326485416299,0.4318463019044,0.2176963791352,0.2213781518799,-0.1771351468521,-0.0513531571213,0.1577171722089,0.3762488424961,0.2209476899684,0.4531634444822,0.5151379470011,0.3455318272164,0.4558284772273,0.3105369634729,0.2122762720810,-0.1401697760075,0.1836886334816,-0.1499988081745,-0.0034725184701,0.4649476071818,0.0451173163767,0.3996092346087,-0.1973056960373,-0.0409267243956,-0.0768117060679,-0.1456950397139,0.2656589127449,0.2986383977510,0.0353498666395,0.0868495190497,0.1183384512897,-0.2344756845593,-0.0067038680910,-0.1930469674480,-0.3245146845627,0.1138382550434,-0.1243785221450,0.1520086121960,0.1061262308919,0.1117530869709
0.1908762833073,-0.0209732120854,0.0820631416478,0.1371839797115,0.3456859633145,0.3689961235645,0.1014650717882,0.3275656169198,0.3119924571487,0.7559042856464,0.5021129969948,0.4846479515647,0.4342388828031,0.2597441424341,0.4688202417597,0.0033941927852,0.4462961288726,0.2205452599203,0.1724480703455,0.2260669579703,0.4555702279226,1.0000000000000,0.4336622830259,0.2202392558895,0.1584096471688,0.0518601691078,0.1601909616269,0.3664417624093,0.3852823042638,0.1282480132394,0.2330285743529,0.3315003419642,0.4883100516073,0.2025499876827,-0.0017523720515,-0.1102078348545,0.2160861695430,0.2040757371308,-0.1797390771202,0.1502265267400,0.5130052367202,0.4989731776153,0.0726928143489,-0.0545345833635,0.2443064493906,0.5532416414785,0.5334683635468,0.0643211780908,0.2849089137793,0.3887796469563,0.0915346602871,-0.2287139754636,-0.0798593912188,0.0945170385853,0.2265846058004,-0.0871605274458,0.1950698179707,0.2348087885476,0.1544370983092,0.2333988733892,0.3032518493687,0.3584459742671,0.3593041895857,0.1576376788073,-0.0133001844760,-0.0657037991616,-0.1303855463078,0.3573973629446,-0.0059705476346,0.2245607194805,0.2562956928189,0.4897685473499,0.1539324585816,0.3942915398168,-0.0212510811293,-0.2952171024651,-0.0140501600126,0.0519891468040,0.1394504663365,0.1653010702778,-0.1120666091660,0.2863021355837,-0.1103634023969,-0.3729491811084,-0.0665578839063,0.0132485326472,0.0576343857900,-0.1499943242231,-0.1543621551971,0.0237149518764,-0.0964848269772,0.0352140751143,-0.0023491634424,0.1496941482069,-0.0414217254010,-0.0183881656300,0.0402644345828,0.1262710413085,0.1043810294760,0.0493702701566
0.1501552608050,-0.3626907410271,-0.1794174435324,-0.1374948539967,0.0957395221097,0.0753406132992,-0.1731667394984,0.0247370853967,-0.0318290350792,0.2520651471896,0.6902432802766,0.7797840942673,0.2194456584178,0.0216576513075,0.1497824216579,-0.0860167973297,0.3314070300154,0.5471104200314,-0.0607388738389,0.3700012259156,0.4572629820010,0.4336622830259,1.0000000000000,0.3725547305945,-0.2902060349333,0.4584602407934,0.4481746988929,-0.0245981644625,0.0830711596563,-0.0141678208936,0.2936822533494,0.5708144985319,0.5895624182914,0.1508830407703,0.0178038315556,-0.3725218066507,0.5883819349259,0.3368476670899,0.1152715169821,0.1940207700397,0.2963852548816,0.4138239664165,0.0567442600146,-0.2384854920850,0.1297333208623,0.6062046295466,0.5094604195144,0.1962694843490,-0.1345497097903,0.2919194171063,-0.1399035986720,-0.4636049418462,-0.3818216546182,-0.1766500612654,-0.2063135484089,-0.4278323864250,0.2916794108054,-0.0900911002853,-0.0327400115928,-0.1345394486440,-0.0364058311729,0.4522990144399,0.4843061707530,0.2175006186517,-0.3765720450625,0.1091258408881,-0.3149803368279,0.5277032750073,-0.3615329077397,0.5278727991014,0.3093742472039,0.7537790997135,0.3932175381441,0.0048230066817,0.2374988974371,0.1767618968145,0.4782863645427,-0.1559210573166,0.0060448067156,0.3655322605931,0.4241218832464,0.6282230016802,-0.1883091203287,-0.2340288139781,0.2520977466809,0.1587186144189,0.5808677089787,-0.2149026267022,0.2209944506700,0.1954054462834,0.2203594572185,0.1071862374862,-0.0570608199374,0.2700684146011,0.0216911060646,0.1040708372545,-0.2297844445907,-0.0736916068280,0.1076094984559,0.2898114905008
0.2695144106081,-0.1347561640718,0.2044343220776,0.3943122064908,0.3513541839172,0.4484552054052,0.3521179860525,0.4055552822128,0.3570766567585,0.3938406757991,0.6058717232694,0.4812327628247,0.5745946762685,-0.0801108497283,0.2247077185236,0.4666358563050,0.5990066797392,0.4474077573957,0.3138687650778,0.6561924311437,0.5009952409569,0.2202392558895,0.3725547305945,1.0000000000000,-0.0017982012222,0.2002793181946,0.4520636964982,-0.2179290975105,-0.0138927824054,-0.1802995125082,0.6502217190546,0.3453672639156,0.4178553287430,0.0398948650977,0.3825811176664,0.3318215078324,0.5503437670514,0.3211886778250,0.3717622259545,0.1911438394983,0.2845650205942,0.4095625970539,0.3155307150357,-0.3104569336667,-0.0438817175106,0.0256318010942,0.2572402986412,0.4861067369944,-0.0042641406062,0.4621644505929,0.1693234998364,-0.0949013713055,0.2707790378083,0.3758691745833,0.4217384651890,0.2267584884566,0.2631755244882,0.3647267815396,0.4773112088605,0.4490489908139,0.0806114486278,0.5477960983039,0.1512688434246,0.4077343840500,-0.3243672275268,0.1284504525578,0.3328415905307,0.4530410923836,0.2992831775256,0.5955996500378,0.3486137500538,0.2464958015877,0.7713351794421,0.1384689556274,0.0620540322453,-0.0754757420424,0.2342769269903,-0.2652024258778,-0.1706435144038,0.6552741865552,0.1735653832969,0.2708418170675,-0.4082345560388,0.0621810627428,-0.1677967242744,-0.1453208952193,0.4015764004054,0.4583132195726,-0.0129849579059,0.1002072386285,0.2400860883147,-0.1261086556536,-0.1777673420291,-0.2707869736721,-0.3460954106586,0.5382257253440,-0.1788776442967,0.3704576428784,0.3348291428877,0.1753495260646
