1.0000000000000,0.2106147075350,0.5154581306080,0.3501667321637,0.8462460546015,0.3897194069586,0.1377981301173,0.2472339328239,0.1768715549116,0.2218302852486,0.3031506365535,0.2458086595525,0.1648877771129,0.2257586781151,0.3074949720299,0.1156268116607,0.2289262828100,0.3385866846764,0.1335236309739,0.2440859629964,-0.0156081676464,0.0303551896969,0.0337393184634,0.1936445419655,0.1650755959533,-0.2095067527098,0.0331610666807,-0.0576270727165,-0.2031236980143,-0.3224979244692,-0.0657569663727,-0.1222404250184,0.0077785122555,-0.0855378974463,-0.2429696544010,-0.0809010047237,-0.0093109851382,-0.1623182276526,-0.2467362450297,-0.0493420482282,0.0174404026239,0.1507287845327,-0.0900931212814,-0.2273019859337,-0.1788853232736,0.1457367340558,-0.0542778132385,0.1323953267476,0.0358502077253,-0.2018301248530,0.9141106627304,0.7036101227155,0.4439253815690,0.4820581363989,0.5948833779814,0.2510877403657,0.2529515025033,0.4192136734641,0.3141874694949,0.2928533142233,0.2934177292559,0.1891873243291,0.1577081746649,0.1510883629621,0.2940189355222,-0.1071651017547,0.1185876523293,0.4469866812123,0.0711268177281,0.2881099874532,0.2960548339476,0.1210137180988,0.2027572771053,0.2096368245969,0.2317612009383,-0.1209685789036,0.0632694908996,0.0509052299097,-0.3879778235209,0.1936493621822,-0.0294165363919,0.0219690142529,-0.3455992086345,0.0364252186262,-0.1193101970400,-0.0736897926586,-0.1061908856327,-0.1245657749349,-0.0890447364494,-0.1592668179601,-0.1833429865682,-0.0339738367237,-0.1594393420429,0.0104858763952,0.0353603322895,0.0462043696603,-0.1502389577367,0.1702584286998,0.3847457453779,0.0528661998972
0.2106147075350,1.0000000000000,0.1047573734412,0.1656326829887,0.3486634188263,0.2808568115312,0.0892965554291,-0.0640525163576,-0.1970495904648,0.3413052174452,-0.1347694614273,0.1126231817433,0.0791596865808,0.7378298194900,0.4271895835678,-0.0251590809840,0.1216079552721,-0.0372270409768,-0.1445669801912,-0.1071447883858,0.0411976814078,0.2102633689436,0.0152517441882,-0.0241334778569,-0.3431576099611,-0.0117260188128,-0.0158815711206,-0.0374975672496,0.2036175671027,0.3504235385291,0.0103267036183,-0.0029513035594,-0.0020750785303,0.2100346409005,-0.1356845292411,-0.2260786098848,0.0228226129784,-0.2342406822615,-0.1533338353848,0.0619854697477,0.2206381342168,0.0498961245805,-0.1156801319156,-0.0795613953095,-0.0334069181177,-0.0831304686986,0.1458230938420,-0.2444763090424,0.4312346175047,0.0523898050224,0.2092880277487,0.2397960286399,0.1015481622527,0.2085479225601,0.1575019549931,0.2029132774907,-0.1759712274599,-0.1453253768765,-0.2320278310857,-0.1806887666723,0.0306764790746,-0.1945868172287,-0.1327192136115,-0.1923768501018,0.4780099225532,-0.2603374445764,-0.1000315357340,-0.0935383966134,-0.1523716158014,-0.2786519007720,-0.1377581087819,-0.0938820307620,-0.1553456681194,-0.2207283085057,-0.3254579017133,-0.2082587376630,-0.3235997814272,0.0043273209094,0.1961390452336,-0.1332482548342,-0.2181037671900,-0.2463889416183,0.0957523169791,-0.3774115243879,-0.2993476340538,-0.0820720282196,-0.2220969179790,-0.0791776302794,-0.4020277808533,-0.5032523924504,-0.2314106368920,-0.2821425603546,-0.3031689162302,-0.2467829402436,-0.1591690315493,-0.2519915806557,0.3533226242565,0.0022368631536,0.0048768281910,-0.0896850695174
0.5154581306080,0.1047573734412,1.0000000000000,0.6264768582247,0.4964138018808,0.7053030253392,0.5270878016983,0.3226330089375,0.2252060795569,0.1967533707300,0.2322464372245,0.1316249666579,0.4136627514358,0.1920524818855,0.4263566971573,0.2561363330716,0.3355661195728,0.3914906465187,0.0875776481608,0.2986336581146,0.1091547969876,0.0668995337481,0.1268288801265,0.2428504104356,0.2862467751896,0.3876013949934,0.1881734796759,0.2560924285311,-0.1980630130400,-0.1910749404778,0.1578124196881,0.3778714128859,0.1564747257839,-0.0037978125218,0.1321808362516,0.1291724229484,0.1843984942882,0.2830131648729,0.1046374333720,0.0969523706242,0.0474909940397,0.1891534263574,-0.1217488593441,0.1322969120783,0.1010331894343,0.0652686665835,0.0272095411120,0.3332334765092,-0.0117481417715,0.1607845333419,0.4625441727678,0.7325642325383,0.5128549756049,0.7594834454949,0.5170014583328,0.2992922139649,0.3790565236507,0.1613162114959,0.2669860242220,0.2143871542729,0.1556863382669,0.2421127410490,0.3356416041967,0.2854366320211,-0.0359763088662,-0.2376194905614,0.0592260463587,0.4214886755578,-0.0670125437155,0.2095168387136,0.2255480306437,0.1912136507254,0.1966719972415,0.1537071846641,-0.0478256938889,-0.1096060691085,-0.0871517420326,0.0595594498544,-0.2759909279398,0.3239272221764,0.2981630073017,0.3145604996993,-0.2137824769367,-0.2448749775577,0.0955236116741,0.1812573227450,0.0927502094071,0.0505640696651,-0.2953420144025,0.1054861969618,0.0869229561360,0.1813886003622,0.1790601884257,0.3317443458062,0.1119208956626,0.2955808401113,-0.1919739927796,-0.0772549395870,0.2955991089706,0.1137995470769
0.3501667321637,0.1656326829887,0.6264768582247,1.0000000000000,0.3313063503235,0.6076888264384,0.8340438988405,0.3520435543626,0.4042012687273,0.2318469220778,0.3417384842425,0.2491158455424,0.5475699372556,0.0371173257894,0.6841277532843,0.5805308709949,0.5428227618452,0.5824730321899,0.2780132853030,0.4581536296469,0.3626112986331,0.1345031136505,0.1565982764387,0.4703762329680,0.4269933012876,0.3348708282460,0.2546888710025,0.2606604243337,-0.1508715700435,-0.2914831313945,0.4279802038396,0.3098556407750,0.2302592286314,-0.1670145902356,0.3245042838245,0.3032231180147,-0.0208357008957,0.3297670976687,0.0951711697009,0.0360293620918,0.1193265356448,0.2303453730337,0.0512518294201,0.1658952985301,0.1639306443075,0.1635059252330,-0.0015346055361,0.2644313122487,-0.0942478805064,0.2209039045848,0.2768504377500,0.6560674412018,0.7979809828001,0.6245911645510,0.4395584984730,0.7102045260671,0.3526887073778,0.1562824782668,0.4217293982528,0.3522939645352,-0.0257870279174,0.4192081552413,0.2268135780666,0.2143778747806,-0.2123276834370,-0.2446015428047,0.3327533821244,0.5082196867842,0.1569087328931,0.3910462768896,0.3647717476913,0.0800074253763,0.4862093326258,0.2908799365835,0.0064282584909,-0.0608699484624,0.1017598330688,0.0334258297184,-0.1553371487486,0.5809277948173,0.1654040353514,0.3391477099291,-0.2897452765772,-0.1589917152211,0.1252361151642,0.0631030779307,0.0341029154343,0.2629007859750,-0.1361816002609,0.0725464665457,0.1002929393147,0.0508516105109,0.1150290099312,0.2070220207286,0.0890227412651,0.2114646749391,-0.2095589285340,0.1740427767338,0.0649674125497,0.0096629683982
0.8462460546015,0.3486634188263,0.4964138018808,0.3313063503235,1.0000000000000,0.5874336572683,0.1403590999194,0.2013930111134,0.1226199913248,0.3105800838907,0.3421063163479,0.2750024752822,0.2721082238464,0.2895086643782,0.3718838951865,0.1185979857717,0.3483885818120,0.3872366222771,0.0052083410937,0.2081969175019,0.1079032493141,0.1234270943568,0.0892716292628,0.2358897251150,0.1182147484346,-0.1266225182748,0.0295946712814,-0.1077511833071,-0.1253414942797,-0.2570059673864,0.0570017849297,-0.0380385915451,0.1235091418189,-0.0143446963696,-0.1654832856652,-0.1135032019293,0.0788514605724,-0.0879197404349,-0.1637314724472,-0.0468950424936,0.0334992840846,0.0958717646753,-0.1085736125009,-0.1368395722476,-0.1611566455374,0.0864419893161,-0.0146453463547,0.2292004820942,0.2687455799157,-0.0627573529198,0.8726550271279,0.6339873938696,0.3854259407420,0.5417174258555,0.6738346541813,0.1678794357740,0.2526151255213,0.3153875714562,0.1944232591351,0.2331470236820,0.3181931356890,0.2107537186579,0.1836465361471,0.1754715618039,0.3562037992103,-0.0839173977412,-0.0168886778503,0.4432225434907,-0.0556270599366,0.1902578292142,0.2944177320101,0.2029433907108,0.2078939641969,0.1712680631769,0.0718622881702,-0.1220363546606,0.0218992589653,0.0700764507248,-0.3370571486567,0.2212462005817,-0.0376159341600,0.0760341284072,-0.3525415594167,-0.0850225263547,-0.0893586111077,-0.0385391058237,-0.0218959932235,-0.0873928414772,-0.1266980934389,-0.1197121591570,-0.0954215763477,-0.0395444686340,-0.1071628681389,-0.0347091534033,0.0290433280661,0.1464212334285,-0.0319112137043,0.1571463109793,0.2661610297172,0.0265488995103
0.3897194069586,0.2808568115312,0.7053030253392,0.6076888264384,0.5874336572683,1.0000000000000,0.5816981796291,0.1074863381340,0.3040867233823,0.3813543171427,0.4411369775242,0.3549913189808,0.5125695167104,0.2361651956436,0.6307511832684,0.3607015123026,0.5329855801332,0.4638638460571,0.1656638708312,0.3304944513648,0.3993157769612,0.1086996119318,0.3131077005713,0.4357798565590,0.3261179827726,0.3737127784757,0.3900923563657,0.0249522769554,-0.1973093651153,-0.2154733644674,0.4259581640433,0.3671952846362,0.4204701339988,0.0548438087683,0.2931568131892,0.2570780549606,0.2958887076921,0.2879985922130,0.2495649593393,0.0959987162008,0.0461732863536,0.2751457644883,0.0663280445232,0.2485524524331,-0.0063778977944,0.1685019103939,0.1377586293463,0.4998553337710,0.1300199304434,0.3799304821132,0.3759101758008,0.5220172949773,0.5383992963813,0.7987622072422,0.6581746089189,0.4014718849278,0.2423012112221,0.0526704421386,0.2094568469496,0.2781660095881,0.1440459198553,0.4084033909428,0.2590520403160,0.2617283718223,0.0905834928608,-0.0078474994797,0.1404706037473,0.4467912426778,0.0870094835074,0.2758424962526,0.2726854526412,0.1939368163801,0.3642273560404,0.2354865784996,-0.1008384921311,-0.0690379148611,0.0900022874037,-0.0189270811991,-0.3743111955404,0.3952688057469,0.0336577238056,0.2830814480060,-0.3733363923998,-0.1533928301566,-0.0010946648468,-0.0773455746768,0.2372751733856,0.2440819686881,-0.0934829809763,0.0834008975135,0.2168200353052,-0.0629540469224,0.0541545299719,0.0458887786310,-0.0416204198907,0.4492714675119,-0.1887050517107,-0.0789891268709,0.1805338130982,0.1270848503841
0.1377981301173,0.0892965554291,0.5270878016983,0.8340438988405,0.1403590999194,0.5816981796291,1.0000000000000,0.1685836920186,0.4845089586538,0.2056511598657,0.2625178778879,0.1520629099518,0.4845352968215,-0.0144942439611,0.5615307561674,0.6241217427574,0.4932391530865,0.5023842953759,0.3580049202305,0.4829207273155,0.3846965898762,-0.0179213797278,0.1067433262210,0.4933099596926,0.4548636951903,0.3893638865649,0.2960505397971,0.2186757761742,-0.2244372622493,-0.2059374057997,0.5810422241641,0.3195469933152,0.2565187460849,-0.0584549762921,0.5719455631420,0.5417479388778,0.1056586759154,0.4256729315552,0.3859129401320,0.1210722655800,0.0444273517270,0.2150069324152,0.1403659667176,0.2419477033016,0.1703643751447,0.0871687700707,-0.0050605779209,0.3335351450726,-0.1543115062619,0.2154756552510,0.0559127838687,0.4243389289955,0.7199010429436,0.6305844703491,0.4032279631532,0.7660851603675,0.2403582843387,-0.0219963321770,0.4523463666872,0.3583738087794,-0.0837470054056,0.3868872992609,0.2223821381080,0.2350179780281,-0.2738339819225,-0.0636123324088,0.4147934076483,0.5005027930343,0.2521505387328,0.4381398398485,0.3286977936787,-0.0414229020945,0.5227103800216,0.3377110434598,-0.0022518371074,-0.0439682427300,0.0245860328283,0.0140673771865,-0.1775104808657,0.6585628764177,0.0945369609369,0.2739872220447,-0.2141270557141,-0.1004285689364,0.1085667463629,0.0184477404045,0.1304478389361,0.4820757807931,-0.0578049891098,0.1691896805779,0.2897056743888,0.0401178193336,0.0977132696080,0.1973919260874,-0.0548921036020,0.3077135765544,-0.2406620455841,-0.0025501618545,0.1103772771109,0.0489617262671
0.2472339328239,-0.0640525163576,0.3226330089375,0.3520435543626,0.2013930111134,0.1074863381340,0.1685836920186,1.0000000000000,0.4073668424418,0.0959170150795,0.0961239242811,0.0083167925794,0.3698963655622,-0.1083235764100,0.1251159433618,0.4552470672524,0.2976491215423,0.5142995660963,0.3226552675213,0.6610938094434,0.1240691449546,0.1364364222695,-0.0869288152862,0.3866457225387,0.4193489098158,0.1380554970822,0.0624455624883,0.2597861751193,0.0547319658806,-0.0192917435698,0.1021487128793,0.1495859013558,-0.0309602931326,-0.2167710719777,0.1067086748088,0.1639096419923,-0.0016010372334,0.4124224722459,-0.1172486540528,0.0018167812049,0.0876452459474,-0.0012243498953,0.0110305679358,0.0496113586664,0.5997827633460,-0.0239592114299,-0.1099779765403,0.1109068208028,0.0173581031834,-0.0555188548856,0.2774883993704,0.3811564835164,0.1168099837754,0.0920058038090,0.1881035722813,0.0233678811345,0.6009095074893,0.6697776902147,0.5610469137539,0.5305826344546,0.0154251850570,0.1660108381840,0.1216291879728,0.1071662781755,-0.2995836133708,-0.4311725081957,0.1274589276054,0.4282532135692,0.0292811021306,0.3985942475504,0.2502742748991,0.1114336334776,0.3280709940381,0.4417164076703,0.2453177947876,-0.1702547983787,-0.0019472551197,-0.0500311853689,0.1209497799159,0.2733414775900,0.2504686235982,0.2335423945450,-0.0420795636774,0.0382530563170,0.4732075952423,0.1220049170186,-0.0377397969977,0.0549869693829,-0.2513103743321,0.2975070745099,-0.0255911709718,0.1669142539476,0.1468861692472,0.2411397448838,0.2090233720187,0.0787261733245,0.0319009997462,0.2601005588131,-0.1119138043808,-0.2506833788919
0.1768715549116,-0.1970495904648,0.2252060795569,0.4042012687273,0.1226199913248,0.3040867233823,0.4845089586538,0.4073668424418,1.0000000000000,0.2048428807225,0.4064183065468,0.3422206240157,0.3543182329627,-0.2883181355494,0.2387442878739,0.6212271132699,0.3912367519803,0.6195355651017,0.6527951762527,0.7470921383378,0.4382463421817,0.0117542126246,0.1926791666382,0.7477844697734,0.8185641433701,0.1812157487637,0.3866867014102,-0.0042767120661,-0.3197237529324,-0.4229273220547,0.4790945205517,0.0839719949659,0.1539215396235,-0.1954636647416,0.5268211839034,0.6547571704805,0.1848061363776,0.3598892662855,0.1948522177173,0.0314212183579,-0.1702310584329,0.1851737471113,0.1435584671031,0.1355966301218,0.1545187623811,0.2059102776341,-0.1502450103279,0.3291998104021,-0.3147196082799,0.0514330524850,0.1078848211621,0.1651311367189,0.3810319304867,0.2029884533740,0.3333650747871,0.3546520499053,0.3354138894488,0.2548673064081,0.7435901558401,0.8524661789049,0.0626226346662,0.5082311012401,0.2019612512028,0.1685115665629,-0.2849931477313,0.0086965631900,0.3748683914802,0.5278060983023,0.4773723547369,0.7207375802273,0.4619320368448,0.2126753861925,0.7583935067847,0.7904758415312,0.2909536122914,0.1073127809838,0.2437306418598,-0.0931997515155,-0.3188807989085,0.6298621071796,0.0568080387299,0.1739810473650,-0.4417808671510,0.1928568409525,0.2556041784130,-0.1140643187781,0.2789589750116,0.4911789740908,0.1379294311164,0.3530372540061,0.2001774051661,0.0136885940986,0.0565100185320,0.0729581000346,-0.0339860154809,0.3094307514422,-0.3829095711040,0.0247260009709,0.0764211636183,0.0058585449734
0.2218302852486,0.3413052174452,0.1967533707300,0.2318469220778,0.3105800838907,0.3813543171427,0.2056511598657,0.0959170150795,0.2048428807225,1.0000000000000,0.3869582059594,0.5624824225032,0.4630787543323,0.3385519071687,0.2993380226215,0.0691002422630,0.4040051311061,0.1710028679295,0.1137549273131,0.2050604765331,0.5449896883243,0.4609328183489,0.3043264190394,0.3309091281932,0.1535655531763,0.2367621088487,0.3006024609372,0.0837227606379,-0.1082316522398,0.0349396068015,0.0809774174322,0.2742339633192,0.2599810496307,0.0571370719478,0.0948836646794,0.0752375887403,0.2881125597551,-0.0137338150612,-0.1129463214517,0.1213359449287,0.4100083411502,0.3274898072299,-0.0533532089884,0.0567121878618,-0.0445915343753,0.1950070915125,0.2086153901940,0.0989262377178,0.2592920441424,0.1952654329173,0.2540093016860,0.2461644068176,0.1284870175933,0.2724762896969,0.3579276943820,0.1700290868953,0.2365885281050,0.0651926667748,0.1436670216521,0.2090408345059,0.4620987486546,0.3235666662858,0.3375226905210,0.1329584197929,-0.0074711875330,-0.3141281525009,0.0220320227011,0.2586575744075,0.0523261142879,0.1373362360283,0.4347236592575,0.3968448976330,0.2764435239829,0.3424144621619,0.1246434675897,-0.1627144618828,-0.0802931083127,-0.0533523889575,-0.1508940055856,0.1500386360316,0.1040519229111,0.1938609017932,-0.1959024247149,-0.2318545406163,-0.0110309883249,0.1279727127861,0.2287980147741,0.1738653954988,-0.1865704196586,-0.1051099329779,0.0569766459724,-0.0094954739912,0.0297147995749,0.2195736025086,0.2270858784439,0.2664339646204,0.0469600406996,0.2145090418086,0.2872057335070,0.0988911577649
0.3031506365535,-0.1347694614273,0.2322464372245,0.3417384842425,0.3421063163479,0.4411369775242,0.2625178778879,0.0961239242811,0.4064183065468,0.3869582059594,1.0000000000000,0.7094209397475,0.3792198542829,-0.1260613130653,0.3610643609722,0.2071685759273,0.3687795574342,0.3663910322096,0.2168480164406,0.2832751912634,0.5129069904591,0.3032130013414,0.5066071581644,0.3997829644484,0.3948268282824,0.1931047837871,0.4603598162110,-0.0009103799154,-0.0775674592591,-0.3715181244855,0.2403750311330,0.0439361257333,0.3586003714592,-0.1095340836285,0.1906313993823,0.1673511522640,0.1011385152214,0.1125587613219,0.0468596445355,0.1063647785683,-0.0115644337589,0.3145933855482,0.1799517508320,0.1286441614777,-0.0226868163892,0.2723558813725,0.0262575289780,0.5089739364386,0.0206248370805,0.2430749501532,0.2831009078028,0.2766010977741,0.3432229040564,0.3075196847633,0.3164477692520,0.1636999773395,0.2169730127707,0.1740188126607,0.2979255119275,0.4052718089472,0.1850680547450,0.7412158013361,0.2978132326363,0.1959414084861,-0.1108990052420,0.1357439446392,0.0684460797230,0.3702915787249,0.1922761614975,0.3440338561515,0.5124310278501,0.4011852662174,0.4740985836589,0.3986415922032,0.2322113309944,0.1661705740668,0.4690168138540,0.1754281074800,-0.3564618541914,0.2543954063871,-0.1426389138413,0.1636995984800,-0.4868036973565,0.1131107339947,0.1224628924020,-0.2153049677525,0.2836204882621,0.1832963803884,0.2188557138289,0.1849250950232,0.1856496455615,0.1107629252417,0.0004352002355,0.1228202584993,-0.0771883271266,0.4432285646279,-0.2949174061708,0.0669633772122,0.1847473294793,0.0703604986978
0.2458086595525,0.1126231817433,0.1316249666579,0.2491158455424,0.2750024752822,0.3549913189808,0.1520629099518,0.0083167925794,0.3422206240157,0.5624824225032,0.7094209397475,1.0000000000000,0.3913642899963,0.0985446107895,0.3656677539595,0.0787380082550,0.2943081860362,0.2475434650785,0.1774704277667,0.2022769237835,0.4859572207119,0.4921480391424,0.6653030711935,0.3362921054799,0.2707852973644,0.2331570497229,0.4575365643841,-0.0754166102951,0.0036861174090,-0.2555139087186,0.0878938175590,0.0782762656932,0.3464503549892,-0.0238793363180,0.0173552855449,0.0429932179755,0.0954603640470,-0.0832976891774,-0.1458428621256,0.0941185975851,0.0310162973294,0.4368329131668,0.0589417174926,0.0803651644616,-0.1048485784876,0.3190614409214,0.1472116136391,0.2177306911544,0.0289342247921,0.2132989933858,0.2102513956033,0.2002928153785,0.2278675772857,0.1678705606559,0.1552153535811,0.1445870196260,0.1064806397255,0.0956424697404,0.2210304786389,0.3188190770370,0.3370596668253,0.5962416801621,0.3224397271316,0.2093136025926,0.0488235651979,-0.0054239758494,0.0379273429232,0.2416240114596,0.2040302858213,0.2678611745775,0.4511932054361,0.4849908135781,0.3952257451337,0.3347894244447,0.2239904813188,0.2277444455007,0.3621020430339,0.1035846912406,-0.2808681664617,0.0923716823641,-0.1625869179098,0.0354204498449,-0.4888634055048,-0.0188697517351,-0.0165665269582,-0.2293815417003,0.1915187946734,0.0873586818640,0.0931318649585,-0.0103680341831,-0.0104507975333,-0.0652152111240,-0.0799746886084,-0.0548120632096,-0.0987869805003,0.2159447592305,-0.2438415517585,0.0172329319729,0.2844987151189,0.1108950407757
0.1648877771129,0.0791596865808,0.4136627514358,0.5475699372556,0.2721082238464,0.5125695167104,0.4845352968215,0.3698963655622,0.3543182329627,0.4630787543323,0.3792198542829,0.3913642899963,1.0000000000000,-0.0531703088324,0.3372643014649,0.3447121251914,0.7891702167889,0.6241296165909,0.0432633516191,0.4278444547923,0.5522440262513,0.2357863258779,0.1889160994197,0.4697701215863,0.5101994491069,0.4374872734359,0.2456216715342,0.2290213388715,-0.1661455791141,-0.2423708090974,0.4238379156471,0.4969805736879,0.4363083112751,-0.1012657869463,0.2310799117159,0.1385087000656,0.2749201497883,0.4728301680518,0.1217640761565,0.0361383648428,0.1593767996577,0.1585846965859,-0.1218192139777,0.2783742270936,0.1729078035886,0.0801667590913,0.1284079213398,0.2659802291488,-0.0238759482045,0.1950494557281,0.1816157679177,0.4061133131446,0.3766664758588,0.3814217325194,0.3932996093166,0.2304161627337,0.4922476912444,0.1595679738865,0.3098729076974,0.2797030086148,0.1884611719259,0.4597432289477,0.5845667944593,0.5926183399779,-0.3784166754550,-0.3255988723742,0.0021810883878,0.5929028475144,-0.0771783908867,0.2854470169999,0.4757184107935,0.3098083363508,0.4647465318668,0.3960562635576,0.0446436305561,-0.0842749867828,0.0569137695606,0.0246552576439,-0.1293436000427,0.5212456977866,0.3608333030877,0.5681221612389,-0.2868163216344,-0.2492448011848,0.2484720870209,0.2548215715256,0.2479053987976,0.1577058415369,-0.1656027566844,0.2050426128551,0.1794409573027,0.1026923385364,0.3091233710996,0.3366986105446,0.3089251112302,0.2919982380134,-0.1954214218245,0.1981805968782,0.0157286534881,0.0225786977391
0.2257586781151,0.7378298194900,0.1920524818855,0.0371173257894,0.2895086643782,0.2361651956436,-0.0144942439611,-0.1083235764100,-0.2883181355494,0.3385519071687,-0.1260613130653,0.0985446107895,-0.0531703088324,1.0000000000000,0.3512791090084,-0.0791211063849,-0.0207360272819,-0.2054491029709,-0.1327830181707,-0.1812560980785,0.0018121558989,0.1639300987795,0.1210460088505,-0.1282644297720,-0.3901130587015,0.0735886254845,-0.0223206170463,0.0727022431346,0.1948891433349,0.5545358620485,-0.0371313160099,0.1347284144284,0.0540770738555,0.3751561178025,-0.1202217595847,-0.2206643436477,0.0466918212985,-0.1995324910343,-0.1491738832888,0.1066373352602,0.3632636216354,0.2767217109574,0.0424041862588,-0.1028467344299,0.0029024249179,0.0277105047457,0.3452654359353,-0.1639917550715,0.4365540267473,0.1645794266764,0.2648435689650,0.1749893322053,-0.0688042430101,0.2274706875120,0.1022257861826,0.1095488491749,-0.2463418164819,-0.1699721854762,-0.2781184553116,-0.2290553875935,-0.0185974298751,-0.2213421094422,-0.1936392035957,-0.2981681896716,0.4429471632976,-0.2047606921206,-0.1342267913382,-0.2361798694522,-0.1699000044916,-0.3118308902801,-0.2987477696620,-0.0776221844132,-0.3333105924998,-0.3142857749574,-0.2724056304757,-0.1750360326540,-0.3555579157081,0.0305450875210,0.0585823161418,-0.2931238653133,-0.2367468307190,-0.3104189758380,0.0841042725294,-0.2988503818356,-0.2761375627087,-0.0570906164150,-0.2432204046332,-0.1178314895601,-0.3614252589314,-0.4345177606436,-0.2717504380621,-0.2388366992490,-0.3259921859207,-0.1468812424140,-0.1581131569684,-0.2042882650421,0.3168039228037,-0.1257879146730,0.1749217248706,-0.1753006367090
0.3074949720299,0.4271895835678,0.4263566971573,0.6841277532843,0.3718838951865,0.6307511832684,0.5615307561674,0.1251159433618,0.2387442878739,0.2993380226215,0.3610643609722,0.3656677539595,0.3372643014649,0.3512791090084,1.0000000000000,0.4339235595569,0.3953748728502,0.3659664204259,0.1912137022608,0.2962150035599,0.2880659183701,0.1385448469317,0.2731265773796,0.3664297875267,0.1907575058175,0.3240852142737,0.3988822052013,0.0894551860017,-0.0942994491043,-0.0882991080688,0.3726317093014,0.2451270844448,0.2627460228912,0.0591461842386,0.2480996339268,0.2132731248891,0.0537885495249,0.2394698416764,0.1737377345694,0.1088981804112,0.0902136759266,0.3666464270966,0.2630556665771,0.2551708587745,0.0598632223663,0.2432270213566,0.1201441340436,0.3363143087273,0.0990241059281,0.5176676112697,0.2096469324448,0.4799823922318,0.5579832786931,0.5089753597458,0.3768752121466,0.5416626003819,0.0582626883549,0.0375489288213,0.1703346420748,0.2234593391290,-0.0713580623292,0.3668043932312,0.0291089375574,-0.0251411336179,0.0931890894644,-0.0151769041004,0.2434374456154,0.2272088958778,0.1605894684398,0.2177471818780,0.1545828455681,0.0570784902285,0.2840615182735,0.1026562700319,-0.1629978769672,0.0469552803807,0.1751190946501,0.0173412860345,-0.2527155904316,0.2253104971954,-0.1372630202512,0.0532943833552,-0.3423855546586,-0.0983266091377,-0.0755307893526,-0.1773073069042,0.0224998608860,0.2378685065775,-0.0621255646147,-0.0506428563658,0.1019440415544,-0.1036692335290,-0.0366568854328,-0.0627225080252,-0.1574927028458,0.2277920905763,-0.2001428493392,-0.0195531123616,0.0976105746985,-0.0270652849684
0.1156268116607,-0.0251590809840,0.2561363330716,0.5805308709949,0.1185979857717,0.3607015123026,0.6241217427574,0.4552470672524,0.6212271132699,0.0691002422630,0.2071685759273,0.0787380082550,0.3447121251914,-0.0791211063849,0.4339235595569,1.0000000000000,0.4466749430466,0.5543718370268,0.6936310545122,0.6900627037924,0.3592937071088,-0.1618403151294,0.0467384663532,0.6628681450384,0.5646238787105,0.2413317232795,0.3593878342592,0.0481479729197,-0.2453087778242,-0.1527539570413,0.7076480896790,0.2048878194450,0.2601722336559,-0.0926397418558,0.6589964074072,0.7474716221579,0.1545977548829,0.5579439443196,0.3246075791241,-0.0074729452675,-0.1375515995741,0.2010568502379,0.4970177173649,0.2598741708946,0.3075109727150,0.1021224704892,-0.0536498470584,0.3785591519513,-0.1833522943652,0.1940365146906,0.0832214625860,0.2127372722731,0.4278978838926,0.3236240087914,0.2936467550598,0.5790357816697,0.1746093000523,0.2061235514460,0.5947307886760,0.5907255455318,-0.2740649207072,0.2877744515202,-0.0217773757724,0.0550494030488,-0.2745530515140,0.0813482080015,0.6748658857404,0.4113138405145,0.5184281327402,0.5819549904613,0.1708353342728,-0.1229810681237,0.5503130422689,0.4959863892837,0.1765719308401,0.0251897248665,0.2519345944787,-0.1584240807434,-0.2471362580665,0.6052256452638,-0.0027946257055,0.1789837232424,-0.3335717839309,0.3559146491613,0.2131853922420,-0.1075935328027,0.1736730730554,0.6458266807590,0.1105372962125,0.4065337269334,0.2569940262773,-0.1064541977302,0.0644821014918,-0.0319893736895,-0.1203735935269,0.2570828631770,-0.3068506181314,-0.0370471455386,-0.1799462836939,-0.2473740643534
0.2289262828100,0.1216079552721,0.3355661195728,0.5428227618452,0.3483885818120,0.5329855801332,0.4932391530865,0.2976491215423,0.3912367519803,0.4040051311061,0.3687795574342,0.2943081860362,0.7891702167889,-0.0207360272819,0.3953748728502,0.4466749430466,1.0000000000000,0.6984612164565,0.1662796730803,0.4945792548384,0.6717052899849,0.1526300447738,0.1867731878880,0.5794995944924,0.5340513022360,0.2523670015824,0.3311084366666,0.0871559093110,-0.1201966347812,-0.3204070510551,0.6020483718914,0.3280188283017,0.4738318360528,-0.1485294102189,0.2581169776906,0.2142224502978,0.2972256195526,0.4742091490273,0.1246538838386,0.0028530804796,0.0703222616569,0.0260539770074,-0.0085689179988,0.3240278793230,0.0551377463896,0.0710801444516,0.0127058142819,0.2273977699629,0.0537686366402,0.1310964942683,0.2355003970679,0.3788608433862,0.4650225760752,0.4651704215373,0.4079737099517,0.3328135654865,0.3803179193870,0.1568804533236,0.3090818668529,0.3357304442480,0.0865286059453,0.3993594985790,0.3241726889034,0.2993437889915,-0.2689141503825,-0.1967325104753,0.1052513973517,0.6455269228658,0.0770865177972,0.3595157728815,0.4415580916751,0.2001466867736,0.5358286163768,0.4146015618043,0.0602902892471,-0.1513126480893,0.1368062909703,0.0184820785473,-0.2028314598965,0.6037410607430,0.1239136867238,0.4093245268293,-0.4022426077911,-0.1633930712007,0.1049627385593,0.0304535655057,0.2334589670213,0.2007008709847,-0.0923091406278,0.1863990194961,0.1521948675914,-0.0201351651528,0.2006929670775,0.1718440092235,0.1254568728246,0.2389083002335,-0.1721252428861,0.2276623292602,-0.0981206538742,-0.0276501042359
0.3385866846764,-0.0372270409768,0.3914906465187,0.5824730321899,0.3872366222771,0.4638638460571,0.5023842953759,0.5142995660963,0.6195355651017,0.1710028679295,0.3663910322096,0.2475434650785,0.6241296165909,-0.2054491029709,0.3659664204259,0.5543718370268,0.6984612164565,1.0000000000000,0.1944065770562,0.6310308600387,0.3610100336591,0.0409450663119,0.0673342126238,0.7109581161896,0.7213025587680,0.1428594352758,0.2096029515583,0.1595110821884,-0.2225453017824,-0.4456555067409,0.5171963946446,0.1898504807353,0.1598682929297,-0.2503988448708,0.3411952832744,0.2701553447520,0.2868743980034,0.4579635432108,0.2020195551201,0.0345844930354,-0.0573756046512,0.1467650620295,-0.1394992853704,0.1442023393433,0.0506178968861,0.1138153720812,-0.1254134942825,0.3427480884662,-0.1976561926321,0.0413193873138,0.3308691605522,0.4624685222029,0.5682629947757,0.3852042992853,0.5173360702332,0.3304217354784,0.5029923697609,0.3398819165146,0.5584151785010,0.5138741564493,0.1452708639304,0.4186399520493,0.2971749970707,0.3517009086105,-0.2518444448398,-0.1790512892031,0.1665214357398,0.7314758468530,0.0529669058710,0.5236713264913,0.4618925685802,0.1882970829640,0.7105259503458,0.5681060993920,0.1109062561488,-0.0572440839560,0.2001789864129,0.0318801085108,-0.2106572458415,0.7645850717974,0.2365222991193,0.3129748085338,-0.3987628787823,-0.0596889892038,0.1670856328051,0.0414459790402,0.2713243067125,0.2374355059918,-0.0633389876263,0.2554256476812,0.2190664668029,0.1748957255110,0.1685265310269,0.1295595567728,0.1513425051441,0.2932009588993,-0.3097874806718,0.1941304170291,0.0709950693670,0.0413136072104
0.1335236309739,-0.1445669801912,0.0875776481608,0.2780132853030,0.0052083410937,0.1656638708312,0.3580049202305,0.3226552675213,0.6527951762527,0.1137549273131,0.2168480164406,0.1774704277667,0.0432633516191,-0.1327830181707,0.1912137022608,0.6936310545122,0.1662796730803,0.1944065770562,1.0000000000000,0.6548432546538,0.3038959050486,-0.1336396579575,0.1184548963928,0.5295250159921,0.4649268661499,0.0623793083833,0.4301419138479,-0.1404087072861,-0.2738920641113,-0.1578106601711,0.4077728348712,-0.0366480717227,0.1399952933652,-0.0490492087565,0.4159244332799,0.7678507363858,0.0035692501882,0.2116989580767,0.0747614422082,-0.0071569663179,-0.1177542261215,0.1927582748135,0.5408092584133,0.1417406920654,0.2238656725329,0.2537403394781,-0.0589342651387,0.2132568260398,-0.2239003524789,0.0469615887111,0.0686417076805,0.0196422251657,0.1684055254162,0.1561088756541,0.1886470339624,0.4639916158102,0.0140396492674,0.2609292104837,0.5929092450019,0.7189096110420,-0.1876359449554,0.2702889184661,-0.1137766614698,-0.1103945233699,-0.2055671630366,0.1599305702494,0.7388915986613,0.2399800953407,0.8500950654066,0.6608093250334,0.1551707033191,-0.0920739421805,0.4568737638346,0.5486390442814,0.3506829481230,0.0897583648071,0.3300726356094,-0.2519961562488,-0.3561586663225,0.3133252995673,-0.2111331679117,-0.0280025804040,-0.3536988151423,0.5286985096934,0.1158820451794,-0.3029290279957,0.0717730929209,0.5399882932810,0.2300344419936,0.2691745809622,0.0563217350610,-0.2434875702448,-0.0968209469201,-0.1504346977641,-0.1886224241213,0.1425933850670,-0.2882808967641,-0.0588410292111,-0.0533087511955,-0.2198356453077
0.2440859629964,-0.1071447883858,0.2986336581146,0.4581536296469,0.2081969175019,0.3304944513648,0.4829207273155,0.6610938094434,0.7470921383378,0.2050604765331,0.2832751912634,0.2022769237835,0.4278444547923,-0.1812560980785,0.2962150035599,0.6900627037924,0.4945792548384,0.6310308600387,0.6548432546538,1.0000000000000,0.4255951084329,-0.0666333578945,0.0887181356660,0.7203135304264,0.7530053964616,0.1842334621086,0.3964190209604,0.0497336609709,-0.2720173928518,-0.2264592997757,0.5087176163607,0.1669701671023,0.2576055301882,-0.1755700417402,0.4331802811106,0.5921983851511,0.1622246103977,0.5513955668477,0.1485585748612,0.0167281502104,-0.0553788997803,0.2213786583159,0.2641138881176,0.1793512466625,0.4482840002758,0.1363924813048,-0.0500593898072,0.3129829227389,-0.2348495732700,0.0366263572002,0.1981562458990,0.2542021206634,0.3288920191031,0.3048866360741,0.3943072480098,0.3886832894111,0.4348031548020,0.5185263861082,0.7397737852713,0.7884248436134,-0.0568270914936,0.3798086997460,0.0967180068158,0.1294358580927,-0.2877650760602,-0.0871939318125,0.4384616567327,0.6004088904804,0.4175802774855,0.8127109822199,0.3591280204724,0.0160599131061,0.6539726619598,0.7797177487911,0.3805471349311,-0.0107118690946,0.2222188804307,-0.1660139643779,-0.2341193264642,0.5700119724204,0.0246382475779,0.1992906971727,-0.3212187427157,0.2692101325310,0.3893470979842,-0.1736631642346,0.1571917516153,0.4330208968810,0.0470077528839,0.4320707316287,0.1564465600902,-0.0696283851454,0.0200664063590,0.0488190560725,-0.0083820471917,0.2648577458045,-0.2934350764033,0.0990671254346,0.0275092827628,-0.1632587476720
-0.0156081676464,0.0411976814078,0.1091547969876,0.3626112986331,0.1079032493141,0.3993157769612,0.3846965898762,0.1240691449546,0.4382463421817,0.5449896883243,0.5129069904591,0.4859572207119,0.5522440262513,0.0018121558989,0.2880659183701,0.3592937071088,0.6717052899849,0.3610100336591,0.3038959050486,0.4255951084329,1.0000000000000,0.3088960198658,0.3900838477865,0.6183779444686,0.4586200794209,0.3016297878485,0.3507883596077,-0.0747484989734,-0.0274093191832,-0.1464006955115,0.5913930652249,0.2349064976513,0.4345762829750,-0.1470715820449,0.4108779369647,0.3778425038984,0.2763170026328,0.3298605626229,0.1083814575721,-0.1022203207221,0.0624871301979,0.1880810748944,0.2575219800676,0.1710041813121,0.1037230150206,0.0691054425153,0.0687558103179,0.2775713377143,0.0812682916920,0.2792550508821,0.0007686409913,0.0426441192559,0.1862591971254,0.2609496267291,0.2258821069512,0.2573974724509,0.2142290370056,-0.0154063022127,0.2639521464403,0.3968485420513,0.0443916100326,0.4979772999060,0.2185111531866,0.1108064504181,-0.2648805576333,-0.0589580543543,0.0797268320961,0.3603728468633,0.2236106997889,0.3183582402491,0.4628168269843,0.2778654316807,0.5386638114947,0.4608850868498,0.1964931747783,0.0287413280431,0.1148835243179,-0.0797580472252,-0.1869418991439,0.4002551233321,-0.1073087708932,0.2421100554907,-0.3835055930058,-0.0207427446729,0.2123848058069,-0.1259510548737,0.3818639750086,0.4242562329090,0.1289022889304,0.2378559583929,0.2716749198070,-0.1845304668373,-0.0047441976969,0.0734157748873,-0.0157285463728,0.3785317673784,-0.1147231571487,0.0837670475322,-0.0750963118439,-0.0174709943333
0.0303551896969,0.2102633689436,0.0668995337481,0.1345031136505,0.1234270943568,0.1086996119318,-0.0179213797278,0.1364364222695,0.0117542126246,0.4609328183489,0.3032130013414,0.4921480391424,0.2357863258779,0.1639300987795,0.1385448469317,-0.1618403151294,0.1526300447738,0.0409450663119,-0.1336396579575,-0.0666333578945,0.3088960198658,1.0000000000000,0.4889776685637,0.0414889647538,-0.0026217507120,0.1593324746555,0.1932322875547,0.0826601516010,0.4236002361867,-0.0206924145951,-0.1259969786778,0.1245806490140,0.1561546108761,-0.0637834224653,-0.1389210219406,-0.2222893761989,-0.0690603583915,-0.1035601029228,-0.3360240872598,0.0179223022921,0.3197227043895,0.0210817686484,-0.2053068475022,0.0251257669712,0.0182587514380,0.2012545115795,0.1332812108680,-0.1676463509226,0.4902358329505,0.1243153600629,0.0381214549501,0.2187351808085,0.0639968143615,-0.0377810905568,-0.1570920599982,-0.1330949289520,0.3219284588823,0.1184776065019,0.0184398444392,0.0595428918428,0.3552838276980,0.3617649090775,0.2271500242901,0.0669193639885,-0.0194516341318,-0.3217097347039,-0.2437899815839,0.0862005061279,-0.1362184736464,-0.0693737599420,0.3535443171594,0.5541912614702,0.1364266045715,0.0897598105183,0.0817906547692,-0.1083566557396,-0.0174346704063,0.0930081300268,0.1524100251170,-0.0338369631471,0.0707044685229,0.1690357736919,-0.1138966969589,-0.3090002492253,0.1354521610567,0.0627608414234,0.0479947881830,-0.1436423612597,-0.1962708449527,-0.0789096760508,-0.1525255441421,0.0009751396428,0.0697025551950,0.2192135675826,0.1617484938026,0.0097297086665,0.3067605348330,0.3580271589861,0.0100585377165,0.0937553273607
0.0337393184634,0.0152517441882,0.1268288801265,0.1565982764387,0.0892716292628,0.3131077005713,0.1067433262210,-0.0869288152862,0.1926791666382,0.3043264190394,0.5066071581644,0.6653030711935,0.1889160994197,0.1210460088505,0.2731265773796,0.0467384663532,0.1867731878880,0.0673342126238,0.1184548963928,0.0887181356660,0.3900838477865,0.4889776685637,1.0000000000000,0.1532183217571,0.2331637069714,0.4247142333024,0.5298960907723,-0.0122672017945,0.0776152853760,-0.1182136693137,0.2115919556039,0.3393222380127,0.5798421448139,0.3141882690544,0.0936701197238,0.0993435440049,0.0441703063212,0.0942420710700,-0.0135647204899,0.2094897711943,0.1557236951561,0.4415003703809,0.2176266806259,0.3261029699255,0.0445130763679,0.4909815972071,0.4918264983683,0.2061225029827,0.1459120797660,0.3521446654237,-0.0053942073571,-0.0004249180714,0.0697065059292,0.0776220095446,-0.1119858439864,0.0343157443771,0.0389925152173,-0.0682143557375,0.0368596166923,0.1740967228462,-0.0177681272547,0.3922052656510,0.0570649140406,-0.0509779213923,-0.0274246575218,0.1399797976372,-0.0335010237339,0.0280381072703,0.1379422086072,0.1571176701903,0.1150673735419,0.4516748218486,0.1601562395170,0.1490303917666,0.0522312170168,0.1935199575132,0.3668350687413,0.1029265194180,-0.3105355673429,-0.0086402603149,-0.1562393402633,0.1044313213090,-0.3534661764083,0.0119009068889,0.0560860724486,-0.2056205536378,0.1475534770167,0.0440684618477,0.1208990452819,0.0876454138230,-0.0185842816922,-0.0256324781755,0.0343784381735,0.0049602073676,-0.1706324892318,0.1347353352059,-0.1404928148362,-0.1116327275221,0.1087062771473,0.0027607056248
0.1936445419655,-0.0241334778569,0.2428504104356,0.4703762329680,0.2358897251150,0.4357798565590,0.4933099596926,0.3866457225387,0.7477844697734,0.3309091281932,0.3997829644484,0.3362921054799,0.4697701215863,-0.1282644297720,0.3664297875267,0.6628681450384,0.5794995944924,0.7109581161896,0.5295250159921,0.7203135304264,0.6183779444686,0.0414889647538,0.1532183217571,1.0000000000000,0.7047208205883,0.1731186281877,0.3851748887883,0.0048071913062,-0.2066393334768,-0.2869236993789,0.6126554237049,0.0701928074759,0.1438128609842,-0.2073877558937,0.5946415061799,0.6105801550025,0.4293375371522,0.4267142260654,0.2827732007034,0.0334147344743,-0.0496237352927,0.2409104408945,0.2109433324034,0.1657872172010,0.0967907056336,0.1483864482777,-0.1192355103473,0.4169479434572,-0.1506794400043,0.1561441776403,0.1717103437343,0.1851712669767,0.3981960556398,0.3349646797850,0.4791293919557,0.4730760540574,0.3436856966877,0.2669175077207,0.6411015064829,0.7136655039321,0.0058049537473,0.4654888348339,0.0682709252216,0.0967459096755,-0.2452714794168,-0.0202738009050,0.4052739644124,0.5774837239803,0.4351523270993,0.6244832969405,0.4022462094739,0.1142725250800,0.8328673998252,0.6524265795720,0.2461114799668,0.0517100244178,0.2253944801898,-0.0639859294740,-0.3020080309235,0.6514919449421,-0.0742252825233,0.1199011770730,-0.4502984938518,0.1629646140959,0.2103644484616,-0.1803641245175,0.4696853561647,0.6120605522703,0.1417948243556,0.3586588016888,0.3858664682291,-0.0238247658223,0.0315463640242,-0.0404562678494,-0.0520620191072,0.4232254304123,-0.2917014504767,0.0786264556901,0.0070860380424,-0.0418138721255
