1.0000000000000,0.6057777797117,0.6407760261260,0.4427502913329,0.8651195702023,0.7252587403004,0.4280860954942,0.2281064728785,0.4593514079870,0.2715120013526,0.1668435756496,0.3054619320501,0.2986992728891,0.7355346996484,0.2601518816855,0.1537432927050,0.2225429051820,0.3944695157609,0.1467381846211,0.0528397437658,-0.0359036008584,0.0436713077681,-0.2089582736408,0.3491395700675,0.0298769357172,-0.1174877872185,-0.1870707782296,0.1993205964090,-0.1501795898128,-0.3293309657066,-0.0687386349397,-0.2568398819937,-0.1805853527704,-0.3864839884979,0.4004153836363,0.4386395254366,-0.0813357604449,-0.2350623887152,-0.0163732045734,-0.2677477203385,0.0975334831920,0.2475138180305,-0.5481169055029,-0.2151800949664,-0.1650834471267,-0.3834545310187,-0.3260159245187,0.4036584933065,0.4859775307124,-0.0440252651877,0.8349719755433,0.5937151772673,0.5867826417854,0.6616239921867,0.7110816209966,0.5754329475370,0.2180264202442,0.4421794171931,0.4531343697662,0.3600665390069,0.4580744098733,0.2485317984102,0.4231517638876,0.4480554848708,0.5177388458332,0.2094230370418,-0.0337353929741,0.5455768931838,0.1269190693184,0.1418352449333,0.5223105058218,-0.0021081895363,0.4853706291875,-0.0807573687077,0.1265677221745,-0.0061668271292,-0.2099617305656,-0.0778804737912,-0.0789425772320,0.1506868962084,-0.1132664348247,0.0747723162957,-0.1968926043067,-0.2415956693461,-0.2965461380179,-0.2944534594008,-0.0961166189443,0.1098158444212,-0.2740779832190,-0.1327467233872,0.0766916239910,-0.4372570387605,-0.1638563526837,-0.2263157847055,-0.3318124117168,0.5020579425764,0.6547212016592,0.0962580304819,0.1230900330657,0.1671479380016
0.6057777797117,1.0000000000000,0.5413178366385,0.4510002188950,0.5255032856866,0.4766650500589,0.4292404357232,0.1981393334311,0.2055284527162,0.2291836254471,-0.0986721425030,-0.0285162501258,0.2064738460629,0.5899890173608,0.2293520052884,0.0534713264205,0.0468515676317,0.0770243876536,0.2221312840114,-0.0642454583781,-0.1457368983124,-0.0391686772739,-0.3180161990594,-0.0553663358080,-0.0824500443393,-0.1328244404694,-0.2205446133354,0.2137593038260,0.2418884980182,0.1522075371332,-0.1054935062141,-0.1097128817331,-0.3131766526530,-0.1401307958174,0.1063438658134,0.1549204117101,-0.1896848616236,-0.1022357863367,-0.1432057768835,-0.1484695585985,0.2797323200491,-0.0319885810365,-0.3324575853188,-0.0925565128437,-0.1268974564927,-0.1454014266597,-0.2037009086845,0.1293687296518,0.2200560212546,-0.0672750606829,0.4180056741078,0.5953363610899,0.3043321257413,0.4004089792979,0.4720206830005,0.3307191262827,0.0994644257243,0.3310780663265,0.3878762914542,0.2829120522405,0.2498329269358,-0.0973973535343,-0.0038643043354,0.1615212065319,0.3198890876038,-0.0387587936090,-0.1155271066140,0.2550369305862,0.1294960916054,0.0214079914828,0.2466489190381,-0.3240372554837,0.0960656427165,-0.0598842148491,-0.0895333973317,-0.2113475043909,-0.2756278183468,0.1339560167241,0.2754622636504,0.1050862390288,-0.2241990140602,-0.1625342869900,-0.0253150622158,-0.3608479572535,-0.2929622578448,-0.1229034987063,-0.1897630890915,-0.0443803158788,-0.3706743066927,-0.2144302126699,-0.1203384089249,-0.2094322690491,-0.1135101510667,-0.0599234976061,-0.2223586396667,0.2371985180208,0.4253378045481,0.2708758420118,0.0022971587824,-0.1534184904439
0.6407760261260,0.5413178366385,1.0000000000000,0.3622412984434,0.6622725607692,0.7637607410175,0.6292331257583,0.2774189161775,0.3528958247329,0.3286003152817,0.0114195021968,0.0527609655515,0.3434939184866,0.3233517988640,-0.1385098146118,0.2063127140871,0.1334768565374,0.0791298724721,0.2418269273850,0.3226570119530,-0.0630629457471,0.1235949118748,-0.1134368534843,0.0156682033620,0.1663420674993,0.2908116504224,0.2178662055239,0.2715461629044,-0.0245013474148,-0.0759933366553,0.1903285492157,0.1639560009481,-0.0999391229473,-0.0929086253269,0.1346044918952,0.4091580407122,0.1349363898033,0.2755647874771,0.0561698138882,0.0281055778491,0.3178523224797,0.1056164614285,-0.1585917221035,0.1849596941918,0.2137338519500,0.0620672888902,0.0243705275899,0.3890021348759,0.1858665254047,-0.0464045641093,0.4532533881122,0.7922306278639,0.1968584665485,0.7130539233409,0.5501763246748,0.1970174504079,0.2394943288092,0.4163468468935,0.5125294662981,0.4670849695522,0.2448181664234,0.0931836534062,0.1282442331368,0.2240246599401,0.0676253734191,-0.2282897233866,-0.3631644310688,0.2989609455763,-0.0083423773282,0.3745400308636,0.3993626681365,-0.0009651104602,0.2359172723384,0.3030872122034,0.0873470044667,-0.0265085751149,0.2441646527936,-0.1020466406123,0.1441001928123,0.1402066644866,0.1612673713300,0.0727042556224,-0.1000598249432,-0.4448273232209,-0.0205692944047,0.1699357639496,0.1349461888082,-0.0309536704624,-0.4561721480927,0.1003098669286,0.0740455454904,-0.1488527375445,0.1211902077038,0.2235067670122,-0.0067163096061,0.5248644480964,0.2703869171702,0.3394586062718,0.1213931544157,-0.2275071008578
0.4427502913329,0.4510002188950,0.3622412984434,1.0000000000000,0.4029432294738,0.3115376735534,0.7370476884802,0.4528178810904,0.3217471660364,0.3815298760591,0.0843794982999,0.2678211698202,0.5060779496989,0.2340203138285,0.3721085098890,0.4580993176214,0.4571122846807,0.3282543054246,0.4996330423562,-0.0573140566058,0.3180595147276,0.0747000946341,-0.1264286099808,0.1755390863494,-0.2934273644524,0.1164540075722,0.0317614674369,0.0968348264004,0.0449106525991,-0.1692042511917,0.0185296425403,0.2391275101630,-0.1707933487695,0.1281952376550,0.1540450241592,0.0779179794744,0.0594701780948,0.0412330094460,-0.1193429990618,0.0435798204259,0.3418653089131,-0.1817877043229,-0.1248053294297,-0.0277815101043,-0.2264588650438,0.1952561010841,0.1331605903085,-0.0391781085006,-0.2231327387197,-0.1256345831113,0.1965521575352,0.4207981317602,0.6780353408388,0.3138345590448,0.3089025554945,0.6427404639577,0.1510202202095,0.4248639691426,0.5026338709707,0.4019131737817,0.1987244073494,0.2460112371745,0.1943910853901,0.2428549145405,0.0816540517947,-0.1710586843656,-0.0078195287005,0.3936631364217,0.1416298209405,0.0438215160774,0.3061727649146,-0.0018324786281,0.2918312275471,-0.0069953427761,-0.0990928033199,-0.3923659516329,-0.0188362984717,0.0349920959817,0.1395109049683,0.2748576552719,-0.0684617649480,-0.1568839044759,-0.0406165020134,-0.5027162208942,-0.4879877281176,0.0866141973534,-0.1245601859218,-0.1179911652328,-0.3865261214425,-0.3495970685447,-0.2438803056294,-0.0299073020005,-0.2493346660905,0.0328837575626,0.0865955618357,0.0007828397384,-0.0202879658291,0.2688168875185,0.0107420310615,-0.1440975190384
0.8651195702023,0.5255032856866,0.6622725607692,0.4029432294738,1.0000000000000,0.8279388774380,0.4505201508760,0.3466601625066,0.5316123188190,0.3157275334572,0.1606848107761,0.2408481760446,0.3632491609236,0.6414350257402,0.1290995564148,0.1333467703578,0.2992235752289,0.4043835969055,0.2717157613546,0.2357006745926,-0.0649549466220,0.0985756607123,-0.2426289097993,0.3700847827281,0.0914765991978,-0.0106154919272,-0.1067582384255,0.1726764480951,-0.1382422870015,-0.3813625000343,-0.0488727480586,-0.1814394950904,-0.1150419719172,-0.3296080208404,0.2610769608660,0.4546792173154,-0.0477404845729,-0.0533344499009,-0.0594107361256,-0.2139505965640,0.1737881584076,0.2038137154003,-0.5682106671735,-0.0719581438063,-0.0318890329379,-0.3455730132375,-0.3189165541997,0.4632922598315,0.5285852985902,-0.0487327915160,0.7632086493211,0.5168112044405,0.5271039791856,0.5805985064828,0.8279166555831,0.5311731792850,0.3235081700167,0.5620753166277,0.5688428103358,0.4829319330561,0.5615436615982,0.1662809820937,0.3569252725716,0.4602789446049,0.3858300637562,0.1419780968945,-0.0651157539375,0.5830778878935,0.1581391764050,0.3026029003522,0.4789377428590,-0.0453522422599,0.5360589016305,0.0767486774682,0.1158392745301,-0.0964919572745,-0.0926679823030,-0.1717452626935,-0.0148421564430,0.2615960557319,-0.1465592938405,0.0440039242760,-0.1320762468166,-0.3206610349474,-0.2591057665564,-0.2523335763469,-0.0637033231801,0.0131354504698,-0.3521253325304,-0.0198691778645,0.0076384267223,-0.4149828455575,-0.0978238790340,-0.1499325117053,-0.2810521025166,0.5688234540780,0.5950997924419,0.2711342715532,0.1834116756852,0.1253458132460
0.7252587403004,0.4766650500589,0.7637607410175,0.3115376735534,0.8279388774380,1.0000000000000,0.4930290579607,0.2753993421022,0.5495204213635,0.4215496113762,0.1594680121745,0.2692513926790,0.3178821752257,0.4753208340693,0.1291555423033,0.1540621276486,0.2171789192328,0.3249143166767,0.2255760734914,0.3360868645739,-0.0452051529467,0.1691901453246,-0.1556809646112,0.3362158818905,0.2560021412702,0.0410903612970,-0.0106944599459,0.2020057484534,-0.2032431124738,-0.3781274640086,0.0033343324083,-0.1607303245601,-0.0979243421874,-0.3297427966164,0.3012274389382,0.5711567655355,0.1340320492128,-0.0244154996105,0.1152933741692,-0.1333187658102,0.1389230754307,0.2961079107358,-0.4021330256536,-0.0923444062405,-0.0010493042899,-0.2307767682949,-0.2238111854101,0.6362999179686,0.4319876742836,0.1332481088186,0.6736803587838,0.5446470681392,0.3955739685529,0.7279263643429,0.8477762749657,0.3942381096855,0.3847587060106,0.5091570011668,0.5713806030788,0.5163927862315,0.5817670098320,0.1376757251672,0.3895402802002,0.4345026836078,0.3212623238278,0.1928525057045,-0.1648885240856,0.5392201515503,0.1653998968883,0.4166131281279,0.5205330278459,-0.0097350965868,0.5194047966101,0.1912290408178,0.2042703983687,-0.0555685078256,0.0234721126445,-0.1462496581284,-0.0976414048019,0.2190573983541,-0.0646796808152,0.1280399455707,-0.1978841718333,-0.2518514629323,-0.1649527856507,-0.1805446038373,0.1554089353837,0.1245276694941,-0.2561696719403,0.0422971626686,0.2041904497348,-0.3128023389955,-0.0747507469144,-0.0909209637047,-0.2384906580560,0.7444148051627,0.4861486569773,0.1908273280098,0.2171083171693,0.1646760000327
0.4280860954942,0.4292404357232,0.6292331257583,0.7370476884802,0.4505201508760,0.4930290579607,1.0000000000000,0.4070884282546,0.4392861946602,0.3805704772394,-0.1336284864221,0.1022824609057,0.5351368192138,0.1752708381130,0.1957846930705,0.5266444500052,0.4044821985784,0.1042533918533,0.5092675580760,0.2049832558347,0.1220903886388,0.0524325569547,-0.1533603461994,0.0659673836666,0.0657743106099,0.4025439461026,0.2320797844655,0.1144745078269,0.0724604917367,-0.1731122220315,0.2175673810068,0.3392829951192,-0.0146019281222,0.1593447240201,0.3155991574421,0.3936316117345,0.1872827469125,0.2667652763128,0.0862833107888,0.1598935788179,0.3602600522013,-0.1476332811956,-0.0301771415999,0.2202865248540,0.0979045020377,0.2007444049426,0.1500939137672,0.0657547117808,-0.1952274359633,-0.1563084411478,0.2595983338579,0.5503093652562,0.4650441600083,0.5456038066284,0.4408941564577,0.5643653454024,0.2891313705454,0.4416935661766,0.6433955841460,0.5639510690740,0.1740192938181,0.1061809959105,0.1746890965660,0.2844609258828,0.0109693088320,-0.2427570888756,-0.1250145845313,0.3665528789125,0.1301605066548,0.2962358472140,0.4339706187520,-0.0708361213061,0.2562360953644,0.2434399800063,-0.0959796893623,-0.0576776216678,0.1433259911274,-0.0528187939940,0.1237591865041,0.2993985511303,0.1120410558951,0.0037260309839,-0.1528117920101,-0.5128035722690,-0.2570767253898,0.2144548306827,0.0522125035399,0.0956244933368,-0.4825155157677,-0.1315365962652,-0.0366809378479,0.0053961747428,0.0935476990656,0.1421361215242,0.0030145585859,0.1744973113257,-0.0168909298768,0.2944872377411,-0.0471021078358,-0.2871330706967
0.2281064728785,0.1981393334311,0.2774189161775,0.4528178810904,0.3466601625066,0.2753993421022,0.4070884282546,1.0000000000000,0.6627197195649,0.3965341174017,0.0866637045744,0.2059568055128,0.7489503605946,0.0227397790088,-0.0731893044729,0.2801894163842,0.6970154382948,0.4521565224191,0.8177080030428,0.5289985406317,0.2874520274535,0.1352300635396,-0.2606276548382,0.2622500385042,0.0587547852509,0.3294439028012,0.1810489808788,0.1676410949621,0.2150751577418,-0.0648818039983,0.1135672590744,0.3393872740063,0.0574544810537,0.1819804307472,-0.1715365550633,0.1184487550347,0.0692592909907,0.4263042705838,-0.3276040795909,-0.0462282054264,0.3816353899290,-0.3845356175111,-0.2504059287340,0.2745683921963,0.1866971581677,0.2370140791426,0.1194070245021,-0.0410349382138,-0.2039222756484,-0.2916374172479,0.0083181871803,0.2251634353743,0.3022835240734,0.0571910177902,0.3638914261631,0.3705160009158,0.4723072058877,0.7975605087203,0.7424545232217,0.7622857250566,0.2208116741574,0.0840019637961,0.2443113643294,0.4252579400023,-0.1205454057251,-0.3594118117149,-0.0108125429935,0.5390693216680,0.4484461715958,0.5634905639076,0.3461434908226,-0.1150433845841,0.4374967453830,0.5387762002352,0.0496928191127,-0.2522750566485,0.2616790831449,0.0127115153800,0.2367442188468,0.3757663384016,0.0955512947699,0.0202461130137,-0.1925174530960,-0.5852490653338,-0.0853000678114,0.1881578101394,-0.1003761467787,-0.2493639172492,-0.5670983749602,0.1272719564839,-0.3633269197171,-0.0302010591640,0.0429629834758,0.1052104415990,0.0490053335517,0.1478237187717,-0.0175790315730,0.3404235875939,-0.1382550283703,-0.2478395465911
0.4593514079870,0.2055284527162,0.3528958247329,0.3217471660364,0.5316123188190,0.5495204213635,0.4392861946602,0.6627197195649,1.0000000000000,0.3166011601250,0.2033882170457,0.3886583701799,0.5814680377294,0.2350601169152,0.0740345816472,0.2641563034933,0.5368489867896,0.4662806789557,0.6529740473462,0.5260329912617,0.1654470809896,0.0254806147776,-0.2050992457317,0.5511013332578,0.4159489518207,0.2188396994629,0.0269486961969,0.2643639371808,-0.0728226113196,-0.4202343716492,-0.0964895315786,-0.0639074784217,-0.0080749164106,-0.3119317437035,0.2231310016220,0.5844621085892,0.1789953052744,0.1109983642107,-0.0494812126128,-0.0190792951316,0.0429664098523,-0.0169196327990,-0.4659540096373,0.0845869808114,0.1316817277093,-0.2120783385931,-0.1718750247972,0.1929445951046,0.0730946153299,-0.1636445377318,0.4093507193928,0.2453510389682,0.4922635654844,0.3380179701147,0.6233853948235,0.4904605116912,0.6112465825716,0.7884479080308,0.7833411708460,0.8447262780647,0.5387310903834,0.1880002781885,0.5003208547950,0.6217844949080,0.3258357648950,0.1084139352944,0.0604639381477,0.6962400114289,0.4190259457049,0.6211746285542,0.6230078223115,-0.0154871699710,0.7042907516064,0.4925712798211,0.3478516513452,0.0184736844477,0.0454407176988,-0.1196330810137,0.0085393689781,0.3178427852423,-0.0473715146228,0.1076767110680,-0.2058059622853,-0.3348965436006,-0.1020147728370,-0.1773275891810,0.1035965751157,-0.0494772480040,-0.2956510380872,0.1646709822969,-0.0493767351605,-0.3522026450196,0.0901161732199,-0.1294659458565,-0.2403091181645,0.3837342551640,0.3321480916233,0.1315704197984,0.1142229042566,0.1973544754147
0.2715120013526,0.2291836254471,0.3286003152817,0.3815298760591,0.3157275334572,0.4215496113762,0.3805704772394,0.3965341174017,0.3166011601250,1.0000000000000,-0.0611979513085,0.3683628396485,0.4569721537725,0.1921574743373,0.2776869762153,-0.0980348056709,0.3735511398401,0.1088434857236,0.3308098769344,0.1030918695280,0.3518890077512,0.6353466937562,-0.2816486693782,0.1026143682978,-0.0950631506706,0.0215021393170,-0.0572068084707,0.1627633448256,0.0336072259782,-0.0487576364936,-0.0327227711630,0.1550580698219,-0.0266113316585,0.2017007632014,-0.1330766892802,0.0338182364777,0.1730469727673,0.1085324272263,-0.2690243554305,-0.1143056309858,0.4262143079206,-0.0539577661425,-0.1390993486334,-0.0873405104987,-0.2560966834539,0.2774503250611,0.1498738007759,0.1093884811028,-0.0709111976518,0.1422506865533,0.0825839160697,0.2933713128920,0.2079492352385,0.2939135880367,0.3396786113798,0.2841552505491,0.2050327988455,0.3636352230627,0.4958499189914,0.5109432034457,0.4354565146590,-0.0055273581513,0.3350139235378,0.1488406928306,-0.1045662464460,-0.1711938356895,-0.2992396351087,0.2398194341758,0.2725085232857,0.3014730726309,0.3595603244486,0.0561748966122,0.2243918532561,0.2279138836012,-0.0906551093459,-0.3546731466350,0.0247594695640,0.2166885773475,0.0034694534335,0.0579271712913,0.0717421841927,-0.0227527563430,-0.2097283520516,-0.5003135712181,-0.2911451285235,0.2277849394210,0.0251696153360,-0.0144607619745,-0.4646646458008,-0.1718428398677,-0.1919292769911,0.0583984614997,-0.2014988192616,0.1771220653705,0.1041699603948,0.2197820739231,-0.0235778844488,0.3357947489930,-0.0339761914374,-0.2018224256708
0.1668435756496,-0.0986721425030,0.0114195021968,0.0843794982999,0.1606848107761,0.1594680121745,-0.1336284864221,0.0866637045744,0.2033882170457,-0.0611979513085,1.0000000000000,0.5952400958020,0.1754923662180,0.0774424162261,-0.0840357336752,0.1076300547407,0.2542705772044,0.4906126048320,0.0080990574240,0.0475851686336,0.4083320194165,0.1757504927066,0.5855346492468,0.5775700937025,-0.0197150003133,0.1259585011288,0.2388361928837,0.0844753293929,-0.2540258525970,-0.3468488949601,0.0402794604128,-0.0556550463289,0.0035264164346,-0.4287159698210,0.2024033423765,0.0994513147318,0.3406957526788,-0.0847345155371,0.3155509443495,0.1532561868052,-0.2321430709709,0.2873533443842,-0.1986445000873,-0.0454483570151,0.0365690863498,-0.1759740016643,-0.0496215924308,0.3871151525153,0.1610037079559,0.1274366215818,0.2108577385589,-0.0188207821677,0.2020450101425,-0.0024778635271,0.1604196236039,-0.0159973163374,0.0980216663414,0.1161528245910,-0.0448487088459,-0.0430523220115,0.3095217193310,0.6803422284987,0.3962840421724,0.2609892489749,0.2502396812914,0.1680501005575,-0.0362329909887,0.3493887595408,-0.1965110353170,-0.0308031969907,0.3011903022159,0.5659964000240,0.5449235609243,-0.0142761034492,0.3694377948700,0.0272488673420,0.1063589313071,-0.3918931975538,-0.0104827722515,0.1760577830287,-0.0705812467251,0.0245914773488,0.1374422937540,0.0738031703589,-0.0746323418023,-0.2344937687047,0.3124660637763,-0.0959643474050,0.1724509706205,0.0721624523676,0.1853536362302,-0.2137658194140,-0.0738918623890,-0.0806746308901,0.0042675396486,0.2733731306563,0.2026006458945,-0.0647157722931,0.3940422831836,0.5055259044016
0.3054619320501,-0.0285162501258,0.0527609655515,0.2678211698202,0.2408481760446,0.2692513926790,0.1022824609057,0.2059568055128,0.3886583701799,0.3683628396485,0.5952400958020,1.0000000000000,0.4407676816255,0.1226637067540,0.2383801706840,0.0839994293321,0.4871329145549,0.5930906927293,0.1044940419977,-0.0343338560675,0.5791105894136,0.1577343799395,0.3147769538474,0.5863390704100,-0.0226994891504,-0.0711909754203,0.0651935009840,-0.0932473733013,-0.4537542901808,-0.4832051025916,-0.0443733353646,-0.1664357662734,0.0456337393380,-0.4153390588900,0.2909445948248,0.2091458546334,0.3308494273460,-0.2792467553256,0.1760106289065,-0.2086660166049,-0.2633044221866,0.3070241763407,-0.2612264400060,-0.2952735353110,-0.2698812927821,-0.2720523101627,-0.1302640296925,0.3168738250282,0.0011752530134,0.1954109381416,0.3213866111791,0.0006646727248,0.3673456316785,0.2598047969360,0.3024987141342,0.3257840347032,0.3146181513092,0.3093106865895,0.2404582477891,0.2172166652536,0.3302471048444,0.6357001183586,0.6764641252206,0.4847594816356,0.2337572893846,0.2054576079854,-0.0458778305737,0.5569803063428,0.1039166131754,0.1170581502862,0.5165335071556,0.3450183575609,0.5993271882667,-0.0102400778578,0.2422899532277,-0.0708925127220,-0.0195132077972,-0.2922846928138,-0.3171071644614,0.1291499805326,-0.0471755195496,0.1640302611547,-0.1841616876457,-0.0807228775078,-0.2020961635536,-0.2824831784949,0.1721261070846,0.1032555854367,0.0214558114778,-0.1208979160235,0.1723098225012,-0.3624291859650,-0.2708351655690,-0.2450875156904,-0.1322204035041,0.2964413008720,0.1533003355232,-0.1925314937172,0.1441835303221,0.3985123443153
0.2986992728891,0.2064738460629,0.3434939184866,0.5060779496989,0.3632491609236,0.3178821752257,0.5351368192138,0.7489503605946,0.5814680377294,0.4569721537725,0.1754923662180,0.4407676816255,1.0000000000000,0.0293482793132,-0.0178581344304,0.3163630753729,0.8167916942972,0.4349798212133,0.6498261838331,0.3771523101102,0.4026910779053,0.1057891017646,-0.0909168980179,0.3302814021974,0.0086252491635,0.3515177768665,0.2951717705897,-0.0125804103960,0.0138230050084,-0.2354634294586,0.2589137826340,0.3502785475485,0.2297468677706,0.1405699600305,0.0506525355499,0.1957943216765,0.1540109428777,0.3023774787029,-0.1985075955196,-0.1333651578850,0.2852149426184,-0.2331271787867,-0.1692066323732,0.1970478073151,0.0877907289934,0.1637478083266,0.1122537084441,-0.0017919508021,-0.2483837010344,-0.2110738846886,0.1034258280446,0.2548801176173,0.3223357272497,0.2367905231141,0.4043690114610,0.4825710588732,0.5246481667788,0.6786164075619,0.7053124919163,0.6970335998431,0.1570818204286,0.3200886100027,0.4552929868540,0.6439823556648,-0.1369460944323,-0.3451298796661,-0.0521652357455,0.6306278470402,0.3568520769463,0.4956973835468,0.5102982036257,-0.0125189905082,0.4857131550214,0.4111564282389,-0.0239382233417,-0.1560258389950,0.2505980185253,-0.1549339496878,0.0396477265679,0.4182509893681,0.1930209351234,0.1973887970639,-0.3025011001510,-0.5498642934092,-0.1210517239442,0.1905159160087,-0.0580048731651,-0.0385110111913,-0.5425653705747,0.0180494880175,-0.2176132788213,-0.0777902701777,0.0320863379772,0.0294902020604,-0.0260318594623,0.2241946925304,-0.0888072769126,0.2364151313321,-0.1499965463715,-0.2122473819961
0.7355346996484,0.5899890173608,0.3233517988640,0.2340203138285,0.6414350257402,0.4753208340693,0.1752708381130,0.0227397790088,0.2350601169152,0.1921574743373,0.0774424162261,0.1226637067540,0.0293482793132,1.0000000000000,0.4271080950224,0.0056430202456,-0.0378461870994,0.1835695408594,-0.0114171011048,-0.1270732815823,-0.0880915777217,0.0854734073343,-0.2299017003897,0.1412464781714,0.0001755874260,-0.3114939642635,-0.4584942241726,0.1303248937298,0.0082988148040,-0.0709647120778,-0.2475869386918,-0.4058859924023,-0.2825183339658,-0.3368256559855,0.3514400225014,0.2860613971942,-0.2696029779852,-0.3629457783170,-0.1282292262054,-0.2111244769940,0.1422954892393,0.3225370403977,-0.4459003464215,-0.3149986383315,-0.2757787973321,-0.3928133295457,-0.3159652513368,0.2565985930063,0.6293911925821,0.0874859247647,0.7272876323593,0.3484587860567,0.3943144729635,0.4127692158328,0.4893594230063,0.4077046210713,0.0035111033034,0.1759216555225,0.1933971955052,0.1474853697455,0.4429184679960,0.0132061206047,0.2591484349910,0.2048663099822,0.5568727352978,0.3234722208619,0.0624747918596,0.2629108887213,0.1375368332242,-0.0704008257204,0.3316640668338,-0.0805101021464,0.2093101492052,-0.2521969146449,0.0272544902996,-0.0262121685010,-0.4540493731220,0.0165637402599,0.0167520162902,-0.0905880340209,-0.2861269024024,-0.0734805901947,-0.0585069449465,-0.0830772867469,-0.3595538450937,-0.3729678864182,-0.2341854817234,0.0864893328555,-0.1493686595133,-0.2422292285735,-0.0953133133031,-0.3725400872593,-0.2259065420900,-0.2646439080236,-0.3378563090310,0.2782309962293,0.7151644370706,0.0757005044662,0.1406985531456,0.1992882810452
0.2601518816855,0.2293520052884,-0.1385098146118,0.3721085098890,0.1290995564148,0.1291555423033,0.1957846930705,-0.0731893044729,0.0740345816472,0.2776869762153,-0.0840357336752,0.2383801706840,-0.0178581344304,0.4271080950224,1.0000000000000,0.0264629593223,0.0649045859767,0.1545026938505,-0.0685627315023,-0.3353858347933,0.1508089297744,-0.0251861298521,-0.2283199935657,0.1402217507061,-0.1430225927639,-0.4202421670813,-0.4701114829617,-0.0941333894627,-0.1307445580711,-0.1441051287343,-0.2479943183864,-0.3729680206624,-0.2543813352565,-0.0643320185282,0.3007720060774,0.0918730347731,-0.1083310306035,-0.4631953970236,0.1028195424028,-0.1183259515993,-0.0054467214655,0.1804837127960,-0.0295449517460,-0.4026513024190,-0.5036460664741,-0.1953556037761,-0.1539105666658,0.0747036496007,0.1289737893498,0.4019336653094,0.2578108632117,-0.0257176727548,0.4534408587467,0.2632635422611,0.2049758491838,0.5424519755377,-0.0485249519877,-0.0298230431438,0.0151634349346,-0.0116670133575,0.1782092635433,0.0130264204901,0.2598125581815,0.1137697473946,0.3415810829360,0.5161351763023,0.1869301332838,0.1443826344760,0.2365708777932,-0.1551538422721,0.1778018295713,-0.1903367482114,0.0829137342009,-0.3551016585618,-0.0971911905029,-0.0496876841738,-0.4692095879883,0.1863343604120,-0.3381265226434,-0.0981570650572,-0.2943918588809,0.0015514000264,-0.2071849637845,0.0919216761740,-0.3392091863774,-0.2854994563809,-0.1209450227289,0.2957460894370,0.2294263226529,-0.3046791041684,0.1282515554474,-0.0152308997677,-0.2936787483359,-0.4236667354582,-0.2374377351545,-0.0107770341603,0.1678014635408,-0.3099165353581,-0.0842932616234,0.2787911865989
0.1537432927050,0.0534713264205,0.2063127140871,0.4580993176214,0.1333467703578,0.1540621276486,0.5266444500052,0.2801894163842,0.2641563034933,-0.0980348056709,0.1076300547407,0.0839994293321,0.3163630753729,0.0056430202456,0.0264629593223,1.0000000000000,0.3332790171182,0.2680456268946,0.3959484601427,0.2318836485703,0.2761636565344,-0.2166049148966,0.2404140343380,0.2063380180166,0.1653037429643,0.3063689641280,0.3662387954092,-0.1253547190306,-0.0815832468880,-0.1442938074336,0.5823461488613,0.3484844578958,0.3050784018205,0.0905107107703,0.5694123791847,0.4450471365997,0.1959832830006,0.0825808191491,0.3164200411608,0.1848862042977,0.1134457157981,0.0350497155396,0.2403197389191,0.0277724946173,0.1107009165755,0.1404684330598,0.1809039695779,0.0218555910185,-0.1785940889223,-0.0560974351958,0.1459998808711,0.1555597090233,0.3810717102430,0.2403418665809,0.1270323747462,0.3508755481790,0.2437710893863,0.1701683896880,0.2970312804590,0.2326025583198,-0.0503074968120,0.2003545142325,0.1392585401140,0.2720301000798,0.0553275635412,-0.0404274412453,0.3825302168186,0.2918669557814,0.1607954385425,0.1408821748554,0.2817141061433,0.0796882683439,0.2444921812629,0.0687386817380,0.1970537651378,0.0523577318220,0.1823920825670,-0.2214268112546,0.0246846512167,0.4135395781187,0.1768083473762,0.1699957926737,-0.0846553751528,0.0165193596529,-0.1078486135549,0.0382173989432,0.0374476798483,0.2342048636177,-0.0869615293188,-0.1470693331223,0.0979128330743,-0.0186342014737,-0.0989410691494,-0.0699860811821,-0.0953993450305,0.0242606567138,-0.0170320522007,-0.0089144290620,-0.0288656051703,-0.0115596971608
0.2225429051820,0.0468515676317,0.1334768565374,0.4571122846807,0.2992235752289,0.2171789192328,0.4044821985784,0.6970154382948,0.5368489867896,0.3735511398401,0.2542705772044,0.4871329145549,0.8167916942972,-0.0378461870994,0.0649045859767,0.3332790171182,1.0000000000000,0.5447005625988,0.6399229509943,0.3399081528668,0.5537271922496,0.1212378169859,0.0247159845642,0.4817977808864,-0.0282770796022,0.3121695157118,0.2570683995704,-0.0732565901936,-0.0867527378734,-0.3787743778318,0.3086622983946,0.2558593872855,0.3500969325908,0.0677254855466,0.0598665597770,0.1238981273831,0.2149270938971,0.2330346290694,-0.1543257510262,-0.0687028754592,0.1182739061467,-0.2388568214657,-0.2353756576027,0.1794261057729,0.0613735350082,0.0668684534559,0.0313999544905,0.0252366106076,-0.2444374897169,-0.1705421617380,0.0632133730562,0.0492422106095,0.3643081123117,0.1054882264686,0.3547202816421,0.4887428873914,0.4215721336897,0.5744525672805,0.5556737836555,0.5405135166231,0.1661581669069,0.3119866998418,0.3639990684576,0.5100068845313,-0.0313302469133,-0.1841822896546,0.0194777701335,0.6208756985971,0.2685265310083,0.4091755425496,0.4086155334385,0.0641604131783,0.5424652901237,0.3343649434105,-0.0021834039219,-0.1758559920703,0.2053004173425,-0.2340999566290,-0.0220904539252,0.4977348284270,0.0329616845004,0.1000895238623,-0.1801453719562,-0.4222678712007,-0.1830558131153,0.0178365247676,-0.0197796818358,-0.0301425160880,-0.4081479852749,0.0531661910266,-0.1657431307201,-0.1106662253278,0.0061667194560,-0.0628195767777,-0.1190285942391,0.1608321099149,-0.0999227333357,0.1696744199380,-0.0787995844854,-0.0710517453873
0.3944695157609,0.0770243876536,0.0791298724721,0.3282543054246,0.4043835969055,0.3249143166767,0.1042533918533,0.4521565224191,0.4662806789557,0.1088434857236,0.4906126048320,0.5930906927293,0.4349798212133,0.1835695408594,0.1545026938505,0.2680456268946,0.5447005625988,1.0000000000000,0.2043906605506,0.1651382469554,0.2891043495978,-0.0803342969897,0.0401875717295,0.6596473368183,0.0338398432869,-0.1285519196694,0.0888231054079,-0.1635295680550,-0.4085305242735,-0.4897943530141,0.1289831611389,-0.2015361390890,-0.0188627962612,-0.3743610405324,0.2678430222896,0.1726965138234,0.2255044185539,-0.2448403760071,0.1614711661864,-0.2578002591326,-0.2498078789069,0.1862647901586,-0.4624336963115,-0.2795639475831,-0.2630763227580,-0.3389998181422,-0.2919395225811,0.3370751426744,0.1601861494834,0.0388718675603,0.3412652403118,0.0229101947445,0.5136603161111,0.1907305486522,0.4042929033114,0.4222902597150,0.3753132367829,0.5476135505173,0.3988633430704,0.2876967591441,0.2576679695177,0.4648134138573,0.5018675544766,0.5849263501231,0.3225880538610,0.1776956016100,0.0982080061426,0.7947845950582,0.1448509487468,0.2360979534899,0.3746551526489,0.0635497926388,0.6967682616164,-0.0317319985867,0.2289165782611,-0.1256693603592,0.0179494151357,-0.2960816101874,-0.2838224109736,0.4737122695292,-0.1336499593212,0.2066082724611,-0.2560304405505,-0.0929155960830,-0.1895052872056,-0.3765624575068,0.1043060903778,0.0458260871872,-0.0462676786221,-0.0426552521837,0.1500458082752,-0.3419522572415,-0.3397424683586,-0.3679162685640,-0.2249143055331,0.3434873117525,0.2548875197017,-0.2014574467331,0.0301658405382,0.3709268061370
0.1467381846211,0.2221312840114,0.2418269273850,0.4996330423562,0.2717157613546,0.2255760734914,0.5092675580760,0.8177080030428,0.6529740473462,0.3308098769344,0.0080990574240,0.1044940419977,0.6498261838331,-0.0114171011048,-0.0685627315023,0.3959484601427,0.6399229509943,0.2043906605506,1.0000000000000,0.4769643664479,0.2663654058400,0.0908260559293,-0.2086087102324,0.2172479650652,0.0908744131021,0.3605587194554,0.1862842817870,0.1628975327864,0.2817668619235,-0.0635820853109,0.0831367256840,0.3482735600175,0.0658427941766,0.2036734602190,-0.0773552993889,0.2534845677028,0.0721057046697,0.4257658514436,-0.2818055157177,0.1156477255188,0.4270132518619,-0.4265061991435,-0.1112573080682,0.2980963419048,0.2242210550833,0.2670845937638,0.1213129509246,-0.1402088461815,-0.2940021543631,-0.3554615358983,-0.0190764750791,0.1729557984839,0.3194473216320,0.0490098986792,0.3332237725975,0.4237683769296,0.4098870939218,0.6677009322612,0.7189718300748,0.7590433963764,0.2663851526940,-0.0292827182648,0.1327529556691,0.3542792098941,-0.1118496159017,-0.2890157293123,0.1974975377311,0.4240966572578,0.5491138408016,0.4876942983315,0.3655453779835,-0.1568606898238,0.3650929938865,0.5261785829156,0.0853190614483,-0.2995806156401,0.1867154540598,0.0069707868875,0.3353385388969,0.3994249288872,-0.0240926628723,-0.1059678695229,-0.0687418492640,-0.4781985910659,-0.1865522669152,0.1468015565464,-0.0909426163304,-0.1694334148810,-0.4948725790939,0.0416225364334,-0.3883472164972,-0.0061252134426,0.0518868019912,0.1223936198656,-0.0184344583057,0.0439176046977,-0.0301917569465,0.4251635281648,-0.0750952909288,-0.2335431890270
0.0528397437658,-0.0642454583781,0.3226570119530,-0.0573140566058,0.2357006745926,0.3360868645739,0.2049832558347,0.5289985406317,0.5260329912617,0.1030918695280,0.0475851686336,-0.0343338560675,0.3771523101102,-0.1270732815823,-0.3353858347933,0.2318836485703,0.3399081528668,0.1651382469554,0.4769643664479,1.0000000000000,-0.0251809232167,0.0117163564860,-0.0756298923210,0.2626831471537,0.6563317847545,0.4156707555992,0.3552153004099,0.1655334385282,0.0059795606260,-0.0918786758993,0.2291449908425,0.2013586953991,0.3463635071508,-0.0144499798374,-0.0736174794446,0.3656242009693,0.1918153319532,0.5476695807213,-0.0610277993262,-0.0001062952149,0.0360728595441,-0.0256516744555,-0.1128898748017,0.4704927816103,0.5877956906596,0.0636174543067,0.0392387505742,0.1060470047574,0.0021992987011,-0.0427962197438,0.0258391101716,0.0594625056953,-0.0075867211332,0.1188859076434,0.3321884797164,0.0072669533394,0.5417408666107,0.5451084764729,0.4658016174977,0.5644083992316,0.1369194921475,-0.0232572523955,0.0785612343077,0.2912270368717,-0.1078219099921,-0.2019210718558,-0.0191705584738,0.3228004240563,0.2846261678373,0.8143737096314,0.1181210087694,-0.0650050375100,0.3043428037802,0.7960806674905,0.1651689102758,0.1214004900939,0.4541335534607,-0.1921036212313,0.0484222520601,0.2926763831650,0.0833380095097,0.2111105017562,-0.1426614576874,-0.2171815587592,0.3833866347898,0.0371245218229,0.1268749962885,-0.1249910312704,-0.3078367569527,0.5534157828146,-0.0427104783936,-0.1570645754699,0.3651425169847,0.0304157576879,-0.1033495285672,0.2732492854957,-0.0050339540342,0.1599529569405,0.0377047216374,-0.1562231373830
-0.0359036008584,-0.1457368983124,-0.0630629457471,0.3180595147276,-0.0649549466220,-0.0452051529467,0.1220903886388,0.2874520274535,0.1654470809896,0.3518890077512,0.4083320194165,0.5791105894136,0.4026910779053,-0.0880915777217,0.1508089297744,0.2761636565344,0.5537271922496,0.2891043495978,0.2663654058400,-0.0251809232167,1.0000000000000,0.2498278263670,0.2971963176413,0.3348488330764,-0.1641593097058,0.1987116868766,0.2718985500624,0.0690243951540,-0.0993557921012,-0.1303209167322,0.2326878205069,0.2815767952977,0.2023280222210,0.0795554593709,0.0998558473310,-0.0277931036694,0.3616561330880,0.0955119440273,0.0744246082796,0.0449857438355,0.0449524921491,-0.0116828034265,0.1851074183282,-0.0109896231165,-0.0715188889084,0.1882101364875,0.2203435732641,-0.0259323262757,-0.2455975278184,0.1848441035493,-0.0924153028324,-0.0153924150572,0.1641430373019,-0.0419724026886,-0.0892396978816,0.1363599550250,0.1182243314227,0.0997543136344,0.1129841503331,0.1552782705910,0.0916636241256,0.4558601412334,0.2860396209901,0.0721825757756,-0.1127729573844,-0.1382229511816,-0.0405201711549,0.1819594298603,0.1139160592262,0.0171504921166,0.3707668097502,0.3748619262175,0.2996281708802,0.1196937570817,0.2001071362674,-0.1620277608549,0.1568905347320,-0.1067994216106,0.0414633755639,0.0328136580309,0.0799217852723,-0.0120378055994,0.0587226015168,-0.1938179696167,-0.1932774520849,0.0548954459035,0.1299623984076,0.0295519917405,-0.0878053972484,-0.1502769924649,-0.0954019409657,-0.0523226741891,-0.1684207401759,0.0743208634798,0.1357686070434,-0.0821230355222,-0.1990235256366,0.0955800629771,0.0987874416098,0.1035661674462
0.0436713077681,-0.0391686772739,0.1235949118748,0.0747000946341,0.0985756607123,0.1691901453246,0.0524325569547,0.1352300635396,0.0254806147776,0.6353466937562,0.1757504927066,0.1577343799395,0.1057891017646,0.0854734073343,-0.0251861298521,-0.2166049148966,0.1212378169859,-0.0803342969897,0.0908260559293,0.0117163564860,0.2498278263670,1.0000000000000,0.1509638547437,0.0066651983820,-0.1329661251260,0.2196875890251,0.0637662747524,0.2511297030481,0.2281662166283,0.0969998117419,-0.0221314510417,0.2712821623216,0.0932878682307,0.1748579460527,-0.2026621321280,-0.1452998651639,0.1785706885794,0.2173249761131,-0.2013260379530,0.1613345318010,0.3827287632326,0.0118584614945,-0.0831619797514,0.1414256110812,0.0039079011009,0.4285898743625,0.3614308472029,0.0612866033391,0.0059674527238,0.0928401079018,-0.0812729792655,0.0927418350085,-0.0829066744678,-0.0339605312327,0.0638378808038,-0.1001992798660,-0.0914435414948,-0.0167659636518,0.0589309282723,0.1056777915127,0.3519779301065,0.0214744830597,0.1153591539857,-0.1784024534647,-0.1805689160625,-0.2061095394872,-0.3666429552991,-0.0971577516399,-0.1208799144789,0.0064989622062,0.1307742539175,0.4419510300479,0.0748937366355,0.1694586855924,-0.0389983670725,-0.1648495397643,0.1285789964527,0.1060099813202,0.2203250010380,-0.0886595653470,0.1272090976642,-0.1046710274732,0.0370917276354,-0.3243756017360,-0.1677434673070,0.2976270585989,0.1305827144092,-0.1390017174242,-0.2815050636997,-0.0230779727762,-0.1747927265206,0.1600998470699,0.0628405833145,0.3990087247623,0.2594615031570,0.0634032473305,-0.0496353300529,0.3889312365085,0.0896673083790,-0.1169255605559
-0.2089582736408,-0.3180161990594,-0.1134368534843,-0.1264286099808,-0.2426289097993,-0.1556809646112,-0.1533603461994,-0.2606276548382,-0.2050992457317,-0.2816486693782,0.5855346492468,0.3147769538474,-0.0909168980179,-0.2299017003897,-0.2283199935657,0.2404140343380,0.0247159845642,0.0401875717295,-0.2086087102324,-0.0756298923210,0.2971963176413,0.1509638547437,1.0000000000000,0.1481840845021,0.0261223180086,0.2802666935458,0.4128536227699,-0.1514054001825,-0.1809443914456,-0.1151980168793,0.2732514221283,0.1660462157005,0.3340711043585,-0.2152935606462,0.2222265806434,-0.0228435391749,0.3314311048596,-0.0304001293558,0.4201485322958,0.4010210071694,-0.2044251774629,0.3087750541287,0.2677448446553,0.0771903744026,0.2176082402928,0.1248116217969,0.2909071641600,0.1850182461957,-0.1111090625546,0.1395404170118,-0.0920080150154,-0.1748889963682,-0.1575500730507,-0.1044243804980,-0.2345309118047,-0.2996710472834,-0.1137631195026,-0.3345435928949,-0.4018819886094,-0.3757584224368,-0.1616327856961,0.4511839415460,0.1333410579613,-0.0406678358560,-0.0477095693115,0.0139178948261,-0.0108193294506,-0.1032511849146,-0.4086034054931,-0.2206754353506,0.0431721399218,0.6351814142833,0.0646812251648,-0.0714179949622,0.2148758911434,0.2098844058367,0.2431759056346,-0.4536362117066,-0.0421479174636,0.0126120200910,0.1312046370443,0.1260046430012,0.1273761091725,0.2784193088852,0.1202888420314,0.0268148719201,0.3289028183099,0.0073827512318,0.3058111328311,0.0557577075481,0.2672670511764,0.0594421828121,0.1192970777602,0.0648865784186,0.0334915096111,-0.0106633172940,-0.0937149521478,-0.2247017437158,0.1942515255835,0.2534120593677
0.3491395700675,-0.0553663358080,0.0156682033620,0.1755390863494,0.3700847827281,0.3362158818905,0.0659673836666,0.2622500385042,0.5511013332578,0.1026143682978,0.5775700937025,0.5863390704100,0.3302814021974,0.1412464781714,0.1402217507061,0.2063380180166,0.4817977808864,0.6596473368183,0.2172479650652,0.2626831471537,0.3348488330764,0.0066651983820,0.1481840845021,1.0000000000000,0.1728721736125,0.0229599741604,0.1553747297205,0.0786266183656,-0.3625904922263,-0.5768593552319,0.0127737407945,-0.2142602641008,0.1188661353610,-0.4478900740804,0.3239610209507,0.3466596644879,0.4426008449907,-0.1585152264120,0.2330130933039,-0.1208506238328,-0.3336574874650,0.2170802738608,-0.3841567513727,-0.1281746008840,-0.0795566165460,-0.3790612208664,-0.3027052723500,0.3349973881780,0.2532912133793,0.1066313208226,0.3889891803600,-0.0516093947378,0.4844825551459,0.1563020840689,0.4369324051001,0.3931235943213,0.4261892359228,0.4113041385627,0.3034485232174,0.2976231967561,0.4009117650417,0.5417555413668,0.5669447149358,0.5334638422711,0.3720048533489,0.3532957171279,0.1302925345838,0.6767355913707,0.1759324808510,0.3101864396974,0.4582122058120,0.2715624990041,0.8599300891916,0.1247199867757,0.3684260704458,0.0521699919519,0.0616893103957,-0.2975390791018,-0.2782118130176,0.4166028872031,-0.1257770158796,0.2339068246474,-0.1810775247956,0.0195418695583,-0.1021351791845,-0.4302396262525,0.2886661297553,0.1164175385483,0.1236610495404,0.1265395865507,0.2421676800042,-0.3890544234971,-0.1083785473420,-0.3133536229750,-0.3284266181793,0.3335531564327,0.2852524723344,-0.1728254355948,0.1859882388538,0.5892092888533
