1.0000000000000,0.3403564837575,0.6954672543443,0.3343277032547,0.5898647681815,0.2493019614057,0.2775967562730,0.2370954061041,0.0169321375425,0.3212588954825,0.0688982317234,0.0308572451190,-0.0842117575167,0.5833226727596,0.2836163191185,0.2577945292825,-0.1722456018219,-0.0883171445802,0.1647721072893,-0.0812924198237,-0.1984014236367,-0.0263380621090,-0.1045478076063,-0.0866335429811,0.0009594515152,-0.2855993864159,-0.2313958598571,0.0868206090919,0.0444624384582,0.1946329499966,-0.0910585802919,-0.1610010195162,-0.1292455714422,-0.0066839692193,-0.0109161620203,-0.0674940114677,-0.0814105825917,-0.2325989295507,-0.1034632528929,-0.2234476421200,0.3716854599624,0.4266186177447,-0.0595371406366,-0.2294473336143,0.0025080377007,0.0948660539117,0.1043535203163,0.1177317709838,0.2438162820184,0.1389990360154,0.7891689478104,0.6528245274532,0.2468376798403,0.4789165123088,0.1377194870381,0.2744278239248,-0.1158092514560,-0.1311994192445,-0.2223736073737,-0.1742597340603,0.3027296714916,0.0483841633774,0.0084582519322,0.0040118233004,0.6736920968658,-0.2338227622101,-0.1165568130205,-0.0515174389072,-0.1805921018474,-0.1702513976061,-0.2158507424772,-0.1544330204296,-0.1997910049805,-0.0710594070323,-0.3598338470806,-0.2305229891706,-0.2606436191944,0.0998775735600,0.0443929689368,-0.1163588849683,-0.2530119063502,-0.2162641245761,0.0685699836617,-0.2608165962317,-0.1385856378478,0.0073270093715,-0.1687074590557,-0.1554279277141,-0.3982739805909,-0.2145536840421,-0.0973471081876,-0.1307065435688,-0.1486053871012,0.0452830638826,0.0112179731392,0.2131989627763,0.1845302253007,0.1546385503801,0.1806710630744,-0.2719817137995
0.3403564837575,1.0000000000000,0.5281140967566,-0.2083050585529,-0.0519734883885,-0.2828887351126,-0.2066738460489,0.4699316598480,-0.1987026757595,-0.1078000151792,-0.4072027878667,-0.3566661849686,-0.3708971142815,0.6756260943248,0.1482369587031,0.0137048373684,-0.4377572335697,-0.6317855343460,0.1354497139425,0.0889388685456,-0.4281050741833,0.0406228823640,-0.4014635531870,-0.5491630144953,0.3115662529460,0.0953938937334,-0.6380134152837,0.4315672816089,0.4892143762284,0.7650690607642,-0.3386926475143,-0.1689918173059,-0.4569935602287,-0.3311954744173,-0.2475695661317,-0.4303975031837,-0.6366177818374,-0.0177828345261,-0.3816974302990,-0.2954314579365,0.1738994182248,-0.0168837683493,-0.0740689807947,0.4382912263270,0.5805016578523,0.0731683784240,-0.3407744892359,-0.5979841915008,0.5824486675029,-0.2579168248197,0.1888150893719,0.7897561832766,-0.1358413673653,-0.1191176477425,-0.3315917232897,-0.1649959142620,-0.1570846910895,-0.1183722414356,-0.5100075383439,-0.5133337255121,-0.1132384923988,-0.4591909182662,-0.3420382051328,-0.2571888824311,0.4219128846682,-0.2568483235092,-0.4574223225965,-0.5247102314153,-0.4712303375085,-0.2552278697196,-0.3347064169221,-0.2458979701831,-0.5457483876996,0.2539962607056,-0.4968034875508,0.4732501821861,-0.6601611056297,0.3193717087348,0.5394283490819,-0.5948566451210,-0.4115967020603,-0.4408316779906,0.6110140750172,-0.4670662250602,0.6245800792208,-0.2828334822898,-0.6150187552463,-0.5021857043028,-0.4801712742931,0.2102767160161,-0.4051699416549,-0.4000925411788,0.6051783375119,0.0518027271977,0.0085148681607,-0.4023925017774,0.6339583101228,0.2311969782061,-0.0631549680792,-0.3896110657484
0.6954672543443,0.5281140967566,1.0000000000000,0.2836609464135,0.3860737123486,0.3609133634046,0.2561792267304,0.3129281893781,-0.0034542416058,0.3234311307765,0.0622143843618,0.0468390662565,-0.1246558865455,0.6544637913387,0.1120917642821,0.2899261412867,-0.1569647615287,-0.2103402117124,0.1581496737662,-0.0963171304661,-0.1435219660912,0.1328971374671,-0.1058174368810,-0.1993359225910,0.0718002668756,-0.1522859477092,-0.3647326475526,0.1665000249309,0.2276486613285,0.3682698003243,-0.1178250118736,-0.1283894616676,-0.1536545599717,-0.0838932580906,0.0430270479158,-0.1101236929995,-0.1370418591820,-0.1603830923494,-0.0456417927507,-0.3158626874741,0.4178711646685,0.3671803392288,-0.1085952531565,-0.0606901599338,0.1895265687686,0.2004523916813,0.0817693390135,0.0612512018222,0.3723494408138,0.2670714100078,0.4844243308194,0.8018973049375,0.2316146088937,0.5236463314292,0.1763736450608,0.2789653219109,-0.1062295529566,-0.1142186275447,-0.2828752262481,-0.2432728967342,0.2440779619306,0.0202573749070,-0.0067523680870,-0.0077052112283,0.5467639825688,-0.1528977087102,-0.1210627517741,-0.1041498157531,-0.2436328934389,-0.2323538040334,-0.1279233865483,-0.1024320861253,-0.2409643136471,-0.0164616525338,-0.3332693496652,-0.1206301402737,-0.3674373575563,0.2184910394010,0.2547404628487,-0.2336258305295,-0.3485262639683,-0.2931957692063,0.3062183422678,-0.2536382356291,0.0490800380688,-0.0113846876256,-0.1853640596939,-0.1244388949195,-0.3249998776428,-0.0873975232952,-0.0512536919351,-0.2362870147527,0.0201900653896,0.1124641688342,0.1135367855887,0.2039615949999,0.3509771366675,0.2495755717143,0.2779452076900,-0.2161831040309
0.3343277032547,-0.2083050585529,0.2836609464135,1.0000000000000,0.5628379694545,0.6317259674901,0.8084368848518,0.2655899669022,0.4660743671963,0.3992815441084,0.5320428972540,0.4642725625675,0.4767645408861,-0.1206704811857,0.5220250127035,0.7436296209773,0.5600861411400,0.5742259549118,0.3171699538663,0.1400495449351,0.4206821314209,-0.0947324505407,0.2038985548581,0.6411799115281,-0.2111262967374,0.0381911698941,0.4176645185321,-0.3654791953166,-0.3307148815672,-0.3854390563012,0.5539655511972,0.2992897522030,0.4177508742052,0.2302789335572,0.1949233484036,0.5091630927013,0.3466814985221,0.1059121755620,0.2334236312916,0.0265873703876,0.1663501301412,0.3362678681395,0.3108162579859,-0.2235213160128,-0.1186684390668,-0.1715192926730,0.4267985652049,0.5555986507755,-0.2919748856700,0.5043468520531,0.3789805763969,0.0963291291374,0.8632137096536,0.6992777149996,0.5980863978171,0.8590225858477,0.3470204462669,0.3675764017802,0.4679268498986,0.3601355527897,0.2379607267620,0.3738019562793,0.1970124760711,0.2435217547637,0.2952541430763,0.3463661101827,0.6456442127426,0.5075419417922,0.4833160473261,0.2880200192348,-0.0586727500471,-0.0189605717184,0.4672395321066,-0.2306469569999,0.2078589831829,-0.3529382515163,0.3016438586220,-0.3676781882815,-0.3885126617787,0.4872267760614,0.1829249402240,0.2183324986430,-0.5610672364138,0.3383221595809,-0.3970552831693,-0.0551070412937,0.0863491516913,0.2841459521065,0.0838523459014,-0.2831580894794,0.1687563448948,-0.0014276403445,-0.3994910462212,-0.4572279003175,-0.3574183708037,0.6306139520524,-0.4412805548205,-0.1542111286336,0.1055827487221,0.0235547038139
0.5898647681815,-0.0519734883885,0.3860737123486,0.5628379694545,1.0000000000000,0.5738255563099,0.5755280477065,0.1944388468005,0.2805263824655,0.5758227309662,0.2723491492403,0.2468424473927,0.2933748175530,0.1394369160572,0.5024249754883,0.3754798927063,0.2064250865747,0.3378388392112,0.2031150578497,0.0959661916145,0.1515273658343,0.1578607581988,0.0155628019855,0.3041852398622,0.0033580692024,-0.3104981077444,0.1478337153622,-0.1706561934454,-0.2569246564416,-0.2227434338139,0.2117522689087,-0.1440156601486,0.3099298080388,0.0241183606268,0.0237015871834,0.2137437543077,0.2247988828727,-0.0911358551649,0.1101681491610,-0.0717451722222,0.3735899134797,0.3812922481196,0.1050300299826,-0.3647498686908,-0.1347797368241,0.1513673588074,0.2222900249830,0.3476657754650,0.1200694207319,0.3903627270238,0.7883774780416,0.1899458797674,0.5057895760340,0.7159440798820,0.6092239518482,0.5368925001263,0.1979924175735,0.2170023854053,0.1756601652642,0.2430136602565,0.4467750368297,0.3422767301939,0.1747626677623,0.2605268102083,0.4237245878736,0.1717492919440,0.2478041574656,0.3296548942387,0.1229928273429,0.1678493566583,-0.0625069875268,0.0107821931463,0.2262070336227,-0.0266509079420,0.0071254931902,-0.4811981663151,0.1781639107816,-0.0243612257348,-0.3132563503655,0.2440570331510,-0.0769906519967,0.2170201636696,-0.3220659378378,0.0929201666840,-0.2797246594383,0.0003204190158,0.0901376891485,0.1059894564761,-0.0057832407608,-0.1313788087154,0.1613394189835,0.0378993291798,-0.3526045828659,-0.0632742830546,-0.0172518808745,0.4635334212699,-0.1144510279351,0.1941331289389,0.2719691877152,0.0043948030445
0.2493019614057,-0.2828887351126,0.3609133634046,0.6317259674901,0.5738255563099,1.0000000000000,0.5651088724361,-0.0516486772285,0.2171714682232,0.4688366830628,0.5512793613055,0.5197956029212,0.3779027990317,-0.0973226301880,0.3190141858363,0.3567998811538,0.3853425306550,0.4593425219228,-0.0240805499525,-0.1300418173329,0.3830515475037,0.1841178148438,0.3311748124417,0.4523971682174,-0.2691782038615,-0.0936750290181,0.2708273481116,-0.3179980446838,-0.2128130958445,-0.3487686677998,0.3329732226352,0.1468724214268,0.2962931755597,0.1207899361626,0.2862742262860,0.2743859868403,0.4417663218202,-0.0859349022333,0.3768527129862,-0.0384734459105,0.3278353795687,0.4079634963134,0.1020333088079,-0.3692333635125,-0.2915911069257,0.0337113736781,0.3176992769846,0.7247585883544,-0.1838503612309,0.5385382600108,0.3663415437983,0.0277122447044,0.5498814421815,0.7930447695438,0.8731111984145,0.5391346065990,0.2153783207548,0.1358968797956,0.2768845266539,0.2216758368035,0.3910339198942,0.4791221224167,0.3465042242423,0.3158696041720,0.1681276680739,0.2568963672218,0.3880893369219,0.4513962431716,0.2790614595867,0.0925152295579,0.1378956445526,0.2098527054846,0.3882331656743,-0.2848367571201,0.1579929934930,-0.3924190365775,0.2177577430633,-0.2285876771122,-0.2580274451168,0.3761788578224,0.1263824711226,0.1788838764327,-0.3620989779063,0.2615001803870,-0.4300946080251,0.0268488484957,0.3044412815496,0.3693947662687,0.1871504606591,-0.2970171502194,0.3683634613576,0.0247688733871,-0.4573349454709,-0.0956994608477,-0.0283851102115,0.6789318802684,-0.2797687348212,0.0206356986812,0.3868797597455,0.2464174447655
0.2775967562730,-0.2066738460489,0.2561792267304,0.8084368848518,0.5755280477065,0.5651088724361,1.0000000000000,0.3395026333056,0.5625068623495,0.5245481793168,0.4129011178856,0.4171233167395,0.5755482857279,-0.1800635798160,0.4663023705908,0.6844521851425,0.5565247337577,0.5284742687968,0.4172152771672,0.2923824564166,0.2983847245743,-0.0737780836412,0.0130828463014,0.6422306344850,0.0163523286136,-0.1363751586715,0.3706393298908,-0.4153514035366,-0.3722411720136,-0.4278373517199,0.5692468436658,0.0752727074110,0.5457107175179,0.1168802379475,0.2133471594957,0.6071076929673,0.4214476264959,0.1680643059697,0.3778279520656,-0.0687969276688,0.1091803064230,0.1709053580495,0.1418478329383,-0.2269392881032,-0.0397100632708,-0.1395152889062,0.2721882196982,0.5066292480932,-0.2367630322108,0.4698300560943,0.3869211857889,0.0601678332879,0.7383108713950,0.7369258333818,0.6159046963195,0.8854477280795,0.4076831158197,0.4508447509711,0.5077251354366,0.4636858434658,0.3859646436858,0.4798407939906,0.2344883554456,0.4376791361500,0.2344288766830,0.3625442524964,0.6711022089285,0.5593541044340,0.4511262058936,0.4254428647684,0.0648465476670,-0.0886826039667,0.4795636298641,-0.0198104474947,0.2132837181609,-0.5030133179679,0.3502513231885,-0.3274785994749,-0.4159720023168,0.5164151882010,0.1084560716514,0.3814291689510,-0.5351918398836,0.3607534771579,-0.2810805141248,-0.0973502122381,0.2664827999477,0.4378586959072,0.1392776100752,-0.0538687710524,0.3846809844443,-0.0280624721456,-0.3185583020064,-0.4083887678305,-0.2037280978563,0.6889161463965,-0.3792829279875,-0.0800859810998,0.1392064085252,0.0606937764413
0.2370954061041,0.4699316598480,0.3129281893781,0.2655899669022,0.1944388468005,-0.0516486772285,0.3395026333056,1.0000000000000,0.4943703118028,0.1219628080527,-0.0890905034593,-0.0451525496416,0.1829528513299,0.1665768120741,0.2792080520168,0.5848052803762,0.0847317573768,-0.1134624791146,0.8079250940599,0.7148543963418,0.0012280990603,-0.1404392721027,-0.3176089464925,0.0783369663168,0.6064075530980,0.0829133069717,-0.0305888605433,0.0737900851513,-0.0987574975651,0.2168777544817,0.1971268195434,-0.0576174293815,0.0633756184895,-0.1608009427646,-0.1655621765899,0.1853043735122,-0.2665326619937,0.4245882462796,-0.1573535287294,-0.0814266538347,0.0688425388887,0.0833239203014,0.4048391619251,0.4209222709397,0.6860904142954,-0.0711966019507,-0.0356165122682,-0.2212381474158,0.0631396843841,0.0700700723549,0.2658957422168,0.3755242768040,0.3146246172697,0.2281579949585,-0.0591555614130,0.3941683501883,0.3064573429829,0.5444937899276,0.0686898923744,0.1257061125536,-0.0244346742275,-0.2159868760266,-0.2633845796061,-0.0105655754850,0.3064070582439,0.0136584852735,0.1083306561267,-0.0535789493265,0.0232019147668,0.4288179017147,-0.3675168369648,-0.3716277893252,-0.0031268528426,0.5959657156970,-0.1939382850984,0.0157789916221,-0.0489173854495,-0.0096075489980,-0.1126850653667,-0.1976838080292,-0.3863057544930,-0.0949227333460,-0.0196483188563,-0.0254655535274,0.4355714921933,-0.3954018139648,-0.3850760299546,-0.2304267579887,-0.2678641369149,0.3832645704225,-0.2340071864557,-0.2505416160608,0.4033738661805,-0.3431855109534,-0.3191660305995,0.0234530373686,0.0069865826478,-0.0757994432010,-0.1035120523519,-0.3335511820854
0.0169321375425,-0.1987026757595,-0.0034542416058,0.4660743671963,0.2805263824655,0.2171714682232,0.5625068623495,0.4943703118028,1.0000000000000,0.2988607165917,0.2908060552470,0.2881836932109,0.5394679873101,-0.3091662241546,0.2273217485107,0.5844419927120,0.4608270669476,0.4121414406719,0.5868709400398,0.5780876448691,0.3385014911118,-0.0967766610792,0.0267537246917,0.6501597776797,0.3745683185074,0.0269017225899,0.4781859931448,-0.3423491834636,-0.3980257361132,-0.4074491638876,0.5071009998930,0.0772629271731,0.4271119808781,0.0001523260019,0.1372143912579,0.6451993442147,0.3121186388703,0.4282045042901,0.1809366667554,-0.0353532968303,-0.0427412885067,0.0463888000820,0.1800632220172,0.0270803334870,0.0618255486073,-0.0687493102800,0.1483970299854,0.2225073204337,-0.2737892473219,0.2573766142200,0.1426103199123,-0.1279518022809,0.3874441512822,0.3618167853154,0.2661784302983,0.5662433527034,0.5354216415524,0.7406501714872,0.6970460090544,0.8363509668542,0.1959247636807,0.2772210088250,0.1271744150561,0.3334693738365,-0.0309459229145,0.1535999247412,0.6443113695561,0.4684174370644,0.6728519968641,0.6904831027942,0.1287014243776,-0.0170501718699,0.5870507299621,0.3790670984833,0.3372505880599,-0.3491182449939,0.4894554472806,-0.2982198828992,-0.4456648262750,0.3983819593862,-0.0279165654752,0.3649242327227,-0.5088584636360,0.2910710488470,-0.1376321816466,-0.2177948674472,0.1708826211868,0.3108931816134,0.0936231605700,0.2200654977466,0.1109629614506,-0.1183877310181,-0.1475564369448,-0.3294228995524,-0.1523052409373,0.3750110208653,-0.4124239644905,-0.1771408643115,0.0350659103810,0.0642971620868
0.3212588954825,-0.1078000151792,0.3234311307765,0.3992815441084,0.5758227309662,0.4688366830628,0.5245481793168,0.1219628080527,0.2988607165917,1.0000000000000,0.4319096949922,0.5462168816560,0.4382658780184,0.0852753143009,0.4016519512962,0.2725479332352,0.2872958811710,0.2695979951747,0.1644852523300,-0.0138377696462,0.3263309792452,0.4507425550904,0.2044132129311,0.3070638806333,-0.0397050717413,-0.2894515265910,0.1355717706069,-0.1798437360244,-0.1798305981482,-0.2649212079662,0.2301967021292,-0.0563910476725,0.4552524304522,0.1522887367355,0.1118597720658,0.2794947236771,0.3659904304920,-0.1430317177537,0.2116010900587,0.0005819487559,0.3538218665836,0.3735853759066,-0.0725863705405,-0.4490383109770,-0.1887980303168,0.2973437215586,0.3724776595201,0.3213703183899,0.0744814634398,0.4637998702428,0.4198263252143,0.0927962160956,0.3510177082533,0.5921618431324,0.4805358134264,0.4094759774373,0.2364967851608,0.1800037093147,0.1563908626615,0.2606550981811,0.8310393876507,0.6231899035305,0.5205679414385,0.5096535211555,0.2859397635039,0.2585344705204,0.2121147027188,0.3679274946121,0.0867593685656,0.0854259403032,0.3061785750956,0.3286093747115,0.2448708731389,-0.0689866225289,0.1427656549338,-0.4889422106654,0.1513861579302,-0.0264058528107,-0.2524576608923,0.2107593216940,-0.0191546721135,0.3739844952763,-0.2600246962829,0.1149325582248,-0.2830988825030,0.1212503612460,0.2982654664296,0.2245563881426,0.0983658502271,-0.1504218274316,0.3334514373360,0.0743598527084,-0.4180468846662,0.0160917647122,0.1769594117111,0.4641806233398,-0.1150012829841,0.2777384949622,0.4988024674484,0.2196908457151
0.0688982317234,-0.4072027878667,0.0622143843618,0.5320428972540,0.2723491492403,0.5512793613055,0.4129011178856,-0.0890905034593,0.2908060552470,0.4319096949922,1.0000000000000,0.8536342883545,0.6032626005731,-0.2948852169772,0.2637467896140,0.3768697702710,0.5189585585003,0.6458771086199,-0.0775831434334,-0.1723965821665,0.5870782120007,0.0967282354078,0.7653723679474,0.6042774355819,-0.4401573110216,0.1320324810625,0.5092253262292,-0.4181123901664,-0.1073201404460,-0.4556959857021,0.4412730494370,0.4966233654762,0.3281457626446,0.1696244355155,0.4133880641870,0.3110202879665,0.6148536312548,-0.0981656238301,0.4327079881111,0.0825421997681,0.1326572659127,0.2675196897979,0.2387901130445,-0.4239362453254,-0.3785553179586,-0.0875900075765,0.4284722964874,0.6374964112084,-0.3640342146140,0.4417202677806,0.0961354632469,-0.1459651523170,0.4124615843635,0.4464596830356,0.4424363428645,0.4355630670801,0.4017211257228,0.1524032801758,0.4460041160328,0.2754210276217,0.4531418629919,0.6995436315649,0.6402968018462,0.5185183366033,0.1035298188995,0.3064801464238,0.4273815415859,0.6132009472461,0.4487163197442,0.0575076578724,0.2992781845299,0.5412756735182,0.6023655341266,-0.4139237302843,0.3395558890445,-0.2150274007450,0.3756197634457,-0.4556812635056,-0.1554982387756,0.5149249610176,0.4620718157117,0.2946864648472,-0.4566881437586,0.3324683066113,-0.5146682357713,0.0117907795007,0.3991565353245,0.3908675389609,0.2983106375106,-0.4836551414809,0.3087651565483,-0.0256455531472,-0.5535915758269,-0.2623006785570,-0.1821887589388,0.5396992720674,-0.4200632950056,-0.0637451539852,0.2868820054437,0.4425373006527
0.0308572451190,-0.3566661849686,0.0468390662565,0.4642725625675,0.2468424473927,0.5197956029212,0.4171233167395,-0.0451525496416,0.2881836932109,0.5462168816560,0.8536342883545,1.0000000000000,0.6372558387415,-0.2951949171556,0.2910969417892,0.3501746196842,0.5657516468520,0.5553402899767,-0.0233147568651,-0.1128920298489,0.6032667134263,0.1836291544515,0.7624109484004,0.5224115654526,-0.3237253923102,0.0873889851231,0.4287580587169,-0.4122003239506,-0.1618278110043,-0.4788084692072,0.4247551263976,0.4606191443588,0.4631937517000,0.2098695580743,0.3629747006549,0.3171919164122,0.5281956819701,-0.0921271808829,0.3597353502852,0.1090206917321,0.0734188609975,0.2238057400344,0.1515410820212,-0.4331400983497,-0.3028715742076,-0.0457282031113,0.4622619328623,0.5529959699982,-0.3477683580093,0.3857208611830,0.0745122643449,-0.1505798489236,0.3621804311325,0.4298831207115,0.4170425797109,0.3829123717367,0.4083709810565,0.1441945954356,0.3637310488250,0.2714426370789,0.5099622843626,0.7430257806813,0.7939365299111,0.6035206902039,0.0255278677018,0.3300414995614,0.3666358966477,0.5712923641299,0.3560969059866,0.0758953641858,0.4253837235230,0.6426713405680,0.5374511915968,-0.2974601734912,0.3212506172972,-0.2598669843367,0.3217970847555,-0.4234590429318,-0.2080739106021,0.4479200508808,0.3892916027189,0.4149783631446,-0.4675506253999,0.2677200476050,-0.4279825328205,0.0840825754697,0.3624057932703,0.3660124478110,0.2769999903657,-0.3773798009113,0.3071734833913,0.0400444828793,-0.4874059614333,-0.2336449784793,-0.0984470150609,0.5049555510655,-0.4082355651524,-0.0830443045090,0.2978068491693,0.4647216794033
-0.0842117575167,-0.3708971142815,-0.1246558865455,0.4767645408861,0.2933748175530,0.3779027990317,0.5755482857279,0.1829528513299,0.5394679873101,0.4382658780184,0.6032626005731,0.6372558387415,1.0000000000000,-0.4366804243865,0.3194087351709,0.4264967171367,0.7519757536529,0.6640094882329,0.1686319880648,0.2086185863386,0.5657398466587,0.0438582303647,0.3408345296331,0.7282780237635,-0.1024802039670,0.1901770520119,0.5740002625455,-0.4081292180124,-0.2718821863104,-0.4810393087377,0.6338540781923,0.3388075335344,0.6926688711339,0.1176566655998,0.2105168129949,0.5029446839616,0.4976303558702,0.2230631849448,0.3645627913997,0.0407122341414,0.0005512953438,0.0509519482968,0.2146677405601,-0.1625974164638,-0.0722424803650,-0.0731792207459,0.3152906475427,0.4248814873615,-0.3167889274330,0.3132949566960,0.0447050700475,-0.2657462231285,0.3898129006697,0.3955607561976,0.4492391427214,0.5326153496823,0.7422893636186,0.5724120983441,0.6656002650693,0.5456020793089,0.3853585860018,0.5932857014867,0.4837220325356,0.7815647944536,-0.0323067094503,0.3185517622379,0.5885603915215,0.7159434220928,0.5526308624358,0.4399583183858,0.3120862442999,0.2702637659092,0.6660210880212,-0.0859283159972,0.4458315014052,-0.2546672571937,0.4698977691188,-0.3884948787669,-0.3268524102413,0.5838727593999,0.3141790387806,0.6436277336974,-0.5547374335264,0.3990362002660,-0.2408082250473,-0.1641978748680,0.3261885445038,0.4026501864058,0.2773241068554,-0.1258356948194,0.2924590281033,-0.0508673743290,-0.3053918786720,-0.3574064143549,-0.1592497037597,0.4442978561524,-0.4350406096220,-0.0625904841173,0.0984603726549,0.2671868362804
0.5833226727596,0.6756260943248,0.6544637913387,-0.1206704811857,0.1394369160572,-0.0973226301880,-0.1800635798160,0.1665768120741,-0.3091662241546,0.0852753143009,-0.2948852169772,-0.2951949171556,-0.4366804243865,1.0000000000000,0.0381938053935,-0.1046567746243,-0.4633285117227,-0.4781425786078,-0.0024596281136,-0.1934761825113,-0.3631716961555,0.1886840430306,-0.2617877037418,-0.5123773069517,0.1028653688941,-0.1596512139850,-0.6188211223299,0.5253770539284,0.4925091460792,0.7083846710604,-0.3569380300472,-0.3008599138744,-0.4467834946713,-0.1821274381961,-0.1837659962217,-0.3514765991196,-0.4298099273229,-0.2509671737616,-0.3423262224956,-0.2655573961698,0.3931121455608,0.1560205576497,-0.2610400076759,0.0405361159547,0.1904998405710,0.1858540756706,-0.1691644412908,-0.3061388552774,0.7004504843149,-0.0863691838147,0.3292742889824,0.7581921392253,-0.1042962667376,-0.0179437587591,-0.1802734366478,-0.1474751763370,-0.4031180498598,-0.2987944848587,-0.5310356782401,-0.4515280306863,0.0278313062127,-0.2896570565417,-0.1747915225219,-0.2737871213219,0.6045383056173,-0.2643015473598,-0.4265085155685,-0.4347288846259,-0.4988530814777,-0.4274360555069,-0.2178474668269,-0.1382042442626,-0.5510324298625,0.0360386140521,-0.4539334449346,0.1306543490047,-0.5996067118357,0.5001755270346,0.5020681645783,-0.4841800299073,-0.4792626688328,-0.4720085614411,0.6511549884350,-0.4683679389775,0.2039689313789,-0.0448128540492,-0.3952857634936,-0.3707707879444,-0.4691293883759,-0.0013868886308,-0.2909793279291,-0.2216791428860,0.2069879953107,0.2845203926692,0.1321552251779,-0.2406316017655,0.7041442197923,0.3787361166252,0.0780785162444,-0.4169705512222
0.2836163191185,0.1482369587031,0.1120917642821,0.5220250127035,0.5024249754883,0.3190141858363,0.4663023705908,0.2792080520168,0.2273217485107,0.4016519512962,0.2637467896140,0.2910969417892,0.3194087351709,0.0381938053935,1.0000000000000,0.4303853849690,0.2254672469747,0.2110237644781,0.2709302278035,0.1643076567385,0.2853071610215,0.0759240382953,0.0631923067242,0.3170775645012,-0.0405061564226,0.0328923842541,0.1473813962418,-0.1904722221129,-0.1717269723547,-0.1030200410551,0.3211700206473,0.1653352242829,0.2434355918402,0.0059860233366,0.0186849743317,0.2559853210071,0.1162848917691,0.0833004271534,0.2076094279440,0.0661161041034,0.1779829517156,0.3178613657850,0.3634485056132,-0.0537752354261,0.1092944428426,-0.0769388819086,0.1768507786009,0.1849627928883,-0.0550201318031,0.3356497496183,0.3828683097343,0.1309815492876,0.4841066839499,0.4521208956563,0.3529225358440,0.4279532130972,0.2568277286299,0.2299220850296,0.1119170010244,0.0684319041422,0.3182671559308,0.2121832906757,0.1332000198085,0.2307372935936,0.4034528114717,0.5061669858025,0.1878570376677,0.1884373632625,0.1162618775377,0.1885423990489,-0.1363902889636,0.0255456161416,0.1838192104632,-0.0323550746176,0.0309912515380,-0.0456977814809,0.0742741313374,-0.2455741448159,-0.2041954175067,0.1536187061157,0.1118981602901,0.2071631975233,-0.2963445042628,0.2422641151651,0.0245294545653,-0.1225046018269,-0.0822710476302,0.0665408614241,0.1071598553908,-0.0348492687192,0.2133527246734,-0.0414273347506,-0.0617849249135,-0.3394667638547,-0.3083129109991,0.3201120318221,-0.2202161759265,0.0310425255454,0.1509580518447,0.1198394103499
0.2577945292825,0.0137048373684,0.2899261412867,0.7436296209773,0.3754798927063,0.3567998811538,0.6844521851425,0.5848052803762,0.5844419927120,0.2725479332352,0.3768697702710,0.3501746196842,0.4264967171367,-0.1046567746243,0.4303853849690,1.0000000000000,0.4949289274447,0.4121104315422,0.6195373820857,0.4006361978998,0.3575878488361,-0.2069475165416,0.0620492460998,0.5193428413803,0.0840385485329,0.1567915662087,0.3728219715455,-0.2838156210066,-0.3123648519374,-0.2311223274260,0.6629511498150,0.3702004413834,0.3770866483521,0.2013034607560,0.3901423077934,0.6212439244615,0.2564670251945,0.3711590278574,0.2963295266324,0.0185454114163,0.0444044691583,0.2251828398079,0.5257178287043,0.0337557831241,0.2613889555548,-0.1630496510279,0.3891066119254,0.3369921065964,-0.2432771688373,0.4089025872280,0.2581171748401,0.1346160413638,0.6304918514949,0.5501569504246,0.3038827236995,0.7183190936324,0.4095044167418,0.4402761050399,0.3870798698803,0.3306153949704,0.1348775591553,0.1543544133944,0.0311585239344,0.1506461300722,0.1744512045091,0.2372602555551,0.6522941477222,0.3792508855423,0.4568581157673,0.4294388624772,-0.1504963633011,-0.1673882943314,0.4132348958685,0.0750450175037,0.1179354417544,-0.2038118468595,0.3001632098386,-0.3274044687089,-0.3612396683198,0.3487226856233,0.1108573316933,0.1688296435283,-0.4356485868624,0.4233863811421,-0.0281705698912,-0.0824938960622,0.0288412025453,0.2952624805755,0.0051305659545,-0.0112452163817,0.1549945691357,-0.0515324957781,-0.1064082078143,-0.4639560232863,-0.3673538328527,0.4815284263131,-0.3849423265961,-0.2590763345490,-0.0332966079916,-0.0867310526828
-0.1722456018219,-0.4377572335697,-0.1569647615287,0.5600861411400,0.2064250865747,0.3853425306550,0.5565247337577,0.0847317573768,0.4608270669476,0.2872958811710,0.5189585585003,0.5657516468520,0.7519757536529,-0.4633285117227,0.2254672469747,0.4949289274447,1.0000000000000,0.7691944694919,0.1466982522573,0.1866060367479,0.6527592339352,0.0505320736701,0.3506269221413,0.7050798032387,-0.1994819360437,0.2928760470549,0.6493445200596,-0.4015267077035,-0.2816299583443,-0.4999376215898,0.7503611298021,0.4448477875499,0.7022369577223,0.1894436212560,0.2890417736059,0.5527908750559,0.5299292906413,0.2685387770759,0.2922084390424,0.0251003995326,-0.0544808094699,-0.0568970363008,0.2030448306063,-0.1284266721759,-0.1335819278142,-0.1094504489227,0.3741095525188,0.4533528810440,-0.3692135676874,0.2896927917711,-0.1143603060708,-0.3298329746598,0.4357952115162,0.3019287060472,0.4200067098225,0.5078894324575,0.5596731952788,0.5041752376120,0.6841081424077,0.5025046199094,0.1551386313074,0.4623993835902,0.3401885198587,0.4253025989934,-0.1381867137832,0.3524238063388,0.6825276021494,0.7595307838711,0.6312674841057,0.4478575303513,0.3619629494835,0.2490684544985,0.6740030118264,-0.1782692869119,0.5537736465374,-0.2352351635764,0.5176174027765,-0.3804985731504,-0.3400928392327,0.6926829145396,0.3572756739810,0.5391681894653,-0.5684548110084,0.4340352467706,-0.3347200716680,-0.0742665935182,0.3459757658249,0.4402282498105,0.3004225845660,-0.1671852620208,0.2389552200924,-0.0104837332182,-0.3119937630069,-0.3614556580687,-0.2206650635187,0.4453599499589,-0.4950793226751,-0.1361669276714,-0.1049197228033,0.2003397760982
-0.0883171445802,-0.6317855343460,-0.2103402117124,0.5742259549118,0.3378388392112,0.4593425219228,0.5284742687968,-0.1134624791146,0.4121414406719,0.2695979951747,0.6458771086199,0.5553402899767,0.6640094882329,-0.4781425786078,0.2110237644781,0.4121104315422,0.7691944694919,1.0000000000000,-0.0375576728697,0.0550641996894,0.5777788621051,0.0002985570466,0.4913152518388,0.7923594378113,-0.3200415906971,0.1211868463764,0.7355371989112,-0.4648066703181,-0.3064381996378,-0.5917502089533,0.7203320263479,0.3697839094487,0.6145518206661,0.1855011646600,0.3833655151121,0.4852939032570,0.7582154858550,0.1493531005038,0.4278747922000,0.0498016859377,-0.0399160855025,0.0250633415560,0.1916946953300,-0.3458253365442,-0.3649467070097,-0.0733089426587,0.4006656926151,0.6152119308297,-0.4175297478709,0.3152032141700,0.0278114910890,-0.4343163505816,0.4199970178228,0.3709485320422,0.4863862897760,0.4609100902577,0.5695373264063,0.4177312199024,0.7524274534060,0.5452924795456,0.1877542504218,0.5853167578050,0.4121745733316,0.4073664980610,-0.1061841850295,0.2691467478564,0.6874086401027,0.8277044995796,0.6531614582166,0.3727104786463,0.2633207957585,0.3092757985186,0.7723682273632,-0.2878576822602,0.5149962099169,-0.3802881482329,0.6631148805684,-0.4360075772622,-0.3824759856851,0.8332538280560,0.4658087661573,0.5538788183006,-0.6138842836808,0.4355398916870,-0.5175671084786,-0.0024214074497,0.5535777344367,0.5246513791824,0.3418312402825,-0.2977426451884,0.3641058053300,0.1006219009222,-0.5253321072032,-0.2692663082721,-0.1530943417129,0.4970437008503,-0.5224337508511,-0.1749256303541,0.0396215503893,0.3035849307588
0.1647721072893,0.1354497139425,0.1581496737662,0.3171699538663,0.2031150578497,-0.0240805499525,0.4172152771672,0.8079250940599,0.5868709400398,0.1644852523300,-0.0775831434334,-0.0233147568651,0.1686319880648,-0.0024596281136,0.2709302278035,0.6195373820857,0.1466982522573,-0.0375576728697,1.0000000000000,0.7979471362901,0.0797671506560,-0.1501930888989,-0.2668655378858,0.2192686109675,0.6595266807332,-0.0491367049684,0.1389871670082,0.0053514242219,-0.3079568018403,-0.0277625603732,0.3078547752870,-0.0491413141183,0.2179798046168,0.0578289310428,-0.1109282280339,0.5315098989663,-0.1127009540625,0.4748262950494,-0.0349432854286,0.1502909630333,-0.0099658627210,0.0682898939427,0.4178776954641,0.2946126930936,0.5261845479830,-0.0956545111121,0.1333876637698,-0.0547088358912,-0.0598951846969,0.1401888157038,0.1909341028379,0.1115902001256,0.3563952973443,0.2308402224197,-0.0081442543233,0.4043272933890,0.1041219176267,0.4715062849131,0.1196881399943,0.3447461493474,-0.0020215965739,-0.1630867240057,-0.2380961637362,-0.0462683420075,0.1252110827039,0.1619691089213,0.2867052338385,-0.0010588076781,0.1604059503904,0.5783955697196,-0.2562210201154,-0.3629096404080,0.0626677961284,0.6607921509257,-0.0441542123173,-0.2722890350018,0.1758272871197,-0.0297077837215,-0.3462504017979,-0.0430503854451,-0.3626060257020,0.0188383833311,-0.2030791405220,0.1881079183045,0.2289110094848,-0.1844229946466,-0.1872590562793,-0.0236265975561,-0.1065230531166,0.4857952395699,-0.0490610367619,0.0369491869198,0.2432181161545,-0.3395598791357,-0.3796462832948,0.1320108879656,-0.1853580498506,-0.1786504191559,-0.1743972277939,-0.2858510930928
-0.0812924198237,0.0889388685456,-0.0963171304661,0.1400495449351,0.0959661916145,-0.1300418173329,0.2923824564166,0.7148543963418,0.5780876448691,-0.0138377696462,-0.1723965821665,-0.1128920298489,0.2086185863386,-0.1934761825113,0.1643076567385,0.4006361978998,0.1866060367479,0.0550641996894,0.7979471362901,1.0000000000000,0.0279596808127,-0.1659700358840,-0.2859912539729,0.2273420587803,0.7882944989030,0.0859130240769,0.2421162863743,-0.0128623967420,-0.2774259901507,-0.0492027806273,0.2769228774384,-0.0754375826966,0.3019915769483,-0.1141488391728,-0.2225013197544,0.4061891054097,-0.1156021859979,0.6825821139433,-0.1147624253671,0.0575487741785,-0.1588268037881,-0.1774638304135,0.3248889893926,0.4973703554874,0.6032228143263,-0.1055468080689,-0.0598643563150,-0.1707941895600,-0.1136438031690,-0.0770377317322,0.0578699285561,-0.0947280875247,0.1777071170060,0.0907081282392,-0.0745444357301,0.2334928076295,0.2446126561061,0.5808008249304,0.2692195302733,0.4449087166708,-0.1787653833485,-0.2000426342121,-0.2830909714008,-0.0287531945185,-0.0840341482441,0.0719802592559,0.2273628282317,0.0630553105936,0.2421587723309,0.7877862519838,-0.2583049215517,-0.3521929169870,0.1667735294397,0.7933988998405,-0.0172519708454,-0.1574092303694,0.3316219938323,-0.0508515092622,-0.3178746691592,0.0316879248629,-0.3145715015080,0.1686217616543,-0.2105885993375,0.0761354872254,0.3533231219877,-0.3518165199276,-0.1546625676847,-0.0752415928473,-0.1155384062108,0.6543404904389,-0.1182214485591,-0.0359829256992,0.4279636952177,-0.2933896701728,-0.2931285345542,-0.0246913808876,-0.1609187747090,-0.2039763944642,-0.2600964022126,-0.2284939184176
-0.1984014236367,-0.4281050741833,-0.1435219660912,0.4206821314209,0.1515273658343,0.3830515475037,0.2983847245743,0.0012280990603,0.3385014911118,0.3263309792452,0.5870782120007,0.6032667134263,0.5657398466587,-0.3631716961555,0.2853071610215,0.3575878488361,0.6527592339352,0.5777788621051,0.0797671506560,0.0279596808127,1.0000000000000,0.1513242141336,0.5654587429638,0.5831723445061,-0.2553198796023,0.3146946120863,0.6314216702621,-0.3217424671499,-0.2617323114002,-0.4364944101987,0.5964809923305,0.5199907223979,0.4906817449270,0.2328599652375,0.3193995394359,0.3958080696163,0.5157734694484,0.1421867398973,0.2706912701415,0.1389254046996,-0.0706498771650,0.1991597850150,0.4535115620956,-0.2040789419099,-0.1847947050890,0.0288189318791,0.4764737215196,0.3928718996130,-0.3695228192790,0.4748509222637,-0.1725738728115,-0.3457168572466,0.2819905704245,0.2259631258455,0.3080036806025,0.3032687777729,0.4203098565782,0.3141031177678,0.4609205704111,0.3855170761995,0.1670369007303,0.4455361877542,0.3849922405278,0.2947165308076,-0.1655993620044,0.4049482029503,0.4330986783990,0.4796549030321,0.4786285390757,0.2364880958900,0.3107510308350,0.4238482775689,0.6157579000315,-0.1805182404390,0.5705886605583,-0.1279765858012,0.5080103788270,-0.3062204649536,-0.2975704491170,0.4265824093430,0.3409685418488,0.4045762506226,-0.4499685499275,0.5154735396959,-0.2680898127574,0.0926958015927,0.3581875207369,0.3903921211247,0.5356894143343,-0.2303760946622,0.2296680133814,0.0991882301919,-0.3650002651738,-0.2146077934089,-0.1646883074303,0.3246391227357,-0.4730911674565,-0.1856351699454,0.1264778844004,0.4507881810012
-0.0263380621090,0.0406228823640,0.1328971374671,-0.0947324505407,0.1578607581988,0.1841178148438,-0.0737780836412,-0.1404392721027,-0.0967766610792,0.4507425550904,0.0967282354078,0.1836291544515,0.0438582303647,0.1886840430306,0.0759240382953,-0.2069475165416,0.0505320736701,0.0002985570466,-0.1501930888989,-0.1659700358840,0.1513242141336,1.0000000000000,0.1747569536045,-0.0859095830603,0.0201232433853,-0.0297415295398,-0.1345996555377,0.1972073412734,0.2522446135000,0.1006249737842,-0.0555209570485,-0.1417731631742,0.0972884276253,-0.1152282838140,0.0077551168059,-0.1517165779290,0.0948973513247,-0.1532278367564,-0.0019435456974,-0.0638072983616,0.4416252800461,0.0072026635007,-0.2487665105842,-0.1093059208085,-0.0944157786378,0.5024729178582,0.1520547658450,0.0620329772109,0.4012876047460,0.0484875457281,-0.0047210862970,0.0218805858342,-0.1348251155105,0.0188687832782,0.1516074656532,-0.2170217460810,-0.0613205446652,-0.0828269590565,-0.1777894928062,-0.0278004513796,0.3990767088626,0.2270587904292,0.2697597927704,0.1102702665400,0.0265907296228,0.1042516908707,-0.1518670392106,-0.0112934585417,-0.2100285190980,-0.1444397190072,0.3536556184321,0.5377183078344,-0.0644322739017,0.0054147381771,0.0141550426752,-0.0981185855773,-0.1183690405335,0.3166452341142,0.2238641302876,-0.0995594217660,-0.2058354956121,0.1167742644758,0.2601157294554,-0.1783821736087,-0.0373838067834,0.0026555975983,0.1055763891331,-0.0116368638140,0.0554013893283,0.0081393767572,0.1489468793945,0.0001678644840,-0.0423225081855,0.4548238233362,0.3913104840301,-0.0259049060114,0.2752450199136,0.5640514551968,0.2916389659515,0.1900191563772
-0.1045478076063,-0.4014635531870,-0.1058174368810,0.2038985548581,0.0155628019855,0.3311748124417,0.0130828463014,-0.3176089464925,0.0267537246917,0.2044132129311,0.7653723679474,0.7624109484004,0.3408345296331,-0.2617877037418,0.0631923067242,0.0620492460998,0.3506269221413,0.4913152518388,-0.2668655378858,-0.2859912539729,0.5654587429638,0.1747569536045,1.0000000000000,0.3488408962182,-0.4400176014287,0.2316385200259,0.4507541945762,-0.2612905827002,0.0690337699579,-0.3019884576970,0.2348203310750,0.5740241748634,0.1999296413041,0.2531310675399,0.3480980408251,0.0965652883450,0.4834221152981,-0.2113991653138,0.2347948187038,0.2128593027528,0.0413161282814,0.1730897142456,0.1427199716218,-0.3912934284388,-0.4206358408881,0.0300727531462,0.4629151755962,0.4583350037944,-0.2933907522804,0.2315481964809,-0.1473903533433,-0.2346473009019,0.1116765848282,0.0904602897599,0.1909301155431,0.0237782355612,0.2058734965212,-0.0545615011880,0.2603466217377,0.0945238158212,0.1928888988304,0.5129222819028,0.6151174477210,0.2788414362592,-0.0734079631508,0.1957788960825,0.1804511109246,0.3825633515160,0.2526011192747,-0.1305433418605,0.3432965120798,0.7497192862904,0.4379657950786,-0.3748656595224,0.3272574812456,-0.0633715484652,0.3046811896453,-0.3299487088273,0.0121310541798,0.3552994710613,0.4005312200579,0.1962564384218,-0.2842664636715,0.1893844757019,-0.4971574427720,0.1678407276527,0.3486987980621,0.2585861584298,0.2926386938685,-0.4599278777733,0.1561606162659,0.1171357021356,-0.4762778657263,-0.1077252116125,-0.1380565772023,0.2367590556478,-0.2905712098378,-0.1254939193024,0.1918302186352,0.4768473851133
-0.0866335429811,-0.5491630144953,-0.1993359225910,0.6411799115281,0.3041852398622,0.4523971682174,0.6422306344850,0.0783369663168,0.6501597776797,0.3070638806333,0.6042774355819,0.5224115654526,0.7282780237635,-0.5123773069517,0.3170775645012,0.5193428413803,0.7050798032387,0.7923594378113,0.2192686109675,0.2273420587803,0.5831723445061,-0.0859095830603,0.3488408962182,1.0000000000000,-0.1802312776814,0.1323326006006,0.7395810948211,-0.5250366003820,-0.4035483987895,-0.6457782153988,0.7358037397853,0.3303167648004,0.5605699784366,0.1533836673583,0.3181204267844,0.6870593541749,0.6899858707686,0.3007157235701,0.4431832385195,0.0705303754711,-0.0460358499725,0.0439152185395,0.2412111619290,-0.2126986031057,-0.2271774446609,-0.1949476667427,0.3076834147039,0.5768991838399,-0.4492649180303,0.3107796740473,0.0338085366653,-0.3849661807787,0.5090781089872,0.4157233513228,0.5145097801308,0.6153028033114,0.5988861844701,0.5503113214009,0.8036051018179,0.6722557790343,0.2466425010390,0.5304740845148,0.3519858887646,0.4716305477140,-0.1027594803495,0.3634269450223,0.8042924467342,0.7268759552394,0.7776750377673,0.5416067337592,0.2337346208373,0.1924271041789,0.8350380318601,-0.1372571059449,0.5711092282961,-0.3589858020600,0.6453178182413,-0.5124523804388,-0.4645454208774,0.7603921194286,0.3692065442951,0.5564917105934,-0.6724389747766,0.5546142391644,-0.3883931608833,-0.1009245660436,0.4975830559062,0.6003944025977,0.3715058601748,-0.1260628691113,0.3849746968587,0.0225736529355,-0.4232408208394,-0.3847633228021,-0.2338240180483,0.5705103491608,-0.5848665041665,-0.1884286456388,0.1023231120039,0.2967617559357
