1.0000000000000,0.5396847005922,0.7115819429652,0.2726567415492,0.5624650099720,0.2358468761093,0.1023418449686,0.2096554593217,-0.1139662646525,0.2961282650285,0.1129953896970,0.1570739225991,-0.1237822868221,0.6703086222836,0.2244428992175,0.0880782302692,-0.2164148276084,-0.1123994991783,-0.1222881640342,-0.3250332503535,-0.1087197230848,0.2209095235235,0.0870213149027,-0.2164458181814,-0.3598991218552,-0.0879001464722,-0.1962500788046,0.1448834887999,0.2489363464675,0.3721053869828,-0.2386138693000,-0.0049054956480,-0.2351851836596,0.0412707051809,0.0337369574969,-0.1831181486095,-0.1762271134954,-0.3349692892353,-0.1416728751286,0.0333002894084,0.3946205052878,0.3266357877366,-0.1623443492652,-0.2454248716700,-0.0490385396350,0.1940591957772,0.0631402065389,0.1198728082522,0.4236139346313,0.1762184917854,0.5624542083395,0.6302357047852,0.1440583004725,0.4075817265727,0.1082111466907,0.0628040768732,0.0142827451743,0.0541377296895,-0.2300183157109,-0.2252660626639,0.1041787289147,0.0577110392526,0.0154299600515,-0.1361508462980,0.5544850084026,-0.2330709053749,-0.2527087090657,-0.1589446928795,-0.2915836285444,-0.3019014164432,-0.1480550514717,-0.0518567124904,-0.1924120584047,-0.2901613462605,-0.3329240566066,-0.0096528501101,-0.3049345178970,0.1931657255349,0.1548987688130,-0.2631452501389,-0.3572492749170,-0.2989865086251,0.1723669358354,-0.4172211253291,-0.1024363421972,-0.2112103711467,-0.1920684967858,-0.2502667057478,-0.4340653694324,-0.2152750395411,-0.1963243856883,-0.0532227763890,-0.1326049774381,-0.0110691135849,-0.2622450175063,0.2046949074733,0.4790780674259,-0.0011647686096,0.0644787226016,-0.2540097718699
0.5396847005922,1.0000000000000,0.4789421714107,-0.1061121193224,0.1021039858969,-0.2548662611088,-0.2804079229080,0.3423466991985,-0.2690020320534,-0.0622081394330,-0.3093267231874,-0.2667856669836,-0.4025590291251,0.7770821622311,0.1418027484569,-0.0497702375642,-0.4341094929407,-0.4894220968387,-0.2468042317441,-0.4536163431694,-0.4309937041570,0.1521515592161,-0.2557687344528,-0.5945179281299,-0.4178047811218,-0.0759347430179,-0.6794840941071,0.4001819973497,0.5281603337990,0.7825413399956,-0.4511482987246,-0.2181390009792,-0.5089882456321,-0.3510801817044,-0.1193799790947,-0.4429761859802,-0.5920176210814,-0.5324655310820,-0.4027387227370,-0.2958136688610,0.2432990779385,-0.0362798446591,-0.2418120058304,-0.1025941623100,0.1143762270809,0.0215258049654,-0.1900299201872,-0.4724496229545,0.6104913313505,-0.1145258365160,0.1727236299328,0.7809227415423,-0.0857365120283,-0.1108601614444,-0.4197785080565,-0.2764946846639,0.1518431579621,0.3282242182549,-0.4202945152078,-0.3853431714563,-0.1584255902013,-0.3712055630863,-0.2750923770904,-0.2746934548274,0.4961925566059,-0.1766361085298,-0.3867362428946,-0.4716426035770,-0.5104075738292,-0.3674746012059,-0.2603771094514,-0.1767723545246,-0.5117484982427,-0.3944361549985,-0.3643852090457,0.4847425481925,-0.6692919241736,0.3468729973099,0.5453708248720,-0.5974197522329,-0.2526957149071,-0.3587247604558,0.6264266836923,-0.4680284347126,0.4517744882041,-0.3568884884369,-0.5736031218858,-0.4694473556377,-0.4277856665443,0.0639856446184,-0.4160721402200,-0.3706119736651,0.3762048134272,0.1470663561588,-0.0503861715756,-0.2681626477410,0.6607676284577,0.0897180330828,-0.1424337565718,-0.3901175015606
0.7115819429652,0.4789421714107,1.0000000000000,0.3211644743541,0.4663581045985,0.4203546540832,0.1914561472184,0.1125814650152,-0.0961641163310,0.3641926808431,0.1439447877380,0.1951512613300,-0.0998871943525,0.6400145543480,0.2258732508530,0.0807217265374,-0.1634763561835,-0.0188245019225,-0.1035419321852,-0.2958261275071,-0.0129907483358,0.3058189158895,0.0936193760663,-0.1202191166636,-0.3619892667289,-0.0516786908535,-0.1982976724266,0.1179607479564,0.2422323031030,0.3309354857748,-0.1497224537011,-0.0288915616495,-0.1780241389069,-0.0650739520503,0.0916575179940,-0.0793923150923,-0.1295279587798,-0.3094220167567,-0.0903093365145,-0.0206335532156,0.3860593194428,0.2972926173562,-0.1473926247150,-0.2865529538916,-0.1267241734568,0.2107047230139,0.0679084438233,0.2356257239329,0.4686897768341,0.1815967228478,0.4709870912766,0.7055053683664,0.3041717940031,0.5811439517633,0.2579554708128,0.1811380469727,-0.0703942540001,-0.0632185128544,-0.2071609292883,-0.1731177929502,0.1836409313811,0.1517839165194,0.0933003454700,-0.1228797810088,0.5165459555542,-0.0489116955618,-0.1466323489244,-0.1075512825785,-0.1988039012296,-0.2909047422653,-0.0177075712406,0.0758644312002,-0.1118938914991,-0.2149930744051,-0.2328777309918,-0.0929596234175,-0.2546920125478,0.1183032048688,0.1639605915879,-0.1601262010921,-0.4011012761204,-0.2391695006239,0.2259309548963,-0.3289920424662,-0.2106862701798,-0.2089692213498,-0.1094537465837,-0.0915945995202,-0.3381300377045,-0.2598621048471,-0.0867961111369,-0.1032734257651,-0.2190907469456,0.0959537788395,-0.2554250067169,0.2443224674385,0.4833460253590,0.0421389958351,0.1844944607436,-0.1111838489748
0.2726567415492,-0.1061121193224,0.3211644743541,1.0000000000000,0.4678064753592,0.6100451514322,0.8030367603615,0.1629311614602,0.2095132975225,0.4477540810082,0.2508547561684,0.3183186806905,0.4221841137864,-0.0081921748637,0.6823146704340,0.5757330642567,0.3870230569468,0.4559258188740,0.1784083229870,0.1591752383780,0.4068029559501,0.1202916335310,0.1000550466490,0.3704695352910,0.0618689681664,0.0244391667597,0.2392333679815,-0.3363068303338,-0.3162901549310,-0.2753948648520,0.4276073947275,0.1152335241822,0.3600003860022,0.2367088505949,0.0309178167839,0.3479477902482,0.1660551377051,0.1687774463299,0.2886238166766,0.1642861631638,0.1812630588884,0.4472159387859,0.3942242823257,0.0151032399915,0.0738112232643,-0.0210993555560,0.2730557963350,0.4967920740267,-0.1484287277920,0.5545679182359,0.2614359874552,0.0566304990676,0.7398518033310,0.6771356217476,0.6435155492182,0.8180266466074,0.0135265733505,-0.0210956694348,0.2668560374038,0.1673842860273,0.1176457867427,0.3781341883719,0.1034620779661,0.2168594738007,0.0298558488168,0.2070094292202,0.4127887736865,0.3117699164420,0.2487771067775,0.0354879621470,-0.1918249699588,-0.1559025585455,0.1919502104561,0.0175903637999,-0.0354913719365,-0.4188773962678,0.1564249126209,-0.2466885756240,-0.3856404458229,0.4208443348483,-0.2061011153126,0.0838255674400,-0.4666732365319,0.1709495083428,-0.4170826417827,-0.1847814426811,0.0699950519394,0.1963132131917,0.0596563144378,-0.2794328924004,0.2424757752440,0.0493898845481,-0.2897471223647,-0.3958797856688,-0.3703436820990,0.4812755505308,-0.1112158289451,-0.3277725235142,0.0868438929530,-0.0357398687547
0.5624650099720,0.1021039858969,0.4663581045985,0.4678064753592,1.0000000000000,0.4664565396854,0.3911581491162,0.2412360387731,0.1233866968657,0.4866371666252,0.1810120648118,0.2002392892353,0.2507887366330,0.2198822694559,0.4512245474158,0.1814733019643,0.1006128358312,0.2328008744602,0.1487809069952,0.0353228883427,0.1295646099464,0.2911270551436,0.0605668573135,0.1115309651489,-0.0519561551199,-0.0959879496520,0.1255456030409,-0.0170352631948,-0.1185521608388,-0.0335323107191,0.0905424199695,0.0224965760982,0.1808663348453,0.1009261452676,-0.1484951212416,0.0904588978117,0.0388146150522,-0.0352471303463,-0.0006178324980,0.2021981655953,0.3888162674148,0.3496317828851,0.0660949476645,-0.1466884764242,-0.0442465043651,0.2223902837945,0.2341589957195,0.3001771422170,0.3679196093964,0.3945235791945,0.8434667454831,0.1947852212526,0.2899206323588,0.5557800414736,0.4136622780373,0.2771183187569,0.0552547994939,0.1456947796726,0.0862637636923,0.1876287444812,0.1818659221469,0.2423341451237,0.0419977968644,0.1241755011712,0.2191767437974,0.0794974942578,0.0206365438463,0.1488414696215,-0.0123495576144,0.0185681671847,-0.1338704705777,-0.0168693052349,0.0359182304461,0.0512265759468,-0.0956491868641,-0.3558299525174,0.0362435111588,0.0836346116518,-0.1902722457706,0.1217862576152,-0.4297130375285,0.0029882936676,-0.1303880783317,-0.1231279566887,-0.2729428252201,-0.2048768253890,-0.0356890092916,-0.0637395128608,-0.1822258838351,-0.1108754967510,0.0310243569872,0.0246046602728,-0.2138528344174,-0.0993632506668,-0.3612083383998,0.3187781877305,0.2552273880644,-0.0296657955961,0.0978616568049,-0.1295591478845
0.2358468761093,-0.2548662611088,0.4203546540832,0.6100451514322,0.4664565396854,1.0000000000000,0.4639058695145,-0.0286438596411,0.1786655654003,0.4431384029260,0.4868069457508,0.4691558528008,0.2880145759565,-0.0510260772057,0.2628903004816,0.2979935197002,0.2611295678694,0.4094491072623,-0.0176632833342,0.0684724575015,0.3743859821344,0.2024905692944,0.3520056146267,0.3120933185221,0.0008528490740,0.0495838703210,0.2784501555396,-0.3002077829973,-0.2167743120691,-0.3384549264455,0.2672154976862,0.1663581506067,0.1769285397934,0.2003202260889,0.1784896736563,0.2215442513899,0.2359245464725,0.1327710503883,0.2948611642744,0.1905710355631,0.2541523138661,0.5217180609598,0.1329700550614,-0.0825389209933,-0.1167319760691,0.1119246093018,0.2271070692661,0.8319573236764,-0.1315548134454,0.4323534347743,0.3679758993932,-0.0050651134920,0.4341537550782,0.7272327699766,0.8766074566965,0.4846040850761,-0.0888669611193,-0.2331462286854,0.2230564685065,0.1138382650409,0.2854626846583,0.4227972313386,0.3088956340125,0.1622004557209,0.0866942597911,-0.0090466525987,0.1704760871971,0.2855751432178,0.2141952654444,-0.0300646870497,0.0477296645421,0.0944310752669,0.2375454688291,0.0622414459188,0.0150972986130,-0.4065742440905,0.2258949817474,-0.1960432696844,-0.3220001444756,0.3185780984329,-0.1669191877488,0.0024394452287,-0.3980324758593,0.0729570930840,-0.4961014176629,-0.0245364107319,0.1997906525645,0.2363173748539,-0.0489013562559,-0.3083327200615,0.2563630899058,0.1350236294404,-0.3853355925702,-0.1837109796776,-0.2478615036067,0.5883088990716,-0.1157919285257,-0.2013423133847,0.3036400358895,0.1690788236669
0.1023418449686,-0.2804079229080,0.1914561472184,0.8030367603615,0.3911581491162,0.4639058695145,1.0000000000000,0.0899537130040,0.2284354354333,0.4333860451597,0.2071058656879,0.3080756563529,0.4952474679826,-0.1342363465633,0.5692917315390,0.5165132665694,0.4712032899395,0.5299511089893,0.3619304336103,0.3120120281658,0.4897813557092,0.0997166822605,0.1232577120709,0.5551798471541,0.1730839183886,0.1034077192966,0.4036816737219,-0.3784042495075,-0.3022484931416,-0.3289660393204,0.6052018412145,0.1439229631703,0.4963236074325,0.2151750114564,0.0617369063198,0.5488929491048,0.3503060011740,0.2533168937629,0.4088780231974,0.1435521026489,0.1172491397418,0.2735968632705,0.4434327939510,0.0380186970918,0.0984798607963,-0.0077323578795,0.2789326504987,0.4732930829661,-0.1277340273156,0.4638021894513,0.2233099864165,-0.0652228950764,0.7202210485944,0.5727457660250,0.5816534330654,0.8810819749714,-0.0873287057913,-0.0814334667593,0.3301798669454,0.2915581083104,0.1338533103980,0.4110094642923,0.0842052443287,0.1905618710255,-0.0659600486904,0.3750765126110,0.5514454146451,0.3470193393707,0.4167020781738,0.2142306393672,-0.0604534988210,-0.0498922007215,0.3447974648505,0.2011395198343,0.0866955288983,-0.5163167595275,0.2511597058453,-0.2956732958502,-0.3701096856112,0.5885182646100,-0.2284744354741,0.1086968702665,-0.4248980147141,0.2971591210230,-0.4642520360044,-0.1858018790392,0.2865416697948,0.4290257888207,0.2388158579217,-0.1586640482792,0.4038923877201,0.0313741446948,-0.3234334239870,-0.3667894568266,-0.4094340981365,0.4787063994394,-0.1162341074476,-0.2515378581345,0.0853461466851,0.0866183772741
0.2096554593217,0.3423466991985,0.1125814650152,0.1629311614602,0.2412360387731,-0.0286438596411,0.0899537130040,1.0000000000000,0.4477074453089,0.1929725649200,0.0083227107133,0.0330075774808,0.2237455769055,0.1191594221828,0.2329115556873,0.5651348226602,0.1414352665795,-0.0767193460905,0.4869539967596,0.3708779611619,0.0557767544319,0.0445879194178,-0.0941101802266,-0.0709446660716,0.2762489211397,0.0793825932491,0.0103995717034,0.0099944396759,-0.0446607782961,0.1898561192431,0.0582200479091,0.0675642563305,0.0497608247329,0.0158399290312,-0.1178902398893,0.1309573137259,-0.2553164119930,0.0543977647572,-0.2493659747104,-0.0490516153336,0.2294167773018,0.1395884804154,0.3597486364691,0.1506020293236,0.5175929470033,-0.0182417209916,0.0384066190034,-0.1612344905635,0.0708055987630,0.2634800165776,0.2184463038093,0.2153139670700,0.0034572830128,0.1597422684040,-0.0550363741411,0.0903282413286,0.5235793144268,0.7435579606280,0.1571131638934,0.2574280727068,-0.0067050656107,-0.0614709506383,-0.2233328180038,0.0655550691292,0.1956078091337,-0.2442235913252,0.1615563814003,-0.0257812954985,-0.0512682020917,0.3409325572673,-0.3314282120130,-0.3589458229173,-0.0165911886205,0.1856560409931,-0.1223839531179,0.0104855028964,-0.1388586031153,0.0648636949357,-0.0613187977251,-0.2090112937739,-0.3488397335658,-0.1590942195342,-0.0699794609357,-0.0261012160920,0.2448717446131,-0.4565816341751,-0.4076288849814,-0.3144495201169,-0.3335603989330,0.2783728256225,-0.3294752581349,-0.1692663273466,0.2052771868996,-0.3313723171041,-0.3864974891077,0.0029127957603,0.1231276290277,-0.1306392592655,-0.0866623075298,-0.4307278436797
-0.1139662646525,-0.2690020320534,-0.0961641163310,0.2095132975225,0.1233866968657,0.1786655654003,0.2284354354333,0.4477074453089,1.0000000000000,0.2642869152529,0.4047191348119,0.3497036496144,0.5508509212831,-0.3379259916181,0.1275404313541,0.5065776990918,0.5146666186341,0.4370261948978,0.3944962161726,0.7181416559567,0.4349132896704,-0.0189419253310,0.1819897256678,0.5772270365998,0.6786555154617,0.2253990489722,0.4793905082088,-0.3149930512490,-0.3288104717301,-0.3607664633927,0.5006918458085,0.3148732142454,0.3619316777715,0.1398802327461,0.1717056462903,0.5440389930860,0.2984446457582,0.5826230044855,0.1617652570712,0.0277883897367,0.0296911452261,0.1414022785516,0.2648694060785,0.3114268164054,0.3759290336819,-0.0369676059169,0.1475699578848,0.2038244067754,-0.2237500137393,0.2861373749441,-0.0054336466441,-0.2745839590126,-0.0399515367198,0.2519365684197,0.2427512125150,0.2436513679974,0.3332743956929,0.2195372986595,0.7369813430114,0.7878756629270,0.1929108480175,0.3411256903733,0.1806396253686,0.3388413351064,-0.2153146365659,-0.1430846435592,0.4322203468460,0.4395758825869,0.6888854916713,0.4865748732059,0.1195404329842,-0.0316074108627,0.6141901271915,0.5978362630259,0.3041607026552,-0.1861391878716,0.4313344935117,-0.2631748671094,-0.3400207568055,0.3205272937591,0.0236988609683,0.2012081612703,-0.4145701239639,0.1823817712725,-0.1642699779563,-0.1854518885315,0.1779841596747,0.2433695626851,-0.0645009497279,0.0461550062448,0.0432712684941,-0.0159846068289,-0.1228496741065,-0.3316869137408,-0.2268744078798,0.1340651681100,-0.3271319834346,-0.1680330359911,0.1106014146527,0.0288975688907
0.2961282650285,-0.0622081394330,0.3641926808431,0.4477540810082,0.4866371666252,0.4431384029260,0.4333860451597,0.1929725649200,0.2642869152529,1.0000000000000,0.4822169032338,0.6010491412577,0.5053757495363,0.1151416983225,0.5025042479272,0.2523818305406,0.2814717076006,0.2509401564274,0.1444437430100,0.0582835792492,0.3837095189779,0.5714716527821,0.2081042314591,0.3326301039640,-0.0649856074193,-0.1198785316669,0.2396414620049,-0.1568065378833,-0.2198536424312,-0.2199109654223,0.2069925294928,0.1437658707868,0.3574922948468,0.3118851459520,0.0743402798220,0.2582835653470,0.2613917758956,0.0324210173584,0.1806126588620,0.3205139701197,0.3522233269629,0.4609651103113,0.0216080925791,-0.2586996601923,-0.0305001889397,0.3580341817046,0.3296928749255,0.3928862129923,0.0996999751935,0.5577502621383,0.3460244639103,-0.0194290440098,0.2864283785692,0.6264851440364,0.4795316793082,0.3722602018038,0.1487873707808,-0.0368594238412,0.1867639422227,0.2360827314888,0.7564964281554,0.6563921085193,0.4492274104902,0.4448880187345,0.1253959400094,0.1474920993777,0.1348287218106,0.2426084844932,0.1840485795620,0.0407453394337,0.2225898866301,0.2791138135098,0.2874793068412,0.0812213288212,0.1236431244891,-0.4058145158840,0.1854050355034,-0.0570196340088,-0.3313977882073,0.2163190373012,-0.3254363001175,0.1842434416578,-0.3135815357114,0.0047451626522,-0.3306603243221,-0.0192235288052,0.2486230241412,0.1989688344847,0.0127366752247,-0.2200928864750,0.2269165340552,0.2141393989666,-0.4339125112966,-0.1279716127908,-0.2124515508048,0.4670323435387,-0.0617085289473,0.0600174771649,0.3963434180740,0.2345536868120
0.1129953896970,-0.3093267231874,0.1439447877380,0.2508547561684,0.1810120648118,0.4868069457508,0.2071058656879,0.0083227107133,0.4047191348119,0.4822169032338,1.0000000000000,0.8444978273296,0.4959665655114,-0.1504189380058,0.1099300598562,0.1899116046852,0.4252314568485,0.5336357299244,-0.0940537118925,0.1272640214131,0.5313864367967,0.2433816697298,0.7546398777604,0.4589886653673,0.0383965870109,0.1851604562666,0.4265481705799,-0.4179437283047,-0.0661843651306,-0.3263879103821,0.2341060268895,0.4751331825383,0.3138201134637,0.1698621908644,0.3018264962625,0.1772172989602,0.4784331827170,0.1852518481997,0.3011490169267,0.1281158811474,0.2710332634920,0.3990538794746,0.0103369504823,-0.0522070220199,-0.0696385253292,0.0867325298382,0.2795529712611,0.6112110452279,-0.1979181110805,0.4595757152320,0.0101720126045,-0.1465866587831,0.0025427418205,0.4122738664415,0.4703341262684,0.1784596356611,0.1214141742432,-0.2270243433710,0.4122501978825,0.2150384972029,0.4659881767458,0.7600821428118,0.6876287130781,0.4265898130119,-0.0331543754218,-0.0911802679693,0.0793298619225,0.5811436611797,0.2850126289531,-0.0440778116799,0.3765497906563,0.4389597174685,0.5305382276515,0.0781710887761,0.1231135920919,-0.2914027898005,0.3558867822917,-0.3351132742743,-0.1431650867019,0.3830940062287,0.2204512431694,0.1711664769462,-0.3202129572182,-0.0016204757555,-0.4878348266675,-0.0341195595413,0.2959472751295,0.2067212144061,-0.0303945745030,-0.3716850653641,0.1988845557633,0.1113323966302,-0.4125281670130,-0.2834032480641,-0.1334945402100,0.4610431535883,-0.2410187380804,-0.0584252187259,0.3358482069103,0.3813558244632
0.1570739225991,-0.2667856669836,0.1951512613300,0.3183186806905,0.2002392892353,0.4691558528008,0.3080756563529,0.0330075774808,0.3497036496144,0.6010491412577,0.8444978273296,1.0000000000000,0.5322795316589,-0.0636764019655,0.2225705365843,0.2270733218050,0.4503629410068,0.4465977852460,-0.0507272707919,0.1041753058281,0.5991967938412,0.3538439157035,0.7421970720694,0.4028047168382,-0.0106831348287,0.1384065508835,0.3747309291590,-0.4024189434087,-0.1083570406996,-0.3209570346366,0.2389686516233,0.4663833063791,0.3884139658428,0.2447041077396,0.2758645920222,0.2126245852425,0.3946023537043,0.1377241286365,0.2103902566543,0.1855273887604,0.2517568795565,0.4331038423166,0.0018694214700,-0.1560208865628,-0.0877981644123,0.1515803648199,0.3774307567602,0.5678909336621,-0.1894364839548,0.4606605012793,0.0424809261981,-0.1212542374395,0.1010717506768,0.4828499650749,0.4836405259889,0.2516236322824,0.1114620417999,-0.2161351133643,0.3289845103896,0.1893889813950,0.5155200870673,0.8292955720185,0.7810993132573,0.4839632434495,-0.0364977423022,-0.0049631851647,0.0875697679848,0.4789519393586,0.2598329328614,-0.0208693742765,0.4492228163458,0.5344593536590,0.4504189596076,0.0237061823799,0.1139192989851,-0.3689042668344,0.2329249661415,-0.3279782212025,-0.1942787555348,0.3269864313381,0.0500521130484,0.1781727668021,-0.3653106557486,-0.0618644318087,-0.5081077746619,-0.0079251646844,0.2512986546125,0.1831908333125,-0.0246133910112,-0.3684509673681,0.1472966692276,0.1654272791701,-0.4750651962955,-0.2440039886858,-0.1290697511237,0.4863280742961,-0.2217127003552,-0.0721286641583,0.3655713024042,0.4073971206563
-0.1237822868221,-0.4025590291251,-0.0998871943525,0.4221841137864,0.2507887366330,0.2880145759565,0.4952474679826,0.2237455769055,0.5508509212831,0.5053757495363,0.4959665655114,0.5322795316589,1.0000000000000,-0.3645398770901,0.3901613152971,0.4799698048626,0.8062180773707,0.6409998094596,0.2623286773600,0.4687555921700,0.6517090160391,0.0110616557424,0.2191942712396,0.6796382253981,0.3044137840583,0.2525205499622,0.6581430185402,-0.3877523565578,-0.3598367764596,-0.4477649497583,0.6244050882415,0.4506030962933,0.7908060212897,0.3230316725718,0.1110110871138,0.4748704630250,0.4670169467915,0.5222005739154,0.2757319600597,0.2403959671230,0.0433509782095,0.2295070052176,0.3200189670826,0.1618192650890,0.2433377813280,-0.0104862067789,0.2909111076698,0.3283558018993,-0.2300367554122,0.3860216425708,0.0462957584096,-0.3564612097903,0.1768189252153,0.3462117057600,0.4086757475019,0.4522440193875,0.4020957282748,0.0892393340246,0.5873339944030,0.4877629707007,0.3424436088096,0.5815708899827,0.3405397322986,0.7436111212232,-0.2541340997516,0.1403480236081,0.4616940215602,0.7336815430048,0.5046707649848,0.3147786470998,0.2692912190395,0.0532429696080,0.5877396192458,0.3026588179263,0.3964113345937,-0.3580996039196,0.5211778195334,-0.2846902710815,-0.4525445088394,0.5792519557366,0.0301088203928,0.5608201371542,-0.5316981907652,0.3086260084151,-0.3321129994538,-0.0946482634879,0.3567189690139,0.3338098660362,0.1565867506354,-0.1217949300723,0.2528326251041,0.1889918943775,-0.2663621461555,-0.4287620377447,-0.3387220238594,0.2585031387807,-0.3826856852036,-0.1503504971004,0.1312955519471,0.2141358282760
0.6703086222836,0.7770821622311,0.6400145543480,-0.0081921748637,0.2198822694559,-0.0510260772057,-0.1342363465633,0.1191594221828,-0.3379259916181,0.1151416983225,-0.1504189380058,-0.0636764019655,-0.3645398770901,1.0000000000000,0.1807717059135,-0.0864381841530,-0.3636868258289,-0.3176654698680,-0.1945987839716,-0.4768756646379,-0.2454887967734,0.2566221273399,-0.0843209050353,-0.4644694234477,-0.5025521856560,-0.1298140544138,-0.5370715689122,0.3935033373327,0.5245968036977,0.7361003596424,-0.3559566791066,-0.1827999374787,-0.4007245083952,-0.2237490361423,-0.0392829094299,-0.3050994465299,-0.4061611170242,-0.5477957590718,-0.3195566392759,-0.1856694364907,0.3512382312075,0.0850665056543,-0.2759269251741,-0.3179530253676,-0.0949736487778,0.1441244069160,-0.0786763518951,-0.1922654110723,0.6444314810829,-0.0283995963196,0.2617360100905,0.7216129875863,0.0137825815715,0.0731473200885,-0.2173495991533,-0.1680649118456,-0.0645551490879,0.0523339696493,-0.4479578114686,-0.3680794038092,-0.0538953073751,-0.1885507666957,-0.0726100330310,-0.2943433210417,0.5903632553528,-0.0875944631296,-0.3411776735288,-0.4200290772567,-0.4226546824272,-0.3938738187942,-0.0898784019276,0.0011040256269,-0.4282842885676,-0.4013413455292,-0.3120350018842,0.2170144042665,-0.5680501398754,0.3568099520481,0.4866006111874,-0.4135666458075,-0.3655017739847,-0.3688279989396,0.5874092677485,-0.4844800069217,0.1311168778508,-0.2685492403599,-0.3433971590619,-0.3166931394857,-0.3776367524095,-0.1338669055678,-0.2886573588003,-0.2439748570651,0.0352866682801,0.1915597681637,-0.1612286273245,-0.1068127904209,0.7324946060802,0.0849286282153,-0.0545344730470,-0.2872734342838
0.2244428992175,0.1418027484569,0.2258732508530,0.6823146704340,0.4512245474158,0.2628903004816,0.5692917315390,0.2329115556873,0.1275404313541,0.5025042479272,0.1099300598562,0.2225705365843,0.3901613152971,0.1807717059135,1.0000000000000,0.3970851826096,0.2659337254084,0.2687781739237,0.1886781941549,0.0826698458221,0.3684912379960,0.2764041247540,-0.0463420569097,0.2478156415396,-0.0179533203307,0.0245973960746,0.0721256439013,-0.0723422108105,-0.1598770636087,0.0210414713578,0.3143755743627,0.0734783404631,0.3593683629883,0.1104899970418,-0.1870424104488,0.2586965757406,0.0719083043028,0.0991054965167,0.2343524281885,0.1165311472524,0.2614644501692,0.3729680838723,0.4176821470696,0.0010720287463,0.2349838877325,0.1134451354566,0.3093197984172,0.1799647208016,0.1415235893144,0.5811844998503,0.2399190440978,0.0554681197334,0.4294821608420,0.4260457462440,0.3018645926154,0.4337642598630,0.0802865310715,0.0841323499029,0.1028531299907,0.1103850840284,0.1568223951460,0.2461442410440,-0.0019790411965,0.2077363444863,0.0636423947252,0.4417729666110,0.1793864553271,0.1100236434062,0.0894239420547,-0.0044903115263,-0.2613795858067,-0.1263103112165,0.0511572419430,-0.0447092113219,-0.0659992408236,-0.2719447502169,-0.0117598750553,-0.0346630481969,-0.2244371406120,0.2044496495736,-0.2929773329794,0.0547717318060,-0.1595091053261,0.1131780175465,-0.1731455043935,-0.3100908000472,-0.0474945561632,0.0001787930851,0.1326777017450,-0.1385612737727,0.2282785737702,-0.0407379954498,-0.1211234767593,-0.2789202203751,-0.3738809011113,0.2814961212259,0.0713403405498,-0.1156038667561,0.0721749900878,-0.0167766452643
0.0880782302692,-0.0497702375642,0.0807217265374,0.5757330642567,0.1814733019643,0.2979935197002,0.5165132665694,0.5651348226602,0.5065776990918,0.2523818305406,0.1899116046852,0.2270733218050,0.4799698048626,-0.0864381841530,0.3970851826096,1.0000000000000,0.5452012435157,0.3491489275187,0.5034106311207,0.3831698358585,0.4989205132359,-0.1541777582027,0.0312044497081,0.3689836717146,0.2997982580043,0.2187962602074,0.3477886169402,-0.3920622377827,-0.3016301126376,-0.2108007720197,0.5885162548977,0.3021297523163,0.3668453989114,0.2709728137769,0.2983028084959,0.6380666887592,0.0979224175878,0.3661852584066,0.2033132480462,0.0998632632422,0.0494987583269,0.2926046095189,0.6686552416772,0.2564913882329,0.4084230465047,-0.1557349681709,0.1916564178873,0.2262622916389,-0.1884997340622,0.4100985779182,0.0996301168516,-0.0042013826452,0.3675793974912,0.3927589999036,0.3319535621718,0.6090893572832,0.2899245535069,0.2962194707813,0.3962749626060,0.3179370662762,0.0107127417412,0.1660049366870,-0.0950942140667,0.1900966706913,-0.0595191284641,-0.0634333810657,0.6907595666812,0.3013724118074,0.3990272684898,0.2529575982180,-0.1369564935183,-0.3587328934706,0.2799683582717,0.1599879514226,0.1479546681870,-0.2639615030735,0.1903943148334,-0.2872844071193,-0.3733947691094,0.2722057166640,-0.1611344409154,0.0549541054568,-0.4406219383401,0.4120635329693,-0.1566809101962,-0.3024235463168,-0.0275908823243,0.2548515496471,-0.0362757029648,0.0094885994044,0.0755201289707,0.0165795593996,-0.0484074651980,-0.5546983379438,-0.4746283756411,0.2813732590096,-0.1575602607407,-0.3811928746145,-0.0653169673775,-0.1774203983641
-0.2164148276084,-0.4341094929407,-0.1634763561835,0.3870230569468,0.1006128358312,0.2611295678694,0.4712032899395,0.1414352665795,0.5146666186341,0.2814717076006,0.4252314568485,0.4503629410068,0.8062180773707,-0.3636868258289,0.2659337254084,0.5452012435157,1.0000000000000,0.7457442106533,0.2309026121055,0.5044378360954,0.7753660210925,-0.0332011593970,0.2917037029194,0.6879834578795,0.3229200103375,0.4048725182074,0.6544687062782,-0.4116229027679,-0.2656588636506,-0.4081710566607,0.7724095378918,0.5459637468499,0.7784157418398,0.2529312559757,0.2729832268495,0.5405992612557,0.5289484048853,0.5602013744957,0.2775074290430,0.1230882630032,0.0089071065039,0.1931004540549,0.3884193363075,0.2433504670405,0.2528832624996,-0.0593673541321,0.3288518743535,0.3424819354978,-0.2564145223949,0.2918896723206,-0.0690249358319,-0.3369037723129,0.1969491224768,0.1876710591344,0.3470815217636,0.4530761523196,0.2401111658976,-0.0033010216423,0.5850439690760,0.4122202501976,0.0896175677097,0.4478068938940,0.2512294274535,0.4613859496243,-0.2894286683268,0.1168750876833,0.5493242216110,0.7245870170727,0.5485480728285,0.2859052490473,0.3162140682397,0.0629717307584,0.6192990748817,0.2916943818275,0.4582855371115,-0.3104648662269,0.5047806056208,-0.3530858238612,-0.3578378691604,0.6509586413857,0.0836181856653,0.4742860624404,-0.4697562484111,0.3429672036474,-0.3685613251552,-0.1204101972577,0.3820083758206,0.3740160265345,0.1778470519503,-0.1668244267534,0.2177168975127,0.0940711834989,-0.2309097555417,-0.4051580596511,-0.3858696440650,0.1657194024001,-0.3501030029432,-0.2114388558984,0.0167891263705,0.1734522316304
-0.1123994991783,-0.4894220968387,-0.0188245019225,0.4559258188740,0.2328008744602,0.4094491072623,0.5299511089893,-0.0767193460905,0.4370261948978,0.2509401564274,0.5336357299244,0.4465977852460,0.6409998094596,-0.3176654698680,0.2687781739237,0.3491489275187,0.7457442106533,1.0000000000000,0.0179635298452,0.3868744130943,0.6546008549149,0.0703011966094,0.4361035273015,0.7096371920729,0.2589018850698,0.3628927534404,0.6572960997850,-0.3797904207262,-0.1710595673676,-0.3621354599712,0.6967097361532,0.4998157473515,0.6110541027879,0.2726747702584,0.2799269234969,0.3781248717878,0.6687845276571,0.5277314938998,0.4381670067838,0.2047175569073,0.1460446853583,0.2557282956631,0.3091062820935,0.1983056819724,0.0719845396256,0.0692027657599,0.4330916262784,0.5329469926292,-0.1644280150394,0.3566427932982,-0.0075464016686,-0.2817748451900,0.2695096624813,0.2533585938997,0.4390231790786,0.4784620014822,0.1333909747645,-0.1648517714806,0.6573635617067,0.3967843548636,0.0369570403881,0.4572062266993,0.3106040121832,0.2737926858441,-0.2523458210335,0.1277843535071,0.4569521273210,0.7770170473909,0.5188261655073,0.0886140607589,0.1691180084344,0.1799294440886,0.6552240638786,0.2884212533851,0.3056211496467,-0.4514021292833,0.5609084565490,-0.2941822064921,-0.2334751688000,0.7553899349336,0.0630974275493,0.3535227820629,-0.3555152453233,0.2678481259840,-0.5576991820258,-0.0170996694470,0.4842881128754,0.4246723121066,0.1762544063162,-0.3112627004177,0.3567546477460,0.1612135870503,-0.3470812282566,-0.2611862707106,-0.3648213775321,0.2509785165890,-0.2269958792309,-0.1647320691451,0.1092499665906,0.1963986939494
-0.1222881640342,-0.2468042317441,-0.1035419321852,0.1784083229870,0.1487809069952,-0.0176632833342,0.3619304336103,0.4869539967596,0.3944962161726,0.1444437430100,-0.0940537118925,-0.0507272707919,0.2623286773600,-0.1945987839716,0.1886781941549,0.5034106311207,0.2309026121055,0.0179635298452,1.0000000000000,0.6148039303586,0.2331102713487,-0.1478902382605,-0.1463640468144,0.3276576716412,0.5202673373468,-0.0417398538259,0.3171439529135,-0.1657270825770,-0.3808288422951,-0.2496100367928,0.3647654339026,-0.0599553821297,0.3326114321330,0.1033885571981,-0.1507955934054,0.7055303697195,0.0373095767488,0.2885883800361,0.0117014201174,0.0170961110905,-0.0500535085902,-0.0424314516902,0.5561580710027,0.0579329885429,0.3101285968008,-0.0364313854375,0.0214970650067,-0.0062682561802,-0.1535546323208,0.1401691231556,0.1639735693978,-0.2005707803811,0.1722506587802,0.1876105216905,0.0878867696551,0.2712029734316,-0.0088868934452,0.3071405393691,0.1819142283034,0.4928314949804,0.0261769862713,-0.0318521676739,-0.2840559867574,0.0018061760672,-0.1096046518387,0.1234536009308,0.5036134767174,-0.0375964131505,0.3909625090958,0.6858115323808,-0.1867474769970,-0.3139192466247,0.1301267433870,0.4896703472735,0.0855174213694,-0.3763600218153,0.2128293181325,-0.1393231030648,-0.3980381033249,0.1545022458544,-0.2970901591263,-0.0509423706914,-0.3411536249201,0.3530396269647,-0.0405204610020,-0.2532447379290,0.0418611100991,0.1646919842460,0.1067876601653,0.4008893142363,0.0521771810821,-0.0144261673171,-0.0430325291046,-0.3175270871786,-0.3439620812399,0.1015526026648,-0.1630096389079,-0.1260108302159,-0.0645288992210,-0.1924992148860
-0.3250332503535,-0.4536163431694,-0.2958261275071,0.1591752383780,0.0353228883427,0.0684724575015,0.3120120281658,0.3708779611619,0.7181416559567,0.0582835792492,0.1272640214131,0.1041753058281,0.4687555921700,-0.4768756646379,0.0826698458221,0.3831698358585,0.5044378360954,0.3868744130943,0.6148039303586,1.0000000000000,0.4024517979935,-0.1248780199886,0.0285200684994,0.5329312005818,0.8841332973987,0.2192966499487,0.5400559494504,-0.2555445607668,-0.4457944423216,-0.4273189960252,0.5553028081573,0.2027352075196,0.5233621136003,0.1239550314189,-0.0540658376993,0.5894637435455,0.2992473362019,0.7334031225150,0.0905741714937,-0.0131100507281,-0.1161765263291,-0.0679457844835,0.4219924091130,0.3660780189039,0.4686982854688,-0.0466881046865,0.1597673217815,0.1227864546898,-0.3368952841993,0.1280460390857,-0.0613461290953,-0.4310734912151,0.0403275745074,0.0714487957299,0.1419295051279,0.2149223090697,0.1338944618728,0.2678953866088,0.5940105925200,0.7395424956597,-0.0435619642634,0.1109922856189,-0.0737410650052,0.1525729627280,-0.3356382342270,0.0275285978299,0.4619497671111,0.3068819142773,0.5900957387635,0.8140312975028,-0.0402966201987,-0.1650219983165,0.4670369702414,0.8065126686947,0.2870426333408,-0.3655473984885,0.5130750769747,-0.2485114176692,-0.4359737509175,0.3996123806986,-0.1178253791596,0.1977545973716,-0.4341449713475,0.2893644506284,-0.1086579382798,-0.1585135350073,0.2027539328057,0.1892488268912,0.0883101230637,0.3377043777556,0.0626761676795,-0.0157731260421,-0.0213011089822,-0.2657117396628,-0.2918038224035,-0.0154198686445,-0.3633829232888,-0.1963919029655,-0.0382171021552,-0.0671368770759
-0.1087197230848,-0.4309937041570,-0.0129907483358,0.4068029559501,0.1295646099464,0.3743859821344,0.4897813557092,0.0557767544319,0.4349132896704,0.3837095189779,0.5313864367967,0.5991967938412,0.6517090160391,-0.2454887967734,0.3684912379960,0.4989205132359,0.7753660210925,0.6546008549149,0.2331102713487,0.4024517979935,1.0000000000000,0.1306659758432,0.4370419155697,0.6599387098406,0.2387093222944,0.4057503152152,0.5940783748847,-0.3964616373336,-0.2408241155552,-0.3694083346403,0.7383167354200,0.5847959342912,0.6433242073549,0.2605315571125,0.3660639676515,0.5641703702024,0.5734628646935,0.4918457093844,0.4234465030836,0.1069546099090,0.0475223131019,0.3154206767746,0.5013594636605,0.1111444490272,0.2252419922953,0.1047723748401,0.4872574413331,0.4856299679922,-0.2196020981208,0.4472326568873,-0.0138638085487,-0.2906812939265,0.2088809098593,0.2909467416907,0.4011232369715,0.4122812727931,-0.0299388200042,-0.2307254033454,0.4607186119540,0.3211593742184,0.1831998044861,0.5599895973246,0.3438006024295,0.2851576742591,-0.2181582539886,0.2112269744803,0.4313439161294,0.5159228878262,0.4881198954892,0.1563921011386,0.2833981153019,0.2016105564641,0.5549714567497,0.2018606621546,0.3387486243662,-0.4587008387047,0.3841293732293,-0.3921061043930,-0.3470742025385,0.5803635183630,-0.0292600064586,0.2146592130325,-0.4114499827182,0.3251913261251,-0.5036868283292,-0.1203860446629,0.4328891529657,0.4321307785022,0.3042651366312,-0.2602031107333,0.3728970169301,0.0928424566193,-0.3796365716545,-0.3373795285468,-0.3800908883602,0.3001402158287,-0.3181652832323,-0.2367604559789,0.1599806567079,0.3490294189034
0.2209095235235,0.1521515592161,0.3058189158895,0.1202916335310,0.2911270551436,0.2024905692944,0.0997166822605,0.0445879194178,-0.0189419253310,0.5714716527821,0.2433816697298,0.3538439157035,0.0110616557424,0.2566221273399,0.2764041247540,-0.1541777582027,-0.0332011593970,0.0703011966094,-0.1478902382605,-0.1248780199886,0.1306659758432,1.0000000000000,0.2431008113055,-0.0226314492327,-0.2062487152266,0.0284781553345,-0.1223502604351,0.1994883410894,0.1864748675092,0.1682387661582,-0.0881898647611,0.0719462660056,0.0595005127377,0.0376811712944,-0.0529459881890,-0.1117159643757,0.0644968691930,-0.1982695628830,0.0002744649453,0.0854133225322,0.4925751837749,0.2033017926973,-0.1607817247507,-0.2071798582759,-0.0331029838435,0.6291783689768,0.4634034889339,0.1921394445568,0.3759507705977,0.3067963129260,0.1595651105789,0.1556885045572,0.1147559059210,0.2246095219177,0.1455004278499,-0.0091358981593,-0.0601216995382,-0.0627515545099,-0.0747688905882,-0.0186343880004,0.3853881532711,0.3439231763125,0.3413502262455,-0.0426069816298,0.1484185028874,0.1674235796386,-0.1949855195133,-0.0681944565549,-0.1307499441461,-0.1806113096521,0.0300433422822,0.5545490947086,0.0249304128600,-0.1031249223012,-0.1222023686927,-0.1484228662542,-0.2112983223653,0.1675023985442,0.1427008748122,-0.0745039897162,-0.3636247516613,-0.1619065794556,0.1970192020132,-0.2769569332235,-0.1696323255271,-0.0373390175759,0.0050312061753,-0.0866789828490,-0.0675971648762,-0.1964335858907,0.0486524371829,-0.0052485679572,-0.1964597099462,0.3218814386270,-0.0297687277781,0.1686190323063,0.2682037186462,0.3205942386821,0.2919172467058,0.1181850314694
0.0870213149027,-0.2557687344528,0.0936193760663,0.1000550466490,0.0605668573135,0.3520056146267,0.1232577120709,-0.0941101802266,0.1819897256678,0.2081042314591,0.7546398777604,0.7421970720694,0.2191942712396,-0.0843209050353,-0.0463420569097,0.0312044497081,0.2917037029194,0.4361035273015,-0.1463640468144,0.0285200684994,0.4370419155697,0.2431008113055,1.0000000000000,0.2711703993072,-0.0372335675638,0.2951643142882,0.3302808172245,-0.4099713245067,0.1370158080122,-0.1778740209685,0.1210075460976,0.5469359477077,0.1913277949936,0.1055257873524,0.2989535951111,0.0492807641584,0.3600339501705,0.0438980652576,0.1662466076459,0.0326818196100,0.2796566062275,0.3256227752518,-0.0029175108074,-0.0643779868061,-0.1361727883666,0.1186242010837,0.3514538607795,0.4712499560455,-0.2347982710791,0.2750680011603,-0.1057331200218,-0.1230698031443,-0.0868708181078,0.1947329357970,0.2633986215122,0.0309953793174,-0.0198407668231,-0.3054262053044,0.2008967788530,0.0041201352340,0.1238104872571,0.5227610119557,0.5571157776075,0.1324848263747,-0.0912328245724,-0.1276823593847,-0.0395167931844,0.3494646957355,0.1345724229600,-0.1015593864374,0.3004417392009,0.5943749123312,0.3396086573820,-0.0117265304787,0.0131266895719,-0.1903770439105,0.2025338258206,-0.3774477073144,0.0764970658464,0.2696642810092,0.2473635194138,0.0306167216240,-0.1873734607534,-0.0969650760195,-0.4258504243918,0.0194923917772,0.1822071019949,0.0933637369469,-0.0332306212286,-0.3281974346897,0.0698975946024,0.0837754084445,-0.3120340031070,-0.2156770281511,-0.1225711190346,0.2814241474805,-0.1645065926513,-0.1161386433580,0.1627391137527,0.2354897592497
-0.2164458181814,-0.5945179281299,-0.1202191166636,0.3704695352910,0.1115309651489,0.3120933185221,0.5551798471541,-0.0709446660716,0.5772270365998,0.3326301039640,0.4589886653673,0.4028047168382,0.6796382253981,-0.4644694234477,0.2478156415396,0.3689836717146,0.6879834578795,0.7096371920729,0.3276576716412,0.5329312005818,0.6599387098406,-0.0226314492327,0.2711703993072,1.0000000000000,0.4000298904351,0.2548080412255,0.7052680447983,-0.4190694333969,-0.3378873477823,-0.5406660454352,0.8109252711502,0.3325730673621,0.6169499591109,0.2344319926362,0.2152914257908,0.7047011452877,0.7238555493515,0.5893352783631,0.4873313221027,0.1307155343933,0.0428329266174,0.2072460114489,0.3783821278503,0.1630123941321,0.1799488720689,0.0192461208921,0.2299608208349,0.4617328495217,-0.2581530214997,0.2900767333436,-0.0346719250789,-0.4361943901110,0.2373174572373,0.3075388005166,0.4486846845109,0.5118431752806,0.0372236211658,-0.2707768149491,0.6585709755154,0.5201222940466,0.2955714570163,0.4978628385316,0.2579040594625,0.3694189653720,-0.3163035905948,0.2384707395085,0.6020685536126,0.6296244902335,0.8054563548605,0.3374239443194,0.2813223812437,0.1362470489464,0.8115921249138,0.4021410840611,0.4703320939238,-0.3935565581851,0.5677760168733,-0.3657381378062,-0.4088137936746,0.7619497692845,0.1076097703107,0.3173920208278,-0.4759010431756,0.4303260305569,-0.4629180734190,-0.0577909919414,0.6286524047685,0.6126455901604,0.3475032558953,-0.1995704526274,0.4359292570168,0.1123144633103,-0.3979342490445,-0.3243969362249,-0.2562739735607,0.2858831399563,-0.4312874861537,-0.0082444346533,0.2366522780147,0.3055916560067
