1.0000000000000,0.6205652622319,0.7175967672465,0.3367536399111,0.8405996010255,0.6375545904389,0.3570955012723,-0.0814961981720,-0.1225987598813,0.4030862848277,0.3900280832597,0.2334326958908,0.1051701722645,0.5979982567879,0.3006777685032,0.1171973703285,0.1132743727832,0.2568950769639,-0.2460542882657,-0.1651623169906,-0.0771909171304,0.2310453524487,0.2629865494143,0.1360363887590,0.0165274525530,0.2866806446445,0.0158396450755,-0.3246896134428,-0.0127827803461,0.1292609572138,-0.2172519398787,-0.0146756925748,0.0045400934496,-0.1600764585479,0.2251467912336,0.1219955671666,0.0647358726181,-0.2781794553415,0.1878305224961,-0.2363590601473,0.3063784426504,0.1773873939871,-0.1816428715214,-0.0985782291310,0.0979240437308,0.0892564352923,-0.0520851594096,0.3988414581816,0.1505969078845,0.2846223286484,0.7582600317190,0.3614857078364,0.3159562756852,0.6058432717362,0.4427812716712,0.1614417400709,-0.1044630654743,0.0503507004828,-0.1076019285088,-0.1466080800131,0.2908034660098,0.3821618131293,0.2301262185316,0.1090005663467,0.3422071127351,-0.1817467536526,0.0518660220543,0.2766648468331,-0.2265393010065,0.0671303073011,0.0873888357636,0.1471334109845,0.1792412614806,-0.0006916735783,-0.1548294490823,-0.0465662099685,-0.0810440950135,-0.3843717766586,-0.0720637330596,0.0517571250446,-0.2366439539096,0.0468708102646,-0.2744630844015,-0.1526759856787,-0.3856539828546,-0.4221272864670,0.0875152313507,0.2827506592708,-0.1959374502429,-0.1619271951416,0.0650528250981,-0.3719375064730,-0.4052586384061,-0.4086760295278,-0.0884158900034,0.3378143124217,0.1732792695003,0.0282243913481,0.1846802145764,0.2137951348246
0.6205652622319,1.0000000000000,0.4883799078386,0.4608280665411,0.4649987633182,0.3547099956712,0.4371111847556,0.0611650095475,-0.0922626423988,0.3016804460182,0.1759213198361,0.1042579365220,0.1190932919926,0.7004286658612,0.4606399592827,0.1157936289020,0.1026839920587,0.2096634880279,-0.2045438004667,-0.2096116350109,-0.1070461658208,0.0426086752477,-0.0752761838877,0.0315890325275,-0.0907122975438,0.2905156430274,-0.2603994796340,-0.1000720902479,0.1904690355671,0.4193752397419,-0.2038173484982,-0.0801653493088,-0.1353880297613,-0.0790816515587,0.2052005664893,0.0156545455106,-0.0375436535780,-0.1977048018142,0.1020128708244,-0.2007055851821,0.2943131270386,0.2138618988166,-0.2493862856008,0.1166184768104,0.0635293424715,-0.0665518850098,-0.2177380220061,0.0009113258052,0.0661980313889,0.3112593839599,0.4724860871351,0.8664206662630,0.5415051765756,0.4087811077704,0.2809524585672,0.3907707056300,-0.0084487819765,0.2209434699897,0.0134319585025,-0.1274511990717,0.2447825954080,0.1678469398082,0.0625618822676,0.1579512963621,0.6628206095229,-0.0209214980671,0.0715399692812,0.1506846827753,-0.1690927932551,-0.1476183236826,0.0819733415466,-0.1350209000379,0.1197551948341,-0.2218963358203,-0.2031375958125,-0.0068458913805,-0.3277303661095,-0.1658464998846,0.2630251735755,-0.0644704178493,-0.3166862599296,-0.1225912064600,0.0774175855241,-0.2493017120285,-0.3388664079339,-0.4179310503024,0.0033161944130,0.2633002346410,-0.2240553903613,-0.2988285622640,-0.0588518384235,-0.2855165435744,-0.3378280125551,-0.3523199678176,-0.1778988536187,0.0623717191536,0.2113212302917,-0.0715416165220,0.2246193451863,0.2352053480132
0.7175967672465,0.4883799078386,1.0000000000000,0.4752106486802,0.7161869948532,0.8343084923362,0.5973084498657,0.1983819319249,0.0956449008751,0.3904004431034,0.4530801449586,0.2956520617291,0.2695927179622,0.3460685946823,0.2193209255154,0.1801148778026,0.2796725634875,0.3427418801765,0.0186405067221,0.0386030368342,0.0324525894501,0.1933016042268,0.2793655919926,0.1793305133257,0.1651749934094,0.1350841488309,0.2064999895187,-0.1465788405603,-0.0048073505140,-0.0118525945576,-0.0462791289790,0.0634439743417,0.1305319424141,-0.1168152900570,0.1848158044106,-0.0098729693075,0.1726314469675,-0.1631010932740,0.2403515683108,-0.0426965467611,0.2799915573987,0.3603741324925,-0.0763443176801,-0.0540762862349,0.0315469298893,0.1746250908033,-0.0170720208706,0.3637622364126,0.2055568633130,0.2349112866747,0.6678473060195,0.3883053107235,0.3457089047991,0.8762314891318,0.5771526796043,0.3747851715641,0.1878620346934,0.2443335324332,0.1454075545901,0.1231437297674,0.2801017952759,0.3249675167038,0.2107387296253,0.2115899935379,0.1636310335051,-0.1947394400934,0.0891178219398,0.3321039097269,-0.0425584701802,0.1726243983520,0.1059867691264,0.1375269540388,0.1060649233020,0.1455804975868,-0.0407140503941,-0.1618559297981,0.0670757175257,-0.1482633389075,-0.1055694246493,0.0818949130558,-0.1626480439973,0.1475204519010,-0.1670184815520,-0.1228746043424,-0.1977447343609,-0.3530001142123,0.1145136507536,0.2277565826210,-0.2449264232130,-0.0676218110337,0.0808677858965,-0.1551402965830,-0.1747711799533,-0.2309396820414,-0.1404080969255,0.2536589238164,0.1659704101397,0.0616738210404,0.2439650741595,0.1158588613091
0.3367536399111,0.4608280665411,0.4752106486802,1.0000000000000,0.4973235681822,0.4585060752858,0.8160555473570,0.5024314292386,0.5102184321255,0.3949238352877,0.4691686183174,0.5167674571875,0.4904512820725,0.4050540449960,0.6635135482943,0.6133606538484,0.4966926145828,0.4795416973978,0.5153600203108,0.4331593331976,0.4776568246986,0.1813840901829,0.3527614138606,0.4619426256512,0.2771000206497,0.0327154755026,0.2652546537212,0.0990620933929,0.1475452262587,-0.0125203424860,0.3866783664983,0.3665066002670,0.4054720518376,0.2590827594575,0.3211256092805,0.1440177143559,0.2503486912187,0.1261526934929,0.2077982264409,0.4005783160366,0.2795905292310,0.5614285760090,0.3443204827753,0.1176404466279,0.0302149260115,0.2688128316490,0.3089707232970,0.2527375770093,0.4666959286156,0.5611223871166,0.3664892811853,0.4268546472955,0.7568696251206,0.3795999935187,0.4444214098928,0.5653295149629,0.2891167092081,0.2998984585153,0.5225732984405,0.4900985441485,-0.0562157554431,0.0514033137530,-0.2153525871750,-0.0747271021233,0.2655888880121,0.2176277520318,0.3670812845241,0.0400487698072,0.3510801232184,0.3379781117126,-0.0293143364821,-0.0468867736449,0.3338049945539,0.2775423395557,0.0575162504188,-0.4730778510409,0.0714000747991,0.1135619459329,0.1537207103972,0.1408340362493,-0.2922465317483,-0.0890854119829,-0.0675505967452,-0.0050410878645,0.0136221585709,-0.1168282358187,0.0884785320780,0.2622180731525,-0.0370688394990,0.0088114241234,0.0949065985826,0.2118199736974,0.1016889180544,0.0021034119967,-0.3978923307026,0.1846123287113,0.3443046766363,-0.0369605988316,0.0279848143087,0.0957338547668
0.8405996010255,0.4649987633182,0.7161869948532,0.4973235681822,1.0000000000000,0.7970793715439,0.5594123576001,0.1772753897203,0.1246927083853,0.4219996017093,0.5854815895664,0.3994702531525,0.3490484985696,0.4500685811781,0.4243127511466,0.1877923616981,0.3408681297768,0.4641417206133,0.0181909609069,0.1110848232939,0.1306616122923,0.3220947548303,0.4414351285845,0.2727386373211,0.1828906961196,0.2736793829988,0.1880374957917,-0.2451134794354,0.0964103749845,0.0230203412700,0.0198316489667,0.1674883170201,0.2393878459183,0.0030204393986,0.1152360050585,0.0695845758315,0.1293753985230,-0.1082059338834,0.2464340348291,0.0226513310569,0.4539432858250,0.3894667970107,-0.0138773737888,0.0027797624513,0.1499382877936,0.1656063474429,0.1241948479529,0.5211893326605,0.3920421375097,0.3745447246900,0.7225603282002,0.2266651041607,0.3722705171496,0.6730021015155,0.7152837539827,0.2493779539888,0.1629385923703,0.2419115597028,0.1968982388947,0.1386249274836,0.2143734463990,0.4568968190328,0.1877168360666,0.1421264807256,0.2002106694464,-0.0702339447290,0.0417264472367,0.3916409205997,-0.0477164771923,0.2923794731183,0.0744328142388,0.2074615920009,0.2266984042393,0.2280451644761,-0.0607429837007,-0.1787750934037,0.0331843179051,-0.2681093854711,-0.0279100068373,0.1970007533053,-0.2126636778372,0.1329037116394,-0.2655998461209,-0.0902633586525,-0.2013742000503,-0.3591397708123,0.0858962233406,0.1798245827210,-0.1333607455711,-0.0011643725489,0.1912832798001,-0.1288386755910,-0.1648860897072,-0.2631099194013,-0.1358131152515,0.4325524811512,0.2901265545786,0.1027967944464,0.1290683880654,0.1530077571676
0.6375545904389,0.3547099956712,0.8343084923362,0.4585060752858,0.7970793715439,1.0000000000000,0.6596773725517,0.2709267127562,0.1682576363845,0.4594065120390,0.6103766476092,0.3379715500194,0.3875414486510,0.2961326566101,0.4162990087241,0.1756709080125,0.3366414228556,0.4236893650867,0.0942992125739,0.1433606995810,0.0777848158546,0.2311165125102,0.3440752605832,0.2645763061023,0.1943916788219,0.1926182283784,0.2387408231109,-0.1079580291766,0.0136854522085,-0.0314673067873,0.0486053401222,0.1230860490926,0.1699156107206,-0.0199872193879,0.1441267971089,-0.0076686690301,0.2534366588811,-0.0400625851143,0.3982969859025,0.0913828494118,0.4191415668528,0.4467961658843,0.0297304677588,-0.0002251291379,0.1190113390306,0.1739996547175,0.0544554970389,0.5844648798973,0.3391726374682,0.3647836028263,0.6123010974288,0.2258658246976,0.3158103646823,0.8609262204471,0.8113735921356,0.3109604669770,0.2382626064055,0.3153895466927,0.2604369067326,0.1963949628423,0.2906429452220,0.4082443375637,0.1478852022977,0.2236684616866,0.1085177002453,-0.0254396381662,0.0346767310495,0.3801352267695,0.0009144683340,0.2507408467465,0.0375936639213,0.1054961221609,0.2272520687263,0.1909755518980,-0.0489480036172,-0.1896594796548,0.0833349162731,-0.0739649605291,-0.1127521243395,0.1333789362492,-0.2172763943244,0.1121863110222,-0.0964386524356,-0.0278667014678,-0.1362694643933,-0.3777405636842,0.2003822012960,0.2237298574788,-0.1282037658093,0.0893516001001,0.2971422055836,-0.0173027451149,-0.0915523753577,-0.2295569931348,-0.1728229352468,0.4572790485899,0.2199439296323,0.1262496752632,0.2297282101733,0.0546881052074
0.3570955012723,0.4371111847556,0.5973084498657,0.8160555473570,0.5594123576001,0.6596773725517,1.0000000000000,0.5331436347281,0.4584928432033,0.4359791402427,0.4728195049786,0.4342187467156,0.4870604038785,0.3823886927448,0.6128016749323,0.4251099435287,0.5001624453001,0.4174419393364,0.4243762463454,0.2868141953266,0.3228653534809,0.1269801465457,0.1882386778136,0.3075914603518,0.2097805359275,0.0425949830910,0.1410371394083,0.0316463947352,0.1379453393931,0.0570924290380,0.2311591957604,0.1690980722964,0.2763369378103,0.1013610976677,0.2657993163590,0.0840936683360,0.2136315979980,0.0846476408339,0.3037438946703,0.3209937418302,0.3783729721972,0.6066297712559,0.1973413313770,0.1252205543891,-0.0113055190817,0.1219226449809,0.1316089933617,0.2299197233520,0.3775083398099,0.4915457470411,0.4211288330752,0.4242972448594,0.6542180292093,0.6103019154412,0.6740879516021,0.7321463975248,0.3355260064997,0.4792437586371,0.5244735644259,0.4708351274296,0.1056889434862,0.0844602310298,-0.1294141316432,0.0931232924500,0.3010220973708,0.1043429470773,0.2246855431720,0.2093887601267,0.3056670335961,0.2324409910703,0.0283728589383,-0.1284302154523,0.1924860456353,0.1482905428451,0.0071168065310,-0.4732082393882,-0.0651781675769,0.1066373649900,0.1269954323034,0.0471294029464,-0.3816071467714,-0.0790366812605,0.0774155010213,-0.1048770473850,-0.0932104104163,-0.2851609454873,0.0807653044946,0.2580361710985,-0.1672422094318,-0.0054675918247,0.1227565936819,0.1530861161154,0.1089410928230,-0.1885785652567,-0.3820332265858,0.1340600360572,0.3201039271048,0.0641732999076,0.1695325916190,0.0186069953891
-0.0814961981720,0.0611650095475,0.1983819319249,0.5024314292386,0.1772753897203,0.2709267127562,0.5331436347281,1.0000000000000,0.8232150313348,0.4015573961784,0.5256850073473,0.6669292624592,0.7582761399739,0.0458850875670,0.4296066189898,0.4444499360699,0.7356285117916,0.5293597165090,0.7704366784454,0.7350977540213,0.6482584181880,0.3400804424663,0.3845246561448,0.4646166813126,0.4135793553119,0.1000911428440,0.4450185546657,0.2390747417705,0.3256375385241,0.0274390910795,0.4882228230728,0.6018523117147,0.6491578928690,0.4635001346237,0.1126848658032,0.0124706059569,0.2725950926610,0.5810061259790,0.0922334775708,0.6181895633194,0.3987011616828,0.6301690387384,0.4918892903403,0.4345175970451,0.2639170015168,0.4342469878326,0.5248560065453,0.0635522864739,0.4266440347253,0.4429821485313,-0.0986400107886,0.1352455050616,0.2102218465282,0.1967959485105,0.2840068152887,0.2831291181918,0.6321808901532,0.6385949769333,0.7227700066110,0.8032835487142,-0.0389276446797,-0.0726289491103,-0.2110161067163,0.0305213537528,-0.1340207120436,0.1253643588639,0.2255228880275,0.0992511046987,0.5753025589570,0.4142948710252,0.0295864597657,-0.0585927061816,0.2322556398147,0.4219315692352,0.1986291342640,-0.4044745409531,0.3133450141689,0.3852378277146,0.2587998551241,0.0996494107319,-0.1878613474096,-0.0180727168798,0.1298565265965,0.0429778217381,0.3121185366064,0.1247069466989,0.0982605189122,0.0171416560300,-0.0443008833401,0.2393267602301,0.0909040953145,0.4750405648028,0.4676688680830,0.1971144196839,-0.3144882809021,-0.0294243489313,0.2306449792648,0.1553163996592,-0.0196432051901,-0.1466849546022
-0.1225987598813,-0.0922626423988,0.0956449008751,0.5102184321255,0.1246927083853,0.1682576363845,0.4584928432033,0.8232150313348,1.0000000000000,0.3644117221635,0.4859687966580,0.6548725091314,0.6466307589245,-0.0304643263792,0.3709798524698,0.5681332330498,0.6568691199488,0.4298869962299,0.8679475426327,0.8285942044282,0.6844351377144,0.2911739209609,0.4514864793593,0.5827354430302,0.5629651061675,-0.1434467871961,0.5945910532714,0.1812401981065,0.2052675813962,-0.1521569333088,0.5465626623942,0.5930541130186,0.6399007488480,0.4462054350481,0.2441546094317,0.2971040527668,0.3584401088884,0.4928471096636,0.0896736975356,0.6206626417290,0.2294623557181,0.5324683671731,0.5660753049333,0.2768354200994,0.0364867277484,0.4622520845253,0.5471391094185,0.1103418876791,0.4203807166218,0.4289632389851,-0.1174327388659,-0.0301982449974,0.2463604934727,0.0810675411031,0.1439169195869,0.2230765801978,0.5586122736572,0.4131846751481,0.6342791893308,0.9526895106755,-0.1305408951115,-0.1396591323298,-0.2753889120664,-0.1075212517592,-0.2352871297078,0.1793255656521,0.3589200274036,-0.0478591722528,0.7386118311848,0.6007344072202,0.0389837472702,0.0390089270711,0.3955987220162,0.6630035882412,0.2795209279449,-0.4597755965088,0.5049682073590,0.3349637527778,0.1568432617534,0.1003206249396,-0.1092946568806,-0.0050568787876,-0.0426923506154,0.1327369368601,0.3994846055444,0.2645496764841,0.1476953200535,0.1209042054748,0.0789389134115,0.3257749830763,0.0761259033728,0.5073826902402,0.5533697930882,0.2845151461273,-0.3040829806539,0.0028800862011,0.1877439409272,0.0701823348680,-0.1311608461472,-0.1460016952140
0.4030862848277,0.3016804460182,0.3904004431034,0.3949238352877,0.4219996017093,0.4594065120390,0.4359791402427,0.4015573961784,0.3644117221635,1.0000000000000,0.6626608626374,0.6065871000528,0.4587028963478,0.2862344503374,0.4163107718683,0.2135209534882,0.5787869080528,0.3255145303220,0.2785168799232,0.2545280888351,0.4358404204797,0.5959326936700,0.3661891924352,0.5177958822408,0.1758620138485,0.1100118636562,0.2824197152378,-0.0312007980117,0.0778348167498,-0.0546096830925,0.0660085022897,0.2317756880010,0.2820737788932,0.1479610195961,0.2985923390820,0.2277733789146,0.3672611333365,0.0003851238899,0.1218294681712,0.1273398047379,0.3551693044472,0.4421751985901,0.1268805436842,0.0187021248676,0.0266454122093,0.3636627883838,0.2001696997938,0.1929172631284,0.1245784863680,0.6260069923809,0.2793515972013,0.2179102723869,0.3261532234414,0.4238046358907,0.3792034590839,0.2491948170687,0.2242379082885,0.3143919727866,0.2673534087540,0.3445780497862,0.6208064187165,0.2128338550276,0.0362132516178,0.0496308130867,0.1623670938731,-0.0589076254749,0.1330490009042,0.1747680303960,0.2250213945615,0.3036909435814,0.3338048909105,0.2869292282288,0.4914107082375,0.2461539726737,0.1833967219414,-0.2615371428901,0.1983144678999,-0.0373185561214,-0.0167188490981,0.0442951290076,-0.2217931608144,-0.0516170746067,-0.1100677648620,-0.1709808561204,-0.1783100073808,-0.0642648374882,0.2212172885047,0.2804962496956,-0.0584555360698,-0.0768833331795,-0.0588805781974,-0.0030037001347,-0.0827303770746,-0.0499252019368,-0.2541048118299,0.1025300410844,-0.0274483016659,0.3518724282541,0.3371949461868,0.2472349497863
0.3900280832597,0.1759213198361,0.4530801449586,0.4691686183174,0.5854815895664,0.6103766476092,0.4728195049786,0.5256850073473,0.4859687966580,0.6626608626374,1.0000000000000,0.6795316360071,0.6969904853825,0.1829697119216,0.4696684177741,0.3548543592768,0.6961453334603,0.6167721675951,0.3882812140056,0.4654192901708,0.4873976942951,0.5502162731584,0.6595163626634,0.6325326678100,0.3708503766839,0.2177126443316,0.4790706351103,-0.1049625288638,0.1625297425139,-0.1290347227655,0.3351173920342,0.4785489211783,0.5475057605953,0.1870929658133,0.1867171353753,0.1354016156295,0.3969055454024,0.1654011083151,0.2708407625343,0.2729584618689,0.4492330967894,0.4834894409603,0.2866468910687,0.1067717421370,0.2047934668182,0.4083506444464,0.3831452112328,0.4709466795533,0.3900085549899,0.5427338767289,0.3371012313131,0.0707320817374,0.2934700637683,0.4274835803988,0.5095641746810,0.1379579238330,0.4540409542115,0.4462639738499,0.4750091744425,0.4846853251627,0.3156474242709,0.4859865096176,0.1214073161168,0.2326825146644,0.0165647308383,0.0891996558091,0.1509151830276,0.3912539137642,0.2414296667586,0.5223927526103,0.2436165795375,0.3694729574712,0.5192764386599,0.4435136722708,0.2389494012421,-0.2027629356455,0.3505868073804,-0.0490562526734,0.0303143307213,0.3354659996307,-0.1226467506456,0.1764322173001,-0.1484830526721,0.0212877914691,0.0217238422643,-0.1329725664569,0.2891008419244,0.1553229987869,0.0431601180203,0.2076362832452,0.2173904107901,0.1300444097224,0.0947418752580,0.0059711328551,-0.2384800040672,0.3347038554699,0.1865731367598,0.2284918851138,0.1171913077093,0.1723798324662
0.2334326958908,0.1042579365220,0.2956520617291,0.5167674571875,0.3994702531525,0.3379715500194,0.4342187467156,0.6669292624592,0.6548725091314,0.6065871000528,0.6795316360071,1.0000000000000,0.7768948191525,0.0784920710343,0.3769927915736,0.3975666351660,0.7656370797273,0.5192839875563,0.5063443729042,0.6478514331683,0.6921570957458,0.6171099556426,0.7234987535576,0.4931832665976,0.4746705089803,0.0969687432642,0.4983631785650,0.1131243938257,0.2853124974431,-0.1200685017361,0.3417010993412,0.6503327947745,0.6813359391200,0.4535245769790,0.1933945927079,0.1232195667752,0.2307037524840,0.3458069575686,0.0758266629160,0.5084144389737,0.3664900380030,0.4455565275661,0.3881230664402,0.2741282033768,0.1658052929732,0.5885195823952,0.6615844489894,0.2414813214581,0.3186544287814,0.5203708357689,0.0226538337617,0.0693443005032,0.2297374342493,0.2936017230162,0.2327875343586,0.1522372465956,0.4837871171552,0.3438431131468,0.4888250644512,0.6159579417616,0.0858913488799,0.0520430252473,0.0722026389660,-0.0027441416849,-0.2015449635947,-0.0450784203330,0.1033105479404,0.0530468063473,0.3645705839014,0.4702576821589,0.1968454821564,0.3492383043504,0.2886884147959,0.5330184735925,0.1198039078205,-0.4130785820716,0.3417342769767,0.1994235352101,0.1819608714814,0.0581970818014,-0.1341089451199,0.0244114681724,-0.2170087057864,-0.1418061196062,0.1624391511344,0.1933229429556,-0.0032813054194,0.0668496644322,-0.0965366137719,0.0902767613007,0.0319523014046,0.3217458225538,0.2714875031147,0.1717845412644,-0.2323572509132,0.1376263965280,0.0752642221351,0.0482364172603,-0.0879071799489,-0.0129923540043
0.1051701722645,0.1190932919926,0.2695927179622,0.4904512820725,0.3490484985696,0.3875414486510,0.4870604038785,0.7582761399739,0.6466307589245,0.4587028963478,0.6969904853825,0.7768948191525,1.0000000000000,0.0521445502880,0.4798917041093,0.3557921382504,0.8210983528568,0.5998372963594,0.5301862308529,0.6533625474455,0.6157126474454,0.4461475582134,0.5322809437665,0.4588312474480,0.4015676696262,0.1423674890980,0.3888384606205,0.0162176465943,0.2703654994362,-0.1226966907259,0.4267438510876,0.6182361772341,0.6780109599577,0.3638725280779,-0.0009986578904,0.0265372666755,0.1691550708643,0.4320790490987,0.1411224121666,0.4603367376218,0.4040729127071,0.5319418895797,0.3856156510564,0.2935728593457,0.2269425956605,0.3751267717580,0.5154989290347,0.2396336184133,0.3623289506768,0.5126037211320,0.0175898237902,0.0796761334215,0.2361271669812,0.2890963976442,0.3267013294269,0.1826342765484,0.6921139367804,0.5479810067359,0.5579996462172,0.6700467407073,0.0405990322601,0.1229803998006,0.0374646296607,0.3057359338426,-0.1193646685173,0.1126157913116,0.1047549954418,0.2226413793188,0.3660738651527,0.4860136860126,0.1046351497479,0.1315023802820,0.2444744676778,0.4986943592830,0.1275381573891,-0.3233328262812,0.2435232805589,0.1845270545873,0.2068657328227,0.1476132589070,-0.0868661974312,0.1609811433663,-0.0686436066144,-0.0137043853721,0.2840519453341,0.0312495176476,0.0129415869487,0.0206745646181,-0.0584648060129,0.2619020700141,0.1817145494393,0.3175894232787,0.3934610802201,0.0910535380328,-0.2432811887070,0.1669716325365,0.1591197763006,0.1028472746094,-0.0505478817434,-0.0564488043635
0.5979982567879,0.7004286658612,0.3460685946823,0.4050540449960,0.4500685811781,0.2961326566101,0.3823886927448,0.0458850875670,-0.0304643263792,0.2862344503374,0.1829697119216,0.0784920710343,0.0521445502880,1.0000000000000,0.5621396792240,0.3499720688728,0.1296222659171,0.1639101929716,-0.0619277716361,-0.0765207491725,0.0940931915423,0.0360056295021,0.0293773429258,0.1224532011541,-0.0492940823194,0.3260102707425,-0.1334992381341,-0.1144705820575,0.1564659977642,0.4969505334455,0.0637830456993,0.0213022976970,0.0488853181428,-0.0322516566946,0.2637210930994,0.2791316377025,-0.0318158821027,-0.0321350772216,0.1076814085649,-0.1518013897637,0.2930060371496,0.2829429004847,-0.0077473073722,0.1244480270095,0.2184292599056,-0.0623933890134,-0.1061756544179,0.1175662473686,0.2216100286452,0.4208139341613,0.3896371433365,0.5125718029135,0.4354865516303,0.2469709647868,0.2066571369161,0.2771446520668,-0.1160043030512,0.1637968400444,0.0107247024312,-0.0717003774603,0.0635167033218,0.2100441733489,-0.1217559729299,-0.0282445552313,0.6057817434825,0.1641236519797,0.3011742521115,0.1662083333817,0.0454586600064,-0.0076322288590,0.0475904641120,-0.1676985525647,0.1368603264413,-0.1643730358443,-0.0619358914852,-0.0523132568248,-0.2063254162837,-0.2281890525756,0.1095817466694,0.1420239101842,-0.2526530031350,-0.0631149993684,-0.0092889263686,-0.0040249893515,-0.2215218282435,-0.4651475380065,-0.0345213605241,0.2864302434638,-0.0651859032495,-0.1061506646015,0.0005748800371,-0.3047139368339,-0.2583202887171,-0.2916416276239,-0.2461188409640,0.1256631163034,0.2842671906320,-0.0741664143960,0.1437388033642,0.2241026315466
0.3006777685032,0.4606399592827,0.2193209255154,0.6635135482943,0.4243127511466,0.4162990087241,0.6128016749323,0.4296066189898,0.3709798524698,0.4163107718683,0.4696684177741,0.3769927915736,0.4798917041093,0.5621396792240,1.0000000000000,0.4927674008935,0.4000450918896,0.4324558195698,0.3455993538210,0.3569998341614,0.3433169614552,0.0342665590860,0.1588602807575,0.4142754670833,0.1742406218747,0.2797890333697,0.0651424333493,-0.0383984579012,0.1312313185567,0.1914139154478,0.3060045571938,0.2884348384326,0.2549041493083,0.2093235207057,0.2705102499443,0.2206510325507,0.2277409750610,0.2901223362007,0.4333110414156,0.3370400928205,0.4155375719429,0.5598616859416,0.3685124978179,0.2187183952123,0.2350676718424,0.0916883200113,0.1751420297157,0.3807297972697,0.3182531095187,0.8066258108118,0.2092901340572,0.3536894472349,0.5806628234604,0.2390868159172,0.4351791800549,0.3350567360353,0.2294910441784,0.3671552242018,0.4265012673798,0.3611554325500,0.0055739066603,0.0892282910276,-0.2885485937467,0.0119735301304,0.4138243141178,0.4966769297574,0.3298959133951,0.1335673973299,0.3001863560005,0.2848267369049,-0.0807619249333,-0.2829740605609,0.4142292044262,0.1147967271645,-0.0584225011725,-0.3038673606923,-0.0941429472504,0.0582572101154,0.1267355724775,0.1312684159844,-0.3579205739389,-0.1650541395716,0.1615481240443,0.1213250156139,0.0009870781385,-0.2745147196799,0.1674694743388,0.3249107738609,0.1327424753677,0.2107319643711,0.3804353090761,0.2122730174468,0.1268935453591,-0.2231748915858,-0.3461360197540,0.3436363139856,0.2295350285390,-0.0563069866357,0.1268677947961,0.0753620688342
0.1171973703285,0.1157936289020,0.1801148778026,0.6133606538484,0.1877923616981,0.1756709080125,0.4251099435287,0.4444499360699,0.5681332330498,0.2135209534882,0.3548543592768,0.3975666351660,0.3557921382504,0.3499720688728,0.4927674008935,1.0000000000000,0.4492180357934,0.3431072959884,0.6165489604944,0.5532790611112,0.5473959295026,0.1301672915437,0.3286581337927,0.4592760278555,0.2613852363736,-0.0086953784769,0.3386896782991,-0.0249720225838,0.0321353480152,0.0046046994183,0.6583976508143,0.4296016379737,0.4931716861414,0.2265012771156,0.5259438571478,0.4548281795855,0.2530662161696,0.3131707359904,0.2422076278207,0.3487595978462,0.0668720486906,0.3609385208272,0.5695239296700,0.0633184877291,0.1122569572043,0.2330226091585,0.3556141926793,0.3415760690181,0.4511079305328,0.4199885087512,0.0986313804469,0.1330025295183,0.4337268865748,0.0254168292223,0.1078590601249,0.1550162840496,0.1192540517664,0.1066637977311,0.3796192381897,0.4915447480252,-0.2699350039249,-0.0930082903708,-0.3748973198820,-0.2293981452040,0.0133344130558,0.4505555545321,0.7710987816701,-0.1118736794403,0.5472727207594,0.4352380058742,-0.0707608135958,-0.1270574901914,0.3718333439231,0.3186282286064,0.2121493588467,-0.3273335601754,0.2175942531667,0.0680929208446,0.0398577002536,0.2745671205460,-0.1523897752089,-0.0376405978666,-0.0944328912489,0.3733791273140,0.2162708869520,-0.0332785820609,0.1750184718375,0.4769329235886,0.1914906180876,0.2546997324152,0.2783343241184,0.1943593728346,0.1632907729235,0.0638217171409,-0.3781987980368,0.3538281763583,0.2790239142251,-0.1394498416921,-0.1522602867433,-0.0396539842209
0.1132743727832,0.1026839920587,0.2796725634875,0.4966926145828,0.3408681297768,0.3366414228556,0.5001624453001,0.7356285117916,0.6568691199488,0.5787869080528,0.6961453334603,0.7656370797273,0.8210983528568,0.1296222659171,0.4000450918896,0.4492180357934,1.0000000000000,0.6354856403766,0.6132316069814,0.6420349138629,0.7486261616563,0.5552409159908,0.5449364185376,0.5435366219593,0.3015185161624,0.0599093007789,0.4022314690516,-0.0276352174695,0.2046161645555,-0.1648737063075,0.5261602637873,0.5419673093409,0.7318993285051,0.2882844963712,0.1136239893554,0.1281073254037,0.2377910271935,0.3183949712634,0.0950433586006,0.3611131951732,0.3381149480603,0.4755137681137,0.3747751204586,0.1385831958972,0.1256691033174,0.3331546752234,0.4362749806915,0.1828107972095,0.3284776915590,0.4862434691014,0.0845741070865,0.0836005968185,0.2899500918093,0.2720512632726,0.3331514430950,0.2446375697427,0.6149583896031,0.5023706876664,0.5958831970702,0.6657786496652,0.1686905147605,0.1665140163314,-0.0018902073629,0.1592948449922,-0.0610971198332,0.0934216220280,0.2780785500462,0.2876707783363,0.4682142637302,0.5381468380041,0.3514841873643,0.2789656361572,0.3146163264279,0.4898829255346,0.3832934410065,-0.3301120989123,0.2696466640939,0.0697572011434,0.1522960225115,0.3379511002511,-0.0301881387203,0.1734670508967,-0.1291331283412,0.0055823881156,0.2015954021262,0.0448854208353,0.0588086159417,0.1119536524423,-0.0257329471338,0.1599918307696,0.0865944162188,0.1986755646033,0.2718043771901,0.1137038869247,-0.2581464299114,0.1221890026225,0.1465697967651,0.2361131530946,0.0331347070197,0.0350626762217
0.2568950769639,0.2096634880279,0.3427418801765,0.4795416973978,0.4641417206133,0.4236893650867,0.4174419393364,0.5293597165090,0.4298869962299,0.3255145303220,0.6167721675951,0.5192839875563,0.5998372963594,0.1639101929716,0.4324558195698,0.3431072959884,0.6354856403766,1.0000000000000,0.3052453491624,0.4672235498547,0.3660169555201,0.2707874740948,0.4415331033807,0.4796994870075,0.2855761862079,0.1577836466820,0.2782531641715,-0.1154310662588,0.2319130831476,-0.0323816360469,0.4290961504367,0.4261684434141,0.4764845132562,0.1000295428583,0.0059362423367,-0.2548225444830,0.2399263163477,0.2348378671863,0.2246002694331,0.2540441151211,0.3646929688666,0.4747942693807,0.1609668066233,0.0117278176459,0.2824269654493,0.2158985295463,0.2706295127457,0.3545446437224,0.3112053451686,0.3775681650639,0.2183620360369,0.1175667350209,0.3015378525067,0.2853154238828,0.4305362670025,0.0891249350770,0.5883414486166,0.4565935232560,0.7001026040898,0.4253110787024,0.0827435269959,0.3299890880997,0.0546857801729,0.2228793075275,0.0229413252786,0.1132918762493,0.1814006710775,0.4725526212251,0.0371600160113,0.5157691034922,0.1539849333658,0.1386680384507,0.3636853261046,0.4345328796086,0.2627865516827,-0.1187125274251,0.1046966109429,-0.0576726739399,0.1522264903755,0.5268629572097,0.0171183339684,0.2123610154216,-0.1212342011552,0.1077869570764,0.2400166171600,-0.1645350180398,0.2039006392151,-0.0483540327563,-0.0098774893360,0.2531090500718,0.2931639286560,0.1044898212899,0.0712323523178,-0.0484262966259,-0.1382264452880,0.3036230719978,0.1158673973680,0.1205893599609,0.0931512177294,0.0967638502793
-0.2460542882657,-0.2045438004667,0.0186405067221,0.5153600203108,0.0181909609069,0.0942992125739,0.4243762463454,0.7704366784454,0.8679475426327,0.2785168799232,0.3882812140056,0.5063443729042,0.5301862308529,-0.0619277716361,0.3455993538210,0.6165489604944,0.6132316069814,0.3052453491624,1.0000000000000,0.7876513390950,0.7614877127223,0.2365257499318,0.3831047079766,0.5592936358945,0.3717123556509,-0.1850255347989,0.5239368251183,0.2323774708874,0.1209115008989,-0.2249138046244,0.6593760456170,0.5358380844238,0.6512395261289,0.4524475755311,0.2241903594092,0.3401643659326,0.3547079435305,0.4749046197316,0.0422770899241,0.6081834689675,0.1479059186970,0.4792291081338,0.6526215279033,0.2096649220771,0.0087639976132,0.3863857266942,0.5202854419344,0.0652563757076,0.4582208208255,0.3915304925295,-0.1177395320715,-0.0971033693643,0.2669450322075,-0.0013459087174,0.1158497316576,0.1807353417873,0.4102210985255,0.3118760422204,0.5790214581666,0.8493882654892,-0.2192759160618,-0.2383757395358,-0.4594393384566,-0.2610826926435,-0.2361546339862,0.2881283185077,0.4689851533737,-0.1625554341779,0.8367069797530,0.4914859941228,-0.0208974062405,-0.0539646146614,0.3387365460158,0.5036126301796,0.3777745258448,-0.4812757093582,0.4540609605889,0.3896182934895,0.1012026240051,0.1474836588328,-0.1063408421527,-0.0865679952043,0.0283377208798,0.2407867327893,0.3914327829200,0.2978375695120,0.1378735617010,0.1507497327859,0.1773759733427,0.2952181400741,0.0744970039345,0.5130940148810,0.5440409339920,0.3406529822065,-0.3682655739877,-0.0270137846753,0.2462360086449,0.1397266254030,-0.1949886241770,-0.1946177818048
-0.1651623169906,-0.2096116350109,0.0386030368342,0.4331593331976,0.1110848232939,0.1433606995810,0.2868141953266,0.7350977540213,0.8285942044282,0.2545280888351,0.4654192901708,0.6478514331683,0.6533625474455,-0.0765207491725,0.3569998341614,0.5532790611112,0.6420349138629,0.4672235498547,0.7876513390950,1.0000000000000,0.7841840241129,0.3204080186568,0.5921705357724,0.6230368364516,0.5885241637210,0.0130450858069,0.6652600918958,0.2482028581146,0.1863053787398,-0.1924681163220,0.6755440704124,0.7450391644880,0.7836823553383,0.5510270831384,0.1383074700766,0.2110383023161,0.2767103679102,0.6900802629347,0.0367781786544,0.6339671475831,0.2465740156722,0.4726600059194,0.6071997539012,0.2973591885228,0.2543050626488,0.4618873255550,0.6725154003893,0.2350974668728,0.4502118750262,0.4299285600558,-0.2232957032117,-0.1851436087510,0.1174868793260,-0.0056388531931,0.0668133630240,-0.0333367141507,0.5510660365626,0.3171273732501,0.6011350564114,0.8127571327934,-0.2944847671340,-0.1006797850810,-0.3017722291459,-0.1797803642235,-0.3551271111948,0.2844560406727,0.3083081572395,-0.0257843463073,0.6452247946799,0.7271327098339,0.0013640113515,0.0951599634944,0.3798451510394,0.7421569858994,0.2791065583562,-0.2906842822871,0.5765318851417,0.3526065015151,0.0505878062691,0.2447093802487,0.0930396428840,0.1128363370820,-0.1117486324709,0.2093193683726,0.5573764036714,0.3518002631383,0.0711793071095,0.0561609181312,0.1865157245269,0.5409342109462,0.1781801420498,0.5430178227725,0.6205512366344,0.3747747065383,-0.1944257615627,0.1385651506875,0.1060504940975,0.0309558041750,-0.2796192018726,-0.1218741758286
-0.0771909171304,-0.1070461658208,0.0324525894501,0.4776568246986,0.1306616122923,0.0777848158546,0.3228653534809,0.6482584181880,0.6844351377144,0.4358404204797,0.4873976942951,0.6921570957458,0.6157126474454,0.0940931915423,0.3433169614552,0.5473959295026,0.7486261616563,0.3660169555201,0.7614877127223,0.7841840241129,1.0000000000000,0.5168981809797,0.6295639509447,0.5943033760546,0.3477394231174,0.0142758703733,0.4886259775000,0.2671282147818,0.2772266012576,-0.1067850275165,0.6680254289871,0.6612442189323,0.8253613681886,0.5338102710046,0.2499632995722,0.3329823726387,0.2534929334804,0.4987320751202,-0.0899409378814,0.5247576468628,0.2617140566641,0.4383640543109,0.6236210733242,0.2638169057341,0.2047457400797,0.4570212252135,0.6221866351298,0.0927575518769,0.4269636405202,0.5055166009202,-0.1839103202922,-0.1095768531057,0.1653201622364,-0.0112530415014,0.0125001770606,0.0466039172178,0.3648016912296,0.2114013646325,0.4731161008252,0.6512381201711,-0.1836857714590,-0.1130027790912,-0.3774549507031,-0.3398321319517,-0.2420446335146,0.2009058122384,0.3347027536543,-0.1244061828947,0.6455237759555,0.4953383531157,0.1697340907576,0.1955593974252,0.3253987886251,0.4979239169885,0.4190022147834,-0.3797993215376,0.4138249302375,0.3232535176843,0.1788233251744,0.2868846993063,-0.0181258914737,-0.0358507397932,-0.0940212222649,0.1057178722775,0.3489261793065,0.3148220540216,-0.0023333290848,0.0996186019936,0.1473424472433,0.2211985842409,-0.0064092519583,0.3928080458191,0.4403277003248,0.3799275605853,-0.3608993676471,0.0060805235038,0.1561475838428,0.0987383104222,-0.2342018961325,-0.0477371815349
0.2310453524487,0.0426086752477,0.1933016042268,0.1813840901829,0.3220947548303,0.2311165125102,0.1269801465457,0.3400804424663,0.2911739209609,0.5959326936700,0.5502162731584,0.6171099556426,0.4461475582134,0.0360056295021,0.0342665590860,0.1301672915437,0.5552409159908,0.2707874740948,0.2365257499318,0.3204080186568,0.5168981809797,1.0000000000000,0.6611714393145,0.4023361809358,0.2390676656955,0.1623031172228,0.4350220296804,0.1538834718944,0.3809031506770,-0.0300359949812,0.1510692374240,0.4546565413091,0.5372391099329,0.3186326334898,0.1472173940912,0.1416185274823,0.2143547351291,0.0972350896897,-0.1198669689959,0.2287953656524,0.4293407220613,0.1818984573576,0.1345084776697,0.1854469817800,0.1042989479482,0.5705533575103,0.4579389204653,0.1042315667030,0.3461226469463,0.2418753695074,0.1083616727454,-0.0480440202118,0.0169431984895,0.1744014704020,0.1770704602808,0.0162501892135,0.2098142666852,0.1644590364281,0.2032377192642,0.2391547088648,0.3044209690136,0.2276543327527,0.1355275155858,-0.0015666169333,-0.1615247086834,-0.2196852013064,-0.0270812468911,0.1335895982982,0.1676700394708,0.2251023617277,0.3472822970559,0.6115133169747,0.2538926434613,0.2687868779680,0.2112677081808,-0.1393957386102,0.3778374528131,0.1071622966330,0.2320880675174,0.1531098881150,-0.0340950663974,0.0893056832077,-0.2167016010909,-0.2388290301242,-0.0796399896476,0.1585339012615,0.0644593783371,-0.0034920488060,-0.1063335609753,-0.0935019925909,-0.1732138327842,0.0945070958156,0.0399511613789,0.2837959037789,-0.0993595397518,0.0017039192902,0.2095645511539,0.4450129656329,-0.0533472129685,0.0875414615533
0.2629865494143,-0.0752761838877,0.2793655919926,0.3527614138606,0.4414351285845,0.3440752605832,0.1882386778136,0.3845246561448,0.4514864793593,0.3661891924352,0.6595163626634,0.7234987535576,0.5322809437665,0.0293773429258,0.1588602807575,0.3286581337927,0.5449364185376,0.4415331033807,0.3831047079766,0.5921705357724,0.6295639509447,0.6611714393145,1.0000000000000,0.5491821630125,0.5073639395571,0.2396549424783,0.6888510393985,0.1448762162437,0.2635334397907,-0.1303044358874,0.3788160942736,0.7123886683857,0.7152121634590,0.4764687651754,0.1956765227982,0.2081499685041,0.2918725754492,0.3095947798619,0.0385108258395,0.3980302223981,0.3691010494391,0.2800815812807,0.3881337396529,0.2586130383337,0.3024143022755,0.6324615526459,0.6720155678984,0.4137141222269,0.4456247651457,0.3089091137108,0.0968422436131,-0.2059859348379,0.0119040674130,0.1930486745316,0.1817092559989,-0.0806124915513,0.2948813309290,0.1211174814179,0.3033177392335,0.4214065959776,-0.0826883111929,0.3229694874482,0.0518023597207,-0.1139053920875,-0.3321032483275,-0.0777228533012,0.0533627129708,0.1288772371860,0.2697810235690,0.5170504136773,0.1446642227949,0.5902148862638,0.3416222849578,0.5885367984491,0.2235549440691,-0.1278651194302,0.5995122612890,0.0902149227523,0.0728185093238,0.3236261994482,0.0700160744216,0.1846178749685,-0.3917355140146,-0.0031808798377,0.1594105419235,0.2099467756495,0.1116995456971,0.0096324638113,0.0524062418462,0.2296471200675,0.0839459921557,0.2406598691139,0.2248021636446,0.3427091917225,-0.1689168820545,0.2523538864135,0.1693395369876,0.0471162256541,-0.2722874076921,0.0078202679950
0.1360363887590,0.0315890325275,0.1793305133257,0.4619426256512,0.2727386373211,0.2645763061023,0.3075914603518,0.4646166813126,0.5827354430302,0.5177958822408,0.6325326678100,0.4931832665976,0.4588312474480,0.1224532011541,0.4142754670833,0.4592760278555,0.5435366219593,0.4796994870075,0.5592936358945,0.6230368364516,0.5943033760546,0.4023361809358,0.5491821630125,1.0000000000000,0.3500136886450,0.1302777554185,0.5887205408927,0.1147237559487,0.0736570203962,-0.1327025700728,0.4574934299838,0.4918649736993,0.4900125456966,0.3011966678426,0.3920011678229,0.2806859125795,0.6026469144024,0.2700818340958,0.2329215275474,0.3386435815490,0.2520072708768,0.4110067913838,0.4717168720044,0.0692279265042,0.1596804653908,0.3690644363956,0.3329925853973,0.4161874614290,0.3792400342540,0.5611030990355,0.1537599304328,-0.0519586638157,0.3055526774108,0.0726775731194,0.1956024737698,0.0374046745705,0.3692754822344,0.2510648316784,0.4682958283271,0.5685641327749,0.0467433093090,0.2736800953157,-0.1813221068706,-0.1009033161840,-0.0266853436186,0.2754522272278,0.3633659526676,0.1616814882028,0.4426976580646,0.5977940924899,0.1839251765207,0.2815580252827,0.8318291951032,0.5434481195343,0.3800703761867,-0.0751269364700,0.5482333001363,0.0360299036052,-0.0657692840745,0.4144658856392,-0.0326016285777,0.0450902024609,-0.1500766386381,0.1836270138262,0.1672908822023,0.0872101134674,0.4704468703805,0.3349574869156,0.3513523267001,0.3127747523041,0.2216845666769,0.2164434182248,0.1726173126380,0.1877545005604,-0.2570030555573,0.3032942578707,0.0869519480139,0.1135057388377,0.0360039167511,0.2226793986309
