1.0000000000000,0.5087144305243,0.6602031253018,-0.0497575441486,0.8274263101246,0.5008687845236,-0.1673832143067,0.0508929780170,-0.1135415659310,0.1664687188263,0.1891770129178,0.2108363984237,0.1808215250548,0.6563306075524,-0.1541099731993,-0.3998118008258,-0.2228024125610,0.0038038566675,-0.3277989498648,0.1038921573494,-0.3317117903458,0.0664670212896,0.1849775062578,0.0365906911975,0.0593033134324,-0.1627009635080,0.0577805460461,-0.0934810214005,-0.2218300389762,0.1698199234057,-0.3015088451246,-0.0466884539556,-0.0008342531768,-0.6693804255170,-0.3283231232331,-0.4197122392574,0.2401572998664,0.0500100356511,-0.1903048523409,-0.6723481922705,-0.0647385815663,-0.0612323225261,-0.6137734170590,-0.2666140697458,0.1237251193899,-0.1024503059877,0.1722003093323,0.2106536980232,0.4918375302455,0.0467530297934,0.8025753965235,0.6168540482280,-0.4666041643377,0.6529024738821,0.4895752875644,-0.4203273256783,0.4060406238903,0.3866884727070,0.1200523831654,0.0365370561161,0.2956177187558,0.4005997360779,0.4149684858940,0.3607258589687,0.6414076601768,-0.5931038920055,-0.5103140030676,0.2875228823094,-0.2830411466863,0.4682363494638,-0.0155076686739,0.4218725033795,0.2086284660332,0.3286425726353,-0.3181062269805,-0.1211523538291,0.0485814652172,-0.0292871950192,-0.0796230423176,-0.1625759990205,0.1882720490683,0.4257219365460,0.1891540511585,-0.6132905938349,0.4218841072489,-0.5721196405533,0.2233882109774,-0.2809115402246,-0.5419083196030,0.4355672519011,-0.1411482594165,-0.6373554516156,-0.1695865823798,0.0878985015554,0.3202504313716,0.2538175096239,0.5194885144126,0.2986197110692,0.2046678147518,-0.0846151564424
0.5087144305243,1.0000000000000,0.7236567165932,0.1464737663918,0.3455573954266,0.1571900290440,-0.4053048080667,-0.0298786391634,-0.2712727696864,-0.1351453492344,-0.2791548602020,-0.2547674258874,-0.0981736842044,0.6194162910911,-0.0077762532356,-0.4332124966229,-0.4407289511489,-0.3323404158201,-0.3595070163650,0.0248084610327,-0.5670568653299,-0.0678289677623,-0.0346189304508,-0.3589446171926,0.0113080985739,-0.1245853994663,-0.1105146057387,0.0433717514312,-0.0309844436917,0.3725915060517,-0.5053315257484,-0.1784023018414,-0.2186158995430,-0.5312158928619,-0.5362568935587,-0.3634507625373,-0.1972605348711,0.0011365440151,-0.4826376945121,-0.5037350731635,0.0422313385267,-0.2888230569507,-0.7058451578971,-0.1763405899558,0.1164880046271,-0.1378129839806,-0.1244677648293,-0.2568227195088,0.4013960834682,-0.1634936221953,0.4824188507466,0.8673871318669,-0.4484800538758,0.4397985084215,0.0788512886837,-0.3042171378129,0.3958624791410,0.5035459328680,0.0037273370076,-0.1187819598527,-0.0244137731375,-0.0868979645041,-0.0372831433265,0.0727763947221,0.3798729608575,-0.6176063715876,-0.3649730554796,-0.1080129557708,-0.1814052868140,0.4164959108728,-0.2101896963423,0.0344569822299,-0.1691739163587,0.2224258706581,-0.2529478645664,-0.0972931964647,-0.1161888511069,0.0519472267869,0.0174379570180,-0.4447760408585,-0.0266622822214,0.1181874903030,0.2296189614213,-0.5841233913966,0.4163036590209,-0.3725846044927,-0.1287828843486,-0.5293727723323,-0.5780094983759,0.4715383662825,-0.4697005948161,-0.5255714963699,0.0180374293003,0.1067277956906,0.2446006308446,-0.1766687855209,0.3584937055933,0.0732806361848,-0.2112955728925,-0.3937364127987
0.6602031253018,0.7236567165932,1.0000000000000,0.2227221643903,0.6216570642203,0.5636442102896,-0.2632856869248,0.1282599754659,0.0462780660155,0.0289441138004,0.0610336489495,0.0944879589751,0.2209973560475,0.4570041957999,-0.1231460149597,-0.4510336431909,-0.2430990791320,-0.0088230637988,-0.3108202704679,0.3600997497620,-0.5417101237249,-0.0221455379669,0.2725752265899,0.0329643775309,0.2936401278579,0.1702117708354,0.2560060414088,-0.1263682673518,-0.4005390844573,-0.0103462505704,-0.3625979920967,0.1163773076459,0.1570462591424,-0.7510988055510,-0.4616643818213,-0.4406865040797,0.1944975452296,0.3115166770975,-0.2832156559762,-0.6149188229704,-0.2292908354966,-0.1978622067865,-0.7198299498834,-0.0014186217683,0.3539174270470,-0.0412279855229,0.0847076550665,0.1330058587642,0.3055270066712,-0.0875566548644,0.6093274204008,0.7939331051149,-0.4255568150588,0.8308039812724,0.4434575967673,-0.2827009077548,0.6345428277868,0.5711513322639,0.1645425072608,0.2021512139701,0.2293409775502,0.3450071242563,0.3598740752269,0.4405505874263,0.3441214101255,-0.6380657450338,-0.4765976718776,0.2678559472162,-0.2434685216025,0.6890047305987,0.0006304365279,0.4333396289476,0.2331165132390,0.4936399210649,-0.3660769639971,0.1958761999667,0.2560823435465,0.0835852655635,-0.3365979602524,-0.2323186615836,0.3554283368339,0.5219090687715,-0.0875370236331,-0.7311149750630,0.7063323198393,-0.4522320493884,0.2766766106052,-0.4167840469256,-0.6523308119980,0.6587192453490,-0.2061155456439,-0.5834317164013,0.1303034269510,0.0891737288836,0.5529274830018,0.2202105266915,0.1837366987268,0.2001288500450,0.1131138317695,-0.2720802105713
-0.0497575441486,0.1464737663918,0.2227221643903,1.0000000000000,0.1922626075903,0.5679587177218,0.6655828137740,0.0662795332427,0.1970244547743,0.3370554899394,0.3495043143596,0.2865011750701,0.2313376865323,0.1010186185395,0.6033235597065,0.4764584355385,0.3211753736569,0.3238306391818,0.3767324641600,0.0438569618094,0.2660612207534,0.1094615153392,0.1488435323205,0.3454159515631,0.0293967940486,-0.0050763124213,-0.0569453204693,-0.1564293466667,-0.0711921783625,-0.3630617430941,0.3627569509032,0.0742429790877,0.1317430675661,-0.0293620103108,0.4775181208732,0.4166567873568,0.1088553161292,-0.0527852412228,0.3289628676773,0.0714400905977,0.0451037288181,0.2933174452227,0.1750301197347,-0.1268970152763,-0.1447865214688,-0.0844326407730,-0.1810344846007,0.4284080067956,-0.0223951829682,0.5178156058888,0.0123066689171,0.0971841754536,0.5824653653786,0.3733202600129,0.4831263647837,0.6872347855300,-0.0348594070765,-0.0489198234422,0.1722099534572,0.1348597298878,0.2951787195293,0.2537294911513,0.2111920926227,0.2210913399575,0.0121970328651,0.3516077774624,0.4466853963825,0.2420010937876,0.3741262488549,-0.0413943164712,0.3159630715738,0.1086749481944,0.2626347627282,-0.0972894172971,0.1403608141826,0.0709632051112,-0.0630308093265,-0.1063119173887,-0.2102820475838,0.4225888251842,0.0770012306290,0.1254760351427,-0.3412285791974,0.0915057357253,-0.0971618006079,0.0722987804661,0.1308201072663,0.4569931125962,0.1576585307586,-0.1597544663674,0.3189139293532,0.0401323920383,-0.0703553126767,-0.1109346300570,0.0729744698635,0.3675028115389,-0.1061107040840,0.0153143981786,0.2690339121847,0.3430173897483
0.8274263101246,0.3455573954266,0.6216570642203,0.1922626075903,1.0000000000000,0.7627877332402,0.1038443901791,0.0646857727724,0.0874389560718,0.3271471466424,0.3901838462200,0.3233910001723,0.1936523658430,0.5217907578441,0.1255518652764,-0.2149982158159,-0.0838345150454,0.1494497117226,-0.1105999693721,0.1424100020984,-0.2037180735619,0.1671950985762,0.2251322371911,0.2268356426705,0.1197693275804,-0.1518802849143,0.0830592380422,-0.1752076724383,-0.2630210026191,-0.1471673790279,-0.0960248540185,-0.0067410252341,0.0940607693047,-0.5912697325720,-0.0964840822024,-0.2668263874584,0.4025434244586,0.0374071527145,0.0449762277693,-0.6100120274802,-0.0961168044549,0.1155108439704,-0.4690748335199,-0.2511528355875,0.0556413673883,-0.0997039419113,0.1468366775540,0.4432446361419,0.4592586143302,0.3113676700122,0.7887139556843,0.4713694506135,-0.2047290167585,0.7643753394257,0.7217598884200,-0.2133235674756,0.3329666364482,0.2576939715659,0.2037750180068,0.1826309308653,0.4309983272106,0.5255332933162,0.4571790144574,0.4027881731904,0.6586295610408,-0.3264941814305,-0.3513212289689,0.3738565076445,-0.1367715149685,0.4036111734138,0.0530217529873,0.4694440170745,0.3654108488781,0.2639809607349,-0.2942299703441,-0.0436762850424,0.0765283300586,-0.0397249249140,-0.1493570830717,0.0530275704581,0.1921993568655,0.4630502021600,0.0360135120984,-0.4966708382247,0.3362307705324,-0.4374068511124,0.3658425562549,-0.0646420150768,-0.3719720944318,0.3017125121427,0.0962525150058,-0.5430417142437,-0.1657928565535,0.0649010455616,0.3052208872626,0.4384587315818,0.4832454044583,0.2816854155639,0.3287320345265,0.1447541502821
0.5008687845236,0.1571900290440,0.5636442102896,0.5679587177218,0.7627877332402,1.0000000000000,0.4344222465557,0.1194606697930,0.2472169867646,0.4840399934812,0.5886582231278,0.5278795775629,0.3532146642351,0.3513137166047,0.3368123221624,0.1130598418916,0.2091964900628,0.4036947830027,0.1366546901258,0.2234148768564,0.0463239760966,0.2120187405282,0.3614794081603,0.4915749222865,0.2072279521691,-0.0151474818174,0.1974890415456,-0.2561249668829,-0.3232506949102,-0.3640923173112,0.2253148665814,0.1596176158919,0.3117036889418,-0.4630494375842,0.2307344184681,0.0367293920745,0.5597999352237,0.1334738437255,0.3792725051934,-0.3852120691986,-0.1307123144264,0.3026122099323,-0.2011500064128,-0.1695270751423,0.0480981842777,-0.0321213411619,0.1225797899873,0.7461261427848,0.2957826909534,0.5205903122388,0.5682759296218,0.3096760288762,0.0670042919536,0.8270917401860,0.8870055278827,0.1329720443754,0.2795837349757,0.1905437314850,0.3282115158252,0.3007998575877,0.5467306686157,0.6849997065901,0.5725601569845,0.4767758658231,0.4325873465385,-0.0652430234662,-0.0776628322505,0.5495450800331,0.0856307988443,0.3630291927077,0.2376528684269,0.5478055003466,0.5544417290991,0.2687984518325,-0.2265439941509,0.0710054649371,0.1656849917091,-0.0935735362607,-0.2829587659484,0.3706431734337,0.3084519442635,0.5149316915878,-0.1855036820821,-0.3297282785005,0.2695925263885,-0.2833127585555,0.5272979359659,0.2379071582949,-0.2179308204908,0.1894390881088,0.4049881423425,-0.3643801841838,-0.1423512023297,0.0208138150322,0.3286059669190,0.7103847341486,0.2447841693577,0.2430489567672,0.4863922263980,0.2963032944525
-0.1673832143067,-0.4053048080667,-0.2632856869248,0.6655828137740,0.1038443901791,0.4344222465557,1.0000000000000,0.0092881125609,0.0982799260269,0.4648551680825,0.4863282535920,0.4373379826432,0.2012955965654,-0.0959204127225,0.4435544104119,0.7459778088441,0.4861125748512,0.4854462113887,0.4702502291774,-0.2222143959028,0.5858120922521,0.1636959003125,0.0870469091848,0.5156516855552,-0.2266268932830,-0.1911338382084,-0.1533460584669,-0.1323989904216,0.0287094822946,-0.3123199381446,0.6597841118188,0.0179349240947,0.1244516288415,0.2492135560641,0.8726304521702,0.6341445872592,0.2556169015716,-0.2748939419690,0.6832998179974,0.2935597297893,0.1364851088960,0.5153242191120,0.5500705003069,-0.2425026362294,-0.3351265479454,0.0298467809345,-0.0320361528262,0.5926373989486,-0.0426674162800,0.5038501054524,-0.1055921551547,-0.3425217983014,0.7712994019505,0.1262985054648,0.5126557978969,0.7875695765297,-0.3655828892576,-0.4186319351467,0.1019601832449,-0.0289598463191,0.4002894544414,0.3385784852984,0.2654596888901,0.1102090488056,-0.0065994735212,0.6318424690865,0.6463710086772,0.3074346380651,0.3796321379253,-0.4219589607975,0.3912100163705,0.1150969239346,0.3502377193859,-0.3462106233564,0.2664043103011,-0.1051647823155,-0.1626269131679,-0.1408987017280,-0.0167664995825,0.7030619877599,0.0081920215669,0.0154824234688,-0.1943196396685,0.4472333063792,-0.4205291372668,0.1646845094573,0.2181679864882,0.8555456204477,0.4750045014110,-0.5133077195802,0.6838870942212,0.2609268871045,-0.2884732087955,-0.0817286810062,-0.0951791594585,0.5037020276413,-0.0365403048234,0.0510972100949,0.4465866844465,0.6074299912269
0.0508929780170,-0.0298786391634,0.1282599754659,0.0662795332427,0.0646857727724,0.1194606697930,0.0092881125609,1.0000000000000,0.3788556806976,0.1635488802461,0.2562083700132,0.1319316764316,0.5475225668244,-0.0562817784672,0.0351578046766,0.2492726409592,0.4927407417383,0.4838968915666,0.2436004923525,0.6370789736666,0.0768689440130,-0.0298230381193,0.1956489726259,0.3171468748109,0.4200423658472,0.0874135516678,0.2738054643126,-0.2991647761935,-0.2398516348591,-0.1253287372411,0.2813031816552,0.2079070724275,0.3929452338831,-0.0917749930693,0.0701904774336,0.1603679610513,0.2142033567492,0.4640047673564,0.0707565383711,-0.0821213969692,0.0387856750870,0.1383438053762,0.0134294323387,0.0930846783485,0.4404551086821,-0.0381908154295,0.0012479159299,0.1180849759383,-0.0393244854406,0.0879483125931,-0.0103023853813,-0.0257848775445,0.0342146827815,0.0738625419419,0.0544925072880,0.0558932554795,0.5072116060127,0.5314128298147,0.5438610153685,0.4043025078156,-0.0078838750026,0.0990165671799,0.1126849402223,0.3466277458400,-0.1807183513350,-0.1278308422067,0.1013735448486,0.4360747392812,0.1307378093592,0.3489715387903,0.1421019247035,-0.0641386981689,0.3726998801581,0.4747731827327,0.0944067037976,0.0054456084476,0.1318330953118,-0.2527620161004,-0.3460904869805,0.2299278203785,0.0528423288666,0.1960055437530,-0.1940087034092,-0.0629113535631,0.1930810117291,-0.1362950735777,0.2633668981076,0.1003491554956,-0.2116355099568,0.0865888870071,0.0454627040858,-0.0418074072897,-0.0908168083418,-0.3216431761264,-0.0048043253807,0.0710250428561,-0.1819032675424,-0.2032768954967,-0.0220817095297,-0.1599810355108
-0.1135415659310,-0.2712727696864,0.0462780660155,0.1970244547743,0.0874389560718,0.2472169867646,0.0982799260269,0.3788556806976,1.0000000000000,0.0225352034757,0.3137624688145,0.2069886795967,0.3049991355201,-0.3273373934264,0.0976213776226,0.1281852429506,0.3969972100685,0.3621447735022,0.5472917406524,0.7443269437311,0.1533101179663,-0.0946741313812,0.1416908235686,0.5517156833240,0.7105578089804,0.3346018538953,0.4635748336634,-0.2376194142292,-0.3144510265446,-0.6013615896570,0.3179832533131,0.2945745563289,0.3507603316548,-0.0974576972791,0.1785153921881,0.1035758159412,0.2782515593270,0.4871448745615,0.2358878828597,-0.0513396105667,-0.3902704463063,-0.0317650370627,0.1295633862494,0.2936027196341,0.2858543576985,-0.1272599347380,-0.0170179355783,0.1943105847896,-0.3996794943546,0.1540789185275,-0.0826404790329,-0.2114734629623,0.1382682625910,0.1291703586394,0.1424303468300,0.0978902922762,0.2452398710855,0.0742035360323,0.4889378498908,0.8895109456979,0.0552974062916,0.2174342766292,0.1682849050315,0.2860385447240,-0.1164261142877,0.2273121287330,0.0363847945506,0.3330456041851,0.3620326006230,0.3650255988189,0.2714164512416,0.0487890002024,0.4632278917451,0.3505250594582,0.0883939224096,0.3162020309685,0.4460768639473,-0.1576826937032,-0.3378353941166,0.3471526167386,0.2312052531762,0.2902521983898,-0.4604412327594,0.0101287910809,0.1996225018025,-0.0768233143779,0.3004919452390,0.1674709720238,0.1174795576721,0.1246026565746,0.1722357690364,-0.0062972110016,0.2375644608199,-0.2232298505420,-0.0014969504883,0.1596018459899,-0.3294248554458,-0.1154437683703,0.1420613214524,0.2437015006102
0.1664687188263,-0.1351453492344,0.0289441138004,0.3370554899394,0.3271471466424,0.4840399934812,0.4648551680825,0.1635488802461,0.0225352034757,1.0000000000000,0.6793871194455,0.7643327168570,0.4745149212403,0.1146956978361,0.2796851393163,0.4000899859032,0.4611283627034,0.4367897286350,0.1546060536172,-0.0465138394983,0.4166328501455,0.6251442720980,0.4596539898837,0.4407107291104,-0.1292076899026,-0.2111088974689,0.0149289788151,-0.2665759992615,-0.0308284274698,-0.3075000984958,0.4131838440184,0.1593080540101,0.3935617032652,0.0713407841158,0.3963447507048,0.2966983835934,0.4072641004233,-0.1641568875847,0.4031198695945,0.0004189510857,0.2930625228998,0.6358349498535,0.1296221991965,-0.3924820962416,-0.2013067575353,0.2374131555879,0.1779209521787,0.5203108330783,0.2171419309550,0.5382918221507,0.1411481414000,-0.1348489073430,0.2658236384317,0.2489636918417,0.4435205212449,0.2824318724028,0.0095303223979,-0.0089443128408,0.1890057248306,0.0210528782781,0.7240895529663,0.5397158030475,0.5408217481546,0.4060777925211,0.0855527072108,0.1489250056538,0.2240329326914,0.4424043836295,0.0725381371506,-0.0858592868060,0.4550532389311,0.3945964895923,0.4144866010618,-0.0031423274309,-0.0317545593963,-0.2670031456445,-0.0581933926939,-0.2198816091960,-0.0621518795652,0.3850860201481,0.1292640299377,0.3176423616234,-0.1325655950905,0.0353561919985,-0.1864124936431,0.0970620239422,0.3234048523291,0.4306504028735,0.0089375838965,-0.2992137180956,0.4312299332791,0.0155653668644,-0.4728207179997,-0.1472125964102,0.0909178923255,0.4225586352776,0.1072959845602,0.1558239141474,0.5186170929849,0.3925898948894
0.1891770129178,-0.2791548602020,0.0610336489495,0.3495043143596,0.3901838462200,0.5886582231278,0.4863282535920,0.2562083700132,0.3137624688145,0.6793871194455,1.0000000000000,0.8480266834161,0.5660706061080,0.0057565928179,0.2244028201805,0.3557234980930,0.5358943137835,0.7203621484971,0.2599427009213,0.2073573731065,0.4349905998766,0.3905774426538,0.5982477960620,0.6720905939301,0.0946496497775,-0.0487330880288,0.2559582802267,-0.2809530022330,-0.1291341578077,-0.4590797226818,0.4586750403983,0.3061499918174,0.4976700084566,-0.0437149733900,0.3983509873415,0.2261073533354,0.5236723851707,0.0360968250397,0.4217587996609,-0.0536908874558,0.0928684030887,0.5849681078950,0.1599314296153,-0.2181487236058,-0.0582775369444,0.2313395656137,0.2403990340149,0.7006909281403,0.0338610712529,0.5374657863673,0.1275547296535,-0.2384811709338,0.2840027820935,0.2791920027279,0.4935381717368,0.2383365266137,0.0918354737541,-0.0240699113670,0.2881893500788,0.2835712951027,0.5717575976853,0.7338928941599,0.6678691806435,0.5340308898925,0.0557217134019,0.2286962262702,0.1238378613975,0.6142792711565,0.1047750904101,0.0533802131852,0.5127540881509,0.4806346388135,0.6014797513625,0.1370263550173,0.0502644221369,-0.0418782813341,0.1629589750951,-0.1437379015156,-0.1726403355376,0.5150731973988,0.2337173588149,0.4324803616385,-0.2730436486553,0.0385644362040,-0.0809286351204,-0.0393200961722,0.4934196592296,0.4242896137918,0.0975188803199,-0.2288683998404,0.4316309581771,-0.0124791699562,-0.3527071263388,-0.1091917717339,0.0986704013485,0.5548180034030,0.0274233399948,0.1552168142877,0.5599927980035,0.4990642293119
0.2108363984237,-0.2547674258874,0.0944879589751,0.2865011750701,0.3233910001723,0.5278795775629,0.4373379826432,0.1319316764316,0.2069886795967,0.7643327168570,0.8480266834161,1.0000000000000,0.6032089481902,0.0384098281365,0.0570285146277,0.3006505125914,0.5123440814085,0.6333974251254,0.1108385336368,0.1125518730140,0.3903900120190,0.4654119533813,0.6456063860187,0.6021886543772,0.0276037764747,-0.0331458182181,0.2252790237368,-0.2520123409411,-0.1925747656021,-0.4058236656498,0.3567464620324,0.3088033810439,0.5466522775113,-0.0705159039153,0.3373129673468,0.1528094330204,0.4299861228828,-0.0136583447961,0.3540611652739,-0.0624035217752,0.0681886494987,0.5833307980528,0.0884108853819,-0.2650153745674,-0.0968444128300,0.3094629381978,0.3255387905073,0.6261131928256,0.0492532794908,0.4316640777925,0.1218958289580,-0.1825825920949,0.2117696355221,0.2886183302082,0.4552260715787,0.2045608504049,0.0851023519628,-0.0501868762304,0.1649548598472,0.1826722392389,0.6733986101553,0.7480011756856,0.7827463839168,0.5895684597529,0.0515604937825,0.1272494080513,0.0708488934799,0.6187550631988,-0.0337643336427,0.0226027028376,0.5690622445784,0.6030509627909,0.5238338803187,0.1132338417418,-0.0853173470447,-0.0605413722141,0.1352628303574,-0.0922708572714,-0.1443077848841,0.4102597078156,0.3141034564631,0.5141033903744,-0.2564300564497,-0.0745140489420,-0.0351556812671,-0.0279394912165,0.3865751803067,0.3765859873420,-0.0141072640689,-0.1878472274805,0.3846106049485,-0.0517772618123,-0.3471925054016,-0.0278692163097,0.2668943774234,0.5207176145602,-0.0010183012580,0.2005217508173,0.6393075281491,0.4754530485545
0.1808215250548,-0.0981736842044,0.2209973560475,0.2313376865323,0.1936523658430,0.3532146642351,0.2012955965654,0.5475225668244,0.3049991355201,0.4745149212403,0.5660706061080,0.6032089481902,1.0000000000000,-0.0293780344067,-0.0463752599923,0.2190317619166,0.6092058214578,0.6203801317775,0.0046590039869,0.4749120833231,0.2026028552413,0.1350507475457,0.3780274078657,0.5536763073748,0.3519629753861,0.1910800163742,0.4153667463053,-0.4511759643891,-0.3466571448361,-0.3668425202982,0.2551926861252,0.3683747052127,0.6920842806316,-0.1462321406143,0.1374297997139,0.0645967490391,0.4168136687919,0.4141635474165,0.1430804529132,-0.1037909127491,-0.1251800821485,0.2718413083627,0.0099255724806,0.0320146564594,0.3294609463803,0.0004072063579,0.1234790649985,0.3696553546611,-0.0729582307337,0.2260635426135,0.0560907154931,-0.0346350140107,0.1170595112784,0.2550007438243,0.2628726549491,0.1717558664885,0.4566484995823,0.2928292593270,0.3147777902946,0.3341120248036,0.4193959383820,0.5281116131503,0.5656445523498,0.7619131035994,-0.0761267554760,-0.0737096015283,0.0587811380038,0.6636027773275,-0.1053863182009,0.2735434748039,0.4321157929141,0.3338351766789,0.5456493510621,0.4810355650479,-0.0945596310226,0.1056529553944,0.3235980755180,-0.3166879138836,-0.3597000844468,0.2847629536010,0.3383968758798,0.5320542876748,-0.3538860320426,-0.1375497179510,0.2536353088478,-0.1146380337625,0.4028822950972,0.2141781286525,-0.2248913590044,0.0729428026047,0.1955952058536,-0.0947903562864,-0.1281305732787,-0.3403791293891,0.1798112550438,0.2967018988045,-0.1721295444017,0.0368277633524,0.4026194925056,0.1220502462782
0.6563306075524,0.6194162910911,0.4570041957999,0.1010186185395,0.5217907578441,0.3513137166047,-0.0959204127225,-0.0562817784672,-0.3273373934264,0.1146956978361,0.0057565928179,0.0384098281365,-0.0293780344067,1.0000000000000,0.0228014597572,-0.2003887441667,-0.2416369719153,-0.1346956319702,-0.2198278134689,-0.2115249039447,-0.2455651725348,0.1594987301949,0.1020223753783,-0.1511377298866,-0.1834189227847,-0.3457400792572,-0.2390953888204,0.0641378778548,0.0318348852217,0.4934875421516,-0.2053252585560,-0.1624709916098,-0.1777598733882,-0.5054212970120,-0.2037624721376,-0.1982187571769,0.0336982866919,-0.2365446225634,-0.1527677484506,-0.5146704491384,0.1530201112574,0.0394348366880,-0.5168172348878,-0.4341870526831,-0.1515661749139,-0.0819342103820,0.1504312677995,0.0805557934249,0.7222000591075,0.2193605666178,0.6880519643982,0.6171322198887,-0.3994599960690,0.4378173137609,0.3862493224353,-0.3172850470727,0.1807482704515,0.2763785277275,0.0326261802085,-0.1716072445439,0.2210204537529,0.1988129304800,0.2217957724483,0.1267493530206,0.5788601022199,-0.5093178000884,-0.3224001609564,0.1036889272161,-0.1127499359513,0.1939041364542,-0.1040736156170,0.3130813302970,-0.0063369747375,0.0234260279314,-0.2169107004791,-0.2642838686800,-0.2494712405312,0.0243311817067,0.0878820944633,-0.1008482470781,0.0375470519766,0.2156066523317,0.4262782968950,-0.4734676974032,0.1645292071225,-0.4058860900000,0.0277186738171,-0.2455639985638,-0.4274560950575,0.2272443979618,-0.1729631745219,-0.5578297918521,-0.2741612379868,0.1798194621954,0.2677739985016,0.1809144210942,0.6505648787808,0.1871975364256,0.0262186994958,-0.1482975192946
-0.1541099731993,-0.0077762532356,-0.1231460149597,0.6033235597065,0.1255518652764,0.3368123221624,0.4435544104119,0.0351578046766,0.0976213776226,0.2796851393163,0.2244028201805,0.0570285146277,-0.0463752599923,0.0228014597572,1.0000000000000,0.4271015241066,0.2311944218555,0.1424014661014,0.4222349602657,-0.1171592380797,0.3619596299394,0.1158662832582,-0.0954746411243,0.1092965130801,-0.1162119438849,-0.1129995701816,-0.2693190578968,-0.0150899487095,0.1453701340996,-0.2483146562035,0.4114401207961,-0.0803592744961,-0.0049716653105,0.2347386821093,0.4330865810169,0.3993093968281,-0.0030751184546,-0.1722502459819,0.3589365639336,0.1834952976257,0.1523227618660,0.3103120298319,0.3165128291041,-0.1235097444839,-0.2520194644429,-0.1311187381544,-0.2668555989622,0.2675475991133,-0.0000882185082,0.7262315396261,-0.1087992485507,-0.0976522420606,0.4570187423377,0.0336495330191,0.2096485843942,0.4075118123777,-0.2625180817133,-0.1110566723251,0.1792048468296,0.0274072446407,0.0621772900657,-0.0444211844074,-0.1457632124540,-0.1165137862024,0.0702765740559,0.4448439953141,0.4257971004281,-0.0256053823883,0.4584432422475,-0.2567464023416,0.0758850294166,-0.2430858579992,0.0229380785364,-0.2652288033544,0.2458392573731,-0.0532191863010,-0.2955433771484,-0.0740189814717,-0.0302694518929,0.3667640690731,-0.2402545992452,-0.1745280926021,-0.1372386771531,0.2913164011560,-0.3882526833020,0.2225635083011,-0.0709292703413,0.3870998309816,0.3120772312888,-0.3859233815141,0.2828881676245,0.1703446811562,-0.1363406074116,-0.1109437865789,-0.2647651599185,0.1233690761036,0.0069608924425,-0.1789748734806,-0.0587733618829,0.2966911509954
-0.3998118008258,-0.4332124966229,-0.4510336431909,0.4764584355385,-0.2149982158159,0.1130598418916,0.7459778088441,0.2492726409592,0.1281852429506,0.4000899859032,0.3557234980930,0.3006505125914,0.2190317619166,-0.2003887441667,0.4271015241066,1.0000000000000,0.6113043942436,0.5618829560646,0.6068115925673,-0.1459657953015,0.6848658846358,0.1626052715058,-0.0168522593610,0.4680024390256,-0.1595710329435,-0.2075440999973,-0.1669583270403,-0.2212496477088,0.1395604137794,-0.2323901816798,0.7845325429274,0.0461597055577,0.1367381742300,0.4340522748030,0.8677892365261,0.8932106131200,0.1424291751115,-0.2220206164497,0.6204262996268,0.4089944822960,0.2218248020262,0.4943296098779,0.7417150315241,-0.2227724741987,-0.3603728387716,-0.0208221742290,-0.1051196067127,0.3783652707240,-0.1865142311154,0.4066700265966,-0.3448965430520,-0.4730840321396,0.6485280825363,-0.1980764899373,0.1389130476158,0.7329809548986,-0.3357364690614,-0.2717167866272,0.2431726410868,0.0033048330135,0.1898119937170,0.1099375549146,0.0342204895993,0.0005766525986,-0.2529260273471,0.5807546868614,0.8600654741027,0.2441414938913,0.5111686222230,-0.4466596792949,0.3255322004620,-0.1524781262681,0.2752444564539,-0.2701039701555,0.3914851886651,-0.1901915274778,-0.2369567155614,-0.2697317854932,-0.0139963580834,0.7037904472911,-0.1680949581820,-0.1728594838745,-0.1829299039699,0.6358131565954,-0.5037565755774,0.2968360953477,0.1257184838318,0.8492552806666,0.4684856605872,-0.5788653804609,0.5456118367975,0.3799385183276,-0.3610213648619,-0.2481844756281,-0.3180102574232,0.2432741599841,-0.1933539208265,-0.1157417968816,0.2310829494203,0.4138504600747
-0.2228024125610,-0.4407289511489,-0.2430990791320,0.3211753736569,-0.0838345150454,0.2091964900628,0.4861125748512,0.4927407417383,0.3969972100685,0.4611283627034,0.5358943137835,0.5123440814085,0.6092058214578,-0.2416369719153,0.2311944218555,0.6113043942436,1.0000000000000,0.6043406729189,0.5119410311624,0.3030080669070,0.7037229799304,0.1605151045301,0.1567403420832,0.6139485512458,0.2065265253237,0.0362343807218,0.1671981416821,-0.3368168457324,-0.1423601012168,-0.4237227520582,0.7271052121557,0.2049805988551,0.5533909000400,0.2292202492710,0.5466160538033,0.4801029494730,0.3916343648153,0.1723674043857,0.5037650183196,0.1998006644220,-0.0159773978467,0.3543166709554,0.4954117536184,-0.0385184062690,0.0277643958263,-0.0248047309949,-0.0844740438224,0.4242176366884,-0.2121423730194,0.4167022617155,-0.2448107022509,-0.4029463608442,0.3832920256933,-0.0581980936979,0.1480858819635,0.4197306641533,-0.0000346209983,-0.0518547495248,0.3004764873875,0.2883264895523,0.2944783385548,0.3548136397832,0.2808625431945,0.3245553204375,-0.2187093893589,0.3727590835084,0.4260280896432,0.5064747823930,0.3250629604026,-0.0679211025045,0.4882515357094,0.0428393881801,0.4454777129320,0.0562495609994,0.2084552401003,0.0168636228570,0.0541986003128,-0.2802790121144,-0.1936214559023,0.5850950639062,0.0219145034319,0.1575158535673,-0.3454813633390,0.2677194860340,-0.1738245270932,0.1341689567342,0.3043489268925,0.5423237721353,0.2384327094797,-0.2650755896982,0.4499399791054,0.1622107050310,-0.1561927702717,-0.3076390947550,-0.1902609138233,0.2946747730930,-0.2897136795201,0.0027219205880,0.3140131572047,0.3818902394727
0.0038038566675,-0.3323404158201,-0.0088230637988,0.3238306391818,0.1494497117226,0.4036947830027,0.4854462113887,0.4838968915666,0.3621447735022,0.4367897286350,0.7203621484971,0.6333974251254,0.6203801317775,-0.1346956319702,0.1424014661014,0.5618829560646,0.6043406729189,1.0000000000000,0.2740478054973,0.3086979834199,0.4253134237856,0.1957069951150,0.4467424754633,0.7558808929766,0.1865535291659,0.0371108207527,0.2831392315320,-0.3048662321244,-0.1471365778062,-0.4027918081629,0.5462717703896,0.3414056063811,0.4285897846214,0.0114475659889,0.4980798138010,0.4010879546964,0.4110548099183,0.1693511782978,0.4276173303421,0.1016731867819,0.0773356642447,0.5214442104464,0.3276348007707,-0.0982929446956,0.0439893163851,0.1787405049134,0.2347704788079,0.6225372829326,-0.1429015805307,0.3079529447826,-0.0935995582946,-0.3179529776474,0.3731326900586,0.1176762497853,0.3106599854649,0.3941305292005,0.1628321595153,0.0633158194258,0.4359559520210,0.3324505404650,0.3426276931003,0.5442683187225,0.4861085869331,0.4815564442785,-0.1864753300838,0.2454602970648,0.3297939142787,0.6901048466406,0.1285642804905,0.0240261256911,0.5024231238721,0.2924627775229,0.6514913676345,0.2421465035565,0.1489273294302,-0.0070504131819,0.1616909016635,-0.1948458111831,-0.2324461717460,0.6134972938348,0.1873078201368,0.2860983332120,-0.3192998357869,0.1926271512823,-0.0899350241171,-0.0290817326706,0.4326343007480,0.5628562605770,0.0918579484443,-0.2569439312055,0.4310185312464,0.1392617931117,-0.3384716643837,-0.1988959741788,0.0269813580432,0.4891460347865,-0.1610407524443,0.0360959445986,0.4679529247541,0.3380757604738
-0.3277989498648,-0.3595070163650,-0.3108202704679,0.3767324641600,-0.1105999693721,0.1366546901258,0.4702502291774,0.2436004923525,0.5472917406524,0.1546060536172,0.2599427009213,0.1108385336368,0.0046590039869,-0.2198278134689,0.4222349602657,0.6068115925673,0.5119410311624,0.2740478054973,1.0000000000000,0.1652239878577,0.5049364209347,0.0267295560665,-0.0299632710651,0.3839217294253,0.0966229932751,-0.0533077907161,-0.0848276952925,-0.0254789303842,0.0224768917511,-0.3134621257197,0.6584431190965,-0.0108599760489,0.0839551647395,0.2750104885122,0.6242947064240,0.6690510255694,0.1266900305286,-0.0471455621531,0.5180672181573,0.2172369314585,0.0121686546900,0.1974783346439,0.4962110964949,-0.0499954856560,-0.1237384451408,-0.0834109599453,-0.1624515375547,0.2386579350545,-0.2236754327925,0.3612369353075,-0.2231542733397,-0.3822754472033,0.3728402677809,-0.1035807931626,0.1262690681519,0.3880771154423,-0.2447325605223,-0.2425116191297,0.3312867699255,0.4043581726298,0.0171058651876,0.0116966660409,-0.0848863626712,-0.0858946612996,-0.1686649890642,0.4803731824134,0.5174339503658,0.1115856315925,0.8302362701124,-0.1264900483017,0.2211695915122,-0.1937730468725,0.1943530573047,-0.2605961565359,0.3810985210524,0.0198905998104,-0.0827037106578,-0.0931936109886,-0.1307613805071,0.5977933540296,-0.1221275975498,-0.1131530573393,-0.2624093727214,0.4349350189345,-0.2803635969421,0.1924874810526,0.1212499994639,0.5152274118290,0.4702531699385,-0.2609882445541,0.3875515400108,0.2351871845400,-0.0109867590285,-0.1030842883459,-0.2306451480635,0.1552326168798,-0.2328304391556,-0.1576633282185,0.0187736918018,0.3351737979026
0.1038921573494,0.0248084610327,0.3600997497620,0.0438569618094,0.1424100020984,0.2234148768564,-0.2222143959028,0.6370789736666,0.7443269437311,-0.0465138394983,0.2073573731065,0.1125518730140,0.4749120833231,-0.2115249039447,-0.1171592380797,-0.1459657953015,0.3030080669070,0.3086979834199,0.1652239878577,1.0000000000000,-0.1256984709146,-0.1733326473735,0.2177227758102,0.3757968352756,0.8731052865880,0.4340103672762,0.6252032625415,-0.2867872985081,-0.4909202243238,-0.4239167938465,0.0565811686786,0.3450103034327,0.4989344000159,-0.3060251469726,-0.2000047648945,-0.1988813544204,0.2968501112267,0.8167367039369,-0.0648852035623,-0.2420905088851,-0.3868868512421,-0.1700585204759,-0.1931684060939,0.4095945753602,0.6790191626825,-0.0848354111876,0.0097360734729,0.0528895017120,-0.2910564608090,-0.0798265835584,0.0647955577641,0.0877174420614,-0.1720340640110,0.2732829993775,0.0801176489775,-0.1437267583819,0.6222581890383,0.4560396043628,0.4447079760741,0.7303754407374,-0.0178788321636,0.1905430627517,0.1926387420339,0.4105100541647,-0.1056340470733,-0.1968396823036,-0.2330618118364,0.3975237415347,0.0169732294213,0.7149250663357,0.1278998126625,0.0909314391681,0.4338075259146,0.7437911147328,-0.1300777924267,0.3317031484733,0.5736605384449,-0.1853931862483,-0.4779877522871,0.0663136433798,0.2702309249435,0.4226506606792,-0.3966931354841,-0.3236341757212,0.5353607026184,-0.2365081219903,0.3340187391485,-0.1630327958460,-0.2833856368933,0.4635864060050,-0.0825841098935,-0.1992674256805,0.2959765282550,-0.2360204398143,0.1228524584113,0.0491420939495,-0.3155510575842,-0.1043938075793,0.0428368797352,-0.1086600156583
-0.3317117903458,-0.5670568653299,-0.5417101237249,0.2660612207534,-0.2037180735619,0.0463239760966,0.5858120922521,0.0768689440130,0.1533101179663,0.4166328501455,0.4349905998766,0.3903900120190,0.2026028552413,-0.2455651725348,0.3619596299394,0.6848658846358,0.7037229799304,0.4253134237856,0.5049364209347,-0.1256984709146,1.0000000000000,0.2107643380177,-0.0598324756562,0.5119049468202,-0.1338820029240,-0.2008920429957,-0.0866465053586,-0.1731017955774,0.1550426571475,-0.2940358326859,0.7361094129774,0.0196000051913,0.1614595612531,0.4250372442634,0.6828988665221,0.6190956113679,0.2580409198291,-0.2649405572769,0.5723036695012,0.3473258319249,0.0798070927211,0.3747281842577,0.7678745676159,-0.2671767858282,-0.4063882751047,-0.0540741922225,-0.1444048186465,0.3684641542222,-0.2509504061906,0.4833125561026,-0.3306286639100,-0.5513006120849,0.4926298051944,-0.2517313393972,0.0990867931088,0.4921363388545,-0.4484254873626,-0.4155438889566,0.0551702865487,-0.0101102267988,0.2351541326148,0.2161725101991,0.1323553385403,-0.0137302959341,-0.1063856187308,0.5997394167977,0.5146795336731,0.1801394834838,0.3308827325692,-0.4598374289651,0.4671305856236,-0.0635331648975,0.2106741716691,-0.3233518692951,0.3265278017109,-0.1799994697862,-0.1999618871953,-0.2596151950515,0.1404083319197,0.5434440454592,-0.1570558782373,-0.1756898304154,-0.1398986869662,0.5067705343932,-0.5688751217800,0.1931808349722,0.1347391309213,0.6825849434966,0.5180398934544,-0.5867591838400,0.5261544347917,0.2851608915004,-0.3561985500617,-0.1665201815482,-0.3886760269661,0.2801723139431,-0.1839105706088,0.0900591558235,0.3305335785455,0.5515126024961
0.0664670212896,-0.0678289677623,-0.0221455379669,0.1094615153392,0.1671950985762,0.2120187405282,0.1636959003125,-0.0298230381193,-0.0946741313812,0.6251442720980,0.3905774426538,0.4654119533813,0.1350507475457,0.1594987301949,0.1158662832582,0.1626052715058,0.1605151045301,0.1957069951150,0.0267295560665,-0.1733326473735,0.2107643380177,1.0000000000000,0.5486247862643,0.1503570347954,-0.1935326298624,-0.1901750212067,0.0117205338549,-0.0205202055200,0.3183605004653,-0.1112495223253,0.1636884716468,0.1305020277868,0.1571650841525,0.1534012026028,0.1637303835460,0.1507157347774,0.1671818575430,-0.2921192728364,0.1610508493323,0.0997139493525,0.5226162971598,0.4663406971915,0.0102146137133,-0.3682857221327,-0.3231318361684,0.4709891808536,0.3603046062084,0.2543286272363,0.3389440031569,0.2859927215904,0.0806673286070,-0.1008075283309,0.0885799954435,0.0625223362165,0.2061050294311,0.0824713190888,-0.1057020320276,-0.0210297619927,0.0291034455683,-0.1033698872575,0.4665886762384,0.2626633367958,0.3187219746603,0.1506421645420,-0.0222686371653,0.0488791221003,0.1019027367600,0.1133520680979,0.0783916883879,-0.1467199883030,0.2542970740000,0.4244135325826,0.1322256090939,-0.1219077820884,0.0303890360136,-0.2700730636816,-0.0725120787310,-0.0657646486699,0.1276743815628,0.1033336192207,0.0949855389971,0.1621486489275,0.0737313174743,0.0488487164205,-0.2575209394845,0.1744217404651,0.1570284270879,0.1647618726254,0.0311422031717,-0.2827788987683,0.1611394073934,0.1231970314348,-0.4059032365727,-0.0464471803886,0.1422906375958,0.2445001154788,0.1942893569753,0.2133363074356,0.2547049002800,0.1633009464690
0.1849775062578,-0.0346189304508,0.2725752265899,0.1488435323205,0.2251322371911,0.3614794081603,0.0870469091848,0.1956489726259,0.1416908235686,0.4596539898837,0.5982477960620,0.6456063860187,0.3780274078657,0.1020223753783,-0.0954746411243,-0.0168522593610,0.1567403420832,0.4467424754633,-0.0299632710651,0.2177227758102,-0.0598324756562,0.5486247862643,1.0000000000000,0.2893912089055,0.0883986488499,0.1926969852640,0.3527951090393,-0.0451661331113,-0.1044583397738,-0.2205538972878,0.0743550227596,0.5214612410009,0.4771942421325,-0.0968286491439,0.0001548457063,-0.0894736369444,0.2314145956913,0.1448204499754,0.0242415655287,0.0372956030368,0.2774941142573,0.4518387958430,-0.2101651918274,-0.0445667849087,0.1685528979272,0.6337481783151,0.5927959647554,0.3550632256317,0.1420555893570,0.1609176282664,0.1149163843613,-0.0335047089752,0.0188084824797,0.2409743827342,0.2544075969127,-0.0066204507688,0.2352188466945,0.1360435987730,0.1313867310643,0.1684776303347,0.3586049975833,0.4775602683178,0.5666970206219,0.4211230102349,-0.1491017301681,-0.1137074181720,-0.1244902516988,0.3520854518669,-0.0517205778773,0.1832628346791,0.2807325996366,0.5994790097513,0.3291831826082,0.2089745788696,-0.1045982127652,0.0767154542006,0.2954368443568,0.0983561601432,-0.2994381100077,0.1264380734761,0.4596558549949,0.5002997188192,-0.2343437301344,-0.2000991062536,0.1427291449926,0.0282520857437,0.2920324677600,0.0164103745784,-0.1638237453641,0.0242457068530,0.0490903959858,0.0788578059956,-0.1712906289853,-0.0036815621364,0.4028898120257,0.3098382440411,-0.0772471985718,0.0665538779999,0.3228875282048,0.0694318575533
0.0365906911975,-0.3589446171926,0.0329643775309,0.3454159515631,0.2268356426705,0.4915749222865,0.5156516855552,0.3171468748109,0.5517156833240,0.4407107291104,0.6720905939301,0.6021886543772,0.5536763073748,-0.1511377298866,0.1092965130801,0.4680024390256,0.6139485512458,0.7558808929766,0.3839217294253,0.3757968352756,0.5119049468202,0.1503570347954,0.2893912089055,1.0000000000000,0.3453978300606,0.0096880767176,0.3449883327725,-0.4017770165220,-0.2606861105887,-0.5273954894608,0.6253403200175,0.2266691085131,0.3867924384454,-0.1393231943638,0.5593425072766,0.3363672812110,0.6067972553242,0.1945421430237,0.5805436208348,-0.0701573879319,-0.1680397780820,0.3423578564530,0.3355933316250,-0.1459900103656,0.0022365096922,-0.0058275481257,0.0394301587931,0.6296521968714,-0.1291398669912,0.3206640661671,0.0165507566816,-0.2385890343834,0.3114120082131,0.2634606255114,0.4575834167697,0.3593674216781,0.1993791282184,-0.0068770008002,0.4341715542562,0.4767465001278,0.4832621672263,0.6581188720027,0.5615142406824,0.5047590126553,-0.0077357464574,0.3058178969113,0.2418257853917,0.6910930144862,0.2130904847966,0.1473936849036,0.6125223318006,0.3832592707452,0.8452028527571,0.2517172062790,0.1500684211441,0.0568928705863,0.2692224261649,-0.2809375269802,-0.1640582532138,0.6789907418302,0.2319720903923,0.3687262508897,-0.3370958014068,0.1097877570167,0.0361633487746,-0.1670663250340,0.5911330939574,0.6109203725470,0.1654769258355,-0.1088868900762,0.5754295151710,-0.0752343493742,-0.2406111079990,-0.1947746602644,0.0236070059166,0.5848001464102,-0.1048161415613,0.1610439600129,0.6127134169220,0.5323427982100
