1.0000000000000,0.4790142052019,0.5210883780622,0.1423124346824,0.6552211550736,0.3180680035624,0.1001616017916,-0.2879269923274,-0.2855399865673,0.0030315884043,0.1205976732861,0.1163309275627,-0.0481674397359,0.5342066082872,0.1200500940258,0.1656317294591,-0.0183206224313,0.0220688495082,-0.2314899838728,-0.1887980302297,0.0272690218811,-0.1238018130146,0.1858739322990,-0.0578451351305,-0.2094850081612,-0.0152015052281,-0.0080499600944,-0.1141584116464,-0.1192375810676,-0.0571368674826,0.1251815681925,-0.0743169956284,-0.1017877717345,0.3260916447283,0.3724979940732,0.0341659090326,0.2161312108069,-0.0350973398283,0.3366851898772,0.3371751614897,0.0924761250215,0.3377571973572,0.2336386792791,-0.1001765741615,-0.1498484835822,0.0375146469704,0.0472314397349,0.3873989881323,0.1675427712873,0.1325262026791,0.5941208761579,0.3643636217511,0.0458784666498,0.4364765625690,0.2419973566446,0.0691762471021,-0.1854143737471,-0.3841631578853,-0.2349467007183,-0.2726422811905,-0.1562775415229,0.0601020979386,0.0434106722078,-0.0763619649118,-0.0131092428174,-0.0546942565003,-0.1080309379471,-0.0678757296802,-0.2263210726748,-0.2229388711101,-0.1673550825189,-0.0856057320294,-0.1020626437234,-0.2319828007903,-0.2958767642801,-0.1665928773971,-0.0262721433543,-0.0501732642140,-0.1017736249838,0.0037335068305,-0.1494279892289,-0.1508612040145,-0.1473643191593,0.0934045496463,-0.2486595526224,0.1201330376766,0.1670537719580,0.2107087533650,0.0516733037151,-0.0483662000154,0.2719800942471,0.1868273419449,-0.1368501821791,-0.0148875356700,-0.2133906758510,0.3010523347057,0.1069563916031,-0.0458292514210,0.2802182843346,-0.1297934595417
0.4790142052019,1.0000000000000,0.4845301778932,0.3293127386572,0.3291807153206,0.3368201796624,0.0466396480057,-0.2116460300669,-0.2393578039438,0.0787270023605,-0.0972395477836,0.0409932754200,-0.0395511518647,0.3281485480186,0.3260547095123,0.0067756996890,-0.0602325214547,0.0359191955558,-0.1696568081857,-0.1183093072273,-0.0432693980956,0.0518797052560,0.1314327087329,0.1025143355669,-0.2965109844775,-0.0038259660378,-0.1621787966772,0.1421396917257,-0.1327443768155,-0.0188576155238,0.0322266077033,-0.2534945043958,-0.2065511511690,-0.0542229987425,0.1946655598161,-0.0015110001625,0.2634800675782,0.0324097989070,0.1648571217638,0.0141147709940,-0.0096171317133,0.1410724419970,0.0919791053667,-0.1425672983992,-0.1303611218179,-0.0152056914145,-0.1314539780624,0.1648539573509,-0.0045196986898,0.1029489975283,0.3354217358292,0.5858241375763,0.2098619869522,0.2822240600903,0.1531467631677,0.0320370375123,0.0344970203313,-0.2584558089610,-0.0343559212755,-0.2529836153610,-0.0403030079739,-0.0908029020118,-0.0038978965549,0.0720709850504,0.2145045823247,0.1046987262553,-0.1712759374753,-0.0367706418501,-0.1521561816383,-0.0368492987104,-0.1018396276656,-0.1033170519982,0.0637289753670,-0.2011322932310,-0.2017143342753,0.0806417165454,-0.1606909738157,-0.0104888410779,-0.2043450802719,-0.0569645714617,-0.1997589241779,-0.1318593768729,0.0046168167998,0.0314140726726,-0.1104362575634,-0.0456336060385,0.2663707114739,0.0970599221570,-0.0261023151910,0.0790865663632,0.1299925651895,0.0475408911585,0.0492871960928,-0.0394118229066,-0.1927366689408,0.1822421309554,-0.0925670005049,-0.0125755079441,0.0680596997354,-0.1440757221551
0.5210883780622,0.4845301778932,1.0000000000000,0.0003466313299,0.3146354261879,0.3167839504505,-0.0744446425724,-0.2569675273579,-0.3368959376859,-0.0363032406755,-0.2913514617588,-0.2233081945693,-0.3174696728923,0.1672704950167,-0.1058301246475,-0.0348184146862,-0.2931841349652,-0.1433821005336,-0.3217112767985,-0.1678886035812,-0.3255736074221,-0.1439390458391,-0.1526874961516,-0.1777935977868,-0.2311317816388,0.1270389105520,-0.2128634228989,-0.0882189533293,-0.3212201543619,0.0922259126475,-0.0527637015561,-0.1621599773810,-0.2851292732961,0.3462723918323,0.3248643256064,0.0164682263064,0.1938110511392,0.2571119630602,0.4274110086371,0.3598475804126,-0.1135737327830,0.0593335544172,0.2511020980794,0.1370717393358,0.0870645856621,0.0966478167719,-0.0229936631921,0.3072011908031,0.0665766232829,-0.0808651183051,0.4106085060529,0.7604323982116,0.0120324598062,0.5440056863070,0.1769727403993,-0.0367599021410,-0.3265604089179,-0.3371909965986,-0.2454740412677,-0.2526672610210,-0.1079258284303,-0.1199519541842,-0.2334460620089,-0.3041348930875,-0.0117785954188,-0.0114217355883,-0.2059314440846,-0.2600824013096,-0.2210069312996,-0.2375520624810,-0.3245411223502,-0.2784307650444,-0.3033000078287,-0.2450894062034,-0.3130350431392,0.0488238358700,-0.1766510017324,0.0391531780929,-0.1767333303273,-0.1483620716113,-0.1649940604430,-0.3357017866919,0.1134184563428,0.2085011107151,-0.0790506445180,0.2294667937931,0.1259718261348,0.2484358781552,-0.0165030551529,0.1730650318669,0.3049363021826,0.2368185643224,0.1886005656960,-0.0152941801531,-0.2089719575155,0.3378096137600,-0.0659994159315,-0.1879412476672,-0.0692565306033,-0.3847431281770
0.1423124346824,0.3293127386572,0.0003466313299,1.0000000000000,0.2779899950171,0.5154179870029,0.6455721407396,0.3099103228344,0.3968811523577,0.3961547078595,0.2649926392362,0.3741574128908,0.3035384547123,0.2429554463425,0.7690260533941,0.3551500800858,0.2616244310427,0.2644808061415,0.3348202833152,0.3311672831354,0.3235812439957,0.1541384100375,0.2848773972110,0.3580565390764,0.1280320294762,-0.0500672758954,0.1929819103209,0.2684085327723,-0.0711700592049,-0.2300229150289,0.1494200191206,0.0422998230445,0.1913893886303,0.0254793714209,0.0718324367359,0.3369077158235,0.1369351647479,-0.0280606399665,-0.0139244020903,0.0053903289774,0.0867918914852,0.2019965287896,0.3361228604473,-0.2425464413320,-0.1423999387501,-0.0419111830819,0.0552886164141,0.1877618463290,-0.0540396175284,0.4760462325810,0.2213679410109,0.0932024009750,0.8000816226131,0.2660820090889,0.3595319468247,0.6066150874118,0.3280336563410,0.1581659182884,0.1752913132751,0.3187269832568,0.1812918257735,0.2208383840562,0.1821885759877,0.2976805210447,0.3538002877993,0.5775096660385,0.2250850609351,0.1915056778163,0.2284464091512,0.4004754025412,0.1452772600749,0.1839459788532,0.3540875751607,0.2595194740888,0.0669531173276,-0.1521680784524,0.1479667268251,-0.0977852650933,-0.3450968665196,0.1117978224050,-0.0406352128185,0.1606926303264,-0.2704679643232,0.0705603529993,-0.1220918666144,-0.0279588812673,0.2110438597135,0.1018738111678,0.2097108678468,0.0202156024307,-0.0434329395044,0.0856469806944,-0.1886933346458,-0.0407896105572,-0.0476054256185,0.1579728027730,-0.0217545771824,0.0628933707985,0.2383047092197,0.3604927317342
0.6552211550736,0.3291807153206,0.3146354261879,0.2779899950171,1.0000000000000,0.5057283084035,0.4069558364114,0.0597413724098,0.0346077003154,0.2948124594942,0.3851790312011,0.4254355530700,0.2963156765942,0.5033166223771,0.2474285253984,0.1598600560462,0.2744922864414,0.1941825825716,0.0543679319679,0.0430239330427,0.2391221742432,0.1690387807588,0.3084552232353,0.1015818588676,-0.0164570036740,0.0265667016680,0.1400655731743,-0.1106065880686,0.0442715415734,-0.0444143660864,0.1212712671024,0.0847893818253,0.1998334163719,0.2541657330199,0.2047052588597,-0.0350360824133,0.1898402335230,-0.0829645110213,0.2526578105590,0.2866924054579,0.2301259975953,0.2521796115574,0.0160836107814,-0.1135969721308,-0.1625163364071,0.0767096035515,0.1865542258240,0.4442288920009,0.2952359757356,0.3070627727647,0.7422759841267,0.1971608584067,0.3053200601421,0.5633507640075,0.6215867794462,0.3729926917977,0.0943910455226,-0.1027618945182,0.0598404198033,0.1108988511830,0.1781714413845,0.3618747542232,0.3849658004481,0.2450195782293,0.2850928892006,0.0958843048528,0.0425970991790,0.1486350052692,0.0750930395187,-0.0352314121053,0.1137696762755,0.2268282545071,0.0713700752820,0.0100289955173,-0.2457226988320,-0.1860909767138,0.0393008147587,-0.0699849717867,0.0350009737558,0.1100142325242,0.0775327713975,0.0920242722136,-0.1907615931913,-0.0954470481673,-0.2243109520764,0.1001335270255,0.0993180476523,0.1367499747149,-0.0884046816258,-0.1499930994847,0.1764017852937,0.1750172364408,-0.1968692625944,0.1378431268940,0.0452712066355,0.3401015410627,0.3119514501413,0.1163448744934,0.2589112934799,0.1446883679571
0.3180680035624,0.3368201796624,0.3167839504505,0.5154179870029,0.5057283084035,1.0000000000000,0.5985086198015,0.2293666646645,0.2241292325535,0.5119043985478,0.4066168299826,0.4057506044989,0.3756675688411,0.2390173637192,0.4726461500084,0.3559417617105,0.3957010096708,0.3971585153954,0.2049820785502,0.2894104557831,0.3044104419437,0.2964837201085,0.2935723035115,0.4136803595151,0.1545488177405,0.1073831315651,0.3297702395486,0.1443533383774,-0.0553824619856,-0.1471731677663,0.3457081634903,0.1475698200420,0.3663190601049,0.2179082725924,0.3394748003172,0.2107876405449,0.4793316680293,0.1350355980623,0.3950208925813,0.2618745818106,0.0467650570956,0.3679373529887,0.1811267788783,-0.1069496162895,0.0064206402639,0.1665601731907,0.2715435843009,0.6061068070816,0.0850027454809,0.5147153009762,0.4056594271586,0.1887542214666,0.4949212381267,0.7330145462309,0.7715613223335,0.4325661288339,0.3023201783689,0.0157388888041,0.1858367832873,0.2234079989300,0.3763421912973,0.2608216241268,0.3405936872808,0.4057937626342,0.1860288759414,0.2747890553778,0.1685136605539,0.4290042723947,0.1452656517146,0.2960825516088,0.1970556482531,0.2725057938996,0.3789951280557,0.2153381731999,-0.2022000370462,-0.2300414462212,0.2994513012482,-0.0987184801540,-0.2167388364531,0.3284242450014,0.1345403164050,0.3545112067656,-0.2381792899313,0.0540477548012,-0.0450864258375,0.2270837342442,0.4182054896428,0.3167962111875,0.0450708704686,0.1706110380078,0.3603189243498,0.3170107305199,-0.1796370508621,0.2206514940040,0.1369898392381,0.5604050202407,0.0411167732773,0.1813772051550,0.3851639064065,0.2431113372300
0.1001616017916,0.0466396480057,-0.0744446425724,0.6455721407396,0.4069558364114,0.5985086198015,1.0000000000000,0.4532890499342,0.4808009071790,0.4923729425805,0.5341783242562,0.5665676257976,0.5608186556998,0.1501023300601,0.4779650353454,0.5318841117174,0.5857524304029,0.4568031203791,0.4434461928078,0.4917911746161,0.5523492786365,0.1622908561433,0.3342532500393,0.4781070574293,0.2774059922983,0.2130567939867,0.4347018101636,-0.0786753243212,-0.0454818029990,-0.2721967977393,0.4249080015781,0.4746704111347,0.6153519500188,0.1301478502439,0.3292283092429,0.3216251889198,0.3303916706000,0.0455165983322,0.2364555570922,0.0816596720601,-0.0069563594045,0.1287826853957,0.1092225690202,-0.1000683902671,0.0525564542119,-0.0970891079604,0.2974594015084,0.4391692921891,-0.0829188459862,0.4580089352860,0.2871226585631,-0.1631034529025,0.6965991085358,0.4842584149882,0.6151092517086,0.8171313367788,0.4889791682239,0.2497357894012,0.3947595510097,0.4885703449229,0.3894095550398,0.4636711560584,0.4653193061596,0.5304411329574,0.1719727840387,0.4705442184835,0.5300735624641,0.5191791362354,0.4141726585752,0.4628539185039,0.3931587578379,0.3891585857585,0.4629038515027,0.3669254010826,0.0716591504531,-0.1877910362243,0.3362870353607,-0.2653838755371,-0.2362599742819,0.4283205813888,0.4065839177087,0.5447423176177,-0.4327488615298,0.0710823120216,0.0818020828329,0.1624026213108,0.3431724970564,0.3331910734357,0.1286950200170,0.0849496744857,0.2003283983203,0.1101613164804,-0.2110124144608,0.0748420305016,0.2581211654322,0.3893288206215,0.0030861641863,-0.0324078727843,0.2663730914073,0.4936855167042
-0.2879269923274,-0.2116460300669,-0.2569675273579,0.3099103228344,0.0597413724098,0.2293666646645,0.4532890499342,1.0000000000000,0.8340526263780,0.2732495685770,0.3902074959307,0.3456224876807,0.4281459334096,0.0791942737829,0.2404265020522,0.3080826072360,0.4445259239821,0.5487644101186,0.7605718757121,0.6358932755525,0.3750064591099,0.2461442629194,0.2295675806412,0.4854881775504,0.4451046797051,0.2224990745380,0.4462994541823,0.0754265477801,0.1409232696611,-0.0058320854284,0.1700513519947,0.3865642250591,0.4423958525064,-0.0053275658353,-0.1102723344859,0.2991678687507,0.0475274262451,0.1329783215941,-0.1332899865854,-0.0265791627076,0.1740356070842,0.0042782580822,-0.0702935792343,0.0826150597631,0.2150880864635,0.1915367350405,0.1914092699383,-0.0292861879969,-0.0362038711388,0.2102872040553,-0.0030929286305,-0.2652077733664,0.3035220463393,0.1255348861361,0.2840979379646,0.3893121364042,0.6252089732369,0.7260609575991,0.6906975695234,0.8161235918194,0.2754267936287,0.2905196450778,0.3575843168255,0.3890995440089,0.2360841217504,0.1102447243691,0.5230440955144,0.4939643603627,0.7238385125009,0.6261334611994,0.4980063065746,0.3113752237975,0.5658180231395,0.5790321307256,0.2577568509413,-0.0175639464131,0.3055686216579,0.1096438000352,0.0632465281512,0.3481297462219,0.2065278113420,0.4075822632560,-0.0327380957274,-0.1492609828876,0.2580432529354,-0.0483782815968,0.0642598489394,0.0030955812646,-0.1184721202063,0.0754568349265,-0.1720870424637,-0.0409004282692,-0.0210303863406,0.2063638441632,0.1769108270390,-0.0737572629477,0.1336761325961,0.2089124788078,0.0250785291671,0.3476942704771
-0.2855399865673,-0.2393578039438,-0.3368959376859,0.3968811523577,0.0346077003154,0.2241292325535,0.4808009071790,0.8340526263780,1.0000000000000,0.2922518941757,0.4157729932055,0.3641822146411,0.3625249256181,0.0785987308032,0.3187786399542,0.3215778681732,0.3633569969867,0.5023463113517,0.7109730568715,0.6780081826182,0.3216578592438,0.2477809521729,0.2889321987631,0.5176821572955,0.4834631744793,0.1062583104570,0.4513286664991,0.0475914872124,0.0885249664718,-0.0707995846234,0.1361325045123,0.3834332679774,0.3917962493587,0.0418576149812,-0.1216782309609,0.3570079767228,0.0645538463941,0.0997766379394,-0.1429049899724,0.0173988221273,0.1670289825434,0.0852140477135,-0.0062517375245,0.0255398371175,0.1432532180930,0.1696012125817,0.2518325740530,-0.0117216444402,-0.0807334255724,0.2474463246908,-0.0218365411627,-0.3513219595092,0.4074742133151,0.0781514587481,0.2746448070878,0.4320931293833,0.6045547139450,0.7103205065044,0.6521923989199,0.8718385362432,0.2657631871389,0.3367106087856,0.3279011577648,0.3520169880460,0.2182292777320,0.1492000818962,0.4463741911971,0.4165631014723,0.6892524861500,0.6777408526725,0.3895936294312,0.3219510030582,0.5883871345205,0.5724939635101,0.2379049121589,-0.0691455131730,0.3357978331794,0.0796447284381,0.0003625133207,0.2740526282647,0.1208669937360,0.3327070809388,-0.1491994159700,-0.1592554079882,0.1766637083427,-0.0423010843620,0.0682547123120,-0.0705363204941,-0.0792020832945,0.0382367649817,-0.2351305792040,0.0041010230435,-0.1084434859031,0.1895806781230,0.1168838095170,-0.0834172161376,0.1020020951305,0.2031629628331,0.0891687044416,0.3835175802363
0.0030315884043,0.0787270023605,-0.0363032406755,0.3961547078595,0.2948124594942,0.5119043985478,0.4923729425805,0.2732495685770,0.2922518941757,1.0000000000000,0.4753072503955,0.4570063430381,0.4914730249534,0.2272921835696,0.6381403475721,0.0634241493400,0.4082581031070,0.2154687409477,0.2949410268075,0.2214426159428,0.4341818007263,0.7389886586557,0.2364223343346,0.3270281767522,0.3415648779730,-0.0089148242744,0.3282569311525,0.1043723141870,0.0388964124491,-0.1690032041750,0.1834953783154,0.2181789552216,0.5215049691637,0.2772083645817,-0.0068355205944,-0.0097518197857,0.2834739664792,-0.0866596041432,0.0067240357471,0.1956748334201,0.1953705510991,0.3387808476673,-0.0537274469329,-0.1332406458830,-0.1231100151460,0.2060490740924,0.5149569358219,0.2860299603547,0.0518280776490,0.7553903032211,0.2511174559963,-0.2282823614717,0.3902346464717,0.2232271063049,0.5538668650196,0.3134626590351,0.3249833557849,0.0372891286940,0.0738947933050,0.3057387950502,0.7680413389951,0.4091433381116,0.4426071016422,0.4583098491123,0.1445051465047,0.4019209997567,-0.0141312022465,0.2922290907421,0.1067457240834,0.1678420269541,0.2573460046756,0.5648484811780,0.2268371873597,0.3160893109612,-0.1960427400734,-0.2911243468188,0.2921249169963,-0.1588953180811,-0.1784696007894,0.2000900253573,0.1746245917101,0.3813409868226,-0.3225983487565,-0.2505815907798,-0.1778527842264,0.3312711816129,0.1900832490399,-0.0666552163707,-0.0991742628514,-0.0850077365427,0.0352839342111,0.2701379482601,-0.3094469539058,0.3408930193271,0.4441779914276,0.1894005166266,0.0040391051931,0.4401925201323,0.4003594752169,0.3980725998675
0.1205976732861,-0.0972395477836,-0.2913514617588,0.2649926392362,0.3851790312011,0.4066168299826,0.5341783242562,0.3902074959307,0.4157729932055,0.4753072503955,1.0000000000000,0.6790591618056,0.6039349690360,0.2063091335193,0.3718933236155,0.4339806421208,0.6672534072953,0.5433440120260,0.3672295245170,0.4359613429139,0.6308509868886,0.3500599988377,0.5422234717841,0.5319717939325,0.2459522894770,0.0871176749910,0.6341560667615,-0.0046424777854,0.3080122244738,0.0254783414657,0.4631375776422,0.4399040647936,0.6297813279786,0.1409910026717,0.2451391280118,0.0669832704620,0.3694963122058,-0.0385075496935,0.1898005405940,0.2058479669141,0.2818107983373,0.3574037067150,-0.0040356762331,-0.0744859170258,0.0083418013886,0.1015025069480,0.3524968433892,0.3631968723731,0.1889959838035,0.4916014892622,0.2639576038484,-0.3485742567407,0.1856505888624,0.1515175509534,0.4451199819665,0.2685845153617,0.4753227135568,0.1498688941662,0.3426745503660,0.3169839272165,0.3329211243612,0.5275296032209,0.5600136547578,0.5266289729639,0.1645163862530,-0.0189586324296,0.2512257496642,0.6240650939232,0.1821416690495,0.3524396054395,0.4131696600259,0.5576936519038,0.5306472458875,0.3530770928978,-0.1012596124573,-0.2081605624668,0.5048238931742,-0.0950820361115,0.1693667883490,0.5313264558057,0.3178784109523,0.5443085435479,-0.2176085586107,-0.1642469480927,0.0248729444315,0.0715039299789,0.3117288146734,0.1867237648557,-0.0750600439788,-0.0257216606116,0.2360823254625,0.1416767065792,-0.3305456887119,0.2629702003607,0.2321660836859,0.2265341631044,0.2542970103577,0.2677018714477,0.4162247346819,0.3624202161536
0.1163309275627,0.0409932754200,-0.2233081945693,0.3741574128908,0.4254355530700,0.4057506044989,0.5665676257976,0.3456224876807,0.3641822146411,0.4570063430381,0.6790591618056,1.0000000000000,0.6186313605677,0.1651638999584,0.4311982653019,0.3583288827324,0.6672926131822,0.5508978434873,0.3572850670945,0.4131418745596,0.7531165373726,0.2939130588385,0.7680482191367,0.4681625679305,0.1622147589871,-0.0014974034076,0.4768303327909,-0.0382139506800,0.2701778746801,-0.0968231441863,0.3075666247011,0.4624352391478,0.6158301098870,0.0456057164835,0.1816797126756,0.0214240844629,0.2918611729738,-0.2043236667613,0.0337101535081,0.1008359122682,0.1606558029308,0.2452824641063,-0.0818189321921,-0.2494364463558,-0.1889461582750,-0.0295874585253,0.3937958823586,0.3073568911324,0.0300852942543,0.5134020455897,0.1989706664549,-0.3154966754666,0.3304532676244,0.1659540712267,0.3945696906297,0.3731650701133,0.5019734610431,0.1194433951062,0.3557125755246,0.2802370978556,0.3130013496741,0.7142691429125,0.7296031475842,0.5928252404897,0.1005265249352,0.2262212645350,0.1978981137804,0.5493697646360,0.2092069858598,0.3725294478624,0.5453334913232,0.6722198943150,0.4221024634475,0.3216855945581,-0.0269037845610,-0.1513840903969,0.3175353848411,-0.2549850383504,0.0935330460313,0.4495488266140,0.3682972132415,0.5155478581731,-0.3922034039460,-0.2677864390151,-0.0754154030216,0.0166118098195,0.2873501873674,0.1447525461026,0.0126387716778,-0.1371978034653,0.0431571281839,0.0278395946125,-0.3494748209785,0.1870699009928,0.3445532277223,0.2026596600766,0.0423738537571,0.1136397340080,0.3106322037036,0.4544488872077
-0.0481674397359,-0.0395511518647,-0.3174696728923,0.3035384547123,0.2963156765942,0.3756675688411,0.5608186556998,0.4281459334096,0.3625249256181,0.4914730249534,0.6039349690360,0.6186313605677,1.0000000000000,0.1598483631870,0.3236364623299,0.1975813954677,0.7155295375681,0.3858335399373,0.3423924095329,0.3656130122232,0.6454336815502,0.3725754468695,0.3555285790381,0.4718879127330,0.3001303945650,0.1156178669809,0.4942890620635,-0.0679086430829,0.2067031329330,-0.2541037856350,0.2778529724894,0.3235429792962,0.6767833832422,-0.0654920357474,0.0845062747055,0.0028185248434,0.2742934179333,-0.0438707674844,0.0947407563083,-0.0694618439931,0.2086167727455,0.0930854823696,-0.0695279508604,-0.1608604784672,-0.0420878999907,-0.0425865869647,0.2748219983179,0.2552696148113,0.0515188123110,0.4637745308108,0.0780752905846,-0.3283421913631,0.2692769395227,0.1761293118291,0.4135169208277,0.3714373500850,0.6839508688090,0.2150469872789,0.3959943810742,0.3770831047853,0.4567146605714,0.4189634479168,0.7048539631958,0.9080090001830,0.1133079592534,0.1792137915618,0.2797266453588,0.6118099286832,0.3033692168846,0.3400060368489,0.5615389245212,0.5205990955178,0.4706948563402,0.4042207118734,0.1179757351136,-0.2465955473454,0.3618593761067,-0.2194861678476,-0.0063734350452,0.3455911981054,0.3318077474921,0.6973393886712,-0.3378316341639,-0.1360720890476,0.0716559060907,-0.0237381201843,0.2652219484373,0.1317831038350,0.0570026163636,-0.0336038263842,0.1255326504451,0.0225338594389,-0.2623838342885,0.1997347524720,0.3888846238185,0.1809305850862,0.0896020537049,0.2219021955659,0.3053209562457,0.5138659616233
0.5342066082872,0.3281485480186,0.1672704950167,0.2429554463425,0.5033166223771,0.2390173637192,0.1501023300601,0.0791942737829,0.0785987308032,0.2272921835696,0.2063091335193,0.1651638999584,0.1598483631870,1.0000000000000,0.4018484310259,0.1474198849300,0.1801136737298,0.0646736613599,0.1987196913293,-0.0086733063159,0.2045251689814,0.2882220904013,0.2233437455243,0.0679255706863,0.0202560199414,0.0368256027155,0.0011079467633,0.1549498858921,0.1997233096971,0.1130877138404,0.0547996242804,0.0181355505357,0.1321868992024,0.0086391924711,-0.0335622499695,0.1232318278184,0.0071961829936,-0.3060250062890,-0.1066891816509,-0.0674349641711,0.2780348194799,0.3084205084401,0.0419116756325,-0.1426027057318,-0.2647438171485,0.0770863848166,0.0372101245510,0.0224641395708,0.2629907327674,0.3600474178209,0.4373455360626,0.0804555737478,0.1368674715935,0.1044017245626,0.2274497537255,0.0346827624854,0.0443594933721,-0.1379531230419,-0.0178354480539,0.0875804312697,0.0684116328496,0.0436213613736,0.2102902202302,0.1522685071430,0.3813057525332,0.0554344272944,0.0329061546088,0.0049875743185,0.0602210565985,-0.0649667328756,0.0512892940498,0.1305745006032,0.0600341616848,-0.1047700274461,-0.1689920787857,0.0320999086254,-0.0960793422521,-0.0517880808230,0.0903202066661,0.0725160778487,-0.1621393519504,-0.0469769871756,-0.1064327540079,-0.1933133102405,-0.2114759697510,-0.1216926965702,-0.0509872766475,-0.1670289218127,-0.1581142678470,-0.2952275650466,-0.1341623620306,-0.1428258475131,-0.1027402833410,0.0730252858271,-0.1036570180316,-0.0529211578939,0.2675925671266,0.3441833697957,0.3099734893560,0.0793449151372
0.1200500940258,0.3260547095123,-0.1058301246475,0.7690260533941,0.2474285253984,0.4726461500084,0.4779650353454,0.2404265020522,0.3187786399542,0.6381403475721,0.3718933236155,0.4311982653019,0.3236364623299,0.4018484310259,1.0000000000000,0.2636219915008,0.3204709590614,0.2609593513536,0.2902975786629,0.2794521205064,0.4231062639421,0.5022012054652,0.3462964209604,0.3735169116519,0.1899515712243,-0.1260030026823,0.2478125584758,0.3969129180383,0.1480110540198,-0.0271433249350,0.1915292802605,0.0413982162783,0.2867153986836,0.0188371608341,0.0067621785131,0.1952579783953,0.1759151361714,-0.2022668858445,-0.1267875226963,-0.0111150616002,0.2218319350794,0.4372226284084,0.1583560921963,-0.2636246369085,-0.2297215031199,0.0793663611469,0.2209719520616,0.1144973030153,0.0851222370101,0.7635959495588,0.2150671806168,-0.0916537779096,0.5545494238329,0.0287059694002,0.3555456329971,0.3095040205751,0.3055364029434,-0.0096536376725,0.0555110025321,0.2192301102633,0.3377666114076,0.2107868647836,0.1984147068143,0.3226381694087,0.3769324179090,0.4786222940281,0.0081012040516,0.2227512141430,0.0504783296978,0.2811378794537,0.1043388111385,0.3466496345668,0.3394087530642,0.2523960509600,-0.2014805929241,-0.1119307225765,0.1609801953087,-0.1120006201749,-0.1611686820630,0.1863920538219,-0.1090145949731,0.1670825685079,-0.2264096918971,-0.2073603933253,-0.2270832849142,-0.0050478080558,0.1687408574746,-0.0946185617929,-0.0214994489267,-0.1446127156507,-0.0799656001252,0.0465282490999,-0.2821001773383,0.0969084811895,0.0433438942626,0.0261400402902,0.0111762415723,0.3944391171190,0.4119242974092,0.3552491411341
0.1656317294591,0.0067756996890,-0.0348184146862,0.3551500800858,0.1598600560462,0.3559417617105,0.5318841117174,0.3080826072360,0.3215778681732,0.0634241493400,0.4339806421208,0.3583288827324,0.1975813954677,0.1474198849300,0.2636219915008,1.0000000000000,0.4992484118170,0.5513209456036,0.3569050567230,0.5811231374756,0.4800743431735,-0.1137087074745,0.2993102381049,0.4501951360360,0.1103320798489,0.3108387956901,0.4785257817138,0.0071206428628,-0.0446616580769,-0.0536971733210,0.7268970290329,0.5366446347131,0.5249995103837,0.1583840050757,0.6297509337838,0.5747283374389,0.3443476860297,0.1851101874118,0.3736332103362,0.1420658004787,-0.0587419766974,0.2846844456272,0.4154272855472,-0.0489981165775,0.2688290216247,-0.0366024858065,0.2271569616116,0.3681531881106,-0.0005856435770,0.2459379844246,0.0600815611894,-0.1225066596904,0.2363523231444,0.2549417732429,0.1934016024633,0.3224138896410,0.2386584559374,0.1017973555032,0.3280165200218,0.1968216395016,-0.0555242999331,0.2244686575060,0.1165225317012,0.1783892705994,-0.0123349117608,0.1194258201418,0.6203765879643,0.4868100561873,0.2578526963021,0.4631739357262,0.2044936242430,0.0995658512736,0.4130454706571,0.1960005121823,0.0659647177068,-0.0070221362995,0.3931431609695,-0.1338854494821,-0.1341553127603,0.6123297238074,0.3509209971822,0.3955098017860,-0.1872995485353,0.2938283082871,0.2447925099683,0.0763937352222,0.3406020877810,0.5122122947929,0.1246402087418,0.2412310432885,0.3277924097419,0.0313317706326,-0.1330743265820,-0.0485653770040,-0.0279986491123,0.3038704168931,0.0557093457629,-0.1063931952576,0.1801254067087,0.1043896910853
-0.0183206224313,-0.0602325214547,-0.2931841349652,0.2616244310427,0.2744922864414,0.3957010096708,0.5857524304029,0.4445259239821,0.3633569969867,0.4082581031070,0.6672534072953,0.6672926131822,0.7155295375681,0.1801136737298,0.3204709590614,0.4992484118170,1.0000000000000,0.7170615590626,0.5708514727300,0.5380945785022,0.7788011934902,0.2860230413315,0.4136397275914,0.6115990549789,0.2599929502765,0.2215369807192,0.6431751960316,-0.0377894505789,0.1746214814976,-0.1751579760857,0.6127078869301,0.5498617923142,0.8348015458485,-0.1036519879599,0.2924251931010,0.1541485772724,0.3918287284191,-0.1014196680762,0.0770202445552,-0.0934557466205,-0.0320133781999,0.0954475163797,-0.2028302915638,-0.2769408990623,-0.0761955887047,-0.1055839393765,0.2731981525231,0.2223873738124,-0.0593817028872,0.4577451608244,0.0851490896332,-0.3588366362064,0.2193646617453,0.1516124805733,0.3647373947519,0.3010712449404,0.5817266658275,0.2109750152750,0.5337199210993,0.3577852488887,0.3757145862230,0.3996152070030,0.6400723536916,0.7108191725047,0.1219905083446,0.1093062639991,0.4835488617643,0.8378664310876,0.3554889170152,0.5038933250391,0.6786185776319,0.5298504353482,0.6048880438170,0.3705989619576,0.0297132391137,-0.1959068033335,0.4916309770066,-0.3270155224999,-0.0111832848340,0.7504495158803,0.5395869544244,0.8019762801534,-0.4164408016511,-0.2033411570724,0.0759269800622,-0.0198254772144,0.3304588340691,0.2545655164708,-0.1554278535960,-0.0220120471856,0.1666171179062,-0.0638877997891,-0.4054201108269,0.1164034475909,0.3410154499433,0.1283288061908,0.0320282220779,0.1503599024595,0.2329497057024,0.4189022682287
0.0220688495082,0.0359191955558,-0.1433821005336,0.2644808061415,0.1941825825716,0.3971585153954,0.4568031203791,0.5487644101186,0.5023463113517,0.2154687409477,0.5433440120260,0.5508978434873,0.3858335399373,0.0646736613599,0.2609593513536,0.5513209456036,0.7170615590626,1.0000000000000,0.5471799337905,0.6297923473841,0.4937570848313,0.1225363185543,0.4222726074384,0.7068938090114,0.1603598618661,0.1490615020154,0.5791939494783,-0.0238348986506,0.1247766128350,-0.0615869441750,0.5605919861130,0.4049137354737,0.4994802335896,-0.0283303398760,0.3201171913072,0.2016285659684,0.4287750218766,0.0814000440460,0.1461811694549,0.0553628297881,-0.0411507933630,0.1433473551143,-0.1427041456559,-0.1647581579826,0.0103426318533,-0.0163221688556,0.1491601206702,0.2493228613067,-0.1111577344891,0.2934285783779,0.0925401361470,-0.1945730603345,0.2421719873791,0.2214991421865,0.3161843369811,0.2742621787678,0.5743903076053,0.3406921984521,0.6873063886245,0.4393596055165,0.1266863576158,0.3701721627757,0.3894937563155,0.4436618239241,0.0956240948415,0.0087718977471,0.4745435627889,0.8004287273266,0.4342885420737,0.6588012044201,0.4980500282277,0.3529080952074,0.7210390060982,0.3495021235237,-0.0148960306100,-0.0958909858912,0.4628799065370,-0.1566685772424,0.0163480021165,0.7448210972036,0.3299455700339,0.5681621085133,-0.2839097801007,-0.1701907500059,0.1564114692996,-0.0739343692836,0.3996605122354,0.3072348850914,-0.2067362981192,0.1405107120987,0.1656388575770,0.0254844087848,-0.2751370912577,0.0667456512652,0.1118119939077,0.1726745053512,-0.0206143656210,0.0153224953467,0.1280607015587,0.2126740478005
-0.2314899838728,-0.1696568081857,-0.3217112767985,0.3348202833152,0.0543679319679,0.2049820785502,0.4434461928078,0.7605718757121,0.7109730568715,0.2949410268075,0.3672295245170,0.3572850670945,0.3423924095329,0.1987196913293,0.2902975786629,0.3569050567230,0.5708514727300,0.5471799337905,1.0000000000000,0.5376229226815,0.4298323989352,0.2775483078914,0.2756142924432,0.4838083072443,0.4213780412708,0.1392342044710,0.4113413016116,0.0313729932372,0.0340121451548,-0.2067837688354,0.2552358260718,0.3736543113179,0.5170209099646,-0.1252831460246,-0.1116821066045,0.4376866170733,0.0755028140519,-0.1416954579958,-0.3057876645855,-0.2210737151450,-0.0931668311602,-0.0270218775026,-0.1931313657917,-0.1926554662113,-0.1013102577423,0.0194554139435,0.1590606174960,-0.1597517880408,-0.2619764400028,0.2644960123431,-0.0397795086702,-0.3476212505247,0.3504814041597,0.0541481306857,0.2151562012788,0.3297467599375,0.5253782567656,0.5788765615220,0.6106957780258,0.7311470316219,0.3330936556619,0.2669085980241,0.3891058990140,0.3703989410520,0.2035521803251,0.2261943898195,0.5924179622388,0.4750315915964,0.7477854166662,0.5860420963752,0.5835504060571,0.3890662637797,0.5543825196888,0.4802162798011,0.2653260105665,-0.0972894020504,0.3155596659522,-0.1570476135610,-0.1000196010222,0.4517769588093,0.2612566476203,0.4561261755930,-0.2948668508643,-0.2019611199202,0.0698688152902,-0.0703949389835,0.0921733241731,-0.0465346385648,-0.1572051826712,-0.1078685313241,-0.2755138243223,-0.2101773139954,-0.2299869484454,0.0823924703237,0.1890569627817,-0.1952163371645,-0.0369253603312,0.1869433815332,0.0610384064044,0.4037273086508
-0.1887980302297,-0.1183093072273,-0.1678886035812,0.3311672831354,0.0430239330427,0.2894104557831,0.4917911746161,0.6358932755525,0.6780081826182,0.2214426159428,0.4359613429139,0.4131418745596,0.3656130122232,-0.0086733063159,0.2794521205064,0.5811231374756,0.5380945785022,0.6297923473841,0.5376229226815,1.0000000000000,0.4789530749648,0.1204211028459,0.2550562508509,0.6403478378020,0.4219784019767,0.3433781533716,0.6800124132657,0.0393840730123,0.0663251602663,0.0242797474361,0.4856843344677,0.5784587007001,0.5553395982178,0.1032159839602,0.2646185463936,0.3496370322685,0.3551607671727,0.3552277783779,0.0702787059751,0.0846694282933,0.0839273535670,0.2042490854543,0.0815335845039,0.0538078201889,0.3457627897187,0.1365869539926,0.2949883667105,0.1747909464074,-0.0397262321605,0.3384283356731,-0.0344752882808,-0.2196164113023,0.2875832417218,0.1335306730582,0.2111526944300,0.3110514639843,0.5661456918462,0.4351567296234,0.6441881413873,0.5657153551037,0.1295289233407,0.3939563494958,0.2919199456741,0.3526081740739,0.0454101490816,0.1281076185109,0.4603303219303,0.5591856057471,0.4558847327808,0.8228172544665,0.3796501776467,0.3111496312907,0.5837048940011,0.6461586774369,0.0723396956621,0.0093401267661,0.5669695957446,-0.0038461868973,-0.0333622182361,0.5563174617245,0.3780454739261,0.4780541364265,-0.1563025110875,-0.0196651118611,0.2877776642031,0.0951916343557,0.3364651684627,0.2953964885283,-0.0570504063594,0.3359995842171,0.0468076537304,0.0775940079475,-0.0854906358338,0.1454045469629,0.1497162500120,0.0936335995425,0.0149671698024,0.0511794565537,0.1060593544499,0.2031452756782
0.0272690218811,-0.0432693980956,-0.3255736074221,0.3235812439957,0.2391221742432,0.3044104419437,0.5523492786365,0.3750064591099,0.3216578592438,0.4341818007263,0.6308509868886,0.7531165373726,0.6454336815502,0.2045251689814,0.4231062639421,0.4800743431735,0.7788011934902,0.4937570848313,0.4298323989352,0.4789530749648,1.0000000000000,0.3022943098499,0.5620416187809,0.5112428365208,0.2550601470635,0.1736360991449,0.5625673907688,0.0785151776879,0.2653862220983,-0.0648504405973,0.5255114500200,0.6107520314862,0.7775997727340,-0.0486278025450,0.2337873258309,0.1268682593550,0.3316885055006,-0.1676239846852,-0.0482081587718,-0.0793806331750,0.1139132250633,0.3520063957886,-0.0180453498013,-0.1661305076835,-0.0203673796839,-0.0332827807762,0.4295020125589,0.1521013422911,-0.0246795284453,0.5761894372106,0.0514578642372,-0.3625190359376,0.2103305445446,0.0012965287179,0.2497271241929,0.2920105584437,0.5262392210126,0.1220680204460,0.3583755943382,0.2455410540049,0.3172818992213,0.5432656732309,0.6427821052749,0.5976861185074,0.0755783354512,0.1928759907234,0.3529518592061,0.5933599204888,0.2255226447121,0.4024776671227,0.6429806227534,0.5594265553011,0.4619589097540,0.3505362767098,0.1197769874600,-0.1184874868948,0.3929770921878,-0.2518856355747,0.0384295453775,0.5987948831780,0.4915464222798,0.6478085022999,-0.3538722210614,-0.1758418547594,0.0923254492483,0.0204393845823,0.3380050128176,0.1738659144958,0.0713905063467,-0.1020755712264,0.0364671695625,-0.1316930294994,-0.2957410427612,0.1544704440640,0.3871462958518,0.0721460201876,0.0177388784890,0.1518704603187,0.3742288691806,0.5124620532214
-0.1238018130146,0.0518797052560,-0.1439390458391,0.1541384100375,0.1690387807588,0.2964837201085,0.1622908561433,0.2461442629194,0.2477809521729,0.7389886586557,0.3500599988377,0.2939130588385,0.3725754468695,0.2882220904013,0.5022012054652,-0.1137087074745,0.2860230413315,0.1225363185543,0.2775483078914,0.1204211028459,0.3022943098499,1.0000000000000,0.2232782564359,0.2583115203595,0.3305942253310,-0.0840872530562,0.2072702729329,0.2253717885157,0.2711199115012,0.0361210833948,0.0607483009632,0.1051057243512,0.3581705882849,0.0434780060380,-0.2057598990572,-0.1175111152336,0.1586552090227,-0.1740303383092,-0.2228110888417,0.0082636074827,0.3079889280509,0.2950457540974,-0.2934897261935,-0.0851927522746,-0.1293474670313,0.4016681997123,0.3776469884615,0.0171815859152,0.1344954327368,0.6013254154453,0.1120674369420,-0.2376712640319,0.1809426616674,-0.0130780314389,0.3700185311259,0.0022059157642,0.3331759057489,0.0723236497457,0.0866987593485,0.2247690560946,0.6781055771420,0.2745721495710,0.4168068034585,0.3949849825336,0.1937484951943,0.2176529837316,-0.1195639227335,0.1848466575920,0.0920829926608,0.1086974750023,0.2908690128154,0.6671038967272,0.2209607618281,0.2826669157592,-0.1145809445071,-0.1234198786395,0.1804912534201,0.0457740648441,0.1150886146694,0.1118960005952,0.0454685143920,0.2618682988968,-0.0955278351099,-0.4289413208424,-0.1314066014767,0.1772204429198,0.0736883918136,-0.2833248575705,-0.2367864274988,-0.2102634232736,-0.1822843240488,0.0815686701181,-0.1959061388056,0.5230173326888,0.4355154510290,-0.0641185847303,0.0988658553537,0.6506947075195,0.3460183728517,0.2970294309155
0.1858739322990,0.1314327087329,-0.1526874961516,0.2848773972110,0.3084552232353,0.2935723035115,0.3342532500393,0.2295675806412,0.2889321987631,0.2364223343346,0.5422234717841,0.7680482191367,0.3555285790381,0.2233437455243,0.3462964209604,0.2993102381049,0.4136397275914,0.4222726074384,0.2756142924432,0.2550562508509,0.5620416187809,0.2232782564359,1.0000000000000,0.4574104963438,0.0933987983325,0.0808104781161,0.4031734919287,-0.0477970114224,0.3038228913634,0.0137774602173,0.2268034344468,0.3349526169493,0.3392136653906,0.0349065130332,0.1378522803717,0.1469464416366,0.2705888020383,-0.1890343614508,-0.0100940746833,0.0994708268762,0.1280433348620,0.2606260129468,-0.0034345252570,-0.1185714900589,-0.1314203372003,0.0971076296236,0.2231523228503,0.1687890364524,0.0974950055476,0.3603910294963,0.1607939324264,-0.1720542217910,0.2018876386474,0.0545179185205,0.2416502706427,0.1442759076289,0.3623906537065,0.0138081094103,0.2220572341024,0.1638934589925,0.0970822608612,0.5106441703922,0.5010691257335,0.3446165474365,0.1505509328091,0.0651553877617,0.1423749748089,0.3675003031405,0.1635053255957,0.2644084095439,0.4266422807334,0.5753770846952,0.4455174714956,0.2099549086768,0.0079694860060,0.0390832204667,0.3054666922110,-0.1834483554630,0.1951553616551,0.3726005144204,0.1112108821647,0.2610709028476,-0.2245845657529,-0.2350642876577,-0.0607818913810,-0.1177939521499,0.3236072073008,0.0894647328749,0.0368062231139,-0.1161044577879,-0.0088533798147,-0.0756396770203,-0.1235448961113,0.1980822032156,0.1006341436467,0.1255612033191,0.0678310117347,0.1172427066569,0.3123371736341,0.3161020342608
-0.0578451351305,0.1025143355669,-0.1777935977868,0.3580565390764,0.1015818588676,0.4136803595151,0.4781070574293,0.4854881775504,0.5176821572955,0.3270281767522,0.5319717939325,0.4681625679305,0.4718879127330,0.0679255706863,0.3735169116519,0.4501951360360,0.6115990549789,0.7068938090114,0.4838083072443,0.6403478378020,0.5112428365208,0.2583115203595,0.4574104963438,1.0000000000000,0.2108542122275,0.2128347337361,0.6466590135462,0.0722038252042,0.1100175590260,-0.0546730261351,0.5113382282257,0.3607505359288,0.4407572871851,-0.0050010998586,0.3144713428588,0.2672413920987,0.6114889330393,0.1722367274069,0.1370890039279,0.0609505594674,0.0346272306975,0.2115529584508,-0.0595452404191,-0.1430673985479,0.1153031243622,0.1565785446618,0.2102077993331,0.2359040877361,-0.0396459071065,0.4278541751879,0.0860339982924,-0.1614780330916,0.3041410491757,0.1480604761231,0.3294546267134,0.2197970034795,0.6898994629733,0.2368350747413,0.5961351880809,0.3778877401723,0.2148134747881,0.3528962072725,0.3798576745431,0.4996303595167,0.1569318735781,0.1067844843472,0.3697628916198,0.6962057790433,0.3660005042698,0.6488385705823,0.4970380448040,0.4236127738076,0.8650327943904,0.4860055230625,0.0061927807673,-0.0653314360077,0.5446180016222,-0.1093368996808,-0.0527882451966,0.6226255257558,0.2352723182781,0.5155836109912,-0.2391441179483,-0.1832979420199,0.1432633702208,-0.0527803552622,0.6296052016865,0.3350077543668,-0.0808867310804,0.2121185875553,0.1457988823045,0.0522714231427,-0.2074868947690,0.2005152054178,0.1470771513140,0.2177969822174,-0.0283169777385,0.1631418712901,0.3025366833492,0.2960392445829
