1.0000000000000,0.0503484582313,0.2001850323246,0.1365885842205,0.4048105887625,0.2481696306510,0.1700774301807,-0.1932249492509,-0.2790802185215,0.3736101606547,0.1533912068549,0.3593583969287,0.1317364117607,0.4671696493922,0.4098634741287,0.1985649707301,0.2499698356600,0.2260773076554,-0.1639851226266,0.0859342344815,0.4746087427741,0.2093667941210,0.4338065105382,0.3539501483031,-0.2411198348359,-0.1197625422019,0.4254130964635,-0.0606522713025,0.0118665233176,0.1760010048949,0.1674824222301,-0.0774910075541,0.0990958390830,-0.0099455846463,0.3479099448879,0.2655698926081,0.1985139237964,-0.0658901443001,0.1533156215403,0.2478855302851,0.2345631405565,0.3654894862036,0.4392220715946,-0.1881716072563,-0.2821970164736,0.1344511385986,-0.1065640606139,0.1499742488133,0.2998294867284,0.3311875974476,0.6087514855918,-0.1789113650273,-0.2109600343875,0.1458772417696,0.3010325889144,-0.2632134082459,-0.4538700771841,-0.3695007664864,-0.2431816175037,-0.4532451225239,-0.0856983661567,0.2738987443693,0.0969561072186,-0.2336754461577,0.0667826737439,0.0645429157995,-0.0188682613891,0.0755818914708,-0.0659762698509,-0.2685085294686,-0.1638449962550,0.1674627862980,0.1622181270664,-0.1569323084306,-0.3894892128620,-0.3245292066195,-0.1118295631021,-0.1957729156358,-0.1318208761958,0.0050246794030,-0.2771110702456,-0.1802927856641,0.1662891838206,-0.1050758094130,-0.3109765827165,0.0677221629881,0.2548046548672,0.4186241702511,-0.2491801575453,-0.4718626210953,0.2728156685235,0.0577330148325,-0.3158447423334,-0.1240240326153,-0.4386630789953,0.2084204917233,0.2382909535851,-0.1449811470093,0.0843186934036,-0.0927924084906
0.0503484582313,1.0000000000000,0.2127007703281,0.1070801075761,-0.1573239318187,0.0293012691856,-0.0288984809539,-0.2840084913989,-0.2237372426223,0.4586757376733,-0.1886201466203,-0.1352619016896,-0.1652876587635,0.6144561030699,0.5757745970232,-0.1962475182331,-0.0369490538947,0.1812573167936,-0.5206043670146,-0.0656851808984,0.1049869563310,0.2765047540512,-0.1329083634345,0.0868911660130,-0.2371770137814,-0.5792249190618,-0.1434448228347,-0.1001753714893,0.1836044230478,0.5191142839669,-0.0176735786821,-0.4008748439360,-0.2150203592815,-0.3266442521401,-0.1019153966551,-0.0481096347369,0.0848415867410,-0.0480649337833,0.1999033183230,0.0703148191470,0.3914608295140,0.4882132874347,0.1184225857934,0.0672172663402,-0.2655155707107,0.0382417851788,-0.2487255129305,-0.3082687472131,0.3512253501823,0.4546384147407,0.2952048916955,0.2328787326016,-0.2144206078454,0.0934450823519,0.2228509793067,-0.2601666476459,-0.4722255067071,-0.0745814175564,-0.4374994432866,-0.4310797968889,0.0855412637431,-0.2095304865146,-0.3618316083013,-0.3394932386532,0.6206050848606,0.0672492956056,-0.3751913785180,-0.1987442033387,-0.3800206478781,-0.4067748866020,-0.4452696795269,-0.0719474531645,0.0577556960265,-0.1487472353778,-0.5527426240415,-0.3653165350728,-0.0969541232476,-0.0454648069872,0.1997571039949,-0.2024382387340,-0.2393695399336,-0.2900504686623,0.5190056202066,-0.3359875199769,-0.1586880969776,-0.0780692089731,0.1109181468744,0.0821381857417,-0.1737446634516,-0.2409565920613,0.2583394600165,0.2518761198103,0.1143176683833,-0.0047775241323,0.0242672618272,-0.2366108815285,0.3012989098198,0.0971821923042,0.0692744975016,-0.0064021865899
0.2001850323246,0.2127007703281,1.0000000000000,0.2925893409947,0.3991617251119,0.5475125346860,0.3366248479355,0.0830885872859,-0.0010522161920,0.1955964949812,-0.1898210571320,0.1575478805526,0.0754743945904,0.0729018364753,0.0838612661527,0.2092117213353,0.0286482428880,0.1196716037614,-0.0074173315969,0.1998728921518,-0.0123877925305,0.1135946366459,0.0745913264078,0.0896906099792,0.1744846454003,-0.0063498959283,0.1060656669551,-0.3214752670800,-0.2380307020629,-0.1068270232424,0.1301789855471,0.0257061432026,0.2059008243155,-0.2320169505322,0.1812972739204,0.2022589947027,0.2156596593133,-0.0551600549798,0.1253587964019,-0.0901931777040,-0.1217398944085,0.0993889806252,0.0542664617344,-0.1568836256831,-0.0769093995993,0.0099617214006,-0.0417371905818,0.1055985199382,0.0318036378799,0.1107007418133,0.4047722061103,0.5913801107363,0.2823343653437,0.7250739016463,0.5267490153666,0.2020200939022,0.0368051557212,0.0373060460188,0.0631796117322,-0.0756607149069,0.0055551445397,0.1254421421308,0.1023614008919,0.0278679953723,0.2165843014726,0.2102591399634,0.1840189035181,0.1203374983686,0.0933074792524,0.1531140232279,-0.0590891373883,0.0476010090632,0.0375973469202,0.0794622344884,0.0135258510159,-0.0659148335786,-0.0416097272284,-0.2142528347480,-0.1793161012190,0.1290799302259,0.1174051228591,0.0987461052109,-0.0344018102436,0.0735530404300,-0.0334800767458,-0.0610065920404,0.0715353373099,0.1811966370605,-0.0130241455895,-0.1324179929877,0.0369899026103,-0.1248106624880,-0.2112882090708,0.0925454233703,-0.0372820200304,0.1020075930088,0.0308879583929,-0.0061357173729,0.0728074700980,0.0606978399137
0.1365885842205,0.1070801075761,0.2925893409947,1.0000000000000,0.3951110618411,0.4452153728666,0.8274337364018,-0.2025943839561,0.2192337009288,0.1469750602355,0.2291306776925,0.3118313628486,0.2959994461837,-0.0136113999275,0.4585090881363,0.5809859387680,0.5458943814320,0.2154597688668,0.2464287199405,0.3198639384734,0.3926165293856,-0.1272392852952,0.2051943039704,0.4149988882185,0.1936691446029,0.0356737533420,0.4247619226211,-0.3841314734866,-0.4231071275919,-0.3950094571563,0.3783204264256,0.0139195263279,0.3112072091572,-0.2826236207434,0.3693693459609,0.5622760401789,0.4139617027003,-0.0806032047811,0.3888905088947,-0.0774726652120,-0.1522441828203,0.0571960239913,0.4663858223676,-0.5094353862906,-0.3774212145565,-0.0781949786283,-0.3210243771528,0.2130015550855,-0.0906229784609,0.2628091565876,0.3078607958180,0.3594638430248,0.6645648095582,0.4339590990379,0.5335425637765,0.6619139718840,-0.1755529496555,-0.3909160091842,0.0341750048277,0.1676581078071,0.1867988825723,0.2067143460882,0.2123085047133,0.2746447705490,0.0677918574990,0.5942787893072,0.5280792014547,0.4218066183320,0.2771117962232,0.2918407126624,0.1428676361239,0.0034533969509,0.5368540034527,0.2399683305757,-0.1520940582851,0.0333831914211,0.3595039641837,-0.2258528828232,-0.4533152046876,0.4947906644126,0.1515365714109,0.2554819438857,-0.2449903046210,0.4550550821771,-0.3071776542765,-0.0675622710379,0.3562373895101,0.4414775691687,0.2854204029279,-0.2302229317114,0.2875711127809,0.0101759373556,-0.5826685449061,-0.0423943261091,-0.1334719306915,0.2079502089552,-0.0433385945045,0.0508261684853,0.0800265410282,0.2013279098511
0.4048105887625,-0.1573239318187,0.3991617251119,0.3951110618411,1.0000000000000,0.5377462400380,0.3359161346330,0.0636231805981,0.1944237389598,0.1522305305613,0.2216420215312,0.4724130094822,0.1660760447674,-0.0063700583433,0.0847662533426,0.3203425693626,0.2361654721901,0.1285438512088,0.1608216699143,0.2227257460426,0.2051820329600,0.0279366007400,0.3245544542367,0.3924052116249,0.2042674000529,0.0605388732382,0.2773663711938,-0.1797511429327,-0.2212879878461,-0.2928106890960,0.2558872736724,-0.0162635952756,0.2018406133650,-0.1601600664919,0.2028754867114,0.3095586575902,0.2160378522748,-0.2606074317952,0.0652929735223,-0.0522828701069,-0.1711631744648,-0.0773169536298,0.1702362687681,-0.4365205452679,-0.3444537716443,-0.0439134474871,-0.1872655638765,0.2780638148593,-0.0063336373064,0.0776814056358,0.4995457960091,0.2791271680386,0.3305646921362,0.5682132409207,0.5551564757057,0.2978430209009,-0.0524997086948,-0.1246866469817,0.1732966937693,0.1125745965802,0.0309388585620,0.3849808471492,0.3380292622634,0.1572336072071,0.0725545970932,0.1713652809127,0.2771729082672,0.1920054660433,0.2129306763019,0.2894950500503,0.1393733459501,-0.0099373089974,0.3977135702789,0.1776416653126,-0.0021674607075,0.0376325274316,0.0318823671442,-0.1299700800794,-0.2155379288674,0.3454398925453,-0.0258024786718,0.1400220974288,-0.2839969598067,0.1612810819563,-0.3119842669769,-0.0534152414356,0.2692996877036,0.3315192297859,0.0672022825278,-0.2782205377783,0.0241637733503,-0.0968931138803,-0.4580068675902,0.0877459788666,-0.1335668430857,0.1800318189097,0.1127477282650,0.0367607336554,0.0086397341354,0.0691389068879
0.2481696306510,0.0293012691856,0.5475125346860,0.4452153728666,0.5377462400380,1.0000000000000,0.4782971067978,0.1329072596509,0.2187573902116,0.4121674007999,0.3016934201579,0.5606977804302,0.3974517745996,0.0414113281527,0.3117432939306,0.3760472631584,0.3790449900958,0.2276831585005,0.1358083958940,0.4425984965883,0.3011495167035,0.2101982620875,0.2597453736302,0.3773523157041,0.3014789006596,0.0922234465640,0.4120787317239,-0.2292445656313,-0.3401033079142,-0.2202770516652,0.2446252896510,0.0623067006774,0.3332229887356,-0.1454874267392,0.2807525403985,0.4234308215794,0.2586813756249,-0.0506575009860,0.2318701997825,0.0053180614507,0.0141421267815,0.0737094424407,0.2399502642009,-0.2899888186552,-0.2439590737854,0.1699923860878,-0.0909248389933,0.4194935369070,0.0598267490207,0.3420055378634,0.4172302371057,0.2288176053709,0.2997869021195,0.7640662658892,0.7421665501253,0.2457598622140,-0.0626438815150,-0.0963855260269,0.1221066632419,0.1129285127065,0.2531671181667,0.5022195551693,0.3219169341927,0.2508390316583,0.1250189606075,0.2412752345966,0.2922005917458,0.2887468757396,0.1781844087121,0.2261686173044,0.0791627733987,0.0534155467658,0.3877879332131,0.2522166678421,-0.1539481351570,-0.0668224240990,0.1669764391201,-0.2343686630646,-0.3706641534755,0.2971143223692,0.0307018229446,0.2702696945496,-0.1389466763826,0.1413206101440,-0.1395145386983,-0.0678729256063,0.2392237496044,0.3601684827074,0.0578736661230,-0.1638550447253,0.2135890142795,0.0075192063706,-0.3601155689304,0.0335801433273,-0.1213644225108,0.2884329285122,0.1759691951508,0.0036879293524,0.0483646794119,0.0818967563893
0.1700774301807,-0.0288984809539,0.3366248479355,0.8274337364018,0.3359161346330,0.4782971067978,1.0000000000000,-0.0675233545030,0.1894277984815,0.1209826495595,0.2046995418793,0.2517859401970,0.3256296692640,0.0110591773848,0.3452129608396,0.6595360420868,0.5429825907494,0.2086233647773,0.3136524377321,0.3434707015312,0.3182015576841,-0.1191128879038,0.1546473393892,0.3439987178352,0.1768075939152,0.0550169390222,0.4203380047484,-0.3541731597084,-0.3167021792431,-0.2798093935777,0.4371736162243,0.0209280368046,0.2751781503181,-0.2984014110335,0.5258803076718,0.5608161218912,0.4185656558616,-0.0112424622341,0.4659282339714,-0.0947853821272,-0.2442053301507,0.0199286388275,0.4040481996892,-0.4691240415152,-0.2715811343050,-0.1516070965482,-0.2743640322530,0.3324298776522,-0.0831153010674,0.1561823202584,0.3317895914441,0.3121484564561,0.6614071239402,0.4743870367820,0.5821567635145,0.6331545684361,-0.0182767764858,-0.2571278248270,0.1266186629657,0.1888302151628,0.2546050643058,0.2315122845344,0.2196579875813,0.2709241347319,0.1239550806437,0.5722596423337,0.6142729056746,0.4264693013561,0.3670423111329,0.2686948564334,0.1794880992519,0.0614092847862,0.3861461903232,0.1205986693781,-0.0386418690833,-0.0783635636586,0.1871408830405,-0.3016175547353,-0.3504203640507,0.4902253920717,0.0562063817629,0.1720443140012,-0.2074510074684,0.4820511558951,-0.2679073732498,-0.1732572906945,0.2900550330062,0.4738712629044,0.2559791466931,-0.2210972395635,0.3052735315030,-0.1467506903531,-0.5704251680595,-0.1459189645170,-0.2691783036869,0.3455650486597,-0.0046178266196,-0.0441740383227,0.0978759711398,0.1843426028548
-0.1932249492509,-0.2840084913989,0.0830885872859,-0.2025943839561,0.0636231805981,0.1329072596509,-0.0675233545030,1.0000000000000,0.4424056884527,0.0442530291408,-0.1683318125883,0.0738738814330,0.3280875902563,-0.1861882960544,-0.2680801840737,0.1326654024443,-0.0469296407167,-0.0833579637170,0.5370677358066,0.4250661197315,-0.0830060714224,0.0672425566306,-0.1459972420449,-0.0953247398014,0.3865351478050,0.3686352047158,-0.0158155305293,0.0566296644192,-0.0868341196933,-0.1342974060817,-0.0454760552380,0.2363939892925,0.2062230882601,0.1516687127050,0.0560359842770,0.1152027378975,-0.1482365710181,0.2139555211570,-0.1890800944330,-0.0619949206704,-0.1436751734795,-0.3199022208434,-0.2028850453325,0.2190442280406,0.4347763195795,0.0663691786477,0.3946661600538,0.0652829123177,-0.1176341727571,-0.1937253515412,-0.1274760455278,0.0225174941438,0.0455836171910,0.0500410977556,-0.0160041015544,-0.0560966800272,0.5381087486595,0.6289438372041,0.4717982972545,0.3772668493984,-0.0133020502179,0.0168309408109,0.1400897326293,0.1930908498360,-0.1052083875704,-0.2575959894592,0.1259845944016,-0.0443011620858,0.4482510223670,0.3373358234189,0.0546754537552,-0.0854081412466,-0.1973055689585,0.1666354553927,0.4180256180600,-0.0005999405079,-0.2130274669312,-0.0631854761969,-0.1336246844094,-0.0694782746240,-0.0280798651870,0.1012271479286,-0.3279625054905,-0.0656629165087,0.1143383529802,-0.1322928057799,-0.2353454983382,-0.1104771514948,-0.1322933125006,0.3556142888362,-0.2637925314024,-0.2233886300464,0.1356122701967,-0.0490823932457,-0.0057773910117,-0.0299843357848,-0.0822282419867,-0.1038223904484,-0.2068088834686,-0.2045887501466
-0.2790802185215,-0.2237372426223,-0.0010522161920,0.2192337009288,0.1944237389598,0.2187573902116,0.1894277984815,0.4424056884527,1.0000000000000,-0.0010258706350,0.1660626197359,0.2425520442795,0.3737857119500,-0.2777448523895,-0.1993605582169,0.1944142892010,0.2072931475250,-0.0888267868514,0.5381246153173,0.3375676577246,-0.0221543395081,-0.0813891848464,-0.0021364347433,-0.0646049818152,0.7257925771148,0.2859234590812,0.1661530962777,-0.1586029657081,-0.3393115246112,-0.3959631027806,0.0654628551076,0.2270703704876,0.3551826107389,0.0131996945872,-0.0514768682147,0.3396965494102,0.0777459486436,-0.1392327801902,-0.0793231718415,-0.2393706422014,-0.2466321159557,-0.3408090871914,-0.1736866052034,-0.1565540366617,-0.0288546578785,0.0092834061303,0.1107868186677,0.0442311018563,-0.2836770107257,-0.1350884567154,-0.2106824225800,0.2421369911106,0.3916837864953,0.1623072004664,0.0985442550249,0.4368715578591,0.4358196439126,0.3081012462497,0.5649031807907,0.7374948101348,0.2737683236048,0.1328313914670,0.3082181090424,0.5363466537257,-0.0355922581324,0.1157490321039,0.3523111264310,0.2475932701286,0.5714202255846,0.5697032466778,0.2933254043466,-0.0548624609843,0.1223529106545,0.6569606317653,0.4154881627825,0.1388208893591,0.2038030968117,-0.0114719030892,-0.3003028805244,0.2771403174282,0.2705273313131,0.4441052241648,-0.3444403246765,0.2999213048498,0.0317950176262,0.0404219308581,0.0200401107994,-0.0557293079684,0.2613638130006,0.1628503689570,-0.2085628706306,-0.1972568584007,-0.2205696059926,0.0089832600809,0.1214671473861,-0.0440750474704,-0.1575039061523,0.0865069619181,0.0302599625686,0.1547501177836
0.3736101606547,0.4586757376733,0.1955964949812,0.1469750602355,0.1522305305613,0.4121674007999,0.1209826495595,0.0442530291408,-0.0010258706350,1.0000000000000,0.0010944271471,0.5956009036343,0.3982983253443,0.6254898852742,0.6938713624064,0.1314013206923,0.3553303916493,0.3360536055423,-0.2006542648267,0.2929874951782,0.6098674438180,0.7055007708435,0.4074149642158,0.5311644631712,-0.0825614092464,-0.1641015994758,0.5060563369052,-0.1022817831250,0.0879731796514,0.2979690768561,0.2472465731719,-0.0844720820390,0.2384097315463,-0.1234358940076,0.2256416316546,0.3107809134581,0.3694895366206,0.0853447233908,0.2535734611375,0.2525395306730,0.4467913822506,0.4897987306620,0.4277770030182,0.0166014395232,-0.3010171327411,0.2722817875274,0.0050458043666,-0.0711769318085,0.5230542116693,0.6024508399827,0.4856054097247,0.0072959571565,-0.2545075490353,0.1492404307580,0.4695093659813,-0.3349994798723,-0.3987932996042,-0.1048789690109,-0.2551763645958,-0.3824614372122,0.2629204890949,0.3785635767631,0.0651444867225,-0.1336566148956,0.3077591135024,0.0491811799390,-0.1364428454018,0.0974541925429,-0.1544243406151,-0.2202149296247,-0.3173758400875,0.2227436641821,0.3441299649821,-0.0017685305406,-0.5302466298171,-0.4093514077749,0.0416366734053,-0.2822214508944,-0.1779674157548,0.0018163760680,-0.3352994463944,-0.0902147844758,0.1716243003706,-0.1912117871043,-0.3054187090360,-0.1972110703730,0.4412001607456,0.4050096251814,-0.2015134369044,-0.3359375450249,0.3526075356675,0.0914544724760,-0.2051469056562,-0.1259517197773,-0.3740466260307,-0.0302842624998,0.4288920205601,0.0590203457873,0.0788226924369,-0.0353742781744
0.1533912068549,-0.1886201466203,-0.1898210571320,0.2291306776925,0.2216420215312,0.3016934201579,0.2046995418793,-0.1683318125883,0.1660626197359,0.0010944271471,1.0000000000000,0.3958178298881,0.2516930504214,-0.0403371442278,0.1857425401718,0.1247739051861,0.3231819205195,0.1330508647569,0.0444715887754,0.0593009104392,0.2868945458522,-0.0967218595766,0.2586059582363,0.2436967866293,0.0182303337627,0.0280468567908,0.2651776753667,0.1424303707233,-0.0982700888199,-0.1307608414020,0.0882274411926,-0.0114461646054,0.0672691909556,0.1065582540234,0.0502629261096,0.1648934789670,0.0966553029693,-0.0766206763570,0.1992297629139,0.1869178660922,0.1732908961800,0.0817354455910,0.2066026359257,-0.1907595590363,-0.1828717230448,0.0088267597059,-0.1430120862648,0.4410191134904,0.0061197060758,0.1937693070909,0.1049692417761,-0.3234653508537,0.0853474897100,0.1202812325846,0.1543863803754,0.0882974302520,-0.1573844543116,-0.2296117377339,0.0696036401269,0.1857986427808,0.2046466418837,0.4797078137761,0.2522443436725,0.2499519473292,-0.1120852490061,0.1506930620674,0.0499505757092,0.1557264983516,0.0264964716258,-0.0100755928355,0.2408309887737,0.0087375062705,0.3755241689810,0.0780250498385,-0.1523508493356,0.0208094826283,0.1800500923897,0.1242551537331,-0.0532971177357,0.1529996127649,-0.0710009880063,0.0908013787204,0.0242908459290,0.0800092670160,-0.0985000782595,0.1176571608822,0.2242559211707,0.1479132950039,0.1676764915947,-0.0955719966098,0.2786477688994,0.2344030585368,-0.1825106283848,-0.0623716745397,-0.0856991425163,0.3381279883513,0.1065697070356,0.0875258295370,0.0843168751396,0.0381204798481
0.3593583969287,-0.1352619016896,0.1575478805526,0.3118313628486,0.4724130094822,0.5606977804302,0.2517859401970,0.0738738814330,0.2425520442795,0.5956009036343,0.3958178298881,1.0000000000000,0.6262053313560,0.1627161464850,0.3368352076899,0.3739012762218,0.5821721835289,0.3266056552255,0.1387329459495,0.3894767393229,0.5892524603294,0.3994760914251,0.6622408522098,0.5415802657514,0.2574805502674,0.2684404260826,0.5582118975314,-0.1397748267669,-0.2477102266903,-0.2254855488732,0.3738803498826,0.2771230595697,0.5394492333883,0.0732682882597,0.3030059489039,0.4269823782428,0.3643625085082,-0.0490450234182,0.1738032339297,0.1358399185285,0.1412378579344,0.1706343922230,0.3594472599331,-0.1783071070861,-0.2929500352389,0.1504417866180,0.0645787118974,0.2638690872092,0.1195396124177,0.3398578154617,0.3142846267328,-0.0150893369531,0.0643086971172,0.3129759996453,0.4341500248706,0.0315320873709,-0.0961807606402,-0.1502111203941,0.0739273023549,0.0367529175519,0.2496190688318,0.5923792716072,0.4687792441935,0.2823660728572,-0.0875260477602,0.1348911783870,0.1990354360011,0.3532363991276,0.1091385050793,0.2288700541633,0.1670940278908,0.1846151127205,0.5178149403050,0.2567950023622,-0.1762233795753,0.0672451744408,0.2712147135265,-0.1672509522145,-0.4349923995199,0.3291642025038,-0.0194184369277,0.2685257770420,-0.2351364148877,0.1171866712508,-0.2155011468915,0.0054203141757,0.4516024418400,0.3981920505239,0.0433147256411,-0.2168609899220,0.1842435145035,0.0133429311694,-0.3490617566141,-0.1259784569488,-0.2478386304062,0.1796513921619,0.1424179837892,0.0792847905832,0.0505621850685,0.0800877430796
0.1317364117607,-0.1652876587635,0.0754743945904,0.2959994461837,0.1660760447674,0.3974517745996,0.3256296692640,0.3280875902563,0.3737857119500,0.3982983253443,0.2516930504214,0.6262053313560,1.0000000000000,0.0358333920373,0.2258894218774,0.3376722995415,0.5826407360992,0.3291846950956,0.2080836172956,0.4914766066291,0.4573476706156,0.1857885990187,0.2732675303049,0.2601144467791,0.3280479131002,0.4519184199975,0.4323749935720,-0.1842240695724,-0.4135481364029,-0.3202243016794,0.3005813714526,0.4711198722716,0.6446840030634,0.1917814184365,0.2648425024992,0.2827121677874,0.2681159432974,0.1752938883444,0.2035321901322,0.0830585413075,0.0264426428351,0.0372255819729,0.2290621635125,-0.0604049871667,0.0632890219028,0.1144021120178,0.3261150832650,0.2611793330705,-0.0970974046857,0.1905246780625,0.1644414977929,0.0017440086046,0.1978387997803,0.1911049069905,0.3526378905510,0.1224495880361,0.1966441296764,0.0931771770156,0.3016577540577,0.2601015488058,0.2792895298825,0.3258374357202,0.3968430507822,0.5810931289362,-0.2145939632113,0.1326465251198,0.2342558156727,0.4587148653260,0.1817795566939,0.2938245775744,0.1743390805428,0.0643715058221,0.2441872204272,0.1529917027185,0.0322139928201,0.0428827555649,0.1959947207043,-0.1660076619766,-0.5610371840953,0.2746040156160,0.1499068836645,0.3816736415383,-0.2746615269609,0.1402169353870,0.0178367816931,0.0597594247344,0.2064258778909,0.2308707117845,0.0574618498828,0.0932809459910,0.1425775566462,-0.0141274882278,-0.2641644228943,-0.2366310073764,-0.1318027790424,0.2243843081265,-0.1451574570771,-0.0050250278395,0.0386648793636,-0.0594096061170
0.4671696493922,0.6144561030699,0.0729018364753,-0.0136113999275,-0.0063700583433,0.0414113281527,0.0110591773848,-0.1861882960544,-0.2777448523895,0.6254898852742,-0.0403371442278,0.1627161464850,0.0358333920373,1.0000000000000,0.5866977318507,0.0690279566896,0.1772157946648,0.2587470692442,-0.3072454915309,-0.0404520631206,0.3987610283732,0.4719137231380,0.2209856643808,0.2566549482057,-0.3600992308640,-0.3474301235057,0.1646080360325,0.0380495996397,0.3060986153997,0.6590944639366,0.1070043966033,-0.2105702399728,-0.0092686448626,-0.1979550989867,0.1073319224205,0.1195981170973,0.0448345537553,-0.0694319056244,0.0522049744383,0.1579277893178,0.5096333768514,0.5084603155971,0.2773057024286,0.0536305197058,-0.2210168461084,0.1941863875066,-0.0760297646717,-0.2554969225697,0.5924985705451,0.4126555589270,0.5211399444252,-0.1040344741699,-0.3912474113742,-0.0772493926230,0.1523642742040,-0.4621419356930,-0.4470130124890,-0.1528666054331,-0.3406521896540,-0.4967444161260,0.0779021656535,-0.0144855168105,-0.1981751694892,-0.3578029795764,0.4826141292269,-0.1287670714396,-0.1999872306070,-0.1185503990625,-0.2107961570240,-0.4665642716993,-0.3521122148100,0.1741150678793,0.0761340586267,-0.2756432810340,-0.5137456215082,-0.4240943680889,-0.2519370587474,-0.1387044727262,0.1412790173154,-0.1641689215924,-0.4129056817202,-0.3296276765955,0.4207395324044,-0.3285196239995,-0.2972946372653,-0.1737276133080,0.1261355998716,0.2554720596366,-0.4088965196594,-0.4734285371581,0.1656083390912,0.0515046958410,-0.0842062110416,-0.1006818229431,-0.3323741476264,-0.1539829119947,0.4921792246465,0.0260384849945,0.0040172967485,-0.1885388395103
0.4098634741287,0.5757745970232,0.0838612661527,0.4585090881363,0.0847662533426,0.3117432939306,0.3452129608396,-0.2680801840737,-0.1993605582169,0.6938713624064,0.1857425401718,0.3368352076899,0.2258894218774,0.5866977318507,1.0000000000000,0.1760600288291,0.3711303221132,0.2472155342769,-0.2257259535179,0.1801211434143,0.7255905971732,0.3027937062442,0.2531971737590,0.5586206963670,-0.3068494509830,-0.3548903637621,0.4482535356894,0.0107913599298,0.0681661226639,0.2889283317535,0.2198940828752,-0.2372650985321,0.0028628720863,-0.1347753004070,0.3219576289361,0.3898082850583,0.4044829364626,0.1209041622578,0.5453475831431,0.4264301615577,0.5458088623881,0.6176948383968,0.7165185323758,-0.0960395510227,-0.3992974897920,0.1723105319869,-0.2181020010812,0.0782535114387,0.4093917695530,0.8205533193817,0.4897010816214,-0.1586432463204,-0.1721728399447,0.1174805532748,0.5025491995065,-0.2382494765196,-0.6843731872147,-0.4852358191839,-0.4613487569789,-0.4650492889001,0.0973754584590,0.2276130515206,-0.0995777381157,-0.2595759131086,0.2571369067524,0.3092421639267,-0.1236878228129,0.0004569403297,-0.2120838944687,-0.4407115930205,-0.3870540865661,0.0126328971171,0.4184758903652,-0.1906194044953,-0.7704730567024,-0.4916868170308,0.0291810396007,-0.1047547246050,-0.1243210057035,-0.0172823336551,-0.3835635101837,-0.2829164790938,0.2504733317036,-0.1326953600343,-0.4895273990754,-0.1376053225971,0.4288600604028,0.4627505735787,-0.0907380688728,-0.4305269189117,0.6300039077433,0.3876873909972,-0.2713460772036,-0.0794441780214,-0.3805125186757,0.1149717635775,0.3433196144379,0.0100432767928,-0.0019703568710,-0.0712577293520
0.1985649707301,-0.1962475182331,0.2092117213353,0.5809859387680,0.3203425693626,0.3760472631584,0.6595360420868,0.1326654024443,0.1944142892010,0.1314013206923,0.1247739051861,0.3739012762218,0.3376722995415,0.0690279566896,0.1760600288291,1.0000000000000,0.6129914520596,0.4525066743883,0.4765368396311,0.5930500178352,0.3798469664411,-0.0474174454765,0.3619950517241,0.4896556324113,0.3157348950528,0.2298846988874,0.3839563715987,-0.2764676563305,-0.3302739742432,-0.2270946399805,0.7151071867792,0.2595418344460,0.4400984922231,-0.1979222830727,0.6159466380137,0.6659411998188,0.1896328432547,-0.1108698230621,0.1052783704924,-0.2160901281685,-0.2566848493441,-0.0713864199841,0.4155458299003,-0.4392757093459,-0.1202541019183,0.0140947075318,-0.1319280128011,0.1491206873047,-0.1066017662003,0.0067924607635,0.1672965825341,0.1074410672055,0.3833646504353,0.2978010109689,0.2828225450176,0.3810273884815,0.0102869324120,-0.1591862482669,0.2421097159904,0.1831655443199,0.0407503141103,0.2344233253610,0.1554229410223,0.1796109710819,-0.1199884632689,0.2817439100007,0.8336237343116,0.4913080602454,0.4661871192768,0.4300976645748,0.1883418935372,0.0428048574109,0.4606700761698,0.2161635033603,0.0973388798173,0.1167080180038,0.2008472649884,-0.2544151219156,-0.4143519510746,0.6696927555224,0.1082052993451,0.2322422878615,-0.3202967602037,0.5606146825217,-0.1424371162901,-0.0612603926640,0.1713139662109,0.5794940924710,0.0476170352789,-0.2635260010728,0.0005224460888,-0.2606935121744,-0.5337816144322,-0.0918582871940,-0.2752111807642,0.1704084258169,-0.0512886682520,-0.1031080352607,-0.1080870399045,-0.0081662281985
0.2499698356600,-0.0369490538947,0.0286482428880,0.5458943814320,0.2361654721901,0.3790449900958,0.5429825907494,-0.0469296407167,0.2072931475250,0.3553303916493,0.3231819205195,0.5821721835289,0.5826407360992,0.1772157946648,0.3711303221132,0.6129914520596,1.0000000000000,0.6193107954659,0.1445701399107,0.5176600652529,0.6451404849406,0.1522979429532,0.4913798943482,0.5310119142993,0.2251324235199,0.1660064094948,0.5361789000311,-0.2593413924210,-0.3339226296014,-0.2371826671719,0.5209537598379,0.1644462315453,0.4958013290079,-0.1164076834624,0.3436314712233,0.4477895469360,0.3827193160661,-0.0213002362838,0.2297222215210,-0.0557772015412,-0.0531875709567,0.0392436544080,0.3113000468537,-0.3411077854729,-0.2701027588459,0.0304175431021,-0.0997093913499,0.1848447033917,0.0101306745706,0.1805135663049,0.2136235932533,0.0312834360280,0.3560077036353,0.2479551677149,0.3201238350215,0.2713866144345,-0.0899725257806,-0.1736778408579,0.1694161250336,0.1426180056847,0.3121669857258,0.3150104943577,0.2812444625370,0.2753776913805,-0.0393027776992,0.1840654498596,0.4237982121501,0.7251918073250,0.1961087336854,0.3533814059387,0.3832401033325,0.2319539421419,0.5539431827497,0.2547579506785,-0.1341922123465,0.0626564884691,0.3173918457956,-0.2261407610369,-0.4528435849812,0.5771980456130,0.0628516393616,0.2769168379189,-0.2276411559428,0.2104120759602,-0.1797869246821,-0.0437785499811,0.4595465958961,0.4752578651807,-0.0366000611925,-0.1992343114882,0.1932718255108,-0.0686736160066,-0.4357568002700,-0.2526724405561,-0.2077680513068,0.1916289248042,-0.0238796081942,0.0365544597816,-0.0122548619719,0.0805932626826
0.2260773076554,0.1812573167936,0.1196716037614,0.2154597688668,0.1285438512088,0.2276831585005,0.2086233647773,-0.0833579637170,-0.0888267868514,0.3360536055423,0.1330508647569,0.3266056552255,0.3291846950956,0.2587470692442,0.2472155342769,0.4525066743883,0.6193107954659,1.0000000000000,-0.3112783832536,0.5031708788074,0.3832779936619,0.1658943988639,0.3768444884576,0.4270827772664,0.0568195143066,0.0023443480770,0.2651705461254,-0.2073725677826,-0.1728355393855,0.0264888011133,0.5901496358514,0.1201137207485,0.4008980460368,-0.0960198442813,0.2529275292157,0.0530435752050,0.1964202857392,0.0599298538781,0.1410754749560,-0.0040325884961,-0.0183767888018,0.2458635180177,0.1840538403475,-0.1633827768649,-0.0732730799284,0.0789848118407,-0.0556077610996,0.0993257921974,0.1068081240047,0.1202654196955,0.2338428235695,0.0167777182555,0.0971382926788,0.1769997927146,0.1670889141884,-0.0378087340361,-0.2510332346067,0.0507193325137,0.1126458997376,-0.1532876411035,-0.0218998834575,0.1928266000985,-0.1316438729359,-0.0462398736543,-0.0182784442109,0.0138779505290,0.1503947829118,0.5625683846354,-0.2228483059513,0.1405738887030,0.0595285281742,0.0856528624149,0.4041363862895,0.0192675229695,-0.1741210464137,-0.0016020571450,0.2035669076604,-0.1466074776934,-0.2370025049151,0.4226587872221,0.0217253657105,0.0821184203147,0.0198404193157,0.0054279244088,0.1226298091450,0.1093150711815,0.2948168643605,0.3525755785299,-0.2002668096395,-0.1342634084071,0.1786566498448,0.0426356391558,-0.2262012022084,-0.1696225126418,-0.1569226258410,0.1369069461260,-0.0467144181460,-0.0522496950457,0.0343392840658,-0.0493505216398
-0.1639851226266,-0.5206043670146,-0.0074173315969,0.2464287199405,0.1608216699143,0.1358083958940,0.3136524377321,0.5370677358066,0.5381246153173,-0.2006542648267,0.0444715887754,0.1387329459495,0.2080836172956,-0.3072454915309,-0.2257259535179,0.4765368396311,0.1445701399107,-0.3112783832536,1.0000000000000,0.2646300207530,0.0029734600277,-0.1627232617304,0.0461275736398,0.0014528151288,0.4191887029179,0.4889557713555,0.1962125880190,-0.0914999154376,-0.2304939328403,-0.3983091088776,0.0765363080163,0.2889697407059,0.2215098100825,0.0362975724763,0.2241948013551,0.5456525340656,-0.0374491635222,-0.0777010966646,-0.1919837330091,-0.2215653249696,-0.2821172679727,-0.4562123152077,-0.0018789991837,-0.1603553182203,0.1327141443934,0.0038007087497,0.0697081858750,0.0099071114652,-0.3118777690543,-0.2369226481708,-0.2278745935350,0.0847272901105,0.3384630705918,0.0463691184341,0.0186012656681,0.4075657631422,0.4911573241923,0.1150849223682,0.4096666813547,0.6145252975634,0.1371768129501,0.0588564613025,0.3669368725276,0.3707180239538,-0.2049793555091,0.1118423858154,0.6331131490525,0.1136959523311,0.8408768505157,0.5077204122712,0.3230265055987,0.0258742610457,0.0537864133933,0.3833767023145,0.4967296882880,0.2712772203233,0.1037678993466,-0.1308752391914,-0.3001366498960,0.2676872202342,0.1694675611189,0.3046505481344,-0.4858337361248,0.4693915111569,-0.0725124123092,-0.1372701748190,-0.1062253784314,0.0624209164499,0.2225367932786,0.1447774238794,-0.3036853338999,-0.3263018652850,-0.2167433284585,-0.0318469044953,-0.0683479245935,-0.0405094240224,-0.1513054331020,-0.0509964098855,-0.1384593438491,0.0442581578700
0.0859342344815,-0.0656851808984,0.1998728921518,0.3198639384734,0.2227257460426,0.4425984965883,0.3434707015312,0.4250661197315,0.3375676577246,0.2929874951782,0.0593009104392,0.3894767393229,0.4914766066291,-0.0404520631206,0.1801211434143,0.5930500178352,0.5176600652529,0.5031708788074,0.2646300207530,1.0000000000000,0.3651352094556,0.0182034110618,0.2548521734759,0.3756361873082,0.5586721451177,0.2496482394260,0.4312189175362,-0.2363501884212,-0.4401072514240,-0.2688034919124,0.5508314997301,0.2890943214409,0.5215500446102,-0.0050723857249,0.4133057990197,0.4344707159900,0.2677271503476,0.2571434834191,0.1969191240959,-0.0378478121355,-0.1472756110717,0.1033352301666,0.3146404082646,-0.0428153597025,0.0676649989717,0.1654890945150,0.0544936172053,0.2084942881108,-0.1600229797084,0.1891527076704,0.1093685344197,0.0522801710767,0.1944349651546,0.2882373136695,0.2966818052464,0.1138662391288,0.0058651177090,0.1309284878224,0.2006334241465,0.1496303793982,0.0252857968869,0.2363298313374,0.0614059602321,0.1697282144565,-0.1710466560316,0.1145200962052,0.3869723190897,0.4106320770080,0.2306263497265,0.4431979134233,-0.0063686474603,-0.0817327250750,0.3239394071418,0.4030554109422,-0.0101173867089,-0.0073185130174,0.2717958877690,-0.1856475472439,-0.5217389861855,0.3962171645314,0.1254535054978,0.2469670872510,-0.2370915422648,0.1995044938412,0.0523848961138,0.0459215808453,0.1922036785133,0.3069575237221,-0.0642603709216,0.0022702860364,0.0563660014917,-0.0680008753738,-0.2176781415930,-0.0977846021159,-0.1189485906256,0.1267894515219,-0.1488658566832,-0.1495706998882,-0.0448333620670,-0.0371809671979
0.4746087427741,0.1049869563310,-0.0123877925305,0.3926165293856,0.2051820329600,0.3011495167035,0.3182015576841,-0.0830060714224,-0.0221543395081,0.6098674438180,0.2868945458522,0.5892524603294,0.4573476706156,0.3987610283732,0.7255905971732,0.3798469664411,0.6451404849406,0.3832779936619,0.0029734600277,0.3651352094556,1.0000000000000,0.3068964210007,0.5572035003188,0.6365582842241,-0.0746584638944,0.0394285930530,0.6950502380611,-0.0390873699818,-0.0505851127758,0.0877988482533,0.4387821182354,0.1000426704492,0.3570464230600,-0.0113695257173,0.3177805503288,0.4165509062310,0.4788058736274,0.1193858066137,0.3402197372814,0.2903853895753,0.3319402815772,0.4281804878163,0.6664547647377,-0.1295305801627,-0.2397936011673,0.2517444003445,0.0567174124529,0.1062800887567,0.2171286653030,0.5969969577200,0.3885275416498,-0.2490468310642,-0.0800536964850,0.0812006963925,0.3323207522345,-0.1919639198305,-0.4184177700462,-0.4184570912089,-0.1221215529389,-0.2677709274835,0.0949158611183,0.4066893379445,0.1983054236592,-0.0978683771668,-0.1082238516999,0.1226412496235,0.0718371265430,0.3143289386694,-0.0115517766614,-0.1310318423403,-0.0102824804939,0.2624477964593,0.4414981744721,0.0116694546926,-0.4586801296511,-0.2730459088454,0.0530053222108,-0.1937780932450,-0.3114224746678,0.2342322287670,-0.2088640155421,-0.0130756598800,-0.0840077414788,-0.0381929902177,-0.3606701440524,-0.1297511108203,0.4959089551154,0.4709607671622,-0.1327505233568,-0.4495920270321,0.4277880952300,0.1006941005910,-0.3857636517366,-0.1683532197244,-0.3788145511430,0.1473743723620,0.1205009149199,-0.0421734454443,0.0010648847513,-0.0403094758669
0.2093667941210,0.2765047540512,0.1135946366459,-0.1272392852952,0.0279366007400,0.2101982620875,-0.1191128879038,0.0672425566306,-0.0813891848464,0.7055007708435,-0.0967218595766,0.3994760914251,0.1857885990187,0.4719137231380,0.3027937062442,-0.0474174454765,0.1522979429532,0.1658943988639,-0.1627232617304,0.0182034110618,0.3068964210007,1.0000000000000,0.3391541620028,0.3261549568174,-0.1520960544572,-0.1219042745391,0.2412653781438,-0.0791080173172,0.2858469579279,0.3494686984586,0.0460592622855,-0.1380313734604,0.0366107058108,-0.1224045258104,0.0005632459036,0.0369106236841,0.1228429046491,0.0175737325155,-0.0267898673881,0.0798899961079,0.4155684970471,0.2810093051436,0.0873390064424,0.0998252787307,-0.1561765722283,0.3065709298709,0.0501851330550,-0.1837040046055,0.5762633657275,0.2352590419478,0.2823675258135,0.0130308898884,-0.2968355308434,0.0273942700170,0.2238861582200,-0.3689828825227,-0.1651714836361,0.0615339215982,-0.1887364647919,-0.2870920413554,0.3657696118468,0.2279647617083,0.1381921633249,-0.1034651303169,0.3222686283259,-0.1357111050500,-0.2342163861940,0.0084601781879,-0.1801413459592,-0.1940861661735,-0.1232066314237,0.4605265090274,0.1706592574713,-0.0824284585193,-0.3090675661713,-0.2225973959457,-0.0555452159799,-0.2549856793145,0.0485674286219,-0.1136919964825,-0.3011829050051,-0.1012251211748,0.2418763575544,-0.2739015034363,-0.1414090303134,-0.2293098029247,0.2566634470694,0.1747935854183,-0.2589756096648,-0.1581393856833,0.0933509057731,-0.0365364429555,0.0322846624165,-0.0390940744843,-0.1313135986478,-0.1123213876883,0.4735120097863,0.2725529644957,0.1334084916020,-0.0298422556995
0.4338065105382,-0.1329083634345,0.0745913264078,0.2051943039704,0.3245544542367,0.2597453736302,0.1546473393892,-0.1459972420449,-0.0021364347433,0.4074149642158,0.2586059582363,0.6622408522098,0.2732675303049,0.2209856643808,0.2531971737590,0.3619950517241,0.4913798943482,0.3768444884576,0.0461275736398,0.2548521734759,0.5572035003188,0.3391541620028,1.0000000000000,0.5321706513944,0.0535837565972,0.1752001763924,0.6141100166747,-0.1255001192038,0.0207652846956,-0.0756816819632,0.3899463422410,0.1808208857081,0.3756360646519,0.0196439728882,0.2974996252132,0.3377255665970,0.3820840447861,-0.1056349497957,0.0549625233979,0.1111359073425,0.0585564474349,0.1946258618326,0.3163796627354,-0.1746124409646,-0.3104513626239,0.1230316012697,-0.1162743228309,0.0911715507334,0.1753141886030,0.1353645065722,0.2453001271972,-0.0458194176131,-0.0355900620230,0.1619038589954,0.2283781094903,-0.0531057607510,-0.2269834204150,-0.2354261800575,-0.1167554197686,-0.1636489256149,0.0339095279950,0.5031181260192,0.2419344755484,-0.0089957695216,-0.1099741817803,0.0716376050324,0.2140116316908,0.3770459280760,0.0126064404144,0.1336565148598,0.1395574943356,0.4347196462239,0.4727755434306,0.2165678605047,-0.2068976987899,0.1102839060365,0.3571281066893,-0.1926842801190,-0.2072266674619,0.3582004085703,-0.0818027246698,0.0927730727501,-0.1899178907317,0.1564215784978,-0.1766205026330,-0.0641205213077,0.5059859841403,0.4248157686545,-0.0580935617209,-0.3158794939943,0.1322913982860,-0.0752643700352,-0.3445825858838,-0.1503834749036,-0.3341804538164,0.1268375382799,0.0890943553866,-0.0131318916151,0.0897341566984,0.0378596428926
0.3539501483031,0.0868911660130,0.0896906099792,0.4149988882185,0.3924052116249,0.3773523157041,0.3439987178352,-0.0953247398014,-0.0646049818152,0.5311644631712,0.2436967866293,0.5415802657514,0.2601144467791,0.2566549482057,0.5586206963670,0.4896556324113,0.5310119142993,0.4270827772664,0.0014528151288,0.3756361873082,0.6365582842241,0.3261549568174,0.5321706513944,1.0000000000000,-0.0416547362799,-0.1574227084823,0.5355295714019,-0.0163152481345,-0.0086927311690,-0.0173630717679,0.5296208868809,-0.1860742751694,0.0207025138318,-0.1288880183105,0.5110664001751,0.4957442559823,0.5417728772585,0.0242971569535,0.4263880047016,0.3034303975211,0.2593181297204,0.3013107270289,0.6399892163836,-0.3223041286418,-0.4576654436402,0.1006247124213,-0.2360346749729,0.2001721618984,0.2865177038652,0.4619682169870,0.4046036997414,-0.0754147255852,0.0122608068863,0.2193829978102,0.4113817269129,-0.0233142730746,-0.4290755175636,-0.3769468134222,-0.1401462047428,-0.2741685751722,0.0578675674360,0.5750171164126,0.1257711428415,-0.1072689187592,0.0738933036216,0.2793100043022,0.2071087179812,0.3023679862994,-0.0585153517446,0.0673073915280,-0.0186206100620,0.1195914600083,0.8097834134045,0.0303697181685,-0.4542021469972,-0.1529244688719,0.2109105488712,-0.1276200125307,-0.2047763420165,0.4358246295493,-0.3064232700841,-0.1736268495999,-0.0506178752169,0.1398366145999,-0.4681177024258,-0.1490344367913,0.6907382247327,0.7034497225766,0.0805071336396,-0.4077874473741,0.4599776999333,0.2136977670457,-0.4260550438853,0.0356000882891,-0.3315419215136,0.1951597998118,0.2748661412410,0.0845377805180,0.0462201515926,0.0686289790802
