1.0000000000000,0.7359013428691,0.4618781598234,0.7708708348212,0.4720330902029,0.6549421510644,0.4571514111099,-0.0204508489592,-0.0565005684027,0.5286181485577,0.0294373211627,0.1967311472210,0.2018992240170,0.7307320769546,0.6871783181834,0.5616768508451,0.3352594111468,0.2319975555037,-0.0458749448342,-0.0323618070160,0.2033560255202,0.0670849838410,0.1022747744567,0.3284044387405,-0.1681466814106,0.0247060144989,-0.0500639287165,0.1496990526262,0.1888249967419,0.3366426445093,0.2147131876763,0.0809788288614,0.1748935293327,0.0455411675907,0.2080420961856,0.2140360652276,0.3368963479897,-0.1247474645257,0.3066178051470,0.1215036947972,0.2830900248265,0.5587715097775,0.3292131912070,-0.3065636793858,-0.1356952108004,0.0576245686055,0.0615638542578,0.4009065390602,0.5184303968388,0.5912915733365,0.8074204335852,0.6130274535557,0.3153420944671,0.5929816385464,0.5770312358298,0.3322332394998,0.0694684075044,-0.2895521133480,-0.1582284453131,-0.1051024238105,0.1853303145832,0.3486241060266,0.2352358869937,0.2102333121578,0.6375142442061,0.2623822103295,0.4746899611226,0.5118925798855,0.3097715186808,-0.0981387152937,-0.0851577194871,0.2064449408798,0.3472965408489,-0.2386955604226,-0.3344626824448,-0.3183380921078,-0.2463102317540,0.1251651737192,0.0690018987475,0.2576274419058,0.0394434342507,0.1274372894241,0.1882983097347,0.2317599690298,-0.3449402053197,-0.0269315752822,0.2602300469037,0.2714187746819,0.1078651984171,-0.3272964701709,0.3381285432650,0.1096198925874,-0.3595149392828,-0.0357293027334,0.0189430488047,0.3090771792072,0.4304149227676,0.0647007028178,0.3725103169369,0.2115384650435
0.7359013428691,1.0000000000000,0.3956282256655,0.6070440075331,0.1962922803742,0.4327488901669,0.1822768922340,-0.3069368612804,-0.3600887644954,0.3696957882418,-0.1187832535353,-0.0385024303387,-0.0758334682042,0.7869964143408,0.7127270805696,0.3727680612855,0.1282157907335,0.0455304446799,-0.2690714655580,-0.3596092241839,-0.0232892929343,-0.0859008909186,-0.1460521271159,0.0612283794170,-0.3615491217756,-0.2360142558970,-0.2909924824303,0.1194458397821,0.2017068561191,0.4976666338879,0.0068400633184,-0.2250817153234,-0.1309018705081,-0.1671906449644,-0.0467520902513,0.0069450768962,0.2191528362178,-0.4121287499289,0.1722326420226,-0.0541918165450,0.1818738380087,0.4766441435956,0.2615293220385,-0.4461871409912,-0.3469132726534,-0.0779882040452,-0.0996045279226,0.3012943584070,0.5165969414819,0.4706093618996,0.6266327009154,0.5397261742322,0.0970704037012,0.3074462538603,0.4784555630777,0.1147141069399,-0.2036016708230,-0.4388616212612,-0.3602818900239,-0.3782004750060,0.1290476929627,0.1180307169319,0.0561473145419,0.0651044965157,0.6813901029706,0.2686334668766,0.5193180922338,0.4967934114235,0.1581052971567,-0.3473170099626,-0.1011493000267,-0.0266766924745,0.1138519324873,-0.4351622658158,-0.2007836043768,-0.3445660092776,-0.4636490458462,0.0350456296279,0.2134180135931,0.1618475899349,-0.2435270063633,-0.1493090477720,0.3765320638990,0.3341560383751,-0.3511363300183,-0.1578162959356,0.1450010821411,0.0971205922505,0.1690189983637,-0.4457268468095,0.2719108882590,0.0425911225314,-0.4777074436169,-0.2433878552964,-0.0146899599342,0.2734663922342,0.3749955556012,0.0657962647428,0.3075098317239,0.0725126994480
0.4618781598234,0.3956282256655,1.0000000000000,0.3782243894470,0.5215475356967,0.6096280699451,0.3474267220572,0.0949695682942,0.0252807222623,0.3144283034831,0.1381866805649,0.0336727278815,0.0943493296153,0.3376117247295,0.3318206845025,0.3582277920959,0.1211136753758,0.0289188546267,0.1442219207955,-0.0058740700925,0.1989416793287,0.1210797944825,0.1244419265262,0.1122942055647,0.0364407317858,0.1614137978097,0.1743348096429,0.3405465703596,0.2845213639519,0.5427670859633,0.2385083844858,0.1102721793102,0.0569272805082,0.3702331276657,0.2667274051702,0.2112848500392,0.1320451239633,0.1616815161848,0.3868223011101,0.4300455946902,0.4220281584556,0.4532544278386,0.3930348888475,0.1166598829242,0.2416280901723,0.2715764056525,0.2271446016801,0.5604189638764,0.3071074459601,0.3131243985896,0.5064312026667,0.5550210789954,0.1579651790849,0.6410985078109,0.2972649325632,0.1773664585275,-0.2142967651650,-0.1236796944125,0.0281655055573,0.0298446904816,-0.0374457262420,0.1032372013713,0.0881969169259,-0.1892021036754,0.2253998135046,0.0331998275313,0.2697728327882,-0.0166465138245,-0.0261602901938,-0.0570226751385,-0.3064514715485,0.1031846621096,0.0219540643505,-0.0330121836254,-0.3661772727562,-0.1619284393256,-0.1003432458109,0.1821938339408,0.1094812799183,0.0690587032522,-0.0214307858268,-0.1006322869430,-0.0455997179787,0.0894728144430,0.0302687259659,0.1292385388578,0.0739785460884,0.2628132718434,-0.0776575652944,0.0827732571704,0.3336841095606,0.2585567895568,0.0321124447662,0.1154910231938,-0.1765375340543,0.3681418328378,0.2533290733379,0.0417740163494,0.1546179548705,-0.3505668252941
0.7708708348212,0.6070440075331,0.3782243894470,1.0000000000000,0.6198975917494,0.7680938683610,0.7500754140081,0.1348820884268,0.1482607688255,0.5298221633613,-0.0316854299507,0.1811230103726,0.3621260230617,0.4533643925360,0.6334746961391,0.7792666466359,0.5220945952169,0.2220829565992,0.1160428453438,0.1216995875546,0.3778135506156,0.1099475207126,0.0475365296287,0.5069853528792,-0.1536872449603,-0.0144323481000,-0.0779015778972,0.0868859164735,0.1391199843736,0.2044252906535,0.4316060054139,0.0646245411718,0.2732211435167,0.0237127425395,0.4574394423122,0.3580795243070,0.2894823388963,-0.0548072882505,0.3794525130113,0.0794460601562,0.1649763029786,0.4506815589249,0.3281876346068,-0.2980848544355,-0.0868132269599,0.0158308975124,-0.0459758074778,0.3498982428646,0.4505233597980,0.5795368355837,0.6936905676806,0.6111896471422,0.6668712754662,0.6368026267665,0.7222843028552,0.7021907276600,0.1876400706267,-0.1586677014079,0.0904417738340,0.1357989970417,0.1874994021158,0.3710493481803,0.2213709872610,0.3430517719641,0.5691714769516,0.2357000939595,0.5195774843752,0.5387899891547,0.5596479856124,-0.0362997843717,0.1166296903533,0.2341602018302,0.4575030040758,-0.2545197309445,-0.4818595575879,-0.4385463844626,-0.2841467996099,-0.0006816988041,-0.1409000821180,0.4703692862705,-0.0143935415753,0.1624038091806,-0.0583796708024,0.0684686202830,-0.4945833294421,-0.0782001102578,0.1581507310826,0.4894532476562,-0.0541587298099,-0.3982517685330,0.3462170501562,0.0202849623742,-0.3109618344627,0.0362288418773,-0.0350781093164,0.2995484791708,0.2597111554756,-0.0396189553749,0.1856575402099,0.0941109245881
0.4720330902029,0.1962922803742,0.5215475356967,0.6198975917494,1.0000000000000,0.7594929856592,0.5756472874260,0.2627182288488,0.2804407797252,0.3701781665742,0.1956063515761,0.3766352182140,0.3525828982717,0.1809439243331,0.2728761362424,0.5254185020648,0.4441909789578,0.2317019797270,0.1807625127314,0.2166213823016,0.4617092232489,0.4930517051894,0.3290405002257,0.3042054903773,0.0748000980721,0.2246509981956,0.2182822946178,0.2383121639546,0.3814151022407,0.2164430142515,0.3648007168280,0.2108863288065,0.3297128451655,0.3427248182255,0.4801067720542,0.1927371916737,0.1002831653934,0.2162156168611,0.3069887701037,0.3002360613664,0.3612068086813,0.4295356545588,0.2212705894157,0.1416528475727,0.2656550560371,0.3068521492777,0.2004699477790,0.3561585960852,0.4320452390998,0.3194119212198,0.6283150942236,0.4669527014616,0.6029577673467,0.5210798486056,0.6274649518022,0.5692013832581,0.1423054349420,0.0358845840619,0.2205487063506,0.3213674255340,0.1616452535002,0.3561959501806,0.3693506519727,0.2530195504600,0.3075371576251,-0.0064095377038,0.1840459996121,0.2939739264283,0.2711594466527,0.1006956951693,0.1247930213633,0.5382096556024,0.3199225967449,-0.0088596100890,-0.4908238483607,-0.1778704031364,-0.0169393929455,0.1728865171210,0.0905856349459,0.2977590302405,0.0503923491334,0.2060277141498,-0.3121833024868,-0.1330309674320,-0.1997239346204,0.1457763795860,-0.0150026892213,0.3926180491005,-0.1838974098845,-0.0802618054701,0.1864248919476,0.0461514061469,0.0481057578130,0.3324441300130,-0.0196834625534,0.2076613872173,0.1249791571605,0.2801468174389,0.0944113178900,-0.0265189713669
0.6549421510644,0.4327488901669,0.6096280699451,0.7680938683610,0.7594929856592,1.0000000000000,0.7333610320855,0.1749822271285,0.1422184685036,0.5526416401403,0.1498735123726,0.1165501233783,0.3796794392938,0.3321290779125,0.5084989666330,0.6859633272866,0.4881733691457,0.2290716770257,0.0698493322978,0.1249790741445,0.3485407443017,0.3039260106590,0.0798456248725,0.4682580170077,-0.0489220534018,0.0120949954951,0.0145700369431,0.1808191787053,0.1587811435843,0.3516057871406,0.4714740491717,0.0853816489549,0.2770216996779,0.1237125506557,0.4798190841538,0.3385197975310,0.3382308806249,0.1031814740935,0.5070179126228,0.1869165651581,0.4022042669225,0.5646366928902,0.3512022085315,-0.1302411826182,0.1262101022596,0.2207371971700,0.0670492253868,0.5566167556310,0.5446809954693,0.5003517731258,0.6696771685048,0.5751163056597,0.5795186969473,0.7316860539217,0.8120129794757,0.6023691306962,0.2033005130529,-0.1177650835944,0.0981564062322,0.1655687687319,0.3519316474525,0.2923032713140,0.2169317118552,0.3656423075631,0.3952040322364,0.2023381594781,0.4758946694156,0.4559786186834,0.3830606709365,-0.0051727175239,0.0887689672552,0.2777506015493,0.4603703448163,-0.1612663741465,-0.5022162287739,-0.4499308088679,-0.1847876871766,0.0213336245308,-0.1068730533433,0.5027234309308,0.0619943326234,0.2570976468882,-0.0392841123086,0.1207244397427,-0.3647869227269,0.0933802495448,0.2470266300689,0.5297873487099,-0.0906984391533,-0.2217352822174,0.4721368425014,0.1251715184148,-0.2011220708741,0.1164252813299,0.0913971292112,0.4935292928963,0.2581349185556,0.2375874276076,0.3040403117508,-0.0724325716544
0.4571514111099,0.1822768922340,0.3474267220572,0.7500754140081,0.5756472874260,0.7333610320855,1.0000000000000,0.3736696799650,0.4505674729462,0.5135167330745,-0.0840290031824,-0.0362777031666,0.4606637799398,-0.0325491150632,0.2619458140923,0.6574512701944,0.4980450769963,0.0585848877209,0.2526322521850,0.3330095817778,0.3546230237341,0.1397007865533,-0.0384276834391,0.6296616704840,0.0321675033609,0.0475206153274,-0.0000569232894,0.0825318911999,0.0181047735145,0.1935327934775,0.6663516483366,0.1719783394399,0.3251657697961,0.1195392035830,0.6678766313333,0.4229572510007,0.2295766788239,0.2082815969852,0.4729062052458,0.1370064527141,0.1345172689618,0.3337301348314,0.1420106620192,-0.0539349031154,0.1963734482403,0.0946636292216,0.0031484072249,0.1962795697825,0.2768532060599,0.4169707137568,0.3851830322379,0.6131266672300,0.8374729579190,0.7009922544343,0.6286347668626,0.8979620893222,0.4526371635190,0.1510279056165,0.4684406864706,0.5035585103946,0.3162551156730,0.2448615163186,-0.0026303654207,0.4327027418565,0.1829069117624,0.0739434270323,0.2686453090246,0.2817201038962,0.5575314211372,0.1899143887098,0.2296998520256,0.2042992205988,0.5462822115715,-0.0666590152730,-0.5917157121640,-0.3722444242356,-0.1047173856080,-0.1595883300536,-0.3484379191499,0.6736840439216,0.2218184124372,0.2724201507851,-0.0900135480968,-0.1608469937648,-0.3873600385670,0.1556004942285,0.1519205647707,0.7191248084459,-0.3314615701270,-0.1616858944946,0.3511949679106,0.0240911208773,0.0031418070221,0.2226055338410,0.0835426934542,0.2136281105010,-0.0138244322199,-0.0825742540826,0.2235741690075,-0.0610124458096
-0.0204508489592,-0.3069368612804,0.0949695682942,0.1348820884268,0.2627182288488,0.1749822271285,0.3736696799650,1.0000000000000,0.8756102447834,0.4741942275648,0.4322716871629,0.2166853729145,0.7411097293674,-0.4543507375897,-0.1454043481458,0.3366065410759,0.5782024784754,0.4680109539371,0.8283725179957,0.8504801425419,0.6278806340027,0.3904829242849,0.4675569890811,0.5543156827469,0.7280471620969,0.6159597005505,0.6521301787319,0.1752152218364,-0.1037889684444,-0.0566693187749,0.5234634370615,0.6437868743447,0.5889417236802,0.5847699321540,0.5024698706903,0.3564988956058,0.1177796924946,0.7512062691104,0.1194498746656,0.5018813600458,0.3450059687424,0.1519820782903,0.1859592333118,0.5096648895068,0.7172980385669,0.5556945153227,0.5483812535813,-0.0168173732061,-0.2914191223006,0.2148411516086,-0.0804146156343,0.0809947065225,0.3888485681122,0.2012213882112,0.0107401168029,0.3567276487390,0.4965424145243,0.7536039543399,0.7928477292145,0.7978855810182,0.1341457333326,0.3013999473358,0.1061504967372,0.2099686299267,-0.3124301720513,-0.4046371955071,-0.0998774310294,-0.0709635596985,0.3728214345939,0.8140806520956,-0.0605540395602,0.2884400250757,0.3477339274541,0.7760060558727,-0.1674403239373,0.2178141458686,0.5998237768758,0.0798620227478,-0.3486398919636,0.2157612887244,0.4850597631242,0.3973421113106,-0.4808850335500,-0.4571645761588,0.3709649446006,0.3349917604830,0.1503291903383,0.3655605986239,-0.4403501217107,0.5911514261017,-0.0485400527137,0.1424966379521,0.6012053158433,0.2765680936202,-0.1481847787635,-0.0556563182182,-0.0104427423787,-0.1030849664157,0.0062347011084,-0.1593292728849
-0.0565005684027,-0.3600887644954,0.0252807222623,0.1482607688255,0.2804407797252,0.1422184685036,0.4505674729462,0.8756102447834,1.0000000000000,0.4492896291657,0.2328411774758,0.2205656683572,0.6216399937786,-0.5170690612383,-0.1748548993127,0.2834223285097,0.5006830295560,0.3051892322685,0.7847311096838,0.8511477906713,0.5593819653754,0.3639252826854,0.3969851376465,0.5335455268984,0.6507208504158,0.6018516784173,0.5921504640819,0.1909747320668,-0.0713539015795,-0.0898051261065,0.5689460996961,0.6392936610756,0.5523461892293,0.5695438357206,0.5814204671394,0.3902240510270,0.0466734326662,0.7195625780433,0.1318604909298,0.4562179930464,0.2177075125909,0.0826290217196,0.0864247769605,0.5312782325153,0.6893444937375,0.4540856179123,0.4668132343058,-0.1257271720896,-0.2451814469535,0.1994360131669,-0.1238179405820,0.1414781910563,0.4920227400466,0.2496025496794,-0.0262442327009,0.4359149683876,0.5119039464022,0.6942088683268,0.8454609470211,0.9479768070697,0.1442485177760,0.3727568981158,0.0589437098740,0.1948244810564,-0.3312314345887,-0.3435445275758,-0.2272793321997,-0.1218068190684,0.4017368988687,0.7523017058595,0.0467140703968,0.3609449267031,0.3771042651042,0.6603997147595,-0.2312867163898,0.2395405293236,0.5613070227817,0.0468501038902,-0.3703820912942,0.2774877852759,0.5459286410002,0.3444851138058,-0.4444393415756,-0.4729374460727,0.2921376001256,0.3647818108817,0.0729017212337,0.4523436047466,-0.4469715431342,0.5331348122003,-0.0766632374271,0.1525973003642,0.6365028519353,0.4090981576643,-0.0954560292182,-0.1587267376284,-0.1613602576114,-0.2091894428646,-0.0228801944097,-0.0855711339764
0.5286181485577,0.3696957882418,0.3144283034831,0.5298221633613,0.3701781665742,0.5526416401403,0.5135167330745,0.4741942275648,0.4492896291657,1.0000000000000,0.2108108387993,0.1955210520959,0.5765635621352,0.1929973630156,0.4379323716550,0.4971301098312,0.5780533885677,0.3872050317822,0.3773297965158,0.4513034321985,0.4575089333897,0.4463847433338,0.3024326079297,0.5331472790884,0.3097899756888,0.3640448304242,0.3670457878974,0.2381564541244,0.0503197151561,0.3321359710038,0.4553590855519,0.4779056173658,0.5558865987526,0.3855274242695,0.3475717163513,0.2658151164389,0.3773252574939,0.3306287430350,0.2460592473116,0.3670044661795,0.4957102092760,0.5764408925105,0.2875958285790,0.0725624507462,0.2917173121178,0.4855571168345,0.4834356072839,0.1815662092729,0.3072278262551,0.6359780796696,0.4325231458468,0.4514080232746,0.4191906737266,0.4937747123321,0.4193463478044,0.3763869439810,0.3419328829777,0.2761930515641,0.3697733868323,0.3805822372781,0.5155223571543,0.4756256001253,0.1846210937782,0.3047094602013,0.2448719115435,-0.0584533818324,0.2808472498927,0.3679458541610,0.4312438658566,0.4405973614015,-0.0304168211208,0.3879917119535,0.4792757276124,0.2937470918430,-0.2686517554460,-0.1425950206287,0.2282831338976,0.0697930300132,-0.2231780024098,0.3652765261663,0.4628825257494,0.4297576534026,-0.0187822878327,-0.0906036938411,-0.0142369265968,0.2867811474237,0.3361598042691,0.3692287360603,-0.2470931396914,0.1618843621800,0.1758512306084,0.2069728322038,0.1398338516240,0.1606853081262,0.1076318552026,0.1811432109977,0.3022501191935,0.0464253549326,0.3596531414489,0.0639631824738
0.0294373211627,-0.1187832535353,0.1381866805649,-0.0316854299507,0.1956063515761,0.1498735123726,-0.0840290031824,0.4322716871629,0.2328411774758,0.2108108387993,1.0000000000000,0.4159825494672,0.3644212385905,0.0529534577179,0.1099964362275,0.2926929217945,0.3467680385785,0.6192218727429,0.4741802220385,0.4012054837310,0.4253756987029,0.4460580069637,0.6688455837976,0.2937990751179,0.5282385547894,0.4885275112818,0.5653289481450,0.2077128382976,-0.0850574784533,0.0133069043232,0.1355474633599,0.3852532767275,0.3249973076648,0.5105389096232,0.1195290932754,0.3121102969448,0.3498363924502,0.4550813666626,0.1337583735853,0.5079892392173,0.5741756421723,0.2815574521436,0.4548945020268,0.3916917369966,0.3714613958625,0.5835502006584,0.5842291089701,0.4232612048611,-0.1282446864995,0.0986712305742,0.1145077446588,-0.2398108986537,-0.1463455404745,-0.1300329995376,0.0639139539789,-0.1275248121158,0.0572923422991,0.2941915025332,0.0966877598833,0.1173391069424,0.0169930292993,0.1847510424761,0.3672192835287,-0.0006611080651,-0.1102913537221,-0.1393437114584,0.1523752129196,0.0294914110327,0.1662703472575,0.4490952110571,-0.1773058063946,0.2259232228302,0.1966700136409,0.5169494178166,0.2821199727971,0.1563583866138,0.4642079183091,0.3614870461305,-0.0476942629708,-0.0714817708805,0.1472828594061,0.2353498394422,-0.4085422256008,0.0289249309838,0.3334980492807,0.2284260299815,0.3532034447945,-0.0557571606371,0.0434373247724,0.3973436327106,0.1179372601038,0.1856667927143,0.2470995986038,0.0845001412808,-0.1711188713417,0.3105207118720,0.3958475364408,0.2273175407309,0.0406215543739,-0.1066780147881
0.1967311472210,-0.0385024303387,0.0336727278815,0.1811230103726,0.3766352182140,0.1165501233783,-0.0362777031666,0.2166853729145,0.2205656683572,0.1955210520959,0.4159825494672,1.0000000000000,0.3695377373537,0.2761398491997,0.2279651530267,0.2385077151553,0.3877009948581,0.5399059651441,0.2543358710463,0.3297608746672,0.5326262072054,0.4516211934770,0.6875036476924,0.1219414286359,0.2579771938593,0.5231011058202,0.5413213012985,0.1164576579453,0.3112135659308,-0.1991847342898,0.0187460521001,0.4785033420875,0.4817150353490,0.4514622197104,0.1050574453768,0.0968737698084,0.1092361057860,0.2640206222002,-0.0037313153054,0.4061100009642,0.2094289830923,0.2137663734805,0.3331516991018,0.2622064081150,0.1771518904200,0.2612829451482,0.4330990052611,0.1759108701414,0.0914999699148,0.2805054408067,0.3904243345202,-0.1775325665937,-0.0136881490262,0.0109121638290,0.0238312694933,-0.0673366098885,0.0353745840462,0.0447321751154,-0.0327655870514,0.0962294645303,-0.1581609802980,0.6838225159819,0.7864534774316,0.0849256142644,0.2280152873245,0.0233917720612,-0.0772605258788,0.2542607993940,0.0842551749717,0.2368622963883,-0.0439907023729,0.6394362856558,0.1023775493251,0.2441000256347,0.0740626090175,0.2352286412931,0.3835957164823,0.3521151248255,0.2571113713040,-0.2460325524509,0.1700416748640,0.3035969600966,-0.4438159029897,-0.0067745934194,0.1794842597084,0.0247376111237,-0.0042418364847,-0.1356652064662,0.2239515646570,0.1218675476982,-0.1307514318403,0.0776136616001,0.0959045508050,0.1825948008417,-0.0846629640716,-0.0522323477497,0.2272480890622,0.0676658039634,-0.1553249474978,0.3402085288237
0.2018992240170,-0.0758334682042,0.0943493296153,0.3621260230617,0.3525828982717,0.3796794392938,0.4606637799398,0.7411097293674,0.6216399937786,0.5765635621352,0.3644212385905,0.3695377373537,1.0000000000000,-0.1524505396816,0.1573019958076,0.5358524773345,0.7759693244238,0.5329394355397,0.5640418170794,0.6736852794559,0.6034157109039,0.3662151238835,0.3754758751440,0.5476030951577,0.5222701075757,0.4807712894321,0.5330904481793,0.0267390215784,-0.0808808228218,-0.0596461666930,0.5138674975417,0.6066580768888,0.7216156728055,0.4162210515126,0.4175812522827,0.3494831930555,0.2345651993618,0.5839867306317,0.2755729478396,0.3460678138742,0.3277234908877,0.3557507084547,0.3518331701199,0.2814350460145,0.5486963090816,0.4377212180852,0.4374294744386,0.1024119529874,-0.0030294398057,0.4454647339350,0.1939089209655,0.0837748719785,0.4402180692329,0.2637214469618,0.2782360495147,0.4233591774251,0.5235495134218,0.4666578497819,0.4926066038218,0.5419084699545,0.2129971046232,0.4402931983501,0.3331559483347,0.5697034824110,-0.0265517379320,-0.1280013723633,0.1694875311788,0.3455940824935,0.4469146772549,0.5827622863243,-0.0481453495886,0.3252304718151,0.4024187028011,0.4770285833108,-0.2370530744866,-0.0270423210543,0.4021507690001,-0.0349567019622,-0.2948784504736,0.2889813967749,0.4413428082529,0.6365743331299,-0.3734371735510,-0.2174305888361,0.1150976897396,0.1836216565437,0.1914197099380,0.3212094930977,-0.1999499098387,0.2952025012828,0.1099368909548,0.0392362007663,0.2752337467623,0.1679083439275,0.0377859691237,0.0771985391815,0.0572391494736,0.0064476418348,0.0589124199882,0.0232874839099
0.7307320769546,0.7869964143408,0.3376117247295,0.4533643925360,0.1809439243331,0.3321290779125,-0.0325491150632,-0.4543507375897,-0.5170690612383,0.1929973630156,0.0529534577179,0.2761398491997,-0.1524505396816,1.0000000000000,0.7105592948970,0.3053700014597,0.0604445762733,0.1903365996103,-0.3597842836168,-0.3931370122544,-0.0130518216456,-0.0501009081557,0.0688028896497,-0.0324782679201,-0.3612307566009,-0.1396185564607,-0.1947057590468,0.0811121564719,0.2220091702519,0.3092925949178,-0.1848373186229,-0.1586042397976,-0.0647144452807,-0.1205234482360,-0.1973351043009,0.0381153398409,0.2757294240981,-0.4213340301343,0.1354467037441,-0.0175112895858,0.1721580725946,0.4189269914809,0.3357739748275,-0.4217808357845,-0.4575849126131,-0.1084545185868,-0.0339887076873,0.4239009360770,0.5177671773930,0.4164618880388,0.7277366770949,0.2689149976561,-0.1781093632216,0.2057005342134,0.3614655369396,-0.1536340525012,-0.2854931512354,-0.6014090031761,-0.6388503479995,-0.5951702256082,-0.0317870942093,0.2019494898063,0.3018450889826,-0.0319230378650,0.7495005168599,0.3620277045368,0.4677337850342,0.4841973618799,0.0384234754396,-0.3893442264686,-0.1484412045727,0.0839425331130,0.0461911598749,-0.4388327607904,-0.0023880510263,-0.2635059580022,-0.3772951954237,0.2555820351965,0.3207934276446,-0.0960539904206,-0.2436704967857,-0.0985215040219,0.2735305447329,0.4839050995835,-0.3292972436707,-0.2069406422223,0.1794334810812,-0.1527206848694,0.4180378194886,-0.4696700184107,0.2487324140871,0.0651052110887,-0.5737543263007,-0.2438152089372,-0.0061735978465,0.3107334908157,0.5210824904884,0.1421946470144,0.2081355787494,0.2514269109021
0.6871783181834,0.7127270805696,0.3318206845025,0.6334746961391,0.2728761362424,0.5084989666330,0.2619458140923,-0.1454043481458,-0.1748548993127,0.4379323716550,0.1099964362275,0.2279651530267,0.1573019958076,0.7105592948970,1.0000000000000,0.5854346027864,0.3618802343964,0.2921048633307,-0.0961473881108,-0.0354751562644,0.2041395161605,0.0389066679349,0.0673713596206,0.3044931226362,-0.1744201032475,0.0587930400334,-0.0116502763411,0.1183987203607,0.2143939939617,0.3772067287016,0.2274515719964,0.0417224863299,0.1179465416913,0.0254502932271,0.1482843462717,0.3058424418436,0.5027273866833,-0.0329106889004,0.5830756861648,0.1999007191686,0.3472014602391,0.5682764262001,0.6730463412387,-0.2165005370637,-0.1218868240770,0.0264415448741,0.0168040639204,0.6157108685253,0.6317103216846,0.7831506411352,0.5883290865629,0.3009907259493,0.0741287453287,0.3269312619257,0.4507403627983,0.1168121491457,-0.1244651329142,-0.3899603371769,-0.3383116901273,-0.2250204062864,-0.0346836989337,0.3703737973164,0.1828949602102,0.0817582613729,0.5121408814411,0.5890411764650,0.5108090987553,0.4936900438312,0.2431051536945,-0.2223667187568,-0.2566915542689,0.1197822023281,0.2247320524846,-0.3287323376872,-0.1553644237845,-0.3322098860400,-0.2035954485766,0.0595048369581,0.0877716198459,0.2007068959008,-0.1498117587919,0.0922845935476,0.1473528970116,0.4654514681097,-0.3162676781066,-0.1397656422444,0.3580286907499,0.2372415961714,0.4084930875636,-0.2656453591960,0.6318146023017,0.2222404989887,-0.3648828345495,-0.0887355046413,-0.0941255650079,0.6057149181167,0.3390724954923,0.0256092216600,0.1639737007921,0.1511492555147
0.5616768508451,0.3727680612855,0.3582277920959,0.7792666466359,0.5254185020648,0.6859633272866,0.6574512701944,0.3366065410759,0.2834223285097,0.4971301098312,0.2926929217945,0.2385077151553,0.5358524773345,0.3053700014597,0.5854346027864,1.0000000000000,0.7349550083776,0.4721347298046,0.3891753985259,0.3725433461231,0.5538708694111,0.2369069600109,0.2251327959448,0.6704290941603,0.0974975007315,0.1206429295803,0.1697064935380,0.0909544508044,0.0141132249019,0.1905904247403,0.6794445240918,0.2440233123747,0.4484919334012,0.2000772881846,0.5926546582486,0.6682104241307,0.4778577995050,0.2129704930586,0.5443908160688,0.2415717900457,0.3251061161472,0.4629926713525,0.6418627088216,-0.1343673142867,0.1362822568521,0.2264824075063,0.1558989385206,0.4924082298194,0.3378521829751,0.5896850604239,0.5069006165905,0.2871437733472,0.4946932149102,0.4776896654046,0.6203405496403,0.5756308836951,0.2067757569239,-0.0343486573485,0.1846806243077,0.2352053898011,0.0936708335896,0.3335181826523,0.2428348184216,0.3266323040685,0.2873128626451,0.2517005336884,0.6447881234819,0.5211785298741,0.6826054297078,0.1866597821198,0.0539049581204,0.2368524273017,0.5375156543006,-0.0160839999871,-0.2746485133662,-0.3878923765817,-0.0184493322545,0.0700643806766,-0.2477183908108,0.5623924105687,0.0997448480689,0.3338564558532,-0.2435372753173,0.2262213331835,-0.3129896000908,0.0212550279807,0.3392212765633,0.5805048387403,0.0438435290511,-0.1661712591148,0.4777107419816,0.0555695873446,-0.1906996691033,0.0904319080496,-0.1076259322951,0.4963953595614,0.2603783721493,-0.0279701471537,0.0415804444911,-0.0487096392686
0.3352594111468,0.1282157907335,0.1211136753758,0.5220945952169,0.4441909789578,0.4881733691457,0.4980450769963,0.5782024784754,0.5006830295560,0.5780533885677,0.3467680385785,0.3877009948581,0.7759693244238,0.0604445762733,0.3618802343964,0.7349550083776,1.0000000000000,0.6506985935817,0.4907232793396,0.6034852141778,0.7211088042340,0.4461590045509,0.4171661582859,0.6539359019314,0.3433238143018,0.3549600198748,0.4174251261693,0.1529168581652,0.0450412851858,0.1305801565238,0.6719993265080,0.4670458715825,0.6775048819929,0.3493254619164,0.4797139705766,0.4128663234697,0.4079413182510,0.4569432875227,0.3466896343781,0.3137886142385,0.3940775801825,0.4155164166464,0.4756432900390,0.1344567879179,0.3913501219260,0.4505281527578,0.3801357857847,0.2255632852440,0.2082019924702,0.5215501841127,0.2983882800929,0.1299163164959,0.4609740211682,0.2372203513145,0.4060536336421,0.4441419969037,0.3648254653809,0.2479814600025,0.3800483944874,0.4491499247333,0.1863199033247,0.4685703402215,0.3166677316779,0.4789124446187,0.1245189495183,-0.0203646051983,0.3344453464595,0.5748765631562,0.5688532411847,0.4661282720760,0.1131018437362,0.4338486783822,0.5531475023612,0.2853307126166,-0.2529254459117,-0.2225738166617,0.2591844705077,0.1193072994850,-0.1958063137294,0.4974328986463,0.3159987331682,0.5765826422777,-0.3091413386297,-0.0530932809843,-0.0883735700949,0.2214940085147,0.2848798156415,0.4268022181192,-0.1265176107956,0.0802585597028,0.2398728883709,0.0969774740533,0.1057903201536,0.2202393445886,0.0138621080422,0.2057787398596,0.0925618933982,0.0632478213311,0.0140220106666,0.0203608484159
0.2319975555037,0.0455304446799,0.0289188546267,0.2220829565992,0.2317019797270,0.2290716770257,0.0585848877209,0.4680109539371,0.3051892322685,0.3872050317822,0.6192218727429,0.5399059651441,0.5329394355397,0.1903365996103,0.2921048633307,0.4721347298046,0.6506985935817,1.0000000000000,0.3959384333560,0.5172631961887,0.5839789275964,0.4173850997695,0.5976391012804,0.5198462719870,0.4425991857276,0.4106268798362,0.5176868147070,0.1561386016448,-0.0227904552171,-0.0071199621310,0.3330840849105,0.4357849214241,0.5130613525237,0.4021583280351,0.2210642972889,0.2446955641932,0.4672147043105,0.4214043553322,0.1934192664051,0.4240110162044,0.4459760309131,0.3410929800886,0.4761750486631,0.1324328864408,0.2841113847042,0.5176305889917,0.5175146906874,0.3113358676031,0.0392052984650,0.3808771792576,0.2808087416101,-0.2121271766462,-0.0234581463376,0.0045109989573,0.1291386719451,-0.0070044065024,0.2188969212722,0.1596996256611,0.1499903330284,0.1774268120131,0.0374276504205,0.4569783660359,0.4792728844798,0.1615256174938,0.0635318454895,-0.0362088130874,0.1838850406730,0.4565931773431,0.2932424969405,0.4382176489052,-0.0409696334311,0.3953492274123,0.4465539673461,0.4283730002859,0.0906175794598,0.0055523524212,0.4449427550614,0.2327963679927,-0.0991816759423,0.1075570973607,0.2285232489036,0.4123257156610,-0.3661189542664,0.0423827554258,0.1953479683848,0.1789097171856,0.3903840235336,0.0685780844848,0.1195598623704,0.1963433665613,0.1575646866750,0.2391953974820,0.0341281695053,0.0636169718818,-0.0533417837168,0.2355427536813,0.2742451675741,0.1271084128745,-0.0148656986575,0.1073205648594
-0.0458749448342,-0.2690714655580,0.1442219207955,0.1160428453438,0.1807625127314,0.0698493322978,0.2526322521850,0.8283725179957,0.7847311096838,0.3773297965158,0.4741802220385,0.2543358710463,0.5640418170794,-0.3597842836168,-0.0961473881108,0.3891753985259,0.4907232793396,0.3959384333560,1.0000000000000,0.7736424865368,0.6355774727518,0.3456742890533,0.5298567470407,0.4302216693906,0.6529675139553,0.6434244502092,0.6968030733661,0.1738154136338,-0.0859552353275,-0.0507760499879,0.4591218144293,0.6138719617361,0.5188161025444,0.6216752553564,0.4822152422620,0.5315768742460,0.1353508498157,0.6697316354625,0.0608391519774,0.5370982454228,0.3154468925262,0.0797601859563,0.3623124140821,0.4899208531125,0.6116799769223,0.5087614398814,0.5696971457384,0.0376097169338,-0.3413409149078,0.1832218710921,-0.0903498636599,-0.0017458327264,0.2480757136850,0.1702825323923,-0.0909223440204,0.2480239371536,0.2049011680129,0.6799266097896,0.7001959520232,0.6660553929606,-0.0754641540300,0.2497483148092,0.1174624661630,-0.0382500164631,-0.2683045552242,-0.3078047955324,0.0586368096316,-0.1955223611572,0.4669996253123,0.7593879725482,-0.1319695115366,0.2212156510950,0.1975663012053,0.7332412008984,0.0460345853988,0.2654491517155,0.5851755003244,0.1722121172777,-0.2908921464878,0.0651952322634,0.4083470742819,0.1925578602803,-0.5470807270587,-0.2686609414305,0.4380137417296,0.2493729905447,0.1401476053034,0.3142435165920,-0.2832393407816,0.6100493507921,-0.0861754423203,0.1013021708679,0.5756897938538,0.2825894889256,-0.3489361944874,-0.0288929147113,0.1215371579207,-0.2061867826212,-0.1605181274956,-0.2132516880551
-0.0323618070160,-0.3596092241839,-0.0058740700925,0.1216995875546,0.2166213823016,0.1249790741445,0.3330095817778,0.8504801425419,0.8511477906713,0.4513034321985,0.4012054837310,0.3297608746672,0.6736852794559,-0.3931370122544,-0.0354751562644,0.3725433461231,0.6034852141778,0.5172631961887,0.7736424865368,1.0000000000000,0.6398981565827,0.4409957805367,0.5663205160912,0.6562376759845,0.7803102468072,0.6698947043728,0.7129265826350,0.2025448245577,-0.1061541249402,-0.1235574396641,0.6081797324414,0.7315793909676,0.7120472270825,0.6200351784125,0.4949722453740,0.4706956752594,0.2456561542887,0.8373037316518,0.1813924626174,0.4904604123577,0.3709317765480,0.1630978512920,0.2906730847702,0.5363664472167,0.7224911923775,0.5534797541462,0.5846580258096,-0.0247397287407,-0.1704774435336,0.2931169082129,-0.0850964717007,-0.0470373069730,0.3389214799057,0.1179581123417,-0.0333853512625,0.2772082160760,0.4414408387207,0.6069603785712,0.6851050952014,0.7771054034008,0.0261125761329,0.4282958763477,0.1203345421576,0.1390231559517,-0.3349472962200,-0.2037892931365,-0.1231717463783,-0.0332621339954,0.4075319626297,0.8063577590416,-0.0374592516517,0.4290910323585,0.4409265066843,0.7359388206752,-0.0897562698530,0.1967644050504,0.6980338319181,0.1420970459048,-0.3945388973485,0.2734881082249,0.5586893757330,0.5128136183110,-0.4908206317363,-0.3193094655300,0.2995050690774,0.4252685579892,0.1824341875305,0.3668221998606,-0.2548713922651,0.5678280404237,0.0160988515331,0.2116894565041,0.5740023886022,0.4406497483890,-0.0587436069318,-0.0213947336285,-0.0731446581716,-0.1631996265827,-0.0590279850038,-0.0107084552604
0.2033560255202,-0.0232892929343,0.1989416793287,0.3778135506156,0.4617092232489,0.3485407443017,0.3546230237341,0.6278806340027,0.5593819653754,0.4575089333897,0.4253756987029,0.5326262072054,0.6034157109039,-0.0130518216456,0.2041395161605,0.5538708694111,0.7211088042340,0.5839789275964,0.6355774727518,0.6398981565827,1.0000000000000,0.5729021211331,0.6567552937173,0.5695611871866,0.4164082392914,0.5950702682578,0.5969027182549,0.2424335746492,0.1686120029065,0.1068670948314,0.5794217287849,0.6403532416659,0.7146939755345,0.4998386289173,0.5479289860599,0.4269245087597,0.2830242017454,0.4676920575074,0.1240062071332,0.4016543091862,0.3696028235331,0.2595296788016,0.4373049536056,0.2513709205696,0.4386528548615,0.5292126156125,0.4953816613318,0.1863850905450,0.0408679774909,0.4686921223221,0.2281475448957,0.0199358809516,0.3213673832123,0.2097382780411,0.1696591191698,0.3145462525254,0.2247341369884,0.3333621380133,0.4288116599854,0.4640329709790,-0.0274095940691,0.4879673268538,0.4160761849202,0.1168098009577,0.0582343198322,-0.1268857316749,0.1405512886557,0.2417233185329,0.4036088235280,0.4999286160860,0.1855363552798,0.5792681699427,0.4337187876575,0.4435368423512,-0.0700590483601,0.1508759292822,0.4516125139809,0.2623589982371,-0.0832064232143,0.2523677112516,0.3779276042191,0.4351831353860,-0.4784893390257,-0.0753463982187,0.2134602772143,0.2314036256818,0.2082123466985,0.3773322122186,-0.0860141025736,0.2799568420258,0.0027750952424,0.0513338009749,0.2693683183520,0.2759492855189,-0.1194819173894,0.0636565999021,0.1259672164050,0.0199143613218,-0.1008656486676,0.0727310247558
0.0670849838410,-0.0859008909186,0.1210797944825,0.1099475207126,0.4930517051894,0.3039260106590,0.1397007865533,0.3904829242849,0.3639252826854,0.4463847433338,0.4460580069637,0.4516211934770,0.3662151238835,-0.0501009081557,0.0389066679349,0.2369069600109,0.4461590045509,0.4173850997695,0.3456742890533,0.4409957805367,0.5729021211331,1.0000000000000,0.5910649618780,0.2680611748519,0.4028620555594,0.4463417581683,0.4942495393349,0.2008258534467,0.3108576054415,0.1351941379519,0.2894149949881,0.4536178440075,0.5170458088371,0.4130502685209,0.2944605202230,0.1461584348506,0.2057798256131,0.3859594401323,0.0123161120514,0.3497380495786,0.5613621002297,0.2530406287366,0.1641246850211,0.3550005878390,0.3763269385922,0.5965847792069,0.5013581518152,0.1027566710104,0.2334939531564,0.1755925391574,0.2126370671532,-0.0041014471077,0.2175832969449,0.0154472526100,0.2051130438865,0.1510962716695,0.1557978230115,0.3251458128482,0.2877313758090,0.3284218052964,0.2673656994612,0.3637068094422,0.3560465847059,0.1287189765097,-0.0109987796277,-0.1983297359683,0.0225583961138,0.1520233638540,0.1870358420672,0.4176997330877,0.1740201415741,0.6665480232372,0.2502883120921,0.4181190132463,-0.0086319768414,0.1368457500151,0.4332269299186,0.2503364086299,0.1394874718575,0.1239020468086,0.2938241825793,0.3419009690487,-0.3135146567563,-0.1408954685339,0.1965749119131,0.2677778643868,0.1134427657395,0.1531931721383,-0.1839432765907,0.2945964355092,-0.0965193954771,0.0945809602864,0.3085766231137,0.4415249637859,0.1054927105198,-0.0043875837364,0.1321988705771,0.4564027117146,0.0155068284255,0.0215667157042
0.1022747744567,-0.1460521271159,0.1244419265262,0.0475365296287,0.3290405002257,0.0798456248725,-0.0384276834391,0.4675569890811,0.3969851376465,0.3024326079297,0.6688455837976,0.6875036476924,0.3754758751440,0.0688028896497,0.0673713596206,0.2251327959448,0.4171661582859,0.5976391012804,0.5298567470407,0.5663205160912,0.6567552937173,0.5910649618780,1.0000000000000,0.2987228280130,0.6122757747993,0.7174233477986,0.7937085235135,0.2924092433395,0.1880346843356,-0.0150423813133,0.1796542587460,0.6972753788565,0.6063203133887,0.6895044449494,0.2131126648289,0.1600707358549,0.2321184851262,0.4834758099065,-0.0844799736592,0.6018670653654,0.4582541061957,0.2616203474651,0.3352707856299,0.4662763097976,0.4164389376508,0.6932533990631,0.7625025759396,0.1426359216423,-0.0803900593304,0.1961872529866,0.2332577968057,-0.1644940188241,-0.0303023948734,-0.0271877319152,-0.0647121378750,-0.0799954412655,0.0340201711504,0.3198939393960,0.2179727307658,0.2733019354878,-0.1374339860330,0.4961808128466,0.5584822421392,-0.1388576058918,-0.0233716417292,-0.2655159949767,-0.0528078820067,0.0247263660181,0.1186886295496,0.5420184519439,-0.0776274098903,0.6631085313142,0.2027189151785,0.6292049699825,0.1833436191412,0.3644806173841,0.6588804769756,0.3982773710969,0.0760705073102,-0.1505658205301,0.3764415847992,0.3129588579240,-0.5466959053680,-0.1430259283797,0.4390719043072,0.3136349711460,0.1605417348503,-0.0308798089056,-0.0241640593780,0.4378069562457,-0.1919206933166,0.1523831882338,0.3794103235615,0.2968201377406,-0.1749360964535,-0.0603296770702,0.3158717605457,0.0700878052997,-0.0757283458130,0.1363795710785
0.3284044387405,0.0612283794170,0.1122942055647,0.5069853528792,0.3042054903773,0.4682580170077,0.6296616704840,0.5543156827469,0.5335455268984,0.5331472790884,0.2937990751179,0.1219414286359,0.5476030951577,-0.0324782679201,0.3044931226362,0.6704290941603,0.6539359019314,0.5198462719870,0.4302216693906,0.6562376759845,0.5695611871866,0.2680611748519,0.2987228280130,1.0000000000000,0.3544167263833,0.2716722954041,0.2891013179278,0.1034260242517,-0.2035798662469,0.0881024649892,0.7804846068778,0.3909086136428,0.4988612692191,0.2856414060844,0.6105080911453,0.5860592105580,0.5662269552629,0.4497628306973,0.4537691221751,0.2627958402767,0.3255928366506,0.3310930044944,0.3577350135852,0.0263303467614,0.2960778923126,0.3852142780483,0.2667176928251,0.2344123792804,0.1323285552615,0.4802096956963,0.2079499303025,0.1929621581985,0.4874123981887,0.3421214970274,0.3736904837520,0.5237282842768,0.4972235192899,0.2114238616214,0.4388956223103,0.5123471526315,0.2274494957338,0.3533314850671,0.0768345006784,0.2883013775382,-0.0098365690430,0.0318627818574,0.2021454439360,0.3427942328021,0.5978652223558,0.4527005281521,0.1570522346122,0.2901333541155,0.8161042030496,0.2497703111674,-0.2334978101955,-0.2246313087565,0.2720644009121,-0.0349211478618,-0.4936857328998,0.6704005696939,0.3497503340675,0.4298712298757,-0.2066885842883,-0.0808638726761,-0.1651820432956,0.2864495633087,0.4423711853129,0.5950977935861,-0.1653811820712,0.0327688685939,0.3550264093356,0.1289507322645,0.0461675312207,0.2172750754974,0.0641862333863,0.2937253296396,0.0582954638174,-0.0809830123332,0.1877607020580,0.0278298081237
