1.0000000000000,0.2764427533324,0.5325858941325,0.4870323563106,0.5982306692883,0.1842974136413,0.3549441144269,-0.0168322707555,0.0756368522332,0.3136197546808,0.1420379902948,0.2786091416826,0.1218496588994,-0.0073780199728,0.4177980985167,0.2457258943447,0.1644328062842,0.1221331646120,0.0975697530982,0.0166864022389,0.2152586054641,-0.0311840447738,0.1315213408283,0.1634443933210,-0.1008769039401,-0.1823531876407,0.0498156089746,-0.2903522492845,-0.3295738765847,-0.5588769512481,0.2191317787014,-0.0039757878271,0.1194549568301,0.1623087624345,0.2465207989674,0.2743402788024,0.2890990535485,-0.1166738536576,0.2003208723739,0.0311572301260,-0.2243372881663,0.0635294969974,0.1204945316179,-0.2253479963311,-0.2750808929902,0.0093295834481,0.0256739018253,0.3474698948158,-0.1870821809393,0.4208013301443,0.7160122398783,0.3019451121582,0.4655623628709,0.5154253972661,0.3727327290886,0.3110935460612,0.1466827853454,-0.0260206250351,0.0754649564459,0.0875829894866,0.2857740551700,0.1516979432923,0.2688660144755,-0.0251217429826,0.3661223005946,0.2536588303711,0.0443909000645,0.1264961384813,0.2027774121294,0.1150144732524,0.1672469198558,0.1794808984928,0.0952447271610,0.0057367487885,0.0342105895835,-0.2533953611540,0.0555600398562,-0.3625335103176,-0.3991724862528,0.1829490337948,0.1305291831800,0.1323486848830,-0.3690917014565,-0.1773676385393,-0.1792970710779,-0.0304845067597,0.2302710404621,0.2708697458876,0.0510349055907,-0.1097665054040,0.2592481280136,-0.0749669156787,-0.1921233004410,-0.1653776297829,-0.0936132500120,0.3870709475175,-0.3577614929790,-0.3060626874485,0.2034821786254,0.3071943843982
0.2764427533324,1.0000000000000,0.4407812220100,0.0887679336328,0.1399618716830,0.0164676979971,0.0291900233704,-0.3224618908514,-0.2976358268298,0.0321740044201,-0.2183125445332,-0.0413079913750,-0.2535302827614,0.5925993704490,0.3121861983354,-0.2030872169966,-0.3572321070113,-0.3892278111438,-0.3906831018834,-0.4524905536041,-0.2002304312996,-0.0729728437819,-0.2135829983501,-0.4279521165101,-0.0948542917324,0.0229449241160,-0.3605370727624,0.2122283171706,0.1916208171205,0.3702593291985,-0.4266824356479,-0.0509292313389,-0.1992237477146,0.0142892090898,0.0445613282389,-0.0616603530645,-0.3251380173739,-0.2052449651565,-0.1627834009566,-0.0556597051101,0.2063282855444,0.1513933625870,-0.2021244894593,0.0929964469358,-0.0221852430076,0.0980537790125,0.1954312036600,-0.1208383631887,0.2085582749830,0.1103867726673,0.3232773492217,0.8025962888256,-0.0359420595566,0.1687770272563,-0.0520951278350,0.0510543385834,-0.2667305108552,-0.3564309123742,-0.2831102892733,-0.3268166196661,-0.0341968025775,-0.2248219281130,-0.0487885173278,-0.2342145702532,0.4594401975293,-0.1355993724231,-0.0980161841409,-0.4219104765939,-0.2040110308133,-0.4616454664483,-0.1905101708661,-0.1331273547063,-0.4648002391327,-0.1786991541760,-0.0578521963966,0.1292167116598,-0.3496627444667,0.2304809436660,0.3168783118455,-0.4483589154238,-0.1636274626460,-0.2292398757842,0.3744658304303,-0.0548155547519,0.0412697401669,0.0997854142621,-0.3584296547228,0.0744613264041,-0.1682738306980,-0.1166166560247,-0.3148851190912,-0.1377209718895,0.1302555378601,0.3184715767769,0.1740956893467,-0.1270696062646,0.4035253110645,0.0495797830453,-0.0110883794116,-0.0855108250237
0.5325858941325,0.4407812220100,1.0000000000000,0.5315640939388,0.6968183084569,0.5142555514108,0.5414278100330,0.0079008394174,0.0922498711873,0.3940176929627,0.1479960102297,0.2941789314038,0.1246056602736,0.3817420153057,0.4448943415584,0.1836434275731,0.0964221430710,0.1308478513650,0.0072935285898,-0.1404378252596,0.1487029101194,0.0671571560898,-0.0028028294995,0.0412423635368,-0.0997918560432,-0.2262535924830,-0.1343377871960,0.0714959598653,-0.1138879806015,-0.0592206096899,0.0198500391832,-0.1007225428564,0.0419662595387,-0.0003103611396,0.1918624841910,0.2542294068644,0.1269983170285,-0.1678361232073,0.1806200837731,0.0285853274049,0.0835237175045,0.3029639278631,0.0659632319572,-0.2205659608643,-0.1975178575659,0.2296523493475,0.1826117910857,0.4119076639355,0.2017712167546,0.3976562217803,0.6238482101732,0.5194654878093,0.3172213851057,0.7513265162463,0.4663987657952,0.4080278046978,0.0557697148570,0.0543228081447,0.0847365660654,0.1017236450865,0.2984496639733,0.1530762081663,0.2650782718700,0.0363664024833,0.5155116679301,-0.0081841453394,0.0710816564295,0.0761184940239,0.1381108834869,-0.0237100089124,0.1078090339427,0.0468385911837,0.0394568044339,-0.0209173482174,-0.0457468571078,-0.3858065436041,-0.1849046341006,-0.0545708065258,-0.1302404139870,0.0273880294866,-0.1048954650299,-0.0103680827190,-0.0308134907426,-0.2243701727583,-0.3248089920961,-0.0428173711916,0.0323649237156,0.2423117428820,-0.1429570866853,-0.1494805984545,0.1671842031674,-0.1394827693491,-0.1835359517811,0.1941085376443,0.0410004090988,0.3046401206489,0.1201140866713,0.0029216640222,0.3612263804811,0.0749055122312
0.4870323563106,0.0887679336328,0.5315640939388,1.0000000000000,0.5609038337184,0.3629998148175,0.8837404599209,0.3132140038440,0.3768494584835,0.5336694400257,0.5227216988312,0.5694397124091,0.4774400127905,0.0919879246900,0.6054467845045,0.6402797974536,0.4786477547787,0.5392008979880,0.3977121355206,0.1940667238438,0.5320795207628,0.0531057625155,0.2626118269962,0.4453910688039,-0.1802704492635,-0.1160061451716,0.1742554525247,-0.1249485330895,-0.2721662795781,-0.3476287238289,0.4755525930000,0.1210815302593,0.2666934791326,0.1422448830070,0.3417923384710,0.4713684446521,0.3865004060115,-0.0384837092939,0.4076198102796,0.1485709181001,-0.0850916185140,0.2608440661641,0.3193498332728,-0.2449869102423,-0.2651371807195,0.0657267235197,0.1089946543108,0.4982247158727,-0.1584225870284,0.6032496959766,0.4737781911744,0.2526901085766,0.7013521091737,0.6329730074184,0.5591942798121,0.7683006582823,0.3293895732018,0.3415311945512,0.4134143775867,0.4540347148400,0.4718272394644,0.5420083008327,0.4721745466725,0.3775822438373,0.4828517902197,0.2588663129194,0.2649543667430,0.4819934171474,0.3993612641375,0.3620919116710,0.4380562669098,0.2463598039482,0.4566718354769,-0.0107277551668,0.0759182849561,-0.2981111070499,0.1329437670940,-0.3182495496029,-0.3444841026389,0.4868400101030,0.2180219836800,0.2968625101316,-0.3387937568502,-0.2214434101634,-0.3017995674008,-0.0818966113139,0.3004542756313,0.4030347214118,0.0356518652829,-0.1485081402605,0.4555916088332,0.0397061430624,-0.2506768303141,-0.2176826255723,-0.1451644784786,0.4712737376990,-0.3077974651510,-0.1294168956473,0.4194677882493,0.3663003983786
0.5982306692883,0.1399618716830,0.6968183084569,0.5609038337184,1.0000000000000,0.6496176061758,0.5639446602549,0.0821258059217,0.1109483468448,0.4824509413306,0.2938603902728,0.3485114693223,0.2223082411528,0.2387967158277,0.4983476592760,0.2060478994948,0.2620543838093,0.3266930331161,0.1254821122821,-0.0344096710335,0.2202011103419,0.3145706690856,0.0790548801411,0.2175998649163,-0.2314034016540,-0.3717242586656,-0.1187048065916,-0.0473608165835,-0.0885781975290,-0.2590303424968,0.1950040451508,-0.2182647009375,0.0666042431138,-0.0406526676445,0.0241153733515,0.1420413813350,0.2684744392356,-0.2074087597866,0.1979844120384,-0.0143469271541,0.1080145945056,0.2359998577783,-0.0104715694055,-0.4092902684797,-0.3222096673785,0.1769470666036,-0.0076292908826,0.5874650269143,0.3923697931321,0.4664297279625,0.8181047166363,0.2400821410433,0.4083168408156,0.7614392421507,0.7145751734577,0.4154953152626,0.0600771188823,0.1115683701263,0.1641058778148,0.1513797661534,0.3924059536059,0.2687932847983,0.3193434932610,0.0704113074037,0.5413354750824,0.1127390599770,-0.0716581443267,0.2769090452548,0.1131712077805,0.0765891888874,0.1960414624305,0.1895247987009,0.1864423797775,-0.1319505256170,-0.1134448407076,-0.4992558407066,-0.1563848082545,-0.2081363931567,-0.2498160839330,0.2064794620962,-0.0873902825005,0.0458738464613,-0.1840391774682,-0.3388022887726,-0.4630854440799,-0.1602183993522,0.1693633014425,0.1245879641467,-0.1209833735464,-0.3100896152381,0.3330215864982,-0.1501471804683,-0.4148383536918,0.0469853528957,0.0124497530612,0.3974490748467,0.0643619016902,0.1170736569878,0.4565774141825,0.2138754707834
0.1842974136413,0.0164676979971,0.5142555514108,0.3629998148175,0.6496176061758,1.0000000000000,0.3459437185584,0.0553276940167,-0.0159389682476,0.5042923941901,0.1940551887789,0.1668181706188,0.1450658023376,0.0801510496390,0.3802204412094,0.0586909526206,0.1990214534135,0.2564835494554,0.0728923874645,-0.0239670597492,0.1453312455572,0.4976365228445,0.0264712269314,0.1039288472972,-0.1009593224022,-0.2383591500590,-0.0416425220283,-0.0339819791502,-0.1588903836765,-0.1581082077265,0.1797548417922,-0.1313283947077,0.1185165144632,0.0276371796158,-0.1495266635030,0.0009874194045,0.2502873723189,-0.0698084144415,0.1367337081424,0.1370895071492,0.1146530693323,0.1388174173347,0.1012269038158,-0.2363493310964,-0.0902220384156,0.2750039992768,0.1643857993754,0.6158214118742,0.4665285453288,0.1065717023814,0.4094844184497,0.0715699321688,0.1802140972390,0.6445641845212,0.8247600419221,0.0903695365058,-0.0055899540599,0.1076588714111,0.0584613682849,0.0285141005220,0.3442376687172,0.0953311422610,0.0709476904242,-0.0058169838710,0.3523269503136,-0.0001272264847,-0.0749909426638,0.2005415940704,-0.0029897850441,0.0035424665689,0.0397824090344,0.2082592327975,0.0933111456236,-0.0866056134787,-0.1627159759538,-0.4848712682256,-0.1207549903597,-0.1482649986388,-0.2938985136363,0.1278812880673,-0.0190049342235,0.1088518129019,-0.0883340825302,-0.2170407666649,-0.3739804068646,0.0006755709043,0.1224106505777,-0.1453512401981,-0.0800559373068,-0.1848016489064,0.2779276489311,-0.0014917504863,-0.2632647788389,0.0566741376542,0.1242714885580,0.3321591097572,0.1343271074805,0.1395679782360,0.4144130296169,0.0151464364695
0.3549441144269,0.0291900233704,0.5414278100330,0.8837404599209,0.5639446602549,0.3459437185584,1.0000000000000,0.3800481574501,0.4799724003851,0.5744883734646,0.4717190352978,0.5856685183199,0.5432743739063,0.0931834924518,0.5163414125320,0.5555989003507,0.4778499995541,0.5271794762566,0.4105800477152,0.1299804911195,0.4163570413540,0.0226965956032,0.1055175655410,0.3837094175963,-0.0926251700045,-0.1604454614182,0.0576233444060,0.0147298587063,-0.2004005317291,-0.2380174416880,0.3787937818367,0.0115264809157,0.1752727282156,0.0057961851601,0.2396947905322,0.4794488671843,0.2861238986096,-0.0724571377623,0.3912630002229,0.0229626230381,-0.0500302698669,0.2111020084643,0.1662897070577,-0.2112824215889,-0.2946350727987,0.0077693687491,0.0437047525958,0.4114640128994,-0.1320934957600,0.6523954623628,0.4739701458908,0.2352789856766,0.5777552733790,0.6318479026001,0.5444731961792,0.8192482495893,0.3835482901728,0.4357468129012,0.4776916804725,0.5393134628425,0.5727948174420,0.5365214068857,0.6009300488475,0.5183108033773,0.4952133769190,0.2000959420365,0.2298308992648,0.5245672355266,0.4405617907260,0.3401749942995,0.4857280476243,0.1392179655568,0.4757793128013,0.0235535608264,0.1084276001933,-0.3031468644432,-0.0053537853738,-0.2438097915858,-0.2813186527593,0.4323627152681,0.0960637447094,0.2301878410828,-0.2713350642990,-0.2929715020650,-0.3172480736359,-0.1634818721001,0.2195657364718,0.3993009728326,-0.0606979360140,-0.1370660553218,0.4321265720807,-0.0955629895994,-0.2350192098752,-0.0897638392238,-0.0604845830462,0.3612680039591,-0.2385225940561,-0.0173379645999,0.4529570455126,0.3579182490808
-0.0168322707555,-0.3224618908514,0.0079008394174,0.3132140038440,0.0821258059217,0.0553276940167,0.3800481574501,1.0000000000000,0.8272840617735,0.0124602559674,0.4997677534882,0.1626211292545,0.6711060322231,-0.3056768401774,-0.0495538673200,0.7088440257655,0.6569698421561,0.7494519308899,0.8156572294811,0.8063672422136,0.4396496088196,-0.1944255499863,0.1338499543861,0.6171839814528,0.3072618306051,0.0819980246170,0.4499361434301,-0.1002475299812,-0.1886050949357,-0.2394727803507,0.5758529025218,0.1800033857931,0.3904391760438,-0.1430350063415,0.2664923356996,0.3291309476037,0.3174713249910,0.4365463983887,0.3872550029837,-0.0003754199114,-0.2495708224606,-0.0462123116156,0.3537912585955,0.0735677669839,0.3028389893162,-0.0956625323433,-0.1393198873929,0.1894752435525,-0.2821082272322,0.0207184881257,-0.0864351496848,-0.3141470482308,0.3296785276632,0.1828294006416,0.2076219333765,0.4446806735182,0.7472768054814,0.8956040130515,0.7949328081278,0.8212975234461,-0.0042752873989,0.4774988754550,0.0797235157038,0.4427212138013,-0.0877182097423,0.1180449607388,0.2984969627776,0.6747730330736,0.5091737959852,0.7746516900480,0.4340279519887,-0.0348609298283,0.7275507368227,0.3115325053292,0.4122044453219,-0.0946035857249,0.3547487832327,-0.2050643023003,-0.2288019312079,0.5838668902428,-0.1145478946412,0.3075397138415,-0.3823106859174,0.0798855985334,0.1142389700149,-0.3463995178208,0.3423619374781,0.2809749087034,0.0988596789480,0.2556420250476,0.3229517256998,-0.0796947020649,-0.0318804377370,-0.3470841400117,-0.4383098522778,0.3164177519077,-0.3312057080924,-0.2525737870561,-0.0548982074463,0.0472460239985
0.0756368522332,-0.2976358268298,0.0922498711873,0.3768494584835,0.1109483468448,-0.0159389682476,0.4799724003851,0.8272840617735,1.0000000000000,0.1491948542699,0.4942804488214,0.2548171107615,0.5689243638526,-0.2207065832991,0.0560427824628,0.6765551355075,0.5654651058926,0.6363500796011,0.7724164878176,0.7406161203483,0.3710236113987,-0.2125375622457,0.1535916937743,0.6194701930052,0.4315812093819,0.1331637355355,0.4942934466925,-0.0008408887387,-0.1751419788045,-0.2361265381859,0.4646649269690,0.1971820173517,0.2570967697462,-0.0134125053515,0.2612468101777,0.5075932743754,0.2918937799413,0.4169156572763,0.3815396566701,0.0857365484370,-0.1612489320009,0.1272259419133,0.2353013316832,0.1417113565961,0.1907515367911,-0.0092664882939,-0.0982213031817,0.1968895953084,-0.3743732103473,0.2245916338526,0.0043181298833,-0.2440463667168,0.2858857616688,0.2436883287009,0.1673172713607,0.4835324235280,0.6443095735413,0.8279814393960,0.6658975108144,0.8777907728659,0.1354804197217,0.5060387014804,0.2006498672195,0.4446172847837,0.0009250389986,0.0807091281511,0.3892202479603,0.5695571238854,0.6700665496179,0.7441366172385,0.3133824206225,-0.0070900912817,0.7258142203411,0.4772243579554,0.3128554375476,-0.0595381875136,0.4057876390488,-0.1198730436615,-0.2359939104839,0.5026227515829,-0.0746612018365,0.1670183232154,-0.3364023826337,0.0216045805134,0.0471863142925,-0.2413124448170,0.2949507086493,0.3452320406575,-0.0340358873214,0.2751247716657,0.3367006476959,0.0219266626291,0.0440902578037,-0.2794711215056,-0.4338508070970,0.2911547007768,-0.3938881408372,-0.1957692510433,0.0976506511517,0.0351979210811
0.3136197546808,0.0321740044201,0.3940176929627,0.5336694400257,0.4824509413306,0.5042923941901,0.5744883734646,0.0124602559674,0.1491948542699,1.0000000000000,0.2245854758845,0.6736870629260,0.3221864159657,0.1968326268471,0.6717001538258,0.1125032097178,0.2307363662177,0.1833996701298,0.0900046284340,-0.0745848434781,0.3258607183028,0.5683150337988,0.1882634221429,0.0862821982753,0.0208393350000,-0.0091221517315,0.0786990904923,-0.0329020123259,-0.1596956331046,-0.2003412287171,0.1419112911307,0.1389534831790,0.1787273044690,0.3779645402540,0.0034699724387,0.2599048022199,0.2233286695866,-0.1016146015189,0.0715558274560,0.3193808560941,0.1965678974591,0.2208421849061,-0.0763495188618,-0.0510568582506,-0.2884058263567,0.3533355247602,0.3903915844022,0.3661105073705,0.1250427676181,0.6982922503064,0.4387043103075,0.3054349707906,0.1360015523495,0.4331336370052,0.4394399018168,0.2316803477616,0.1018748865285,0.0264427969029,0.0510939126475,0.1580928737765,0.8448080470991,0.2141444091638,0.5608968070457,0.2157507685770,0.4980139112412,-0.0587718302087,0.0146500849402,0.1514840447676,0.2219860374123,0.0260435673551,0.1337872647510,0.4233048027430,0.0901187132427,0.1994015675623,-0.1314107324840,-0.2719810853617,-0.0439558389579,-0.2800992074364,-0.2965686511062,0.1266861179296,0.3401007498245,0.1861693636300,-0.0841446939485,-0.4416087356962,-0.3550090101676,0.2957265206818,0.0740963103852,0.0938099130178,-0.2302002411560,-0.0639501532850,0.2138045450577,0.2242108026639,-0.0361197409891,0.0360080091478,0.2187562261717,0.1310219511159,-0.1027254409386,0.2031779061216,0.6128194145412,0.2186888757107
0.1420379902948,-0.2183125445332,0.1479960102297,0.5227216988312,0.2938603902728,0.1940551887789,0.4717190352978,0.4997677534882,0.4942804488214,0.2245854758845,1.0000000000000,0.5362685610917,0.5167969279532,-0.1842938639298,0.1863297885940,0.5420505681967,0.4855858406818,0.6198861848423,0.3904577940548,0.4178910810523,0.5318044834491,0.0449462637742,0.6515253434229,0.6523134721728,-0.1923989592972,0.0196371597053,0.4538930338642,-0.1144909621374,0.0021380999115,-0.3075318089754,0.4080276735105,0.2481098013218,0.2654649853502,0.0824507649665,0.3792736412848,0.2139862269605,0.4661059886770,0.0768130973616,0.4808961552403,0.2747278376476,-0.0119682423839,0.2133318840597,0.3668570957055,-0.1900068373501,-0.0920657792714,0.0946100885786,-0.0113304842532,0.5283281467862,-0.1649923955028,0.2673482338066,0.0500529601260,-0.1593899519256,0.5213125997031,0.3641527564075,0.3905404902011,0.5468529808512,0.3580800233467,0.4493888739527,0.4245659365133,0.5232447334597,0.1387881780504,0.8700086569785,0.3112470926451,0.4228975592372,0.1261732505531,0.3253853280652,0.0217059055295,0.5371708783659,0.1413085919443,0.4659728421003,0.3629018822113,0.3984704875793,0.6568359028652,-0.0034628591465,-0.0244563501700,-0.1933668231318,0.3830882299052,-0.2607307197134,-0.1295646937593,0.4176174271804,0.1150376225587,0.1972267900457,-0.3946141593109,-0.0248622669121,-0.2586197737996,-0.2398202661445,0.4578930177137,0.2883608093796,0.1354324943417,-0.1928174379769,0.4391442100765,0.1605381133131,-0.2743104275155,-0.3441692685582,-0.4301271451902,0.6538534357616,-0.2999769046361,-0.1926534461581,0.2377992216076,0.2920231310480
0.2786091416826,-0.0413079913750,0.2941789314038,0.5694397124091,0.3485114693223,0.1668181706188,0.5856685183199,0.1626211292545,0.2548171107615,0.6736870629260,0.5362685610917,1.0000000000000,0.4651793091219,0.1097632618196,0.4472371768824,0.3273473060959,0.3116378382705,0.3314887850568,0.1986531398506,0.0744840834360,0.5347361062226,0.3317864506915,0.6024842790531,0.3201274650364,-0.1417319336891,0.1035007779353,0.1984141832682,-0.0590666307463,0.0057494508090,-0.1779913552950,0.2463772337011,0.3146630460653,0.2311455064894,0.3426159474112,0.2232425255914,0.2688154644141,0.3117123842053,-0.0694572669473,0.2137017697183,0.2916132530782,0.1808723709398,0.2271219398867,0.0221042512321,-0.1330986373782,-0.3278342147750,0.2307193219715,0.3323749330026,0.3353612580281,-0.0842036847554,0.6881974750253,0.2757836900522,0.1923903476562,0.2361106318212,0.2695435554741,0.2244819924890,0.3896407957212,0.2679398089914,0.1257828721454,0.2758494524607,0.3339264273369,0.6101726549261,0.5758103931613,0.7647086343299,0.5262993106026,0.3100949439912,-0.0390876447672,-0.0706545225885,0.2802616276652,0.1780592184195,0.2281010532081,0.3851385687633,0.5930901486058,0.3070512047494,0.1577054075939,-0.1313155909835,-0.1186225186959,0.0841129757830,-0.3750738885980,-0.1318691786622,0.2708486803884,0.4229815894916,0.2407686131247,-0.1651061320378,-0.4752551302420,-0.3148678335134,0.1438023044368,0.2298157807772,0.2237758110368,-0.1819813072858,-0.0985906798124,0.2521764596396,0.1987297266051,-0.0931420608704,-0.0226850954879,0.0552891348082,0.2724988599278,-0.1975062850279,0.1118412913726,0.5278376676908,0.3001851109361
0.1218496588994,-0.2535302827614,0.1246056602736,0.4774400127905,0.2223082411528,0.1450658023376,0.5432743739063,0.6711060322231,0.5689243638526,0.3221864159657,0.5167969279532,0.4651793091219,1.0000000000000,-0.1839032506118,0.2912212754503,0.5497004329197,0.8473670751137,0.6759912342262,0.5424397677453,0.4832353459210,0.6688665010316,-0.0228220740323,0.2238866951981,0.5985945386673,0.1809518679792,0.0884489970253,0.4268571533008,-0.1534392522674,-0.2882006694294,-0.3408314567972,0.6319777550390,0.3038140047166,0.6057320378661,0.0678227264228,0.2825204744805,0.3301550648731,0.5033334241528,0.2529652711838,0.4253221426865,0.1023563178268,-0.2535372222559,-0.0570745606948,0.3633897116687,0.0351827654546,0.0162572406826,-0.0691450880104,0.0343606171262,0.2444369674780,-0.2375557218369,0.3386277013914,0.0270049560814,-0.1529897918358,0.3192755695867,0.2377198747334,0.2996853547512,0.4400959955000,0.7446290694267,0.5946055388171,0.5547750473090,0.5913378202868,0.2978473572046,0.4786344790265,0.3791895117533,0.5599473829186,0.0293430419665,0.1724810187648,0.1898402394535,0.7918261381078,0.3991597585457,0.5820761581379,0.6175271733554,0.0871994433567,0.6436837328126,0.3436748172201,0.3182256056439,-0.1975343434166,0.2957179375205,-0.3410004176835,-0.3728998630100,0.6146753841224,0.1708186281060,0.5670711832470,-0.5058006601803,-0.1333336037873,0.0221062943369,-0.2158733566162,0.4570929742419,0.2806482909962,0.1474755151496,0.2357013776007,0.5023393502095,0.0544772131144,0.0184153305647,-0.3848012548881,-0.3151886518304,0.2605094347508,-0.3941667704210,-0.2714001500789,0.0398315122512,0.2796390571027
-0.0073780199728,0.5925993704490,0.3817420153057,0.0919879246900,0.2387967158277,0.0801510496390,0.0931834924518,-0.3056768401774,-0.2207065832991,0.1968326268471,-0.1842938639298,0.1097632618196,-0.1839032506118,1.0000000000000,0.3862070951125,-0.1733329964416,-0.2593099536153,-0.2222640679598,-0.3325947622554,-0.4498861726012,-0.1046822423649,0.2399210331409,-0.1214952090417,-0.3486057438212,-0.1512302146650,0.0315219299707,-0.3157722691516,0.3679521050387,0.4395245129509,0.6395820850060,-0.3702878147487,-0.0485786526477,-0.1930476502167,0.0350412338761,-0.0371459476354,0.0350885917173,-0.3354453736217,-0.1590996197881,-0.1882802669800,0.0501487672587,0.5540317070316,0.3918366432790,-0.2403359506003,0.0129210006447,-0.0393063295315,0.3353108670996,0.3414562508208,-0.0951699741920,0.5500697435001,0.3349758072246,0.3269293118244,0.6350839673302,-0.1911098811546,0.0248650728056,-0.1138067275640,0.0446903233161,-0.3365673545799,-0.2764849247685,-0.2156940259443,-0.2603657997166,0.0559026231353,-0.1847967594325,0.0493266381247,-0.1411835276629,0.4645284855631,-0.3117580892316,-0.0723462452569,-0.3201236747919,-0.1828764775175,-0.4434612049763,-0.1947720725614,-0.0574229878388,-0.3945464455252,-0.1427300333753,-0.1680233410023,0.0255734926782,-0.3236356917426,0.3117248359189,0.4608395108856,-0.3607399208042,-0.1516656807402,-0.2628824233718,0.5934244057530,-0.1845877016530,-0.1490183073095,0.2176646471518,-0.3900933386873,0.0029206166676,-0.3298249952195,-0.1283890999876,-0.3022320290291,-0.0209693778892,0.0828521209160,0.4897200214236,0.2381568928949,-0.3001159023648,0.6447870868315,0.4412612422227,0.1577781194787,-0.1772334216227
0.4177980985167,0.3121861983354,0.4448943415584,0.6054467845045,0.4983476592760,0.3802204412094,0.5163414125320,-0.0495538673200,0.0560427824628,0.6717001538258,0.1863297885940,0.4472371768824,0.2912212754503,0.3862070951125,1.0000000000000,0.2133051206023,0.3063246155474,0.1466565395512,0.0472776155074,-0.0764405680497,0.4116343466253,0.3556174739477,0.1277345808658,0.1312115392318,-0.0475212416518,0.0888479141155,0.1114388511820,-0.0930346419729,-0.1489029016565,-0.1710372187161,0.2334786790586,0.2341394727647,0.3852642475817,0.3684187687743,0.2811480101446,0.3407029753413,0.3708854051575,0.0472041036469,0.3769017421635,0.2997553339865,0.1305312813561,0.2009498134984,0.2459631160964,0.1073508201097,-0.1307134280719,0.2706220708408,0.3808933149546,0.3825428580762,0.1931849799753,0.6933595313889,0.4870572073974,0.4792209530235,0.2789323963292,0.4485069945117,0.3831999022137,0.2909468767926,0.0939551487386,-0.0848908884194,0.0198789178154,0.0516941818938,0.5312804829206,0.1126550541558,0.3001517995325,-0.0550988616644,0.5069554399844,0.2229285463916,0.0541574789619,0.1154525848492,0.1710712943970,-0.0035402629122,0.1505805699449,0.2128114061781,0.0255338986353,0.1502745963016,-0.0256888923427,-0.1891691479301,0.0142104294249,-0.2442654100841,-0.2170699473440,0.1466461617812,0.1915425790469,0.2580996437521,-0.1429312666871,-0.2944801787649,-0.0939776129189,0.1861625367785,0.2061620145013,0.2536588415137,0.0177585615043,0.0546792148318,0.4131019229491,0.1761074949046,0.1031192416360,-0.0339463396311,0.0344944988261,0.2046048099679,-0.0066677732899,0.0037746016669,0.3015187571761,0.3029388546418
0.2457258943447,-0.2030872169966,0.1836434275731,0.6402797974536,0.2060478994948,0.0586909526206,0.5555989003507,0.7088440257655,0.6765551355075,0.1125032097178,0.5420505681967,0.3273473060959,0.5497004329197,-0.1733329964416,0.2133051206023,1.0000000000000,0.6602581348663,0.7173152077234,0.8160441677208,0.7006147063527,0.6665443339317,-0.1891436138772,0.3743877729946,0.7236269754927,0.0404071842131,0.1256978507688,0.5103315811631,-0.2532102625809,-0.2989075018419,-0.3786058078870,0.7573858685208,0.3559210325084,0.4780428481038,0.0791857651506,0.5503694857429,0.6378281410636,0.4550495595799,0.3485982408733,0.4990967601007,0.1317928496912,-0.2945923507134,0.1045231486474,0.5922837820216,-0.0606631934230,0.0698422221711,0.0092898580593,0.0179220869347,0.2799811623158,-0.3611243238784,0.2280797054379,0.0387608408712,-0.1720296834229,0.6177675940242,0.2957348904906,0.2292752651789,0.6034829826581,0.6573712182067,0.6628069735485,0.7503642117512,0.7116611440738,0.0898978635212,0.5370289490563,0.1745560641431,0.3372613083205,0.0274239144050,0.3029027899416,0.5320798856555,0.6093308344590,0.6244645048349,0.7745808492814,0.5256643476876,0.1824590081560,0.7452311863790,0.1980348950214,0.4313882960782,-0.0605709193148,0.4515115898868,-0.3440107287689,-0.3415016745167,0.7501158784809,0.1867973113620,0.4226776382863,-0.4369310869272,0.0800489729807,0.0545765607433,-0.1902217422949,0.4975059971765,0.4991774804439,0.2595495377391,0.1831501765082,0.4450587108970,0.0637832813720,-0.1041200326337,-0.4026828956938,-0.4435169934874,0.4088059544005,-0.4557887376485,-0.3551726098653,0.0863799047604,0.2816383810026
0.1644328062842,-0.3572321070113,0.0964221430710,0.4786477547787,0.2620543838093,0.1990214534135,0.4778499995541,0.6569698421561,0.5654651058926,0.2307363662177,0.4855858406818,0.3116378382705,0.8473670751137,-0.2593099536153,0.3063246155474,0.6602581348663,1.0000000000000,0.7578389781112,0.7017891618976,0.6198804682666,0.7216601867003,-0.0433240238846,0.2664216455040,0.6884595554538,0.1610556697788,0.1100891563865,0.5343994342649,-0.2788052732326,-0.3887018832759,-0.4704589497950,0.8205994251008,0.3735918794446,0.7270190172983,0.1225674429559,0.2592175188660,0.4344711283795,0.6221450330138,0.3504811909490,0.4667628294755,0.1504701007520,-0.3686569608958,-0.0935270352128,0.5007960705692,0.0321610933151,0.0648330633544,-0.0566851999205,0.0082842358130,0.2805793599042,-0.2527909950328,0.2499107813205,0.0403136803535,-0.2624579422434,0.3901699062475,0.2399321945975,0.3186238913732,0.3556899515029,0.7058031919097,0.6126285179675,0.6087549854460,0.6033390438987,0.2087258865914,0.4181456464190,0.1718212403231,0.2948722898795,-0.0182945451458,0.2806361416816,0.2931042482626,0.8380613796576,0.5021677223311,0.7285839054487,0.6673648789926,0.0848266033521,0.7152336441690,0.3303564324640,0.4156419263574,-0.2220543977996,0.4361196232717,-0.3908016660097,-0.4853079981172,0.7908026653898,0.2118412921540,0.6701721604527,-0.6190789184097,-0.0544186171587,0.0890850180042,-0.2158216507009,0.5875885448511,0.1979156813774,0.3432626255156,0.2832409231732,0.5703918256905,0.1306133068376,0.0110481411414,-0.4890007813603,-0.4142603512685,0.2645618904389,-0.4589045924403,-0.3696979067620,-0.0395411218546,0.3656366154424
0.1221331646120,-0.3892278111438,0.1308478513650,0.5392008979880,0.3266930331161,0.2564835494554,0.5271794762566,0.7494519308899,0.6363500796011,0.1833996701298,0.6198861848423,0.3314887850568,0.6759912342262,-0.2222640679598,0.1466565395512,0.7173152077234,0.7578389781112,1.0000000000000,0.7302092512233,0.6649176889341,0.5596392343867,-0.0282528414299,0.3141452919192,0.7867650814606,-0.0014892359093,-0.1315974015080,0.4324250019396,-0.2243348773138,-0.2769960946290,-0.3734890571026,0.7550374696887,0.0840503328706,0.4070800342567,-0.0658637438793,0.2155606392629,0.2983423102422,0.5838457025057,0.2595650066940,0.4972908149597,0.1200936928082,-0.2136718840487,0.0921231269156,0.3810644981816,-0.2506729444760,0.0134436178392,-0.0114759044766,-0.0949261203003,0.4761751815640,-0.1878492909533,0.2458971079189,0.0875147815678,-0.2867717188654,0.4909406997431,0.3295417416529,0.3945919501466,0.4605020340506,0.5986303847179,0.7774170723151,0.7840275919229,0.7581529475640,0.1512404590359,0.6420498746819,0.2453421544046,0.4828203065269,0.0635833864836,0.1708474042916,0.1418354961129,0.8446763339036,0.3735849035827,0.7642343173561,0.5547196040260,0.1810788982544,0.8169315668881,0.1049028124906,0.1427794606995,-0.3512191960091,0.4047441185105,-0.3770768386323,-0.3831720791108,0.8242311512405,0.0972279269822,0.4158798063641,-0.4814044677404,-0.1856494868510,-0.1506808783304,-0.2571351730639,0.5645388721353,0.1645737122335,0.0873521535817,0.0596015190033,0.5454816897780,0.0522824708431,-0.2851572702506,-0.3547381556704,-0.3785482555110,0.4695269439086,-0.3915814242689,-0.2230098089508,0.1945460692018,0.1586692467385
0.0975697530982,-0.3906831018834,0.0072935285898,0.3977121355206,0.1254821122821,0.0728923874645,0.4105800477152,0.8156572294811,0.7724164878176,0.0900046284340,0.3904577940548,0.1986531398506,0.5424397677453,-0.3325947622554,0.0472776155074,0.8160441677208,0.7017891618976,0.7302092512233,1.0000000000000,0.8241138201498,0.5136894053914,-0.1585479398040,0.2154328316804,0.6877920915970,0.2471083038818,0.1163932030849,0.4882287345394,-0.1942790856117,-0.2937191678501,-0.3658786034824,0.7664880495338,0.2618608580607,0.4206939246612,-0.0154893030050,0.2091584910150,0.5510522796843,0.4329881225959,0.4703323236056,0.3626533101521,0.0569989363548,-0.2984540927885,-0.0269129736318,0.4329670052714,0.0296147218151,0.2058341580003,-0.0466163704927,-0.0671827102590,0.2133041141833,-0.3442084064767,0.1213723394440,-0.0508880083991,-0.3292993631300,0.3481339997168,0.1640548572814,0.1890224264304,0.3599587492258,0.7028382348641,0.8012686517852,0.8401719809530,0.8176114647556,0.0873557900153,0.3905264822566,0.1093581528554,0.3331862072710,-0.1093688077294,0.1360820021923,0.3815523845877,0.6558835430518,0.6856982863751,0.8769073028302,0.4706031206686,0.0650245913361,0.7644269437790,0.2857998849651,0.4312291704399,-0.0781592206592,0.4230802045272,-0.2948281101338,-0.3589041169262,0.7681361644168,0.0612421536428,0.3974150928954,-0.4576119616325,-0.0184770529072,0.1239819866827,-0.2559909729118,0.4599589899689,0.1923030183394,0.1900831296485,0.2891350725839,0.3912955405375,0.0126432217697,-0.0368953621524,-0.3848081234329,-0.4008447806876,0.2534324250196,-0.4590327441130,-0.2796485872109,0.0258292336274,0.1482195137205
0.0166864022389,-0.4524905536041,-0.1404378252596,0.1940667238438,-0.0344096710335,-0.0239670597492,0.1299804911195,0.8063672422136,0.7406161203483,-0.0745848434781,0.4178910810523,0.0744840834360,0.4832353459210,-0.4498861726012,-0.0764405680497,0.7006147063527,0.6198804682666,0.6649176889341,0.8241138201498,1.0000000000000,0.5006665044159,-0.1832216587195,0.3256007657213,0.7123268712891,0.4160126265271,0.2114994229386,0.6898910089678,-0.2087552219672,-0.3277094634861,-0.3989214183995,0.6924017754045,0.3537430385891,0.5200884216961,0.0872005081906,0.2474143004981,0.3650882181615,0.4681215626861,0.6402924786385,0.3475263206283,0.2191742870842,-0.3112006050801,0.0119594700125,0.4982243179621,0.1575385326047,0.3924517367322,0.0317917913503,-0.0053906921514,0.2015745321384,-0.3851928916001,-0.0727070781601,-0.2383079569035,-0.4569864170068,0.2729540982944,0.0560097439183,0.0522927756039,0.1814394108268,0.6556084217202,0.7424323919022,0.6531987714073,0.7449572417337,-0.1384364777807,0.3567744562502,-0.1103919163539,0.1827657849806,-0.3220386802465,0.1453802625855,0.3227062827271,0.5575106325194,0.5239954312048,0.9097413065700,0.2666117561696,0.0863896482943,0.7243375355400,0.4279586076681,0.3033456196563,-0.0701194766392,0.6332499849521,-0.2508770683383,-0.3815948996167,0.6543157126027,0.0917324556945,0.3874107229887,-0.4947745780822,0.1323023586535,0.2308960138641,-0.1628568797616,0.4949269718978,0.1611371905440,0.2165762234674,0.4456880084324,0.3642806429639,0.1855419630066,0.0887783650220,-0.4605296103787,-0.4894875156199,0.3222162187139,-0.5153444246953,-0.3752442989251,-0.0891745376556,-0.0004710847131
0.2152586054641,-0.2002304312996,0.1487029101194,0.5320795207628,0.2202011103419,0.1453312455572,0.4163570413540,0.4396496088196,0.3710236113987,0.3258607183028,0.5318044834491,0.5347361062226,0.6688665010316,-0.1046822423649,0.4116343466253,0.6665443339317,0.7216601867003,0.5596392343867,0.5136894053914,0.5006665044159,1.0000000000000,0.0969027649326,0.5335624996866,0.6411873657207,0.0351020657630,0.2260760835715,0.5758028239664,-0.2900720535488,-0.2744852484236,-0.3680246730717,0.7048554274473,0.5177627881629,0.6712121656884,0.2304800936093,0.4184032406637,0.3575150815801,0.5557314291058,0.2651186198490,0.3276819617629,0.2493306751772,-0.2110718071131,0.0517650124383,0.5685539765729,-0.0217600401495,0.0037490721861,0.1670520801884,0.2383911217732,0.2406596499415,-0.2066417403004,0.3663661317298,-0.0012818991133,-0.1307179349901,0.3822247119506,0.2119820985846,0.1996174145360,0.3465169364722,0.5679497040847,0.3479586032788,0.4624067557746,0.4607200901022,0.2178396609820,0.4463175622429,0.2129190977615,0.1824379334707,0.0006838412541,0.1943565765695,0.2514086160532,0.5266755649733,0.3873887640720,0.5795033212605,0.5227213933593,0.3827107595341,0.5900925789041,0.3398255046977,0.2713428359132,-0.0925951667001,0.4651158737905,-0.4019056493828,-0.3528644248305,0.6448964092156,0.4214955723723,0.5998205708423,-0.4803450905232,-0.1304681485146,0.0228853050826,-0.0329621926442,0.5344034575547,0.3223312841785,0.2863026509520,0.2062511709386,0.4479267634515,0.2119895402739,0.0298182237444,-0.3664906522569,-0.2700215041921,0.2682318990917,-0.3909280339204,-0.3138211093275,0.0792532399172,0.3590952529264
-0.0311840447738,-0.0729728437819,0.0671571560898,0.0531057625155,0.3145706690856,0.4976365228445,0.0226965956032,-0.1944255499863,-0.2125375622457,0.5683150337988,0.0449462637742,0.3317864506915,-0.0228220740323,0.2399210331409,0.3556174739477,-0.1891436138772,-0.0433240238846,-0.0282528414299,-0.1585479398040,-0.1832216587195,0.0969027649326,1.0000000000000,0.2412549109778,-0.0753473694594,-0.1110899147501,0.0636151398710,0.0178540806720,0.0382887052459,0.2519731849078,0.0738603428678,-0.0465288575642,0.1024442638260,0.0434442126508,0.3313553629444,-0.2423765789777,-0.1621850588565,0.0808206735705,-0.0334249393251,-0.1218323291788,0.3391562372096,0.5106529553931,0.1596380624971,-0.1321729588100,-0.0009578663959,-0.0647761145684,0.5265749209329,0.4220057716976,0.2667796132076,0.6240091903387,0.1870926013451,0.1845774688072,0.0584981931108,-0.2246724305573,0.0537764592829,0.2626668901726,-0.2481840371049,-0.2138765871539,-0.2409451442759,-0.2011674077357,-0.2019157458262,0.4367035502882,-0.0409079316421,0.1801629009459,-0.0755857696520,0.1822094940359,-0.2446532646625,-0.2310501455640,-0.1529228574262,-0.1698262805068,-0.2282733819082,-0.1863311492812,0.5702162982638,-0.1482604963983,0.0465858945486,-0.3169990785856,-0.1498164301258,-0.0755782809023,-0.0825714444331,0.0436482362213,-0.1096819157928,0.2460473793535,-0.0307447535068,0.2015519562309,-0.3367925041014,-0.2763014360201,0.3885562990657,-0.0365776202921,-0.2692935760983,-0.2481612108986,-0.0726743760135,0.0124428645730,0.2964108013403,0.0218827619031,0.2799734584565,0.3662778994961,-0.0549590950141,0.2958702581635,0.5299912299593,0.3989829574720,-0.0307039000728
0.1315213408283,-0.2135829983501,-0.0028028294995,0.2626118269962,0.0790548801411,0.0264712269314,0.1055175655410,0.1338499543861,0.1535916937743,0.1882634221429,0.6515253434229,0.6024842790531,0.2238866951981,-0.1214952090417,0.1277345808658,0.3743877729946,0.2664216455040,0.3141452919192,0.2154328316804,0.3256007657213,0.5335624996866,0.2412549109778,1.0000000000000,0.4737830244986,-0.2431097256131,0.3223906904276,0.5566303440836,-0.2057591918633,0.0586554820960,-0.2771760661538,0.3259997221526,0.5660393974296,0.3288639122058,0.4985263422303,0.2735279893660,0.1866134100842,0.3693891492331,0.1413440875218,0.2240553958375,0.5724576182028,0.1466930837730,0.3266829576412,0.3467339580305,-0.0683658171230,-0.0683522065009,0.4290489195282,0.3611574189110,0.3067612613749,-0.1599924448210,0.2095866357623,-0.1313780501881,-0.1487755963496,0.2228633691578,0.0059192690419,0.0190604207249,0.1184773020688,0.1651636126781,0.0726715779962,0.1687285306889,0.2236886458945,0.0522873208631,0.5807616841087,0.2193254185214,0.1428295655656,-0.1043624234031,0.1274478086300,-0.0529834760685,0.1813032682692,-0.0009280603942,0.3606368141656,0.1238245545455,0.6980673666087,0.3797181497784,0.0240309640482,-0.1907226478151,0.0247891050472,0.4943120946544,-0.3117815991118,-0.0855943519506,0.2855954000415,0.4697687399071,0.2121096663422,-0.2499185058647,-0.0829699699677,-0.1599073271913,0.1992467193841,0.3568170781095,0.0728653219818,0.1410053976881,-0.0673796068913,0.1938510512174,0.5114954467548,-0.0459917666435,-0.2455791228593,-0.2918748415994,0.3785541561453,-0.3079105578300,-0.0817703420622,0.2948142567420,0.1751993754037
0.1634443933210,-0.4279521165101,0.0412423635368,0.4453910688039,0.2175998649163,0.1039288472972,0.3837094175963,0.6171839814528,0.6194701930052,0.0862821982753,0.6523134721728,0.3201274650364,0.5985945386673,-0.3486057438212,0.1312115392318,0.7236269754927,0.6884595554538,0.7867650814606,0.6877920915970,0.7123268712891,0.6411873657207,-0.0753473694594,0.4737830244986,1.0000000000000,0.0697504537418,0.0624161350345,0.6840579090792,-0.2792219762814,-0.2994651589338,-0.4707769223672,0.7852932680448,0.2683886605250,0.4637475501474,0.0547089253572,0.3926775979498,0.4057386021117,0.7642076089322,0.3768393849851,0.5524537100579,0.1922053917576,-0.2666873269326,0.0654620742880,0.5529656525737,-0.1224044689609,0.0766601483157,0.0153457445737,-0.0669875366143,0.4490408552900,-0.2680291324733,0.2226312445088,-0.0362930079385,-0.3547798161233,0.4664070592985,0.2562832072941,0.2527333743176,0.3961772351450,0.5908006900393,0.5945115968968,0.5937590609689,0.6830589849013,0.0538432570823,0.6280853001692,0.1756809341553,0.3712588682836,-0.1305223603765,0.3173275723749,0.2327659177491,0.7011420186083,0.4265797646890,0.7834909329500,0.4185642088728,0.2642151425348,0.8982524163302,0.3086130170232,0.1458327940951,-0.1963975750725,0.6317196613960,-0.3772966640929,-0.3943477311455,0.7798234460326,0.1776843670836,0.3930054962474,-0.5530805508741,-0.0255765938271,0.0123221677217,-0.2328687311297,0.7753513882589,0.3221069276482,0.3044740903329,0.1803827636595,0.6645450015512,0.1629688447931,-0.1445542292375,-0.4284359058145,-0.4555005630818,0.5213351734094,-0.4894303337459,-0.3382481666096,0.1136519319915,0.2626536452145
