1.0000000000000,0.2810188541500,0.5991479589005,0.4994132260727,0.6603842824446,0.2774620815458,0.5213964807284,0.0276101310328,0.1258697152255,0.3188105827639,0.2090256592281,0.2506844162703,0.0761029648773,0.2152578865143,0.3070223222158,0.2851873867892,0.0962643981512,0.2525253605772,0.0678347783173,0.0625360043723,0.1425311807562,-0.0168456471993,0.1753300100108,0.1853537334841,0.0162350591275,0.0122719993240,0.0831244903917,-0.0984395971207,-0.2485538472533,-0.2695633274507,0.2196455663688,0.0417538286445,0.0365298194371,0.1321406209688,0.3305849328362,0.2801922636062,0.1313115801157,-0.0588175427994,0.2791042621821,0.0487984846482,-0.1376955550844,0.1355364483015,0.1739212770827,-0.1035514000860,-0.1259637280770,-0.0367804349256,0.0076284421241,0.4734617807249,0.0152291182413,0.5728215276812,0.8158878559356,0.4687302438730,0.4737931007370,0.5250449050166,0.4074342476656,0.4857110957931,0.0937507631821,0.1211939714779,0.1748545898018,0.0692718916391,0.1525986573967,0.1732165155457,0.2255979373470,0.0690850993425,0.3508764979164,0.2167124747285,0.0757946412715,0.1470430890075,0.0970942186517,0.1195679090443,0.1131412570146,0.0951788304378,0.1848688201448,0.0037586233613,0.0373561191835,-0.0906670812404,0.0091816924448,-0.1897859576433,-0.3039706933782,0.2119261284343,-0.0434946884533,0.0098461726404,-0.2482543869289,0.0171564248795,-0.1667338611070,-0.0667399214305,0.1707637985972,0.3379535335698,0.0697403288526,-0.1176495518568,0.2749268480775,-0.0500478755771,-0.0982428404709,-0.2382242839972,-0.0899650561750,0.3172188838997,-0.1651217100864,-0.2525874497284,0.1776124265655,0.2289124071050
0.2810188541500,1.0000000000000,0.2543713630754,0.2301815285831,0.0645056875594,0.1067709037008,0.0479303449810,-0.1889742046529,-0.1096111482664,0.1089340216357,-0.1875406157061,0.0290192910093,-0.1404504405164,0.7923740353212,0.6296400176745,-0.0509752550802,-0.1979387535422,-0.2345955807815,-0.1321459910479,-0.2098892707047,-0.0860655427497,0.1477330979600,-0.2049584698492,-0.2543587081090,0.1342105263606,0.3430474340011,-0.2076140422655,0.4127758834478,0.4177262955080,0.6139361304676,-0.1851193563331,0.1273345951775,-0.0945888527353,-0.0782614289759,0.0473807274092,0.0473516852999,-0.2155543811363,0.0988988461757,-0.0906519576071,-0.1207740484071,0.4223310881762,0.2184977783732,0.0835602322120,0.4653923878584,0.3155851748208,-0.0790784993161,0.1693618422664,-0.0877631330496,0.4123053866565,0.1697269009124,0.0861595512352,0.6177714145279,-0.0261861076818,0.1078046749342,-0.0190049468725,0.0228864296252,-0.2167348526944,-0.3182787449444,-0.2445240731587,-0.1540811964268,-0.1392205756824,-0.2566699114621,-0.1930969201206,-0.2886428154797,0.2707360104000,-0.0913292674064,0.0900356642880,-0.4515207387738,0.1073250276264,-0.3588917581224,-0.3338980729370,-0.1889789567986,-0.3061059723948,0.0403611159356,-0.2568959459102,0.2874571317125,-0.2893800136510,0.1909879952013,0.4130394901603,-0.2918778093195,-0.3425913353370,-0.3171923130836,0.2812290708793,-0.0437339383806,0.1955676588444,-0.1747449601429,-0.2548636350621,0.0841405532770,-0.1840774375118,0.1645456170119,-0.0723204473292,-0.3089086066047,0.4014798429915,0.0338140607190,-0.2775040308971,-0.1633997770974,0.4233838002462,-0.0509664045163,-0.2040970592130,-0.2414224280640
0.5991479589005,0.2543713630754,1.0000000000000,0.6831336228129,0.6810831987566,0.5759146059426,0.6593909251346,0.1931661183028,0.1959188530688,0.2631142902565,0.2969311871800,0.2940742374883,0.1994614287023,0.3166487963461,0.3566561911692,0.4534612299152,0.1224757736497,0.3588850752254,0.2385079388735,0.1338642463134,0.2518094173118,0.0542777508525,0.1538666329791,0.3406590964390,-0.1281181074412,-0.0940626710860,0.1781825916634,0.1091557389823,-0.0888121588561,-0.1337575495276,0.3217268435372,0.0193117303016,0.0802531355676,-0.0056797553485,0.4369440928724,0.2704979101324,0.2478717345518,0.0176820914154,0.3747934444607,0.0445540256071,0.0746588283532,0.4190115995756,0.3183229122766,-0.1697736292977,-0.0203222504475,0.1442915887368,0.1940114851236,0.5652289964609,0.1989314763000,0.4261570855181,0.6405714459752,0.4465533531902,0.4701397488996,0.8393504849739,0.5618319283179,0.5359355911112,0.1549026719720,0.2228950590646,0.2284030668776,0.1809925019339,0.0320103944924,0.3567121858266,0.0920687326372,0.0203948874137,0.4133820816210,0.0353974982923,0.1676108784287,0.0548742536605,0.2006006189811,0.1462579409962,0.0629202132909,0.1425591086115,0.2824122024584,0.0104433446125,0.0983652475516,-0.2071852803902,0.0702712932852,-0.0017597616705,-0.2161182621927,0.2837493623021,-0.1349657304970,-0.0431385475989,-0.0871237592787,-0.0095283490098,-0.2518268727815,-0.0762344225280,0.2285327587743,0.4749073088978,-0.0485586522094,-0.0972328319380,0.3968127770083,-0.0786177006894,-0.1016070114055,0.0156401897122,-0.2588262015984,0.4856025154647,-0.0350707054951,-0.1336557271771,0.2387105926872,0.1008608415689
0.4994132260727,0.2301815285831,0.6831336228129,1.0000000000000,0.6586965788715,0.5632471127475,0.8425999337859,0.3361505605459,0.3313779242672,0.4032201002886,0.5157554178552,0.4557511034779,0.3888696426989,0.2363745718935,0.5988544322462,0.7068070723000,0.3628887049431,0.4797129160705,0.4604969331410,0.3412731394847,0.5294002782638,0.1037108797187,0.3843107677470,0.5272341226025,-0.2559994779968,0.1063966953750,0.3751515945685,-0.0009944134911,-0.1736366448944,-0.2496445545019,0.5116330850497,0.3408435577760,0.2984344094010,0.1985811706188,0.5451712725849,0.2759663808816,0.4033360873800,0.0981201943439,0.4565959917383,0.3212676650665,-0.0066939938378,0.3246333427575,0.5555620132942,-0.1583612741482,-0.0003586548922,0.0988814319539,0.2489836182950,0.6157885120649,0.0860185640083,0.5529376465238,0.5265400708388,0.3960369399003,0.7188283459477,0.6897741810511,0.6515162742705,0.7565933454845,0.2299397014921,0.3691032564525,0.4122877174489,0.3757457778090,0.0165911800676,0.5077006270683,0.1096487693736,0.0627883655270,0.4798277852341,0.1942879912974,0.2886030357688,0.1766473852011,0.2935615703744,0.3579745120367,0.1758359982524,0.2403164476009,0.4468897906903,0.0356256032870,0.2491206219737,-0.1220434093201,0.1827323036362,-0.1855464402725,-0.3440555417292,0.4175663732170,-0.0248112210416,0.1094399131075,-0.4134989047540,0.1016038279000,-0.2390526178200,-0.1113721752465,0.3032912562852,0.5660224977966,0.0696037876642,-0.0899568353363,0.4814892670771,0.0986292715995,-0.0974684884671,-0.2981580690579,-0.3969463424391,0.5194357156419,-0.2946456998800,-0.3384269063328,0.2322100700708,0.2122710053180
0.6603842824446,0.0645056875594,0.6810831987566,0.6586965788715,1.0000000000000,0.6010454097764,0.7613349252783,0.2408081306893,0.3152919641833,0.4656287287241,0.5120296539314,0.4482941779073,0.3569385941623,0.1430201399565,0.3820563712565,0.4366987156676,0.3200202189537,0.4769843433630,0.2447731817189,0.1573798710845,0.3438179620070,0.2426874754429,0.3124166718411,0.4485744379741,-0.1237509873239,-0.1203503093194,0.1972000249899,-0.0356608965677,-0.1487612976496,-0.3569905648300,0.3570501121132,0.0640641270712,0.1164793639001,0.0442744897372,0.3199807250063,0.2089138182822,0.2609629922364,-0.1437040380544,0.3451385049282,0.1414512033349,0.0113060383500,0.2298486919571,0.1449815950943,-0.2699321906519,-0.2105222687938,0.1649023684191,0.0605620274838,0.6580257135429,0.3249965764824,0.5673727116022,0.7905692860218,0.1671986674570,0.5497309191159,0.7340120519886,0.7410291156762,0.6336058591271,0.2811992666049,0.3672561491748,0.3673531098721,0.2881031541257,0.2675566103617,0.5111266851242,0.3436400596670,0.2494010427793,0.4944005071818,0.1186039393193,0.0982872648726,0.3731179753704,0.1673269011811,0.2682675108037,0.3319533812827,0.3153587763249,0.4890756961431,0.0199010718595,0.1041000879100,-0.2822312338639,0.0280864547869,-0.1613415411660,-0.3193994437406,0.4111754682000,-0.1058677237033,0.0745107981143,-0.3571587517785,-0.0690878015951,-0.4013159039775,-0.2437422689427,0.2247980314966,0.4075400604916,-0.0764488324503,-0.2649507362064,0.4571502455442,-0.0331440277270,-0.2597517434231,-0.1749809917068,-0.1714210081323,0.5228032645781,-0.0995086517699,-0.0630084011991,0.3840197357330,0.2752313712107
0.2774620815458,0.1067709037008,0.5759146059426,0.5632471127475,0.6010454097764,1.0000000000000,0.5401848533260,0.3045551229639,0.1676883552628,0.5218572651503,0.3239763256184,0.4571089291026,0.3859271846284,0.1491032538891,0.4526368540968,0.3423626048753,0.3619769125131,0.4694717590780,0.3257281744512,0.2305457300533,0.4539930062409,0.4648942643885,0.3192680337074,0.5132761198976,-0.2524818419321,-0.2143941059490,0.3304481621878,0.0656881962876,-0.1081406539115,-0.2616025436620,0.4840450231839,0.0384102504489,0.2188419562201,0.2274624475834,0.1251757444667,0.0051055154173,0.4765632628882,0.0585118180838,0.3521458715954,0.2873859848251,0.1936406974779,0.3377592457924,0.2147453851163,-0.3071807569053,-0.1271950807688,0.3997627848256,0.3706771161744,0.5632661634268,0.4118693425625,0.3616312812873,0.3632506732272,0.1530778274950,0.2309690989313,0.7802643979267,0.8338652070596,0.2304548526054,0.2692940151980,0.3616528362453,0.3448650672036,0.2062035424009,0.2839940975969,0.3752688280690,0.1337081129325,0.0143465982830,0.3321915471651,-0.1637307086341,-0.0876232230354,0.2113887482886,0.0338674098286,0.2550314900666,0.1113433832012,0.3687313859814,0.3615346497123,0.0261289965351,0.1822641567299,-0.4271639095208,0.0919680372344,-0.0183557628009,-0.2801394604768,0.4030721652590,-0.0358220242306,0.1356967561745,-0.2020832026531,-0.2797562905179,-0.4093844894313,0.0172448221058,0.2985110809359,0.1951766669887,-0.2225252054564,-0.1072694518154,0.4787732091317,0.1722686768306,-0.1896336957344,0.0227734396027,-0.2529480971276,0.5706146675114,-0.0195899108598,0.0584931261523,0.3595481483960,0.1353055033496
0.5213964807284,0.0479303449810,0.6593909251346,0.8425999337859,0.7613349252783,0.5401848533260,1.0000000000000,0.4576272378956,0.5209376347032,0.4723022734226,0.5268836417471,0.5049775605543,0.4734240193336,0.0416397270985,0.3816509934473,0.6324795806964,0.3971720152920,0.5392582188667,0.4739343620136,0.3316757505281,0.4389180658721,0.1020636390229,0.2568132054383,0.5554686074182,-0.0869749767510,-0.0920169241536,0.2912274079594,-0.0392349287152,-0.2693370404455,-0.3289681119787,0.4619571531861,0.0925694704620,0.1755063250628,0.1154332063845,0.4720989098420,0.2819355165733,0.3923922724147,-0.0228150102566,0.4767681522021,0.1695775634890,-0.1466137139753,0.2112562824601,0.3029108352403,-0.2319362187444,-0.1813642705531,0.0654505915302,0.1321680967650,0.6235014299446,0.0341154540196,0.5972753220228,0.6842428976253,0.2994680073344,0.6837442440501,0.7101298578117,0.7550581847150,0.8376737391814,0.4403401009108,0.5427338177732,0.5546882630317,0.5527099612043,0.2755813708946,0.5617048283839,0.3400135157571,0.3579578827014,0.5197388518053,0.1628308604785,0.2343892502862,0.3956181484041,0.3381669461895,0.4205681344898,0.3601347928152,0.2407502363216,0.6012138659518,0.1508863735388,0.2506126548476,-0.2204566029189,0.0864273487084,-0.2245412422062,-0.3922279286096,0.4675927245598,-0.0625872894674,0.1427105741360,-0.4068905492708,-0.0004818205822,-0.3250178615807,-0.1645951089721,0.3128292362531,0.5509555187992,0.0370854008368,-0.1548708298210,0.5342290140000,0.0031578382808,-0.2019327420492,-0.1989113050919,-0.1967198132659,0.5684075150975,-0.2887624244946,-0.2007672844323,0.3865943817097,0.3441288193078
0.0276101310328,-0.1889742046529,0.1931661183028,0.3361505605459,0.2408081306893,0.3045551229639,0.4576272378956,1.0000000000000,0.7237376873288,0.3601872874021,0.5052909211452,0.4333576352068,0.7719401539235,-0.2040452721576,0.1137850996008,0.5832117245206,0.7280897629878,0.7522131725547,0.7396953394126,0.7337246952019,0.6034548848992,0.1261710231666,0.1845835478080,0.6103908437031,0.0489670606781,-0.2057169257672,0.3738369741931,-0.0931918373551,-0.2338502346122,-0.2402736085976,0.5827685824266,0.1095930281259,0.4659588532548,0.0413927975181,0.2789619434608,0.1084651707290,0.4468003671801,0.2702445194013,0.2882891051274,0.0493121992644,-0.1952777107106,-0.0085037949641,0.2731099836969,-0.2361739448971,0.0207886067108,-0.0016371561228,0.1705820960499,0.2898989006316,-0.1080867933994,0.2535489231478,0.1049794637858,-0.0853292156331,0.1851025298503,0.2936449486152,0.3577893561296,0.3483466953436,0.6884914869519,0.8139906863509,0.7667591771436,0.7405593715075,0.2145388632001,0.4644702935656,0.2297402521703,0.3763728520029,0.0249246066072,-0.0867228983394,0.2091338745700,0.5328332869625,0.3699290580499,0.6740643606627,0.4193755029362,0.1335595580457,0.6820170635043,0.3565236641292,0.4624638532569,-0.3028233230845,0.1609242102825,-0.2155751226126,-0.3486763935299,0.5304164589588,0.0399922839163,0.3554008376432,-0.4598195235076,-0.0457419867363,-0.1785824390610,-0.1974163124244,0.3273095144674,0.3379033688045,-0.1116039443499,0.1063431355350,0.3394545601073,-0.0260981274564,-0.2126625932448,-0.2181953493682,-0.2174945072168,0.2951437854182,-0.3186520298042,-0.1886956685007,0.1357553550051,0.0800972973859
0.1258697152255,-0.1096111482664,0.1959188530688,0.3313779242672,0.3152919641833,0.1676883552628,0.5209376347032,0.7237376873288,1.0000000000000,0.4570912617538,0.4146387358564,0.3892230664429,0.5800878149883,-0.1113115331494,0.2404166449258,0.5852718436785,0.5617622669949,0.4797552542843,0.7722037959012,0.6911984502470,0.4513438769128,0.0758726065858,0.0112127344576,0.5241015091096,0.4313569879651,-0.0785082923995,0.3497472624699,-0.0811207016004,-0.3243383247197,-0.1689421351061,0.4311083498936,0.0833567831875,0.3361773898686,0.0314958589837,0.3429295971371,0.4411950547257,0.3884648305481,0.2790406987864,0.2836672180482,0.0241284046294,-0.2504759569521,-0.0517580098474,0.2048362979452,-0.0065865400909,-0.0122653295712,-0.0721174561722,0.0255194291625,0.2699720988168,-0.1166238779611,0.3917529899465,0.2407136875619,-0.0704363945755,0.2057028927062,0.2934090780898,0.2901901408708,0.4431094875000,0.5816099531422,0.6752867210333,0.6062764260119,0.9118720900865,0.2664729772420,0.3231728284918,0.1767390099067,0.3093991192320,0.0706083536814,-0.0053048488306,0.5283057857835,0.4111203987447,0.7094439526168,0.6438410262652,0.3340604277142,-0.0400323761610,0.6958341576877,0.6493714386178,0.4366099753334,-0.1254204380791,0.1481367256458,-0.2519117074556,-0.4048709711150,0.4230544473047,-0.0351671475874,0.2204849170683,-0.4622147620584,0.1443208501185,0.0141885588886,-0.2414825946910,0.3615015598002,0.4425858557450,-0.0540079597799,0.3061314268409,0.3685957476802,-0.1683657201091,-0.0287753631177,-0.2678047139231,-0.2326873901071,0.2597970582776,-0.3246419170456,-0.3035687078288,0.0653841373497,0.0942155235180
0.3188105827639,0.1089340216357,0.2631142902565,0.4032201002886,0.4656287287241,0.5218572651503,0.4723022734226,0.3601872874021,0.4570912617538,1.0000000000000,0.4303843815199,0.7622608097258,0.5352175458221,0.0795836979286,0.5035121469541,0.2334233240737,0.3991947766823,0.3870823413674,0.3044187643373,0.1965484403589,0.4970031014160,0.6398378159851,0.3142625604358,0.3643472754684,0.0965854235804,-0.2195248354289,0.2474426098815,-0.0870319520718,-0.2043219181272,-0.2879764305563,0.2612619239424,0.0762983101001,0.2482028905636,0.3840635807343,0.1414914441686,0.1123766179314,0.4435367114496,-0.1233018386281,0.1761321100102,0.3206985482130,0.1105595117115,0.1720849340946,0.0170927819315,-0.2160846660780,-0.3227375979780,0.3703440618262,0.3772032944634,0.3157416671038,0.2182966973282,0.7476404768092,0.3804510670092,0.2274544759725,0.0757768657037,0.4666616174123,0.5171279523265,0.2008972292775,0.3542605050695,0.3226758635008,0.2815218928227,0.4126401362449,0.6739973756559,0.2897776749415,0.4523811498036,0.2410055183865,0.2731225616080,-0.2041238033295,0.0560900253870,0.2130729122551,0.3047348620983,0.2167056103406,0.2485807426745,0.4059411021071,0.3689119606202,0.3538558416336,0.1425670649147,-0.3387917168007,-0.0948550063471,-0.2591620701614,-0.3265833887722,0.2242856732022,0.0383060941672,0.1294986197628,-0.3668937044740,-0.3114154520665,-0.4231064324337,0.0213712408008,0.2719171517016,0.1973428625247,-0.3238015587389,-0.0965177675539,0.3016252572968,0.1156387372353,-0.1972694975172,-0.0920173010782,-0.0607217920537,0.3256897793268,-0.1581458791327,0.0499429083070,0.4476844888095,0.2750692271906
0.2090256592281,-0.1875406157061,0.2969311871800,0.5157554178552,0.5120296539314,0.3239763256184,0.5268836417471,0.5052909211452,0.4146387358564,0.4303843815199,1.0000000000000,0.5224743610365,0.5728155841913,-0.1515887768386,0.1859987750925,0.5445148530192,0.5143656446158,0.6796706316572,0.3764429468125,0.4168604012803,0.6001427258956,0.1906447159545,0.6597130270503,0.5887469962382,-0.1725232093433,0.0222187065576,0.4467468880761,-0.2621478254836,-0.1227625671630,-0.4013659433192,0.4606960699303,0.3757238817097,0.4027069145057,0.0694733612115,0.4278301605130,0.0677580168674,0.4413081201754,0.0112849174485,0.4152565067006,0.2965517259567,-0.1451900852605,0.1529973899436,0.3661322373256,-0.2671618349362,-0.0634056818194,0.1688761253087,0.0658871497056,0.5787283602865,-0.0339433572018,0.4337442378223,0.2414250186015,-0.0591880418195,0.5274859546982,0.3038763955376,0.4315481603249,0.5099831460400,0.3663945238653,0.4878724138568,0.5362461702779,0.4271133021860,0.1595374399874,0.7646761355197,0.4039341894047,0.3535892366178,0.2455213895358,0.3016211167051,0.0721703038692,0.5361719597582,0.0792711377691,0.4878777003865,0.4915273568233,0.4913621488602,0.6699938367261,0.0531583030972,0.2445378343234,-0.2286393290062,0.2820010209410,-0.3975565513844,-0.3180130573304,0.5277511260030,0.1058305075979,0.2386630861950,-0.5415816846953,0.0555628755875,-0.3666593660693,-0.2761109711231,0.4185922164537,0.4043480166947,0.1415665623736,-0.2052649302579,0.4475067023626,0.0838526900957,-0.2918432476539,-0.4027431436937,-0.2545521432796,0.4793383386159,-0.3325753890410,-0.2698702792278,0.3551418268414,0.4210767835165
0.2506844162703,0.0290192910093,0.2940742374883,0.4557511034779,0.4482941779073,0.4571089291026,0.5049775605543,0.4333576352068,0.3892230664429,0.7622608097258,0.5224743610365,1.0000000000000,0.6265862997934,0.0771203244989,0.3962186373051,0.3450227509957,0.4421362426152,0.5146754551267,0.2803383423392,0.2420383097894,0.6691611125781,0.5147447876714,0.5448566466465,0.4822789855109,-0.1746810403218,-0.1882023829440,0.3305738707962,-0.1088863424371,-0.1331333177071,-0.2269122683846,0.3848792070418,0.1895577787626,0.3547674384268,0.3571336715720,0.2241956644431,-0.0225336890487,0.5191891020835,-0.0693084401783,0.2487275685893,0.3325116126825,0.0931131357203,0.1905119621904,0.1130360156141,-0.3201299748788,-0.3290411405866,0.2993738384346,0.4762462948845,0.3375691261313,0.1537907803021,0.6698552982750,0.3548041301138,0.1691546528760,0.1531540304219,0.4500818873573,0.5388535616014,0.2892799777599,0.4512616105560,0.3860816819933,0.4385575967634,0.4381462364797,0.5607399432571,0.5300736985016,0.6148671794881,0.4248554952173,0.2385270623470,-0.2131248185454,-0.0674411949672,0.2541916204727,0.1527143332029,0.3019649173879,0.4175992061690,0.5647103561505,0.4264545293112,0.2344015868726,0.1826948076863,-0.3528707866194,-0.0531008380351,-0.3171217467175,-0.2739442339422,0.3511340329761,0.1560789169540,0.2672613282598,-0.3659388711818,-0.4255867187576,-0.5414907349089,0.0537426382746,0.2898125222760,0.2384627746207,-0.3508432616576,-0.1961962143656,0.4012844400993,0.1431391130295,-0.2631477609605,-0.0694047741592,-0.0859499850265,0.3994186499521,-0.1700213094614,0.0127910933164,0.4619415303965,0.3056549723610
0.0761029648773,-0.1404504405164,0.1994614287023,0.3888696426989,0.3569385941623,0.3859271846284,0.4734240193336,0.7719401539235,0.5800878149883,0.5352175458221,0.5728155841913,0.6265862997934,1.0000000000000,-0.1384353336700,0.2496891440971,0.4795527516226,0.8697302875937,0.6785155849340,0.5264551881610,0.5268312071910,0.7860423866270,0.3132293530040,0.3656572259839,0.6318170786937,-0.0626140518983,-0.1281229674044,0.4384637982620,-0.1635442610673,-0.1680881590422,-0.2615101712546,0.5882520298573,0.2869538078202,0.6584284484354,0.2535397630852,0.2533050772653,-0.0057699095871,0.5369633309416,0.1918172196953,0.3535541167190,0.2489736358628,-0.0813223112252,-0.0302686401620,0.3140586788711,-0.1764904360529,-0.0391658384785,0.1061385922487,0.3578030369691,0.2883168883950,0.0569248016445,0.3954743607228,0.1712859313355,-0.0968626474286,0.1697232452926,0.3278863976301,0.4243487598664,0.3245734893536,0.6534567937326,0.6137283114406,0.5853688111660,0.6089339560587,0.3275255952091,0.5102716993746,0.3017321830953,0.3860205810247,0.0292471453506,-0.1119062022562,0.0777041771333,0.5209426751770,0.2546439377665,0.5120541706136,0.4202655775348,0.2575728360192,0.5970415530206,0.2970621718183,0.3664659448754,-0.3227541003003,0.1121248996033,-0.3147815364196,-0.3037761147373,0.4645092303770,0.1511291344657,0.3972234976871,-0.5242887929971,-0.2048375975697,-0.2885298040814,-0.1080233856602,0.3271488710268,0.3008129733334,-0.2128616955379,0.0506532860342,0.4415053494613,0.1181762315873,-0.1239409470912,-0.2501954594724,-0.1876244970222,0.2778763642711,-0.2745483822662,-0.0924044188528,0.1677141149872,0.1298769308541
0.2152578865143,0.7923740353212,0.3166487963461,0.2363745718935,0.1430201399565,0.1491032538891,0.0416397270985,-0.2040452721576,-0.1113115331494,0.0795836979286,-0.1515887768386,0.0771203244989,-0.1384353336700,1.0000000000000,0.6318198202199,0.0600655155527,-0.1660873399325,-0.1878812616326,-0.0644637655911,-0.2003066180914,-0.0334554869241,0.2345156920274,-0.1215485026080,-0.1694242464013,-0.0277128913275,0.2374080918611,-0.1768047642334,0.4938866508767,0.5432867869123,0.6956551395367,-0.1198831009667,0.1222528430462,-0.0554867141741,-0.1175630420186,0.0759475184580,0.1281872119461,-0.1932315716892,0.0476290415769,-0.1024818929625,-0.0656551593955,0.5998313106505,0.3985305382841,0.1154243944776,0.2914373852613,0.3240376004788,0.0623230189523,0.2184542254368,-0.0332664376212,0.6081643452989,0.0986384719037,0.1438527328456,0.4513554996097,-0.0947766379894,0.2050501082021,0.0479678820961,0.0308850032816,-0.3147254048962,-0.2874194632133,-0.2958598576562,-0.1612818915796,-0.1999778494555,-0.1250325174450,-0.2234968179470,-0.3506422951231,0.2471141548071,-0.2093886791921,0.1711530195445,-0.4372753442676,0.1338567007336,-0.3398931496207,-0.2891558845070,-0.1233091641625,-0.2724918246116,-0.0966666948791,-0.2441496687093,0.1409930150076,-0.2661331638615,0.3087533477078,0.4582039441571,-0.2371425441538,-0.3800608905032,-0.3410559420560,0.3857996353175,-0.0042524806940,0.0850548545325,-0.2189317414870,-0.2980184785819,0.1036803039057,-0.2829413898122,0.0478894346284,-0.0854568120824,-0.2951687534482,0.2410448550317,0.1486059318926,-0.3756453995443,-0.0597903371599,0.5921350844426,0.0618807296652,-0.1905734923818,-0.3644887384231
0.3070223222158,0.6296400176745,0.3566561911692,0.5988544322462,0.3820563712565,0.4526368540968,0.3816509934473,0.1137850996008,0.2404166449258,0.5035121469541,0.1859987750925,0.3962186373051,0.2496891440971,0.6318198202199,1.0000000000000,0.3878112038006,0.2664716552026,0.1536858095074,0.2595062040421,0.1480893750862,0.3757609953073,0.3424020678705,0.1412686581738,0.2304468805336,-0.0248149589687,0.2418781204271,0.2038149048830,0.2711440705110,0.1124808497738,0.1952012077941,0.2473810947596,0.3606202249693,0.2997948406575,0.2467704535757,0.3749036535220,0.2782524592459,0.2809402809819,0.2253144424923,0.2624371396672,0.2954060457319,0.3563009544228,0.2824817987675,0.3937163029340,0.2049960969108,0.1659138392810,0.1571421190586,0.3770181616341,0.3336080311379,0.4297356789780,0.4868136183732,0.2539328947017,0.4035040772307,0.1935214510589,0.4554205430985,0.3730404445404,0.2813409548543,0.0155469161333,0.0309579512045,0.0476485411631,0.1959310517628,0.0124766297816,0.1198705335630,-0.1004630112572,-0.2734247836120,0.3531893422168,0.0038616538655,0.3119492451091,-0.1762239390897,0.3599801650967,0.0409689038766,-0.1116261957980,0.0205505165122,0.0937108399536,0.1740019546416,0.0637206209949,0.0194452556662,-0.0637098381590,0.0362569976274,-0.0206474360991,0.0998519572884,-0.1782155303428,-0.0711179206586,-0.1741638044700,0.0137466468720,-0.0045581144200,-0.0894949168176,0.1308146436730,0.4268302902508,-0.1736432561941,0.2223239149562,0.3361978707237,0.0202387976040,0.2334329562243,-0.1192945879373,-0.5373984365036,0.2848222892848,0.0810659867920,-0.2036545050440,-0.0419344174187,-0.1091357454816
0.2851873867892,-0.0509752550802,0.4534612299152,0.7068070723000,0.4366987156676,0.3423626048753,0.6324795806964,0.5832117245206,0.5852718436785,0.2334233240737,0.5445148530192,0.3450227509957,0.4795527516226,0.0600655155527,0.3878112038006,1.0000000000000,0.5627239968655,0.6413321226737,0.7803963167109,0.6651988259656,0.6691043706736,-0.0785784480901,0.2964150042996,0.6973206474766,-0.1517929561234,0.0978378069127,0.4826786385123,-0.1177063627075,-0.3060530892118,-0.2544052998901,0.7563709121919,0.3928648658416,0.5047793653824,0.1014172483564,0.6750519900340,0.5031694690914,0.4713800618366,0.3021939835193,0.4695736245545,0.1835987402003,-0.2639643206717,0.1492512523927,0.6643841101599,-0.1763098866187,0.1030844562215,-0.0834761697766,0.1092191519859,0.5191768885343,-0.1274595303129,0.3495929414962,0.2814127296047,0.0640715540963,0.5915932298238,0.4768785378332,0.4203130606327,0.6904415656280,0.3326326005374,0.5563456289195,0.6072067687978,0.5960152968692,-0.0854152466030,0.5153103832450,0.0378639295370,0.0911852082267,0.2435214894039,0.2248432146314,0.6050742441305,0.3564551014566,0.5388123391228,0.6382693802428,0.3580387737412,0.1034315130034,0.6783783280429,0.1581676810377,0.5929525512866,-0.0648472179604,0.3691488987078,-0.2562183450049,-0.4629231466533,0.6630599259147,0.1412747614495,0.3144564340920,-0.4949354661019,0.3721710860052,-0.0385803851715,-0.1378498088051,0.4991881623826,0.7097297042835,0.1809561030186,0.1251660398571,0.5106698486647,-0.0065824498842,-0.1113709478512,-0.4001538420461,-0.4039052189066,0.4672600077789,-0.3999857850886,-0.5143059901150,0.0182918950721,0.1246833836942
0.0962643981512,-0.1979387535422,0.1224757736497,0.3628887049431,0.3200202189537,0.3619769125131,0.3971720152920,0.7280897629878,0.5617622669949,0.3991947766823,0.5143656446158,0.4421362426152,0.8697302875937,-0.1660873399325,0.2664716552026,0.5627239968655,1.0000000000000,0.7024835888056,0.6128955803892,0.6206791290368,0.8006114707027,0.2440890190206,0.3659863802797,0.6870680159996,-0.1009762647617,-0.0123360311878,0.5289538355815,-0.1852085192930,-0.2284241535479,-0.3251340320315,0.6995081308754,0.3923916740498,0.7293703159800,0.2523364752361,0.2673015482522,0.1200907914240,0.5736135016430,0.3069577979730,0.3642767960841,0.2630634618505,-0.1881036439962,-0.1851130558083,0.3670718718572,-0.1662657680169,0.0187497009974,0.0138303535384,0.2331927904727,0.2992533082559,0.0105272347039,0.2673483866712,0.1202439740807,-0.1911089802895,0.2261820966912,0.2856152958221,0.3785296231767,0.2821919885732,0.5654276311089,0.6394667526949,0.5744976728667,0.5763902978647,0.2180954297407,0.4318654648782,0.1160692403424,0.1707223147292,-0.0002493523742,0.0251684047510,0.1812897389246,0.5962477050097,0.2959396148798,0.6324763717850,0.4153371886703,0.1772124319354,0.6345557565078,0.3078608338710,0.5093124837221,-0.2401103468708,0.2770599481848,-0.2416275054586,-0.3571858881688,0.5817213682762,0.2252884925971,0.4735364179366,-0.5770937177909,-0.0468886878316,-0.1546918512130,-0.0699709573872,0.4243575762023,0.3100548366868,-0.0734324488809,0.1583623871006,0.4585303597581,0.1991200952907,-0.0708696371512,-0.3175241858153,-0.2850004524389,0.2664508402501,-0.3371816178786,-0.1967695260412,-0.0067631042001,0.0994124712445
0.2525253605772,-0.2345955807815,0.3588850752254,0.4797129160705,0.4769843433630,0.4694717590780,0.5392582188667,0.7522131725547,0.4797552542843,0.3870823413674,0.6796706316572,0.5146754551267,0.6785155849340,-0.1878812616326,0.1536858095074,0.6413321226737,0.7024835888056,1.0000000000000,0.5363294205202,0.5908799893867,0.6759238444657,0.1650886382135,0.4877091157486,0.7865637539784,-0.2068362234219,-0.2613233569544,0.4876179297186,-0.2533658928726,-0.3248215182757,-0.4648895765274,0.7687993521565,0.1731142368473,0.5118972134640,0.1786947749554,0.3947149064230,0.0553042768412,0.6460203694339,0.1154802472483,0.4905330479065,0.2241829706107,-0.2315922442275,0.1189852077680,0.3544510997283,-0.4708459904263,-0.1847752335694,0.0738626432852,0.1756267092647,0.5542706259355,-0.0990844508169,0.4147919955069,0.2665468699557,-0.0594026907307,0.4292085897851,0.4472280900935,0.5542846955945,0.4156690512282,0.6254355030005,0.7521797481241,0.7905802129605,0.5121792298210,0.2066697114575,0.6872698658848,0.3180003841480,0.3789963005575,0.1910849709226,0.0828173124964,0.0260318382305,0.6701865270390,0.1138552789885,0.6814211023365,0.5211664845777,0.3941585551500,0.7966237261333,0.1081148591687,0.5220881176681,-0.4337473491747,0.3185067696255,-0.3370897048073,-0.4993840384009,0.8088581745222,0.1972495974813,0.4740732504746,-0.5609630586400,-0.1191012005787,-0.3691032294506,-0.0936345892695,0.5811431283725,0.3809267017110,0.0263841793505,-0.0887919025237,0.5590909160043,0.1479530326224,-0.3818220173852,-0.3355212077940,-0.2539055575072,0.5288082657555,-0.4386604352510,-0.2681369065830,0.3198852849364,0.3281732540375
0.0678347783173,-0.1321459910479,0.2385079388735,0.4604969331410,0.2447731817189,0.3257281744512,0.4739343620136,0.7396953394126,0.7722037959012,0.3044187643373,0.3764429468125,0.2803383423392,0.5264551881610,-0.0644637655911,0.2595062040421,0.7803963167109,0.6128955803892,0.5363294205202,1.0000000000000,0.8147089978417,0.5812855412075,0.0665721657260,0.1289899687026,0.6598628964222,0.0478696380891,0.0019866628957,0.4787285477156,0.0186036650305,-0.2758844221559,-0.1957256634928,0.6643932818939,0.2421031033129,0.4242926131183,0.0632164306900,0.3231132712590,0.4235459855935,0.4388078818725,0.3560036116266,0.2730963476513,0.1111761482214,-0.1921248484051,0.0616585117622,0.4249540201625,-0.1219014132224,0.1178439325829,-0.0054876357494,0.1372223169437,0.2837779935600,-0.0899781561189,0.1961619671368,0.1046998613417,-0.0770919708506,0.2564482566602,0.3581151919718,0.3336484987213,0.3900520442566,0.4427892059780,0.6879917813865,0.6179993990597,0.7799367964154,0.0416757116198,0.3381108293835,-0.0033489420010,0.1160025161967,0.0307513463476,-0.0754721881878,0.5487928185342,0.3620899684693,0.6600282344037,0.7158783188956,0.2701584696962,0.0308341635072,0.6690908210104,0.4013103346211,0.5724721148839,-0.1159606735442,0.2926040505743,-0.1033819083997,-0.3925448779734,0.5362884193063,0.0333318455548,0.2664404792894,-0.4164996754032,0.2281498539245,-0.0080766678253,-0.1876526822357,0.3717860186265,0.4098770580216,-0.0222012442122,0.2198970131848,0.3153180042692,-0.0315956239436,-0.0716582584693,-0.2709929960160,-0.3517690009314,0.2857094722356,-0.3264556758347,-0.3465639353855,-0.0382355001698,-0.0233828368331
0.0625360043723,-0.2098892707047,0.1338642463134,0.3412731394847,0.1573798710845,0.2305457300533,0.3316757505281,0.7337246952019,0.6911984502470,0.1965484403589,0.4168604012803,0.2420383097894,0.5268312071910,-0.2003066180914,0.1480893750862,0.6651988259656,0.6206791290368,0.5908799893867,0.8147089978417,1.0000000000000,0.5858888633897,-0.0090514739163,0.2761998656389,0.6986912716119,0.0769927577704,0.1417058646205,0.6647956796728,-0.0558210540203,-0.3483629349959,-0.2849448450406,0.7235817099286,0.4110040681292,0.5896580636206,0.1088314796000,0.2721297155748,0.2350530307724,0.5282773656124,0.6125121314274,0.3112516227201,0.1627002235314,-0.2870609888843,0.0226536248879,0.4611368083775,-0.0396961591337,0.2352499703256,0.0117988797016,0.1927495589443,0.2623699131804,-0.2541256141104,0.1382707416248,0.0184464644851,-0.1920678895449,0.2349916436468,0.2373482980044,0.2313185325604,0.2560402982296,0.5536109290514,0.7079852108551,0.6848441506858,0.7200756228208,-0.0564149377169,0.3577352076166,-0.0395500455992,0.1297709751279,-0.1210456525747,0.0179511568828,0.3101269113161,0.4259952829786,0.3567874071360,0.8841934578731,0.2423153085660,0.0736296250245,0.6872224831821,0.4187363808351,0.5820314462338,-0.0594841792036,0.5175925418947,-0.1542150258961,-0.4709890507029,0.6117614598415,0.1447385866476,0.4242106173036,-0.5144963014356,0.1546274788475,0.1119058580864,-0.1017728771932,0.4660843091091,0.2741835431029,0.0435605140474,0.3822722372860,0.3184249501141,0.0420917580986,0.0159605237143,-0.3019109945553,-0.3484670537340,0.2372069462893,-0.4767892298178,-0.4449954692056,-0.0712931589416,0.0226796977621
0.1425311807562,-0.0860655427497,0.2518094173118,0.5294002782638,0.3438179620070,0.4539930062409,0.4389180658721,0.6034548848992,0.4513438769128,0.4970031014160,0.6001427258956,0.6691611125781,0.7860423866270,-0.0334554869241,0.3757609953073,0.6691043706736,0.8006114707027,0.6759238444657,0.5812855412075,0.5858888633897,1.0000000000000,0.3031236947596,0.5493697031603,0.7325984776780,-0.2299281487663,0.0239040534631,0.5880601765380,-0.2067839571152,-0.2452193050353,-0.3330342193684,0.7615413544303,0.4949869415993,0.7218172420576,0.2962239489226,0.3487496410765,0.0634383532597,0.6618534064675,0.2264061470645,0.3581561755257,0.3457256426971,-0.1304195550857,0.0270416236624,0.5088941805123,-0.2446172110769,-0.0407640456194,0.1308402209813,0.3904737758185,0.3269246903089,-0.0032847260074,0.4251366993966,0.1228302138266,-0.0301653569634,0.3172345219111,0.3841889991336,0.4232684529687,0.3303572653377,0.4934483274586,0.5065166010369,0.5553062074399,0.5170579099994,0.2090175029083,0.5408449221531,0.2148518278534,0.1623411043880,0.0962214333584,-0.0364161405679,0.1572029285102,0.3785081515074,0.2782870453827,0.5755377011260,0.4351319308530,0.3845357159973,0.6044618115391,0.2794048841331,0.5272950877835,-0.2137606567785,0.2980505141131,-0.3268500670130,-0.4051149239531,0.5971077014706,0.3235989849753,0.4852780574109,-0.5551868879638,-0.1121801413924,-0.2715499399483,-0.0124557774048,0.4838058312401,0.3490000716785,-0.0910855347335,0.0333973343617,0.4772808922255,0.1696486491420,-0.1156280947083,-0.3188525535728,-0.2459850411692,0.3124826675937,-0.3765855438127,-0.2901347562908,0.1433018795117,0.2451412184877
-0.0168456471993,0.1477330979600,0.0542777508525,0.1037108797187,0.2426874754429,0.4648942643885,0.1020636390229,0.1261710231666,0.0758726065858,0.6398378159851,0.1906447159545,0.5147447876714,0.3132293530040,0.2345156920274,0.3424020678705,-0.0785784480901,0.2440890190206,0.1650886382135,0.0665721657260,-0.0090514739163,0.3031236947596,1.0000000000000,0.2829121515731,0.1955628003867,-0.0935079023928,-0.1298866293176,0.1428013643688,0.2450492511687,0.2456558768635,0.0377596298213,0.0734192349764,0.0673474304043,0.1370782378250,0.2137524649325,-0.2325228893853,-0.2555572384474,0.2031291952710,-0.1093061225279,-0.1278622879897,0.2440869933309,0.4886668865612,0.1501926908023,-0.1364128988685,-0.1497008247980,-0.0895058646682,0.5011126526708,0.4421008225668,0.0010746804730,0.5985809363874,0.2557957468740,0.0213868318447,-0.0373696462986,-0.2277307683804,0.2099430820530,0.3525787675592,-0.1659924801925,0.0950900196490,0.1227145397575,0.0059373393450,0.1033548346229,0.5251435608590,0.1755876118951,0.1809453933619,0.0122370117989,0.0609512192830,-0.3873740395266,-0.2131683113678,0.0203860459048,-0.0134734874232,-0.0032551712158,0.0067708021447,0.5079166869533,0.1429026606256,0.1475031334865,-0.1114951821446,-0.2887334349857,-0.1361553458860,0.1113533698803,0.0924721847403,0.0007913425298,-0.0751271250410,0.0043627890705,-0.0496931362090,-0.4226776533532,-0.3953315059962,0.0245226201882,-0.0527649551663,-0.1855914551109,-0.4500973653599,-0.1856083626610,0.0298110891108,0.1629301623714,-0.1098456409675,0.2042895925737,-0.0620536864801,0.0575313343130,0.2364439708656,0.4288472188755,0.2481929755857,0.0337685776216
0.1753300100108,-0.2049584698492,0.1538666329791,0.3843107677470,0.3124166718411,0.3192680337074,0.2568132054383,0.1845835478080,0.0112127344576,0.3142625604358,0.6597130270503,0.5448566466465,0.3656572259839,-0.1215485026080,0.1412686581738,0.2964150042996,0.3659863802797,0.4877091157486,0.1289899687026,0.2761998656389,0.5493697031603,0.2829121515731,1.0000000000000,0.5109998664345,-0.3986861770252,0.1324329724374,0.5814785051925,-0.3207598725390,-0.1008106398608,-0.4353368128383,0.4372955248561,0.5405289236675,0.4935587602620,0.3980519802591,0.2028913852732,-0.0867702523364,0.4883211443906,0.0546102326901,0.3143541588939,0.5514159254943,0.0053080296863,0.1833193882994,0.3246483825242,-0.2985186635498,-0.0842952017274,0.4124995139746,0.3526663775016,0.3635397329146,-0.0289284732272,0.3163051254419,0.1072999808465,-0.1160715775898,0.2903144696984,0.2530125892263,0.3325516015152,0.1620333289414,0.2320158478447,0.2299324181686,0.3082760688566,0.0782978335381,0.0666175299215,0.5812362896610,0.2891686155778,0.1289692652592,-0.0018246937684,0.1250729385811,-0.2207616546035,0.2935722499912,-0.2472813024216,0.3509876071792,0.2707501529915,0.6913738908718,0.3787725342483,-0.0984054302161,0.1825513519844,-0.2435836844765,0.4206041951068,-0.3230427497861,-0.2719268404629,0.4184470162664,0.3257192993355,0.3269840076117,-0.4316209669809,-0.1416290813106,-0.3894756703196,0.1179874659989,0.3816399226700,0.1099535369151,0.0757185050616,-0.2094261373002,0.3203409208616,0.4220673812131,-0.2227693619495,-0.2347370835951,-0.1840753583917,0.3233713286796,-0.3461636840577,-0.1842253100962,0.3098581390889,0.3743099650246
0.1853537334841,-0.2543587081090,0.3406590964390,0.5272341226025,0.4485744379741,0.5132761198976,0.5554686074182,0.6103908437031,0.5241015091096,0.3643472754684,0.5887469962382,0.4822789855109,0.6318170786937,-0.1694242464013,0.2304468805336,0.6973206474766,0.6870680159996,0.7865637539784,0.6598628964222,0.6986912716119,0.7325984776780,0.1955628003867,0.5109998664345,1.0000000000000,-0.2539436039103,-0.0435362175190,0.7460067481862,-0.1450873601546,-0.3061572395499,-0.4453671266416,0.8602699626385,0.3395602184155,0.5781279705459,0.2254601323354,0.3623309175196,0.1358786100795,0.7860758041115,0.3112409477386,0.5352245337092,0.3275397196491,-0.1746404815242,0.1497316581888,0.4591850801537,-0.3304774108813,-0.0884429925271,0.1419988046016,0.2435151234507,0.4873457326940,-0.0584799488406,0.3721086599323,0.2266785374768,-0.1468834041617,0.4043713461072,0.4904922703694,0.5589264987638,0.4131303538323,0.5767133077844,0.6712873402423,0.7033315500812,0.6124336996096,0.1414740177645,0.6603385256089,0.1942391379297,0.2400946895659,0.0994260834752,0.0400743821038,0.1136434993610,0.5621434045551,0.2174621622400,0.7679524456021,0.4029954492344,0.4139966276701,0.8483431154441,0.2386797280635,0.5843940594815,-0.2853592218483,0.5150758604069,-0.2565080398160,-0.4865789484319,0.7981501192390,0.2251677477788,0.4683902788583,-0.5510618046629,-0.0866633011328,-0.2864828397770,-0.0650879771304,0.6601835179821,0.4018759972809,0.0328070659341,0.0374057915421,0.6165250383790,0.1977226687750,-0.1924064942563,-0.2737945572244,-0.3342420572486,0.4880020760505,-0.4408111290577,-0.2836573733500,0.2540408865485,0.3232238030635
