1.0000000000000,0.1330516444725,0.5794976636003,-0.3154437676044,0.9230954677027,0.5176956874789,-0.3323313235235,0.4089632911512,0.5174046217163,0.4321602230969,0.5946370571788,0.6144873835722,0.5819443895306,0.6811582398032,-0.0272962854624,-0.4004789020297,0.4683974722847,0.5358296570886,-0.2772174394228,0.6215761214854,0.2013135504383,0.2649560663870,0.5942613414934,0.3245836396699,0.6149638295916,0.6315405073465,0.5393145697695,-0.1508937561090,-0.5964590957081,-0.1819602904905,-0.2186582879389,0.6706667879373,0.6473365513464,0.1821512219540,-0.1213246952572,-0.5223377285797,0.5952264522828,0.5651554932951,0.0252849092806,-0.0540420574914,-0.0769594653550,0.2862037372485,-0.4670681786528,0.1210905543062,0.5777662099003,0.0192249038130,0.3633771933515,0.5137056271156,0.4670562042357,0.2309472996237,0.7817365496219,-0.1526891544107,-0.2169777771648,0.4325341695625,0.3281571906335,-0.4905523804417,0.6478409132903,0.6598598849274,0.6008537016774,0.6356589866366,0.5125399769309,0.6214908780519,0.6399343315754,0.6644510360487,0.3837369333000,-0.1625969028792,-0.4607065322569,0.6516021521367,-0.3223578900959,0.6928652352159,0.6504289980130,0.4863139978494,0.6047931686603,0.6526865319644,0.3987198884730,0.2233959292226,0.5530015085361,-0.3082362704932,-0.6775647178169,0.4579492196421,0.4138236114200,0.6798343055939,-0.4122607084099,-0.3439031981512,0.5796939088281,0.1032662222877,0.6224962063118,-0.3131467865875,0.2176132354217,0.5630388522710,0.1079306751553,0.1383286144366,0.2588381938522,-0.3812295796388,-0.1258212884261,0.4478264181035,0.2351728727597,-0.5503083487503,0.3098052047970,0.3887006364297
0.1330516444725,1.0000000000000,0.7341373241914,-0.2046569190946,-0.0584912160332,0.0339729683932,-0.1455803515079,-0.1680377164927,-0.0099900851324,-0.0614442568101,-0.3084571446109,-0.1489801284548,-0.1202677627232,0.5811839804887,0.4356543098651,0.0866146710997,-0.0686349000381,-0.0180000337692,-0.3154340890413,-0.1247171035990,-0.3090142477956,0.1961360430781,-0.0923478418591,-0.3484315882115,-0.0367064178394,-0.0651201939851,-0.2009447012448,0.2451539729650,0.2123639056069,0.7228116657047,-0.1751453458780,-0.0743667149518,-0.1489082208554,-0.1174113837782,-0.0041354041799,-0.0458769379994,-0.2577095488101,0.0607611121393,-0.2176655544814,-0.3240660178840,0.3163038931732,0.5474293403586,0.0426803624615,0.0059310127091,-0.0553511166269,0.1321526775614,0.3309720386029,-0.2909236356372,0.5359567401227,0.1292739210423,-0.0909982721528,0.7661064085185,-0.1585490212034,0.3129447353754,-0.0298347856996,-0.1294923689752,-0.1142977595863,-0.0117411932092,0.0162601947963,0.0583795693050,-0.1550271420350,-0.1536592652099,-0.1358962124960,-0.0847403210345,0.3640427989738,-0.0354870641779,0.1005500890915,-0.1261398881613,-0.2908038549841,-0.0280875603385,-0.0550829484981,-0.1279088394854,-0.2277755001949,-0.0041016041428,0.0373326303595,0.2448356920761,-0.1874743550073,0.1430036123655,0.0308773492085,-0.2217541673181,-0.0882524622273,0.0224631169056,0.4592212613725,0.1068038344571,0.2154636808534,0.0620600782048,-0.2349792585611,0.0984831395205,-0.1492026320997,0.0649741319077,-0.3362892895929,-0.2863881105981,0.1991608295516,0.0195479047098,0.0480532513716,-0.2840023592345,0.5102348453514,-0.2326721362171,-0.0979927784342,-0.3205293804318
0.5794976636003,0.7341373241914,1.0000000000000,-0.3039501501455,0.4223674076610,0.3482042593494,-0.2471862438465,-0.0348648001026,0.1745015805679,0.0579264223869,0.0001854532559,0.1097996256342,0.1048488605684,0.6579645745146,0.2972181095941,-0.0972305142119,0.1382443189823,0.1683679814909,-0.4010038087041,0.1151152045355,-0.1722318726020,0.2480276011299,0.1836631455577,-0.1022423059725,0.1550320851409,0.2000291369145,0.0713693442044,0.2419058855621,-0.1552688721976,0.4320621072364,-0.1848267923563,0.1974534408976,0.1374479536596,-0.0260908366788,-0.1077892059284,-0.2625693329192,0.0830295023342,0.2535776866041,-0.1605829522381,-0.2984941043233,0.2258002798750,0.5469686780460,-0.1388884551584,0.0325999835041,0.1625787238667,0.1852893987638,0.4502799406836,0.0185078094418,0.6017208211999,0.1964542930631,0.3250839000883,0.5082393026887,-0.2133923048965,0.5320246858798,0.1684617384879,-0.3085421218228,0.1123616160389,0.2057073772394,0.2287590962930,0.3201465763682,0.1075973245425,0.1193688091047,0.1296553585238,0.1709350465642,0.4940328624841,-0.0929587299069,-0.1047777662925,0.1516866535562,-0.3814439144435,0.2474776617940,0.2081403860356,0.1066589437812,0.0634210345853,0.2232543794438,0.2581626216566,0.2307167205067,0.0651572621372,0.0881701601040,-0.2972713577372,0.0525329902247,0.0255156644696,0.2735136934758,0.2433640914253,-0.0295048447851,0.3788022122865,0.1411325985381,0.0974921744553,-0.0577025226473,-0.0227242823586,0.2598277728027,-0.2097073238042,-0.1930123433811,0.2380018165117,-0.0359535781042,-0.0719059586145,-0.0561744555574,0.5079120700288,-0.3538917651908,0.1722014240651,-0.0698631129749
-0.3154437676044,-0.2046569190946,-0.3039501501455,1.0000000000000,-0.1954372579442,0.2068611021190,0.8206680821754,-0.1802607429994,-0.3158285188951,-0.1027215124010,-0.2855602474577,-0.3392202381615,-0.3897614188583,-0.4899427490413,0.5547308561494,0.3699477147107,-0.2725742488114,-0.4745770559337,0.3294617979368,-0.3828035892095,0.1893751345957,-0.2884501815234,-0.4042852771150,-0.0753021574494,-0.4338105864683,-0.4119559098014,-0.3219552826661,-0.0320760837757,0.2359033405157,-0.2823510099521,0.4052314531346,-0.4624974094793,-0.4164778234726,-0.0638643983603,0.1372670559181,0.5062836401434,-0.2877323898097,-0.4182417408325,0.2666273273089,0.1898467445199,0.0906813090728,-0.1381586748859,0.5609700431183,-0.0502995707927,-0.3943009804853,-0.0505861585143,-0.3152874340464,0.2282802031800,-0.2722018389997,0.4188936339911,-0.0836896118746,0.1694268490358,0.9403891296813,0.2371167526426,0.4241392236360,0.7598320767844,-0.4746754848400,-0.4858420340115,-0.4612270197804,-0.4811503234856,-0.2454202894231,-0.4637368206203,-0.4230207275500,-0.4891622255281,-0.0162493056851,0.7823316277224,0.3111460552592,-0.5523129454121,0.3542102366452,-0.4808287547951,-0.4771487622392,-0.2938451792583,-0.4071271881293,-0.4404007108630,-0.2655697744959,-0.2738017521745,-0.3558133355110,0.1418274613737,0.4590375934586,-0.3031204632737,-0.3054286557398,-0.5095319265312,0.0042967618756,0.2314733153683,-0.5274143601017,-0.1552040835648,-0.3822927533041,0.2393617984309,0.0961533585980,-0.5225978941639,0.2538128865114,0.0545922604699,-0.2515380242242,0.2050320474100,-0.0173413053861,0.1129523671279,-0.3716215576175,0.4842792707936,0.0218506277590,0.0298107481989
0.9230954677027,-0.0584912160332,0.4223674076610,-0.1954372579442,1.0000000000000,0.6556568377712,-0.2657946103257,0.4818816627658,0.5424263207748,0.5510290567471,0.6928194769806,0.6692014120834,0.6334576300472,0.5751158165281,-0.0322026086118,-0.3824450477064,0.5366092849363,0.5780758649531,-0.1824871350824,0.6432822892984,0.3201613868347,0.2475058752500,0.6391231360185,0.4250508413383,0.5838920833545,0.6207318600484,0.5906240833030,-0.2855252408675,-0.6129699983971,-0.3642649240153,-0.1418806711915,0.6755849988798,0.6802183840616,0.1375335033175,-0.0735258090387,-0.4681572078168,0.6756125871008,0.4727454513860,0.1273646959698,-0.0036028538807,-0.1555834810287,0.2103133729141,-0.4503823856710,0.0413598252687,0.5452728381988,-0.0740877978947,0.1882020287462,0.6512967383994,0.4016288724585,0.2949087365291,0.8583318533878,-0.2368254196474,-0.0948952771388,0.5234906727451,0.5074686223106,-0.4359738302642,0.6514041175654,0.6454688353368,0.6115620993074,0.5897425996060,0.6175510860932,0.6805140317370,0.6672462377586,0.6576716759359,0.4276697691128,-0.0508898819659,-0.4656215235445,0.6647411792695,-0.2380746268450,0.6648349519402,0.6459378653350,0.5529945188192,0.6625596326565,0.5993461705400,0.3140592924066,0.1503908295658,0.5902760891606,-0.3931210788671,-0.6238185195757,0.5151530384432,0.4148157444325,0.6410994476912,-0.5031129832285,-0.3696356359433,0.4552017742473,-0.0068429916488,0.6876236700682,-0.2986904468393,0.2745628388450,0.4632431961687,0.2427086983639,0.1528669063325,0.1441712454061,-0.4031078807271,-0.1859671272159,0.5942480718863,0.1467076388820,-0.4472785456825,0.3850544847981,0.5101611567487
0.5176956874789,0.0339729683932,0.3482042593494,0.2068611021190,0.6556568377712,1.0000000000000,0.0977194885465,0.2807162821548,0.3871829166074,0.5318278668550,0.4521429178171,0.4184845211361,0.3983482778253,0.3455284336771,0.4284190120859,-0.0997269709457,0.4750736068254,0.3298880238462,-0.1785502161796,0.3753923155612,0.3840534026783,0.1272952517868,0.4521952452827,0.3801490962168,0.2867688076006,0.4028779617201,0.3978444902259,-0.2441089045039,-0.3927613931986,-0.3447495934324,0.0676978041175,0.4304586446385,0.4501285102310,-0.0526134324159,-0.0241470695796,-0.1509917341424,0.4734699897587,0.2640099780044,0.2200277225337,-0.1500131242082,-0.1685267049226,0.2628677161659,-0.1092960102218,0.0135359159555,0.3139337462477,-0.1056040894547,0.0702809362729,0.6594726118900,0.1786613737646,0.5946870255738,0.4872187299930,-0.0112061949718,0.3159473368132,0.7714032085018,0.7643741305451,-0.1056538099593,0.3284659906371,0.3277976062869,0.3606988523137,0.3706892208487,0.4787713080149,0.3842777408629,0.3881320557888,0.3488220202582,0.4592051729448,0.3291555549339,-0.2116907590599,0.3475356383065,-0.1419976846441,0.3761035314453,0.3235830957557,0.3216638131109,0.4242725323763,0.3076200845754,0.1935632200828,0.0504388683747,0.3489903004530,-0.2756672589866,-0.3232777768942,0.3552814400793,0.2087008402794,0.3579527244635,-0.3229254879986,-0.1690747309508,0.1912752753891,-0.1675655685913,0.4175634608902,-0.0773636104979,0.2071811974299,0.1651417364293,0.2524488958952,-0.0727105628301,0.0499006585729,-0.3285499834786,-0.1298143152844,0.5516505133194,-0.0280099172854,-0.2313172801760,0.2445609981951,0.3659089129101
-0.3323313235235,-0.1455803515079,-0.2471862438465,0.8206680821754,-0.2657946103257,0.0977194885465,1.0000000000000,-0.4415907822175,-0.4744453442283,-0.1969603347299,-0.4240643783600,-0.4657903613655,-0.4526301794223,-0.4376472961188,0.4222843619955,0.5140654518140,-0.2742742594360,-0.5793621050103,0.1214782266896,-0.4617932043080,0.0863400571119,-0.2393622642354,-0.5437745424278,0.0222928276628,-0.4637075478544,-0.4816290757294,-0.3623401902709,0.1623595558954,0.2425926681554,-0.1249595530469,0.6830284752775,-0.4994041242772,-0.4429063304723,0.0514299426845,0.2428202203078,0.5351489277334,-0.3187263296422,-0.3575988774047,0.4997728267285,0.2856525224723,0.0273626784624,-0.1816028465284,0.7419421459085,0.0620358342211,-0.4129148191741,0.0821141357778,-0.1125211299602,0.1100596550590,-0.1871201913459,0.2939532037385,-0.1911987843808,0.1390154439550,0.7835969698742,0.1588094021296,0.3536811334934,0.9439849032090,-0.5822712452797,-0.6448874681813,-0.6025602427978,-0.4688054684640,-0.3736495785064,-0.5125676119566,-0.4737340543195,-0.5143993307854,-0.2086892817170,0.6510184204200,0.5317808656611,-0.5966533103142,0.2786276976400,-0.5395575636916,-0.5407825983212,-0.3260867031557,-0.4384559711873,-0.4339555814341,-0.0990152709382,-0.2330858110904,-0.3612310924026,0.2954005937326,0.3918571286419,-0.1190003813935,-0.2741622932948,-0.4708181404870,-0.0017223832517,0.5464792520924,-0.3798207289834,0.0542479019457,-0.4105427756583,0.5077599264812,0.0827078320075,-0.3773100650879,0.4685752406834,0.2171582512417,-0.0669989345107,0.3562316759435,0.1650611924292,0.0826383226747,-0.2669100822728,0.3854152765918,-0.1288226491583,-0.2408904012950
0.4089632911512,-0.1680377164927,-0.0348648001026,-0.1802607429994,0.4818816627658,0.2807162821548,-0.4415907822175,1.0000000000000,0.8922886518307,0.4975496282530,0.7183411012167,0.6662257219134,0.7421750129902,0.2377392312243,-0.0687886757282,-0.4379154160624,0.6740358798442,0.7717065599490,0.2778387337942,0.8225274914258,0.4695351005900,0.0786569315142,0.6182149741734,0.3918283765976,0.7243843282669,0.5975219093351,0.5608186418970,-0.4749766982567,-0.3929623739012,-0.3666140231507,-0.3759825567160,0.6144148612575,0.6935301677253,-0.0940377720812,-0.0750814416611,-0.3799698346862,0.6309567522553,0.4922459626877,-0.1047308309997,-0.1895079588008,-0.2607429714511,0.0891768373802,-0.5825194400457,-0.0858393802409,0.6508322862853,-0.2895566773013,-0.0794915314932,0.3855064637854,0.0237916063423,0.2208340258064,0.4669628639057,-0.2661915142213,-0.0807900714923,0.1628581404925,0.2480399258605,-0.5454349451184,0.7325850075519,0.7965926602992,0.8353961899481,0.6323966969928,0.5414047828876,0.6502157048631,0.6351900381801,0.6402398313655,0.2355208107161,0.0093988692160,-0.5684766474152,0.6625932088183,0.0745654785977,0.6643756000727,0.6451097812988,0.5437030994379,0.6647543959420,0.6226524299989,0.0642706552201,0.1697181230289,0.5262634211683,-0.4698550563531,-0.3812084970070,0.2822436376784,0.4706782276472,0.5464075698577,-0.3611672006877,-0.6465819858836,0.2975302278052,-0.1992944206005,0.6251303386360,-0.5031682955311,0.3564946513213,0.3014276164372,0.0299273898160,0.0055013356077,-0.0622926439126,-0.3597766235513,-0.0904533291998,0.4498993797435,-0.0507917744466,-0.2805142924222,0.1720288137704,0.5507454507825
0.5174046217163,-0.0099900851324,0.1745015805679,-0.3158285188951,0.5424263207748,0.3871829166074,-0.4744453442283,0.8922886518307,1.0000000000000,0.5129054729913,0.7095615884337,0.6906824479535,0.7769998313624,0.3891094213355,-0.0008137205016,-0.3787853455700,0.7658703150237,0.7940966423756,0.1164390660526,0.8843192951688,0.4347556641237,0.1597138895338,0.6853783903052,0.4653936351655,0.8281811061330,0.7092609577952,0.6450900660422,-0.4104172101478,-0.5128496675238,-0.2766154199585,-0.3292898051219,0.7255625638746,0.7762710442311,-0.0874910603308,-0.0932958447452,-0.4138273381599,0.6710194864530,0.6745301061438,-0.0908866601294,-0.2770266247868,-0.3076985618401,0.1647927454229,-0.5443617127925,0.1014205126377,0.7150392645723,-0.2330539027678,0.0665135333121,0.3781494732493,0.1237098470912,0.2565007600372,0.4357163023029,-0.2389983796741,-0.2003055859919,0.2243886050791,0.2505187397511,-0.5923785769783,0.7561844417449,0.8217705321362,0.8943688561085,0.8572257239780,0.5588436128724,0.7012591477868,0.6942534157789,0.7120610127372,0.2272442389007,-0.0602835981524,-0.4937646926086,0.7363639167613,-0.0132843112617,0.7628004216491,0.7237710769593,0.5611177607996,0.7503772251227,0.7406583774662,0.3276757627812,0.3125673905988,0.6208425266802,-0.4828213922059,-0.5874212759876,0.4376174861033,0.5290449811391,0.6919042643655,-0.4216019284979,-0.5151361227361,0.5111175069747,-0.1678095019914,0.6786691893599,-0.4019739597003,0.3824579257557,0.5092892588135,0.0215581391415,-0.0317798415389,0.2039062764925,-0.4154337601844,-0.0673401049258,0.4115237662450,0.0092434938551,-0.4630337078930,0.1049748499836,0.4481740097684
0.4321602230969,-0.0614442568101,0.0579264223869,-0.1027215124010,0.5510290567471,0.5318278668550,-0.1969603347299,0.4975496282530,0.5129054729913,1.0000000000000,0.6098346730159,0.6302852912030,0.6134058615728,0.3784370053031,0.1426514585873,-0.1790740722146,0.6273343855772,0.5388419318109,0.0025156438901,0.4863560457365,0.4607617089544,0.5440310025221,0.6013017380277,0.3739194896566,0.4255851903245,0.5618242243479,0.5009362047501,-0.4249914425518,-0.2315200479124,-0.2155280445996,-0.0218443578638,0.6216180567381,0.6044768970762,0.2557465439190,0.0285560536494,-0.2316953380120,0.5321720096633,0.3107552124352,0.1685188563215,0.1259203698415,0.0687064048530,0.4103944083144,-0.2845191266159,0.0982685410984,0.3792082428820,0.1418964172165,0.2191629750585,0.4585717118598,0.2394748909587,0.4302711350373,0.4548309585768,-0.1613047612756,-0.0532771357381,0.3167038614257,0.4559729276305,-0.3447885548499,0.4779999224403,0.5027252340153,0.5182061364136,0.4569971732674,0.6300974687409,0.5309665985836,0.5116041363101,0.4688790680993,0.1999564305019,-0.0037073436421,-0.2886987544935,0.4980637610719,-0.0712749760751,0.4358182722898,0.4618128544406,0.4510114678256,0.5105477650903,0.3866776737821,0.1537846989883,0.1017195411278,0.4319050941572,-0.5284726303978,-0.3132828171071,0.4029853963929,0.3638379384791,0.4516993774193,-0.4403783895760,-0.2646256396047,0.2479677204332,-0.1914381137634,0.4797059554418,-0.1825491960065,0.2583906266897,0.2578299358755,0.2030202384500,0.1187787103972,0.1166697753373,-0.4443456976188,-0.2536741428652,0.4892814629620,-0.0149858184726,-0.3184913198127,0.2001188490738,0.3885590497552
0.5946370571788,-0.3084571446109,0.0001854532559,-0.2855602474577,0.6928194769806,0.4521429178171,-0.4240643783600,0.7183411012167,0.7095615884337,0.6098346730159,1.0000000000000,0.9408012600964,0.8824076929367,0.3393298937391,-0.2892341312923,-0.5406851565549,0.7054234574213,0.7572255398779,-0.1003902893989,0.8384181466047,0.5616566394154,0.1668079350954,0.8683989768055,0.5539089721516,0.7313908211974,0.7566107746064,0.7656820951706,-0.4707914497899,-0.5719564005002,-0.5223054044771,-0.2602472725266,0.8236388136633,0.8812864143868,0.0180050601984,-0.0597042793092,-0.5809684307653,0.8866698662230,0.5368667924177,0.1270792192886,-0.0974906025219,-0.3380091142709,0.0676726262021,-0.6105716610194,-0.0396263337149,0.7054178160373,-0.2638352949956,0.0398182545710,0.6927789857419,-0.0934024941339,0.3052234516581,0.4943026642142,-0.5642947683555,-0.1871450794576,0.1336793406726,0.2270527187885,-0.5641009210970,0.8561445286778,0.8223780666472,0.7820187492203,0.7038215794233,0.6343518960934,0.9139896707399,0.8679616338920,0.8725900094217,0.1690071961077,-0.1461137082255,-0.6239803509835,0.8820155469866,-0.1889039760459,0.8144501288351,0.8406315705699,0.6504744028851,0.8622331740754,0.7203259817211,0.3095483641562,0.2276133949107,0.8063351935950,-0.5085924842540,-0.6354649719918,0.5965104808149,0.5588500692533,0.7794935848086,-0.5829885793182,-0.5411222339720,0.5065089634907,-0.0558976363975,0.9053153143548,-0.4101569008353,0.3639112746426,0.5200975697730,0.3066999849307,0.1609451123074,0.0567216128102,-0.5491876399711,-0.1846691959215,0.6918151810521,-0.1043481802543,-0.4903831089314,0.1673521881217,0.6663002779888
0.6144873835722,-0.1489801284548,0.1097996256342,-0.3392202381615,0.6692014120834,0.4184845211361,-0.4657903613655,0.6662257219134,0.6906824479535,0.6302852912030,0.9408012600964,1.0000000000000,0.8887288431788,0.4028862796824,-0.2484242447302,-0.5014432100783,0.7100123140248,0.7583662182703,-0.1627650968739,0.7884826291333,0.5311103643654,0.3015188149243,0.9176088830292,0.4876097614607,0.6899288351695,0.7873274271237,0.7570392781596,-0.4168185227208,-0.4865440429588,-0.4139988936926,-0.2768361752889,0.8502986456189,0.8704684716667,0.0887571044415,-0.0500105815904,-0.5570873409773,0.8256306762112,0.5209094308561,0.0788078535326,-0.0889669864663,-0.1783865001503,0.2446969467327,-0.5929222643610,0.0062389062968,0.6657704015055,-0.1431329161988,0.1936328939843,0.6369554370796,0.0115074066208,0.3591880433493,0.4776727190911,-0.4297529492781,-0.2207840581536,0.1730277462185,0.1981103990906,-0.6015627313318,0.7967445472514,0.7844146660759,0.7607076643896,0.6931177628048,0.6292226831321,0.8836757776418,0.8728544931249,0.8558960649505,0.1786641330312,-0.1825380805523,-0.5776601237080,0.8322744525920,-0.2268156616883,0.7766949967015,0.8288688857956,0.6881982976696,0.7939562735430,0.6823093117563,0.2635075255920,0.3196735003794,0.7784868524705,-0.4736758701965,-0.6032587679051,0.5424330884198,0.6130780874715,0.7821744545676,-0.4947282789279,-0.5192682293223,0.5076977436771,-0.0015560496021,0.8332229321123,-0.3772356457101,0.2948831660528,0.4881247196756,0.2200514381778,0.1701418493856,0.1291681055642,-0.5069936710783,-0.1383413718323,0.6279593339681,-0.0543879633238,-0.5009213045304,0.1957419008949,0.5983784498741
0.5819443895306,-0.1202677627232,0.1048488605684,-0.3897614188583,0.6334576300472,0.3983482778253,-0.4526301794223,0.7421750129902,0.7769998313624,0.6134058615728,0.8824076929367,0.8887288431788,1.0000000000000,0.4522478511763,-0.1734993248317,-0.4591024892993,0.8537724186804,0.8190238408775,-0.0980787555582,0.8581575159632,0.5407272626717,0.2511507585205,0.7997623663706,0.5678541658523,0.7660034517760,0.7980151751351,0.7544474133015,-0.4166840480131,-0.5037676658852,-0.3334070266239,-0.2101578281104,0.8453853393740,0.9085973298237,0.0574800149481,-0.0272900572526,-0.5170392505224,0.8218730063521,0.6377317178017,0.0821116452293,-0.1534493846190,-0.3103263001485,0.1725289514400,-0.5540902458166,0.0692683369025,0.7505627134027,-0.2458331488660,0.1903907975371,0.5181235653404,0.0770432793831,0.3025895437768,0.4735855587840,-0.4096328628101,-0.2532731216581,0.1841683171739,0.2362807718537,-0.5896931135700,0.8301587000736,0.8097209276965,0.8057976616612,0.7683033435725,0.6252801324046,0.8634750980597,0.8568980014557,0.8844664651279,0.1829682622048,-0.1977743051091,-0.5092758331614,0.8602155364173,-0.1429706552867,0.7905268465520,0.8316266792794,0.6679582098817,0.8219371915740,0.7404231881976,0.3025318331770,0.3626879469514,0.7399510700090,-0.4611886931285,-0.6054358760562,0.5950450187564,0.6577770607394,0.8180661355969,-0.4960919582988,-0.4743458394208,0.5941446479148,0.0382274342017,0.8214019214967,-0.3454803635188,0.3245277494903,0.5648790389647,0.2205721130713,0.1732611059570,0.2130481238298,-0.4551555337618,-0.0233833508100,0.5758268582462,0.0236888763276,-0.5076365900030,0.0932808145432,0.4820173919026
0.6811582398032,0.5811839804887,0.6579645745146,-0.4899427490413,0.5751158165281,0.3455284336771,-0.4376472961188,0.2377392312243,0.3891094213355,0.3784370053031,0.3393298937391,0.4028862796824,0.4522478511763,1.0000000000000,0.1502222185564,-0.4271759221343,0.3190255146335,0.3974574723638,-0.4664462410313,0.4898029154873,-0.1422428913842,0.2423429588839,0.4011200929696,-0.0042787458126,0.5364292476809,0.4935113606264,0.3376917680021,-0.0031743690987,-0.3076688353694,0.4036555091693,-0.4017254269438,0.5273268024526,0.4949428961651,0.0685044459396,-0.2157980351030,-0.5919323726468,0.3067631158065,0.5410360453005,-0.2306034771568,-0.2490585405118,-0.0658644599979,0.3777047863192,-0.5004431987091,0.0721600294437,0.5156423806869,-0.0589531583511,0.4030994738707,0.1774293033658,0.6398539997172,0.0772247995715,0.3878580329955,0.1432562827007,-0.4040919294494,0.2886701606662,0.1525815679361,-0.5317680397535,0.5554892452790,0.5908613621229,0.4966133077893,0.5421278118060,0.2797711792378,0.4847136715831,0.4607662609376,0.5449120596964,0.4930727707529,-0.2627023607838,-0.4378596699559,0.5412925273315,-0.5216541764398,0.6157329558068,0.5131742464712,0.2319003179125,0.3798056336517,0.5996357167452,0.2683613285805,0.2964316536638,0.3843727680024,-0.1839027535762,-0.5255004061471,0.2178426590099,0.2640077617239,0.6282586151608,-0.0827770906011,-0.3215429498293,0.6579695805543,0.1160839768799,0.3886952602003,-0.3110954206072,-0.0536429712400,0.5824526154784,-0.1766537598954,-0.0649798065085,0.2935230907850,-0.4218595315793,-0.1070805024041,0.1864186700310,0.5935007091202,-0.6614250362870,-0.0645240786189,0.0848971050557
-0.0272962854624,0.4356543098651,0.2972181095941,0.5547308561494,-0.0322026086118,0.4284190120859,0.4222843619955,-0.0687886757282,-0.0008137205016,0.1426514585873,-0.2892341312923,-0.2484242447302,-0.1734993248317,0.1502222185564,1.0000000000000,0.2402667222925,0.0155496011668,-0.2317271441252,0.1015776829031,-0.1861946962777,0.0283158207010,0.0192256490023,-0.2299803108931,-0.1718960856781,-0.1908990323599,-0.1501976662409,-0.2365224960769,0.1120198160564,0.2164470561155,0.2315964428346,0.1317368843622,-0.2122716433457,-0.2128658768491,-0.0846598111378,-0.0736665677861,0.2925178205560,-0.2726559516149,-0.0709220393576,-0.0508737151969,-0.1595492761594,0.2239795029637,0.3018068239761,0.3550449577750,0.0514467249859,-0.1585767803351,0.0563881697091,0.0648365932310,0.0624633488232,0.2527039032319,0.5828984149462,-0.0363285962247,0.5293546880067,0.5773334983983,0.5224830595894,0.5208618505002,0.3205142218613,-0.2865819377763,-0.2154595632910,-0.1604619224219,-0.1008278609619,-0.1271022236985,-0.3567184615220,-0.3038970822165,-0.3084238769993,0.3283891564494,0.6300958616488,0.1854242511797,-0.3591035788317,0.1403453771678,-0.2255383931184,-0.3029865957037,-0.2686543909076,-0.3131735159473,-0.1792771222343,-0.0791214491510,0.0281956768789,-0.2882306735836,0.1224372353407,0.2057600795793,-0.2976984999829,-0.1872017991754,-0.2322948733855,0.1770517056120,0.1082528848730,-0.1442803342167,-0.0773996947708,-0.3480349617034,0.0740587089499,-0.0199982925145,-0.2161418717866,-0.1453386154604,-0.2016783900259,0.0299198615950,0.0534546033961,0.0330269812621,-0.0635238934923,0.0754631832225,0.1241786401463,-0.0781818728812,-0.1774062771016
-0.4004789020297,0.0866146710997,-0.0972305142119,0.3699477147107,-0.3824450477064,-0.0997269709457,0.5140654518140,-0.4379154160624,-0.3787853455700,-0.1790740722146,-0.5406851565549,-0.5014432100783,-0.4591024892993,-0.4271759221343,0.2402667222925,1.0000000000000,-0.1269252784358,-0.2052274128225,0.3560543719519,-0.6138535448271,0.1508302581057,-0.0299482161676,-0.4953840308015,0.0992678244624,-0.5398909938870,-0.5255649366056,-0.4966874899910,-0.0642925119513,0.2458111902881,0.0038836049971,0.7498373967825,-0.5000436289870,-0.5799966906271,0.0761746722473,0.7531691576212,0.8982961244446,-0.4165472802583,-0.4948793896376,0.5844657435291,0.2994821847280,0.2119935655145,0.0994623582786,0.8715942470375,0.0837443146345,-0.6975743465947,0.1522562985994,-0.1788886186470,-0.1996769372514,-0.0513058133269,0.1496666967241,-0.1898205891427,0.4310182813136,0.2684054504642,0.1294902997964,0.0216652809530,0.5444188190349,-0.7030158211252,-0.6570227733918,-0.4055820731035,-0.3948689162883,-0.3064822476540,-0.5664383561935,-0.5565401047432,-0.6368160964594,-0.1818285619314,0.2270708544281,0.9265352862492,-0.5908468820062,0.4836464370322,-0.7219262313569,-0.5437498238475,-0.2953667124925,-0.3681907399679,-0.6714395916049,-0.0201561233713,-0.2622761952033,-0.5879642124123,0.0220052738195,0.4168271615327,0.0656778978906,-0.3070022581388,-0.6262910065787,0.1268612224792,0.8558156608909,-0.5057038563094,-0.2620821956416,-0.5077588422391,0.8913807967321,0.2680916660731,-0.4812545514285,0.3317713241247,-0.0222514813010,0.0319189477248,0.2776949377886,-0.0454957162711,-0.2026545263643,-0.2842283173715,0.4118208583007,0.0524051218491,-0.3891011117789
0.4683974722847,-0.0686349000381,0.1382443189823,-0.2725742488114,0.5366092849363,0.4750736068254,-0.2742742594360,0.6740358798442,0.7658703150237,0.6273343855772,0.7054234574213,0.7100123140248,0.8537724186804,0.3190255146335,0.0155496011668,-0.1269252784358,1.0000000000000,0.8122287499646,0.0276188291035,0.7082032039007,0.6922163369058,0.2664733742876,0.6770372433159,0.6611089648643,0.6084545040988,0.6885279809894,0.6647428887081,-0.4471095122268,-0.4529029290749,-0.3475236150401,0.0912273232608,0.7406712365586,0.7823739040827,0.1199176752025,0.1586249640404,-0.2121743373772,0.7490993731994,0.5186959878380,0.2635877720010,-0.0577380390420,-0.2520372205564,0.2987349886336,-0.2351135970895,0.1354162927544,0.5456002643308,-0.1345512127240,0.1757564734653,0.4487194019341,0.1087291467614,0.4497074594156,0.4360596062767,-0.2285196059455,-0.1593478129956,0.3250178914572,0.3573231750344,-0.4266972624378,0.5827203465133,0.6013304782136,0.7190462640714,0.7189540716963,0.5903042328942,0.6817161939757,0.6753847335193,0.6540924913431,0.1319338256783,-0.0625170137816,-0.2257402010751,0.6719445026388,0.0356468331013,0.5810350174670,0.6570988298955,0.6113139355278,0.7087447966650,0.5411934705701,0.3354355199809,0.2991792205307,0.6007719315580,-0.4831871721690,-0.4953197309107,0.6167918701053,0.5854243775290,0.6271919792643,-0.4592931546097,-0.2243470214371,0.4261272765978,-0.0878508622364,0.6805699078465,-0.0809830397052,0.4548321562419,0.4138558357399,0.3125466474004,0.1257846328587,0.2422217096720,-0.3425369500016,-0.0176301030602,0.5142853449441,-0.0774989498144,-0.3443501730765,0.1929286194784,0.3358318537270
0.5358296570886,-0.0180000337692,0.1683679814909,-0.4745770559337,0.5780758649531,0.3298880238462,-0.5793621050103,0.7717065599490,0.7940966423756,0.5388419318109,0.7572255398779,0.7583662182703,0.8190238408775,0.3974574723638,-0.2317271441252,-0.2052274128225,0.8122287499646,1.0000000000000,0.0823305838362,0.7401414072310,0.5065118235906,0.2336347406795,0.7367477382095,0.5813047210008,0.6841986345593,0.6492815094803,0.5903700911301,-0.5363716187304,-0.5306116646275,-0.3290913511864,-0.1632564620010,0.7483561515591,0.7241288474425,0.0662677816794,0.2679840418165,-0.3201125009587,0.7534658619039,0.4672832785433,0.1784909425118,-0.0825952087543,-0.2504911072916,0.2522158030278,-0.4768556405554,-0.0246233741091,0.5323358957073,-0.2349614174501,0.0889977527489,0.4285977529311,0.1150761913227,0.1884649958897,0.5216201494287,-0.2071572376356,-0.3643569786648,0.2283012975652,0.1429034478635,-0.6931992149609,0.7179778847649,0.7758543206736,0.8845245999115,0.7175068475481,0.6360665387755,0.7683361238788,0.7553894695857,0.7281825481284,0.2462872070137,-0.2927714611131,-0.3441758034695,0.7861056789858,-0.0274309146551,0.6503585796685,0.7340913441890,0.6651625516104,0.8244565169062,0.5636583434544,0.2611399848145,0.2171178116841,0.5671892299778,-0.5914478736252,-0.5305854515897,0.6311325748551,0.5771174377043,0.6428256443266,-0.4036428049392,-0.3449763510287,0.4090492484721,-0.1939343003335,0.7491157017907,-0.1612289993591,0.4526000431933,0.4113439735575,0.2279208070297,0.0493888555475,0.1251314707158,-0.4594293224629,-0.1384824252155,0.4982203891922,-0.0324021028134,-0.4217087636933,0.2752768667461,0.4386579795889
-0.2772174394228,-0.3154340890413,-0.4010038087041,0.3294617979368,-0.1824871350824,-0.1785502161796,0.1214782266896,0.2778387337942,0.1164390660526,0.0025156438901,-0.1003902893989,-0.1627650968739,-0.0980787555582,-0.4664462410313,0.1015776829031,0.3560543719519,0.0276188291035,0.0823305838362,1.0000000000000,-0.0772567575818,0.2723324976918,-0.1389320302427,-0.2174933455454,0.2278638769832,-0.0785791183578,-0.1723178895536,-0.1530208645520,-0.2843190366109,0.0617564658280,-0.3024453613460,0.2208068358146,-0.2126888786437,-0.2337549981842,-0.0841080157527,0.2914648282509,0.5635930546738,-0.1268594286955,-0.1487892873400,0.1364434036978,0.0936361575298,0.0180978443004,-0.1061112057767,0.2778786585309,0.0739400661647,-0.2264584880800,-0.0806544249646,-0.3802015969736,-0.0489461351724,-0.1847568632509,0.0723379532322,0.0197907887781,0.0409427131067,0.2542808811098,-0.0392599614430,0.0812911704554,0.1702350897963,-0.1492644911312,-0.1217432566734,-0.0057175542367,-0.0725562326929,-0.0211841918552,-0.2171095018323,-0.2204353862743,-0.2807748199946,-0.1102321749041,0.2750474371178,0.3121483559388,-0.2342765000928,0.8894426905706,-0.3040462923875,-0.1742149681220,-0.0782550626613,-0.0307205733311,-0.2356758393248,-0.0488021822340,-0.0652534320957,-0.2515968814520,-0.1634947581993,0.3025444591003,-0.0221539177912,-0.0552152669478,-0.3611811826294,-0.1134811313735,0.1220036043637,-0.3434206371921,-0.3858604699264,-0.1832354018781,0.1093192999374,0.3805301816316,-0.2661548388274,0.0661127664815,-0.1170760353378,-0.0517357786447,0.0739347292413,-0.0747386087547,-0.0129839901713,-0.3765296393441,0.3722630162341,0.1206624535602,0.1064777548075
0.6215761214854,-0.1247171035990,0.1151152045355,-0.3828035892095,0.6432822892984,0.3753923155612,-0.4617932043080,0.8225274914258,0.8843192951688,0.4863560457365,0.8384181466047,0.7884826291333,0.8581575159632,0.4898029154873,-0.1861946962777,-0.6138535448271,0.7082032039007,0.7401414072310,-0.0772567575818,1.0000000000000,0.3510790995890,0.0852619623190,0.7489129139615,0.4850053448395,0.9447736862207,0.8114840392938,0.7587803316898,-0.3626973995813,-0.6338774691921,-0.3194728981395,-0.3932779295588,0.8361229847236,0.9116017128691,-0.0413294373456,-0.2136732662217,-0.6477219272883,0.7750142869201,0.8176558060552,-0.0968649770950,-0.2347489931633,-0.4722601722150,0.0039849472638,-0.6906343470027,0.1449914925731,0.8938167607057,-0.3107340152566,0.1150250595675,0.4997828388263,0.0670243774996,0.1615991143360,0.4458565720417,-0.4795380862608,-0.2588613222945,0.1096548009319,0.2017005581333,-0.5884910286937,0.9220785613025,0.9106438626800,0.8620432877811,0.8707472015148,0.5520583230416,0.8548252539188,0.8408952889484,0.8884962583455,0.1646351150434,-0.1561031977879,-0.6602338978249,0.8822628099563,-0.1744015508252,0.9325526683041,0.8497569026462,0.6061206857605,0.8388817197499,0.9238926117188,0.3791370641217,0.3745200024624,0.8030191788406,-0.4353421420583,-0.7325347091826,0.5164237025252,0.6279511375114,0.8768856884355,-0.5581016353443,-0.6081886802934,0.7075472475058,-0.0026641463103,0.8218794802589,-0.5163904229047,0.3064485154781,0.7209888981177,0.0975663638882,0.1257922498747,0.2665748217909,-0.4923837784746,-0.0260667560424,0.5471471661860,0.0401002843613,-0.6200376202124,-0.0049985954458,0.5090984824682
0.2013135504383,-0.3090142477956,-0.1722318726020,0.1893751345957,0.3201613868347,0.3840534026783,0.0863400571119,0.4695351005900,0.4347556641237,0.4607617089544,0.5616566394154,0.5311103643654,0.5407272626717,-0.1422428913842,0.0283158207010,0.1508302581057,0.6922163369058,0.5065118235906,0.2723324976918,0.3510790995890,1.0000000000000,0.0680765192856,0.4441584571490,0.6691712333732,0.2556986171775,0.3447666119359,0.4382250819822,-0.4515542754233,-0.2262805999246,-0.5725782791525,0.4017250077771,0.3746133466794,0.4371825557643,0.0777650171855,0.3838383317783,0.1665561003049,0.5625850945811,0.1183076261157,0.5545704735369,0.1508468704506,-0.1154708366656,0.2581597188175,0.1777951676051,0.0176402143671,0.2049853597363,-0.0771203500888,-0.1251446950306,0.5160142969642,-0.2291064007411,0.5954685453182,0.3170085260713,-0.2308038237856,0.1873746860536,0.2555041451952,0.3067924093628,-0.0206571547765,0.2664495268078,0.2534721461694,0.3716560054772,0.3294173473252,0.3627996061516,0.4094668512556,0.3610589873460,0.2958491907893,-0.0217513086547,0.2104388093733,0.0509894064771,0.3183339073366,0.3137460507684,0.1953938327446,0.3656450796673,0.3795945664899,0.4782058983195,0.1601006619248,0.2243224253989,-0.0134139322430,0.3207908298607,-0.3881587476115,-0.1235901794431,0.4828881094391,0.2551427737586,0.1937860700736,-0.4218815665532,0.0416656869475,0.0154572260514,-0.2255903335558,0.4699339867606,0.1782938926373,0.5970422007205,0.0145728305914,0.5457359934561,0.1295501920156,-0.0362484030961,-0.2142743288412,-0.1497252193974,0.4991890439155,-0.3773392462222,0.0485602576489,0.2906026720930,0.3920210328295
0.2649560663870,0.1961360430781,0.2480276011299,-0.2884501815234,0.2475058752500,0.1272952517868,-0.2393622642354,0.0786569315142,0.1597138895338,0.5440310025221,0.1668079350954,0.3015188149243,0.2511507585205,0.2423429588839,0.0192256490023,-0.0299482161676,0.2664733742876,0.2336347406795,-0.1389320302427,0.0852619623190,0.0680765192856,1.0000000000000,0.3546236748972,0.0199180027934,0.0615826122447,0.2457264951817,0.1251521253078,0.0018736405121,0.1327614844156,0.1748810884620,-0.0437451693232,0.3111545516167,0.2513716811333,0.3057869801140,-0.0092878847088,-0.0973911770637,0.1056804181652,0.0925934042678,-0.0052376209604,0.1537456925281,0.5218634664182,0.4245795303511,-0.1296744648905,0.0658987005386,0.1049205510018,0.5855835076472,0.4891702265607,0.0103538839712,0.4661102369453,0.1202570301449,0.2467111850644,0.1292994262076,-0.2539425297549,0.1633909108349,0.1095150554053,-0.2838162087074,0.1025122438230,0.1444170844165,0.1632489506847,0.1762748629293,0.3759710791467,0.1479751124391,0.1929096180207,0.1575372118080,0.0523071455607,-0.2464514517193,-0.0481980690828,0.1449934008344,-0.1220578750850,0.1036900229667,0.1498710677626,0.3432978391121,0.0966668678416,0.0748049059620,0.0355745806982,0.1205153782790,0.0847064987304,-0.1690524176068,-0.1580644412931,0.1158733773258,0.2457001230512,0.1808753738131,-0.0452694603532,-0.0499854085562,0.0981117904462,0.0989325765748,0.0790721804319,-0.0328495029172,-0.0498125623620,0.0728515267884,-0.0745520728663,0.1639484033397,0.1761752473595,0.0057846716867,-0.0320201266984,0.0536417876218,0.1991071646295,-0.1418450605774,0.2740515521198,-0.0637396710139
0.5942613414934,-0.0923478418591,0.1836631455577,-0.4042852771150,0.6391231360185,0.4521952452827,-0.5437745424278,0.6182149741734,0.6853783903052,0.6013017380277,0.8683989768055,0.9176088830292,0.7997623663706,0.4011200929696,-0.2299803108931,-0.4953840308015,0.6770372433159,0.7367477382095,-0.2174933455454,0.7489129139615,0.4441584571490,0.3546236748972,1.0000000000000,0.4498973045857,0.6442965314583,0.8198165008251,0.7782525742198,-0.4033894407731,-0.4753090964143,-0.3785272583959,-0.3208505176761,0.8860732524082,0.8354238022675,0.0309065437310,-0.1274852530867,-0.5613501072165,0.8005878428281,0.5018682036668,-0.0131485380570,-0.1476736336439,-0.1444959065655,0.2710994432031,-0.6150780710626,0.0607876749528,0.6265829309227,-0.0491414413370,0.1949477760942,0.5451141300571,0.0437710254985,0.3160820779434,0.4757028801965,-0.3451402089469,-0.2972812767735,0.1979955085463,0.2075466714831,-0.6645014870276,0.7499344075838,0.7537066593711,0.7492308971677,0.6832058575868,0.6587225962259,0.8639279983287,0.8364245423807,0.7847610515267,0.2229037259615,-0.2399347458877,-0.5848295120436,0.7921531548733,-0.2831955281905,0.7606437973587,0.7661121505311,0.7293547869007,0.7657946878993,0.6364909851807,0.2417611636178,0.3979238672721,0.7969893176162,-0.4880427218878,-0.6057966942011,0.4972340921426,0.5870445237261,0.7507842689968,-0.4198902588895,-0.5406537952613,0.4837035304240,-0.1102559586163,0.8062773140510,-0.3912700080178,0.2062454959298,0.4596928989765,0.1125121248772,0.0141376829073,0.1644907492366,-0.4789517418618,-0.1799568414014,0.5364840043677,-0.0385355971527,-0.4855035579513,0.2734285532912,0.5319937271610
0.3245836396699,-0.3484315882115,-0.1022423059725,-0.0753021574494,0.4250508413383,0.3801490962168,0.0222928276628,0.3918283765976,0.4653936351655,0.3739194896566,0.5539089721516,0.4876097614607,0.5678541658523,-0.0042787458126,-0.1718960856781,0.0992678244624,0.6611089648643,0.5813047210008,0.2278638769832,0.4850053448395,0.6691712333732,0.0199180027934,0.4498973045857,1.0000000000000,0.4081257834885,0.4313464203100,0.5263300548243,-0.3708833315255,-0.4867084838704,-0.5668540836670,0.4536073150670,0.4921972666061,0.5081650387376,0.0629054935887,0.3273516360917,0.0799561561599,0.7072876399605,0.3247657133267,0.5913644593708,0.0954366173225,-0.3474445814517,0.0532732162125,0.0432759371354,0.1551334697635,0.3080883279679,-0.1685454015397,-0.0338166532639,0.5034348404668,-0.1341873596036,0.2622752468120,0.3568501311993,-0.3856673298739,-0.0259121735928,0.2276495888117,0.3248182637273,-0.0690231128264,0.3807541014525,0.3170994930841,0.4433975471663,0.5358806140148,0.3858064049541,0.5293240838059,0.4722751812771,0.4308525287909,-0.0533311724830,0.0012179036365,0.0928387051674,0.4536306015636,0.3538859163408,0.3434306960511,0.4593783784269,0.4365507362886,0.7509254897686,0.3343368460418,0.4818594712361,0.2104074560978,0.4958654959461,-0.3610184032451,-0.3657948736405,0.8102365295371,0.4061857124431,0.3922222099598,-0.5619155838840,0.1252973892808,0.2653354140990,-0.1796219605444,0.6592612851383,0.2263934857605,0.5051162155531,0.3143209247425,0.6416284108599,0.1546143344176,0.2091257805088,-0.2338707996166,-0.0231447575372,0.5371630003145,-0.3209233121750,-0.2053192997636,0.1643587819567,0.3220213063841
