1.0000000000000,0.6231094044083,0.7587768242929,0.4332174685590,0.7712258320253,0.3499699007721,0.2063442335238,-0.1949681009087,-0.2734913551598,0.1443785310040,-0.0302494285605,-0.0765176712018,-0.2307306694347,0.6837499235725,0.2271834032038,-0.0110989070149,-0.1712798195544,-0.3200505065544,-0.1717965464320,-0.1347373292632,-0.0664757695183,-0.0798843108572,0.0799925566440,-0.2891724928221,0.0581378866940,0.1113907651335,-0.3257464808406,0.0558296681777,-0.1777229849360,-0.0361570653100,-0.0547032757581,0.0417739675997,-0.1362661777060,0.2902239656079,0.0063531590244,-0.1369203247577,-0.1460184958049,-0.0517935940439,0.0023829505384,0.0750817066766,0.0531942565011,0.1839594189925,0.0777539142111,-0.0158913446388,0.0646098657554,0.0248928389778,0.1017773172973,0.0732230433766,0.0378908264054,0.1229935941533,0.8794209291597,0.7263677063509,0.3806541188058,0.6473293143682,0.1228740198089,0.2115068077810,-0.4076427205949,-0.2400236623874,-0.3306640917353,-0.3066534795179,0.0668461418748,-0.2198718567008,0.0179557034939,-0.4448819014529,0.7360572231541,0.2961322321939,-0.1004803339468,-0.4040943374776,-0.2797541264171,-0.1312642211071,-0.2220678249527,-0.0923275481194,-0.3299100524053,-0.0050712688891,-0.2155206141186,-0.1416455640662,-0.2428174984235,0.1763996557922,-0.0710197698907,-0.2777000680371,-0.0254189181778,-0.2364370563637,0.3271194563314,0.1401807774318,-0.2847786968281,0.2509976508420,-0.2390635220749,-0.0547783953318,-0.2954240523493,-0.0211413281149,-0.0171844055628,0.1649155905578,-0.0156828260733,-0.0552969498131,0.0603781887020,0.0062172190286,0.1928967384199,0.0507912758804,0.2307892739823,-0.1032043633187
0.6231094044083,1.0000000000000,0.7010931111408,0.5314268159716,0.5698375749952,0.1877513196571,0.0747895771038,-0.0259265394496,-0.1543619518284,0.2192137527507,-0.0538004854041,-0.0118021796514,-0.2038747139417,0.8500444892421,0.4370188444403,-0.0478251474618,-0.0303155947621,-0.3327204624422,-0.0324673004677,0.0009364386338,0.1612711832206,0.1472844410358,0.1305361706685,-0.2462199598755,0.1989158701220,0.3329866143495,-0.2429660182553,0.3544279779753,0.3013728774165,0.5587150901959,-0.0026714986378,0.0686885447261,-0.1528597869823,0.3753241994131,0.0104044047655,-0.1083166769404,-0.2009138363757,0.1416769490722,-0.1956448435220,0.2001402221100,0.4739538217343,0.3920163082241,0.1618076540991,0.2162743583187,0.2240426975857,0.2347641092155,0.1969687652790,-0.1185842642085,0.4392496565812,0.1681123923427,0.4906030463876,0.9017131521470,0.2679650577671,0.2701217488344,-0.0426820926419,0.1537728642798,-0.3923095046708,-0.0961754668801,-0.3436826829233,-0.1979620926466,-0.1516719882801,-0.2926660209667,-0.2755363562320,-0.6809137752255,0.7198451397102,-0.0055317872516,-0.1038127233351,-0.6332168500482,-0.1744047011895,-0.0706724264194,-0.3905592351585,-0.1951059149403,-0.3182423501345,0.1528078235059,-0.3416664099579,-0.0056719100209,-0.1427192539677,0.3424079949106,0.3574078052350,-0.4165697411734,-0.1202202662267,-0.3213010765837,0.3379610857199,-0.0023980154257,-0.1109022258792,0.2710287428022,-0.3775899948143,-0.1060483009001,-0.5463191272292,0.0965746114860,-0.1484857267234,0.2412395114155,0.1669923454339,0.0787683437567,0.1141262838652,-0.2087844362544,0.4284155514104,0.0491512721917,-0.0165776932758,-0.4634402831091
0.7587768242929,0.7010931111408,1.0000000000000,0.4723236290307,0.5784151555278,0.4281521027677,0.2311122230513,-0.1885351427943,-0.2950071775054,0.1285031386796,-0.0817588868933,-0.0888252698346,-0.1948578892371,0.7138297232700,0.3495667731699,-0.0514616805362,-0.1789468094834,-0.3399613850176,-0.1265877023176,-0.1542377875893,-0.0817046538461,-0.0105377423324,0.0350381317259,-0.3052971822466,0.0476115742894,0.1175431378824,-0.3005815114274,0.2328505135991,-0.0930660289448,0.2618920825203,-0.0072321939979,0.0624434842295,-0.1123878495649,0.3412499988480,0.0105846481352,-0.1336690132905,-0.1896489424563,-0.0115090800396,0.0601365099863,0.1672125875152,0.1811114470471,0.2614409502194,0.1542038919936,0.0332926316884,0.1419227472437,0.0896976095946,0.1944334486402,0.0562728089351,0.2174283890037,0.1452003320109,0.6494872152636,0.7870038436735,0.3081439662091,0.5863686457438,0.1459161672241,0.1901527490460,-0.3691746738798,-0.2630190708362,-0.3569806065793,-0.3387754412983,-0.0119049194041,-0.2622081681554,-0.1136025392032,-0.4951379168898,0.7862984137562,0.2451346656445,-0.1522733814430,-0.4645895654048,-0.2877570207724,-0.1393159207953,-0.3959051325431,-0.1890217299119,-0.3623485392864,0.0550571928811,-0.3164923180841,-0.1426237660737,-0.2210176004706,0.2507710940918,-0.0028096310168,-0.3263005382153,-0.0906903347009,-0.2887759721289,0.3832636555767,0.0694798283089,-0.1802333049074,0.3065444164891,-0.3105124243399,-0.0814695200575,-0.2953634941838,0.0317975357382,0.0270772399634,0.1963448732537,0.0429671365527,-0.0181853588380,0.1049531599152,0.0008939340082,0.2205758142509,0.0182106470532,0.1059938307204,-0.2194450903552
0.4332174685590,0.5314268159716,0.4723236290307,1.0000000000000,0.5997531540518,0.6194829003619,0.7273352425415,0.3681216728778,0.1677281007693,0.5926860509340,0.4233068526384,0.4747097699965,0.3482899818413,0.5678817534207,0.7517918920222,0.4400997317896,0.4425263069938,-0.0142106976139,0.3889528336815,0.4197972530865,0.5383386397670,0.2993593736172,0.4450329635519,0.2097088502548,0.5561867143339,0.6544492996051,0.2408263371311,0.1822429161034,-0.0307014773429,0.1378979529674,0.5489913268885,0.6061904862674,0.4358807656667,0.7093252661436,0.4925772658703,0.2955351121091,0.3276963602059,0.5046069330843,0.2697755691252,0.5806495285772,0.4486373444834,0.4876457021832,0.6516492198263,0.5771629358651,0.6226328317459,0.4501454486925,0.4494659226335,0.2472928023135,0.2609495638117,0.5978136057322,0.2452570291005,0.6046317843584,0.7304227392845,0.5290231331030,0.3147583264642,0.6884598664783,0.0905036865800,0.2351602147840,-0.1655499844300,0.1376641085147,-0.0801770008166,0.0581303318377,0.0843985350856,-0.4487128113340,0.3445752283496,0.2280475244217,0.3205881128496,-0.2608504751619,0.1461612513397,0.3876819253054,-0.3613210659741,-0.0543046165138,0.1076946665330,0.5872273124984,-0.1205394200883,0.3670785134958,0.3275886584928,0.0629449100041,0.0232931543976,0.0509068789345,0.3924829897554,0.1754795385651,-0.1177564396166,0.2517143557889,0.2559433764690,0.4705442588122,-0.0102407491471,0.2573168284366,-0.2941939745927,0.4405144126786,0.2627810858998,0.5797679679477,0.5675144676711,0.0634140100977,0.5084278559122,0.0747315354606,0.0488133357270,-0.1288053500036,0.0001506850297,-0.4502720486773
0.7712258320253,0.5698375749952,0.5784151555278,0.5997531540518,1.0000000000000,0.5766405209144,0.4127992728954,-0.0243798798439,-0.1494427428877,0.4235039899683,0.1372644709163,0.2059364071959,-0.0546587197102,0.5620356539086,0.4233855071169,0.1032554558120,0.0502716642138,-0.2552697951453,0.0065699422111,0.0409672675316,0.1701634373444,0.1394564010470,0.2685803937904,-0.1303593726738,0.2012001870551,0.3145883252130,-0.1464257161287,0.0423284452499,0.0523642863279,0.0409837562949,0.1405230004878,0.2557150098762,0.0335159249518,0.4771091082046,0.1521558464315,-0.0215135022914,-0.0326639834561,0.1225542723602,0.0735025312063,0.2885870794323,0.2283172307271,0.3797607133436,0.2732965915663,0.1777677277810,0.2137408836774,0.2490775775595,0.2236531818680,0.1884410981593,0.2303522774511,0.2965330877506,0.6809130617188,0.6295816688389,0.4605446439772,0.7004662952757,0.3936714884008,0.3904531101552,-0.2674386562945,-0.1421029895520,-0.2332398246307,-0.1814256341465,0.1552196547943,-0.0559350571511,0.1106802982976,-0.4758491387825,0.4686508131584,0.2720124924298,-0.0125228999066,-0.3645370488537,-0.1397262675669,0.0397949926368,-0.2015559121009,0.0672779140835,-0.2059293447979,0.2099136265355,-0.1935649300002,0.0503179224903,-0.0314518209698,0.0951774681348,0.0329430966172,-0.2066447894657,0.1437660223776,-0.0770370426834,0.1810776339381,0.1553977348453,-0.1551090958749,0.3893220564303,-0.2469744575592,0.0737133335974,-0.3045828333216,0.1042645967637,0.0387005035419,0.3505786501600,0.1814518492171,0.0111684256820,0.2264361178961,0.0843788963000,0.3278505009328,0.1427341232997,0.2312737793154,-0.1859503373721
0.3499699007721,0.1877513196571,0.4281521027677,0.6194829003619,0.5766405209144,1.0000000000000,0.7021639184627,0.0668029267110,-0.0786798336124,0.5684081946406,0.3391315213823,0.3773278813690,0.2345660876850,0.2146409522489,0.6532231119561,0.2138337949179,0.1993303021326,-0.1211324403996,0.0683458691503,0.1519988287280,0.2514012203419,0.3487488011785,0.2973987850791,0.0028163826518,0.3261467941259,0.2702453700007,0.1262055281277,0.1182268165492,-0.1366466534222,-0.0707885986238,0.3779627179709,0.4416996230330,0.3667034010389,0.4880284945915,0.3394958442746,0.0422969508768,0.1625091764415,0.2623683907345,0.4289116464326,0.5137948629977,0.3097991496921,0.4309398692720,0.5179624539440,0.3059060016846,0.3795059534122,0.4178325266117,0.4559866784435,0.5947886476200,0.2450279746362,0.5377316849006,0.2049451405887,0.3488024224793,0.4751124585605,0.7583970820604,0.7911312671928,0.4843247675008,0.0026476825474,-0.0156851500106,-0.2460225641431,-0.1119797916445,0.2795911458738,0.1315975332707,0.2440539303468,-0.2111241643627,0.1776268232952,0.3898926762414,0.0507518918987,-0.1294109377541,-0.1207510051180,0.1444874143427,-0.3104334800310,0.1028346299700,-0.0699152515208,0.3381402896190,-0.1286014226830,0.1129217555632,0.1781532473790,0.0486733653707,-0.2018973685031,-0.0106396398815,0.3567909836283,0.1688551767029,0.0743588651634,0.2652037978112,0.1746502048652,0.3701989808174,-0.0706633352923,0.1797794300261,-0.0246460098884,0.2596069883017,0.3618850475050,0.4679838422453,0.3129872012754,0.2352193449587,0.5019588259761,0.4506058632643,0.0922127952517,0.0927154058044,0.2323874095496,-0.1855964331776
0.2063442335238,0.0747895771038,0.2311122230513,0.7273352425415,0.4127992728954,0.7021639184627,1.0000000000000,0.3143391942521,0.1909927963703,0.5744302294516,0.4744178670916,0.5217915253878,0.4737960658756,0.1692119527047,0.6181659492562,0.5316719157124,0.4455289998277,0.0982631514342,0.3583167396941,0.3735877463694,0.4101936904633,0.1317252610122,0.3138505850284,0.3312576149701,0.4058978508587,0.4530537841565,0.3345963440837,-0.0683905311939,-0.2496885118251,-0.1642139407078,0.6289629336881,0.6421650917298,0.5313874133999,0.5303329203959,0.6161153016336,0.3424794161630,0.5340440302156,0.3751260706070,0.5977695636245,0.5401808469634,0.1422590227982,0.3344924032890,0.6476124533235,0.3881948295125,0.5317421515543,0.3183361284040,0.3818505234004,0.4672911516857,-0.0276903141825,0.5924036223582,0.0722761970708,0.2116248531858,0.6818153221538,0.5831660916098,0.5972605837108,0.7985710860704,0.2574033441637,0.1852000365557,0.0236728989249,0.1833878576285,0.0817569806943,0.2083984054196,0.3200039920538,-0.0870337823222,0.0830955807236,0.4806315464841,0.3818043439755,0.1107014962539,0.1997334221539,0.4500058829535,-0.1277483913358,0.0270399396223,0.2540268094701,0.5273172093482,0.1509857426963,0.3589035358867,0.4042515915532,-0.1766421096677,-0.2536532803649,0.2813621546725,0.5428755750389,0.3529833646839,-0.2409711813338,0.4424495734658,0.2827159995176,0.3746059671276,0.2827203318344,0.4782392537897,0.1435932553268,0.3849228969589,0.5110918041038,0.4876920637873,0.4291507117528,-0.0206263618526,0.4564351287214,0.3669519499578,-0.1502311843259,-0.2488074056078,0.0213741502436,-0.0903104075316
-0.1949681009087,-0.0259265394496,-0.1885351427943,0.3681216728778,-0.0243798798439,0.0668029267110,0.3143391942521,1.0000000000000,0.8738298071386,0.3556981801427,0.6428487008480,0.5597657965539,0.7187554710074,-0.0636119239499,0.2477723727701,0.6281230323877,0.7093449280774,0.6545010510427,0.8260563939567,0.9224942286640,0.6887932450807,0.2915819217383,0.5192645918062,0.7824080561342,0.5981559206023,0.7144676260284,0.7512793416204,-0.0460495823654,0.0443710610600,-0.0815643373344,0.6272251764390,0.5444597127788,0.5635425261113,0.2658184149869,0.5062129385209,0.7536638316254,0.6043964742799,0.7729724672352,0.2066413851856,0.4520420055342,0.2288751022131,-0.0099808821774,0.5643853999616,0.6719155622459,0.7010442135100,0.3193879216492,0.0186801414722,0.1623347510525,0.0233305102920,0.3154787125229,-0.3371809712846,-0.0688869993714,0.2405148186013,-0.0533521582255,-0.0310775030049,0.4314376636440,0.7407571805053,0.8311973156818,0.5250634575469,0.8578752091040,-0.2201356387864,0.3344426815774,0.0395492128840,0.0259183037383,-0.3280352432635,-0.0929709361452,0.6598639619907,0.2580300932665,0.7505309996879,0.8030044589320,-0.0905005851372,-0.0313547077624,0.7244268482588,0.6415509933036,0.3086020746632,0.6104697877357,0.7324937646845,-0.2221407385540,0.1325821569589,0.5100623932309,0.3785935984223,0.3675884992044,-0.5640013557053,0.2867966302572,0.6740949942869,0.0415693972861,0.3982143821284,0.3885003632002,0.0008634633976,0.5732254708279,0.1840077843383,0.4317129512168,0.6414001521152,-0.0964358674114,0.1926748003488,-0.0151528462353,-0.1252998358121,-0.3193186187764,-0.3063879412720,-0.4243144788617
-0.2734913551598,-0.1543619518284,-0.2950071775054,0.1677281007693,-0.1494427428877,-0.0786798336124,0.1909927963703,0.8738298071386,1.0000000000000,0.2075957506894,0.6177910712171,0.5151697410104,0.6261021510564,-0.1934241887776,0.0535120998074,0.6255244080878,0.6104083016977,0.6346820293257,0.8481825911123,0.8611399977318,0.5791105519088,0.1898416875922,0.4982839837666,0.7559607096144,0.4426185262323,0.6076651670144,0.7367883191710,-0.1244148910537,0.0109984319856,-0.1523897168648,0.5082264327801,0.3956972417653,0.4419465033813,0.1071295307135,0.4318543485101,0.7991351071593,0.5466346080407,0.6663043062345,0.1142629562760,0.3342381129753,0.1016859327986,-0.1798393951244,0.4202839965733,0.5312305226881,0.5273197861640,0.2005055679352,-0.1138059665539,0.1233868221897,-0.1058755006957,0.1653265722911,-0.3938706042673,-0.2127028076033,0.1536237955489,-0.1507424379186,-0.1299391334923,0.3195165631976,0.6943324356825,0.7512268317150,0.6781091453674,0.9608780683241,-0.2429580139604,0.3783047694170,0.0794847978330,0.1472248092529,-0.3854452905222,-0.1218343843208,0.7080688934728,0.3264862666168,0.8670440295034,0.7468533070890,0.0459042677783,0.0167858634023,0.7568010281081,0.4959886139756,0.3792692781108,0.5571501057760,0.7120666840057,-0.2711361937822,0.1343718107737,0.5136022427259,0.2872586639345,0.3199481646912,-0.6065666106455,0.2686367719769,0.5211550677326,-0.0765801601786,0.4010722388467,0.3565268228274,0.1040762550956,0.4427394780945,0.0750867653848,0.3004173602088,0.5143034542745,-0.1883983369587,0.0409633416132,-0.0238327603432,-0.1797365810955,-0.3299455338807,-0.2997011145492,-0.2673822673970
0.1443785310040,0.2192137527507,0.1285031386796,0.5926860509340,0.4235039899683,0.5684081946406,0.5744302294516,0.3556981801427,0.2075957506894,1.0000000000000,0.5344928268055,0.6546625771001,0.3032613998345,0.2278093002884,0.6651981637308,0.2821142214254,0.4475934984357,0.0169232804786,0.3573887014580,0.3860531111772,0.5891322583043,0.6254370234115,0.5072609628831,0.2914319934398,0.4767128396230,0.5126995600214,0.3498908234784,0.2067733969869,0.1440540650711,0.1034858037249,0.3921798185476,0.4099152226281,0.3687027804806,0.5011605477706,0.3090768518384,0.2296632123633,0.3356747446163,0.4470803712893,0.1081939022210,0.5822892636151,0.5308054814317,0.5646866482933,0.4910926163065,0.5385031905614,0.4707688103090,0.7614057276624,0.4478901258235,0.1859904768514,0.3293776805645,0.7059860113888,0.0203371452243,0.2253092698494,0.3454513563929,0.4036614414038,0.5083834940686,0.4010889436882,0.2016093759015,0.2548852905896,-0.0631744526672,0.1728465834518,0.5142829944482,0.2548366270233,0.2451361148271,-0.3223010664059,-0.0681240016247,0.0321550470658,0.2223351060561,-0.1515507078487,0.2106597891214,0.4101213584717,-0.1466211559402,0.3728877181934,0.2619138534483,0.5761960098776,-0.0246790661465,0.2552194247253,0.4153049781048,-0.0247982888248,0.1072259653004,0.0783328617686,0.2397570908402,0.1763789898885,-0.2053354942318,0.1186936786490,0.2688135675858,0.3816524411728,0.0831492426899,0.1564440234066,-0.2631618575289,0.3748140716103,0.0799520216453,0.5380755921144,0.5184785835705,0.3459548188581,0.5212322537671,0.0497522087068,0.1094478837375,0.1160449954590,0.2424335760062,-0.1712360006995
-0.0302494285605,-0.0538004854041,-0.0817588868933,0.4233068526384,0.1372644709163,0.3391315213823,0.4744178670916,0.6428487008480,0.6177910712171,0.5344928268055,1.0000000000000,0.7513837550595,0.5930475388977,-0.0857006767472,0.3160298068324,0.5102486727616,0.6112447814430,0.4499434410472,0.6078433000180,0.6377759819090,0.6405853393412,0.3707502019419,0.7266590112135,0.5958270640959,0.4923204176779,0.5516519091009,0.6302004263001,-0.1088402283063,-0.0572704304287,-0.2429215088744,0.5705978145276,0.5686166130026,0.6162142748692,0.3510615348089,0.4303939277102,0.5112910468541,0.5973512145768,0.5902216893196,0.2412491010366,0.5410571209099,0.2379713396965,0.1050541245548,0.5486196632205,0.6101470402858,0.5399648723504,0.4234210733118,0.1179028291583,0.4472344419330,0.0053001921710,0.5111140752966,-0.2034950028105,-0.0337691380417,0.4071091718193,0.1721625154164,0.2687742780182,0.4464556226621,0.5076922746902,0.5118012719900,0.3005184923332,0.5637049225992,0.0923640559121,0.6290103283950,0.3112178726167,0.0528044623204,-0.2417336394674,0.0527326560635,0.4794145715022,0.3099450021501,0.5192972384888,0.5239674361407,-0.0347454983706,0.1546626652058,0.5719653095726,0.5049702841325,0.2004809332847,0.3763357250386,0.6538178116615,-0.3084751604374,0.0295440892042,0.4990666164891,0.4117563202372,0.4249939828513,-0.4493277493143,0.1696853773135,0.3684553366531,0.0955574709725,0.4042701833329,0.2105546799665,0.0609922752953,0.3441805044037,0.2190172405333,0.5016114509306,0.5857291182097,-0.0106372745569,0.2532482839669,0.2580128735791,-0.1122127486330,-0.1396144460286,0.0462400260099,-0.1669157477874
-0.0765176712018,-0.0118021796514,-0.0888252698346,0.4747097699965,0.2059364071959,0.3773278813690,0.5217915253878,0.5597657965539,0.5151697410104,0.6546625771001,0.7513837550595,1.0000000000000,0.5725072846924,-0.0230503377356,0.3840008229541,0.4498515288942,0.6608190862336,0.3388337659548,0.5519912741792,0.5796289019720,0.7355136252470,0.4438714822461,0.8073214906504,0.5496339121479,0.4779229468596,0.5897945204667,0.5632457517577,-0.0814647921388,0.0905041103376,-0.0634862911883,0.5566460054367,0.5793887380384,0.6403479210284,0.4821524957388,0.4282269824653,0.4188344439431,0.5009643634369,0.5358540003724,0.1339997654704,0.5248068301690,0.2943388717067,0.1938509859355,0.4955862685254,0.5529571198558,0.4490505797756,0.4775795844528,0.2944505293690,0.2568352970845,0.1324440200952,0.4867011767791,-0.2255925340567,-0.0331966489430,0.3851479863285,0.2155888201287,0.3454220979755,0.4362670962361,0.4691423226409,0.4847489888301,0.2222831314379,0.4984339272851,0.1254788754813,0.5679060803085,0.5302420663427,0.0311035965755,-0.2620367065346,-0.0570546523053,0.3867831217961,0.2200826607489,0.4539581498488,0.5591185357014,0.0874372678205,0.4111620418707,0.5159056477467,0.5930654833724,0.1420297912552,0.4499678552697,0.6346438353379,-0.2730000103148,0.0150371377168,0.3655113724130,0.5163583272602,0.5295316279745,-0.4864430215754,0.0567346637586,0.3742591064403,0.3081621202448,0.2921546306268,0.2303604174232,-0.0455244645165,0.3705176296581,0.1525391439072,0.4607304638533,0.5430460111520,-0.0083295526483,0.4179820342338,0.1003939966938,-0.0408924675780,-0.0835404248805,-0.0470297793142,-0.1783305965763
-0.2307306694347,-0.2038747139417,-0.1948578892371,0.3482899818413,-0.0546587197102,0.2345660876850,0.4737960658756,0.7187554710074,0.6261021510564,0.3032613998345,0.5930475388977,0.5725072846924,1.0000000000000,-0.1569530669670,0.2704848024309,0.6077261812069,0.7242239912744,0.5564303275627,0.6487179490673,0.7235333677161,0.5936632237609,0.1607527576553,0.3819038713508,0.7270415872681,0.4605058471748,0.5963126470307,0.7607843881445,-0.1425988120581,-0.1204954613429,-0.1563658633468,0.6940965898891,0.6938546808398,0.6861470356936,0.3375451473678,0.5593042238186,0.6336098151267,0.7147331325482,0.5888319181004,0.4371605412362,0.4022905051006,0.1064691856880,0.0729346996489,0.5939312479563,0.5017232321463,0.6071399022089,0.2162382116151,0.0663676437765,0.3040205103158,-0.1265252529751,0.4020797500734,-0.3109749906956,-0.1457298231151,0.3072407750702,0.0916729149856,0.1421612978410,0.5395455587579,0.7856256972703,0.6264365664007,0.4183035723512,0.6556328943905,-0.1317395176941,0.4172258796972,0.2843638065043,0.3812725394619,-0.3200917900319,0.0486588703874,0.5634416479382,0.4696272192414,0.5616981007498,0.6798024194491,-0.0580267062503,-0.0432210083208,0.6555370011410,0.6138183817199,0.3148581658592,0.5941780365487,0.7335212520047,-0.3417239908459,-0.1497033592707,0.5969890649444,0.4764554306547,0.4725024475377,-0.5373567011985,0.2715685266318,0.6077379755525,0.1323517027000,0.5069213700869,0.4669409713142,0.1737388600546,0.4751387083304,0.3535047626222,0.3638442153525,0.5374989684464,-0.1780200112177,0.2224462747409,0.1625532920641,-0.3535779722374,-0.3167207766251,-0.1977974048805,-0.2794969261912
0.6837499235725,0.8500444892421,0.7138297232700,0.5678817534207,0.5620356539086,0.2146409522489,0.1692119527047,-0.0636119239499,-0.1934241887776,0.2278093002884,-0.0857006767472,-0.0230503377356,-0.1569530669670,1.0000000000000,0.4801989487768,0.0444791250290,0.0222627237009,-0.3421169420745,-0.0089209806755,-0.0093679627686,0.1758776719359,0.0778830967445,0.0610587274584,-0.2346908493210,0.1729472963273,0.3048177669563,-0.2512728772381,0.3452886223783,0.1320320316490,0.4834982101878,0.0826154312993,0.1236925124720,-0.0926214843199,0.4487375380679,0.1140204527881,-0.0712914858264,-0.1315647927787,0.1183436394060,-0.1276065888883,0.1859790199919,0.4010929619191,0.4140963689420,0.2002651880599,0.1829766878412,0.1989538739483,0.1728361515905,0.2676067703703,-0.1317564358406,0.3365603678276,0.2398094534348,0.5958516454116,0.8116344125541,0.3113699343610,0.3303159258814,-0.0893915610647,0.1448928168373,-0.3756349310783,-0.1098954572474,-0.3806996533672,-0.2196914284970,-0.1392919190666,-0.3338842424468,-0.2366898226753,-0.6222161702122,0.7851288391676,0.0635399419000,-0.0443328619151,-0.5642117318833,-0.1886695942338,-0.0422102505118,-0.3590920522319,-0.2040712407344,-0.3000715470589,0.1680133869671,-0.3211655152874,-0.0265783628849,-0.1662636819687,0.3377130571231,0.1649967673613,-0.3240299333921,-0.0339028628699,-0.2498398353435,0.2790293655306,0.0163169145139,-0.0992987141261,0.3744700924461,-0.3078283229343,-0.0419312528227,-0.5413139392983,0.1052882180022,-0.0673469446414,0.2374769486595,0.1595191843784,-0.0068726325674,0.1723729437596,-0.2020937299715,0.2125925136000,-0.0475738493320,0.0262052501222,-0.4069014916996
0.2271834032038,0.4370188444403,0.3495667731699,0.7517918920222,0.4233855071169,0.6532231119561,0.6181659492562,0.2477723727701,0.0535120998074,0.6651981637308,0.3160298068324,0.3840008229541,0.2704848024309,0.4801989487768,1.0000000000000,0.2285290236565,0.3267434336725,-0.1943029235351,0.2493932268115,0.3350231217699,0.4555602185278,0.4441675715817,0.2908804195583,0.0582102474898,0.5187361793274,0.4597350897422,0.2470693042216,0.4174153734383,0.1518203536532,0.3362626160336,0.4699181419103,0.5061078307941,0.3726550176878,0.7001839847385,0.3970957315489,0.1048831500911,0.2117940359816,0.5313363442988,0.3739963751903,0.7705795446375,0.6803770983912,0.7085910839820,0.7285456831315,0.6125477800519,0.6194574091725,0.6252356099301,0.6508446859280,0.3210506404548,0.4792597868116,0.7627242364856,0.0093782952317,0.4818024787486,0.4434488370439,0.4112451062218,0.4234347699130,0.4339234458686,0.0604588474335,0.1840336573466,-0.2772649954313,0.0088886442934,0.0528138698781,-0.0269449555322,-0.0160147706663,-0.4920548605505,0.2011386579466,0.2951796940918,0.0739257874604,-0.3850278132606,-0.0166322833379,0.2796661022091,-0.5431089733347,-0.1120699939782,-0.0313472888760,0.5403090889180,-0.3056980504689,0.1524794185405,0.2756640634447,0.2691490424886,0.0702401518365,-0.1436282628557,0.2859641064132,0.0451380185938,0.0327696719065,0.1603640463571,0.3880340252858,0.5054655373656,-0.1359550061507,0.1243727985599,-0.2322788911159,0.4433537071700,0.3441819547665,0.7184141185408,0.6097147448801,0.2901315651089,0.6754546109391,0.2202013475034,0.0934884100509,0.0228673599545,0.0783244288595,-0.4381972998010
-0.0110989070149,-0.0478251474618,-0.0514616805362,0.4400997317896,0.1032554558120,0.2138337949179,0.5316719157124,0.6281230323877,0.6255244080878,0.2821142214254,0.5102486727616,0.4498515288942,0.6077261812069,0.0444791250290,0.2285290236565,1.0000000000000,0.7580661926164,0.5783318123139,0.7476625031777,0.6778097741839,0.5932429141060,0.0725981357866,0.3921564534062,0.6187875080095,0.3127604289953,0.6167266628613,0.4965763977330,-0.1935003858444,-0.2352148341221,-0.2529092210472,0.8193803647185,0.6356002453993,0.6205754434507,0.2937607965371,0.7606442360826,0.8232891274759,0.5766969851279,0.4553135397112,0.3499174195100,0.2654564737722,-0.0449208180576,-0.0184583780429,0.5139419211391,0.3503814461496,0.4709383465366,0.0847633779492,0.0598991089428,0.1930530192876,-0.1976356029808,0.3016974588028,-0.1016277118726,-0.0051572337379,0.4775491438128,0.1595389712505,0.0223877902140,0.5702773338332,0.4579888421314,0.4527911715966,0.4744444829979,0.6359471270277,-0.1515525955828,0.3172242800912,0.1528147795992,0.0630259487198,-0.1453785802602,0.1055576402120,0.8846318438616,0.3651118816392,0.6898501057299,0.6759260028006,0.1643875077469,0.0280688781007,0.5586149906437,0.5091132183236,0.5436358005174,0.5989640796036,0.5643076920702,-0.3511981466020,-0.1463722265322,0.6733834554027,0.5043339090546,0.4842085257369,-0.5396753832511,0.5046524972227,0.3266680367560,0.0871455527696,0.4626367063377,0.6832187730704,0.0250138644553,0.3626176228945,0.2509871066170,0.2697144247499,0.3691717826334,-0.2343852244858,0.1045439418490,0.0469285695075,-0.2954894053459,-0.3465269541464,-0.1549881374343,-0.2275863750587
-0.1712798195544,-0.0303155947621,-0.1789468094834,0.4425263069938,0.0502716642138,0.1993303021326,0.4455289998277,0.7093449280774,0.6104083016977,0.4475934984357,0.6112447814430,0.6608190862336,0.7242239912744,0.0222627237009,0.3267434336725,0.7580661926164,1.0000000000000,0.5513921750242,0.6837670578060,0.7451061474737,0.8752217773609,0.3453592564075,0.5336081243916,0.6589487261618,0.4795967753672,0.7386324417675,0.6553123812639,-0.0715360140482,-0.0094495178563,-0.0744369295564,0.7982901841322,0.6632077190109,0.7308700352968,0.3643587857166,0.6829956311211,0.6260797454257,0.6353660764432,0.5813744386199,0.1949588371929,0.3775701661149,0.2272815545659,0.1145328625869,0.5686077018163,0.5587684271255,0.5328031869298,0.3022269843166,0.1026140453818,0.1207517785200,0.0443951493834,0.4042720376445,-0.2918778702928,-0.0355400814540,0.3586945638988,0.0031257765716,0.0531830138491,0.5189697915032,0.5629373267709,0.5897395496116,0.3068399295981,0.6279402920053,-0.0629349725902,0.4063179301042,0.2376147461442,0.1201900007992,-0.2998336080504,-0.1210648690394,0.6826471809794,0.3633676975782,0.5907914605797,0.7071156124481,0.2142698743568,0.1637185535191,0.6034931342241,0.6674046353660,0.4471420934131,0.6744552426861,0.7221170562333,-0.3049877459307,-0.0436766759267,0.6026371402017,0.5023374091337,0.6149632033719,-0.5621096388643,0.2756773839300,0.5065940458703,0.1551452958003,0.4838034671535,0.5178128811202,-0.0500637343561,0.4710614220640,0.2009381113396,0.3617224536108,0.5586667378724,-0.0662690938650,0.2299411644153,-0.0274698255327,-0.1999430388796,-0.1624600375861,-0.1652301112021,-0.3400551955472
-0.3200505065544,-0.3327204624422,-0.3399613850176,-0.0142106976139,-0.2552697951453,-0.1211324403996,0.0982631514342,0.6545010510427,0.6346820293257,0.0169232804786,0.4499434410472,0.3388337659548,0.5564303275627,-0.3421169420745,-0.1943029235351,0.5783318123139,0.5513921750242,1.0000000000000,0.5846012909748,0.5141739306342,0.3241443543060,0.0378552673340,0.2543156914017,0.7560984566390,0.0532448127046,0.3009421498063,0.5462592478493,-0.1636615693809,-0.0946170520925,-0.2688033421391,0.4248323842598,0.3139018613184,0.4143299866795,-0.1282741606063,0.2944436463622,0.6268590232882,0.5209777119180,0.2477672811653,0.1301011667264,-0.0022585163699,-0.1652228476691,-0.2723575386153,0.0902164084496,0.1088466314800,0.1977734949218,-0.0299867967740,-0.1746368156155,0.1012928995610,-0.2201312243907,-0.0222183115345,-0.2962023794387,-0.3707678983257,0.0298576800782,-0.1436559753180,-0.1737632223342,0.1502190730989,0.6097725602593,0.5236099090078,0.6936939140369,0.6683042366540,-0.0757505132042,0.4682454793057,0.0916646645219,0.3305218712479,-0.4501160467595,-0.2451617447506,0.5685855424612,0.6871933238721,0.6578426432651,0.4612440082260,0.2709653425066,0.1600318596782,0.7390535293062,0.2347678238694,0.5106463990016,0.3954522635613,0.5184059958770,-0.3750899954664,-0.0402838323797,0.7462820512317,0.2063715889778,0.3868470410277,-0.5604954519178,0.0319971770439,0.3007483625379,-0.2914682515086,0.5841299660236,0.3479850723476,0.1060660696484,0.0729356662428,0.0634058532181,-0.0433680982596,0.0911951761811,-0.1778719377895,-0.1644467690641,-0.0276091112379,-0.2372553199219,-0.2428401390978,-0.1765261865945,-0.0328369865258
-0.1717965464320,-0.0324673004677,-0.1265877023176,0.3889528336815,0.0065699422111,0.0683458691503,0.3583167396941,0.8260563939567,0.8481825911123,0.3573887014580,0.6078433000180,0.5519912741792,0.6487179490673,-0.0089209806755,0.2493932268115,0.7476625031777,0.6837670578060,0.5846012909748,1.0000000000000,0.8150003920083,0.6393228690763,0.2543662530183,0.5424041707610,0.7530749810450,0.3790710541731,0.6926352804735,0.6912893817364,-0.1132955420124,0.0073276743433,-0.0782539593728,0.6893798576543,0.5451167941206,0.5386125477000,0.2965928684865,0.5516515326382,0.9129438013530,0.5855310175301,0.6674099605406,0.1818401356215,0.4040082844244,0.1851553094698,0.0287106098037,0.5409950348005,0.5596922509202,0.5431405898844,0.2750258472993,0.0200272471805,0.1224032774852,0.0041328411111,0.3113953769409,-0.2748235223585,-0.0693117565870,0.2847443688776,-0.0388495758032,-0.0749881745637,0.4074329497411,0.5890573136190,0.6036779152115,0.6162284307956,0.8076467026004,-0.1446267340478,0.3783212105256,0.0731001093096,0.0122737438560,-0.2624438207181,-0.0739045352837,0.7819560753867,0.2785372535104,0.9055475730685,0.7096964266021,-0.0611283382054,0.0425332043565,0.6729389046784,0.5426251910042,0.3419944809246,0.5874908850222,0.7167762031666,-0.3389542115361,0.0685207176384,0.5965075227676,0.3251087613734,0.3659800142262,-0.5958523181209,0.2677973968657,0.4616025198135,0.0759719683747,0.3997622747581,0.4429747713050,-0.0174798774547,0.4339261118081,0.1305352293372,0.3646565193198,0.5748759434467,-0.1773605636879,0.1871838362922,-0.0244933715480,-0.2045593979998,-0.3123425707584,-0.1963210068472,-0.3185090432434
-0.1347373292632,0.0009364386338,-0.1542377875893,0.4197972530865,0.0409672675316,0.1519988287280,0.3735877463694,0.9224942286640,0.8611399977318,0.3860531111772,0.6377759819090,0.5796289019720,0.7235333677161,-0.0093679627686,0.3350231217699,0.6778097741839,0.7451061474737,0.5141739306342,0.8150003920083,1.0000000000000,0.7574764982257,0.3028364743883,0.5689226143748,0.7172151751969,0.7086131690100,0.7965910985635,0.8029263623377,-0.0597832172440,0.0063920259280,-0.0771151965554,0.7178362709148,0.6249883049497,0.6305591507918,0.3880560712024,0.6233187683263,0.7408814174661,0.6079023574757,0.8738393646298,0.2444405695091,0.5397221122994,0.2657417844019,0.0699041004571,0.6932194472214,0.7670619762848,0.7876474665794,0.3852527028821,0.0986670455957,0.1863359016680,0.0114009321824,0.4094863530445,-0.3269952442755,-0.0290695303203,0.2837083020118,0.0282169792850,0.0167247797396,0.4926720131694,0.6965817407536,0.8039713488967,0.3979792431335,0.8404104099243,-0.2714856446300,0.2799882381274,0.0556703481665,-0.0398519916035,-0.3060975445925,-0.0278164100350,0.6817221914617,0.1647379516053,0.6926754326178,0.8713057245240,-0.1403677771536,-0.0646108489979,0.6647750771910,0.7471508412968,0.2380729877591,0.6873609169580,0.8035006599309,-0.2035542298748,0.0850560025458,0.4404296943048,0.4460848271225,0.3680476039551,-0.5541484629986,0.3824122402391,0.7092107456433,0.1490893165366,0.3320127711927,0.4442452150483,0.0442553016077,0.7169881491978,0.2146606055332,0.5210808100773,0.7531947046275,-0.0775462475969,0.2863109317426,0.0067813849459,-0.1750243801150,-0.3391177341821,-0.2898362198794,-0.4786372838194
-0.0664757695183,0.1612711832206,-0.0817046538461,0.5383386397670,0.1701634373444,0.2514012203419,0.4101936904633,0.6887932450807,0.5791105519088,0.5891322583043,0.6405853393412,0.7355136252470,0.5936632237609,0.1758776719359,0.4555602185278,0.5932429141060,0.8752217773609,0.3241443543060,0.6393228690763,0.7574764982257,1.0000000000000,0.4939841126083,0.6787474995104,0.5537007332834,0.6272043018666,0.8078063367676,0.6228041982376,0.0375583161276,0.1753089658840,0.0977828280484,0.6917970952114,0.6300486482047,0.6708063851525,0.4746842611995,0.5871456466427,0.5219169559978,0.5371962935451,0.6873496032011,0.0360067160626,0.4891052162406,0.4374105412305,0.2761601175364,0.6052698199146,0.7065612274923,0.6055748359479,0.4875527895838,0.2199036313170,0.0646826993727,0.2301133967053,0.5428194432376,-0.2519070728320,0.1071761782568,0.3558287943984,0.0613582626257,0.1160375856070,0.4793586363055,0.4753874161369,0.6150696233199,0.1539846246404,0.5715735612406,-0.0435229179282,0.3671370807748,0.1946904129785,-0.1145837627734,-0.2150906659789,-0.1799713277782,0.5534095458842,0.0704760253030,0.5132513740029,0.6862386065352,0.0764435980056,0.2249655882308,0.5103280649227,0.7252510175395,0.2625955343067,0.6598277627916,0.6992908774787,-0.1902700017686,0.1080129571780,0.3635103892091,0.4868467897484,0.5202800555631,-0.4800510600919,0.2003644029063,0.5418173941803,0.2913673701955,0.3003539285507,0.3630948217911,-0.1645368152232,0.5590425635793,0.1085634067548,0.4734703417421,0.6712864756612,0.0537691847770,0.3824943391661,-0.0965785753951,-0.0320103806023,-0.1019762192281,-0.1190437412555,-0.4112769741316
-0.0798843108572,0.1472844410358,-0.0105377423324,0.2993593736172,0.1394564010470,0.3487488011785,0.1317252610122,0.2915819217383,0.1898416875922,0.6254370234115,0.3707502019419,0.4438714822461,0.1607527576553,0.0778830967445,0.4441675715817,0.0725981357866,0.3453592564075,0.0378552673340,0.2543662530183,0.3028364743883,0.4939841126083,1.0000000000000,0.4927196989542,0.1054354136941,0.3560481825304,0.3636675580125,0.3096581142032,0.3686266636059,0.3974695891207,0.2579585005514,0.2194652303163,0.1110818200704,0.2147573554304,0.2206533028421,0.0943457689684,0.0956476608189,0.0561384038784,0.4148773465295,-0.1828467902547,0.3662481243129,0.6848784643920,0.3561184464261,0.2771526743410,0.4801602444737,0.2836169989463,0.7508561232934,0.3330033620816,0.0337851426536,0.6125033005059,0.3752772345220,-0.2005491152286,0.1031859020485,0.0289683213158,0.0647731129255,0.2677325506566,0.0109996681140,0.1471173426567,0.2812585207007,-0.1339161562087,0.1403731897601,0.4423932622494,0.3075849745702,0.0880161360867,-0.2267125412725,-0.2258402048592,-0.3207761671828,0.0678138595697,-0.1471938714880,0.1473787753081,0.1396805294423,-0.1703926573114,0.4446732047609,0.1118409871373,0.3219500423355,-0.1305010325213,0.1569140930968,0.3320163814180,0.1390991190029,0.3064023739661,0.0295076791643,-0.0071905947598,0.1355175727327,-0.0969700679056,-0.1544656359709,0.2969441592808,0.1449913730628,-0.0706970919421,-0.0988530256602,-0.3020341821164,0.2368093947069,-0.0815820599432,0.2855923224839,0.3946380980687,0.5374665975073,0.3911006234355,-0.0601831695049,0.3229676224382,0.5040223239020,0.1598625576039,-0.3118602810492
0.0799925566440,0.1305361706685,0.0350381317259,0.4450329635519,0.2685803937904,0.2973987850791,0.3138505850284,0.5192645918062,0.4982839837666,0.5072609628831,0.7266590112135,0.8073214906504,0.3819038713508,0.0610587274584,0.2908804195583,0.3921564534062,0.5336081243916,0.2543156914017,0.5424041707610,0.5689226143748,0.6787474995104,0.4927196989542,1.0000000000000,0.4102992020427,0.5088373577095,0.6351196817560,0.4886014352716,-0.0941032754028,0.1088462048039,-0.0801625868999,0.4791785913743,0.4842448932683,0.5697837841406,0.4796794301976,0.3462313983728,0.4090414017525,0.3637134922002,0.5752803896583,-0.0083458865134,0.4931830762561,0.3162302443428,0.1002315714528,0.4545310728652,0.6063928357718,0.4463692402141,0.4772161434207,0.2257194636975,0.2032911605927,0.2002312895401,0.3862520654621,-0.1253691244031,0.0867890722094,0.3471560330562,0.1699936135324,0.1981462115926,0.3088654067041,0.3095157159857,0.4427481023645,0.1180592400994,0.4375976060078,0.0443358847441,0.5542096141506,0.3777116668451,-0.1478818028401,-0.1509127543714,-0.1055224824717,0.3670890262697,0.0695798645132,0.4165981002245,0.4658214407844,-0.0377471289105,0.3950615796110,0.3675968510576,0.5168981606087,0.0547786245706,0.4292684203040,0.5579661187258,-0.2461895984356,0.1493703950815,0.2922675712073,0.4109496934511,0.4523259309992,-0.3535326292011,0.0556086210560,0.2967982504838,0.2930368684984,0.1824507081758,0.1172518219477,-0.1043252845740,0.3703860159515,0.0621719780849,0.4590137476637,0.5671741947014,0.0056806999752,0.3691491079644,0.0452137628134,0.0938510514410,-0.0256978180307,-0.0491490876224,-0.2575294453208
-0.2891724928221,-0.2462199598755,-0.3052971822466,0.2097088502548,-0.1303593726738,0.0028163826518,0.3312576149701,0.7824080561342,0.7559607096144,0.2914319934398,0.5958270640959,0.5496339121479,0.7270415872681,-0.2346908493210,0.0582102474898,0.6187875080095,0.6589487261618,0.7560984566390,0.7530749810450,0.7172151751969,0.5537007332834,0.1054354136941,0.4102992020427,1.0000000000000,0.3006964791181,0.5483774017604,0.7193074074041,-0.1999265967614,-0.0561854542914,-0.1962591353570,0.5870601901761,0.5066824363246,0.5320665565030,0.1177138267120,0.5006849281400,0.7459179740496,0.7665702373821,0.5073777869724,0.2634538563488,0.2769616413605,-0.0246652239143,-0.0907373052821,0.3744614868653,0.3961750911911,0.4330399823912,0.1297946279772,-0.1121896338509,0.1870585113217,-0.1513396579223,0.2325096533044,-0.3243276000650,-0.2979419649576,0.2008058250736,-0.0697241832043,-0.0032336936961,0.3666978205833,0.7772696467023,0.6319697165437,0.6537077766637,0.7902724586196,-0.1017842095722,0.4670167673286,0.1085362962464,0.2220647322206,-0.4007098670246,-0.0643326877125,0.6441102997571,0.5542892985518,0.7531841226847,0.6979667793012,0.1261345574598,0.0985828194847,0.9078342751486,0.5185466534818,0.4449309511140,0.5391064305789,0.7206937115280,-0.4207173913769,-0.0719325180442,0.7125616286658,0.3411788163665,0.3980350465961,-0.6384346550947,0.1898668070603,0.4902692983358,-0.0307882095994,0.6819127382577,0.4849741972819,0.1563858643904,0.3738883689126,0.2184708800307,0.2557189648508,0.4267847103425,-0.2623232064123,-0.0126022893566,0.0882447061036,-0.2737805499996,-0.3954957715432,-0.1925571212357,-0.1044259130767
