1.0000000000000,0.1180937031508,0.7517088785765,0.3290689642636,0.7887237797881,0.6818626027954,0.1608799975299,-0.1529145896263,0.0098776438143,0.4078571396278,0.5090413478409,0.4440443719774,0.1606763866639,0.5261593278034,0.3999432990674,0.0534030670713,0.1921397852622,0.0242364208360,0.0765016239935,-0.1436406706040,0.2427805889165,0.3804055473154,0.2968553531082,0.3569100660338,-0.2527494847604,-0.2667624028647,0.0103656467522,-0.2083298885556,0.0721653892190,-0.1613318005958,0.1403136799443,-0.1679989869097,0.0696509503907,-0.0164680028915,0.0580095305494,0.0265690747687,0.4149203755287,-0.2759136855650,0.3252065923895,-0.0676261503252,0.2895263543956,0.1953336748918,0.0480133387044,-0.3288062681931,-0.2814396192515,0.0730688946652,-0.0917273068925,0.5833794856171,0.4802165541663,0.1745616598634,0.7375334968232,0.4315817271761,0.2581081286217,0.7023895043234,0.5513030027864,0.2073634880727,-0.1353498955099,-0.1822813285727,-0.0891489867349,-0.0778551611610,0.2342533951583,0.5042056242540,0.1449362313576,-0.0654109406890,0.3504414969473,0.2509233619893,0.0405513946903,0.0786997429556,0.0145338429007,-0.1534999270905,0.0912313142436,0.4191986190548,0.2886591418125,-0.2312198100856,-0.1183337306896,-0.4836335653474,-0.1954394927605,-0.2312229705962,0.0540148201149,0.1894911693211,-0.1032598672449,-0.0240748359203,-0.1385437613104,-0.0763732406164,-0.4232943293437,-0.0480770337336,0.3738536099803,0.1790351328205,-0.0400819199345,-0.3362367238373,0.3887403088458,-0.1999176851214,-0.4006577943889,0.1142486039654,0.0209132082765,0.5374090366916,0.3950712913631,0.2105075428354,0.0955595987131,0.1712203494550
0.1180937031508,1.0000000000000,0.2902290511454,0.1893945131954,0.1012620830996,0.1310796481071,0.0400293470897,-0.0583221147825,-0.1278823636950,0.2192401768663,0.0222902569956,0.1649790177567,0.0941043848975,0.6273156254054,0.4201448882356,0.0639560865391,-0.0461967007545,-0.0436371079543,-0.1675027597973,-0.1227673229863,-0.0008485479146,0.1617538699822,0.0876903281012,-0.1114121888543,-0.1207800009562,0.2098270754547,-0.0841378349733,0.2005613452295,0.3511221266403,0.6222673840123,-0.1227924848139,0.0884774165925,-0.1017293318727,0.0976472052909,0.1353697471617,-0.1446560199992,-0.0556184069572,0.1169749046758,-0.0216910144436,0.0740097430237,0.3432591564341,0.1196356983400,0.0490747632180,0.0596378668155,0.0777638492900,0.1171386215914,-0.0154238308413,0.1116492680401,0.3304158282184,0.1828465348727,0.0321978094479,0.5424951513761,0.0159309066336,0.0727839411177,0.1021648855020,-0.0159072740777,-0.0852575569405,-0.0693541533227,-0.0545276218778,-0.1047056327820,-0.1087837174766,-0.0501205536893,-0.2992474797486,-0.3092146705317,0.4036163413377,-0.2113840119864,-0.1739085047260,-0.3086443592696,-0.1516775326409,-0.2424052933711,-0.3369878850646,-0.0046993872229,-0.2535348071503,-0.0301713620548,-0.3684700271171,-0.0883554168385,-0.2312271725299,0.0073473715331,0.3722370460456,-0.2933578928459,-0.3539612109571,-0.3827408722398,0.1047126376023,-0.2223100609263,-0.0398192050471,0.0361916620652,-0.1521786268080,-0.0703322171395,-0.3393865657477,0.0004870272888,-0.0156691684686,-0.0114764706434,0.1217999926091,0.0853391005567,-0.2554264595729,0.0316455773360,0.2480199027659,-0.0312980361687,-0.2211149352955,-0.3243842577217
0.7517088785765,0.2902290511454,1.0000000000000,0.2858631367810,0.5650752630485,0.5172913512361,0.1349989742287,-0.1643410794291,-0.0846541920632,0.3289598455280,0.2986088515446,0.4103609948633,0.1438972500721,0.5541858562158,0.4128292689681,0.0616225856528,0.0935847633948,-0.0872417468962,-0.0298784745529,-0.0926109730964,0.1521861344984,0.2087735110438,0.2623970352793,0.1202057576144,-0.2203515858433,-0.1410133181465,0.0144470491513,-0.0260208883531,-0.0318278252906,-0.0164562206457,0.0240490320307,-0.0414082466696,0.0454974018948,0.1226533314800,0.1813485558157,-0.0011445841682,0.2200546538930,-0.1488013686361,0.2835061610741,0.0877163697815,0.1629078461898,0.1406970901182,0.1124009820402,-0.2329722616405,-0.1594472437015,0.1296175307661,-0.0448912208155,0.4731069394365,0.2929627586458,0.1857195106139,0.5417974646317,0.6512628856162,0.2810762987330,0.5863278294614,0.3284174755088,0.1602544860693,-0.1258399718360,-0.2074254985593,-0.1923679695480,-0.1586354824828,0.1494718431779,0.3333424520014,0.0676614630398,-0.1092166342665,0.4010076455901,0.2235748423967,-0.0909995089546,-0.0661124662844,-0.1356834560699,-0.2096567071978,-0.0369297193736,0.2602903468329,0.0044088969111,-0.1973162044044,-0.2538040054081,-0.4013426627288,-0.1623102671918,-0.0672983258334,-0.0265532602742,-0.0419260757618,-0.0809087140164,-0.0856598658554,-0.0619744358173,-0.1356923181073,-0.3338147550024,0.0933541303804,0.1226075895121,0.1370739348139,-0.1192628836014,-0.1959206221402,0.2715449128587,0.0044604864277,-0.2565403512731,0.1618912935575,-0.0726286261294,0.3982963352655,0.2250348416524,0.2018358625072,0.0616258518091,-0.0317521335485
0.3290689642636,0.1893945131954,0.2858631367810,1.0000000000000,0.1713010498253,0.3868642694358,0.8913167956019,0.2724632399548,0.3833877957959,0.4906067601658,0.3579818858670,0.4822929273998,0.5269703992383,0.3364216250497,0.7443345063919,0.5946575487057,0.4779836316887,0.2536841381377,0.4564961063036,0.3428738314255,0.5247242293510,-0.0368400844479,0.5086008687910,0.3621147521227,0.2984582583846,0.2367583361253,0.4490301689068,0.1112440755651,-0.1281267365075,-0.0202895957781,0.4647234745931,0.3568123265933,0.4006500788538,0.3050602615385,0.3887617858528,0.4698277195355,-0.0262114151416,0.1965053273643,0.1325837849516,0.3650148754883,0.4460924965026,0.4378875905200,0.6249549394843,0.2293092178266,0.1417322315046,0.4099926553669,0.3602818862278,0.1441954223175,-0.1062614762416,0.4697075666445,0.0417985702489,0.1997356989055,0.6518145898917,0.2022523312529,0.2372904419568,0.8214805688974,0.2252328977712,0.1610198295425,0.0897048894276,0.2906020987711,-0.2208068819012,0.1926366894036,-0.1365601949545,0.0769421452373,0.0220736416082,0.1980931904816,0.4874098477977,0.1234656943765,0.2666279455662,0.2814381626114,0.0644327746677,-0.0458498423180,0.2476577244459,0.2364383668219,0.0550831647995,-0.3280645079355,0.2828367117116,-0.0342355227682,-0.2960316944822,0.2710601123341,-0.0293692799374,0.1630590357213,-0.3382360874994,0.2661345175607,-0.0346900213753,0.0881225871412,-0.0682490703815,0.2638579708699,0.0244020704343,0.0205346691374,0.0008249803006,0.2182252180518,0.1524223864531,-0.1038613906567,-0.1482769633440,-0.0019545001170,-0.2156429500895,-0.3560489870689,0.0683134806839,-0.0570013227003
0.7887237797881,0.1012620830996,0.5650752630485,0.1713010498253,1.0000000000000,0.8481296451550,0.0375534607172,-0.1025140488948,0.0276990077937,0.3784087051723,0.6805041251683,0.4107412822741,0.0983564061022,0.3413863916198,0.3312355464413,0.0189758032426,0.1283285717447,0.1065451352656,0.0795214055337,-0.2870021058121,0.1005578589806,0.6270604858786,0.2501035879664,0.4712749474494,-0.4043373678362,-0.4639176474547,-0.1544654023236,-0.3666473291614,0.3412330973654,-0.2284384690067,0.1168071235765,-0.3831884167017,-0.0631672806122,-0.2218196903750,-0.0456673543214,-0.0487482174274,0.6233695860451,-0.5040738148266,0.4034587142718,-0.3097326170087,0.2334142217614,-0.0625539332897,-0.0938013944109,-0.5520561464805,-0.4700019358996,-0.0745890827948,-0.3034738987100,0.7761472987508,0.7337801631300,0.0397751406220,0.9010250178909,0.3844881796046,0.2124086422218,0.9017942981818,0.8299342705040,0.1539242026010,-0.1760507621722,-0.1357562365368,-0.0071909377362,-0.0251125374871,0.4277626893731,0.6999529065767,0.2733188985049,-0.0034850832806,0.4949371640887,0.1509387261066,0.0715783198997,0.1713600438548,0.0697313166731,-0.2903202837367,0.0438632914730,0.6135686619906,0.4391849608451,-0.3698813756353,-0.1750101930553,-0.5428959704129,-0.4230764868487,-0.3553392570272,0.3588273575792,0.2678453414808,-0.2617474078187,-0.1728843616976,-0.2293541386713,-0.1567354554062,-0.6293986331003,-0.2250789210927,0.5806607428882,0.1649197418697,-0.0780592715463,-0.6106899236667,0.5129641069531,-0.4506841075093,-0.6211874501355,0.1799826815434,0.0002984408257,0.7679563292067,0.7036651418367,0.3421487413596,0.1057144742699,0.2539717572605
0.6818626027954,0.1310796481071,0.5172913512361,0.3868642694358,0.8481296451550,1.0000000000000,0.3223227882436,0.0584192751873,0.1450740737730,0.4846089211259,0.7465128369463,0.5127577264698,0.2532546281620,0.3779923570963,0.5224333211929,0.2527756312215,0.2617194240897,0.2475046137169,0.2349132847134,-0.1254083897724,0.1951037299005,0.5649649008610,0.3115843188282,0.5259983033142,-0.2664448930092,-0.3841544560168,-0.0242399722397,-0.3284599321904,0.3085963786656,-0.1750896560042,0.2566244605579,-0.2727557546219,0.0746116372452,-0.1855378876563,0.0601816600974,0.1128497530045,0.5389417495250,-0.4074915581047,0.3844650970463,-0.2260484551756,0.2849696163202,0.0130407701979,0.0357444287502,-0.4756410724139,-0.3884386348742,-0.0763103555303,-0.2196327088323,0.7769040060453,0.6647980435134,0.1546944656351,0.8094172015618,0.3401512919338,0.4226657595489,0.9244080896998,0.9070781003393,0.3774924787392,-0.0308828010438,0.0194876059802,0.0844561621483,0.1110927913766,0.3715244191227,0.7277032678234,0.2295311180797,0.0741614770278,0.4989526508204,0.1363362667822,0.2545112575449,0.2612640645050,0.2015290519356,-0.1383533584176,0.0687644303074,0.5351375421086,0.4609084685489,-0.2382266853906,-0.1783022968779,-0.6125054994777,-0.3325813054469,-0.3443784134688,0.2603748957215,0.3668442444369,-0.2992978283173,-0.0671092020731,-0.3400479845602,-0.0964798431033,-0.5612355100455,-0.2557011182738,0.4724549737487,0.1872719318989,-0.1196336371102,-0.5324677961632,0.4530884238885,-0.4018284927465,-0.5699227668623,0.1031345639306,-0.0707836521442,0.7284407920748,0.6019033332075,0.2444123349144,0.0772988372773,0.1942053467866
0.1608799975299,0.0400293470897,0.1349989742287,0.8913167956019,0.0375534607172,0.3223227882436,1.0000000000000,0.3584932027678,0.3876192261281,0.4136101977372,0.1921022889476,0.3560548196518,0.4845554751489,0.2282339530985,0.6276808833964,0.6375095240453,0.4631977780988,0.2589827886171,0.4747945740070,0.4231978904464,0.4375785202605,-0.1255573681670,0.3463816195045,0.2629364404151,0.3691918609895,0.2512830198448,0.4438152042281,0.1616491266472,-0.2059560591429,-0.0571736423226,0.4642718739723,0.3608425858646,0.3752882814976,0.3067804429896,0.4195188656570,0.4827005433956,-0.1394839346237,0.2521446724280,0.0254794084437,0.3709029280059,0.3343184850773,0.3554959926199,0.5747485067465,0.2629993792024,0.1925309264467,0.3423908447863,0.3442539898479,-0.0147061415295,-0.2226176128250,0.4000811859422,-0.0368119511392,0.0825045465617,0.6797580874861,0.1175138180082,0.2011673013728,0.8679280558910,0.2959294709764,0.2818593756112,0.1369500630358,0.3494285988613,-0.2047278671015,0.0604632709946,-0.1530851038860,0.1494040420982,0.0230544159791,0.1238589977830,0.5755891134649,0.1561321169033,0.3012048652770,0.3692404524460,0.0931390526013,-0.1547785811677,0.2220150949570,0.3253019937046,0.0726109726782,-0.3101633992297,0.3184023418227,0.0434351585778,-0.3845881210193,0.2963106633892,-0.0505464582146,0.2099832128624,-0.3294406623961,0.3150630031796,0.0270864490509,0.0791863001154,-0.1688654837214,0.2401577582691,0.0167090572934,0.1107485442647,-0.1211073984890,0.2428094971931,0.1903238120107,-0.1579179920164,-0.1854356128765,-0.1282830915589,-0.2975188727198,-0.3537785203511,0.0893512125979,-0.0681513170358
-0.1529145896263,-0.0583221147825,-0.1643410794291,0.2724632399548,-0.1025140488948,0.0584192751873,0.3584932027678,1.0000000000000,0.7867076551951,0.1768996656356,0.1610892836186,0.2216905181395,0.4650108116762,-0.1277254243737,0.1650463810237,0.5415514381968,0.5066607900840,0.7908803919452,0.6695604538864,0.7302908363018,0.2763318737850,-0.0576552545920,0.1806404228742,0.4536649631708,0.6079543481700,0.1058138109122,0.4338715901546,0.0038084481880,-0.1305604198826,-0.0244817204562,0.4910289704868,0.1811042176482,0.4096942607277,0.0469117426450,0.0298583509613,0.3349095095044,0.0231977482521,0.2207247885924,-0.0589066645467,0.1520844725462,0.0830053137184,0.0456865598743,0.2011299617008,0.2560001973100,0.2181874782207,0.0975295984184,0.2543901325228,-0.1315890098897,-0.1798560740476,0.2016810493685,-0.1126524294594,-0.0833898787985,0.1290813112685,-0.0469048464016,0.0307801697718,0.2134699742889,0.7344059592370,0.7634546901837,0.7397864463999,0.7060881060955,-0.1532289158279,0.0767270106859,-0.1069784343523,0.2556118415643,-0.1078886240586,-0.2995294363791,0.4465700385306,0.5163726426033,0.5851179655855,0.6683739209644,0.0409295005375,-0.0827882036172,0.3436534099077,0.4757014935841,0.1315324144918,-0.2241393188491,0.3347766316612,-0.0749855885161,-0.2424967642835,0.4473598530702,-0.0298280531706,0.3114316994245,-0.3615672323493,0.1211007756082,0.2302880198612,-0.0579988122626,-0.0220653116567,-0.0197655592603,-0.1756792863628,0.1014361766867,-0.1586677336284,0.0655619312173,0.1922182144501,-0.1352635116394,-0.1170115422855,-0.1694218330666,-0.2024135458626,-0.2387691089964,-0.0899232842748,-0.2510216574750
0.0098776438143,-0.1278823636950,-0.0846541920632,0.3833877957959,0.0276990077937,0.1450740737730,0.3876192261281,0.7867076551951,1.0000000000000,0.1904258551717,0.2929659798098,0.2971661914776,0.4326121543449,-0.0888427207357,0.2287123866576,0.6471173518915,0.4974952908180,0.6622385731199,0.8651300813248,0.6787811932087,0.3676847674879,-0.0480954194392,0.3199212941569,0.6019317684571,0.6419016979204,0.1222968501886,0.4272746283378,-0.0836126355933,-0.1698062321704,-0.1664099421347,0.5201888951477,0.1608409549984,0.3402971476785,-0.0019662367309,0.1183670638943,0.5644119376802,0.1061348221980,0.1676007465787,0.0667708733013,0.0659972492896,0.0706353380081,0.0625847441133,0.3347339751305,0.1420532304921,0.0926601850824,0.0810532024218,0.1596246170633,0.0124888663654,-0.1634114320153,0.1844348690873,-0.0023263825686,-0.1069845042465,0.2312856495095,0.0730790051538,0.1203440317974,0.3262867513497,0.6630082683749,0.6601049333989,0.7267124334580,0.9218027967523,-0.1367977397776,0.2230316868424,-0.0109877678544,0.2258780612243,-0.1320228694437,-0.0874934242878,0.6308659944936,0.5059862471886,0.8241195338774,0.7288334577024,0.2022166003873,0.0068503051361,0.5426429978017,0.5212936713782,0.3346389528580,-0.1708331317778,0.3320703899601,-0.1298954154861,-0.2873758884754,0.5521343199908,0.0273574641161,0.3157505065967,-0.4912702572159,0.2984922200814,0.1512076715665,-0.1175092435394,0.0932886233097,0.2206582854501,-0.0011634675169,0.0301465515234,-0.0280144997865,-0.0155633791213,0.1261913991439,-0.1703948902255,-0.1477107998975,-0.0118362592477,-0.1586532756962,-0.2546777370062,-0.1002933033317,-0.0942550691341
0.4078571396278,0.2192401768663,0.3289598455280,0.4906067601658,0.3784087051723,0.4846089211259,0.4136101977372,0.1768996656356,0.1904258551717,1.0000000000000,0.4604087595070,0.8099036067741,0.5665175865507,0.4413924704214,0.7042837143365,0.2775054422892,0.4818217446521,0.1757794730702,0.2732995415108,0.1645701712473,0.6145652871116,0.5262012378879,0.5931605142074,0.4277045395649,0.0319835675332,0.0665596487855,0.3318270106582,0.1044856082838,0.0740376017031,0.1039712397923,0.3683690393689,0.2580541309385,0.4266202374470,0.2583650827353,0.2288057407578,0.2290801886497,0.2495108816386,0.0270738087087,0.1954464635816,0.2332413787046,0.5999924714221,0.4815080109113,0.3314297076860,-0.0468955353535,-0.0637731261104,0.4942488813438,0.3250706047604,0.3473214329570,0.1941032456854,0.5377330115788,0.2538483566130,0.1792698431418,0.2111903112279,0.3670730430381,0.3775766287159,0.3974051231291,0.0488915293078,-0.0234878083612,-0.0283413441602,0.1027103351285,0.3652273070276,0.3522341212648,0.0162431595411,0.0060952051891,0.1059344290551,0.0286533773113,0.1485185706064,0.0415014688209,0.1006530574515,-0.0353835201465,0.0648418802053,0.3973513833914,0.2209356276305,0.0630526664321,-0.1655956716785,-0.4462035097800,0.0927116232264,-0.1161229342869,-0.0742774335030,0.1511291055132,-0.0819380893613,0.1158779389731,-0.2582259470635,-0.0100212142632,-0.2570945488609,0.0915921380447,0.2036018553827,0.1964350566160,-0.2226487955550,-0.1407128834912,0.1747931763971,0.0318531583411,-0.0920021525432,0.0069869802137,0.0718405290479,0.2383256159169,0.0691067714579,0.1762192278859,0.0774417779750,-0.0282786572790
0.5090413478409,0.0222902569956,0.2986088515446,0.3579818858670,0.6805041251683,0.7465128369463,0.1921022889476,0.1610892836186,0.2929659798098,0.4604087595070,1.0000000000000,0.6664133881525,0.3074007657552,0.1729350025336,0.3582429599169,0.2560439239001,0.2752142136526,0.3964838771436,0.3263766572994,-0.0590318069941,0.3043465955833,0.5886347014094,0.6016746344571,0.6742800810287,-0.1926081602717,-0.3387421496087,0.1213232443932,-0.3752222278534,0.3574854985119,-0.1183258044694,0.2713472457239,-0.1879784209722,0.1754933133862,-0.2295543391355,0.0838544384221,0.1790432289174,0.6683596190986,-0.3888019223091,0.5150042015391,-0.1923866861531,0.3458661957634,0.0843041321427,0.1261219292374,-0.4293710819062,-0.3625220129948,0.0108176373838,-0.1534632515621,0.7762475436439,0.5832727689859,0.1412544695529,0.6493706084228,0.1197831251639,0.1541211674915,0.7183597249201,0.7013746977255,0.2704350499855,-0.0109997424559,0.0289620461236,0.2312244317371,0.2063465648097,0.2954349945916,0.8968177781330,0.2451969527009,0.0754124382655,0.2572727476584,0.0867694365620,0.2424096278153,0.3472874526022,0.2722829775860,-0.0822113797314,0.1034058455780,0.6729202850941,0.5255344558179,-0.2392990930963,-0.1059816450065,-0.5337348746721,-0.2135069577671,-0.4549761489196,0.3050269215914,0.3658147103705,-0.1916202646336,-0.0625897174670,-0.3771356884918,-0.0696378553200,-0.5199963076888,-0.3028643706805,0.5739622897384,0.2870782966021,-0.0548485531473,-0.5812145272071,0.5531021566872,-0.4042337401032,-0.5357888280841,0.1474912284063,-0.0286313596820,0.7390902869293,0.5447420422813,0.1468810361882,0.0876504297548,0.1492665342001
0.4440443719774,0.1649790177567,0.4103609948633,0.4822929273998,0.4107412822741,0.5127577264698,0.3560548196518,0.2216905181395,0.2971661914776,0.8099036067741,0.6664133881525,1.0000000000000,0.6475550362193,0.4049201204052,0.5732336779941,0.3515618804930,0.4751112259092,0.2665243993621,0.3445622023271,0.2030578110790,0.6389838516361,0.5179098799308,0.7999978586764,0.5026141580533,0.0386392849933,0.0573155101355,0.3879242755440,0.0073017389176,0.1063026873968,0.0860484544637,0.3423822827347,0.2898574448498,0.4549334701173,0.2150374990537,0.3280894462142,0.2901645110674,0.3168492190019,-0.0434451786258,0.3178202263960,0.2237762032036,0.4715180908112,0.3886281721434,0.3414280711618,-0.0978818425858,-0.0877099947922,0.4041356746999,0.2879350316533,0.4907243512507,0.2187908820888,0.3939320399101,0.3226115342931,0.1889080939314,0.1456855700416,0.4238086000434,0.3397504749011,0.3626849275401,0.0588660044428,-0.0196917417140,0.0362912964426,0.1734460574165,0.2492486613546,0.5678848742863,0.1499206825227,0.0353875863266,0.0724554834256,-0.0032303249715,0.1575818116903,0.1348104026631,0.1707033919577,0.0239352925649,0.1390108778002,0.5174113383784,0.2470194575273,0.0485163360227,-0.1919054592960,-0.4641538149841,0.0733878848296,-0.2149178045353,-0.0361321579641,0.1337229338780,0.0164386676201,0.0893997320440,-0.3499446368964,-0.0375529890415,-0.3199402785719,0.0438414498315,0.2139522804124,0.2901076669602,-0.2470061667880,-0.2369132394102,0.2533317034645,0.0040904980731,-0.1651176224224,0.0226981257780,0.0215403129751,0.3680486817435,0.1044458467887,0.1519427586527,0.0352587241402,-0.1259060386044
0.1606763866639,0.0941043848975,0.1438972500721,0.5269703992383,0.0983564061022,0.2532546281620,0.4845554751489,0.4650108116762,0.4326121543449,0.5665175865507,0.3074007657552,0.6475550362193,1.0000000000000,0.1683677806195,0.5718421344036,0.4834007150316,0.7364696462061,0.4318163249668,0.4753334190155,0.5180823471026,0.5904768424230,0.1558969062064,0.5023441872338,0.4735835167226,0.3851096880920,0.2218188195361,0.5798771823012,0.1638912124116,-0.1204669381092,0.0381165123787,0.6220737077991,0.4468040978999,0.6361822780051,0.4382308862012,0.2014861485551,0.3905350341800,0.0961765084061,0.2740377381802,0.1565656094167,0.4415151117942,0.3493795542914,0.3169675536060,0.5140567065739,0.2908788280265,0.2777384352673,0.3428194892840,0.4952863705647,0.1322940753543,-0.1194726875421,0.4966769380658,-0.0167818945611,0.0314800207291,0.2036909840976,0.1215861619708,0.1119896391320,0.4339432474544,0.4510851514022,0.2317580832638,0.0845398800099,0.3205068580779,-0.1106704918502,0.1990864143048,0.0154455698952,0.4280002500098,-0.1736926434910,-0.1092303375971,0.3327927828107,0.3049815854409,0.2502578646325,0.3436254374276,0.0626345034077,0.0711166554825,0.2546074438210,0.3553988966072,-0.0312357358689,-0.3522209846473,0.3569537103267,-0.0117609761295,-0.2881013906318,0.2980029625002,0.0122774540599,0.2523278497851,-0.4167355107820,0.1497589963968,0.0796047987763,0.1908302924542,0.0487390978924,0.1840667183700,-0.1407332489386,0.1376359309770,0.0492217410937,0.2975869574899,0.1895669809142,-0.1659885980644,-0.0921430339362,-0.0125289478344,-0.2374549052344,-0.1388169485042,-0.0782720115344,-0.3007810174121
0.5261593278034,0.6273156254054,0.5541858562158,0.3364216250497,0.3413863916198,0.3779923570963,0.2282339530985,-0.1277254243737,-0.0888427207357,0.4413924704214,0.1729350025336,0.4049201204052,0.1683677806195,1.0000000000000,0.5913097464104,0.1483930661605,0.1135802824109,-0.1037237438187,-0.1045167547904,-0.0268963781397,0.2400387475990,0.2315312676387,0.2283360891364,-0.0177134617985,-0.1443854789266,0.0880693321522,0.0555697226985,0.2368289341404,0.2125126803120,0.4013659623820,-0.0708897873659,0.1070509902396,0.0400727944830,0.2102031172174,0.2455601225113,-0.0390934868526,-0.0298966441816,0.0042545586202,-0.0352621454018,0.1436552122975,0.3976099172521,0.3657038192239,0.0584760867927,-0.1112736523970,-0.0995470687301,0.1883668680291,0.0881758446504,0.2431734116644,0.3482160159470,0.2838787784499,0.3102983511667,0.4215420376192,0.1629677161766,0.3202254759628,0.2069463785885,0.1693160488652,-0.1102969219096,-0.1341511147888,-0.1212672606058,-0.1171181957314,0.0271475164377,0.1430644838666,-0.1557789309247,-0.3069905592333,0.4819782433069,-0.0968402293021,-0.0975013640491,-0.2039944247258,-0.1079975568887,-0.1371919308037,-0.1023065055584,0.1454385723447,-0.1852670110731,-0.0646967315026,-0.3345169887116,-0.3446261477967,-0.1873567228897,0.0815067327322,0.1585719912434,-0.1840395270551,-0.1556822595552,-0.1378726334952,0.0440416167535,-0.2190560197798,-0.2034307509162,0.1795495526725,-0.1228826444125,0.0051787415691,-0.4132370328532,-0.0832758402405,-0.0351166391628,0.0407271618069,-0.1049300939372,0.0901422997649,-0.1510236369958,0.1543879026476,0.2292231528809,0.1419546779978,-0.0665521932060,-0.2207881279959
0.3999432990674,0.4201448882356,0.4128292689681,0.7443345063919,0.3312355464413,0.5224333211929,0.6276808833964,0.1650463810237,0.2287123866576,0.7042837143365,0.3582429599169,0.5732336779941,0.5718421344036,0.5913097464104,1.0000000000000,0.4009124108087,0.4984399545127,0.1555093577458,0.2834098997420,0.2067467006393,0.5208984238830,0.2347568182070,0.4550244488841,0.3352187342310,0.1075550692507,0.1328300887495,0.3085118443220,0.2075240737095,0.0137214468470,0.1113573396504,0.4080090152888,0.1984513812543,0.3147604356762,0.2919522460696,0.2014056098716,0.3089040106526,0.0563199601853,0.1225697255581,0.1464473459661,0.2722586257357,0.5170036200638,0.4647357065722,0.4632542458757,0.0434396320096,0.0117164243164,0.3456554443621,0.2981845955171,0.3028875239638,0.1506542253642,0.6614029206164,0.1992327260623,0.3900269132699,0.5249784777817,0.3680654054573,0.3865674292966,0.5791548310742,0.1507816425116,0.0587670625644,-0.0285052865798,0.1552047795846,0.0509800379429,0.2383420883805,-0.0241861214118,0.0674210179209,0.2755721392106,0.1570597411567,0.2309910767045,0.0475494576273,0.1303294237072,0.0448231234464,-0.0192061052358,0.1344536994971,0.1417032508043,0.1140894900365,-0.1418629049224,-0.4103151986000,0.0968799885811,0.0614985393529,-0.1240269160538,0.1416315572698,-0.1753393411348,0.0757442232623,-0.2196314426269,-0.0070228080853,-0.1609967647965,0.1591399821454,0.0137339391009,0.1101044381044,-0.0985225736167,-0.0554709890157,0.0885184794581,0.1766393445478,0.0010077271265,-0.0662325699127,-0.1071112181366,0.1520314953096,-0.0043062511034,-0.0650239027687,0.0490193735875,-0.0306470470615
0.0534030670713,0.0639560865391,0.0616225856528,0.5946575487057,0.0189758032426,0.2527756312215,0.6375095240453,0.5415514381968,0.6471173518915,0.2775054422892,0.2560439239001,0.3515618804930,0.4834007150316,0.1483930661605,0.4009124108087,1.0000000000000,0.4857536234767,0.5680004634648,0.7186718149836,0.5655816684010,0.4252629385001,-0.0876589625781,0.2859457817681,0.4483357822752,0.4623331433593,0.2043503534008,0.3706588717056,-0.0983276583224,-0.1345412931413,-0.0038512518738,0.5424035453410,0.3234662270095,0.3758454996286,0.1176748742592,0.6243280861813,0.7447296320044,-0.0152617551404,0.2418465408970,0.1274082625037,0.1206785586009,0.1020613582877,0.0697135653346,0.5477359862815,0.1543418119892,0.1068772333856,0.0657499221664,0.1067631998166,0.0836144394392,-0.1099466299123,0.1032342669704,0.0195737459845,-0.0386500358399,0.4555727943348,0.1608953677735,0.1944084844591,0.5840167130672,0.4625597682750,0.4326191196176,0.4646406972422,0.6481578807564,-0.1761368092016,0.1464264360476,-0.2379751394479,0.1851012406389,-0.0635494176592,-0.0113413703285,0.7887361830181,0.3294310497870,0.6831860108772,0.5420617103409,0.2012454210226,-0.1341718202538,0.4017219290576,0.4325271304724,0.1755813242810,-0.2148311190291,0.1700255107322,-0.2011247088852,-0.2539537420453,0.4782237721292,-0.1487336191527,0.0914064211445,-0.4763867012642,0.5039491018327,0.0637466704857,-0.1338250522191,-0.0271483726771,0.4972200141469,-0.0748642172195,0.1599775094677,-0.0133993871125,-0.0424806283298,0.1464753882740,-0.2588086081544,-0.4127074882891,0.0289160625035,-0.1205505551895,-0.2240892278844,-0.2486420410460,-0.2543421232708
0.1921397852622,-0.0461967007545,0.0935847633948,0.4779836316887,0.1283285717447,0.2617194240897,0.4631977780988,0.5066607900840,0.4974952908180,0.4818217446521,0.2752142136526,0.4751112259092,0.7364696462061,0.1135802824109,0.4984399545127,0.4857536234767,1.0000000000000,0.5754743085813,0.5859445798996,0.5576015941424,0.7321545488004,0.1075895667725,0.3423737047694,0.6540141379994,0.3946443993676,0.1141818399338,0.6433256184099,0.0395801290069,-0.1636221892698,-0.1005961056816,0.8512004882831,0.3053460098319,0.6983626818095,0.3203415034604,0.1138713292614,0.4763840707929,0.2816502987612,0.2023617760916,0.2646298982946,0.3096216494553,0.2257827163862,0.2321449954807,0.4836070728717,0.2208050143987,0.1474238360868,0.2111250821406,0.3797573131789,0.1044062946492,-0.0658119105369,0.5552373895490,0.0608223073349,-0.0291154003918,0.2384550846717,0.1324391381743,0.1964163123442,0.3661958706581,0.4981470127810,0.2907171701956,0.2464039394392,0.3732216161130,-0.0838399292653,0.2453269078971,-0.0447619095391,0.2857661665911,-0.1054719148360,0.1120502643251,0.4786357830966,0.5266562859878,0.4366140322330,0.4469973171191,0.3115324119354,0.0718553303250,0.4935373895782,0.3814587613772,0.1972886041731,-0.4243942346959,0.3860908488795,-0.0937974626290,-0.3541966167977,0.6046445734126,0.1138134705871,0.4368353413130,-0.4289853545995,0.2807055882815,0.0247277281447,0.1123648690339,0.3058883114651,0.2348688425262,0.0354472411386,0.1181275125137,0.1707077311878,0.1513013151019,0.1126317513171,-0.2063061224288,-0.0604612461166,0.0367443434372,-0.1830178524273,-0.1914979090361,-0.0959215003045,-0.0499721028347
0.0242364208360,-0.0436371079543,-0.0872417468962,0.2536841381377,0.1065451352656,0.2475046137169,0.2589827886171,0.7908803919452,0.6622385731199,0.1757794730702,0.3964838771436,0.2665243993621,0.4318163249668,-0.1037237438187,0.1555093577458,0.5680004634648,0.5754743085813,1.0000000000000,0.6261636408129,0.4754532154911,0.2791880386929,0.0962703771815,0.2041986153780,0.6321732835043,0.3300562878527,-0.1435791173772,0.3817731023036,-0.2324201600184,-0.0059919363641,-0.0462434994238,0.5572258466007,0.0147913617462,0.3987566053351,-0.0588318288330,0.0435886158839,0.3377395482327,0.3148356116993,-0.0092184931331,0.1974505664962,0.0341091759805,0.1205648714353,-0.0151313644493,0.1592324630887,0.0290042283375,-0.0071925852435,-0.0264494345446,0.0798701521827,0.1358970192982,0.0767261706042,0.1871679526453,0.0924049974685,-0.0967690861641,0.0809966681032,0.1679749926059,0.2319240781234,0.1139729990641,0.6399066053844,0.6271958373298,0.7416429505772,0.6020631531523,-0.0954774287286,0.3112427408948,-0.0648616762890,0.2533476829625,-0.0421280687468,-0.2104654758231,0.5176751758872,0.6930684674446,0.6137110034301,0.5025259800252,0.1591002735709,0.0994894453198,0.5383764939263,0.2577248366391,0.1749794368596,-0.3109438511615,0.1894772530859,-0.2958296644188,-0.0980515153242,0.6380121878674,-0.0900081831229,0.2362934113074,-0.3867075343357,0.1828260171788,0.0775663959807,-0.1771155498456,0.2845058416734,0.1429708213856,-0.0899149837213,-0.0516014669297,0.1416526998489,-0.0970472050806,-0.0578660749330,-0.0987433641357,-0.1132703151826,0.1174982230341,0.0498585008978,-0.2083920047093,-0.0968670844046,-0.1617037958527
0.0765016239935,-0.1675027597973,-0.0298784745529,0.4564961063036,0.0795214055337,0.2349132847134,0.4747945740070,0.6695604538864,0.8651300813248,0.2732995415108,0.3263766572994,0.3445622023271,0.4753334190155,-0.1045167547904,0.2834098997420,0.7186718149836,0.5859445798996,0.6261636408129,1.0000000000000,0.6100769923624,0.4256986763949,-0.0471122602609,0.3076592104718,0.6820078585936,0.5280844571962,0.1164128653462,0.3978069280141,-0.1063803437089,-0.2042327191328,-0.2012987184596,0.6706309932803,0.1943542812595,0.3652346443125,0.0481753801565,0.1914460659511,0.7528493453191,0.1779737598781,0.1432783025756,0.1962035186398,0.0937765337836,0.0760904341555,0.0434465696754,0.4519842731988,0.1076634091798,0.0776630365679,0.0846656666123,0.1230276028266,0.0921504947176,-0.1349519153282,0.2137387356364,0.0649824056291,-0.0732968058284,0.3550499253189,0.1463035458613,0.2256796387720,0.4703885709617,0.5238469490151,0.5758097747184,0.5171237004816,0.8142925530188,-0.0699449129621,0.2739480640535,-0.0296121299426,0.2504032158906,-0.1067717644812,0.1086749659483,0.8035378747062,0.5183566763847,0.8855902687990,0.6373993604266,0.2752579352002,0.0075159879837,0.6389009446213,0.4503307640261,0.4021857936593,-0.2004334086017,0.2426835422889,-0.1646706974874,-0.3168131067680,0.6780372460994,-0.0101932235677,0.2757316475078,-0.5020486203110,0.4827097803503,0.0597900717095,-0.1342005536215,0.2059234282075,0.3584926850653,0.1455451923947,0.0287500351053,0.0942113453621,-0.0430266063839,0.0729162059798,-0.2042245194808,-0.1940790208328,0.0514989427408,-0.1423936653664,-0.2099401941065,-0.1139801939308,-0.0160908509328
-0.1436406706040,-0.1227673229863,-0.0926109730964,0.3428738314255,-0.2870021058121,-0.1254083897724,0.4231978904464,0.7302908363018,0.6787811932087,0.1645701712473,-0.0590318069941,0.2030578110790,0.5180823471026,-0.0268963781397,0.2067467006393,0.5655816684010,0.5576015941424,0.4754532154911,0.6100769923624,1.0000000000000,0.4186329344218,-0.2490340773567,0.2282104772208,0.3395723446197,0.8720168835048,0.4772737477782,0.7040248181183,0.2633697540320,-0.3625416303029,0.0343731058917,0.5145118474433,0.5367908107122,0.5995407629167,0.4126704387822,0.1890261161401,0.5020461969932,-0.1456674018407,0.6587881157208,-0.0678885125299,0.5061457999603,0.0930888672099,0.2775708523265,0.4689019303765,0.6355440173287,0.6012688696226,0.2969321343441,0.5045043257230,-0.2615295912210,-0.4013453458553,0.3140027214730,-0.2874341681002,-0.2455249887768,0.1230152094014,-0.2230374065882,-0.2223867371636,0.2400533791293,0.6825963464958,0.5649699629919,0.4236642476274,0.6245450843736,-0.4233765255776,-0.1696145757921,-0.3619280279471,0.0957575012803,-0.3317846635132,-0.1842921782352,0.4342979640001,0.2482664455551,0.4664546575553,0.8511181951325,-0.0223659454266,-0.3140849450506,0.2185054543042,0.7875726849415,0.1783744200363,-0.1693688566145,0.6383013492470,0.1002763791257,-0.5099890382516,0.3042694426423,0.0766390514870,0.3631095678674,-0.3737596357552,0.2472074478378,0.4977637067012,0.2311823843865,-0.1690719804564,0.0804231170050,-0.0975185549742,0.5412102709325,-0.2261619930376,0.4072990428170,0.5522965889403,-0.1011023605111,-0.1764448462619,-0.3358123284174,-0.4455247283911,-0.4546898132758,-0.1571160838122,-0.3699610389531
0.2427805889165,-0.0008485479146,0.1521861344984,0.5247242293510,0.1005578589806,0.1951037299005,0.4375785202605,0.2763318737850,0.3676847674879,0.6145652871116,0.3043465955833,0.6389838516361,0.5904768424230,0.2400387475990,0.5208984238830,0.4252629385001,0.7321545488004,0.2791880386929,0.4256986763949,0.4186329344218,1.0000000000000,0.1337340943623,0.5047812517003,0.5064528938458,0.2602635499691,0.2645800004545,0.5400264288844,0.1277060737237,-0.1093972870683,0.0239062070866,0.6093595110019,0.4421146402335,0.6368776935595,0.3325988133762,0.3788699781370,0.4710828059737,0.2069357472029,0.1973584261820,0.3074717691113,0.2907631571940,0.2871221945919,0.4304106939982,0.5952552579623,0.1716616246452,0.1506242855727,0.3391311229676,0.4278138192430,0.1674051150988,-0.1002362076429,0.5478968082555,0.0154610774460,-0.0094979354330,0.1685440674851,0.0722687098055,0.0707576348333,0.4069867598635,0.2130638326398,0.0321144363820,0.0898334097280,0.2223301635334,-0.0214853044520,0.2406181860029,-0.0539874524597,0.0483023414987,-0.1643627033995,0.2263904485866,0.3055903852667,0.2220722458186,0.2840623856654,0.2700851165136,0.3821508504615,0.1123884156422,0.3313123157889,0.2497893851836,0.2046726260838,-0.3172349952796,0.3039848079198,-0.0591552721193,-0.3082499699731,0.3224789346670,0.2188138966375,0.3566526011500,-0.2962104571932,0.2982798806206,-0.0387652408762,0.0636952776508,0.2033097572930,0.4344869822311,0.0506993275114,0.0370485363665,0.1902201422343,0.1100507868224,0.1059451691478,-0.2366758884405,0.0049257222320,0.0937854337677,-0.2202145083234,-0.0849041051873,-0.0308061596876,0.0340971718461
0.3804055473154,0.1617538699822,0.2087735110438,-0.0368400844479,0.6270604858786,0.5649649008610,-0.1255573681670,-0.0576552545920,-0.0480954194392,0.5262012378879,0.5886347014094,0.5179098799308,0.1558969062064,0.2315312676387,0.2347568182070,-0.0876589625781,0.1075895667725,0.0962703771815,-0.0471122602609,-0.2490340773567,0.1337340943623,1.0000000000000,0.4130302844532,0.3623324076069,-0.3496672824014,-0.2636468041656,-0.0212224439659,-0.2735971868518,0.5515738135569,0.1153902424146,0.0248583755840,-0.1759651899481,0.0902988837294,-0.1082662795363,-0.1099302976075,-0.1351547213940,0.5305149627559,-0.3268089326442,0.2638535989311,-0.1386002236299,0.4379290855313,-0.0189366907150,-0.1194525738579,-0.3813567359119,-0.2951278308094,0.1673981145695,-0.0770715521126,0.5718552569680,0.6590149376289,0.0843894488959,0.5714158700542,0.1610673356723,-0.1219978139428,0.5851199137228,0.5887953361476,-0.0818911695814,-0.2181011394520,-0.2040411588381,-0.0187129731467,-0.0924318705173,0.5005974158538,0.5845976800068,0.1917369045840,-0.1401988099642,0.3022783820825,-0.1394840159444,-0.1278720099246,0.0079155839773,-0.0424426914666,-0.3636017685753,-0.0815714201749,0.8031121632323,0.2277081808753,-0.2918241140185,-0.3560810665520,-0.4464264436944,-0.3037315720667,-0.4058514125117,0.4993422918809,0.0324393994956,-0.2359065723670,-0.2198617659751,-0.0792857538068,-0.3101571534473,-0.5156703343162,-0.1355927363713,0.4572303255270,0.0391835916959,-0.2960166872164,-0.4881774484429,0.3916646603992,-0.3183299370857,-0.4436961248668,0.2924930164579,0.1494714232102,0.6088036204485,0.6373058106756,0.4992479423795,0.0506159799038,0.0211608349238
0.2968553531082,0.0876903281012,0.2623970352793,0.5086008687910,0.2501035879664,0.3115843188282,0.3463816195045,0.1806404228742,0.3199212941569,0.5931605142074,0.6016746344571,0.7999978586764,0.5023441872338,0.2283360891364,0.4550244488841,0.2859457817681,0.3423737047694,0.2041986153780,0.3076592104718,0.2282104772208,0.5047812517003,0.4130302844532,1.0000000000000,0.4461072732269,0.1351094900333,0.1885689670096,0.4920836210941,-0.0847524472920,0.0731857615445,0.1077519054040,0.2826371841114,0.4177751590215,0.4720004086796,0.2713202565442,0.2551346915586,0.2460022715205,0.2519038233141,0.0845285499287,0.3104852402081,0.3215224157355,0.4892567649640,0.4485684782683,0.4306221110400,0.0662080791104,0.0194937214267,0.5599154039307,0.4046214081735,0.3567896454714,0.0752428483006,0.3939781702970,0.1354784808411,0.0586782004273,0.1340408839347,0.2435242091603,0.1764264660303,0.3390171889616,0.0633788578791,-0.0417407453985,0.1021368027877,0.1742774482259,0.0078582873999,0.4596916434611,0.0239210362407,-0.0615518903530,-0.1219284585831,0.0391520287893,0.1297279281379,0.0193647859096,0.1488574770273,0.0767740965129,-0.0070601773656,0.5075608425861,0.1892454721473,0.0652553977312,-0.1289467209392,-0.2493001892417,0.2688940585976,-0.3103845044828,-0.0797206921270,0.0668214868132,0.1600174652023,0.0865320344094,-0.2844839887240,-0.0001806958663,-0.1997300403819,0.1375153913506,0.1459368413184,0.2704543231436,-0.1017017020467,-0.1645432666692,0.2176458597297,0.1463169229923,0.0035749289098,0.1227829242732,0.0347009016609,0.2576952953430,-0.0230459889214,-0.0807141354494,0.0885590875722,-0.1406100874255
0.3569100660338,-0.1114121888543,0.1202057576144,0.3621147521227,0.4712749474494,0.5259983033142,0.2629364404151,0.4536649631708,0.6019317684571,0.4277045395649,0.6742800810287,0.5026141580533,0.4735835167226,-0.0177134617985,0.3352187342310,0.4483357822752,0.6540141379994,0.6321732835043,0.6820078585936,0.3395723446197,0.5064528938458,0.3623324076069,0.4461072732269,1.0000000000000,0.1871813835207,-0.1570422592507,0.4021228149823,-0.2655460611421,0.0759752730914,-0.1980911135763,0.6943356380484,-0.0402027309501,0.3826343374338,-0.0742862368001,0.0334116805266,0.4885142889386,0.6751502470326,-0.1025761082263,0.5031036339180,-0.0427303497156,0.2123352778645,0.0546225794873,0.3502274191643,-0.1280456843689,-0.1252505858473,0.0765689010638,-0.0076405201741,0.4974726388243,0.3027401691622,0.2797578676948,0.4248796290651,-0.0466981758672,0.1756530321048,0.4811087260375,0.5378712038920,0.3161103685657,0.3860888787015,0.3315815364346,0.4041585966889,0.5333269772502,0.1219791176348,0.6463891992257,0.0578045703463,0.1970922348982,0.0052082452736,0.1536960665092,0.5522742183730,0.5819667343603,0.6328184822239,0.3314745588298,0.2514464636810,0.4028949961802,0.8613010630397,0.1817556070727,0.2649108240129,-0.4473044059186,0.1193393583661,-0.3740540415191,-0.0552353681272,0.7586543087475,-0.0878289542548,0.1911491391391,-0.5199541035589,0.2845095995724,-0.2175399617276,-0.2153509129914,0.6969390337696,0.4054572947230,0.1038996078068,-0.2403750641563,0.5111814714561,-0.2456261675214,-0.2355498526042,0.0163438965771,-0.0823858770988,0.4716288358456,0.2592282600867,-0.0638266784705,0.0036666184900,0.1207814946150
