1.0000000000000,0.2493467893399,0.5903312030234,0.5335723688549,0.7677087700480,0.4233131452423,0.4635424306816,0.2201414647099,0.2321818048127,0.3523094098257,0.3162173403595,0.4012838210510,0.3430901284444,0.4903508554000,0.3226144660618,0.1992121328643,0.0764408028818,0.1859802910144,0.0823697339182,0.1732841514795,0.2019970120078,0.3060477816373,0.3032035915615,0.1419947793446,0.1178793992667,0.3516680741371,0.1780740135734,0.3397318500373,0.2688382585834,0.3338567241029,0.1396648465865,0.1570362611643,0.0428289722335,0.2368762309041,0.2688875958938,0.1342785445746,0.2235085724284,0.1461435178238,0.2468496751596,0.3449517414330,0.5844784309004,0.3738292260971,0.0541107341890,0.2571672429138,0.1994018220464,0.2787317061800,0.3958777795038,0.1972865260574,0.4049029733151,0.2910835893525,0.7330548828008,0.3709454559213,0.3062941503589,0.5166081197221,0.2318884633999,0.3303800899569,0.2188681306895,0.2976412306166,0.1677683497435,0.1896909338231,-0.0188487127278,0.1379059859592,0.2059300179311,0.1331037865442,0.1775491285897,-0.0898363553420,-0.0591791904473,0.1087809970236,0.0146985279170,0.1997720540765,0.1646402820770,-0.0666072129863,0.1191136793952,0.1387511216031,0.0625149796354,0.2549354742053,0.0016424931754,0.3065038920496,0.1219843829072,0.0422938350409,-0.0536067839753,0.0837786982047,0.0754252451315,-0.1122482028864,0.2467844341674,0.0995723787768,0.1506267644220,0.1547601131576,-0.0623114537966,0.2654075773986,0.1471117304017,0.1680320091506,0.1762975164380,0.1479427873723,-0.0343110835749,0.1412394314053,0.3585273625401,0.0191964652086,0.0606597549371,-0.0411686323615
0.2493467893399,1.0000000000000,0.4568565293500,0.1387766220005,0.2874928455652,-0.0188497610813,0.0225055969275,0.0233213254396,0.0281542787883,0.1124520213898,-0.1387401511995,0.1025834065002,0.0762054300897,0.5444354940470,0.3889539768761,-0.0112708528562,0.0678737058317,-0.0044926523030,-0.0661532791075,-0.1179525275410,0.0431858047454,0.3172685214158,0.0679942956701,-0.0755889214606,-0.0058832336186,0.1222968853116,-0.2078174885813,0.3031245637333,0.6518871215735,0.7222616442890,-0.0122771462906,0.0714221662477,-0.1148260095951,0.0136066709214,-0.0805860790348,-0.1679756396501,-0.1408798682532,-0.0716949525441,-0.0490417605868,-0.0549094802540,0.2218223164396,0.1640662655562,-0.1734944720716,0.2791371096737,-0.0830806179966,0.0703188878925,0.1735795639414,-0.0228063854188,0.4676346628919,0.0133314665605,0.2635908618095,0.8102051162465,-0.1769894128983,0.1171006166889,0.0585017256889,-0.2448555896330,-0.0617221218795,0.0878379760661,0.0068976006820,0.0260014533596,-0.1063315186100,-0.3042255628896,-0.2033771656765,-0.0551858457293,0.4583314503373,-0.1524360872735,-0.3187486069564,-0.0652759878757,-0.2226880835578,-0.0949256310747,0.0647365871264,-0.1594013448822,-0.0988834379560,0.0515220886974,0.0052470443117,0.2768017450265,-0.3247834331973,0.1933234224094,0.6293636272157,-0.1412071783531,-0.1416167494146,-0.1716823125545,0.5315949278944,-0.2518874213547,0.0354149715450,-0.0530789517785,-0.1320152851584,-0.1000501566194,-0.2308573598371,-0.0737046616573,-0.0703768805895,-0.0152140976834,0.1511241877172,0.1599648717997,-0.0358713252817,-0.2634369618157,0.4157159726235,0.0703451532444,-0.0697098831658,-0.2122733591619
0.5903312030234,0.4568565293500,1.0000000000000,0.3525668527836,0.5124370383201,0.5053104810007,0.4856536046944,0.2014670561455,0.1485017739074,0.2448108938021,0.0907638450169,0.3234144365133,0.3039405902025,0.5505611129313,0.1166707714653,0.2935270072732,0.1869560780953,0.1927808313552,0.0914861449371,0.1860602701092,0.2334203993257,0.3541575731466,0.2826546475941,0.1406599208930,0.0845543509199,0.4150377711617,0.1431438225270,0.4892798170818,0.3678778884253,0.5620835921675,0.2772577096873,0.3261455411018,0.1548252532498,0.1911875443233,0.1878293282832,0.1923564793266,0.1389413895772,0.2357355510854,0.2662238843137,0.3266757603407,0.3767760700473,0.2690463442945,0.1252654503266,0.3422444504154,0.2749328081708,0.2433637981324,0.4812811023203,0.2659603339036,0.4612686947153,0.1099420189421,0.5113766182198,0.7193745909231,0.1313443163189,0.7067134861732,0.3991021743000,0.1439572174924,0.1507191041914,0.2622399122098,0.1081038387258,0.1142435595397,-0.1570579366525,-0.0624948447264,-0.0614948734485,0.0031720004726,0.3913191735751,-0.1077222668481,-0.0226312996119,0.0998587137366,-0.0108321302713,0.2055663075918,0.1638764935277,-0.1066888774084,0.1066881289592,0.1698424215717,0.2245461621259,0.3764017084941,-0.0294356557390,0.3787609975162,0.2525601866580,0.1111498023865,0.0331107056778,0.1377528027585,0.3287147924887,0.0082518918048,0.3999468195150,0.0839509012667,0.1185114135100,0.1716010005047,-0.0386509022970,0.3343057202176,0.1808219689899,0.1202024529384,0.2613363429985,0.2460189821493,0.0340524668065,0.1580449031684,0.4466002943795,-0.0819086312850,-0.1028623028636,-0.1577973483675
0.5335723688549,0.1387766220005,0.3525668527836,1.0000000000000,0.6642296879228,0.6524531671276,0.7022183760210,0.3478142390530,0.3364030703763,0.4561030214538,0.4327932980784,0.3305202334840,0.4177183417437,0.2079645572568,0.7020449756553,0.4340514249899,0.2767569310428,0.3334299962981,0.3324898936145,0.2751266815828,0.2448686364373,0.2912319600081,0.2481499296114,0.3185048714692,0.1176648468992,0.2607761531029,0.2665056089979,0.0329692399504,-0.0568725993857,-0.0394680281349,0.3354200924780,0.2500166489451,0.1774290040069,0.1968475551531,0.2562702328086,0.3942985473202,0.2901055414513,0.1743723828995,0.3029131328914,0.3637832853999,0.4724930686598,0.3382660314095,0.3194855634343,0.1707301951439,0.2381108628667,0.3609726122471,0.3105283283741,0.3026352465925,0.2445856651678,0.3379618284265,0.4610586247270,0.2290573589882,0.6357528187861,0.5901018989899,0.5132979054928,0.6738785397990,0.2540455177341,0.3108829690591,0.3021168877771,0.3282014250772,0.1141455623646,0.2675155774690,0.1259616768312,0.1573090693666,0.0947614246196,0.0807240075967,0.1884578765896,0.2242658877006,0.1909688055289,0.1609024559544,0.1209754525255,0.1645795265212,0.2495720365647,0.1887496242796,0.0669849189270,0.0750886064049,0.1361775969769,0.0350365391691,-0.2086442532904,0.1931932520162,0.0301966928876,0.1481188932228,-0.2423843283935,0.0512898477896,0.1414399749241,0.0711311304529,0.1701899503094,0.2687891891639,0.0397325457336,0.1858077636281,0.2663378120705,0.1911624913014,0.0888256021720,-0.0437274672561,-0.1409572009069,0.2070688394230,-0.0023548523477,0.0361403999056,0.0934262021507,-0.0292699433726
0.7677087700480,0.2874928455652,0.5124370383201,0.6642296879228,1.0000000000000,0.6203179486460,0.5667181490222,0.3588505769942,0.3185199142457,0.5178118353200,0.3718298377419,0.5207511202966,0.4976937825529,0.4701579031478,0.5112655625295,0.2964986745565,0.2571994738078,0.3080928816521,0.1934616739302,0.2673151564633,0.2832342497293,0.5755061008606,0.4060860584598,0.2845556395961,0.0865029137595,0.3758292440015,0.2661576350197,0.3392742137465,0.2481067956543,0.2774876420531,0.2466926004370,0.2693759976154,0.1638087663587,0.2996003903855,0.1888978009970,0.1663484392794,0.2963196318003,0.1738599956639,0.2875783864572,0.4377004407017,0.5951679860162,0.4155968176809,0.0641823609172,0.2403202785152,0.1999554491228,0.4263783789863,0.4649868422269,0.2624311959670,0.5588052192128,0.3144614091537,0.7458066156755,0.3601404690099,0.4331511285491,0.6386405095196,0.5228208497857,0.3383071200264,0.2950750305879,0.4184287001724,0.3185613950947,0.2069563503379,0.1593438155124,0.2372724822572,0.2408061156575,0.3188737375249,0.2867991023946,0.0025606990145,-0.1272486533568,0.2532282068324,-0.0742860578621,0.2082215523128,0.2500240666226,0.2186575627492,0.2300699895880,0.1345890754938,0.0878105668138,0.2234689659210,0.0634869552613,0.2865347453412,0.0486007511433,0.1166999837487,0.0211236640309,0.1846002938733,0.0373543022376,-0.1258716199557,0.2555433177277,0.1647172359402,0.2083706735170,0.1162259197174,-0.0417522610365,0.2676660610459,0.1946037539427,0.2818935508763,0.1320909066239,0.2878468263550,0.0128687297027,0.1078448288860,0.3166337885951,0.2286932092367,0.1429440314617,0.0166419608835
0.4233131452423,-0.0188497610813,0.5053104810007,0.6524531671276,0.6203179486460,1.0000000000000,0.7033681127305,0.2915664434619,0.2726496215234,0.4862130931526,0.3919991293827,0.4108320256636,0.4185376438012,0.2821883395027,0.4237484168991,0.4273261383128,0.3144664084146,0.3185754194030,0.2928501933984,0.3306739590765,0.2950761096943,0.4659987476160,0.3937923815523,0.3399836626137,0.0949473671455,0.3247350640250,0.3552223140848,0.1505640095469,-0.1048616402173,0.0314467640053,0.3946040371688,0.3744982063434,0.3548962645224,0.3170832004852,0.2444390592901,0.3865644923805,0.3238323875759,0.2646496506884,0.3889045562339,0.4958865237695,0.4138594778484,0.2873997749696,0.3047042404258,0.1378720069930,0.2730374187896,0.4321540861810,0.4347016145991,0.5029398979059,0.3344528248684,0.2489916396569,0.4317414556459,0.1070441750955,0.4547671088070,0.8824439209744,0.7854502027689,0.4483840440520,0.2676057195062,0.3183180467601,0.2596286021432,0.1965597519292,0.1515831999996,0.2751595260514,0.1162382023593,0.2209401588620,0.0436021734633,0.1158367724794,0.1860012218367,0.2695851864052,0.1275054633786,0.2330213958488,0.2563403948553,0.3184609320060,0.2875974663765,0.1604382183981,0.1953612352252,0.1117328947040,0.2108087863703,0.0915171466506,-0.2834586958796,0.2355054622996,0.1612654134479,0.3513235529463,-0.2390495068629,0.1810166454172,0.3227145802343,0.2165325352632,0.2706568301381,0.2472488415966,0.1546935240568,0.3176845798628,0.3698268038844,0.3686369157477,0.0752015272932,0.1603974936255,0.0224930958297,0.4161579602767,0.0794502868302,0.0389541136365,0.0408309196770,0.0493088989287
0.4635424306816,0.0225055969275,0.4856536046944,0.7022183760210,0.5667181490222,0.7033681127305,1.0000000000000,0.3974426699184,0.3781432956902,0.5325472345064,0.4019779075623,0.5104239499664,0.4868460359766,0.2707379263795,0.3980704235628,0.5633849020468,0.3610344561107,0.3496867335683,0.3786906123930,0.4018688263452,0.3440664270135,0.3982707088269,0.3975245367870,0.3510416261041,0.1936527559928,0.4129444917151,0.3987677933638,0.2002154630990,-0.0289126964243,0.1112311168549,0.4395400913595,0.4065034600987,0.3636057607425,0.2465262535820,0.3378335326792,0.4813120537251,0.3769990969369,0.3270286903816,0.4121702272998,0.4680174128380,0.3504202801653,0.2440903576767,0.3438474940880,0.2342682906657,0.3111985223875,0.3587458703441,0.4203792256713,0.4186769503451,0.3279706711671,0.2208681493417,0.4994962406009,0.1829856917212,0.5310929597231,0.6272272675062,0.5719924850867,0.6492806210627,0.3447044645795,0.4297732636224,0.3558785330116,0.4004194046599,0.1838499638896,0.3109381023380,0.2062846882438,0.2346075061798,0.1462950212277,0.0751322913256,0.2553437940129,0.3101415116081,0.2395014314697,0.3535723822357,0.2628215484212,0.2155829280928,0.3266429329040,0.2966344122867,0.2057004169786,0.1612160596084,0.2441821777562,0.1413386723407,-0.1678455290578,0.2272257814628,0.1312869023375,0.3080679364174,-0.1690886192194,0.0876942785121,0.2931613895258,0.0738029088578,0.3097267732799,0.2964462063778,0.0794036001271,0.3611990300910,0.3284384636564,0.2736674521057,0.1582682489245,0.0613636763332,-0.1307384103586,0.3376541176453,0.1809484007524,-0.0069139067407,0.0097524231866,0.0438965723958
0.2201414647099,0.0233213254396,0.2014670561455,0.3478142390530,0.3588505769942,0.2915664434619,0.3974426699184,1.0000000000000,0.6990522019825,0.4304876157414,0.5699479041269,0.6156611419462,0.7714582705591,0.1071992915586,0.2648034546957,0.5409644378436,0.6204921134473,0.7563475605907,0.5049676556358,0.7519935281496,0.3490693815295,0.4047526984547,0.4690051083123,0.6855874208099,0.1617815607320,0.5231331406948,0.6166481011794,0.3021474230902,0.1609609194107,0.1556005269550,0.4765918042850,0.4635363998519,0.5033919518101,0.3122550151321,0.1155261640373,0.2979912292294,0.4857554825035,0.4694627566517,0.2711286507824,0.4890770611169,0.3539495462431,0.3734529064720,0.1399372881725,0.3857615819230,0.5095770741107,0.3644500765573,0.4487952515958,0.2225111531845,0.2329476597834,0.2120993645688,0.2951673147849,0.1552646726946,0.2558050461525,0.2342963693692,0.2213773921507,0.1967368637932,0.6972463619896,0.7938710623357,0.8383345486191,0.4694852895764,0.0692358494034,0.5090833082799,0.3766082423635,0.5024984319194,0.2252874776161,-0.1339633012794,-0.0870250998616,0.7007658566486,0.0988598336707,0.5949130151870,0.3009468659341,0.2000068227869,0.5923499954190,0.2344878830921,0.2803036709673,0.1842247484373,0.4150249378166,0.2883282014274,0.1185716221636,0.5176689563836,0.0867203848839,0.4557166932884,-0.0293516350867,-0.1638066818136,0.4184257805704,-0.0683855309394,0.4276613669270,0.0780885787418,-0.1038015493119,0.4087679861681,0.1979355164477,0.2185213672178,0.3178371761304,0.1291093067566,-0.0113674969099,0.2506376209696,0.2191741197299,-0.0071858966254,0.0878426280155,-0.0469959910640
0.2321818048127,0.0281542787883,0.1485017739074,0.3364030703763,0.3185199142457,0.2726496215234,0.3781432956902,0.6990522019825,1.0000000000000,0.4727536750498,0.6443763219550,0.6388059782960,0.6436605712693,0.1849194327555,0.3703003302228,0.4900040797915,0.5056055139564,0.5722766186747,0.7029153155442,0.7611284434175,0.3547165688081,0.3337650383192,0.4963059823775,0.6498707806882,0.4094439081547,0.4042109907031,0.5659788639069,0.2430519750861,0.0283131109765,0.1404001488116,0.3667791468139,0.4528738707847,0.4459916879967,0.2111064048650,0.1507654592084,0.3906363988941,0.4321453505057,0.4478374495516,0.1761954312443,0.4168367468267,0.3370999106360,0.2504291950090,0.2361975119992,0.2880382591025,0.4391950015131,0.2775334797049,0.3661049872602,0.1788900456995,0.2005619410055,0.1314290414520,0.1998663539254,0.0383899399942,0.0885136736588,0.2077773944477,0.1505885557816,0.1719978874049,0.5742331580350,0.5993606919645,0.6722949801304,0.7146561384954,0.0863102452731,0.4649035698914,0.3685161390753,0.3902790739946,0.1105252644164,-0.1145822351431,0.1048331747173,0.5107416042132,0.3498369238867,0.6734977396501,0.3519184865314,0.1958648538669,0.5719803216756,0.3297356217363,0.1843450495185,0.0708351912624,0.4221952336642,0.2309989450375,-0.0211777682273,0.3455381633160,0.0658667141734,0.3736785169979,-0.1096143567890,-0.0522899923972,0.3536562521605,-0.0647230161591,0.3755296977415,0.0627692430758,-0.0743566443925,0.3418788027379,0.1252751300526,0.1853819451688,0.2495733316213,-0.0071766322937,-0.0920435914986,0.1893868105995,0.0461069340910,-0.1135102643342,-0.0299289829354,-0.0765030633140
0.3523094098257,0.1124520213898,0.2448108938021,0.4561030214538,0.5178118353200,0.4862130931526,0.5325472345064,0.4304876157414,0.4727536750498,1.0000000000000,0.4887747132190,0.7473278657111,0.6566397989147,0.2709161766954,0.4125333359439,0.3744469794047,0.4813208133708,0.3342803109570,0.3938183442065,0.3944008481982,0.5389006242102,0.6996882264844,0.5219019901456,0.4115223676418,0.3191292154485,0.3801011988100,0.4562069033877,0.2014764709579,0.0543394652003,0.1017211280211,0.3261628083794,0.4804217437049,0.4642152878222,0.3505783568638,0.0920397028112,0.1821720805641,0.3319508411211,0.2643205670411,0.1227614721571,0.4435706118908,0.4374823420656,0.3565660085266,0.0494889711074,0.1549519804732,0.1547657181219,0.4530023833623,0.4588236640402,0.1812686743394,0.2583688442566,0.2823208642695,0.3757809109866,0.0395880067010,0.1769842458986,0.3885036297905,0.3895113781507,0.3312724661020,0.4529889758100,0.5203664642968,0.3936005896353,0.5324476327612,0.5549343514288,0.3147960499349,0.4277923228603,0.4518421285364,0.0647463507580,0.0072385543833,-0.0081187692532,0.3463838067170,0.1119445728933,0.3643582425109,0.5069402064315,0.4032361115388,0.3821207778292,0.4194455191069,0.2062326552969,0.1316773481535,0.2906404131526,0.1091598744200,-0.1337381634918,0.1514024664771,0.1752626131111,0.4365346441312,-0.1942869457981,-0.0554762027228,0.2854728040976,0.2578630092766,0.3607081586106,0.0922617537186,0.0191246422978,0.3223165485997,0.1036576133912,0.3926907982720,0.1370195693017,0.1880164601410,0.0543480810495,0.1116909411868,0.0280866747130,0.2314491263449,0.1429972613357,0.1347195707034
0.3162173403595,-0.1387401511995,0.0907638450169,0.4327932980784,0.3718298377419,0.3919991293827,0.4019779075623,0.5699479041269,0.6443763219550,0.4887747132190,1.0000000000000,0.6751572212067,0.6573842367851,0.0505506682433,0.4089570999198,0.4671635397978,0.4802850065668,0.6182071652674,0.4925058735384,0.5937075472334,0.3933166294691,0.2206514086444,0.6092003065172,0.6575853197392,0.1700336981942,0.2764977361258,0.5447083740668,0.0644800808804,0.0095791200127,-0.0754616288200,0.3910604956391,0.4144658658976,0.4244156610111,0.1155403908150,0.2349477828942,0.3913045175516,0.5519424922177,0.2534930421373,0.2942730981295,0.4460147263666,0.3613830482766,0.2426199085338,0.2679678979914,0.0725965553309,0.2962554881789,0.2455322850830,0.2427624438209,0.2592249871811,0.0808095919577,0.2022229858250,0.2393593139651,-0.0413284211926,0.2980343857839,0.2728577949615,0.2405013320083,0.3282711810134,0.4962651910686,0.4175347192364,0.5569960747995,0.4590001111350,0.1928635295980,0.7261081150014,0.5465718546044,0.4263604250554,0.1260161511953,0.0525360499479,0.1615146213017,0.5167344376164,0.2265202463478,0.4421210243713,0.3452351614984,0.3550735408597,0.5804030240611,0.2164300412182,0.1667754295566,-0.0763263094423,0.4075811966182,0.0856570138382,-0.0327093735146,0.4627051173050,0.1139210245722,0.4022376487318,-0.1890294424922,0.0542308055178,0.2468000744785,-0.0639618597226,0.4478888393633,0.2226671611621,0.1100077288557,0.2510197588134,0.3083532135830,0.1726812240472,0.0993422965839,-0.0683596425986,-0.1765513848316,0.4327076103636,-0.0227152323280,-0.0539482889978,0.1173822588594,0.0968711785594
0.4012838210510,0.1025834065002,0.3234144365133,0.3305202334840,0.5207511202966,0.4108320256636,0.5104239499664,0.6156611419462,0.6388059782960,0.7473278657111,0.6751572212067,1.0000000000000,0.7849441986774,0.4144464856968,0.3022949586905,0.4912502179242,0.6567265006275,0.5642829482329,0.5182877699933,0.6292784595065,0.6117337016357,0.6571075820586,0.7696072879439,0.6306675604603,0.2655586128062,0.5561631302067,0.5942569292093,0.4624929809326,0.1796227936692,0.2696602052790,0.3909764984326,0.6259708919947,0.5870659367253,0.3605819639049,0.1779246413009,0.2337518729580,0.5088820572037,0.3051385385225,0.1710578249888,0.5491625264005,0.4296565203558,0.3239076283545,0.0050371601308,0.2317568217722,0.2453730620711,0.4414124460859,0.5751289220795,0.1850310499262,0.2910290441060,0.1722838306695,0.4047845918374,0.1321451203654,0.1055108346746,0.3594338931600,0.2444291063547,0.1306280678983,0.5964965034607,0.6474152652670,0.5907800205394,0.5289929453769,0.3147710032641,0.4919445835971,0.6427507871582,0.5592228857354,0.1945433710334,-0.1205092202676,-0.0946570606792,0.5677786870559,0.0920124363528,0.5919794491746,0.6708388524547,0.4368964187172,0.6040392830393,0.4055479704557,0.3007326059413,0.2294747654534,0.3402145959028,0.3746196199768,0.0232136613345,0.3084003581325,0.2266957577419,0.5180889611769,-0.0543491434132,-0.2410476252855,0.3483052315935,0.0532401128050,0.5162681977539,0.0420793701276,-0.0775578393473,0.3575614698698,0.0988626447476,0.3419905252552,0.1827446879542,0.2128521335907,0.0528768609877,0.1762391193948,0.1582684243743,0.0430642090499,0.0743798687938,0.1341455150986
0.3430901284444,0.0762054300897,0.3039405902025,0.4177183417437,0.4976937825529,0.4185376438012,0.4868460359766,0.7714582705591,0.6436605712693,0.6566397989147,0.6573842367851,0.7849441986774,1.0000000000000,0.1607877639577,0.2920407486764,0.5715833663407,0.7104055007613,0.6923929881543,0.4337056764250,0.6785760698428,0.5563749747889,0.5440050368463,0.5885407183062,0.6989106973721,0.2586884279068,0.5650572487323,0.6334187500694,0.3040598011016,0.1416132201431,0.1631543707846,0.5389283737289,0.6010977923012,0.5970859238278,0.3915882726724,0.1573422961289,0.3259981399890,0.5593941408330,0.4355012799594,0.3554088122501,0.5182706725939,0.4601499982489,0.3840842560988,0.1563026721551,0.3242225752590,0.4861487638270,0.3924480225303,0.5684153017353,0.3197432725510,0.2721439228161,0.2618777016613,0.3917745332510,0.1686051795098,0.2061070235452,0.3538612058034,0.3395929365653,0.2477201462066,0.6912720051124,0.6969861631773,0.7080947679574,0.5081569488068,0.2116057253143,0.4998721329908,0.4827304291099,0.7071761173874,0.1917535671356,-0.1642690679606,-0.1066504350772,0.6772351123800,0.0584667600421,0.5565646451204,0.4161536404488,0.2394952960915,0.6227618912928,0.2971460698441,0.2731605669527,0.2025905025020,0.3481956176968,0.2364759175629,0.0238000822557,0.4650285482922,0.1667182453983,0.5295204174184,-0.0929906614012,-0.1313784123670,0.4799791588840,0.0406757702454,0.5373161508468,0.1296431378678,-0.0673641939061,0.4223821930891,0.2748944266574,0.2488716228812,0.2623162818720,0.0923255974501,0.0351565999550,0.3048434357470,0.1582582765174,0.0695455639744,0.1086086635363,-0.0304747621220
0.4903508554000,0.5444354940470,0.5505611129313,0.2079645572568,0.4701579031478,0.2821883395027,0.2707379263795,0.1071992915586,0.1849194327555,0.2709161766954,0.0505506682433,0.4144464856968,0.1607877639577,1.0000000000000,0.3252613288201,0.3114163809903,0.2368189249601,0.1241555082277,0.2377509079605,0.1431245576059,0.2233981984486,0.5109418576999,0.3052133479070,0.1222442322750,-0.0098390030150,0.2954416636792,0.0403784498351,0.5144697475908,0.5016793483757,0.6982627536038,0.2037407220738,0.3182945244479,0.1999708117078,0.1701906603073,0.1680515062087,0.0640805871544,0.0534051319133,0.1396098266590,-0.1092635584480,0.1920362068603,0.2890053449068,0.1358405506886,-0.0652604096767,0.1171859461186,-0.0866065344540,0.1965730120011,0.4004556151392,0.0795423654917,0.5367289868018,-0.1198812736326,0.4473133481685,0.5125403543682,-0.0099554089888,0.3947206247277,0.1468112500548,-0.1651016928367,0.1068043052826,0.2281291153368,0.0945922517707,0.1340761941515,-0.0721155438563,-0.0848762962924,0.0669765700021,-0.0098522082652,0.4233781569601,-0.1350408205726,-0.1093652083098,0.0486823853978,-0.0537438130734,0.1795530835145,0.3256921861791,0.0595747908406,0.1095880095947,0.1449803052728,0.1963604310398,0.2535135302904,-0.1492034816695,0.3403440555720,0.3346360831710,-0.0281205407330,0.0212907860585,0.0371572531292,0.2910765836407,-0.2336945279758,0.1550597698277,-0.0050452050638,0.0699281537644,-0.1297187819792,-0.2108174543583,0.1444296678539,-0.1906144846538,0.1071103305115,-0.0317492176072,0.2825301916981,0.0464437496999,-0.0402028869425,0.4770630429398,-0.0716534937712,-0.1605055430392,-0.1511646502923
0.3226144660618,0.3889539768761,0.1166707714653,0.7020449756553,0.5112655625295,0.4237484168991,0.3980704235628,0.2648034546957,0.3703003302228,0.4125333359439,0.4089570999198,0.3022949586905,0.2920407486764,0.3252613288201,1.0000000000000,0.2204953643000,0.2325641808311,0.2622362692888,0.3048926478551,0.1963672061338,0.1020337549809,0.3153967697242,0.2240615890018,0.2269701168166,0.1063441974554,0.1035580847467,0.1389746525656,0.0103885967237,0.1042506149742,0.1283893753923,0.1784233627474,0.1322500967820,0.1175218514510,0.1174771301911,0.0922315935628,0.1557188890591,0.1895430889659,0.1116011688336,0.1446392060595,0.2903291303896,0.4532125910935,0.2996917280677,0.2164110972125,0.1167497623962,0.0406026508073,0.2984615758795,0.1332256508001,0.2485961900207,0.2745188816500,0.2379887230080,0.2671681061110,0.2258219493350,0.3303207493416,0.3096141192093,0.3342875747492,0.2739356739225,0.1050970956769,0.1515018610012,0.2288031163830,0.3597003007510,0.0898197827239,0.1540063592479,0.0260876728694,0.0533441373852,0.1755383553644,0.0893400134212,0.0032957124317,0.1067782201168,0.0861494564570,0.0548428860385,0.0535079577630,0.1738722058132,0.1206076228009,0.1864574501027,-0.1263257675672,-0.0887491387188,0.0633256448392,-0.0137069007395,0.0103172710198,0.0166720116438,-0.1696222402526,-0.0475069255655,-0.1063040448064,-0.0540293710262,-0.0464451042808,-0.0319503809434,0.0131408788297,0.0698448598001,-0.1198697380672,0.0508025157465,0.1694811323900,0.2127395461738,0.0432503428230,-0.0401983999367,-0.2805215213040,0.0935605950553,0.0135286991664,0.0558789524639,0.0510986449539,-0.1464405422373
0.1992121328643,-0.0112708528562,0.2935270072732,0.4340514249899,0.2964986745565,0.4273261383128,0.5633849020468,0.5409644378436,0.4900040797915,0.3744469794047,0.4671635397978,0.4912502179242,0.5715833663407,0.3114163809903,0.2204953643000,1.0000000000000,0.7483992172947,0.6976549337201,0.6462263579971,0.6124283350722,0.4859605728882,0.2930835906415,0.3764577422402,0.6474254792557,0.0696351163264,0.3657319155907,0.4630820253269,0.0540662570256,-0.0008247001751,0.0501576214674,0.8071727783274,0.6545520442343,0.6931835483758,0.1722205622390,0.4062945841264,0.7256674327099,0.4241845676833,0.4305900516803,0.2523699302714,0.2666833456866,0.1556032712429,0.0601680325606,0.3375429163006,0.0284183421164,0.2801639389111,0.1054667972218,0.3541179664746,0.2620239165066,0.1841277239130,-0.0369091515319,0.1950084148950,0.0915198740292,0.2712821776184,0.3921519817350,0.2840862466741,0.3401369900242,0.4514591869704,0.4792309735981,0.5603892078618,0.3401236409776,0.0094289663054,0.3844533094917,0.2307374943549,0.3014777930875,0.1937425008238,-0.0554074354519,0.4261138876725,0.5653120112133,0.3198096605758,0.4859679751226,0.4165211455194,0.1601088837237,0.5806105405491,0.1931294573364,0.4869858250957,0.0966952900424,0.2783116095899,-0.0248163473610,-0.0972556764480,0.6576722753491,0.2728228946198,0.5344144956196,-0.2600984825961,0.0948644296004,0.3928309013377,-0.1242552821150,0.4614285679319,0.2141584967259,0.0320532432207,0.2774357158498,0.1375023271425,0.0101070741519,-0.0398526525010,-0.1923246221684,-0.1142777813024,0.3069058970853,0.0331616227327,-0.1531825645124,-0.1563300961309,-0.0237574194680
0.0764408028818,0.0678737058317,0.1869560780953,0.2767569310428,0.2571994738078,0.3144664084146,0.3610344561107,0.6204921134473,0.5056055139564,0.4813208133708,0.4802850065668,0.6567265006275,0.7104055007613,0.2368189249601,0.2325641808311,0.7483992172947,1.0000000000000,0.7956517800810,0.6336820476557,0.7042254148148,0.7003797295314,0.4202130173699,0.5048733291041,0.7237969891069,0.1561560193909,0.4782906189981,0.5625092595773,0.1169392066103,0.0443920136332,0.0520825646273,0.7104718241775,0.7611104478596,0.8041994879805,0.2148677608371,0.1869302525274,0.4167837236823,0.4633563188653,0.3892583784651,0.1085538455420,0.2830918385274,0.2202515513325,0.1162732059862,0.1396856109124,0.1602967943062,0.2857250679282,0.1795439460007,0.3803965321387,0.1084786795646,0.1485595010422,0.0391771134130,0.1298961633749,0.0836856677069,0.0414225626306,0.2488466050785,0.1771686493049,0.0759265483146,0.5159146312433,0.5191490348558,0.6100202774180,0.4017455500038,0.0974967889747,0.3644526687728,0.3135164473986,0.4180043948360,0.1720461199567,-0.1303587449685,0.1032051008826,0.6795498919929,0.1824294411498,0.5746793316099,0.6130809278985,0.2842169494053,0.6466223228677,0.3013018838465,0.4540510494006,0.1637330147818,0.3906829855101,0.0304818781149,-0.0363528856115,0.6094886486221,0.3289560454826,0.5926866703314,-0.2011486827885,-0.1624722332439,0.3197403650435,-0.1361003060805,0.5209321089467,0.0585176459983,-0.0294822279908,0.2774429740546,0.0438811609844,0.1192939037908,0.1172873326226,-0.1286511251123,-0.0278139775862,0.1201504773250,0.0100479146846,-0.0124030051137,-0.0581913660725,0.0812638401018
0.1859802910144,-0.0044926523030,0.1927808313552,0.3334299962981,0.3080928816521,0.3185754194030,0.3496867335683,0.7563475605907,0.5722766186747,0.3342803109570,0.6182071652674,0.5642829482329,0.6923929881543,0.1241555082277,0.2622362692888,0.6976549337201,0.7956517800810,1.0000000000000,0.5689351217717,0.7276372475549,0.4645960299937,0.2878078750765,0.5096805287191,0.7932511236964,0.0974930854101,0.3669345028055,0.5381913163590,0.1418642853087,0.1167384386386,0.0794215751209,0.6957230634834,0.5561737386006,0.6574681730584,0.2050987773800,0.2189724161685,0.4168091369841,0.5784445684712,0.3196538794414,0.2995029971702,0.3912595111040,0.3106645974220,0.2542762963867,0.1748689642631,0.1306342168872,0.4298656929111,0.2328346665004,0.3849891774220,0.1716167695753,0.1544428091398,0.1747569280482,0.2017586342222,0.1125906277548,0.1946752624035,0.2656704252413,0.1585581342709,0.1405026569065,0.6185827573949,0.5872544842577,0.7488586993708,0.3261897877117,-0.0527040344049,0.5071580271180,0.3072973516610,0.3965118832720,0.2174088819473,-0.1393370333904,0.1176767981252,0.7861448454479,0.1908726641767,0.5772909698316,0.4049541074866,0.2472030126569,0.7184630340309,0.1566903350758,0.4549106612310,0.0729488489651,0.3405717975693,0.1280778344049,0.0590835290390,0.7974299805975,0.2562718118928,0.5532625520382,-0.1152388649648,-0.0593688012385,0.3987805595745,-0.0822106943641,0.5248292523933,0.1288749494801,0.0228345011811,0.2585592356057,0.2085744085868,0.1094049328287,0.0911152689041,-0.0424741519583,-0.0583933929505,0.2561866967187,0.0757574341946,-0.0580473592816,0.0072910545915,0.0314133025583
0.0823697339182,-0.0661532791075,0.0914861449371,0.3324898936145,0.1934616739302,0.2928501933984,0.3786906123930,0.5049676556358,0.7029153155442,0.3938183442065,0.4925058735384,0.5182877699933,0.4337056764250,0.2377509079605,0.3048926478551,0.6462263579971,0.6336820476557,0.5689351217717,1.0000000000000,0.7121286998887,0.5318206690314,0.2477389551214,0.4326912443159,0.6782811358231,0.3835959262973,0.2595259316465,0.4644703468294,0.0415963322667,-0.0636354190235,0.0004179543615,0.3995440526430,0.5082300104182,0.4909175438438,0.0050013394357,0.2595768011814,0.6144834728409,0.3120698409232,0.2426605199946,-0.0510384651784,0.2355961691791,0.1458599082024,0.1023379948191,0.2000611398328,0.0331643663295,0.1983105673175,0.1620750834332,0.1367384807561,0.0086571035182,0.1090729740315,0.0229025510215,0.0918332668988,-0.0603701658085,0.1248413513868,0.2047059927211,0.0873243746662,0.2034317508959,0.3837289329525,0.3892273840032,0.4978779942464,0.6154024237458,0.0870618796343,0.3612856020554,0.2626340845822,0.1553401730217,0.1140661949941,-0.0195548613839,0.4186969451973,0.4945489615530,0.6339416525252,0.6329440853036,0.5007566464136,0.2864677771320,0.6008243174183,0.4501164897655,0.2405559025648,-0.0207246112168,0.3659152411090,-0.0129644209614,-0.1446951853346,0.4021823378062,0.1293698701808,0.3574045563151,-0.2713453694800,-0.1192072682875,0.0745551247430,-0.2258557080996,0.2957722689493,0.1029589009057,-0.0324084156521,0.1345938759000,-0.0705177262405,0.0756564983001,0.0364214645073,-0.1851628651104,-0.1995072359352,0.0605953320821,-0.1066550052547,-0.0642101062452,-0.0465926533046,0.0805672437249
0.1732841514795,-0.1179525275410,0.1860602701092,0.2751266815828,0.2673151564633,0.3306739590765,0.4018688263452,0.7519935281496,0.7611284434175,0.3944008481982,0.5937075472334,0.6292784595065,0.6785760698428,0.1431245576059,0.1963672061338,0.6124283350722,0.7042254148148,0.7276372475549,0.7121286998887,1.0000000000000,0.5303039682581,0.3309490781736,0.5672401959978,0.7434719285854,0.4140676569078,0.5307397062902,0.7135738726556,0.2205206804190,0.0084239346899,0.0359174027471,0.5139679929876,0.6456080931004,0.6755229212045,0.2496862722762,0.1806559645560,0.4789053376488,0.4692313202516,0.5119154113444,0.1405373740956,0.4501864540729,0.3330024729314,0.3054532456818,0.1956987844485,0.2860424736157,0.4877209764886,0.3620501613917,0.4314849012627,0.1651981229968,0.1706079823699,0.1957590786708,0.1636014360234,-0.0201371362192,0.1150235860345,0.2691355707385,0.1689880670690,0.1276709490699,0.6132339940057,0.6086969299587,0.7234919419830,0.5291577668579,-0.0124604544295,0.4458168788959,0.3413814976906,0.3590959755724,0.0586087354255,-0.1131682234954,0.1438795342629,0.6262593545574,0.3347273253242,0.8494605974421,0.3910042157760,0.2542056418496,0.6433073285165,0.3906607508582,0.3084634634768,0.1452599893505,0.5776877938349,0.1899244012161,-0.0857372554062,0.4988790996938,0.1983150663708,0.5659767450798,-0.2113164412395,-0.1360434537574,0.4066463607135,-0.1134527463446,0.4447297183020,0.0560775990311,-0.0551619705077,0.4276291229210,0.0945706064962,0.1486808757771,0.2957081290818,-0.0586283662474,-0.0171171186085,0.2396202736391,0.0531456931275,-0.0732335892288,0.0154871618512,0.0561234460258
0.2019970120078,0.0431858047454,0.2334203993257,0.2448686364373,0.2832342497293,0.2950761096943,0.3440664270135,0.3490693815295,0.3547165688081,0.5389006242102,0.3933166294691,0.6117337016357,0.5563749747889,0.2233981984486,0.1020337549809,0.4859605728882,0.7003797295314,0.4645960299937,0.5318206690314,0.5303039682581,1.0000000000000,0.4179158171363,0.6138907636423,0.6071858086992,0.3102369885024,0.4686679513951,0.5289681345850,0.0220968964938,0.0660592411341,0.0338292602379,0.4864973870184,0.7096959937136,0.5805860404977,0.0946653279029,0.2841904143679,0.3761084703597,0.4177348663072,0.1697024245640,0.0104925580682,0.0958766027072,0.2344593324410,0.2959977735237,0.0586293620863,0.1449347558297,0.2633999721510,0.2921212880001,0.3455842311132,-0.1218533451219,0.0587227151535,0.3477377304005,0.1866999545376,0.0371247071426,0.0364636952172,0.2810743470172,0.1230145211615,0.1465606295641,0.3330346082074,0.2872601440523,0.2924879158787,0.3909739070177,0.2454372061252,0.2623493790243,0.3401715419311,0.2785342289512,0.0413188041406,0.0002888498055,0.0842673858200,0.3588544729375,0.2226919942314,0.4575284342994,0.6538589650783,0.3831786542468,0.5569338019109,0.4270685536023,0.3573150768589,0.2832304420963,0.3416526417095,-0.0946628967840,-0.0908811463551,0.3153802245352,0.3337455259443,0.4876677021499,-0.2735182823869,-0.2693388283878,0.1437557906028,-0.1873009538893,0.4496808542309,0.1983958940136,0.1561456261465,0.1114679030890,-0.0889708793141,-0.0414129557214,0.1650995400310,-0.1006022815529,0.0855241370361,-0.0372979170290,-0.0645998551384,0.1723214075480,0.1849412448211,0.4166543074070
0.3060477816373,0.3172685214158,0.3541575731466,0.2912319600081,0.5755061008606,0.4659987476160,0.3982707088269,0.4047526984547,0.3337650383192,0.6996882264844,0.2206514086444,0.6571075820586,0.5440050368463,0.5109418576999,0.3153967697242,0.2930835906415,0.4202130173699,0.2878078750765,0.2477389551214,0.3309490781736,0.4179158171363,1.0000000000000,0.5020867947881,0.3062112018014,0.1260801665462,0.4857175136519,0.3401916141128,0.5101610881100,0.3206217430338,0.4215386324815,0.2770724129242,0.4447915948423,0.3984491736341,0.4481793158558,-0.0108912324776,0.0082766659486,0.2188348435771,0.2387115593156,0.0483055634826,0.4756406127293,0.4054597932249,0.3405248780634,-0.1257068888038,0.2621676417069,0.1019008907159,0.5513399688366,0.6098108316010,0.1491877014585,0.5447225803944,0.1529815794428,0.4495536751243,0.2591990786389,0.1644770990696,0.4169823581959,0.4603976724814,-0.0461828037352,0.3285704279625,0.5039434600716,0.3416609087777,0.2613823253124,0.3532269463976,0.1792992083679,0.3100221935279,0.4186013953188,0.2925713680743,-0.0245010444883,-0.2899782557490,0.2861742551787,-0.1564403871214,0.2917490602792,0.4389628734975,0.4907651955014,0.2854860501139,0.2238579839926,0.2099560616802,0.3065166316404,0.1357858620193,0.3761414109044,0.0999654575367,0.0482483685032,0.1728670992122,0.3719356551102,0.1400474605274,-0.2788269658646,0.3185943352040,0.2724259817137,0.2787043223693,-0.1084069669003,-0.1058867412007,0.3341578167592,0.0015088490863,0.4516936276997,0.1403531216571,0.5709411373611,0.3233240193699,-0.0042421255775,0.3353570632416,0.3463540796361,0.1529724164438,0.1138438477095
0.3032035915615,0.0679942956701,0.2826546475941,0.2481499296114,0.4060860584598,0.3937923815523,0.3975245367870,0.4690051083123,0.4963059823775,0.5219019901456,0.6092003065172,0.7696072879439,0.5885407183062,0.3052133479070,0.2240615890018,0.3764577422402,0.5048733291041,0.5096805287191,0.4326912443159,0.5672401959978,0.6138907636423,0.5020867947881,1.0000000000000,0.6065142779621,0.1633426575604,0.5447067704124,0.6133374170414,0.3040366471189,0.2352632850112,0.2277068746216,0.3075822946056,0.6073008365184,0.5037457965575,0.2665836449908,0.1572173248242,0.2636998597622,0.4873360988436,0.1874586094905,0.1520189733453,0.4817749432004,0.4173391262286,0.3721055782849,0.0460103087625,0.1913702173593,0.2454247110950,0.5407019308882,0.5053592051521,0.1134441814558,0.2705806132325,0.3250365201391,0.3005912090915,0.0694888605134,0.0702172129346,0.3611936219114,0.2196273952386,0.0253041219085,0.4176620789381,0.4307311084858,0.4628082502927,0.2458547977865,0.1503077404247,0.4255727000239,0.4902459210776,0.3472454584750,0.1254066731084,-0.0112689924854,-0.1129221524176,0.4623310473055,0.0128725640608,0.4857556832569,0.5302319007219,0.5359926292053,0.5417027316390,0.2384630543212,0.2376953755797,0.1804230538508,0.3795057052263,0.2003511188800,0.0654827470608,0.2880969726824,0.1974777876611,0.4430792933275,-0.0460380465800,-0.2210532479329,0.2348703167701,-0.0445187427252,0.4335000052476,0.0635053519710,0.0751790345558,0.2291140986296,0.1116772617851,0.2815350410796,0.1992133893002,0.2016213743122,0.1389817211190,0.1871503007273,0.1464694173649,0.0333500932018,0.1587084794358,0.2894144996290
0.1419947793446,-0.0755889214606,0.1406599208930,0.3185048714692,0.2845556395961,0.3399836626137,0.3510416261041,0.6855874208099,0.6498707806882,0.4115223676418,0.6575853197392,0.6306675604603,0.6989106973721,0.1222442322750,0.2269701168166,0.6474254792557,0.7237969891069,0.7932511236964,0.6782811358231,0.7434719285854,0.6071858086992,0.3062112018014,0.6065142779621,1.0000000000000,0.1713613417354,0.4149654700923,0.6457573571301,0.0890417197704,0.0445927290336,0.0067745556638,0.5681590846902,0.5985629666226,0.6041627735590,0.1412107573057,0.2288192165694,0.5289431102288,0.6413344504975,0.2596649505515,0.1532618008099,0.3329866616719,0.2382771982437,0.2233793700905,0.1275792562599,0.0575614150333,0.3412113325053,0.2474473759075,0.3157488154357,0.1187836708147,0.0886908625685,0.1530039362823,0.2145648160268,0.0273871183139,0.1937759979511,0.2869342264190,0.1689961271701,0.1702679527007,0.6471432366310,0.5475427722382,0.7006810920072,0.4360856380644,0.1264319455317,0.5640415246479,0.4265866388877,0.4661166793242,0.1215316054862,-0.0345378231740,0.1550819578471,0.7215330809822,0.3038465148162,0.6355835257261,0.5161503093807,0.3656246747255,0.8740797109652,0.2882216321931,0.4367547318231,0.1079638198216,0.4133435276155,0.0566364771426,-0.0305292347248,0.6791372269772,0.2774032738880,0.5670944517607,-0.1887797407587,-0.0862070198644,0.3410090577709,-0.1500853786740,0.6320378851914,0.1892346718270,0.1071902181618,0.2135762437270,0.1326769743213,0.1006879859586,0.0866308303903,-0.0581388395963,-0.0305247869403,0.2411216207840,0.0108135416849,-0.0171189808746,0.1088488325699,0.1976009182924
