1.0000000000000,0.4792728136145,0.6534033213256,0.2194797852571,0.6939979860088,0.5454489666519,0.1404971382688,0.2944623935293,0.1172551468966,0.4669801193946,0.2154844969767,0.4000105874756,0.4038244501623,0.6579840468516,0.4096057115056,-0.0280061571221,0.3073726077823,0.2371543895642,0.0230736090953,0.2786738218244,0.2583304997070,0.4269959483959,0.2838229294385,0.1223071126036,0.1890076692889,0.1373942692469,0.0675333059564,-0.0969508925650,-0.1872996732185,0.0933230581943,0.0266240604736,0.3840692528136,0.3561662198611,-0.0471454048325,-0.0855316121182,-0.0862069459832,0.0689980455638,0.1204790815853,-0.0913593086442,-0.1011143594928,0.3503080165853,0.5556224034833,0.0068979618751,-0.0333459293691,0.1191304549576,0.0845442037083,0.2262433300765,0.2851027568398,0.2657142172957,0.4087165615227,0.6120604382520,0.5264058457375,0.2377345626290,0.4855773490526,0.3487705511887,0.0115758450981,0.1935898259166,0.1757244156431,0.1438066629723,0.2184689693234,0.1450299133788,0.1395951466459,0.2315155340677,0.0957040704663,0.3733943735351,-0.1847410407787,-0.1085698833761,0.2017549352352,-0.0024124982199,0.2382942751522,0.0097305878488,0.1921795153492,0.0479771833935,0.2864146350983,0.0695771327145,0.0631272660366,0.0733314436827,-0.1623802938754,-0.2386082056030,0.0549223411264,0.0021574105503,0.3118596579330,-0.0747801638946,-0.2954703696335,0.1637795832424,-0.3842035123133,0.0986267316879,-0.2018179278616,-0.1849384466899,0.0943024374896,-0.1205083962213,-0.2194121208935,-0.0597418890889,-0.3014163434295,0.0933488768743,0.1153249800076,0.1109946704926,0.0367476863149,0.3237612942665,-0.0646403313605
0.4792728136145,1.0000000000000,0.5790504866940,0.2052792097015,0.4581709717668,0.3946671240856,0.0598342795688,0.0413664291602,-0.2872676329578,0.4105597117889,-0.1074084993291,-0.0640513344774,0.1830338708835,0.5366239499611,0.4033197055190,-0.3043706355692,0.1361267268932,-0.0583999496879,-0.1900237689547,-0.0351523589084,0.0163790519063,0.4633203426315,-0.2612853379516,-0.2143563805848,-0.1453987208631,-0.1308554680702,-0.1073265968931,-0.0720012221012,0.1329839878749,0.5629069064904,-0.2548000034362,0.1099761452304,0.1647545640021,-0.1211416513904,-0.2245485861973,-0.2805778200593,-0.1867322344101,0.0415910745325,-0.2726388352924,-0.1595713489892,0.2852499392918,0.1569876728822,-0.2985097187441,0.0377052082036,0.2253766971674,0.1101825646216,0.0651557977604,0.2493401290640,0.6242245657754,0.2914358110107,0.5744637644899,0.8906782098071,0.2281751368318,0.5897336593668,0.2801204997236,-0.1170620903859,-0.1333383755493,0.1154295734929,-0.3212275895353,-0.2074378544127,0.0119755768276,-0.0739056399941,0.0921468535018,0.0706233048205,0.4440659472830,-0.0711373720360,-0.3815328869145,-0.0262795365163,-0.2471110422117,-0.2055894369794,-0.0821997955312,-0.0679256280076,-0.3321609495831,-0.1169048881581,-0.2997093906753,0.0449897375016,-0.2595463992811,-0.2586135320327,0.0783828694315,-0.2817050332456,0.0989875614786,0.1529636338698,0.2618417960164,-0.5380338937507,0.0230016650805,-0.2477487112106,-0.1619818384215,-0.4408944609938,-0.2820457744037,-0.1617862093636,-0.2311692912632,-0.1666998258461,-0.2339011022692,-0.2497648117350,0.2839003741241,-0.0119960481960,0.5381843481309,-0.0056442628801,0.0214703476232,-0.1137406324837
0.6534033213256,0.5790504866940,1.0000000000000,0.4364355854538,0.4786510000515,0.7800599948085,0.3135932650491,0.3516525178765,0.0731394746802,0.5705141787624,0.2727852738813,0.4684110281453,0.5242073154052,0.3281599878956,0.5232538222831,-0.0555584279797,0.3005807660186,0.1081919558260,-0.0568703143058,0.3128922321167,0.3899397377246,0.3667793275003,0.1836339483096,0.0986953201771,0.2222866684584,0.3375870709327,0.1597141444422,-0.0040454855524,-0.1369127665501,0.1167338305417,0.0144282310019,0.5405696521282,0.4916600297360,0.0227794528198,-0.2402594309780,-0.1889091156264,0.0229205032196,0.2786009713326,-0.1176607199189,-0.1286257819903,0.1603029598461,0.5531042733131,-0.0811117041884,0.2418118740308,0.3101510595771,0.1675563210813,0.2867373336294,0.2749446868760,0.0788547432284,0.3874969287563,0.3164162567793,0.7436762661541,0.4870983104460,0.6580257509850,0.4098038795558,0.0635440309617,0.2295557099403,0.2656985157797,0.0063625773120,0.1895461788433,0.0705045963048,0.1756897684846,0.1677467348961,0.1892217213373,0.3160651670300,-0.1621774366537,-0.1735008240443,0.2032790200023,-0.1316339089585,0.2348388951941,0.1198829124123,0.0390018153857,0.0663698224417,0.3327617144158,-0.0772559333023,0.1025910701812,0.1217409899868,-0.2577562108996,-0.1888048239577,-0.1287989315160,-0.1266594811710,0.3979391363505,-0.1384519528934,-0.3176187164727,0.3289786183627,-0.4513602515118,-0.0039570557285,-0.3045521510419,-0.2065300189542,0.1205738309039,-0.1484925990026,-0.2502877117414,-0.0204881015718,-0.3074897689484,0.1218579350750,0.2018765670227,-0.0513606473027,-0.1421681499073,0.1652384059390,-0.0520357328442
0.2194797852571,0.2052792097015,0.4364355854538,1.0000000000000,0.2248704989156,0.5003719967598,0.8777112744000,0.3085921749532,0.0832316985408,0.2449524955511,0.2752343415880,0.2847086331983,0.5943418537194,0.0418661889907,0.5804783233289,0.4210200962212,0.7254109701330,0.4660913140175,0.0401847272483,0.3359366427914,0.5868057569352,0.0182023763380,0.2118722353996,0.5263889630972,0.2466278723485,0.1571295284644,0.4577352030331,-0.2435033652033,-0.0811230840135,-0.2649206038565,0.6050113348652,0.2574425443924,0.5588387667469,-0.2629918067983,0.2342019804874,-0.0002609221414,0.5670132331682,0.3285693134703,0.4984918762047,-0.3440033821070,-0.0150188989579,0.1594081488813,0.3029194781332,0.1108272051580,0.2497483346370,-0.0088223886552,0.0640519844864,0.4025181469556,-0.1272511048455,0.4706549025111,0.0121078328199,0.3142909156802,0.8030420402208,0.5117365949532,0.5897723208000,0.7448063252484,0.5515521161288,0.1157790839591,0.1629096904257,0.0935781688465,-0.0235561266750,0.2569735409948,0.0772358591541,0.4509512605490,-0.1127845260332,0.2675672914542,0.2016545413898,0.6916383599476,-0.0590537764041,0.3737361812351,0.3997869513301,-0.0427377154204,0.5177714088819,0.3220594132031,0.4408225784814,0.2324480927242,0.4734487764884,-0.3693196523349,-0.1640340565373,0.4780615607819,-0.0828884809193,0.4676578311729,-0.5425972367914,0.2662364659996,0.4433071090930,-0.4686375557846,0.5588617018194,0.1699045832976,0.4446671072787,0.4990613295697,0.5465950421001,-0.4422184382210,0.2599108143893,-0.3397565081715,-0.1946035297346,0.5021182525550,-0.2909669923642,0.0087403505218,-0.0038484302398,0.1617484244104
0.6939979860088,0.4581709717668,0.4786510000515,0.2248704989156,1.0000000000000,0.5692600461905,0.1734384970169,0.0553878693006,0.0816621952460,0.5630083309992,0.0488540725402,0.2914174899953,0.2377720964812,0.6920763651993,0.4069431888770,0.0876093504320,0.3018383789827,0.2219629793422,0.1654557994892,0.0350719258769,0.0859497358119,0.6026029408397,0.1856742066043,0.0862119030538,0.0068322303060,-0.0176038198395,-0.0333847179739,-0.3597130971400,-0.2676898946078,0.0285914290185,0.1040172990935,0.2598289905447,0.2051476176043,-0.1081735470999,0.1702542128518,0.0978561599034,0.1758679222390,-0.0853235147428,0.0555374886967,-0.0844634199723,0.3203027461189,0.4362708995398,-0.1435323421409,-0.1944706152836,-0.1436135675451,-0.1283570180646,0.1278553780799,0.4451791624063,0.5079756393410,0.4793263385529,0.7793016944669,0.4266669422056,0.2928796478203,0.6178097950863,0.6333887825543,0.1558217343902,0.0532409509944,-0.0787043811937,0.1081332672075,0.1064809810578,0.4654963013793,0.1061921215028,0.4164560361485,0.1353430021166,0.3894715762136,0.0766913431952,0.0411337249028,0.1720135948987,0.1727184689519,0.0113193504726,-0.1335560578992,0.3920103610648,-0.0335080989282,0.0089378374153,0.1169211405219,0.0683629714225,-0.0571787715586,-0.3657187489479,-0.2312603048960,0.2493346074745,0.2948064182580,0.2827112299013,-0.0193068066399,-0.1808201611600,-0.0661788237914,-0.2668075508068,0.2307528163220,-0.0192135935582,-0.0753423629981,-0.0343886444943,0.0616041637434,-0.1823591837235,-0.1113292853665,-0.3552335353258,0.1527374484851,0.1490536994738,0.2885579555429,0.1480197198167,0.6010573539014,0.0891258870432
0.5454489666519,0.3946671240856,0.7800599948085,0.5003719967598,0.5692600461905,1.0000000000000,0.3605419875211,0.1885965758076,0.2359360541279,0.6778327685874,0.5260485931489,0.6590549494892,0.5948273459337,0.3428014929310,0.6617628302395,0.1010364603742,0.4587989509538,0.3139383217042,0.1179786112324,0.1471683974604,0.5233321630240,0.3043909071213,0.3769940324333,0.2333444689994,0.1761570143684,0.3210933453211,0.3799378485016,-0.2125699610370,-0.2520951700796,-0.1228512187063,0.1283614686964,0.5330553212531,0.6000227967160,-0.0308496917222,0.0586658121624,-0.0095747664283,0.3186534400361,0.1957148702457,0.1599653789802,-0.0740168917233,0.0624303258020,0.5377783474070,0.0501454323799,0.1251103144210,0.1018598242391,0.0276296332387,0.2206114642860,0.5851509234472,-0.0148239024122,0.6357486448977,0.4093676530040,0.4974597328138,0.5861512308124,0.7595314100881,0.7277764633423,0.1747787578050,0.2712596427921,-0.0289776122420,0.1648505850951,0.2510372055075,0.3387784813629,0.4967398994965,0.4508507900047,0.4665139681911,0.3650896785796,0.1477733544113,-0.0232775968152,0.4429440546726,0.0371497510799,0.1944346943659,0.3040472097745,0.2138721836116,0.2226830137098,0.2598116004251,0.0589175913740,0.2614210423805,0.3271757168315,-0.2595837255739,-0.3110953702619,0.1655721056372,0.0754207942397,0.5341008125195,-0.2844024194097,-0.1549800499841,0.2522768116147,-0.3864762274718,0.2887889081937,-0.0470061270388,0.0175526533421,0.1951878761718,0.1451551410974,-0.2574632419907,0.1712049587577,-0.3833936643005,0.0247438060542,0.5240817301666,-0.1482942589186,-0.0929940746342,0.3146577840098,0.2764864963262
0.1404971382688,0.0598342795688,0.3135932650491,0.8777112744000,0.1734384970169,0.3605419875211,1.0000000000000,0.4095945834639,0.2246567963529,0.2025520233449,0.2260126476650,0.2413549816982,0.5441586199936,-0.0050427531873,0.3780411158680,0.6082098197895,0.7126975489617,0.5434835576143,0.2262962620371,0.3973266748470,0.5590478759941,0.0066326370757,0.1647615707170,0.6646589372330,0.3039569265780,0.1491788257690,0.3558389167585,-0.2422561263773,-0.0330771983351,-0.3104050473436,0.7692532609256,0.1482075438907,0.4230807121820,-0.2982252784351,0.4151221542742,0.2406971583153,0.5900846540852,0.3202094907771,0.5594059100576,-0.3940488465590,-0.0341784590004,0.0724969741070,0.2809524588809,0.0314787831535,0.1787547060204,-0.0747436594779,-0.0034994650005,0.2552167042956,-0.1451497579196,0.3648237286340,-0.0333475702381,0.1456485357866,0.6898893104851,0.3534437467012,0.5218660334498,0.8256747058827,0.6109285053488,0.1919283834004,0.3618148509162,0.2293485430483,0.0280503044446,0.1574130168024,0.0446057681510,0.3868213072827,-0.1526967901770,0.1789049881462,0.4642849408838,0.6790858737369,0.1729937029788,0.4342784820952,0.4060164012128,-0.0010660931890,0.6185752490827,0.4012575402827,0.6246014452855,0.1242740680136,0.4301375757189,-0.3618250656334,-0.0548919173376,0.6172177533778,-0.1335830845693,0.3426451998332,-0.4858156701402,0.4485179211068,0.3836000249524,-0.4279989514547,0.6192507321277,0.4181619408722,0.5192393633841,0.4819909988396,0.5737684959939,-0.4463606430633,0.1784436905850,-0.2826586378602,-0.2174099064867,0.3794766918754,-0.2693771484198,0.0803515438359,0.0193606668220,0.2327685272956
0.2944623935293,0.0413664291602,0.3516525178765,0.3085921749532,0.0553878693006,0.1885965758076,0.4095945834639,1.0000000000000,0.4633809649529,0.1216130925107,0.1614095194193,0.2762927905104,0.5194739352324,0.0263886329459,0.0458629433181,0.4421216429069,0.3905906056110,0.3932230566117,0.3037236059211,0.8763967861685,0.4456963408586,0.0883618459573,0.1113826600383,0.5963120722951,0.6584860393678,0.2548707900956,-0.0053507522453,0.0312101537554,-0.0971972682181,-0.0246978299256,0.5044215917163,0.2643431857228,0.3152770837690,-0.0866082789042,0.0428367165602,0.2022324910569,0.1266236273735,0.4485121900849,0.0410859917062,-0.2943233125107,0.1314146784661,0.2476347946288,0.2716329167810,0.2674272015425,0.4933217757224,0.0586737599184,0.1519163983084,-0.1251711967887,-0.1644472747235,0.0434322676728,-0.1831965270189,0.1278022646697,0.0815266165448,-0.0282895069247,-0.0227730530372,0.1864250637224,0.6315378277122,0.7641279869307,0.5643291527861,0.6103588759813,-0.2054610560419,-0.0124444454983,-0.0526508878803,0.0752211365708,-0.2104822167691,-0.4812754001314,0.3625392642200,0.2883345649043,0.2453672043269,0.7576812240051,0.0755000143874,-0.0988276745548,0.5360872881031,0.7669760556355,0.4698844489395,0.0075319595401,0.1593188392390,-0.2302515379522,-0.0648804164904,0.2256023863865,-0.3128478676627,0.2181362529822,-0.2438651183383,0.1822787710673,0.5252385528198,-0.4086624273434,0.1461509679136,0.1756066299734,-0.0271580641524,0.4394543297523,0.0008259536496,-0.2562128506261,0.0839158501091,-0.2704760718924,-0.0498944263170,-0.0213219097403,-0.2115201266620,-0.1007011005737,-0.1101616198291,-0.2574436777644
0.1172551468966,-0.2872676329578,0.0731394746802,0.0832316985408,0.0816621952460,0.2359360541279,0.2246567963529,0.4633809649529,1.0000000000000,0.1795378366029,0.5421790709132,0.5908553778327,0.4136821228479,0.1537525698642,0.0919513406238,0.6704419570510,0.2829850657491,0.5719963828002,0.8695917586340,0.4192014919743,0.3750209732740,0.0621682831928,0.5047741637838,0.6361304419043,0.6057288595471,0.4167921921437,0.1805060369495,0.0406925377889,-0.2414154136456,-0.2678161520197,0.3829342904385,0.4034298562380,0.2924031938745,0.0777167913755,0.6019250317725,0.7706227294271,0.1723603368721,0.2594040881783,0.2013574394615,-0.0414547416567,0.1191171158679,0.4275978180639,0.1423656229101,0.1066187161508,0.0238517723178,0.0955167775438,0.2842068803078,0.0111071025015,-0.3290556614969,0.2289294943878,-0.0866171476195,-0.3057599786908,0.0488162029737,-0.1179711381249,0.0463927840190,0.0982705644184,0.4057856054248,-0.0043881942791,0.8792032158005,0.9345969105823,0.2245262119273,0.4859458072372,0.2970541207227,0.1897049343937,-0.0702871476187,-0.1409503002238,0.6683508265092,0.3046268683527,0.8105233895255,0.5457966906132,0.2381557621803,0.3281507129405,0.5904089402393,0.6092004814793,0.4042554559532,0.0097105434455,0.2670771835542,-0.0293982910564,-0.2148112944303,0.5012844834836,0.0182966680488,0.2542508359695,-0.2525207857981,0.3031601577625,0.1741103880114,-0.0805640533039,0.2952253016676,0.6449138156476,0.0160003929489,0.2386151161203,0.1080165666833,-0.0450257284154,0.1681059294830,-0.1603783479113,0.0177019822143,0.1265886401251,-0.3318631203283,0.0326314133289,0.2062200775257,0.2284373300150
0.4669801193946,0.4105597117889,0.5705141787624,0.2449524955511,0.5630083309992,0.6778327685874,0.2025520233449,0.1216130925107,0.1795378366029,1.0000000000000,0.3474132834351,0.5985264330257,0.4143410062760,0.4466838291252,0.4555970858189,0.0636467353496,0.3096045364048,0.2285098709618,0.1789643305897,0.0665458426007,0.3949387081887,0.4700088286451,0.2914130334379,0.1265367426602,0.0275899052938,0.3800232041913,0.2883212747383,-0.2267537235033,-0.2772661840957,-0.0156816009389,0.0455959947854,0.5350302715719,0.4403776951965,0.1273424110986,0.1393272693726,0.0795664956328,0.1858184498947,0.1808740777369,0.0209778593165,-0.0074721115450,0.0937200740867,0.5721921492296,-0.1199079397449,0.2258396559267,0.0203014380012,-0.1026677096920,0.2434845421540,0.4020503847332,0.1393588507065,0.6155314799398,0.4481134062065,0.4472420155838,0.2650303103045,0.5488496987158,0.5428139377367,0.0290445855074,0.1164540050091,-0.0544314963815,0.0997070137080,0.1756359885591,0.6249523977315,0.2946168212069,0.4432327763553,0.2565804201996,0.3411662795472,-0.0186319449120,-0.0252685595144,0.1723660882782,0.1249708056369,0.0430164352423,0.0846101060734,0.3598060925703,0.0189735548117,0.1224509959597,0.0097686378696,0.3771084647495,0.1986777525108,-0.3307243876733,-0.2603867387677,0.0818367514250,0.2964660776418,0.4217220110620,-0.1688411726429,-0.2811891764918,0.0892109491731,-0.1996108989264,0.1759257296743,-0.0280226914214,-0.1489307588819,0.0411267229843,-0.0012728365881,-0.2396869811745,0.1905577354180,-0.3889566052435,0.0328103969404,0.2180420506524,-0.0215346474682,-0.1247436093094,0.4254151681056,0.2742977740395
0.2154844969767,-0.1074084993291,0.2727852738813,0.2752343415880,0.0488540725402,0.5260485931489,0.2260126476650,0.1614095194193,0.5421790709132,0.3474132834351,1.0000000000000,0.7784772486479,0.5537642644660,0.1149686941027,0.4093738904824,0.2805292989372,0.3762606159110,0.5061826683510,0.3611498217068,0.1958901498152,0.6105476294154,0.0102091096718,0.6165738994134,0.4522099690036,0.3625049014812,0.5623174612363,0.5675089021600,0.1190101871087,-0.0548965206549,-0.2027782913124,0.1972494027885,0.4993227398457,0.6152179418587,0.0096429267263,0.3613082150738,0.2295131801670,0.3425460219320,0.3403095618221,0.2425778716676,-0.0671228251194,0.0294478055873,0.4441975195263,0.1554766501462,0.1979307098698,0.1175594057640,0.1893942553024,0.2527488131381,0.3195904872019,-0.3669694420963,0.5210903593214,-0.0065489723860,-0.0884944910061,0.2547260090161,0.1832858917991,0.2511367359700,0.0781430766479,0.3631613057281,-0.2069181166748,0.4307857698100,0.4733876147121,0.2607992121578,0.7765644673348,0.3574133354943,0.4482327761600,0.0140060003353,0.0464096580082,0.1398305379837,0.4626177748551,0.2442305444731,0.3480348648333,0.5489864519647,0.3021003663339,0.4920177312921,0.4341576673616,0.1775330883118,0.2401024092931,0.5298332377414,0.0292334110833,-0.1258814325245,0.3302940956691,0.0031433879314,0.4537920855182,-0.3905190615253,0.0207823397407,0.2498146545433,-0.1696288957708,0.3800109266211,0.2836817325316,0.0982290122697,0.3080994518681,0.1996679714781,-0.1731984932114,0.3261756449041,-0.1730167020974,-0.0746195055138,0.4501037405528,-0.3777317599924,-0.1622888313985,0.0383613604237,0.3962076606246
0.4000105874756,-0.0640513344774,0.4684110281453,0.2847086331983,0.2914174899953,0.6590549494892,0.2413549816982,0.2762927905104,0.5908553778327,0.5985264330257,0.7784772486479,1.0000000000000,0.6685781935486,0.2536740401519,0.4132123285915,0.3263689812187,0.4271492111074,0.5051494937988,0.3999848756716,0.2969110205470,0.6686245100927,0.2903761459087,0.7961079848685,0.4227623163105,0.4237944040257,0.7023048694023,0.4847537046097,0.0788708854103,-0.2535532659323,-0.2248328639116,0.2475634327800,0.7591496133315,0.6829293674483,0.2374249778840,0.3033747812486,0.2527005767733,0.2667300096333,0.2988515675705,0.1204065764607,-0.0127140580632,0.1703842658167,0.7490854153667,0.1334490299576,0.2841701090797,0.1073380191960,0.2601299083718,0.5111731780512,0.2666083573216,-0.3259422357155,0.6066623119778,0.0819535239409,0.0235051364295,0.2852126778867,0.2466362905102,0.2979541037795,0.0494519465820,0.3893438802481,-0.1159863441820,0.4673433626729,0.5508329031805,0.3650854153938,0.6115084701286,0.4995438361640,0.3487946844480,0.0142333313620,-0.1191704924217,0.1732610275144,0.4026008282947,0.2877036399430,0.4229682086491,0.3759776050528,0.4975652071414,0.4358863159916,0.5105526880763,0.1962308044392,0.3251168173981,0.4910227763716,-0.1001169865596,-0.3035980893183,0.2955754292514,0.1001633231027,0.5661002041968,-0.4043471446669,-0.0356188122979,0.3086627982682,-0.1481596473800,0.3075318623343,0.2090242898467,-0.0325921961435,0.2795004733389,0.0398817629553,-0.1261553233450,0.3438318755640,-0.1915114292444,0.0421895277676,0.3085247359767,-0.4369572969309,-0.1132897802935,0.2878887848663,0.2834472667504
0.4038244501623,0.1830338708835,0.5242073154052,0.5943418537194,0.2377720964812,0.5948273459337,0.5441586199936,0.5194739352324,0.4136821228479,0.4143410062760,0.5537642644660,0.6685781935486,1.0000000000000,0.2032365030202,0.6059127665407,0.3263543983029,0.8130913374979,0.6121685917781,0.2237994942598,0.5533030940632,0.7654415320678,0.2374704361272,0.4107446401874,0.5915762349545,0.5875366242471,0.5277393299671,0.4220578894594,-0.0496457810311,-0.0493873333968,-0.1149303441324,0.4804419547771,0.6194490543400,0.7865834541717,-0.0515249226640,0.2070507716380,0.0999889224524,0.3834447561924,0.5490517086706,0.2942549191398,-0.3222122478443,0.1991041620180,0.5210006581890,0.2353970974895,0.3751287823533,0.4417137018674,0.2151480337194,0.3803805168015,0.3117638598444,-0.1288018431905,0.6090566743181,0.0277788731061,0.2688277651988,0.4487134307867,0.3500548442721,0.3524380337967,0.2394655240693,0.6564586365457,0.1595122720535,0.4158602953297,0.4570284641280,-0.0528792191478,0.4145118910282,0.3002043510779,0.5858298151557,-0.0892224319561,-0.0877676135090,0.0857393645483,0.7239526794817,0.1051228257523,0.5742091636299,0.4677291050393,0.0873765280242,0.5276976944586,0.6564099588413,0.3773462840462,0.2722475312386,0.4797147968902,-0.2986230218592,-0.1517991785715,0.4002576426617,-0.1770363153549,0.5909423987685,-0.4506471237327,0.0129597357011,0.6291716528075,-0.4964483510744,0.4543842474830,0.1098475883396,0.1343881439975,0.5830511944826,0.2910303378100,-0.3459469260383,0.3164849246643,-0.3716236857376,0.0778034747630,0.3671051700065,-0.3103131302423,-0.1213402417836,-0.0189968765120,0.0583787939726
0.6579840468516,0.5366239499611,0.3281599878956,0.0418661889907,0.6920763651993,0.3428014929310,-0.0050427531873,0.0263886329459,0.1537525698642,0.4466838291252,0.1149686941027,0.2536740401519,0.2032365030202,1.0000000000000,0.4124142661957,0.0389823662048,0.1854223794818,0.2536947912761,0.2319980822780,-0.0001018541453,0.0429082790706,0.5690119392836,0.1934684155995,0.0380739137785,0.0422316067641,-0.0085069334363,-0.0454288715219,-0.0695316916792,-0.1352893861777,0.2967606869519,-0.0299375092657,0.2971354847128,0.1583859528073,0.0713388009386,0.2286403893171,0.1502040025884,-0.0121712238203,-0.0874458201083,-0.0470780393645,0.0589245220756,0.5574983865934,0.4945391112777,-0.1191342524359,-0.1734946281429,-0.0904574512491,0.1440619919718,0.2851103344352,0.3493062878872,0.5359579903418,0.4588699021589,0.6820517293054,0.3824860891657,0.0405221019348,0.3892938112891,0.3056990263635,-0.0778739117898,-0.0870816337013,-0.1342858135821,0.1553217912264,0.1644369611525,0.3615932461096,0.1713852656137,0.4093207460930,0.0271695333754,0.4821709663046,-0.0407251217852,-0.0023981566432,0.0404092730670,0.2188192069213,-0.0484162464048,-0.1394708240153,0.3422012430192,-0.1341172580354,0.0078825041977,-0.0462145915431,-0.0461726252973,-0.1728290698395,-0.1150733657152,-0.1824236216849,0.1206794985851,0.2390556912468,0.1527650037190,0.1719454688769,-0.2797844235518,-0.1612223738672,-0.1370866805603,0.0899483108149,-0.0019691357567,-0.2433931435318,-0.1725380853835,-0.0830031734148,-0.0454857476943,-0.1939780969960,-0.1979474302594,0.2654849601313,0.0381043049858,0.3990477812423,0.2431800714750,0.4357090397371,0.0332808821721
0.4096057115056,0.4033197055190,0.5232538222831,0.5804783233289,0.4069431888770,0.6617628302395,0.3780411158680,0.0458629433181,0.0919513406238,0.4555970858189,0.4093738904824,0.4132123285915,0.6059127665407,0.4124142661957,1.0000000000000,0.0833552874403,0.5894918899469,0.3249596379944,0.0507459688690,0.1292190116377,0.4675985608559,0.1782538921671,0.2131409632018,0.2190504288716,0.2213990982768,0.1757662044540,0.4529874619214,-0.1877794300086,-0.0490887308342,-0.0598594715577,0.1802309925350,0.3839293632566,0.5545287162064,-0.1051334114684,0.1765584798030,-0.0426052942590,0.3948474294183,0.3037091469596,0.4395395879117,-0.0470427202409,0.1664443023876,0.4248242066481,0.1928353788757,0.1565012120584,0.1157367985453,0.0889269975057,0.1727489505665,0.7168990024660,0.1311335272562,0.7870170027651,0.3236418239187,0.4146630709908,0.5244449963335,0.6390942483690,0.5822610927769,0.2198972852787,0.1816027031423,-0.1518018567550,0.0903664848967,0.1058657719013,0.1382933929705,0.4080356821455,0.2661384472027,0.4298453089201,0.2914294158298,0.3762512517147,-0.0859334627343,0.4939746234871,-0.0180321396088,0.1272353129129,0.2800674512523,-0.0310311509849,0.1479789534327,0.1587844624154,0.0541088919134,0.1347920897464,0.2468524649191,-0.2367424878598,-0.2080361547128,0.2313419993662,-0.0560065673907,0.3629756624410,-0.3332468131138,-0.1714592474752,0.1824178686299,-0.4562113362370,0.3711198050065,-0.0000428089208,0.0235457925488,0.3006423432682,0.4270545419524,-0.2487125947369,0.1605217701553,-0.3989537598354,-0.0335110780537,0.5519197792360,-0.0801326961025,-0.0443279735896,0.1113957810464,0.1455535163722
-0.0280061571221,-0.3043706355692,-0.0555584279797,0.4210200962212,0.0876093504320,0.1010364603742,0.6082098197895,0.4421216429069,0.6704419570510,0.0636467353496,0.2805292989372,0.3263689812187,0.3263543983029,0.0389823662048,0.0833552874403,1.0000000000000,0.4438981285844,0.5712807747367,0.7306714977072,0.4374273518599,0.4053855269004,-0.0297459341021,0.3436416203959,0.7106921291900,0.4838509586411,0.1465050905402,0.1655004045166,-0.1588352703387,-0.2291390612190,-0.3370386512548,0.7865818078041,0.1383501217523,0.1930956985535,-0.0948680535621,0.7419953830432,0.7720539439999,0.4218645172987,0.1008014857304,0.4713299273036,-0.1896025362116,0.0182786295203,0.1557057302781,0.4194895097388,-0.1007948470635,-0.1332540479332,-0.0757454505008,0.0482709554144,0.0539247499090,-0.2838953754621,0.2161189517088,-0.1584435422628,-0.3109077790054,0.2048544453550,-0.0766162940776,0.1955322066128,0.5993277653182,0.3949864148529,0.0528602906721,0.7333785945668,0.6269041986592,0.1540162424858,0.2061494676824,0.1729943468124,0.1416690179603,-0.2569788602789,0.0295617761535,0.9026828000062,0.3999194636634,0.6955407968357,0.5368513378174,0.1674017810809,0.2029341852101,0.6685075390793,0.4721511347913,0.6348039866570,-0.0309768661817,0.2695956941869,-0.2223347500663,-0.1966023333854,0.6845687720027,-0.0583427733391,0.1379206599792,-0.3892050128001,0.6965091032722,0.1053256773949,-0.1675460286320,0.4834050253879,0.8440910158562,0.3823548864251,0.3154380874402,0.3854982641344,-0.2262227663283,0.1065299873945,-0.1864283822123,-0.2230420366440,0.1575360427181,-0.3431759640850,0.0825878896878,0.1264280063077,0.1660915141547
0.3073726077823,0.1361267268932,0.3005807660186,0.7254109701330,0.3018383789827,0.4587989509538,0.7126975489617,0.3905906056110,0.2829850657491,0.3096045364048,0.3762606159110,0.4271492111074,0.8130913374979,0.1854223794818,0.5894918899469,0.4438981285844,1.0000000000000,0.6857195546333,0.2373824534150,0.4241071047874,0.6913241327166,0.1231630282462,0.2770294473881,0.6537895384921,0.4323947928205,0.2469755625733,0.4707295004876,-0.2739190824505,-0.0196520009742,-0.2731865879915,0.6877622835758,0.3360225924272,0.6415790773447,-0.2344482522456,0.3992028865872,0.1710703934330,0.6187121817022,0.3880675784754,0.5020956722786,-0.4054303445299,0.0965116409778,0.2428676395810,0.2293625901719,0.1646164208958,0.2111091770922,0.0249502514883,0.1357918075028,0.4143850819163,-0.0204300291687,0.6125148514768,0.1019263590423,0.1751290911950,0.5726879849763,0.4361653335026,0.5304422233094,0.5165424604270,0.6453168783345,0.0533779393501,0.3987193342069,0.2972385702302,0.0149844701837,0.3522098004033,0.2568550433731,0.5709063627159,-0.1281725382795,0.1602773391331,0.2284197094853,0.8334207538948,0.1675248486314,0.4812501928069,0.5010282237347,0.0654647105852,0.5640168717093,0.4859712035424,0.6202220766854,0.2885426732637,0.5393246360823,-0.3835073420285,-0.0927991955691,0.6680777253963,-0.0761868849919,0.5472233298759,-0.5549035871305,0.1591121340341,0.4995385503883,-0.4742547422096,0.7189333859429,0.2573879753217,0.3945370033663,0.6382628656594,0.5676512797611,-0.4057176810754,0.3617777700695,-0.3758882760789,-0.0654912466502,0.3858169656631,-0.2377311797565,0.0334269905922,0.0002182708099,0.2174936807988
0.2371543895642,-0.0583999496879,0.1081919558260,0.4660913140175,0.2219629793422,0.3139383217042,0.5434835576143,0.3932230566117,0.5719963828002,0.2285098709618,0.5061826683510,0.5051494937988,0.6121685917781,0.2536947912761,0.3249596379944,0.5712807747367,0.6857195546333,1.0000000000000,0.4997095334172,0.3542695283677,0.5670305306103,0.1299365465399,0.4622291210051,0.7330883652140,0.3973463330051,0.3555815910785,0.4357996455914,-0.0781226941199,-0.1281033203787,-0.2690177570100,0.6169682511477,0.3548023227694,0.5145363405881,-0.0712440738471,0.6424837876527,0.3912373137734,0.4576775605560,0.3547422900732,0.4655304970034,-0.2043558684380,0.1203899624555,0.2936512162943,0.1831921388205,0.0987327401602,0.1865253373868,0.1074844762092,0.2589444976855,0.2613151791833,-0.1546260538089,0.4613046254917,0.0853831684978,-0.1343237725982,0.3740064558151,0.1779697606131,0.3142225903665,0.3379343328536,0.6285506844375,-0.0046106221338,0.6154443032914,0.4979680018115,0.1670004274619,0.4737503814040,0.3409038869635,0.3855877781010,-0.1358018537862,0.0276812718708,0.4286366962745,0.7067192029781,0.4008843730950,0.4715664384932,0.4930327786107,0.3221395795521,0.6783048617643,0.4709755021956,0.6096319630547,0.2428321744718,0.4945247498717,-0.1706795309780,-0.1222732934184,0.7522028220771,0.1396517229148,0.4566173395413,-0.4799877776711,0.2396907043482,0.3260263174315,-0.1531713600662,0.6012543500003,0.4580762964509,0.2929096738686,0.4366671770494,0.4191282598924,-0.1801075875703,0.3235759730629,-0.1822034953482,-0.0439710006721,0.3673790208733,-0.2664565564996,0.0668043774583,0.0919498680237,0.3088798030225
0.0230736090953,-0.1900237689547,-0.0568703143058,0.0401847272483,0.1654557994892,0.1179786112324,0.2262962620371,0.3037236059211,0.8695917586340,0.1789643305897,0.3611498217068,0.3999848756716,0.2237994942598,0.2319980822780,0.0507459688690,0.7306714977072,0.2373824534150,0.4997095334172,1.0000000000000,0.2150981095062,0.1974279927919,0.1545262565755,0.3557073901972,0.5357950627205,0.3914015491471,0.2324579583896,0.0679029256759,-0.0398383865173,-0.1591384212276,-0.1931632191214,0.3878355565447,0.2275131735458,0.1187341456465,0.0746315040163,0.7665127503046,0.9376986580140,0.1414638328363,0.0453545792731,0.2121351472721,-0.0101256982214,0.1660392770531,0.2666893984164,-0.0069214776533,-0.0978406593132,-0.1883281430234,0.0438866909826,0.1837396453887,0.0499744971765,-0.0619754126694,0.2039464740731,0.0689293184721,-0.2776078516760,0.0080212352492,-0.0605628624013,0.0929898167733,0.1714191077919,0.1790903849097,-0.1580164055896,0.7870975562378,0.7922090453524,0.3514358302877,0.4061537121395,0.3434750934410,0.1169806063971,-0.0098332214140,0.0061956181514,0.7827341602133,0.2069853267166,0.9507906169108,0.2909434917363,0.1625194481916,0.3929836646520,0.4078233398799,0.3610327229763,0.3789551122500,-0.0273299926571,0.1134506413573,-0.0700103815895,-0.1199628896832,0.5420329600923,0.1812451310784,0.1347136496454,-0.1259612890291,0.3156141866055,-0.0663304606712,0.0579578233403,0.3140642147990,0.7542029386109,0.0965288880589,0.0659046796984,0.1409767132874,0.0236502291606,0.0312416975201,-0.0774302944940,0.0652302147330,0.0498874326667,-0.0751382119109,0.2054503390349,0.2844519323267,0.3238693127308
0.2786738218244,-0.0351523589084,0.3128922321167,0.3359366427914,0.0350719258769,0.1471683974604,0.3973266748470,0.8763967861685,0.4192014919743,0.0665458426007,0.1958901498152,0.2969110205470,0.5533030940632,-0.0001018541453,0.1292190116377,0.4374273518599,0.4241071047874,0.3542695283677,0.2150981095062,1.0000000000000,0.4183296536493,0.0529623993838,0.1773738717267,0.6160387623229,0.8337348364415,0.3247527757533,0.1305096088387,0.0570108022855,-0.1514510149542,-0.0588155660611,0.5480267604219,0.3393737733666,0.3755237748167,-0.0409707130210,0.0518999632680,0.1576792345379,0.2500766074133,0.5554011822711,0.1740941093623,-0.2630920827716,0.1136173143954,0.3168008269722,0.3310647179741,0.3752946617628,0.4298763158381,0.1085563602627,0.2147391936877,-0.0294877408783,-0.2268540178529,0.1188806943496,-0.2702133167258,0.0727917039599,0.0492950972290,-0.0894414019646,-0.0449110584108,0.1971901625228,0.6222811707631,0.6746191523043,0.5571556962471,0.5958541017402,-0.2765504013787,-0.0427632388703,-0.0741188476437,0.0589494757369,-0.3326094930645,-0.4265497937726,0.3051971436187,0.3203248968004,0.1887224388398,0.8859309976515,-0.0015683731121,-0.1472502355199,0.5700417698842,0.8637103957747,0.4552604141597,0.0284260662490,0.2741856427619,-0.2252618780100,-0.1506673999315,0.2718608220753,-0.3992120071381,0.2159297087668,-0.3399394944281,0.2319805570977,0.5845548057881,-0.4540883757622,0.2488399918349,0.2027534139235,-0.0065065838467,0.6384607313004,0.1056818755730,-0.2841934520155,0.1916603359022,-0.2676911589418,-0.0901195707509,0.0294794885558,-0.3405150290256,-0.1753179899673,-0.1336313169935,-0.3660348290466
0.2583304997070,0.0163790519063,0.3899397377246,0.5868057569352,0.0859497358119,0.5233321630240,0.5590478759941,0.4456963408586,0.3750209732740,0.3949387081887,0.6105476294154,0.6686245100927,0.7654415320678,0.0429082790706,0.4675985608559,0.4053855269004,0.6913241327166,0.5670305306103,0.1974279927919,0.4183296536493,1.0000000000000,0.0990661138733,0.4645008457038,0.6203668956054,0.3814314189708,0.4979552248958,0.4581428886820,-0.0520798448045,-0.0218697301507,-0.2137704155139,0.5591342774868,0.4583987736675,0.6987688138172,-0.1127984312825,0.2269552481610,0.1021351179178,0.4642564458581,0.4768617642949,0.2706334276549,-0.3309107516983,0.0366628120972,0.3420231374385,0.4519260270145,0.2511497682595,0.3799083865695,0.1070268112679,0.1934236334725,0.1585748146969,-0.3063798950413,0.5122490574662,-0.1008545415468,0.0744979828685,0.4424546075988,0.2718798210053,0.2967803146859,0.3242748418861,0.5891440236657,0.1130968517095,0.3452092730751,0.3487368741667,0.0143386834459,0.3613184604984,0.1286505683018,0.3967946779949,-0.1876431010180,-0.1115323269238,0.1616776192892,0.6160751869989,0.0596502702218,0.4932613763020,0.6436146000264,0.1145974352359,0.6361818386805,0.5182383431427,0.4522343507494,0.2265912388036,0.4555993103809,-0.2734783650913,-0.1266336667688,0.3588666311212,-0.1579268678487,0.4820729342482,-0.5484240610652,0.1156975487278,0.4884425571770,-0.4131752997871,0.4594600054675,0.2153984879261,0.2853163926855,0.4280468677732,0.2897003857726,-0.4226212908459,0.2646084599175,-0.3045352035286,-0.1334385129600,0.3151611042485,-0.4186170563453,-0.1408551312605,-0.1278982559665,0.2763523991897
0.4269959483959,0.4633203426315,0.3667793275003,0.0182023763380,0.6026029408397,0.3043909071213,0.0066326370757,0.0883618459573,0.0621682831928,0.4700088286451,0.0102091096718,0.2903761459087,0.2374704361272,0.5690119392836,0.1782538921671,-0.0297459341021,0.1231630282462,0.1299365465399,0.1545262565755,0.0529623993838,0.0990661138733,1.0000000000000,0.2783046698192,0.0304523707022,-0.0181044231932,0.1879406893683,-0.1396127180222,-0.0254632835122,-0.1553783276991,0.3214862007100,-0.0369792813502,0.3770755543579,0.1668653122658,0.2399235054661,0.0731167268447,0.0998524838714,-0.0672224619758,-0.0085951212967,-0.1850666512516,0.1142986652854,0.5257550603054,0.4191802408258,-0.1801564929837,-0.0204862205326,0.0596393294474,0.2905153386899,0.4270882571053,0.1263876609527,0.5702655150713,0.2658142079504,0.4389777249631,0.3864896759744,0.0480565483014,0.2564312535247,0.2020985764369,-0.1186009691785,-0.0357869282070,-0.0254344085353,0.0139894094089,0.0856955140184,0.3309911995961,0.0045317624656,0.4063501045063,-0.0019785735348,0.1500331093896,-0.1241639715346,-0.0868235900467,-0.0031637849650,0.1159068771124,-0.0608531651381,-0.1191703279923,0.5881992217829,-0.1202071608444,0.0056436838267,-0.1167369684077,0.0461934938768,-0.1551929331156,-0.2234308341745,-0.1601931587830,-0.0259830193408,0.3277940994474,0.1953662106864,0.2295964102649,-0.3102338893618,-0.0234350938131,0.0220061148148,0.0394633242213,-0.0772107194015,-0.1959425930681,-0.1697983940362,-0.1726179261814,0.1299558347981,-0.1957975433294,-0.0189018754119,0.4673661107948,-0.0374565317385,0.4109376194680,0.2728491087979,0.5018276096707,-0.0094300216612
0.2838229294385,-0.2612853379516,0.1836339483096,0.2118722353996,0.1856742066043,0.3769940324333,0.1647615707170,0.1113826600383,0.5047741637838,0.2914130334379,0.6165738994134,0.7961079848685,0.4107446401874,0.1934684155995,0.2131409632018,0.3436416203959,0.2770294473881,0.4622291210051,0.3557073901972,0.1773738717267,0.4645008457038,0.2783046698192,1.0000000000000,0.3925180610695,0.2903072126121,0.5809155065491,0.5198390076491,0.1472098796105,-0.3190724730905,-0.3399007178686,0.2420743320693,0.6535738893071,0.5234409023273,0.3782294374681,0.3344262234223,0.2732693155956,0.3015114295630,0.1165985461559,0.1373729540075,0.1968655940941,0.1785267077628,0.5920640593387,0.2190303405835,0.1441229679120,-0.0553565365732,0.4069414001686,0.5714712438616,0.1366971063523,-0.3815130151787,0.4075516799576,-0.0079116021359,-0.1850316416908,0.2041031088108,0.0501168878024,0.1555685218881,0.1033932267752,0.2877691681344,-0.2329708084349,0.4140283105462,0.4305426854769,0.3123233115547,0.5485564543718,0.4637207639548,0.1817319868808,-0.1246465674590,-0.0501106734313,0.2129696190399,0.3298914611299,0.2714254749548,0.3420882966337,0.3079133786971,0.6588325048818,0.4503563224139,0.3666667875893,0.1973572492841,0.2940622025715,0.5338724494847,0.0530498049259,-0.3982129514929,0.3326361088977,0.2473034802767,0.4498165703276,-0.4190010990064,0.0788290511520,0.1439400611572,0.0988005303207,0.3430089870150,0.2730100861928,0.1004082169082,0.2101101263325,0.0536944891481,0.0947992570361,0.3433799757412,0.0720106547392,0.0136941322783,0.2472881408213,-0.4819546019032,0.1081729830928,0.3427826287653,0.2602484490449
0.1223071126036,-0.2143563805848,0.0986953201771,0.5263889630972,0.0862119030538,0.2333444689994,0.6646589372330,0.5963120722951,0.6361304419043,0.1265367426602,0.4522099690036,0.4227623163105,0.5915762349545,0.0380739137785,0.2190504288716,0.7106921291900,0.6537895384921,0.7330883652140,0.5357950627205,0.6160387623229,0.6203668956054,0.0304523707022,0.3925180610695,1.0000000000000,0.6032951899397,0.2957059389309,0.3187667991318,-0.1083197109681,-0.1552949745993,-0.3176300544313,0.8024114418214,0.2624572878796,0.3952562416959,-0.1829873730077,0.5747753534740,0.5075459164120,0.6376895369401,0.4257011713831,0.5578871808872,-0.2903473538602,0.0726184903981,0.2162848042588,0.3605864489799,0.1044485088730,0.1762299099303,-0.0027961329142,0.1158450839936,0.1427120746165,-0.2765182678925,0.3036905240897,-0.1789874499648,-0.1985292359352,0.2949015559252,0.0018084696352,0.2194508900181,0.4923989843510,0.7115252903967,0.1822299270757,0.7301981599823,0.6330635900445,0.0419716841161,0.3272996549307,0.1549766783921,0.3164947465094,-0.3509618398058,-0.0410183745683,0.5701247376637,0.6459309079476,0.4644875679093,0.6929921222678,0.4164595285178,0.1514273608268,0.8960039524097,0.6746934800250,0.7145135547689,0.0606438257861,0.4461793388003,-0.2625260233104,-0.1545632798246,0.7399885770604,-0.1464906612238,0.3117583246361,-0.4971709798847,0.4575532474673,0.3951832453111,-0.3589569747674,0.7319607278346,0.6401933919510,0.4236645882717,0.5730622777578,0.5528348900677,-0.3082946000386,0.2521641230830,-0.2802746648808,-0.1719508513472,0.2962977116336,-0.3716764221725,0.0350046865410,0.0120445926607,0.2144860852030
