1.0000000000000,0.6060136686836,0.7128053478680,0.6953341772319,0.7797433687381,0.6634549137325,0.4441088614529,0.2194025615645,0.2472683214107,0.3747064451087,0.5204933736514,0.3555170802541,0.2372405929613,0.5388444986857,0.5082487586761,0.4089736164326,0.3526122367034,0.4955862514759,-0.0477564793497,0.2965136532382,0.2264045229303,0.1203047410204,0.4150383895628,0.4466516357605,-0.0243365905168,0.1873118267045,0.3893815905143,0.1556145905203,-0.2233454530248,0.0740460738721,0.0681344290324,0.1940472948404,0.0822624279946,-0.0299041123695,0.3967157805300,0.0387206380167,0.3860974427090,-0.0306871696859,0.2430052796839,0.3175007561805,0.4340023270451,0.6573298275125,0.3071195966902,-0.2319581958671,0.1020079349321,0.2522732856760,0.2688210791088,0.4317569569560,0.3185428398958,0.4589120994092,0.6006469519109,0.3376553429735,0.2865258299152,0.6150822542224,0.2767026537566,0.3601254301564,0.2820080412993,0.1263181711450,0.2505117533417,0.1801320954508,-0.2779203379373,0.1774857823679,0.0844903741565,-0.0947092192535,0.1582471191325,0.2243500666668,-0.0227816388214,0.1993591704659,-0.2057632701837,0.1494512168907,-0.0682959005586,-0.0236121642109,0.3480477471508,0.0945489350758,-0.1263247409519,-0.3772458611940,0.2804435705295,0.3389457319579,-0.2905056340049,0.1212708125767,-0.5040700362350,-0.1185769094549,-0.1989235359336,-0.2396533369229,-0.3708218063999,-0.1796374449034,0.2452471439341,0.0702693073426,0.0241117750258,-0.0605842304035,0.1490169472034,0.1912571934214,-0.1556007370066,-0.1314961240288,-0.4446131054388,0.4089224241233,0.2309730742400,-0.2914820632603,0.0780687953287,-0.0362193961487
0.6060136686836,1.0000000000000,0.3917854684326,0.6071709155684,0.6214896759420,0.3969214644518,0.3255318098048,0.3148945928335,0.2813939414286,0.2215415475930,0.2835015603867,0.1582887205701,0.1797320961227,0.8085970223323,0.6444345795012,0.3086752267897,0.1762094466826,0.3151416790661,-0.0076168935932,0.2247931409308,0.1162186469727,0.1438153162265,0.2789426631350,0.3611750108047,0.1374541601282,0.2034224847442,0.1916549528880,0.1853013731556,0.1676535400923,0.4783952510676,0.0349965957089,0.1439709311106,-0.0832787263384,-0.1058593906650,0.1787754628469,-0.0088514126567,0.1664413450746,0.1368390571882,0.0604484952628,0.0325624996805,0.3606960207054,0.4153654882968,0.0891436006832,-0.0153209181285,0.1902009339123,0.1663178398587,0.1545602669171,0.1988310690159,0.4289624225025,0.2563117239891,0.5089327012801,0.5244994876615,0.2165217410218,0.3346407204487,0.1726685536120,0.1832550673079,0.1720448863502,0.2398372677959,0.2249273159968,0.1067798288407,-0.3879987908577,0.0065081766581,-0.0361453127250,-0.0929647003258,0.3731519801733,-0.0504965627443,-0.0678666251430,0.1019216405378,-0.1480178365462,0.0534453718221,-0.1225977692006,-0.0933791731845,0.2622358770741,0.1699378003028,-0.0981456768052,-0.1118494194063,0.1106452515779,0.1888758492635,0.0875023575648,0.0020798018718,-0.4066969787229,-0.2409026654576,0.0734445215939,-0.2469938247478,-0.1095388968348,-0.2459722795121,0.0499229439223,0.0187965722998,-0.2234305019322,0.0190968401377,0.0215140855844,-0.0315469561083,-0.0215756827488,-0.1514087811579,-0.4301952022864,0.1243206426236,0.3745144509797,-0.2693577054848,-0.1330936525828,-0.2894273572557
0.7128053478680,0.3917854684326,1.0000000000000,0.7379421630017,0.6614193858534,0.8018990314353,0.5837765397257,0.3214460300782,0.3238997024725,0.4779631916697,0.5646010688082,0.4020586904371,0.3532913616520,0.2928700635102,0.4650237315871,0.5099985584899,0.4059219347882,0.4915061813050,0.0756507674338,0.4199391856247,0.2914800609354,0.2134549750882,0.4527814572276,0.4647611340332,0.0651444452698,0.1957860621236,0.4196345425908,0.1230983540725,-0.3315258518418,-0.0413843841128,0.2248910268571,0.3320304828550,0.2405200872581,0.0324496767614,0.4931543996211,0.1643678751371,0.4708374761412,-0.0033575874125,0.3140793451759,0.4336632341950,0.3156106330222,0.5783888266234,0.4283521555817,-0.2519864482457,0.1332644220263,0.2600255784897,0.3481859659234,0.6208944635752,0.1371401232522,0.5256286952216,0.3723169085278,0.3127678875901,0.4279783703747,0.8250212396759,0.4206907395358,0.4669540974726,0.2265214972379,0.1057413535206,0.2582055374054,0.3124611621253,-0.0412032037185,0.2865295494770,0.1906877294282,0.0393269593387,0.0897771113329,0.4287888962264,0.0780876493505,0.2663133162561,-0.1436315654127,0.2632918589461,-0.0814647641806,0.1061720436340,0.3106639596172,0.1208084701826,-0.0814449128782,-0.4815020845602,0.3588093578570,0.2490827424745,-0.3781053286508,0.1499120516099,-0.3632647453457,-0.0386167504057,-0.2098291413624,-0.1630815245568,-0.3655371708571,-0.0719090461711,0.3134073267261,0.1501537608729,0.1092609366243,-0.0393684039488,0.1922474432356,0.2228102432455,-0.1494746625743,-0.0307522436578,-0.2004702314038,0.5407381364663,-0.0113067961548,-0.2050425676518,0.2191251818526,0.0089281756236
0.6953341772319,0.6071709155684,0.7379421630017,1.0000000000000,0.7550154388338,0.6939717854160,0.7671142429740,0.5134520140551,0.5418527120189,0.5882782078896,0.6359780173800,0.4687403606816,0.4626028007657,0.5432309460229,0.7810825793758,0.7283699861435,0.5365076288764,0.6211018426870,0.2774944652335,0.5887748462935,0.4881740828086,0.3501017782534,0.5757033910328,0.7095485761810,0.0458301940407,0.3157274370043,0.5195600749550,0.2478297555786,-0.2727671445660,0.0938504248916,0.3758179442515,0.3915857103915,0.3024134286959,-0.0208043667869,0.5051119131164,0.2211951952384,0.4799514753560,0.0497851077306,0.1694056774346,0.2599065423364,0.3916076460452,0.6580737558304,0.4348266245007,-0.2103454942288,0.1837230106627,0.3385288843813,0.3900428016190,0.5041776083731,0.2345533655692,0.6362842237065,0.4028530960054,0.2652261125090,0.6138586576234,0.7626030551324,0.4576581287141,0.5911538045798,0.3007003358299,0.2431553124929,0.4502383608699,0.4210351728986,-0.1728658192450,0.3402298933385,0.1626347647653,0.0184453196641,0.2905063696406,0.3217346038873,0.1930265336479,0.3791874177221,-0.0643308208256,0.3229761146505,-0.0194809892342,0.0980638072086,0.5515352512736,0.1630777590761,-0.0008408435326,-0.4698953043899,0.3297683413915,0.3587866988722,-0.3625885726551,0.2767568836204,-0.4870883876718,-0.0619957179463,-0.3345439727715,-0.2695224725961,-0.4421009528399,-0.1850952651826,0.3714200106519,0.1573845443096,-0.0105852844417,-0.1280628691032,0.0714359809981,0.1219349750723,-0.1921099554554,-0.1704147526866,-0.3699470720752,0.4495049373099,0.0700980609715,-0.2114078099599,0.1811899247017,0.0284739552461
0.7797433687381,0.6214896759420,0.6614193858534,0.7550154388338,1.0000000000000,0.8168833147477,0.6220097513999,0.3615785431442,0.4097932219878,0.4463411665710,0.5247066140634,0.2911437561218,0.3161530430251,0.5666062806385,0.6142571438176,0.5410774832631,0.4461653376297,0.5134684369422,0.1727124576205,0.3886927664853,0.2854843172725,0.2527177215950,0.3627677415184,0.5852365312917,0.0271341203821,0.1387025665467,0.3884403095834,0.2254841395186,-0.1036347327038,0.0817532118692,0.2329703957876,0.1485618941235,0.1146818370980,-0.1643649004390,0.2965906303446,0.1955045960521,0.4006812466066,-0.0136460453038,0.2032905791376,0.1510241747633,0.4481502005565,0.5702884531572,0.2085527592102,-0.2362038768135,0.0919617136869,0.2077176746775,0.2290992917580,0.4730551613217,0.5334086535927,0.5218969795039,0.7115738556366,0.3553805899344,0.4939593724426,0.7194268786474,0.6034377846571,0.4709135048415,0.3480469580912,0.2388000801759,0.3705806483592,0.2618548989106,-0.2010529870745,0.1623929001824,0.0020151748307,-0.0373882604459,0.3671163672729,0.1358058493740,0.1013873362363,0.3530307488643,-0.0720606027736,0.2509962587026,-0.0169528193098,-0.0105989770097,0.5321280506447,0.1233382804631,-0.0359731139755,-0.4344881732311,0.1519419061569,0.3099294518121,-0.1216415303797,0.2425826106612,-0.5032009776064,-0.0977888802574,-0.1524664959147,-0.2931298251224,-0.4039984269435,-0.2981554118543,0.2745880665117,0.0922290171475,-0.1210640509104,-0.1218241801183,0.1294775997577,0.0195089854215,-0.1699259278622,-0.0889113794329,-0.3846477775263,0.4117731368773,0.3663842533778,-0.0362923168490,0.0715254987446,-0.0597002580339
0.6634549137325,0.3969214644518,0.8018990314353,0.6939717854160,0.8168833147477,1.0000000000000,0.6518757743995,0.3381989398105,0.3718496149843,0.5347380673251,0.5681572822800,0.3268097859641,0.3039886384315,0.3678876042193,0.5445275278760,0.5412802923320,0.4291976966228,0.4560280242403,0.1722649596692,0.3884362935759,0.2710803647803,0.2892667667818,0.3722486529094,0.4822287467267,0.0885906173484,0.2021346642305,0.3818984015850,0.2007123646281,-0.1565891674828,-0.0047098238591,0.2874350440349,0.2398085765504,0.2397071253995,-0.0440638715252,0.4094786864443,0.2638513845035,0.4878239806257,0.0855562030612,0.3869967395589,0.3307491802901,0.3639534582850,0.5474962879033,0.3378866918352,-0.1502082194817,0.1816157287305,0.2580622654829,0.3242982761410,0.7063602977494,0.3461704019244,0.5895985896228,0.5251952686978,0.3060948822413,0.4282242848421,0.8481772639422,0.7015981544216,0.4519401544153,0.2208521770143,0.1336486517759,0.2835788528426,0.2745936582207,-0.0657223048042,0.2016436353834,0.0267909897525,-0.0672151964219,0.2118226161576,0.3375038921268,0.1327664380236,0.2459867678599,-0.0448433188824,0.2173810083912,-0.0727907274182,0.0911151824401,0.3818627112738,0.1661074501666,-0.0853277076355,-0.4299846846176,0.2435502602228,0.3093646703385,-0.2145789804506,0.1682498551956,-0.4219118667325,-0.0972022392716,-0.1625428505012,-0.1815904619336,-0.3532793074199,-0.1721831779210,0.3183756105109,0.2256724327613,-0.0078098441933,-0.0264508220261,0.2916663381250,0.1361595113022,-0.0841255200264,0.0541157629550,-0.2314964136015,0.5880378102115,0.2165261649758,-0.0701585373458,0.1744392419926,-0.0536298027070
0.4441088614529,0.3255318098048,0.5837765397257,0.7671142429740,0.6220097513999,0.6518757743995,1.0000000000000,0.3586704990651,0.4133264828904,0.5618047982740,0.5163486735887,0.3426318206183,0.3440986282960,0.2920775043570,0.5790704501872,0.6050488966087,0.4836305144694,0.4397311464845,0.3181835151756,0.4368494195761,0.4098794436141,0.3494377314712,0.4133715523032,0.5188234951691,0.0381567077395,0.1878228343984,0.3725352242948,0.2941154036386,-0.2762550325072,0.0042727611319,0.4558374281785,0.2314050620459,0.2849080626980,-0.1441851339334,0.3760941212845,0.2143461676297,0.4191098664477,0.0513362627775,0.1960129400324,0.2166537922094,0.2338059339419,0.4647590503632,0.3652412061695,-0.1578156997747,0.1167290713285,0.2995350745919,0.3881828832924,0.4684601312314,0.2207000028239,0.6021979104050,0.2771290362235,0.1822845723268,0.6749012036849,0.7311365440704,0.5787918254430,0.6888208403177,0.2503011823468,0.1567180372735,0.4290714741081,0.3996611213376,0.0746413299032,0.1905178723927,0.0561000811918,0.0047070486697,0.3261964371428,0.3296904493036,0.2063302656713,0.3482629688292,0.0667343176156,0.3166321891086,-0.0647001716176,0.0630950312953,0.4338718855445,0.1209071338313,0.0478170651473,-0.4443577680639,0.2154157582535,0.3468141003958,-0.2681249787571,0.2734057421780,-0.3910625796730,-0.0798492681164,-0.2260801666198,-0.1750377330337,-0.3903589670012,-0.0552299066920,0.3130586504314,0.1224819371167,0.0191003130292,-0.0870483824583,0.1355908240450,0.1017733663667,-0.0985985642148,0.0266658000491,-0.1743825433592,0.3860742172099,0.0095600882717,0.0050064398199,0.0892790594391,0.0993060322573
0.2194025615645,0.3148945928335,0.3214460300782,0.5134520140551,0.3615785431442,0.3381989398105,0.3586704990651,1.0000000000000,0.7745765997956,0.4182429686187,0.4416568030395,0.3182653471220,0.4935847029162,0.3508280165396,0.4046100718901,0.5812714570290,0.4183354377039,0.4382720397944,0.4930903673110,0.8024715860647,0.4589530278909,0.2663626018873,0.3673516424016,0.5888651444484,0.3732512701324,0.4091395954219,0.4371329632885,0.1243918299583,-0.0723397843547,0.0985001128724,0.3815811297902,0.3899338975855,0.3480300514058,-0.0846282550078,0.3460066972238,0.2540841797457,0.4099184722957,0.4022521502570,0.0650880417676,-0.0021007340853,0.1969329478231,0.2420257041289,0.2773854651076,0.0619346291082,0.5281820052975,0.1497038187486,0.1445116958522,0.2240288004170,0.1851365862438,0.3139539546910,0.2367134643625,0.1921131999968,0.3935016071820,0.3729228386156,0.2815574557323,0.3372987503088,0.2912125535530,0.5049887236617,0.4770023376858,0.5846887327809,-0.0871798265984,0.2893167514159,0.0820492054172,0.0792358969905,0.2540946019025,0.1768374416622,0.3188217819699,0.3582321881741,0.2024135696197,0.4188794411470,0.0056760921138,0.0646751591286,0.4245956932316,0.5293252297731,0.0858804418670,-0.3476947969337,0.3415921004153,0.0840886189484,-0.1392731786606,0.0934783607180,-0.2650354445186,-0.0495272910239,-0.2193252201663,-0.2261454499345,-0.1207902019636,-0.2117452244232,0.3415488351727,0.2932361868014,-0.0709685934631,0.0415020663267,-0.0237290961737,-0.0827319673753,0.0653090265202,-0.1343295522840,-0.1743241842054,0.2411860498273,-0.0144551481468,-0.0673100178636,0.0451542159948,-0.1191377453887
0.2472683214107,0.2813939414286,0.3238997024725,0.5418527120189,0.4097932219878,0.3718496149843,0.4133264828904,0.7745765997956,1.0000000000000,0.4964246418888,0.4101811715107,0.3388638822694,0.4593660130684,0.3606405911321,0.4701371518150,0.5950303223896,0.4127435697322,0.3747486178768,0.6344712936903,0.7270215034589,0.4005208030696,0.3458241525113,0.3053962769632,0.5732630154295,0.4874558254649,0.1548192712855,0.3414421166988,0.1544627043782,-0.1492366745065,-0.0381212483589,0.2887309872501,0.1945499936357,0.2349118741623,-0.2095876783941,0.2392616689291,0.4257052611880,0.3757731290978,0.2327334588364,-0.0510581097332,-0.1245252155417,0.1952789903556,0.2846032600407,0.1545580978512,-0.0560346397670,0.3128779730516,0.1198386806492,0.0797757166740,0.2121224214954,0.1203000374160,0.3349867272861,0.3153648402802,0.0885733316822,0.4629875145084,0.4232170889932,0.4094179540973,0.3868012215547,0.4008981976506,0.6395572396869,0.4586336293859,0.7405583183352,0.1013688659177,0.3193731501773,0.1459058040085,0.2142287663775,0.3012982850642,0.1248719116812,0.4144313555220,0.4345597766256,0.3859821619246,0.6015352562168,0.2018605010663,0.0687848378037,0.5060307418232,0.5267192753309,0.2460491327812,-0.3714034726723,0.2271453387990,0.1212281583962,-0.1994762437213,0.2438149299809,-0.2990754876362,0.0444103875639,-0.3006771184522,-0.1242399140996,-0.1516266005715,-0.2312606673366,0.3418209230706,0.2470985396861,-0.0801676550079,0.0718031984784,-0.1094440265816,-0.1675603721868,-0.0200025640859,-0.0720339153706,-0.1396400033224,0.1760942167053,0.0003800849419,0.0606882408436,0.0672602131324,0.0343995468954
0.3747064451087,0.2215415475930,0.4779631916697,0.5882782078896,0.4463411665710,0.5347380673251,0.5618047982740,0.4182429686187,0.4964246418888,1.0000000000000,0.6781782609288,0.5522505642420,0.4030589507721,0.3118359505661,0.6136344627998,0.4873849759119,0.4617962938699,0.4169339053363,0.3423392241624,0.4488275502622,0.4942213223826,0.7625713442311,0.5036718778181,0.4953764843574,0.1323644324961,0.1917582329672,0.3681440469253,0.2717859686989,-0.1176096921163,-0.0362841721600,0.3464254268281,0.2882607677261,0.2609353499572,-0.0109994953672,0.2970113476129,0.2694090318915,0.5916213273113,0.0769377178528,0.0798953425020,0.1828452683922,0.4449062030574,0.6037554434106,0.2344036713129,-0.1512139383159,0.1474374064707,0.4823437345739,0.4493546967681,0.3996655130327,-0.0014020343835,0.6560619207220,0.2419846856047,0.1192005723074,0.4212883723481,0.5132665056087,0.5663587192182,0.3606499521024,0.1698019757480,0.1440382652263,0.3648049614744,0.4397532958248,0.3123847451938,0.4164028064878,0.1965893577996,0.0132200646695,0.2763376970688,0.3153291234823,0.1013046997975,0.2924369318078,0.1300147261367,0.2673980866443,0.1300194831177,0.2892606060910,0.3731407009664,0.2215163225784,0.0490552762565,-0.4626781591468,0.1936144645924,0.3231625557517,-0.2620880492180,0.1903678188593,-0.3947349926608,-0.0827792900905,-0.2717816960566,-0.2847865401681,-0.4432167558251,-0.0183452158930,0.4428521878273,0.1291400576320,0.0297327488246,-0.1722114417053,0.0125121179958,0.0538578747120,-0.1440616231125,0.0771472512263,-0.0709852239886,0.2953676735875,0.0132948623854,0.1584350304250,0.3761105409464,0.1037802346047
0.5204933736514,0.2835015603867,0.5646010688082,0.6359780173800,0.5247066140634,0.5681572822800,0.5163486735887,0.4416568030395,0.4101811715107,0.6781782609288,1.0000000000000,0.8157185087379,0.5743412637323,0.2364961168680,0.5042231675852,0.6127552585165,0.7030399272783,0.7878075843038,0.1796852239801,0.4330792973694,0.5790583373958,0.4168977913785,0.8316525711684,0.7090473566417,-0.1269430087510,0.2479232744379,0.6503056171864,-0.0168881221003,-0.2291684968370,-0.1188613628694,0.4684294903856,0.4642717604457,0.4315865391966,0.1330707568607,0.6114051917963,0.3039989060704,0.7528716153370,-0.1258429966052,0.5191060363209,0.4652067079142,0.5489394845567,0.7780786862311,0.5220763218946,-0.3987636163123,0.0615429852315,0.5443894101342,0.5300871584149,0.6544013319277,0.2074701349906,0.6611873727665,0.1970072326875,0.0389515617425,0.2996024035780,0.5191036790349,0.3263238672415,0.3908148860535,0.3652593369313,0.0705521718468,0.5133937814654,0.3334180293934,0.0359107452553,0.6404295889620,0.4794807458168,0.1731837893746,-0.0010802941230,0.4980318723898,0.0799700565572,0.4675422448170,-0.1659283683016,0.1970842600395,0.2032152891201,0.4399172815987,0.5960833660346,0.0052939213706,0.0080294243631,-0.6384217307043,0.4624914536480,0.1989675078370,-0.3306457784756,0.3732736565441,-0.3962726134163,0.1121711993434,-0.3286656112306,-0.1257065168494,-0.6053852627384,-0.0242537697384,0.6390467415099,0.2885934774047,0.3180900534148,-0.2660176964370,0.4228811378173,0.3577098152300,-0.3407206060701,-0.1042621445121,-0.1957062393249,0.6226378231572,0.0060075164104,-0.1282862040401,0.3363650196755,0.2178878788125
0.3555170802541,0.1582887205701,0.4020586904371,0.4687403606816,0.2911437561218,0.3268097859641,0.3426318206183,0.3182653471220,0.3388638822694,0.5522505642420,0.8157185087379,1.0000000000000,0.6568532994151,0.0720568489461,0.3576725431765,0.5402926868820,0.6594436055128,0.6905279093396,0.1680859977638,0.2673113315465,0.6009296126872,0.2931393217560,0.8198951459426,0.5984454004779,-0.2392817684611,0.1415993770147,0.5153599351263,-0.2195767022558,-0.2242436319174,-0.1778260854693,0.3774601846224,0.4561184085919,0.3666526254240,0.2671304141718,0.5883363970723,0.2796284457753,0.5948744180912,-0.2875401465075,0.4401678403001,0.4466210039590,0.4693234570390,0.6621159527908,0.5012637386260,-0.4407883424325,-0.1035623286158,0.5576671179407,0.4513174314512,0.5159347778717,-0.0217389331259,0.4911681138082,0.0735522001500,-0.1229958176056,0.2239017107555,0.4034527160324,0.1121039068109,0.3424161889059,0.3532437713482,0.0333025019755,0.4089051646579,0.2688547185508,0.1125096419947,0.7091607834335,0.6967725222364,0.3955407660611,-0.1477757903492,0.4531778729195,0.0832863991041,0.4550181098230,-0.1404724211199,0.0674573821027,0.3894376521743,0.4886651970639,0.5194096583958,-0.1743200549957,0.1019539790608,-0.5318221125076,0.3371804713952,0.0237723016537,-0.3454939180619,0.3264811182547,-0.2022497370104,0.2480609949002,-0.3924162608295,-0.0308462368145,-0.6263763366905,0.0790468167532,0.5323171101115,0.2988513641582,0.4062976478186,-0.4477725721237,0.3154961261964,0.3507837263258,-0.4600429353432,-0.2193301200400,-0.0489000502577,0.5203722123647,-0.1125208804487,-0.1214960977011,0.3105040788137,0.3322472665197
0.2372405929613,0.1797320961227,0.3532913616520,0.4626028007657,0.3161530430251,0.3039886384315,0.3440986282960,0.4935847029162,0.4593660130684,0.4030589507721,0.5743412637323,0.6568532994151,1.0000000000000,0.0143761485603,0.3112872976271,0.4999434720103,0.7299953913574,0.5509091575599,0.3086265163873,0.4238194920959,0.5981739860622,0.2084000593263,0.5771478351931,0.6038494178760,0.0311873723544,0.2989480807311,0.5119518866097,-0.1326512504453,-0.1693174920853,-0.2085389393537,0.5885083850585,0.6151544455455,0.5798894697920,0.2673587823531,0.3649014119725,0.2511414528675,0.4951500376776,-0.1510458056215,0.2883321632488,0.2590842814889,0.3912576662030,0.3162970890003,0.4085031757870,-0.2165080319047,-0.0475535992023,0.3880356138986,0.3946264164675,0.3678771719055,0.0859556607672,0.3699335181424,0.1182683557432,-0.0985077012133,0.3316343246104,0.4098966815259,0.2216380047154,0.4158156641656,0.4211338244164,0.2734828262368,0.4538373465306,0.4278765945201,0.1295608941007,0.5715170462058,0.6210247197563,0.6315148721556,-0.0584748943125,0.2939855493950,0.3525108022863,0.5922950901816,0.1424664542310,0.2903414079307,0.3839120007365,0.3649640103278,0.5270385354649,0.0141692645300,0.3343577405899,-0.3926487141806,0.3825423658180,-0.0585775210984,-0.2506690522240,0.3647673931517,0.0814541532685,0.3890995251392,-0.3508715135960,0.1125158100717,-0.4461344087208,0.1604601174449,0.4753589578492,0.3518113720980,0.2727896221085,-0.2768089449527,0.2428461142982,0.2626942130244,-0.2230011144820,-0.1419980840672,0.1704816882017,0.3685266249498,-0.2632082155056,-0.0085906955155,0.1204190885656,0.0849811862528
0.5388444986857,0.8085970223323,0.2928700635102,0.5432309460229,0.5666062806385,0.3678876042193,0.2920775043570,0.3508280165396,0.3606405911321,0.3118359505661,0.2364961168680,0.0720568489461,0.0143761485603,1.0000000000000,0.7261001427919,0.3145401960443,0.0882307866015,0.2639672910111,0.0750608981608,0.3444755798647,0.1455948834242,0.3267212264456,0.2128762667461,0.3228112078741,0.2438550649322,0.2592754534159,0.1697477670261,0.4147087159950,0.2686322587044,0.6313414300822,0.0398202591254,0.1289049980472,-0.0772404315967,-0.1738852542849,0.1622499066001,0.0145608202336,0.1564175664565,0.3252464006133,-0.0718351997907,-0.0380879735159,0.3579716415652,0.3890018112126,0.0758477075459,0.1039736494437,0.3758940061236,0.1221095492865,0.1600835550748,0.1260819131978,0.4676554639258,0.3303320141742,0.4050271924431,0.4862600271576,0.1570282608461,0.2624099985537,0.1744976210161,0.0649460497555,0.0727937933621,0.2205568587227,0.1363661808491,0.1447144455139,-0.3881048028930,-0.0766266381316,-0.2267697385264,-0.2989690145673,0.4665467219387,-0.0808724504326,-0.1023863844989,-0.0290481809311,-0.1009725295919,0.0884281323134,-0.2383796288137,-0.1517239938866,0.1899166226142,0.3431542897333,-0.1506927858628,-0.0715413258476,0.0730012264267,0.3892857985940,0.1455048123994,-0.0497490188019,-0.5188002572361,-0.3683979472305,0.0628399459788,-0.3883869221151,-0.0050527082212,-0.3231796495905,0.0212139821107,-0.0564577739699,-0.3502534579763,0.1317371500453,-0.1357538363657,-0.1537016949138,0.0649739156479,-0.1266022404232,-0.5227760940575,0.0248676523917,0.4845927498278,-0.1778959879942,-0.1862735652233,-0.3278011770436
0.5082487586761,0.6444345795012,0.4650237315871,0.7810825793758,0.6142571438176,0.5445275278760,0.5790704501872,0.4046100718901,0.4701371518150,0.6136344627998,0.5042231675852,0.3576725431765,0.3112872976271,0.7261001427919,1.0000000000000,0.5515280367853,0.3755246691413,0.4359208797603,0.2298764468034,0.4483353268211,0.4611759674688,0.5046653928568,0.4784499352106,0.5200987781828,0.1506925533629,0.3468164135190,0.3707470537854,0.3796953463584,0.0158456812971,0.2806000498938,0.3032055217269,0.3338048954226,0.2297577301581,0.0233357797773,0.3630712452809,0.2162800696684,0.4081893564215,0.2082316935910,0.0818190283820,0.1109754413156,0.4241233532016,0.5532228502966,0.3190697910913,0.0204021713164,0.2493630182834,0.3450422354647,0.3834261600049,0.3542776543449,0.2828402370220,0.6429639551989,0.2555127677972,0.3125592590459,0.4001354063850,0.5004687551359,0.3755775302920,0.3536768349543,0.1009721126395,0.1200523124068,0.2878781085517,0.2770185094261,-0.1597839037991,0.1847950767611,0.0171389454961,-0.1219869703535,0.3056768980432,0.1943573018016,0.0863159634580,0.1412025843453,-0.0059336542830,0.1726073100627,-0.0403890145272,0.0907500813685,0.3757462793133,0.2394451980094,-0.0317327332759,-0.2629423875058,0.1941894735905,0.4553829743387,-0.1566630421403,0.1372628311168,-0.4611492652428,-0.1489403133997,-0.2725839420623,-0.2939937175831,-0.3094012076528,-0.1431448065220,0.3200944058501,0.1398092947640,-0.1155380126476,-0.0094101002226,0.0348750855958,0.0370115315694,-0.0282236919807,-0.2016928531908,-0.3542470956475,0.2180264681968,0.2010776678457,-0.1114377222164,0.0104050205176,-0.0950022765511
0.4089736164326,0.3086752267897,0.5099985584899,0.7283699861435,0.5410774832631,0.5412802923320,0.6050488966087,0.5812714570290,0.5950303223896,0.4873849759119,0.6127552585165,0.5402926868820,0.4999434720103,0.3145401960443,0.5515280367853,1.0000000000000,0.6030168117988,0.6416313469266,0.5917624744914,0.5869813290618,0.6027851754668,0.2293740015420,0.5590871110611,0.7175666383967,-0.0780730665677,0.2901928080842,0.5487531863480,-0.0205431156862,-0.2419985533317,-0.1029718966337,0.5397893393200,0.4181202258487,0.3766798055649,0.0295947441313,0.6362231547569,0.6239281075503,0.5242299070950,0.0284249152943,0.2684929449751,0.1980056877098,0.3183757853931,0.5331056105418,0.5356464267867,-0.2520006485631,0.1277683427299,0.3049014549911,0.2633806752384,0.4904877859544,0.1344130971916,0.4428590015008,0.2979219349953,0.0962756822769,0.5583990552529,0.5834457573859,0.3593925805585,0.6322513480343,0.3477760686519,0.2724141834989,0.5282344340623,0.4878606728763,-0.0897348547794,0.4581758879416,0.2538547936180,0.1483506263756,0.1591648077269,0.3798294407871,0.5810548743202,0.4737559315202,0.2130498666275,0.3746867492903,0.2221439973041,0.2412485474287,0.6547939384733,0.0903677634199,0.2512413474979,-0.3863566010985,0.3897053088398,0.0981543620050,-0.3045573883347,0.4126329574420,-0.2774478020841,0.1365721376391,-0.3845986122133,-0.0033173115842,-0.3645720996149,-0.1494196810415,0.5149089228575,0.5164817800978,0.1902082097163,-0.2080913881853,0.1418582183866,0.0607747558979,-0.2605700926929,-0.1463689287416,-0.2349937493324,0.4716699080914,-0.0371754682848,-0.1261715384650,0.1982371971959,0.1654636490295
0.3526122367034,0.1762094466826,0.4059219347882,0.5365076288764,0.4461653376297,0.4291976966228,0.4836305144694,0.4183354377039,0.4127435697322,0.4617962938699,0.7030399272783,0.6594436055128,0.7299953913574,0.0882307866015,0.3755246691413,0.6030168117988,1.0000000000000,0.7826949339824,0.4133010531408,0.5051132842073,0.7080166564884,0.2493276576702,0.6820178740022,0.7142547144584,-0.0749829383461,0.3484871398767,0.7000000500014,-0.0735558379395,-0.2816248478518,-0.2474796196790,0.7073700071425,0.5296986710099,0.6053457702467,0.1434992193131,0.4096158071568,0.3246734680731,0.6481657654863,-0.1476272520588,0.3901750126037,0.2916477831808,0.4619902368081,0.5349502322386,0.4750078186217,-0.2719556244019,-0.0149819003407,0.4208832409211,0.4348115187563,0.4055809148016,0.2464399211490,0.5541189280991,0.1223404350381,-0.1740353620932,0.2742955717444,0.4367642982561,0.2189034988486,0.3911159560812,0.4190551998093,0.0912137478149,0.5362502642256,0.4004794578145,-0.0197573425156,0.4451056793947,0.4030780472227,0.3138904757031,-0.1247413617486,0.2585225152874,0.3114937399705,0.6112754699371,0.0707793808689,0.3792052533303,0.3446332236431,0.2882194099652,0.7213176516085,0.0274558093587,0.2750947891056,-0.4994820044800,0.4973144937258,0.0978559734566,-0.3534195699850,0.6080571947196,-0.1733736573520,0.3381523207793,-0.4008852542288,0.0684685100984,-0.5837799290383,0.0090074814868,0.6835810907806,0.2473106965906,0.2683290478432,-0.1869469098451,0.3107042784232,0.2885916173100,-0.2284786970732,-0.1605025226838,-0.1114301638907,0.3565778672820,-0.1253663637170,-0.0839765332632,0.1647234944627,0.1892729985861
0.4955862514759,0.3151416790661,0.4915061813050,0.6211018426870,0.5134684369422,0.4560280242403,0.4397311464845,0.4382720397944,0.3747486178768,0.4169339053363,0.7878075843038,0.6905279093396,0.5509091575599,0.2639672910111,0.4359208797603,0.6416313469266,0.7826949339824,1.0000000000000,0.1648534762408,0.4890699569472,0.5901524033671,0.2378495702719,0.7668591089046,0.8072342036446,-0.1929622473674,0.2993345630960,0.6950253450407,-0.0624192415401,-0.2190958656081,-0.0701633844326,0.5643660441921,0.5039082114027,0.4125270333739,0.1096140148849,0.6260270644102,0.2433531420942,0.7062810889416,-0.1594058645972,0.5062945720348,0.3836316556231,0.4756283218818,0.7068324754085,0.4644651602593,-0.3995588082887,0.0055812674763,0.4293502657905,0.4022792032768,0.5354991216538,0.2519394200248,0.5407550003139,0.1585903486612,0.0028089448084,0.2784482233764,0.4582620688128,0.1343372497782,0.3415539580421,0.4805246666151,0.0891497925085,0.6462896552030,0.3178382995045,-0.1754574961728,0.5458327378762,0.3830005015510,0.1920544154862,-0.0224855560290,0.3822834331476,0.1015706573798,0.6082416767967,-0.1872651164090,0.3193129975818,0.2062806118378,0.3206794754957,0.7362375046903,-0.0688703982921,0.1601408849572,-0.5328792432014,0.4845489463831,0.1640741690056,-0.2938589601346,0.5648838109657,-0.3254322696905,0.2039056575782,-0.3130543175732,-0.0885942041220,-0.5118810940477,-0.1014050320194,0.6687419415147,0.2568674479619,0.2851876502670,-0.2159902382588,0.3896625245308,0.2966359225117,-0.3218523354305,-0.1865136830882,-0.2793135728497,0.5554201168994,-0.0313161887617,-0.2230170711858,0.2168377110768,0.1833413225697
-0.0477564793497,-0.0076168935932,0.0756507674338,0.2774944652335,0.1727124576205,0.1722649596692,0.3181835151756,0.4930903673110,0.6344712936903,0.3423392241624,0.1796852239801,0.1680859977638,0.3086265163873,0.0750608981608,0.2298764468034,0.5917624744914,0.4133010531408,0.1648534762408,1.0000000000000,0.4986347645975,0.4853915193221,0.2453276003298,0.1009597767359,0.3632426679124,0.2528781948196,0.1105083366964,0.2160987021578,0.0275242599705,-0.1532492738996,-0.2349158951851,0.4377159104837,0.1477469628870,0.2464587678405,-0.1401161545489,0.0888081747560,0.6080457150771,0.2221204182388,0.1137669028690,-0.1694327809875,-0.2657529165668,0.0760826030770,0.0550655825822,0.1298840265725,-0.0083386978236,0.1014997897268,0.0565841688951,0.0230560580639,-0.0073362404638,0.0140174452016,0.1799925976882,0.1967048212039,-0.1688375619952,0.3578139341444,0.2281847466497,0.3255424296057,0.3369316557899,0.1348693550158,0.3555694366028,0.2756890058918,0.6025014670519,0.1954794948853,0.1430657439633,0.0221346701637,0.1622070020695,0.1822163452534,-0.0912628650919,0.6686808938261,0.3385069121425,0.7279997972634,0.5002232559518,0.3175843589566,0.0752542307055,0.4162113212412,0.3349772296465,0.4236953605292,-0.1549705533018,0.1480183573504,-0.0554105080871,-0.1557085659173,0.3575200597758,-0.0227956521241,0.1514723584795,-0.2546697857208,0.0893512876036,-0.1398068572477,-0.1254337015247,0.3270320069885,0.2838532658502,-0.0324881776088,-0.0354926296148,-0.1657337828798,-0.2871304675861,-0.0718422490656,0.0451300110107,0.0630403964596,-0.0753690882750,-0.1082126301899,0.1909135995379,0.0082499353019,0.0964422681112
0.2965136532382,0.2247931409308,0.4199391856247,0.5887748462935,0.3886927664853,0.3884362935759,0.4368494195761,0.8024715860647,0.7270215034589,0.4488275502622,0.4330792973694,0.2673113315465,0.4238194920959,0.3444755798647,0.4483353268211,0.5869813290618,0.5051132842073,0.4890699569472,0.4986347645975,1.0000000000000,0.4956790130852,0.3194234075800,0.4090199158676,0.6281407493986,0.4072943870360,0.5249444668121,0.5652455287813,0.3051064022499,-0.2198504505227,0.0741927714115,0.4408314883449,0.4796225705064,0.5177327593799,-0.0912755821637,0.3413849717851,0.2334789530313,0.4328877623171,0.4670001980989,0.0109998067094,0.0833319738198,0.2177534892590,0.3178575610891,0.3063833031428,0.1612783153199,0.5766364793706,0.2266749174030,0.2768853865494,0.2443456513391,0.1788618216514,0.4189906107499,0.1390809978850,0.0325275492130,0.3445956344556,0.4277352166238,0.2754127179442,0.2905566178739,0.2938827883684,0.3630976723922,0.4141217956397,0.5390819327027,-0.1767134461517,0.1980521129227,-0.0099849659436,-0.0578748338886,0.1222626904387,0.1370198444909,0.2706158514731,0.3019979981160,0.1417564358622,0.6283653359354,-0.0597686218412,0.0064527582847,0.4743068685933,0.5373539333473,0.0783886663236,-0.3150251423198,0.4566969171076,0.3242123300044,-0.2933007590284,0.2428519369992,-0.3217155411952,-0.0003054774749,-0.3693871406321,-0.2446258770447,-0.0999460203981,-0.2039695398562,0.3819592314760,0.0992970172043,-0.1246544457934,0.2484787799784,-0.0969329540761,0.0088070184583,0.1831452879740,-0.0713492416966,-0.2430823373229,0.2300266065098,-0.0113701760491,-0.1029875948131,-0.0131462202486,-0.1150115785077
0.2264045229303,0.1162186469727,0.2914800609354,0.4881740828086,0.2854843172725,0.2710803647803,0.4098794436141,0.4589530278909,0.4005208030696,0.4942213223826,0.5790583373958,0.6009296126872,0.5981739860622,0.1455948834242,0.4611759674688,0.6027851754668,0.7080166564884,0.5901524033671,0.4853915193221,0.4956790130852,1.0000000000000,0.3169926672483,0.6719688532454,0.5860543960370,-0.0264920590488,0.4020021591760,0.5360967041804,-0.0604498630185,-0.2041602167413,-0.1722100694152,0.7344923867241,0.6418578634594,0.6024726669981,0.1786411067925,0.4586787964994,0.3122189154396,0.5783821119183,-0.0138785269303,0.1897593643802,0.0966980247671,0.3175254676614,0.3671236837514,0.4757547935531,-0.1421276273536,0.0519531494503,0.4459359525404,0.4489404358371,0.1822100201003,0.0655192066161,0.6252509932935,0.0785713271473,-0.1798691106623,0.2861076016704,0.3745621863175,0.0994192050750,0.4108858802959,0.2307766751751,0.0909688879030,0.4289493625821,0.3816369880368,0.0652715365706,0.4829500414217,0.3434109897681,0.2034719524964,-0.0545580586315,0.1542605042601,0.3625761913145,0.4342118784177,0.2120438065528,0.2713518164364,0.3686593668002,0.3951552787692,0.5017966893704,0.0853890213208,0.3932972878730,-0.3501819356744,0.3496602088819,0.0161120222888,-0.3189907015058,0.3784760650333,-0.0488000182669,0.3248622068893,-0.4770349530696,-0.0816646419690,-0.4448986781365,0.0881090198246,0.5743984487280,0.2767737360788,0.2863760960922,-0.2720375801730,0.0975126822745,0.0288017209433,-0.1955464140250,-0.1269648873984,0.0664733686095,0.1499688962741,-0.2572765662157,-0.0060006874396,0.0752106752174,0.1824837530164
0.1203047410204,0.1438153162265,0.2134549750882,0.3501017782534,0.2527177215950,0.2892667667818,0.3494377314712,0.2663626018873,0.3458241525113,0.7625713442311,0.4168977913785,0.2931393217560,0.2084000593263,0.3267212264456,0.5046653928568,0.2293740015420,0.2493276576702,0.2378495702719,0.2453276003298,0.3194234075800,0.3169926672483,1.0000000000000,0.3404504593690,0.3331003167418,0.2098023801464,0.1545821952426,0.2569503554153,0.4034750432549,0.1408879716380,0.0853619082051,0.2524438416362,0.1949264653724,0.1708892206413,-0.0819000656859,0.1058725886784,0.1902576794693,0.4043536293940,0.1262040069272,-0.0466103784743,-0.0009057010837,0.4672168916311,0.3937697158588,0.0683477988380,-0.0357555739595,0.1536078345932,0.4878769963640,0.4248201338769,0.2050361412053,0.1002826770268,0.5234413268252,0.0731121863041,0.0502949724875,0.2223800389075,0.2126851995821,0.3889465198439,0.0895969431969,0.0333027201543,0.0573446089121,0.2280250511296,0.2716862264938,0.3087451024883,0.2317490342563,0.0550493152252,-0.0643260433938,0.2731146814904,0.0922564609717,-0.0272351969226,0.1183700559067,0.0880417363375,0.1998176063183,0.0065718840365,0.2874139977253,0.1960364777631,0.2196449036675,0.0071633484674,-0.3533216893804,0.1041087984884,0.3302682993945,-0.0209331295236,0.1234583364120,-0.3335706364761,-0.1584743319673,-0.0789027263745,-0.2839171883182,-0.3062945497076,-0.0538347181863,0.2871103841339,-0.0197825011163,-0.1571453199066,-0.0575298861283,-0.0792000880335,-0.0657820858396,-0.0826908055925,0.1818211772356,0.0039778711701,0.0610170828814,0.1250793858580,0.4080681286888,0.2790624328421,-0.0111626879222
0.4150383895628,0.2789426631350,0.4527814572276,0.5757033910328,0.3627677415184,0.3722486529094,0.4133715523032,0.3673516424016,0.3053962769632,0.5036718778181,0.8316525711684,0.8198951459426,0.5771478351931,0.2128762667461,0.4784499352106,0.5590871110611,0.6820178740022,0.7668591089046,0.1009597767359,0.4090199158676,0.6719688532454,0.3404504593690,1.0000000000000,0.6526465781129,-0.1674891774718,0.4049099109482,0.6838840111507,-0.1213589214630,-0.2032705218747,-0.0587480844151,0.5049356529217,0.6526968407886,0.5662262324895,0.3966130464446,0.6348370331352,0.2281630444218,0.6329190768962,-0.1200440894194,0.4502528236765,0.5560499076935,0.5780211972017,0.6878050880615,0.6122044121102,-0.2967828558273,0.0550686439917,0.6884386136733,0.6363074511286,0.4949030565421,0.1626871811907,0.6003236252031,0.0447351941890,-0.0772420520607,0.1597663670728,0.4125297169562,0.0320201734348,0.3088236546721,0.3142267753566,-0.0146537462860,0.4560917100265,0.1943398038224,-0.0801692670587,0.6218489612578,0.5159699994238,0.1734406721163,-0.1553606800372,0.4095861983048,0.0472730441151,0.3966366476677,-0.2687346917711,0.1460160210684,0.1793032308988,0.5232118497799,0.5292487614715,-0.0970275156969,0.0311918328876,-0.5211962739819,0.5102479318650,0.1127692076437,-0.3033227042652,0.3276255572815,-0.2517064501563,0.2074232188575,-0.3587913712439,-0.0771224186194,-0.5660798969566,0.1381377898380,0.5580279061736,0.2221206112358,0.3298214614930,-0.2527735333621,0.3390646668473,0.4723295450960,-0.2829585024556,-0.1714349691704,-0.1506503925163,0.4648476887376,-0.0988703717100,-0.1472335129981,0.2074437912263,0.2120523803621
0.4466516357605,0.3611750108047,0.4647611340332,0.7095485761810,0.5852365312917,0.4822287467267,0.5188234951691,0.5888651444484,0.5732630154295,0.4953764843574,0.7090473566417,0.5984454004779,0.6038494178760,0.3228112078741,0.5200987781828,0.7175666383967,0.7142547144584,0.8072342036446,0.3632426679124,0.6281407493986,0.5860543960370,0.3331003167418,0.6526465781129,1.0000000000000,-0.0639076299314,0.3005547370135,0.7241229285135,0.0321249107645,-0.1467732368711,-0.0231394486312,0.5474427304332,0.4377870306181,0.3857426176914,-0.0009488975522,0.5431443185322,0.3564665031231,0.6554745220778,-0.0627526651327,0.3037312967505,0.2021358004456,0.4192471217539,0.6084968750969,0.3964756577896,-0.3328457121915,0.1012831703804,0.3540438333711,0.2968026117609,0.4323751843015,0.2701553324660,0.5303674296005,0.2318037079110,0.0569637258840,0.4959111301802,0.5137731755574,0.3185639694627,0.4885714963865,0.5027841882639,0.2751473578732,0.6637607608757,0.5214234084011,-0.1157816099393,0.5262867038231,0.3178902393448,0.2448021707530,0.1799340843165,0.3069668822718,0.2770594610971,0.6395529620654,0.0242390589470,0.4240230132667,0.2083973019228,0.2999474055537,0.8449823082461,0.1300130174475,0.2286221380416,-0.4973225545771,0.4878076349724,0.1658447844310,-0.2348966586333,0.5383381827711,-0.3268349024334,0.1534226919578,-0.3093829341272,-0.1024997017358,-0.4758942749706,-0.1729974248170,0.6308683311920,0.3412094942149,0.1548915705250,-0.2447306560097,0.2040048811346,0.1561711295251,-0.3086126177430,-0.1858313708025,-0.2652154824266,0.4517337025506,-0.0184131501866,-0.1202886473996,0.2462706137969,0.1725413577174
