1.0000000000000,0.5850677221098,0.7955410825887,0.5293643911322,0.7860047498732,0.5830990702911,0.5286443944512,-0.0619740270133,-0.0093824256134,0.0567875623968,0.0794236495283,0.2155415262323,0.1866148445521,0.7541301076816,0.3806671874073,0.0600628583499,0.0247625199880,0.0801010730848,0.0793207852443,-0.1283065524297,0.0108656783681,-0.0356384773239,0.0976382908323,-0.0719808863980,-0.0930611808953,-0.1246139106159,-0.0750686848956,-0.0157332721991,-0.1495421808858,-0.2128817017828,-0.1103733314261,0.0107019672606,0.0072029606925,0.1147939530929,0.3315554806440,0.2172106981579,-0.1550517575175,-0.1883777667397,0.1887139777198,0.0754866631953,-0.0102244149987,0.1854421790414,-0.0625822733195,-0.0940653353395,-0.2220595323229,0.0285721962355,0.1009534871114,0.2150231677205,0.1731792819653,-0.0079763424393,0.8414086306326,0.6872543397940,0.5175676962030,0.6647363511040,0.5033467630385,0.5167288971877,-0.0252708204204,-0.0183843915586,0.0715261922667,0.0051933954130,0.0115339769902,0.1272796966708,0.0817063671547,0.0790704975476,0.5127122391347,-0.1279582905702,0.0125583506864,0.0901150278655,-0.0548067015079,-0.0488667692630,-0.0058942065202,0.0422518255680,-0.0139084915167,-0.1458311561427,-0.1273986201415,-0.2765129516370,-0.1778665412954,-0.0710283100496,-0.1318783553688,-0.0400544663967,-0.0485624472348,-0.0540082478555,-0.1697078909061,-0.2305939406103,-0.2216479519056,-0.0136070906025,-0.1886277314326,0.1026193561279,-0.2701265556022,-0.1968017426636,-0.1235542385389,0.0203554350852,-0.1020696251299,-0.0492836492786,-0.0632811982603,0.2496626697341,0.4374568704128,0.0378564641428,0.0903553045476,0.0083285296839
0.5850677221098,1.0000000000000,0.5310170417689,0.5341025137619,0.4453076503515,0.4560682582597,0.4455331828040,0.0353021450391,0.0593798634435,-0.0126302013121,-0.0658578606519,-0.0101131808599,0.1421091033100,0.6250514953485,0.4188518714213,0.1975924409219,0.0630809669114,0.1264805482076,0.1744454155636,0.0318559468527,-0.0862087371505,-0.1216520955440,-0.2654328221644,-0.0554862169889,0.1722993981020,-0.0451723198194,-0.1874994893605,0.0882966665038,0.0743323187082,0.0739777322272,-0.0146515019295,-0.1365741284199,-0.0941583695444,0.0559315375652,0.2839207793735,0.2252943718869,-0.2044687114198,-0.1455364294194,0.0503665396807,-0.1971877508698,-0.1874642465153,-0.0741130854760,-0.2255941744284,-0.0280118202600,-0.0548013889441,-0.1199997534331,-0.1440321964121,-0.0113018200730,0.1597250610297,-0.0590061992479,0.5223115439063,0.8014575646113,0.4271068173706,0.4885802836366,0.4284486094622,0.3934812558141,0.0444516137882,0.1805437985594,0.2367830604746,0.1103014824121,0.1159838562579,-0.0462561944094,-0.0444704207849,0.1001024306708,0.6230846887367,-0.2641668075123,0.2046324920574,0.0252275327969,0.1764230901926,0.1153165047256,-0.0639033540117,-0.1598444760541,0.0877715335863,0.0582101199286,0.0121143317632,-0.1851369653520,-0.2530284482332,0.0592287114007,0.1603425787400,0.1619812598900,-0.1221712668606,-0.0867166160409,-0.2788035551278,-0.3150733740439,-0.1055734663492,-0.1927477305350,-0.2256655764646,0.2024370255582,-0.3296522015009,-0.0889334424288,-0.2578501267625,-0.2288612773938,-0.0656859465959,-0.1224122161829,-0.1772608295633,0.0627408102910,0.4664030712389,-0.0965747140946,-0.2335741578027,-0.2098316124757
0.7955410825887,0.5310170417689,1.0000000000000,0.6053372687555,0.6902221678191,0.7715031233649,0.6203728968692,0.0680087596144,0.0418170185632,0.0504557760971,0.0613968461502,0.2042933586697,0.2981156030136,0.6365173690639,0.4285422250564,0.0995049322042,0.0014408007270,0.1562938992764,0.1211370601168,0.0308891113024,-0.0634634181319,0.0119730913599,0.0434373701742,-0.0540793106599,0.0881911998997,-0.1491139786606,-0.0626896343374,-0.0961093309210,-0.0941956739890,-0.2191458492576,-0.0433685207842,0.0165230971920,0.1007971442933,0.0940113240898,0.3422700047563,0.2074526669765,-0.1200117571917,-0.0906902056574,0.2510321567473,0.0618752310197,-0.0606181745491,0.1596996979295,-0.1301978723649,-0.0242723878056,-0.0540458855046,-0.0024397713705,0.0885476172387,0.3314828206466,0.2866329953755,0.0436560884872,0.7734948972332,0.6975994227138,0.5718120535094,0.8595541220895,0.6534099186679,0.6109103447772,0.1453309075262,0.0871421125060,0.1695759162487,0.0276456573387,0.1385576049592,0.1283265171022,0.0228674036839,0.2431609568663,0.4941427985938,-0.0942151959500,0.0697264207290,0.1395747145276,0.0578629244187,0.0646266435007,-0.0492665633695,0.1031203060661,0.0369698328486,-0.0992695862854,-0.1189515261338,-0.2757209676481,-0.1391795592621,-0.0779848126883,-0.1547807291283,0.0479652775450,-0.0004340237452,0.0409568012040,-0.2983304445678,-0.3133871431755,-0.1324407544012,-0.0756104483324,-0.1990342808288,0.0882686202276,-0.3228664792220,-0.0753398712960,-0.1132269940131,-0.0249903261472,-0.0371362560239,-0.0194627642740,-0.0508281232769,0.3161107668456,0.4493059558092,-0.0387537137003,-0.0139576451932,-0.0680252882997
0.5293643911322,0.5341025137619,0.6053372687555,1.0000000000000,0.7034044714748,0.7456871017131,0.9026298919468,0.3067005223095,0.2565989519459,0.2127187199559,0.2249919561443,0.1809135020135,0.3162011805744,0.5735448074534,0.5421835557818,0.5324005660702,0.1914726905383,0.4222425522789,0.3399826287545,0.2785531712251,-0.0247817598199,0.1606880415033,0.1401848124489,0.1061393400595,0.1009901837779,0.1086109477779,0.1472467192501,0.0314569929046,-0.0507031846598,-0.0915100811994,0.2342308658521,0.2092080556460,0.1846890076819,0.1580400539308,0.6540484650198,0.4259263828739,-0.1140587339017,0.1218886409069,0.3640694696452,0.1304105885861,0.1121846276856,0.3153456895606,0.0206006759100,0.1505184012839,0.1240030126876,-0.0012726511109,0.2087357741253,0.3520181890985,0.2390734982837,0.0608423552903,0.6611106050165,0.6553303413504,0.8485943285746,0.6828321072265,0.7448190389419,0.8451649174768,0.2991610151859,0.3408392038240,0.4630212920735,0.2385176265824,0.1031672809381,0.2155454610523,0.0585153834159,0.2719134718456,0.6500657571810,-0.0482636986676,0.5103037920060,0.3670426117134,0.3603858063758,0.2927347180419,0.0440981167928,0.0427644413259,0.2383624553717,0.0198501552098,0.1109131421147,-0.1076013922563,0.0463163787377,0.0767990961832,-0.0259235576817,0.3682038635477,0.0559187701598,0.1497232765940,-0.2228335525942,-0.1690346565851,0.0436784195989,-0.0356932928929,-0.1524761194356,0.3782276913789,-0.2362961053495,0.1151157374192,-0.0267924949644,0.0125208238454,0.1118975963491,0.0071493031392,-0.1064970056414,0.3890220104597,0.4450014660503,0.0582352914438,0.0972218282074,-0.0701621187250
0.7860047498732,0.4453076503515,0.6902221678191,0.7034044714748,1.0000000000000,0.7596985622438,0.7409582663496,0.0668913110140,0.0371131519451,0.2043086219206,0.2716956993492,0.1820912865882,0.2461620311002,0.6588923056050,0.4488051133608,0.2199336112824,0.0406143573714,0.2300361305402,0.0829537269558,-0.0414665664278,-0.0691572183375,0.1699836164600,0.1430379635618,-0.0438968255232,-0.1258200945376,-0.1829581248904,-0.0465581955312,0.0376253276477,-0.1220145268428,-0.2991471911788,-0.0102735641746,-0.0094574280630,0.0243659703005,0.0417702215119,0.4683137870793,0.2499222914875,-0.1702831446758,-0.1371688546871,0.2561535900052,0.0800462279499,0.1413243971082,0.2981021831116,-0.0384282580205,-0.1215114654108,-0.1130162460525,0.0290134526210,0.1309460012108,0.3905804620935,0.3608836208468,-0.0439103980520,0.8721331255159,0.6327184857506,0.5847049603606,0.7541007834626,0.7295545056158,0.6690165432005,0.0827877548442,0.1649177409753,0.1977516117640,0.0658734714276,-0.0188818127981,0.3203956603982,0.0099360778868,0.1918867778916,0.5150116000364,-0.2262392944687,0.1386614047429,0.2421852217295,0.0792203573160,0.0118867317266,-0.0114491845782,0.0249854199889,-0.0270327946674,-0.1910775798756,-0.1606055395259,-0.3755293393315,-0.1888173785235,0.0107110111692,-0.1405975971913,0.0555650996715,-0.0992029451721,-0.0439499385972,-0.2746558068454,-0.2626971790323,-0.1851416704283,-0.1481976558521,-0.2596447213909,0.1408435336654,-0.4062434685771,-0.1604250807237,-0.1305743177561,-0.0636301100124,-0.1480732052461,0.0311905202736,-0.1001479023057,0.4130848828563,0.5299969347619,0.1272803044026,0.1142155431767,-0.1102436705603
0.5830990702911,0.4560682582597,0.7715031233649,0.7456871017131,0.7596985622438,1.0000000000000,0.7821138948908,0.2842527549437,0.1539924275852,0.2817594339182,0.2616647791285,0.2337698403285,0.4589915717082,0.6079872612661,0.5673071552964,0.3401835994490,0.1449293297441,0.3819773995784,0.2264788820203,0.2079489608547,-0.0129382474872,0.2007843243656,0.0932592718716,0.1379826946485,0.0456019756217,-0.2167098952316,-0.0263008396206,-0.0561941382055,-0.1094719621252,-0.2720130076502,0.1116773235574,-0.0053642375498,0.1424882824389,-0.0482798074779,0.4971350269044,0.2993773714463,-0.0795342287136,-0.1488663623154,0.2077537821520,-0.0631220108481,0.0253119580327,0.2873434354249,-0.1908598207718,-0.1769280305668,-0.0565861648059,-0.0886685681553,0.0174260961578,0.3943284406333,0.3727130231430,0.1204112765921,0.7468797389050,0.6647477635249,0.7115847959152,0.8894295762913,0.9041330395372,0.7092995703985,0.3058712630165,0.3203041554330,0.4526290640129,0.2057959650087,0.1669698421828,0.3064351146375,0.0340433272203,0.3738633490554,0.6146636026142,-0.1831286441720,0.2664705410966,0.3813590186929,0.3332631686557,0.2523595367084,0.0224053528189,0.1257536211117,0.2424429114115,-0.0429776239519,-0.0173664636868,-0.3556448596620,-0.1712805559991,-0.0992251884751,-0.1437282287593,0.2766639054322,-0.0656362683371,0.0769264215543,-0.3655825741227,-0.3807114361238,-0.0976034897264,-0.2088460501598,-0.2007289100860,0.2285107675484,-0.4122690693816,-0.1350367951168,-0.1347646122647,-0.1378461973857,-0.1768000255971,-0.0257911625674,-0.1088369325464,0.4386093780994,0.4569864389035,0.0508565213031,0.0846095089401,-0.0457473352110
0.5286443944512,0.4455331828040,0.6203728968692,0.9026298919468,0.7409582663496,0.7821138948908,1.0000000000000,0.3190291709686,0.2359182232432,0.1841729023344,0.2731167047337,0.2232904775820,0.3656352584104,0.5525747548573,0.4940279743091,0.4556443606594,0.1928663995947,0.4528551488505,0.2749886202844,0.2468570697465,0.0319146061847,0.1138892168184,0.1821318975226,0.0554139022377,0.0866004088242,0.0301213142848,0.1279518585800,-0.0254001459086,-0.0589441586397,-0.1769243981948,0.1105394943318,0.1647299827968,0.1836127905852,0.0498417098673,0.6739686147066,0.3371835559654,-0.2000888218094,0.0406605709595,0.2706236819035,0.0725227713718,0.1260128882300,0.3334152877071,0.0225889006813,0.0506744367397,0.1113664174722,-0.0624056249085,0.1670630050164,0.3089516524622,0.2571126438025,0.0731084263760,0.6935606119014,0.6191327388646,0.7716771460039,0.7113462601794,0.7874042584946,0.8749451676602,0.3274501702842,0.3494983389804,0.5086986574628,0.2373341855364,0.0503072783774,0.3086206006402,0.0716620376137,0.3087803126381,0.6412277785170,-0.1266448860761,0.4116012012884,0.4265402789278,0.3527958772666,0.2672868739390,0.1234171131577,0.0436551329447,0.1970080674461,-0.0031906543673,0.0643005165626,-0.1656362534032,-0.0202383035719,-0.0025974464125,-0.0680543681364,0.3116614064857,-0.0079228735852,0.1446385305514,-0.2804999750310,-0.2537695207445,0.0153650497458,-0.1319159833208,-0.2676389287719,0.2783178162925,-0.3079503535578,-0.0016289283335,-0.1221598619106,-0.0598466269183,0.0241334404728,-0.0283956138654,-0.1247906114563,0.3173770347550,0.4411724263512,0.0656563957128,0.0925972713917,0.0011984556406
-0.0619740270133,0.0353021450391,0.0680087596144,0.3067005223095,0.0668913110140,0.2842527549437,0.3190291709686,1.0000000000000,0.7323824117104,0.3741915974973,0.4149556276905,0.2964215956432,0.5318423318100,0.1409313934351,0.1644394142602,0.4504136957408,0.4071700295054,0.7052846816059,0.5437342168420,0.7172069213813,0.3614458957137,0.1920651933396,0.1771054377188,0.6039655940225,0.3955278271039,0.0848251859172,0.3868035117626,0.1848890546730,-0.0217397020334,0.1027085939164,0.2504093955765,0.2289804092696,0.3355097229477,-0.0600758941872,0.3400364911525,0.2429849710806,0.2947020987630,0.2537081624279,0.0582306490341,0.1004746596595,0.1608072228945,0.2891793170310,-0.0489658792497,0.1778581111024,0.3571559166915,0.1739659414923,0.1750981898201,0.0764293551062,-0.0285767605628,0.2233096554285,0.0412122725489,0.0891687318785,0.2075424720089,0.1668199614248,0.2405502643006,0.2780546092966,0.6047495345086,0.6597495274703,0.7968338422973,0.6276336137388,0.3008219264776,0.3553813977414,0.2930443673373,0.4441564158663,0.2570231348904,-0.0414051656060,0.3930892821072,0.6678477574089,0.7461789881893,0.7156413142686,0.4203015228448,0.2635651513167,0.6356106471693,0.4494678844468,0.4324568899069,0.2023613517612,0.3325185689751,0.2023008136673,0.1117547876742,0.5045196666185,0.2347008868519,0.4090691215400,0.0443384113778,-0.1743221484012,0.4902791449232,-0.0007734130709,0.2413863557927,0.3429452492668,-0.0113483331228,0.1605399798082,0.0657510412342,0.0276284512254,0.2389754244686,0.1395558479741,0.1152738782744,0.1326896088727,-0.0250542605861,0.2731647465642,0.2516261464339,0.2745007011091
-0.0093824256134,0.0593798634435,0.0418170185632,0.2565989519459,0.0371131519451,0.1539924275852,0.2359182232432,0.7323824117104,1.0000000000000,0.4052527232236,0.3796464160962,0.3184592349473,0.4751747863707,0.2290785317083,0.1353312952835,0.5537288262006,0.4480310084106,0.5862740959662,0.7900521975778,0.6744829761653,0.3865090623077,0.2711587502772,0.1603612397774,0.5431197867822,0.5678156227563,0.2588419150608,0.4886273737640,0.1384197493234,0.0002002395452,0.2038235831884,0.3420523441151,0.3286517367162,0.3909448220548,0.0944823657844,0.3529759916710,0.4819146619761,0.2823049799701,0.3400316545308,0.1495110360594,0.2325600571091,0.1795689634103,0.2577607267016,0.1182322696560,0.3461283940358,0.3073983046615,0.1609073537658,0.2529491653421,0.0682601807568,-0.0027062783344,0.1920707987410,0.0039695840880,0.0687174735188,0.1717738033698,0.0938144787535,0.0844116541208,0.2409956942837,0.4068496516518,0.5157962510988,0.6707309975663,0.8521346485195,0.3636111800142,0.2309358920165,0.2701652517626,0.2766896281163,0.2987171434998,0.0174878057662,0.5184373039463,0.4702387028689,0.6764779039764,0.6753603220631,0.3657562161166,0.1752992022309,0.5574653602818,0.6499146320827,0.5406937396526,0.2323579068683,0.3937173485001,0.2130150864122,0.1384518378219,0.4041912389707,0.2524628887703,0.3598999784904,0.1700067031709,-0.0368391600840,0.4684319410494,0.1336392238495,0.2344766181294,0.3965498569719,0.0732116675451,0.3672811727575,0.0671756326316,0.1411002423891,0.3688525528887,0.1183775738769,0.0746691707036,0.0701814867187,0.0905452575772,0.2776891231926,0.2420043756481,0.2296792069804
0.0567875623968,-0.0126302013121,0.0504557760971,0.2127187199559,0.2043086219206,0.2817594339182,0.1841729023344,0.3741915974973,0.4052527232236,1.0000000000000,0.3858852615188,0.3507201303336,0.5322400227185,0.3308517269455,0.1653821786319,0.2902907703693,0.3451727085005,0.2869920629585,0.3910495095683,0.1864504675175,0.2589183210111,0.7246258265067,0.2937912416511,0.3674071156890,0.0385047801956,-0.0020317783123,0.2142106278570,0.1458622988221,-0.1327500432969,-0.0546978907760,0.2758009144105,0.1552697893128,0.3348471201715,0.1657012908075,0.2242831076963,0.2930614992769,0.1988214766978,0.0217444314323,0.1375141041507,0.0698658167699,0.2977618838534,0.5783705160205,0.0067847533681,0.0483447468658,0.0040443215493,0.4262356538719,0.3160812882040,0.1290562646759,-0.0574171776380,0.2073860598472,0.1855710346839,0.0580244481443,0.1848579640238,0.2201622628738,0.2944888952754,0.2312262589782,0.3349171399155,0.2597074747227,0.3202226797702,0.2839662425182,0.5453512455260,0.2583722956914,0.2712638005208,0.3771912696648,0.3192934633775,-0.0119049695136,0.3055155017420,0.4520334916033,0.4048617176420,0.2184295779663,0.2272385649675,0.4042470519907,0.2728799126723,0.1204671343780,0.3435697160050,0.0284978099677,0.2542337951071,0.1977311292547,-0.0737735903596,0.2814618594206,0.1860348932681,0.3446994826542,0.3215277420231,0.0211908081175,0.3094527719808,0.2023079184465,0.2093399239443,0.3289899133286,0.1272169944644,0.0642371681699,0.1484247400404,0.0776722204045,0.1346307661899,0.2550129044344,0.2851459579730,0.2571718900532,0.1174168335180,0.4751195896025,0.6472234714914,0.2270762835096
0.0794236495283,-0.0658578606519,0.0613968461502,0.2249919561443,0.2716956993492,0.2616647791285,0.2731167047337,0.4149556276905,0.3796464160962,0.3858852615188,1.0000000000000,0.6239922393369,0.5152671209415,0.2137850254092,0.1213912936004,0.3086940501617,0.4474566724539,0.6151035477769,0.2918815198872,0.3940732548894,0.4150409909715,0.4222097045579,0.6803561797233,0.4934991786244,0.0010121602582,0.2162000863542,0.5672605184916,-0.0544350369038,0.1386281899000,-0.0666397022932,0.2767698752709,0.3848352471427,0.3811481465086,-0.0232266327889,0.3646696436629,0.1926483459835,0.2206608975257,0.2093557045836,0.1758011502485,0.2435786619796,0.3344712399816,0.3856370582285,0.1550307228556,0.0424240004225,0.0454938713715,0.0239036292549,0.2082917684921,0.4032031763376,0.3481208979130,0.1532111805280,0.1782206039194,-0.0013782326862,0.1241571494196,0.1382704867235,0.2492008947454,0.1468529028091,0.2668135407861,0.2580665611434,0.3458862646203,0.3212030007438,0.0757684049743,0.6983218424538,0.4045661792947,0.3518929457010,0.0922958262998,0.0289499295218,0.1576139094095,0.5353512068700,0.3289966873425,0.3100142763260,0.4697466786268,0.4032372816930,0.4409486358290,0.1305326314477,0.2223739392633,0.1543261062426,0.4044153570831,-0.0433065137784,0.0339344494167,0.2713399357971,0.2375264195152,0.3484711222399,-0.0112291903246,-0.0135060262399,0.1807853260128,0.0205107853954,0.1669366035443,0.2321706960657,-0.0576798120706,0.1238362030155,0.1779507859269,0.1094680461769,0.0593323561421,0.2040633928702,0.0707154443827,0.3386444824836,0.2283973083958,0.1780537986500,0.3100930682302,0.2843380697423
0.2155415262323,-0.0101131808599,0.2042933586697,0.1809135020135,0.1820912865882,0.2337698403285,0.2232904775820,0.2964215956432,0.3184592349473,0.3507201303336,0.6239922393369,1.0000000000000,0.6300806730515,0.3198214709920,0.1587838335340,0.1954747342891,0.5298152575362,0.4448620173906,0.2972795027906,0.2812497199932,0.5667076041810,0.3332589258229,0.7428703890017,0.3607759152085,0.1579200206175,0.2961883946647,0.4117986806028,-0.0773202004339,0.1963893212950,-0.0949616529457,0.1074259386723,0.5038995233454,0.5844006775533,0.2505832530257,0.2124218569319,0.0812307620172,0.1065582223677,0.0391424487873,-0.0406073303225,0.1430237753705,0.1240769734270,0.3289306724489,-0.0091348464727,0.1386505752205,-0.0228372210499,0.1674541610598,0.2940150045989,0.2180499097963,0.2821982032038,0.3030402905379,0.1650569197143,-0.0156352481319,0.1511971329753,0.2248464284264,0.1880087244438,0.1761264618756,0.2951433325602,0.0905877037599,0.3583196474776,0.1746957483564,0.4110900043618,0.5712606918482,0.7360840863561,0.4696074781215,0.1912436137097,-0.0137075767728,0.0985380795177,0.5070179769004,0.2423032339249,0.3455687854830,0.5659442982980,0.7278680805222,0.3718420398167,0.1976818153817,0.2314393081180,0.3040074316805,0.3538564131157,-0.0668441504000,0.1306014643397,0.2447154293687,0.5180638665424,0.5917007646382,-0.0502773541005,-0.2384669841184,0.2075731695848,0.2594316931900,0.0845410197350,0.0989237615466,-0.0354741811590,-0.0240509787138,-0.0628157658796,0.1478718534842,0.2257089914631,0.2231145579088,0.3496861433606,0.1167260332703,0.1538449631316,0.1859651565374,0.3374641341412,0.4111391423476
0.1866148445521,0.1421091033100,0.2981156030136,0.3162011805744,0.2461620311002,0.4589915717082,0.3656352584104,0.5318423318100,0.4751747863707,0.5322400227185,0.5152671209415,0.6300806730515,1.0000000000000,0.3689375533251,0.3170679381296,0.2600856656290,0.5352457214012,0.5175646082685,0.3290853768860,0.4090202059822,0.4886236814994,0.3074193914301,0.3681325001417,0.3918768781205,0.2760171155264,0.0955798405123,0.3449874385912,0.1992505714442,0.1543188521945,0.0033065789133,0.1427687199299,0.3094053233042,0.5016754329592,0.1228768645288,0.2593658313272,0.1077178320955,0.1029362500938,0.1171553800464,-0.0199595781275,0.0271946175083,0.1527190017199,0.4454415695633,-0.0542804571261,0.1251664408265,0.1793140066720,0.2769217043417,0.2124024941119,0.1341392740221,0.2010702158600,0.3526036522202,0.2809471778911,0.2301809713049,0.2835977508705,0.3950182148910,0.3930055799537,0.3229106956250,0.5639128673891,0.3689076182841,0.5375538496065,0.4064083071195,0.4590525843946,0.5731848812284,0.5453111339790,0.7605469729706,0.3910322100840,-0.1115028553452,0.2005923472949,0.6641010430529,0.4883572983855,0.4078104963851,0.5288128063995,0.4919265585303,0.4077340547309,0.2684294021542,0.3230941525227,0.2070715126252,0.2737247562026,0.1568585445537,0.1684218456543,0.3269775559689,0.2523023334718,0.5216225506451,-0.0794091772625,-0.2457145865282,0.3959407866420,-0.0044555571777,0.0394994179673,0.1916951783438,-0.0530792155422,0.0629999174030,-0.0813932014959,0.0705007960674,0.1968527522313,0.2432653891208,0.1899441825498,0.1498129873447,0.1911334908038,0.2690062493238,0.4012886371438,0.3607676084302
0.7541301076816,0.6250514953485,0.6365173690639,0.5735448074534,0.6588923056050,0.6079872612661,0.5525747548573,0.1409313934351,0.2290785317083,0.3308517269455,0.2137850254092,0.3198214709920,0.3689375533251,1.0000000000000,0.4458765282277,0.3323199886462,0.2604190554640,0.2973611716612,0.3675246074675,0.0807176016036,0.1211691175496,0.1626012892750,0.0916166895661,0.0441347512087,0.0690706831887,-0.0883981637425,0.0245381968414,0.0567423528874,0.0134545110160,-0.0914304023739,0.0575875060867,0.0500343949184,0.2003515657417,0.1747181674009,0.3876545202336,0.4064976869032,-0.1678402836978,-0.1415510588977,0.1330506667157,-0.0340032885092,0.0875889531973,0.2808138247514,-0.1190373972457,-0.0213542861944,-0.1770073780739,0.1146225570412,0.1657895862940,0.1486909429313,0.2486267823648,0.0390622844727,0.6768887991685,0.6364261091222,0.4681201849435,0.6320926805386,0.5392298760290,0.5564517171223,0.1342858333338,0.1958739880908,0.2996424970460,0.1927867880100,0.2544017363620,0.1972059853436,0.1670311401551,0.2692253551564,0.7043507674569,-0.2326939683607,0.2410266720560,0.2767809824344,0.2090255089606,0.1741935527120,0.1138220611705,0.1547595774772,0.1655647417232,0.0181247570687,0.1340106471202,-0.2427258322907,-0.0996676292530,0.0295759982126,0.0075541832828,0.1661045547201,0.0962916489063,0.1153112935128,-0.1197846617582,-0.3483415752989,-0.0606609975905,-0.0399851802264,-0.2076154067664,0.2654568844444,-0.3088490639521,-0.1293676842628,-0.2225927549449,-0.1257766178905,0.0205857527944,0.0967968782266,0.0386525584256,0.1940506195994,0.5698466446492,0.1743601437042,0.1666036412895,0.0269100892706
0.3806671874073,0.4188518714213,0.4285422250564,0.5421835557818,0.4488051133608,0.5673071552964,0.4940279743091,0.1644394142602,0.1353312952835,0.1653821786319,0.1213912936004,0.1587838335340,0.3170679381296,0.4458765282277,1.0000000000000,0.2402745639321,0.1090026339766,0.2387083538617,0.2307416278979,0.1510772468823,0.1371238355310,0.0486371227368,0.0964124454677,0.1801827766558,0.0207201617214,-0.0177912132927,0.0360675068810,-0.0208497790006,-0.0845422783932,-0.0870638421780,0.1120302280012,0.1653739469373,0.0783674456204,0.1395794462327,0.3837427018253,0.2163291020485,-0.0423291576851,-0.0293269715485,0.2777625124365,0.0574689667797,0.1828208121291,0.2855138037709,0.0872198206322,0.0268925157878,0.0372525367432,0.0432813494806,0.1610494868833,0.2790734914113,0.1726996332119,0.5412927445383,0.4162810728098,0.5124399406544,0.5170704318469,0.5008498247963,0.4767737620601,0.4146670600529,0.1280627720963,0.1713150288752,0.3021096004973,0.2161826816543,0.1510135511119,0.1636418256914,0.1256925311043,0.2065875406960,0.6316983105940,0.1623452744997,0.1635570677515,0.1718971074810,0.2636493238231,0.1658107282946,0.0667326886620,0.0384987427913,0.1938373709463,0.0442361192591,0.0030818902747,-0.1477464578497,-0.0788850288460,-0.1230795654953,-0.1098057978286,0.1464582532299,-0.0573540457361,-0.0243851979721,-0.0880440034481,-0.1659749360594,-0.0094898023592,0.0192087645258,-0.1101929906017,0.2228933528278,-0.0481008671748,-0.1218719402693,0.0521296135056,0.1377499407759,-0.0178742362484,-0.0666239096958,-0.0649888141340,0.2486557130623,0.2406836082271,0.0128401967997,0.2355531764550,0.1947136570021
0.0600628583499,0.1975924409219,0.0995049322042,0.5324005660702,0.2199336112824,0.3401835994490,0.4556443606594,0.4504136957408,0.5537288262006,0.2902907703693,0.3086940501617,0.1954747342891,0.2600856656290,0.3323199886462,0.2402745639321,1.0000000000000,0.5418951647865,0.6214407186507,0.7164864868459,0.6129782348126,0.2275869407122,0.2688955030596,0.1747531427814,0.3614092992037,0.2376724446380,0.3811732379504,0.3711957087975,-0.1442334535592,-0.0784022846961,0.1087422451471,0.7418881275591,0.3976543019590,0.4920341341015,0.2179286855662,0.6054282597688,0.7771674375846,0.0428168819043,0.3023370635099,0.3192082249842,0.0291194127201,0.1179883906211,0.1278466968863,0.2846246875510,0.2247819644630,0.1638884566267,-0.1599032521332,0.2462277272804,0.1375976487307,0.0422300283555,0.0456900816316,0.1350216305076,0.1971285237460,0.4463586009863,0.2335530417222,0.3309314926615,0.4188006499787,0.1425321070315,0.2389120537849,0.5313627273958,0.4147442646599,0.0903282697827,0.0820091224111,0.0957987573034,0.1165097307400,0.3671027803732,0.0105727952751,0.8557807197157,0.4589481681581,0.5367899675911,0.5498283825956,0.1216119514951,-0.0195690609727,0.4102714733387,0.2635938698735,0.4774623867454,0.0700307322025,0.1839712030813,-0.0856851397713,-0.1377562301374,0.6755367187846,0.2096603833176,0.3030872549433,-0.0247244670986,-0.0158142769482,0.1290475970017,0.0690638435348,-0.0558370067118,0.6976172537114,-0.0387942850864,0.2083880306655,-0.0138578954735,-0.1433107983672,0.1801276015063,-0.1157007251534,-0.0932157408759,0.1442966050805,0.1691587401531,-0.0168319438130,0.0350597011318,0.0009613106030
0.0247625199880,0.0630809669114,0.0014408007270,0.1914726905383,0.0406143573714,0.1449293297441,0.1928663995947,0.4071700295054,0.4480310084106,0.3451727085005,0.4474566724539,0.5298152575362,0.5352457214012,0.2604190554640,0.1090026339766,0.5418951647865,1.0000000000000,0.6317079490314,0.4845237976509,0.4561713111232,0.7182944759878,0.2892380576685,0.4016485853966,0.4187749188007,0.1046286009596,0.3425370233594,0.5113699600422,0.0719581142333,0.2132565822815,0.2882498898561,0.3992431760444,0.3999644196083,0.4641113653832,0.1011279682974,0.3089248862197,0.3421442424904,0.0024498546116,0.1861765238505,-0.0709668929321,0.1067286190450,0.2413532010412,0.2044591797051,0.1578379847377,0.2323542734378,0.0932292489819,0.1380057912264,0.1906557580472,-0.0321803081932,0.0578720376211,0.3041061798195,-0.0048230215843,0.0662585898549,0.1507161478058,0.0460313426836,0.1071535550181,0.0958035888341,0.2210494222915,0.1802493499069,0.4328670294352,0.3415602638387,0.2038478786213,0.3592534454504,0.5059979249104,0.3430757037012,0.2192239047800,-0.0185038299256,0.3595469366270,0.6759292345267,0.4873791360075,0.4446966643116,0.6514247606866,0.3441759752784,0.4542834036315,0.2642283963898,0.6472979338947,0.2785324471205,0.4048516890033,0.0682105288483,0.0777360468360,0.5391292668358,0.2723242782716,0.4723830880682,0.1054271277166,-0.1312791718198,0.3135532170641,0.0249876699015,-0.0229001238370,0.3613955982862,0.1089675859591,0.0433021645005,-0.0704666685272,0.0501172494355,0.2750086345141,0.1563760307305,0.0559062417841,-0.0480481623417,0.0441626213638,0.1262395861393,0.2456484754909,0.4457914439206
0.0801010730848,0.1264805482076,0.1562938992764,0.4222425522789,0.2300361305402,0.3819773995784,0.4528551488505,0.7052846816059,0.5862740959662,0.2869920629585,0.6151035477769,0.4448620173906,0.5175646082685,0.2973611716612,0.2387083538617,0.6214407186507,0.6317079490314,1.0000000000000,0.5621018587170,0.7213385181172,0.4329107721465,0.2569251222245,0.4053780034174,0.6024773971058,0.2439805030069,0.1923029098179,0.4913652957324,-0.0011552657859,0.1272784244895,0.0443332824137,0.4398312145092,0.3431037527644,0.4003692400002,-0.0736758003278,0.4476698394279,0.3604075818264,0.1668159426533,0.2086807458874,0.0561334001888,0.1356526415133,0.2962346379047,0.2842933046462,0.0527420242495,0.0965679334037,0.2102680631992,0.0092782054322,0.2107604337234,0.2028925695925,0.1917348884090,0.2292379119077,0.1700394866816,0.2111828326302,0.3145172230860,0.2298347228318,0.3563639382635,0.3241033742758,0.4729566521742,0.4905652227066,0.6879601357049,0.5154179299962,0.1407423031084,0.5079387369622,0.2873157269724,0.3623439503874,0.3428496998190,-0.0587910638202,0.4756511342571,0.6822017355548,0.6764016804744,0.6316255383433,0.4694622561704,0.2664431852569,0.6563193568534,0.3391811293809,0.4955339961748,0.1266165683352,0.3249125036278,0.0172471281390,0.0529996165156,0.6345851024221,0.1869856976502,0.3953558209214,-0.0669378656650,-0.1350506555073,0.3279450281573,-0.0814864192187,0.0800529652025,0.3735800051101,-0.0848644689800,0.1431527206354,0.0106243619666,0.0322143129259,0.1404652610126,0.0990725872775,0.0190180448976,0.1798765477502,0.1582104490261,0.1571691641902,0.1732533939004,0.2786501406424
0.0793207852443,0.1744454155636,0.1211370601168,0.3399826287545,0.0829537269558,0.2264788820203,0.2749886202844,0.5437342168420,0.7900521975778,0.3910495095683,0.2918815198872,0.2972795027906,0.3290853768860,0.3675246074675,0.2307416278979,0.7164864868459,0.4845237976509,0.5621018587170,1.0000000000000,0.6050629692610,0.3628632894832,0.3022586690101,0.1841043678152,0.4845475169453,0.4563384181071,0.4058173161688,0.3603169580922,-0.0503671660953,0.0030598614029,0.1979128768083,0.4947206629012,0.3714300632433,0.3892692193325,0.1980540712950,0.4273187369375,0.6947554672158,0.1817895291713,0.2060463495261,0.2572570660630,0.1266763248422,0.2141046977187,0.2056694483191,0.1428146617978,0.2719540105232,0.1447175898229,0.0177577456182,0.2783276007942,0.1161866500329,-0.0425557388362,0.1548418803196,0.0161735377810,0.1743012630398,0.3052955031718,0.1630578978883,0.1649443768633,0.3070294718652,0.2075592262362,0.2876966000025,0.6229945907064,0.6057681522263,0.3004389816706,0.0691440905858,0.2280442758943,0.0961941001907,0.4164890890514,0.0486937034810,0.6561746744085,0.3616616920208,0.6883507535361,0.6136400140164,0.2268016806406,0.0843080991888,0.5098064247435,0.5256797148273,0.5406917053752,0.1804553080404,0.2625952375622,0.0293894874912,-0.0193855348697,0.5032109087798,0.2380552617942,0.2997058003398,0.1800263486833,-0.0425642819997,0.2675425131756,0.1654342122764,0.1503455135549,0.5625740459829,0.0707181021017,0.2363467138678,0.0732294746774,0.0045483323489,0.2748413608064,-0.0684183323677,0.0052706354378,0.0971800890980,0.1018645369453,0.1242212261683,0.1990554953754,0.1913486149547
-0.1283065524297,0.0318559468527,0.0308891113024,0.2785531712251,-0.0414665664278,0.2079489608547,0.2468570697465,0.7172069213813,0.6744829761653,0.1864504675175,0.3940732548894,0.2812497199932,0.4090202059822,0.0807176016036,0.1510772468823,0.6129782348126,0.4561713111232,0.7213385181172,0.6050629692610,1.0000000000000,0.2326881955506,0.1614842006282,0.2380519857689,0.6359462319449,0.5802776502229,0.2720651153419,0.5516728118337,-0.0375651127967,0.0537776333917,0.1373691675958,0.5290794682330,0.3607691907834,0.4532793954421,0.0660178757444,0.3282202132144,0.4038243870560,0.3028472803357,0.4016913981254,0.0660911167731,0.1956659242278,0.2034280395500,0.1888696192875,0.0228910062233,0.2574471186341,0.4278149911500,-0.0091169264266,0.2562428428080,0.0917456015091,0.0610138641972,0.2178162330235,-0.0617846134872,0.0632230130384,0.1710305413389,0.0668561877496,0.1366054673952,0.1413988307349,0.5572679662686,0.5493990502197,0.6675193180831,0.6229195391586,0.2423829175957,0.2989215125221,0.1605271641169,0.2717382249765,0.1874164519057,-0.0744776495230,0.5241730189453,0.5264076318401,0.6663080410026,0.8624836543885,0.2671353475290,0.2282571332685,0.6903508165503,0.5979729015282,0.4593446938552,0.1985642676064,0.3787722379732,-0.0109405241999,0.0574260276969,0.6280502140129,0.2655047551116,0.4031117661828,-0.0745093806296,-0.1285969776346,0.4131187086847,0.0607853622807,0.1691606482908,0.3540350925475,-0.0755266907459,0.3642822324869,-0.0531120492331,0.0669911212017,0.2081373422911,0.0252461625759,0.0311436763268,0.0073656483765,-0.0286232122088,0.1204585114399,0.0780924915794,0.1299117562960
0.0108656783681,-0.0862087371505,-0.0634634181319,-0.0247817598199,-0.0691572183375,-0.0129382474872,0.0319146061847,0.3614458957137,0.3865090623077,0.2589183210111,0.4150409909715,0.5667076041810,0.4886236814994,0.1211691175496,0.1371238355310,0.2275869407122,0.7182944759878,0.4329107721465,0.3628632894832,0.2326881955506,1.0000000000000,0.1161819349946,0.4834746739879,0.4558494759539,0.0205853104983,0.3123313016110,0.4333050294370,0.0236450428735,0.2078087357512,0.2175037561099,0.0793648573265,0.3678066313487,0.3008895540497,0.0134517838271,0.2173306825995,0.0756642586574,0.0170800230130,-0.0108110592512,-0.2012413420843,0.0128951382774,0.2162128453749,0.1527131650988,0.2272844490314,0.0775779306918,-0.0338344290822,0.1447337297788,0.0816645114411,-0.0826934805536,-0.0190152678605,0.4700046136853,-0.0605184590438,-0.0455604337422,0.0315320523753,-0.0324923550810,-0.0689436743084,-0.0149279934803,0.1214032764742,0.0014238521965,0.3656053715359,0.2866351075626,0.1333218945023,0.4223724533083,0.7187115481510,0.2418590051896,0.1502084643489,0.1094842225517,0.0927434131950,0.5243858307187,0.3861475956518,0.2807374651388,0.8315508147411,0.4381060881269,0.3870427963692,0.2872929417353,0.5089542019489,0.4599566521483,0.3614000863766,-0.0389200355904,-0.0052592917615,0.2356441092999,0.2568301270821,0.4340051255951,0.1833962451697,-0.0583508170140,0.3277653920989,0.0867944821411,0.0860383525200,0.2488726526637,0.2949392972657,-0.1679730668934,0.0447692382527,0.0965051943753,0.2061457907992,0.0542748391159,0.1446967402959,-0.1250290886379,-0.1611242204393,0.0515520525411,0.3628037152307,0.7660625313609
-0.0356384773239,-0.1216520955440,0.0119730913599,0.1606880415033,0.1699836164600,0.2007843243656,0.1138892168184,0.1920651933396,0.2711587502772,0.7246258265067,0.4222097045579,0.3332589258229,0.3074193914301,0.1626012892750,0.0486371227368,0.2688955030596,0.2892380576685,0.2569251222245,0.3022586690101,0.1614842006282,0.1161819349946,1.0000000000000,0.4333881141466,0.3096824457005,-0.0011444954517,0.0874506233250,0.3069757389753,0.0259038268713,0.0415069545076,-0.0636359644406,0.3300238025358,0.1812048544380,0.3298241523688,0.1794605001311,0.1497203456007,0.2000899120891,0.2545507714335,0.1409253305240,0.2050522213461,0.2673133885768,0.4183852189163,0.3584794538243,0.0609627586463,0.0928125611034,0.0644422507181,0.3827637169025,0.3530283141434,0.3027444077126,0.1925458712431,0.0823631437968,0.0768704084415,-0.0702051745352,0.0931326218388,0.1129853567735,0.2233863314850,0.0937284420596,0.2011439821038,0.1530052217357,0.1399035716152,0.1456349358173,0.4364373302790,0.2811618787736,0.0938100945564,0.2265201074843,0.1018012701967,0.0389168384844,0.2201226784786,0.3233996427959,0.2497911940630,0.1484320692869,0.0882385228403,0.4637191754752,0.1825372058276,0.1039980847074,0.2305696107821,-0.0195024312255,0.2965270425591,0.1421805071943,-0.0486288199900,0.2365363391589,0.1749054005603,0.2791437233620,0.2396044802354,0.0658150440196,0.1885885320511,0.2439468541083,0.2133379417608,0.1864278005180,0.0982679073333,0.2208849371263,0.2289967037030,0.1566354040604,0.1125949722432,0.4118760174538,0.2419146286074,0.2956234698493,0.1880676877316,0.4017861604000,0.3530105117433,0.0640557911062
0.0976382908323,-0.2654328221644,0.0434373701742,0.1401848124489,0.1430379635618,0.0932592718716,0.1821318975226,0.1771054377188,0.1603612397774,0.2937912416511,0.6803561797233,0.7428703890017,0.3681325001417,0.0916166895661,0.0964124454677,0.1747531427814,0.4016485853966,0.4053780034174,0.1841043678152,0.2380519857689,0.4834746739879,0.4333881141466,1.0000000000000,0.4045775289203,-0.1163688058139,0.4052281846701,0.6176917241909,-0.2076287276402,0.0892579639151,-0.0714674223859,0.2263193443250,0.6064377312611,0.4949826444167,0.2014818239768,0.2523835033641,0.0628552458709,0.1890143058176,0.2505711145751,0.1527527219995,0.4372521109329,0.3693880697648,0.4169428299127,0.2706045129372,0.1753390443022,0.0459852243455,0.1272025588224,0.4209835508923,0.3618530191363,0.1849712379862,0.3116432841864,0.0757916735261,-0.1610226042591,0.1162590587551,0.0162483475759,0.1034628376569,0.0780117339503,0.1834881392684,-0.0415790129787,0.1365780097204,0.0516388901026,0.0515786674632,0.5586606873832,0.4891178155182,0.2150811254063,-0.0378116860702,0.2243723554075,0.0563454257589,0.4255234030757,0.1243658545643,0.1533018905709,0.4402978614092,0.6025749724672,0.2938482483860,0.0459896341807,0.1686938021331,0.3216228922641,0.5321241637752,-0.1750360046941,-0.1047828843715,0.1914149798822,0.3757497914726,0.4343136372998,0.1441667316704,0.1193643633318,0.1773150719899,0.3677352999482,0.1670239184992,0.0980368821184,0.1928415139151,0.1367780587153,0.2616041525832,0.3972943651853,0.1977613527909,0.1779190319373,0.1972574175073,0.2135460967838,0.0096781177156,0.0764833249872,0.4285707733974,0.4392983738807
-0.0719808863980,-0.0554862169889,-0.0540793106599,0.1061393400595,-0.0438968255232,0.1379826946485,0.0554139022377,0.6039655940225,0.5431197867822,0.3674071156890,0.4934991786244,0.3607759152085,0.3918768781205,0.0441347512087,0.1801827766558,0.3614092992037,0.4187749188007,0.6024773971058,0.4845475169453,0.6359462319449,0.4558494759539,0.3096824457005,0.4045775289203,1.0000000000000,0.2453406437509,0.1428573103925,0.5322970519391,-0.0586480509390,-0.0725068614727,0.0409004623836,0.4200463407557,0.2570457467123,0.2362597192381,-0.0545352531166,0.1880602928697,0.1965009507156,0.5874558063097,0.1745334393365,0.0564147576830,0.2044325786715,0.2528453220912,0.2372696159523,-0.0191334315987,0.0369373909908,0.1106676973977,0.0829559316809,0.1222698036184,0.1539877934953,-0.0363686078619,0.3507821005831,-0.0627457274702,-0.0037787653459,0.1182772789033,-0.0186574080293,0.0811252121413,-0.0113889187773,0.3818707691039,0.2861066623818,0.5230152016310,0.5173373495774,0.2418523276974,0.3992968865377,0.3183752649762,0.2076393312835,0.1348406760258,0.0791034198843,0.2483736724173,0.5315810745453,0.5790056983488,0.5672101539437,0.3998345551314,0.3530851159146,0.7993223550263,0.4931004516365,0.3611936088806,0.2297026601306,0.4370591000933,-0.0804459563804,-0.0439234680680,0.5250764336969,0.1967772867431,0.3085382112788,0.1331748396769,-0.0029719516907,0.3119488267369,0.1745050984068,0.5533851668645,0.3139020315422,0.1563882878512,0.1504726143123,0.2742510571034,0.2344053752524,0.0611373092679,0.0563928309974,0.1224576681665,0.1549281384169,-0.1750560240123,0.1788450911241,0.3353768826000,0.4120980819087
