1.0000000000000,0.2631156389829,0.6894362749195,0.3942374142377,0.7431184377661,0.6029023556776,0.3222699365452,0.0557687203147,0.3261667056143,0.3096647646290,0.3473528797698,0.3423541877737,0.3254222700044,0.4945081069409,0.3436775368725,0.2212476794906,0.2378624760078,0.3623878759060,0.1045061518050,0.2498020789618,0.0197677937854,0.2586842411058,0.2345947394067,0.3421164014695,0.2943903562740,-0.2290133630350,0.1844664769089,-0.2808654802839,-0.3840193964353,-0.4935939446412,0.1889249865406,0.0413643987352,0.2296226808455,-0.0429386072994,0.1815949760109,0.1070160447471,0.2364951106154,0.0166197773017,0.2833504153978,0.0139782926796,-0.0358063251413,0.2441840495767,-0.0435435390556,-0.0551546762050,-0.3264079152620,-0.0065731355419,0.1849181052499,0.5859929773828,0.2120344706726,0.1550984679674,0.7424780577967,0.5722924929567,0.4707711161647,0.6560119322512,0.3879105002036,0.3111607187683,0.2480896834529,0.1205655632894,0.3343728964054,0.2838634122199,0.4202589360364,0.3926863775350,0.3943927621467,0.3483420614790,0.5751967300485,0.2636282634061,0.1537202231067,0.4111298439176,0.0590267045193,0.3413672963675,0.3000732221224,0.3193391273663,0.4081952173533,0.3622509180896,0.1178365617874,-0.1573620054566,0.2862462295264,-0.1410780877636,-0.4940033732263,0.3589473928376,0.3471881682176,0.4674120864300,-0.2315442582326,0.0460110040224,0.0771651671784,0.1148765004989,0.1921155934664,0.2574831252925,0.1274947512429,0.1964349488400,0.3273339747338,0.1872523041351,0.0267941470349,-0.1746504578780,0.1716812763151,0.5100187600735,-0.0273709035835,0.0854491034902,0.4148300942570,0.3417649003756
0.2631156389829,1.0000000000000,0.4979479116623,-0.0618206673353,0.3642191463437,0.1025988621635,-0.1256857965630,-0.0156493606196,-0.3031754541601,0.2299234359582,-0.3775942150537,-0.1624273439917,-0.1261864877509,0.4451436737315,-0.0122579066695,-0.1698249680055,-0.2393156347830,-0.2531378540334,-0.2727531111485,-0.3108706402222,-0.1587278754282,0.1498981537030,-0.3227240738717,-0.2203817574986,-0.2840333680766,-0.3113655462075,-0.0622516637748,-0.0272425226262,0.0665097301305,0.1308739158154,-0.1239843805316,-0.1730658551684,-0.0031178587036,0.1150018265363,-0.0592450776115,-0.2221381102514,-0.0957219362724,-0.2083233750328,-0.1092944634453,-0.0054466318001,0.0408416305460,-0.1706640487828,-0.1826937518342,-0.1595657934777,-0.0778740666132,0.1151088673131,0.1065198076094,-0.0881571287778,0.3840973352815,-0.0005854339406,0.4792094094421,0.6870183411676,-0.0602373908382,0.2465803984443,0.2734170567294,-0.2320177128934,-0.1562385942175,0.0112104138959,-0.1748802738305,-0.2439210440932,0.1794470510814,-0.2999426557227,-0.2648968912377,-0.1175586755797,0.2216568833580,-0.1222927044509,-0.0488948129826,-0.1900229787872,-0.1677802123962,-0.2840196140724,-0.1741119957512,-0.1316431108572,-0.1851182431541,-0.3402865024498,-0.1019002530728,-0.4465551247765,-0.2225544090186,-0.0976306761816,0.0194468753204,-0.2033724342837,-0.0436790970914,0.1181674618347,0.4842643231842,-0.0306320050781,-0.1198019160215,0.1019010556420,-0.1365623869844,-0.0832580500584,-0.0793260008893,-0.1271013073498,-0.0938392551402,-0.0278553037994,-0.2461693117663,0.1076755913533,0.1867163451600,-0.1526938180898,0.4632629588091,0.1058287575284,-0.1534044852747,-0.0729635768655
0.6894362749195,0.4979479116623,1.0000000000000,0.2080115007805,0.6115609701879,0.5998803955273,0.2295714630740,0.1326905017258,0.1342377069532,0.2701298453666,0.0134464745749,0.1099253451530,0.2085584335632,0.4716451859015,0.2502793433658,0.1594129617688,0.0145891371234,0.0660894763059,0.0048136119384,-0.0087394987308,-0.1678314795277,0.1272309948125,-0.1791336908749,0.0711438913629,0.0756618472612,-0.3534690967431,-0.0058937362530,-0.3144882644620,-0.2223137167871,-0.3591740969275,0.0745349566087,-0.1826554514366,0.0702077718622,-0.1476547989782,0.2036352140322,0.0338948423621,0.0719624317763,-0.0778097008477,0.2192510927857,-0.0866409666700,-0.1550644861981,-0.0084589152458,-0.0378819885307,-0.1317221017898,-0.2063577525164,-0.1877402154020,0.0160780617475,0.6018864172967,0.2094975350412,-0.0065458766197,0.7212026829612,0.7986147946893,0.3711134668309,0.7926300766113,0.4736143976216,0.2416531917371,0.1380207138783,0.2615939142951,0.1555290509833,0.1551626050476,0.4675002141115,0.0789713028377,0.2155159350705,0.3071345200820,0.6301674454778,0.2673236930548,0.2266398868588,0.2513183381807,-0.0005682234427,0.1440922129419,0.1263313399141,0.0295360067545,0.1623003324317,0.0554487248816,0.0596155243850,-0.2033598766388,-0.0608786646343,-0.1784959789234,-0.3723314455143,0.1584009682884,0.2208323692621,0.3731869744270,-0.0121295471192,0.2035678573816,0.1777548453833,0.0346337118220,0.0295302919886,0.3417148379347,0.0799466997176,0.1902591031863,0.3148540876152,0.0270883162356,-0.0872660571653,-0.2194735242859,0.2257871809993,0.4682562563964,0.0962866734737,0.1866329212517,0.2474108197481,0.3170149960179
0.3942374142377,-0.0618206673353,0.2080115007805,1.0000000000000,0.2431058194937,0.5913528860216,0.8202169560391,0.1250888985539,0.5870741207628,0.2958478704091,0.4780170821026,0.4229210874643,0.5547578835231,0.3099241217682,0.7136932619053,0.5338682655749,0.5572329723434,0.6568392629287,0.5842082140290,0.5059573416745,0.2848322011493,-0.0644697162692,0.3217290579740,0.5982799301981,0.3733083558437,0.0272150106709,0.1200895993853,-0.3497127756442,-0.3799842467146,-0.3754823454223,0.3675162868827,0.2682512415483,0.2549676758150,-0.1623332281742,-0.0543673286269,0.4696345350462,0.0708360708339,0.0446507970504,0.1768025836854,-0.1833316950468,-0.1323363857285,0.4379613299136,0.0569505234397,-0.0654286250839,-0.2613755215913,-0.2355537886445,-0.1034541046077,0.4391870980533,-0.1058107885803,0.4287332272725,0.2876094982300,0.1971303509498,0.7353506467602,0.4058754925089,0.3780497155407,0.8321131310303,0.4184304881672,0.2159363055192,0.5801001428043,0.5603722893099,0.1443893162605,0.5394126858743,0.5200051527163,0.5650317679836,0.4589382580597,0.4878009429158,0.4733950642682,0.6731688751096,0.5435991695819,0.5593168817900,0.3772696568935,0.1980160432420,0.5650233557061,0.4760549684469,0.1716411171222,0.2097930303061,0.2779528302108,-0.3576554384909,-0.4255595922645,0.5847675711460,0.1643270102646,0.2355895325178,-0.4140249922681,0.0095620893352,-0.1161672437682,-0.2017893088981,0.1083559047694,0.2192562795126,0.0029663582127,-0.0139685392308,0.2104069029606,-0.0711728423521,0.0485180355296,-0.4785004336514,-0.3367564796772,0.4207546690378,-0.2415772111890,0.0632126967867,0.5481712175255,0.3539582489842
0.7431184377661,0.3642191463437,0.6115609701879,0.2431058194937,1.0000000000000,0.6653608615018,0.3089330159554,0.1395436010242,0.1402439676505,0.2945121960518,0.0355008855399,0.1018174385987,0.3148214877711,0.4078842878739,0.2150916685057,0.1417938538144,0.1237404064817,0.1641194981883,0.0486398784108,0.0848222645995,-0.0670463891978,0.2284602578386,-0.1350825387712,0.1745748604271,0.0630149704776,-0.4058046969161,0.0123068163758,-0.2700102481771,-0.1170989899362,-0.2751847532146,0.1085775057038,-0.1651396529801,0.0852421919981,-0.1225256784941,0.0112729930945,0.0264171326972,0.0356751152975,-0.0164376372968,0.1091817831026,-0.1481251540981,0.0407183605357,0.0531303299026,-0.1778273426493,-0.1862337369310,-0.2362919399009,-0.0630557022413,0.1188202390010,0.4514008458764,0.5052922314968,0.0663105646541,0.7889202024516,0.5900450453360,0.3824124600291,0.7452702979683,0.7548118080996,0.1936967529638,0.2049118824869,0.1847742751385,0.2177947322948,0.1417142827746,0.3526940496603,0.1145570421876,0.1016767845934,0.3218790941696,0.4619341754987,0.1780215442370,0.1349916554776,0.3245725444273,0.0593618431277,0.1676094773571,0.1238920060128,0.0737090204862,0.2380184136116,0.0782307514278,0.0081330963309,-0.4007978033968,-0.0109835635144,-0.1504256553131,-0.2500721473205,0.2249707629315,0.0927703231506,0.4114867009105,0.0808003132360,-0.0920553186916,-0.0295339059170,-0.0727355210839,-0.0422360869560,0.1035645469761,-0.0373859687539,-0.0083571700814,0.2017959327348,-0.0129333599892,-0.1988980647325,-0.0623307291716,0.1973147656416,0.3725465720013,0.3009380601353,0.2710371556522,0.2135756076866,0.2733199659070
0.6029023556776,0.1025988621635,0.5998803955273,0.5913528860216,0.6653608615018,1.0000000000000,0.6558346505669,0.3617861351450,0.4565647049680,0.4343763675169,0.2473934921218,0.2396347244966,0.6673081021507,0.4683404973091,0.5823312126143,0.3314279888257,0.3905110088846,0.4526057537773,0.3024143094542,0.3896352916488,-0.0453778381693,0.0687444445324,-0.0501841166226,0.3830399783486,0.2189246956591,-0.3195846140053,-0.0169473406024,-0.3939540026023,-0.3785546668878,-0.4476126449922,0.1726298551777,0.0018879425955,0.1715801742578,-0.3612130302368,-0.1124737969441,0.1623409708177,-0.0200893740450,0.0698123294429,0.1340525799070,-0.2858347999578,-0.0816785325465,0.2040070138873,-0.1598955410820,-0.2389922136084,-0.2414733673712,-0.3372219355526,-0.1125809418122,0.7311266048594,0.3544867861974,0.2110895718236,0.6181949516163,0.4419961805718,0.6262341561410,0.8677159764445,0.8028616055192,0.5877746577991,0.5142528835245,0.4968265599485,0.3874757064357,0.4572011548985,0.3884639871497,0.3098251217856,0.4010408146082,0.7110940044184,0.6663408468531,0.4500858954867,0.3291895545236,0.6760328359289,0.3030135047683,0.4914018664279,0.1920078647005,-0.0310286946856,0.4452544138085,0.2786106693334,-0.0174179242784,-0.1419949503647,0.0385263587243,-0.2935395832718,-0.3959564900528,0.4182911280842,0.1238504461692,0.4516798093018,-0.1632061103685,-0.0845972147523,-0.0040582221620,-0.2917713977211,-0.0349711520563,0.1693121417795,-0.2084787555078,0.0577365124369,0.2839039290409,-0.1741280158008,-0.2052134744319,-0.4155530904383,-0.0901840487755,0.6169490375484,0.1300477399682,0.2290032987212,0.5168191336217,0.3396824187777
0.3222699365452,-0.1256857965630,0.2295714630740,0.8202169560391,0.3089330159554,0.6558346505669,1.0000000000000,0.1076575791116,0.6797098622148,0.3534487015847,0.3455714272561,0.3341490983099,0.6497573167962,0.1946897412635,0.6054531064362,0.6293678447854,0.5870553377319,0.7192783932520,0.7606501946230,0.5937894425514,0.1808072451305,-0.1054764696264,0.1750380669497,0.7644495458698,0.4943521330174,-0.0811269703631,0.1565537697258,-0.4398234169776,-0.4585417232630,-0.4703808711117,0.5442485234696,0.2274313238849,0.2890405034215,-0.1178815627641,0.0186814138728,0.6674988086530,0.1892855643502,0.1014992666658,0.3341193920976,-0.1291696522991,-0.1758401917765,0.3341548412689,-0.0356780828765,0.0291244831309,-0.4201499283743,-0.2685049752867,-0.1058626850460,0.4715014040453,-0.0343185370333,0.3740425133267,0.3075416091738,0.1224607405230,0.7182788492433,0.4784501089974,0.5456291232338,0.7780300508421,0.5604873542387,0.2285328830116,0.7571916270824,0.6756498456223,0.2088213812795,0.4211984802538,0.4444443091925,0.6833808423071,0.3770846322766,0.5569438981828,0.6195865812835,0.7530391007050,0.7107983211305,0.6982081204768,0.3980634785058,0.1279544695127,0.7356512331815,0.5559159355202,0.3145922361248,0.0833905234574,0.2250513823447,-0.4088369258107,-0.4948942680103,0.7143527069404,0.2029804398799,0.4012129189992,-0.3683160673321,0.1016216717295,-0.1654124504912,-0.2113909332807,0.2210085081092,0.3699694134635,0.0661312625421,-0.0263839560740,0.3879065292445,-0.0335221293878,0.1106031678206,-0.4793353428135,-0.2956751162352,0.4285845314633,-0.2479874191415,0.1419623405639,0.4651703384794,0.4243153065903
0.0557687203147,-0.0156493606196,0.1326905017258,0.1250888985539,0.1395436010242,0.3617861351450,0.1076575791116,1.0000000000000,0.4176073550588,-0.0774734898438,-0.1297273475653,-0.1890036693366,0.4367131577405,0.1683893199052,-0.0091767912643,0.1396333224788,0.0353740842403,-0.0660559953389,-0.0181085279564,0.2527604704806,-0.1876769503223,-0.0699452724551,-0.3714459170088,-0.1247417396292,0.1225889707265,-0.1731415276274,-0.2642439035631,0.0191951039273,-0.0299189381125,0.0430487674169,-0.2617649725408,-0.2741924419575,-0.1324292822227,-0.5212441981440,-0.2186544747283,-0.2576922084688,-0.3485849516671,0.2906281578193,-0.2749902873324,-0.4824203044055,-0.0463074081729,-0.1760116080595,-0.0893664954861,-0.2075689982980,0.4439918837776,-0.3665304744583,-0.2183523131293,0.1739365456257,0.1300843682824,-0.2229639289623,0.1085167382950,0.1493044080591,0.3463631640966,0.3319866219770,0.2609985643170,0.3319909939153,0.5323037087854,0.8539317123064,0.1472089739480,0.4548983606227,0.0553973206610,-0.1912987099107,-0.0246753632700,0.3192610307714,0.3585633150919,-0.1325777073397,0.2191244261936,0.2585732305338,0.1687764468495,0.2400347186263,-0.1835064919017,-0.4595203244124,0.0102551357301,-0.0413489767340,-0.1678730470180,-0.1386794004846,-0.2978471101143,0.0707373414493,0.1758401588220,-0.0471426719183,-0.2201704512763,0.0218842213103,0.0985554277450,-0.0432160328406,0.4136259657212,-0.3943713447813,-0.3984338492087,-0.2151503913761,-0.4250602816580,0.0728395664788,-0.2038547161645,-0.4291827520835,-0.2412670151027,-0.2155435161848,0.2080871621155,0.0002776563689,0.3698935897652,0.0688133440547,0.1140611735148,-0.1772743909260
0.3261667056143,-0.3031754541601,0.1342377069532,0.5870741207628,0.1402439676505,0.4565647049680,0.6797098622148,0.4176073550588,1.0000000000000,0.1893266753002,0.4098904664798,0.3268964456455,0.6393015818597,0.1010944006337,0.4353357090615,0.6930062124414,0.5318443050224,0.6687535665803,0.7479635521649,0.7713809564820,0.2089130026069,-0.0574802071239,0.2479968679753,0.7166229881552,0.7753964304535,0.0503294526180,0.2132602498105,-0.2931270510551,-0.4655233804797,-0.4839666103400,0.4473377673279,0.2223582149558,0.2853910661475,-0.2286389283344,0.1496185210020,0.5891879465967,0.2125332149801,0.3422164659733,0.3260349700196,-0.1301146516002,-0.1942263938299,0.2426553463281,0.1654694190265,0.1483826307062,-0.1343595087623,-0.2569539469823,-0.0457132719723,0.4507886344337,-0.1847463342648,0.2480791555444,0.1742810440735,-0.0429283191876,0.6185325456632,0.3252020249390,0.2237402441601,0.6825461357866,0.6663550566841,0.4273375946369,0.8540278817880,0.9709562063340,0.1466942647023,0.4397751726507,0.4804650283115,0.5851061733222,0.3460739082218,0.3801719962027,0.5825582300073,0.7020640580561,0.6908633905402,0.8123176772217,0.3202667265889,0.1479614367187,0.7492257321065,0.7405774378020,0.3185749087680,0.1949501588975,0.2697940822177,-0.2022589835424,-0.4351093835979,0.6673204778815,0.2550275499379,0.3522507949748,-0.4925795907865,0.2221044538172,0.1697434872385,-0.2045700918017,0.2044918470710,0.3986877928717,0.0552416512795,0.2055413816503,0.3245155783704,-0.0387924493508,0.2462443390084,-0.4478014953611,-0.1212506446091,0.3872606176526,-0.3018974727934,-0.0412481695237,0.4317505747276,0.2688918937931
0.3096647646290,0.2299234359582,0.2701298453666,0.2958478704091,0.2945121960518,0.4343763675169,0.3534487015847,-0.0774734898438,0.1893266753002,1.0000000000000,0.2791760334486,0.6089958949467,0.4258634550826,0.3619224447625,0.4977476567269,0.0941740632999,0.2714911490192,0.3261325905708,0.2666938623265,0.1912000890955,0.2841173738085,0.5632218811009,0.2204322764526,0.4284584824239,0.1670071649572,0.0037856475266,0.3744540291810,-0.1783416982277,-0.3611477835480,-0.2216423070012,0.2070835211594,0.2751170047716,0.3107262503334,0.0804494361039,0.0593671720914,0.1892505090225,0.3816983770705,-0.0268071096688,0.2645341131634,0.2388221842796,0.2302120164548,0.4079533630593,0.0587881169034,0.1427653127144,-0.2714829908643,0.1946882742581,0.2425645654010,0.3978465759020,0.4262135932315,0.5928459785285,0.3494823490722,0.1460178284336,0.1471114429536,0.3077361691073,0.4101634891225,0.1451771679663,0.1450060659948,0.0717069483588,0.1707799036075,0.1916673490579,0.6368028640680,0.4045213997377,0.4450826149342,0.3926116548074,0.2666799597481,0.2979972236629,0.0839440699996,0.3475462185065,0.1905957904851,0.1695331888784,0.1765443780123,0.3581901265218,0.3878808833444,0.2213861239077,-0.0949579851137,-0.0339349095723,0.2213825406183,-0.3147326751025,-0.4010395224082,0.1656259971960,0.2259032417041,0.3055055273876,0.0287226188011,-0.1006982544677,-0.2104757726569,-0.0952799055379,0.3486469701813,0.2282133168468,0.0007951415408,-0.0830924967375,0.2882703921194,0.1633117757460,0.0313544090254,-0.1364881541304,-0.1683806530474,0.3487595750852,0.0560078560272,0.3216242232725,0.5734943274911,0.3244184642048
0.3473528797698,-0.3775942150537,0.0134464745749,0.4780170821026,0.0355008855399,0.2473934921218,0.3455714272561,-0.1297273475653,0.4098904664798,0.2791760334486,1.0000000000000,0.7672358891257,0.4181113513675,0.0741477370102,0.5495375691499,0.2819058850418,0.6000674642932,0.6642823622171,0.3327792967560,0.5269071019884,0.4760697289654,0.1616401077683,0.7533198335731,0.5296748099126,0.4665497819959,0.3674421033191,0.4166960726318,0.0243378826863,-0.2606149676726,-0.3693138001941,0.3268455918616,0.4912981824097,0.4249662564835,0.0198163933280,0.2393212146450,0.3208381722578,0.4392390426084,0.3380179777153,0.4453153131113,0.2735005926017,0.1797990325328,0.5458614109629,0.3134928869101,0.2746044319190,-0.1000344920092,0.1530412157413,0.2885550922823,0.4194301070533,-0.1116941979811,0.4951531581066,0.0241734936019,-0.1527699638565,0.2249092539055,0.0951432350895,-0.0630727398205,0.4078260011817,0.1441167558685,-0.1452626569000,0.2961470490166,0.2985407722094,0.0370650835280,0.8478135630701,0.6176230537818,0.2993513649657,0.1455281439512,0.3605580660021,-0.0681646198987,0.4789297886337,0.1288462855713,0.4242842736615,0.3319872568741,0.4897618389352,0.4630011214623,0.6192152953133,0.0480239618551,0.3101907789475,0.6324912935551,0.0805285138346,-0.3048026929421,0.4270060721537,0.2232591944412,0.1266040045787,-0.5860582140220,-0.1203364137960,-0.0293839598086,-0.0296843517981,0.4708311878567,0.2993931466622,0.1347854858408,0.2317625301245,0.3999345992291,0.3114528508743,0.3126823542292,-0.1080421912161,-0.3049901173874,0.4879949953495,-0.3882295611920,-0.1639366647774,0.4653766051516,0.2360141204429
0.3423541877737,-0.1624273439917,0.1099253451530,0.4229210874643,0.1018174385987,0.2396347244966,0.3341490983099,-0.1890036693366,0.3268964456455,0.6089958949467,0.7672358891257,1.0000000000000,0.4349363776754,0.1488569618660,0.5713339591487,0.2183111161467,0.4967201221272,0.5213028469323,0.3189475566454,0.3546152845613,0.5320910258020,0.3653186068289,0.6963420182480,0.5161635130951,0.3700152782566,0.3401268698868,0.4228415928495,0.0086689782935,-0.1909987241483,-0.3146081954665,0.2730367312790,0.4665908042262,0.4160800434100,0.1320657123435,0.2350640073008,0.2974076771859,0.4502437069845,0.1623552421942,0.4072081129524,0.3247736672683,0.2957167656103,0.6090762079650,0.3214443128495,0.3023178656520,-0.1434653161806,0.2407904162231,0.3812959409004,0.4115010037318,-0.0382789054983,0.6696522358463,0.1232551756492,-0.1150463066433,0.1626099681815,0.1280319863810,0.0099988966709,0.2743046124108,0.1053659674358,-0.1561880868238,0.2499016538286,0.2437039787692,0.3074015855964,0.7629761270239,0.6690353335261,0.2951975282825,0.1401012893629,0.3644468532982,-0.0376266774795,0.4112489444288,0.1189881462826,0.2818000578961,0.3968040541561,0.5791985562472,0.4435471803289,0.5021942679140,-0.0071024379121,0.2899442629305,0.5048538077265,-0.0265733835829,-0.3178385427360,0.3004958228999,0.2411426281991,0.1629177820071,-0.4533802394311,-0.0970111490445,-0.0704048204219,0.0203524442297,0.4640519178336,0.3275705553477,0.1954709669613,0.1271381943061,0.3677190837393,0.3271482862522,0.3212602326403,-0.1136960229794,-0.2423205641759,0.4384798091225,-0.3462468841878,0.0036214196056,0.5488627839399,0.3224167931926
0.3254222700044,-0.1261864877509,0.2085584335632,0.5547578835231,0.3148214877711,0.6673081021507,0.6497573167962,0.4367131577405,0.6393015818597,0.4258634550826,0.4181113513675,0.4349363776754,1.0000000000000,0.1462038703113,0.5339652661685,0.4044471620508,0.6197283253075,0.6021563092959,0.4018124361569,0.6007609720808,0.2104376324598,0.0827232007702,0.1416038909369,0.5368960305873,0.4948535317190,-0.0583691772437,0.1624874959315,-0.2808421954553,-0.4195062694752,-0.4736052276317,0.2970672305912,0.2262624183213,0.4409910956983,-0.2449299045564,-0.0402651349731,0.2786558721109,0.1481577367426,0.3589107586358,0.2268051815079,-0.1404692747388,-0.0437450709805,0.2227722077208,0.0072975377636,0.1015920808306,-0.1137541300116,-0.1814129968108,0.0927857006757,0.4993330091141,0.0823056787119,0.3618172985874,0.2431420445978,0.0680490930332,0.5407272437853,0.4849870467068,0.4743480166436,0.5018059342792,0.7169198669422,0.4484666945846,0.5114568490246,0.6060586955985,0.2668490772325,0.4271949477180,0.5061953173607,0.8460384569700,0.3884485842408,0.4061327821081,0.2866530338075,0.7798844681552,0.3831116294100,0.6386143115276,0.2897471763840,0.0639600781243,0.5632167141245,0.5112650367346,0.0482513165457,-0.0193801086600,0.2210703101783,-0.2238640083987,-0.3892326782864,0.4869509093081,0.1723573148275,0.4929585508135,-0.3471318351683,-0.1155614520286,0.1181465058106,-0.2958839270594,0.1342784410126,0.1533958862608,-0.1225170725452,0.1730428094556,0.2583752340390,-0.0935527315740,0.1350230035017,-0.3674765107109,-0.0645540228200,0.3742578573040,-0.1102553579610,0.1152895288740,0.4637727114891,0.3006277551478
0.4945081069409,0.4451436737315,0.4716451859015,0.3099241217682,0.4078842878739,0.4683404973091,0.1946897412635,0.1683893199052,0.1010944006337,0.3619224447625,0.0741477370102,0.1488569618660,0.1462038703113,1.0000000000000,0.3734510652423,0.0887139987726,0.1125167152715,0.1768249195879,0.0661959965470,0.0893109835930,-0.0082183407439,0.1352336747200,0.0013299177494,0.0702237238706,-0.0847868097265,-0.2487369834526,-0.0594829742002,0.0148929109456,-0.0908620928074,0.1302739236549,-0.0832575396513,-0.0580378924590,-0.0383987312737,-0.0531439107125,-0.1637797694356,-0.1240387296371,-0.0861893249689,-0.1869942129805,-0.1247735717227,-0.1508155732802,0.1245991108476,0.2908866853602,-0.1660701159730,-0.3771223093422,-0.0647026865956,0.0215324485939,-0.0010184980030,0.2708902449658,0.3994797243030,0.1272629527565,0.6290186967448,0.4532158273440,0.2278759893485,0.4264243425006,0.3502542440331,0.2589238309759,0.0393345489634,0.3120044868539,0.0346486481594,0.1164302774607,0.2683272279304,0.1142129456575,0.0700418385470,0.1578239597994,0.6337150926751,0.1016799956747,0.0940183994198,0.2638247049932,0.0182607283526,0.0985255252430,0.0119507472262,-0.0086925260083,0.0990979332560,0.0012923587876,-0.2001119013971,-0.2221459313184,-0.0955228803163,-0.1262249022086,-0.0990192675451,0.1143812231595,-0.0903194431216,-0.0004289602588,0.2333026988118,-0.1496623256375,-0.1998145360946,-0.1603441273039,-0.1175433774587,-0.0302326454288,-0.3143118252495,-0.1183536590732,-0.0334550354454,-0.1432334993623,-0.4011782400530,-0.1008292482867,-0.0822582402956,0.1953846818367,0.4249138406381,0.2462820964354,0.3570148292131,0.0157581608367
0.3436775368725,-0.0122579066695,0.2502793433658,0.7136932619053,0.2150916685057,0.5823312126143,0.6054531064362,-0.0091767912643,0.4353357090615,0.4977476567269,0.5495375691499,0.5713339591487,0.5339652661685,0.3734510652423,1.0000000000000,0.3962871814919,0.5072948767287,0.5902365620842,0.4524822895282,0.4146040249679,0.3479413082269,0.0365297323426,0.3250512721082,0.5333737831589,0.2883883954908,0.1094609670818,0.1784331513802,-0.2674633860850,-0.3366001793665,-0.4008545920293,0.3240479246358,0.3176100619922,0.2642327278922,-0.1538896836294,0.0429129507264,0.3626588076791,0.1743924508704,0.1385311418447,0.3137069297489,0.0215123711079,0.0610139410444,0.4744639431016,0.1913280540874,0.0360622227770,-0.2711186587646,-0.1537791462762,-0.0057851662800,0.5276300373197,0.0579918837718,0.6092791013357,0.2809916821718,0.1059574993426,0.4794538744337,0.4220010857191,0.3720228917849,0.5547548870729,0.2915663566007,0.1193828179384,0.3739652367310,0.3902547955857,0.2147200266053,0.5977326726355,0.5195865942303,0.5103736665743,0.4329586966854,0.6174774437394,0.2394885700094,0.5968399138938,0.3447481386945,0.4287265656106,0.2969231838364,0.1887182474342,0.4974575731155,0.4137656966459,-0.0134904217236,0.1831873833155,0.2542369443425,-0.2656449180312,-0.4217325105848,0.4487795042785,0.1277029369870,0.2176828100801,-0.3288091199518,-0.0616635552155,-0.1887707578734,-0.1843004996269,0.2098695334774,0.3046956754010,-0.0016599381233,0.0697058863121,0.3672665216969,-0.0052455372536,0.0512110960091,-0.4113594887592,-0.3912089708035,0.5167701297825,-0.1846393856971,0.0496279160818,0.5380443615914,0.3898050621687
0.2212476794906,-0.1698249680055,0.1594129617688,0.5338682655749,0.1417938538144,0.3314279888257,0.6293678447854,0.1396333224788,0.6930062124414,0.0941740632999,0.2819058850418,0.2183111161467,0.4044471620508,0.0887139987726,0.3962871814919,1.0000000000000,0.5899465125484,0.6515861444859,0.7497483586017,0.6351343141193,0.3928743260931,-0.1581588166840,0.2563027338292,0.6405740825373,0.6132208458582,0.0943298915358,0.2700491379389,-0.2713949764639,-0.3623074017173,-0.3168043983643,0.7208987333619,0.3333553249073,0.4054940177906,0.0177693301882,0.3560701019108,0.7143289308134,0.2461704535156,0.2310347197310,0.3717281101717,-0.1052275226559,-0.2603583648209,0.1766414115023,0.3822624855843,0.0381168259230,-0.2285052361588,-0.1432221480791,0.0006454842568,0.2981005350912,-0.1713775248461,0.1903485614086,0.1496491596009,-0.0115918981467,0.4951556717175,0.2531778014768,0.2097919174992,0.5509462275137,0.3425121162997,0.1740067428443,0.6503841269058,0.6568809694975,-0.0388300832187,0.3026097167787,0.2328688121477,0.3309191560332,0.1464953929279,0.3592771990873,0.7089713709077,0.5370729222766,0.5886616330643,0.6579818893441,0.3494679676665,0.1237763615979,0.6186057105885,0.5987272497161,0.4426789529449,0.1428529604375,0.2346143486182,-0.2955522098755,-0.3968710136048,0.7560691549222,0.1842703355747,0.2475151140954,-0.4249356101779,0.4569853938956,-0.0643936231602,-0.0956089158723,0.2436152656763,0.5022204043819,0.1816026863482,0.1838546003576,0.3403613972550,-0.0970692577453,0.0958613543970,-0.3834890260413,-0.2452573456699,0.3147418790972,-0.2990207404654,-0.1117250678336,0.1727631179318,0.2427740509607
0.2378624760078,-0.2393156347830,0.0145891371234,0.5572329723434,0.1237404064817,0.3905110088846,0.5870553377319,0.0353740842403,0.5318443050224,0.2714911490192,0.6000674642932,0.4967201221272,0.6197283253075,0.1125167152715,0.5072948767287,0.5899465125484,1.0000000000000,0.8284471917038,0.5523154330599,0.6913750665552,0.5978409621492,0.0281072880230,0.5008917644800,0.6702679728585,0.5578696909202,0.1905855918165,0.3838563863937,-0.1915259652230,-0.3709333344240,-0.3342508730591,0.6500980955278,0.5143077673440,0.6246343128795,-0.0054688324291,0.0761355184615,0.5029149858911,0.3284459021603,0.3372923268872,0.3179790079310,0.0048922455906,-0.0981415953236,0.3208587563739,0.2233469522545,0.1265068112041,-0.1983725246514,0.0479969682772,0.1635885678914,0.3015267719488,-0.0171703769731,0.3931303333352,0.1058487469551,-0.1063345590236,0.3210576843255,0.1605945429441,0.1936725882755,0.4359078908488,0.3620398875655,0.0491417186713,0.4989601232294,0.4796690996528,-0.0239850419509,0.5728691411297,0.4189058230656,0.4273069715254,0.1455808319506,0.3664964769746,0.2586819310745,0.6831501403129,0.3574215596174,0.6214831319787,0.4516924490050,0.3696571174443,0.5844224078652,0.6405167806524,0.2708448584674,0.1445833966141,0.4677561337906,-0.2574197080906,-0.4083094316088,0.7028982884557,0.2523553202671,0.2877650390614,-0.4695802942608,-0.0184240281372,-0.1665054941387,-0.1680948310719,0.3217542056657,0.2247900370076,0.0535174002490,0.1848825836185,0.2873183132215,0.0441790394386,0.1840843070206,-0.2269826857674,-0.3351392935528,0.3343949260740,-0.2604602285416,-0.0408419556247,0.3466039374430,0.2298919579532
0.3623878759060,-0.2531378540334,0.0660894763059,0.6568392629287,0.1641194981883,0.4526057537773,0.7192783932520,-0.0660559953389,0.6687535665803,0.3261325905708,0.6642823622171,0.5213028469323,0.6021563092959,0.1768249195879,0.5902365620842,0.6515861444859,0.8284471917038,1.0000000000000,0.6915448469534,0.8223036788560,0.4975154050068,-0.0062434611441,0.5685600414979,0.8753869517923,0.7057148932218,0.1181234759501,0.4722796648119,-0.2708524607958,-0.5062095353406,-0.4844374573702,0.7452111223790,0.5234239286126,0.5701378980113,0.0358706855027,0.1454453154247,0.6275437631244,0.4908767239788,0.3172599058696,0.4766374617367,0.0670171478463,-0.1137342057414,0.4205757789727,0.2161074839210,0.1696775788578,-0.3848058451883,0.0026036640382,0.1443499062949,0.4014275136185,-0.0698031897734,0.4774471998651,0.2141098579847,-0.0817301283077,0.4708128592809,0.2395479832639,0.2424019381894,0.5577825638897,0.4448399703877,0.0247884856199,0.6816645867361,0.6081742901397,0.0244947847699,0.6903258816913,0.4971727103180,0.5091346385152,0.2549454077438,0.5230294838740,0.3295230767356,0.7732331294285,0.4997425273096,0.7984392527415,0.4481117622243,0.3978484094152,0.7986028016040,0.8254279329240,0.3414025987241,0.1509075222668,0.5528656780770,-0.2984411288353,-0.5420993081106,0.8323759620494,0.2846996086052,0.3484366763839,-0.5427449585415,0.0611635977006,-0.2068436573352,-0.1518095957282,0.4978531969156,0.3979814532675,0.1431022316927,0.2155991996334,0.4592935709422,0.1154200550427,0.2532464662243,-0.3240541312334,-0.4369205442555,0.4843500785716,-0.3581968707371,-0.0723184955297,0.4593395030739,0.3588672222097
0.1045061518050,-0.2727531111485,0.0048136119384,0.5842082140290,0.0486398784108,0.3024143094542,0.7606501946230,-0.0181085279564,0.7479635521649,0.2666938623265,0.3327792967560,0.3189475566454,0.4018124361569,0.0661959965470,0.4524822895282,0.7497483586017,0.5523154330599,0.6915448469534,1.0000000000000,0.6599073286401,0.3338967931234,-0.1097496062102,0.2990887607208,0.7973931472797,0.6043666572551,0.1308702161034,0.2760742497378,-0.2999584724973,-0.3705692572736,-0.3195793667640,0.6217100938569,0.3385544957733,0.2858951338270,0.0486880242443,0.1105213783369,0.8466633925433,0.2565536419731,0.1182941856763,0.3192760678092,0.0064451062364,-0.1590160046327,0.3444077899797,0.1606135136381,0.1394682241502,-0.3406238178263,-0.1224230581050,-0.0475108799435,0.2724857756753,-0.1804639861657,0.3459669768828,0.0774742615831,-0.1514253373649,0.4486029279430,0.1382387593893,0.2385807964557,0.5911441282273,0.3322949257114,0.0775715225840,0.7661207250401,0.7388245566200,0.0734773145649,0.4066236918852,0.3889712857968,0.4206660311450,0.1506468370953,0.4111935962076,0.6674816030807,0.5789254976243,0.8314716971137,0.6628907171081,0.3544484426417,0.2627019783107,0.7165879324213,0.6230936634310,0.3801419097459,0.2493798474389,0.2720381833623,-0.3031800124127,-0.4255922356742,0.7036619584489,0.2528282421609,0.2490426165289,-0.3639939913768,0.2274903999947,-0.2034397385314,-0.1103835734516,0.2870028793892,0.4566658250552,0.1221434653557,-0.0354600516040,0.3005127424858,0.0415155122252,0.2048206415523,-0.3709354271809,-0.3041676360811,0.2785157687686,-0.3593778363262,0.0640283504639,0.3632045994352,0.3078792709668
0.2498020789618,-0.3108706402222,-0.0087394987308,0.5059573416745,0.0848222645995,0.3896352916488,0.5937894425514,0.2527604704806,0.7713809564820,0.1912000890955,0.5269071019884,0.3546152845613,0.6007609720808,0.0893109835930,0.4146040249679,0.6351343141193,0.6913750665552,0.8223036788560,0.6599073286401,1.0000000000000,0.4154673530928,-0.0557700749948,0.4352484808863,0.7486757005801,0.8140245151825,0.2383125969566,0.4671469233391,-0.0426180969669,-0.3871122138252,-0.3799878957930,0.5770999402559,0.4910776175853,0.5128972585805,-0.0482462884770,0.0743730378541,0.5400968699928,0.3307136788036,0.5927388425742,0.3367386665558,0.0211600681295,-0.0793352005455,0.2946577334679,0.2658286623666,0.2859404865782,-0.0625434587149,0.0090338084338,0.1631538429265,0.3452446165783,-0.0660665679678,0.3189792986848,0.1207313589941,-0.1747379838938,0.4042223617669,0.1944935325206,0.1785994850652,0.4836045582700,0.5404129410135,0.2611730480877,0.6613585300698,0.7192391161513,-0.1157148714955,0.5123137064231,0.3589635310593,0.4298880572051,0.1948749391513,0.2993348648647,0.3090574159804,0.6627487126463,0.4993087110700,0.8481301746654,0.2225757428926,0.1860726409761,0.7021666581086,0.8267114294366,0.2157691726101,0.1753761180259,0.4586029580290,-0.0697815619137,-0.3474577102160,0.6754480916424,0.1404478684353,0.2317879419924,-0.5368179710014,0.0209601058033,0.0224731159246,-0.2275132126620,0.3006569704256,0.2824845541562,-0.0504362703802,0.3237507222588,0.3080493056206,-0.0339671405903,0.2412363408625,-0.2325342975052,-0.3738129730373,0.3796179726491,-0.2434613120616,-0.1527790745326,0.3441363361540,0.1698003906974
0.0197677937854,-0.1587278754282,-0.1678314795277,0.2848322011493,-0.0670463891978,-0.0453778381693,0.1808072451305,-0.1876769503223,0.2089130026069,0.2841173738085,0.4760697289654,0.5320910258020,0.2104376324598,-0.0082183407439,0.3479413082269,0.3928743260931,0.5978409621492,0.4975154050068,0.3338967931234,0.4154673530928,1.0000000000000,0.1960747807061,0.5670585607378,0.4296668038084,0.3905580080355,0.5564078816412,0.5368916361865,0.1258796278474,0.0083708730444,0.0293279948692,0.5328832465279,0.6615462014063,0.5932520379311,0.2579503900650,0.2506534143447,0.3108553185374,0.4197741588009,0.3004955857405,0.2216217218884,0.1895380310821,0.1985961105268,0.3897289895901,0.6424878325714,0.3684534241216,0.1717484449767,0.4021528469126,0.3855411746939,-0.0151845121844,-0.0591866930193,0.5751148122592,-0.1087424816298,-0.3107670225638,-0.0967137371822,-0.1580450947808,-0.1663180401197,0.1046977163596,-0.1159143492183,-0.2758598020314,0.1426026649154,0.1230510668862,-0.1136446431058,0.4970775112743,0.2063642676979,-0.0386960747811,-0.2155371907523,0.0601824659354,-0.0524301481705,0.1649122372710,0.0282024842954,0.1573706174225,0.2210909157937,0.4462702698284,0.2667374367593,0.4098757262645,0.0595405210164,0.3675592417149,0.4019286198613,-0.1319306903835,-0.1269782261418,0.2963436187417,0.0607832461360,-0.1236639101432,-0.3245361379504,-0.0354963738054,-0.0625871726582,-0.1022012962922,0.3671710455704,0.1683873121765,0.1658252562397,0.1499383394144,0.0740510874824,0.0287865886920,0.2387231687772,0.0502079911535,-0.3762495122332,0.0755603249433,-0.2828704627229,-0.0723538067947,0.1994971444333,0.1599500676072
0.2586842411058,0.1498981537030,0.1272309948125,-0.0644697162692,0.2284602578386,0.0687444445324,-0.1054764696264,-0.0699452724551,-0.0574802071239,0.5632218811009,0.1616401077683,0.3653186068289,0.0827232007702,0.1352336747200,0.0365297323426,-0.1581588166840,0.0281072880230,-0.0062434611441,-0.1097496062102,-0.0557700749948,0.1960747807061,1.0000000000000,0.2353952876014,0.0850113191941,0.0363303765718,0.0056433372196,0.3205371726986,-0.0019283930824,-0.1451791529280,-0.0780658079777,-0.0276037718957,0.0868630170232,0.1369174492008,0.1084600333306,0.0580602238711,-0.1230063222162,0.2602886425723,-0.0436042252348,0.0654850084901,0.2438218861946,0.2663753532023,0.0927861824587,0.0540203140269,0.1022044398396,-0.0528434265138,0.4069041018453,0.3249522544694,0.1186818820476,0.4785291711909,0.2243103930161,0.2215820875662,0.1409757250562,-0.0939611044653,0.0769679640933,0.1026625881008,-0.1604969459578,-0.0860311954611,-0.0928105592058,-0.1101506141624,-0.0857173728372,0.5462650126668,0.2236004647845,0.2329429726948,0.0468425415490,0.0399656315511,-0.0473847852717,-0.2134829924692,-0.0190057593007,-0.1509388581545,-0.1202263118611,0.0496440447536,0.4878314442774,0.0867819401472,0.0473584763815,-0.1750900071040,-0.0959562898680,0.2375521472244,-0.0711700451571,-0.1697093062481,-0.1141344842523,0.2027139091997,0.1688843557768,0.1016367532467,-0.1618497560532,-0.0269098173159,0.0853873751379,0.2062578157123,-0.0009514882032,0.0714344547254,-0.0155737112996,0.0483702050974,0.2968485116503,0.0482593549259,0.2026569927760,0.1679251542833,0.1003927297570,0.1418957930256,0.3554423797229,0.2331495735828,0.1828196967912
0.2345947394067,-0.3227240738717,-0.1791336908749,0.3217290579740,-0.1350825387712,-0.0501841166226,0.1750380669497,-0.3714459170088,0.2479968679753,0.2204322764526,0.7533198335731,0.6963420182480,0.1416038909369,0.0013299177494,0.3250512721082,0.2563027338292,0.5008917644800,0.5685600414979,0.2990887607208,0.4352484808863,0.5670585607378,0.2353952876014,1.0000000000000,0.4954588479699,0.4368610985852,0.4984673574264,0.5730225346848,0.1188618641050,-0.2440868089530,-0.2051543688226,0.3791859749230,0.6597506051119,0.5187845276935,0.3716064100251,0.2330107357046,0.3567841105601,0.5057310953212,0.1879687980375,0.3538305910122,0.4488333978746,0.2167819382674,0.5822039185029,0.3275101937238,0.3406654099870,-0.1814944985044,0.4551512204254,0.4450763765455,0.1478714585532,-0.1996106818351,0.4633134059648,-0.1044159280779,-0.2943970524560,0.0250344914996,-0.1946688170517,-0.2955314994355,0.1444514506398,-0.0510304729308,-0.4106147515894,0.2203623017922,0.1375383543715,-0.1132471463121,0.6805726924516,0.4543382975217,-0.0088069114357,-0.1252880826380,0.1847855555765,-0.0853532531008,0.2160748106428,0.0904699145786,0.3055066180859,0.3640359550913,0.6841005797708,0.4015584211156,0.5968994653614,0.1711822360444,0.3488325541068,0.7484431641245,0.0773371102014,-0.2779304515711,0.3785570100158,0.3183729102241,0.0535947550265,-0.5491913313975,-0.0289576752914,-0.1712802760777,0.2203997060333,0.5284499368826,0.2145953162194,0.2753744555826,0.1687852663416,0.2671441318624,0.4546504372994,0.3971979952425,0.0264580526132,-0.3514712294707,0.2911268343881,-0.4458898149266,-0.2780306947553,0.2903518327591,0.1658902261776
0.3421164014695,-0.2203817574986,0.0711438913629,0.5982799301981,0.1745748604271,0.3830399783486,0.7644495458698,-0.1247417396292,0.7166229881552,0.4284584824239,0.5296748099126,0.5161635130951,0.5368960305873,0.0702237238706,0.5333737831589,0.6405740825373,0.6702679728585,0.8753869517923,0.7973931472797,0.7486757005801,0.4296668038084,0.0850113191941,0.4954588479699,1.0000000000000,0.7457123120438,0.1267528701625,0.5190402006342,-0.3585582963199,-0.5505853473922,-0.5559292728160,0.7469681946699,0.4382515067171,0.4627407221723,0.0779953403138,0.2415212333092,0.7754706222196,0.5930389464539,0.2355644347246,0.5724861611981,0.1627303512869,-0.1473621934994,0.3839683830775,0.1941765854455,0.2915088305899,-0.4790553389265,0.0042026793589,0.1114522780314,0.4184311823940,-0.1051933364922,0.4962323011534,0.2198999816677,-0.0804340900478,0.4852695766857,0.2218517868085,0.2660437273470,0.5089830598650,0.4667903501204,-0.0260861817271,0.7774714477966,0.6748637369789,0.2129685216142,0.6187837395770,0.5243714210806,0.5086937379870,0.1906123146394,0.5625053101812,0.4621487009508,0.6859377572151,0.6363905182270,0.7735687768877,0.5068302470619,0.4634921812794,0.9336672687855,0.8236451963332,0.4250874231598,0.1844481365281,0.5265387431686,-0.3384067911142,-0.6147832166555,0.8031193934489,0.3872881346312,0.4348997413195,-0.4971344190341,0.1722444721844,-0.1822093375845,-0.0431991621637,0.5975792334236,0.5254451645029,0.2861065711225,0.1422814272105,0.5470064138460,0.2191326920702,0.3586279603507,-0.3551919313054,-0.3228194715380,0.4673248686179,-0.4292430866254,0.0245539603144,0.4700677651362,0.4762685549168
