1.0000000000000,0.5844107512898,0.6251560896033,0.5030203150245,0.7360722945556,0.4732092709594,0.3978176086487,0.1441910906532,0.1036891894888,0.0353551139935,0.0938719797863,0.0548853837572,-0.0182269964083,0.5953286061508,0.0808140018552,0.1383418910934,0.0526779394876,0.2766724132442,0.1761704093172,0.0345825249618,-0.0218842199861,0.0048787094363,0.0635606105075,0.0260391770597,-0.0588854023877,-0.1675589001645,0.0229855405520,0.0233630822970,-0.0078523506079,0.2620437129339,-0.0918416066796,-0.2261777876913,-0.1314167065103,-0.3095420026394,-0.0990417113226,0.1430783371677,-0.1198261499284,-0.1225448015428,0.1033293209448,-0.2452985240197,0.2489181987051,0.1162634559238,-0.2014972279875,-0.2832426747882,-0.3041152484857,0.1902419458084,-0.1705489515094,0.3283125005515,0.3193210596201,0.0108896959029,0.7964636963339,0.5601358657545,0.5541492852074,0.5011542788090,0.3456798729202,0.3097036107434,-0.1168440512566,0.0991314533066,0.2335799367156,0.1069870231203,0.1936337528625,0.2801453094977,0.2475761643360,0.0560244723824,0.4926248199021,-0.3011331192345,0.2578749119947,0.0858773439397,0.1324698694654,0.0368476112741,-0.0519994161305,0.0595404503816,0.0552970225307,0.0501076227969,-0.1224026763760,-0.4025848858076,-0.0188346953223,0.1948433258852,-0.0468375625684,0.1425008485458,-0.3749037837547,-0.2178244033419,0.2249840573549,-0.1945215676278,-0.3966205276570,-0.2752708956280,-0.1525115484419,0.2438449173996,-0.3377056279501,-0.2539829982276,-0.1535570095599,-0.1585273017848,-0.2298673006761,0.1508156940633,-0.1103542583853,0.2648898343143,0.3747743909380,0.2513234990974,0.1965101419937,-0.2603487279057
0.5844107512898,1.0000000000000,0.4542881938687,0.5643230800549,0.4751019403377,0.3265946204784,0.3776312491899,0.0364119236789,-0.0757267530415,0.2132184046092,0.0937297560651,0.0925394875741,-0.0149595564606,0.5362992453046,0.4110073963713,0.2068675761316,-0.0278453985899,0.1417965218855,0.0953757187666,-0.0725189977345,-0.0851063463490,0.1218198970417,0.0907588432005,-0.0276059488202,-0.1180785930020,-0.1360025547008,-0.0865508425948,0.2269805325865,0.2643514114409,0.4079562140476,0.0020269717714,-0.1747510846195,-0.1945581598110,-0.0596261218064,0.1102742276284,0.0900592368431,-0.0569837423730,-0.1050702650850,0.0634640554668,0.0205298034576,0.4598723571030,0.2914666403868,-0.1600549280858,-0.1821911172438,-0.2018724406449,0.1232524439799,-0.0213622861563,0.1791222482326,0.3578901990582,0.2151518312685,0.4173471463450,0.8235626875869,0.5403839210487,0.4030141641261,0.2947175380028,0.3070986801734,-0.0757777509478,0.0606884307060,0.0806522225282,-0.0505229626118,0.2329759738224,0.1547646817271,0.1953552388985,0.0233622009372,0.5006163329484,-0.0426454901190,0.1808747509228,-0.0146793119066,0.1004592512180,-0.1405327253683,-0.1211631883187,0.0533625269129,-0.0280732362385,-0.0615246035023,-0.1072401049839,-0.2235079040710,-0.2187635788789,0.2819168024084,0.2488964325365,0.0796147283772,-0.3082652277431,-0.2796022314476,0.2272417059344,-0.1564301993389,-0.2154341869104,-0.0594934601299,-0.0533247284729,0.1117013854308,-0.2232081079073,-0.2452465058160,-0.1051719607065,-0.0060534028378,-0.1954667043754,0.1006040175628,-0.0898194085648,0.1435984750760,0.3663692063594,0.2261199424798,0.1796275506824,-0.2134818372008
0.6251560896033,0.4542881938687,1.0000000000000,0.6621268604572,0.7069852506835,0.8361201881959,0.7679909787840,0.5762739403105,0.4407808497393,0.0888101937407,-0.0765607777922,-0.1090387220136,0.3992632289642,0.1098863204248,0.1812272898925,0.1406394560834,0.3447536102446,0.3985143858048,0.3748273189662,0.1814472874953,-0.1135435211166,-0.1258155585618,-0.2462865423759,-0.0600716017164,0.1374545119749,-0.3293497582632,-0.0705958506457,-0.1263100172479,-0.3643527117521,-0.1247707463873,-0.0582971320366,-0.2900843270871,-0.1408271726825,-0.4018669771140,-0.1980501970825,0.2384191661991,-0.1859004787206,-0.1296195944124,0.2541638417970,-0.2665295247551,-0.0747411749074,0.1695364909703,-0.2577568874916,-0.3396752668381,-0.3358720794829,-0.0587948685361,-0.3109599779766,0.4636145753362,-0.0324252003968,0.0444608322125,0.6411405317644,0.5722677266740,0.6761126427923,0.9023335075844,0.7297544170625,0.5809091205683,0.3419773403267,0.5036222225753,0.5969638427434,0.4795188578448,0.3913387594982,0.1117933636002,0.3705802268638,0.4973218252156,0.4661277137163,-0.1847465984145,0.3216297069416,0.3913427017610,0.3177015615116,0.2224615876494,0.1077471461824,-0.2123244004779,0.1123956254803,0.0463584557110,0.0494844941196,-0.5758746817148,-0.1100854361758,-0.0049958755797,-0.4349959099605,0.2881095624322,-0.5277221165998,-0.1195725520095,-0.0661879873162,-0.1939089053253,-0.4410547668565,-0.4130370467554,-0.3060006268579,0.1102734063313,-0.4425224683585,-0.2814529456036,-0.0591714414945,-0.2255049329148,-0.3139820753541,-0.1009822569162,-0.2835159261914,0.4087939345405,-0.0036621009492,0.1554732200332,0.1883251661124,-0.2849894599772
0.5030203150245,0.5643230800549,0.6621268604572,1.0000000000000,0.5545781369469,0.5953627324605,0.7928302339384,0.3210024917373,0.2838115753928,0.2348641405306,-0.0054449907944,0.0448716637220,0.2686544941574,0.1958114130401,0.5312268546874,0.5571785638145,0.2907157552139,0.2675414473031,0.4568676199708,0.1847506993275,0.0404734845992,0.0151891236200,-0.0839205435078,0.1448420363628,-0.0637421007861,-0.3428391186781,-0.0419678906414,0.0751195380222,-0.1846803249904,-0.0496447489525,0.1828513914400,-0.2634043234089,-0.0599292070775,-0.0862325668602,0.0090446595574,0.4917575670683,-0.0503066904192,-0.2168644713963,0.1932866563562,-0.0582417053520,0.1051425341303,0.2538792864615,-0.0292646584176,-0.3125197898588,-0.3533509779392,-0.0381416587354,-0.1876958265176,0.4103154651365,0.1560070864357,0.3086108003524,0.3921780186828,0.6093285105490,0.8768873587179,0.6716213846898,0.6016652980958,0.7847274073670,0.1383877286407,0.1580444985467,0.2767079501651,0.2029565176152,0.3309534182382,0.0743484656135,0.3460548095946,0.3287607565708,0.3851386537475,0.0770756944302,0.5410049148478,0.2571435285721,0.3936283912254,0.2193915301533,0.0469336546798,-0.0683163272237,0.0560651093748,-0.1435915714358,0.0429288813894,-0.3847543340139,-0.1282244320615,0.1594306713504,-0.2238048697412,0.2928026710671,-0.3148815261613,-0.1165403195377,-0.1058349647833,-0.1113226033022,-0.3873112953884,-0.0747853499092,-0.1168261251158,0.2583636552283,-0.2373058962701,-0.2583801958495,0.1000797301635,0.0153842631833,-0.1941046067539,-0.0598547522691,-0.1751550483730,0.3523470591612,0.1188950375718,0.1151319570433,0.0703462858890,-0.1559950658203
0.7360722945556,0.4751019403377,0.7069852506835,0.5545781369469,1.0000000000000,0.7754048278360,0.5245860556053,0.3881242373235,0.3132085009475,0.1462815441703,0.0997343888733,0.0253845685105,0.2621441358895,0.2930996668146,0.1742755977219,0.0841225518973,0.2741082949274,0.3183837539379,0.3214354215964,0.0796871218770,-0.0881392710855,0.0365582756925,-0.1077122337271,0.0558849877474,0.0318565256764,-0.3314584889360,-0.0403645869048,-0.1464634899391,-0.1143830303881,-0.0699184961213,-0.1436811562314,-0.3493537272483,-0.1758895224651,-0.2490797145358,-0.2889512419303,0.2075478001592,-0.1893058654480,-0.1982127915408,0.0629014668304,-0.2125679890090,0.2137513228349,0.2072783576624,-0.3856171747794,-0.3002284821876,-0.3982183144613,-0.0029740228660,-0.2723074915645,0.4344586423841,0.3441062375275,0.0328839052914,0.7431089226650,0.4974576453335,0.5227456287663,0.7537344132994,0.7310315574852,0.5213955477916,0.2143520905902,0.2335875520379,0.3799462401081,0.2819334439754,0.4634508726378,0.1790688199425,0.3968759496298,0.3560122051976,0.4459417649572,-0.3762328771505,0.2345380822070,0.3164519692872,0.3027183263158,0.1022698619810,0.0113950170760,-0.0994062045504,0.0708033972936,0.0078400170664,-0.1281037317249,-0.4469801346349,-0.1431142864229,0.0558960256278,-0.2239101565177,0.2077463639373,-0.4563281021654,-0.1533443911429,-0.0027240691890,-0.4035486284429,-0.4980692108450,-0.3556433774891,-0.2708470371893,0.0708612259484,-0.5254372566938,-0.3403115614501,-0.0838237692823,-0.1066005121696,-0.2763997126279,-0.0093723918737,-0.2172792396521,0.3502331447234,0.3724785816274,0.3775489703377,0.2209770947471,-0.3523939933229
0.4732092709594,0.3265946204784,0.8361201881959,0.5953627324605,0.7754048278360,1.0000000000000,0.7111658623175,0.6024544056260,0.5356559471287,0.2898545235611,0.1212909282278,0.0083187895258,0.4406941902997,0.0725631903145,0.3326826769564,0.0802190482364,0.4011660648484,0.4264556004063,0.4565127512377,0.2370556308443,-0.1095966471842,0.0536443082891,-0.1646575848770,0.0541483034567,0.1878827883339,-0.3417282307592,0.0252087045750,-0.1168421258163,-0.3474121165597,-0.2329283213830,-0.0867692249163,-0.2754200910164,-0.1164545531556,-0.3238450719008,-0.2112426615819,0.2884601365022,-0.0730458412404,-0.0906259237254,0.2607681276580,-0.1461920896324,0.0111416098592,0.3259318332653,-0.3068424108510,-0.2627202738326,-0.3096774118621,-0.0435558253626,-0.2269892276119,0.5921055508476,0.0575598471333,0.2013908384739,0.5687881959090,0.4337462012668,0.5564723056406,0.8836781292151,0.8939415383189,0.5555626256015,0.4355047408169,0.4949454108255,0.6195005677854,0.5471642354351,0.5486240247549,0.2203782272502,0.4407241953655,0.5117996515233,0.4836253921739,-0.1574303467902,0.2379991206528,0.5113881403382,0.4686621790363,0.2514598967309,0.1411717909771,-0.1215698389759,0.1986344344797,0.1219285392790,-0.0342807674912,-0.5801284459477,-0.0641510548078,-0.0094528525357,-0.4533938928138,0.3037147616891,-0.5012622046038,-0.0742700606569,-0.1571806134283,-0.3378854129897,-0.4535086934746,-0.4116111041070,-0.2153721012555,0.1153461124424,-0.4951801130464,-0.2682779378431,0.0433032911952,-0.0922615654522,-0.2751432937749,-0.0927301735484,-0.2167376413554,0.5340071521924,-0.0030978833684,0.2754364690146,0.3007611379885,-0.2521978817874
0.3978176086487,0.3776312491899,0.7679909787840,0.7928302339384,0.5245860556053,0.7111658623175,1.0000000000000,0.4659419749593,0.4176497131605,0.1276097507761,-0.0651229756567,-0.0543588070104,0.3828257269491,-0.0381658927265,0.3316289842025,0.3929182452898,0.3545893326757,0.3485897915338,0.4174564568463,0.1562941375987,-0.0590965755563,-0.1893721208451,-0.2324940106225,0.0666687913745,0.1221409454024,-0.3237791224280,-0.0337252343127,-0.0882460705769,-0.3947868617469,-0.1668198241760,0.1008002104159,-0.2239090958335,-0.1537867129606,-0.2169047772334,0.0815713690639,0.4258170836276,-0.1189151871559,-0.1515003737589,0.4446694666271,-0.1423752264526,-0.1306481322419,0.1867057989847,-0.0633950656462,-0.3253604513410,-0.3113641902644,-0.1803812848409,-0.3094675406741,0.4853427456300,-0.0426946581358,0.1310778441265,0.4156882974151,0.4998621622120,0.7187881277555,0.7781355558964,0.6992303611028,0.7593332779537,0.3233779308379,0.4442150190922,0.5168499559332,0.4161661502795,0.3047782948948,0.0325913938699,0.3652516396249,0.4694747878067,0.3312162626098,0.0216636071424,0.4648868214804,0.3545796853935,0.3412076789937,0.1936619539377,0.1872771870140,-0.2470305553937,0.1558124623980,-0.0032572161111,0.1433496922901,-0.4979665847424,-0.1064331732311,-0.0584063138656,-0.3831788156252,0.3119585317889,-0.4460166342837,-0.1035578645935,-0.1841570800427,-0.0508787592232,-0.4034075213095,-0.2842483824470,-0.2185936763111,0.2987936957989,-0.2838591728732,-0.2513728030418,0.1321573173379,-0.1330912267788,-0.2681615532796,-0.2015201533332,-0.3335708531224,0.4715626542130,-0.0217702714136,-0.0106022425530,0.0531798742064,-0.1497943419406
0.1441910906532,0.0364119236789,0.5762739403105,0.3210024917373,0.3881242373235,0.6024544056260,0.4659419749593,1.0000000000000,0.8222754945937,0.0505003081682,-0.0081916539066,-0.0045207327279,0.7292491613025,-0.2278450690377,-0.0389302758408,0.0922649331456,0.6725248557857,0.6181449506175,0.6676717586602,0.6428467851769,0.1274682129008,-0.0413842041480,-0.1667326745493,0.1168952227803,0.3607563096806,-0.1652083749911,0.1910110505467,-0.2119697210358,-0.4530164483146,-0.3563337966720,0.1043572514932,-0.0980681619996,0.1329871206849,-0.2953565251648,-0.3341003050480,0.3117594529208,-0.0360190116431,0.1485365039890,0.1240264469733,-0.1548181576577,-0.2016020536288,0.1036986867135,-0.1685990452777,-0.1503057774460,0.0164177927153,-0.1270331270957,-0.2916768474009,0.2375362083596,-0.1199383536846,-0.0678387221045,0.2784849001245,0.1164886266106,0.2653471855448,0.5720896327343,0.5338102142444,0.3455355832245,0.6794916170220,0.7016663140018,0.7994202662074,0.8178644713290,0.2756469699300,-0.0061138315012,0.3036162517331,0.6377960814955,0.1166416902229,-0.2877490043563,0.2840423025367,0.6321743802970,0.5776997792072,0.6185295667996,0.2694258144929,-0.2482203486417,0.3921100423109,0.3051693400494,0.2296995085357,-0.4501706932573,0.1852506905943,-0.1341439923803,-0.5256656722131,0.4552195294640,-0.4571108461578,0.1635998106735,-0.3678040547235,-0.1732583318200,-0.2070003369801,-0.4124071186094,-0.2747208056838,-0.0281884652545,-0.3672944100187,0.0214818119244,-0.0004957011013,-0.1236384969454,-0.1867607516375,-0.1908008824019,-0.3570068143020,0.2101763774266,-0.1225142233533,0.0591234063367,-0.0287824463166,-0.3014639310517
0.1036891894888,-0.0757267530415,0.4407808497393,0.2838115753928,0.3132085009475,0.5356559471287,0.4176497131605,0.8222754945937,1.0000000000000,0.0750768254342,0.1411944622309,0.1007352688719,0.6876399891383,-0.2350176056161,-0.0256987181025,0.2203432561824,0.6280070140020,0.5560163035119,0.7722581394056,0.6854574177067,0.1801008552202,-0.0187802458210,-0.0296124106409,0.3263336540179,0.4624582172370,-0.1089119547640,0.3840383188315,-0.1945027394839,-0.3734475437904,-0.3428999111799,0.2140353750899,-0.0230062982339,0.2540255578260,-0.1892697729821,-0.1674300046778,0.5107640935932,0.1180997447342,0.1101546631745,0.1837493389171,-0.0755036429706,-0.2049326050109,0.1167466589772,-0.0499095282675,-0.1072328649289,0.0048816154431,-0.1105452137403,-0.2016497411789,0.2592985907834,-0.1578800314176,0.0151722800431,0.1969837071117,-0.0008431765330,0.2365507962750,0.4857173598604,0.4963219048180,0.3853117202986,0.6822375230084,0.5120540980746,0.6869872939233,0.8884033043819,0.2494657761549,0.1584009344672,0.3221180834032,0.5641831130122,0.0003428271737,-0.2442698721048,0.4058628828941,0.6471033191279,0.7259653838758,0.6717707040241,0.3099430474117,-0.1037019682747,0.4833631884788,0.3685494837084,0.2071762207796,-0.2830605089677,0.3600682015128,-0.0966135466940,-0.4689857929439,0.4553176546262,-0.2758117117920,0.2785739569522,-0.4516365719267,-0.0824091203593,-0.1238696606814,-0.3250402719901,-0.1125676280784,0.2033539509365,-0.2868513885852,0.1082213156753,0.0818068545217,-0.0800571138919,-0.0587881473598,-0.1579559906615,-0.2442940224227,0.2228746463796,-0.1397307387183,0.0019442682600,-0.0520213781588,-0.1759054252181
0.0353551139935,0.2132184046092,0.0888101937407,0.2348641405306,0.1462815441703,0.2898545235611,0.1276097507761,0.0505003081682,0.0750768254342,1.0000000000000,0.4518460452570,0.5121963614193,0.1306276777047,0.2809318081121,0.5861212066627,0.0149921560189,0.0459547095994,0.0397632368223,0.0659082753218,0.0524303492225,0.1536281493588,0.7245890165541,0.3417686274391,0.1471373969319,0.0729197682609,-0.0201798315610,0.2334940559966,0.2319396163426,0.1108495769835,0.0731054533036,-0.0177407083757,0.1278405419036,0.1953122608071,0.1691779696974,0.0812845585361,0.0392812279915,0.3537469293973,-0.0402797461532,0.0130259945689,0.2739956005265,0.3227193441373,0.6009277743404,0.0121944570569,0.0246250679307,0.0168202632706,0.3512404688146,0.3021841819387,0.1919331826309,0.0899997851313,0.6121219749348,-0.0447446790833,0.1760363026173,0.0994742169345,0.1940110366651,0.3530923841099,0.0583765568867,0.1209059974401,0.0071990089217,0.0346672710505,0.0713464591780,0.6426964861151,0.3570293633178,0.3133964190075,0.0378631499996,0.2358624762580,0.1555597021739,-0.1239562628855,0.0293285198727,0.1378981162740,-0.0644308535889,0.0963744425588,0.5162944406528,0.1701919930815,0.1489947310018,-0.2079345273084,-0.1513317574266,0.0646013351040,0.1412513844346,0.0302946677326,0.0008826065277,0.0383848391484,0.1031499766104,-0.0366887453489,-0.2298048555517,-0.0975655384958,0.0978959501418,0.3200839409235,0.0534373726222,-0.1139726043220,-0.1209094768198,0.0976765870803,0.2893773501793,-0.0098587125524,0.1784761557527,0.1796020286038,0.2049621343870,-0.0279999121473,0.3574080541985,0.4628364414086,0.0937289047102
0.0938719797863,0.0937297560651,-0.0765607777922,-0.0054449907944,0.0997343888733,0.1212909282278,-0.0651229756567,-0.0081916539066,0.1411944622309,0.4518460452570,1.0000000000000,0.7658300304215,0.1744549684196,0.2607864010463,0.3080710627116,0.0535666767407,0.2350150547063,0.2768932087778,0.1734454375542,0.2382165241957,0.5001996144596,0.4040476148513,0.7704607447387,0.5405027656326,0.0593057438529,0.2832712318338,0.5391184286799,0.2087699966447,0.1862794312789,0.0533549302216,0.2425039868841,0.4480538030160,0.4323450424778,0.2451309363832,0.2445299379066,0.0988004638711,0.5278990796227,0.2956632633219,0.2161520044033,0.4729643432834,0.3450700588267,0.5587482005934,0.1830427883932,0.1741871091945,0.3251724974559,0.2001697044712,0.3829083037654,0.2651742206703,0.3022597733810,0.3578229451764,0.0760594900367,-0.0240350278982,-0.0441382875070,-0.0579580646382,0.0561582637537,-0.1513679735771,-0.0097317570330,-0.1344029261547,-0.0165492729292,0.0568415994375,0.1838391454397,0.6474341206225,0.2923620471492,-0.0550209189619,0.0610146358475,0.0235111548607,0.0023496214513,0.3067355164931,0.3190430219707,0.0775657477235,0.2328374438128,0.5317341448955,0.4829014652269,0.2838406901182,-0.0659030701620,0.0315866784556,0.4112837790012,0.1405560405745,0.2037487506260,0.2938950727755,0.2220787974612,0.2613680759587,-0.0775614701890,-0.0887156413186,0.1263784368781,0.2265192391524,0.5038496145517,0.2289698784313,0.1089142848156,0.1804450720040,0.3006712985461,0.3358912157180,0.0437033114544,0.1173797903529,0.1913489776252,0.2366963247701,0.1840001902611,0.0884546237818,0.2840925497260,0.1856463445442
0.0548853837572,0.0925394875741,-0.1090387220136,0.0448716637220,0.0253845685105,0.0083187895258,-0.0543588070104,-0.0045207327279,0.1007352688719,0.5121963614193,0.7658300304215,1.0000000000000,0.3002086206756,0.2330024891461,0.3113283896344,0.1012801875121,0.3005495396850,0.2466150881393,0.1181903893383,0.1365687737855,0.5768735576294,0.3949334268427,0.7969997359240,0.4567989412549,0.0043953196317,0.2632986351446,0.4096971271079,0.1992218056658,0.1705156727799,0.0744946516750,0.2267412290990,0.4836504202080,0.4478555422036,0.3790205676365,0.2033886766454,0.0888763498239,0.3825874534259,0.1545223130430,0.1092061984585,0.4056491099194,0.3478856043622,0.5561244366343,0.1373550696051,0.1116746040857,0.2010960422185,0.2263940130899,0.4205070571537,0.1858386465135,0.2520976457245,0.3728499181619,-0.0397089116106,-0.0220418634351,-0.0452187621813,-0.0837759213024,0.0020256963233,-0.1051872694648,0.0150320322563,-0.1609920280040,-0.0806500003998,-0.0070067281091,0.1685262910766,0.5049632185830,0.4529786005702,0.0738884510460,-0.0216251832080,-0.0314814585027,0.0328570143606,0.2112507516105,0.1828938653051,-0.0037136080015,0.3242493281813,0.5738545671923,0.3897645368291,0.1997908846509,-0.1377822555481,0.0891053639853,0.3010768472031,0.1546603093712,0.2290503392726,0.2510570412699,0.2784994192345,0.3210480872170,-0.1098761069144,-0.1689181948770,0.0472903472629,0.2771036813305,0.3717324877760,0.1854832084363,0.0454955160060,0.0887254844455,0.2387214847079,0.4014747906353,0.1044414517993,0.1373728351005,0.1999425435134,0.1758818592371,0.1874341884090,0.0468194616865,0.1896332749795,0.0894976198141
-0.0182269964083,-0.0149595564606,0.3992632289642,0.2686544941574,0.2621441358895,0.4406941902997,0.3828257269491,0.7292491613025,0.6876399891383,0.1306276777047,0.1744549684196,0.3002086206756,1.0000000000000,-0.3049973869640,0.1084577226679,0.1936320903563,0.8376287095064,0.5387153261406,0.4974525271958,0.5030526440692,0.2597628846875,-0.0325631142563,0.0405617458410,0.3316841910472,0.3031795131892,-0.1403067162348,0.2328797957506,-0.2468806523747,-0.3357108277850,-0.3762947130716,0.3029183118080,0.1283567738731,0.3555227804674,-0.0152128322053,-0.1780150722407,0.2794742900062,0.0746687890501,0.0709422260558,0.1411236214549,-0.0010866906428,-0.1135415772590,0.2041146498538,-0.0798076322373,-0.1058208096607,0.0613718660882,-0.1690563861824,-0.0589219188577,0.2363436816424,-0.0836404964684,0.0349243155483,0.0634281162997,0.0448621652610,0.1682824843727,0.4629086346918,0.4391667323811,0.3860728544904,0.6896844165792,0.4428361470452,0.5014804851484,0.5777145482110,0.2536747832880,0.0468728582639,0.5284169661329,0.8295117495517,-0.1310215194041,-0.2135434978417,0.3116803449959,0.7354211369512,0.4937677916782,0.4901381548707,0.3816815071312,-0.0900109675816,0.4074218254711,0.2123726286598,0.1972963885419,-0.1901659905053,0.2322665463659,-0.1416037618893,-0.3915240079982,0.5406829988207,-0.1223011902597,0.4090003191860,-0.4785279148900,-0.1453152119602,-0.0362316946358,-0.1693412921612,-0.1017332864958,0.0247297133242,-0.2633386850653,0.0660686311547,0.2387474897600,0.0869368959890,-0.0555536520323,-0.1631408657998,-0.1852585327023,0.1828000188130,-0.0467623594147,-0.0610755320017,-0.1183245165745,-0.2619706036327
0.5953286061508,0.5362992453046,0.1098863204248,0.1958114130401,0.2930996668146,0.0725631903145,-0.0381658927265,-0.2278450690377,-0.2350176056161,0.2809318081121,0.2607864010463,0.2330024891461,-0.3049973869640,1.0000000000000,0.2969885568131,0.1102735780667,-0.2283840167735,0.0226043680234,-0.1201906768349,-0.1175252541738,0.1144312716854,0.2917665967294,0.3638208046529,0.0694317264283,-0.2030099719267,0.0791099261682,0.0794387320598,0.4197172333001,0.3736303111856,0.6848289687996,0.0134974854464,0.0645395298406,0.0647586863327,-0.0432045654376,0.1789005760612,-0.0223019918410,0.1291991993719,-0.1177655530107,-0.0076189061788,0.0051957535040,0.5306737659682,0.2899631041587,0.0636891547670,-0.1187838301544,-0.0799940815158,0.4904500529032,0.3131788610801,0.1606212005892,0.4496198271773,0.3458533523098,0.3555070385460,0.4138368244445,0.2064161322370,0.0283537107407,-0.0422064012415,-0.0845077563102,-0.3443555278991,-0.2123058939267,-0.1090579138721,-0.2144074024416,0.1122358623182,0.3779367698865,0.1020084151609,-0.3042430092637,0.4552176419828,-0.0476200190191,0.0082221204065,-0.1638153361893,-0.0744490544811,-0.2106217905721,-0.1440088118386,0.4121018660216,-0.0384262163893,0.0371685890797,-0.2344914428812,-0.1200699664492,-0.0108706024903,0.4600499488827,0.3541001002270,0.0103726941647,-0.0128581237050,-0.0984252980827,0.4419313027578,-0.0908671349834,-0.1530144148613,0.0571209535749,0.1924410763598,0.1612143586669,-0.0461777237082,-0.2078256824097,-0.0739883845623,0.0778506453628,-0.1004172469195,0.4462365264050,0.2426298548201,0.1140233124925,0.4178748031364,0.3683986971650,0.3238341117996,0.0112739064667
0.0808140018552,0.4110073963713,0.1812272898925,0.5312268546874,0.1742755977219,0.3326826769564,0.3316289842025,-0.0389302758408,-0.0256987181025,0.5861212066627,0.3080710627116,0.3113283896344,0.1084577226679,0.2969885568131,1.0000000000000,0.3252967587332,0.1359062712335,0.0268065465317,0.1040504468121,0.0045660522118,0.0773621257447,0.3324534638703,0.2371308163544,0.2268852084148,-0.1114537836822,-0.0839217239530,0.0871402436944,0.2928327801645,0.0837844881229,0.1587869506148,0.2351473730059,0.1084055553365,0.1116226421201,0.2169196133856,0.3212837073397,0.1984898160796,0.2972798043708,-0.0480067338934,0.2697831248925,0.3643239799516,0.4124651721620,0.6388707307213,0.2471315637155,0.0025620822503,0.0425195178632,0.1814583503781,0.3246728154734,0.3595978136214,0.2131929063777,0.7566771723621,0.0174037790045,0.3851913250157,0.4149022863614,0.2737384532179,0.3389778734842,0.3239272447147,-0.0511859324188,-0.1627857386634,-0.0879197452836,-0.0950424760297,0.3078703358283,0.2029032400240,0.2327734564607,0.0103264055077,0.3531711146994,0.5000351251996,0.0957782882912,0.1196051876345,0.2111332121511,-0.1161407499041,-0.0778520720702,0.2535655335879,0.0058916253856,-0.1037061329053,-0.2018994895743,-0.1665698599854,-0.0314531098311,0.2394620081061,0.0317741757553,0.1219210013201,0.0150946217161,-0.0327625262269,0.0756665141143,-0.0133416210292,-0.0745876783175,0.2388864050186,0.3220775815701,0.1879670171772,0.0881338019744,-0.1164649496841,0.3831128826122,0.3428259661833,-0.0096035950556,0.0946102940993,0.1611047936506,0.2951640558559,0.0746833886596,0.1717990791496,0.3681987028423,0.0851718228926
0.1383418910934,0.2068675761316,0.1406394560834,0.5571785638145,0.0841225518973,0.0802190482364,0.3929182452898,0.0922649331456,0.2203432561824,0.0149921560189,0.0535666767407,0.1012801875121,0.1936320903563,0.1102735780667,0.3252967587332,1.0000000000000,0.3533822603195,0.1544171612182,0.4909037374431,0.3018617830265,0.4237862484129,-0.0296657532682,0.1390970018173,0.4357267366819,-0.0457155748632,0.0947591735765,0.2027082760184,0.1730564962247,0.0199646035438,0.0761378632977,0.7151492137369,0.1674603750101,0.3391546906137,0.2565725432623,0.4503522501773,0.7627266222067,0.1892256121602,-0.0151936246698,0.1866652426271,0.1308361572930,0.0569797188205,0.0381395714469,0.5387224413799,-0.0475188708994,0.0255377027943,0.0227973207685,0.1066782366730,0.1722862404403,0.1917871212752,0.2514676432067,-0.0274594910634,0.2167655853032,0.5137684588657,0.1574894572720,0.0835526042344,0.5043419938517,-0.0295563824234,-0.1771544533650,-0.0072794590339,0.0811880372436,-0.0842706320304,-0.0207340129231,0.0944982835689,0.0685336040710,-0.0670835645747,0.2224154869802,0.7857978771137,0.1839849280565,0.3873840276088,0.2724500851480,0.1331846263104,0.0148173773811,0.0959061109985,-0.0858160941531,0.1988036539290,0.1050977097900,0.1759854974997,0.1663422695857,0.0152226694951,0.4009177004156,0.1175516662592,0.1518139893198,-0.1863334641393,0.3277725347666,-0.0525881614807,0.2460050985223,0.1743439746809,0.5102303356307,0.2049696266220,0.1238321094824,0.2869673392332,0.0873762116442,0.0784992534769,0.0248646155059,-0.0420520238334,0.1070430919092,0.1546585924823,-0.1418067478209,-0.2965413319092,0.0349575942298
0.0526779394876,-0.0278453985899,0.3447536102446,0.2907157552139,0.2741082949274,0.4011660648484,0.3545893326757,0.6725248557857,0.6280070140020,0.0459547095994,0.2350150547063,0.3005495396850,0.8376287095064,-0.2283840167735,0.1359062712335,0.3533822603195,1.0000000000000,0.6964977165710,0.5809662785313,0.5805072659413,0.4602605231816,-0.0169119920310,0.1237789231141,0.5430888536728,0.2075363152266,-0.0313539149484,0.3397616638687,-0.2123193115114,-0.2749280947670,-0.3445957305188,0.5499889037092,0.2201420442992,0.5013608354883,-0.0293276297490,-0.0755547727710,0.4282369159894,0.1966345405047,0.1833984905534,0.2067506348275,-0.0171820604210,-0.0598804513614,0.1555007733274,0.0470656204457,-0.0841921547209,0.1603609132867,-0.1604086522391,-0.0479435780310,0.2613642823798,0.0647040205477,0.0777956226927,0.1577657265014,0.0012699447672,0.2424606379033,0.3997392133793,0.3509064133007,0.3737179920351,0.4715754474316,0.3507835762484,0.5085463125207,0.5196701275111,0.1383701506418,0.0911108620091,0.4221420448473,0.6440386598730,-0.0845414488042,-0.1781041421772,0.4515347484172,0.8025408890499,0.5608038863206,0.5410506548798,0.5019173212244,-0.0345233639281,0.4992288127581,0.2379954076342,0.2635935038197,-0.1928179869050,0.3376783158261,-0.0891138590490,-0.3537230343148,0.7319392225278,-0.0922159721156,0.4848801443976,-0.4683684847066,-0.0900846103485,-0.0265201428645,-0.1767040427552,-0.0055383884879,0.1336362989790,-0.1396777300322,0.1588772756292,0.3407343964867,0.0655120858111,-0.0646523763851,-0.1762634430549,-0.1609807406830,0.1836092001747,0.0456568727468,-0.0704561212716,-0.1578113602026,-0.1609861206695
0.2766724132442,0.1417965218855,0.3985143858048,0.2675414473031,0.3183837539379,0.4264556004063,0.3485897915338,0.6181449506175,0.5560163035119,0.0397632368223,0.2768932087778,0.2466150881393,0.5387153261406,0.0226043680234,0.0268065465317,0.1544171612182,0.6964977165710,1.0000000000000,0.5470842978538,0.5588898457602,0.3868121889121,0.0958881926481,0.1766457185460,0.5053831963222,0.1246863803244,-0.0413052574072,0.4313938899676,-0.0949953419799,-0.2340877214516,-0.1065839671202,0.3670739863363,0.1476577713405,0.3571606624639,-0.3823668546748,-0.0709212196908,0.3006486707467,0.3111376613820,0.2265702843895,0.2949904730192,-0.2299534818925,0.0272000549779,0.1583147331889,-0.1862452281473,-0.2204441585463,0.1079107438777,0.0471654771360,-0.1215266398705,0.3539956019264,0.1240025036247,0.0743684371790,0.3903481763703,0.1339464400248,0.3293025053294,0.3746580093745,0.2969171782553,0.1474679099620,0.3370524108935,0.5030895149012,0.6386556930114,0.4988894088134,0.1667905277292,0.3918526246029,0.4132353829845,0.4809048693441,0.1332835438167,-0.3080396008234,0.3808585025941,0.6494574155412,0.5871244654557,0.5293017210336,0.5277627324749,0.1399875273562,0.7431437181155,0.3465570167322,0.2933491406758,-0.3623240693573,0.3630543840579,0.0546564721865,-0.2736820757421,0.7457736333207,-0.2857397912769,0.3758977041688,-0.2894569997665,-0.2294059450012,-0.0107371825289,-0.3932078288172,0.0761591995412,0.2407679150920,-0.1986928878848,0.1087085873381,0.1986581800428,-0.1027170909854,-0.2283471116013,-0.0579453765987,-0.1503219566252,0.3152427178977,0.0218687770119,0.0442855663188,-0.0012432729410,-0.0765362756585
0.1761704093172,0.0953757187666,0.3748273189662,0.4568676199708,0.3214354215964,0.4565127512377,0.4174564568463,0.6676717586602,0.7722581394056,0.0659082753218,0.1734454375542,0.1181903893383,0.4974525271958,-0.1201906768349,0.1040504468121,0.4909037374431,0.5809662785313,0.5470842978538,1.0000000000000,0.6377945350326,0.3779540882669,0.0538225920169,0.0293124903849,0.4728847237628,0.1707607890750,-0.0564874510010,0.3422405549965,-0.1060556176699,-0.2432927914927,-0.3030259406717,0.4084187650590,-0.0499687217382,0.2071404838102,-0.1427660176245,-0.0461274436084,0.7467279941431,0.2016222031286,0.1033952844704,0.2000932405474,-0.0210680660270,-0.0598312455921,0.1370119321847,0.0903997333090,-0.0977379076025,-0.0238816755834,-0.0680571083675,-0.2205097405101,0.2313873348076,-0.0083811797964,0.1004343315970,0.2103740878080,0.1134236662535,0.4056583088335,0.3814834214570,0.3949938840424,0.4548001057865,0.3961967337497,0.2768169539254,0.5520352330148,0.6678727859672,0.2244582383546,0.1930527344305,0.2659934209156,0.3839524356201,0.0882587172515,-0.1239158955412,0.6317811377428,0.5362325617258,0.8867386539048,0.6311446590159,0.3152435606322,-0.0669129016480,0.4637541639292,0.2294218699948,0.2186863035526,-0.2494147439334,0.3085726113545,-0.0125348378765,-0.3419755483911,0.5529043895924,-0.2589767694406,0.1506632782045,-0.3928984081411,-0.0472330860408,-0.1507677691319,-0.2309078391686,0.0145160214175,0.3696062077474,-0.1623200117989,0.0793449448621,0.1655580318250,-0.0508258910287,-0.0649950361672,-0.1452934810829,-0.2143313795087,0.1844469388215,-0.0706660495496,0.0354468503870,-0.0656953293285,-0.1162941985394
0.0345825249618,-0.0725189977345,0.1814472874953,0.1847506993275,0.0796871218770,0.2370556308443,0.1562941375987,0.6428467851769,0.6854574177067,0.0524303492225,0.2382165241957,0.1365687737855,0.5030526440692,-0.1175252541738,0.0045660522118,0.3018617830265,0.5805072659413,0.5588898457602,0.6377945350326,1.0000000000000,0.4031029068902,0.1811662503229,0.2228001614748,0.4178690036446,0.3856322267764,0.2018450502800,0.5857263264250,0.0275033981553,-0.2036924805638,-0.1811724301427,0.4496535212541,0.3162995522309,0.5491865175642,-0.0479876828889,-0.0062765179358,0.4165116119387,0.3168923689907,0.4794673876121,0.0666741717790,0.0370626144625,-0.0757859237447,0.0571765185554,0.1753173331820,0.1514806480611,0.4200043903855,0.0578038876873,0.0662905237740,0.1043966232181,0.0178919740514,0.0720700486534,0.0901553274088,-0.0854390655780,0.1507617922981,0.1441674121087,0.1256823327144,0.0848132676241,0.3153298436520,0.3702960346355,0.4974589378088,0.6640927692612,-0.0573134175295,0.1344654756387,0.0261776811364,0.2428031815673,-0.1273928091713,-0.1639658606115,0.3320698476107,0.4959873567013,0.6020261023002,0.8588942388935,0.2476083278572,0.0319204025446,0.5103100195780,0.5427170740816,0.2289577720451,-0.1452560666245,0.5912598182542,0.0910749084464,-0.2778267703970,0.4731413806705,-0.0951309865074,0.3460282773340,-0.4237434381716,0.0496510587805,0.1671856098913,-0.0984103087184,0.0751693532002,0.1622280382416,-0.0644278785572,0.4111516283722,0.0956127257769,0.0416362911424,0.1411125714732,-0.0567446723627,-0.1250164189300,0.0165871523050,-0.0645456275917,-0.1043881056594,-0.2440247390629,-0.1639180595217
-0.0218842199861,-0.0851063463490,-0.1135435211166,0.0404734845992,-0.0881392710855,-0.1095966471842,-0.0590965755563,0.1274682129008,0.1801008552202,0.1536281493588,0.5001996144596,0.5768735576294,0.2597628846875,0.1144312716854,0.0773621257447,0.4237862484129,0.4602605231816,0.3868121889121,0.3779540882669,0.4031029068902,1.0000000000000,0.2342616028546,0.5627584095938,0.6230128592420,0.0148854804215,0.4191513924044,0.4949249216392,0.1571675615063,0.0752435430148,-0.0190960387507,0.6074062476256,0.5356244205551,0.6631844678109,0.2014015926810,0.2022048182699,0.3807741101284,0.4279928360416,0.3026629136256,0.1052823427486,0.2068577587234,0.0317643453251,0.1925763200399,0.4353277422329,0.1189779868170,0.3823262498035,0.1115593475440,0.2168625993414,0.0160957115745,0.1444846877682,0.2055515586429,-0.0433511181022,-0.1926921244275,0.0373672845646,-0.1628673936880,-0.1477446414797,-0.0857274662640,-0.0720859451347,-0.0984238077876,0.0764691146471,0.1330186658299,-0.0570971113958,0.3498210945525,0.1573302050302,-0.0036690504287,-0.0817256662562,0.0019108627593,0.3689300414109,0.2536141654415,0.3355026997549,0.2776435652702,0.5347196538082,0.3573090314093,0.5186575908807,0.2567768365766,0.2448320725117,0.1053634125868,0.4512444846647,0.1096071882816,0.0645752569348,0.5277651987323,0.2338360646575,0.4709574389406,-0.2674283834291,0.1173298965348,0.1548659427226,0.1619698234104,0.3557141886399,0.3048665378316,0.3308464035159,0.2850573580347,0.2279762630260,0.1121958911904,0.0768111578243,-0.0277868274121,0.0568647830992,0.0046980376850,0.0400507503409,-0.1465960014980,-0.1152649375451,0.2936979390440
0.0048787094363,0.1218198970417,-0.1258155585618,0.0151891236200,0.0365582756925,0.0536443082891,-0.1893721208451,-0.0413842041480,-0.0187802458210,0.7245890165541,0.4040476148513,0.3949334268427,-0.0325631142563,0.2917665967294,0.3324534638703,-0.0296657532682,-0.0169119920310,0.0958881926481,0.0538225920169,0.1811662503229,0.2342616028546,1.0000000000000,0.4020937269859,0.2172058892264,0.0188557604079,0.1438028637277,0.3670121106265,0.3502455140788,0.3427451872495,0.1636765056292,0.0576446740898,0.2067454324886,0.3229338019840,0.0867551839450,0.0718074450328,0.0064354862024,0.4489002261726,0.1313806224490,-0.0714914583174,0.1909991325228,0.4417342266157,0.3740231520631,0.0345569883101,0.1715428184851,0.2066074248545,0.5932235377512,0.3976694679678,0.0597972447956,0.2843687163836,0.4386634365222,-0.0766486233404,0.0122245029760,-0.0422353575598,-0.0781870294603,0.0672577305244,-0.1968039357219,-0.0836057048201,-0.0959354837131,-0.0626602650079,-0.0204177088014,0.4567048837457,0.4269266159957,0.1310678421096,-0.1349530571620,0.0743667863904,0.0507320732249,-0.1408299689394,-0.0504368815417,0.1341361982229,0.0464311124513,0.0781587232699,0.6557750716406,0.2026916609648,0.2620571782883,-0.1344791045980,0.0087657591183,0.2215835985248,0.3518791891077,0.2064863470529,-0.0040618544509,0.1154349527500,0.1662278494757,-0.0244022850641,-0.1835163123921,0.0765289119894,0.1116016157411,0.3655315571385,0.0305851034225,-0.0087693428598,0.0261508240566,0.0484761615118,0.2961984443383,0.1051954279586,0.4140615195435,0.3461185819039,0.0340610075880,0.0980698551412,0.5078721463495,0.2681961738127,0.1159128796581
0.0635606105075,0.0907588432005,-0.2462865423759,-0.0839205435078,-0.1077122337271,-0.1646575848770,-0.2324940106225,-0.1667326745493,-0.0296124106409,0.3417686274391,0.7704607447387,0.7969997359240,0.0405617458410,0.3638208046529,0.2371308163544,0.1390970018173,0.1237789231141,0.1766457185460,0.0293124903849,0.2228001614748,0.5627584095938,0.4020937269859,1.0000000000000,0.4798220283382,0.0324066198795,0.5037625846593,0.5631433327100,0.3609064236251,0.2996541019559,0.2828452069910,0.3299955761704,0.6537229023297,0.5630757109477,0.4453699832822,0.3637507568941,0.0706247847671,0.4734299494082,0.3380986054309,0.0387035441816,0.5207916245956,0.3880568209885,0.4565437324446,0.2950470066121,0.2997218201725,0.4126849817278,0.3566303195854,0.5933596980724,0.0396175042958,0.3293134876123,0.3653200367858,-0.0430569734157,-0.0833812901082,-0.1186362432168,-0.2924398136771,-0.2696357333022,-0.3097723222712,-0.2100035885416,-0.2911987403585,-0.2158874285079,-0.1005369445911,-0.1337447014296,0.4643248602723,0.0915146292330,-0.2724957376173,-0.0502251694580,-0.0038372677967,-0.0177060958493,0.0868382594591,0.1335196170423,0.0420994648411,0.1019791139278,0.6365208470271,0.3690260348693,0.3194020864273,-0.1788622554232,0.2235005398115,0.4803533948669,0.2505885511714,0.3410246961933,0.1642195914687,0.3758181019161,0.2549885317226,-0.0262920248487,-0.0396875278850,0.2061075848978,0.3870137518450,0.4635787292218,0.1993863888595,0.1954235421257,0.2590685458586,0.1648606739377,0.3823188270717,0.2208021991684,0.2058030797086,0.2755836070123,-0.0206752941645,0.2229283110075,-0.0738850353450,0.0962104046285,0.1787714394873
0.0260391770597,-0.0276059488202,-0.0600716017164,0.1448420363628,0.0558849877474,0.0541483034567,0.0666687913745,0.1168952227803,0.3263336540179,0.1471373969319,0.5405027656326,0.4567989412549,0.3316841910472,0.0694317264283,0.2268852084148,0.4357267366819,0.5430888536728,0.5053831963222,0.4728847237628,0.4178690036446,0.6230128592420,0.2172058892264,0.4798220283382,1.0000000000000,0.0130783590853,0.2159192291367,0.5702003748374,0.0460803676195,0.1332287965384,-0.0340389906190,0.7204941143067,0.3899053614645,0.5862845049554,0.1057491354360,0.2913967354895,0.4938922507135,0.6385597221477,0.1796424949509,0.2872146205813,0.1288717754656,0.1856438279598,0.2165509152136,0.3065151227357,0.0251716824667,0.2709894127566,0.1300158862317,0.2123079733699,0.1950385963483,0.2454973369043,0.2949999440181,0.1102561573244,-0.0767887742684,0.1728992605993,-0.0245996393957,0.0151471933499,0.1445523037706,0.0170594174172,-0.1925837231383,0.0423688768806,0.1638396923977,0.0342551414462,0.4775188226862,0.2768427999845,0.1230232293118,-0.0984071134678,0.0507692139579,0.4340048721515,0.4564349673362,0.5628918542753,0.2990278760608,0.3359080709060,0.4012952692334,0.6663755063302,0.2667449678712,0.1003491165893,0.0815031512252,0.5052248996134,0.1194282924971,0.0307791069965,0.6236462545449,0.2578779535900,0.4434947845686,-0.2595915334445,0.0356431800340,0.1631794124818,0.1023358005464,0.5514695971238,0.4796704308779,0.2403093101633,0.2204998653206,0.5077683942071,0.1619010736469,0.0826190846590,0.0630912095570,0.2141678731521,0.1611994049592,0.1656436954729,-0.0457756760892,-0.0515706921206,0.2641937322891
