1.0000000000000,0.3282356468665,0.4767988383895,0.1257296521570,0.5054040077289,0.2144676742837,0.1636663651635,0.0471388498459,0.0964172225705,-0.0088769380399,0.1486211190307,0.0013210135699,0.0815230039699,0.2460478195599,0.1028120182213,-0.0202232982065,-0.0276445733203,0.0571139402029,-0.0619319059180,0.0781629094472,0.0077608962712,0.0956307921043,0.0105425039813,0.0123626416286,0.1113044342043,0.1020914408929,0.0454497337782,0.1800455004118,-0.1491065997607,-0.0432561261474,-0.0489931639849,-0.0309596270443,-0.0348555038195,-0.1361483016946,0.0431927695236,-0.0637034960269,0.0009904975104,-0.0150110399384,0.0436623374687,-0.0457657531909,0.0897333823199,0.1992421578313,-0.0743027677789,0.2195587292844,0.1910596275448,0.2372609329821,-0.0497045291266,-0.0501347290626,0.2307783115459,0.1724394907877,0.4961724994610,0.1661623187736,0.0248839502841,0.3786908773961,0.2421195547505,0.2316676588849,0.2314627884987,0.1118097194934,0.0559721821303,0.1074744945406,0.0769906431660,0.2538521025398,0.1588482706822,0.2075417210749,0.3151633840913,0.0306966611144,-0.0419938105120,0.1470282719214,0.0104793119747,0.1002796549190,0.0998210279002,0.0611386367366,-0.0277890463547,0.1294456395277,0.0053383949866,0.1893103483841,0.0588478014903,0.1662526503656,-0.1350352784335,0.1237259312606,0.0222093416920,0.0628505806121,0.1168930012716,-0.0223435425710,0.1920098330991,-0.0694873765281,-0.0243469643815,0.0554682584988,0.0542419811356,0.0092434720161,0.0571053294814,0.0340482946032,0.1120236346221,0.0786893703428,0.0928642643445,0.0291813601086,0.2917013649258,0.2342695690189,0.1309236329333,0.2380277223928
0.3282356468665,1.0000000000000,0.3496924222867,0.1238165134443,0.4436099930542,0.0772417350539,0.0317965865123,-0.1901949925569,-0.0212874318445,0.1759148475602,-0.1047351531204,-0.1854004976562,-0.0953385018948,0.5703274355392,0.3490624031713,-0.0607722226238,-0.1385563916521,-0.1189798736891,-0.0975422897818,-0.1842575081697,-0.0760849693582,0.2670347161907,-0.0666408100118,0.0080164301319,-0.1051577236241,0.0042626626618,-0.1201589110586,0.2303158293981,0.4326005029765,0.5981818250046,-0.0845729726998,-0.2864915932299,-0.1729995379064,-0.0096035211415,0.0161291449823,-0.1005460534900,-0.1561145544361,-0.3489906515851,-0.1466066568970,-0.0567250135707,0.2536946301767,0.1892538427347,-0.0897133182017,0.2630653284044,-0.1134595490614,0.1447849794176,-0.0969489641412,-0.1614652559585,0.3720166305551,0.2341525871300,0.3374642875436,0.5573738459756,0.0980461830082,0.0462020987501,-0.0134276338468,0.0100019842431,0.0346309909365,-0.1320770834138,-0.1393895068706,-0.0907217584886,-0.0475104905760,0.0725117936003,-0.0724161755816,-0.0819145607414,0.4849305329983,-0.0751647357790,-0.1265308706928,-0.1278594405917,-0.0247635805513,-0.1284331113170,-0.0206588643218,0.2404191744730,-0.0397117575409,-0.1257137124044,-0.1000584907683,0.1930528172349,-0.1625749917102,0.1589872251627,0.4484886200057,-0.0165388768675,-0.2624982050474,-0.1910383188896,0.4281298497883,-0.1503357920664,0.0547155013990,-0.0728264787473,-0.1508962566747,-0.0666521255274,-0.1446335963975,-0.1396814859884,-0.1062984769627,-0.0686510260537,0.2696468954526,0.0987683167383,-0.0978143472026,-0.1936975034006,0.5217540514721,0.2704343561189,0.0691147113300,-0.0690370504746
0.4767988383895,0.3496924222867,1.0000000000000,0.6124048396808,0.6674320828773,0.7468949424355,0.6122763719217,0.2823312598786,0.1953916537003,0.5056585926918,0.3648345778015,0.2357666153974,0.2614752439479,0.1987968068779,0.5404721868600,0.4021229448914,0.2744206985218,0.2190164308600,0.3921785024502,0.2081547317107,0.3060809448413,0.4973417613339,0.3306905661677,0.2860224958604,0.2735983836698,0.2202525369509,0.3360200950093,0.0628973223126,0.1927620841996,0.1135412461839,0.2296559334493,0.2536888357067,0.2651171622155,0.1744835008132,0.2794194531064,0.2051231899881,0.1844192012596,0.0417786904007,0.1329508680405,0.2488329775735,0.3661297527645,0.3859709958127,0.2486353110319,0.1794756223557,0.2903554124317,0.4183203982210,0.3487945296529,0.2681710606162,0.3947195835678,0.4906589767823,0.3369211305415,0.5808256898563,0.5279439378860,0.7089369875066,0.6920027267543,0.5665215401286,0.2577221114243,0.3609205797332,0.2563570958369,0.2687899442514,0.4355089556780,0.3741893650706,0.3176671573517,0.2615229988825,0.4585479099866,0.1781162438838,0.3292849474564,0.3038307621506,0.3215553700543,0.3519164454447,0.2294594217993,0.4456290135007,0.3004961229537,0.3548225343610,0.2143581039310,0.1320150149548,0.2317061533914,0.0194707994284,0.1523559488810,0.1739818687098,0.2347858335923,0.2692814042148,0.2054075245709,0.1475642720662,0.2279936851683,0.2309352507185,0.2044170969060,0.1934594085019,0.1612986470918,0.0857676843560,0.1900398288029,0.1968850900827,0.1505178617478,0.2190731911662,0.2964604112723,0.1817121360247,0.5518736154453,0.3354912513164,0.4942648891923,0.2632032848436
0.1257296521570,0.1238165134443,0.6124048396808,1.0000000000000,0.3988342428846,0.6588591277070,0.7221811663457,0.3330397756270,0.1809112678491,0.4953424159757,0.4014552049511,0.4571616373645,0.3690166921860,0.0212337093613,0.6790523050974,0.4029239567291,0.3693067867151,0.2627134678205,0.4265156339701,0.0931922165064,0.3777523090019,0.4967536326499,0.3997095036424,0.2649202466924,0.1645697232733,0.1433040707360,0.3351120021366,0.1669066621407,0.2506980507445,0.0229692897213,0.0889948940093,0.3338308552200,0.2431771580925,0.3488080713951,0.2440919314240,0.1868176984868,0.2220606145341,0.0754200008237,0.1489682204924,0.3849619955454,0.4287782525596,0.3099245883563,0.3985154007730,-0.0390553818851,0.1775805853886,0.2796976666369,0.4071375354996,0.4653987932653,0.3199501825781,0.5128282473531,0.1206052996970,0.3810754090961,0.5479582675872,0.6538886767525,0.6629002894659,0.6369064388342,0.1075550305311,0.3658027989223,0.2210918641414,0.2153829025468,0.3594784040940,0.2913116856790,0.3530020834769,0.1371227976341,0.1574170587009,0.2038778225628,0.3095162861237,0.1909038875949,0.2947420391140,0.3176216047218,0.2168914399034,0.4025568554340,0.3538524718203,0.3289240732875,0.2313662553192,0.0232831443042,0.2890526337447,0.1053069268481,0.1200485175461,0.0551054345007,0.2233650632579,0.1375352809743,-0.0960473159161,0.0857349899910,0.0587525874520,0.2844101853747,0.2074862449668,0.1748118324923,0.0422466778394,0.1253141194309,0.2132176582228,0.2646589345572,0.0100635500904,0.1485226321110,0.2316498159962,0.3035144760323,0.2417218079108,0.1076068997094,0.3763195384642,0.1449341795637
0.5054040077289,0.4436099930542,0.6674320828773,0.3988342428846,1.0000000000000,0.5003905120650,0.4894297923550,0.0486376110180,0.2147062212983,0.4590968482088,0.3499482883355,0.1388841790465,0.2589711353109,0.4448506265718,0.4642855893194,0.3333652012620,0.2821501475066,0.2266544550632,0.1850318863628,0.1430904447361,0.3789480890712,0.4909822280914,0.3218963706005,0.3232366512431,0.0796197864635,0.1634730605900,0.2424995452012,0.0556710002832,0.1979278887865,0.1644227898832,0.3045440422546,0.1851274430712,0.2582345918725,0.0435853483169,0.3419259787824,0.2353399679694,0.0929229267815,-0.0513907828408,0.1180728214979,0.1206344035872,0.2627410368067,0.4374854510209,0.1542292926911,0.0469509549423,0.0756646726222,0.4542988943952,0.2585768382640,0.2281130863640,0.5510802390207,0.5333697552956,0.4007488418206,0.3760007384072,0.4488580415263,0.5126534768099,0.5015292511946,0.4287867425450,0.0764872546353,-0.0052565749951,0.1441111948350,0.2349937665438,0.4262308660123,0.4697024809327,0.3661547025828,0.0983892464190,0.4562138345556,0.0482277477821,0.1799268658173,0.1202318624049,0.2787280956800,0.1228075101951,0.1651819693870,0.4136219197908,0.1444631836702,0.1156164502192,0.0004316966604,-0.0298481141918,0.0855491327667,-0.0041359203993,0.1263982450451,0.1363544950628,-0.0226096669897,0.1934276268293,0.1981389182785,-0.0120647515564,-0.0657570857579,-0.0179843787870,0.0810658486248,0.1541759130029,-0.0053901912282,-0.1746178133635,0.1571562922141,0.0161491667645,-0.0514375764552,0.0426159664078,0.0582868619655,0.0181836760770,0.5646700884016,0.5288041870325,0.3083406924955,0.1595448295259
0.2144676742837,0.0772417350539,0.7468949424355,0.6588591277070,0.5003905120650,1.0000000000000,0.6094541427356,0.4025222293029,0.2073416929900,0.5997614853501,0.4856382602841,0.3992522987603,0.4470754207584,0.0090879344024,0.5743056714252,0.4640942504142,0.3991931753327,0.3684505873567,0.4491753358459,0.2704667573782,0.3936485174904,0.4865331628566,0.4227701677691,0.3629473557713,0.2580315087184,0.1924209949929,0.4907884315949,0.1419829215938,0.1546711141129,-0.0147672141841,0.2554510668720,0.3767538257788,0.2907966366958,0.3518206723778,0.3169878643790,0.3283210802904,0.3509747635389,0.2449204468684,0.2723457749781,0.4539165793826,0.3684330450730,0.4365774507186,0.3722241093576,0.0132199616552,0.2961989511675,0.3811864905444,0.4826630613547,0.6185658129548,0.2966371794635,0.5156377315265,0.1006613399425,0.1949133076473,0.4077316652587,0.7189458948568,0.7807056425938,0.5817459781081,0.3343346268938,0.3939957401771,0.2504018283632,0.2392111134023,0.4830172876795,0.4454687388951,0.2739697621826,0.3696177907911,0.0923614824688,0.1781993291740,0.4094944023857,0.4322883606751,0.2919484369367,0.3822029282593,0.3035560698961,0.4059889985014,0.3645119179119,0.3857444657634,0.2680813496335,0.0243629527935,0.3813245899972,0.0732264174204,0.1179406467953,0.1701610091375,0.3402667847770,0.3419598017856,-0.0311556154601,0.2438435248798,0.2005261003032,0.2993492772585,0.3050485612897,0.2901919024277,0.1947569508927,0.2309462981749,0.2898843924789,0.3978558914646,0.0122128966601,0.2234643652796,0.3072672024061,0.4000189572168,0.3350115248521,0.3525769344125,0.4251111634105,0.0579224142901
0.1636663651635,0.0317965865123,0.6122763719217,0.7221811663457,0.4894297923550,0.6094541427356,1.0000000000000,0.2321849419602,0.2364910631774,0.3991246989129,0.5003851303755,0.3851536777769,0.3501591665500,0.0965190511984,0.5009071527779,0.6228647836716,0.5080810033158,0.3735532093555,0.3858094625547,0.2233542071751,0.4164715834361,0.3559570395682,0.4135543553818,0.4580406692287,0.1013183513184,0.3029844967216,0.4085056822254,-0.1266604041337,0.1606392261131,0.0053769195336,0.4211114397245,0.3931583230086,0.3470526609687,0.2334157104215,0.4983421232816,0.3761686795049,0.4046438481259,0.2035436691242,0.4349734550404,0.3496457612013,0.3005274729896,0.2780814016083,0.4614038250658,0.1011627591113,0.1960746553589,0.3015742209001,0.2949091957966,0.5281988107460,0.2946771290423,0.4085844926950,0.1427862934499,0.3256326211065,0.7728278892218,0.6000814024018,0.7627922672814,0.7747486361678,0.1091783826984,0.1541013588127,0.2340857916642,0.2591279903562,0.5391027367305,0.4231055686407,0.4386046064049,0.1945032590983,0.3090195941239,0.4413465754939,0.4341699190051,0.3194492559825,0.3314052243617,0.3033024398539,0.2246314720314,0.3361431090649,0.3914499122339,0.2272588232730,0.1350090999764,-0.0491751810733,0.2926340255210,-0.1446089151470,0.0256821817972,0.2270825210316,0.2188521466203,0.2825573869443,0.0817446973301,0.2682689085111,0.0221555858820,0.1661672651696,0.4327091639437,0.4273589442837,0.2409445111323,0.1604969128419,0.5212048167708,0.2377593316771,0.1019405595059,0.0748315609030,0.1092245024892,0.4593190206781,0.2211118754124,0.1933678947902,0.3995743241463,0.3256086339052
0.0471388498459,-0.1901949925569,0.2823312598786,0.3330397756270,0.0486376110180,0.4025222293029,0.2321849419602,1.0000000000000,0.4722931080893,0.2016013377266,0.5104863101374,0.4874598631092,0.7190311342215,-0.4369011190439,0.0724404312951,0.4447094051037,0.6515115140425,0.6721884290999,0.8285828617577,0.6841224113691,0.5210681276753,0.3465421394789,0.4034618274316,0.4413632901276,0.5738864472696,0.4516359418034,0.6302890962012,0.3461216235279,0.2184813942336,-0.1581564408711,0.3328593169935,0.6233976575699,0.4187931418660,0.4843607183818,0.2895166317917,0.3612194974252,0.4111774072397,0.7150382829422,0.1057220221386,0.2491209033583,0.3651942734878,0.2518365954997,0.3034336325808,-0.0215678565418,0.7453181324720,0.2044745363645,0.5204977812730,0.1998158443422,-0.1339136346839,0.1207933731942,-0.3265163181892,-0.1623767305161,-0.0003248883224,0.3296649377053,0.2788596957863,0.3688917044670,0.4177300936649,0.8022760125273,0.6994380064204,0.5506435778256,0.1913731003682,0.3243308901612,0.3589343584444,0.5604516007417,-0.3689302693577,-0.1060303468473,0.5719167625013,0.7139184795621,0.4988678571654,0.7018747006388,0.4704523857852,0.0921059924154,0.5544304635561,0.7436808802843,0.5530154137960,0.3732788896067,0.6696514777577,0.4064163261178,0.2212280031712,0.3444268212873,0.6914512502349,0.5438811076718,-0.2664700036669,0.3470373985145,0.4703802331054,0.3944771293517,0.3687756289637,0.3855186357908,0.3448102642213,0.5112058541801,0.1628258964974,0.4077938429237,0.0290344080498,0.1860129608640,0.3294020081711,0.2099818788374,0.0602587124110,0.0694219342913,0.1250369403423,0.0197652360785
0.0964172225705,-0.0212874318445,0.1953916537003,0.1809112678491,0.2147062212983,0.2073416929900,0.2364910631774,0.4722931080893,1.0000000000000,0.2693074935224,0.4849301516709,0.5802019166639,0.4915144902903,0.1831454572291,0.2207682993114,0.5217117569672,0.4544663078667,0.5748775300296,0.5832249611417,0.6526787478993,0.4686573577171,0.3327091416676,0.6218527820523,0.6003006907840,0.6955229051317,0.5233512822399,0.5853744902176,-0.0822893230566,0.2909841842323,0.0950020356199,0.3667481306703,0.3370319272686,0.4556274996667,0.3090517366890,0.4844247033157,0.6572030348817,0.3234134370614,0.3810863621670,0.1601354863353,0.3077433869113,0.2939080225174,0.3117411616032,0.2380259950641,0.0791391231882,0.3187907151565,0.3320391924496,0.3211443277115,0.1850407119372,0.2783183311995,0.3091958591809,0.0778204909774,0.0910332161802,0.1165304872585,0.1823827948056,0.1632921484595,0.1303354936391,0.2985764486161,0.3136614639208,0.7988186800726,0.8599399729725,0.2234738849970,0.3795905201248,0.3323270670211,0.1297613601782,-0.0536464096638,-0.0870313710387,0.5324375218039,0.4172799021901,0.7865065633405,0.7180654994489,0.3275332710250,0.4365569645390,0.5625252566769,0.6412258405751,0.4079658756378,0.2573977465343,0.3811440403363,-0.1114829660036,0.0796562096074,0.7452794338221,0.2387240492539,0.3040302830730,-0.0277190874651,0.2286666747807,-0.0689061731256,0.1817967296078,0.3153771657999,0.5012028611288,0.1235318108989,-0.0528359632743,0.1393582288503,0.2434973352157,-0.0802565168119,0.0610119593547,0.0403974449071,0.0651378890622,0.0816319776311,0.1918384850000,0.2523708349210,0.1100350994322
-0.0088769380399,0.1759148475602,0.5056585926918,0.4953424159757,0.4590968482088,0.5997614853501,0.3991246989129,0.2016013377266,0.2693074935224,1.0000000000000,0.3284973863414,0.5425794466496,0.4935795633529,0.3577257432470,0.6737117941526,0.3468294708070,0.4444896048769,0.2414405199398,0.3275608297590,0.1799926594274,0.5843025731424,0.7280283108897,0.5890315529386,0.4447781039700,0.1551302011353,0.0432897754368,0.4520346431414,0.1032074730333,0.3499668806067,0.2572561542904,0.3670439846765,0.4244842011000,0.4650996883680,0.2501724319006,0.2841990243146,0.3363654406385,0.1726528956915,0.0402453369753,0.0440672140904,0.3262172871986,0.3543733716173,0.4795181422786,0.2117166679691,-0.1527288393286,0.0144864468206,0.4065732035484,0.5854946803246,0.4025808527676,0.4648863794287,0.7300959579067,0.0996510966770,0.2498609073933,0.3683091046073,0.4229768287621,0.4830700298562,0.1951891466831,0.1834359405800,0.1358527540556,0.1675272496382,0.2070192492364,0.6620089654117,0.3041096519758,0.3321079073874,0.0983161348251,0.2131514971192,-0.0426611655859,0.2389578815770,0.1441711102372,0.3442416896635,0.1730510927401,0.2039986281986,0.6978048425731,0.3383380598803,0.2580189376851,0.1670327922080,-0.1296108227657,0.1296898221223,-0.0531109500228,0.1936720010412,0.1393930546981,0.1465020016144,0.2613846554438,-0.0312460984086,-0.0307485358408,-0.1261863095662,0.2479407851317,0.1593172834961,0.0847706430460,-0.0526094892029,-0.0960145464869,0.0951553831097,0.1355412243886,-0.2351832180870,0.0927107111806,0.2191955914548,0.1232325936162,0.3644791035561,0.3897573968464,0.4708059682643,-0.0176405517586
0.1486211190307,-0.1047351531204,0.3648345778015,0.4014552049511,0.3499482883355,0.4856382602841,0.5003851303755,0.5104863101374,0.4849301516709,0.3284973863414,1.0000000000000,0.6062929956519,0.6190595798354,-0.0388804041746,0.2877335411219,0.6278685996860,0.6217362521820,0.6228594879968,0.5458468322279,0.4826378148318,0.5522440530613,0.4447429938782,0.6599446470533,0.5590572534196,0.3189204262604,0.5677329076885,0.5938227672960,0.0705361388151,0.2644344747111,0.0759702347762,0.4509776683081,0.5808445085188,0.5292168281268,0.4898430211597,0.4973675898222,0.4670792883929,0.4419348719172,0.4686278412177,0.3819988091946,0.4606533931888,0.4843597346375,0.4494992921975,0.4417777046886,0.0808596368218,0.4869686436547,0.5272715118174,0.5023554912608,0.4659520134417,0.2369880380845,0.3729068159070,-0.0872691690686,-0.0492396757541,0.4042651643871,0.4775313726570,0.4674798968245,0.5276620214314,0.2667716959082,0.3218502489178,0.4490128609775,0.4507811603968,0.4112114450751,0.6885281526110,0.6493931879747,0.4095155166566,-0.0892572242878,0.1338772018161,0.4492708795535,0.4658896032988,0.4318032319798,0.4597947864571,0.4250502746667,0.2829513154627,0.4544515897023,0.4331267904444,0.2652349756276,0.1888027043284,0.5202917103009,0.0530016323716,0.0885178100627,0.3621327587605,0.3879646938151,0.4638120980186,-0.0914917460701,0.2827600294506,0.1343240807596,0.2112769579650,0.3326600517458,0.4755660374631,0.2514615651430,0.2046534558131,0.3890671771743,0.3379062915648,0.0083378298469,0.1644092726837,0.0850893868758,0.3628185586108,0.1503868230128,0.3419242639109,0.2388485317387,0.1870659827526
0.0013210135699,-0.1854004976562,0.2357666153974,0.4571616373645,0.1388841790465,0.3992522987603,0.3851536777769,0.4874598631092,0.5802019166639,0.5425794466496,0.6062929956519,1.0000000000000,0.6742962668853,0.0609854254551,0.3452441806532,0.5132584538150,0.6116161747780,0.6108339196966,0.5093664024459,0.5047897131048,0.6245874820971,0.4908745801909,0.8036752567922,0.5400375150290,0.4293021668945,0.4269673452375,0.6649632702677,0.0155494875357,0.2830797746827,0.1317415387061,0.3907524265918,0.6216102292313,0.6592223916458,0.4288923531222,0.3587269957101,0.4569292224460,0.4081868713807,0.3926922508974,0.1608477556076,0.4295930827667,0.3775252361124,0.4007417363700,0.3301551825040,-0.0958323971663,0.3326569057250,0.3473506430832,0.5856794168538,0.4206047062474,0.2242400640407,0.4027952456209,-0.0667817277844,-0.0605865988655,0.2058137116651,0.2764370835111,0.3217295925940,0.2403906253323,0.3225262781564,0.3324788635149,0.4534797885699,0.4535660269542,0.4443861462601,0.4386327080025,0.5053299258826,0.2205841366456,-0.2068815523445,-0.0551723187588,0.4111966196402,0.4139738915763,0.4660389674196,0.4937341662738,0.4010618051959,0.5044671410522,0.5413187375404,0.4873694931680,0.3836715908757,0.0803183374063,0.5029813620979,-0.0729369948802,0.0557398951192,0.4759581383349,0.4258447231256,0.4262359695235,-0.2904466282459,0.2261265023670,0.0661800641346,0.3233508161862,0.3689823537341,0.3313904592344,0.1653673016615,0.1297046703977,0.2020445889753,0.3122867850675,-0.1854057594479,0.1144966197845,0.2039966667929,0.2921075433749,-0.0262408555409,0.1060677413455,0.3159112327024,0.1301860694884
0.0815230039699,-0.0953385018948,0.2614752439479,0.3690166921860,0.2589711353109,0.4470754207584,0.3501591665500,0.7190311342215,0.4915144902903,0.4935795633529,0.6190595798354,0.6742962668853,1.0000000000000,-0.0799106295902,0.2964100999432,0.4844345175550,0.8406498244467,0.7137135850757,0.5899027684427,0.5752270995653,0.6867087325861,0.4591877642321,0.5624946302991,0.5708922513500,0.4020629465062,0.4578879419707,0.6986651617624,0.2289345853098,0.3262350704421,0.0474094914748,0.4806033856792,0.6913352837231,0.5971096407160,0.4054229548958,0.4002469497693,0.3965161468564,0.4540797045877,0.6001452109648,0.2374814463845,0.3502518287058,0.4165697835105,0.4349993733368,0.3682179218772,-0.0605391250732,0.5511179108240,0.3287370928440,0.5847769407886,0.3443829280139,0.1462676600122,0.3942274247730,-0.1650808543558,-0.1270572532220,0.1261540104604,0.3700370054496,0.3355267118728,0.3310528616914,0.3716451635804,0.4367792645426,0.4688092077538,0.4507352407009,0.4451579775194,0.5029575434713,0.5938421938913,0.5903644813716,-0.1976003636506,-0.0270883865978,0.4241011293750,0.5648058347409,0.4078883873797,0.4852487170389,0.4007952416290,0.2501869557946,0.4814291171792,0.5463240949010,0.3189093583335,0.1317982604044,0.5692625839330,0.1990302738170,0.1949576171333,0.3299454536249,0.5808578419856,0.6151182196370,-0.2134052126822,0.2473365212642,0.2161907760374,0.2831525629125,0.3637734574537,0.3587681469639,0.2408712876422,0.2699958858672,0.2911215488453,0.3670539644349,-0.1249432440807,0.0198451293180,0.2332229027598,0.2072403429855,0.0913772059935,0.2046429984700,0.2381594416674,0.0272075182555
0.2460478195599,0.5703274355392,0.1987968068779,0.0212337093613,0.4448506265718,0.0090879344024,0.0965190511984,-0.4369011190439,0.1831454572291,0.3577257432470,-0.0388804041746,0.0609854254551,-0.0799106295902,1.0000000000000,0.4493514036010,0.1420430954856,-0.0575116681327,-0.0620964382303,-0.2699539264841,-0.0696980414065,0.1007886940296,0.2488066743541,0.1848556601228,0.1474316713611,-0.0453829145544,0.0006028354842,0.0034350736382,-0.1251990965708,0.3013134624180,0.6278704469653,0.1846158668432,-0.1119194154218,0.1293955437822,-0.1341097084995,0.2401032403208,0.2231268248910,-0.1190859252415,-0.3634947141450,0.0065407408857,0.0474762880946,0.1595272297496,0.2889017139909,-0.0826330930946,0.0710614783557,-0.3411596623116,0.2681394674813,0.0279351193906,0.0504021809262,0.6385688581284,0.4301668928759,0.4893646583283,0.3809629603166,0.1729652906290,-0.0103138613329,0.0273440526318,-0.1378821251354,-0.0663064531824,-0.4378711576980,-0.1634810987028,0.0225960922042,0.1820824605319,0.1121803394938,0.0216247231905,-0.3223208370385,0.4682471703052,-0.0015481953109,-0.0780432348317,-0.2333159359360,0.0822233904503,-0.1462910234035,-0.1050525029843,0.3979185767723,-0.0227937531888,-0.1633304820508,-0.1809353103398,-0.1203548224925,-0.2909088080508,-0.2869520922405,0.1300764271941,0.2046615093638,-0.3470679379721,-0.1205764168763,0.3585591033717,-0.1501435418987,-0.2831441555672,-0.1906840071116,-0.1144732855390,0.0175267876269,-0.2227621664044,-0.4247965690832,-0.0036313389184,-0.1563732820375,-0.1036781276917,-0.0636531318936,-0.1717951006386,-0.1088602627467,0.3491994361498,0.2671156347261,0.2400079952615,0.0464855748472
0.1028120182213,0.3490624031713,0.5404721868600,0.6790523050974,0.4642855893194,0.5743056714252,0.5009071527779,0.0724404312951,0.2207682993114,0.6737117941526,0.2877335411219,0.3452441806532,0.2964100999432,0.4493514036010,1.0000000000000,0.3060708716429,0.3195927951701,0.1618983812678,0.2403110720547,0.0129247154808,0.3441727164505,0.5300113157841,0.3610005761391,0.3086805707655,0.1131181071849,0.1130392476728,0.2780243559275,0.0901122484269,0.3748193059739,0.3017283222091,0.1524989713004,0.2035544769025,0.1873286001116,0.3163188210064,0.2289027647981,0.2528590015481,0.1396460573417,-0.0261210326875,0.3506562439327,0.5134111603153,0.5746958630691,0.4945950673550,0.4750409067974,0.1207965074921,0.0518409975131,0.4139812692225,0.4028817215519,0.4729453522322,0.5904694376347,0.7724543278992,0.2343750017024,0.4871933214046,0.4618197160223,0.5061873246205,0.5096376699706,0.3552850105768,-0.0466040223185,0.0475572862347,0.0742457938710,0.1706698159202,0.3550319337423,0.1975390238849,0.1952780495873,-0.0702288576441,0.3045791194645,0.2698571846993,0.1285627176801,-0.0045654992140,0.2873783615216,0.1249810293808,0.0243949738806,0.4562342882638,0.2247706068781,0.1179487047692,-0.0711579448186,-0.2011415035385,0.0220333641854,-0.0571698254171,0.2229085220177,0.0286140642636,-0.0766547847881,-0.0618626791042,0.1566635453306,-0.0336971853383,-0.1679100209912,0.0933082142429,0.0741798506359,0.1023582153055,-0.1727833989145,-0.1131411326518,0.3060339268941,0.2479320168625,0.0060573313042,0.1559129093195,0.1158222646531,0.1938368591489,0.3822647815787,0.3026002795681,0.4422580483397,-0.0892509411331
-0.0202232982065,-0.0607722226238,0.4021229448914,0.4029239567291,0.3333652012620,0.4640942504142,0.6228647836716,0.4447094051037,0.5217117569672,0.3468294708070,0.6278685996860,0.5132584538150,0.4844345175550,0.1420430954856,0.3060708716429,1.0000000000000,0.6393708746267,0.6485001235928,0.6418249493452,0.6649510943248,0.5560058552377,0.4075740099136,0.6523973506020,0.6425765595480,0.4072469512203,0.5502331107079,0.6595116134785,-0.2000708887381,0.2639932139529,0.1750575419742,0.7738621274808,0.5969082539437,0.6780334548382,0.4714324681700,0.7286288716622,0.8014061891059,0.4383182830109,0.4659405895838,0.2978071304679,0.3629451722628,0.3181976375700,0.3527526740338,0.4825963267769,-0.0400032351647,0.3664747077770,0.4102042141498,0.5210940863010,0.3762682703998,0.2513656294303,0.2742544807710,-0.1184533326846,0.0906204584206,0.5192637631004,0.3056751461916,0.4719286844024,0.5463408560200,0.2969873093096,0.2369426582412,0.4774070450291,0.4894474706538,0.3641003074139,0.4600754359141,0.3536864964729,0.2529200211416,0.0132023715464,0.1006460985162,0.7909458368145,0.5774108572578,0.5508224801441,0.5820811579286,0.3562906965630,0.3454408493741,0.5536428061619,0.4476485837092,0.4159400678091,0.1805610503497,0.5104104680584,-0.2112538315931,0.1324709801845,0.5772524423574,0.3738802103930,0.5375860613877,0.0114652616877,0.5654976545056,0.2348157279825,0.2858196758068,0.4772952371654,0.6806936175117,0.4533381379054,0.3054427587919,0.3539827086013,0.2281082755794,0.0146035920409,0.0746906694337,-0.0204689547657,0.2641206563288,0.1684911579970,0.2570462743875,0.2840109386106,0.1796040846266
-0.0276445733203,-0.1385563916521,0.2744206985218,0.3693067867151,0.2821501475066,0.3991931753327,0.5080810033158,0.6515115140425,0.4544663078667,0.4444896048769,0.6217362521820,0.6116161747780,0.8406498244467,-0.0575116681327,0.3195927951701,0.6393708746267,1.0000000000000,0.7156902493571,0.6256544907934,0.6149931934510,0.7176817899636,0.4246431615999,0.5829233399943,0.6342428291321,0.3558897609503,0.5277554976483,0.7277515408873,0.0339542878981,0.3020616227812,0.0438121094383,0.6759647390965,0.7541461177295,0.6909999662733,0.4495807548291,0.5196303802004,0.4724286340964,0.5014116658438,0.6328089884116,0.3454925695245,0.3719369341824,0.4288641928395,0.4293017620069,0.5108871982511,-0.0140581402743,0.5394264823383,0.3857771209553,0.6076407788293,0.3624857549195,0.1301086235309,0.3588732131418,-0.2014223875426,-0.0792455003135,0.3562438992904,0.3429103836792,0.3850712647052,0.4285033958138,0.1444845362503,0.3174146313150,0.4435352386270,0.4303376068856,0.4535243867696,0.4691713938424,0.5448107249265,0.3347215228508,-0.1164973900253,0.0644635594074,0.5046632432397,0.5402737567257,0.4254404238074,0.4528014745012,0.3099994969103,0.1994330492307,0.4508429654382,0.4509491909343,0.2280825811585,0.0296873496991,0.5683912728907,0.0355999767262,0.1366339535157,0.3213755698379,0.5304374397745,0.6240477324298,-0.1506330123113,0.2903457346522,0.1664901408068,0.2926551717762,0.3976704941068,0.4078463450861,0.2668416054685,0.2766833528743,0.3783491554551,0.3350933122334,-0.0577820764528,0.0059532421770,0.1423534301020,0.2180688937314,0.0526354779951,0.2037503390530,0.2235870006294,0.0367225467261
0.0571139402029,-0.1189798736891,0.2190164308600,0.2627134678205,0.2266544550632,0.3684505873567,0.3735532093555,0.6721884290999,0.5748775300296,0.2414405199398,0.6228594879968,0.6108339196966,0.7137135850757,-0.0620964382303,0.1618983812678,0.6485001235928,0.7156902493571,1.0000000000000,0.5933414227889,0.6847669146532,0.5964229122990,0.3347674485292,0.5649015733027,0.6526669071286,0.4527683880033,0.5524314547890,0.7118953263362,0.0792127898404,0.2267896886332,-0.0099576379118,0.5452064144970,0.5921118823819,0.5637313253817,0.4254147024880,0.5428482593722,0.5253901480714,0.5606387640768,0.6365769037479,0.3156382645979,0.3218652497750,0.3040113656752,0.3595552747209,0.3282665488770,-0.0347170963313,0.5314730642698,0.3130812816594,0.5128935361178,0.3304482852114,0.0929155082428,0.2567489887621,-0.1081622840958,-0.1545040401175,0.1330875315668,0.2836935107857,0.3042695816568,0.3728623866762,0.4584894084893,0.3874421724776,0.5431657956713,0.5229213860592,0.3078041095105,0.5035127175213,0.4206987981064,0.4818750058140,-0.2194165601911,-0.0133639658088,0.5733626431531,0.7500235055456,0.4753842917277,0.5604612018081,0.5741731587046,0.2427215827557,0.6382962180874,0.5393697190790,0.4270666279832,0.2489133140864,0.6769244847005,0.1160228372534,0.1705866454564,0.5772447167091,0.4986779539249,0.6164515746161,-0.1216322841437,0.3881813367918,0.2792446151184,0.2730647954018,0.4860832437590,0.5551490071421,0.3550462612471,0.3365263760467,0.3405277909102,0.3597323347478,-0.0634931772432,0.1641721554811,0.2314145453255,0.2256248677652,0.0454167020455,0.2712619325614,0.1860245230007,0.1421028006735
-0.0619319059180,-0.0975422897818,0.3921785024502,0.4265156339701,0.1850318863628,0.4491753358459,0.3858094625547,0.8285828617577,0.5832249611417,0.3275608297590,0.5458468322279,0.5093664024459,0.5899027684427,-0.2699539264841,0.2403110720547,0.6418249493452,0.6256544907934,0.5933414227889,1.0000000000000,0.6421564747275,0.5395230007568,0.4777124280371,0.5591670535435,0.5947845474376,0.5851766032053,0.5348394596013,0.6465022474219,0.1565744578042,0.3636562396620,-0.0085772322421,0.4226410759426,0.5194724752332,0.4537090455754,0.5329437114796,0.3987589788841,0.5823281291154,0.3998410074943,0.5406559507753,0.1242913076737,0.3227827164229,0.4500601547350,0.3114068760381,0.4514491628949,0.0297312084389,0.5848084433114,0.3646557251822,0.5217013502232,0.2355257539437,0.0575983321004,0.2109877205390,-0.3556570039346,0.0442171347272,0.2783830030449,0.3010313829550,0.3435574765164,0.4906237472342,0.3273956684891,0.6579296655383,0.7834315083201,0.6718492360523,0.2405142290184,0.3501956222618,0.3236829011397,0.4197534645939,-0.2230536549989,-0.0517605656428,0.7525594289945,0.6434317646236,0.7531598280145,0.7825025909399,0.4848875685827,0.3120237692768,0.6717235561246,0.7175729733774,0.5845806271249,0.3164624805229,0.6075632569577,0.1767707853688,0.3302649270534,0.4538996531026,0.4898582059313,0.4655106922192,-0.1568061139741,0.4099948661913,0.3249079476785,0.3733649708955,0.4120640535543,0.5019922869630,0.3446729828243,0.3683873310551,0.2006673096960,0.3520546882026,0.0954407833003,0.1907075777290,0.1975026295719,0.1675307021632,0.2188886835826,0.1780464317871,0.1975247328411,0.0508181748535
0.0781629094472,-0.1842575081697,0.2081547317107,0.0931922165064,0.1430904447361,0.2704667573782,0.2233542071751,0.6841224113691,0.6526787478993,0.1799926594274,0.4826378148318,0.5047897131048,0.5752270995653,-0.0696980414065,0.0129247154808,0.6649510943248,0.6149931934510,0.6847669146532,0.6421564747275,1.0000000000000,0.4993432914156,0.2094382748025,0.5371687640501,0.5808930757893,0.7933712340266,0.5753775954971,0.7526222995931,-0.0696121060084,0.1342246698726,0.0007612419896,0.6595852503988,0.6119166452542,0.6903726710948,0.3548214716886,0.5421279062151,0.6697826494779,0.4529208966469,0.6789461943310,0.1517011325662,0.1737962099040,0.2447474266398,0.4233512551375,0.3540542636362,-0.0055706792579,0.6381006998683,0.3453925201265,0.5100844186718,0.1260793327874,-0.0151085118062,0.1784799651037,-0.1187328545540,-0.1431184620936,0.0783182647474,0.1842891966752,0.2305089737522,0.2608073610157,0.4446638264364,0.3866338871192,0.6314516308830,0.6090006408616,0.1928491717889,0.3412038160993,0.2473229724688,0.3171380196414,-0.2307942106715,-0.1682882449212,0.6345259824633,0.6543617027517,0.5194565153328,0.6912371209937,0.2938842602357,0.1624075906278,0.5052149033009,0.6467184935509,0.4088409550062,0.2261369856361,0.5918788343998,-0.0464510914611,0.0322387539237,0.6290529226976,0.4915606150103,0.6119183290363,-0.1606540963222,0.4372579700573,0.3838912070994,0.2226640601131,0.3542456567168,0.5094571756288,0.4022678934546,0.3254816797005,0.1365204051140,0.2086235598136,-0.0733254996281,0.0252320469881,0.1828948525262,0.0760960850678,-0.0191403694931,0.1775786422010,0.2749762738596,0.1660719735028
0.0077608962712,-0.0760849693582,0.3060809448413,0.3777523090019,0.3789480890712,0.3936485174904,0.4164715834361,0.5210681276753,0.4686573577171,0.5843025731424,0.5522440530613,0.6245874820971,0.6867087325861,0.1007886940296,0.3441727164505,0.5560058552377,0.7176817899636,0.5964229122990,0.5395230007568,0.4993432914156,1.0000000000000,0.5565964956611,0.7024475640271,0.6931237960313,0.3202964253127,0.3341504382377,0.6888450045403,0.1264304785551,0.2932512980696,0.0979231845178,0.6139594247936,0.6720853954921,0.7047578952178,0.2690829248070,0.4786471437570,0.5447042409846,0.3331894472574,0.4208584617073,0.0259217896834,0.1646485542646,0.2545968488137,0.3602907950226,0.2383883283800,-0.2401202067760,0.3254632749711,0.3471281429024,0.6030530713697,0.2324063297002,0.1538458605877,0.5088112550723,-0.0479811414170,-0.0197934540707,0.2897720472609,0.3975690977780,0.3503955317455,0.3424930918404,0.2006600247179,0.2957902774182,0.4556507937408,0.3930058753439,0.4753408500274,0.4808394621259,0.5510432386837,0.2325690287697,-0.1237310210547,-0.1548396394125,0.4723127993700,0.4039242308838,0.4785897652499,0.4710327571456,0.5412064996445,0.5005125181877,0.5375773640776,0.5223149351662,0.4660642197252,0.1324407044831,0.5017809512777,0.0548694622117,0.0568181391835,0.4238844430691,0.4660786467809,0.6024196865999,-0.2583231453682,0.1250862195735,0.0406989511158,0.3107772081515,0.3038750100362,0.3265630943561,0.1922274701085,0.1044076193346,0.1082247525830,0.0223651215082,-0.2899282842326,0.0399009222393,0.2170122920369,0.0344802169085,0.0710664306260,0.1822773775133,0.2465761408725,0.1684843063986
0.0956307921043,0.2670347161907,0.4973417613339,0.4967536326499,0.4909822280914,0.4865331628566,0.3559570395682,0.3465421394789,0.3327091416676,0.7280283108897,0.4447429938782,0.4908745801909,0.4591877642321,0.2488066743541,0.5300113157841,0.4075740099136,0.4246431615999,0.3347674485292,0.4777124280371,0.2094382748025,0.5565964956611,1.0000000000000,0.6135086411798,0.4232924054222,0.1965435084341,0.2375505538294,0.4376505872731,0.2950185687277,0.5234578499132,0.2908340962106,0.2704769525916,0.3821017445706,0.4094418006963,0.4010207446854,0.3080680492754,0.3419520749119,0.1123507720628,0.1312054009096,-0.0162776466554,0.3668779863457,0.5032745035894,0.3834996505384,0.1716465806747,-0.0359959057382,0.1562948051864,0.5238111593401,0.5704203554032,0.2880741341921,0.5582023724941,0.5382300365149,-0.0432246333990,0.3134981899595,0.3351545079757,0.3369362801780,0.3492503658688,0.2925027038865,0.1656780477019,0.3287638076085,0.3244264538034,0.3338233652299,0.4138081487618,0.3354320150254,0.4288743149778,0.1962043507267,0.1787235916901,-0.0445677573317,0.3474397102135,0.2042045976546,0.4422156368080,0.3194276442998,0.3458894528318,0.6540430116358,0.3540035589468,0.3771528632903,0.3178187321736,0.1852157643975,0.2949305949188,0.2104396227258,0.3896245391322,0.1434750032403,0.2631715531859,0.2675918599190,0.0790912617703,0.0643774062985,0.0004794175557,0.3783318595551,0.1592749013332,0.2064147638185,0.0182771585935,0.0577678187243,0.0622644525109,0.2503538574075,-0.0290296667298,0.2614672512099,0.1598879324504,0.1135711706124,0.6065964999031,0.4829719475848,0.2804218919974,0.0092191256435
0.0105425039813,-0.0666408100118,0.3306905661677,0.3997095036424,0.3218963706005,0.4227701677691,0.4135543553818,0.4034618274316,0.6218527820523,0.5890315529386,0.6599446470533,0.8036752567922,0.5624946302991,0.1848556601228,0.3610005761391,0.6523973506020,0.5829233399943,0.5649015733027,0.5591670535435,0.5371687640501,0.7024475640271,0.6135086411798,1.0000000000000,0.6587852464319,0.4134845717605,0.4728347407014,0.6892845978551,-0.0611568072880,0.3786397020604,0.2180393379578,0.5389522700121,0.5943403018333,0.7258992421787,0.4631307032455,0.5238316164433,0.6149167917683,0.3300051662173,0.3303828854575,0.0889822844029,0.3939987993074,0.3878263817671,0.4606910821745,0.2891111072777,-0.1093168414152,0.2592140563840,0.5393477314098,0.6476592461275,0.3406736907376,0.3195002048871,0.4805953075977,-0.0431397563848,0.0390091871090,0.3548281967555,0.3233050901021,0.3645494548823,0.3192548519990,0.2521872664542,0.2351669244309,0.4890610761040,0.4875214972134,0.4374032489448,0.4989766981458,0.4944642943484,0.1581514441232,-0.0704105563143,-0.1253765808288,0.5323403730559,0.3730846093715,0.5597481385398,0.5178050220124,0.4406543612654,0.6547720898215,0.5417148108356,0.5067524581185,0.4358981775336,0.1632520105928,0.5063177399805,-0.1403675555848,0.1111472868432,0.5129897673477,0.3540449959698,0.4891239455437,-0.1962123463239,0.2236300019127,-0.0118880284574,0.3366437645907,0.3038425679135,0.4228643517256,0.1675349122222,0.0569807094845,0.1338831646826,0.1912303079740,-0.1724508616083,0.1505999342226,0.1071839273383,0.1281045446162,0.1384701739685,0.2816088480204,0.3203923653519,0.1486757424240
0.0123626416286,0.0080164301319,0.2860224958604,0.2649202466924,0.3232366512431,0.3629473557713,0.4580406692287,0.4413632901276,0.6003006907840,0.4447781039700,0.5590572534196,0.5400375150290,0.5708922513500,0.1474316713611,0.3086805707655,0.6425765595480,0.6342428291321,0.6526669071286,0.5947845474376,0.5808930757893,0.6931237960313,0.4232924054222,0.6587852464319,1.0000000000000,0.3898441797574,0.4049276001584,0.7357073220634,-0.0662401015520,0.3232195919479,0.1245849683789,0.6252607404786,0.3704779868405,0.4788931346556,0.3180560954488,0.6411735286244,0.6577312930471,0.5332131939630,0.4942583690249,0.3039780625804,0.3413787325801,0.3188897641584,0.3778250545450,0.3319265145842,-0.0536403486729,0.2404653517168,0.4047786251812,0.3474253632726,0.3538614264691,0.2131971504817,0.4153533847681,-0.0301434372056,0.0500538776274,0.3845884599474,0.2619948169678,0.3657255050646,0.4313497444589,0.3302001180317,0.1474524880256,0.5052472118333,0.4445661494328,0.4288324682306,0.5191696030839,0.3875371815542,0.3024387019310,0.0007651857402,0.0260755060651,0.5504884444059,0.5642690696133,0.5377907774512,0.5002514243662,0.5228445144433,0.4851967704229,0.7454904013778,0.4663673662560,0.3421235101358,0.1181551024090,0.5049281345283,-0.0986991901663,0.1081595533925,0.5947961009648,0.2308730364026,0.4432148671023,-0.0679970285975,0.2477654007801,-0.0337470073864,0.1281751642586,0.5302727669145,0.5952639819834,0.1921918303525,0.1326778200502,0.3750004698023,0.2475975487915,-0.0857110698501,0.0589689365213,0.0049938337333,0.1650161134492,0.0939106061143,0.3654510051715,0.2147123311071,0.1129132494341
