1.0000000000000,0.5399464493817,0.6106720510456,0.6593849195739,0.8014166559685,0.6556489250972,0.5765003711356,0.1718806998801,0.1808570924353,0.3726488909668,0.0369868597218,0.1934669382282,0.0051022182104,0.5615467626529,0.4638776217091,0.3784602521718,-0.0151095057795,0.2160010378461,0.2780006536815,0.0684778571603,0.0942714666078,-0.1266378158236,-0.0464985315588,0.1325553795212,0.1383403240560,-0.1038798527733,0.0986060866091,-0.0524266483497,-0.2375478993437,0.0426575552606,0.1414510339178,-0.1303107923646,-0.0340334032217,-0.2235105544279,-0.0086371778961,0.2082719064566,-0.0799443020035,-0.0901053396726,0.0685240973505,-0.2437231516926,0.0022848257356,0.3862299223680,-0.0648317309316,-0.0745053474557,-0.1727965612725,-0.2534445306124,-0.1083854836705,0.3581434837810,0.3568203927780,0.1649309288835,0.7258766271340,0.5385639178316,0.3212909630020,0.5856687634170,0.6152261975148,0.4875074939040,0.0769158247433,0.1430317264061,0.1928379597150,0.2340030973641,0.1335241426684,0.0726705963469,0.0507842586964,-0.0195515172228,0.4821567586384,-0.1540135967528,0.0220189529162,0.0885154302042,0.0590317260374,-0.1330001299165,-0.1873306404260,-0.0442508795243,0.1393546979411,-0.0708872306066,-0.2733718599869,-0.0780515205725,-0.0769073705060,-0.1352229859884,0.0190514773423,0.0115831232095,-0.1344236126113,-0.2285828535277,0.1166692712388,-0.2525762859303,-0.3137219715509,-0.1854969856112,-0.1591372922572,0.1618871737059,-0.2915372308457,-0.1111175981893,0.0387084054128,-0.2437668110106,-0.0746966551374,0.0070766664539,-0.0845820082870,0.3332116002813,0.2746690825552,0.2103494381753,-0.0162769226899,-0.2031586759123
0.5399464493817,1.0000000000000,0.6655721407567,0.6508024224746,0.3621859057653,0.5700516098324,0.4911351676460,0.3640202495901,0.2743198863805,0.3862964855960,-0.0829986993633,0.1061996558383,0.1200983467914,0.2404243607906,0.5337309020039,0.1386344174193,0.0131988204635,-0.0578872165195,0.2746229526217,0.2207447183129,0.2437145523393,-0.2908482028478,-0.4709512623306,0.0389708635969,0.2969437081860,-0.3394744074308,0.0607728037520,-0.1388599329240,-0.4530610280220,0.2994922692230,0.1772185949945,-0.1926347184209,-0.2832603682612,-0.6034322927252,-0.1226553176964,-0.0109453348500,0.0986215282109,-0.0772116845417,-0.1610295183010,-0.5781932820381,-0.3554146123157,0.3614642047626,0.1397273653524,0.2324814561861,0.1378483513980,-0.5485847432373,-0.4404756575108,0.1048032683549,0.6810597351177,0.1136864749188,0.6303525135606,0.8607326249640,0.1434764988896,0.6428773962513,0.3407264783730,0.1280091336830,0.4300316947695,0.4218384571254,0.3923706856672,0.2932885538637,-0.1492744791526,-0.0781792647935,-0.1866525804470,0.2314370793836,0.4594125116641,-0.4862369027116,-0.3063662435510,0.2271970126844,-0.0272754792544,-0.0690904748954,-0.1010883138871,-0.0755189895054,0.0974519658543,0.1134406263339,-0.4965986711233,0.1579316910509,-0.2010209208047,-0.1975142771082,0.3976415815830,-0.0521355954311,-0.0378188524848,-0.0607555705269,0.2996978350303,-0.5043973095937,0.0850048387559,-0.6300149692666,-0.0858608884273,-0.2194961937725,-0.6156929734367,0.0962679602132,-0.1115751749907,-0.5688745995512,0.2081123639166,0.0290745754470,0.0911545705211,0.0221199952073,0.3478884430550,0.2850494327987,-0.3109695295326,-0.5634932908048
0.6106720510456,0.6655721407567,1.0000000000000,0.6861810411405,0.5609438384336,0.8400238891958,0.7447350591173,0.5180502849554,0.4839807631122,0.5076335085334,-0.0654055152557,0.3455096159459,0.2806666444206,0.1008566684732,0.5073531945352,0.2293391922961,0.1589869876191,0.0308489817787,0.4125274794509,0.4168996438768,0.3266199549616,-0.2444778362784,-0.3279880983398,0.2143114041731,0.4935522678444,-0.1776673767035,0.4371704412346,-0.2647903521790,-0.6525929103743,0.2184569005808,0.2667542167204,-0.0832101879530,-0.1899194481488,-0.5934680546166,-0.1584778406527,0.0216366246458,0.2910370209749,0.0194920858500,-0.1147896658905,-0.4634054913711,-0.4746560803483,0.3807989096050,0.0359099876865,0.3041970801850,0.0481461846964,-0.4713876445933,-0.2752127601652,0.3167655516013,0.5654320657989,0.1217345193071,0.7588091270861,0.7604976960688,0.1359152507670,0.9116719879998,0.6055562033322,0.1945354141690,0.6441203340281,0.6575598547795,0.6314899236850,0.4785703320577,0.0915415431537,0.1887945799102,0.1483568101124,0.4724953282638,0.5627348000842,-0.5601528553704,-0.4465751578297,0.5491206083014,-0.0505594070549,0.1674859909576,0.0528470276048,0.1920091373242,0.4159326799095,0.3671234637986,-0.5283660633043,0.0788403078590,0.1781178403721,-0.3795235017062,0.2677865317386,0.0792131144835,0.2540905928175,0.1967412423562,0.2605159729714,-0.6931312713693,-0.0449439686874,-0.5649862517642,0.1025032465771,-0.1875606749039,-0.6848746598330,0.1745444518909,-0.0635968629940,-0.4422848180635,0.3396795283422,0.3247420813783,0.2848679044504,0.2701764027482,0.1171120986189,0.5023312576930,-0.0998434739401,-0.5571479238616
0.6593849195739,0.6508024224746,0.6861810411405,1.0000000000000,0.6556552132013,0.7925008080793,0.8091670940386,0.4302632171497,0.4049598796498,0.5500869791188,0.2227791406863,0.4510584162668,0.3337394690585,0.3463297653866,0.6802957874741,0.6052176921879,0.3241896357396,0.3231063787589,0.5628490641281,0.2979057381160,0.3995726823978,-0.1674936415123,-0.1770178790108,0.3491910895090,0.2641360464013,-0.1900728392175,0.1223555573296,-0.2186461113346,-0.3909369871361,0.0019325241366,0.3784724771267,-0.0420403736499,-0.0496058374092,-0.3077254201470,0.0498299799670,0.3652574495107,0.0537220874974,-0.0138834674761,0.0888755096590,-0.3187716766319,-0.1517859403653,0.4246475371016,0.2012202277793,0.0449450068565,-0.0225870918586,-0.3497760592601,-0.1919494197721,0.3876889817425,0.4025248010674,0.3243618021368,0.5649872829383,0.5902038039397,0.5476882475365,0.7285312413876,0.6403914634054,0.6575123154924,0.2586803869840,0.3488379441257,0.4134579801909,0.4480971612412,-0.0442004135581,0.0596879918988,-0.0249697662681,0.1816197273628,0.4490416597143,-0.2860332068865,0.0619153418341,0.1999045825994,0.2959041173249,0.0768062792701,-0.1666625779525,-0.1220799510468,0.3229592123744,0.0260215084109,-0.3301985084411,-0.0981825726784,-0.1700666152034,-0.2254635547103,-0.0068250360420,0.1490085168799,-0.1207611683262,-0.1517958530332,-0.0697162285285,-0.3291512332740,-0.2732033973907,-0.4025568887748,-0.0767319434104,0.1677238832909,-0.4078848086968,-0.0993371532003,0.0363570252838,-0.3449701474127,-0.0350077496753,-0.1315987801585,-0.1024471326543,0.2545197547818,0.0437509666052,0.1252567163018,-0.2382203248294,-0.3940578099739
0.8014166559685,0.3621859057653,0.5609438384336,0.6556552132013,1.0000000000000,0.6923581840375,0.6408075051684,0.0667693448584,0.1094621452881,0.3443075111387,-0.0320485971018,0.2061607270851,0.0343167624949,0.5514902936462,0.4537857938583,0.3863108310348,0.0311419389725,0.2476308751968,0.2538505152758,-0.0708263329426,0.0497641276508,-0.1175869691298,-0.0916698524077,0.1375585727360,-0.0117200182928,-0.1321240120332,-0.0170202629508,0.0263218800237,-0.1188191673560,0.1078360359135,0.0676341258699,-0.2335890969389,-0.0577903537535,-0.1503383614882,0.0406809637894,0.2496863422484,-0.1090587168506,-0.2114994277522,0.1814480790311,-0.0957774704060,0.0684573274582,0.3224309119958,-0.1356341058192,-0.2237159196178,-0.3527343101421,-0.2903527478113,-0.0794172489597,0.4484173136634,0.2805445786629,0.1998696741152,0.6772510760213,0.4203380284809,0.4487165343246,0.5389671815571,0.7499715795507,0.6311230872721,-0.0195980010254,0.0874629676997,0.1940744799453,0.1841349174284,0.3098713962196,0.1770716658155,0.1794827704432,0.0149462749570,0.5422128656634,-0.0051235048790,0.0878560557737,0.1253849519509,0.0887221966778,-0.1905036372306,-0.1051090507254,-0.0764119689378,0.1812221337995,-0.1936397510369,-0.1688809530973,-0.1534199975169,-0.1805621362705,-0.0560561752403,-0.0538208557528,0.0643992165003,-0.2257381398110,-0.3052718123629,0.1043278187329,-0.2051602150771,-0.5228974036185,-0.1348870723450,-0.0851401947140,0.2229560753761,-0.1643650859004,-0.2309101508481,0.1411699873445,-0.1503484820678,-0.1976588059013,-0.0522546526920,-0.1564687648172,0.4576476920901,0.2568175131664,0.2300765235641,0.1247618397625,-0.0197157069461
0.6556489250972,0.5700516098324,0.8400238891958,0.7925008080793,0.6923581840375,1.0000000000000,0.8407553753393,0.4490196693664,0.4278796583833,0.6174662741815,0.1506694491136,0.5141730002429,0.3578936104487,0.2162892245785,0.6874408912382,0.3855871527302,0.2709646070428,0.2044866651100,0.4311472260107,0.3536299539176,0.4043583317932,-0.1249792793557,-0.1505578814560,0.3692832105769,0.3579637035617,-0.0783930547807,0.3397600369121,-0.1743401586799,-0.4881878853508,0.0754167187754,0.3361132954274,-0.0015126369398,-0.0148791400393,-0.3310144161270,0.0671886045804,0.2210653213132,0.2609948459236,0.0884551041956,0.1173815114916,-0.2710248099028,-0.2573568049124,0.4606359469395,0.1671820796549,0.1823975170202,0.0427917990501,-0.3302525040032,-0.1429624276572,0.5655353613914,0.5213312254917,0.3406291267992,0.6311970846543,0.6303025529421,0.3231633555930,0.8871924528938,0.7709100743954,0.4349004934480,0.4186342164739,0.4389811784059,0.4698703198253,0.4606353998794,0.0969846088015,0.1442434178559,0.0812102975447,0.2721970860644,0.4141217946709,-0.3387243383860,-0.2128904620577,0.3265899324813,0.0910836632972,0.1274305796388,-0.1063758713466,0.0590120281394,0.4254588662658,0.1999156085606,-0.4536642623763,-0.0649303471807,0.0591202722310,-0.2320539991132,0.0619970366537,0.0699745900498,0.0950081625927,0.0022032793000,0.0406801463484,-0.4731929040903,-0.2129493067539,-0.3618733725188,0.0751447782416,0.0901909497345,-0.4900997022807,0.0529878123528,0.1202736135998,-0.2492803909981,0.1740447319863,0.1056199395091,0.1139961439746,0.4657186498016,0.0630764285902,0.2817873120967,-0.1520393826653,-0.4444022606044
0.5765003711356,0.4911351676460,0.7447350591173,0.8091670940386,0.6408075051684,0.8407553753393,1.0000000000000,0.5194157829136,0.5644322194681,0.5310344281326,0.1102317895472,0.4602183197586,0.3343562456788,0.1814380145774,0.5961427022183,0.5224892400837,0.2890723407401,0.3261821640202,0.5932977856597,0.4180357198669,0.2950448779639,-0.1485273407724,-0.2317012206840,0.3825452647283,0.3420044955374,-0.1069171343675,0.2629075698953,-0.1770107378424,-0.3775883638152,0.0761719608040,0.3552173761744,-0.1013061680442,-0.0983401691104,-0.2869071795455,0.0487527427752,0.3669716959729,0.1271736312583,0.0586090210062,0.0869216585295,-0.2207127494793,-0.1917082919402,0.3379834862654,0.0479648905151,0.0978553338707,-0.0388929552417,-0.3650572329832,-0.1469261711077,0.4622245089138,0.4455932782730,0.2490749408384,0.5599915283703,0.5356361810971,0.4289187949561,0.7514345475428,0.7729187644747,0.5688313910990,0.4493263385847,0.5335505631941,0.6133805772770,0.6160933969028,0.1186409007673,0.1377411620499,0.0695512655206,0.2921383449762,0.4919652977506,-0.3297695802289,-0.0944851682576,0.3840131199588,0.1986707826973,0.1951043724513,-0.1720933096869,-0.0508942749553,0.4663083611329,0.1750821019847,-0.4633360221699,-0.1385472716521,-0.0130272463158,-0.2315205945882,0.0768913507098,0.1158815166523,-0.0017023425732,-0.0810468605260,-0.0064928426333,-0.4571938226957,-0.3045176863547,-0.3806784833248,-0.0557636689154,0.1331784628367,-0.4885328561646,-0.0478564456740,0.0060811188792,-0.2326015592471,0.0846073813630,0.0361693094884,0.0152534500319,0.3737544303859,0.0497815142299,0.2236594138118,-0.1367313497999,-0.3991299628669
0.1718806998801,0.3640202495901,0.5180502849554,0.4302632171497,0.0667693448584,0.4490196693664,0.5194157829136,1.0000000000000,0.8793930075020,0.5148382293300,0.1448720356620,0.5089099506804,0.5322079914934,-0.2237874518878,0.3950172681682,0.3336076519339,0.5101350049868,0.3679468532498,0.7309001328191,0.8771418806876,0.4335120851751,0.0021526555727,-0.2175620666663,0.3923964018420,0.6426995288752,-0.0007019258202,0.4408576327006,-0.3898182873617,-0.4906397085704,-0.0921919878653,0.4560188939854,0.1561405961808,-0.0302377648449,-0.3172610743135,-0.3103884440628,0.1538242883133,0.0993477361245,0.3909812383507,-0.2787533754189,-0.3357024121923,-0.3342131965978,0.1562069229661,0.0744801058322,0.3971683906268,0.4121748391852,-0.1997021372788,-0.1232791729525,0.0670940476744,0.3848448782456,-0.0208063822012,0.2200556389393,0.3265057726717,-0.0265890854555,0.5115296790831,0.2695030448529,0.0842301477737,0.7084256795268,0.7718519998155,0.7679020016038,0.8184040156496,-0.2045995234141,-0.0029422437871,-0.0892619181710,0.4871068185345,0.1289919606324,-0.6241617555528,-0.1735588861987,0.5227039459291,0.3609271353510,0.6232621026535,0.0543774005029,0.0132734436607,0.4393928819989,0.6250516371111,-0.4335227430074,0.0108882049065,0.2093115369873,-0.3037537660089,0.1114162505674,0.2053958720966,0.2738651814857,0.3601193210589,-0.1886792718334,-0.5002498951734,0.0981837213122,-0.4614181832528,-0.1283641581196,-0.1761136870996,-0.6095178178384,0.2942086145204,-0.3071009037870,-0.3006964603182,0.3849392494506,0.0427231833626,0.1893270567851,-0.1081767862424,-0.1622087769693,0.1352642792141,-0.4169612161560,-0.6052924182874
0.1808570924353,0.2743198863805,0.4839807631122,0.4049598796498,0.1094621452881,0.4278796583833,0.5644322194681,0.8793930075020,1.0000000000000,0.5006520903631,0.1212994479408,0.4696917582801,0.4450628482898,-0.1825896132470,0.3293793984737,0.3736806882063,0.4030539322565,0.3227209820474,0.7991918543716,0.8613001218363,0.2924302279806,-0.0255001153088,-0.2155753812259,0.3881098493119,0.6984571609809,-0.0134063089534,0.4818304010693,-0.3605148536115,-0.4180643872752,-0.0761888226394,0.3666853981630,0.0631965347040,-0.0744249788501,-0.2440938933523,-0.3298481823362,0.2755896309688,0.1097609433411,0.3155672650030,-0.2698440930772,-0.2259721130657,-0.2630579237728,0.1749673799677,-0.0340139980880,0.3308005100820,0.2295005749053,-0.2157574294125,-0.1204111897155,0.0687821919598,0.3197192235635,-0.0487473713984,0.2314481706362,0.2525556515378,-0.0313722642863,0.4760856280851,0.3195353383671,0.0918473596810,0.7094348997896,0.7859079417947,0.7975584795518,0.9455961288578,-0.0315896050527,0.0519961507336,-0.0364272501483,0.4686862865697,0.2124520111506,-0.6005494971021,-0.1362478413594,0.5445722026317,0.3554296453815,0.6777084996244,0.0168766564726,0.0211907887557,0.5424987548275,0.6354584195380,-0.4200623584403,-0.1023131302316,0.2609948703657,-0.2941654333671,0.1078312450863,0.2082360457965,0.1875783407929,0.2729246232481,-0.1773188415099,-0.5180574151459,-0.0356108552047,-0.4111585183694,-0.1294746298579,-0.1945623420518,-0.5892699686465,0.2260572383205,-0.3526902910047,-0.2365765207334,0.2981288352764,0.0993652378182,0.0906681224669,-0.0514564039057,-0.1491409588743,0.1800564590917,-0.2982133747678,-0.5359432206656
0.3726488909668,0.3862964855960,0.5076335085334,0.5500869791188,0.3443075111387,0.6174662741815,0.5310344281326,0.5148382293300,0.5006520903631,1.0000000000000,0.3560776938505,0.5869357930751,0.2849313413484,0.1622397548863,0.5467634622414,0.2909583646463,0.2512940174004,0.2361489106404,0.4989020710272,0.4908509041640,0.5150103425972,0.2418171298768,0.1277436449633,0.3559075581819,0.4602868102350,0.0097185263264,0.4048241997637,-0.2025884780425,-0.3380414343125,-0.1062714164080,0.3560075539348,0.1814744461101,0.1068298656066,-0.1511000045934,-0.1748041073062,0.1191437263709,0.2201404243398,0.0217244922260,-0.2534297947293,-0.2866666961433,0.0010221181899,0.6530884754476,-0.0097245747075,0.1528689733540,0.0288977029116,-0.0123580054910,0.0788444996380,0.1712974161588,0.3178680133382,0.4153150638222,0.2853056897348,0.3602903093123,0.0797888194832,0.5726910366992,0.4149499488398,0.2663812070397,0.3616460327609,0.3631267242638,0.3585759531650,0.5388890060649,0.1166505822038,0.0295865857847,-0.0448041498576,0.0623813080971,0.2669509571108,-0.5263815595641,-0.1224158809781,0.1289682828906,0.2315967408875,0.2736433292954,-0.1758220357304,0.0992669262058,0.3457594125394,0.3222227111459,-0.3662728508056,-0.0330842266210,0.0935101409139,-0.3087546596812,-0.0208172146005,0.0211512681842,0.1747382785572,0.0247238627614,-0.2024431064010,-0.4330138971236,-0.1525917796293,-0.1975153100532,-0.0643671600428,-0.0463988346200,-0.4893218605373,-0.0420060335117,-0.2481686179144,-0.2911595428084,0.1379095241291,0.0737515268532,0.1110678410866,0.0954525485178,-0.2092643855380,0.2002275925568,-0.1363267454566,-0.3611364075936
0.0369868597218,-0.0829986993633,-0.0654055152557,0.2227791406863,-0.0320485971018,0.1506694491136,0.1102317895472,0.1448720356620,0.1212994479408,0.3560776938505,1.0000000000000,0.5905834149304,0.2483673715354,-0.1401582387889,0.3030706491148,0.1513588197831,0.3248952009557,0.3919019808730,0.1035257174505,0.1595112091996,0.4415536078370,0.2220978403039,0.4221963160598,0.4228172539150,-0.0442944514872,0.3550849113220,0.1119301508652,-0.1747677136307,0.0075264056336,-0.5497333205753,0.1298110002151,0.4749891932536,0.1145555020487,0.1696638610308,0.2004727224969,0.1684734294467,0.1228351077128,0.2784125346934,0.1113949658743,0.1251822986816,0.1526383145116,0.1159076921909,0.2866418066729,0.0607587536147,0.1780493633511,0.2282106449879,0.1267647878988,0.1922241111657,-0.1398122523365,0.2831549545301,-0.2410144133135,-0.1124429294222,0.2921708997823,0.0911454744885,-0.0074827269073,0.2970228712260,-0.1517437013763,-0.1663928569358,-0.1386260617396,0.1074929844904,-0.2694287316276,0.0488196461968,-0.0655792707153,-0.1318794166480,-0.3369717024243,0.1374441929014,0.1192338900222,-0.2410735060178,0.3029832614179,0.1442769148184,-0.1292189184715,-0.0777649519842,0.2056914539173,0.0057435906304,0.1414949375962,0.1260045547646,0.0239916807770,0.0001595417307,-0.3019924650896,-0.0250268685524,-0.0186217788111,-0.1239970852499,-0.5776722709115,0.1813867327156,-0.0447619181430,0.1522936820281,0.0942471073913,0.2920469168945,0.1847058581822,0.0703074347465,0.1098221804935,0.2321648638823,-0.0127310966713,-0.2998959071912,-0.1581114627683,0.0514881292234,-0.3991969402986,-0.4559429314140,-0.2461021081037,-0.0323320250021
0.1934669382282,0.1061996558383,0.3455096159459,0.4510584162668,0.2061607270851,0.5141730002429,0.4602183197586,0.5089099506804,0.4696917582801,0.5869357930751,0.5905834149304,1.0000000000000,0.6076342454072,-0.0149852036842,0.4858427491874,0.3286854072698,0.5355030033955,0.4373804892476,0.3407781572930,0.4534956695485,0.4892917875290,0.2034471938610,0.2784899210551,0.5637234586714,0.3208919936717,0.2496798491484,0.4542730106233,-0.2016614532082,-0.3208910527938,-0.2163089880124,0.3055836208833,0.3209592581651,0.2535743739211,-0.0590072546028,0.0084392104968,0.1207941302782,0.2203166674732,0.2337470484673,0.0513804701158,-0.0186777714786,-0.0773374227409,0.2900200751393,0.1087732066912,0.1613523932564,0.1892691165598,0.0974295491701,0.2158438429568,0.3393730034093,0.0943378239398,0.3516652948543,0.0915327334184,0.1402922327298,0.2376041105935,0.4532787619560,0.3732341387656,0.2800805274538,0.3365672307432,0.3067521529796,0.3730091464309,0.4513712260911,0.1026548403115,0.3391791406451,0.3182850447905,0.3572067277313,0.0106260096432,-0.2024003687900,-0.1099482516320,0.2920580106564,0.1815195034927,0.2930810368109,0.0752631972214,0.1958569765212,0.5389003321565,0.3611744058212,-0.1442569446465,-0.0663638285410,0.2542688888666,-0.2247676882517,-0.1782379163922,0.2238571410009,0.1971758061706,0.2179548363867,-0.2519885597464,-0.2526289177857,-0.1811416715594,-0.1073945017759,0.1225420003000,0.0960526393768,-0.2180863283547,0.0611188574273,0.0435941199910,-0.0093634958445,0.1625892671837,0.0964220071815,0.1802993574252,0.2554077579977,-0.3184197381601,0.0804049140063,-0.0453906653183,-0.1758079196605
0.0051022182104,0.1200983467914,0.2806666444206,0.3337394690585,0.0343167624949,0.3578936104487,0.3343562456788,0.5322079914934,0.4450628482898,0.2849313413484,0.2483673715354,0.6076342454072,1.0000000000000,-0.2086678562854,0.2765896576515,0.1806912528259,0.7069382210332,0.2406392719812,0.3453261660561,0.4579499160820,0.3922074816063,0.0326568456655,-0.0169046911492,0.4807895767170,0.3201882030639,0.1199945835159,0.3345295607523,-0.2282967726176,-0.2707110364870,-0.0748651859974,0.3900708983377,0.1652453325082,0.3218646276311,-0.0702257741077,-0.0624517533626,0.0801547218267,0.2075139084664,0.3274303270894,0.0560154278584,-0.0504769249882,-0.2231217374944,-0.0054940395562,0.2298877565959,0.2754669284124,0.3151778608687,-0.0552494967962,0.0064379336982,0.1099684900672,0.1247572496626,0.1555591505764,0.0196315348797,0.1002169046558,0.1046770967005,0.3372949415952,0.2028395319062,0.1491871346162,0.4745157776165,0.4474277558545,0.4377618256636,0.4005070850771,-0.0446692038672,0.1870599269420,0.2910802549424,0.6525646527482,-0.0559929758644,-0.2417795622332,-0.1204798416723,0.4317967620856,0.1632884606020,0.2721431622929,0.2234767802005,0.1561028847906,0.4189648888646,0.3238556192677,-0.1557535080035,-0.0873740773360,0.1666075782431,-0.1519121452575,-0.0153575346852,0.2761780619821,0.1537382302331,0.3431790602902,-0.2602241728756,-0.2148307430727,0.0189432741161,-0.2802474470797,0.1235723738386,-0.0149087098076,-0.2290510886411,0.1165974338660,0.0407135567921,-0.0340765170081,0.1954548759940,-0.0202336285406,0.0850560989798,-0.0062754027268,-0.2446792857027,0.0637078940608,-0.2216737759985,-0.3046443132887
0.5615467626529,0.2404243607906,0.1008566684732,0.3463297653866,0.5514902936462,0.2162892245785,0.1814380145774,-0.2237874518878,-0.1825896132470,0.1622397548863,-0.1401582387889,-0.0149852036842,-0.2086678562854,1.0000000000000,0.2041490361887,0.3918608772857,-0.1285660308458,0.3025707638571,0.0354151234119,-0.2997566552765,-0.0671293960075,0.1008144099162,0.1602581834240,0.0340645514783,-0.1144377872273,-0.0762803850541,-0.1601889593318,0.3420615681047,0.2280895956208,0.3486815079238,0.0229690382848,-0.2307284403960,0.2329902530056,0.0887382473788,0.0951427455547,0.1884423487101,-0.2389735515788,-0.3905694899079,0.1040607032717,-0.0244029358010,0.3699336799194,0.4059691855333,-0.2165682755595,-0.4767125377622,-0.3707890247733,-0.0019997371521,0.1208373094653,0.1765728810303,0.0566439790209,0.3057945837604,0.2743388693733,0.0927553723426,0.3182540094696,0.0518489205958,0.3181699601406,0.4290773844070,-0.3164658253375,-0.3181446811431,-0.1546101113063,-0.0962594173169,0.4024702759019,0.2050168639572,0.1491518400368,-0.3081215217503,0.4638544622240,0.1030510870342,0.3072642724820,-0.1787153360578,-0.0088589841609,-0.3989113542414,-0.1042390331114,-0.0318441269006,-0.0312729255446,-0.2939644212898,0.0850663233648,-0.2432116458900,-0.2381717781068,0.0774227736489,-0.1124324957686,0.1614692319958,-0.3304637222033,-0.3552992532599,0.2157604996152,0.0809122540382,-0.4164289321243,0.0862961322440,-0.1820614435376,0.2677615211392,0.0985628054985,-0.4552647309315,-0.0225151234336,-0.1971908500419,-0.4318055474709,-0.0313736356789,-0.2780036085928,0.2725086889750,0.2748363232308,0.1933594974529,0.3272249646570,0.3273520293610
0.4638776217091,0.5337309020039,0.5073531945352,0.6802957874741,0.4537857938583,0.6874408912382,0.5961427022183,0.3950172681682,0.3293793984737,0.5467634622414,0.3030706491148,0.4858427491874,0.2765896576515,0.2041490361887,1.0000000000000,0.2412743835723,0.2710509917905,0.2456033490263,0.3133523544163,0.3230496839441,0.4319654679564,-0.0242488193252,-0.1827368804485,0.2721491939310,0.2085839005189,-0.0922211974815,0.1443302925781,-0.1240988286887,-0.3375441580299,-0.0533234659006,0.2438105588249,0.2141951290778,-0.0515154655178,-0.2153119889316,0.0728408384456,0.1338430809670,0.1543113051703,0.2379930136470,0.1868073150275,-0.1845206464539,-0.0110354645737,0.5215063390637,0.3504074776089,0.2172502912046,0.2905985634333,-0.1493216346737,0.0535974927921,0.4355674363237,0.4000554119417,0.5439591404792,0.3039030393757,0.4845867209989,0.2945284324735,0.6128336279448,0.5211320020392,0.3998140958801,0.2216894146133,0.2444717369082,0.2847491010579,0.3659682904618,-0.1963068521255,-0.0314963788425,-0.1617993768632,0.0497970843005,0.1983346534083,-0.1350024646939,-0.0721161344993,0.0302089350153,0.2368252684602,0.1940148793490,-0.2925609253556,-0.2216006524605,0.2182073885305,0.1010300331605,-0.3227716342919,-0.0106015231131,-0.1379407024610,-0.1197980112428,-0.0845669642298,-0.0425121697809,-0.0520149856909,-0.0849418795551,-0.1024895289974,-0.2303827158115,-0.0459271444611,-0.2616969429191,-0.0036954086256,0.0653523433398,-0.3341195363504,0.1555322751498,0.1900399800439,-0.1447490138290,0.1734560777005,-0.1033986042257,0.0617481420477,0.2861016362388,-0.1468542666228,0.0125996237731,-0.2780052902322,-0.3628338373367
0.3784602521718,0.1386344174193,0.2293391922961,0.6052176921879,0.3863108310348,0.3855871527302,0.5224892400837,0.3336076519339,0.3736806882063,0.2909583646463,0.1513588197831,0.3286854072698,0.1806912528259,0.3918608772857,0.2412743835723,1.0000000000000,0.3237459075776,0.5957071896839,0.6737992638682,0.2890164434019,0.2787859757413,-0.0693620038089,0.1525662900501,0.4027636360860,0.2377906371295,0.0042048462377,0.1386280676976,-0.2141714283293,-0.1369405624105,-0.1084385363600,0.5757284964344,0.0191671539092,0.3187102734858,-0.0297792666132,0.2577784631489,0.7051270124413,-0.0697403496973,0.0041209303131,0.1781154476096,-0.1365543210838,0.0037183515906,0.2381747236257,0.1004928537605,-0.2167041763268,-0.1575160779521,-0.0976659860623,-0.0328908831041,0.2937610712561,0.0164639108255,0.1632718551965,0.2380565182112,0.0870542578985,0.4119445635044,0.2730484713775,0.3903011647026,0.5252212597659,0.0326919006916,0.1075655017205,0.2884150572534,0.3937667812069,0.1022731555722,0.1812489464657,0.0850637046990,0.0593619777129,0.2592908541552,-0.1230893411706,0.4908565318915,0.1801334986110,0.3997921040771,0.1575427325085,0.0032374317680,0.0007833069774,0.3201295957360,0.0125881351898,0.0277869481447,-0.3104529691395,-0.0177004542144,-0.2194525922162,-0.1860014901394,0.5290672522671,-0.0507137554276,-0.0175858291841,-0.1548473005984,0.0011115194358,-0.3805461704684,-0.1022953543799,-0.1241688450449,0.4587316644234,-0.0861405561342,-0.2973908200663,0.0028865865737,-0.2326863775352,-0.2877422937115,-0.1676336117020,-0.2620020131964,0.2188576910828,-0.0492667670494,0.0377756113407,-0.0278591668328,-0.0350235222791
-0.0151095057795,0.0131988204635,0.1589869876191,0.3241896357396,0.0311419389725,0.2709646070428,0.2890723407401,0.5101350049868,0.4030539322565,0.2512940174004,0.3248952009557,0.5355030033955,0.7069382210332,-0.1285660308458,0.2710509917905,0.3237459075776,1.0000000000000,0.4851740741296,0.4838796028600,0.4154665952852,0.6785155746612,0.0256884984557,0.1373576086304,0.6086356597614,0.2828494613178,0.1548902353398,0.2300018156964,-0.1882673365016,-0.1784665133327,-0.0443695305763,0.5768933561529,0.1913627893025,0.3746133085139,-0.0430503588806,0.0726081007198,0.3069525738300,0.2687333238395,0.1931705693347,0.1730761963794,-0.0624878082674,-0.1214776452908,0.0380028878142,0.3682919900185,0.0206449136605,0.1799187636414,-0.1027391808443,-0.0578211133033,0.2442925819177,0.1366198694184,0.1965678878360,-0.0876290363468,-0.0131620528887,0.2488019145922,0.1795269505557,0.1477677377420,0.1556128964155,0.2679668388409,0.2753911261393,0.3627234296805,0.3561865108699,-0.1904111543217,0.1921533898328,0.0672467217616,0.3194036736934,-0.0664658389596,-0.1060999182179,0.0346232429671,0.3632887804647,0.2945714391702,0.2849532589690,0.2443730107358,0.0258974727422,0.4094341500825,0.2507795389706,-0.0020785540864,-0.1456248527173,0.0836736298481,-0.0694866822687,-0.0871225559791,0.4100066839537,0.0435658915259,0.2347844499336,-0.2988546750443,-0.0858069250360,-0.0985261942859,-0.2624790187258,0.2022253423507,0.1131271747066,-0.0688634327852,-0.0186808018812,0.0556770660880,-0.0521612071769,0.0056689271919,-0.1925327932548,-0.1726245711975,0.0728783897465,-0.1973536052862,-0.1113184720902,-0.2444559628446,-0.2268392475948
0.2160010378461,-0.0578872165195,0.0308489817787,0.3231063787589,0.2476308751968,0.2044866651100,0.3261821640202,0.3679468532498,0.3227209820474,0.2361489106404,0.3919019808730,0.4373804892476,0.2406392719812,0.3025707638571,0.2456033490263,0.5957071896839,0.4851740741296,1.0000000000000,0.4420478019949,0.2751261920079,0.3355603996820,0.0665332856154,0.3433701445260,0.5000524382058,0.2100403307767,0.2948246074895,0.1100890985607,-0.1657059559801,-0.0082293994369,-0.2046279465429,0.4487354760178,0.2571603315097,0.3418840192998,0.0432465150150,0.1474253680980,0.3347837833663,-0.1666556286732,0.1523666624864,0.1720162268075,-0.0241552181338,0.1504113510189,0.1232658281861,-0.0545413423826,-0.2011500163831,-0.0550779480447,0.0222698415199,0.1312681762071,0.3275038397538,-0.1250682680812,0.1491777844528,-0.0313296297168,-0.1280202148651,0.3485671455503,0.1022899150941,0.2633861892492,0.4496768671099,-0.0648816379598,-0.0069118731443,0.2628721756329,0.3422727518819,0.0002741201535,0.2030174131259,0.1258901107280,-0.0407286528942,0.0896188346758,0.0132650221757,0.3237428159177,0.1323100789092,0.3372322861002,0.1272023485307,-0.0355744600461,-0.0531609949994,0.3361418550823,0.0100556681003,0.0526191746302,0.0527025680588,0.0191973545382,-0.1840066841763,-0.2774088390679,0.4214037503538,-0.0117592878274,-0.0747761586225,-0.2990425957688,0.0329268358702,-0.2805621003160,0.0262705172481,-0.1390389576179,0.4373948915874,0.0212459468661,-0.0989067213216,0.0662806010387,-0.0473701986013,-0.2131085691455,-0.2143906092671,-0.2135998125077,0.2395518210681,-0.2054583846678,-0.1465338606579,-0.0785871440693,0.0283993746004
0.2780006536815,0.2746229526217,0.4125274794509,0.5628490641281,0.2538505152758,0.4311472260107,0.5932977856597,0.7309001328191,0.7991918543716,0.4989020710272,0.1035257174505,0.3407781572930,0.3453261660561,0.0354151234119,0.3133523544163,0.6737992638682,0.4838796028600,0.4420478019949,1.0000000000000,0.6755938649614,0.4031613040373,-0.0915563010760,-0.0998822339018,0.3957089823768,0.5562626572115,-0.0894371460901,0.2555820935729,-0.3005756409729,-0.2833512190890,-0.0616206449585,0.5562471456918,-0.0348960339050,0.0414934200113,-0.1826542887446,-0.1389719321860,0.5993760603141,0.0411104764911,0.1411527453966,-0.1081395269255,-0.2559456381400,-0.1573757047388,0.2137102388480,0.0895447916963,0.0928638111409,0.0234549276616,-0.2805377514624,-0.2229860292681,0.1079533161579,0.2716676110655,0.0017022931620,0.2558545511546,0.2004753327600,0.1504622543833,0.4005902917134,0.3421620134175,0.3251538574368,0.4258981333257,0.5608931858898,0.6378149281205,0.7868911898582,-0.0756222617258,-0.0450694468270,-0.1550992959199,0.2345812841792,0.2654060761223,-0.4840963213707,0.2187539446755,0.3896864621612,0.5457420265448,0.4970516852350,-0.0171824727001,-0.0882772090859,0.3979889482233,0.3327682809472,-0.2727491498270,-0.2166084392182,0.0358882318581,-0.2412607864957,0.0288671357340,0.3396453248597,-0.0251168769074,0.0356272251950,-0.2238856709435,-0.3102603661322,-0.2320666522424,-0.3845545714976,-0.1401409263761,0.0824521244652,-0.4323754423020,-0.0739505446515,-0.2648159189986,-0.3140488360340,-0.0056818689972,-0.1441749732104,-0.2088993650138,-0.0630546047303,-0.0962131488163,0.0497329224042,-0.3340376330812,-0.4408222630037
0.0684778571603,0.2207447183129,0.4168996438768,0.2979057381160,-0.0708263329426,0.3536299539176,0.4180357198669,0.8771418806876,0.8613001218363,0.4908509041640,0.1595112091996,0.4534956695485,0.4579499160820,-0.2997566552765,0.3230496839441,0.2890164434019,0.4154665952852,0.2751261920079,0.6755938649614,1.0000000000000,0.3796519223793,0.0656762903481,-0.1075679372987,0.3405355324968,0.7620482060612,0.1436660310218,0.6304307285273,-0.4061983797207,-0.4641046501773,-0.1862805880984,0.4693355510793,0.3306128913451,0.0818663923125,-0.1932277957954,-0.3195187473767,0.1453675243261,0.1824128939479,0.5571213907173,-0.2673027889623,-0.2110995675970,-0.2769343147141,0.1675601872598,0.0510333093777,0.5269794277051,0.4855977954309,-0.0501933738537,0.0326493893661,0.0130634059495,0.2766507456498,0.0252716315995,0.1089465748052,0.1942645876072,-0.1803463296532,0.4457661681312,0.1741810852003,-0.0666135682491,0.7188433637952,0.7268755265823,0.6841097131340,0.7891629979315,-0.2010787922752,-0.0673198763701,-0.1225154104345,0.4087148837894,0.0315915258910,-0.6119915719657,-0.1912708207757,0.4507727517515,0.2613534894640,0.7785104578873,-0.0369932682741,0.0905527616974,0.3920674282265,0.7364321337313,-0.4507907870217,-0.0273852062635,0.3978099622469,-0.3053694280540,0.0949639882727,0.1594643839214,0.3713552439133,0.4420450517348,-0.2214201678463,-0.4843456872055,0.2127252122085,-0.3252332358616,-0.1147983458753,-0.2286705477906,-0.5898470508988,0.4207818665294,-0.3063638522884,-0.1490496383572,0.4940853573175,0.1725358606355,0.2572254655194,-0.1361153411259,-0.2573111021714,0.1224218741639,-0.3772782030157,-0.6035348209239
0.0942714666078,0.2437145523393,0.3266199549616,0.3995726823978,0.0497641276508,0.4043583317932,0.2950448779639,0.4335120851751,0.2924302279806,0.5150103425972,0.4415536078370,0.4892917875290,0.3922074816063,-0.0671293960075,0.4319654679564,0.2787859757413,0.6785155746612,0.3355603996820,0.4031613040373,0.3796519223793,1.0000000000000,-0.0109994491567,0.1870816609281,0.5169151274243,0.3295011001594,0.1185446273076,0.2583011657772,-0.2850278092706,-0.3749952185793,-0.0773520634324,0.6122631730123,0.3318153081958,0.2913176632254,-0.2290833792006,0.0934675900349,0.2173302121512,0.3797170631501,0.0876840795843,-0.0150092273794,-0.3390815082965,-0.2216699282979,0.3819929413570,0.4994839538868,0.0753169914237,0.1473435663806,-0.2061442530855,-0.1714206069205,0.2338274662603,0.2742204424837,0.4479806283212,0.0440767621187,0.2592470816662,0.2332242959851,0.3995908197999,0.1169397527133,0.1060974314612,0.2523700657654,0.2149508926185,0.2530998604543,0.2791862518729,-0.3440681452952,0.0689207620399,-0.1233881348427,0.1000069913550,-0.0157154237083,-0.2611162879087,-0.0893479731823,0.2017310538037,0.2843927549817,0.2441539510757,0.1562361342836,0.0883109356718,0.3303545690199,0.2467321778549,-0.0338991283049,0.0277701067702,0.0283137186421,-0.2004481483858,-0.0606587371082,0.2857575289457,0.2546317721710,0.2195785167950,-0.3028635258972,-0.2012269581997,-0.0133831535896,-0.3117248140786,0.1592318031048,0.0871298605759,-0.2025643885979,-0.0060204733907,-0.0370809514554,-0.2664892348632,0.0691858443458,-0.1651794021954,-0.0599174835445,0.0490559829885,-0.2431436984624,-0.1012383075832,-0.3182732334414,-0.3644100740384
-0.1266378158236,-0.2908482028478,-0.2444778362784,-0.1674936415123,-0.1175869691298,-0.1249792793557,-0.1485273407724,0.0021526555727,-0.0255001153088,0.2418171298768,0.2220978403039,0.2034471938610,0.0326568456655,0.1008144099162,-0.0242488193252,-0.0693620038089,0.0256884984557,0.0665332856154,-0.0915563010760,0.0656762903481,-0.0109994491567,1.0000000000000,0.4700740212723,0.2154623772851,-0.1304238814664,0.4506971712098,0.1242197366832,0.3710759194889,0.4679478135525,0.0239693775298,-0.1341865263959,0.3256504121466,0.1536332719090,0.4959870445304,-0.0991512807011,-0.0330083556826,0.0116888358431,0.1387175888648,-0.0629842070918,0.4308790537568,0.6697807520111,0.0348414071693,-0.2212912793943,-0.0132624453589,0.2007933140185,0.7607695259645,0.6740641722576,-0.1214974020391,-0.0015997110903,0.2145254600523,-0.3977279069420,-0.4750409921436,-0.1121973404520,-0.2684677608145,-0.0637109755280,-0.0219998051985,-0.1421007492487,-0.1992073306106,-0.2123318866306,-0.0823725160244,0.1056997626250,0.1313398508784,0.0540956224708,-0.2342145450178,-0.3313818613477,0.0560170701341,0.0327618459042,-0.2758246276240,0.0577529786506,0.1509556354210,-0.0804463375104,0.2567391437867,0.0624991001594,0.2453220054583,0.1691382183328,-0.0459351267917,0.1490535869956,0.1919861613411,-0.1193097661933,-0.0860809131653,0.0321856724777,0.0787853196385,-0.2644471628990,0.1793799948234,0.1077957776406,0.3759054319568,0.0481953524158,0.0692602299971,0.2546007658419,0.0920004618850,-0.0789350050272,0.3690897371517,0.1256478617288,0.0819876990207,0.1186619006091,-0.0714818509779,-0.1010237902792,-0.0290729353788,0.1583373491583,0.2707695531716
-0.0464985315588,-0.4709512623306,-0.3279880983398,-0.1770178790108,-0.0916698524077,-0.1505578814560,-0.2317012206840,-0.2175620666663,-0.2155753812259,0.1277436449633,0.4221963160598,0.2784899210551,-0.0169046911492,0.1602581834240,-0.1827368804485,0.1525662900501,0.1373576086304,0.3433701445260,-0.0998822339018,-0.1075679372987,0.1870816609281,0.4700740212723,1.0000000000000,0.3830738868549,-0.0682882898836,0.6236514032137,0.2325639096587,0.0693584508069,0.2411448346882,-0.3028753279534,0.1209743647040,0.4546621113453,0.6119778891729,0.4189725854198,0.1384001995219,0.0740307495931,0.0399514546406,0.0288122701165,0.0932821828664,0.2752659148133,0.3445379350917,0.0472195775854,-0.0877828772761,-0.2083298054885,-0.1384911603169,0.5896957130930,0.4814392290408,0.0054715691944,-0.4225982792015,0.1902385272992,-0.3379252581621,-0.4955789622003,0.0013314667414,-0.2279433100422,-0.1519074812078,0.0477741808862,-0.3645419524206,-0.4390963495526,-0.3402092973464,-0.2308605973752,0.1336233052629,0.2356513105925,0.2564494342928,-0.3465164249365,-0.2908865319111,0.1998952884028,0.1853648797087,-0.2404787827675,-0.0299665979992,-0.0892092369268,0.0395797050130,0.4285812205150,0.1634054698141,-0.0264749122999,0.3887109185898,0.0398753317327,0.3255664599626,-0.0539338218559,-0.3178455565958,0.2005137272051,0.1926011880398,0.0469872874776,-0.3065636298601,0.2790788115523,-0.1430485936977,0.4836125470042,0.1362072788466,0.3188334140199,0.4167152512839,-0.1864041805347,0.0839537588357,0.2466178852989,-0.1968231523240,0.0413789954564,-0.0002593340475,0.0431361160920,-0.2645740341793,-0.1317722622738,0.2242710259581,0.3890174089780
0.1325553795212,0.0389708635969,0.2143114041731,0.3491910895090,0.1375585727360,0.3692832105769,0.3825452647283,0.3923964018420,0.3881098493119,0.3559075581819,0.4228172539150,0.5637234586714,0.4807895767170,0.0340645514783,0.2721491939310,0.4027636360860,0.6086356597614,0.5000524382058,0.3957089823768,0.3405355324968,0.5169151274243,0.2154623772851,0.3830738868549,1.0000000000000,0.2964830999984,0.3860918276290,0.3941898001129,-0.0819698415217,-0.1489397160489,-0.0769452698337,0.4558061012330,0.2742580352798,0.3510015729659,-0.0385020199790,0.2171673702945,0.3972999897185,0.3747609083829,0.1679027579753,0.2290377502339,-0.0136388353872,-0.0464215569317,0.1944127744368,0.2234315695736,-0.0085918256460,0.1150368006863,0.1150884834149,0.0853298645207,0.3201073388057,0.1126449686234,0.3106482804754,-0.0347974377115,-0.0495225498982,0.2788269479398,0.2865358862197,0.2768491614677,0.2246354217652,0.1909122993131,0.1363128001716,0.2746595161471,0.3460199310425,0.0097582942268,0.4632653400118,0.2492473285568,0.2448501930402,-0.0837306355400,-0.1193378960568,0.0177333470767,0.2971647886760,0.2256671621808,0.2657539333287,0.1985464187913,0.3496644632012,0.7827145218690,0.3631039036031,0.0966176710516,-0.0197768933684,0.2843176723406,-0.1641463941408,-0.0656140196870,0.5232945831274,0.1864215318565,0.2610936886404,-0.2471072249975,-0.0852354569131,-0.1216453252096,-0.1131667785857,0.3652425356801,0.3498321771839,0.0059608741309,-0.0427819194514,0.1195994252934,-0.0567791716639,0.0237049609787,0.0298875580287,0.0023999068806,0.2802825666645,-0.2070784676265,0.0527460141848,0.0113537697831,-0.0308208817616
