1.0000000000000,0.6349483921067,0.3370694857540,0.0818499697407,0.5516498033794,0.1172137185319,0.0450155995920,-0.1234317590897,-0.1988696635979,0.1442561900189,-0.0108280008854,0.0055543529893,-0.1010607852253,0.7369982954887,0.2838040299203,-0.2771778956372,-0.0310403339504,-0.0399652112664,-0.3781398425246,-0.1306537227380,-0.0966181429410,0.2641904484216,0.0823037852201,-0.0719402334919,0.1026637872067,0.0605029800274,-0.0562218073236,0.3139475390843,0.2186901542772,0.5903075002336,-0.1655436240346,-0.0164818811372,-0.0778071528049,0.3347614893915,-0.0393476114903,-0.2754072401623,-0.0297236924321,0.1452194237779,0.0125950935393,0.2284463595553,0.2986389962652,0.1332770654312,-0.2196463568240,0.2644789799021,0.1244786020266,0.1059512955041,0.2760625779589,-0.0234128528019,0.4620954353718,0.0923383215247,0.4235816312087,0.6293352329878,0.0351314943273,0.1729714128329,0.2012273072709,-0.1248872596508,-0.0901531906209,0.0542786352028,0.0567507050044,-0.0916787781623,-0.1485729162944,-0.0211649578105,0.0525755182042,-0.1277957563151,0.4799081077875,-0.0800768845394,-0.3444565417722,-0.0849018320361,-0.2978664825059,-0.1787866149287,-0.0690502745512,0.0070187053242,-0.0370216000948,-0.0354730948152,-0.2691754365980,0.0327254550713,-0.0754423318097,0.2145177598991,0.2879193095953,-0.2007843711270,0.0181934808853,-0.1604439798257,0.3494691154864,-0.3814049517242,0.0698150561631,0.1794251415364,-0.1326570110015,-0.1035305356093,-0.2564149700022,0.1158633505675,-0.0166909905272,0.1784220195164,0.2903534770525,-0.0296331885291,0.0867604082812,-0.0690538733582,0.5037156262682,0.0204242030560,-0.0442080326862,-0.1616261972558
0.6349483921067,1.0000000000000,0.3634661829968,0.1995359578306,0.3111055647453,0.0589523002937,-0.0675722366181,-0.0982384445106,-0.3654367182786,0.0911127028312,-0.2528338362011,-0.1586086420640,-0.1515532196286,0.8267606578493,0.4196183566410,-0.3751519608433,-0.1589987760974,-0.1410764626384,-0.5082861583787,-0.2238631654866,-0.1672576205347,0.2310479365536,-0.1586128771269,-0.2706467584346,0.0559455219948,-0.0012990350140,-0.3351794646402,0.5819711990529,0.3611662746774,0.6495560466373,-0.2060958976271,-0.1006923228549,-0.1592306891295,0.3163476686483,-0.0488111045664,-0.4564045374690,-0.2366575598683,0.2499068803002,-0.0655785978709,0.0253199014930,0.1276314208987,-0.0544218912085,-0.2807342094670,0.4018795351333,0.3439851816520,-0.1374831700163,0.2567363267707,-0.2085130807128,0.4277226922738,0.0829197796705,0.1083320869347,0.8744954646353,0.0982204158155,0.0686515307187,0.1384984901593,-0.2412931138419,-0.0693637328004,0.0123819113909,-0.0058004743133,-0.3539374465686,-0.2091521024630,-0.2572835152119,-0.1710529323651,-0.1833087411055,0.7873377255472,-0.0303719881766,-0.5127434798010,-0.1951831685039,-0.5212995829240,-0.3406533869166,-0.1777033544283,-0.1385181712494,-0.2065112260692,-0.1417598985132,-0.2371200549450,0.0933193248128,-0.3735162962387,0.4786823420581,0.4747444008236,-0.2928023214849,-0.1286890141276,-0.2309757259521,0.3429892250888,-0.4202307486407,0.2566654392540,0.1274493159771,-0.3339045988468,-0.3192972795383,-0.2374608797325,0.1518275434488,-0.1003637199852,0.1096910153478,0.4541474092429,-0.3420035133112,0.0084549762387,-0.2589018788847,0.4014531712514,-0.1840473437274,-0.1827323532422,-0.1929820041154
0.3370694857540,0.3634661829968,1.0000000000000,0.3490993973405,0.4310613404497,0.7657457911446,0.3565026847632,-0.0821246484930,-0.2241131028007,0.1254419512605,0.0800661557102,0.1731653759943,0.0201509152753,0.2717078119148,0.1670400039212,0.0833114958644,0.1510076977278,0.0853225958507,-0.0752145924610,0.1777889428370,0.2632039286431,0.0735914258116,0.3082208786379,-0.0474593021144,0.2763153100944,0.3500004027329,0.2649885091832,0.2642493548133,-0.0315074994572,0.1671702862776,0.2315007218713,0.4228251215293,0.2352468929407,0.4289758378467,0.3180086724208,0.0222250084860,0.2546929907877,0.2325798862656,0.1829262168257,0.0846111505098,-0.2062518350328,0.0920116864689,0.2218936152665,0.1263612401802,0.3382938893146,0.1339206010462,0.3507094238616,0.2525830350169,0.0743411016986,0.2259354593726,0.0078373104228,0.5114476775287,-0.0100734564546,0.8693535875233,0.2676521646752,-0.0170916599336,-0.0520049264322,-0.1043309042533,-0.0356901372299,-0.1201444186530,-0.1022515375204,0.0419121315646,0.1398154716081,-0.0919003289043,0.1625966396677,0.1498409412620,-0.0563206190251,0.0482683116324,-0.1142754466826,0.0619382409353,0.0233999853864,0.1576465309269,-0.1090735181364,0.1186828101567,-0.0596262571107,-0.0500714682492,0.1888664562899,0.2268630615041,-0.0047118163439,0.0324082700665,0.2127767111691,0.0591902104266,-0.0068489862005,0.0352744529193,0.0785184677424,0.1644738863607,0.0658561654427,0.1179421100968,0.1141873306570,0.0558261574908,0.0715884438672,0.0549553562170,0.0139693332028,-0.0099563790052,0.0989062866434,0.1051689177072,-0.0644881096155,-0.2221433729165,-0.2094053605924,0.0557160584739
0.0818499697407,0.1995359578306,0.3490993973405,1.0000000000000,0.2312801423653,0.4378426430349,0.5902996263498,0.2304845759126,0.2335308391945,0.2825696185973,0.4153710284569,0.3434162690231,0.3193264592888,0.0330351731834,0.4843562481853,0.3432475346392,0.3771078668892,0.3341314903441,0.1927062969207,0.3048226288392,0.4061829250291,0.0245605980083,0.2310949365961,0.3833042333327,0.1182469134869,0.1554805640554,0.3346724637236,0.2783574928957,-0.2500153787502,-0.1263263740996,0.3021548824105,0.3085434086646,0.3479740114701,0.4845956347155,0.2059976791107,0.1763015428930,0.3397365576225,0.1075720179003,0.2986721475570,0.1787745009150,-0.1311351972140,0.3479912979771,0.4584373949509,-0.0684890114236,-0.0008059870450,0.0280064788437,0.3330241174765,0.2901695499724,-0.0329519912231,0.3258899272124,0.2730109615695,0.2600117537607,0.7536567287736,0.2896058153862,0.4568135736884,0.5966382407217,0.1774875599008,0.0474954949032,0.2832513479226,0.3441199072233,0.0898190847082,0.3380117003256,0.2777049340069,0.1342122674043,0.1999224502219,0.3998838364430,0.2675659727603,0.2915952424749,0.1918176283737,0.1992893071445,0.0269387950149,0.1330137446177,0.2838668073364,0.1328755789934,-0.1235395108789,-0.3521515156480,0.2898774868276,0.3004996702722,-0.2005653722922,0.2757872343066,0.1949586139265,0.2331580241382,-0.1362910480970,0.1579540754989,-0.1984643993709,0.2191165345277,0.2716488002549,0.2724024553673,0.2031462890546,0.0317102564822,0.3032940105520,0.3024223765371,-0.2628158400697,0.1148431456442,0.1305118791021,0.2898757474912,-0.1600014672359,0.0382565498964,0.1443296360267,0.2488546028104
0.5516498033794,0.3111055647453,0.4310613404497,0.2312801423653,1.0000000000000,0.5149878500122,0.4363867519674,0.0298236069660,-0.0070961500959,0.3038644449538,0.3333890178327,0.2608892126542,0.1163413054315,0.4459884725542,0.4223473830494,0.0244708972951,0.1995745701399,0.2096472808273,-0.1530194378398,0.0645147722672,0.1148990686442,0.4005240545110,0.3685520571393,0.1959492038483,0.1995732301388,0.1808124355484,0.3105647107970,0.0673222037668,0.0049286657265,0.2542368571344,0.1633610073972,0.2588473084869,0.1521535306162,0.3719500620875,0.2426669136042,-0.0386390558828,0.3225628370486,0.2514697274183,0.2815869293781,0.2935015679691,0.2382041109892,0.4036744248898,0.0141868773799,0.1651616921499,0.1670023744752,0.3194034422542,0.3312454371749,0.3742787510369,0.3907761426774,0.1688558700366,0.5718192847762,0.3896599054273,0.1706038319758,0.4670507588845,0.5915855306676,0.2322701736019,0.0912829904014,0.0746649368874,0.1292269277559,0.0504460551491,0.1655122756983,0.2689087391064,0.2460634247274,0.0319545382130,0.3553871959271,0.0682852191630,-0.1084385756192,0.1267781922557,-0.1028046535935,0.0209350652917,0.0322133996592,0.2710051245162,0.2056176961657,0.1052396983751,-0.1642268632615,-0.0468485585882,0.2313802633145,0.0135493972360,0.0017540159014,0.0595561887658,0.2090020688037,0.0180555698756,0.2026218526400,-0.1064889129936,0.0494189691912,0.2463040415462,0.2505152253228,0.1584128496599,-0.0715776378059,0.1638256256392,0.2053709408448,0.2031302283790,0.0966941420668,0.1063282254857,0.0900168950492,0.3156542321742,0.2900500841925,0.1748521275805,0.2243148573456,-0.0255577058742
0.1172137185319,0.0589523002937,0.7657457911446,0.4378426430349,0.5149878500122,1.0000000000000,0.5788549880468,0.0608805349408,0.0600573641974,0.2763730772070,0.4210447010758,0.4585839285151,0.2582073807099,0.0406591474354,0.2401444463551,0.3424756145622,0.3581629696651,0.3514939019463,0.1504581492362,0.4119929951215,0.4631646632924,0.1230527419028,0.5404060472062,0.3403097041286,0.2246129605389,0.4137879086203,0.4883973777378,0.1887632266175,-0.0675901245833,-0.0769054434840,0.4070377063921,0.5135646234943,0.4403598267090,0.3534101537416,0.4517930588064,0.2463791987544,0.5098671753454,0.2375724522829,0.3599457003900,0.1510009524823,-0.1588674783690,0.2953708306988,0.3367804465179,-0.0253379394565,0.1554292341744,0.1948669811700,0.3134442197977,0.4809727896966,0.0401042463639,0.3278749714472,0.0959027419463,0.2025849113734,0.1159195171446,0.8578484242832,0.5231741327555,0.2561494576237,0.1834496073292,-0.0790487797957,0.0982350881483,0.1020675743349,0.1440261765712,0.3324141707040,0.4107224728528,0.1120179773349,0.0477172714745,0.2832229764286,0.1607748611462,0.3112475111304,0.0864475753862,0.2874853939120,0.1528263433266,0.3492242499539,0.2239257477472,0.2388062665974,-0.0668503708579,-0.1098225256852,0.3860888562799,0.1849932946698,-0.0749545675934,0.3127103293705,0.2841748422915,0.1998661590671,-0.1025339270355,0.1742069495436,-0.0619467697352,0.1288415194588,0.3984378373539,0.3589134678437,0.2063484098678,0.0782549616182,0.2977774617286,0.1934569389253,-0.1806733049911,0.1157427265270,0.1022553438298,0.4347524150081,-0.1575680970325,-0.0961573975075,0.0819511663795,0.2356697874718
0.0450155995920,-0.0675722366181,0.3565026847632,0.5902996263498,0.4363867519674,0.5788549880468,1.0000000000000,0.1346915604796,0.2794381476498,0.2595267517478,0.6502615407127,0.4295462015406,0.3493763134084,-0.0390140009846,0.3186617038755,0.4463326406400,0.4562663159699,0.4202655432687,0.1939614201952,0.4495735089253,0.5429274483948,0.2170446986326,0.5228511670935,0.5923361537565,0.2367629167837,0.4292506841401,0.7033150706577,-0.1100541296195,-0.1867266210261,-0.0661817565113,0.5308095027825,0.5016027239396,0.5479007174490,0.3556158426437,0.5640584255223,0.3328554687490,0.6507622359536,0.3303306897433,0.5697144781037,0.3617844441050,0.0953361574134,0.4178903501607,0.4359319204868,0.1120360751529,0.1114695264927,0.3517419692467,0.2831685911355,0.6360457350286,0.2109818041641,0.3483827831452,0.2226687229042,0.0550026929921,0.3581304302551,0.4830402287597,0.5850027211621,0.7349452456526,0.2565325837500,0.0232563434612,0.2282277693742,0.3521629077952,0.2274783829004,0.5670603896125,0.4351420546251,0.2065917182100,-0.0061897804500,0.3574544538904,0.3044355949465,0.4131385701701,0.2228163918327,0.3785657881243,0.1772082073859,0.4391978894708,0.4086305947725,0.3485361545757,-0.0973389227237,-0.0708986875185,0.6044917412002,-0.1166218447564,-0.2409844758250,0.4616198738789,0.3115266796222,0.4163961354687,0.0470037946246,0.1726762609855,-0.0170064492770,0.1943635241345,0.5880608680035,0.5826338738043,0.2509777185496,0.2822615084748,0.5256615303572,0.2857673305696,-0.1147993515223,0.3667211735293,0.1417888916554,0.5796750294702,0.0226372415559,0.2047843869592,0.2438293596935,0.4121213907896
-0.1234317590897,-0.0982384445106,-0.0821246484930,0.2304845759126,0.0298236069660,0.0608805349408,0.1346915604796,1.0000000000000,0.6862313497371,0.2931310984505,0.3179522449445,0.3455977177476,0.3434080242553,-0.0517836221455,0.1288854223154,0.4024347380732,0.4377372730308,0.5139292280916,0.5485199481909,0.5154552473130,0.0982497629365,0.0778546629509,0.1772035234663,0.3300345636959,0.2166073462818,0.0250282949239,0.2763707802870,-0.0878887470494,-0.2766725225608,-0.1662408149182,0.2989057547719,0.1058767354588,0.4219491374555,0.0463519038937,-0.1446865401841,0.2816142723154,0.1085654564753,0.0837218828358,-0.1078644835609,-0.0510292768513,-0.0585914217348,0.1100767731425,-0.0688359392916,-0.0666943524358,0.0143533528209,0.0328531541684,0.0646475351080,0.0916049909361,-0.0711560478622,-0.1787551052372,0.1458109952529,-0.0748530899926,0.2296632314210,-0.0608740406185,0.2695470016199,0.2648609185980,0.4569929812356,0.4870824263574,0.4319995978971,0.4606601204058,0.3072859436654,0.2234400081606,0.2666245710718,0.2813026874908,-0.0143211096674,-0.1938332277115,0.4579652987702,0.4418203097857,0.4102766381961,0.4777479845620,0.2369387269594,0.1804947598007,0.3346162292841,0.4601856036161,0.2797812909396,-0.0317712604743,0.1948857993906,-0.1101529632754,-0.2522650873220,0.3850228911856,0.0604887528681,0.2898024701960,-0.2021389732220,0.1477133727909,0.0819867083851,-0.1059589029332,0.0500953822216,0.1009933019590,-0.2091127448830,0.1111696933303,-0.0650519375295,-0.1101301879423,-0.0929713074284,0.0857663940219,-0.0143048437657,0.1228657118996,-0.0777914793066,0.2103575656661,0.2438837918749,-0.0907337549828
-0.1988696635979,-0.3654367182786,-0.2241131028007,0.2335308391945,-0.0070961500959,0.0600573641974,0.2794381476498,0.6862313497371,1.0000000000000,0.2344180778479,0.4555446773820,0.3737926653066,0.2849414976623,-0.2658165789060,0.0726535763375,0.4909502491800,0.4023020196422,0.4238842861044,0.7461450157247,0.5924578835787,0.2224216847607,0.0035662362254,0.2927350643363,0.5426465299154,0.2637990564662,0.0643236425519,0.4322864267068,-0.2933333354783,-0.3185776696870,-0.3249159505090,0.3086822455457,0.1419236120253,0.4472075038207,-0.0190600942023,0.0128675893812,0.4917628060325,0.3300169558149,-0.0421554167944,0.0679943416784,0.1062798286973,-0.0205266702909,0.2154968852295,0.1271233304275,-0.1444671513894,-0.1832955347254,0.1394779489821,-0.0185667346385,0.1667813817503,-0.1422886334820,-0.0552939812248,0.1968602889871,-0.3114068565594,0.2380998977582,-0.0723374686175,0.2391552788175,0.4217334113995,0.4182482558719,0.5295932145022,0.4177578496278,0.8042873672518,0.3572607628856,0.3936626998447,0.3234769955410,0.2108164328272,-0.2066854104236,-0.0515429219322,0.6041283477559,0.4243476608585,0.7095140327416,0.6173343326247,0.2441636801208,0.2338686112637,0.4855132678983,0.5195660995208,0.2519949776157,-0.0587083893542,0.3848208117535,-0.2635401781949,-0.3143425198545,0.4586368970922,0.1084506903748,0.3833897214227,-0.2159774806151,0.2933297858185,-0.0746607414202,-0.0711590823291,0.3533964932884,0.3032332849648,0.0093951132013,0.0749405346127,0.0824204363245,0.0145092101987,-0.1990046683097,0.2247843713442,-0.0028350300298,0.2504609534827,-0.0920023586266,0.2785804184575,0.3235068341487,0.1505921895677
0.1442561900189,0.0911127028312,0.1254419512605,0.2825696185973,0.3038644449538,0.2763730772070,0.2595267517478,0.2931310984505,0.2344180778479,1.0000000000000,0.3628884570808,0.5843712703102,0.5029852553372,0.1226685687285,0.4489784012532,0.0368441256563,0.5668626317380,0.1793345578441,0.1165148660645,0.2048727707074,0.4093736890646,0.6588307872513,0.4627411785567,0.3057911744750,0.1343420792047,0.1602540239135,0.3510240106774,0.0156796057670,-0.3326645621029,-0.1610019695785,0.1013178009480,0.1787154012351,0.3969094298487,0.3373041475901,0.0439164429222,0.0713586460375,0.3671896924462,0.0553150459646,0.1110096288731,0.1541867543016,0.1203943867829,0.4781428970720,-0.0266104029789,-0.0025305217374,-0.0293911615302,0.4267261684360,0.4504935986053,0.2021676008876,0.0098562189097,0.3410057800340,0.3217040399941,0.1185545836117,0.2772609116585,0.1938105587289,0.4516381543617,0.2667238687831,0.3757316988112,0.2442571686713,0.2231463527294,0.1973762329009,0.7700393690845,0.4206157461620,0.5395817564448,0.4362063494605,0.1934270210677,0.1105353618785,0.1339836504394,0.3549461354448,0.1604017212964,0.2034068431954,0.3733931003467,0.5584617725601,0.4041950429684,0.3792484031531,0.0019259821477,-0.1275842744487,0.3295165603979,-0.0519531740942,-0.3250473558081,0.2040379371318,0.3417449098239,0.4273783622613,-0.0213227844409,-0.0512510934143,-0.0310554085999,0.3389240438747,0.4002861224426,0.1655137189213,-0.0258188530447,0.2131796212689,0.2220122016201,0.1604861480006,-0.0541783080816,0.2314322066151,0.4365954145431,0.2562788210358,-0.0028345540620,0.4963594702078,0.5800494565230,0.2214190497135
-0.0108280008854,-0.2528338362011,0.0800661557102,0.4153710284569,0.3333890178327,0.4210447010758,0.6502615407127,0.3179522449445,0.4555446773820,0.3628884570808,1.0000000000000,0.7047444335723,0.4537009768178,-0.1235278993338,0.2639495256361,0.4143570223670,0.5445993969532,0.5680426193522,0.3100756892778,0.4700917715107,0.4966820001630,0.3337198491841,0.6489371336638,0.6477356838300,0.1419274578983,0.3587305323348,0.6934192629203,-0.1904757874528,-0.1863837150496,-0.1434103852671,0.4025276063577,0.4482895904099,0.5448733486596,0.2661443696670,0.2488427442279,0.2902777985211,0.5114659633221,0.1943895749810,0.3475724607565,0.3766749446374,0.1373979240070,0.4394108189062,0.2626682690086,0.0696251364778,-0.0218625554436,0.4388442393396,0.3118278207328,0.5118255928947,0.1952380837225,0.2268287063580,0.3160420297859,-0.1131702337677,0.3261872885959,0.2517147943414,0.5761062832632,0.5394895832802,0.3622548852020,0.1567180074893,0.3218893455000,0.4048018946805,0.3996150119399,0.8013624591538,0.6638357238828,0.3571016593707,-0.0448544161270,0.2374799080030,0.3228928236594,0.5418969354531,0.2830362109138,0.4308938663028,0.3021249126199,0.5938680828414,0.5267114209832,0.3796608738625,0.0098658101503,-0.0487175106121,0.6379398835036,-0.1995436671524,-0.2345112696673,0.4995512613053,0.3698565496675,0.5121167325156,0.0536874876993,0.0959056197840,0.0106230660377,0.2045951777179,0.5317954125816,0.4364347323972,0.1181787681395,0.2896775191811,0.3875291850543,0.2861714233932,-0.1387227721747,0.5114319768191,0.2062620497631,0.5696622620511,0.0546250891206,0.3274357065176,0.3817127481646,0.3803734124832
0.0055543529893,-0.1586086420640,0.1731653759943,0.3434162690231,0.2608892126542,0.4585839285151,0.4295462015406,0.3455977177476,0.3737926653066,0.5843712703102,0.7047444335723,1.0000000000000,0.6475907950082,-0.0723891021432,0.2202883433051,0.3418521132949,0.7480821359128,0.5022908272288,0.2962084902046,0.4431670668929,0.6049293337705,0.3518478116302,0.6857442202254,0.5157573564929,0.0495593194655,0.3598049744557,0.5356029297616,-0.0607778469740,-0.1333643030742,-0.2546104898960,0.3058131751549,0.3762658808524,0.5852826158125,0.0733479700167,0.1330185123250,0.2367092562459,0.4212897878357,0.0320370641687,0.0701755525593,0.0726990644957,-0.1847959377804,0.2611549880822,0.0343789859490,-0.1413207653078,-0.1531776926572,0.2432982290825,0.2617524680291,0.2602416894255,-0.0464471245384,0.1323875806439,0.1417299307237,-0.1251328814588,0.2294221102138,0.2890326009814,0.4296720986025,0.3672542538285,0.4871822537770,0.2113519767823,0.3881417079509,0.3365549276610,0.5644382672652,0.7578360265349,0.9020429219571,0.5775001316429,-0.0205981657549,0.0890928350757,0.3354014507058,0.6499954370953,0.2417184347338,0.4299773844688,0.5791558780759,0.6528701894898,0.5302755075315,0.4152775750354,0.1111908999496,-0.0057376462241,0.4302196013459,-0.0699108618405,-0.1666758255556,0.4945134189795,0.3898325494416,0.5000699754978,-0.2761152222326,0.0875207862653,-0.0927363164014,0.0283211305244,0.4795188773699,0.3607617558047,0.0047786627168,0.0726185875178,0.2210122423205,0.0786114747197,-0.2509905669416,0.2366969539416,0.2342025270460,0.3805475707230,-0.1990094401278,0.1915496689844,0.3695708182901,0.3411257904335
-0.1010607852253,-0.1515532196286,0.0201509152753,0.3193264592888,0.1163413054315,0.2582073807099,0.3493763134084,0.3434080242553,0.2849414976623,0.5029852553372,0.4537009768178,0.6475907950082,1.0000000000000,-0.1110137572835,0.1100473058387,0.2447444499667,0.6636494768396,0.3427772942182,0.1695017053079,0.2938518695921,0.3664305366712,0.1769017590020,0.3064414816947,0.4223738302014,-0.0317546706172,0.2094609291370,0.4012202958686,0.0394968388534,-0.2512967880068,-0.1608535718548,0.2795556438015,0.2969674494666,0.4516481425555,0.1988723922216,0.1182739243398,0.1523673159623,0.3815371160110,0.1334417262514,0.1556205672423,0.0330510463815,-0.0511110691830,0.2928791768098,0.0819875354610,-0.0985590873060,-0.0630395338273,0.1871685575831,0.2967165422684,0.2629640052118,-0.1024846994806,0.0873950680651,0.1628430531679,-0.1008625960413,0.2690705378063,0.1106463465155,0.3291844629645,0.4278517269145,0.4528551570977,0.1085870543313,0.2996895973477,0.2304094100619,0.4321696189341,0.5514427028851,0.6510562543562,0.9248418387529,-0.0757541806065,0.0254709227223,0.2248826222427,0.5933258640219,0.1425014823478,0.2352195515656,0.2881659506256,0.2709958445500,0.3528638431058,0.2936327916568,-0.0033066394045,-0.1486560463863,0.3330147432325,-0.0182041960728,-0.2521262205660,0.3575397623714,0.1907398161757,0.3563806785423,-0.2458888694274,0.0637086445202,-0.1247984275711,0.0816941745605,0.3590508955986,0.2015122186216,-0.0136072335645,0.0340607723435,0.2306020368034,0.0124438138869,-0.2861029614055,0.1860552742782,0.1850215227392,0.2932252320587,-0.1944958853955,0.1509493958285,0.2977298882059,0.1528430550025
0.7369982954887,0.8267606578493,0.2717078119148,0.0330351731834,0.4459884725542,0.0406591474354,-0.0390140009846,-0.0517836221455,-0.2658165789060,0.1226685687285,-0.1235278993338,-0.0723891021432,-0.1110137572835,1.0000000000000,0.4055743956203,-0.3033934708686,-0.0822101945626,0.0125325598266,-0.4835585609899,-0.1493140942849,-0.1337369185428,0.3155956815929,0.0015228066591,-0.1101915485794,0.1223447145573,0.1326078138743,-0.1782075450733,0.4159371602531,0.4168255118688,0.7879521188485,-0.1343878972462,-0.0784928402702,-0.1424095894865,0.2760354733974,-0.0417920958761,-0.3614033439239,-0.1680263077307,0.3152707850525,-0.0667760387332,0.1791900948148,0.3448819141264,0.0649715622337,-0.3897828636240,0.4446610253481,0.3354826097717,0.0268095046377,0.2421492589422,-0.1374263617391,0.5684853921159,0.0970961055224,0.2493443137505,0.7628058595546,0.0564135667682,0.0381844193937,0.1889793848486,-0.2135475716833,0.0040267093623,0.0736713083307,0.1123761918702,-0.2171220673792,-0.1532761781829,-0.1502850253240,-0.0822451234223,-0.1185400534391,0.7887268688266,-0.1292492024409,-0.4514669241471,-0.0835698834420,-0.4571719927171,-0.2578014963327,-0.0833618859336,-0.0339790200081,-0.0283940783916,-0.0375140184948,-0.2643990026893,0.2188036208029,-0.2163552805327,0.2774069065862,0.4915587415039,-0.1790794871857,-0.1405597640072,-0.2489615145061,0.4564288643861,-0.5140332568956,0.2591137009554,0.0795873479435,-0.2438704027699,-0.1560713345488,-0.3600934359839,0.2320078741556,-0.0942116297645,0.1356485703576,0.5153172299968,-0.2232325017594,-0.0380024814455,-0.1504720351938,0.5844417239423,-0.0908240540226,-0.0395355836864,-0.2285363534044
0.2838040299203,0.4196183566410,0.1670400039212,0.4843562481853,0.4223473830494,0.2401444463551,0.3186617038755,0.1288854223154,0.0726535763375,0.4489784012532,0.2639495256361,0.2202883433051,0.1100473058387,0.4055743956203,1.0000000000000,-0.0143318925430,0.2271606186573,0.2489184838880,-0.1268412409036,0.0417270772820,0.2830384687154,0.4311651244745,0.2984172030096,0.2664222925369,0.0258493037144,0.2084907023065,0.1081003469135,0.1457982046863,-0.1286500449329,0.1541388796104,0.0042761376992,0.1134237869833,0.1649924272604,0.4052498503943,0.0996683936447,-0.0600546792186,0.2014136265343,0.2837586222913,0.3434067246578,0.4109042861549,0.2421446038991,0.4987777016672,0.0790595067902,0.2957036138740,0.1785781608609,0.2629074803553,0.4468130254809,0.2749524459607,0.2710298406061,0.5997671689132,0.4013875897478,0.3809308113115,0.5550657369132,0.1575916087826,0.5076817857517,0.2838903254537,0.1654591185623,0.1373488468926,0.2724819483990,0.0239127068994,0.2323012575685,0.1754314464795,0.1719098805199,0.0283757524112,0.5879169721170,0.3649536514940,-0.0989472830684,0.1580059681196,-0.0843924990783,-0.0329318563843,0.0660963383312,0.2575287888210,0.3042370230912,0.0366085738992,-0.2202238989170,-0.0194988738100,0.1344071485062,0.0641449738447,-0.0931430459011,0.0776906165809,0.2199101194859,0.1910791294018,0.2828523044718,-0.2650887078592,0.0641089672586,0.3688578033402,0.2316351846995,0.1012600941586,-0.0587455065299,0.3361909002880,0.3471246960092,0.3934249163472,0.2384254006049,0.1230216214305,0.3381760117828,0.3422797156181,0.1853306625087,0.2525775839046,0.3902403514081,0.1787238561891
-0.2771778956372,-0.3751519608433,0.0833114958644,0.3432475346392,0.0244708972951,0.3424756145622,0.4463326406400,0.4024347380732,0.4909502491800,0.0368441256563,0.4143570223670,0.3418521132949,0.2447444499667,-0.3033934708686,-0.0143318925430,1.0000000000000,0.4740738381595,0.6469375127887,0.6489286380033,0.7763201172064,0.4360972858399,-0.1445946045959,0.4541202970407,0.5702617456341,0.2720135159475,0.3827232724203,0.5809242832993,-0.1569837869176,-0.1945959797357,-0.2669656627535,0.8324922623475,0.5565332102841,0.6629318782814,0.0755861779720,0.3081222912251,0.7225008458930,0.4488584532587,0.1213261323677,0.0738485966133,-0.0501041583403,-0.1744978063074,0.1850722919235,0.3455137542010,-0.2675843348931,-0.0340009346006,0.0450153945811,0.0452546745245,0.2607780339053,-0.1595805075880,0.0083617267256,-0.0315751807240,-0.2622057441897,0.1975165604730,0.2399912271142,0.1942232287260,0.3636461318651,0.4106781688094,0.2066774052695,0.3678066551333,0.5114791308943,0.1328093124908,0.3145731937455,0.3106660840425,0.1249950507583,-0.2217027935723,0.0534388696924,0.8215643924884,0.5438050624427,0.5057926946148,0.7755506519873,0.2673455892080,0.2970216493738,0.3694322888007,0.4436498832096,0.4003266250557,0.0821051144845,0.4586357593466,-0.1131830697006,-0.2257535913492,0.7835284187659,0.3513546881597,0.4356317531511,-0.2559737820877,0.6560127452043,0.0164047485518,-0.0182691558260,0.3645428440847,0.5940374280673,0.1808522636484,-0.0389875311061,0.0293085502217,-0.0615431111819,-0.3727980047013,0.1655682126648,-0.1351044355136,0.2694703161543,-0.2407979449834,-0.0067116792186,0.1657778018599,0.2176084192758
-0.0310403339504,-0.1589987760974,0.1510076977278,0.3771078668892,0.1995745701399,0.3581629696651,0.4562663159699,0.4377372730308,0.4023020196422,0.5668626317380,0.5445993969532,0.7480821359128,0.6636494768396,-0.0822101945626,0.2271606186573,0.4740738381595,1.0000000000000,0.6166865056646,0.3713386802038,0.5344061140815,0.6770723689298,0.3165616734818,0.5535342231482,0.5735267784557,0.1871339752516,0.3567277250072,0.5554000558954,-0.0538562789265,-0.3372467118163,-0.3040388962859,0.4349109296024,0.3901875770117,0.7296703713623,0.1033979423176,0.0715180956743,0.3977752182951,0.4764357970823,0.0492215379208,0.0830647007617,0.0019104778533,-0.0807938575753,0.3633172422098,-0.0050532214721,-0.1990526246134,-0.1764947229371,0.2619987592649,0.2745157485216,0.2481661681541,-0.0604873776699,0.1358344741751,0.2192463471055,-0.0670184796319,0.3042222188491,0.2510287754278,0.3864424129120,0.4518810409393,0.5035651211442,0.3102238247971,0.5045788810041,0.3946831896558,0.5112029617949,0.5392830392934,0.6624620360019,0.5559019745586,-0.0505869032269,-0.0203353826978,0.5342096392654,0.7984213003604,0.3260974562746,0.5504162486168,0.6812435657544,0.5533961153516,0.5461492093441,0.5691245340120,0.1913978980359,-0.1023138605949,0.4463236885841,-0.1049590634232,-0.3295536444866,0.6873974365133,0.3455901779000,0.6141499559789,-0.3104232534526,0.1583152464650,-0.1579769123773,0.0296717262732,0.4814228919063,0.4357794298636,-0.0762233751958,0.0404202245891,0.2214301708006,-0.0152463129718,-0.3655906230676,0.2138242391790,0.2782168025836,0.3673744459796,-0.1602410308948,0.3182440095269,0.3887581060662,0.2937720947476
-0.0399652112664,-0.1410764626384,0.0853225958507,0.3341314903441,0.2096472808273,0.3514939019463,0.4202655432687,0.5139292280916,0.4238842861044,0.1793345578441,0.5680426193522,0.5022908272288,0.3427772942182,0.0125325598266,0.2489184838880,0.6469375127887,0.6166865056646,1.0000000000000,0.3041839139340,0.6957327849780,0.3892516740588,0.1333013283198,0.5310034339876,0.6928860338420,0.0935785610429,0.4448717386226,0.5443478877464,-0.0496602741061,-0.1323757590117,-0.0481507713430,0.5701755282834,0.4448898557257,0.5905851255447,0.1880108164937,0.1239228488588,0.3687336369662,0.4426219700486,0.2782930658687,0.1360249408946,0.1305198398355,-0.0181098446091,0.2791195452071,-0.0254818817803,-0.0181112100675,-0.0202628644746,0.2182915680588,0.2513907000608,0.2916417981167,0.0529872974874,0.0760344848747,0.1318368299434,-0.0122462676952,0.3181119413477,0.1685912010002,0.4385480938541,0.3864416189664,0.5498987546053,0.2414693064221,0.6377803826608,0.3414466444655,0.2108921158915,0.4296778616478,0.4268018723075,0.2282396121578,0.0797390638624,0.0168517842796,0.4838182477451,0.7694888459523,0.1559196898529,0.6078261644779,0.3225660680570,0.4434584414948,0.5827528866269,0.4321824345780,0.0575663193151,0.0849711176831,0.4868426865925,-0.1175065446408,-0.1307110040486,0.7923971941931,0.3200201585215,0.4072059503422,-0.0616958562502,0.1043956137408,0.0548126733864,0.0471199239914,0.4285000113722,0.4383273276847,-0.1460636301431,0.1932086548387,0.1742276841653,0.0755015704659,-0.2032394628143,0.2211476101460,0.1044588515499,0.3828564368764,-0.0375770428927,0.1000576797326,0.3184198804579,0.1654285980800
-0.3781398425246,-0.5082861583787,-0.0752145924610,0.1927062969207,-0.1530194378398,0.1504581492362,0.1939614201952,0.5485199481909,0.7461450157247,0.1165148660645,0.3100756892778,0.2962084902046,0.1695017053079,-0.4835585609899,-0.1268412409036,0.6489286380033,0.3713386802038,0.3041839139340,1.0000000000000,0.6062076908387,0.3374182161954,-0.1708036194456,0.2561103325362,0.4115318626938,0.2571444407198,0.0778848565802,0.3775022622386,-0.2440262090839,-0.3441828955715,-0.4938115235005,0.3771452872141,0.1440040442996,0.4550172369585,-0.1408725463348,0.0572519669890,0.7739874232045,0.2521047518588,-0.1686946921950,-0.0194564516986,-0.0540921353913,-0.1686204208400,0.0868259800970,0.3473428068179,-0.3390666042452,-0.2472973119420,-0.0076534066532,-0.1664676369316,0.0890482805827,-0.3095581626866,-0.0721518174221,-0.0145791700304,-0.4173855934379,0.0906286090935,0.1044285451373,0.0511922010487,0.2681079985185,0.2169195732371,0.4008441919290,0.1881281047449,0.6447550218262,0.2451292678891,0.2466718902543,0.2106694571227,0.0787305308114,-0.3834458597856,0.0330966824954,0.8321303184832,0.3431018044842,0.9092121002948,0.7041658134485,0.3390535706500,0.1764215328778,0.3199550795054,0.4754973501725,0.5104117323736,-0.0869340321577,0.2935665827404,-0.1562700201117,-0.3571374612320,0.4766065158438,0.0905380883799,0.3858807866708,-0.3715853797645,0.5794446420886,-0.1463159239841,-0.1323533025106,0.2947186876104,0.3760654723688,0.2441643276548,-0.0495827154007,0.0419711877648,-0.0365695522834,-0.3412185827457,0.1227057561271,-0.1025518612055,0.1626074228268,-0.2885070885842,0.1394205080021,0.1436545410922,0.2174382107081
-0.1306537227380,-0.2238631654866,0.1777889428370,0.3048226288392,0.0645147722672,0.4119929951215,0.4495735089253,0.5154552473130,0.5924578835787,0.2048727707074,0.4700917715107,0.4431670668929,0.2938518695921,-0.1493140942849,0.0417270772820,0.7763201172064,0.5344061140815,0.6957327849780,0.6062076908387,1.0000000000000,0.4905102298729,0.0527479409950,0.5647736256445,0.6557382380746,0.4033480338211,0.5105513008441,0.6873084432871,-0.0592929408380,-0.2155872318756,-0.1878924866727,0.6402337771171,0.5149470662747,0.7691842254862,0.1583616182690,0.2630726088722,0.6316508752190,0.5028067032962,0.2832964841411,0.0738060347941,0.0292721847536,-0.1219193672041,0.2374848300562,0.1760057639687,-0.0579088670276,0.0336557966997,0.2108878151875,0.1919140474314,0.2351310345113,-0.0512777929859,0.0835699545529,-0.0160442125767,-0.1274966274732,0.0902235770164,0.2767713725895,0.2762761806758,0.3210594765128,0.5845590085399,0.3475151308916,0.4540895526990,0.5181405754930,0.2146332299376,0.3744302693145,0.3542084304578,0.1370317105371,-0.1573681125354,-0.0495746779570,0.6503028902303,0.6541484196153,0.4275815766419,0.8964198763373,0.3297920767327,0.4232996192267,0.5087403817450,0.7152443691269,0.2247757236594,0.0751196918159,0.5322049485752,-0.1003659307818,-0.2134474324601,0.7538068458356,0.2423060534414,0.4806687318703,-0.2360407056059,0.3392701212797,0.0700639292074,-0.0566136791609,0.4250902706611,0.5139113312461,0.0250185681191,0.1611683034370,0.0498575978738,-0.0348654192857,-0.2357497659898,0.2027922564065,0.0073808733509,0.2487432850711,-0.1340747932545,0.0456390256517,0.1738957981442,0.2326334887139
-0.0966181429410,-0.1672576205347,0.2632039286431,0.4061829250291,0.1148990686442,0.4631646632924,0.5429274483948,0.0982497629365,0.2224216847607,0.4093736890646,0.4966820001630,0.6049293337705,0.3664305366712,-0.1337369185428,0.2830384687154,0.4360972858399,0.6770723689298,0.3892516740588,0.3374182161954,0.4905102298729,1.0000000000000,0.3262450769800,0.6458046029317,0.5618044308107,0.1994074872207,0.5888515993658,0.5819266149625,-0.0569953668556,-0.2145239993770,-0.2783819330862,0.3612494959909,0.4088582562983,0.6093980914272,0.1283496948556,0.3398661966374,0.4855908235868,0.5168630676518,0.1883085946366,0.2707637450431,0.1768558976686,-0.0956896208591,0.4116937372546,0.3625301613708,0.0282603875494,0.0449728278019,0.3804938880206,0.3341819309124,0.2595490517716,-0.0562634973289,0.5179923376714,0.0006544543426,-0.1356002324354,0.2054714127072,0.3667060775258,0.3077461641198,0.3767628481422,0.2903928118372,0.0150236164473,0.2091024302990,0.2757691431176,0.3460883402787,0.4826501492844,0.5098114162120,0.2512747690297,-0.0543864191050,0.3687864644041,0.4128267070729,0.4981269113051,0.3191984950473,0.4459505558547,0.5950138777235,0.5877341883004,0.5412635892139,0.4729445626754,0.1782637436863,0.0067294996055,0.5101812110292,-0.0749178560286,-0.2762992170170,0.5310453436359,0.3465330031662,0.5856277774101,-0.1924989160932,0.1549380461777,-0.1148904159926,0.1292366202659,0.5831239653220,0.5627759064705,0.3159713895229,0.2326334422681,0.3850182694848,0.2012679398784,-0.1693852011999,0.3179442930706,0.3858745105282,0.3851275413918,-0.2337003619795,0.2425454927991,0.2652983539545,0.6254130243406
0.2641904484216,0.2310479365536,0.0735914258116,0.0245605980083,0.4005240545110,0.1230527419028,0.2170446986326,0.0778546629509,0.0035662362254,0.6588307872513,0.3337198491841,0.3518478116302,0.1769017590020,0.3155956815929,0.4311651244745,-0.1445946045959,0.3165616734818,0.1333013283198,-0.1708036194456,0.0527479409950,0.3262450769800,1.0000000000000,0.4643742327967,0.2649724972036,0.0671508139644,0.3065569751379,0.3048579379721,-0.0392939120418,-0.0999803697742,0.1213340017817,-0.0224590905898,0.1258228169919,0.2485897792088,0.2765669826637,0.0194738486406,-0.1394988312722,0.2393819685982,0.2844032784426,0.1090454853454,0.2591883265261,0.3821050558860,0.4015991101906,-0.2300899217648,0.4011083702530,0.2036110031293,0.6769974930058,0.5381065140865,0.1460390859857,0.3413831659206,0.3207989780684,0.3443263596092,0.2534899013177,0.0467670557651,0.1040375767943,0.4389501271507,0.1320021322979,0.3151663799043,0.1467819330887,0.1213008220361,-0.1050439690140,0.5333785124293,0.3351558061110,0.3120361262150,0.1833366868731,0.3440404665436,0.0458935444897,-0.1520312581662,0.2008319710635,-0.1283063102130,0.0197162750164,0.3073830702414,0.6368582863085,0.3898290286038,0.2961645196442,-0.0301892519601,0.1584416220167,0.2977930789091,-0.1908321538008,-0.1458465857444,0.1132634905563,0.2905753219787,0.3483846198678,0.3312418759946,-0.2986804994960,0.2747179004829,0.3723701759258,0.3089974043787,0.0408277985635,-0.1047982356424,0.5071468441402,0.1865000355541,0.1814026890757,0.3316841782801,0.3491311463609,0.5475237500003,0.1942867876581,0.3381092798973,0.5799571592053,0.3828258386372,0.2106995792566
0.0823037852201,-0.1586128771269,0.3082208786379,0.2310949365961,0.3685520571393,0.5404060472062,0.5228511670935,0.1772035234663,0.2927350643363,0.4627411785567,0.6489371336638,0.6857442202254,0.3064414816947,0.0015228066591,0.2984172030096,0.4541202970407,0.5535342231482,0.5310034339876,0.2561103325362,0.5647736256445,0.6458046029317,0.4643742327967,1.0000000000000,0.5692144891248,0.2627673993378,0.6380523908818,0.7253555224742,-0.2585087212125,-0.1864142306986,-0.1093142791801,0.4708031555090,0.5948932757327,0.6639639991194,0.2389813973058,0.2979672432889,0.3234252112819,0.5963954967404,0.2475333211431,0.1577457993403,0.2706952277446,-0.0692479020992,0.4066744246373,0.1280833682019,0.1039453792344,0.1283701714127,0.6036990271425,0.4771463770599,0.3647825044107,0.0602552290311,0.3719636695135,0.1377370372198,-0.0457707710839,0.0593923718736,0.4633927142393,0.4684938487297,0.2957307784914,0.4742866590035,0.1441072597771,0.2426643261814,0.2583462850407,0.3867268915281,0.5413852727348,0.6015646018184,0.2073478636496,0.0338092338317,0.1370507558423,0.3447008047961,0.4892613836430,0.1808549116482,0.5185438361987,0.3979849326788,0.8215041491301,0.5062214585915,0.5008412760119,0.1597581543131,0.1905367327412,0.6684725815358,-0.3071890561070,-0.2330057354469,0.5513315969128,0.6055028493414,0.5734337723876,0.0295379502911,0.1469173402077,0.1911219783976,0.2428953808413,0.5909333378801,0.4850606967620,0.1059792821577,0.3071738485680,0.2166719399617,0.1082905773433,-0.0450025515523,0.4347145337319,0.3754378815449,0.4327726853333,-0.0335153866051,0.2041065835153,0.3803676799743,0.4064706535071
-0.0719402334919,-0.2706467584346,-0.0474593021144,0.3833042333327,0.1959492038483,0.3403097041286,0.5923361537565,0.3300345636959,0.5426465299154,0.3057911744750,0.6477356838300,0.5157573564929,0.4223738302014,-0.1101915485794,0.2664222925369,0.5702617456341,0.5735267784557,0.6928860338420,0.4115318626938,0.6557382380746,0.5618044308107,0.2649724972036,0.5692144891248,1.0000000000000,0.0679602351132,0.4578121884519,0.6902543890349,-0.1267225274074,-0.2219295664052,-0.1331929684758,0.4488765111503,0.3069893348651,0.5419386935959,0.1875962115888,0.3391680806152,0.5476457103930,0.6719123837561,0.2857600046757,0.4018023396663,0.3648791719939,0.1152774056027,0.4493427285128,0.2536948182712,0.0475222296189,-0.1037781024986,0.4102502010395,0.2646201888187,0.4262062224540,0.0486003747931,0.2944641103620,0.2118113160914,-0.1780297056647,0.3485689568254,0.1489156377810,0.4832099751324,0.5897057411722,0.5762985419191,0.1474685263369,0.4315366625598,0.4945070658989,0.3611013265693,0.5401825875334,0.4439308895007,0.3113836158627,-0.0375983845025,0.2527058920312,0.4843403145606,0.6461855140161,0.3941695957997,0.5920268044552,0.3171226575238,0.4977403555555,0.8268429491997,0.4811743845050,-0.0007958153987,0.0107090440018,0.6314106959055,-0.1757745689679,-0.2457708645142,0.6963009933419,0.2136112321301,0.4225605553502,0.0125649492848,0.1651660073146,-0.0671651301971,0.1496215114471,0.7157556551090,0.6095976858580,0.1166867485544,0.3233566018136,0.4451714518268,0.3239352384828,-0.1588441620166,0.4267670741900,0.1867223360843,0.5269341386149,0.0234720350509,0.2755724055301,0.4217177553467,0.3802556363079
