1.0000000000000,0.6667199515907,0.7641876922312,0.5486645256278,0.7694838653070,0.5736836091895,0.4552548843171,0.2406586463036,0.1315268433399,0.3010621767383,0.2849864992805,0.3836398751789,0.1503423582031,0.7669894767511,0.5271248127331,0.3163285297805,0.0872748847686,0.3480239564487,0.1173650762794,0.0968255595695,0.1509938835180,0.0596549681888,0.3495209252901,0.2569615225701,-0.1338822730419,0.1092715192428,0.1628751070967,-0.0467306330117,0.1334994611596,0.3701506613331,0.2940687838404,0.2442179820214,0.2189472154773,0.1124187981461,0.4087950084756,0.2861953913018,0.2448219125525,-0.0425622936685,0.3980056661736,-0.0146268612313,0.3090670145501,0.4652408290059,0.2828181491837,-0.1797067550604,0.1644314012181,0.2695075666980,0.2214903656826,0.5095512061710,0.3757937605163,0.4421904244835,0.6118016215182,0.5584660480014,0.2700349960935,0.5063644732508,0.3256196449867,0.2647284701346,-0.0605219081731,-0.1869298793622,0.0238314037393,-0.0404657103381,-0.2894230165408,-0.2467809405827,-0.2592147778508,-0.3735267464805,-0.0738922138468,0.0244256680878,0.1115948031200,-0.1980376194624,0.0140505677574,-0.2272769297515,-0.2261749387930,-0.4105608346765,0.0754777103438,-0.0841050830781,-0.0948917667646,-0.3075569809046,-0.1557798623223,-0.2754122638944,-0.2622061406632,-0.1188750421562,-0.5305099266010,-0.3272604764375,-0.2348777146756,0.0726201126499,-0.1839806581750,-0.3150032425494,0.1950951224779,0.2291532019592,-0.0949673710797,-0.1825408983496,0.3493510091396,-0.3138116620282,-0.2033272026472,-0.5120589870764,-0.4765787590719,0.3926734925485,0.0788586421007,-0.3237013591304,-0.0860055860214,-0.0994518554201
0.6667199515907,1.0000000000000,0.6744634760044,0.5216271416691,0.4736219800778,0.2461186399827,0.2877985736704,0.2356658144836,0.0863071545974,0.0670742555577,0.1065271893917,0.1765839298719,0.0717790116398,0.6828220874271,0.5084568634338,0.2823174504982,-0.0671054433676,0.4309068666910,-0.0589580226022,-0.0790391157994,0.0701722268054,-0.1777382659010,0.1554919425181,0.0968850429990,-0.2754315576082,-0.1135159585450,-0.0228258483470,-0.2974241822991,0.0635890493109,0.5115474676310,0.0920049599267,0.1269973152383,-0.0021240918838,0.2062190620649,0.3759618029507,0.0960256418727,0.0330852385534,-0.2146088970160,0.2879145639141,0.0678615118357,0.2000497556339,0.2825206076141,0.2258365007046,-0.2689404343226,0.0075380509360,0.0084567132639,-0.0407375880852,0.3535220626580,0.1807262893938,0.2581549237565,0.3403932990303,0.5647435357111,0.2630051398319,0.2941383514964,0.1343151868495,0.1697779433859,0.0732484783751,-0.0357625900410,0.1809115376820,-0.0240562614251,-0.3299132938564,-0.1633188876440,-0.0701717670124,-0.1764709073234,0.0513726226980,0.0474906450551,0.1999335539771,-0.1298823667607,-0.0883909075220,-0.2912594978529,-0.1347503441511,-0.3603733511484,0.1259877934574,-0.2094915868784,-0.1377292178081,-0.2744964976522,-0.1116147621446,-0.4020812128923,-0.2212865672549,-0.2159682467908,-0.3455247188240,-0.2590791203649,-0.3233033215651,0.1309047948648,-0.1190570434290,-0.1118346776717,0.0628939272666,0.2667234854815,0.0135901842440,-0.2229923180600,0.2247454380104,-0.0488092211147,-0.2164625818726,-0.5639002454770,-0.3741551524127,0.3188225018939,0.0419316080591,-0.4687119166216,-0.1078329593444,-0.0062772967331
0.7641876922312,0.6744634760044,1.0000000000000,0.6423321587326,0.6984737283480,0.6035235442648,0.5084200442142,0.2767952470729,0.1862019006835,0.2949379012787,0.2724241130289,0.2811050684423,0.0395587207049,0.6808306455531,0.5637086688600,0.4249123175421,0.0049844704098,0.3091739154419,0.1820439533950,0.0948521197477,0.0633798206346,0.0985775751063,0.2808104620257,0.1884671086275,-0.1233758445273,0.1207097209620,0.1614919170239,-0.1250057286880,0.1325974479298,0.3361468036292,0.2361086505951,0.1722089977300,0.1393314712576,0.1156148541825,0.4672934336972,0.3628744108309,0.1817035540209,-0.0079511024715,0.4099293898034,-0.0145282433559,0.2578758592310,0.3729808583828,0.3178523320735,-0.1311917419902,0.1820502450193,0.1911314925393,0.1122354547645,0.4945943867474,0.3912782973963,0.3677545923651,0.5155428998212,0.6672180235485,0.4563718439865,0.5299351187191,0.3838025127157,0.3805668760606,0.0433525982022,-0.1273361378579,0.1249868810992,0.0143880579369,-0.3061122574468,-0.2511169348732,-0.2244832892753,-0.3166100932641,0.0432247092714,0.0946179996787,0.2121966905316,-0.1990107402062,0.0542368172587,-0.2104469093851,-0.2370319714753,-0.3795302597836,0.0053265429877,-0.1604748731758,-0.0903376661738,-0.3305350897313,-0.1975377499599,-0.3249440864176,-0.2382657842197,-0.1344872303009,-0.5125266999408,-0.2916598645666,-0.2251419398292,0.0582243121964,-0.1373164746123,-0.3063439302264,0.1061980828839,0.2606767226036,-0.0746072931588,-0.2012577193393,0.2129834204722,-0.3179875668507,-0.1595504176605,-0.4903933594268,-0.3969431830403,0.3766576873141,0.1218341121797,-0.3618214540643,-0.0911792328858,-0.1319391696419
0.5486645256278,0.5216271416691,0.6423321587326,1.0000000000000,0.5732177228049,0.6293124832882,0.8006523281220,0.3654485885490,0.2429081175087,0.3437814090646,0.4347083514524,0.3825272525676,0.0892637833108,0.6937211143110,0.7795396664037,0.7344135287318,0.1406178408317,0.3669584583682,0.3875283041422,0.1326706568490,0.2106360679439,0.1781681296771,0.3681816384273,0.3625273607743,-0.1093324807452,0.1899402835108,0.1938210428385,-0.1268056601352,0.2177543222523,0.3725308067564,0.3942010835368,0.2608994467888,0.1876677333386,0.0837220809048,0.6119374839934,0.5256052888115,0.2401955462831,0.0313275978260,0.4582780338453,0.1837753400358,0.3252528744558,0.4934141892849,0.5848232907441,-0.0850509250456,0.1780012612415,0.3203336048349,0.1897611873425,0.5704329934740,0.4162810710968,0.5710955245911,0.3108932789287,0.3542085765560,0.6395968031921,0.5152011137876,0.4684949166429,0.7186595846438,-0.0402357897965,-0.1354797275463,0.1901533089773,0.1187508963477,-0.3333410487807,-0.2095355241782,-0.2502463482781,-0.3858267889144,-0.0670482106527,0.1589349182136,0.4266325934399,-0.2554193860796,0.2280657979088,-0.1915322836509,-0.2470010953720,-0.3401266377905,0.2148979357249,-0.1470371424910,-0.1173426443549,-0.3496160530035,-0.1304365589368,-0.4167869782682,-0.2461364462409,-0.0641245071313,-0.5473932279619,-0.3683264763124,-0.2599498629582,0.0914709239700,-0.2186884278382,-0.4563474969962,0.1844038534873,0.3978907138162,-0.2055210569565,-0.2016697755100,0.2361410938458,-0.3208559958491,-0.2073945722553,-0.5117956355883,-0.4409884790868,0.4258134518505,0.1185839947990,-0.3813849313126,-0.0984339402247,-0.1605682649083
0.7694838653070,0.4736219800778,0.6984737283480,0.5732177228049,1.0000000000000,0.8144277651785,0.5533699481154,0.1906015147046,0.1137017265445,0.4319544138714,0.3557606161538,0.4683882888895,0.2078682901370,0.6643133859650,0.5956232069573,0.3494276651114,0.1710235416822,0.3478565610785,0.1566669117389,0.0975870752995,0.1814703582745,0.3261674943728,0.4319680049900,0.2695656725624,-0.1355563855962,0.1351928168168,0.1690403885729,-0.0036728101633,0.2213196347608,0.2632314335144,0.3103621017618,0.2348445363800,0.2712674010202,0.0889543413670,0.3548833220051,0.3118459555416,0.2870030568697,-0.0009422945969,0.3936494803441,0.0402159875220,0.3772352567809,0.5638097274233,0.2850428685501,-0.1284336942840,0.1292911719828,0.4215753571434,0.3163784859725,0.5701306062983,0.5275556241555,0.5841773498051,0.6055528644840,0.3904846838780,0.2987601681600,0.6508371156270,0.5394015977683,0.3581871960531,-0.0798173716461,-0.2046606779137,0.0350189268558,-0.0466646600750,-0.2628050727842,-0.2495306491669,-0.2971410852139,-0.3253232707393,-0.0761635776901,0.0147212240467,0.1229451585894,-0.1555894326697,0.1101379969190,-0.1674631020228,-0.2206353824881,-0.3191556401338,0.1275329231962,-0.0766841309211,-0.0370963712164,-0.2686752557216,-0.1251819507055,-0.2836036093558,-0.2031020009832,-0.0513327174151,-0.5199564371425,-0.2970028152022,-0.1843386583039,0.0046970184228,-0.2280668482072,-0.3532037812166,0.1805970812794,0.1725159686772,-0.1502780942855,-0.1575556599112,0.2508352804348,-0.3208409198105,-0.2085231941157,-0.4526351877308,-0.4443777921588,0.3504201553444,0.1350670752769,-0.2719693664675,-0.0263875016372,-0.0691643437204
0.5736836091895,0.2461186399827,0.6035235442648,0.6293124832882,0.8144277651785,1.0000000000000,0.7145048514949,0.2664651470014,0.2273126416215,0.5423565230327,0.3977309600987,0.4565149672716,0.2143838199340,0.5888058713502,0.6351621861761,0.4980305434789,0.2541212182383,0.2621969711939,0.3687526739063,0.2194608958821,0.1961199448348,0.4553888766127,0.4238223176785,0.3818819305907,0.0349888214361,0.2791215141734,0.2967141212291,0.0596893556488,0.2968922617371,0.1998289259376,0.4143255853356,0.3211415491279,0.3997033196942,0.0731570231931,0.4097496702231,0.4870473866673,0.3904356657931,0.1156261769070,0.4434082676436,0.1675477852924,0.4173419294946,0.6105452977049,0.3563713543320,-0.0285898004019,0.2019646921151,0.5027436791901,0.4152850790503,0.5960916496566,0.5516878072748,0.6146357824644,0.4353756328955,0.2058749883701,0.3994352444572,0.6425567450767,0.6528112373590,0.5146022907325,-0.0802544147033,-0.1883282645533,0.0277050471108,0.0989418163294,-0.2930558353430,-0.3314020398431,-0.4132090991123,-0.3972483768748,-0.1464484839952,0.0367190403920,0.1675082990927,-0.2067107214121,0.2062465298214,-0.0538019682983,-0.2924800005012,-0.3240309408329,0.1144173796424,0.0104417509888,-0.0502541379414,-0.2856131972798,-0.1419106808065,-0.2453168559302,-0.2016004536221,-0.0364584131387,-0.5581951470392,-0.2921979324508,-0.1259673513327,-0.0622394620291,-0.2094214342600,-0.4070878365216,0.2317109810317,0.1864705995979,-0.2502508068366,-0.1018903364093,0.1988395248277,-0.3745640519126,-0.1359465725897,-0.3868661834973,-0.4106410631229,0.3499819299568,0.2152904171280,-0.2176150009304,-0.0952038065259,-0.1926019465043
0.4552548843171,0.2877985736704,0.5084200442142,0.8006523281220,0.5533699481154,0.7145048514949,1.0000000000000,0.3106242871007,0.2465810689496,0.4299563205506,0.3726591160015,0.3287367498402,0.0959327083488,0.4583929839321,0.5886639444063,0.6580666223030,0.1566179069377,0.2467402959204,0.4175504634600,0.1247037848446,0.1987533426725,0.1931117520271,0.2399672620040,0.3694070953194,0.0555649529018,0.1988943680292,0.1676879666866,-0.0577394427607,0.1030556467104,0.2248516095249,0.3725331208408,0.2643993760771,0.1898150136634,0.0244021431548,0.5785248196321,0.5572129767002,0.3209008082128,0.0407320975043,0.5049671503867,0.1477835672511,0.1975679168878,0.3630779436750,0.4966241847204,-0.0339933826951,0.1789134022253,0.2511932418064,0.1956657487816,0.4821446420288,0.3583862705966,0.5232806266135,0.2281692977330,0.2425717935872,0.6706077768142,0.5627454569164,0.5909880269586,0.8702642487108,-0.0233048250403,-0.1135410423938,0.0925327865911,0.1567961462363,-0.1077727643630,-0.2148443207007,-0.2712929786189,-0.3748649005246,-0.0612465127020,0.2751166768301,0.4000061754229,-0.2957588675392,0.2197216281998,-0.1480290842494,-0.2730398923438,-0.2686895054304,0.0997141035551,-0.0380502563958,-0.0702429617970,-0.2354605299338,-0.1997100214492,-0.2678188431289,-0.2792775364173,-0.0635552644596,-0.4870166719217,-0.3255542453179,-0.1188036571277,0.1031942514868,-0.1449238444565,-0.3772624907896,0.2125298047858,0.3956050929715,-0.1377083946787,-0.1383410650407,0.3311625953966,-0.3384316948490,-0.1239584173035,-0.3214317269540,-0.3614098422884,0.3370139027634,0.0958512095496,-0.1514466542108,-0.0210963618070,-0.1657974002008
0.2406586463036,0.2356658144836,0.2767952470729,0.3654485885490,0.1906015147046,0.2664651470014,0.3106242871007,1.0000000000000,0.6395691005765,0.2283566588660,0.2992021556070,0.2876405382171,0.3586106515089,0.3824009718131,0.3304625154794,0.5361655170260,0.3597022285918,0.4813639023181,0.4729070278811,0.5413902116987,0.3411409442017,0.2102167851965,0.2946706792962,0.3762870296742,0.2333614074105,0.4027970349220,0.4109419769293,-0.1394479378778,0.3109699853318,0.2965923663324,0.3290095870169,0.4109937595366,0.3676797570992,0.0926608795025,0.4220462783838,0.4398763284054,0.2282346661058,0.4240210873708,0.3102987789854,0.1316719444319,0.2636146415214,0.3146541557636,0.3778611779603,0.1903865252210,0.6441437945260,0.2254839057078,0.1845109283354,0.1550642222552,0.3388642519207,0.2705711845781,-0.0293781136756,0.0217445715194,0.2049884744417,0.0641652618343,0.0906855689863,0.2489417170977,0.2017297965017,0.0448739824673,0.4383563559160,0.4728568248915,-0.0852685246728,-0.1402201776969,-0.0658611546625,-0.1427340963898,-0.1105095550913,-0.0448309656862,0.3209196278405,0.0129706351650,0.3291018902755,-0.1203216056666,-0.0402915257265,-0.2417311663686,0.3641979870445,0.0280388819895,0.1753010451451,-0.5394560566384,-0.2664752539937,-0.3903648351540,0.0346453780314,0.1365990573276,-0.3961748351543,-0.1735902080203,-0.0158935409782,0.0577519180637,-0.2469627112561,-0.2879978555959,0.1917996876571,0.2396673371222,-0.0642118111167,-0.2982781052569,0.1222004340901,-0.2287830574974,-0.0806357899877,-0.4132731278635,-0.1775328267131,0.0216907128226,0.2465265859155,-0.1331053344759,-0.1273342847421,-0.1053085699144
0.1315268433399,0.0863071545974,0.1862019006835,0.2429081175087,0.1137017265445,0.2273126416215,0.2465810689496,0.6395691005765,1.0000000000000,0.2495826327227,0.2875417156798,0.3099908972976,0.2991697704028,0.2281690601124,0.3229156108683,0.5442533766297,0.3357667170766,0.5825901935031,0.6727492681991,0.4427072367256,0.4143115987811,0.1288760698733,0.3029895116862,0.5663260665359,0.2898077619526,0.2251642296431,0.4660845164052,-0.2810393379486,0.1223455459033,0.0956133403120,0.4595723656362,0.3478056475303,0.2868371957431,0.1009950764624,0.5006769370500,0.5793791272737,0.3650598278255,0.2489655935264,0.4114773213124,0.1756583342136,0.1181428864312,0.2395832482622,0.3591464797453,0.0410263842152,0.2259282940949,0.1712511138377,0.1234818516509,0.2330549984737,0.1142491708246,0.3043337653938,-0.1697376273245,-0.0323675183981,0.1576687438164,0.0913464336764,0.0722864558341,0.1795048829536,0.5636437355112,0.2519025463136,0.6714493125635,0.7422336913357,-0.0577129165962,0.0047291611282,-0.0109443917141,0.0682294178382,-0.2361759779362,0.0329870737690,0.4831586968735,0.2852076748350,0.6542742316711,0.1764794092188,0.1450214251521,-0.1021032496459,0.5578507989135,0.0768422434286,0.5228410579712,-0.2253874282998,0.1917432917718,-0.4578729249109,-0.1775600215571,0.4373585218508,-0.1314508168637,0.1720020398195,-0.3048454985746,0.1798083790118,-0.0386861521009,-0.1504380603466,0.4387955494893,0.3818271519498,0.1308077478974,-0.1110842386142,0.1996337641551,-0.0562415385042,0.0535465446839,-0.3296781421757,-0.0182779635229,0.1715286610451,-0.1043184002499,-0.1909927820795,-0.0470657421012,0.0152703531420
0.3010621767383,0.0670742555577,0.2949379012787,0.3437814090646,0.4319544138714,0.5423565230327,0.4299563205506,0.2283566588660,0.2495826327227,1.0000000000000,0.5640318880403,0.5384973424109,0.2529967291461,0.4151578625801,0.5601904066495,0.3363612398770,0.3244933334407,0.1538834937630,0.2908110009031,0.1796924724092,0.2574649266452,0.7306466529637,0.5248380711524,0.1744398078494,0.0820614875978,0.2135856863891,0.1478629016183,0.1832840881019,0.3438424648336,0.2082598227695,0.2311866527093,0.2992591562315,0.3792740797436,0.1292601924826,0.2643747372683,0.4126342637856,0.2176588170577,0.0818103886322,0.2314409388672,0.1592758196850,0.4822880656072,0.5745344551321,0.2835282231737,-0.0105514457381,0.1379979742085,0.6567441752858,0.4809755747861,0.3885256272332,0.3368002425993,0.7379724914022,0.0016405973450,-0.0915626592666,0.0846026467981,0.2052616968813,0.3443609086629,0.2239438715493,-0.0856846084098,-0.0601583175853,-0.0033090045875,0.1251455545356,0.0525753849242,-0.1309869210499,-0.1240732002823,-0.2599659763346,-0.2302497868394,-0.0180024226924,-0.0693316034253,-0.1266051509460,0.1216499829335,0.0010564191610,-0.1094536892036,0.0517142802485,-0.0111006834408,0.0574944541936,-0.0435754410505,-0.2241234878579,-0.1956807862134,-0.1182013415002,-0.0211149769730,-0.1564891824270,-0.4134372948828,-0.1889566792843,-0.1135152505851,-0.2089026417541,-0.0992985860508,-0.2039285115088,0.1214652352535,0.0127331748721,-0.2644689770613,-0.0426764613902,-0.0903993553338,-0.2512544594865,-0.0376701263056,-0.1262538973820,-0.1302164897089,0.1954218411368,0.0804581822460,0.0723053503429,0.2674659551872,-0.0728800994380
0.2849864992805,0.1065271893917,0.2724241130289,0.4347083514524,0.3557606161538,0.3977309600987,0.3726591160015,0.2992021556070,0.2875417156798,0.5640318880403,1.0000000000000,0.8019294985715,0.3356156557932,0.4402888041451,0.5267270754244,0.4760579302887,0.3541745270865,0.3908744284840,0.2966286684519,0.2841163726433,0.5310429843961,0.4642151219092,0.8215281478796,0.3422400709870,-0.0155672983408,0.2573487073127,0.3306714550398,-0.0183955971693,0.2038597781363,0.1529532666941,0.3521162315737,0.4625419577881,0.4480300010617,0.1896438161891,0.5387433711881,0.4402183841738,0.4100644920346,0.1691927813732,0.4318136006577,0.2963676433060,0.3005717549658,0.5469215338623,0.5392417297017,-0.0869072722563,0.2697532100937,0.6040195760069,0.5093937152580,0.6096161703734,0.2519587343929,0.7119025889657,0.0378810253639,0.0212749677465,0.2118678202799,0.2400519940535,0.1635052362865,0.2836627019622,-0.0536169496119,-0.3065731308825,0.1774832514743,0.0515879078873,0.0135617158961,0.1507299343844,-0.0276486692190,-0.3017677669716,-0.2655881658126,0.1653694414453,0.1889801591022,-0.0300852654594,0.2058068749971,-0.0995002001478,-0.0786033553647,0.0124669105607,0.2128417159686,-0.1025219106059,-0.0096677019745,-0.4729890637262,-0.1803174259864,-0.2795623253551,-0.1906027352297,-0.0249323341248,-0.5029549118633,-0.3401502418898,-0.2317484102896,0.0219460799189,-0.3951404726668,-0.2786282227035,0.3087878111511,0.3578610131667,-0.0617379889426,-0.2641710816226,0.1584581172215,-0.1424005219776,-0.2610897802032,-0.2436239175027,-0.2381952903004,0.4428065051156,-0.1401138263241,-0.1171587621514,0.2163450290891,0.1210973372350
0.3836398751789,0.1765839298719,0.2811050684423,0.3825272525676,0.4683882888895,0.4565149672716,0.3287367498402,0.2876405382171,0.3099908972976,0.5384973424109,0.8019294985715,1.0000000000000,0.4701070543085,0.4588229375180,0.4765294334152,0.4056269591589,0.4886386174926,0.5198332717273,0.2084639820068,0.2390560335952,0.6465171349059,0.4372010980105,0.8884276922138,0.4197819951152,-0.0818331329169,0.2209896070689,0.3615242828890,0.0446211395715,0.1370409274438,0.1012347516799,0.4066780214295,0.5564481198563,0.5434192240909,0.2992249188802,0.5382717908434,0.3540684645342,0.3973031634214,0.0488075401488,0.4825985249022,0.3639984304963,0.2724652336141,0.5780333460113,0.4457446904421,-0.1621654562513,0.1977004838583,0.6991918444710,0.6072672430441,0.6039930206125,0.1739146778784,0.7336706076341,0.0701024478624,0.0241956096376,0.1027086877014,0.3303459728471,0.1454224159682,0.2102126791950,-0.0560994255696,-0.2529456690494,0.1234960233998,0.0643418097686,-0.0688411406390,-0.0200667704980,-0.1039186508495,-0.2857986306355,-0.3377661718708,0.0574882086624,0.1566701929528,0.0158995997469,0.1820533412969,-0.1301525958199,-0.0327723360609,-0.0833347048767,0.2690214982031,-0.0343758772476,0.0464385747460,-0.3234673678811,-0.0068413227705,-0.2451360232332,-0.3393834228897,-0.0080021789484,-0.4636231321829,-0.2718470100217,-0.3304945062363,0.0154609205988,-0.3313056942550,-0.2498358857936,0.3112372693287,0.3415391286713,-0.0221677119606,-0.2170528382371,0.3030330898717,-0.0670800133048,-0.2196634583495,-0.3087073253111,-0.3369527343021,0.3926912052964,-0.2462821038572,-0.1966569584819,0.1112890533204,0.1258019483402
0.1503423582031,0.0717790116398,0.0395587207049,0.0892637833108,0.2078682901370,0.2143838199340,0.0959327083488,0.3586106515089,0.2991697704028,0.2529967291461,0.3356156557932,0.4701070543085,1.0000000000000,0.2150496632236,0.1798411403913,0.2610626642326,0.8621183951448,0.3518928947584,0.1552822190599,0.3804102752626,0.5398133236556,0.3070575906654,0.4050062610294,0.4235086489379,0.2383222125321,0.3587035768331,0.3556571323279,0.0091212204563,0.1335074740832,0.0329039620001,0.4379668047079,0.6224885696654,0.7038685355454,0.3937364306163,0.1998425389903,0.1736781611998,0.4708095713497,0.2407120884259,0.2817247343068,0.3814035516027,0.1577509124400,0.2495903715214,0.2026499429247,0.1581107238156,0.2140325009813,0.3539809009012,0.5518849084250,0.1427066107526,0.1783454244592,0.3456155251749,-0.0363738437968,-0.1312614271850,-0.0717690256310,0.0464103517972,-0.0418562191589,0.0095659370019,0.2484806492071,-0.0503454480169,0.1092876888659,0.0939965867192,0.0789430920328,0.1398354398999,0.2280623260540,0.2945515742409,-0.2580992597204,-0.0931267500959,0.1109019469093,0.4817784612806,0.0996989890925,0.1350849322812,0.3139681673706,0.0263338595608,0.3813986647368,0.2880959293236,0.2516016737134,-0.1414146716634,0.1104392408629,-0.1920887468388,-0.1477892580715,0.2215212819680,-0.0039772941757,0.2214975980261,-0.2812329175380,-0.0180672311621,-0.1150232552907,0.1175671017584,0.3590675606625,0.1282520913416,0.0042867230794,0.0010224640263,0.2912345153447,0.0833513217904,0.1680266405007,-0.2549497612037,0.0570822384709,-0.0369492060575,-0.0793262484386,-0.2051112548579,-0.0989472445264,0.1134520286307
0.7669894767511,0.6828220874271,0.6808306455531,0.6937211143110,0.6643133859650,0.5888058713502,0.4583929839321,0.3824009718131,0.2281690601124,0.4151578625801,0.4402888041451,0.4588229375180,0.2150496632236,1.0000000000000,0.8049346649573,0.5711632244135,0.2214249810941,0.4631345642226,0.2672801618878,0.1586402985551,0.2955894417752,0.2512059833630,0.5130159203534,0.3665695141970,-0.1876402393662,0.1937044256506,0.2128977493498,-0.0821460888532,0.4362125027600,0.6754681803607,0.4220243495223,0.3935509596832,0.3499454525687,0.1984343836648,0.4838925397046,0.4281759167177,0.3109639159945,-0.0152293690394,0.4267084081462,0.2236772915860,0.6302923252063,0.7154810353348,0.5177555956228,-0.1470646641999,0.2081037010319,0.4599824386489,0.3613567019782,0.5038171117828,0.5907035600124,0.6246132805532,0.3731736020391,0.3163448877919,0.2783570357368,0.2819364182403,0.1983709084459,0.2654511752095,-0.0773047645563,-0.1145099533513,0.1264029221507,0.1006352843980,-0.4761419456407,-0.2590000095984,-0.2754577317518,-0.4429800851684,-0.1415900974695,-0.0214536407477,0.1805158048567,-0.1953579207814,0.0708011369195,-0.1773677395939,-0.1927440281264,-0.4910416864869,0.2267373626621,-0.0731026754369,-0.1289745792074,-0.4033592929043,-0.1762135497312,-0.4701862810728,-0.1297906230716,-0.1400181323765,-0.6545052364599,-0.4132304674798,-0.2400367229049,0.0403248868959,-0.1686652182144,-0.4116006501654,0.2337153500928,0.3026785120170,-0.2045216689504,-0.1694055141483,0.2466794515683,-0.3477493807764,-0.2210829600100,-0.6345315745930,-0.5284633963015,0.3282010286834,0.2635369907627,-0.4832840697951,-0.1623754005726,-0.1395287765593
0.5271248127331,0.5084568634338,0.5637086688600,0.7795396664037,0.5956232069573,0.6351621861761,0.5886639444063,0.3304625154794,0.3229156108683,0.5601904066495,0.5267270754244,0.4765294334152,0.1798411403913,0.8049346649573,1.0000000000000,0.6829120143065,0.2565379217184,0.4428993686666,0.4320346117704,0.1735998523960,0.2641081170861,0.3627389168043,0.5190689915279,0.4041743335008,-0.0949670433568,0.2140997705224,0.2404862072407,-0.1144010045884,0.3610376876278,0.4867390536289,0.5014463107808,0.3542290150441,0.3356134185570,0.2301494229720,0.5039258132280,0.5486331855441,0.3619599833775,0.0473427390763,0.4557581531726,0.3114759942251,0.5405766603890,0.6602318476625,0.6177648047281,-0.0642402343964,0.1371110826103,0.4953331041182,0.3841233467997,0.5656761151113,0.5131842063632,0.7546684903208,0.1687967055850,0.1687865811195,0.3649675392824,0.3060239970268,0.3146005142264,0.3853884827273,-0.0189902845694,-0.0804699898818,0.1936428530306,0.1642369752636,-0.4229817874823,-0.2022146158616,-0.3141165527618,-0.3949894216485,-0.1841702909887,0.0493946478591,0.2778467108829,-0.1873553537976,0.2508625191997,-0.0867981318087,-0.2058194224043,-0.3561273146425,0.2452294800084,-0.0934753801484,-0.0602426603166,-0.3162735148923,-0.1050670265959,-0.4572350961090,-0.1661951039210,-0.0282735738291,-0.5569501033836,-0.3360187277894,-0.3458703393788,0.0481588138478,-0.1557962878234,-0.3612990202283,0.2908024537855,0.3193921802661,-0.2484773606604,-0.1295891852248,0.1900760469278,-0.2900218974403,-0.1160852886546,-0.5647634912227,-0.4151504020215,0.3651292372349,0.1322318284278,-0.4609731753621,-0.1159673675143,-0.1766160601423
0.3163285297805,0.2823174504982,0.4249123175421,0.7344135287318,0.3494276651114,0.4980305434789,0.6580666223030,0.5361655170260,0.5442533766297,0.3363612398770,0.4760579302887,0.4056269591589,0.2610626642326,0.5711632244135,0.6829120143065,1.0000000000000,0.3917251691516,0.5023748951568,0.7346053510867,0.3189474156917,0.3315399756328,0.2623749985930,0.4311693018240,0.6711514251273,0.0397621886316,0.4021309066426,0.3954765427693,-0.1987428513175,0.3770570488661,0.3509719778097,0.7103209913673,0.4732173403841,0.4250556559499,0.1936737210531,0.7109465035374,0.8076683214776,0.5297989091417,0.2289928210245,0.6561130991226,0.2832547465573,0.3973552860535,0.4737785763122,0.7509865197664,0.0934683583800,0.3225021677382,0.3519091947596,0.3136435465276,0.4777474641613,0.4852998583010,0.5236416647103,-0.0143133681726,0.0462070595393,0.5312568266953,0.1741579700652,0.2774992969842,0.6262991244417,0.1970844446365,-0.0562743156772,0.4334865666379,0.3351549023746,-0.3365269468052,-0.2034460479437,-0.2366867228514,-0.2953472032450,-0.2827096715489,0.1713926627147,0.7003629501037,-0.0778693348497,0.5312511588913,-0.0717095647501,-0.1510310175992,-0.4086175309222,0.4286600672884,-0.0479964792536,0.2249288487055,-0.3567093786478,-0.0878477619971,-0.5369095631970,-0.1740666285878,0.2754984399979,-0.5038843782788,-0.1984435514922,-0.3225076605195,0.2689024950171,-0.1506605736840,-0.3801632275436,0.4370998691880,0.5979261367684,-0.0709321454462,-0.1531532144538,0.3344014925692,-0.3245649339831,-0.0269059383544,-0.5539545038646,-0.3314396290063,0.3178463493883,0.1282779726793,-0.4339209619467,-0.2385327870543,-0.2233761910214
0.0872748847686,-0.0671054433676,0.0049844704098,0.1406178408317,0.1710235416822,0.2541212182383,0.1566179069377,0.3597022285918,0.3357667170766,0.3244933334407,0.3541745270865,0.4886386174926,0.8621183951448,0.2214249810941,0.2565379217184,0.3917251691516,1.0000000000000,0.3007588646333,0.3602380167408,0.4299605213326,0.5941572489923,0.4179720395958,0.4482905955423,0.5662052769534,0.2924189956602,0.4627471282825,0.4068836431773,0.1543108852304,0.1999759761986,0.0483689473257,0.6276529344493,0.6158774082305,0.8069016091156,0.3472957134597,0.2402495722671,0.3450868741372,0.5754001981401,0.2784088333479,0.3304246752424,0.3774171171797,0.2395862613955,0.2829272208086,0.3183565799936,0.2340556170222,0.2337680675558,0.4332548873390,0.6449540876844,0.1373261723117,0.2464314205756,0.3938269031472,-0.1292467266554,-0.2476182842924,-0.0626208904098,-0.0310973947282,-0.0772636156204,0.0699233800851,0.1235050841105,0.0021406564516,0.0375029780742,0.1883055743801,0.0023307717269,0.1104700678563,0.1058880625209,0.1084447921031,-0.3653817633891,-0.1104502441157,0.1261554881007,0.3936136952136,0.2128033219333,0.2272586211254,0.3189597577022,-0.0352932916568,0.4075885654264,0.3754528788068,0.2858325529295,-0.0670958262629,0.1246660450628,-0.1449816548477,-0.1689735899678,0.3144501219637,-0.1122487735877,0.1917045714877,-0.3289735087245,-0.0536660798273,-0.0397027572885,-0.0463556002373,0.4381582510117,0.1855859544488,-0.0586711288084,0.0853173663453,0.2746235699109,-0.0938749463826,0.2132368568137,-0.2346357650638,-0.0142961566984,-0.0774783809279,-0.0628299151612,-0.2234437334481,-0.2027167981016,0.0187667154354
0.3480239564487,0.4309068666910,0.3091739154419,0.3669584583682,0.3478565610785,0.2621969711939,0.2467402959204,0.4813639023181,0.5825901935031,0.1538834937630,0.3908744284840,0.5198332717273,0.3518928947584,0.4631345642226,0.4428993686666,0.5023748951568,0.3007588646333,1.0000000000000,0.2415644055059,0.0927878801568,0.4819901897872,0.0288508362601,0.4969989833212,0.5103320116367,-0.2522126910960,-0.0699827220032,0.3456563970991,-0.3789798306924,0.0967714186352,0.2726386739818,0.4301485356987,0.4104904060241,0.2348908426621,0.2787148299094,0.5322332756693,0.2683407718963,0.3463717257269,-0.0887759082347,0.4106439523182,0.3568325082626,0.1847762204749,0.3812180127473,0.3264731183507,-0.3627155918732,0.0231551016279,0.2167528207509,0.2152200159036,0.3526867816872,0.1917680525923,0.4204962699344,0.0869457004861,0.1611348664186,0.1648718140668,0.1894273161425,0.1040304312175,0.1840955064595,0.3319717945750,0.1080574181288,0.6590758346347,0.3392485466001,-0.2052857258704,0.0034464541119,-0.0275440300385,0.0080776066238,-0.2015112493503,0.0053573766941,0.4899352517039,0.2317919185680,0.2806987029652,-0.1623431993490,-0.0015165036713,-0.1723472586318,0.5841376288720,-0.1816395332554,0.3437325455396,-0.3704496008308,0.1985624511018,-0.6022082235881,-0.3045195875065,0.2710054453334,-0.2259239376471,0.0044669060101,-0.3969400241298,0.1589696904359,-0.1984743597773,-0.0774946026327,0.4455045037154,0.4436847055862,0.1132482620002,-0.2618786211610,0.2772083751878,0.2126185367332,-0.2949069624734,-0.5227621722362,-0.2201577369924,0.2691444356728,-0.1282932943444,-0.4643885706868,-0.0959053253188,0.0600359207303
0.1173650762794,-0.0589580226022,0.1820439533950,0.3875283041422,0.1566669117389,0.3687526739063,0.4175504634600,0.4729070278811,0.6727492681991,0.2908110009031,0.2966286684519,0.2084639820068,0.1552822190599,0.2672801618878,0.4320346117704,0.7346053510867,0.3602380167408,0.2415644055059,1.0000000000000,0.4707785222592,0.2188813196970,0.2758940217075,0.2373477037004,0.6414009987478,0.3141979887469,0.4663880606577,0.3869936352130,-0.0884344871475,0.3262992006740,0.1168427552136,0.7042450468165,0.2811640406863,0.4065860725717,0.0431292665723,0.4280870159829,0.8168710610717,0.5325905312658,0.3734495937837,0.4824983763762,0.1094351721977,0.2783586907517,0.3162524819733,0.5494841105520,0.2521024141718,0.3012309866248,0.2296647075073,0.2401253751884,0.2761475223122,0.3138553866141,0.3367662282819,-0.1830700559384,-0.1428042168882,0.2954839440343,0.0372270422083,0.1397210825210,0.3779245144667,0.2217304987397,0.1108062625286,0.3039053145709,0.5241772841186,-0.2230100114694,-0.1530794096445,-0.2877145846991,-0.2163083431268,-0.3381008158595,0.0543441753215,0.5030974958004,-0.0051094925835,0.8003129272765,0.2490026952111,-0.0176379479090,-0.3133534451993,0.3645678912004,0.1421405248274,0.3761613345767,-0.1189540847122,-0.0110509428331,-0.3219971981882,-0.0732947740068,0.4658453155480,-0.3428309132496,-0.0405667443135,-0.2731940883175,0.1966678182891,-0.0438468540570,-0.3642455209823,0.4669121888660,0.3714086863886,-0.0829327996700,0.0222811228776,0.2092310484984,-0.4231517590069,0.1029939951153,-0.3726852573051,-0.2017774909768,0.1475479453645,0.0460044107822,-0.2127611474711,-0.2428768052027,-0.2498215615258
0.0968255595695,-0.0790391157994,0.0948521197477,0.1326706568490,0.0975870752995,0.2194608958821,0.1247037848446,0.5413902116987,0.4427072367256,0.1796924724092,0.2841163726433,0.2390560335952,0.3804102752626,0.1586402985551,0.1735998523960,0.3189474156917,0.4299605213326,0.0927878801568,0.4707785222592,1.0000000000000,0.1600417191090,0.3150700681653,0.2649549065139,0.3686280969750,0.7160925034118,0.7102483608992,0.6597627725827,0.2420530492703,0.1514931451171,-0.0162584238268,0.3808015975748,0.3975376748981,0.5946951852651,0.0402366835142,0.1922479556979,0.4273742553364,0.4328240739641,0.8466742096554,0.2656905449964,0.1965679228209,0.1137046217253,0.2017693768626,0.1536991311029,0.5761490301089,0.7636753889169,0.2767327202121,0.4150070810032,0.1826392006487,0.1790945606087,0.2406997745933,-0.0692162323755,-0.0908388369467,0.0856068650169,0.0184514731259,0.0086720891220,0.1077174937614,0.1459613158205,-0.1494215189498,0.0435743915470,0.3787680509980,-0.0881518457008,-0.1518895707740,-0.2185414679487,-0.1251551161389,-0.2797782233693,-0.0082558720668,0.1431967592494,0.1476728005545,0.4042099997695,0.4456020557425,-0.0174647631502,-0.2474847876470,0.3035370147070,0.5023284766306,0.1788661451664,-0.2871646417622,-0.0033994488954,0.0365542165501,-0.1268804806461,0.2973495985363,-0.2496641014036,-0.0201284390874,-0.0376031372828,0.0732083198105,-0.1452313057254,-0.2404605652346,0.3603615610796,0.1391349623233,-0.1013267439209,0.0898640795749,0.1172501347280,-0.2492228544669,0.2300762408014,-0.2230197854180,-0.1430004379764,0.0242927938155,0.0360615420579,-0.0792353670838,-0.2155103858716,-0.0768317643777
0.1509938835180,0.0701722268054,0.0633798206346,0.2106360679439,0.1814703582745,0.1961199448348,0.1987533426725,0.3411409442017,0.4143115987811,0.2574649266452,0.5310429843961,0.6465171349059,0.5398133236556,0.2955894417752,0.2641081170861,0.3315399756328,0.5941572489923,0.4819901897872,0.2188813196970,0.1600417191090,1.0000000000000,0.2025458955858,0.5787302971813,0.4356397304738,-0.0397188381231,0.0831121920018,0.2047626898805,-0.0965604855944,0.0510512612019,0.1192040378401,0.3860544424498,0.5426710969310,0.4461565906595,0.1431896931383,0.5242495664946,0.2825287524563,0.2662332030747,-0.1064414440908,0.3564443675810,0.3037860812151,0.1300943356337,0.3489638953053,0.4246327121622,-0.2644158708537,0.0615333777351,0.3935501162510,0.3695808665996,0.2843049803179,0.1004017357902,0.5039537464800,-0.0895252087070,-0.0805552986300,0.0543937386183,0.1415339500992,-0.0868183343887,0.1318336467078,0.0927535311572,-0.0335445406324,0.1426025574551,0.2564128856313,0.1084494909237,0.2189489055184,0.1384547182932,-0.0398671611185,-0.1305522887668,0.1201053659789,0.1904324765209,0.2416203077369,0.1994252989771,-0.0312606412493,0.3685331207905,0.0523775123378,0.3865532793118,0.0099728543364,0.2118362725475,-0.2000144232223,0.0141490533617,-0.2575611514924,-0.2108732998488,0.0801465799908,-0.1652059396824,-0.0653115896296,-0.1937137558855,0.0262023230633,-0.2101993606157,-0.1180026304747,0.2896586546871,0.4376760806893,0.2170916949036,-0.2059600132356,0.3839248409966,0.0343897054521,-0.2416258317549,-0.1335069385272,-0.1314245153059,0.1571737675486,-0.1869681269067,-0.0760647083542,0.0786716960663,0.3285520824032
0.0596549681888,-0.1777382659010,0.0985775751063,0.1781681296771,0.3261674943728,0.4553888766127,0.1931117520271,0.2102167851965,0.1288760698733,0.7306466529637,0.4642151219092,0.4372010980105,0.3070575906654,0.2512059833630,0.3627389168043,0.2623749985930,0.4179720395958,0.0288508362601,0.2758940217075,0.3150700681653,0.2025458955858,1.0000000000000,0.4944949522166,0.1768299632895,0.1590853349596,0.3664194896250,0.2138134210111,0.3630515242142,0.5428335716342,0.1104401827548,0.2653991973599,0.2625008742743,0.4897499371097,0.0385503145163,0.0324533721030,0.3236673659387,0.2205600118190,0.2934831601053,0.0963113770539,0.1049484964107,0.5372158496642,0.5173295432162,0.1613710303645,0.1858222968843,0.3011959535144,0.7741027061887,0.5747299584618,0.1816791160037,0.4965744858018,0.5072371909672,-0.0277175111618,-0.2742890135500,-0.0213171545747,0.0024038168051,0.2043257776202,0.0945895568334,-0.1657033588940,-0.1316173006240,-0.0734805926647,0.1000062918521,0.0052117484544,-0.1372256392286,-0.1962595977841,-0.1830386539285,-0.2478415730609,-0.1433958030361,-0.1158880143408,-0.0339406710381,0.1432740488828,0.1139699732655,-0.0783634672466,0.0604204908817,0.0526775643966,0.1535895758045,-0.0011635607738,-0.2199576289967,-0.2107487706728,0.0391477832336,0.1855562352120,-0.0021309282882,-0.3586725223793,-0.1307839209878,0.0402210027361,-0.2488744374270,-0.1422114646462,-0.2485246010337,0.0898163419092,-0.1185184343116,-0.3244399051534,-0.0088938292641,-0.1732689733062,-0.2856294637095,-0.0002472087983,-0.0128421424151,-0.0920203329072,-0.0747197921041,0.2538266022439,0.1057116295701,0.0280637158688,-0.1378107385513
0.3495209252901,0.1554919425181,0.2808104620257,0.3681816384273,0.4319680049900,0.4238223176785,0.2399672620040,0.2946706792962,0.3029895116862,0.5248380711524,0.8215281478796,0.8884276922138,0.4050062610294,0.5130159203534,0.5190689915279,0.4311693018240,0.4482905955423,0.4969989833212,0.2373477037004,0.2649549065139,0.5787302971813,0.4944949522166,1.0000000000000,0.4457700737372,-0.1352677960954,0.2824314887705,0.4054130267324,0.0027783070231,0.2947281652554,0.1947457830112,0.4054813648449,0.6096813024148,0.5933782642476,0.3104143102546,0.4665737485814,0.4091904468481,0.4333701994138,0.0699840927799,0.4118986528685,0.4257403100586,0.3937727076648,0.6454152226592,0.4509917966274,-0.1368807687766,0.2332883904728,0.7695205646589,0.6450209455655,0.5321186167144,0.2715988530918,0.7079199461005,0.0350310833348,-0.0237660703033,0.0667343825065,0.1915841854142,0.0942369448157,0.1105937231912,-0.0198938460810,-0.2308676751751,0.1639153005427,0.0858866211296,-0.1513479027175,0.0243560379235,-0.0813575846123,-0.3183114110650,-0.3525458311835,-0.0411809619733,0.1071648812720,0.0420906303565,0.2020144217456,-0.1043399698469,0.0068683547457,-0.0350457045469,0.3377820400185,-0.0573130342856,0.0751029737892,-0.3317591552967,-0.0281690395200,-0.3470414710508,-0.1932886681495,0.0289656442427,-0.4558651098193,-0.2853652630040,-0.2749726229762,-0.0376716902347,-0.2997280903530,-0.2140998703632,0.3331278587371,0.2795352070694,-0.0723178904232,-0.2184740405218,0.1886527376156,-0.0860953085258,-0.1937704659616,-0.2840276381094,-0.2638289267932,0.3378197060369,-0.1226134907050,-0.2023101908508,0.0991736162431,0.0637324201940
0.2569615225701,0.0968850429990,0.1884671086275,0.3625273607743,0.2695656725624,0.3818819305907,0.3694070953194,0.3762870296742,0.5663260665359,0.1744398078494,0.3422400709870,0.4197819951152,0.4235086489379,0.3665695141970,0.4041743335008,0.6711514251273,0.5662052769534,0.5103320116367,0.6414009987478,0.3686280969750,0.4356397304738,0.1768299632895,0.4457700737372,1.0000000000000,0.0973819852672,0.4668280551062,0.5770608131746,-0.0619647502769,0.1958918657331,0.1265335169779,0.8313981062325,0.5488671834506,0.6109766004625,0.2319379848301,0.5384761799789,0.6469507103897,0.7632399495498,0.2069511627069,0.5944428904152,0.3474678112323,0.2460929796904,0.3548890537085,0.5453282776136,0.0828184088210,0.2536991784616,0.2976397521523,0.4315105330797,0.3594005792020,0.2975925972837,0.3914407680408,-0.0423426761965,-0.0305395392208,0.1884541706739,0.1419080783714,0.0614442943809,0.2841702921013,0.2108632448014,-0.0055438997278,0.2957876349515,0.3672585873747,-0.2599139421691,-0.0096702132720,-0.1478332386724,-0.2162718285302,-0.3653030204478,0.0831420336460,0.5367334736884,0.1803967642564,0.5496236662651,0.0827790277448,0.1037217091028,-0.2805917891110,0.7136120593811,0.1296619178341,0.3958900808006,-0.0424685866714,0.2297997944234,-0.3595478032963,-0.2776976710584,0.5100685096882,-0.2357583087860,0.0214360059054,-0.4255031015527,0.3023453249053,-0.0139690288853,-0.2305961301861,0.7503440455048,0.5978061838037,0.1458405614678,0.0187822270714,0.4913843391724,-0.1964864833787,0.0880235525868,-0.3827263590634,-0.2184153048059,0.2295724452988,-0.0921881164215,-0.3995215377117,-0.2228162493137,-0.0529277195947
