1.0000000000000,0.3740525188374,0.5265912195510,0.3077652551944,0.8164256643240,0.4935827652009,0.2113056642614,-0.0628540837808,0.0043372697608,0.2859918350331,0.2077806934854,0.2231934539668,0.0627349035471,0.4645527360322,0.4390320966862,-0.0984564429749,0.1291596436814,0.1328494570214,-0.0516440211115,-0.0225095957784,0.2142538615037,0.2370249254121,0.2575112738238,0.1702794668523,-0.2383007937761,-0.1000633762673,-0.1649279034670,-0.0013319502743,0.1927966537471,0.1122818532335,0.2540329354639,0.0373177237384,0.0405038966809,-0.0581298576388,-0.2304929804983,-0.1166126908436,0.0115940178846,-0.2592001266362,-0.0013085332306,-0.2175953522093,0.4134016519470,0.3816799547275,0.1147632138767,-0.3859623511542,-0.1818962069476,0.1878701324668,-0.0068299293870,0.2782817994214,0.4044213966258,0.3050710208479,0.5083237636979,0.1310176567207,0.0247483977747,0.3354494179408,0.1627798740354,-0.0265441616083,-0.0142943529415,-0.1590083203925,-0.1307789575429,-0.1161652236607,-0.1908413926624,-0.1800005009733,-0.0944270544572,-0.1025134509516,0.0066189777404,-0.2242582809367,-0.2436300758981,-0.0826769220460,0.0262640859980,-0.0145195342432,-0.0418316421545,-0.2436104580810,0.0831162989086,-0.1124611458961,-0.1508429369469,-0.0691411991885,-0.1515103774267,-0.0072442579263,-0.1037604319914,-0.0419421767941,-0.2426241267798,-0.0916617650236,-0.1784448765219,-0.2536574672824,-0.0911438988583,-0.2964670614656,-0.0660009866871,-0.1723324556843,-0.1966016247485,-0.0851807999415,0.0248019420329,-0.2616961398940,-0.2735423572808,-0.3265129831928,-0.2571779011435,0.0916068691998,0.0561919692180,-0.2339477528018,-0.1107366080296,-0.2499753206244
0.3740525188374,1.0000000000000,0.6495278957375,0.1976369284993,0.2984447758477,0.0456643731228,-0.0224280456152,0.1518797351314,-0.0162434497778,0.1469610835160,0.1826410255225,0.1890162674592,0.0299295215637,0.7390076469492,0.4216338905170,-0.0847856700067,0.0209419265143,0.2958497926580,-0.2375749514672,-0.1770655921769,0.2387012266616,0.1058658958986,0.2198440533667,-0.0518181274351,-0.3378387892231,-0.1548879232276,-0.2634279051256,-0.1601829923871,0.1143862764542,0.3790436557061,-0.0354599586515,0.0581810588397,-0.0119726085634,0.0388440549990,0.1524064144896,-0.1682656233491,-0.1635966213855,-0.2799546725015,0.0589292931686,-0.0220151788664,0.2335150403849,0.2589535285656,0.1095778098492,-0.2870853950553,-0.1233583222087,0.1044009491328,0.1022723929270,0.1301314725139,0.2686675255245,0.2875817172246,0.1558030319340,0.4982743468659,-0.0597348339230,0.0467719267270,-0.1496539707141,-0.0660545501598,0.0387298870932,0.0451973680367,-0.0539328341319,-0.0565780770253,-0.2562377477368,-0.3055553239621,-0.2069139029972,-0.1443651717444,0.2659704910153,-0.2134782405533,-0.0644042016512,-0.0600654390963,-0.0788152181499,-0.2529079627408,-0.1618901986245,-0.3037136956885,-0.0713712649655,-0.2483476801188,-0.1209810991194,-0.1936410620809,-0.3557372028413,-0.1913418250911,-0.0426199406152,-0.2331471431652,-0.1448772626192,-0.2191989902825,-0.0192458342734,-0.2115842270244,-0.0935212593658,-0.0222494544025,-0.2489535791378,0.0570352974548,-0.2515916996333,-0.2687361442273,-0.0208507752345,0.0824654087261,-0.2131641997348,-0.3286166688049,-0.1446595206284,-0.0156784896763,0.1297074030908,-0.3346158444627,-0.2348766294322,-0.2200441160464
0.5265912195510,0.6495278957375,1.0000000000000,0.3810714035746,0.5793110123955,0.3776469109024,0.2264752523370,0.0755679728018,0.0238084374252,0.0216369209619,0.0482543762129,0.0265250274887,-0.0540471920372,0.4248397437350,0.3261307705044,-0.0121286870132,-0.0517429267394,0.1121941752010,-0.1723394402248,-0.0602812424527,0.0723333922794,-0.0176076460339,0.0287423946231,-0.0588827284584,-0.1390443097620,-0.2013370800522,-0.2019496407626,-0.0615352209009,-0.0736390606593,0.0241072724442,-0.1037001968820,0.0161935945301,-0.0648789385900,-0.0423871973402,0.2344548909810,-0.1084109064900,-0.0924157658054,-0.2151696577986,0.1581233736339,-0.1545050567483,-0.0074756208142,0.0297878763776,0.0599208644188,-0.2827015607846,-0.0821058570775,-0.0221829715594,-0.0221506828822,0.2536802152433,0.1708571366689,0.1097001151442,0.5718666571720,0.6877942968437,0.2688740782884,0.5767121163179,0.2394299186807,0.2971926387424,0.1499538037952,0.1103109078406,-0.0132106861785,0.0495597043584,-0.1003508011410,-0.1828823687681,-0.1293115169697,-0.0302709358182,0.4069326464909,0.0440149533416,0.0656506013120,0.0290429877014,-0.1380109860893,-0.0319050706992,-0.0207702922397,-0.1791822353402,-0.0531372102587,-0.0793652984117,-0.0472842514679,-0.1709723030245,-0.2087239657783,-0.0042284182497,-0.1486029170575,-0.1039653428399,-0.0307427408296,-0.0112286167033,0.0509383372120,-0.0769252818692,-0.0116366566111,-0.0015596528217,-0.1136136422830,0.2145181339461,-0.0115597048227,-0.1346855052557,0.0809784191288,-0.0122238804183,-0.1696865683437,-0.1377991572486,0.0315350661636,0.2629287987442,0.2611562794817,-0.1620362668590,-0.1228719305518,-0.0313278301038
0.3077652551944,0.1976369284993,0.3810714035746,1.0000000000000,0.3449811412827,0.5927722397009,0.8262624868973,0.0506589443101,-0.0602535723972,0.3176923179716,0.2145911752223,0.2732737310762,0.0495822369634,0.2471102496561,0.6812478003773,0.4189641639021,0.1924181991592,-0.0804586785320,0.2468343879643,0.0697181206301,0.3329923415307,0.1097874995088,0.2232925587255,0.0840562870787,-0.0932317948112,0.2035355233967,-0.0668175976081,0.0563888936402,0.0570482193413,0.1276817838535,0.2992576123429,0.2447812225278,0.1741226331607,-0.0900081842506,0.2698519389493,0.2335731350694,0.0043460945534,0.0552654541726,0.3855329237449,-0.0469005745116,0.2537614397840,0.3702449576988,0.4214581708548,-0.0247384642893,0.0663186390366,0.1946318708736,0.1291271708553,0.4388268221642,0.0629625548498,0.5459233224950,0.0412877454025,0.0843376335212,0.4988053196280,0.4292481629930,0.3260463894546,0.6040792317855,-0.1962681416417,-0.1886618621290,-0.0902494430236,-0.1713315166112,-0.1950872394821,-0.2783363239711,-0.2159845504816,-0.2296703263756,-0.1314748631949,0.1183042231071,0.1144976918583,-0.2502639787372,0.1334805103754,-0.0403654952365,-0.1223081293464,-0.3642399691597,-0.1212009419953,-0.0168229034536,-0.1576310504637,-0.0590453187878,-0.0605031808772,-0.0352843286498,-0.3135863492637,0.0011204786167,-0.2103027158652,-0.1961026409358,-0.2432269649682,0.0293980229004,-0.0799256498191,-0.2667899121795,-0.1108441077929,0.1546727964073,-0.0289763452371,-0.0394224219494,0.2319564262221,-0.2253158605245,-0.0379357669094,-0.3682183967002,-0.2374294652472,0.2494411763044,-0.2220443582730,-0.2086746009564,-0.1716594582444,-0.0902537525520
0.8164256643240,0.2984447758477,0.5793110123955,0.3449811412827,1.0000000000000,0.6827441025532,0.3333658817837,-0.1316056771965,-0.0602223491924,0.2126117388471,0.1517482948572,0.1271695751531,0.0201256886960,0.3072911757170,0.4358299671636,-0.0572618697373,0.0816650375806,0.0270962315030,-0.1037201596663,-0.0759237817095,0.1335329030355,0.2016978574519,0.1175726691497,0.1190323893699,-0.1714345587512,-0.1469275690863,-0.2035173758837,-0.0033745999841,0.1313040920266,0.0002142109251,0.1512176150135,-0.0852174019332,-0.0382183376245,-0.1708768299322,-0.1786186933235,-0.1477408970999,0.0138647675030,-0.2503326022903,0.0566634972387,-0.3575112063617,0.2482937937016,0.2244856630749,0.0495963219966,-0.3054561731720,-0.1861178246816,0.0488405504406,-0.1307556919306,0.3396785569328,0.4614004402793,0.2366327112252,0.6401585168048,0.2054417585169,0.1679298120215,0.5932005602972,0.4166770067757,0.1227886745877,-0.0578609249976,-0.1409445490856,-0.1445868648755,-0.1586116317545,-0.0529407345763,-0.1484784670753,-0.1256104149173,-0.0860566946986,0.1467674651275,-0.1160128165260,-0.1820168403936,-0.0617482102264,-0.0151921030892,-0.0455964447644,-0.0072226030651,-0.1734523405075,0.0530432830312,-0.0800313061833,-0.1403276231917,-0.0260227087378,-0.1828860469836,-0.0120568619171,-0.0806198047108,-0.0269658260998,-0.2243878226767,-0.1101180446659,-0.1300217759097,-0.2198024934451,-0.0532489174024,-0.3197725108686,-0.0271520738330,-0.1093857234172,-0.1343646941241,-0.0634698017902,0.1459158699107,-0.3557473834227,-0.2317766532264,-0.2518916896780,-0.2044116656746,0.2185890569735,0.2370832468779,-0.1925326571744,-0.0828451282459,-0.1503743318079
0.4935827652009,0.0456643731228,0.3776469109024,0.5927722397009,0.6827441025532,1.0000000000000,0.6418610449275,-0.1598904266785,-0.0226871269635,0.3522641934117,0.1596303012421,0.1841975486657,-0.0467705086844,0.1056164581198,0.3811518579408,0.1946239501921,0.0393802122040,-0.1777699560849,0.0429606348370,-0.0141701154754,0.0562843595499,0.2528889724847,0.1415574507256,0.1068610553909,-0.0589194716347,-0.0415728672631,-0.0988051449686,-0.0166237366873,-0.0140977778028,-0.1645504478025,0.1436018612929,-0.0392039388915,0.0269738921113,-0.2058699609208,0.0707002916937,0.0901954055701,0.0709177507704,-0.1024561616343,0.3438177832440,-0.2610081309956,0.1022102826370,0.2178146299421,0.0946114629600,-0.1780869279873,-0.1077518977171,0.1350997794441,-0.0100905571834,0.5940357589787,0.1923660426748,0.3123133424931,0.4778985758311,0.1085802491909,0.4722458782233,0.7244781660945,0.7003067592653,0.3973813671166,-0.0408316291112,-0.1379620226740,-0.0240791536189,-0.1196358821005,0.0598555889069,-0.1057242768830,-0.0973283239091,-0.0631195084126,0.1194618913556,0.1434025872514,0.0732801827866,-0.0600665781795,0.0966680295058,0.0222653275402,0.0252928440784,-0.0631593712365,0.0317941186259,-0.0499556920002,-0.0225645878648,-0.0463991365023,-0.0966844155119,-0.0131092743113,-0.1998546853894,0.0956215311967,-0.2264652890596,-0.0500559246713,-0.1013028361383,0.0090646904861,-0.0405011672367,-0.2951480675395,0.0292769852443,0.0862203021572,0.0202977518795,-0.0100786002577,0.2463781964121,-0.3436123521191,-0.1425977465542,-0.1261635817953,-0.1285234527713,0.4388909998995,0.1276935021037,0.0053623154535,0.0769944299178,-0.0270401655887
0.2113056642614,-0.0224280456152,0.2264752523370,0.8262624868973,0.3333658817837,0.6418610449275,1.0000000000000,-0.0542703010846,-0.0299423880244,0.2393191909529,0.1157322100793,0.1538529168589,0.0513053000480,0.0150127649856,0.4955956166900,0.4772062465340,0.1613391001867,-0.1441456617714,0.2532691333349,0.0476922274176,0.1915992773739,0.0311842964674,0.0622636220724,0.1640702031280,-0.0241354945468,0.1425535305733,-0.0413950490955,0.0013220105815,-0.0562082127024,-0.0539335959854,0.2844604883258,0.1388776749456,0.1098874890194,-0.1327920093224,0.2932962373840,0.2918692851944,0.1141810257182,0.0424973648365,0.4797794561524,-0.1790417215420,0.0746284545068,0.1474996755756,0.3594006234452,-0.0192295540994,0.0130537576094,0.0158452448927,-0.0157388916591,0.3911244524559,0.0099306490612,0.3569334095232,0.0995673347207,0.0191000328516,0.5806476063573,0.4983133706876,0.4919228371958,0.6811579904569,-0.1528807154360,-0.1605145143196,-0.0441951326860,-0.1237378196316,-0.0554400739999,-0.1729183441971,-0.1281301296498,-0.1186415819151,-0.0724741646152,0.2580774091144,0.2371259955520,-0.1532206565716,0.1715498498145,-0.0154365226624,0.0359961473511,-0.2572973803271,-0.0075975992454,0.0153214338187,-0.0397938157108,0.0138880018019,0.0039618224675,-0.0110318197819,-0.2983044585141,0.1122441079087,-0.1502392105564,-0.0946240371874,-0.2720443024376,0.1972040340105,-0.0506891321004,-0.2515676871272,0.0532929286034,0.2638488170010,0.1149255644706,0.0150089487604,0.3928673701451,-0.2715384418136,-0.0217743648393,-0.2301068694520,-0.1622356765377,0.3328458321212,-0.1611157858210,-0.1849362584008,-0.0974750642063,0.0427638996395
-0.0628540837808,0.1518797351314,0.0755679728018,0.0506589443101,-0.1316056771965,-0.1598904266785,-0.0542703010846,1.0000000000000,0.4858088568153,-0.0089424574411,0.1923671518343,0.1801350865333,0.3425594255621,0.1714898359428,0.1267576216389,0.2845833887802,0.4341711219484,0.3994132923372,0.2311815890887,0.5350018857953,0.5169262806360,0.1667458260453,0.2399996959394,0.1574160775995,0.0027678891343,0.4537955711390,0.3814733726548,0.0017133996850,0.1909420003013,0.1564991777389,0.1932479361335,0.3667828431392,0.3254707695109,-0.0552466742738,0.2161774888254,0.1850816773911,0.1062877275482,0.4145102614640,-0.0048912593192,-0.0082441642491,0.0558588093746,0.1921865609538,0.3852469009927,0.1921383971241,0.5713237503301,0.2337281668003,0.1303117404138,-0.0480076526742,0.0753929861302,0.1428834891847,-0.1927308149727,-0.0216447595925,-0.0911964443214,-0.1949890364661,-0.2924414847644,-0.1228414346482,-0.0767451085676,-0.0564238076950,0.0217216628208,0.1380653151263,-0.1261964479831,-0.1138400414959,-0.0395297213872,0.0251072364581,-0.0453861953380,-0.2348756317983,-0.0445076834517,0.0692034153206,0.0025985850656,-0.2460207696944,-0.2298534800377,-0.2002019947227,0.0805029762085,-0.1237218650840,-0.2261536264499,-0.3924525352846,-0.0203558092786,-0.1816904788636,-0.1102382998738,-0.1438296535023,-0.1455326961932,-0.1753716361696,0.1907332476084,-0.1674561295586,-0.2989265229569,-0.1424936809787,-0.0487832837885,-0.0771542414971,-0.1695481707151,-0.3745252230368,-0.0808459930761,-0.0683571969457,-0.1681620820963,-0.2412934049108,-0.0703332248664,-0.1751674307016,-0.0794216404420,0.0678112787695,-0.1848989218566,-0.1830107811637
0.0043372697608,-0.0162434497778,0.0238084374252,-0.0602535723972,-0.0602223491924,-0.0226871269635,-0.0299423880244,0.4858088568153,1.0000000000000,-0.1192978729628,0.0977233013543,-0.0108451578135,0.1365610146746,-0.0255418945096,-0.0689695829094,0.3397915241332,0.1796579352803,0.3278536064812,0.5226071211128,0.4845396336842,0.1682975107142,-0.0233262037024,0.0422803913340,0.5783688814483,0.1559223300684,0.1055732715040,0.3688688215792,-0.1029724689524,-0.0171783560884,-0.1109414527001,0.2651267833502,0.1631341959756,0.0318421809481,-0.1133534262860,0.2369732954376,0.3746056764602,0.4486386188479,0.1523754882000,0.2185940273000,-0.0354888151836,-0.1151966761636,-0.0055995833646,0.1885361659111,-0.0125232749094,0.1571452839527,0.0839022918805,-0.0020177422311,0.0953224349955,-0.1040581880587,-0.0296877232560,0.0261592333221,0.0178297479999,-0.0341825910638,-0.0186062718530,-0.0444167333088,0.0101875245519,0.2891321562876,0.1941740206302,0.4982739565137,0.5850838567136,-0.0488670574666,0.2638291967083,0.1223542468922,0.2637503500102,-0.0842223417851,0.0425676129155,0.2898153036762,0.4363425318474,0.4195519101753,0.1357961162622,0.2998465695811,0.0738834402408,0.5615434978605,-0.0437368130249,0.3140318441545,-0.0521101447356,0.2420034190485,-0.1441263399583,-0.1051381751496,0.3909834270477,0.0304895028056,0.1235762685049,-0.1155841504164,0.0990554650302,-0.0393443637489,-0.0558196215341,0.3882608615545,0.2288854347624,0.2543202726143,-0.1745759277896,0.1051021775792,-0.0363043327286,-0.1936887740169,-0.0364589864463,-0.0106797923738,0.0883719076667,-0.0973101869824,0.0160778050882,0.0297885671655,0.1586090909810
0.2859918350331,0.1469610835160,0.0216369209619,0.3176923179716,0.2126117388471,0.3522641934117,0.2393191909529,-0.0089424574411,-0.1192978729628,1.0000000000000,0.5819360584081,0.7101010313379,0.3530220490535,0.4155152154836,0.5732331026804,-0.0068228260237,0.3738325436122,-0.0218905678864,-0.0181094981974,0.0172178619946,0.4441375299036,0.7085344276905,0.6007750298965,-0.1096475676703,-0.1793986703279,0.0877252463851,-0.1666159018082,0.1019291373082,0.1159408014103,0.2590226388854,0.2035885761275,0.2490288574861,0.3822907901952,0.1230853265421,-0.1864080977757,-0.1085865685920,-0.0961081129482,-0.0700851925111,-0.0146547975346,0.1113991593665,0.4901399736953,0.6829424903050,0.1781369147134,-0.1366876294976,-0.1059909978345,0.5557998533941,0.4919955980490,0.2523542185409,0.1130349873685,0.7548989490552,-0.1602391895118,-0.3605401302605,-0.1164325583045,0.0127130186492,0.0432810784384,-0.1547335453987,-0.1604202490811,-0.2043237613199,-0.2104761480272,-0.1859562797775,0.0155223351031,-0.2411417004139,-0.0221004950931,-0.1578347227217,-0.2608541881696,-0.2806764528995,-0.3447087581521,-0.4187608323387,-0.1007448397969,-0.1335054968811,-0.2215656756861,-0.1699866629882,-0.3532574669214,-0.1116676157800,-0.3412832929197,-0.1440277284575,-0.2073669829635,-0.0891011201974,-0.1735401944604,-0.3293709021498,-0.3951472773731,-0.2815274864155,-0.1003792485798,-0.3191697092719,-0.1595641150779,-0.1431984310993,-0.3067343944800,-0.2966464382495,-0.3776546978289,-0.0974920669363,-0.2616526254641,-0.1534122448407,-0.0730932687583,-0.2487012497030,-0.2377903590075,-0.0532931350689,-0.2546883759447,0.0266841566812,0.1313412934454,-0.3326345659188
0.2077806934854,0.1826410255225,0.0482543762129,0.2145911752223,0.1517482948572,0.1596303012421,0.1157322100793,0.1923671518343,0.0977233013543,0.5819360584081,1.0000000000000,0.7422827627642,0.5341372042258,0.3304665698996,0.4818879109238,0.0149470859813,0.5289798075297,0.2903630837285,-0.0299897852554,0.2133533154492,0.5802935317704,0.4566710661842,0.7021658291377,0.1735362914905,-0.1745509553483,0.1131183933090,0.0083233062168,0.0158917056882,0.0802954380304,0.1725212280309,0.2563018030751,0.3832112966434,0.5191081677653,0.1595730699645,0.0109206193492,-0.1026134954866,0.2195967391777,-0.0120343871141,0.1626723790663,0.0549187107901,0.2095585596201,0.4185371675117,0.2226227735291,-0.1849790674104,0.0393294192398,0.4073330317260,0.4263768122521,0.3726074100883,0.1296908742467,0.6314112039947,-0.2316780371153,-0.1649691799178,-0.0661470440921,-0.0579395332328,-0.0175064305613,-0.0445732403872,0.0143376308084,-0.1751828744619,-0.1519385216132,-0.0598803497983,0.0984508691425,0.0928919648513,0.1839015051958,0.0955329800671,-0.1324144962707,-0.0125501008056,-0.2393527048458,-0.1663047430898,-0.1327589998458,-0.0727704992445,-0.0168237918950,-0.0885971852446,-0.0039592474250,-0.1226247211461,-0.2301200723230,-0.2420035752684,-0.0596729139709,-0.2168525818307,-0.2215391989432,-0.1903832948709,-0.2490948992424,-0.0977557198970,-0.2407566941931,-0.1958876580154,-0.1889975711836,-0.1071958623045,0.1272833601405,-0.1444142805497,-0.1529989903538,-0.2035428678062,-0.0712931391232,-0.0690363740153,-0.1706019720937,-0.2502449797202,-0.1991486791837,0.1150243533646,-0.2703344014854,-0.1932841824060,0.0925982783107,-0.0273116526746
0.2231934539668,0.1890162674592,0.0265250274887,0.2732737310762,0.1271695751531,0.1841975486657,0.1538529168589,0.1801350865333,-0.0108451578135,0.7101010313379,0.7422827627642,1.0000000000000,0.6426799653186,0.3877848289681,0.5683225473318,-0.0153821214816,0.6607715580090,0.1881684670385,-0.0465499068103,0.1792161410663,0.6370814982463,0.6083899143891,0.8583622301958,0.0095961602802,-0.2133711821831,0.1750910799716,0.0001322910156,0.0685073333079,0.1638365289435,0.2526186274721,0.2458060920874,0.5209798945150,0.7259906303347,0.3604591924395,-0.0511380369229,-0.1015019918233,0.0361447078882,0.0003156460547,0.0093576769787,0.2594954836161,0.3839225412361,0.6140060924995,0.2177399122088,-0.1406388336542,-0.0098763712356,0.6430389825177,0.6808296365327,0.2239977281186,0.0290207311437,0.7176793138418,-0.2927777427241,-0.2665001239272,-0.1480032844098,-0.0308675681715,-0.1684373077567,-0.1136726573028,-0.0494340525842,-0.2475486400663,-0.1912128674048,-0.1978842585732,-0.0556113597346,-0.2108746654801,0.1527101058440,0.0433316052815,-0.2939729944254,-0.2176144667292,-0.3131472498763,-0.2880258984696,-0.1899203047531,-0.2121083511639,-0.1581087452023,-0.2016818827144,-0.2329279756462,-0.1643485822864,-0.3206916748418,-0.2466363046997,-0.0858420511082,-0.2273415890325,-0.2873758249483,-0.3167158393812,-0.2528816812490,-0.1497349154418,-0.2098869903240,-0.2837792467487,-0.2333363257861,-0.0324747695232,-0.1907847151506,-0.2604506042956,-0.3075288428078,-0.2579120496416,-0.1913149290700,-0.0326666146474,-0.0967379981239,-0.3729138576755,-0.2477745132555,-0.1120671944531,-0.3697125555450,-0.1669344871231,-0.0189884148614,-0.2565977517691
0.0627349035471,0.0299295215637,-0.0540471920372,0.0495822369634,0.0201256886960,-0.0467705086844,0.0513053000480,0.3425594255621,0.1365610146746,0.3530220490535,0.5341372042258,0.6426799653186,1.0000000000000,0.1882066261324,0.3268009557638,-0.0467318681178,0.8490266857826,0.2275570998566,-0.0217466529672,0.3969235356224,0.6096433329535,0.3657751035605,0.4372797592573,0.1417163407125,-0.0034510447063,0.2025701118162,0.1964719894886,0.0471688498117,0.1178705135477,0.1780250056131,0.2692145824126,0.5107789256039,0.7575916603035,0.3012720384623,-0.0039438308154,-0.1282361200541,0.2774125334723,0.1997565129507,-0.0620403286005,0.1556313386107,0.1325064225726,0.3146802805631,0.2048593778341,-0.0182808636763,0.1501066948259,0.4196301685693,0.5073763768640,0.0477348735294,0.0841878077747,0.4296961083454,-0.3219619290167,-0.2561088521241,-0.2838775749248,-0.1377083888232,-0.3010579899068,-0.1029222043178,0.0953522325605,-0.1547515873084,-0.2115432193823,-0.0406973244522,0.0172637800924,-0.0600819492356,0.3198686351733,0.3337594471473,-0.3049139212643,-0.1951156008668,-0.3314262373510,-0.1076541696805,-0.2793523302503,-0.1438128676511,-0.0846011291840,-0.1282785067875,-0.0653159489928,0.0043495236654,-0.3019522556105,-0.2305961252699,0.1061435071057,-0.2266793220747,-0.1983043365983,-0.3288553792669,-0.0731819950220,0.0531634689743,-0.1907951886584,-0.2722662865761,-0.1475431131773,-0.0315298739379,-0.0128665962353,-0.1834527229236,-0.2632998702745,-0.2136200516066,-0.0548902968127,0.0064437747220,-0.0288800850148,-0.1978936558271,-0.1575733327066,-0.1871707176751,-0.3321983530965,-0.1068081283887,-0.1167574301553,-0.1360426272919
0.4645527360322,0.7390076469492,0.4248397437350,0.2471102496561,0.3072911757170,0.1056164581198,0.0150127649856,0.1714898359428,-0.0255418945096,0.4155152154836,0.3304665698996,0.3877848289681,0.1882066261324,1.0000000000000,0.5350248494385,-0.0317443410267,0.2419394457755,0.2566884859257,-0.0751044788798,-0.0904094731464,0.4708363933169,0.3070528166952,0.4051961157991,-0.0108102659277,-0.3115100884994,-0.0208131002008,-0.2283411489869,-0.1475428795788,0.3302008668604,0.6400216105175,0.2080209708490,0.2025770751033,0.1542166719974,0.1417902396019,0.0181562432716,-0.0746293021238,-0.1187386432760,-0.2139689840941,0.0565434930709,0.0299194999508,0.5351334952226,0.5911686002070,0.2711994553148,-0.2722409415424,-0.0973695903984,0.3570930011467,0.2602837205254,0.1316989806901,0.4316492148315,0.5058918562846,-0.0187049271320,0.0823340798452,-0.2106052518649,-0.1026571543002,-0.2781573918931,-0.2258593553441,-0.1435820111317,-0.1102654382311,-0.1023441933431,-0.0878465612048,-0.2908263056834,-0.3686091049351,-0.2314002446921,-0.2271926989584,-0.0206037477246,-0.3916847616741,-0.2083797764411,-0.2765231477139,0.0029978017946,-0.2806244994046,-0.2307176340050,-0.4095240606557,-0.1394178421984,-0.2428609403434,-0.2323962098591,-0.2489132769391,-0.3368717147127,-0.3140413333535,-0.0035889456073,-0.2991939934449,-0.4079974903628,-0.4091754364902,-0.0227459162952,-0.2761288152263,-0.2172695011837,-0.1810607877320,-0.2945886552815,-0.1091262525837,-0.3827224065924,-0.2612697751759,-0.1146635723275,-0.0637451263604,-0.2566508647047,-0.5129648324560,-0.4039398526482,-0.1910629223661,-0.0876807224060,-0.2284344896387,-0.2328690968516,-0.3825126370189
0.4390320966862,0.4216338905170,0.3261307705044,0.6812478003773,0.4358299671636,0.3811518579408,0.4955956166900,0.1267576216389,-0.0689695829094,0.5732331026804,0.4818879109238,0.5683225473318,0.3268009557638,0.5350248494385,1.0000000000000,0.1562813628367,0.4631852996417,0.1939238072369,0.0845133444910,0.0618644706214,0.6603766164386,0.3487207609290,0.5022958396494,0.1032552976696,-0.2323486130390,0.1082274315493,-0.1411603489292,0.0182703752155,0.2097584913174,0.3156755073623,0.4314813647307,0.2695100485573,0.3024814945634,0.1253515091743,0.0336727555504,-0.0239565538474,0.0198439740555,-0.0993372157861,0.1798552380935,0.0165357476001,0.5198714983633,0.6476252064503,0.5307740294773,-0.1754743305204,-0.0778145922281,0.3772093201169,0.2494650287365,0.3926006585815,0.1592536917041,0.8593063353993,-0.1353499920445,-0.1446628670533,0.0308238762598,0.1535026864911,-0.0559546351688,0.1995555028522,-0.2641569282718,-0.3007831340468,-0.2409455835638,-0.2523465529096,-0.2904070426752,-0.3518515286742,-0.2131816765930,-0.2265265100641,-0.2999353769297,-0.1954674205762,-0.2207323527470,-0.3745903418043,-0.0008292696537,-0.1991328533508,-0.2036331746186,-0.4863038919744,-0.1912123313612,-0.1034230636579,-0.3799921530557,-0.0818212426430,-0.1512447982820,-0.1392692551749,-0.2872733899288,-0.2454406448487,-0.3272445858458,-0.3425815361059,-0.3626026529014,-0.2729793665952,-0.1776572106444,-0.2640628265097,-0.2426534797915,-0.0593437878917,-0.2702211365465,-0.1455294242463,0.0613543022951,-0.1656166741373,-0.1380306002225,-0.5602582754416,-0.4103061077021,0.0384219089940,-0.3484319956948,-0.3983572109016,-0.2351490161262,-0.2822960953451
-0.0984564429749,-0.0847856700067,-0.0121286870132,0.4189641639021,-0.0572618697373,0.1946239501921,0.4772062465340,0.2845833887802,0.3397915241332,-0.0068228260237,0.0149470859813,-0.0153821214816,-0.0467318681178,-0.0317443410267,0.1562813628367,1.0000000000000,0.1262901369930,0.0942374220978,0.7498309155294,0.1106185842032,0.1185670975343,-0.0686306505072,0.0252207367575,0.3775036232065,-0.0609876650849,0.2321687010270,0.1555869229858,-0.1846025189090,0.0362512467541,-0.0957447672528,0.5265904430426,0.0956009684528,0.0091212214798,-0.0925518043408,0.6005111082203,0.7677885938730,0.2988863984779,0.1970836460708,0.5490296756328,-0.0825419936960,-0.0187474555855,0.0637450804396,0.4969054201507,0.1332365509421,0.1383938620003,-0.0097631393196,-0.0400569864360,0.1843713281203,-0.0306816853958,0.1043489021462,-0.0463123036497,-0.0435582776009,0.3118808846227,0.1258973221385,0.1908850795668,0.3747410355702,-0.1131842412797,-0.0272327236773,0.4103352408241,0.1183084807324,-0.0880063819436,-0.0474498228162,-0.0478035137748,0.0456650582050,-0.1387042711081,0.2084874369792,0.6370332074164,0.1656649188238,0.5456959001879,-0.0972221510016,0.0790280465075,-0.1458662617927,0.2615621484354,-0.1592178463580,0.2680201179299,-0.2147548103293,0.0045068449546,-0.2461897885614,-0.1909360870317,0.4295225939755,-0.0983164145576,-0.0909421504844,-0.1272965645005,0.4600006198311,-0.2189391397075,-0.1161571216559,0.2545015224196,0.4414294306771,0.3107777348936,-0.1970069446684,0.3483966552761,-0.1581238917785,-0.1208656774832,-0.2360798359992,-0.0580027256185,0.1698303854947,-0.1725554454411,-0.0264379022731,-0.1151074259610,0.0885151763485
0.1291596436814,0.0209419265143,-0.0517429267394,0.1924181991592,0.0816650375806,0.0393802122040,0.1613391001867,0.4341711219484,0.1796579352803,0.3738325436122,0.5289798075297,0.6607715580090,0.8490266857826,0.2419394457755,0.4631852996417,0.1262901369930,1.0000000000000,0.2819701384340,0.1350214378969,0.4406922775479,0.7849979039595,0.3717493273386,0.5119083921922,0.2773329199219,-0.0296674844520,0.2774050609777,0.2880504228298,0.0261513534041,0.1816719724411,0.1532665830024,0.4743483641824,0.5199173505295,0.7475048886330,0.2646966105799,0.0228256085417,0.0032495511525,0.3812702306960,0.2006579761329,0.0050261709344,0.1195707359699,0.2406536593941,0.4037272473256,0.3816724651855,-0.0276802825897,0.1475352628906,0.4332978887881,0.4217035863746,0.0873238169589,0.1344783675175,0.5412894498764,-0.3120936808281,-0.3310374853173,-0.2591502141079,-0.1253161796346,-0.2972212948687,-0.0841427264377,-0.0165811025649,-0.2258272243097,-0.1730250376993,-0.0858873964945,-0.0402079106264,-0.1092401979083,0.2853686980197,0.3119105338314,-0.3673438355564,-0.2089011219957,-0.2714867782391,-0.0154941555827,-0.1500097092488,-0.1403551509356,-0.0040863742212,-0.1888362181267,0.0382935407294,0.0023328866154,-0.2586393123431,-0.2569249133325,0.1210220743827,-0.2187854914474,-0.2511411503718,-0.1905192780989,-0.1252044562522,0.0409108092075,-0.2126742416246,-0.2539711806350,-0.2292367524230,-0.0986349749303,0.0215204002638,-0.1842717455282,-0.2241750925254,-0.2262941527108,-0.0310815828252,-0.0890354925616,-0.1119979907865,-0.3000688995781,-0.2236838733696,-0.2067516667553,-0.3605337195675,-0.1684243762329,-0.1679631741717,-0.1573658865451
0.1328494570214,0.2958497926580,0.1121941752010,-0.0804586785320,0.0270962315030,-0.1777699560849,-0.1441456617714,0.3994132923372,0.3278536064812,-0.0218905678864,0.2903630837285,0.1881684670385,0.2275570998566,0.2566884859257,0.1939238072369,0.0942374220978,0.2819701384340,1.0000000000000,0.0689103607745,0.1688055742839,0.3634505188248,-0.0208478940521,0.2972504369184,0.3442914472870,-0.2849627872198,-0.0130363067545,0.0761973002650,-0.1698091201816,-0.0511921129971,0.1892588736010,0.3923346092862,0.1380577441094,0.1098258393384,0.2207637888505,0.1743628227247,-0.0311782764434,0.1371859219290,-0.1381196001498,0.0803581354680,0.1561211815764,0.1045279562466,0.1667321167967,0.3522154872933,-0.2050259913296,-0.0750672058256,0.0622508974736,0.0776724523819,0.0248211339005,0.0687908323530,0.2070045927837,-0.1025647872076,0.0672447837244,-0.1321617819444,-0.1663527552593,-0.3209688100544,-0.1459401359348,-0.0170823241219,-0.0357707829913,0.1559949525159,0.0730931662558,-0.1584235258730,-0.0981448270174,-0.0518973924879,0.0547507955938,-0.0200724225134,-0.1450651784886,0.0197874770047,0.1602495330662,0.1014664674035,-0.1983011692606,-0.0336534732640,-0.1320150780417,0.2967965489631,-0.2959305855067,-0.0787523129563,-0.1388913461439,0.1038918434274,-0.1749977836776,-0.1508421873334,-0.0123042527158,0.0435464741531,-0.0200012118394,-0.0738470827455,-0.0239531597340,-0.2870769584427,0.1820894975245,0.1095621995211,0.1574738820477,-0.0792997269595,-0.3051230415055,0.0331076161430,0.2255517847791,-0.2075923996190,-0.1358358252491,-0.0946632211136,-0.1860044644634,-0.1865284456695,-0.2243736728040,-0.1357854001130,-0.0743754267957
-0.0516440211115,-0.2375749514672,-0.1723394402248,0.2468343879643,-0.1037201596663,0.0429606348370,0.2532691333349,0.2311815890887,0.5226071211128,-0.0181094981974,-0.0299897852554,-0.0465499068103,-0.0217466529672,-0.0751044788798,0.0845133444910,0.7498309155294,0.1350214378969,0.0689103607745,1.0000000000000,0.1563169090086,0.1331228316484,-0.0968286542013,-0.0194467295945,0.5057400323907,0.0444385820623,0.1494373574867,0.0908910391576,-0.0839253076666,0.0269146562063,-0.0811433973412,0.6234927885569,0.0097330583748,-0.0217738538380,-0.0209360707230,0.3275330618272,0.7710721100837,0.3440645892648,0.1081000548111,0.3773873083988,0.0525531583075,0.0935481260174,0.1404780857926,0.4688339974212,0.0538626873841,0.0452176719635,0.0219298275295,-0.0428313915325,0.1034386737665,-0.0875691912276,0.0863266572904,-0.1049896354347,-0.2398030551585,0.0619172765338,-0.0172660780680,0.0078679630274,0.1890799363555,-0.0566028514826,-0.0079884326670,0.4721768586795,0.2515262647369,-0.1355009556234,0.0010348116543,-0.0740104192787,0.0151762593747,-0.3627696316396,0.0713441424550,0.4538738987680,0.1346956271009,0.7097484769078,0.1393921112464,0.1448331203112,-0.1428128887997,0.3302311725208,-0.0183691616560,0.3132862747046,-0.0464890484433,0.0220487451293,-0.1208703767445,-0.1465580678202,0.5126003754766,-0.0975562520573,-0.0968757364854,-0.2328437143612,0.3186959221121,-0.1117722495813,-0.1175734367358,0.2655671195807,0.3232221517615,0.2691738313614,-0.0630567948461,0.2474770026091,-0.0608128567848,-0.0943406111223,-0.2245155740252,-0.0924878841612,0.0493936473673,-0.2928589589618,-0.0353217802315,-0.1002905657272,0.0538830562483
-0.0225095957784,-0.1770655921769,-0.0602812424527,0.0697181206301,-0.0759237817095,-0.0141701154754,0.0476922274176,0.5350018857953,0.4845396336842,0.0172178619946,0.2133533154492,0.1792161410663,0.3969235356224,-0.0904094731464,0.0618644706214,0.1106185842032,0.4406922775479,0.1688055742839,0.1563169090086,1.0000000000000,0.3072837119151,0.2292586181755,0.1335705269704,0.2563797255241,0.5435492048255,0.5821136985732,0.7103968582249,0.3125010280254,0.0287434355773,0.0729167484169,0.1677954943486,0.5212159205359,0.4780058618207,-0.0780700129210,0.0516436981344,0.1032928722813,0.2326494059739,0.7390453945386,-0.0922899716068,-0.0065909152639,-0.0153514438783,0.1152631744297,0.0743556249889,0.4601130458484,0.6815583829717,0.2786441600368,0.2557878230225,0.0135120906095,-0.1149912685867,0.0843060515669,-0.1616833010902,-0.1295128442227,-0.1012995674100,-0.0725456206578,-0.1289210945915,0.0391516267842,0.1384531115367,-0.1604945194259,-0.0978280194811,0.1617712280521,-0.1094412677304,0.0219790938123,0.1170299624534,0.1891099740203,-0.2641790411373,-0.0683567179913,-0.1209069268209,0.1154346774345,-0.1255410736745,0.2097242360693,-0.0984632438204,-0.0845546028354,0.1431557897320,0.3287921278999,-0.2072587430739,-0.0489205884486,0.4929588883710,0.1561369599411,-0.2298564220350,-0.0461032582207,0.0326867185255,0.1493813190564,-0.0791175439376,-0.0888937406945,0.0396624183922,-0.1217173178619,0.0776489312877,-0.1778892787401,-0.0521067948990,0.1090514095782,-0.1505076874162,-0.1467646233229,0.2267511241739,-0.0258461942698,-0.0379175291599,-0.0636506680757,-0.2339153784111,0.0659488582449,-0.0782494146599,-0.0518078530166
0.2142538615037,0.2387012266616,0.0723333922794,0.3329923415307,0.1335329030355,0.0562843595499,0.1915992773739,0.5169262806360,0.1682975107142,0.4441375299036,0.5802935317704,0.6370814982463,0.6096433329535,0.4708363933169,0.6603766164386,0.1185670975343,0.7849979039595,0.3634505188248,0.1331228316484,0.3072837119151,1.0000000000000,0.3352153286437,0.6142601048411,0.2453853205642,-0.2380776874888,0.3026608831420,0.0960317562691,0.0005768402741,0.2609070928527,0.2989621215619,0.4749374200538,0.4887205753044,0.5307077057381,0.1747964949841,0.0428525323360,0.0033970101627,0.1910248602017,0.0708346092809,0.0347982024019,0.1695377945349,0.4034252042510,0.6129639710433,0.5861809074382,-0.1401806042038,0.1350604006402,0.4890049317889,0.3787931804986,0.1577304514865,0.1956290565160,0.7336808808604,-0.3238147755890,-0.2938284668520,-0.2127006741115,-0.1447664597346,-0.3552978225787,-0.1282491421146,-0.2089511078431,-0.3059253634818,-0.1716506521340,-0.1660554772578,-0.2276585267942,-0.2424038932832,0.0095039148896,-0.0168030132532,-0.3192739904375,-0.3254552162994,-0.3079572102874,-0.2188379618176,-0.0304032148299,-0.2881286856908,-0.1104165368588,-0.3804037247453,-0.0263628922479,-0.1790823409733,-0.3551992836765,-0.3024825575178,-0.1035487032064,-0.2420699035171,-0.2542995172460,-0.2677343441071,-0.2764323530068,-0.2916081413301,-0.1727835919351,-0.3665576774915,-0.3469650953546,-0.1447670184247,-0.1394845524770,-0.1713243224506,-0.3484665011398,-0.3596736927164,-0.1003954449610,-0.0279255841006,-0.2764517590489,-0.4429162273984,-0.3213028552854,-0.2024132209486,-0.3540852782527,-0.2375398390844,-0.1720212859453,-0.2807217586192
0.2370249254121,0.1058658958986,-0.0176076460339,0.1097874995088,0.2016978574519,0.2528889724847,0.0311842964674,0.1667458260453,-0.0233262037024,0.7085344276905,0.4566710661842,0.6083899143891,0.3657751035605,0.3070528166952,0.3487207609290,-0.0686306505072,0.3717493273386,-0.0208478940521,-0.0968286542013,0.2292586181755,0.3352153286437,1.0000000000000,0.5664361796330,-0.1175880019421,0.0063828857567,0.2154291883872,0.0153584891683,0.2898818943762,0.3034666300983,0.2284772922721,0.0868006108652,0.2897616869148,0.4992100403130,0.0258188021807,-0.2791949315334,-0.1845331989805,-0.1283752965285,0.1395095114634,-0.2054556220221,-0.0241016393746,0.4979715261503,0.5330107197809,0.0339790629672,0.0487915454750,0.1319692766857,0.7438359571900,0.5235498753572,0.0894979367450,0.2471460809577,0.4397925280555,-0.1127428174493,-0.3716621400325,-0.2074110986861,-0.0964674108023,-0.0399400307156,-0.2560054361350,-0.0682826324643,-0.1491965000520,-0.2775248272970,-0.1156873070333,-0.0269395313857,-0.2503778840630,-0.0691194442759,-0.0816493041132,-0.2161440836230,-0.3715835084346,-0.4002518568070,-0.3259329242771,-0.1788006108626,-0.0632501539807,-0.2751236711642,-0.1504785322072,-0.2564007215896,0.0236827340710,-0.3969614573026,-0.1566161671697,-0.0744236395616,-0.0373484118515,-0.0688674912169,-0.3373109359977,-0.4355687154324,-0.2249654408065,-0.0062913291652,-0.4035031662361,-0.0852056481458,-0.2880469861634,-0.2582756939259,-0.4528602747846,-0.4135104154848,-0.0380161931132,-0.2909018417257,-0.2589487640057,-0.0170486151814,-0.2049006959253,-0.2796722587467,-0.1664647972737,-0.0852843504431,0.1474473250276,-0.0716619369767,-0.3744623948100
0.2575112738238,0.2198440533667,0.0287423946231,0.2232925587255,0.1175726691497,0.1415574507256,0.0622636220724,0.2399996959394,0.0422803913340,0.6007750298965,0.7021658291377,0.8583622301958,0.4372797592573,0.4051961157991,0.5022958396494,0.0252207367575,0.5119083921922,0.2972504369184,-0.0194467295945,0.1335705269704,0.6142601048411,0.5664361796330,1.0000000000000,0.0746161634215,-0.3584899617362,0.2686925452645,-0.0019483637693,-0.0869883305827,0.2937997047933,0.2489339594636,0.2774950381376,0.6000645878271,0.6124091548430,0.2288991493325,-0.0995272910103,-0.0713741393409,0.0067398608655,-0.0575900302329,-0.0301002522582,0.1995882608213,0.4325643914226,0.5898900320284,0.2438187774022,-0.2064727368212,0.0137148645865,0.6492141474046,0.6375585041372,0.1314756061652,0.0863172782402,0.6203830317074,-0.2162697409700,-0.2385673373843,-0.0715655996565,-0.0678249628233,-0.1711771762438,-0.2304186531586,-0.1515776721759,-0.2534423294286,-0.1276175976470,-0.1962581911022,-0.1271944596966,-0.2352637534482,0.0251814336768,-0.0937102266510,-0.1873965442181,-0.3078179923237,-0.2898146925574,-0.2839326895101,-0.0383251155484,-0.2675187637253,-0.1571927138067,-0.1689354756688,-0.0984183209933,-0.2775563071137,-0.2949133952391,-0.2382541594929,-0.1062462524092,-0.3435174021271,-0.1877246870920,-0.2573010904672,-0.2603301708437,-0.2091934553798,-0.1165282262151,-0.3167152571904,-0.2959851064088,-0.0389302806257,-0.1250265587022,-0.2975971883039,-0.3631309137796,-0.2966743884214,-0.2211901009756,-0.0293652502831,-0.2328642512575,-0.3936059560866,-0.2074163722589,-0.1674458235784,-0.2220010614153,-0.1405662583797,-0.0786852301416,-0.3397680884336
0.1702794668523,-0.0518181274351,-0.0588827284584,0.0840562870787,0.1190323893699,0.1068610553909,0.1640702031280,0.1574160775995,0.5783688814483,-0.1096475676703,0.1735362914905,0.0095961602802,0.1417163407125,-0.0108102659277,0.1032552976696,0.3775036232065,0.2773329199219,0.3442914472870,0.5057400323907,0.2563797255241,0.2453853205642,-0.1175880019421,0.0746161634215,1.0000000000000,-0.0590833254052,0.0011879258301,0.1867401108976,-0.1984665477499,0.0052772020302,-0.1920199891356,0.6530232935269,0.0681775171562,0.0226054748244,-0.0692043445562,0.1134171618583,0.3644018608354,0.7522121403597,-0.0531273581882,0.3561330611298,-0.1165583226167,-0.0186827106590,-0.0160675607088,0.3165007089093,-0.2093489602157,-0.0622934590415,-0.0190615319625,-0.1592595162958,0.1907633403575,0.0596812415901,0.0914367645787,0.0815528836508,-0.0222966666551,0.0653977830636,0.0582627032905,0.0774086622617,0.1095877373353,0.1631730530012,-0.0097627218963,0.3578690331555,0.3027358592556,-0.0427630158138,0.2645438644707,0.1309693697413,0.2398978576952,-0.1160091856806,0.1702626664913,0.2495321201592,0.4240833886815,0.4852112416372,0.1468486897553,0.4344156707498,0.0137103303077,0.8010025215710,-0.0042120402285,0.3126068807435,0.0518181945113,0.1731900379793,-0.1528684176880,-0.1668170772519,0.5642361785495,0.0517646289484,0.1727249414436,-0.3482240116605,0.1447103036254,-0.0347582820831,-0.1146111631606,0.6717822656263,0.2514711100227,0.2891792043961,-0.0755129562450,0.4046106619093,-0.0846818580035,-0.2507401921133,-0.1023703076900,-0.0823245304461,0.1835837384165,-0.1368622234908,-0.2101390468323,-0.0064614952157,0.2374891469794
