1.0000000000000,0.0731535512438,0.6572660233654,0.3696340125192,0.7231552033201,0.5431499123138,0.3073069084429,0.1204124147587,0.0895254026790,0.1274726232077,0.2311441971702,0.0813142554722,0.2368391832669,0.5720190043055,0.0114997122310,0.2718063938636,0.2277838680642,0.1753397612811,0.1210553091591,-0.0795410712175,0.0738226716441,0.0910635091210,0.1236126051213,0.0932492455655,-0.0234380947309,-0.0815985575249,-0.1052838318420,-0.0058101283112,-0.0080302730182,-0.1216407172638,0.0396095800856,-0.0278543587048,-0.0540336370448,-0.0541231412712,0.0363760580493,0.2488580179414,0.0028923624547,-0.0580065145880,0.0382673330688,-0.0426982228224,0.0818232893640,0.2347035021342,-0.0964055191819,-0.1275831643062,-0.1003639116382,-0.1251292868313,-0.0242140996925,0.2986320698962,-0.0160688117237,0.0645009025151,0.7214864053980,0.3428935198465,0.2308575370349,0.3977477095837,0.4762276535988,0.2606864424838,0.1552012142106,0.1350809632482,0.1249809142505,0.0870848234183,0.2588546520691,0.2019377088440,0.3287015088479,0.2761850676461,0.3800349653538,0.0220330159845,0.1793971784365,0.1920480077447,0.1687818902494,0.0132888142301,0.1130753263620,0.0594535578040,0.1440369224130,0.0126595121460,0.0128205153984,-0.2120550979796,-0.0159096176729,0.0293174054894,-0.0299555218332,0.1609457154595,0.0720713595805,0.1249016164124,0.2023017937455,0.0873862197635,-0.1627456074987,0.0044167533944,0.0972771927904,0.0997998215374,-0.1439737577022,-0.1652591702830,-0.0052684734379,-0.0691818319937,-0.2630719095626,0.1249083097299,0.0788673472356,0.2087460808233,0.2535835245582,0.1040799894408,0.2129456642307,0.0633425947951
0.0731535512438,1.0000000000000,0.3235546254700,0.2362007802748,-0.2143100925673,0.1605066095633,0.1120292443318,-0.1283815509744,-0.1517816567838,0.2644704245789,-0.0983066412128,-0.0231266494073,0.0349846024318,0.5187639210908,0.5533979849383,0.0236295117084,-0.0898589687898,-0.3263551418272,-0.0204011220560,-0.3155963950403,-0.0449727652282,0.2910491000062,-0.1223476723963,-0.2113170077398,-0.1962285638798,-0.1903317751164,-0.2728265093971,0.2124038631765,0.4012612540920,0.6511758850946,-0.0384276738438,-0.2700799339738,-0.3079910693742,-0.0391489664967,-0.1124980031396,0.2182882507933,-0.1052053377303,-0.3296617318806,-0.1135928300550,-0.0388943201129,0.4936319733339,0.0928581622554,0.0858917179142,-0.1182976737329,-0.3066250785177,-0.0481768001927,0.0073916489213,-0.2544833788264,0.4826604650658,0.1527313207173,0.2696839530072,0.7617280259070,0.2004916838319,-0.0479173547877,-0.0599263434952,0.0343795178366,-0.1344796014557,-0.1147157711663,-0.1469351045113,-0.0816361660720,0.0731350757795,-0.1579523918282,0.2025918406890,-0.0891180503740,0.5650929652032,0.1393425533511,0.1202221332622,-0.1750548831451,0.0435951372861,-0.3627521539035,-0.2439797282953,0.0043909589762,-0.1326186102144,-0.2997592091196,-0.1757012341449,0.1117070474239,-0.3134938809176,0.2560262744467,0.4605688966291,-0.2607243988028,-0.1351112135748,-0.2294645083358,0.5285583949480,0.0399282643353,-0.1633379327521,0.1464723667234,-0.0954027761355,0.0065673570553,-0.1159938046436,-0.2506966751418,-0.0534313212510,-0.0081598074772,-0.0458954069545,0.0004901279905,-0.0391296489649,-0.1804340223527,0.3190890257376,0.1391696449650,0.1150574233003,-0.2082098272653
0.6572660233654,0.3235546254700,1.0000000000000,0.5056374062708,0.4311193913474,0.6501474231584,0.5100250131527,0.0291403301193,-0.0477733414866,0.3798354387185,0.1182741536823,0.1553599981785,0.1953576328166,0.5878925110645,0.2919743710371,0.1517250868996,0.0946395337306,-0.0099606478984,-0.0579907024715,-0.1407942558099,-0.0114188746956,0.2290664911755,-0.0255551699345,-0.1023210106353,-0.0316667867468,-0.2309809329370,-0.2021070366534,0.2454410163522,-0.0620912395670,0.0863253069935,-0.0600467156357,-0.1341055983127,-0.1425617257851,-0.0113542710034,-0.0989800428427,0.1077281509554,-0.0332779481450,-0.1500776726247,-0.0628019755716,-0.0839169331410,0.1272856819901,0.2412386474125,-0.0468214910832,-0.1997135981475,-0.1618194153958,0.0490086859013,0.0492713497924,0.2315429039032,0.0754510610200,0.2767169037470,0.5631373239532,0.5538647302686,0.3285575247995,0.6582812263359,0.3845254219290,0.3759533205824,-0.0602528370981,-0.0134059551989,-0.0530435547201,-0.0505908708917,0.3752923221252,0.1006080419286,0.2441174005695,0.0892820548011,0.3972030436198,0.1663324212654,0.1090188492570,-0.0450460533054,0.0265838560335,-0.1676772650123,-0.1126863613677,0.0855555497197,-0.0042791489127,-0.1467507663819,-0.2172521231756,-0.3233125989967,-0.1815829234518,0.1881769105621,-0.0472235866907,-0.0039534083067,-0.0966391013181,-0.1090663606738,0.2071574934972,-0.0161679440014,-0.2740866533986,-0.0250389238522,-0.0812755916387,0.0211539193543,-0.2447806214163,-0.2186762545832,-0.0751151329302,0.0088055606451,-0.2783516979945,0.1020514179389,-0.0026949739495,0.1331231452425,0.0641630435298,0.1168506466827,0.3258469975943,0.0227444392306
0.3696340125192,0.2362007802748,0.5056374062708,1.0000000000000,0.4213380424118,0.6633012361331,0.7586571022045,0.3610069766347,0.3398481057548,0.3194751591205,0.1426127131780,0.3424312111934,0.2259640406249,0.5679050176136,0.5982003839372,0.6137781812460,0.4465020031210,0.2542089344807,0.2951725652971,0.0527706012234,0.1075129952343,-0.0492282537233,-0.1257160168393,0.2398971983627,0.0292543241994,-0.1737161018151,-0.1739822150132,0.1365806966318,-0.2681466187389,-0.0025667607640,0.1388055280890,-0.1677929648435,-0.0348251820772,0.0134830687629,0.0844072618798,0.3613200310765,0.0716851618646,-0.0554626187757,0.1845371287100,0.0458777213327,0.0249967730579,0.3297024590691,0.1475475113755,-0.0692943397601,-0.1401289357148,-0.0219483155761,0.0121770687695,0.3566193410161,0.2424744769772,0.4799167547180,0.3400110319567,0.4041342084477,0.7830928723742,0.6310366204474,0.6149109006259,0.7773356234878,0.1271318902268,0.2498217200956,0.2902749286557,0.3827785924018,0.2733394154525,0.3797566444439,0.1549997527583,0.1819645919453,0.5167869148952,0.4230501030030,0.4471781728450,0.2948178457487,0.3827979420731,0.0796094669174,0.0655111696977,-0.0541534228923,0.2928445210923,0.0425996455698,-0.1191386559854,-0.2832332768357,-0.1997901755807,0.0142860618304,-0.2000909659297,0.2461777259064,-0.1329536972639,-0.0828851281178,-0.0629054145820,0.0574100221941,-0.1735142648369,-0.0896066870020,0.0655791727389,0.1651891500501,-0.1129546801098,-0.1315305032485,0.2225106461454,0.1556680031049,-0.1583346447191,-0.0803867001264,-0.0310955190710,0.3330292129862,0.0660692921473,0.0412921112994,0.2398654204111,0.0514780966934
0.7231552033201,-0.2143100925673,0.4311193913474,0.4213380424118,1.0000000000000,0.4791507371583,0.3414604228412,0.2681879268706,0.2335067279613,-0.1022500492388,0.1659631751441,0.0200637789133,0.2377099117175,0.3457799992295,-0.0955540232660,0.4506469486207,0.4248625416044,0.3760178099457,0.2588145905063,0.0320952604211,0.0254132408411,-0.0275152390552,0.0083219506035,0.2279445501665,0.0346745012266,-0.0729408256867,0.0121885274292,-0.0437237651646,-0.0927978423731,-0.2556162079810,0.0859437648544,-0.0458541272895,0.0674365496336,-0.1027071226677,0.0605849267923,0.2701395393650,-0.0934632598409,0.0096731488892,0.1379247693310,-0.0194972545275,-0.0080273297858,0.2289239747179,-0.0591121411584,-0.0471613805330,-0.0246555602364,-0.1691917233153,-0.1458098573653,0.4017688324895,0.0143383566226,0.0014013556932,0.6122101972805,0.0419745775314,0.3160403923323,0.4279661434245,0.6868992522702,0.3845258270355,0.2273086464359,0.2978254560495,0.2974708468754,0.2550522625833,0.0745805502401,0.2803569329897,0.1334106978252,0.3483189736761,0.1745449217995,0.0367615808662,0.3025035604305,0.3686150979429,0.3016159683980,0.1618752880793,0.2085230819193,-0.0793897721607,0.2215671371446,0.0951960882294,0.0192073484365,-0.2552071821173,0.0160206816846,-0.1038471101274,-0.1663804110559,0.3298124364222,-0.0250284839873,0.1113016394423,-0.0554662779836,0.0972478736842,-0.1538138987140,-0.2066907794927,0.0283119410951,0.1313881455863,-0.0789657063646,-0.0998641132864,0.0851839323459,-0.1475197511326,-0.1831621081860,0.0579829108368,-0.0358528571450,0.4276736611254,0.2648520017563,0.1173772660594,0.0704285300417,0.0366631103939
0.5431499123138,0.1605066095633,0.6501474231584,0.6633012361331,0.4791507371583,1.0000000000000,0.5769550469756,0.3290884113523,0.2842295786511,0.5792691255821,0.3586123992844,0.2631817897582,0.2151158629917,0.5792385099603,0.5109445831345,0.3225389516473,0.2620631056708,0.1410853768759,0.2667432285217,0.0730114053829,0.0195281669547,0.2858200490600,0.0350200479399,0.1429488157028,0.1016992133235,-0.1267903778353,-0.2339166678172,0.1949160702494,-0.1655789206290,-0.0904720521373,0.0671054752672,-0.1266733378407,-0.0898288330757,-0.0920734072109,0.0714070808921,0.2759397366036,0.1613300907007,0.0466281111890,0.1011278511129,-0.0111080209658,0.1418415939427,0.5145643597363,0.0343163120078,-0.0602590963058,-0.0492552861311,0.0923028389292,0.0964349105786,0.5301211578369,0.1769029686011,0.4876255528138,0.5359024273713,0.4157182720413,0.4068144131143,0.7505925698902,0.6437129688182,0.3633606118379,0.1137207026347,0.1617629375750,0.2262996470749,0.2754712189336,0.5878969561317,0.3681036745714,0.2927454499056,0.1442657224344,0.5687008586344,0.3228074195054,0.2068194699402,0.1959163061829,0.2906115511094,0.0917929582262,-0.0361256677139,0.2476822765655,0.1896682400077,0.0777286989047,-0.0942580187398,-0.3432636007586,-0.1132295191540,0.1294267034182,-0.0958558482511,0.0684712839288,-0.0631829834425,0.0080560465482,0.1729832911583,0.0002208484225,-0.1240104465768,-0.0071584853790,0.1367601579302,0.0585984602996,-0.2268429555428,-0.0469481241449,0.0544864145015,0.1764524721494,-0.1756631923940,0.2290563231292,0.1321466524603,0.3546242503983,0.1657147412621,0.2838816255600,0.5447905729796,0.0871387423687
0.3073069084429,0.1120292443318,0.5100250131527,0.7586571022045,0.3414604228412,0.5769550469756,1.0000000000000,0.2873761329065,0.2788426726416,0.3205208071912,0.1026268364953,0.4430661103332,0.3512168928605,0.3265604202617,0.4795571675798,0.5998285995932,0.4363395003930,0.2063991527581,0.1189833710689,0.0641331788352,0.1764207063204,-0.0983810721559,-0.0435638373375,0.2689766213918,0.0916005176473,-0.1321037101195,-0.1678980098015,0.0859929788171,-0.3674479641694,-0.1409218777949,0.2631248986543,0.0327858436542,0.0951684129917,0.0777987564862,0.2783695527987,0.3618810719413,0.2163621776625,-0.0331257032137,0.4115353814820,0.0346139289996,-0.1454199476181,0.2183409330969,0.2890062376422,-0.0610555258779,-0.0640469369839,0.1981038145934,0.1100335232759,0.3559050226590,0.1708419338009,0.4441484698046,0.2673721084654,0.3385792417298,0.6345931748387,0.6997389102075,0.5570388882556,0.7951479149875,0.1204791920104,0.1386341054825,0.1867077140311,0.2821023471503,0.2796503484080,0.2875199474143,0.3157042954752,0.2995258297246,0.3084369376950,0.4642895365813,0.4172562796465,0.2395871765958,0.2765725162082,0.0720054339058,0.1226518281126,0.0093332284670,0.2907825139787,0.0551684429364,-0.0781846860637,-0.1454984761578,-0.2043095838678,-0.0412399720900,-0.2514232137626,0.2086467267060,0.1182530663417,0.0622258423311,-0.1220339049149,0.1769394291086,-0.1487441697384,-0.0305152127248,0.1482037476277,0.3379672436288,0.0620778861467,-0.0987624820224,0.3800834379308,0.1874822473056,-0.1506794802624,-0.0710574754434,0.1109250544297,0.3811159723001,-0.0810995671677,0.0017616004076,0.2294933813292,0.1459169814027
0.1204124147587,-0.1283815509744,0.0291403301193,0.3610069766347,0.2681879268706,0.3290884113523,0.2873761329065,1.0000000000000,0.8342126987015,0.0765979818010,0.5520551496974,0.3564815256730,0.4073808720274,0.1769690722208,0.1684437006447,0.5887346291125,0.6787050177899,0.6469263410962,0.7903604251660,0.7199627192973,0.3107935144218,-0.0060633426525,0.2580828634932,0.7247405651391,0.4917289804360,0.3942340792507,0.3245501678569,-0.2013954059253,-0.0764314095295,-0.1246439385551,0.4820826838508,0.2631551999607,0.4371526051558,0.0176002958820,0.4043352370502,0.4867226226417,0.3588605862147,0.6289738993425,0.4486553441476,0.1865116475589,0.1061412082139,0.4316461250689,0.4143778210102,0.2737487171513,0.5620577308368,-0.0732289186332,0.0140548063005,0.4520558740821,0.0806578503405,0.3653115458977,0.0887312869387,-0.1361856797440,0.2256481788954,0.2287918677345,0.4438442617933,0.2866059231442,0.5843032863967,0.6109517162615,0.6377842600934,0.7420960023858,0.0977723330749,0.6786557686524,0.1485000004363,0.2503917894096,-0.0112934754250,0.2231675589007,0.4646702096570,0.5562547114553,0.6625392737760,0.6312735790225,0.2649943317526,0.1004268063483,0.6080011463426,0.5706412600190,0.2644192775544,-0.0824768560278,0.3279432955580,-0.3336111224393,-0.1983152962789,0.5092801581670,0.0708467780771,0.2342858016108,-0.2924346374294,0.2837908941472,0.2946248563020,-0.2106974800971,0.4312741255432,0.3813664340814,0.1613886077091,0.3742775181208,0.3289841234677,0.0289138359835,0.1741785622169,-0.0735832938107,-0.0489660432525,0.4310967680101,0.0080870304198,-0.0629276211563,0.1492707757861,0.0287186848090
0.0895254026790,-0.1517816567838,-0.0477733414866,0.3398481057548,0.2335067279613,0.2842295786511,0.2788426726416,0.8342126987015,1.0000000000000,0.0382495836793,0.4216366645290,0.3129015566424,0.2746818783679,0.1068372496127,0.1737023976181,0.5809013461855,0.5419947420063,0.6074865782221,0.7296353780309,0.6860497026109,0.2418657069759,-0.0916803924319,0.1658519285286,0.6634544992374,0.6165256958422,0.2472703081404,0.2213513808608,-0.1796804582605,-0.1469078428685,-0.1547346779246,0.3466386356707,0.1519633035893,0.2914904451102,-0.0445168710749,0.3576783855861,0.4858198763592,0.3031926422690,0.5582507839138,0.3975906594092,0.1708148961384,0.0130534115685,0.3724624614576,0.2817263965215,0.2837249678647,0.4314535252974,-0.0265450727041,0.0042685065518,0.3906945233793,0.0594859167507,0.3228124994806,0.0362481015543,-0.1619792404194,0.2622134693222,0.2294026137124,0.3926398063004,0.2751237653488,0.6093690133202,0.6682677005286,0.7767275765793,0.9165812336710,0.1015340070331,0.6285089611276,0.2083361142842,0.3027274617993,0.0173380106174,0.2642385875495,0.4907293231970,0.6439216388611,0.7455609748583,0.7656691602684,0.3913951000560,0.1024788328933,0.6447458623411,0.7267457625384,0.3822235586680,0.0498361909663,0.3173843713744,-0.2657926919517,-0.1899348274631,0.5565620188960,0.1571277052597,0.3280070062885,-0.2789685693873,0.3043051103554,0.3379942466224,-0.1170096243775,0.3705257949583,0.3205654940504,0.1645019401337,0.4397907034936,0.2932371236190,0.0963886217587,0.1815036984814,-0.0605426984349,0.0710932216536,0.3610594444731,-0.0383460480704,0.0308609382131,0.1732780495924,0.1023379149446
0.1274726232077,0.2644704245789,0.3798354387185,0.3194751591205,-0.1022500492388,0.5792691255821,0.3205208071912,0.0765979818010,0.0382495836793,1.0000000000000,0.3968301424638,0.5277495860116,0.1752172674597,0.3638563913486,0.6558383365414,-0.1228513972320,-0.0805801412107,-0.2117261578767,-0.0342342397908,0.0755688027242,0.2004234802558,0.5945375189704,0.2350137246443,-0.0822242108755,0.0324726546203,-0.1198822424603,-0.1774348888399,0.3246787898798,-0.1265736924167,0.0155919747656,-0.0375086537561,-0.0514354743203,-0.1109209946804,0.0544776065879,0.0903314428889,-0.0899934697927,0.3652412529758,-0.0045292026856,-0.0612782873353,0.0623325330509,0.1158056118984,0.3608182486588,0.0784523947756,-0.2196587639715,0.0045609048954,0.3637979157725,0.3593654325491,0.1794251212682,0.1677051746658,0.5600397258906,0.1119966089190,0.4123776603213,0.1110752084274,0.4865529574601,0.0889758393010,0.0999418388863,-0.0563189979417,-0.2380867039820,-0.1401109583699,-0.0763159674107,0.7973693210981,0.2686637580402,0.2768329440629,-0.1399214150232,0.4306691967433,0.2369223827722,-0.2227021947995,-0.2960359883261,-0.1159763884757,-0.1630146051026,-0.2571701075963,0.5492071271047,-0.0611716963678,0.0392678909461,-0.1289305138768,-0.1004765331923,-0.1008011587809,0.2410833118987,-0.0451993240472,-0.3005295828913,-0.0590594144755,-0.1878438681944,0.1011153464958,-0.2040286230126,-0.1141747643964,0.1345280999803,0.1512839614002,-0.0153885471947,-0.2471696066055,-0.1045369197286,-0.0724764675263,0.2682430577557,-0.1764055363281,0.2647920069924,0.1964105783539,-0.0850223298582,-0.1051567448544,0.1094809580868,0.5389311556367,0.3017601604706
0.2311441971702,-0.0983066412128,0.1182741536823,0.1426127131780,0.1659631751441,0.3586123992844,0.1026268364953,0.5520551496974,0.4216366645290,0.3968301424638,1.0000000000000,0.4789832635503,0.3699053719742,0.1615813903059,0.1255692238970,0.1806304777065,0.3321727892179,0.3818558486848,0.4585276596470,0.5733592108546,0.3747747043782,0.3186496896219,0.6465010173327,0.5065609988375,0.2642308071788,0.3532028641321,0.3979763265000,-0.0989619681194,0.0240155573097,-0.0914417869907,0.3186982340923,0.3740844224642,0.4050577879965,0.0720902239911,0.4748304935764,0.1131683359330,0.5395340217190,0.4391858294786,0.2366477591547,0.2867965949222,0.1655184386178,0.4281756484312,0.2814151746671,0.0066983030059,0.5191147607107,0.0825557823868,0.2113537366433,0.4209074549959,0.0419256865437,0.2363464639415,0.0980626427289,-0.0548378164753,-0.1855362030302,0.1916116621506,0.2274437343362,-0.0815913931235,0.3324297925828,0.0991672185422,0.2445498495441,0.2506622739647,0.3480747108747,0.6884961942594,0.1869258157110,0.0743092321043,0.0198063039701,-0.0046823818921,-0.0405561442623,0.1497371933991,0.1739500137071,0.3311836422455,0.0569411481387,0.4735691794063,0.3581922752216,0.4639665324733,0.1747557692451,0.0018424129254,0.4983471663910,-0.2324627594206,-0.0970811906540,0.1497733883473,0.1134796419840,0.1290694542171,-0.1747916264866,0.0401355638806,0.1911373230790,-0.0896214599642,0.5215491373419,0.2584298634084,0.0729966175086,0.2014182346713,0.1478771895646,0.0943002190111,-0.0073985098196,0.1232149230145,0.0269888682912,0.2852266457637,0.0024542619654,-0.1549734119274,0.2648754326296,0.2333391687408
0.0813142554722,-0.0231266494073,0.1553599981785,0.3424312111934,0.0200637789133,0.2631817897582,0.4430661103332,0.3564815256730,0.3129015566424,0.5277495860116,0.4789832635503,1.0000000000000,0.5212426412336,0.0459428264014,0.3472931194054,0.2085323937038,0.3695159481707,0.2315953837114,0.0929149411147,0.3119149524775,0.5214152385389,0.1546022731770,0.5135151253478,0.2910204272297,0.2321312441943,0.1385245088680,0.0878636185640,-0.1484962001458,-0.3507499989787,-0.2351824283417,0.1461704177242,0.2370186121420,0.2295005598059,0.1202097374123,0.3100024800648,0.0564473020876,0.2647746821823,0.1170594485905,0.1550293175218,0.1902454932418,-0.2466109208603,0.1935099880717,0.1921948409617,-0.0902855998187,0.1187178494999,0.2778878343456,0.2439097272590,0.2228033428059,-0.0138852824780,0.4386158360646,-0.0837180757081,0.1346184866500,0.2091989962386,0.4236435977952,0.2440723850166,0.3860577922874,0.3487326104354,0.0384050048954,0.1374592434752,0.2019011821385,0.4688546904930,0.5762331322090,0.5171081309294,0.3589610021233,0.0822348481639,0.2094419850939,0.0749425648497,0.1435008903840,0.0922319461652,0.1369313312299,0.2840128933342,0.5029709389563,0.3473439440422,0.3832994047904,0.1025056203636,0.0309118621876,0.1115528995374,-0.2350423582366,-0.3405051614052,0.0715547732559,0.1071670281318,0.0951908087553,-0.3328561358652,-0.0420704650551,-0.0179624581168,0.0185989178725,0.1987804566315,0.1960167649566,-0.0111922847083,-0.0941773384635,0.1160940916817,0.1562649803337,-0.1415637052571,-0.0934178168860,0.1513525214448,0.1285082140337,-0.3152871969616,-0.2530550811542,0.2194978218244,0.4467060643186
0.2368391832669,0.0349846024318,0.1953576328166,0.2259640406249,0.2377099117175,0.2151158629917,0.3512168928605,0.4073808720274,0.2746818783679,0.1752172674597,0.3699053719742,0.5212426412336,1.0000000000000,0.0830193628735,0.0586044124287,0.4086968055790,0.6322260931711,0.3023220348675,0.2123079001176,0.2503284874815,0.4303802307018,0.0621037536886,0.3971912166408,0.3721804249496,0.2511732235466,0.2177277883707,0.1876045503909,-0.2692243829901,-0.2264852342886,-0.2070695807070,0.3523593294041,0.3485569337795,0.3826467771037,0.1099388910838,0.2940624906598,0.2850978181552,0.1506322696426,0.1600232358562,0.2247350239233,0.0800204088682,-0.1314931553456,0.2355184695972,0.2530204124146,-0.0361821936490,0.1940048939825,-0.0440575350499,0.0109200674519,0.1294131286164,-0.0460971845336,0.1829874592113,0.1797105824632,0.1144529653058,0.1730599552766,0.2771406035982,0.3499342025594,0.3388267031578,0.5999615605625,0.1461810146579,0.0992442002451,0.1742904031860,0.1748947938938,0.4524864417294,0.5658109484812,0.7660289574453,0.0211913579570,0.0934272145930,0.2664080327510,0.2500694222622,0.1453093410965,0.1214473532574,0.2521414148714,0.1862338898256,0.3213332608067,0.2740329315450,0.0810589153857,0.0096075354489,0.1281089349178,-0.2499592840997,-0.2907276037512,0.1456105260334,0.1389716602779,0.1785570378792,-0.2153989612955,0.1582386436240,-0.0452084209220,-0.1071895246469,0.1805322400267,0.2819312119853,0.1041945445527,-0.0791661351584,0.1191646007586,-0.1581653020064,-0.1496833293459,-0.1939898056094,-0.0419234071935,0.2015941506349,-0.1350823411271,-0.2438909236484,0.1002730196483,0.2568233319385
0.5720190043055,0.5187639210908,0.5878925110645,0.5679050176136,0.3457799992295,0.5792385099603,0.3265604202617,0.1769690722208,0.1068372496127,0.3638563913486,0.1615813903059,0.0459428264014,0.0830193628735,1.0000000000000,0.5398032529140,0.3395262795608,0.2147340646418,0.0957579401202,0.2594577815354,-0.1338960733772,0.0794021632399,0.3136451561770,-0.0973278866364,0.0292323602510,-0.1417026979692,-0.2553642590621,-0.2515281941973,0.3074821798507,0.2309129600985,0.3830805935643,0.0563026789962,-0.2943777491060,-0.1813738176388,-0.1492786786992,-0.0183465945713,0.3580445596434,0.0501262476564,-0.1832238999523,-0.0305324917862,-0.1585854124021,0.4801655859523,0.3594785261248,-0.0302688814107,-0.2252892632658,-0.2373018718445,-0.0961566116978,0.0293673342611,0.1604813331728,0.4045632173064,0.3803563723220,0.6235330134390,0.5365637111651,0.3679295878511,0.3473695545563,0.3689669293850,0.2468137394446,-0.0243047407820,0.1007666696212,0.1572111894458,0.1394117001876,0.2659098799406,0.1531748247043,0.1588755881169,0.0243300080218,0.7052979616428,0.2428549717709,0.2269563562067,0.1157543699240,0.2836941329401,-0.1214082313484,-0.0460053703471,0.0240228158030,0.0602762055419,-0.1584188523871,-0.1095268625250,-0.2075105978961,-0.2168260680196,0.2213069745640,0.2547453635828,0.0748095247595,-0.2057431675398,-0.1406262494417,0.4071183941512,0.0047165899514,-0.2227353695398,-0.0889636389609,0.0921879908615,0.0841542176096,-0.2803784867392,-0.1883843729560,0.0427313651875,-0.0333797800136,-0.2403042679043,0.1169473633417,-0.0093590052103,0.1743990262872,0.4527542349023,0.2893536295132,0.2602678168873,-0.1496499465677
0.0114997122310,0.5533979849383,0.2919743710371,0.5982003839372,-0.0955540232660,0.5109445831345,0.4795571675798,0.1684437006447,0.1737023976181,0.6558383365414,0.1255692238970,0.3472931194054,0.0586044124287,0.5398032529140,1.0000000000000,0.2234907484192,0.0880826371947,-0.1310049917042,0.1480883103915,0.0590298210163,0.1117850000327,0.3228282518299,-0.0882411072267,-0.0029007848818,-0.0727739473576,-0.1615227452586,-0.2508959154039,0.3193726855418,-0.0292137890094,0.3190126671289,0.0802000813513,-0.1782141810947,-0.1102053067257,0.0754376980687,0.0967054978081,0.2200167955638,0.1978710349830,-0.0622685937671,0.0855451691563,0.0563009717215,0.2795473639090,0.2987534152195,0.2987240015310,-0.1071769573008,-0.0679416103155,0.1771082387373,0.2383521982698,0.1342021448109,0.5423835995184,0.6352398826672,0.0978916472129,0.4998005873046,0.4428715716799,0.4124733220407,0.1892834438635,0.3004363556652,-0.1028062188307,-0.0647810551425,0.0388307411896,0.1494714350985,0.3766924557838,0.1747715572187,0.0988320244761,-0.1719816663639,0.5577711797363,0.5581827592667,0.1022773198146,-0.0963828323937,0.1315195805994,-0.1204484526746,-0.2261093824298,0.1773175957655,0.0277403336260,-0.0665199386758,-0.1540391982502,-0.0275572519572,-0.3124126468089,0.2025617404349,0.0674786433087,-0.1596501417882,-0.1854108006800,-0.2161988103568,0.1316871993290,-0.0732988777615,-0.0970729310191,0.0929871449195,0.0724021663060,0.0774811825655,-0.1332349402658,-0.0960687872602,0.1288245086951,0.2683525050149,-0.0222763784887,-0.0000476047779,0.0573470613355,0.1004317371820,0.0919326487648,0.1306417144089,0.3020513623160,0.0669180739163
0.2718063938636,0.0236295117084,0.1517250868996,0.6137781812460,0.4506469486207,0.3225389516473,0.5998285995932,0.5887346291125,0.5809013461855,-0.1228513972320,0.1806304777065,0.2085323937038,0.4086968055790,0.3395262795608,0.2234907484192,1.0000000000000,0.7509719148833,0.6610084013215,0.6315251737403,0.2957092161485,0.2899442625002,-0.2282650658615,0.0049604888323,0.5977854017985,0.1835607153358,0.0705719990590,0.0818385419627,-0.1713116467136,-0.1227385255468,-0.0072954085697,0.6189271581576,0.1680062452546,0.4004299343871,-0.0580247191741,0.3600847026173,0.7345406299855,0.1218125665802,0.1448046726074,0.4443508426452,-0.0344262410910,0.0133375069994,0.2867312936063,0.3157240004328,0.0960402200386,0.1228861805787,-0.1321804394412,-0.0183684553766,0.2811447269930,0.2138273421662,0.2503733803560,0.2582855722819,0.0214170685165,0.5675848165833,0.3104891799270,0.5728201414477,0.5985235999246,0.4724893488740,0.5398178493521,0.5973904683267,0.6494500774088,-0.0740171075559,0.4258107052903,0.2155407855887,0.4578634959308,0.1666153906646,0.3201054341962,0.7772153398078,0.6907655853791,0.7058876499687,0.4290509757100,0.4230973567662,-0.1468685119256,0.5828472092469,0.2488719760542,0.2764834939638,-0.0195350625013,0.0689675113516,-0.2515629536910,-0.1224723251777,0.6932237793153,0.1940846597002,0.3436319101441,-0.1533781923673,0.4364971022419,0.1103677366059,-0.1715246503973,0.3022913783220,0.4853979469345,0.1926741277724,0.1126310697607,0.3981636547399,-0.0873160858489,-0.0131352633593,-0.1405599110054,0.0175793530029,0.4546528018913,0.1538727409510,0.0160668177419,0.0085838550185,-0.0743883278377
0.2277838680642,-0.0898589687898,0.0946395337306,0.4465020031210,0.4248625416044,0.2620631056708,0.4363395003930,0.6787050177899,0.5419947420063,-0.0805801412107,0.3321727892179,0.3695159481707,0.6322260931711,0.2147340646418,0.0880826371947,0.7509719148833,1.0000000000000,0.6455606189028,0.5520036716181,0.3631075104018,0.4934866024497,-0.0960784146570,0.1889631670171,0.5776423545468,0.2749625448149,0.2808110948673,0.2514745661248,-0.2741248312897,-0.1466832193619,-0.1947241735878,0.5585383895824,0.3161180353758,0.5538666994666,0.0635004047330,0.3139754752124,0.5480994905972,0.1450820971663,0.2834332535102,0.4174765557088,0.1119130359868,-0.0055975682016,0.3300519944788,0.3151025084901,0.2027119610808,0.1962615373344,-0.1762570758018,-0.1034411975260,0.2420575957240,0.1238612870583,0.2621772009478,0.1702811862688,-0.0669045037578,0.3748786739247,0.2231099846590,0.5485149238181,0.4704207044581,0.5423892635070,0.4811168666350,0.4273961153059,0.5094373558782,-0.0302183896932,0.5333801678202,0.3213861745771,0.5611459026218,0.0548061851985,0.2212486873510,0.5788257474418,0.6337525466662,0.5365116003752,0.3774023608837,0.4563453228467,-0.0186555278614,0.5510164567641,0.3294841968882,0.2092761661679,-0.0953271417038,0.1719692593822,-0.3265240316721,-0.1923302382041,0.5397956384221,0.0718672295734,0.3291591596783,-0.2441206948986,0.2733868651377,0.0758017301313,-0.2209602290978,0.2807785784341,0.3965447757931,0.1566370954398,0.0756003115904,0.3629608399307,-0.1174915581284,0.0565252864350,-0.2127895454175,-0.0030397207082,0.4114238185002,0.0823842940364,-0.0392133905138,0.0283975804637,0.0393428604955
0.1753397612811,-0.3263551418272,-0.0099606478984,0.2542089344807,0.3760178099457,0.1410853768759,0.2063991527581,0.6469263410962,0.6074865782221,-0.2117261578767,0.3818558486848,0.2315953837114,0.3023220348675,0.0957579401202,-0.1310049917042,0.6610084013215,0.6455606189028,1.0000000000000,0.7017453856722,0.4453255512647,0.2393557385855,-0.2256980246007,0.1504463633891,0.6984661081173,0.1966612434873,0.1381367074872,0.1827530666308,-0.2472975555766,-0.0497595988535,-0.1721607305525,0.3692697418416,0.1804417603004,0.3952372091880,-0.1976334563494,0.3455695442898,0.3567936093160,0.2046887116254,0.3161755923096,0.3279407320839,-0.0025687892428,-0.0446281046537,0.2439004079851,-0.0115673203157,-0.0133786996214,0.2780125416793,-0.1792986940585,-0.1339403510240,0.3915954279362,-0.0099972835392,0.0472092743380,0.0399037566322,-0.3338920220541,0.1161340883351,0.1793952598910,0.3889287408969,0.2528956322009,0.4823920934813,0.5261969811213,0.7269172422903,0.5648929774069,-0.0793247509522,0.5115513190501,0.0250270705136,0.3726183104356,-0.1231695750377,-0.0211840992851,0.4043004085318,0.6857888539270,0.5982360918601,0.5176235934577,0.4694229724520,-0.0690992851025,0.5962475078555,0.3705805248238,0.2795285902769,-0.0873308290152,0.2645330715412,-0.4516263931212,-0.1400057471829,0.7489514954048,0.0247362725607,0.2422999243616,-0.3958425018153,0.1486288364572,0.1013369074338,-0.4226264116138,0.3462266445944,0.3003233243756,0.0193095805364,0.1895079161549,0.2773482754410,-0.1814845232268,-0.1343215464505,-0.2058743359785,-0.1541124588044,0.4568218358456,0.0253392973268,-0.1041428151271,-0.0575051373534,0.0037548287854
0.1210553091591,-0.0204011220560,-0.0579907024715,0.2951725652971,0.2588145905063,0.2667432285217,0.1189833710689,0.7903604251660,0.7296353780309,-0.0342342397908,0.4585276596470,0.0929149411147,0.2123079001176,0.2594577815354,0.1480883103915,0.6315251737403,0.5520036716181,0.7017453856722,1.0000000000000,0.6017318727686,0.2399312490321,0.0192086309348,0.1389840001451,0.7261351941850,0.2488528607537,0.2536841510502,0.2671758387954,-0.1413090780128,0.1651734496613,0.0675788715703,0.4948999878222,0.0879203188635,0.3395372987937,-0.2222699206950,0.3946817900433,0.5181234387615,0.3383701012938,0.5023716759523,0.3620380247039,0.0306627626342,0.2491933550455,0.3812682882744,0.2348141363221,0.1414784927003,0.4685906922731,-0.1584963336034,-0.0667480697259,0.3266374502839,0.2344406539362,0.1830517842978,0.1270040768372,-0.1449111826356,0.1006470834020,0.0769832596278,0.3670795352748,0.1008683206446,0.4890161654214,0.5205060348427,0.7233294672785,0.6999179896145,-0.0456369650149,0.5489225469160,-0.0212895312074,0.1382249666070,0.0739319470047,0.1035971597753,0.4492163530283,0.5731511346878,0.7551888539950,0.5744102843001,0.2387855621673,0.0084362258718,0.5987153036022,0.4152725317065,0.3171280744777,-0.0290007812281,0.3075788388684,-0.2944335034573,0.0796096585506,0.5782759453204,-0.0097424121724,0.1658624681247,-0.1397803483456,0.2945572660310,0.2584557969391,-0.3097758053742,0.4905568961115,0.3770209312787,0.1436736670888,0.3161089386155,0.3285153359639,-0.1366655645758,0.0771048001271,-0.0336812447443,-0.1237450290005,0.3939691898171,0.2339369939980,0.0475245695988,0.0693092227064,-0.1223684623653
-0.0795410712175,-0.3155963950403,-0.1407942558099,0.0527706012234,0.0320952604211,0.0730114053829,0.0641331788352,0.7199627192973,0.6860497026109,0.0755688027242,0.5733592108546,0.3119149524775,0.2503284874815,-0.1338960733772,0.0590298210163,0.2957092161485,0.3631075104018,0.4453255512647,0.6017318727686,1.0000000000000,0.3917512128134,0.0396612255185,0.4483796211035,0.6072237154716,0.5702297047835,0.5331472954424,0.6094350167052,-0.2006668491296,-0.0874487123594,-0.1390686238508,0.4581586656632,0.4808154746973,0.6084563978583,0.1631384310767,0.4819855405593,0.1593215467737,0.4814910927076,0.8327011695507,0.2947042085725,0.2688965794988,0.0080297471961,0.2429754387988,0.4615361948719,0.3346362139996,0.8147347307400,0.0762156437467,0.1851701547889,0.2844859519786,0.0234055526060,0.2460152567345,-0.1824045271192,-0.3316938226997,-0.1427627335248,0.0863630059610,0.0936112641261,-0.0673842031046,0.4030080669002,0.2584465715381,0.4151642290600,0.5127671969614,-0.0272982045214,0.5766342613254,-0.0524106354144,0.0078161088974,-0.3072123485441,0.0985615295823,0.0900500572366,0.2471737006371,0.3190961811586,0.7240073176755,0.1460468837868,0.2524202525599,0.4440666290990,0.7317284292880,0.3153502497746,0.0963743375630,0.5668394516646,-0.3895699792563,-0.2436072024972,0.2901804338361,0.1626637853090,0.2720791509247,-0.4423985475530,0.1200918971289,0.4448266158178,-0.1590463653994,0.4444795262541,0.2345885225975,0.2683778984807,0.5432518194522,0.1897221348024,0.0663970194833,0.3098922742161,-0.0367755078466,-0.0036071429041,0.2240066728098,-0.1137810373490,-0.2069799828783,0.0327118637311,0.1784682651392
0.0738226716441,-0.0449727652282,-0.0114188746956,0.1075129952343,0.0254132408411,0.0195281669547,0.1764207063204,0.3107935144218,0.2418657069759,0.2004234802558,0.3747747043782,0.5214152385389,0.4303802307018,0.0794021632399,0.1117850000327,0.2899442625002,0.4934866024497,0.2393557385855,0.2399312490321,0.3917512128134,1.0000000000000,0.3393236066119,0.6338530678906,0.3706355992738,0.2627966891599,0.3886612938389,0.3494888348383,-0.1031351572046,-0.0450785273728,-0.1388698530063,0.4206768665533,0.4427346690755,0.6127705203992,0.0828827854334,0.2472732145068,0.2578761633209,0.1863612386535,0.1619423198499,0.0396245384390,0.0951465415786,-0.0886845497031,0.0701024981676,0.2003035793141,0.0653508365651,0.1822936032640,0.1763667467117,0.2554363175673,-0.1297329212496,0.1223116551164,0.3630784157160,-0.0578417985993,-0.0584542073099,0.0185305913095,0.0271380718155,0.0616516626723,0.0801240232556,0.4151786413880,0.1295019973622,0.0919583169704,0.1719267957733,0.0291000240995,0.3715322547161,0.3737224611911,0.2538803145771,-0.0638920595014,0.1461906295835,0.1949775478316,0.1935920322892,0.1972627755688,0.2962382065556,0.5417110215747,0.5569906660496,0.4465985076969,0.4498676316580,0.4574108175259,0.2687550954474,0.2911229804611,-0.1526343720917,-0.0496518811007,0.2400205871155,0.1229738690449,0.4139394129500,-0.1408729102410,0.0379974937872,0.2014219086722,-0.0199163750478,0.2448121657971,0.1909996993558,0.1571175664797,0.0477667939854,0.0140498538935,-0.1262853588093,0.0672807490466,0.0667229770938,0.3954240521759,-0.0391878335221,0.0076747380231,-0.0487993026240,0.0022692204182,0.3133244288177
0.0910635091210,0.2910491000062,0.2290664911755,-0.0492282537233,-0.0275152390552,0.2858200490600,-0.0983810721559,-0.0060633426525,-0.0916803924319,0.5945375189704,0.3186496896219,0.1546022731770,0.0621037536886,0.3136451561770,0.3228282518299,-0.2282650658615,-0.0960784146570,-0.2256980246007,0.0192086309348,0.0396612255185,0.3393236066119,1.0000000000000,0.3705893787782,-0.1027696164951,-0.0262897130819,0.0589157582839,0.0112674250657,0.4557234255125,0.3407803149064,0.2035448021745,-0.0124463368919,0.0326420408594,0.0219475457883,-0.0744375111389,-0.0472613331367,-0.0351194630291,0.1405008918490,-0.0486126521047,-0.2208938259482,-0.0395120254706,0.4134883789356,0.2761042124894,-0.0080301169763,-0.1211429920997,0.0375017279443,0.4068015337926,0.3597154849388,-0.1675801968237,0.3592596454944,0.3159855301289,0.1285430342100,0.2325401877797,-0.2172788043297,0.0750937960375,-0.0910479680814,-0.3002182745733,-0.0192704954323,-0.1317734371953,-0.1269846768660,-0.1384075116515,0.3823900949119,0.0783760364001,0.1628584471212,-0.2019789884268,0.1905860014975,0.0208145845860,-0.1897589275639,-0.2656835711186,-0.0697661271119,-0.1166886661530,-0.1069870542042,0.6760637754032,-0.0227632590815,0.0241867805732,0.0738820670249,0.1197931845576,0.0540527074745,0.3869504138206,0.3642970332659,-0.2456411279354,-0.1243776318254,-0.0885010606203,0.3158189416283,-0.1289041336407,0.0359788002467,0.1057657799025,0.0622526485747,-0.0796568677430,-0.1354422265293,-0.0367519621443,-0.2549841356750,-0.0201734578504,0.0029759519647,0.5264136558874,0.3152624627670,-0.2590135491893,0.2632634252920,0.4204770503380,0.3654628590191,0.1434415313968
0.1236126051213,-0.1223476723963,-0.0255551699345,-0.1257160168393,0.0083219506035,0.0350200479399,-0.0435638373375,0.2580828634932,0.1658519285286,0.2350137246443,0.6465010173327,0.5135151253478,0.3971912166408,-0.0973278866364,-0.0882411072267,0.0049604888323,0.1889631670171,0.1504463633891,0.1389840001451,0.4483796211035,0.6338530678906,0.3705893787782,1.0000000000000,0.3324041753666,0.2787480681645,0.5303541185080,0.5048002969954,-0.2171247787525,0.0019391732940,-0.1617122622416,0.2655096153023,0.6277836682173,0.5509156389796,0.1670160898831,0.3160102440889,0.0337136018803,0.3186009691134,0.2895760990135,0.0077298916464,0.2829015054186,-0.0201877331333,0.1240889466162,0.1757023707696,0.0886084841296,0.3769754834280,0.2848073239455,0.4365438969577,0.0602559195706,-0.0898808017667,0.1631078678457,-0.0578144492155,-0.1135857366166,-0.3248398736844,-0.0375118714342,0.0020574009259,-0.2045848649334,0.3452192408998,-0.0276837417060,0.0029698421652,0.0326770721707,0.1301012235694,0.4294711565787,0.3291076795272,0.1610508937698,-0.1814074880457,-0.1561613489258,-0.0963209225666,0.0146643481288,-0.0286540576437,0.2570583569933,0.2454131751714,0.7194322571965,0.2957641686405,0.4670913709339,0.2973423842339,0.3197179536209,0.5204149051454,-0.2897365392718,-0.0995862238671,0.0319208409690,0.2794122464252,0.3452643448356,-0.1767120492666,-0.0473748748927,0.2478257083738,0.0613000034793,0.3143358594687,0.0933542642516,0.1258715111093,0.1058086335078,-0.0860961204318,-0.0017259291473,0.0842821409095,0.1633490895316,0.3377368523169,-0.0380634120191,-0.0697929252563,-0.2355786136405,0.0507404232929,0.3391793760921
0.0932492455655,-0.2113170077398,-0.1023210106353,0.2398971983627,0.2279445501665,0.1429488157028,0.2689766213918,0.7247405651391,0.6634544992374,-0.0822242108755,0.5065609988375,0.2910204272297,0.3721804249496,0.0292323602510,-0.0029007848818,0.5977854017985,0.5776423545468,0.6984661081173,0.7261351941850,0.6072237154716,0.3706355992738,-0.1027696164951,0.3324041753666,1.0000000000000,0.3073422179291,0.4779989649970,0.4240852858146,-0.2390145080198,-0.0205351497506,-0.1520161942441,0.4856554218340,0.3574138158003,0.4833963055200,0.0015642164265,0.5681378302411,0.4986519346058,0.5118739424801,0.5425476249168,0.5665847205188,0.2327735118902,0.0522388270262,0.2711789519714,0.3737525308374,0.2500744184193,0.5468587497825,-0.0502733200428,-0.0067803920828,0.4238094202370,0.0812382897642,0.1865836811995,-0.0285643840017,-0.2670126231150,0.0832384778010,0.1205365586955,0.3910142845442,0.2445776985661,0.5697188420291,0.4515782327444,0.5992240589342,0.5842003547250,-0.0660160379715,0.5825930633563,0.0892218537955,0.2735825655619,-0.1670692114291,0.1151058454761,0.4608009934758,0.5563661856787,0.5786250450918,0.5844381170682,0.3635440944825,0.0861063198424,0.7771396152448,0.5199094042757,0.3580968049708,0.1187416336706,0.4642430742888,-0.3712977263021,-0.1380001482301,0.5876515230407,0.1765322006166,0.2907132059948,-0.3596065057931,0.3581789888765,0.3547710004243,-0.1907200805483,0.6350518300985,0.5781763948454,0.2587204675938,0.3979177549749,0.4780664173091,0.0599330336282,0.1533336271285,-0.0509991582990,-0.0282159680570,0.4884956120544,0.0061470561496,-0.1111770810882,0.0253753500784,-0.0145437503263
