1.0000000000000,0.2959569286928,0.8057949134239,0.5529301042716,0.7608916967190,0.5950862869443,0.5742828984395,0.1108416835208,0.0952383370687,0.0245675425262,0.0476578461946,-0.0649972576544,0.1611399545766,0.6332391593501,0.0592038327652,0.3012637450120,0.1348105896915,0.1517127127199,0.1154121697225,-0.0560572800792,-0.0122355979842,0.0518315172245,-0.1382962012332,-0.1830609677527,0.1713624910663,0.0108558520219,0.0247866520664,-0.0780027549857,0.0409595122484,0.1154564049961,0.0674728145897,-0.0615027477216,-0.0296778722401,-0.3717927783400,0.0732984754181,0.2852762025518,-0.0219678663705,0.1721757350360,0.0634305519077,-0.2275156362168,0.0078982776334,0.1408387989393,-0.0849364300272,0.1449875009908,0.0554413887889,0.0717010888625,0.0171646101656,0.3591302490109,0.2695654060229,0.1006528848707,0.6972950052003,0.6017070067282,0.5162877360596,0.5220334277032,0.5339522378446,0.5578738844056,0.1960612076024,0.2342612330645,0.1778445547601,0.1816965234042,0.0821194217394,0.0419796191178,0.1828602805027,0.1537849870599,0.5025330094924,0.0120739302509,0.4310874926560,0.1544184339825,0.3586205960387,0.0787860693136,0.0131554913424,-0.0936577830898,-0.0717633504885,0.1478535000759,0.0241622895765,0.0457230218454,0.0255593516009,-0.0328868906028,-0.0308435710945,0.2159367308541,0.0720551225428,0.1024785148251,0.1836317846626,0.0251720423020,0.1569980638242,-0.0357228725023,-0.0569091187217,0.0564327872224,-0.2059078956952,0.1928345759273,0.0260363379760,-0.4504377392493,0.1120217661529,0.0905430009979,0.1928995532283,0.3180739021736,0.3871178340849,-0.1615535431319,-0.0651524317474,0.0465403492267
0.2959569286928,1.0000000000000,0.4197649967879,0.4860489854629,0.1748111846541,0.1226086234856,0.2583213143004,0.0064451494880,0.0595666336416,0.2698069842874,0.1837710549516,0.0472179678736,-0.1098806527005,0.5936321541261,0.5075131805714,0.2616702287769,-0.0717616649269,-0.0216773281295,0.2583548737902,-0.0689243438855,-0.0406800041958,0.3837564381563,0.0834868663000,0.1128640865343,-0.2362724157079,0.0146927755792,-0.0215929470297,0.1383170340857,0.4393070591212,0.6769021962927,0.1534994438208,-0.0729685068445,-0.1033525346155,-0.0934527609025,0.1944988505277,0.2704491130718,0.2077509406538,-0.0287290193032,0.0255182331436,0.1365430804991,0.4524161564860,0.1963331126353,0.0627310807495,-0.0000788988939,-0.0609198586612,0.1320293600610,0.0269228593818,-0.0470643317291,0.3004020974624,0.0440866695963,0.4183939694007,0.7401078291002,0.3100143043374,0.1267205371032,0.1298606249429,0.2424717909632,-0.0800079100615,-0.1534882911450,-0.0183165274350,0.1309885214342,0.0649901145991,-0.0802900213224,-0.0264166882720,-0.2944155491721,0.6392235384820,0.0711110085466,0.1435820373776,-0.2138595140682,0.2351497014947,-0.1696037066481,-0.2864357541411,0.0051030518981,-0.0505031956216,0.0097472171233,-0.1919826703095,0.1918185720958,-0.1224609904672,-0.0314889920340,0.4808511305397,-0.0747040376500,-0.0711956426827,-0.3050622099615,0.2605347372003,-0.0758773010944,0.0386783519337,-0.1877340223496,0.0813483978578,0.1320307411254,-0.1557202867578,-0.0977562487867,-0.0308185183210,-0.2058485178788,0.1885939188741,-0.0735280613913,-0.0896306189960,-0.0451242801160,0.3400717514431,-0.2335801992067,-0.0697509877801,-0.2036252732686
0.8057949134239,0.4197649967879,1.0000000000000,0.6788261613209,0.6938218572460,0.7159060721944,0.7622833267727,0.2201152840127,0.2176628301301,0.2700580924644,0.1982843644944,0.0790137393133,0.3150279122017,0.6397665203090,0.2034921276778,0.3839934335401,0.2517596033883,0.1719321535445,0.2036810260843,0.0496737965040,0.1240419758591,0.2012405136587,-0.1003815112285,-0.1082351204552,0.1939056280490,0.1370603983674,0.1167394799169,-0.0518339616394,-0.0212767279179,0.2028072248397,0.1785493917989,0.0563925600511,0.1035845039371,-0.3361241218550,0.1332392412877,0.3648719627899,0.1709580151171,0.2710871174320,0.1826898236269,-0.1017291291441,0.0897843121583,0.2726266557741,-0.0397608859825,0.2401318478111,0.1340695897980,0.1788493844276,0.1385037818138,0.3563306980878,0.2069698620772,0.2494781795763,0.6341873143245,0.7626173142681,0.6376474929597,0.7649524454682,0.5582491150580,0.6946523038529,0.3502375446598,0.3013490410231,0.1624165359947,0.3169996016507,0.2897404120226,0.1635429298902,0.3830562094588,0.1976139991479,0.5732912794865,0.1726499796305,0.5062489918203,0.2192584925451,0.4733968560874,0.1195488000889,0.0529502350930,0.0803999985696,-0.0053223118529,0.2482380880249,-0.0778914816363,0.0811724129122,0.0298339343563,-0.0318881282304,-0.0628183098512,0.2985676391836,0.1199613984499,0.1697017100698,0.2205878954236,-0.0181829828719,0.2602174994752,0.0021797664291,0.0668156054636,0.1412302880180,-0.2238389582704,0.2403186069746,0.1237844117906,-0.4412827133807,0.2730964989675,0.1800350176184,0.3683362569293,0.3226774075786,0.2430099808280,-0.2375113186758,0.1259184697645,0.0767656114794
0.5529301042716,0.4860489854629,0.6788261613209,1.0000000000000,0.5597351817160,0.6482954023456,0.7723452257926,0.4499593922232,0.3815730712572,0.4535907281156,0.4852542503830,0.4103776808517,0.3451052052505,0.7029864549007,0.6120608982157,0.7064334146477,0.4244764616457,0.4177336782717,0.5297070415451,0.2932944215050,0.3498346648632,0.2806634220535,0.2115004165120,0.2676437850061,-0.0542788673961,0.2177171044816,0.2361467850721,0.1143339922671,0.0426714384300,0.3108130916223,0.4000097978793,0.2190854119624,0.2384106275427,-0.0774298961627,0.4680589726983,0.4854151911805,0.4371713804550,0.1377098090669,0.4306080649296,0.1932777369669,0.3081794987913,0.4683990113345,0.2686167869094,0.0091093628640,0.0884711167401,0.2338079137456,0.3614489177682,0.4149259436450,0.2484658234050,0.5313240922554,0.4972472562120,0.5257405997851,0.8064488137705,0.6507674802770,0.4852570604386,0.8049247372995,0.2551734883771,0.1889230311407,0.3262832906813,0.3894004856637,0.2202391082446,0.4021694909680,0.1684023409323,0.0186046953933,0.5791486970130,0.3469939155433,0.6349057061805,0.2306904689481,0.5332263401073,0.1846417874243,0.0570678002169,0.1386317025788,0.2921660826420,0.1886046686781,-0.2361545498409,-0.0377792957076,0.0507445836059,-0.1511914413356,-0.0289644088011,0.3525704405731,-0.0047921433170,0.0043973835151,0.0003371718424,0.0499180024529,0.1127115316993,-0.1315146390186,0.2803948921992,0.3974397714173,-0.0887513873490,0.0961999606652,0.3655449022583,-0.1138049518869,0.1413226778603,0.1148159489036,0.2154654965146,0.4313170834180,0.2225222705040,-0.2089390140626,0.2202973842621,-0.0310486337604
0.7608916967190,0.1748111846541,0.6938218572460,0.5597351817160,1.0000000000000,0.6344021570917,0.5791061797151,0.3895534669117,0.2988722081240,0.0096375436917,0.2260291346936,0.0183077933173,0.2611839979186,0.7128027917163,0.0869487124811,0.5245493397328,0.3720923591762,0.3377036201074,0.4173493521944,0.1638726938620,0.1239750785694,0.1168532946870,0.0544104807643,0.0352336946650,0.0585601652564,0.1346475534125,0.2666257475582,-0.1060654722762,0.2381127712761,0.1734765751663,0.2712883895183,0.0898846510374,0.2690926479021,-0.0712663568350,0.1169842920184,0.4509241442734,0.0097502438335,0.0769807552770,0.1690130932789,0.0782267982794,0.2084545338379,0.3445954963690,0.0235318454543,0.0218083446161,0.0263084879214,-0.0205102854939,0.1068469732260,0.4084653210328,0.3564512225953,0.1840418744346,0.7593671280021,0.4101696734509,0.5025214594959,0.5597574249391,0.7527641913060,0.5145322377632,0.2636586976362,0.3023627399487,0.2911153609375,0.3573283701092,-0.0294706884198,0.1012866801436,0.0348982976424,0.0846768478596,0.4099747178214,0.0206113012193,0.5696308714721,0.2480960960669,0.5191779013784,0.1750277542278,0.0097121277597,-0.1442822051071,0.0463664952786,0.0814417382799,-0.1110289458287,-0.1381980762413,0.0943038925321,-0.2105834458034,0.0917260993940,0.3753151512861,-0.0792863194257,0.0925374399041,0.0887998325617,0.0154306318127,0.0269368597685,-0.2414797591397,-0.0355960297570,0.1106662080784,-0.2875416561221,0.1101153016838,0.0881093799261,-0.3557461820401,0.0365468550791,-0.0604620074064,0.0935489917354,0.4330753625086,0.4938150444695,0.0314088380734,-0.0671546621209,-0.1178458881410
0.5950862869443,0.1226086234856,0.7159060721944,0.6482954023456,0.6344021570917,1.0000000000000,0.7506646730138,0.5049833725474,0.4523247425293,0.4027245866817,0.4378701512246,0.2855545412927,0.4970152626984,0.5394300740427,0.3342697668555,0.4718046098867,0.4760235600895,0.3555548697411,0.3922879247288,0.2684877100123,0.2417770877780,0.2574287764134,0.1228850892964,0.1673486256179,0.1794126088208,0.1783843800179,0.2262642260862,0.0583106880256,-0.0375221071581,0.0719572150834,0.2514420284159,0.1887236393785,0.2709010777090,-0.1023526835221,0.1818594680534,0.4074456384954,0.2636084228835,0.1803049719353,0.3757139279166,0.0463400357731,0.2335218459020,0.5527771745604,0.0787945963081,0.0615489930786,0.1019843402375,0.1302725497539,0.2567304494975,0.6384371946063,0.2219360202961,0.5648403271527,0.4634824494193,0.3754407918119,0.6435515360375,0.8660707442158,0.7207117330112,0.6241823247957,0.3844360782170,0.3859965339718,0.3232197067745,0.4470794840725,0.4271424428257,0.4768629303132,0.2346796264792,0.2312405897132,0.4299334979169,0.4593944842072,0.4770618106454,0.3523867025095,0.5097976661978,0.2317918022742,0.0892836685906,0.1003909612127,0.2424457909024,0.2199585262890,-0.1533276122134,-0.1783500873334,0.0546446185923,-0.1095665240293,-0.1400640084166,0.3776881930436,-0.0583740521750,0.1122393292579,0.0935988914262,-0.0124530385302,0.0909810730037,-0.1621590736680,0.1453224508958,0.2486365641970,-0.1983088821053,0.1889640049919,0.2686185483489,-0.2175845289211,0.0857995681979,0.1508677230782,0.2018815229985,0.6470058076092,0.2053318791692,0.0747283852188,0.4605248524433,0.2173814833801
0.5742828984395,0.2583213143004,0.7622833267727,0.7723452257926,0.5791061797151,0.7506646730138,1.0000000000000,0.4618854106202,0.4324186119232,0.4355287148796,0.3425530617332,0.4050421610705,0.4843713176796,0.5360031527101,0.4418322702194,0.6343900583900,0.5022100143752,0.4028338795553,0.4193598887654,0.2173366303702,0.3773993862247,0.1597916310776,0.0628782432211,0.2392119880414,0.0944611410389,0.2123637567103,0.2203743199174,0.0124100627589,-0.1922160609592,0.1274454904216,0.3875928834513,0.2266026674768,0.2402966936289,-0.1542197975824,0.3880813697837,0.5444092104397,0.4110618026459,0.1747027288619,0.5290790752039,0.0990829324825,0.0523275405526,0.3693418346123,0.1572373692729,0.0630316925014,0.0888215864792,0.1980616289098,0.2806316982880,0.4912062864350,0.1831159383386,0.4772332436151,0.4483769032547,0.5211109535371,0.7595616902888,0.8469284848225,0.5793936495414,0.8882214158388,0.4115590245378,0.3356941373306,0.3914031891256,0.4536676094415,0.3491996465566,0.3723037931978,0.4068757087586,0.2652280908506,0.5057620351653,0.4599633707209,0.6782438130511,0.3591025046093,0.6097649933288,0.2212600288952,0.2316064061081,0.1129685433984,0.3501806831855,0.2019980927827,-0.0858966271394,0.0118126944119,-0.0122406996989,-0.2111843605480,-0.2213982611680,0.4446905659646,0.1131831140104,0.1315750740003,0.0248811286529,0.1338769335414,0.1244246179112,-0.0774873088756,0.3001103458488,0.4422765633676,-0.0226357754998,0.1489742781448,0.4478851752741,-0.1958344308659,0.1246955928288,0.0641348046515,0.2887127411222,0.5391621922818,0.1100406536199,-0.2132261068895,0.2604115402691,0.1961487744355
0.1108416835208,0.0064451494880,0.2201152840127,0.4499593922232,0.3895534669117,0.5049833725474,0.4618854106202,1.0000000000000,0.8515328426816,0.2058307637886,0.5617796180502,0.4956269969881,0.6764267667078,0.3551345644084,0.2588211583988,0.6952947586322,0.7857784172113,0.6918088901034,0.8015364390180,0.8013944343319,0.4931801777996,0.0916735770988,0.3662889171543,0.5432196708318,0.2040813540108,0.4842218101223,0.5136344503413,-0.1056326358877,0.0408496286767,0.0658825670199,0.5632662591497,0.5532451268276,0.7337907955211,0.1540422228577,0.3072923876361,0.4726576138245,0.3479508304384,0.2202852433694,0.4741104289595,0.2451773592890,0.2647622727258,0.5950180649696,0.2763284944651,-0.0648428911657,0.3606035307737,0.0302789548915,0.3193094137971,0.4640410652565,0.1965576312357,0.5145601350940,0.0945245845034,0.0090838173216,0.4854831300975,0.4315385397894,0.5752314168885,0.3719038416187,0.5864041972849,0.5510911682817,0.6232720602971,0.7941766282888,0.0315613978418,0.5623711368488,0.1341879774575,0.2989290270482,0.0434281657870,0.2564434787629,0.5688541583123,0.5895972581331,0.6921277058221,0.5743209916954,0.3386337557571,0.1063614760691,0.6053783023725,0.3959023467875,-0.0146983061541,-0.1650144752795,0.2295155877772,-0.3932804964518,-0.0800057126960,0.6425897762667,0.0328272319119,0.2480656159329,-0.2660741208499,0.1290644929626,0.1061972757096,-0.3722566016818,0.2710116960461,0.3489402057370,0.0424055025551,0.1865576780224,0.3389150725661,-0.0792230651834,0.0549772322922,-0.0919633555492,0.1585185689967,0.5201416569049,0.1190076737100,0.0186086411057,0.2728550259223,0.0392490018096
0.0952383370687,0.0595666336416,0.2176628301301,0.3815730712572,0.2988722081240,0.4523247425293,0.4324186119232,0.8515328426816,1.0000000000000,0.2283587103486,0.5055480142106,0.4146111542552,0.5807595654928,0.2862000215748,0.2592350482345,0.5562649286027,0.5826472709237,0.5146839573571,0.7383867068265,0.7879421505305,0.3360094409133,0.1022238406947,0.2929199641026,0.5039426663521,0.3167415059350,0.5239073446659,0.5250016335179,-0.1030762009967,0.0173822878420,0.1091309915310,0.3981042756717,0.4874830452540,0.5684766380260,0.0776639448013,0.2652490986547,0.4192001801701,0.3886474696743,0.3507409310862,0.4508473424401,0.2212095613469,0.2373322795803,0.4884862253766,0.1884029132487,0.0344743015501,0.3633125230486,0.0241389231533,0.1992591765414,0.4172377647122,0.1515164154911,0.4426903219011,0.0633117635829,0.0868360951974,0.4413051343365,0.3961227823310,0.4706430336354,0.3153612055537,0.6010756110669,0.5595713663971,0.6385326041339,0.9225177476105,0.1115072151707,0.4951680133239,0.1651919645558,0.3036430916864,0.0710109025855,0.3210941367502,0.4697922009796,0.5264520201276,0.6787797853220,0.6671022682231,0.3100789225030,0.1323033302354,0.6299209449525,0.5471780218137,0.0459140135363,-0.0354468486973,0.3077983112331,-0.3749104502454,-0.0358617010295,0.5488512182953,0.0636337362465,0.2422643646555,-0.1804086037534,0.1754620492388,0.2272767341484,-0.3112145052063,0.3207316818964,0.3303663370400,0.0781552636607,0.3353516712503,0.3262470067873,-0.0951057752750,0.1716317836438,-0.0267780483459,0.1664344422263,0.4522251786848,0.0958669237851,-0.0063579051801,0.2716986917580,0.0983041653580
0.0245675425262,0.2698069842874,0.2700580924644,0.4535907281156,0.0096375436917,0.4027245866817,0.4355287148796,0.2058307637886,0.2283587103486,1.0000000000000,0.5513100818278,0.7321093251370,0.3377771757478,0.3099968415486,0.7007353098606,0.2954569166158,0.2450583524636,0.0148421726074,0.2265315854132,0.0694328752048,0.4796378985412,0.6911420314883,0.4891982824062,0.4057689070961,-0.2869825427337,0.0100308538852,0.1784118531652,0.3326885337704,-0.0294837606421,0.1607751311923,0.2306877320487,0.1284262725164,0.1321187068045,0.2948274976955,0.3464877430385,0.3782756877038,0.5705601988510,-0.2236848788675,0.2980574612331,0.4352664808460,0.3817872891071,0.4805287328331,0.2963080901127,-0.2750588252532,-0.1783924905568,0.4482147768236,0.4695681317051,0.1232701022049,0.1042922098866,0.6505736757201,0.1829502813984,0.3379080496341,0.4247105488430,0.4095857871368,0.1103619892336,0.3753204689257,0.0241106631656,-0.2293788940712,-0.1029379472497,0.0977939556486,0.7126006025440,0.4279722248071,0.2315667887364,-0.1590807576025,0.4018699103211,0.5717633281018,0.1737971429214,-0.1998959803408,0.1185948342422,-0.2166569747347,-0.0936139954552,0.4799800506414,0.2227948096171,-0.0010646829965,-0.2713250505860,-0.2823778542820,-0.0023952261139,-0.0318933002005,-0.0899322030726,-0.1036463817519,-0.2410059648601,-0.2745489844309,0.1452093767367,-0.0022461034890,-0.2566232836202,-0.1206408203256,0.3474952244870,0.3468195738719,-0.0061806900326,-0.2181354304197,0.2479812029283,0.2245521248401,-0.1422323776549,0.1701808746984,0.0432617022222,0.1033504659143,-0.1116113076588,0.0491126230839,0.5931146041735,0.2957550692514
0.0476578461946,0.1837710549516,0.1982843644944,0.4852542503830,0.2260291346936,0.4378701512246,0.3425530617332,0.5617796180502,0.5055480142106,0.5513100818278,1.0000000000000,0.6721879737525,0.4266414011743,0.3817128960059,0.4606387850147,0.5247961348224,0.4531050385177,0.3543790503725,0.6181469029438,0.5142993155417,0.5554168176789,0.5547423324574,0.7223060774850,0.6324877274030,-0.2089967853028,0.3085359393982,0.5015209552618,0.0606283063019,0.2829385307321,0.1735783172813,0.5149603851438,0.4567693388399,0.5200352036445,0.3486917288780,0.5206577582648,0.4345924665013,0.6265224202144,-0.0426230838310,0.4415347027363,0.4906654251026,0.4659624536774,0.5322957501853,0.4108661464999,-0.2205587563701,0.0833086332947,0.2272757833182,0.5019521216145,0.3862257119690,0.1638115291097,0.5208745063330,0.1706563833084,0.1165589610963,0.3365837674499,0.2801138098952,0.3043184156560,0.2596432413138,0.1647619546023,-0.0029224307572,0.1703075310533,0.4019614053919,0.2720713628250,0.6913915760816,0.0618606071908,-0.1257971531693,0.2135844100411,0.3594071267177,0.3207935323426,0.0695908813720,0.3406839394104,0.1588689724270,0.0533106663891,0.4335385455912,0.5201654897964,0.1824854047749,-0.2396225432624,-0.3105578278678,0.2770129366762,-0.2251298159826,0.1133017741641,0.2145198912436,-0.1377789108364,-0.0501202026732,-0.0901213163270,0.0934537239612,-0.1099636757120,-0.2894626075158,0.5172580147135,0.4588259126977,0.0929488399508,-0.0771229045826,0.3238224289496,0.2136032076790,-0.0436523860371,0.0940791922584,0.0927599902267,0.3527938126046,0.0937474693923,-0.0336680430159,0.3485646247849,0.0361244482582
-0.0649972576544,0.0472179678736,0.0790137393133,0.4103776808517,0.0183077933173,0.2855545412927,0.4050421610705,0.4956269969881,0.4146111542552,0.7321093251370,0.6721879737525,1.0000000000000,0.5737363585937,0.1962428133055,0.5455762432204,0.5243137990509,0.5928628678675,0.4093236599901,0.4498136273345,0.3605631387990,0.7306795239709,0.4496388220365,0.6688335788882,0.6146278619432,-0.2000535677637,0.1983386943359,0.3408549167285,0.1425147332054,-0.1544878535385,-0.0063228477764,0.4690517564277,0.4417769355671,0.4677789397544,0.3295197171728,0.4836512536357,0.4448751316658,0.5659200997765,-0.1929739529418,0.4211336231114,0.4120303969557,0.2294799641031,0.4549215906883,0.4037865682839,-0.2941399634020,-0.0449032932364,0.3721356085524,0.5399786005290,0.2509336574233,0.1048886805974,0.6235175243890,-0.0095121643364,0.0724106475818,0.4183839244497,0.2750204463664,0.1772880602712,0.3754283678725,0.2337505368138,-0.0031118493286,0.1453932774098,0.2532165063585,0.3874522131051,0.6251902577717,0.3239395264013,0.1001832815778,0.1365150288022,0.4610739757533,0.3790952388925,0.1460423814898,0.2656869709561,0.0345335930477,0.2940546589672,0.5461633778466,0.5458575704584,0.1283404464864,-0.0838274582320,-0.2285668426047,0.1170910533964,-0.2012695443061,-0.2281589104950,0.2149426907537,-0.0809611723076,-0.0732190478001,-0.1846094515392,0.1462281137036,-0.2027166516534,-0.1551789296181,0.4220114480808,0.4581177293698,0.2068817086920,-0.2009477427976,0.3423000298099,0.2936649197733,-0.1610882785669,0.0330201016853,0.1246661911214,0.2943348901843,-0.1553418099613,-0.0609122159589,0.4324562426506,0.2549028287510
0.1611399545766,-0.1098806527005,0.3150279122017,0.3451052052505,0.2611839979186,0.4970152626984,0.4843713176796,0.6764267667078,0.5807595654928,0.3377771757478,0.4266414011743,0.5737363585937,1.0000000000000,0.1412341565204,0.1421388585542,0.4751516992912,0.7582070247560,0.5071199987033,0.4273200009326,0.4232114489266,0.5411158902937,0.1588976387981,0.2946284263200,0.3717618010184,0.2519514596513,0.3386857759969,0.3579040364716,-0.1554489155203,-0.3004776150584,-0.2025010424461,0.4000675426094,0.5079594256944,0.5746590313265,0.0637175328164,0.2319094984108,0.3619085819457,0.3070267790582,0.1287422264472,0.4008484205164,0.0989406644790,0.0097406821106,0.4539582415079,0.2353645895133,-0.0171161513568,0.2538501925035,0.1948543059999,0.3543594336246,0.3724278036921,0.0278042691154,0.4753042809376,0.0292816640795,0.0946032516784,0.4536000034075,0.4647906990317,0.4544910626093,0.4158710077590,0.7222169733422,0.4704981682383,0.3786523575860,0.4982908240180,0.2749998577636,0.5236888267368,0.5697786645477,0.6311127669167,0.0414355951748,0.2506032294133,0.5026471372640,0.5174791119845,0.4861309149246,0.3057365514677,0.4311302945405,0.3501376695154,0.4413853036929,0.3510571286160,0.0585465026270,-0.0661181976830,0.1177779364896,-0.2577959863391,-0.3856845179164,0.4816495967084,0.1781206441886,0.3191981610957,-0.2136305476566,0.1535388175194,0.1194226853431,-0.0821742269656,0.2068583087119,0.2669969296067,0.1255512949018,0.0842940240684,0.2593844495439,-0.0957171917227,0.0325055242038,0.0057565816176,0.3612162149690,0.4243284109760,-0.1412820388347,-0.0497321773144,0.4018810607118,0.2659179651505
0.6332391593501,0.5936321541261,0.6397665203090,0.7029864549007,0.7128027917163,0.5394300740427,0.5360031527101,0.3551345644084,0.2862000215748,0.3099968415486,0.3817128960059,0.1962428133055,0.1412341565204,1.0000000000000,0.4733420168836,0.5713561769060,0.3123274298961,0.2590135526061,0.4788545141900,0.1701127860729,0.1980802337202,0.3691449929505,0.1918765116350,0.1748236635573,-0.1607530232339,0.0995363122525,0.2358584550315,0.1117898936133,0.4196419960717,0.5706860712460,0.3330065497385,0.0607126235949,0.1825670621392,-0.0258432828759,0.2504550764227,0.5157201831594,0.2097446804531,-0.0218819593780,0.1414794186962,0.2299431515721,0.5234334603530,0.4858522866584,0.1167814609260,-0.0827223148288,-0.0710236475801,0.1132052976436,0.2138938978766,0.2889969268873,0.4983056920510,0.3113830453618,0.7401156947944,0.6056156159149,0.5593630920201,0.4611534781799,0.5788881730062,0.4792788290894,0.0861932468308,0.0996757876808,0.1755546923083,0.3301016751486,0.0691252609962,0.1650573248461,-0.0479370089941,-0.1506513160115,0.6761307157083,0.1806932568915,0.4797729932671,0.0736984349864,0.4719759198524,0.0533710858562,-0.1219553419653,-0.0375728616529,0.0969638429088,0.0304469652469,-0.2155814857285,-0.0868584940329,0.0769335364958,-0.1341577184843,0.3016998505075,0.2200247811703,-0.1704044246135,-0.1373693388771,0.1850440009577,-0.0219239738238,-0.0307474388159,-0.3643439948681,0.0979039750698,0.2120586150017,-0.2938991325497,-0.0001499826666,0.0910637652614,-0.2843506243292,0.0518971846915,-0.0394642788470,-0.0091070223175,0.3014926322268,0.5670379227743,-0.0818528186960,0.0208265802842,-0.1751261556437
0.0592038327652,0.5075131805714,0.2034921276778,0.6120608982157,0.0869487124811,0.3342697668555,0.4418322702194,0.2588211583988,0.2592350482345,0.7007353098606,0.4606387850147,0.5455762432204,0.1421388585542,0.4733420168836,1.0000000000000,0.4337804432526,0.2040760713784,0.0870520061717,0.3810750081078,0.1964884693245,0.3063826129792,0.4337425704546,0.3715167255039,0.4846252308418,-0.3655181940521,0.1143067240467,0.1585824017058,0.4398644522713,0.1149113264453,0.5015030540957,0.2721564753730,0.1235007027117,0.1464422116310,0.2630784958752,0.4191552127625,0.3716372193114,0.5073328274792,-0.1565947424716,0.4523420001685,0.4735723575744,0.5781142612153,0.5699327043962,0.4927474716402,-0.1944201566057,-0.1075290505454,0.4157149107236,0.4096111965249,0.1990121755777,0.3529842716366,0.7050100919633,0.2139801863667,0.3287089399886,0.4802484877924,0.3233761207514,0.1544784291278,0.3910786329577,-0.0888262520127,-0.1889057580300,0.0130419214811,0.1705593286733,0.2531528532628,0.2928946754742,-0.1134278920145,-0.3013206219113,0.4336681150680,0.6199571910230,0.2004231648548,-0.1710860565351,0.1575885882812,-0.1155801350870,-0.2041735819969,0.1279491157527,0.2758712509392,-0.0881093745852,-0.3849033445355,-0.1521843270295,-0.1372042167291,-0.0921770103356,0.0912291334592,-0.0918850687189,-0.3112404676877,-0.4144405700532,0.0120428172717,0.0038110846439,-0.1908279572886,-0.2565480129893,0.2476629953201,0.3488992566802,0.0342008670675,-0.2044970617246,0.3897873956373,0.2030757327371,0.0018769943092,0.0003769345376,-0.1428886462481,0.2530209741156,0.1407314500923,-0.0093362221349,0.4150438574159,0.0548966854675
0.3012637450120,0.2616702287769,0.3839934335401,0.7064334146477,0.5245493397328,0.4718046098867,0.6343900583900,0.6952947586322,0.5562649286027,0.2954569166158,0.5247961348224,0.5243137990509,0.4751516992912,0.5713561769060,0.4337804432526,1.0000000000000,0.7229507886566,0.7096172203852,0.8119681428540,0.4716313584063,0.5854680835372,0.1920740247162,0.4461872748228,0.5453338435354,-0.1620941090332,0.2829176611624,0.4529846087899,-0.0455640908528,0.0644308761462,0.2380840976812,0.7447095332099,0.4595296190674,0.5990799080961,0.2263547154298,0.5294576201302,0.7896173018699,0.3995553787335,-0.0507262223655,0.4861630901176,0.4038357560386,0.2728933336781,0.4824171696541,0.3826558853695,-0.2422661759787,0.0255880810335,0.1162073633543,0.4353120195562,0.4042421098719,0.2387360245039,0.4415666856365,0.3863305406559,0.2827283925583,0.6993013572582,0.4658328393222,0.5521167559386,0.6270502310838,0.2928306605575,0.2130608485033,0.4831974036778,0.5164534004909,0.0112624576851,0.4062452666232,0.0556565170733,0.0517578806081,0.3675650729886,0.2672373963753,0.8681541333534,0.3752978944865,0.7182043046893,0.2650474499146,0.2239263639053,0.0654683415856,0.5105484300634,0.1090680916102,-0.1040172704957,-0.1953889897055,0.1041153400016,-0.4456779227483,-0.0523535962752,0.6131583096087,-0.0246091939715,0.0300346927566,-0.1508726498641,0.2603703492777,-0.1391565177211,-0.3676493673855,0.3277531370086,0.5134347847594,0.0110323496086,-0.0808744014321,0.3299424194173,-0.0621437259976,-0.1198573198531,-0.2167408796352,0.0047928385426,0.5086004813293,0.1837897493246,-0.0966595240051,0.0923020558544,-0.1064760531472
0.1348105896915,-0.0717616649269,0.2517596033883,0.4244764616457,0.3720923591762,0.4760235600895,0.5022100143752,0.7857784172113,0.5826472709237,0.2450583524636,0.4531050385177,0.5928628678675,0.7582070247560,0.3123274298961,0.2040760713784,0.7229507886566,1.0000000000000,0.7801555988900,0.6325419139365,0.5006738225676,0.6506372054011,0.0830427646991,0.3248537324267,0.4771403470868,0.1045497983429,0.3316821823549,0.3982083840382,-0.0768138039403,-0.1720592362355,-0.0950467526070,0.6243037538992,0.5079273937789,0.7120230433551,0.1329195089162,0.2585069771555,0.5306661580143,0.2826083220554,0.0363542068330,0.4167323646818,0.1882066524531,0.0939618371540,0.5011521283190,0.2528632723101,-0.0958573415628,0.1661531699462,0.0905683516243,0.3656443911570,0.4160044511564,0.1349593557239,0.4806243381996,0.1096644839866,0.0478694237726,0.5311941522054,0.4553954299574,0.5584445650195,0.4565083491361,0.5006307846918,0.4430929149974,0.4560701243839,0.5188605990197,0.0751846430377,0.5538519838011,0.3201537064616,0.4139112362409,0.1010289330683,0.2510201565539,0.6711636139037,0.6377896282278,0.6393375803229,0.3263230667358,0.4714014510772,0.1662978152281,0.5069629881857,0.1967736577089,0.0077061915194,-0.1684664542916,0.0986264212806,-0.3016941599398,-0.2757426910852,0.6783436589592,0.0805491215994,0.2375115093247,-0.2729514592757,0.1128707134225,-0.0291326922127,-0.2696918690982,0.1957733041377,0.3130239280684,0.0305406649618,0.0088227932623,0.2763725392153,-0.0743674004701,-0.0521019481924,-0.1713259777625,0.1869066140194,0.5260950498842,0.0196466269889,-0.0109963734433,0.2339364478520,0.0922964110288
0.1517127127199,-0.0216773281295,0.1719321535445,0.4177336782717,0.3377036201074,0.3555548697411,0.4028338795553,0.6918088901034,0.5146839573571,0.0148421726074,0.3543790503725,0.4093236599901,0.5071199987033,0.2590135526061,0.0870520061717,0.7096172203852,0.7801555988900,1.0000000000000,0.6593414330517,0.5174054958066,0.4990383917607,-0.0555628139156,0.2566628718510,0.3561065363315,0.1014995834136,0.2228495420773,0.1973601761168,-0.2328896878506,-0.1326586605107,-0.0526792517538,0.5872533619013,0.4257263664365,0.5721437808508,-0.0634049013268,0.2240800804367,0.3965579065607,0.1677465153815,0.0826667662955,0.3266366981253,0.0160251550837,-0.0149228595382,0.2969308855232,0.0068530826108,-0.1497593410294,0.1779304614076,-0.0277867290804,0.1919530981104,0.3705930982053,0.0718017195320,0.2981154539493,0.0682373333706,-0.0402532800356,0.4597001147203,0.3403461539754,0.4475919761215,0.4161534706784,0.4669027837888,0.4747464719839,0.7266446060295,0.5148889442313,-0.0421163366198,0.5162004087879,0.2017755497761,0.3920543269234,0.0622612648750,0.0676904746402,0.6112623142765,0.7219726159925,0.6673772754759,0.4839938372345,0.5786820970519,0.1408834926629,0.5181688080873,0.2246535365873,0.1810477806134,0.0212657156123,0.0926501522440,-0.4067743103524,-0.1863315105836,0.8568663763037,0.2195422862187,0.3724310252867,-0.3294397910202,0.0499409736605,0.0559051302727,-0.2474741429170,0.2102482743279,0.2819146474919,-0.0068219082446,0.0689202167522,0.2214424486528,-0.2019271043764,-0.1102300010775,-0.1213601961602,0.1806482908705,0.5091695735894,0.0223049048691,-0.0807377087242,0.0406314194420,0.0690623587657
0.1154121697225,0.2583548737902,0.2036810260843,0.5297070415451,0.4173493521944,0.3922879247288,0.4193598887654,0.8015364390180,0.7383867068265,0.2265315854132,0.6181469029438,0.4498136273345,0.4273200009326,0.4788545141900,0.3810750081078,0.8119681428540,0.6325419139365,0.6593414330517,1.0000000000000,0.6419075777395,0.4991433021252,0.2893666418815,0.5218730313167,0.6645539145507,-0.1273212202715,0.4240395157634,0.5840568889705,-0.0605549669211,0.2926956884073,0.2967630586532,0.6396813635889,0.4759234402597,0.6391424594191,0.2650015250008,0.4318312258450,0.6421702700989,0.4333197874806,0.0204717779541,0.4545477783822,0.4457598234328,0.4078963987825,0.5249481112055,0.3370135871751,-0.2027251196677,0.1289896751381,0.0270043621096,0.3137014285112,0.3672238956275,0.2627976911034,0.3905219188493,0.2684358623737,0.1582436430849,0.4921367801795,0.3017458786277,0.5448227965054,0.3391052035996,0.3365642277890,0.2406327761368,0.5446781741665,0.6755371674137,-0.0497171270243,0.4315463683445,-0.0855939595708,-0.0422645392576,0.2389459206529,0.2159702451695,0.6278575749251,0.3405553187349,0.7558252339491,0.3688280314069,0.1271755455364,0.0715441970925,0.5692636867648,0.2128912944792,-0.1446603218504,-0.2179498847307,0.2339355419220,-0.4672782559975,0.1698910875028,0.5582709864233,-0.1607412708503,-0.0075769927882,-0.1381090339027,0.1676218603050,-0.0726981110397,-0.5248432115365,0.3763645631893,0.4352865141943,-0.0330398960326,-0.0058580456553,0.2980206750746,-0.0572463362003,-0.0260869645406,-0.2338573773137,-0.0933945199871,0.4438657531004,0.2789663666984,-0.0041286776725,0.0900531583535,-0.1746764467698
-0.0560572800792,-0.0689243438855,0.0496737965040,0.2932944215050,0.1638726938620,0.2684877100123,0.2173366303702,0.8013944343319,0.7879421505305,0.0694328752048,0.5142993155417,0.3605631387990,0.4232114489266,0.1701127860729,0.1964884693245,0.4716313584063,0.5006738225676,0.5174054958066,0.6419075777395,1.0000000000000,0.3676808301512,-0.0098798741291,0.3294036714816,0.4398584967445,0.3630903634749,0.6255276587127,0.5396044507555,-0.0928370317193,0.0526712626851,0.0855387765591,0.4549020190686,0.6266220734765,0.7038596334870,0.1390955670554,0.3296156759114,0.2373320822714,0.3378164370298,0.4859942821975,0.3977189746421,0.1905065039163,0.2204109889188,0.4126504003727,0.2870767222132,0.1384776669776,0.5752960850418,0.0615873946689,0.3291792799527,0.3861156403481,0.1669101932242,0.4037324505774,-0.1354464593586,-0.1560245856679,0.2656844589144,0.1797626289976,0.2984257017442,0.1363850890497,0.4644809306723,0.5154199776679,0.5265682282749,0.7384258912622,-0.1396737637015,0.4776018705826,-0.0036332381407,0.1944584669022,-0.1819017131871,0.1594622776729,0.3382798354148,0.4955009555343,0.4587992517084,0.7663504930716,0.3237322183793,0.1306430293240,0.5667438816545,0.5651045997801,0.0629727053567,-0.0059951786757,0.3752123317329,-0.2778112676868,-0.0489185466352,0.5140852211632,0.1359357805254,0.3477558685912,-0.3598979699456,0.1689746782780,0.3439225966433,-0.2417702996996,0.2906520482963,0.2927700122392,0.1330549954133,0.4196065294977,0.3160913994158,0.0406402636840,0.2563153110485,0.0287406970045,0.2520225818172,0.3786337693169,0.0501259936601,-0.1092031394965,0.1303724552598,-0.0586416458018
-0.0122355979842,-0.0406800041958,0.1240419758591,0.3498346648632,0.1239750785694,0.2417770877780,0.3773993862247,0.4931801777996,0.3360094409133,0.4796378985412,0.5554168176789,0.7306795239709,0.5411158902937,0.1980802337202,0.3063826129792,0.5854680835372,0.6506372054011,0.4990383917607,0.4991433021252,0.3676808301512,1.0000000000000,0.4420677833642,0.6185778390119,0.5594910216212,-0.1972766162888,0.2897793065666,0.4824350145453,-0.0058885331118,-0.0968223994598,-0.0191400987342,0.6904626560996,0.5524268371610,0.6398713375330,0.2495985573808,0.5057387589358,0.5158275655226,0.5030388835764,-0.1422054111505,0.3493209230914,0.3625791531202,0.1092690081473,0.3254719142049,0.4240812412423,-0.2512715821683,0.0368026925998,0.3053857561027,0.5333305794578,0.1642298212672,0.0479225861339,0.4397154868948,0.0155614618319,0.0259932419167,0.3364673937827,0.2242244481159,0.1969143333037,0.3189250384066,0.2693146114350,0.0248979381550,0.1449624211743,0.2315988446522,0.1494025707302,0.4671208409810,0.2798584287042,0.0547862125773,0.0221800873080,0.2627581618859,0.5006677785280,0.1983679939307,0.3810813402264,0.0856168487587,0.3618839481757,0.5291924059054,0.4690634503173,0.1248847690477,0.0931869995691,-0.1021753735237,0.2074274037186,-0.2578915443330,-0.2263833520952,0.4048531055942,0.0476083378678,0.0868814223337,-0.2229090317006,0.2791634015170,-0.0979798544812,-0.1394501626765,0.4405537090824,0.5502603016474,0.2105739682916,-0.1773638357265,0.3067749005093,0.0965956434832,-0.1265827246784,-0.0579746122764,0.1970273299427,0.2388063928631,-0.1060661666781,-0.1765588889534,0.2049689631640,0.0660583593044
0.0518315172245,0.3837564381563,0.2012405136587,0.2806634220535,0.1168532946870,0.2574287764134,0.1597916310776,0.0916735770988,0.1022238406947,0.6911420314883,0.5547423324574,0.4496388220365,0.1588976387981,0.3691449929505,0.4337425704546,0.1920740247162,0.0830427646991,-0.0555628139156,0.2893666418815,-0.0098798741291,0.4420677833642,1.0000000000000,0.5816532392599,0.3801298753584,-0.3810630818100,0.0172241534300,0.2910008960786,0.2620660754794,0.4355586462341,0.3159895587735,0.2908439044816,0.1165288771331,0.1690177855275,0.2917666023833,0.3068334058649,0.3551577477005,0.4464354339931,-0.2723048650751,0.0697313681777,0.4117263312128,0.5214091777561,0.3690606891873,0.2297428972606,-0.2746445826625,-0.1736121766412,0.4133819803433,0.3908650136287,-0.0326698128990,0.2101792072151,0.3003705376642,0.3065178220872,0.3461060934719,0.1352416979580,0.1212890613163,0.1778401952761,0.0656070955070,-0.0421062475016,-0.3259518983081,-0.2040875124756,0.0264989027868,0.4470078719283,0.2142653091585,0.0617287140326,-0.3578076759988,0.3391344594501,0.2588202094405,0.0669142457606,-0.3455806492732,0.1352873786783,-0.2999507364611,-0.2666361366322,0.5339698109981,0.0831852013909,-0.0340707535595,-0.1826079334083,-0.1906629255825,0.1636271783195,0.0180502966727,0.3187423780224,-0.1301291778662,-0.2755192544302,-0.3015399859072,0.2581660294700,0.0436131730368,-0.2408113505995,-0.2008263702518,0.3409609955068,0.3092458785847,-0.1025167868151,-0.2835026271764,0.0168452845468,0.0728132418307,-0.0988800718461,0.1717759467456,-0.0384033851032,-0.0664967474426,0.1932548516065,0.1361485690934,0.2961041611579,0.0453211637843
-0.1382962012332,0.0834868663000,-0.1003815112285,0.2115004165120,0.0544104807643,0.1228850892964,0.0628782432211,0.3662889171543,0.2929199641026,0.4891982824062,0.7223060774850,0.6688335788882,0.2946284263200,0.1918765116350,0.3715167255039,0.4461872748228,0.3248537324267,0.2566628718510,0.5218730313167,0.3294036714816,0.6185778390119,0.5816532392599,1.0000000000000,0.6188895809886,-0.4684548877352,0.1754578203500,0.5484834034411,0.0585848456501,0.2826386048323,0.1311100044311,0.5329807371969,0.4747849552500,0.5076553640029,0.6159309650630,0.5043843752562,0.4580196799533,0.5100500491214,-0.3911468083712,0.2531501651708,0.6402676695607,0.3977925564006,0.3217468492820,0.5016544473748,-0.5263483185303,-0.1721964464833,0.3214828052477,0.5442519006966,0.1422922874787,0.1101803090732,0.3213304403406,0.1460958745397,0.0037820399958,0.1240985869064,-0.0207426012256,0.1335720766593,0.0186920975715,-0.0550532126996,-0.3361948600848,0.0068155847863,0.0930189227919,0.1494613302374,0.4256025313795,-0.1252361380582,-0.3222755438419,0.1051615869574,0.1947663668392,0.2135954975144,-0.2234891917406,0.1154027324456,-0.1115071803199,-0.0999290451498,0.4736321097884,0.3576948892989,-0.0018817020373,-0.2082410206036,-0.4019190125411,0.2900939127374,-0.3327562333091,0.1037622879679,0.0137109547845,-0.2612229835757,-0.2459823932222,-0.0053051225600,0.2120230646723,-0.3998402034134,-0.3387217306544,0.4263651373213,0.4219939991604,0.2094486645626,-0.3564845486441,0.1312784618116,0.3261509516241,-0.3530748564306,-0.0531181560577,-0.1688835876827,0.1571302843662,0.0297240036196,0.0768515073325,0.2000483213621,-0.0302789367092
-0.1830609677527,0.1128640865343,-0.1082351204552,0.2676437850061,0.0352336946650,0.1673486256179,0.2392119880414,0.5432196708318,0.5039426663521,0.4057689070961,0.6324877274030,0.6146278619432,0.3717618010184,0.1748236635573,0.4846252308418,0.5453338435354,0.4771403470868,0.3561065363315,0.6645539145507,0.4398584967445,0.5594910216212,0.3801298753584,0.6188895809886,1.0000000000000,-0.3512764746342,0.3346798896628,0.5321832019095,0.1779242598868,0.1379806690330,0.1501907869715,0.5860817929453,0.4817441261134,0.5472289472897,0.4718517545206,0.5721966537199,0.5428567008904,0.6462510265483,-0.1690048882300,0.5462488063799,0.5969487993081,0.3527330243613,0.3997998415001,0.5737026356258,-0.3025613812185,0.0176648904694,0.1330920568002,0.3778481925434,0.2422841699751,0.1919777599303,0.3909085319037,0.0083121896840,-0.0014051730623,0.2475091663300,0.0788805870248,0.2189097326698,0.1311336780775,0.1008515833790,-0.1057068478656,0.0947368138859,0.3493493475322,0.0228197143015,0.4211782668657,-0.0943967002984,-0.1872057655755,0.0664363485130,0.4236606071968,0.3467033339061,0.0420531683213,0.3417929558202,0.0699582454068,0.0304525621676,0.2297640473809,0.6848875660264,0.0564351161859,-0.1280774732984,-0.2741218505141,0.1480354420735,-0.2033308734658,0.0696657350023,0.1939454958497,-0.1724272948876,-0.1740403818693,-0.1721823801736,0.2948877761879,-0.2107376409153,-0.3244890913051,0.5457550387931,0.6044438987702,0.2686049403876,-0.2307283631385,0.4275156124564,0.3253317075279,-0.1087660667591,-0.1721503000381,-0.1369869905847,0.3281243739082,0.0757491502622,0.0444765609336,0.2593503387923,-0.0164188588494
