1.0000000000000,0.5098699831193,0.4025657675901,0.3386321804315,0.5267271125266,0.3317515993157,0.2489562850549,0.0446626258485,0.1098214388991,0.3171725341575,0.2001480441264,0.2436376809155,0.2386681178847,0.7704363077028,0.1241314930027,0.2095422616893,0.2140592516169,-0.1189489170907,0.1790561995087,0.0763189097010,0.2331845508662,0.1332505407232,0.1569332688063,0.3387260853874,-0.1099680240255,-0.2388981422303,0.1169956670560,-0.3290081461892,-0.0222120684247,0.2988411028622,0.2442203156654,0.0154153320804,0.2693681821494,-0.1283670896009,0.2360790210115,0.0935473197875,0.2808777909201,0.0929505726001,0.2054332713684,-0.2471246863600,0.0526237698677,0.2007350818387,0.2317890725351,-0.1571536041134,0.0907038663069,0.0600673306292,-0.0002189900386,0.1993583159476,0.4305393133970,0.0950133726002,0.4966533906284,0.5427965494342,0.3346766263155,0.4429956671343,0.4006146111793,0.4547990192010,0.1505580405111,-0.0284655904947,0.0250232240952,0.1871084216305,0.0183868314664,0.2638765874713,-0.1454839506536,-0.0321900286977,0.3358372989508,0.0753072159398,0.1637536734219,0.0386365676771,0.0481438212890,0.0927602184756,0.1517869140139,-0.1119769620307,0.2686346226392,-0.0895020721557,0.0704671773248,-0.3443822464217,-0.1989214591118,-0.3056669596607,-0.0726465322700,0.1544901682365,-0.3741012485003,0.0477734030625,-0.0488346684960,0.0592283759549,-0.2001143859489,-0.0900315647797,0.2061490960332,0.1833959902861,-0.0349663934787,-0.1028047101931,0.2502629706824,-0.3913379157860,-0.2005991870854,0.0189491258453,-0.3091934797027,0.2209155991184,0.3633487961692,0.0089601066675,0.0580663787945,-0.0615708116383
0.5098699831193,1.0000000000000,0.0245982424621,0.2391692726409,0.0064655918623,-0.1684779302289,-0.1936936378878,-0.1277077446949,-0.1755535937161,-0.0027651080324,-0.1570746835676,-0.1310371056317,-0.1188083903301,0.6094452955220,0.3423328871283,-0.0957329280628,0.0113394562935,-0.1965447610483,-0.2064638101314,-0.1279903084535,-0.0006340720854,-0.0349152519779,-0.1420618907330,-0.1575635837173,-0.0794929413199,0.0476137400097,-0.1645298597274,-0.0739208568829,0.0764852541614,0.4684946602258,-0.1319039189634,-0.0671042446248,-0.1418674647776,-0.0926889926083,0.1048655574622,-0.3005244246611,-0.1496725729849,-0.0649433744229,-0.1864361204614,-0.0761767752629,-0.1137953209439,-0.0508089839423,0.0115154449417,0.0398398121041,-0.1267703703273,-0.1394428232077,-0.1785003183820,-0.1367612723767,0.0775739324936,-0.0357505062319,-0.0091324462013,0.7299042828258,0.2474195798773,0.0575116503816,0.0187086498882,-0.0153715902186,-0.0911527844771,-0.1052662779069,-0.2081741661314,-0.1243702322520,-0.1250658016784,-0.1595789500602,-0.3408641578883,-0.1654409894533,0.4309992819105,-0.1754810976018,-0.2425188440369,-0.3185988298682,-0.3778446671518,-0.1612464474753,-0.1739416344468,-0.2336475495843,-0.2360069508929,0.0288141147998,-0.2441366762404,0.2000128654828,-0.2203659602034,-0.1286837409727,0.0098820150799,-0.2493477302469,-0.0529002529505,-0.2660819272507,0.1447410660460,-0.2933780231084,0.1013540455874,-0.0343675061417,-0.2075815718482,-0.2000633272325,-0.2365630282483,-0.0854311321294,-0.0838820742426,-0.0434936410659,0.0492941053735,-0.2296680698092,-0.2521316897020,-0.0992152717553,0.0621965356525,-0.0114124517481,-0.1187415255628,-0.0309270318990
0.4025657675901,0.0245982424621,1.0000000000000,0.2457241361529,0.3143035889510,0.7004852689337,0.6662053044139,0.2367260004120,0.3274865767954,0.4684569497253,0.2419999789322,0.5719605378839,0.6213872442211,0.3290260075196,0.1569857175066,0.5310756394090,0.2888514660558,0.1337263451974,0.4222151842177,0.2750178755029,0.1199974681755,0.4166189917006,0.4055691387121,0.4747356281030,0.0239787343961,-0.2281716244256,0.4547298054505,0.0169182437613,0.1187548941329,0.3064092788144,0.5039171557111,0.4486940168396,0.5422244329060,0.2295924310985,0.2330906947529,0.4229672529912,0.4635237727389,0.4606200889697,0.4706301303681,0.1680486458728,0.3149499540741,0.5178392763399,0.2606987091187,0.1158922733091,0.3872820206941,0.4974513988905,0.5866483606854,0.2371835326029,0.4480014428213,0.4139601585061,0.3973929146345,0.3731362333439,0.1412804512993,0.5914762170910,0.3757387734956,0.2841578267767,0.2404565174722,0.0499218530324,0.4485245696468,0.2683828003854,0.0772641170467,0.2427506016609,0.0554810951260,0.2066138074915,0.3482942122529,0.2803591127312,0.4175223526906,0.3833492247961,0.3058409338820,0.2683150349183,0.1644902690043,0.0871105829947,0.3657807524555,-0.2263359351997,0.1278441406484,-0.5950898038441,-0.1498781134244,0.0562255287514,0.0455149265478,0.1806011226826,-0.3241250896142,0.3165229163809,0.2071162405044,0.2784458726134,-0.2226377337353,0.0719484223255,0.3042658534133,0.4285637546756,0.0755988126649,-0.1324547068604,0.2284348821422,-0.1823755655302,0.0387279841613,0.3879531240149,0.0454806557596,0.2071101254585,0.4139460245543,0.0997648371671,0.2916727457480,-0.1247792779588
0.3386321804315,0.2391692726409,0.2457241361529,1.0000000000000,0.2218198435175,0.3703502262751,0.4774200245210,0.0702114164170,0.2237614884365,0.1597402340868,0.1368761508752,0.1237069704450,0.1918590764134,0.2707046537480,0.5233489274555,0.4380827972688,0.1928153804565,-0.1383909422375,0.3961232876914,-0.0045240393657,0.2672500277662,0.0244510045918,0.0186554922925,0.1653230099656,-0.1057818776142,-0.1125096915832,-0.0129856038577,-0.0980530984013,-0.1617145889085,-0.0033816437753,0.2770998112524,0.0858653642097,0.2649150223310,0.0602478255172,0.1128159844598,0.3278535008994,0.0079106475417,-0.0277968895181,0.0582339400811,-0.0579885915545,-0.1372037739508,0.0512659624253,0.4437224997142,-0.0181630473294,0.0453067591928,0.1659672601859,0.0302682123460,0.0647652179440,0.1826460056816,0.1998629771253,0.1083307192892,0.1976865598853,0.4636700645667,0.2444548292913,0.2569598264710,0.6118770359546,0.0028408401989,-0.1238383032623,0.0588172532008,0.1181221518558,-0.1265930248619,-0.0659604896058,-0.2611431151165,-0.1658206636698,0.0450237248506,0.2920258056106,0.3105066501740,-0.0515366769625,0.2612064736274,-0.1209725339283,-0.0533719385003,-0.2290849491484,0.0641306942468,-0.1598964952257,0.0725807615743,-0.2261186534402,-0.1808249916175,-0.0141550180206,-0.1488301044026,0.1146422431045,-0.1624996830173,0.0483509490442,-0.2619130464337,0.2726143783380,-0.2678268358735,0.0566773922616,-0.1167179289296,0.1913830715926,0.1242675383109,-0.0886876144683,0.0757340872345,-0.1613307347089,-0.0227363633123,0.1460374120891,-0.3167534187406,0.0155631358689,0.0959098355857,-0.1826124994258,-0.0925459650928,-0.0813115290500
0.5267271125266,0.0064655918623,0.3143035889510,0.2218198435175,1.0000000000000,0.5953701383689,0.3056319649181,0.2056794110182,0.2053285224420,0.3262513129250,0.3890113192780,0.3242475469305,0.3019640805254,0.3675973950193,-0.1141814831053,0.0322573953256,0.2169739075699,0.0942657313208,0.0289999916859,0.1038482043446,0.1057228831929,0.2241937366470,0.2276812758765,0.3004164691928,0.0139662285007,-0.1965031685267,0.1775029587552,-0.0994496453233,-0.0106698262215,-0.0920131013595,0.1019411563871,-0.0452995495988,0.2370206813911,-0.0868705910193,0.0337018949210,0.0032210875330,0.3423213515407,0.1566520103518,0.2579356250742,-0.1334550092163,0.0725975009571,0.2481114795065,-0.1060543275183,-0.0815887211438,0.0655305172043,0.0263212162457,0.0235992015869,0.4042613043910,0.4226949287827,0.0430255278521,0.7859039392172,0.1773384085538,0.4398620384948,0.5930910977244,0.6369088164562,0.4071142914656,0.1796764042626,0.2211122536687,0.2321894718383,0.3310026705315,0.1674216596585,0.4926202310622,0.0787256550060,0.1135089648844,0.2277625992965,-0.0033261732187,0.0784796287790,0.2043793248781,0.0649583555843,0.2321142486819,0.0855683605429,0.0916515529248,0.3817706025319,-0.0082023188718,-0.0704411849457,-0.2779991861397,-0.1168834271110,-0.0476393515118,-0.0405476502063,0.1378396902637,-0.2822097753477,0.0299632940033,-0.1693980542386,-0.1106787496021,-0.1407958940474,-0.1654537379535,0.3020904644120,0.1451746237753,-0.1335435149865,-0.0719735986291,0.3211934952952,-0.2403078381630,-0.1530794398755,0.1379509037422,-0.1301989568169,0.4173514665090,0.3369685536596,0.0720823305698,0.1227196006656,-0.0655836349578
0.3317515993157,-0.1684779302289,0.7004852689337,0.3703502262751,0.5953701383689,1.0000000000000,0.7518109831165,0.3454842121571,0.4585709968881,0.6109250869259,0.5307256765376,0.6084690989019,0.6140641058510,0.2286823555838,0.1690770278195,0.5143475126108,0.2992412124370,0.2298058499146,0.4686240958803,0.3340050232522,0.1381730107492,0.5201614941388,0.4156141943035,0.6077549090500,0.1080858148262,-0.2962952601058,0.4124323859905,-0.0687032201754,0.1567650171818,0.0813853022737,0.5307028757376,0.2831136802786,0.5629058629532,0.0672652518117,0.2760195472498,0.4487384101140,0.5738562343900,0.4174534229029,0.5934819923635,-0.0182667141456,0.3040032567000,0.5522428680476,0.1886796178352,0.0610438729938,0.3422733928294,0.4398994051535,0.3974301735762,0.5235454887531,0.5644635446469,0.4533837929296,0.5739186723031,0.0967530806503,0.3746562119854,0.7381528685758,0.7597768704790,0.4926357111057,0.3399237534786,0.2110664852834,0.5047256838033,0.4423316673451,0.2637361235612,0.4923014683289,0.1342808663767,0.2228715932200,0.2068600118935,0.3741968875941,0.4593374423494,0.4455955228686,0.3824622471949,0.3485957904408,0.2003868278293,0.1846043922532,0.5835461146620,-0.1181501317891,0.0852100371574,-0.6036598049066,-0.1317731810259,-0.0268651039131,0.0907803125253,0.3724375309618,-0.4266174122701,0.3750913256675,0.0403318875017,0.2634638645966,-0.2696308309755,-0.0869978553698,0.4168164649561,0.5312812677113,0.1316838102241,-0.0620622857245,0.4703208781749,-0.3030079427930,-0.0038476631371,0.4322486872111,-0.0206249148443,0.4797894977279,0.4461555491362,0.1750792846109,0.3504961676695,-0.0115367802913
0.2489562850549,-0.1936936378878,0.6662053044139,0.4774200245210,0.3056319649181,0.7518109831165,1.0000000000000,0.2092816434176,0.4709261365767,0.4138392200922,0.3731068708862,0.4291878195976,0.4947828075809,0.1245826499878,0.1389573307324,0.7671493266219,0.1067855339704,0.1169354074587,0.7335332527719,0.1687661484454,0.0737947105607,0.4037042663326,0.3168637590545,0.6188175222716,-0.0195712776638,-0.1359002257389,0.2712649930136,-0.0475040656048,0.2710073437235,0.1691784909597,0.6372257429518,0.3727949979270,0.4811249417253,0.2476817204350,0.3405136343698,0.7304085527688,0.4639632579063,0.3185834337094,0.6098923293836,0.0844199128733,0.3179891237457,0.3896680602886,0.3649492782266,0.2266292619229,0.3976146861902,0.4266975134813,0.4232939926376,0.2866297109101,0.4628789142886,0.4118418353760,0.3695066681604,0.0852372192650,0.1905541988783,0.4421472930906,0.5637290210622,0.6722237283006,0.2119905716562,0.0361326447266,0.4172199360042,0.3331191018667,0.0239303570205,0.2081035881833,-0.0651880112074,0.0744332448784,0.2334569969407,0.3670967398114,0.7127357065037,0.3220109452485,0.6106228008465,0.1223034065933,0.1549499050262,-0.0510683513370,0.5240201483219,-0.2762007993133,0.2495915851582,-0.5975259553479,-0.2323787473256,-0.0302094394254,0.2418211456480,0.3758774098456,-0.4383427771012,0.2441516393935,0.0361405304958,0.5495348409656,-0.3482226202349,0.0409186457991,0.3320658622636,0.6757892762563,0.3055130687079,-0.1160170672839,0.3939114558067,-0.2577311699953,0.1376137263852,0.4163727349561,-0.1692803027382,0.2642087061948,0.5089402732038,0.0900095996119,0.1570449014706,-0.1163137210083
0.0446626258485,-0.1277077446949,0.2367260004120,0.0702114164170,0.2056794110182,0.3454842121571,0.2092816434176,1.0000000000000,0.6938929538942,0.2953557983852,0.3162823538165,0.4003365759155,0.5052619362417,0.0191817752875,0.1440266398447,0.2830262618543,0.5208998943546,0.6435380339652,0.3227976628458,0.4776128659125,0.2954634576486,0.0730726870231,0.2719058533577,0.3087180422048,0.2076373007222,-0.1138179576606,0.3381035584899,0.0456115676421,-0.1564549038317,-0.0365030910777,0.3102627310649,0.2380195472171,0.5130781586432,-0.1167655212986,0.0495132576710,0.2143852775871,0.2128029230957,0.2872209995169,0.1999944150959,-0.0758260809114,-0.0657885551684,0.2354263532284,0.0795062903098,-0.1364261894210,0.1574043896053,0.0868553012708,0.1250959473366,0.0808425506779,0.0366183774750,0.2497398398673,0.1862641514138,-0.0789045611990,0.0433724841590,0.1541872861232,0.1449291617957,0.0494547619341,0.6365218701831,0.7026125493548,0.6072807701068,0.6294136773607,0.1812534122005,0.2969589026834,0.2155752756112,0.3854725939561,0.0271970997646,-0.0009704149764,0.1632611062506,0.6361645337854,0.2390692292004,0.4876519014268,0.2942905595186,0.0703908651916,0.3367497144312,0.2185526014287,0.2010908657630,-0.2968742370000,0.0945082136027,0.0834767783664,-0.1359884201979,0.2359978685874,-0.1320006762154,0.3597794590081,-0.1004883424978,-0.0014528459272,-0.0578220441892,-0.1442671269298,0.1086837917046,0.1448752851592,0.0170945218852,-0.0043205949776,0.0690366936476,-0.1786651672142,-0.1667878758317,0.0368040498856,-0.1172494066431,0.0616150899521,0.0533505164838,-0.0972993480351,0.0498389939271,-0.0368524417067
0.1098214388991,-0.1755535937161,0.3274865767954,0.2237614884365,0.2053285224420,0.4585709968881,0.4709261365767,0.6938929538942,1.0000000000000,0.3697077056687,0.3217554740151,0.3721320109300,0.4629364256777,0.0456356702876,0.1586888212568,0.5161308943510,0.3307634841931,0.5073323042695,0.6361665500991,0.5210707261587,0.2127552579276,0.1543355216335,0.2217993954896,0.5199389671361,0.2473899972493,-0.1143151017618,0.3696352440979,0.0404310479688,0.0081830137812,0.0599644693298,0.4490879646859,0.2802570763948,0.4908719198439,-0.0603017427247,0.1784199448283,0.5648093216697,0.3283129768368,0.3007869979685,0.3325889324688,-0.0524935103862,0.1271927744535,0.3198213998327,0.1624013835603,-0.0564596953833,0.2443543420598,0.1774836073501,0.1908437100930,0.0678389785588,0.1320758966673,0.3353411253596,0.1892058283357,-0.0722557093677,0.1073057886780,0.1798140826438,0.2376498263815,0.2823216480935,0.4900157712393,0.4970071755130,0.6663606525370,0.7762576117826,0.1917372814072,0.1855447999288,0.0905133161304,0.3076529517504,0.0872245566476,0.1385077494441,0.5022726224546,0.5520197234055,0.6120272841293,0.4339736131991,0.3109150081524,-0.0096494049211,0.5579716436188,0.1226789610060,0.3435774685977,-0.4361120885786,0.1675128811954,0.0238869979029,-0.0039547225239,0.4168645519360,-0.2654691827026,0.3456315748727,-0.0596123467620,0.2933679353681,-0.1782252443848,-0.1679414659198,0.2532714404617,0.3843084249185,0.1243655177027,0.0723388725580,0.1649064475459,-0.2793701339442,-0.1174978518697,0.1266938224974,-0.2434759765086,0.0722195815484,0.1882838425968,-0.0906219569823,0.1034401262029,-0.0611584815192
0.3171725341575,-0.0027651080324,0.4684569497253,0.1597402340868,0.3262513129250,0.6109250869259,0.4138392200922,0.2953557983852,0.3697077056687,1.0000000000000,0.3529529547630,0.7409207712301,0.5070917438723,0.4235315853765,0.2099512822651,0.4502787284815,0.3408348270006,0.2524065325022,0.4558229563290,0.2062515116240,0.3683589216708,0.6950438122096,0.4480067598619,0.5120121934744,0.0031944047102,-0.2844179699946,0.3227534909224,-0.0172827672149,0.2021360186666,0.2162871100688,0.4491394628886,0.2434903388514,0.4986563424469,0.1398891839598,0.1804243345145,0.3466332678213,0.4337814177471,0.1798299287382,0.2358446343544,0.1250342306036,0.4361237401767,0.6053697103687,0.1096174294303,-0.1397016928683,0.0911676474341,0.4684904052079,0.5064876890152,0.1109010531813,0.3327723559514,0.5003397995595,0.2731849747886,0.0795094446734,0.0605058802697,0.3904762947860,0.4344348317326,0.2013411891816,0.2518967009693,0.1310719295519,0.4064433058576,0.3720491073893,0.6083354485507,0.2639193142928,0.1891723766450,0.1751942249317,0.2166360096951,0.0944943477398,0.4016722926644,0.3546144091385,0.3757625728049,0.2677418305063,0.3972289270296,0.3625284987479,0.4750535112793,-0.1876972273135,0.1671103020078,-0.5327609426758,-0.1699397286708,-0.1107303440168,0.0537662720821,0.2969585635770,-0.2840107097748,0.2447833563196,0.0977825350896,0.0917258695965,-0.3336618542857,0.0209756934559,0.2723894551383,0.2751745489424,-0.1000143529014,-0.2125782379655,0.1089767619519,-0.1821477091965,-0.1836410390066,0.3706019229091,0.0337406834833,0.1552668512139,0.2337033446173,0.3321060797225,0.2865038351131,-0.1328793593156
0.2001480441264,-0.1570746835676,0.2419999789322,0.1368761508752,0.3890113192780,0.5307256765376,0.3731068708862,0.3162823538165,0.3217554740151,0.3529529547630,1.0000000000000,0.5446286299647,0.4574945094384,0.1491671627807,0.0742172517943,0.3693881028276,0.2071694607225,0.4248936701568,0.2929838553585,0.1140413746806,0.1883102559427,0.5066785678629,0.6092743226575,0.5579159457029,-0.0759387496625,-0.3650785812435,0.3738113344105,-0.2046522447551,0.2402414938760,0.0011564777083,0.3826196130009,0.0558996929671,0.4475538914845,-0.0672836075689,0.2491549685320,0.2067552620059,0.5544614327307,0.1270888140995,0.4273330707823,-0.1359579358289,0.2841686794004,0.2899786655958,0.1602248290355,-0.2196477755093,0.0818995959509,0.2627971148438,0.1532874788626,0.4719160700124,0.5413861525552,0.3547456221551,0.4433796447296,0.0669112360021,0.2484763164236,0.3110992136207,0.5459830133497,0.2897876745963,0.1883971738339,0.2284339888828,0.4111193028604,0.3614459062255,0.1889741291619,0.7073431340612,0.2589455376461,0.2642605223909,0.2484540595170,0.3815937706759,0.3176029691934,0.3872504687644,0.1406823842205,0.2871257182427,0.2372950883203,0.2960952842804,0.5816005720764,-0.0813152565560,0.0271710206705,-0.5282136444367,-0.1344783734364,-0.1968385267459,0.2399625171906,0.3916713315655,-0.4272882924215,0.1425883711226,0.1067052451603,0.2288070235198,-0.3448670809755,-0.1357045104320,0.5306089535212,0.3940297572221,0.2140581968444,-0.2196772103572,0.4568805912425,-0.3226996227211,-0.3229054971600,0.2338170065084,-0.1622508204040,0.5149456693071,0.4528280680516,0.1507165848360,0.1811933279525,0.2472778340093
0.2436376809155,-0.1310371056317,0.5719605378839,0.1237069704450,0.3242475469305,0.6084690989019,0.4291878195976,0.4003365759155,0.3721320109300,0.7409207712301,0.5446286299647,1.0000000000000,0.7698987949639,0.3687016638017,0.1740615913536,0.4049420368161,0.5699465666574,0.4779738436779,0.3500824282315,0.3423321270966,0.4831777498940,0.6631805579568,0.7557597588418,0.5597036109263,0.0485534986387,-0.2757603582733,0.5871388172137,0.0656085627536,0.1551240701177,0.2109931599012,0.5169690485973,0.4113446190011,0.7242680608870,0.0688953703786,0.1564393871208,0.2269252717725,0.4931980695541,0.3726518132739,0.3223645898017,0.0938855846063,0.2665757760754,0.5152336495254,0.1035646158458,-0.0952385020554,0.2026458501503,0.4101614064433,0.6314197681453,0.2689736372099,0.4075771344642,0.5037641404856,0.3122939163576,0.0493815935172,0.0522134941411,0.3354502808046,0.3663052368482,0.0996801628144,0.3514615337348,0.2636446821516,0.5990874193897,0.3760664485813,0.2505662538581,0.5113860267447,0.3622468567624,0.3529327828404,0.1311554321626,0.1805623339920,0.3253693249384,0.5933956712185,0.2348223764667,0.4771658093301,0.3997538401082,0.4321192299532,0.5258100888260,-0.1776949191166,0.1147410389399,-0.5990524056228,-0.1017303100572,0.0288733553303,0.0111046053892,0.3452761343458,-0.2464461168837,0.3840416583317,0.0374924018899,0.0761937820617,-0.2524656900474,-0.0869283823695,0.3398984976171,0.2877047935100,-0.0798273113297,-0.1532371418821,0.1651139843269,-0.2681191913594,-0.1904837619934,0.2779040188246,0.0730020055555,0.2693900935677,0.2339330587597,0.0661330757104,0.1950404739582,0.0137158059246
0.2386681178847,-0.1188083903301,0.6213872442211,0.1918590764134,0.3019640805254,0.6140641058510,0.4947828075809,0.5052619362417,0.4629364256777,0.5070917438723,0.4574945094384,0.7698987949639,1.0000000000000,0.2786519567399,0.2076775635272,0.4559204768886,0.5396266436486,0.4035150492894,0.3959207357205,0.4558404881458,0.3315188415646,0.3835043892445,0.4424945321867,0.5462079011627,0.1357067320539,-0.2719366860158,0.5395925837515,0.0178246100874,0.1120872750488,0.2079916409058,0.5039590240616,0.4129637907293,0.7989337744158,0.0804591126487,0.2504142466135,0.3467427259678,0.4289438348746,0.5416396111429,0.4749974725552,0.0582488744363,0.1771512939049,0.4233771456176,0.2507833963332,0.0473495416297,0.3842507101420,0.3014072122002,0.4866235601358,0.3837039288506,0.4670759087479,0.4248358280389,0.3316507930983,0.0088277027251,-0.0492518411136,0.3395799130260,0.3801738943216,0.1938280111709,0.4314009389855,0.2841491983015,0.5464030909536,0.4422011451804,-0.0204442287765,0.4333788283167,0.2049907226916,0.5525688885011,0.0823267093156,0.1979393893613,0.3193037829861,0.6036442470122,0.2769401116423,0.4523606586531,0.1688613678765,0.0546798980478,0.4729069099832,-0.1191154767750,0.0728781672053,-0.5837547592826,-0.0902359615312,0.0358941933678,0.0581596933062,0.2368938971983,-0.3769406361175,0.4362429961315,0.0383217744425,0.1649329991100,-0.1650093355567,-0.0994270516151,0.2628687804808,0.4298445059179,0.0212862166081,0.0310731964636,0.3019802652076,-0.2564425804990,0.0007337519708,0.2524542205110,-0.0996279758838,0.3317289858446,0.3014977113666,0.0502219404314,0.1368948602870,-0.0372548380671
0.7704363077028,0.6094452955220,0.3290260075196,0.2707046537480,0.3675973950193,0.2286823555838,0.1245826499878,0.0191817752875,0.0456356702876,0.4235315853765,0.1491671627807,0.3687016638017,0.2786519567399,1.0000000000000,0.2233965254560,0.2036221965005,0.3412780155123,-0.0032297536841,0.0901731532240,0.0813228186153,0.3441472574326,0.2907319455167,0.2377562091638,0.2659895863721,-0.0804375324543,-0.1046348537401,0.1847874994697,-0.1140718946792,0.1695542188931,0.5666161881370,0.3158923975805,0.1670723276940,0.2929479123598,-0.0832284613064,0.2301884364224,-0.0556463878839,0.2182774841766,0.1502846412607,0.0640956677563,-0.1219868165619,0.1081622200483,0.2490358904727,0.1921299534807,-0.0723896258187,0.0881586553164,0.0766154518502,0.1625680518125,0.1054359198810,0.4291169671964,0.1754866322063,0.3314214866316,0.4887977039310,0.1824251897578,0.2741233994912,0.2871729213730,0.1952449800518,0.0273587144811,-0.0789068706875,0.0617379865302,0.1172943382184,0.0234747937338,0.1759838386030,-0.1451227672416,-0.0877472122639,0.3887378277882,-0.0437164679948,0.0945530010282,0.0300924079023,-0.0602573437459,0.0853339152273,0.1720976565746,-0.0195807553614,0.1602419673105,-0.1273708824779,-0.0305156381116,-0.2139943360668,-0.1967096728078,-0.1696932743111,0.0279974037605,0.0813850384904,-0.2405103741859,-0.0411247430831,0.0959328639536,-0.0602927382825,-0.0966128819992,-0.1103425149693,0.0944888671812,0.0585617362112,-0.2010124209785,-0.1392577240506,0.0845706801473,-0.3273368788597,-0.1465990294396,-0.0209934195177,-0.2242956066928,0.1058901097950,0.3311052146019,0.0777575046227,-0.0174591043808,-0.0810854325290
0.1241314930027,0.3423328871283,0.1569857175066,0.5233489274555,-0.1141814831053,0.1690770278195,0.1389573307324,0.1440266398447,0.1586888212568,0.2099512822651,0.0742172517943,0.1740615913536,0.2076775635272,0.2233965254560,1.0000000000000,0.3042869330775,0.2030461898817,0.0093674417642,0.2282455821700,0.0231944768904,0.2802678788985,0.1068819330574,-0.0069551481648,-0.0163125209996,-0.0457356198161,-0.0017415662266,0.0661718539827,-0.0165162682344,-0.0074969429968,0.3022369549047,0.1625418755270,0.0739931782065,0.1924395203103,-0.0846048009739,0.3676467891711,0.2279127115538,-0.0141941692658,0.0000561195331,0.1810577846856,0.0076431247431,0.0725135470762,0.2557558165475,0.5256132292668,-0.0083282553736,0.0659179969014,0.0486761720410,0.0681329260464,0.0759038894792,0.1623947921152,0.5893351169008,-0.2614729189808,0.1876075980363,0.1685495854685,0.0190227772367,0.0382712525493,0.0852767174031,0.0569260106739,0.0624701012871,0.0537465278167,0.0898754459081,-0.1081985576881,-0.1177401445877,-0.1730203945747,-0.0421004993569,0.0042167376348,0.3843224318776,0.0992411413440,-0.0312636243186,0.0621355221942,-0.0559641459106,-0.0407699452281,-0.1436027898034,-0.1494845524003,-0.0552506852184,-0.0261074366060,-0.0936011596764,-0.1002130548765,-0.0891590037650,-0.0319332685468,-0.0757815694856,-0.1401808588507,0.0576211596022,0.1444085817641,0.1045142166464,-0.0342336637760,-0.0286129559530,-0.1334095917822,0.2089193688916,0.2718327475139,-0.0207467897246,0.1399372189568,-0.1128984912707,0.0264626525632,0.1058445806465,-0.2657273711475,-0.0225066952132,0.0036377686353,-0.0593874302995,0.2063558071607,0.2833611154078
0.2095422616893,-0.0957329280628,0.5310756394090,0.4380827972688,0.0322573953256,0.5143475126108,0.7671493266219,0.2830262618543,0.5161308943510,0.4502787284815,0.3693881028276,0.4049420368161,0.4559204768886,0.2036221965005,0.3042869330775,1.0000000000000,0.1821213309064,0.2700067709679,0.8696627660565,0.0997778975040,0.2139982363998,0.3991721878541,0.3288511768874,0.6430866947972,-0.1530244547424,-0.2986242350631,0.2238941362734,-0.1467756603485,0.2451942044759,0.2395276965977,0.7869267656261,0.3583147799162,0.5512415688200,0.2472451504600,0.4656228812454,0.7942835948440,0.4016278623371,0.1625103916305,0.4336753339638,0.0448965016054,0.3313591953761,0.3244032070402,0.5673328913447,-0.0384857183445,0.1810210112973,0.4821359045791,0.4155470909731,0.0999193608365,0.3468651364328,0.4540659881317,0.1106540289922,0.0884254588141,-0.0135445664555,0.2192779337167,0.2933291984679,0.4703587365030,0.1653614992389,-0.0392831894739,0.4685264641602,0.3553005388690,0.0972829337417,0.0585320348898,-0.1398108095913,0.0113582837077,0.2746335781711,0.4105124514612,0.8573322763326,0.3374377207179,0.6894684648393,0.0412069070655,0.2723549002942,-0.0566611060817,0.4889708337411,-0.3235096981925,0.4028709924016,-0.6630473273705,-0.2527161690616,-0.1761314383736,0.2547478290228,0.4768513286262,-0.4626426850440,0.1890405974122,0.1378520342989,0.7006501592684,-0.4868687518433,0.0728292914265,0.2910600984208,0.6593630051421,0.3532144328138,-0.2647348496945,0.2223783652271,-0.2900382109850,-0.1060718912350,0.3472222452721,-0.2734215877426,0.0809273450990,0.4243666723983,0.0891480021875,0.0993413669115,-0.1078653768784
0.2140592516169,0.0113394562935,0.2888514660558,0.1928153804565,0.2169739075699,0.2992412124370,0.1067855339704,0.5208998943546,0.3307634841931,0.3408348270006,0.2071694607225,0.5699465666574,0.5396266436486,0.3412780155123,0.2030461898817,0.1821213309064,1.0000000000000,0.4958141056274,0.1513477660589,0.4828251532230,0.7426902620574,0.1193322712931,0.5085744052522,0.3174696597613,0.1969650271579,-0.0461884034389,0.5402224445642,0.0779146695916,-0.2411092393341,0.0544085046249,0.4456844977507,0.4863255160752,0.7533233892259,-0.2258372396244,-0.0349337702314,0.0113776341939,0.2065182463329,0.3923072379561,0.0230837685280,-0.2093400468654,-0.3134465650472,0.1687993928697,0.1460044744586,-0.1127550602698,0.2869798442750,0.1118696052691,0.2346034010779,0.0143851782275,0.0250853679719,0.2200886864133,0.1721120284348,-0.0265035349615,0.0788191035694,0.1734660068547,0.0175889099523,0.0036349451626,0.4989924856115,0.3453168816551,0.4095314002453,0.3494802200529,0.0769306635766,0.3129369529254,0.0884408473147,0.1569633018410,-0.0394063703757,-0.0590143052213,0.1009058079343,0.5979161099320,0.0587373980885,0.4865270644773,0.4039821998141,0.1958350482611,0.2770917806529,0.1665326184862,0.2711969378017,-0.2508551111842,0.2494198505324,0.1479579936110,-0.2926594452312,0.3107641759970,0.0656571109245,0.4887619898109,-0.1884055017268,-0.0565403958921,0.1070075939364,-0.2621310141712,0.1093946327399,0.0126998666194,-0.1396057607963,0.1207484030691,-0.0904301430406,-0.3318926470398,-0.1676124761909,-0.0332282825324,-0.0174192208620,-0.0710089289682,-0.0448097573667,-0.1925370018487,-0.0745075454357,0.0231951279090
-0.1189489170907,-0.1965447610483,0.1337263451974,-0.1383909422375,0.0942657313208,0.2298058499146,0.1169354074587,0.6435380339652,0.5073323042695,0.2524065325022,0.4248936701568,0.4779738436779,0.4035150492894,-0.0032297536841,0.0093674417642,0.2700067709679,0.4958141056274,1.0000000000000,0.2236860379745,0.3118391178871,0.3182091958276,0.2448871037880,0.5576825619340,0.4240585886671,0.1505146755967,0.0082467840017,0.4300985957674,0.1957716488822,0.0947075365531,0.0426123746568,0.4007597135985,0.3320967674673,0.4794042741829,-0.1396941597827,0.0265688976360,0.1023122381018,0.2720734617029,0.2145823567118,0.1698251190762,-0.0475301806138,0.0740759317324,0.2834586664864,-0.1145867387169,-0.1370793342130,-0.0085212470540,0.1622352819219,0.2652080498862,0.0360519398921,-0.0012968424725,0.2824257846708,0.0703190058081,-0.1716320159791,-0.1248648793259,-0.0321919981564,-0.0204595590989,-0.1396724350907,0.4168289030029,0.5029689863993,0.6592402344060,0.4139386633239,0.1991734621058,0.3359141077430,0.3787362979441,0.3505023477410,0.0394857675791,-0.0252922663296,0.2308916743324,0.7055112590548,0.2059296130466,0.4300169650250,0.4601645959357,0.3103226845227,0.4637290909966,0.0528451900451,0.1986625504632,-0.2171001740156,0.1863609133699,0.1295258267209,0.0567403023083,0.4391631021478,-0.0349867917282,0.3071764879475,0.0751980383591,0.0244705404514,-0.0976996457864,-0.2893331804827,0.2247541358236,0.0991537035575,-0.0166026704080,-0.0752367104852,0.0025339019913,-0.1879162087467,-0.2022980470296,0.0049103982267,-0.0014374671622,-0.0492138627192,-0.0052924883431,-0.0394795845696,0.0418002653625,0.0553340880671
0.1790561995087,-0.2064638101314,0.4222151842177,0.3961232876914,0.0289999916859,0.4686240958803,0.7335332527719,0.3227976628458,0.6361665500991,0.4558229563290,0.2929838553585,0.3500824282315,0.3959207357205,0.0901731532240,0.2282455821700,0.8696627660565,0.1513477660589,0.2236860379745,1.0000000000000,0.1956573636217,0.2133559342966,0.3424251246177,0.2454765179297,0.6563958898389,-0.0324649836295,-0.2010519142029,0.1812032521675,-0.1178331849665,0.1947645721091,0.1343274532032,0.6741792872027,0.2735683068650,0.5177996692369,0.1551308946473,0.3216157062855,0.8943007218762,0.3381552003360,0.1364500860700,0.3978161976996,-0.0156274487349,0.2785789756064,0.2739431268074,0.4848232881591,0.0033313160265,0.2573483339326,0.4040685341262,0.3165282337019,0.0051297521836,0.2489606749578,0.3847951424453,0.0731609201040,-0.0437457547766,-0.0413808035457,0.1546809092108,0.2587408445660,0.5300913917385,0.2521568204547,0.0257267363003,0.4208806953693,0.4303900336827,0.1560508308626,-0.0128386126809,-0.1203352293517,0.0160699443706,0.1808245570498,0.2950813853349,0.8528096547973,0.3485597124372,0.8670681556960,0.1022059975525,0.3024172877654,-0.0793964250100,0.5397018247009,-0.2158860612630,0.4742646076970,-0.6382619642426,-0.1728815970127,-0.1584413513724,0.2055041636521,0.5161034631269,-0.4525191853701,0.2228984492612,0.0325413279152,0.6710700615651,-0.4773824116622,-0.0007522405437,0.2290005417172,0.6079272322175,0.3297504671789,-0.1193728948961,0.1859382959907,-0.3357551490206,-0.0675389031702,0.3311953550420,-0.3332989656514,-0.0174016671819,0.3748147970737,0.0758321888495,0.0216231182581,-0.2006774859045
0.0763189097010,-0.1279903084535,0.2750178755029,-0.0045240393657,0.1038482043446,0.3340050232522,0.1687661484454,0.4776128659125,0.5210707261587,0.2062515116240,0.1140413746806,0.3423321270966,0.4558404881458,0.0813228186153,0.0231944768904,0.0997778975040,0.4828251532230,0.3118391178871,0.1956573636217,1.0000000000000,0.1938428381361,0.0587158168177,0.1776394128726,0.4021345772022,0.7335469460700,0.0170538572419,0.6574214913095,-0.0095016177034,-0.2096522442996,0.0303069130406,0.2944515377229,0.4582791990724,0.4955509728759,-0.0800319108308,-0.0065166277610,0.1247858954575,0.3442965263136,0.7738764999298,0.1961468882546,-0.0763869989525,-0.1686712898377,0.1758186064337,-0.0378820885318,0.2774016513924,0.5281896537200,0.0757356804845,0.1838446880313,0.2073640075719,0.0881697891389,0.0970185677461,0.1438100797959,-0.0586899286678,0.0447005591545,0.2835055139381,0.1577899013968,-0.0728413496262,0.5759665246766,0.5043551472152,0.4849301381758,0.5034991267246,-0.0073694654063,0.2693520591171,0.0948574458800,0.2940322009461,-0.1296415520442,-0.0601904654960,0.0550720849517,0.5228772775784,0.1462730111411,0.8180488904946,0.0841946605328,0.0818928957686,0.4097633621627,0.5561192611821,0.0781984677838,-0.1837643857246,0.4162085976576,0.0583494139918,-0.3079452836424,0.3036172079724,0.0544377438579,0.5354765541274,-0.1855765698252,-0.1203499612762,0.2581755966009,-0.1516733001143,0.2564257700965,0.0856227732764,-0.2272767038771,0.5107745800932,0.0749592844369,-0.1774952430555,0.1806175678083,-0.0156375157333,0.0875476989343,0.1785173778239,-0.0331006608333,-0.1899837683023,-0.0300836935400,-0.0886281742880
0.2331845508662,-0.0006340720854,0.1199974681755,0.2672500277662,0.1057228831929,0.1381730107492,0.0737947105607,0.2954634576486,0.2127552579276,0.3683589216708,0.1883102559427,0.4831777498940,0.3315188415646,0.3441472574326,0.2802678788985,0.2139982363998,0.7426902620574,0.3182091958276,0.2133559342966,0.1938428381361,1.0000000000000,0.1615113187564,0.4755124525623,0.2511396668443,-0.0043503659046,-0.0722044710553,0.3156400539954,-0.0455053626030,-0.1704290661784,0.0590492509847,0.3731546897249,0.2503778641025,0.5241135709031,-0.2489069464045,-0.0030344370194,0.0991972203255,0.1420108529207,0.0448258112342,-0.0625876510799,-0.2653481293862,-0.1637725736587,0.2158287813979,0.2922302204685,-0.3052558220028,0.1868857718422,0.1563901936325,0.1359433467474,-0.1276704776372,-0.0286765101104,0.4096501603463,0.0599976506266,-0.0421001620768,-0.0326951455940,0.0180816413886,-0.0887232461361,0.1070791144578,0.2098536958775,0.0951197094272,0.1937145245911,0.2403651143141,0.1107462458825,0.1534582701340,0.0626257141387,-0.0458030751143,-0.1150119489209,-0.0268488494612,0.1721654038654,0.2736512449167,0.1067946885437,0.1932650186762,0.5188672627203,0.2423236342604,0.1769404762320,0.0126223968388,0.3296189811301,-0.2738319421803,0.1276754867412,-0.0374603313493,-0.1713473309250,0.2264466846066,0.0247493819342,0.2884936147517,-0.1566101434545,0.0391402405362,-0.0303587471344,-0.2211115118081,0.0790154077811,0.0682635539150,-0.0028586306146,-0.0830436507689,-0.1264127506939,-0.3775530307986,-0.3660008681808,0.0307631593367,-0.0992972357891,-0.1809556135493,-0.0528255949701,-0.1370781350408,0.0220797690075,0.1922401638924
0.1332505407232,-0.0349152519779,0.4166189917006,0.0244510045918,0.2241937366470,0.5201614941388,0.4037042663326,0.0730726870231,0.1543355216335,0.6950438122096,0.5066785678629,0.6631805579568,0.3835043892445,0.2907319455167,0.1068819330574,0.3991721878541,0.1193322712931,0.2448871037880,0.3424251246177,0.0587158168177,0.1615113187564,1.0000000000000,0.5756148836657,0.4992590523363,-0.0508054228779,-0.2573910519506,0.2969261786897,0.0123893209421,0.5374867940558,0.3370838471227,0.3925049678090,0.1695862373001,0.3205925859305,0.2359300403216,0.1105208791062,0.2173155061725,0.4861339856120,0.1865318555364,0.2644453793120,0.1974337056988,0.5870173956261,0.4711701026028,-0.0088187430024,0.0613034153038,0.0516835548981,0.5470200436920,0.5515989886883,0.1569080971715,0.5352381776819,0.4584979942213,0.2675338512121,0.1617880082798,0.0479144668056,0.2528466431400,0.4517540449209,0.0848387470626,-0.0087190103128,0.0243444743181,0.3603934973036,0.1643925453740,0.3801174032848,0.4120385430576,0.1850335000161,0.0091813190436,0.4315583046815,0.1492113929910,0.3218265297764,0.2034640162349,0.2221850617428,0.1996688636878,0.2210439504578,0.5511246250816,0.4119219256673,-0.2640579482355,-0.0683101499385,-0.4631578189720,-0.3587941924185,-0.1078225138221,0.3978627078146,0.1964515384567,-0.3294626497161,-0.0004847237164,0.3190502108637,0.0613992744250,-0.3496783890233,0.0615382840840,0.3484818923850,0.2719690821293,-0.0547063258562,-0.2853603908074,0.1596486394272,-0.1235179272509,-0.0536307305692,0.4237759939494,0.0989301995100,0.2196220078069,0.4726307616669,0.4657258200716,0.2134915686984,-0.0473517588620
0.1569332688063,-0.1420618907330,0.4055691387121,0.0186554922925,0.2276812758765,0.4156141943035,0.3168637590545,0.2719058533577,0.2217993954896,0.4480067598619,0.6092743226575,0.7557597588418,0.4424945321867,0.2377562091638,-0.0069551481648,0.3288511768874,0.5085744052522,0.5576825619340,0.2454765179297,0.1776394128726,0.4755124525623,0.5756148836657,1.0000000000000,0.4984075399365,-0.0462980212630,-0.1099401218081,0.5514715989992,0.0065335210244,0.1383056928801,0.0984119686159,0.4704312954227,0.4588294958606,0.6120329224009,0.0305091658294,0.0203008571977,0.0973991877198,0.4079255410512,0.1694734748117,0.1705885366336,0.0527754754756,0.2043280130912,0.3677918040022,-0.0029463882306,-0.1740768594634,0.0545970481245,0.4455645341043,0.5719021780540,0.1278491570373,0.2030854181200,0.3784446383010,0.2014879425042,0.0412142790452,0.0754662478189,0.1275114887560,0.1823668859430,0.0196825872828,0.2466874754106,0.1894151322060,0.5061268657666,0.2215708797728,0.2648880465735,0.5087900366487,0.3797958338546,0.1712549010951,0.2099006008173,0.1584453612754,0.2785238780901,0.5305647796687,0.1078026037996,0.3826920790190,0.5150322442766,0.5718984947026,0.4832487724580,-0.1858149695090,0.2017913873611,-0.4476991753414,0.0110279381806,-0.0351938357280,0.0225113844356,0.4252741737663,-0.0488112342991,0.2870810148355,0.0906442643900,0.0905032854564,-0.3059197479551,-0.0836778411209,0.3465933425310,0.1124395618389,0.0074480430664,-0.2908765417416,0.0263729639826,-0.2315540450187,-0.3037707182989,0.1530066830915,0.1541597105127,0.0819885041031,0.1704141141675,0.0223658253518,0.1161170942896,0.0912909347850
0.3387260853874,-0.1575635837173,0.4747356281030,0.1653230099656,0.3004164691928,0.6077549090500,0.6188175222716,0.3087180422048,0.5199389671361,0.5120121934744,0.5579159457029,0.5597036109263,0.5462079011627,0.2659895863721,-0.0163125209996,0.6430866947972,0.3174696597613,0.4240585886671,0.6563958898389,0.4021345772022,0.2511396668443,0.4992590523363,0.4984075399365,1.0000000000000,0.0914325180171,-0.3006840130700,0.5291619528479,-0.1777973788740,0.2202469017175,0.1061505760334,0.6966201326966,0.2873329519915,0.6141286341559,0.0969537699173,0.3313335500729,0.5642651583496,0.7450350379314,0.4176250169348,0.5661793703516,-0.0777263420634,0.2499754430869,0.3485620959869,0.1806930312909,0.0146359624066,0.2678673421148,0.4080544967320,0.3383225384676,0.3041418091769,0.4550296151625,0.3313173545727,0.4500956193787,0.0912153896307,0.0712246532348,0.4100129735213,0.5010191822841,0.4322890080646,0.3794089554832,0.1395050179670,0.5882402109884,0.5110091359348,0.2288875435170,0.4617275743488,0.0986294306779,0.2214279611316,0.2650240428713,0.2287332456123,0.6544139789181,0.5633073477902,0.5227598970310,0.4607658909907,0.3530278906739,0.2085720145580,0.9040088897330,-0.0791516404169,0.2520153965608,-0.6657730302461,-0.0962436233418,-0.1378595033155,0.1719434542981,0.6743809937109,-0.4706047550849,0.3378879575604,0.0360109576503,0.3737223283634,-0.3764687725445,-0.0704168841173,0.6495103776498,0.6119388023421,0.1306316779369,-0.0744372286096,0.4289202806268,-0.3633261931222,-0.1326547655734,0.3186693856382,-0.1793141901658,0.3111470275036,0.4623367641892,0.1569182917946,0.1231993647859,-0.0654838232558
