1.0000000000000,0.3657212469016,0.5262522120675,0.6756522454511,0.7892729331044,0.6397301395837,0.5903887930294,0.2949777299949,0.4341217158876,0.4864761991060,0.4424954540008,0.5311717320879,0.4606510787063,0.3982250416791,0.5261192128692,0.5261671447778,0.4853319874034,0.3899429462252,0.4002270088228,0.1739234287336,0.2042436266290,0.4194158715099,0.3499741604229,0.2456913590982,-0.1606568923093,-0.0726618044922,0.1525957654067,-0.1094416972736,-0.0791278025266,-0.3295249051472,0.2445540980883,0.0425552507978,0.2712485384372,0.0635260744088,0.2656244994929,0.2907735659663,0.0616885952015,-0.1852792139343,0.0611002949209,0.0082461938749,0.3001177544076,0.4499089191646,0.0539927818333,-0.4223718267913,-0.2731193138915,0.0652566380048,-0.1160412608374,0.4365471673421,0.1976386286828,0.4792456032593,0.7678514560519,0.5042958428486,0.6039508707661,0.6031724131989,0.6382828124961,0.5985365232447,0.3144464225228,0.1683084728967,0.4696094684738,0.2804002612415,0.3346814459507,0.4906601103908,0.2424956150857,0.1970706038711,0.4898084327015,0.2650066282891,0.4736557737057,0.3974342683824,0.2123522824917,0.3260501034200,0.1494084343948,0.1820153917304,0.3752053229026,0.0611730669801,-0.1469536060735,-0.3541925890547,0.0728081426140,0.0569522000376,-0.2021730632704,0.4142060765537,-0.0008647226042,0.0924817537459,-0.3185600795186,-0.1217139027757,-0.3153431541245,-0.0355970440768,0.0732080798774,0.3151889615144,-0.1494282154463,-0.2160364260361,0.0234019889494,-0.0688513673800,-0.5041191710662,-0.0995665232718,-0.1740640167194,0.4054051415728,0.1276921430214,0.4631544148281,0.3944563220117,0.1968390046031
0.3657212469016,1.0000000000000,0.4657236090513,0.3804353852160,0.4368662386857,0.2388500715689,0.2681353266634,0.2942450234710,0.2032021416226,0.3135523178614,-0.0720712146204,0.1669330443442,0.1177526625959,0.5475596025310,0.5234038609284,0.1495520352480,0.0291006616495,0.0828297913440,0.0601170716386,0.0107434110214,-0.1488896842876,0.3307587170854,0.0328200590181,-0.0628170047396,-0.0044414391329,0.0275190464860,-0.1484258002411,0.2386032281073,0.2562979891805,0.3862950892792,-0.1118744664894,-0.2329601063167,-0.1813104455166,0.0256420410641,-0.0330959467863,0.0267482650145,-0.2747515995523,0.1256824921163,-0.2109841080885,-0.0936107865080,0.4896391384534,0.3610039403964,-0.2694726701263,0.0810647269991,0.0860035396774,0.2427901537705,-0.2084798980211,-0.0669296439986,0.3403392773184,0.1933848279221,0.4821292777824,0.7655544466604,0.4120849311696,0.3035392222046,0.1137398008115,0.2842041300166,0.1605629685296,0.2923698699274,0.2787934498589,0.2382945611530,0.0543076452835,0.0134562166822,-0.0708790415086,-0.0255737549745,0.4931999714218,-0.0797850901981,0.1454290316352,0.0739214632400,0.1095847685207,-0.0163215865290,-0.1083472345367,-0.1031221057679,-0.0360222207907,0.1710126977602,-0.1975475799519,-0.0853206600436,-0.1645797619289,0.3156919011430,0.2487458748207,-0.0150148635743,-0.1586329139927,-0.1314910336611,0.2144595709283,-0.4077245496175,-0.0057202246917,-0.0083444826200,-0.2576788448516,-0.0066605583958,-0.3767378442918,0.0939382318567,-0.1629189058071,-0.1356155993887,0.0350395724339,0.0884519792778,-0.1951671939548,-0.0031188958478,0.2756838023456,0.2482735741760,0.2386034133494,-0.0991443725270
0.5262522120675,0.4657236090513,1.0000000000000,0.5829531948398,0.5515522527737,0.7146817003969,0.6015628869051,0.2457734201415,0.2164337716504,0.2905900375034,0.1805515972755,0.2368802533232,0.1526235730535,0.4527761111479,0.4541585914302,0.4243251436790,0.1979546329449,0.3223828116590,0.2791138187025,0.1262518967986,-0.0807492048616,0.2131242320864,0.1506244641232,0.0412837883507,-0.1269925573865,-0.1541770572612,0.0709819838057,0.1593217128690,-0.0687376271635,0.0304557771638,0.2166428658547,0.0349031577410,0.0990998703047,0.0639356396574,0.2548401640449,0.2173871232091,-0.0062369999437,0.0006207119082,0.1874924286255,0.0695270952020,0.3360955894903,0.3813934633608,0.0580550141158,-0.1569941617330,-0.0748341021557,0.2471844657580,-0.0815797197508,0.3947348757018,0.2478585628453,0.2050089955716,0.5559155308598,0.6409413339436,0.4592600242384,0.7840109074786,0.4315794552387,0.5940109718401,0.0782397252966,0.0900278165079,0.3120520531960,0.1113230208115,0.0068797320389,0.1666203537892,-0.0766944745742,-0.0597682170464,0.3842825315210,0.0798674152387,0.3888347823057,0.1973842209371,0.0826535789380,0.1179676134322,-0.0946787487523,-0.0834071714351,0.1529417437347,-0.0257004122185,-0.3022623183585,-0.3230851380308,0.0572916756376,0.2839118186716,-0.0572048820947,0.2348101223066,-0.0759362527011,-0.1085565375150,-0.1043420566936,-0.1700038798624,-0.1638811993050,-0.0765844803864,0.0430312754177,0.3219622208866,-0.2428309332051,-0.0729654542312,0.1439147482973,0.0482094900536,-0.2516471233079,0.0243703927914,-0.3019228766581,0.3371767672743,0.1164785798184,0.1181888639035,0.1730420239742,-0.1070728697347
0.6756522454511,0.3804353852160,0.5829531948398,1.0000000000000,0.7037198029966,0.7058406570762,0.8788948415784,0.3769995871971,0.4794643333931,0.5868519095143,0.4171530942282,0.4887694982241,0.5831369264660,0.3398175061692,0.6985052074983,0.7450282848464,0.5764767064842,0.4634433378262,0.4722282484106,0.2212737299326,0.1220157974531,0.3217923809046,0.2013902855571,0.1813500351839,-0.1205755340082,-0.0871323877686,0.0548443306263,-0.0853750509929,-0.1780589023360,-0.2984952513901,0.3104739313128,0.0100389049821,0.2903548026110,0.0088254067805,0.2512081529487,0.3916384451176,-0.0404452407517,-0.1312401770768,0.0808775805474,-0.0145047395199,0.3389256520171,0.5252386438273,0.0389410961692,-0.3417547951480,-0.2849242088332,0.0005463419196,-0.1343669543045,0.4294552452697,0.1247018262361,0.5002741837633,0.6804124592066,0.5246544896068,0.8712369818778,0.7144910301612,0.6443202334753,0.8415356925437,0.3819209786103,0.3281131371450,0.6050568739622,0.4220987643972,0.2515358078721,0.4612180713243,0.2210199639232,0.2940848529224,0.5557835582925,0.3357517853570,0.7055061981204,0.5796649526678,0.3557688126865,0.4336427434080,0.1047634589716,0.0039239792706,0.3835309872038,0.0829718935328,-0.2483701226985,-0.4008479909478,-0.0548652337259,0.0490406412568,-0.2149599374433,0.5240783677298,-0.0629176121307,0.1063277323042,-0.3910900353495,-0.1624065237266,-0.3317557562274,-0.1517544028474,0.0072269474890,0.3648847857010,-0.2478772431435,-0.1855183500062,0.0028443931425,-0.0478694787949,-0.4420232811221,-0.2493385814502,-0.2625787431911,0.4454740974957,0.0547839045424,0.2998303523895,0.2933719326398,0.1494847678930
0.7892729331044,0.4368662386857,0.5515522527737,0.7037198029966,1.0000000000000,0.8305626871474,0.6608615799592,0.3030019062661,0.4339408194556,0.5320963218936,0.4368506983885,0.4479207453140,0.4481014852401,0.5839537395125,0.7418504370312,0.4933632824295,0.4841550503930,0.4966012049657,0.3151596529766,0.0456974361930,0.0699287166391,0.4296899396671,0.2298643922497,0.2139105381938,-0.2192854066186,-0.2461835782609,0.0155239872259,-0.0343856989373,0.0090268653330,-0.1486859494109,0.2390507766393,-0.1358853483276,0.2373976378791,-0.0864211054523,0.1940676464470,0.2195426775810,-0.0002545516054,-0.2497257536125,-0.0013472263009,-0.1136863066848,0.4215117379484,0.5342378892891,-0.1053310991300,-0.4635098260555,-0.3630768674186,0.0089818139509,-0.2326307954261,0.4649864794110,0.4458899156771,0.4004077333920,0.8441339998797,0.5420096541590,0.6807033583140,0.7317911741584,0.7152949369824,0.6321099973559,0.2558966934686,0.2311347475660,0.4924304838083,0.2672264865809,0.3061541347733,0.4498522936938,0.0500400868450,0.1765025118478,0.6548512908192,0.1966895383644,0.4112057853068,0.4700735405956,0.1251712559333,0.2291257664837,-0.0263712581918,0.0478957532192,0.3048535896659,-0.0629341162951,-0.2912277902954,-0.4635190032761,-0.0647273932689,0.1463114451781,-0.0959089318996,0.3788397399060,-0.2231648457784,-0.0991354240624,-0.3581359499476,-0.2605540971852,-0.4601404464036,-0.2424422317578,0.0038864478669,0.2382416687439,-0.3444121272973,-0.3197618051932,0.0146821470418,-0.2054530234837,-0.5706900820043,-0.2078232047546,-0.3825084708903,0.4479558462944,0.3159223713075,0.5233811618369,0.2588054651733,0.0947673020634
0.6397301395837,0.2388500715689,0.7146817003969,0.7058406570762,0.8305626871474,1.0000000000000,0.7833515678794,0.3218829859047,0.4400097828069,0.5217781770728,0.4574121048134,0.4052173865668,0.3997487286091,0.4647794460742,0.6615447299239,0.5557014753195,0.4998172781335,0.4956888588050,0.3784303336440,0.1554504722167,0.0317708293560,0.3567779785805,0.2253146502726,0.1945215934443,-0.1696148967249,-0.2733920407204,0.0910924246206,-0.0581343834328,-0.1531863236520,-0.2346414324735,0.3188636367336,-0.0300332732128,0.3225664314183,-0.0528887092939,0.2997475105197,0.2760813968159,0.0811796560677,-0.1770987010942,0.1793956296853,-0.0061556218559,0.3083482865649,0.4873227520308,0.0525766551575,-0.4248699040796,-0.2972403541964,0.0510811830761,-0.1607296620119,0.6413148830771,0.2938665876423,0.3788883100643,0.7004735992305,0.4439938841447,0.6531566771194,0.9022324185055,0.7789117524851,0.7073915075797,0.2516152806617,0.1841258139850,0.4647056130475,0.2787756120155,0.2617795737050,0.4587027829429,0.0666232421737,0.1651750730060,0.5351358276547,0.2909482172095,0.4692376872482,0.4937119106010,0.1430863084264,0.2808228254947,-0.0173982299292,0.0378248560542,0.3370507684670,-0.0512336761096,-0.3254354234613,-0.5087979392427,0.0237279333025,0.1271777633912,-0.2008563319678,0.3992436519381,-0.1944409431426,-0.0545475241467,-0.4120527205916,-0.1391982390565,-0.3961421672802,-0.2515588305504,0.1123194672416,0.3397849115298,-0.2512928804346,-0.2680430302884,0.1510742771498,-0.0664054509635,-0.5252860769436,-0.1896113492461,-0.3805938310287,0.5917520519968,0.1750976572072,0.3360334753493,0.2008116656582,0.0996384266434
0.5903887930294,0.2681353266634,0.6015628869051,0.8788948415784,0.6608615799592,0.7833515678794,1.0000000000000,0.4162413578705,0.4719920260214,0.5686117553509,0.3716236215416,0.4185436573272,0.5645479753193,0.2653560958043,0.6623531924578,0.7504694835727,0.6254883191682,0.4041403667558,0.5417606177543,0.2976698532351,0.0398456640569,0.2957996878085,0.0821404335716,0.1521008888475,-0.1057369483277,-0.1503559562968,0.0628723678792,-0.1514031424124,-0.2859140456934,-0.3770714607702,0.3860869459388,0.0582590544977,0.3092052051204,-0.0346014460393,0.3075827868752,0.4318908289824,0.0326062072348,-0.0474538811790,0.2418091228703,-0.0180273559305,0.3183317337251,0.5133280538798,0.1879193189346,-0.3129417601207,-0.1809874898756,0.0007704711221,-0.1565749431771,0.5060342809669,0.0639834671149,0.4948682261561,0.6156724127213,0.4568199859610,0.7676973139626,0.8090904730979,0.6873244078419,0.9074179258610,0.3978616325384,0.3442750876310,0.6197489022938,0.4624064691881,0.3207402610808,0.4537950902517,0.1777194446582,0.2993505281723,0.5491813099856,0.4700875750032,0.7668168173439,0.6241210925537,0.3982656642815,0.4801379843649,0.0504909957309,-0.0441225773704,0.4297451966132,0.0765034598316,-0.1948345879899,-0.4588646071092,0.0057495635340,0.0203133408342,-0.2728107169913,0.5539446399154,-0.0988121776863,0.1076588976842,-0.4133258990129,0.0317629474191,-0.2258028627779,-0.1605494496255,0.0910263847377,0.5107057205265,-0.1118038833969,-0.0690848243315,0.1618108180963,0.0066315990710,-0.3837962691652,-0.2020935776630,-0.2623789964301,0.5336740045448,0.0191654465454,0.3193669599151,0.2990266108532,0.1752658148361
0.2949777299949,0.2942450234710,0.2457734201415,0.3769995871971,0.3030019062661,0.3218829859047,0.4162413578705,1.0000000000000,0.6058074489906,0.3464950345185,0.1977908195650,0.3635738537289,0.4568347517962,0.1563246533792,0.3053458358440,0.5102582138394,0.4205120224737,0.4324621914456,0.5370923088333,0.4678399436543,0.0282787181402,0.2710595950342,0.0816428843742,0.0131395462408,0.1474748352352,0.2183982596215,-0.0407250951350,-0.1943146839372,0.0173986760678,0.0323564037174,-0.0114011949752,-0.0848916866755,0.1244899760139,-0.2083511847302,0.0486206073975,0.2896781519806,-0.3731620535648,0.1866372310146,-0.2051260254071,-0.3068281876796,0.1946482664557,0.2953557750257,-0.1589134962454,-0.0513318882459,0.0958992944759,0.0353868409591,-0.2839647970055,0.0517723557834,0.0913572541184,0.3780463776825,0.3785566975623,0.3892665535494,0.4221049364738,0.3850097394501,0.4138179764818,0.4051308384740,0.5450124110100,0.6487962053265,0.6829592874050,0.7071757207466,0.3622612784016,0.3866316180091,0.2846659881860,0.3041115779221,0.4506383872938,0.1848761025078,0.4292550786943,0.5754335904511,0.5472303754973,0.5528573070624,0.1675743253637,0.0854305116990,0.1926880911966,0.4669583734947,-0.1105055257060,-0.2373488668204,-0.2544948131078,-0.0606850606292,0.1365218553392,0.2931728294467,-0.1954333699496,0.1657177628571,0.0240942192991,-0.2759202157967,-0.0197670421470,-0.1975625637110,-0.3070327751303,0.0507003680656,-0.2546402207852,-0.0161990015056,-0.2364346133598,-0.1992083926171,-0.0992959925066,-0.0761013755619,-0.1440635491421,0.1973182409750,0.2231036854565,0.3050599233828,0.2591912862337,0.1826917446227
0.4341217158876,0.2032021416226,0.2164337716504,0.4794643333931,0.4339408194556,0.4400097828069,0.4719920260214,0.6058074489906,1.0000000000000,0.5727178405349,0.4253225742564,0.5718542319241,0.5720554395678,0.2706635071181,0.5238464619852,0.6410796429700,0.6801982540031,0.5270389619927,0.7312797697496,0.5137960275575,0.3118959980153,0.2775006159936,0.3411007062806,0.4378643286124,0.0049708152200,0.1313010948734,0.1790041990480,-0.1622588280824,-0.2083390240150,-0.1885196816319,0.3285423376862,-0.0070419860346,0.4497772189160,0.1130223785026,0.3079045432684,0.5348423291760,-0.0288715150318,-0.1779096232029,-0.1027939120456,-0.1552584315022,0.1624565887378,0.3987987732610,0.0252241602599,-0.4016388877060,-0.3533210255851,-0.0052789623390,-0.1421220398795,0.2943508641914,0.0412538812439,0.4740336661392,0.3890406717666,0.2701239422096,0.4873727215310,0.4041333199141,0.4021654690833,0.3765185389288,0.5283088421617,0.3782299339228,0.7856413318657,0.7481618258292,0.3459427395167,0.5104759572326,0.2941740850200,0.3413348171706,0.3112715920539,0.2408675188698,0.5216203216319,0.6036687482319,0.5472368214041,0.6787105521710,0.3102086653496,0.1104531324492,0.5857210030401,0.3865095234827,-0.1439887335289,-0.1600875341200,0.0591175742234,-0.0352796592115,-0.2406410808443,0.5564523961516,-0.0772391674073,0.1329661384959,-0.2739273956015,-0.1334390658426,-0.3221031705525,-0.1617602110524,0.0134873008869,0.3051392614455,-0.2250765047250,-0.1671365159197,-0.1150941781199,-0.1290101252397,-0.4254224565556,-0.2452994023067,-0.1804240013843,0.3152408714825,-0.0267372716836,0.2783545816685,0.2546516406093,0.2991295723597
0.4864761991060,0.3135523178614,0.2905900375034,0.5868519095143,0.5320963218936,0.5217781770728,0.5686117553509,0.3464950345185,0.5727178405349,1.0000000000000,0.4817132854122,0.6217323585078,0.5644689724895,0.4180909185233,0.6823923081847,0.5017459260545,0.6432585886137,0.3823639162387,0.4327492356727,0.2727568533074,0.3016980108720,0.6394761876423,0.3595030377824,0.3656551544326,-0.0925716487658,-0.0724613917540,0.1687775252663,-0.0318667394581,-0.1865642294972,-0.2205011399203,0.3888036319158,0.1006492732653,0.4999866417832,0.1527403535847,0.2229532175003,0.4185453527015,0.0942698021199,-0.1775476334145,0.0041681519851,-0.0641584289575,0.3511378961231,0.5698918787821,0.1336380429524,-0.4385367695065,-0.3559871586916,0.1905384948118,0.0276752849058,0.3833206613813,0.2322748035061,0.7282250008223,0.4608342065012,0.3439682078244,0.5358619467589,0.4527467140738,0.4163811560623,0.4660869715287,0.3995120487814,0.1914179194890,0.4924405728576,0.4014556679593,0.4668600399761,0.5140644803600,0.2728382166593,0.3044429478027,0.3503988623213,0.3766760419658,0.3982937955397,0.4944841590886,0.2760715228078,0.4040231865256,0.1911627545849,0.2333749470148,0.5367800184765,0.2172982373337,-0.2196463079912,-0.3099501958032,0.1277201574428,0.0782638554020,-0.2596762990359,0.4645158628641,0.0284179011872,0.2201856638492,-0.3254151643554,-0.0780021553630,-0.3319440136272,-0.0589962318408,0.1052904408626,0.2987434044617,-0.1963157975875,-0.1694592329010,-0.0121772224113,-0.1385302016744,-0.4877055338290,-0.1288585317762,-0.1224913778562,0.3716028804536,0.0633141596690,0.4610642157113,0.3209864928458,0.3765891371014
0.4424954540008,-0.0720712146204,0.1805515972755,0.4171530942282,0.4368506983885,0.4574121048134,0.3716236215416,0.1977908195650,0.4253225742564,0.4817132854122,1.0000000000000,0.7057701775263,0.4919435586094,0.2785732623781,0.3985532591232,0.4164520704841,0.5480996652590,0.6842593978501,0.2170717852880,0.0534647353860,0.3287959790375,0.3936309773631,0.5838175095054,0.5743179109455,-0.3137786850315,-0.1076089105377,0.3780265596976,-0.0298173286167,0.0298614551046,-0.2643425127491,0.4882153642903,0.1131538069846,0.4466547787433,0.0171235355519,0.4154012447762,0.2675975318524,0.4045641210697,-0.2005771201366,0.2696534727753,0.1189170589237,0.3425606997453,0.4695640100158,0.1608374459170,-0.4323818702850,-0.3786317095665,-0.0837968281082,-0.1289229349396,0.6396449539473,0.2712930121801,0.4176619699250,0.4116453594930,0.0888827227549,0.2969334294146,0.3481154012459,0.4922525334947,0.3346224079067,0.1876541567048,-0.0475264963610,0.3597812133214,0.1071538262108,0.2383212827816,0.7264078970019,0.2214588103066,0.1877084496171,0.2430092714507,0.1947167982447,0.1892558773457,0.4154123816829,-0.0564644405854,0.1754078530390,0.1003098731444,0.3370565448859,0.5838175437270,-0.0944273518826,-0.3191979056174,-0.3726590572492,0.2250779087370,0.1270124499313,0.0196740712339,0.4326138932435,-0.1321998985908,-0.0310851873772,-0.3186435400410,-0.0563648222630,-0.4982835517877,-0.3249220355236,0.4223775497575,0.3144085072829,-0.1524957503819,-0.3030455865452,0.2547052578737,-0.0766196433995,-0.5767609095210,-0.1242977468160,-0.3422022238950,0.5528409362685,0.2691964307478,0.4142839763515,0.3221570258929,0.1796241479860
0.5311717320879,0.1669330443442,0.2368802533232,0.4887694982241,0.4479207453140,0.4052173865668,0.4185436573272,0.3635738537289,0.5718542319241,0.6217323585078,0.7057701775263,1.0000000000000,0.6080608897941,0.3264226884875,0.5214509706824,0.4903015309526,0.6844143952627,0.5264916035095,0.4174747140993,0.1870626368173,0.6076041906042,0.4952695640075,0.6976587353382,0.5724671578150,-0.2897357811020,0.2074162637946,0.2930376313419,-0.1457482306379,-0.0326298821722,-0.2758574412154,0.3829278301009,0.1375758762799,0.4617687438270,0.1386739975534,0.4354825809615,0.4203680525291,0.1298345075237,-0.2837077285779,-0.0114347035412,-0.1026904003457,0.2442057539662,0.5083559769520,0.0218777034442,-0.4834480248829,-0.4357135646997,0.0210923514515,-0.1146096931947,0.4042666452397,0.0670500397534,0.6308668255232,0.4990987126784,0.2798428219462,0.4651095011814,0.3945306967583,0.4335387447491,0.4174905295433,0.4651283169313,0.1413220797601,0.5565135290188,0.3277116192423,0.4140884545832,0.7048675913276,0.5030733122202,0.3631559607419,0.3936412212578,0.2525687676163,0.3234994668771,0.5081923112243,0.2190039011260,0.3432744999835,0.4634254580056,0.4470755531199,0.6328590191200,0.2282573574460,-0.1455467189524,-0.1138429499125,0.1466668023924,-0.0329346756102,-0.0518166494332,0.5288226599337,0.0501760303988,0.2211973580353,-0.3065792857696,-0.1972411510712,-0.3795836312041,-0.1774491042191,0.1372355737662,0.3487172190989,-0.2364171420677,-0.2847192500558,-0.0179603968875,-0.1670443647287,-0.5210671143520,-0.1447217384225,-0.1062731300641,0.4187904653664,0.0475472082768,0.4711669797845,0.4669949644343,0.4284653561764
0.4606510787063,0.1177526625959,0.1526235730535,0.5831369264660,0.4481014852401,0.3997487286091,0.5645479753193,0.4568347517962,0.5720554395678,0.5644689724895,0.4919435586094,0.6080608897941,1.0000000000000,0.1478194640530,0.4682678691075,0.5723307865045,0.7731929518864,0.5132379143596,0.4347107831932,0.2475254411099,0.2637350606402,0.2304058218547,0.1071997906028,0.2225337838847,-0.0534980700962,-0.0427905254151,0.0218797781402,-0.2257992270102,-0.1578777670725,-0.3646784111740,0.3735274130900,0.2726108359055,0.4520454531947,-0.0041584437039,0.1818036761528,0.3157348175872,-0.0129021019661,-0.1885640122864,0.0515140939114,-0.0820373205971,0.2477547204119,0.4980526655809,0.0813449299377,-0.3918315015221,-0.3266087832826,-0.1302407374851,0.0689425782773,0.3194266585966,-0.0451886952638,0.5665271201575,0.4379652259210,0.2971068137486,0.6120139717465,0.4131351154643,0.4880191336968,0.5646794719307,0.6614429184231,0.5195152305888,0.7169480397006,0.5434969344783,0.4080707272628,0.5992546265209,0.5127243615596,0.7264592949339,0.4265878171932,0.4786505261768,0.5907894083492,0.8117490814144,0.3641156448776,0.4821585477528,0.3068134638646,0.0847626827957,0.4197463661448,0.0809660513931,-0.0111769096496,-0.2407649951691,-0.1142801788706,-0.1774658785577,-0.1909517804366,0.5943274422035,0.1693596427364,0.3683081554350,-0.2405141944493,0.0662633887436,-0.1534373915400,-0.0816276336176,0.0092211097309,0.2417502884322,-0.0373521700689,-0.2036687606859,-0.0746250761755,-0.0126873243421,-0.4031387679587,-0.2739270763535,-0.0083085575719,0.3749611900249,-0.0835611558653,0.2838070692990,0.3874925832495,0.3339986701393
0.3982250416791,0.5475596025310,0.4527761111479,0.3398175061692,0.5839537395125,0.4647794460742,0.2653560958043,0.1563246533792,0.2706635071181,0.4180909185233,0.2785732623781,0.3264226884875,0.1478194640530,1.0000000000000,0.7179912757787,0.2547738571665,0.2578376759610,0.4525582668273,0.0783741323248,-0.0548770403019,0.0874526549177,0.2671910603784,0.2741715028142,0.2509271609412,-0.2725611314339,-0.1657162432556,-0.0019484475099,0.2917945113137,0.2349768484997,0.3999463355191,0.2783233177093,-0.1258474169111,0.2628815210492,0.0808015189820,0.2707380035887,0.1596405454488,-0.0502515564180,-0.1429468512032,-0.1143921568599,-0.1867702954353,0.4494251077703,0.5131716020134,-0.1626770363478,-0.3422437564107,-0.3057363864752,0.0698202988305,-0.2045884873609,0.3054536842358,0.6318080772921,0.2858923684662,0.5682246213306,0.4097170569815,0.3243813244547,0.4165030672414,0.2526006855615,0.2223100858727,0.0379080939114,0.0030437272198,0.2396033201445,0.0345089595129,-0.0534120128321,0.1365064393546,-0.2595482161917,-0.0900223376357,0.4730779034502,-0.1172579071566,0.0175690868307,0.1097810284102,-0.1122884011868,-0.0457539330047,-0.1265647111544,-0.1416744802281,0.1832838909004,-0.0982631528776,-0.4048943908154,-0.2659679938311,-0.0519594184950,0.3760251497680,0.1527688483548,0.1133771374373,-0.2289857019169,-0.2994361840839,-0.0538560049383,-0.4338139201649,-0.4414564080869,-0.3156551447671,-0.0471887216864,0.0801802187532,-0.5687706947553,-0.1680908244936,-0.0434622201671,-0.3337449353625,-0.4397875302289,-0.1773610879453,-0.5085662263914,0.2388257418964,0.3949122877841,0.2629576931567,0.0728236576911,-0.0714793234684
0.5261192128692,0.5234038609284,0.4541585914302,0.6985052074983,0.7418504370312,0.6615447299239,0.6623531924578,0.3053458358440,0.5238464619852,0.6823923081847,0.3985532591232,0.5214509706824,0.4682678691075,0.7179912757787,1.0000000000000,0.4819260394247,0.5658316921904,0.4749962831621,0.3379457348334,0.0455178547584,0.1830443803592,0.3472154879621,0.2851893493239,0.3316222534469,-0.2116130809551,-0.1409269099690,0.0651230122591,0.0994240140325,-0.0680701474826,-0.0038916387964,0.3052415777093,-0.1524284444367,0.3343582307960,0.1264453354154,0.2985463511023,0.3650637708475,0.0121306596206,-0.2258680389954,-0.0338191709979,-0.0669502163230,0.4408718171074,0.6596009434065,-0.0787193771278,-0.3979885994670,-0.4417092189914,0.0217696941455,-0.1890150866319,0.3863757987503,0.3239732703409,0.5509426201375,0.7016442277921,0.5068695060436,0.6730131423049,0.6498332186179,0.4956527583569,0.6087357929424,0.2800003881045,0.2077841382801,0.5280270865885,0.3441806671983,0.1932270376579,0.3640984764996,0.0492891611071,0.2151215155418,0.6555884877805,0.2462715271804,0.3630532153413,0.4528004564582,0.2183467500364,0.2267784262184,0.0535635167749,-0.0509718245509,0.3945264828261,0.0819586460211,-0.3728916075226,-0.2857745752165,0.0441885149573,0.2054005394708,-0.1480263577876,0.3806082031476,-0.1629501697418,-0.0853866873839,-0.2955818622480,-0.3144970497678,-0.5102846369268,-0.2187451382861,0.0088969551912,0.3218653668204,-0.4331570649844,-0.1415080462352,0.0253393169300,-0.1375504399051,-0.4767141744566,-0.2921500130012,-0.3767426425995,0.3756213443151,0.1193794690415,0.3237446311288,0.2815236212142,0.1804660988311
0.5261671447778,0.1495520352480,0.4243251436790,0.7450282848464,0.4933632824295,0.5557014753195,0.7504694835727,0.5102582138394,0.6410796429700,0.5017459260545,0.4164520704841,0.4903015309526,0.5723307865045,0.2547738571665,0.4819260394247,1.0000000000000,0.7295648470264,0.6156777899123,0.7587904221487,0.5607610588589,0.2938197249723,0.2167652145822,0.2864177390786,0.3695211063014,-0.0868907910917,0.1312427707453,0.2383436711843,-0.1696231369137,-0.2535287088307,-0.2657426864479,0.5789872638758,0.2671771163893,0.5744201315768,0.0642178043530,0.4760912804691,0.6437806514079,-0.0137583619917,-0.0366462580550,0.1080646788849,-0.1896605347218,0.1522269539991,0.4112303123993,0.2769359181405,-0.3998454647672,-0.2003894730789,-0.0543683063217,-0.0921706852714,0.3916610671466,0.0928589324313,0.5140801874188,0.4273561354059,0.2679364944695,0.6127112860478,0.5542231575667,0.5172308797939,0.6286867296668,0.4324543009674,0.3068367361714,0.7075553751560,0.5283631734202,0.2312558642794,0.4402492045706,0.1706647363497,0.2304880638658,0.2981197520140,0.3199578346796,0.8390961920343,0.6080702956771,0.5364092742735,0.6982059946138,0.1797120152572,0.0336059503791,0.5833531996157,0.2234233948723,-0.0618708154432,-0.3053888656560,0.0198089440903,-0.0341684805340,-0.2121181365313,0.7282236870005,-0.0016588656438,0.2162739173947,-0.3412390438103,0.0445495717376,-0.2121373542490,-0.1506451519409,0.0321669363659,0.4980288654809,-0.1313722064654,-0.0674817200953,-0.0261750375831,-0.1508575386826,-0.4716036642268,-0.1832571002473,-0.2200245742139,0.4070460464350,0.0431664609977,0.2477984129908,0.2042394661856,0.2179104929722
0.4853319874034,0.0291006616495,0.1979546329449,0.5764767064842,0.4841550503930,0.4998172781335,0.6254883191682,0.4205120224737,0.6801982540031,0.6432585886137,0.5480996652590,0.6844143952627,0.7731929518864,0.2578376759610,0.5658316921904,0.7295648470264,1.0000000000000,0.5926511502765,0.6697123410145,0.4207352040462,0.5584126541547,0.3323277016675,0.3969922730344,0.5430596353626,-0.1948042300797,0.0975266228084,0.2497656561890,-0.2685819553969,-0.2715212092978,-0.4350649782973,0.6207459382214,0.3178647531954,0.7356486800859,0.1754481605101,0.3930901405375,0.6019289219548,0.1530863720231,-0.2511909867484,0.0543139322002,-0.1549468665795,0.1233562097264,0.4090910224749,0.2376538764968,-0.5719702422992,-0.4590545571371,-0.0930509351632,0.0010885762502,0.3966380413283,0.0261697283096,0.6605859886714,0.4025014145935,0.1543902293478,0.5249009235519,0.4722365280709,0.4940978887359,0.5406332236693,0.5322617048297,0.2505804539174,0.6892567893874,0.5110257871435,0.3866410687896,0.5590735781619,0.3677221277564,0.4697192820743,0.3247142677134,0.4712525468593,0.6128827963573,0.7415345946381,0.4373199405452,0.6448903978402,0.3912118215231,0.2185463282296,0.7129052695852,0.2077804295495,0.0093031126569,-0.2087032751799,0.1307951436513,-0.1826375452690,-0.3327008633909,0.7845529994424,0.1367929685824,0.3610846404400,-0.4593350677084,0.0975936214714,-0.3275108743713,-0.0791476933216,0.1550765544151,0.4734674189396,-0.0550374269693,-0.1630387550881,-0.0121167363222,-0.0947823988683,-0.5748523040224,-0.2782186757282,-0.0625799604631,0.4153154145889,-0.0930230624594,0.3485903590884,0.2640523366816,0.4925646304375
0.3899429462252,0.0828297913440,0.3223828116590,0.4634433378262,0.4966012049657,0.4956888588050,0.4041403667558,0.4324621914456,0.5270389619927,0.3823639162387,0.6842593978501,0.5264916035095,0.5132379143596,0.4525582668273,0.4749962831621,0.6156777899123,0.5926511502765,1.0000000000000,0.3225307446973,0.1713900244038,0.2146813176286,0.1475328129617,0.4242999219504,0.4876860978851,-0.2910661688386,-0.0611554068867,0.2719536552972,0.0667496541183,0.0563730951379,0.0445259988135,0.5315974969151,0.1297374216438,0.5293769240403,-0.0000833339485,0.3956955522439,0.2676687355392,0.1510958123028,-0.1883748470414,0.1347384713301,-0.0656835457141,0.3483170118580,0.5467251642198,0.0309906242309,-0.4256705907296,-0.3600660865171,-0.0597792538543,-0.1348113990544,0.5068519292720,0.3725607111096,0.3803673962953,0.4818388018915,0.1875904531754,0.3448864574802,0.4108746706701,0.4361920298633,0.3618141569719,0.1993391501016,0.0999343715631,0.5344186514279,0.1848871506813,0.0352079313519,0.5042093424069,-0.0228297747392,0.1084111060229,0.2853024788040,0.0188363909658,0.3020145239582,0.5041320907451,0.0060025193518,0.2881874837098,-0.0067020024793,0.0135113675565,0.4807262748506,-0.1455207759197,-0.3685948273503,-0.3582138006115,0.0402268118038,0.2051627878677,0.1117670257966,0.5348143168595,-0.2125429955798,-0.1196209668751,-0.2160993368484,-0.2372218612321,-0.4900805848099,-0.4279916441077,0.1662429229601,0.2484843672132,-0.3674371689042,-0.3264882880345,0.0992209407354,-0.1805273693597,-0.6111409685822,-0.2228533150647,-0.5023009194428,0.4278321195937,0.3368199679234,0.2548365312773,0.1771841695633,0.0023637000271
0.4002270088228,0.0601170716386,0.2791138187025,0.4722282484106,0.3151596529766,0.3784303336440,0.5417606177543,0.5370923088333,0.7312797697496,0.4327492356727,0.2170717852880,0.4174747140993,0.4347107831932,0.0783741323248,0.3379457348334,0.7587904221487,0.6697123410145,0.3225307446973,1.0000000000000,0.6648748032545,0.4013097534769,0.1954018841460,0.2449853389555,0.3688126921853,-0.0004904572097,0.2733153685828,0.1968668799086,-0.2928056333255,-0.3404997978770,-0.3484673133115,0.4024880124887,0.1695163641736,0.4836860951239,0.1282104846455,0.3496650914932,0.7888803989511,-0.0565413365394,-0.0583518780731,-0.0508176606605,-0.2348298931917,-0.0350953831173,0.1852398585494,0.2584441505889,-0.3444304846331,-0.1829453403868,-0.0147208914709,-0.0831618859562,0.1701447281018,-0.1089337386359,0.4169254052749,0.2656539752113,0.2076085599874,0.4343962694124,0.4097372477029,0.3340685013864,0.4392169665682,0.4224282770638,0.2758692354153,0.6737309090114,0.6249543014325,0.3438357339622,0.3191145815913,0.2482854606981,0.2566842980164,0.1727099043938,0.3159111266204,0.7036188166744,0.5108730789317,0.7265191363830,0.7806058346934,0.3481887312495,0.1072353955069,0.5464503383514,0.4249430279739,0.0709646331306,-0.0784863913863,0.0751024075043,-0.1993122152604,-0.3828293801023,0.6364143669417,0.0756747302014,0.2862880426292,-0.3266160576332,0.1205788513772,-0.1733104864731,-0.0148735402843,-0.0314546996527,0.4718655563671,-0.0353625592270,-0.0097047676503,-0.1269564653779,-0.1261163055563,-0.3372217155855,-0.1794843254505,0.0041377674859,0.1980747561310,-0.1887239413927,0.2232703879203,0.1589671071050,0.3756003724609
0.1739234287336,0.0107434110214,0.1262518967986,0.2212737299326,0.0456974361930,0.1554504722167,0.2976698532351,0.4678399436543,0.5137960275575,0.2727568533074,0.0534647353860,0.1870626368173,0.2475254411099,-0.0548770403019,0.0455178547584,0.5607610588589,0.4207352040462,0.1713900244038,0.6648748032545,1.0000000000000,0.2452159829275,0.2066107167806,0.2137513840124,0.2055521116773,0.3037510168748,0.3769183639969,0.3197232635334,-0.0382938692084,-0.1773070683811,-0.0670306242437,0.4058532525069,0.4056635800341,0.4656712337307,0.2438505738894,0.2197616491910,0.5494205088502,-0.0533085124864,0.4301159277078,-0.0115785977887,-0.0568418265010,0.0270828925059,0.0720649646490,0.3838867442308,-0.0116124690629,0.2460519253550,0.2618341183762,0.1828495350909,0.0962251581948,-0.0164334452755,0.3040909727137,-0.0044380340178,-0.0209640409769,0.1443909039501,0.1446260786724,0.1844334481863,0.1754311418483,0.2206263959431,0.1709254789967,0.3406872435506,0.5240582419596,0.1319260249937,0.1194336622820,0.0904690787683,0.0127114892171,-0.0830006485207,0.1505998532574,0.5000924467195,0.2420668667748,0.5733443354277,0.7715622243543,0.0721909446891,0.1465251821788,0.3428160919571,0.5340606354117,0.0713259952640,-0.0809436833382,0.1014728741997,0.0221298482888,-0.1360949270475,0.3809631125909,0.1028547898892,0.2785517947911,0.0067329945836,0.1923361666853,0.1504010789962,0.2111622759916,-0.0139660149013,0.2663404975816,0.0397343328382,0.2817451782499,-0.1400926680729,-0.0208150119022,-0.0283266084469,0.1877630022613,0.0835554992413,0.1267257458887,-0.0504411221746,0.1332569577207,0.0650802776546,0.1432350369558
0.2042436266290,-0.1488896842876,-0.0807492048616,0.1220157974531,0.0699287166391,0.0317708293560,0.0398456640569,0.0282787181402,0.3118959980153,0.3016980108720,0.3287959790375,0.6076041906042,0.2637350606402,0.0874526549177,0.1830443803592,0.2938197249723,0.5584126541547,0.2146813176286,0.4013097534769,0.2452159829275,1.0000000000000,0.2765674481863,0.6703557096568,0.6288694454374,-0.2631972088443,0.5494373660366,0.3107674724277,-0.2038635784429,-0.1223806657665,-0.2794671426379,0.3217821722896,0.3401186407464,0.5480217562144,0.3054188938810,0.3773629665710,0.5018472624220,0.1515626104521,-0.3426963782212,-0.2303527022985,-0.1942399510341,-0.2617551736450,0.0337265053685,0.1774390761597,-0.4203179120575,-0.4434502436455,0.0170063645951,0.1714402798604,0.0450484092761,-0.1724639054683,0.4927251402064,0.0410850253895,-0.1089440389573,0.1163084294563,0.0061201593790,0.0505777397328,0.0665765045737,0.2543739886799,-0.1619767591278,0.1651483568008,0.0815761215811,0.2161041828375,0.2217464054584,0.3845262259092,0.1912501484768,-0.0468392946002,0.2108714254935,0.1497040184787,0.1909025372726,0.2627344563258,0.3230220021525,0.6523518999805,0.5054027419235,0.6010164490334,0.3218529732497,0.2608320124732,0.3743984851804,0.2709161116608,-0.3072419933012,-0.2632278220607,0.4642235305181,0.3656911855904,0.4449942782687,-0.2945854941993,0.0230122480095,-0.2458492922993,0.1090376341983,0.1011058629434,0.2966679138198,0.0485656539961,-0.1819416507883,-0.2331189625584,-0.1761213342755,-0.3336638263777,-0.1062239101631,0.3178083942451,0.0112368862661,-0.2863570984831,0.1559681937660,0.1526247433566,0.6365715923437
0.4194158715099,0.3307587170854,0.2131242320864,0.3217923809046,0.4296899396671,0.3567779785805,0.2957996878085,0.2710595950342,0.2775006159936,0.6394761876423,0.3936309773631,0.4952695640075,0.2304058218547,0.2671910603784,0.3472154879621,0.2167652145822,0.3323277016675,0.1475328129617,0.1954018841460,0.2066107167806,0.2765674481863,1.0000000000000,0.4883388538093,0.2948198781529,-0.0297693928153,0.1141417978418,0.2513641138205,0.0589019370310,0.1922749835580,-0.0997881687225,0.1535948943927,0.0618746257281,0.1853959358372,0.0378723515746,0.1076078509385,0.2071436550254,0.1649170149399,0.0464960936819,-0.0123002237645,-0.0071985187878,0.3358070620771,0.2601628979105,0.0728326422116,-0.1822121805577,-0.0356143896729,0.4143059305655,-0.0572876216967,0.2357408748821,0.3803906838514,0.5206212017704,0.3649662990795,0.3035658635171,0.3017209747757,0.2829816414894,0.3657344165340,0.2653544565320,0.2637143325914,0.1064561979907,0.2009328082293,0.2341108829385,0.4964925789417,0.4926045482361,0.2824115537553,0.0637627217782,0.3029288152064,0.2703971656498,0.1697407596033,0.2210569214968,0.1463511926674,0.2272136425315,0.1516962510623,0.6146300946843,0.4153202224719,0.3174054897133,-0.0341971906504,-0.1951270971438,0.1719423370944,0.1618517335415,0.1364806569496,0.2123781717132,0.0053590166791,0.2305078824163,-0.0482053797075,-0.0865569983436,-0.0766812309608,0.0654596774890,0.1710837203968,0.1692285768887,-0.0441708545530,-0.0312269504178,0.0087760595137,-0.1284114705030,-0.2065766249214,0.3191185669467,0.0535978403846,0.2548807271849,0.3597203756135,0.6538222259862,0.3219849681723,0.3564838173823
0.3499741604229,0.0328200590181,0.1506244641232,0.2013902855571,0.2298643922497,0.2253146502726,0.0821404335716,0.0816428843742,0.3411007062806,0.3595030377824,0.5838175095054,0.6976587353382,0.1071997906028,0.2741715028142,0.2851893493239,0.2864177390786,0.3969922730344,0.4242999219504,0.2449853389555,0.2137513840124,0.6703557096568,0.4883388538093,1.0000000000000,0.7388695388751,-0.2524995694116,0.3719080294971,0.6457724205614,0.0992471479011,0.0761541103440,-0.0355174506879,0.4259785839210,0.2419356370260,0.5038012059800,0.3675242741195,0.4970414468154,0.3747456404671,0.3690429156624,-0.1467078018125,0.0234368321672,0.0577403593485,0.1048796519066,0.2479886859875,0.1813638660836,-0.3348895318848,-0.2598653308032,0.2698527991858,0.0393199226620,0.3346155194859,0.2173146982252,0.4389538700420,0.2309066679642,0.0185462089034,0.0991619976490,0.1561833484908,0.2069108224940,0.0492160121461,0.0151710407057,-0.3379207680876,0.1135605395455,-0.0212825181261,0.0959951516259,0.4455450015973,0.1841416006662,-0.1586917957988,0.0246668177059,0.0042748551315,0.0211254022368,0.0450071968355,0.0253335454377,0.1782749550090,0.2755885320772,0.5978578040666,0.5988703568671,0.2690079188369,-0.1469081554567,0.0371067928994,0.4703704362388,0.1576502389497,0.0536228213366,0.3663411809496,0.0887018077536,0.1100015131745,-0.1646022266969,-0.1626301967564,-0.3610041371722,0.0192688439270,0.3275549990894,0.3284279862473,-0.1667128774270,-0.1344532512987,0.0779651865186,-0.1296245987360,-0.4313886682434,0.1457897536361,-0.0691872127952,0.2668255951487,0.1608662916932,0.3222931475542,0.2402592774962,0.2963669756735
0.2456913590982,-0.0628170047396,0.0412837883507,0.1813500351839,0.2139105381938,0.1945215934443,0.1521008888475,0.0131395462408,0.4378643286124,0.3656551544326,0.5743179109455,0.5724671578150,0.2225337838847,0.2509271609412,0.3316222534469,0.3695211063014,0.5430596353626,0.4876860978851,0.3688126921853,0.2055521116773,0.6288694454374,0.2948198781529,0.7388695388751,1.0000000000000,-0.3848430829333,0.2481836809255,0.6252512294619,0.0825109742217,-0.0184529931027,-0.1028373222611,0.5867616278361,0.2071402366297,0.5580243371414,0.3267066658785,0.6065061908187,0.5362653877758,0.5363548599167,-0.2525615004903,0.1545046161520,0.0360645481184,0.1110789857784,0.2122914207099,0.2623122735622,-0.4442487991862,-0.4131608155875,0.0741626651849,-0.0846284256450,0.3758061846005,0.1895067665076,0.3500090027622,0.1834220937044,-0.0590217614710,0.0762425058431,0.1230733240113,0.1615079759223,0.0909697493010,0.0549044095059,-0.3331487876991,0.2439378226218,0.0090225374281,0.1064419531180,0.4111022676889,0.0573994327653,-0.0961604893819,0.0037595901501,0.1016974922117,0.1483782866612,0.1614406853005,0.1053734843277,0.2599478084114,0.2019375579507,0.3675830477762,0.8072817309233,0.1132544894771,-0.1036741127460,0.0153875993146,0.5271610176181,0.1592252738786,-0.0831903123855,0.5496362001087,0.0537444680262,0.0350321746565,-0.2365422357645,0.0572696101488,-0.4386665332767,-0.0657410270877,0.4825210856392,0.5619081561288,-0.0649524181078,-0.0834307585694,0.2357659744517,-0.0850683912145,-0.5239336487541,-0.0210111696177,-0.1548724502343,0.3067209746405,0.0628420029704,0.2762159221281,0.1458082286388,0.2920811457532
