1.0000000000000,0.5515505490326,0.6393616970093,0.2672364238470,0.7802837295968,0.5369813872964,0.1657443839373,0.0285747077719,-0.0805671063916,0.4595479402162,0.0623457200977,0.2965216666598,0.2433117227527,0.7125342207185,0.4795356879338,0.0663686682547,0.2283025547466,0.1508511377924,-0.1053187075726,-0.0721806897407,0.1287279241739,0.4862691261843,0.2541641226695,0.1413754816348,-0.1817030638057,0.1993716207660,0.2740370022197,-0.1795946775831,-0.0918488620102,0.3209474448588,0.2022415318844,0.2761502090497,0.3138398552921,0.3223351136605,0.1272745206107,-0.0421285290717,0.1044652275435,0.0805142138134,0.1232698818774,0.3065295016397,0.4722655680396,0.5105154026901,0.1713869003458,-0.0437231508455,0.0191635169384,0.0548739735734,0.3688407381572,0.3604367902555,0.4325680284589,0.4919345720520,0.7904918007033,0.4143702148120,0.0051263147332,0.4020075185096,0.4205499861736,0.0635389681587,-0.0252036597575,-0.0682480537391,0.0311036214911,-0.0450532909399,0.1602723015145,0.0587159978314,-0.0826961860686,-0.1960736450181,0.4333395895280,-0.1112715234860,-0.1572504024583,-0.0285182369930,-0.2340706079747,-0.2145516117865,-0.2594508155895,0.3205626268534,0.0225046562569,-0.1509430121068,-0.3901239555303,-0.1482010716173,-0.0400329969057,-0.2372876713673,-0.1860171971634,-0.0431500025580,0.1551686779381,-0.0951245979949,0.1876312330818,-0.2967091498021,-0.1592722852153,0.1521039033281,-0.0493695141072,0.0270738596835,-0.3844811855137,-0.1131525172028,0.1177521330088,0.0403690510356,-0.1093801493236,-0.0571399326028,0.1258781663863,0.1832383928602,0.2499227703278,0.0420719608180,0.3754742565021,-0.1809769824618
0.5515505490326,1.0000000000000,0.5235454294920,0.0887571401534,0.2944432889952,0.3639752600893,0.0315623375757,0.2465390981026,0.0606165501640,0.5616315125087,-0.2344211896665,-0.0993540360510,-0.0238712841173,0.6399258414765,0.5037167087968,0.0133069321656,0.0494247619871,-0.0363251659972,0.0216053212955,-0.1525952845257,-0.0226914797609,0.4761053704410,-0.1414956179229,-0.0199534683498,-0.0021854107867,0.0120514193024,-0.0285364054654,-0.1430733448661,0.0436310102640,0.4932146676740,0.0469168719144,0.1110316630055,0.0565165638028,0.2162176959721,0.0672547989151,0.0274988630143,-0.1430089862351,0.0580614953396,0.0274135413735,0.0923291234921,0.2517513907853,0.3216809908052,0.1103888925802,0.0419656909057,0.0499059031871,0.0054256345656,0.1443213622700,0.0216806705894,0.7117539017582,0.3044500120176,0.4869050620409,0.6286243955072,-0.0958318697977,0.1559144498505,0.1215914660428,-0.0634167851400,-0.1958242490841,0.0165967102238,0.1300843342446,0.1241328495825,0.3118128378360,-0.2326814132626,-0.3216208234753,-0.3547461186389,0.5529522495531,-0.1110682397489,0.0156989558463,-0.2583124736945,0.0280499543965,-0.2750794382786,-0.3950092348628,0.0220254479972,-0.1408298451531,-0.0385061793226,-0.1757254591546,-0.3061541405160,-0.3010413463036,-0.0265114887076,0.1054257331681,-0.1066247821967,0.0483154832283,-0.2890035983410,0.3666813663014,-0.2367333144699,-0.1967648599604,0.0706490847734,-0.2494053261228,0.0487783693115,-0.4827894626492,-0.1442730730254,-0.0099052127485,-0.0631445658473,-0.0332178183450,0.0419381528610,0.0607910600810,-0.2198823794690,0.5295865986961,0.2273366224878,0.0725066666018,-0.1498383370700
0.6393616970093,0.5235454294920,1.0000000000000,0.5467139731609,0.6927490977107,0.7562164898470,0.4491489356742,0.0096562423115,0.0288917019175,0.6388919121851,0.0660883388093,0.3626072612767,0.2862952291480,0.5976557519763,0.6495061232763,0.2408704668470,0.2388936004511,0.0849145710653,0.1425872131794,-0.0006928027030,0.1847988754690,0.4447337151806,0.2689246160597,0.1858381456845,-0.1103866535492,0.3145750038931,0.2595847507928,-0.3415074734209,-0.2719394370162,0.0150445622777,0.1754724139962,0.4163266534806,0.4829882439386,0.2481734344663,0.2619012469161,0.2454520049405,0.1172480485323,0.0973850658603,0.2412936832631,0.4314946593614,0.2799005160313,0.3618420432869,0.2667589031929,-0.0161495617986,0.0554305304823,0.0483508879992,0.2909573476483,0.4507811907224,0.2731324731713,0.5029995301154,0.6269436106021,0.7362754128794,0.3905520343447,0.6693477650056,0.5691382071155,0.3521055061397,0.0385726565570,0.0218472875201,0.1781456517913,0.0398479039649,0.2846429514529,0.0193638008860,0.0608047390531,0.0065452780975,0.3941032874543,0.2266636746865,0.0940189388329,0.0472254708481,0.0741501203496,-0.0811931082205,-0.1662379029001,0.3509010225818,0.0979205125468,-0.1032221650526,-0.2248335080932,-0.0277859891447,0.1163729872844,-0.3594309692380,-0.3914784235423,0.0462900865836,0.3299086338972,0.1238219230526,-0.0639455240147,-0.0979807127883,-0.0810717275227,0.1415948542826,0.0353895716723,0.2337900388368,-0.1079545604073,0.0289464740645,0.2209504494090,0.0248383666129,0.0350980469130,-0.0776008349476,0.1237479425485,0.2362967083871,0.1290015902026,-0.0821674928195,0.3588692667893,0.1366781332748
0.2672364238470,0.0887571401534,0.5467139731609,1.0000000000000,0.4939319960887,0.6898352968887,0.8588007515890,-0.0800317764703,0.2735546604382,0.5570872446285,0.4390651586203,0.6084283296541,0.5712615021134,0.3102056012200,0.7409009940864,0.6354403909668,0.6342683137360,0.4547026431840,0.4737457031451,0.3337760484922,0.5791215637630,0.1502910584037,0.4258014832767,0.5195804902356,0.0011806067873,0.4542921515820,0.4954580675067,-0.2165941195348,-0.2174655429198,-0.2726597974047,0.5886107921912,0.5327400987783,0.6616176256706,0.0248251695554,0.5091619635619,0.3118538181074,0.4625058224609,0.1669360040745,0.4758497956029,0.3133935827598,0.1260288691079,0.2590632086875,0.6668205043724,-0.0163077617396,0.1322384326876,0.0962090622245,0.2925123534080,0.6215266857268,-0.1183187790453,0.6019439712611,0.2021602085038,0.3482335780298,0.7634171411275,0.7752678517333,0.6926287224089,0.7742635509971,0.2950296710817,-0.0149717547791,0.2549731683570,0.1296644937042,0.0333968352861,0.4182895835560,0.3141949885507,0.1563248455271,0.0708328249408,0.4990449036117,0.3488070723664,0.3652378818897,0.2284690324527,0.2278461955888,0.1526292890462,0.3199323552300,0.4337313928958,0.0160347286682,-0.3451139810115,0.1327287522730,0.4501870326136,-0.3624227680200,-0.3924108009995,0.4033043927406,0.2917795037845,0.3828182525429,-0.4650128098939,0.0257394269060,-0.0572628625071,-0.1680618911503,0.3973502753433,0.5090983560313,0.0419146850311,0.1227804866215,0.4639570901910,-0.1195179671402,0.0731870215272,-0.2143737439379,-0.0425443300925,0.4787533101990,-0.3296825016800,-0.2966254554613,0.1474547971486,0.2748822684084
0.7802837295968,0.2944432889952,0.6927490977107,0.4939319960887,1.0000000000000,0.7646496696147,0.3633903709701,-0.0814053736272,-0.0380733338281,0.5418739505125,0.2042233491451,0.5691122657710,0.3880646571348,0.6158922958038,0.5982661613838,0.1932384238302,0.3560488876034,0.2278199002289,0.0106597400183,0.0189020004143,0.3105899059442,0.4654066509703,0.3997638956548,0.2664165856548,-0.1780232901692,0.3551470089919,0.3566598113461,-0.3088250022895,-0.2627218038979,-0.0570073208414,0.3107275389174,0.4897513047101,0.5425590242529,0.2611873793641,0.2092534201284,0.0481671938007,0.2394260751137,0.0226281873781,0.2112972777291,0.3408095796956,0.3567013992064,0.4172177829875,0.2733111964063,-0.1052149689005,-0.0332678897589,0.0645575027334,0.4639619676830,0.5451621952815,0.2052001299839,0.6085220064592,0.8077570291124,0.4746266433129,0.3173997600075,0.6747392969449,0.6808295128301,0.2804994278543,0.0616142779664,-0.0908879396672,0.0981417689856,-0.0342840299910,0.1619675357862,0.2041692334145,0.1456785994612,-0.0131906570707,0.3683646401699,0.1458237779465,-0.0818712648238,0.0974450393688,-0.1268106996123,-0.1011823485879,-0.0896055762903,0.5156551924263,0.1435580874756,-0.1270571183039,-0.3825308343414,0.0129815948625,0.1766970946844,-0.4342450955664,-0.4568736922053,0.0890161138794,0.3473524025748,0.1610205959989,-0.0389270435403,-0.2431078384386,-0.1211292295542,0.1112338289569,0.1217323986990,0.1742726294224,-0.2023990585381,-0.0561581792805,0.2148368753173,-0.0205578737556,-0.0934054796154,-0.1257158270926,0.1755765266323,0.3358071316162,-0.0192281262939,-0.0253686327442,0.4811286123159,0.0502258195741
0.5369813872964,0.3639752600893,0.7562164898470,0.6898352968887,0.7646496696147,1.0000000000000,0.6622877656100,-0.0461312836319,0.1126563051324,0.7787839615167,0.2908153719525,0.6135430735958,0.4902350701973,0.5067601246887,0.8290752462764,0.4419520287794,0.4779701300167,0.3567068649365,0.2402154340219,0.1500891560310,0.4125101949903,0.4329428740845,0.4220444624907,0.4079518262560,-0.0851202451413,0.4146233633354,0.3818189869193,-0.4069872046709,-0.1798480749678,-0.1246885498616,0.4657246450657,0.5993581915835,0.6842147866262,0.1011809111933,0.3932033542879,0.1914929191628,0.3437949202189,0.0650042441038,0.4172770542675,0.3265960576513,0.2436998085302,0.3475442630419,0.4502746275478,-0.1512379010750,0.0324530002857,-0.0038551787762,0.3417142032995,0.6954077069691,0.2032048316232,0.7079140152143,0.5840644138104,0.5590110302634,0.5350555756894,0.8904690615116,0.8529950114602,0.5008953765615,0.2064588647260,0.0337302791045,0.2861964811617,0.0588848536347,0.4033554215190,0.3090479544923,0.3443266375463,0.0980976834158,0.3792975220183,0.3967120479677,0.1825127670344,0.2839658885886,0.0708467695655,0.0386746109868,-0.0167458070325,0.5389192772154,0.3085450346150,-0.0690992718171,-0.3971413437047,0.0541812404088,0.2709436809349,-0.4442922973985,-0.3626709879450,0.3216328296983,0.4238239021104,0.3362859846450,-0.1836524132430,-0.1117556743799,-0.0722529032412,-0.0067113891042,0.2841846862548,0.3980204455163,-0.1287546795203,0.0558373870341,0.4132815788668,-0.0635496599432,-0.0651745786844,-0.1893623358713,0.1438862145909,0.4212739954462,-0.0359390843076,-0.0853021860127,0.3546053284642,0.2906795104593
0.1657443839373,0.0315623375757,0.4491489356742,0.8588007515890,0.3633903709701,0.6622877656100,1.0000000000000,-0.0434521163350,0.3353595149075,0.4874738450004,0.4454121552834,0.5545503925451,0.5320576205961,0.1410930692315,0.6335338306279,0.7681733696322,0.6493100921176,0.4858628141473,0.6040418777211,0.3982378546204,0.5150521377715,0.0600908552317,0.3821322957799,0.5338041893743,0.0914426593967,0.3751508678183,0.4651272650250,-0.3196994024651,-0.1840984663010,-0.2936448163627,0.6744689194778,0.4843638984650,0.6229605026331,-0.1010359065823,0.5678813980879,0.4212672877228,0.5349832063695,0.2332967425276,0.6466548267444,0.1939326589432,0.0757828350355,0.1146444254981,0.7138157699608,-0.0447625722358,0.1592605338446,-0.0767312828671,0.1230516963054,0.6161748775075,-0.1319554414956,0.4957166020026,0.1148695194030,0.2854852184081,0.7262775150845,0.7352108193476,0.6739933221077,0.8812866197363,0.3835414451760,0.0670051529458,0.4157214398367,0.1805140503197,0.1382807785907,0.4133679500628,0.3591126463814,0.3216961053042,0.0375477587142,0.5990355512668,0.5274993140163,0.5412033930230,0.3413573878131,0.2835986082954,0.2681107054649,0.2814304569191,0.4614627195061,0.1126043873776,-0.2684620225238,0.1353179749413,0.5035216991510,-0.3613345782433,-0.3127145173716,0.5893586785450,0.2307340744523,0.4421086922845,-0.4259402420374,0.2199148779001,0.0321426640458,-0.2125003262013,0.5278781796905,0.6366005612235,0.1861079595895,0.2776385359304,0.6492559063773,-0.1388200768592,0.1153976028783,-0.2392023337409,-0.0714719233168,0.5347894247679,-0.2676422458336,-0.2711200246508,0.0337012787859,0.4084140337094
0.0285747077719,0.2465390981026,0.0096562423115,-0.0800317764703,-0.0814053736272,-0.0461312836319,-0.0434521163350,1.0000000000000,0.5114873556320,0.1623120047343,-0.1363760396209,-0.0931815847632,0.1185706222229,0.1390617091427,0.0433985715087,0.0758688333985,0.1021959008967,0.1548972489040,0.0729736909930,0.3957665580825,0.1858115378099,0.1895011714018,-0.1023249765992,-0.0199480182821,0.3315712424385,0.2213865516721,0.0843200691227,0.0752743613157,0.0289496341752,0.2740631932618,-0.0179015340896,0.1652737448866,0.0540671210150,0.1380327872671,-0.0092013276455,0.1413414065103,-0.1051008249997,0.4995724068276,-0.0710174843532,-0.1006596598742,-0.0278452197893,0.0344009788228,0.0166689221323,0.2834534870369,0.3463147378556,-0.0790592047675,0.0433478164871,-0.1082369001105,0.2260258386502,-0.0105481641218,-0.0425417749718,-0.0015932104412,-0.2544368938623,-0.0723223884916,-0.1708994633896,-0.1858508328421,0.1922348211683,0.5511882241067,0.4847653489073,0.6025018612381,0.0042059404232,-0.2076220813028,-0.2284277211212,-0.1405858792403,-0.0644299164066,-0.3492378178837,0.0734014811921,-0.1258704385616,0.2235855645559,0.1951309735181,-0.0303068978907,-0.1131601419714,0.0041124886739,0.4912941280849,0.2453071270755,0.0853769891679,-0.0298015294853,0.0434113525409,0.0945433000440,-0.1299226232939,0.0661659601306,-0.1193371027837,0.0163775270888,-0.0376827815777,0.2718656180551,0.0625800173024,-0.1035856136415,-0.0086534132513,-0.1602109696973,0.3582766141005,-0.1041122266834,-0.0679051902527,0.1841955216791,-0.0532947884556,-0.0585660311866,-0.1554347938902,0.1323499110423,-0.0927673069494,-0.2763150132620,-0.2817814224453
-0.0805671063916,0.0606165501640,0.0288917019175,0.2735546604382,-0.0380733338281,0.1126563051324,0.3353595149075,0.5114873556320,1.0000000000000,0.2289824581438,0.2358523493138,0.1519300382186,0.2682962878620,0.0836666762508,0.2221570001865,0.4865619325524,0.4092252827099,0.4562738486729,0.6662896500057,0.6286088628779,0.4064220546680,0.0013191104250,0.1375837046570,0.4686379748902,0.4829673550598,0.2637952518728,0.4279270346768,0.0351411584877,-0.0895382780573,-0.0108916447119,0.4225779627209,0.1929889871190,0.2339570765253,-0.0437466876784,0.3240575587823,0.4072135084902,0.3395230891259,0.3765328098426,0.2540700400219,-0.0271922000994,-0.0124590855185,0.0903273263291,0.3780453202634,0.1292994582018,0.2282453214288,0.0398480330858,0.0605831664179,0.0513540061072,-0.0841209871733,0.1833128270789,-0.1420321221952,-0.0686942408298,0.1309521921250,0.1696786422190,0.1073976144920,0.3064563450776,0.3652429683321,0.4304824741035,0.6240479131152,0.8717309256652,-0.1332375126082,0.2254634704789,0.0015442247050,-0.0191675678941,-0.1034333907907,0.0639440167065,0.5096164047767,0.2840430020583,0.6506629417442,0.5113445823713,0.2046071594920,-0.0702451799757,0.4496659000524,0.6180160754258,0.1100765741114,0.0217348381702,0.3898353598701,-0.0668912149440,-0.1219737358136,0.3966096380119,-0.0214244777686,0.1079256319197,-0.2890758690501,0.2055796121702,0.0533191942348,-0.2278748312053,0.3156232361580,0.3627540235445,0.0250241063495,0.3616931433791,0.2060080887581,-0.1703624844469,0.1476312683271,-0.1645341446055,-0.2411617624186,0.0244738034017,-0.2090176251631,-0.2361729782943,-0.1875754640627,0.0020390707063
0.4595479402162,0.5616315125087,0.6388919121851,0.5570872446285,0.5418739505125,0.7787839615167,0.4874738450004,0.1623120047343,0.2289824581438,1.0000000000000,0.2352526287795,0.4805786016170,0.4557126596489,0.6014928908056,0.8490354747284,0.3078866160926,0.4517254786115,0.3401087852928,0.2095305911068,0.1575436735688,0.3901720017151,0.6076981064191,0.3851399618680,0.3350498003884,0.0250156165778,0.5167545285895,0.4111625580562,-0.3306888239780,-0.0189272930024,0.0905394296007,0.3894319581728,0.6317691726053,0.5826344770774,0.2232855288163,0.3391265577667,0.2083831013508,0.2393659855178,0.2139994000203,0.3565075578465,0.4058170935150,0.3160981092536,0.4624618029832,0.4188404973225,0.0556304529080,0.0971965435164,0.1354624265096,0.3476738194565,0.4881476903966,0.3743064310340,0.7327755530232,0.4175080322416,0.5071305933055,0.2699769694018,0.6274443435485,0.5903529540806,0.2807379924612,0.0797733006976,0.0835773863482,0.2860027382290,0.2267704243577,0.4235057218080,0.2732306764565,0.1891692588320,-0.1070004737438,0.3497060276548,0.1812760247098,0.1223437437986,0.0864052020773,0.1132252945980,0.0141521820396,-0.1468047062030,0.4682179935029,0.2014355508638,0.0888162585313,-0.3919618868855,-0.0317617961551,0.2318050092697,-0.3717239481223,-0.2245363144885,0.1557029801162,0.3643242468846,0.1336918409408,-0.1904999082575,-0.2260011861074,-0.1434810027115,-0.0228597289116,0.1629548441802,0.3117308449489,-0.3258685451177,0.0533216542969,0.3007340859493,-0.0359636828111,0.0632016457223,-0.1830122224061,0.0474686184493,0.1936564307352,0.0478916886225,-0.0910076243239,0.2457577298682,0.1029771342629
0.0623457200977,-0.2344211896665,0.0660883388093,0.4390651586203,0.2042233491451,0.2908153719525,0.4454121552834,-0.1363760396209,0.2358523493138,0.2352526287795,1.0000000000000,0.6460093359657,0.5360174047097,0.1629060424124,0.3324881378739,0.4015403541431,0.5449699551282,0.5111436022549,0.3055012367073,0.4222440084888,0.6179524362346,0.1372785400975,0.5574646539701,0.5628538546671,0.0393650392071,0.4682329091433,0.5944647587907,0.1350577186998,0.1519617784269,-0.0109787046387,0.5086467124855,0.3438040223343,0.4112746951462,-0.0288102567563,0.4918325298724,0.0766956931461,0.6333343628322,0.2262531139595,0.4187860748304,0.2420222896074,0.2905570210461,0.1756295475843,0.4699317060456,0.0942510673047,0.2942136050553,0.2937237509166,0.2025340444432,0.5276744515250,-0.1056190465809,0.4056192380099,-0.1059258735791,-0.1691811806247,0.2350645757178,0.3707937667719,0.4409660874215,0.3792332913587,0.2681671460620,-0.0900891622050,0.1019920404549,0.0423236876162,-0.2402935410427,0.7941866046277,0.3566705514652,0.1208941718954,-0.2182532732319,0.1549220354295,0.1349869269964,0.3712736967547,-0.0056851640082,0.3702890139140,0.2757669327751,0.1878273645886,0.4539393619434,0.0787262937344,-0.4318810524054,0.1466129909120,0.5665009253767,-0.0248002804926,-0.0823632303357,0.4067102296720,0.0097825788028,0.2263054429292,-0.3962552532678,-0.0945541791912,0.0052348433562,-0.2737445275977,0.5224652117194,0.3297074871158,0.0004776412897,0.1166120216185,0.3826853586437,-0.1232499731766,0.1382021234839,-0.0862971186836,-0.1941627551099,0.5326958835670,-0.2308573746762,-0.0898304485570,-0.0111761179857,0.0400767506759
0.2965216666598,-0.0993540360510,0.3626072612767,0.6084283296541,0.5691122657710,0.6135430735958,0.5545503925451,-0.0931815847632,0.1519300382186,0.4805786016170,0.6460093359657,1.0000000000000,0.7388502681206,0.2757896573985,0.5707993122068,0.4001648702610,0.6460097623562,0.4873748940030,0.2384802984138,0.3166290468738,0.6901749660813,0.3254472283915,0.7510955364520,0.4974531003584,-0.0362444556320,0.6077083676887,0.4490437275829,-0.2350020014265,-0.0336027853251,-0.2231493284006,0.5233694596228,0.6812986921829,0.7845131163596,0.0610817619618,0.3276823800868,0.0236555168442,0.5280066161562,0.1880858082841,0.3616381631543,0.2698771483669,0.3752065274024,0.3454169809175,0.4941529567167,0.0422116422622,0.2139495277028,0.1816581178684,0.4972096951854,0.6115228747531,-0.1518588893160,0.6689413796506,0.2317967229819,0.0968787486995,0.4055918264115,0.6702263262238,0.6610810820165,0.4726534919249,0.3305969482025,0.0136095587896,0.2450330668910,-0.0163347525378,0.0604018808343,0.5199054587682,0.5941517111185,0.3219237884535,-0.0451073812539,0.3067100212484,0.0824295902474,0.4138955197401,-0.0048917439548,0.1490500751510,0.2803931371167,0.6264473570193,0.3996848495737,-0.0177900503001,-0.4197947124512,0.3696795911779,0.4846611556236,-0.3687915402631,-0.3323245676693,0.3905406494318,0.4089306256211,0.5275783743244,-0.4360382601140,-0.1143720035640,0.1148392177162,-0.0172212978122,0.4666883605241,0.2876176114145,0.0060593648321,0.1224003955034,0.3389508916266,0.0147942970871,0.1665925275749,-0.0908603122015,0.2396472225848,0.4696329116439,-0.2930492723318,-0.1406115099667,0.2703523343759,0.2167343169276
0.2433117227527,-0.0238712841173,0.2862952291480,0.5712615021134,0.3880646571348,0.4902350701973,0.5320576205961,0.1185706222229,0.2682962878620,0.4557126596489,0.5360174047097,0.7388502681206,1.0000000000000,0.2598763972955,0.5086753985720,0.4788254873770,0.7743611539362,0.5897900429926,0.2785358417104,0.4836056427199,0.6933461788381,0.2909043840587,0.4771262538001,0.5820827164840,0.0909290981451,0.5657718540558,0.5444880961153,-0.1378340216329,-0.1183339529911,-0.0736599138113,0.6616328953413,0.6338362752269,0.7465128463974,0.0377831952951,0.3930689083582,0.0372382860749,0.6259402182383,0.3890102900692,0.4757796822994,0.1224676280300,0.3202271410010,0.4445145574408,0.6572699046083,0.0825672913207,0.4748916605789,0.1601062965463,0.4424122395509,0.5164114506886,-0.0893366341036,0.6384095274901,0.1025059055390,-0.0486594943941,0.2489295931354,0.5491015408291,0.4911263379162,0.4237985013592,0.5118341550034,0.1163685068370,0.3050096346833,0.0991075251510,-0.0283787744381,0.4224249833356,0.3365397900324,0.4091601549060,-0.2137881912565,0.1912520211412,0.1547935476949,0.4952968042966,0.0472843600728,0.2226644658968,0.1931302322097,0.3680883727584,0.5202980263919,0.0970292237949,-0.4486816630308,0.3209176371304,0.5162991520163,-0.2597667356530,-0.2877600971264,0.4613007632815,0.3813318440184,0.4702419641425,-0.4030020196988,-0.0405865316941,0.2467858936586,-0.0160473755081,0.5639601586442,0.3687171325637,-0.0224946735262,0.3069399550075,0.4172072068448,-0.0016200381981,0.1973245414043,-0.1053587735840,0.2096492958295,0.3820794923882,-0.2788334851446,-0.1469312928253,0.1854284798327,0.0545579876319
0.7125342207185,0.6399258414765,0.5976557519763,0.3102056012200,0.6158922958038,0.5067601246887,0.1410930692315,0.1390617091427,0.0836666762508,0.6014928908056,0.1629060424124,0.2757896573985,0.2598763972955,1.0000000000000,0.5700915345206,0.1275389960173,0.3268919281115,0.1620651567682,0.0319086066065,0.0176882905165,0.3313621293856,0.6146516465422,0.2446590003967,0.2419172468240,-0.1508130192662,0.3400925361459,0.3633149552812,-0.1200138889009,0.0032607834058,0.4697656186324,0.2315872847153,0.3320342435548,0.3113297745757,0.3095380955529,0.2463833965128,0.0989377620025,0.1549744750878,0.0564271355213,0.0453988839579,0.3160219648726,0.5147756199240,0.5341658981919,0.1739515657393,-0.0754857026699,0.0289690453409,0.1994246425257,0.3991615931652,0.2875616719288,0.5823482116688,0.5379063226905,0.5754679151587,0.4908638755959,0.0208363833084,0.3434134132233,0.3501381429012,0.0434984480330,-0.0960289005355,-0.0983953430042,0.0668173734913,0.1203428035753,-0.0231366730991,0.1178729462249,-0.1601362590046,-0.3556818609417,0.3920567140353,-0.1914162988640,-0.0398869765978,-0.1623387945137,-0.0263164285561,-0.0646044026754,-0.2485310343070,0.2146346747698,0.0868276272812,0.0098746913064,-0.3197734221848,-0.1585945039053,-0.0168889813414,-0.1950708577084,-0.1569651616897,-0.0476343989080,0.1751803914006,-0.1483785159700,0.1038118502265,-0.3700121578791,-0.2317349158712,0.0614176949244,-0.0276423141385,0.0975998198874,-0.5226390737338,-0.1394641079264,0.0006719645039,-0.1175217056373,-0.1080122208301,0.0006770961271,0.0420593817460,0.0922925671519,0.3303780054472,0.1564585596785,0.2571382817138,-0.2437162506568
0.4795356879338,0.5037167087968,0.6495061232763,0.7409009940864,0.5982661613838,0.8290752462764,0.6335338306279,0.0433985715087,0.2221570001865,0.8490354747284,0.3324881378739,0.5707993122068,0.5086753985720,0.5700915345206,1.0000000000000,0.4671374985425,0.5302099290835,0.3727111741901,0.3175848068539,0.2402352053513,0.5231113212454,0.4058650948702,0.4188849926848,0.4167955962028,-0.0665085705346,0.4817972541960,0.4317016417631,-0.2805042861563,-0.0872295883183,0.0086064583450,0.5068173539919,0.6038589243824,0.6236363914548,0.2064547432277,0.4578991463723,0.2393619510928,0.3262163478310,0.2203190700972,0.4486338565559,0.3871399123534,0.3077571465990,0.4079850268140,0.5941396881907,0.0311949483750,0.1255393096742,0.1150370195390,0.3661984970297,0.6293360340082,0.2639184154914,0.7763055703214,0.4049097411397,0.4916016510782,0.4714407976062,0.7523796248829,0.7002230253455,0.4557706277107,0.1250182448802,0.0086630716773,0.2681403225739,0.1657518462335,0.2577520908533,0.3383002796117,0.2634085905801,-0.0499443267675,0.3487958997242,0.3511297772443,0.2199762695110,0.1712258966562,0.1247703647826,0.0922841689971,-0.0909701622638,0.3750866748794,0.2889491072821,-0.0082077043371,-0.4527224590289,0.0225176510192,0.2851568530902,-0.3813779096895,-0.2897391443106,0.2631674723945,0.3155762811840,0.2048647500030,-0.2479896779626,-0.1557664273636,-0.1176391420147,-0.0888532520276,0.2454175815063,0.4159686990216,-0.2311793298288,0.0752729307989,0.4032783639726,-0.1017091561368,0.0422084577129,-0.2102252452713,-0.0000427960952,0.3592125907119,-0.0373168616511,-0.1489402634434,0.2075271382491,0.1568292302905
0.0663686682547,0.0133069321656,0.2408704668470,0.6354403909668,0.1932384238302,0.4419520287794,0.7681733696322,0.0758688333985,0.4865619325524,0.3078866160926,0.4015403541431,0.4001648702610,0.4788254873770,0.1275389960173,0.4671374985425,1.0000000000000,0.6797813870908,0.6312342433017,0.7866540965899,0.6419160068155,0.5706361873365,0.0341196589386,0.3130102682396,0.6887305286202,0.1146791893370,0.3380756781741,0.5235357922014,-0.2290241098083,-0.1026480933451,-0.1003875020524,0.8175826035534,0.3901509067735,0.5042919136805,-0.0515903150217,0.7470209622424,0.6151478203007,0.5527141011811,0.3687592404225,0.6022004798469,0.0497797384986,0.0456545812362,0.1625357656396,0.7229249038877,-0.0982646770891,0.2192248493080,-0.0990814946283,0.0669688346682,0.4917700474478,-0.0577981123687,0.4050839489568,-0.0168961544529,0.0641437937312,0.5152075057668,0.4747504241708,0.4631135697650,0.7372368794342,0.4318795049592,0.0785040189619,0.6053555847626,0.2698999087541,-0.0362253298535,0.3245553885159,0.1267272832764,0.1796873769794,-0.0604580560312,0.3561060004642,0.7494648479513,0.5777587456941,0.5206977799759,0.4434442917746,0.2100394437467,0.1161793835300,0.6583432325854,0.0973576502733,-0.2178354138009,0.0933037578779,0.4432049462902,-0.2844207490444,-0.2060045636348,0.7954773959786,0.1473579551717,0.2890466310819,-0.3378145545308,0.3003450639339,0.0162133749462,-0.2355918563134,0.5562422422929,0.7935537593727,0.0635093141394,0.3339269269229,0.5954949428651,-0.1827692306960,0.0256014836224,-0.2771424687420,-0.1430144237587,0.5035373413302,-0.1664859569563,-0.2217947221516,-0.0709651507096,0.1437125686140
0.2283025547466,0.0494247619871,0.2388936004511,0.6342683137360,0.3560488876034,0.4779701300167,0.6493100921176,0.1021959008967,0.4092252827099,0.4517254786115,0.5449699551282,0.6460097623562,0.7743611539362,0.3268919281115,0.5302099290835,0.6797813870908,1.0000000000000,0.7279080222820,0.4926433535223,0.5860728920923,0.8164425137653,0.1995670313116,0.4303079775118,0.7241026779515,0.1271522283398,0.5117582777593,0.6573740576465,-0.1757737144426,-0.0628995747868,-0.0443179255879,0.8494146330423,0.5568709359241,0.6994081174823,-0.0405935893106,0.4700845576473,0.2395243255521,0.7167548748488,0.3474268377422,0.5069340319434,0.0039662240535,0.1643418004514,0.3122839252882,0.7131372668394,-0.0523812969696,0.3209875670527,0.0143422400038,0.2804491579296,0.5053391270849,-0.0862874453934,0.6256146377295,0.1057729213538,-0.0306231985737,0.3623127904554,0.5435310746231,0.5317669931540,0.5595299935188,0.4530599444362,0.0202191367149,0.4130671467999,0.2351350698063,-0.0885897764468,0.4765712951358,0.2096272015931,0.1972779244931,-0.0924943722106,0.2151126450146,0.3494544231849,0.5972550489424,0.2361660937901,0.3222736497511,0.3119304140364,0.2835150384747,0.6182680396957,0.2194546603765,-0.4214870393743,0.1274149906765,0.5404153624664,-0.2966164767471,-0.2116287757136,0.6387870175132,0.2146707035317,0.3699808812847,-0.4268028442362,-0.0383088222569,0.0334259217306,-0.2500568278182,0.6502206408241,0.4936400890801,-0.1107451404123,0.2539196655939,0.4764045764768,-0.2029077120985,0.0544369307027,-0.2635421412138,-0.0189178977614,0.3945642179157,-0.2834195702557,-0.2472719710156,0.0632069462815,0.1138549353190
0.1508511377924,-0.0363251659972,0.0849145710653,0.4547026431840,0.2278199002289,0.3567068649365,0.4858628141473,0.1548972489040,0.4562738486729,0.3401087852928,0.5111436022549,0.4873748940030,0.5897900429926,0.1620651567682,0.3727111741901,0.6312342433017,0.7279080222820,1.0000000000000,0.3991795950071,0.6231340703578,0.5939176430272,0.0748848695141,0.3277261684626,0.8134080282540,0.1454693665587,0.3552726478303,0.6388158654806,-0.1324396788709,0.0075386590151,-0.0580326355997,0.7896176191314,0.3962315083901,0.4728408578269,-0.1348330114495,0.5858401960067,0.1713990625570,0.6899882319532,0.3775973558593,0.5777477448072,-0.0310847491705,0.0366721511384,0.2292907104883,0.5835021750169,-0.0621949607303,0.2651342163379,-0.0698304636309,0.1780943528335,0.4951822847079,-0.1122808986813,0.4665000651605,0.0219296476602,-0.1277030500284,0.2104583548932,0.4231072375782,0.4220420782577,0.4229106578221,0.5591783591953,0.1842127353522,0.5065829951422,0.2492444080556,-0.0500385909591,0.5155591045046,0.1520539540369,0.1185983956713,-0.0657674529144,0.1560694596755,0.2737721161108,0.6405020162272,0.1501441349871,0.3939983912772,0.2290761848220,0.1717884395933,0.7538112199793,0.1580751053938,-0.4119818128722,0.0244323656347,0.5132466051854,-0.2594710719791,-0.1164585994443,0.6843366381075,0.1337664458886,0.2163576701784,-0.3142257877092,-0.0345825267359,0.0231457818156,-0.3084863608860,0.6640506416004,0.5362427138022,-0.1079242315160,0.2319979719068,0.5395233890730,-0.1813841352762,-0.0544948985931,-0.3388165566513,-0.1435043267069,0.4239184508814,-0.3053584999820,-0.2507478945218,0.0525074318877,-0.0122140727143
-0.1053187075726,0.0216053212955,0.1425872131794,0.4737457031451,0.0106597400183,0.2402154340219,0.6040418777211,0.0729736909930,0.6662896500057,0.2095305911068,0.3055012367073,0.2384802984138,0.2785358417104,0.0319086066065,0.3175848068539,0.7866540965899,0.4926433535223,0.3991795950071,1.0000000000000,0.5483285117835,0.4091268563443,-0.0355138785381,0.2306114125422,0.5143714888436,0.2734213164471,0.2125002943424,0.3480783789289,-0.0976068180559,-0.1059455815509,-0.1561844443838,0.5947285398390,0.2167198410088,0.2974663852988,-0.0614719514150,0.5253144785991,0.5856975090521,0.3812613201012,0.2516069150428,0.4018179793567,0.0266660349350,0.0495488341616,0.0745231798485,0.6109551859184,0.0120194147694,0.1613298592529,0.0244261020079,0.0575305683616,0.1598898655769,-0.1147853380057,0.2122542838156,-0.1633572159975,0.0848927029677,0.3901208935456,0.2696354708129,0.2249728083566,0.6875294274324,0.2830234907456,0.1283906308044,0.5935253129731,0.4595857375131,-0.0445181449383,0.2185363677190,0.0845946951598,0.1710237021765,-0.1187854763714,0.3564158022548,0.8123798345448,0.4658510085307,0.7676704079188,0.4073560714731,0.2014081043931,0.0016049445665,0.4806412091260,0.2432071142280,-0.0502560118690,0.0717728655989,0.3759025380226,-0.1131085315215,-0.1730053107326,0.6661679467628,0.0262857504321,0.2142660082173,-0.3281919172464,0.3972866993320,-0.0621512687603,-0.1788835227428,0.3774125426609,0.6225827292530,0.1475157689041,0.2728024387988,0.3905516056957,-0.1081827311099,0.1662439982229,-0.1257298700720,-0.1357383433444,0.1906486177644,-0.1518012795214,-0.1485975723374,-0.1303004662950,0.2309065517041
-0.0721806897407,-0.1525952845257,-0.0006928027030,0.3337760484922,0.0189020004143,0.1500891560310,0.3982378546204,0.3957665580825,0.6286088628779,0.1575436735688,0.4222440084888,0.3166290468738,0.4836056427199,0.0176882905165,0.2402352053513,0.6419160068155,0.5860728920923,0.6231340703578,0.5483285117835,1.0000000000000,0.5996671036143,-0.0250437924092,0.3197312096328,0.5835106889985,0.4301944925708,0.5401639470870,0.5944968793823,0.0518671424473,-0.0610792685383,-0.0795774603510,0.6102884015992,0.4309091006765,0.3934368315629,0.0884095612897,0.5037851403459,0.4220250677458,0.5089829859145,0.6704764889813,0.3832488393500,0.0478910940443,0.0363094204314,0.0986142873095,0.5075492261117,0.1930525218578,0.4183526587666,0.0682380189804,0.0886045059947,0.3241248900791,-0.1686440083697,0.2635463398405,-0.1838737020708,-0.2281105979691,0.1239604101684,0.2328393366319,0.2316619089010,0.3303688543143,0.5863444612605,0.3674684452110,0.5391435827245,0.4842138221995,-0.1633204471156,0.3301684373582,0.1120834552291,0.1306998558761,-0.3115235262160,0.0350514826994,0.4452384450245,0.4764061825357,0.4193243295377,0.7826898429799,0.2595714024337,0.0408277896394,0.6274444144820,0.4870080936055,-0.0897159137418,0.3450204830152,0.5775960531129,-0.1037738651958,-0.1884011501711,0.5569546581085,0.1605341522096,0.2621517637098,-0.4345897162291,0.1760291569686,0.2872048898066,-0.1261111199859,0.5068495898894,0.4673494909060,0.1022705504535,0.6462456998551,0.3496094283471,-0.0318225660035,0.2734951530932,-0.1769434042823,-0.1716393984736,0.3500672090550,-0.2730245937066,-0.2737869919761,-0.1906201747737,-0.0408189531454
0.1287279241739,-0.0226914797609,0.1847988754690,0.5791215637630,0.3105899059442,0.4125101949903,0.5150521377715,0.1858115378099,0.4064220546680,0.3901720017151,0.6179524362346,0.6901749660813,0.6933461788381,0.3313621293856,0.5231113212454,0.5706361873365,0.8164425137653,0.5939176430272,0.4091268563443,0.5996671036143,1.0000000000000,0.2555338626352,0.5191496260701,0.6879118437307,0.0799334547281,0.6804844607048,0.5787314698285,-0.0339213328784,0.0345718514119,0.0218780089486,0.6324543057660,0.5913979275008,0.5926846076053,0.0486737584215,0.4751355982321,0.1793552064103,0.6218677672055,0.3390306376527,0.2897823254234,0.0685494754513,0.1884359357563,0.3304661479458,0.5530132152811,0.0730199244407,0.3557108761640,0.1772219161943,0.3749965950101,0.4455794893605,-0.0839728131995,0.5833612306922,-0.0073302605459,-0.0584300678167,0.3177656082752,0.5051032014718,0.4652759685976,0.4490060168237,0.4514910863102,0.0504703235363,0.3565798460013,0.2273444057073,-0.1568731768031,0.4841518231313,0.3218709583874,0.1184904539835,-0.1233747538281,0.0670054798363,0.2857205778532,0.3925800067983,0.2466583382050,0.4257192403557,0.4510437338157,0.3170260175040,0.6087398510827,0.2052341530220,-0.2243883341627,0.3460999483690,0.4927035537280,-0.2164361560848,-0.1767679678726,0.4799845953493,0.2903160288222,0.3325154729863,-0.4817259933770,-0.0439323897616,0.1569099054709,-0.1785496453932,0.5529369761532,0.3933617501035,-0.0352963601197,0.1669671868848,0.2257721272320,-0.2421169686347,0.1639641541044,-0.1881943746838,-0.0106173151531,0.3821864920788,-0.2845262050755,-0.2306187728308,0.0285142138457,0.0670100485639
0.4862691261843,0.4761053704410,0.4447337151806,0.1502910584037,0.4654066509703,0.4329428740845,0.0600908552317,0.1895011714018,0.0013191104250,0.6076981064191,0.1372785400975,0.3254472283915,0.2909043840587,0.6146516465422,0.4058650948702,0.0341196589386,0.1995670313116,0.0748848695141,-0.0355138785381,-0.0250437924092,0.2555338626352,1.0000000000000,0.3855320343185,0.1309996358197,-0.0925807525850,0.3491677938248,0.1872465619282,-0.1697437266180,0.2109464118869,0.4265293393533,0.0933090910474,0.3443814393181,0.3088148772317,0.3658533797236,0.1264130748721,-0.0542739029266,0.0242666010069,0.1195733021561,-0.0042215497972,0.3245162183928,0.5357557397971,0.4428603167758,0.0754445159676,0.0604559926627,0.1247416499440,0.2871254403067,0.4179280846734,0.1673052957091,0.6707042101664,0.3933137986075,0.3364276266337,0.3454583787117,-0.1241755578149,0.2076320788518,0.2484949649848,-0.0720010582792,-0.0793345922996,0.0055316129238,0.1255058410842,0.0066279664318,0.2637058468254,0.0361182771544,-0.0392326978497,-0.1653550147540,0.1970721955941,-0.2371645702232,-0.1327156878343,-0.1187805871208,-0.1202925793481,-0.1539030009272,-0.2104514892236,0.5113375189199,-0.0038560859772,-0.0342710662651,-0.3140178883222,0.0102596470659,-0.0907875823654,-0.1448529774372,-0.0161554472367,-0.0479837543798,0.2331303299414,-0.0736298862890,0.1142630932966,-0.3540972627501,-0.0721753525818,0.2747183720957,-0.0987149834714,0.0003191822749,-0.4428018231073,-0.0865128280898,-0.0374105181802,0.1694434379226,0.0427518976914,0.1304676843798,0.2665356095220,0.0129805280960,0.4613806651316,0.3028478331461,0.1426559414996,-0.1904621868797
0.2541641226695,-0.1414956179229,0.2689246160597,0.4258014832767,0.3997638956548,0.4220444624907,0.3821322957799,-0.1023249765992,0.1375837046570,0.3851399618680,0.5574646539701,0.7510955364520,0.4771262538001,0.2446590003967,0.4188849926848,0.3130102682396,0.4303079775118,0.3277261684626,0.2306114125422,0.3197312096328,0.5191496260701,0.3855320343185,1.0000000000000,0.3917997689558,-0.0085408591661,0.6256017380440,0.4912573338837,-0.1260750461501,0.1201667865840,-0.1085405158669,0.3969677520469,0.5562593334881,0.6177868379607,0.1386301449106,0.2852823764616,0.0938443585836,0.3851520177418,0.1783114487145,0.1886437844527,0.4260856281410,0.4531920857772,0.3976756484273,0.3152244346531,0.1118559743324,0.1037357029194,0.3619553836850,0.4561584907240,0.4200923695561,-0.1354863344524,0.5148890593248,0.1066873143576,-0.0364549063013,0.2378368350715,0.3855588333628,0.4420945514175,0.3137923731322,0.1979089975635,-0.0364329479226,0.1054666981758,0.0510292731131,0.0563721144827,0.4126134309801,0.4591106292822,0.0883769625383,-0.0922709923976,0.0941448090804,0.1306568287520,0.2660309109669,0.0059461180292,0.2532676296851,0.1263794759643,0.6480155347507,0.3062524713835,0.0554046894364,-0.2955808558328,0.3326318158417,0.4174382725202,-0.2753006194845,-0.2219794037732,0.2738369540345,0.3137395492319,0.3417500455683,-0.4896801418266,-0.0174000155345,0.0247175929599,-0.0649272181813,0.3018889999220,0.1909031252466,-0.0386484260904,0.1162862835507,0.1712199210696,0.0008606123212,0.2188085771914,-0.1115877737524,0.0521673992530,0.3547756498697,-0.2359287614776,-0.2457730663818,0.2114210185592,0.0618792980026
0.1413754816348,-0.0199534683498,0.1858381456845,0.5195804902356,0.2664165856548,0.4079518262560,0.5338041893743,-0.0199480182821,0.4686379748902,0.3350498003884,0.5628538546671,0.4974531003584,0.5820827164840,0.2419172468240,0.4167955962028,0.6887305286202,0.7241026779515,0.8134080282540,0.5143714888436,0.5835106889985,0.6879118437307,0.1309996358197,0.3917997689558,1.0000000000000,0.1023062184107,0.4075157905274,0.6984783474525,-0.0819341125495,-0.0185154541683,-0.0202200974138,0.7968057283768,0.3384342243459,0.4340805666960,-0.1067826382900,0.6954485834592,0.2763367545579,0.8011754537128,0.2648530102223,0.5617216473888,0.0550621179176,0.0973385913983,0.3258138911695,0.6249741412117,-0.1070379288535,0.2466159705011,0.0662102984888,0.1826822598610,0.4880882945395,-0.0902856660840,0.5170855063125,0.0430465929443,-0.0857140493988,0.2960772121132,0.4528673286025,0.4771293827714,0.5233653899240,0.4777523329303,-0.0310529251047,0.4201983486524,0.2597779010359,-0.1351938993686,0.5300708462581,0.1537340529029,0.0562126191265,-0.0463343363282,0.1466120236639,0.3948324371017,0.5757416501487,0.2716856837492,0.4061935716351,0.2617996299158,0.1773256432543,0.8876492442593,0.1255143161194,-0.3779393803135,0.0032423391277,0.5165758561903,-0.2280472055518,-0.1452471078630,0.7113410153397,0.0733315816721,0.1684671876512,-0.3515206138579,0.0295657366898,-0.0689293882317,-0.3488489328799,0.7473986689862,0.6205382984057,-0.0800184061809,0.1148358122844,0.5062105689591,-0.2741608112144,-0.0683466172246,-0.2937977578951,-0.1798002107316,0.4253909409410,-0.2792098508503,-0.2156665147084,0.1138321712250,0.0134411091424
