1.0000000000000,0.5178890282097,0.6903525950309,0.6405576397014,0.7880678515243,0.7338979746362,0.4904180640247,0.4591990144692,0.4665404729320,0.5685332831417,0.3037764626034,0.4844601566087,0.5369511263916,0.8076023166252,0.6883972985536,0.5268848622489,0.3713225911202,0.3235348225188,0.4138874617221,0.3657539402520,0.1972606734982,0.1866427394605,0.1419773651498,0.4072213688845,0.1769317347107,0.3788125935786,0.1691984738644,0.0669347562069,-0.0433248767028,0.1299794837311,0.1191792016368,0.2503150738790,0.1462670714922,0.3163932485713,0.1101326492595,0.4705491152835,-0.1216490335672,0.0437627769679,-0.1037441310603,-0.0145740846286,0.2730158735068,0.4540999411563,0.0570213984076,0.1145949055223,-0.1103731057045,0.0647050369970,0.1285334198182,0.4594308090037,0.3731444560557,0.6511809681042,0.8333139333799,0.6625094087614,0.4992314838579,0.5945101238429,0.6309145099229,0.5930912113216,0.3785336385657,0.3361674229723,0.4599379605955,0.4288405523470,0.3040571938311,0.3670179318884,0.2108051211911,0.2709016836253,0.6337989924099,0.3441477946434,0.5495145338649,0.3234161550007,0.4698898873571,0.4299479717591,-0.1791403011204,0.1111381666253,0.2515785627167,0.4008821974650,-0.3769719039342,-0.2972517048304,-0.1634868538863,-0.1552976742647,-0.1171421367888,0.2639181900273,-0.1686016749333,-0.2001116741889,-0.0323480609243,-0.3731916905639,-0.4852943672605,-0.1062086142133,-0.1978130378346,0.1750553820367,-0.3477865974141,-0.1516135053151,-0.1301916237710,-0.2167933168614,-0.0948646498341,-0.0041174475399,-0.2716334465734,0.3208156556050,0.5038226931307,0.4462739822902,0.3748007908822,-0.0984165053933
0.5178890282097,1.0000000000000,0.5070825196879,0.3313070261248,0.2221640001404,0.3794562669541,0.1983435920952,0.1865880109243,0.2091061520723,0.4301388280259,-0.1191421621462,0.2654711128545,0.2262027842198,0.6195904195403,0.4501884826996,0.2288630187965,0.1453143474514,0.0453207172125,0.1791885911184,0.1144580675179,0.1428249208038,0.1848307384621,0.1587003722259,0.0250578837686,0.0730903126241,0.2512641307778,0.0816656474336,0.1260621838717,0.0526053869351,0.3113546074545,-0.0592319064132,0.2126006399249,0.2531828982134,0.2577885370468,-0.1041973914367,0.1555958957024,-0.1579162141964,0.0736208070146,-0.0907593138842,0.2112446465713,0.3309423696541,0.2960455306380,0.1219371672277,0.1995937424581,-0.0503647923043,0.1311924236555,0.2281916150875,0.1663699040586,0.3321029998950,0.3640356553288,0.3779159315299,0.4090199453956,0.2543001845013,0.3243727718793,0.2420616659972,0.2464538541048,0.1456258856922,0.1133602186759,0.1762028154666,0.2369823473047,0.0894780864935,-0.0980323988959,-0.0867797271038,-0.0289080985457,0.3062826485852,0.1022209427571,0.2364877269668,0.0030956080517,0.1957701350666,0.1629415515279,-0.2790176509911,0.1240732051789,-0.0702866540389,0.2413513871044,-0.3937324459618,-0.2909476517335,-0.1488230829932,-0.0236382803804,0.0016477813572,-0.0156350183647,-0.0768221507856,-0.1523786534288,-0.0704100807477,-0.3312176030811,-0.2516108296289,-0.0232923162097,-0.2007241833049,-0.0953339041998,-0.2138368547934,-0.1306470278058,-0.1385683430469,-0.0043817576851,0.0892828773142,-0.0439470284844,-0.1534059862105,0.0448805997467,0.2322953722726,0.0817665715843,0.0890407624951,-0.1796984934594
0.6903525950309,0.5070825196879,1.0000000000000,0.5624679377493,0.5691672132416,0.6873920431827,0.4404009737505,0.3104988840677,0.2822703949831,0.3182995788586,0.0300807175321,0.1477607726994,0.2474169971326,0.4630044948481,0.4547631392078,0.3575471671334,0.2143436724514,0.1772855887028,0.2913227481559,0.2660217868372,0.0941733821279,0.0487536147992,0.0167128937540,0.1489863625780,0.2252354032856,0.3723286947771,0.1246195003264,0.0792973503843,-0.1103611476230,0.1020069368474,0.0297242140222,0.2964980446919,0.1157833951614,0.3085042298562,0.0860349281458,0.3846661643989,-0.0512829479620,0.1845774990880,0.1607384786248,0.2660106779470,0.2284072152552,0.3982458271596,0.1951372329957,0.3755419581604,0.0447275642023,0.2834627739575,0.2205840067507,0.4685201553097,0.1832514272280,0.3617647723718,0.6161476907104,0.8154042799101,0.3661295413591,0.8547491805870,0.4746040389359,0.5133708209425,0.1981281876758,0.1640630932962,0.2115555415371,0.2959826882395,0.0114904210218,0.0563931549168,-0.1009810483616,0.0141455318348,0.3238115558734,0.0520134867840,0.3064279020542,0.0383667915781,0.2715548367732,0.2640086011530,-0.3790383265900,-0.0669767058082,-0.0444047723464,0.2852331351224,-0.4210012517809,-0.2713201485064,-0.1525096963863,-0.1298468261312,-0.0900688121822,0.0400595417190,-0.1448179283978,-0.2985718096794,0.0011584059577,-0.3407916358314,-0.3205970263378,-0.0622900187208,-0.1564505186108,0.0956050154302,-0.1693516266910,-0.0035776287239,0.0628730507476,0.0751729534947,0.1339674221621,0.0975841996789,-0.1305728622002,0.2579622569449,0.2022654098388,0.1943663253251,0.0818198321338,-0.4144060581149
0.6405576397014,0.3313070261248,0.5624679377493,1.0000000000000,0.7799700230170,0.6734295584305,0.8151336890094,0.7946576886780,0.7396317645607,0.4272399601427,0.2831548342032,0.3610835415106,0.5735469293933,0.5657974795110,0.8149457113177,0.8853561945493,0.6517108065787,0.7213785117054,0.8202476821457,0.6913855376984,0.1931760547710,0.0534865337891,0.0228543448233,0.5129835529585,0.3058888928309,0.3230225153343,0.1818300466212,-0.0052028280459,-0.2177320146807,0.0300129281674,0.3761777796699,0.2890001832742,0.3549513504050,0.2499266881863,0.1654642816482,0.5200999545175,-0.2418561626198,0.3164655947411,0.1422240019283,0.0638493321185,0.2765862280704,0.5571352079938,0.3417691873480,0.1132961211136,0.1782073570479,0.0951835933999,0.1753252069008,0.4329544092743,0.1051862196804,0.6885334347826,0.7914916325465,0.4124562523195,0.8850673484847,0.6570572708991,0.6986428679650,0.8853136302970,0.5931225387141,0.6582088002000,0.7492839831843,0.7280288157468,0.0366349024459,0.2547339201191,0.1295710287852,0.3156687687189,0.6479723373840,0.4308175992716,0.8155335084412,0.5949648005228,0.7961633385022,0.7156127701796,-0.3821816924141,-0.1281235661706,0.3544207600960,0.3680685962447,-0.3834267069377,-0.2590995151697,-0.1314581056868,-0.2009384690605,-0.4284002080067,0.5242178779005,-0.2953469133944,-0.0919105280919,-0.3165633941642,-0.2353661757801,-0.2496080716068,-0.3283169853814,-0.3132901366551,0.2643824967495,-0.2068482541919,-0.0311518381541,-0.0490847597489,-0.1806477248141,-0.0962627941989,-0.1719696573145,-0.4128200549567,0.3238974930286,0.1153946426831,0.0731866899833,0.2175044570680,0.0118421804906
0.7880678515243,0.2221640001404,0.5691672132416,0.7799700230170,1.0000000000000,0.8319199445791,0.7828198670147,0.6490971741986,0.6269982507525,0.6210494045879,0.5482792414967,0.5733982254448,0.6530780728270,0.6295261583930,0.7767913565629,0.7308102326899,0.5724333919228,0.5274440949249,0.5984613480965,0.5690892271112,0.3504001037739,0.2538061572260,0.2157891880945,0.6537207315531,0.2556637789772,0.4603671725110,0.3389576399535,0.0397066161902,-0.0244967916386,0.1014002343125,0.3724040986112,0.3541626555743,0.3210510151184,0.3242558116300,0.3188270956543,0.5687613036574,0.0114546569923,0.2170445337161,0.1167291567705,0.0283435138196,0.3139710565088,0.5056132760461,0.2633130110179,0.0328257069805,0.0875587533085,0.0960951210975,0.1936277668522,0.5814161583206,0.3733622534399,0.7369308582127,0.8776217117975,0.4714770848808,0.6107891569696,0.6893957691044,0.8072608157008,0.7792364581515,0.5809110351087,0.4722804265138,0.6350732879022,0.5888687613231,0.3356405564846,0.5292691249199,0.3151080184700,0.3534196768023,0.5959782512124,0.4977611204992,0.6942824828189,0.5253678914546,0.6549999173706,0.6095229322387,-0.0898704286799,0.1004957979675,0.4986756659105,0.4955023885691,-0.2090246201870,-0.1531632076910,-0.0237793198433,-0.1361398263099,-0.2706199683412,0.4949295174622,-0.1690909900561,-0.1011628972588,-0.1725734666722,-0.1818918712942,-0.3219935635247,-0.1457190820587,-0.0645503116618,0.4074738651826,-0.1999282536570,-0.0249646483600,0.0449852884343,-0.2044479532856,-0.1225839340756,0.0570049991011,-0.3396348252644,0.4851061866887,0.4890927134228,0.3801681133810,0.3646835444971,0.1118142679592
0.7338979746362,0.3794562669541,0.6873920431827,0.6734295584305,0.8319199445791,1.0000000000000,0.7804333669546,0.5362615031056,0.5456876411352,0.6577043039723,0.2832903222726,0.4587348629119,0.5564797780561,0.6221627522056,0.7944016146203,0.5816905661868,0.4335926967808,0.3971443198985,0.4780583858192,0.4189828943133,0.2106405039884,0.2692001607363,0.1047439502480,0.5053252046236,0.2339204210977,0.4091862791492,0.1816927312679,0.0065007866362,-0.1210415439894,0.0863206010553,0.1934202059999,0.2978545835719,0.2087696730715,0.2862553643681,0.2394297109582,0.6164919262290,-0.0770642565523,0.0579291625689,0.0703470497686,0.0231117879602,0.2818923831333,0.4550272813304,0.1720448630351,0.0847348128514,-0.0389108432742,0.1427091314457,0.1662747658757,0.7123088595446,0.3294655137875,0.6522872914700,0.7867720784304,0.5052738563410,0.4740240298388,0.7566341606415,0.8923197855753,0.7626039873334,0.5524100000063,0.4577234349722,0.5415924630664,0.5205965514235,0.3563543982756,0.2947694273666,0.1539222050133,0.2896773595110,0.5623778281323,0.4766167670696,0.5999463682561,0.3621956311090,0.5827437876506,0.4904404515208,-0.2092676681133,0.0787996099970,0.3728308347534,0.4871335095178,-0.3140112741307,-0.2506688427505,-0.1877826825689,-0.2590547862955,-0.2135945525981,0.3183779977812,-0.2205226368223,-0.2174010231191,-0.2030173543315,-0.3111547469630,-0.3934017556827,-0.2029967709317,-0.1453281544659,0.3486017890703,-0.2319624325575,-0.1222848978903,0.0172039180638,-0.2531546664848,-0.1479388860535,-0.0405515138479,-0.3063742197181,0.5547055169602,0.4273512864843,0.2821239534673,0.3445755454303,0.0375427332000
0.4904180640247,0.1983435920952,0.4404009737505,0.8151336890094,0.7828198670147,0.7804333669546,1.0000000000000,0.7440816931230,0.7176813623687,0.5195799890681,0.3733979488398,0.4125747810982,0.5715380778578,0.3996341504456,0.7748644516550,0.7809045571400,0.5915035165294,0.5799948751785,0.7187487315200,0.6002223562182,0.2784128883191,0.1419999781425,0.0691515265708,0.6332637356623,0.3356950444687,0.3257840664887,0.2882396502557,0.0018408757687,-0.1000245532856,0.0717090120451,0.4543648293071,0.2437171876003,0.3500798925216,0.2566563080799,0.4044901046373,0.5547162252047,-0.0260204181269,0.2752071780843,0.2706538502809,0.0654380223089,0.2942162866160,0.4757818066357,0.3768273266052,0.0357923725649,0.1780137857549,0.0371253553631,0.1539495049500,0.5626052051399,0.1793001712630,0.6796926001929,0.6771179242219,0.2425647319250,0.6657260827000,0.6618777177885,0.7917142549250,0.8932439302919,0.6753575009029,0.6422240098150,0.6781955062249,0.6941931617641,0.1938496243260,0.3525807700674,0.1920596652444,0.3074983843898,0.5009651855833,0.5350733613683,0.7262128126348,0.5379226842448,0.7415818489577,0.6649000149629,-0.2248259674547,-0.0452102065567,0.5163594196080,0.4768211128826,-0.1796127609669,-0.1507176941621,-0.0478199995998,-0.1722025840943,-0.3275427907783,0.5564507199826,-0.2927266370833,-0.1306481404035,-0.3062684448336,-0.0632800478021,-0.2118872003932,-0.2912088607584,-0.0936431914346,0.5055742323773,-0.1029912081738,-0.0014168844473,0.1362081055487,-0.2281755243941,-0.1069503332881,-0.0398385343530,-0.4033933575780,0.4888946521018,0.2020269773906,0.1458474873130,0.2208686311590,0.2024750215619
0.4591990144692,0.1865880109243,0.3104988840677,0.7946576886780,0.6490971741986,0.5362615031056,0.7440816931230,1.0000000000000,0.9169908880283,0.4217765285341,0.3324839885953,0.4084894214713,0.6405984902227,0.4684101835824,0.6984814689681,0.8430329961217,0.7488349610351,0.8245594437168,0.9090343470236,0.8673994310361,0.3377261033621,0.1790199156451,0.1079928977559,0.6864781777509,0.5650003694981,0.3313776471201,0.3276977075044,0.0709914931948,-0.1301456997491,0.1262387587527,0.5465877790862,0.3136987602917,0.5030862799493,0.2447556388358,0.2423249191778,0.4711322183585,-0.1781264583343,0.4269692482782,0.1147090040178,0.0844122088285,0.3107702129958,0.5104479538683,0.3778706212796,0.1546354635442,0.3093167304459,0.1114685891899,0.2324248366525,0.3660430198930,0.1313938686190,0.6703137057017,0.5946547586540,0.1125888325977,0.6714499298800,0.4744793436531,0.5948468013202,0.7388371353716,0.7312193324145,0.8108099996320,0.8400780692890,0.8766721265324,0.0335128052063,0.2964779783632,0.1768860481469,0.3441886354835,0.4442703641053,0.3659688900827,0.7525500362315,0.6624105850743,0.8550746943761,0.8782039405521,-0.2836911680564,-0.0722840743963,0.5466599724939,0.5591456538063,-0.2149550671259,-0.1632941012546,0.0373020637052,-0.1237570991520,-0.3845444071903,0.6392999236284,-0.3032346818727,-0.0459073321320,-0.3253258628143,-0.0690471193389,-0.1394768288105,-0.3066295666129,-0.2364026321383,0.2933793970446,-0.2076088248211,0.0268686156305,-0.0684502881946,-0.2131833832871,0.0278418647388,-0.0832570041582,-0.4477059648071,0.2884729636052,0.1093422648078,0.0446255193283,0.1357434189109,0.0478111101273
0.4665404729320,0.2091061520723,0.2822703949831,0.7396317645607,0.6269982507525,0.5456876411352,0.7176813623687,0.9169908880283,1.0000000000000,0.4482139951159,0.3149332408587,0.3888378687318,0.6191330383970,0.4693786278058,0.7070942905305,0.7779656994126,0.6310223943747,0.7180223184520,0.8798457060351,0.7439062918365,0.2460937993892,0.1274533684593,0.0263099953392,0.7204761622839,0.4793058273312,0.2614443888097,0.2473062724881,-0.0009499593575,-0.1946684953750,0.0595006573835,0.4280117873961,0.1979201718305,0.3811435751101,0.2354662553490,0.2312701257924,0.5508633571476,-0.2038699971266,0.2997627256479,0.1009462576580,0.0486559610151,0.2154968029875,0.4898150647471,0.3350922209277,0.1252899469578,0.2125959387562,-0.0287457570584,0.0816894190130,0.3723996456311,0.0743071742629,0.6549904985783,0.6051000758302,0.1092062465289,0.6510635239952,0.4399472564473,0.6272715294660,0.7519105842586,0.7410461688853,0.8358698689404,0.8200294608976,0.9585255704708,0.1174393291287,0.3495481528532,0.2340012189087,0.3940111817989,0.4719389429380,0.4678048399421,0.7606661121677,0.6253023321062,0.8675099501836,0.8525680213177,-0.2560408762575,-0.0475474748671,0.6037512980761,0.5723943519395,-0.1800042690323,-0.1683299677441,-0.0120504443092,-0.2111943599091,-0.4019620103539,0.5852427674644,-0.3596538915110,-0.0928433759276,-0.2651221437622,-0.0430537700731,-0.1819499751260,-0.3890185739860,-0.2518172101061,0.2954555176265,-0.1579903229492,-0.0206248606811,-0.0897661575843,-0.2953074242544,0.0343450732245,-0.1523237312741,-0.5007558316387,0.3350257788020,0.1127410358035,0.0763319934359,0.2346921108748,0.1485571131781
0.5685332831417,0.4301388280259,0.3182995788586,0.4272399601427,0.6210494045879,0.6577043039723,0.5195799890681,0.4217765285341,0.4482139951159,1.0000000000000,0.4979089057581,0.8203067708990,0.6470276982411,0.6223853634959,0.6399996794808,0.4519533287683,0.4690840964636,0.2898876875738,0.3433265898100,0.3672960035972,0.5413938408004,0.6998010311858,0.5107927444958,0.5819490477186,0.1855543744901,0.4610544601623,0.3749802735668,0.0121843926365,0.0627989715630,0.2243670126006,0.3219477940900,0.4351698208753,0.4723624534154,0.3575135126386,0.3565147365436,0.3971859154521,0.2149504576278,0.0266872147004,0.0025281772278,-0.0868580791162,0.3905855426540,0.4176647440512,0.1605053880265,-0.0910737386537,-0.0476378316947,0.1749242934424,0.2362320212147,0.4962909562274,0.4794349147536,0.7134309961652,0.5955881350843,0.1731125568686,0.2521211209438,0.3497332121282,0.6025200867941,0.4343263255160,0.4669006645648,0.2384967961444,0.4719448100964,0.3797502989641,0.7129314430362,0.4623319415430,0.4353316121338,0.2576684038831,0.3148857771182,0.2985510413604,0.4491532279875,0.3791582548579,0.4158347089900,0.3899728960691,0.1957489484164,0.5211878663452,0.5188118164896,0.5349313399479,0.0037008873163,-0.0397521722919,0.0803933270895,-0.1494059438190,-0.1508956728765,0.4436152829587,0.1094473713085,0.0820099687744,-0.1736758285987,-0.0974829490138,-0.2456842875954,0.0452467881687,0.2044657128824,0.3742354928037,-0.2688544652638,-0.1691740257634,0.0594796662354,-0.3183747050416,-0.1436752160049,0.0964657117722,-0.1731575011649,0.3829786207147,0.5246438326544,0.3436768261063,0.5267463871074,0.2238326780039
0.3037764626034,-0.1191421621462,0.0300807175321,0.2831548342032,0.5482792414967,0.2832903222726,0.3733979488398,0.3324839885953,0.3149332408587,0.4979089057581,1.0000000000000,0.6928021129349,0.5455671578910,0.2554693891878,0.2775550383978,0.3243746719872,0.4242194050352,0.2777942021929,0.2629401353934,0.3771465907716,0.5296337138463,0.4698100964218,0.5867876587405,0.6732947080938,0.1055987042097,0.3895212951164,0.5917036067739,0.0665836320290,0.1807642684014,0.0934620580797,0.4814442088813,0.3518230139688,0.4539837743203,0.3088942892024,0.5172096903002,0.2519130898138,0.4398489778643,0.2301527799937,0.2848495807546,0.0610075192918,0.2360820583210,0.2591323116674,0.2366132352336,-0.2138913052352,0.1458433546937,0.2040778997780,0.1807048303156,0.4191942648890,0.3650942037018,0.4338359040497,0.3997585119495,0.0487250602462,0.1959809800403,0.2443343240926,0.3339133543941,0.2530574835209,0.3037924278264,0.1187254593661,0.3510039587757,0.2519045926973,0.4532682518659,0.8071770472206,0.6338267889343,0.3124956411131,0.1306820405325,0.2287906108605,0.2337421142266,0.4128284342557,0.2698062771207,0.3408419625866,0.3729847258305,0.4357119494906,0.6197711507870,0.3281903885437,0.2541714410636,0.1707116270177,0.4742267723001,0.0907784649387,-0.1251982723373,0.4918268390520,0.1377875262961,0.1646929299290,-0.0639529177751,0.2352600419741,0.0125017890059,0.1533121118081,0.4479207338949,0.5210775889801,0.0195450845291,-0.0146902232504,0.3354960371733,0.0106721236724,-0.1232593427575,0.3247278984181,-0.0930811120474,0.4294601165402,0.4293938348162,0.2576554855004,0.2830334301245,0.3304836259306
0.4844601566087,0.2654711128545,0.1477607726994,0.3610835415106,0.5733982254448,0.4587348629119,0.4125747810982,0.4084894214713,0.3888378687318,0.8203067708990,0.6928021129349,1.0000000000000,0.6338286586118,0.5319560951016,0.4775589476863,0.3866957380574,0.5070572437964,0.3088967510605,0.2989544215330,0.4126285062258,0.7139940458653,0.7209181436062,0.7777523605911,0.6646641946973,0.1534234271521,0.5847149212019,0.5582827663615,0.0371664665705,0.1001948241078,0.2158533910290,0.4775669242287,0.5701616402921,0.5900976722106,0.3851559182769,0.3965248962374,0.3283523881650,0.3307418477513,0.1354555423072,0.0248538264649,-0.0815573078484,0.3387886751483,0.3427722500377,0.1820202483912,-0.1472112962485,0.0191921416876,0.2912877126941,0.3201425862967,0.3834339110575,0.4579344357973,0.6093211953369,0.5371517390164,0.0893615874277,0.1960021068252,0.2545450713804,0.4233566594993,0.3163090819636,0.3963115883958,0.1538779256392,0.4636100391699,0.3147658517424,0.6185304876246,0.6370844870938,0.6210288984434,0.2434917845681,0.2478139118986,0.2302625627606,0.3438431175394,0.4305165493596,0.3882496124460,0.4173433634436,0.3980760570724,0.6953112552297,0.6312083085558,0.5271136648871,0.1676091059495,0.1654167961551,0.3399401403104,-0.0402571599133,-0.1831817451859,0.5215584669139,0.2633286637075,0.2987506126023,-0.2294150234056,0.0160488846495,-0.1182072396498,0.2038872992307,0.3349880263758,0.4390229707268,-0.1850160796443,-0.0864046067982,0.1397556024971,-0.2283334419409,-0.1445917395805,0.2484697519436,-0.0524802584493,0.3227388700306,0.4984253264327,0.3098868010743,0.3906997502606,0.2550506375290
0.5369511263916,0.2262027842198,0.2474169971326,0.5735469293933,0.6530780728270,0.5564797780561,0.5715380778578,0.6405984902227,0.6191330383970,0.6470276982411,0.5455671578910,0.6338286586118,1.0000000000000,0.5268069859475,0.6358408979747,0.6114842311665,0.7353516383189,0.5727094032735,0.5432116035869,0.5887773563663,0.3704468375652,0.3690509416350,0.2737830595294,0.5876598144772,0.2763349983433,0.3169111324379,0.2801737315993,-0.1627700440910,-0.1115325646113,-0.0246413799346,0.3908218749942,0.3560358263278,0.4572188384673,0.2014685362228,0.2300116006092,0.4109465225642,-0.0545816323190,0.0901748431822,-0.0608472691837,-0.1674848235289,0.1473271032933,0.3312940473537,0.0913673562038,-0.1230680446203,0.0753777162319,-0.0080161359729,0.1087051298740,0.3575971558891,0.2181330486645,0.6518122825813,0.5710361995726,0.1373826638953,0.4980091936982,0.3689003938484,0.6247168625336,0.5532018231142,0.7066307801079,0.5171063770777,0.6032517776337,0.5359621097280,0.4657430212261,0.5324618617070,0.5508550663317,0.7452652231208,0.3874957420468,0.3826702461189,0.6020446425282,0.6958716025525,0.5357085395316,0.5759891566989,0.0927153085907,0.2825309076046,0.4818796455003,0.4948752586005,-0.0065535149789,0.0245629507240,0.0154234522258,-0.2612761002864,-0.3087858430025,0.6023244165516,-0.0080293493566,0.2466156535512,-0.2886637711193,-0.0757613124714,-0.1186490817446,-0.1367510052374,-0.0873728486013,0.2380870884765,-0.3093793019954,-0.1151800128771,-0.0943740508422,-0.3805055457417,-0.1964820438010,-0.0156778437417,-0.2336795332093,0.3362762279830,0.2764323972062,0.3106102809800,0.3800942840677,0.1651387867224
0.8076023166252,0.6195904195403,0.4630044948481,0.5657974795110,0.6295261583930,0.6221627522056,0.3996341504456,0.4684101835824,0.4693786278058,0.6223853634959,0.2554693891878,0.5319560951016,0.5268069859475,1.0000000000000,0.7279967897462,0.5410707122155,0.4512790454605,0.4063957937541,0.4357798382823,0.4139122651202,0.2626727074076,0.3362322104076,0.2427599634969,0.3776143748542,0.1657581058304,0.3690942423446,0.1615033293830,0.1089513689857,-0.0276614783467,0.2266424783396,0.1610074311394,0.2964769382479,0.2972429922750,0.3076694977778,0.0765435602610,0.4705220808605,-0.1787414449853,0.0446113229720,-0.1715939949124,-0.0133158103204,0.3226083861465,0.4433885922008,0.0813647756300,0.0313473686122,-0.0910194983070,0.1021599832093,0.1528570253827,0.4281484852272,0.4450121165267,0.6383828875886,0.7371605204996,0.4064865231265,0.4439577569284,0.3879525867090,0.5851134955900,0.4860759116832,0.3646531086153,0.3554301692797,0.4655636457292,0.4391559525733,0.2818394930648,0.2679908198222,0.1961066994974,0.2279387452090,0.6460016254283,0.3548473650012,0.5509237971561,0.3731417538794,0.4915331252662,0.4446281256525,-0.1674364956334,0.1858891710279,0.2864591791797,0.3734123836756,-0.3795424264987,-0.3328110509577,-0.1431959601282,-0.1307985621020,-0.1466024890063,0.3046001576634,-0.1068028918262,-0.1117057914294,-0.1238119168734,-0.3557698285263,-0.4092616188298,-0.1283525417351,-0.2295790656796,0.1136969860640,-0.4093978506879,-0.2035109310670,-0.2050827916083,-0.2648255620547,-0.1304325849653,-0.1145061572225,-0.3229374574457,0.3160776328243,0.5095921385609,0.2422919682255,0.3280269586792,-0.0269350923086
0.6883972985536,0.4501884826996,0.4547631392078,0.8149457113177,0.7767913565629,0.7944016146203,0.7748644516550,0.6984814689681,0.7070942905305,0.6399996794808,0.2775550383978,0.4775589476863,0.6358408979747,0.7279967897462,1.0000000000000,0.7679417695985,0.6139292039880,0.6240311545384,0.6825453823566,0.5775368571603,0.1963272827905,0.2026423174105,0.0529550837513,0.5534195984321,0.2119550883660,0.3086240439019,0.1322959685399,-0.0166380035505,-0.1692176237317,0.0588983166462,0.2781489166283,0.2315204747665,0.3059000279896,0.2022607023369,0.1393206360471,0.6248754287346,-0.2747861481361,0.1139644761838,-0.0025314380333,-0.0018095561140,0.2692079133369,0.4870227866492,0.2248299540543,-0.0022662392056,-0.0013984537017,-0.0354212294048,0.0771937724417,0.5376930107212,0.2780053518515,0.7745400174049,0.7874500718389,0.3003003362270,0.6781027760990,0.5013650135248,0.8227945601798,0.7977725217999,0.6310277223558,0.6237422198592,0.7106505297387,0.6705607010952,0.2759778536568,0.2914575853064,0.1672107928633,0.3642706691100,0.7464696453373,0.6677106656793,0.7899940948787,0.5811777628898,0.7396267582163,0.6555946426274,-0.2646751840608,-0.0102313272715,0.4277009676414,0.4516995216315,-0.3724781462697,-0.3377381209754,-0.2257949071446,-0.2429114266985,-0.3347449304328,0.4817405696198,-0.3256602422075,-0.1485990236833,-0.2607016318872,-0.2906173891357,-0.3709321471680,-0.3717048578542,-0.3169823512638,0.2383097000384,-0.2255065553027,-0.1409882599409,-0.1209224251420,-0.3075783978171,-0.1814089118452,-0.2206376353318,-0.4906302328423,0.4538329795055,0.3546894623607,0.1750913895010,0.3716735381337,0.2139289171502
0.5268848622489,0.2288630187965,0.3575471671334,0.8853561945493,0.7308102326899,0.5816905661868,0.7809045571400,0.8430329961217,0.7779656994126,0.4519533287683,0.3243746719872,0.3866957380574,0.6114842311665,0.5410707122155,0.7679417695985,1.0000000000000,0.7425737307101,0.7977606592227,0.8974758065627,0.8069985555354,0.2925221474889,0.1495061690015,0.0702214454369,0.6044392575184,0.3673549298238,0.3778058162483,0.2714633622384,0.0151425906311,-0.1343505404253,0.1159110257286,0.5945066434523,0.3641826655348,0.4592643038971,0.2717568180605,0.3511001079355,0.5617248623890,-0.1501106519388,0.3812831835556,0.1409712820088,-0.0156506554169,0.3181015012069,0.5317942152195,0.4319523887555,0.0712829575590,0.2968649748093,0.0041229170678,0.2125935212510,0.3761530241471,0.1583363055062,0.6613531216763,0.6751393891971,0.2099650489764,0.7884260355786,0.4914014953267,0.6496975481002,0.8015394686247,0.6442584120214,0.6758897514531,0.8063384944878,0.7489587525702,0.0921973583591,0.2870036142503,0.1457676965380,0.3435467878683,0.5448847759293,0.4269201007889,0.9161153234293,0.7097333236800,0.8544670366599,0.7915119681432,-0.2810461647924,-0.0912338198835,0.4512762440064,0.4052155144304,-0.1885703701983,-0.1303865696353,-0.0636500596075,-0.1503617056759,-0.4126397471149,0.7268337017935,-0.2104778176760,-0.0059032850414,-0.2871244582611,0.0005609438680,-0.0956969922359,-0.2778879623171,-0.2141734726020,0.3664620986037,-0.2308375636382,0.0754677073859,-0.0477313243279,-0.2776939997647,-0.0969066973182,-0.1514934634623,-0.4609258158558,0.2929852278468,0.1493218534160,0.0654722469727,0.2203450865650,0.0425891053248
0.3713225911202,0.1453143474514,0.2143436724514,0.6517108065787,0.5724333919228,0.4335926967808,0.5915035165294,0.7488349610351,0.6310223943747,0.4690840964636,0.4242194050352,0.5070572437964,0.7353516383189,0.4512790454605,0.6139292039880,0.7425737307101,1.0000000000000,0.8153933950948,0.6898670186479,0.7965131073082,0.4854483705602,0.3362172010710,0.2790993567115,0.5881673253841,0.3543446033920,0.3371531510614,0.3801302930148,-0.0158938861439,-0.0945723011842,0.0624016243632,0.6268782657212,0.4306387465548,0.6072453174617,0.1589982537492,0.2725282598605,0.4142402531222,-0.0325814596831,0.3458131212282,0.0668365562276,-0.0028274903882,0.2532492650651,0.3459577278665,0.3073971905475,-0.0571794053427,0.2519322400280,0.1576042432696,0.2591028023292,0.3147782941032,0.2120605668707,0.5552987796886,0.4983769226379,0.0823250245265,0.5601295150552,0.3537851983811,0.5199263856665,0.5588735004354,0.5793883807641,0.5358008798787,0.6698372365310,0.5661628756846,0.1718252661408,0.3780666776655,0.3217456741900,0.4151954595181,0.3616918483738,0.3110209811387,0.6402267616634,0.8146721131698,0.6547793038875,0.7071534978355,0.0046987626719,0.1079350528075,0.4877187162171,0.4246605485936,-0.0804208565187,-0.0979040627404,0.0727418589455,-0.1538093894128,-0.3876279623391,0.7296179530660,-0.0413209520223,0.2355606294567,-0.3906837742680,-0.0270638834084,-0.0720507221492,-0.1758048089692,-0.1071297135096,0.2396830192139,-0.2640845293359,-0.0538520515276,-0.0704011941316,-0.2402862703377,-0.1718339577683,-0.0768535764843,-0.2720094492595,0.2641002857837,0.1398983500778,0.0424717840876,0.1084473547744,0.0392990719563
0.3235348225188,0.0453207172125,0.1772855887028,0.7213785117054,0.5274440949249,0.3971443198985,0.5799948751785,0.8245594437168,0.7180223184520,0.2898876875738,0.2777942021929,0.3088967510605,0.5727094032735,0.4063957937541,0.6240311545384,0.7977606592227,0.8153933950948,1.0000000000000,0.8253304870462,0.7944691039524,0.1723859253019,0.1284143001704,0.0208612644107,0.5212073723006,0.3127374418327,0.2032770821280,0.1517131270689,-0.0382546128962,-0.1899660983705,-0.0040246078465,0.4883943470504,0.2530171285533,0.4031554715801,0.0289317039943,0.1374039931795,0.4493176744462,-0.2924241762587,0.2715201253776,0.0321592990719,-0.0801483604437,0.2142804761199,0.3443502302871,0.2022606305623,-0.0437716457203,0.1504162382462,0.0553472160390,0.1456689582811,0.2843274104727,0.0375011952995,0.5181212795603,0.4704863012717,0.0254379511731,0.6691313694153,0.3286736833429,0.5304666190521,0.6327582842693,0.5774635535211,0.7139554595866,0.8011548638782,0.6647236054540,0.0002030421051,0.2299869605387,0.1880863520198,0.4205011722286,0.4418808292575,0.3352374600668,0.7290883070500,0.7946981626837,0.7863901181938,0.7286852838259,-0.2112233325468,-0.1293819510324,0.4457816029866,0.2907938075492,-0.2047464560812,-0.1774700927964,-0.0696606920619,-0.1908351907286,-0.4301583295220,0.6856455123385,-0.2202015271228,0.1140693234242,-0.4437331035640,-0.0993780610090,-0.0812211373812,-0.3494710000905,-0.3156080194092,0.1792963208193,-0.2389762444748,-0.0565579351187,-0.1488474743282,-0.2555656621003,-0.2198841202691,-0.2744828961195,-0.3816349857914,0.2442434399192,-0.0197574121272,-0.0822911304426,0.0903037681729,0.0635940529174
0.4138874617221,0.1791885911184,0.2913227481559,0.8202476821457,0.5984613480965,0.4780583858192,0.7187487315200,0.9090343470236,0.8798457060351,0.3433265898100,0.2629401353934,0.2989544215330,0.5432116035869,0.4357798382823,0.6825453823566,0.8974758065627,0.6898670186479,0.8253304870462,1.0000000000000,0.8040122482906,0.2071118884583,0.0727255067611,0.0015205577276,0.6005782848290,0.4252998572500,0.2723651628494,0.2092877699144,0.0131068721213,-0.1763367141549,0.0726332798310,0.5158958106705,0.2610949375538,0.4152247304128,0.2226314714043,0.2225846019471,0.5355983225312,-0.2458183123846,0.3647911986804,0.1164676626471,0.0307820962900,0.2649422385480,0.4751306932952,0.3623106551257,0.1000050821097,0.2668745297102,0.0053378547454,0.1565675102386,0.3056035044951,0.0352219944195,0.5853751948842,0.5671814362527,0.0999922700794,0.7502722766902,0.4406979705427,0.5716220335177,0.7532180841398,0.6204749706419,0.7880174463278,0.8055732620747,0.8473505330970,-0.0234825862722,0.2312047020430,0.1210688008657,0.3223638032892,0.4754622942188,0.3703226210182,0.8100254842457,0.6657776629264,0.8905605201382,0.8355342492345,-0.3521950690513,-0.1676880409811,0.4716560959659,0.3934104867473,-0.2251406648663,-0.1829465073406,-0.0568572488324,-0.1700424542786,-0.4143804672537,0.6389169905421,-0.3048742870900,-0.0716532006432,-0.3327711229512,-0.0247568392108,-0.1303542030167,-0.3587308136391,-0.2953405558597,0.2607853443590,-0.1902971991947,0.0045164336196,-0.1029459819244,-0.2629465937339,-0.0359367337168,-0.1990361263583,-0.4843532757949,0.2443702437501,0.0021474915910,-0.0533693357582,0.1405855511764,0.0475107470645
0.3657539402520,0.1144580675179,0.2660217868372,0.6913855376984,0.5690892271112,0.4189828943133,0.6002223562182,0.8673994310361,0.7439062918365,0.3672960035972,0.3771465907716,0.4126285062258,0.5887773563663,0.4139122651202,0.5775368571603,0.8069985555354,0.7965131073082,0.7944691039524,0.8040122482906,1.0000000000000,0.4806674839193,0.2951747517384,0.2706899561050,0.6758673641542,0.5949812480539,0.4725408591296,0.5034649416540,0.0640221733377,-0.1210564975528,0.1456340226120,0.6923379869958,0.4616589142145,0.6162642009652,0.3322286913009,0.3649253408195,0.4881965154714,0.0089191187831,0.5750117222941,0.1976852404521,0.1201086388865,0.3089933410877,0.4988486817526,0.4892081402502,0.1743280870928,0.4415208210604,0.2609658663637,0.3417323291940,0.3524449264228,0.1841285768231,0.5808962421367,0.4951655459718,0.0949576823232,0.5590201192555,0.3928999033635,0.4588849650930,0.5907825564437,0.6125815047553,0.6015553646316,0.7386800259879,0.6847527357380,0.0236685341093,0.3169108051442,0.1779453845586,0.2558458144686,0.2674717333043,0.2408507123391,0.6820890222410,0.6504076162580,0.7286339565117,0.8670577911529,-0.1978726246513,0.0431399444202,0.5449608656320,0.5528521829520,-0.0485044451082,-0.0396421249832,0.2246757330342,-0.0898709074746,-0.4151877701322,0.7164849846247,-0.1799301039477,0.0430719956322,-0.3289599791026,0.1043347188746,0.0481811759035,-0.1534816854809,-0.0465186117012,0.3406892656808,-0.1418616560016,0.1598301850896,0.0419283009329,-0.1540402806196,0.0624694595613,-0.0148170200733,-0.3827806964214,0.2523693988644,0.1147900383652,-0.0336166507471,0.0885729034466,-0.0335455739494
0.1972606734982,0.1428249208038,0.0941733821279,0.1931760547710,0.3504001037739,0.2106405039884,0.2784128883191,0.3377261033621,0.2460937993892,0.5413938408004,0.5296337138463,0.7139940458653,0.3704468375652,0.2626727074076,0.1963272827905,0.2925221474889,0.4854483705602,0.1723859253019,0.2071118884583,0.4806674839193,1.0000000000000,0.6809394200974,0.7904327922016,0.5602139167413,0.4247811436040,0.7102801463332,0.8182788665484,0.2382398380908,0.2740265602392,0.4383402484583,0.6487243231795,0.6643574431057,0.7524987355731,0.5024459423150,0.4369160137830,0.1672978178182,0.5458837807361,0.4453331552879,0.1183381788591,0.1648283915887,0.4028526094855,0.3748506723054,0.4909754640678,0.1530854882559,0.4188993611938,0.4891199161550,0.5076198001522,0.1368971671054,0.4464018844533,0.4352742256918,0.2701681686094,0.0263891543197,0.0002748978762,0.1721014136267,0.0843218135768,0.1056027209476,0.2326335191590,-0.0066343999814,0.2466300821665,0.1916228168778,0.2754804934757,0.4593585880649,0.3190203986534,-0.1192495275242,-0.0722210807040,-0.0851744537264,0.1598767788867,0.2807008146469,0.2143985688794,0.3781450089457,0.3963054221993,0.5539451707545,0.5187909737842,0.5643558173245,0.3804793039467,0.2709538649562,0.5526851118450,0.1817061283966,-0.0715463125733,0.4901872404037,0.2626669924092,0.2310076892229,-0.1492766815470,0.2066310788611,0.1096847775198,0.3726637529912,0.4937476472870,0.3635562468677,-0.0602315228429,0.1401461047424,0.1989743992227,-0.0234433382614,0.2014487965816,0.4253941016578,-0.0026256117590,0.0237227632981,0.3438436326258,0.1489677629213,0.0938454212683,0.0141472286343
0.1866427394605,0.1848307384621,0.0487536147992,0.0534865337891,0.2538061572260,0.2692001607363,0.1419999781425,0.1790199156451,0.1274533684593,0.6998010311858,0.4698100964218,0.7209181436062,0.3690509416350,0.3362322104076,0.2026423174105,0.1495061690015,0.3362172010710,0.1284143001704,0.0727255067611,0.2951747517384,0.6809394200974,1.0000000000000,0.7643951553996,0.4468793243214,0.2496142007295,0.4665374511928,0.5502444635141,0.2722927166289,0.2407643891585,0.4495536335350,0.4137037239645,0.5194078506724,0.5737041928978,0.4262891826267,0.3828326150691,0.1395103876863,0.4273196706964,0.1469156777754,0.0257966491841,0.0558929126199,0.4523085007675,0.2472875694839,0.1547612376926,-0.0334381321331,0.1279192666388,0.5072765673015,0.5025289600418,0.2651245898963,0.5703381973394,0.3605898996894,0.1730411352146,-0.0808006047719,-0.1504707440784,0.0344269829157,0.1781066928602,-0.0041717022700,0.1595629631228,-0.0557127027181,0.2017704410296,0.0551795449594,0.5076071715361,0.3424151256153,0.3432200470886,-0.0108012012856,-0.1222289773127,-0.1206867470293,0.0723135635761,0.2119900761411,0.0961082769479,0.2017573898034,0.3719820511783,0.7056680263835,0.4430534368320,0.4492657346124,0.2710559488788,0.1448594685689,0.4183880715658,0.1435348963398,0.0256469363269,0.3582264493866,0.3639412533769,0.1965048794088,-0.1064538745220,0.1402260535036,0.0483354788034,0.4390637590941,0.4533820707048,0.3229855716064,-0.1960695999196,-0.0253282898464,0.1599678723060,-0.0688789405232,0.0380125264777,0.3716972545289,0.1232982732646,0.1274162348475,0.4523476350225,0.1706576656437,0.2381818410528,0.0720265615699
0.1419773651498,0.1587003722259,0.0167128937540,0.0228543448233,0.2157891880945,0.1047439502480,0.0691515265708,0.1079928977559,0.0263099953392,0.5107927444958,0.5867876587405,0.7777523605911,0.2737830595294,0.2427599634969,0.0529550837513,0.0702214454369,0.2790993567115,0.0208612644107,0.0015205577276,0.2706899561050,0.7904327922016,0.7643951553996,1.0000000000000,0.4438149845240,0.1536561173672,0.6406450714812,0.7212097604011,0.1685759035022,0.2386416687788,0.3339643274310,0.4848979076522,0.6683427140843,0.6542074464465,0.4876577590185,0.4229006998737,0.0705352385886,0.5791258822644,0.2902961308925,0.1311733535788,0.1624565891973,0.2999008509311,0.1713310650515,0.2468507038343,-0.0374652488719,0.1958159806559,0.5419335380124,0.5033561596683,0.2006525135043,0.4689902754329,0.2468556142467,0.1842531153829,-0.0195700841261,-0.1476999949261,0.0753426193802,-0.0109305169109,-0.0878088090976,0.0116511126958,-0.2174316012615,0.1075325773039,-0.0224336672713,0.3717073991164,0.4524741659221,0.4290971641737,-0.1195759619478,-0.1307215637936,-0.1662176499181,-0.0459184168579,0.1320583386102,0.0322700955937,0.1852607343227,0.4676064452184,0.7789173077868,0.4321453849172,0.3800783145775,0.3285958706105,0.3357004949033,0.6558298621803,0.2116355371065,-0.0346018050973,0.3298422575750,0.4349882870164,0.3208418528273,-0.1277178905258,0.1990703224774,0.1255405760730,0.5063144234046,0.5944262119950,0.3742240424265,-0.0516905442820,0.0887961910147,0.3001906285687,0.1025923705913,0.0743183203571,0.4914683299860,0.1458538276634,0.1128882041367,0.3865686329096,0.0790789699270,0.0921587180362,0.0664626932947
0.4072213688845,0.0250578837686,0.1489863625780,0.5129835529585,0.6537207315531,0.5053252046236,0.6332637356623,0.6864781777509,0.7204761622839,0.5819490477186,0.6732947080938,0.6646641946973,0.5876598144772,0.3776143748542,0.5534195984321,0.6044392575184,0.5881673253841,0.5212073723006,0.6005782848290,0.6758673641542,0.5602139167413,0.4468793243214,0.4438149845240,1.0000000000000,0.3708036767410,0.4754193847699,0.5832931464251,0.0263680369436,0.0062106914746,0.1057987182052,0.6083142335765,0.3324399816405,0.4338797382985,0.3830162178380,0.5739734615768,0.5814523540300,0.2920368971327,0.2862069131984,0.2178652079375,0.0109293493814,0.2434459834168,0.3456167772681,0.3409473641663,-0.0644703418167,0.1243338553441,0.1488329251925,0.1723750307624,0.5021762193756,0.3300213327488,0.5933271226908,0.5296519554758,0.1047017637508,0.3630390238606,0.3447103849270,0.5434369810128,0.5575861802266,0.5970413667982,0.4876861339363,0.6678723098691,0.6516677391652,0.4235449058842,0.6734852343668,0.4749933981460,0.2897264015632,0.2943358719883,0.4404094088727,0.5831550059793,0.5564992117875,0.6763024621954,0.7297641711362,0.1909322124263,0.3387704418399,0.8803680054066,0.6780487452754,0.1629482415187,0.0754394097341,0.3646862633569,-0.1177782168010,-0.2827174999544,0.6885043296051,-0.1127724449336,0.0225674615208,-0.1913204714345,0.1883870886998,-0.1429506545972,-0.0605848306182,0.2783591618590,0.6453967583934,-0.0640385656119,0.0051425988809,0.2302618863971,-0.2355452343090,-0.0609157247156,0.1556866807964,-0.3278842384958,0.4914754024166,0.4150344187492,0.2330415790523,0.2986782714202,0.3137548194005
