1.0000000000000,0.2795668576478,0.4961075004952,0.5275967907238,0.7390462622760,0.4928847445634,0.5532441532241,0.2049578825550,0.2170719229769,0.2891221760191,0.1601594425916,0.1938616478630,0.2970705010413,0.5896719142852,0.4793730107220,0.2994268438480,0.3153725036074,0.3059897612982,0.1860718691703,0.2318826212682,0.1239091082372,0.0241567583928,0.1374054641083,0.3624005412890,0.0245537385874,0.1597720750298,0.1827505277421,-0.1537945627884,-0.3753410673325,-0.2829080721916,0.2801494596506,-0.0147978803316,0.0478963941043,0.2802233238159,0.2024181352171,0.2908237718347,0.1995068750711,0.1131979189071,0.1884037297983,0.0758921649951,-0.1865951207499,0.1267141453254,0.0213914014852,-0.0760210322964,-0.1275289268720,0.0200342727895,-0.0875046130442,0.2441976599672,0.1403576238745,0.4451412206218,0.6903719473020,0.4166023765291,0.4647356063183,0.4267597510054,0.4238505608563,0.4903291616264,0.3049559109387,0.0784564366396,0.2262033839689,0.2412342807061,0.1902840963466,0.1448401226272,0.0896278377022,0.2744989445947,0.1577460439440,0.1847467957962,0.2865265939733,0.0822927457197,0.2872189783434,0.2601758759623,0.1426442663000,0.0850241330269,0.2794784714310,-0.0206909220947,-0.0098723359009,-0.0830361361746,0.0780025737845,-0.1185970482967,-0.4182458553957,0.3066973969626,0.1798841142060,-0.0023790179020,-0.1666928244786,-0.0677557272616,-0.2695908784997,0.1222342657970,0.1880170499936,0.2940677011593,-0.1512771240635,-0.1452370654498,0.2192910864837,0.0143866411773,-0.0903700826111,-0.1094437585304,-0.0175902462141,0.2248817239294,-0.2380351419249,-0.1316320962967,0.2802232411563,0.2183685705381
0.2795668576478,1.0000000000000,0.4441056903243,0.0873555662137,0.1532577694747,0.2177884326120,0.0719472407755,-0.1178944353715,-0.1864693677996,0.1904512697335,-0.2995938072765,-0.2121168323763,0.0096506672637,0.6406394557533,0.3006647807653,-0.1084748358152,0.0049794688223,-0.1476544015201,-0.2014180053220,-0.1157116018657,-0.1417220916185,0.1702079795632,-0.2516790139636,-0.1318880162071,-0.2003121119728,-0.2527809528078,-0.2811144768464,0.1418188798991,0.2549979379531,0.4998201075522,-0.0082921927035,-0.1445282743483,-0.0237352127994,-0.0304117746423,-0.1161361969578,-0.0264393605563,-0.1782430798654,-0.3331253716765,-0.1068393868634,-0.1355335187493,0.3875415828047,0.3167927868503,-0.0585959838684,-0.2128120317784,-0.2055040527855,-0.0664104325635,-0.1480221726539,-0.1196486958350,0.4928709560516,0.1798790754546,0.2349916464404,0.5925768810448,0.0510974283551,0.1588970439900,0.1178594295915,0.0706406286564,-0.1765862969334,0.0525855663443,-0.2293384406681,-0.1747935477133,0.0552434390709,-0.2809670116113,-0.2727771535034,-0.2732662491978,0.4232564583039,-0.0125947964464,-0.1145728158834,-0.2433304138606,-0.1751418948892,-0.2559461323710,-0.2965406069413,-0.1423574099507,-0.2720355492322,-0.2646026041357,-0.4914274299411,-0.1997536795374,-0.3793552069955,0.0767925593633,0.3361672031486,-0.2517542795622,-0.2730053191999,-0.2727539912772,0.2724193572051,-0.3286299545817,-0.0085568352605,0.0206547318546,-0.3401571159967,-0.1604292528835,-0.2969417159557,-0.0852331149484,-0.1561334299167,-0.0816620547642,-0.0496445735857,0.1050496599496,-0.2544643397082,-0.1077619897011,0.3634858183365,0.1037847928526,-0.0085115173737,-0.2435305019089
0.4961075004952,0.4441056903243,1.0000000000000,0.4988301599288,0.5569542302794,0.6537655335034,0.4486911018485,0.3616160291426,0.3323463543968,0.2230235363144,0.0101225894600,0.0119042603264,0.2201770324059,0.2832056004545,0.3455000090273,0.2852146052052,0.1727834809729,0.1186559165624,0.2970181378050,0.3425961765290,0.1301182299425,-0.0392503751215,0.0714741214886,0.1580536276667,0.2529096162819,0.1679951412035,0.2305805868437,-0.0385433156808,-0.3769901690397,-0.1639665173336,0.3184709316080,0.1860289551883,0.2305894754719,0.2825893154797,0.1387662444609,0.1520334191516,0.1532856719034,0.1791200354863,0.2847846858914,-0.0272346714872,-0.2607296053926,0.0356102123005,0.1751976305792,0.1386832110536,0.0954903471850,0.0359369892619,0.0142387119970,0.2552645844614,0.0541420322801,0.3127903823547,0.4877660296285,0.4516650277670,0.3625490459902,0.7281950828321,0.4558094262028,0.4573069704239,0.4688022167717,0.3121334689663,0.3113123144783,0.3921070165450,0.1893917388716,0.0490880042768,0.0115675784078,0.2117791019656,0.0499708700281,0.1169947820368,0.3485997060848,-0.2465649841628,0.3803638091228,0.3614250890718,0.0690867218904,0.0831655891067,0.1613116652203,0.1627926208765,0.0314675791208,0.0248036898012,0.0995247655284,-0.0154603329731,-0.3851046368099,0.2556827396299,0.3316575135950,0.2277728731858,-0.1572185762404,-0.0436160880118,-0.0389301012402,0.2893106359564,0.1282341576354,0.1216682358946,-0.1016259938007,-0.0103992147781,0.1592641297125,-0.0966533773194,0.0600014722562,0.0323937667161,0.1234339290762,0.1731038701995,-0.1032396845376,-0.2798328685259,0.0317149330201,0.0681440347946
0.5275967907238,0.0873555662137,0.4988301599288,1.0000000000000,0.6838375293920,0.6504377097667,0.8893085803968,0.4856890038617,0.5716947689473,0.3857255668608,0.4117855607984,0.3886331519838,0.5119051635798,0.2437351560958,0.7743184857397,0.7527811694533,0.6047555186104,0.5406413756298,0.6745786942418,0.4165120376722,0.3439591131286,0.0119812174838,0.3178594083196,0.6254639786363,-0.0206142962508,0.3010068941456,0.3347714412703,-0.2877835908895,-0.4732931033645,-0.5298862236835,0.6017323324982,0.2006322621923,0.1430542160814,0.2229400571641,0.4240996197457,0.5010756515735,0.1943317041600,0.2865128297715,0.4149880904686,-0.0444757659292,-0.3425513776069,-0.0368308183398,0.2192237568975,-0.1061670718202,0.0091772629129,0.0156802621548,-0.1099540328841,0.3181749800355,-0.0762286810808,0.5456820411104,0.5624775618910,0.0247571778582,0.8628832787623,0.5978689881075,0.6314689081248,0.8807491928618,0.5753402054811,0.0128435414039,0.5464896330994,0.6024712675278,0.2547830263748,0.4001699133597,0.3329635475660,0.5325751103829,-0.0405717863134,0.5100538468378,0.6770453217593,0.2536507561957,0.5489813514621,0.4257923492533,0.4085804567777,0.2948575259908,0.5808953062814,-0.1301308611270,0.2630317294586,0.0491754898848,0.1409830548355,-0.2152390711615,-0.5224479631085,0.7145309473975,0.4173456070236,0.2019792922346,-0.4378670457437,0.0950464055041,-0.3361016144421,0.0400478932789,0.2261281252358,0.4288998128741,0.0135618327814,-0.2819594307993,0.3482245889009,-0.1205561369627,-0.2071398951287,-0.1835001092701,-0.0592465452415,0.2875843411263,-0.3859420948872,-0.3668995102599,0.2178947183027,0.4941046690054
0.7390462622760,0.1532577694747,0.5569542302794,0.6838375293920,1.0000000000000,0.7201725237498,0.6716419749034,0.3850940974672,0.4230658696017,0.4259426881823,0.4052862679249,0.3146537711728,0.4225789990294,0.3910938470415,0.5706163334782,0.4917472418083,0.4675543829564,0.4410708055274,0.4254219677848,0.3533277173231,0.2706998771351,0.0138340018885,0.2637042106037,0.4868674035641,0.0625870688684,0.1999583298540,0.3108000256587,-0.1496026029228,-0.3547647096013,-0.3698239817496,0.4436375917033,0.0937716032769,0.1171412741423,0.2222288644734,0.3123071173554,0.3475123596734,0.2945709926665,0.2959543781739,0.3684955669879,0.0591875583832,-0.1642411717598,0.1747148590811,0.1445147232039,-0.0513099301626,0.0499326513536,0.0701474327810,-0.0094273070883,0.3828259207009,0.1090564834007,0.5040291197808,0.7558739507282,0.1449493708489,0.5845622922383,0.6822084206102,0.6754927235269,0.6497427712635,0.4991239715503,0.0502399277552,0.3885417125191,0.4538032103342,0.2634891146682,0.3327244903651,0.1759752603293,0.3830310870073,-0.0360251512667,0.3383473257187,0.4630139386941,0.1278052230734,0.4092615550585,0.3717327758180,0.2326781855887,0.1698455557478,0.4330657576659,-0.0393782802023,0.1070018166097,-0.0703542300535,0.2067568515160,-0.0912037573753,-0.4313391613650,0.5023950718792,0.2797131180610,0.1190645534030,-0.2614347485376,0.0159829323579,-0.2330811144914,0.0892610245465,0.2770923430720,0.3314402049963,-0.0306703308201,-0.1655594042254,0.3255191376742,-0.0268666461156,-0.1823363580482,-0.0762145323115,0.0392038877083,0.3741638502330,-0.1990310196411,-0.1297015148303,0.3331833161608,0.2963484180245
0.4928847445634,0.2177884326120,0.6537655335034,0.6504377097667,0.7201725237498,1.0000000000000,0.7440901937554,0.3176655252755,0.4571393029511,0.3798705525892,0.3558409873160,0.2802954753252,0.3949738858128,0.2173211833259,0.5553322472333,0.5226941906018,0.4898334059732,0.3337183822735,0.4791077818319,0.4647308029906,0.1713019078780,-0.0284749448223,0.2693907183926,0.5260893059283,0.0603005131120,0.1900641517878,0.3919664472747,-0.2198169908817,-0.4598903051173,-0.4040791071327,0.5353709852118,0.2545015937554,0.2814559082693,0.3038785078255,0.4385375250012,0.4504245939685,0.4070441149063,0.3513548317751,0.5494368542491,0.1366385752932,-0.2287650556481,0.1894380448992,0.3103204017175,-0.0966507373282,0.1574378171535,0.2301563600419,0.0907730377912,0.5402532838629,-0.0972633409450,0.4453097672029,0.4884673090251,0.2000945615712,0.5462747802087,0.8366917976178,0.8271859164951,0.7265228006995,0.4145138392496,-0.0974219614758,0.3386516692374,0.4708827076836,0.3533670387230,0.3062111002278,0.2819070071362,0.3712918278671,-0.1326155230836,0.4133359181013,0.4364555518399,0.2132645851919,0.3545249782072,0.3874817153178,0.1697333326145,0.2126287009265,0.4074130522003,-0.1691615140983,0.0413464074894,-0.1316965998179,0.3100782989647,-0.1698124427705,-0.4455427573749,0.5595579954937,0.3656118201289,0.1721517050717,-0.3194798570135,0.1395739006373,-0.3473625821493,0.1336190435325,0.3448380147784,0.3866256681648,0.0344726066266,-0.2826256667668,0.4671644691956,0.0495767130669,-0.2660149850241,-0.0711090220114,0.0910035864288,0.5275479635660,-0.2987997822276,-0.2489992507229,0.1736698717301,0.2357195564931
0.5532441532241,0.0719472407755,0.4486911018485,0.8893085803968,0.6716419749034,0.7440901937554,1.0000000000000,0.3317620701192,0.4646008459880,0.4009170815913,0.3215061772255,0.2832408410842,0.4144501668743,0.2384262104870,0.7161456377476,0.6956708530188,0.6233865574916,0.4647972683757,0.5958367604183,0.3756625953659,0.1602328276269,0.0031470582768,0.2111385732531,0.6206652239892,-0.1342491812856,0.1862224128102,0.2789089934039,-0.3020670230962,-0.4802744304850,-0.5171858724550,0.6470671563412,0.1601059823129,0.1284795900070,0.2459393288185,0.4738903093120,0.5520534979168,0.2757691720399,0.2717302721460,0.5345604931892,0.0436599961302,-0.2950496606359,0.0498771631791,0.2472053465199,-0.1719037096872,-0.0488834347007,0.0404043542391,-0.0998070352465,0.3428497147187,-0.0760158692311,0.4846310970951,0.5296829159307,0.1178111153790,0.7947487920225,0.6134497553608,0.7739338875445,0.9213180474505,0.4293550406742,-0.1402898855514,0.4175949893171,0.4915971811045,0.3602366381048,0.2532724914697,0.2872517232459,0.4751841447031,-0.0230507534355,0.5402776707549,0.6358614869859,0.3874245613596,0.4658698324563,0.3410694880142,0.3180574730100,0.2003056098455,0.5116770276308,-0.2680048328527,0.2231701279838,-0.1031938251712,0.1654015298195,-0.2141525150059,-0.4941951604693,0.7650552726907,0.3301653427894,0.1374044787086,-0.3651987428724,0.2293074802311,-0.4712094305674,0.0430018493610,0.3087723015167,0.4871443071970,0.0557192489407,-0.3408322156732,0.4958668413441,-0.0241078218249,-0.2836314323518,-0.2191766754252,-0.0675071428186,0.3672517472232,-0.4023265380376,-0.2677445657894,0.2149467938133,0.4186971449777
0.2049578825550,-0.1178944353715,0.3616160291426,0.4856890038617,0.3850940974672,0.3176655252755,0.3317620701192,1.0000000000000,0.8266334050589,0.1248523932108,0.4136378721286,0.3876855004977,0.6496236141047,-0.1039222824822,0.2573371499486,0.6861351434437,0.3260119562187,0.6801731048227,0.7179609500013,0.7029292801258,0.5448041530001,-0.0671297306949,0.3810626122750,0.4940388562260,0.5347236603037,0.4739913765697,0.3914993914815,-0.0576957935220,-0.3734583719569,-0.3811556182921,0.5205684904896,0.4274764510500,0.2723723996719,0.1803042427160,0.3531647302978,0.3836727480410,0.1105943184361,0.5982547228493,0.2703258410090,-0.0417861075836,-0.3619614558923,-0.2604076904423,0.2234676352580,0.3771652902012,0.5088109368046,0.0542168009027,0.0460864375184,0.3373621832780,-0.2481978456323,0.2836720516789,0.2610581810313,-0.2064263570295,0.3503348517568,0.3660501169545,0.1627080926504,0.3788601479838,0.7191659637532,0.4384188401064,0.7149439893662,0.7629869442746,-0.1004587978640,0.4028596166458,0.1686723399869,0.4713978094212,-0.2928766234859,0.0007363725502,0.5234162172697,-0.1512041812559,0.6680335984840,0.6291692146384,0.2866362247729,0.1593717103603,0.5152120928443,0.3350118681692,0.2627672450562,0.3374167882611,0.2032672207548,-0.0657794111479,-0.4349691590447,0.3953411739630,0.3567157315770,0.2610127203360,-0.4675443600473,-0.1207347410216,0.1197519806593,0.0243938328684,0.1294941067686,0.3046471049254,-0.1905775128483,0.1150472167337,0.0777788941161,-0.1514679334164,0.0947411472535,-0.0674406830207,-0.0252923174804,0.1709020375607,-0.2234227149033,-0.4740415816622,-0.1527873674529,0.0898871624048
0.2170719229769,-0.1864693677996,0.3323463543968,0.5716947689473,0.4230658696017,0.4571393029511,0.4646008459880,0.8266334050589,1.0000000000000,0.0972600990623,0.4931414450350,0.4414651412640,0.5397891716038,-0.1739546397381,0.2815685283579,0.8353895280558,0.3264147539195,0.6210355938209,0.8802921562209,0.7526455182100,0.5402403291551,-0.1470812652474,0.4888231696618,0.6691113618302,0.4947871331886,0.5431092763772,0.5552148348058,-0.1684123502803,-0.4668183923569,-0.5319278708000,0.5681055705918,0.4637707539705,0.2629653146560,0.2071355721783,0.6117671426029,0.6300988143548,0.3132595449640,0.6790345687216,0.4251675839413,-0.0068323237580,-0.4626325018636,-0.2051371919881,0.3321291113187,0.2829536052520,0.4755800440236,0.1796548925414,0.0775814989343,0.4492749953370,-0.4188593687491,0.3280863540985,0.1874656848108,-0.2691821633856,0.3631389999229,0.4649126754254,0.2837949271482,0.5039360453255,0.7853848773791,0.2503877813007,0.8830735408823,0.9555796862677,-0.0450697064272,0.5447232391086,0.2982735555691,0.5336555781026,-0.4843136877657,0.1893293950172,0.6717168237574,0.0269693041237,0.8145500406208,0.7965489699913,0.4300497043122,0.2980052098791,0.7145210272401,0.2398634396243,0.4318686570207,0.4047696377062,0.4322029615781,-0.1632410198591,-0.5785413442787,0.6154944092893,0.5092969586325,0.2977450099770,-0.6248709269337,0.1244108873919,-0.0151068792484,0.0014647630091,0.3350243924435,0.5452819013562,0.0093675670604,-0.0159548792276,0.2598607101410,-0.1305656525754,-0.0217605357228,-0.1444787505913,0.0549317556856,0.3109635523382,-0.4425347762589,-0.5561611516416,-0.1188246302820,0.2857182575782
0.2891221760191,0.1904512697335,0.2230235363144,0.3857255668608,0.4259426881823,0.3798705525892,0.4009170815913,0.1248523932108,0.0972600990623,1.0000000000000,0.2103489488654,0.4434754207799,0.3712160774268,0.4411676981108,0.5595100447089,0.1458254879202,0.5554101128027,0.2125583605534,0.1260868007624,0.0553596823455,0.3225418060725,0.6433283994427,0.3645900423291,0.3341893115666,-0.2081757243308,0.1008019850456,0.1398027539123,-0.1477225012762,-0.1113988071208,-0.0187774013840,0.3612073173662,0.1174841162837,0.2452249002885,0.1846160984361,-0.0802644068979,0.1117339931404,0.0959624298379,-0.0334654019527,0.0274650511872,-0.0353974777192,0.1508788079916,0.2107221114117,-0.0702429162223,-0.2263304512160,-0.1809341465386,0.2670143443414,0.0129429246617,-0.0643123725830,0.3015102939804,0.4755025101702,0.4623293507260,0.0264402210435,0.3898206900325,0.1814029482261,0.4896175067323,0.2890827366109,0.0282561136161,-0.1150395506645,-0.0254739994120,0.0738362045879,0.6288868247542,0.0712899434763,0.3705953481727,0.0833540955714,0.3046569608094,0.1298125686456,0.1009399804855,0.2216730668328,-0.0019725551416,-0.0002667607931,0.2504484483753,0.4747539967539,0.2027102122008,-0.1794687370951,-0.0721700653190,-0.1470081102608,0.0268953536094,-0.1454605523125,-0.0748349063920,0.2415874738212,0.2186170426840,0.2055976411156,0.0818321815851,-0.2426987791983,-0.3522078675376,0.0607399822089,0.0119032632414,-0.0551623913931,-0.2316001488750,-0.2705047694397,0.0459373348690,-0.0537460000826,-0.2031209645378,0.1258474035239,0.0086707292348,0.0276654306551,-0.0268777293546,0.1741477038644,0.4504416924246,0.3747351329655
0.1601594425916,-0.2995938072765,0.0101225894600,0.4117855607984,0.4052862679249,0.3558409873160,0.3215061772255,0.4136378721286,0.4931414450350,0.2103489488654,1.0000000000000,0.7759028563711,0.5124066190665,-0.1276222506241,0.2822567882721,0.4934046812707,0.4951235206839,0.5672280072741,0.4794310057216,0.4333329363680,0.5849023171830,-0.0275164301787,0.6343812215457,0.5608128789600,0.0551881906251,0.4309451962934,0.6055945294422,-0.2180900417723,-0.1638984703287,-0.4877400176091,0.4426507351312,0.4481438990635,0.4101487038611,0.1578208005451,0.3876217714753,0.3597084321738,0.3137675029053,0.5059870322928,0.3157401866407,0.2442323959126,-0.1906343011768,0.0463575653369,0.2751230019281,0.0345446650189,0.3260692484935,0.1727739759826,0.1791807730972,0.4172988808720,-0.2833203266737,0.3612357069448,0.2425375410223,-0.2801243886909,0.3102182931956,0.3917228615172,0.3316422353154,0.3972404830117,0.3629871212601,-0.2268279672471,0.3624493819047,0.4459447993572,0.0209610485740,0.7906799287677,0.6041874598550,0.4186486533239,-0.4338200571156,0.2677774679456,0.2929722321103,0.3394846271141,0.2819023251845,0.3265206420648,0.4504573897015,0.3574192071154,0.5325414556324,-0.0672219112952,0.1659521043419,0.0859139670320,0.4889838683271,-0.2069946197246,-0.3299012330546,0.5029354613363,0.3976739008700,0.2082981562264,-0.4893789977537,0.0979981848201,-0.2725702711695,-0.0905392451627,0.3325575707560,0.3928115443072,0.0651294159000,-0.2081353239974,0.2743664445089,0.0629198533566,-0.2090002823561,-0.0979270178555,0.0754895389182,0.4694238149839,-0.4049560418558,-0.2244103418496,0.0480328253343,0.3177475281789
0.1938616478630,-0.2121168323763,0.0119042603264,0.3886331519838,0.3146537711728,0.2802954753252,0.2832408410842,0.3876855004977,0.4414651412640,0.4434754207799,0.7759028563711,1.0000000000000,0.5746551719132,0.0013218703759,0.3424836585962,0.4263929746499,0.4325968362840,0.5350309173624,0.3738746434309,0.3246469287092,0.6310755005455,0.2463269442078,0.7576862785126,0.5691408600075,-0.0030176117949,0.4149199696113,0.4793533362684,-0.3602795316827,-0.2155785576336,-0.4471489782687,0.3506533028103,0.4321091381697,0.4389018565947,0.1231191971364,0.3118064832510,0.2867731269954,0.2268545818950,0.2984542455756,0.1638580856431,0.0415031217537,-0.2474929137127,-0.0263782899830,0.0944491020113,-0.1007330176067,0.1717619320869,0.2054839207849,0.1237133656251,0.2760949924787,-0.3006356211571,0.4323871472496,0.2275651054609,-0.2670224472726,0.3291665806519,0.2208136152022,0.2141275894764,0.3273564744328,0.3291721964661,-0.1410927230792,0.3287713560970,0.3885959115348,0.1849809767538,0.6896988764969,0.7428525712855,0.4367441202012,-0.2652150103057,0.1096450226819,0.2046600082114,0.2536950874027,0.2193866827499,0.2705400737229,0.5390518407371,0.6030144337395,0.5463276301533,-0.0516457145311,0.1263284292944,0.1524779164516,0.3418564478269,-0.3562335345870,-0.3083370794854,0.3808162915660,0.4452263089537,0.3227000208404,-0.4268797099610,-0.1360524285375,-0.2865413750326,-0.1304680984536,0.2264504603439,0.3025854303604,-0.1324921120787,-0.2956847244047,0.1192349004922,-0.0795267155444,-0.2450004144845,-0.1103737693189,0.0950067642941,0.2869786389901,-0.4504643002334,-0.2443722887732,0.1355112522811,0.4384132406961
0.2970705010413,0.0096506672637,0.2201770324059,0.5119051635798,0.4225789990294,0.3949738858128,0.4144501668743,0.6496236141047,0.5397891716038,0.3712160774268,0.5124066190665,0.5746551719132,1.0000000000000,0.1585733623953,0.4392142643619,0.5298258717224,0.6381269168646,0.6519275151024,0.5018091708852,0.5218049391547,0.4922375446412,0.0234916961372,0.3336379009576,0.5409605606246,0.1242234170425,0.3842494647409,0.3206507094750,-0.1715131928246,-0.2151667994203,-0.3131066354554,0.5155524280495,0.3147307690668,0.3662398238459,0.0746955914244,0.2561615167710,0.3765774086150,0.0359892792176,0.3999257704694,0.1605737648849,-0.0874620479392,-0.1114729633314,-0.0480845520947,0.0853189997519,0.0351819819211,0.2502833777340,0.0062425408528,-0.0849532363054,0.2814170091179,-0.0844370910681,0.4340515312392,0.3585116914036,-0.1163917932199,0.4418585636788,0.3294098226646,0.3267299527334,0.4588738752518,0.4849312481561,0.1925260101339,0.4274476040755,0.4904714032294,-0.0095505415212,0.4303657775498,0.3663372683008,0.6662991078794,-0.0979739990907,0.1629140156778,0.4284965301519,0.2251973373302,0.4018059880819,0.3680182566190,0.3311674193730,0.1182274997791,0.4521878503793,-0.0331479394397,0.0976650585517,0.0494134094677,0.0943790442471,-0.1201282148485,-0.2689888402592,0.4479755431850,0.1952585252306,0.1259324592547,-0.3891703015347,-0.1244305685602,-0.1382903982971,-0.1674686121261,-0.0036017550046,0.2456454920312,-0.2401316697342,-0.0676796162043,0.0931971723337,-0.1465173191362,-0.1543530712743,-0.1366907241771,-0.2028000233323,0.2579290138468,-0.2062581210701,-0.3002570267404,-0.0343526791039,0.1186836496881
0.5896719142852,0.6406394557533,0.2832056004545,0.2437351560958,0.3910938470415,0.2173211833259,0.2384262104870,-0.1039222824822,-0.1739546397381,0.4411676981108,-0.1276222506241,0.0013218703759,0.1585733623953,1.0000000000000,0.5173029229024,-0.0719359941700,0.2988637650861,0.0476038223815,-0.1759667530420,-0.1719817147647,0.0491624962446,0.3582121390029,-0.0857012486318,0.0524803842705,-0.3003812547839,-0.1926839563279,-0.2326268234706,0.0954800412790,0.1058967424951,0.3561825117288,0.0308946376133,-0.2107123249821,-0.0678404274339,-0.0145137141140,-0.1811056035950,0.0519432792079,-0.1527069522189,-0.3391514811294,-0.1789850947740,-0.1553067038714,0.3061947562214,0.2927636387039,-0.2845713464935,-0.3298843270463,-0.4433969059862,0.0042451160356,-0.3053161540831,-0.0814137413601,0.6276570167292,0.3832235724910,0.4857945940615,0.3848460452857,0.2665339412612,0.0379683771678,0.2330439489451,0.1395587776307,-0.1224135248645,0.0671945468198,-0.1463881600490,-0.1610111410344,0.2206869307284,-0.1814733919005,-0.0229946932474,-0.0693821863685,0.6198985941364,0.1070647401509,-0.0127963010943,0.0217044040057,-0.0794554533972,-0.1588246285400,-0.0028103941150,0.0217442543043,-0.0852766223992,-0.2009248805961,-0.3036863558780,-0.2759807919205,-0.3711229602549,0.0772870336291,0.1346506870790,-0.0744814337773,-0.1289429437725,-0.1743306653510,0.2973401546563,-0.3747360581136,-0.2228311416918,-0.0079278347978,-0.2689058255315,-0.1070851713993,-0.3837957101855,-0.1689222954702,-0.1034360473463,-0.1355046922346,-0.1647850602267,0.0818012763214,-0.3340728721301,-0.0192926837816,0.2913274100922,0.2109029386269,0.3370278644048,0.0848719932402
0.4793730107220,0.3006647807653,0.3455000090273,0.7743184857397,0.5706163334782,0.5553322472333,0.7161456377476,0.2573371499486,0.2815685283579,0.5595100447089,0.2822567882721,0.3424836585962,0.4392142643619,0.5173029229024,1.0000000000000,0.4985902671585,0.6386959371026,0.4507810219649,0.3704324024251,0.1473172403938,0.3356849938650,0.2139639297259,0.2009733947652,0.5024918363429,-0.2796168033059,0.0208286750662,0.0692011897602,-0.1685866997946,-0.2237807183897,-0.1859939524942,0.4374227495586,0.0472031746446,0.0250473416600,0.0379016223744,0.2436387998599,0.4005614986534,0.0450391581442,0.0181991077621,0.2338676470756,-0.0559887431827,-0.0116937322512,0.1074821749115,0.0837723268954,-0.2914728478780,-0.1552813681286,-0.0046078447270,-0.2523936162237,0.2549584562974,0.1751136834609,0.6526807133592,0.4910976347921,0.1530888082139,0.7182093891887,0.3504924767650,0.5694775339792,0.6285327021800,0.2006539950907,-0.0658623891399,0.2149203828681,0.2701315340948,0.3237849280163,0.2287342313052,0.3039960219455,0.2711738095436,0.3029219879721,0.5353957519530,0.3652708875520,0.3318104770140,0.2195442463872,0.1148767953751,0.2822098186562,0.2881373561218,0.3501887192554,-0.3122328278135,-0.0326521157944,-0.1526763190816,-0.1316206538856,-0.1315684909829,-0.2065419817621,0.4220645056172,0.1559628600753,0.0161485460818,-0.1559942986542,-0.1357953335352,-0.3457684253715,-0.1192456118310,-0.0073250901072,0.2503928035829,-0.1173723090711,-0.2812554990268,0.2210216783203,-0.0637050707292,-0.2415928557980,-0.0953700341497,-0.2905629953830,0.2471361104818,-0.1493823133607,-0.1204637467935,0.3541755108745,0.4605532367114
0.2994268438480,-0.1084748358152,0.2852146052052,0.7527811694533,0.4917472418083,0.5226941906018,0.6956708530188,0.6861351434437,0.8353895280558,0.1458254879202,0.4934046812707,0.4263929746499,0.5298258717224,-0.0719359941700,0.4985902671585,1.0000000000000,0.4464420212435,0.7190238274744,0.8666879077657,0.6488890780469,0.4263582695406,-0.1432242261410,0.4084113588604,0.7303696138872,0.1663119870035,0.3941803955430,0.3853869284863,-0.2504348879673,-0.4105775661090,-0.5573070964486,0.7007053890791,0.3639902931234,0.1840556110789,0.1470125691805,0.7345268737736,0.7844335850919,0.2452487931393,0.5259603754013,0.4947458252938,-0.0444930824994,-0.3841761778440,-0.1927643106677,0.3646050030382,0.0371755113788,0.2932903628911,0.0448740996442,-0.0601034465674,0.4663585369101,-0.3324257860963,0.3774826854568,0.2916433488133,-0.1661069528416,0.5280785996420,0.5056549131152,0.4070882308398,0.6931609801594,0.6533998331908,0.0344004161873,0.7897958480940,0.7938797624437,0.0055234245796,0.5355067922080,0.2889670359386,0.5440240285717,-0.3968118130316,0.3508621619321,0.7727279701026,0.1918575872756,0.7347102881485,0.6167180848210,0.4206577583361,0.2371698083652,0.6856433882687,-0.0655277824152,0.4135104283274,0.2631891819760,0.2646707127993,-0.2259850798615,-0.4933346986156,0.7366490844767,0.4127977621708,0.1723044546927,-0.5987735212910,0.2186543835693,-0.1655338978550,-0.0710587439028,0.2759150000546,0.6703080775958,0.0229341400149,-0.1530193099524,0.3565768319377,-0.1545361438670,-0.1935358937239,-0.2181939328020,-0.1075970943341,0.3758888136731,-0.4445146658319,-0.4542120642445,-0.0703829658576,0.3296606018703
0.3153725036074,0.0049794688223,0.1727834809729,0.6047555186104,0.4675543829564,0.4898334059732,0.6233865574916,0.3260119562187,0.3264147539195,0.5554101128027,0.4951235206839,0.4325968362840,0.6381269168646,0.2988637650861,0.6386959371026,0.4464420212435,1.0000000000000,0.5734616289291,0.4015351492798,0.3983179360640,0.4503056844869,0.1909068663645,0.3418638184434,0.5234387820057,-0.1023337523630,0.2936274813889,0.3617178461322,-0.1212213372493,-0.2368986468106,-0.3061429384677,0.6610773818170,0.2877058188743,0.3586175479985,0.1213691826926,0.1348488122259,0.3536743980301,0.1532503115810,0.3089622121856,0.2059524449264,0.0195158251753,-0.0560309968978,0.1761557301727,0.1300219206410,-0.1569034866174,0.0136250234685,0.1996123002876,-0.0459138700259,0.1838995507186,0.0766908852334,0.4817867223944,0.4365021647055,-0.0131429402830,0.5468174345402,0.3406107339351,0.5841401071340,0.5467841934712,0.2207335908838,-0.1598464442806,0.1846845826987,0.2801392254257,0.2666963406888,0.3256104487353,0.4136999972447,0.4166641545312,0.0712161112250,0.3391832521193,0.3402620234359,0.5605300504425,0.1975283008169,0.2365094691803,0.3690491659498,0.2528491754506,0.3571571016466,-0.2241263237293,0.0964753524855,-0.1858362330018,0.1762987190285,-0.0726818235399,-0.3157483409686,0.6059753017335,0.2052364235568,0.1676029896613,-0.2606090249404,-0.0170023919463,-0.4669140228435,-0.0923345641849,0.1124432867364,0.1568446567698,-0.1438436812147,-0.2963989208656,0.2026943316138,-0.0609722875284,-0.3303598176077,-0.0349085466209,-0.1795947696033,0.2344069233132,-0.2322423902140,-0.0845404133640,0.2169957945448,0.2750522781631
0.3059897612982,-0.1476544015201,0.1186559165624,0.5406413756298,0.4410708055274,0.3337183822735,0.4647972683757,0.6801731048227,0.6210355938209,0.2125583605534,0.5672280072741,0.5350309173624,0.6519275151024,0.0476038223815,0.4507810219649,0.7190238274744,0.5734616289291,1.0000000000000,0.5409164698901,0.5971661671634,0.4683791674018,0.0051800681122,0.4244159736977,0.6742096288815,0.2216958210848,0.3941018738905,0.3578933230807,-0.1025020763300,-0.3296830860555,-0.4467908716410,0.5628978584275,0.3969291713352,0.2324058371271,0.1237793257013,0.5091075984725,0.4946114585500,0.1765890476497,0.5261919102573,0.3025962052961,0.0314661501515,-0.2626986831488,-0.1195902114876,0.1052022049735,0.0549034313372,0.3286385263993,0.0713270173524,-0.0291108384614,0.4119356066969,-0.2072675918382,0.3886437476952,0.2879843009319,-0.1848384836477,0.3938829368192,0.2344780511575,0.2724928516960,0.4299682458765,0.5221314121635,0.1043367553378,0.5816081040351,0.5478711549980,-0.0286681723889,0.5078933026954,0.3083258547664,0.5026788406687,-0.2246255247486,0.2225630738096,0.4828271725292,0.2848806712075,0.4460434737645,0.4735642857825,0.3934975135289,0.2057964478855,0.6243347618937,-0.0220790595661,0.2263510222164,0.1363687736779,0.2014551725419,-0.0938317095882,-0.3888152994907,0.5527767960976,0.2538589977872,0.1020824497492,-0.5048014117052,-0.0550010199515,-0.1145118158185,-0.1381408007160,0.1753112232547,0.4308244735715,-0.1177034711054,-0.0921640900614,0.2262298501923,-0.0301466185910,-0.1965933525911,-0.1120819845316,-0.1754839294367,0.3103714472780,-0.3294797100018,-0.4005179293471,-0.0411114454635,0.2083373301957
0.1860718691703,-0.2014180053220,0.2970181378050,0.6745786942418,0.4254219677848,0.4791077818319,0.5958367604183,0.7179609500013,0.8802921562209,0.1260868007624,0.4794310057216,0.3738746434309,0.5018091708852,-0.1759667530420,0.3704324024251,0.8666879077657,0.4015351492798,0.5409164698901,1.0000000000000,0.6542511483489,0.4521082624961,-0.1548422088051,0.4309677207540,0.6267045317313,0.2566229150731,0.4485735610797,0.4761573905125,-0.2168703402855,-0.4369300860201,-0.5495634811177,0.6529868130640,0.4198892469288,0.2245300551760,0.2050900941888,0.5697446389863,0.6978960867775,0.2422590476102,0.5820972818592,0.4385357007215,0.0087041215607,-0.4015639466548,-0.1797396560978,0.3887199972972,0.2174025621775,0.3943504275918,0.1503472343526,0.0406637206325,0.3760045612256,-0.3787102913276,0.3135954875818,0.2487489973470,-0.2608097295913,0.4908193524121,0.4843305455404,0.3960945972204,0.6468242298809,0.6626951303122,0.0976278827984,0.7876289023935,0.8951279618052,0.0003147086739,0.4850469183832,0.2850369993810,0.4973837921669,-0.4292233872777,0.3036565928779,0.7506638463206,0.1111401690178,0.8330973920311,0.6573000309911,0.3881029203649,0.2486695808364,0.6436639493340,0.0836621527655,0.4569610064720,0.2624551535262,0.3420181377827,-0.1736609086817,-0.5238823325771,0.7051139922646,0.4446546208095,0.2175784866933,-0.5941419070671,0.2623082351458,-0.1392041723548,-0.0191476235582,0.2919444333008,0.5310192772587,0.0507345536065,-0.0844868576322,0.3082049043935,-0.1101975795042,-0.0523400059020,-0.1811864832634,-0.0361881410048,0.3021512646268,-0.4079897269315,-0.4803090717431,-0.0965875350439,0.2845575575770
0.2318826212682,-0.1157116018657,0.3425961765290,0.4165120376722,0.3533277173231,0.4647308029906,0.3756625953659,0.7029292801258,0.7526455182100,0.0553596823455,0.4333329363680,0.3246469287092,0.5218049391547,-0.1719817147647,0.1473172403938,0.6488890780469,0.3983179360640,0.5971661671634,0.6542511483489,1.0000000000000,0.3564327378973,-0.1894469872568,0.4621534031331,0.5044640604674,0.6264047183445,0.6680296638596,0.6333491008483,-0.1477776497744,-0.4762303146072,-0.4956601247078,0.7279595999558,0.6516468650603,0.5907664277681,0.4226229240406,0.4557090553163,0.4878364408445,0.2817766931125,0.7737651683970,0.3320868103777,0.0941716683950,-0.4170346444304,-0.0212407419860,0.4203464745950,0.2962392137467,0.5951257734186,0.3166009908293,0.3115587409236,0.3852979192363,-0.4123631482315,0.3552328883092,0.1730092201993,-0.0288692111438,0.2168344716628,0.4740995065467,0.2751970597098,0.4223952661752,0.5869194221946,0.1048727539942,0.5829339323384,0.6930880916556,-0.1392536000866,0.4317123645522,0.1677496857634,0.3835068972750,-0.4873285410119,0.0053998117872,0.4318231634168,0.0226768736929,0.5431096474319,0.7290702530282,0.1253187850728,0.1235277111615,0.4211146500399,0.2084975959596,0.2167057594216,0.2295735396295,0.5230962718580,-0.1400220463676,-0.5773655814721,0.5107397690759,0.3843148956678,0.1898450810973,-0.6071952126640,0.0946294141504,-0.1131176990686,0.1150542577034,0.2655150633252,0.3626700349348,-0.1269359109638,-0.0432044510158,0.1891329732386,-0.0423953518439,-0.1068474759626,-0.0778461846704,0.0631744928089,0.2530332194534,-0.4481728972039,-0.5498419560127,-0.2447793713142,-0.0253872745963
0.1239091082372,-0.1417220916185,0.1301182299425,0.3439591131286,0.2706998771351,0.1713019078780,0.1602328276269,0.5448041530001,0.5402403291551,0.3225418060725,0.5849023171830,0.6310755005455,0.4922375446412,0.0491624962446,0.3356849938650,0.4263582695406,0.4503056844869,0.4683791674018,0.4521082624961,0.3564327378973,1.0000000000000,0.1784595971547,0.6576340013616,0.5110340444013,0.2052753045020,0.4650062493111,0.5286059823200,-0.0378089941356,-0.1278239185691,-0.2035538695442,0.4083769628225,0.4017315520508,0.2761930258730,-0.0388643711393,0.2280484335921,0.3270333308751,0.2524949379257,0.3500040073918,0.0915469653027,-0.0667981397405,-0.2310174433701,-0.1041316221325,0.2607183008396,0.1663213664491,0.3017572326824,0.2598965682346,-0.0219099214726,0.2155411868810,-0.1395123976028,0.4295139337046,0.1940497743676,-0.2989500609910,0.1980077390263,0.1967809277778,0.0391383625275,0.1630980316496,0.3988092579932,0.1698843407554,0.4266684907149,0.4659872301971,-0.0060477634050,0.5759456004336,0.4528246115971,0.2717286782674,-0.2035424334833,0.0528176322342,0.2648620809597,0.0594126224776,0.3671048868422,0.3985973315198,0.6054350455315,0.4517927793073,0.5248002362415,0.2958299655110,0.2894879973201,0.3276804693532,0.2937768067844,-0.1044706348401,-0.2977757807648,0.2779654553297,0.3561179151116,0.3535845054963,-0.3134162274896,-0.1618064305186,0.0153360625909,-0.1620752453972,0.2125123300906,0.2840906522553,-0.0922032340107,0.0071571473627,-0.0094155198270,-0.2421843024908,-0.0012526259646,-0.0009134924169,-0.0962266106251,0.1361333645039,-0.2220648024147,-0.2300327835052,0.0729709455772,0.4284389914741
0.0241567583928,0.1702079795632,-0.0392503751215,0.0119812174838,0.0138340018885,-0.0284749448223,0.0031470582768,-0.0671297306949,-0.1470812652474,0.6433283994427,-0.0275164301787,0.2463269442078,0.0234916961372,0.3582121390029,0.2139639297259,-0.1432242261410,0.1909068663645,0.0051800681122,-0.1548422088051,-0.1894469872568,0.1784595971547,1.0000000000000,0.2998968349413,0.0206359741061,-0.1786476838000,0.0035435453532,-0.0938921900188,0.0478781609942,0.1259605256174,0.2765687524882,0.0547092666206,0.0464870657586,0.1356437756883,0.0517010860398,-0.2920763014580,-0.1636429890330,-0.1065064124553,-0.2937777475140,-0.2355621304269,-0.0777616378853,0.2844635478301,0.0828389186082,-0.2673616329437,-0.1942176766227,-0.2185508999457,0.3399053361165,0.0607654164954,-0.3734171617944,0.4337297426495,0.1251839074443,0.2144409689585,-0.0745965133623,0.0652034999831,-0.2188269986895,0.0872924549321,-0.1036572316310,-0.2367470999113,-0.0654535261743,-0.1856667775304,-0.1674745960245,0.6076735708181,-0.1394474110584,0.2916631743523,-0.2213570025897,0.4494743055333,-0.2048780633512,-0.1693683719916,0.0462882485042,-0.2027209061641,-0.2452997980342,0.1404921259451,0.5792613522704,-0.0269454763598,-0.0828580703660,-0.1330709889485,-0.0998163785844,-0.1499044459812,-0.0206285064725,0.2140073273011,-0.1096913353013,0.0335051342791,0.1671694742741,0.3829648314729,-0.4148429543523,-0.1630027120836,0.0587692830249,-0.1805167073067,-0.3048970968393,-0.3200107787500,-0.2088608206753,-0.2018262180794,-0.0881261067938,-0.0898664735136,0.3336680437216,0.0775832827020,-0.2639457098283,0.2578449344691,0.4395423030325,0.4069864379149,0.2025190907597
0.1374054641083,-0.2516790139636,0.0714741214886,0.3178594083196,0.2637042106037,0.2693907183926,0.2111385732531,0.3810626122750,0.4888231696618,0.3645900423291,0.6343812215457,0.7576862785126,0.3336379009576,-0.0857012486318,0.2009733947652,0.4084113588604,0.3418638184434,0.4244159736977,0.4309677207540,0.4621534031331,0.6576340013616,0.2998968349413,1.0000000000000,0.4948711345009,0.2102949815389,0.6066718876234,0.6108786690786,-0.3103296357954,-0.3018216461695,-0.4105506378413,0.4358547443798,0.5878043775915,0.5182940377741,0.2390451689334,0.2455830720720,0.2523192541591,0.3139337314349,0.3503580459009,0.0869011255962,0.0556796372970,-0.3385780514390,-0.0172175213497,0.1511578297254,0.0517780800459,0.2680008018238,0.4590196456554,0.3095162828035,0.1372645113116,-0.3142786813589,0.3801049610902,0.1842149211951,-0.3041368109581,0.1940129514378,0.2230711637078,0.1875277425320,0.2329486123280,0.3439284955765,-0.1040957812864,0.3679778907632,0.4410378645217,0.2074340975756,0.6001368570650,0.6266538370844,0.2499250946408,-0.3118271197675,-0.0374477451301,0.1912250403865,0.1680345087891,0.2695053119912,0.4299100516781,0.4992054197943,0.7317552299000,0.5282252846533,0.2218973152385,0.3008529793570,0.3250028584410,0.5096944139479,-0.3304470447584,-0.3919350253177,0.3761487587983,0.5755180806390,0.4809761839233,-0.3774684292875,-0.0709578738882,-0.1778121829818,0.0227709102958,0.3274533778799,0.2453438644387,-0.0942935307311,-0.2259556447046,0.0543220939069,-0.1415779694431,-0.1558431185765,0.0367052904858,0.2158404112806,0.1148853904764,-0.4060600993067,-0.2240497960258,0.1616925194002,0.4610358054414
0.3624005412890,-0.1318880162071,0.1580536276667,0.6254639786363,0.4868674035641,0.5260893059283,0.6206652239892,0.4940388562260,0.6691113618302,0.3341893115666,0.5608128789600,0.5691408600075,0.5409605606246,0.0524803842705,0.5024918363429,0.7303696138872,0.5234387820057,0.6742096288815,0.6267045317313,0.5044640604674,0.5110340444013,0.0206359741061,0.4948711345009,1.0000000000000,0.0989407768632,0.4001661414142,0.5529588342629,-0.2304446008860,-0.4165771806091,-0.5249564365100,0.5754970903180,0.2828402537383,0.1132501133904,0.1752161904819,0.6914886142154,0.7211962094131,0.5661346694339,0.5468031267252,0.5550614347845,0.1282218934892,-0.3314861954470,-0.0326645349559,0.3343625428321,0.0135499158322,0.2195445685118,0.2295430667642,-0.0390789216182,0.5344797831945,-0.2841241614875,0.4375349971528,0.2669516914233,-0.1924770524475,0.4637371237678,0.4063131324855,0.4406092662625,0.5825582810520,0.5098836476452,-0.0509700482138,0.5763066853990,0.6256361922088,0.1646691000399,0.5844742106546,0.4238432550269,0.4739848631752,-0.3225638174468,0.3669169314768,0.5693543452868,0.3717030237987,0.5279695193573,0.5501100073919,0.5208174265588,0.3702278420818,0.8356895255656,-0.0107980778808,0.2970978317552,0.1951061091144,0.4203465373223,-0.2550427788671,-0.4933930109932,0.6659855246174,0.4083819584482,0.1680480095335,-0.5216387075950,0.1609314380909,-0.2204125750779,-0.0810049171204,0.5198879934261,0.7176396625304,0.1107699749615,-0.1177272866185,0.5201465159114,0.0005249026230,-0.1873735271310,-0.1712050894649,-0.0313853953321,0.4946529401570,-0.4747879969721,-0.3570131784057,0.1283455353569,0.4547610807728
