1.0000000000000,-0.1306206430471,0.0509143324657,0.0798004191177,0.1811328692542,0.1784806127021,-0.0165042190245,0.0619643188151,-0.0348501262688,0.0798954668323,0.0556180315799,0.1442527250278,-0.1158636707986,0.1148276749047,-0.0032159204129,-0.0123964692771,-0.1310135880719,0.1621844474935,-0.1605531704713,0.1074481711456,0.0105382023284,0.0863466715870,0.2661465727185,0.0066021276432,0.1159618475112,-0.1789647290125,-0.1620464506688,-0.1767244221377,0.0974163166254,-0.1393106007148,-0.0197756467542,0.0511103134948,-0.0398224889238,-0.0952411189327,-0.0701873340692,-0.0840599066291,0.2267086107262,-0.2460802782458,-0.0717426374733,-0.1308769707872,-0.0516496704153,-0.0614785165343,-0.0544566199578,-0.2237948738025,-0.1475047038795,0.0130651379544,-0.0878661829402,0.0975836976158,0.0157280481564,0.0605332807158,0.2963029125969,0.1967392834013,0.1169353833929,0.4475331913188,-0.0627874183144,-0.0098567837524,0.0623339364032,-0.1433564315840,-0.0388007571156,-0.1189253718025,-0.0865811839091,-0.1040821346387,0.0855888693370,-0.1066014098391,0.2103185403040,-0.0133332434374,0.0254627872224,-0.1235854400924,-0.0633964402308,0.0586998947123,-0.2118107161312,0.3101526148710,0.0810078189709,-0.0622991499340,-0.0550883960272,-0.0575109539983,-0.0098858230637,-0.0896248453375,0.0788048943626,-0.0322540422450,0.2389210182025,-0.0892863531985,-0.1833848588218,0.0652070257137,-0.1888007508370,0.0405774712506,0.2134314262670,0.2735352735431,0.0642455070945,-0.0131526750220,0.0493330804505,0.0206091887339,-0.2567242239522,0.1527033106618,0.0282024191132,0.0588941392183,-0.0982775120535,-0.2144755360281,0.0102629723611,-0.0334396719617
-0.1306206430471,1.0000000000000,0.7031508796132,0.4716832011310,0.4198033173658,0.3373229966379,0.4126301144198,-0.2173398114081,0.0151138603955,0.2387280214377,-0.0573661260159,-0.1045935550839,-0.1211175911583,0.5146783812697,0.4950571659687,0.2908739175512,0.1359801276529,-0.1974261510589,0.2343681744764,-0.1906980015654,0.0954349206705,0.1557806376940,-0.3711739354622,0.1127743298529,-0.2637867157803,0.0199196994440,0.0463378924445,0.3787540731822,0.0432247057337,0.3323357203743,0.2761620235960,-0.1035056290685,-0.0019081506736,0.1500465596723,0.4411842859326,0.2712947398028,-0.1907143838391,0.0277140783781,0.2882519645996,0.2340798912333,0.3247176811101,0.2039335422870,0.1714604935465,0.0930707145843,-0.1415359928125,0.0504981508295,0.1994446136472,0.1921584204132,0.5139459967767,0.1417221590207,0.4225014934745,0.6277258559085,0.5156690193835,0.2675041362450,0.4703131205512,0.5123377049046,-0.3268884830752,-0.0550338055459,-0.1118790174372,0.1330510681788,0.0706869266226,0.1536725499230,-0.3531498781781,-0.3365083792885,0.2103673681829,0.1648802749042,0.3099543174033,-0.1745591599434,0.2855324084412,-0.1174184297325,-0.2336336227661,-0.2285043269423,-0.1226639606847,-0.2531255818378,-0.2081558420006,-0.3521260997489,-0.3167996647944,0.2716323592757,0.0262976716086,0.0474874237766,-0.2656703705439,-0.2183445182612,0.3006464869719,0.0137660575718,-0.1852819503519,-0.1787174455993,-0.2157472569001,0.3060144003017,-0.2257422027538,-0.3576074302395,0.0960145975409,0.0628481738215,0.0924627121912,-0.0780088155966,-0.1724996841550,0.1695594208611,0.4450376588561,0.2550569007125,0.0786949182634,-0.0617181786349
0.0509143324657,0.7031508796132,1.0000000000000,0.6816508160280,0.4321511595436,0.6719225653725,0.6334576041770,0.0411803410860,0.2708554328165,0.4979331011295,-0.0905466366192,0.2115743245567,0.0320930917804,0.5137086255368,0.6014972620654,0.5170766368196,0.2770103251133,-0.1740379630814,0.4389311496845,0.1384339331088,0.3152485966063,0.3504294146580,-0.0898450282541,0.3708297689733,-0.1404161269894,0.3178456394567,0.3081622182267,0.2215863285353,0.1704557698595,0.3447930363577,0.4824095733176,0.2421702643391,0.1789962115734,0.1305899271247,0.6485509601348,0.4948575639861,0.0975004443082,0.2426117675272,0.4837894025588,0.4205463788046,0.2466357565734,0.3034529274475,0.4009506159587,0.3019841955806,-0.1927258395268,0.1869507082125,0.3151435846245,0.3382793986074,0.4860511946963,0.3638341327451,0.6595912543206,0.6732906299021,0.5795612930532,0.6501336153005,0.5236766476195,0.6851032447733,-0.0649226885081,0.2289011566736,0.0366594760671,0.4149408138569,0.2374134384600,0.3084396700342,-0.2884565124536,-0.2813130608017,0.3331051693811,0.1211675834369,0.5491309272886,-0.0671733741912,0.5253044880728,0.2181266472849,-0.3020714119319,0.0941011155323,0.1300127871860,0.0174465187062,-0.1025708518382,-0.3328266163515,-0.1159611515214,0.1774703298649,0.0528040517087,0.2129128451405,-0.1978109219280,-0.1741153219547,0.3577773246141,0.0943450866251,-0.0353188817952,-0.2903036284360,-0.0826153473968,0.6244168511757,-0.2072778722025,-0.2868801409431,0.1658738405019,0.2139817395249,0.2556859247762,-0.0173033056115,-0.2020354976115,0.2118878813947,0.1442349846164,0.1258632373756,0.0398242633160,-0.1795069005181
0.0798004191177,0.4716832011310,0.6816508160280,1.0000000000000,0.5059345655407,0.7231297834169,0.9018571214455,0.3106936406045,0.4717607805682,0.4804657198372,0.0212020430543,0.2818114793684,0.1786510304158,0.4574437874789,0.7055057366488,0.7871831761330,0.5359304537852,0.0379869147114,0.6655995733967,0.4341198684228,0.5244709461314,0.3863812430164,0.0773995202976,0.5829409820397,-0.2744644121626,0.5519975631683,0.5173170610347,0.0792565594448,0.2337911458902,0.3491720257041,0.6968439725995,0.4332223848024,0.5425999135169,0.1002091650664,0.8565318414282,0.7540256394632,0.1542335419558,0.4049650294040,0.6005231367444,0.5512529021106,0.3225349635573,0.3228612796655,0.5441671960075,0.3506905879150,-0.1002562330079,0.1816945943519,0.3634858540901,0.3987389643566,0.5865693246485,0.4517870835111,0.7115083226767,0.4584781334005,0.8288951773054,0.5869762766266,0.5826816617066,0.8373202291478,0.0585885852645,0.4330279515287,0.2554882175830,0.6271427886973,0.1135310108499,0.4676773476204,-0.2272007903823,-0.1826296912783,0.3612150435931,0.2203047435207,0.7323729130621,0.1435489986664,0.7073587408039,0.5583707583181,-0.1695254399169,0.1034170438177,0.3332254250827,0.1645339838083,-0.0045561706864,-0.3014761367537,-0.0712954770982,0.1762144038955,-0.0196500370192,0.4978383683620,-0.2656966055829,0.0283212400102,0.2471837684407,0.0354990404655,0.1478383852296,-0.3779638884924,-0.1085683462435,0.5719763179722,-0.3210968292561,-0.1515003428232,0.2912542995322,0.2205675742519,0.2743124704463,-0.0920165960447,-0.1546371079665,0.2458032553505,0.0008295060611,0.0694048456557,-0.1452590114031,-0.2286406328612
0.1811328692542,0.4198033173658,0.4321511595436,0.5059345655407,1.0000000000000,0.5697914105377,0.5305394793505,0.0699409159730,0.2996232719975,0.1359781570421,0.3937119670805,0.1504218938399,0.1824187804681,0.1853239221379,0.3343147108351,0.2784090354132,0.2873817482507,0.1886267395585,0.2741319730634,0.0461290233616,0.4055036148373,0.0142459211605,0.0102454574282,0.3605900149151,-0.3163147503039,0.0296464694222,0.1924422258138,-0.1489301970505,-0.1433428972292,-0.0670012733789,0.3170770070887,-0.0616682321563,0.1792919068242,-0.1033719786385,0.4668691383096,0.4220937119386,0.0175131071393,-0.0679908043395,0.4457295258447,0.0137361468732,0.1555453978019,0.2468266230123,0.1087298913657,-0.2460720387284,-0.2519691494762,-0.0967868941710,-0.0130145003372,0.5988029665980,0.5122376334544,0.0865279046644,0.6803351994148,0.2865277431087,0.6045924100622,0.2880966263400,0.7690051716067,0.5964068352058,0.1025155301711,0.0508333049757,0.2026875940245,0.3698370872114,0.1954873983631,0.3356340459478,0.0650707217956,-0.0047836569910,-0.0272051200948,0.1977496046468,0.2871416818436,0.0886539496247,0.4193042348020,0.2112017966927,0.0108140621608,-0.2051975435568,0.3332392086515,-0.0529006959221,0.0273061453060,-0.2393846864881,-0.1244523841991,-0.2026537709902,-0.2942335871652,0.2898231883688,-0.1724672387505,0.1155421876953,-0.0409186329476,-0.1457556614470,-0.1823474165072,-0.3213721035969,0.1045053655452,0.4195119708056,-0.1852166650601,-0.1363887216459,0.2622144299787,-0.1795062641528,-0.2301030833366,-0.1694793650504,-0.1182757165174,0.5725439180580,0.2293641078265,0.1979182645949,0.0801002610562,0.0954391364381
0.1784806127021,0.3373229966379,0.6719225653725,0.7231297834169,0.5697914105377,1.0000000000000,0.7991158769407,0.2754290594651,0.4014025826848,0.5952883968624,0.0379561447356,0.4178308481448,0.1662625982450,0.4833729451454,0.7233625119440,0.6518153217345,0.4645863889685,0.0482900506514,0.5133859720510,0.3683166254274,0.5089501074689,0.4982419557548,0.0654147384431,0.6041228811564,-0.1327168061980,0.3793653440889,0.4169223773615,-0.1249467857915,0.1814079002945,0.2792573170583,0.6270053356258,0.3383600753323,0.3870436524126,0.0665631216021,0.7764411721012,0.6469244791084,0.3498236507475,0.2609485462688,0.6607378388174,0.3927713594755,0.2349951971884,0.3248193986282,0.5304857270250,0.1676304022737,-0.1921797368090,0.1498573991793,0.2358914784724,0.6698482094602,0.5897339798121,0.5436991864408,0.7263482078757,0.4070238471463,0.6241194524950,0.7641597891103,0.7447480413286,0.7147832042772,0.1028728825914,0.3100753826100,0.1674154575548,0.5223287730047,0.1544948201751,0.3804953080113,-0.2031044472613,-0.2099324445792,0.3961328036221,0.2509158430432,0.6241878677944,0.0970770507268,0.6467296141198,0.4499352614091,-0.2596097699607,0.1353171226915,0.4022118385479,0.1343820469193,-0.0613151161439,-0.3856698301657,-0.0992107389833,-0.0815176435155,-0.1017806160677,0.3732078850266,-0.2604086603269,-0.0816035694135,0.1375246834195,0.1317093915086,-0.0219427890764,-0.4364812491855,0.1150873102789,0.8080262773102,-0.2094425477401,-0.2058091798335,0.3431392518510,0.0510464582033,0.1134030670783,-0.2728389943852,-0.2635108177795,0.4536454698959,0.0031949144710,-0.0702810846929,-0.1144786725686,-0.2006790544941
-0.0165042190245,0.4126301144198,0.6334576041770,0.9018571214455,0.5305394793505,0.7991158769407,1.0000000000000,0.2821513962135,0.4994370032248,0.4895889305876,0.0923633238659,0.2748938206321,0.1587120616554,0.4187813594131,0.7580419614984,0.7899562363246,0.5968937038997,-0.0430465967979,0.7069695293019,0.3936316094239,0.5629766706184,0.3938327346253,0.0718442310492,0.6422361320923,-0.3142313610355,0.5508393122715,0.5553587733509,-0.0155421372810,0.2373408767102,0.3459059805584,0.7152476832272,0.3951296465844,0.5514806713034,0.0807427019450,0.9055255594635,0.7899627369717,0.1898628391503,0.4011327686061,0.7160528741903,0.5677672670711,0.3510397655580,0.2982918244568,0.6298700768711,0.3408077533332,-0.1253473477212,0.1148562540659,0.3278389136056,0.5150826292208,0.6385173488889,0.4432755049407,0.6372364757098,0.3121284340085,0.7178960545491,0.5149992383539,0.6994436927354,0.8954814633567,0.0025543874495,0.3616262580595,0.1665713357085,0.6632278941327,0.1308067782319,0.4729331296603,-0.2717085314777,-0.2435885986216,0.3284587253183,0.3083201041818,0.7338827484006,0.0957726732464,0.7525961067627,0.5434270390883,-0.1924979704608,0.0398726369470,0.3650341396626,0.1098172825377,-0.0219753906795,-0.3788207214312,-0.0423318893921,0.1488904317351,-0.0634876596726,0.4580674952316,-0.3470319196878,0.0066626846934,0.2970255294099,0.1170507112670,0.0489503358782,-0.4041200439560,-0.0346866705805,0.5835135648522,-0.2262897266041,-0.2230831575291,0.3811211502640,0.2219845667990,0.2875048963883,-0.1831223474090,-0.2365746304733,0.3274858170541,0.0373344802685,0.0919504415404,-0.1698058289581,-0.1735189631647
0.0619643188151,-0.2173398114081,0.0411803410860,0.3106936406045,0.0699409159730,0.2754290594651,0.2821513962135,1.0000000000000,0.7452599154478,0.2236619011948,0.2493195462670,0.4287100395351,0.5662478591930,0.1342554683162,0.1491314693509,0.3182905557977,0.3318716622377,0.6213491972786,0.5094619871987,0.7641473810938,0.3431114171185,0.0985755630825,0.2670765172163,0.4597176098325,0.1375524354375,0.3457111452456,0.2558660589570,-0.1013109838729,-0.0698734757492,-0.1048530641914,0.3695345020069,0.4154831491607,0.4806074348570,-0.0358237842971,0.2970820600607,0.3952615583422,0.1498603701445,0.4141263287124,0.2156745771567,0.0746031840141,0.0874169556071,0.3487044998641,0.0881376031947,0.1230626070472,0.1609164975866,0.1815867162999,0.1306254847330,0.1866777115481,-0.0902748794086,0.3170392583335,0.2637741693146,0.0541071967537,0.2382105900062,0.2292505676297,0.2197491744620,0.2003049977825,0.5564832288365,0.6173691920346,0.5694712171192,0.6418173461709,0.2796286310001,0.3834689807807,0.4016339952876,0.4830820022223,0.1529181220665,0.0575710968566,0.2778643924136,0.4857433057770,0.4439059359230,0.5139190939806,0.2998689766608,0.1937695850254,0.5284910996778,0.5895769328429,0.3152217232750,0.1771460587558,0.1346294459247,-0.1010774511988,-0.0753717787809,0.4667496172077,0.1798921855554,0.3462780696124,-0.0747559371968,-0.2002567327488,0.3668966730362,-0.0768035371434,-0.0055313052138,0.3167180448284,-0.1737223332805,0.2871584235116,0.0783441114716,-0.0349804902718,0.0042387704823,0.0907084491331,0.2498718460016,0.1706627400038,-0.2062272323680,0.1397728396774,0.1407496853599,0.0871615835247
-0.0348501262688,0.0151138603955,0.2708554328165,0.4717607805682,0.2996232719975,0.4014025826848,0.4994370032248,0.7452599154478,1.0000000000000,0.3558167021057,0.3261427952849,0.4726420609118,0.5351557531011,0.1828689455866,0.3548600215793,0.4866643961174,0.5070429590260,0.4497481926625,0.6851189786296,0.6757254579269,0.5477717180017,0.1687553462972,0.2213124732908,0.6460860889575,0.1020997853789,0.3767194925180,0.4403943305064,-0.0674049757859,-0.0605595883021,-0.0411361626105,0.5175620138029,0.3575637727919,0.5603675230592,0.0011323893409,0.5379089285512,0.6046438597128,0.1459203097373,0.3503891603726,0.4063475175973,0.2646374876290,0.1633290880949,0.4287130112792,0.2610203492980,0.1431340359821,-0.0799316057229,0.1466900588921,0.2256258082997,0.3219460131075,0.1333427911937,0.3940764985889,0.4162158601336,0.1285231126722,0.3915128369441,0.2129049928954,0.4365901742649,0.4693389740200,0.4921470290417,0.6583086425323,0.5459567769375,0.9004471543744,0.4596047773504,0.5307658817565,0.2590357409316,0.3224564921260,0.1677240627065,0.2162942893932,0.4691631146653,0.4848906715857,0.6585148978840,0.6144510053260,0.3036131714499,0.1188791315876,0.6860822180923,0.5808577968042,0.3668087476273,-0.0813399282568,0.1112272015166,-0.0476977367658,-0.1703034228677,0.5703948438085,-0.0213541827699,0.4231277199426,0.0665215053562,-0.0714313326465,0.2691172731705,-0.2561340018887,0.0142778783039,0.3960390082252,-0.1463298168891,0.1306520205185,0.2025135445049,0.0941199795182,0.0559147631485,0.0906766349025,0.0602394218310,0.3046807089992,-0.1091234818381,0.2441150772824,0.1589424957822,0.1787217492654
0.0798954668323,0.2387280214377,0.4979331011295,0.4804657198372,0.1359781570421,0.5952883968624,0.4895889305876,0.2236619011948,0.3558167021057,1.0000000000000,0.1300776016992,0.7131055624644,0.3299901667368,0.5060245183981,0.6435399799682,0.6037749303242,0.5572079451711,-0.0798941449032,0.4506035970064,0.3132847389511,0.6034944321665,0.8142746952890,0.2782275764350,0.5958264203571,0.0120400769254,0.4598447743954,0.4968365115543,-0.0650788164003,0.2821307071271,0.3729642705274,0.6400225322986,0.4401031113864,0.4637836219280,0.2180976631149,0.5398125830645,0.4015950748762,0.5095391891711,0.2769406096386,0.4074678825780,0.5174937039243,0.3015113186630,0.4232501385211,0.6377367111074,0.2881786692635,-0.2599078342664,0.3041467258512,0.4182866860819,0.2384982992652,0.4834766603044,0.7412368625259,0.4681242141781,0.2684150276075,0.2360615573337,0.4976904823980,0.2990827288019,0.4104002206012,0.1197750421533,0.3609768202553,0.0719261390901,0.4698754767573,0.4583440957917,0.6043546597627,-0.0378703175086,-0.1223058855459,0.3556814578515,0.1951076494524,0.4902279773732,0.1604305428820,0.4945482695463,0.3248303050348,-0.1211911195851,0.4574999962912,0.2707164108287,0.3723685519468,-0.0339959434223,-0.3689126348833,-0.0250341629948,0.0165137021532,-0.0512348379379,0.3074450183961,-0.1177133465416,0.0381282182352,0.3060936096484,0.2300835800975,0.1378392810426,-0.3337158787579,0.2332584584084,0.5093982211832,-0.1186980441663,-0.2111951485860,0.2913207141860,0.2089360834753,0.2930386282568,-0.2019188738916,-0.2093417471756,0.0399857067664,-0.1178502709142,-0.0501726046870,0.1126846244786,-0.0169591664019
0.0556180315799,-0.0573661260159,-0.0905466366192,0.0212020430543,0.3937119670805,0.0379561447356,0.0923633238659,0.2493195462670,0.3261427952849,0.1300776016992,1.0000000000000,0.3900754050330,0.4572980589572,-0.0790566085269,-0.0450401332148,-0.0213557344832,0.3485690964344,0.3841047113718,0.0668772759648,-0.0546509619888,0.4119675663354,-0.0130732783195,0.3930685890503,0.3620632654986,-0.2380549893047,-0.0401680763027,0.1422581598808,-0.1710683535075,-0.1839877684307,-0.1889452061176,0.1275187910844,-0.0414791795860,0.1510373760839,-0.2636058923076,0.0060006286994,0.0607962160337,0.1320144313059,-0.1424415235781,0.1418780067786,-0.1470242684107,0.0633522228242,0.2405742937487,-0.0523297635768,-0.3078544239025,-0.0988093451447,-0.1396570808649,-0.1027254544521,0.2841217557350,0.1062249524684,0.0268352800214,0.1149417143387,-0.1682392413232,0.0466066133815,-0.1813221754108,0.2738831532185,0.0980329926033,0.2367771860034,-0.0174231899318,0.1687605010014,0.2850007624422,0.3433219289365,0.5584896235969,0.4222323337053,0.3305253228428,-0.2320653948209,0.1165064917780,-0.0860798562486,0.2016215636781,0.1602170687244,-0.0016429837715,0.3480541808394,-0.0287804120704,0.3339332139549,0.1464559424593,0.0466753316805,-0.0629637797506,0.0644003549617,-0.1768054018226,-0.2270088081635,0.1686512104398,-0.0264069827596,0.2380308446936,-0.1117270951557,-0.2921015979312,-0.1314315085111,-0.2026356868096,0.2351688881051,-0.0624232323033,-0.0112026773203,-0.0637225533642,0.1964549000747,-0.2040347709436,-0.2513161088751,-0.1397800081742,-0.0722138386964,0.3254681447206,0.0885469741519,0.1732995685978,0.2479488412196,0.3800201628740
0.1442527250278,-0.1045935550839,0.2115743245567,0.2818114793684,0.1504218938399,0.4178308481448,0.2748938206321,0.4287100395351,0.4726420609118,0.7131055624644,0.3900754050330,1.0000000000000,0.6219242781402,0.1768854809825,0.2936849334975,0.3360543696233,0.5319961488362,0.2352260201268,0.3412515107201,0.3828819877783,0.6442709941989,0.4987128294378,0.5961930461536,0.5838660036850,0.0830187461777,0.3835089608108,0.3558372401603,-0.2348098979641,0.1430271290437,0.0395492405401,0.4026776891648,0.4834762686646,0.4835235707979,0.0694160572117,0.2902662330660,0.2788736203169,0.3508393423248,0.0995949923650,0.1216634991402,0.1958124116565,0.0521865928517,0.2270570366231,0.2539398295552,0.0415890671509,-0.3117987325570,0.1431208146521,0.2033281893694,0.1497898749903,0.1918873975815,0.4939470745489,0.3260088277047,0.1320658057720,0.1345407696046,0.3280854066409,0.1919179346954,0.1679165204936,0.3869224673294,0.3654470323653,0.2502077219423,0.4707558151273,0.4751671000021,0.6522925143965,0.4509972356269,0.3063748595076,0.1502832321563,0.0153391493353,0.2676612535786,0.3630574985938,0.4437601833636,0.3795503958067,0.1887246359372,0.4688427113166,0.4547044412488,0.5452875157883,0.0985585352962,-0.0835153023992,0.0615786324044,-0.2177451681450,-0.1122692148935,0.2514210101769,0.1302511389474,0.2509011261264,-0.0852385324832,-0.0715500268159,0.1178858935745,-0.2594906039714,0.1592754706075,0.3526674648474,-0.2067363086469,-0.0645323311482,0.0437997367078,-0.0297001135055,0.0348093226880,-0.1246521248426,-0.1171072201566,0.0337106671001,-0.2923708641826,-0.0787362972378,0.0483247573693,0.1252999698818
-0.1158636707986,-0.1211175911583,0.0320930917804,0.1786510304158,0.1824187804681,0.1662625982450,0.1587120616554,0.5662478591930,0.5351557531011,0.3299901667368,0.4572980589572,0.6219242781402,1.0000000000000,0.0206173323606,0.1144086859165,0.2133715150902,0.5260690458262,0.4650504394090,0.3755280056690,0.4627289169866,0.5370065855022,0.1501148427715,0.2691351893760,0.4442859708330,-0.0031223878703,0.3337928046042,0.2957261823975,-0.1995905559768,-0.2048559827682,-0.1631249705573,0.3227936841246,0.3271146495598,0.5241622360718,0.0783820032919,0.2162904298421,0.3196975633442,0.1675833868780,0.2371572110966,0.1542584449719,0.0082532541050,0.0576663707070,0.3673145476823,0.0944661092599,0.0016622786725,-0.0561276920246,0.1262019197223,0.0587585386383,0.1622317207549,-0.0254005856533,0.2653859174456,0.1638102737100,-0.0687201116854,0.1243924554953,0.0624812861493,0.2622218363470,0.1813701014280,0.5879045448380,0.4798398330385,0.3561487564550,0.4972569189094,0.4630282787036,0.5383478324331,0.5915418269972,0.7655544070606,-0.0328870406310,0.0916803592436,0.1857626592475,0.5986626832312,0.3760877911441,0.3169663155867,0.4954721909905,0.0738733882573,0.4596337716875,0.5345849538111,0.3284043580251,0.1828975845531,0.1449763330114,-0.2373808111563,-0.2721479420325,0.3800085237707,0.1154592489164,0.5404239516076,-0.0608160979902,-0.1322442364755,0.2941065592213,-0.0829728687183,0.0917123883446,0.1925766420573,-0.1211742969416,0.2760580296547,0.0918007907319,-0.0937915415618,0.0013559990247,-0.0975862852080,0.1542782616628,0.1477774363323,-0.1621965846765,0.1523341145143,0.1843898042133,0.2375648885593
0.1148276749047,0.5146783812697,0.5137086255368,0.4574437874789,0.1853239221379,0.4833729451454,0.4187813594131,0.1342554683162,0.1828689455866,0.5060245183981,-0.0790566085269,0.1768854809825,0.0206173323606,1.0000000000000,0.6801010204576,0.5473950451944,0.3401171499763,0.0762210806925,0.4512685613112,0.2545513877725,0.2979266352100,0.4779963762980,-0.2010125608196,0.2756460959881,-0.0462429903660,0.0585361636041,0.0049183703923,0.1999089735344,0.3563092568831,0.4890257688885,0.5393663182639,0.0308678805222,0.1841102909115,0.0255640153045,0.5654295486512,0.4245129330399,0.0983839587594,0.0756165363903,0.3513155847801,0.2059531765557,0.2505437619928,0.4083539029102,0.3061749471824,0.0862838454261,-0.1805877406518,0.0048770094949,0.1045013136669,0.2433383529787,0.4996096995751,0.5209605695640,0.4971360332456,0.3637189144229,0.4259076164116,0.4774293442218,0.3872634065384,0.4689950055704,-0.0969471581088,0.1944425195740,0.1145558303520,0.2264451076474,0.1580864707191,0.2370457543453,-0.2592961441596,-0.2538136670346,0.7374074828895,0.3093417618465,0.5306293358568,0.1619398213298,0.4136727420665,0.1477567451390,-0.1383506076272,0.1743089056435,0.0992410143474,-0.0381324438863,0.0223232400536,-0.4572398953910,-0.4349582978578,0.1701076817640,0.2900120250294,0.3819993726749,-0.3055452688648,-0.1527156863924,0.3103467294607,0.1630362344612,-0.1015614206286,-0.3629536418102,-0.1135630675370,0.5312599923838,-0.1691099302149,-0.3699435713125,0.1462290074152,0.0117999686942,0.0449243879526,-0.2441474208987,-0.3321717442672,0.1572806469262,0.3887201199874,0.0942808062268,0.1560710533836,0.0121248916563
-0.0032159204129,0.4950571659687,0.6014972620654,0.7055057366488,0.3343147108351,0.7233625119440,0.7580419614984,0.1491314693509,0.3548600215793,0.6435399799682,-0.0450401332148,0.2936849334975,0.1144086859165,0.6801010204576,1.0000000000000,0.7710264353899,0.6069546778821,-0.1278752425012,0.6562494055452,0.3388337984206,0.5578180537593,0.5672532511366,-0.0948585892491,0.5586204213221,-0.2496063792189,0.4422171962368,0.4368645327591,-0.0346167821787,0.3322807654723,0.4487829699862,0.7275856780792,0.2439708364675,0.5156888957039,0.1790155361294,0.8161641043060,0.7146177690784,0.2177703877380,0.3735029352564,0.6581295553833,0.5578635090217,0.4363706527835,0.3751857488373,0.7455255467995,0.3404006858661,-0.1854541460607,0.0728253147509,0.2720292977349,0.5143550591048,0.6904431956915,0.7285588405932,0.6039236234779,0.3417562574704,0.5598662561439,0.5167124454394,0.6061633122324,0.7295535882558,-0.1230432961980,0.3337474963030,0.0386603206315,0.4874892947756,0.1360961075648,0.4073156897642,-0.3514573969656,-0.3125086866326,0.6055251721215,0.6196871555432,0.7129677931059,0.1393201625018,0.6990816223518,0.4146756435166,-0.2034977322422,0.0349891722739,0.2148005849229,0.0585756011502,-0.0290328498941,-0.5116843491101,-0.1675455673483,0.1555570656859,0.0327064071922,0.4086609768945,-0.4481522346021,-0.0188764187962,0.4481765862971,0.3081586272119,0.0084915531635,-0.4006419227530,-0.0667999794647,0.5992960612963,-0.0305884964099,-0.2925604280221,0.4148990529047,0.2465189553934,0.3548143254480,-0.3278992144437,-0.2857761626042,0.3693918104058,0.1632334464132,0.1278389726289,0.0133835264266,-0.0023509563788
-0.0123964692771,0.2908739175512,0.5170766368196,0.7871831761330,0.2784090354132,0.6518153217345,0.7899562363246,0.3182905557977,0.4866643961174,0.6037749303242,-0.0213557344832,0.3360543696233,0.2133715150902,0.5473950451944,0.7710264353899,1.0000000000000,0.7015537730489,0.0074278095062,0.7931725563619,0.5481929058011,0.6388920676181,0.5549640415761,0.1034783438267,0.6297524871151,-0.1670585334958,0.5658983498282,0.6071387629922,0.0210576952005,0.3441799326422,0.4611483114722,0.9010862557924,0.4680957826442,0.6604308921880,0.1558330606457,0.8747999442248,0.8048386363323,0.2876752192460,0.4377724845956,0.6446174210045,0.6500402860584,0.3728871266222,0.3935802110335,0.7739441891336,0.3950403636493,-0.1607577393365,0.2408601381333,0.4222021765988,0.3963926616944,0.6058272916451,0.5964688159899,0.5482790507439,0.2098104973676,0.5523797168651,0.4395283181986,0.4763794462784,0.7196869199555,0.0448751504672,0.4617311143910,0.1939887817531,0.6272699011849,0.1085703319763,0.4390009152353,-0.3331064886668,-0.2436340712948,0.4586304884977,0.3398228792630,0.8673796969143,0.2327227083627,0.7065793704817,0.6269394270416,-0.1737460989476,0.1952092103377,0.3292491605807,0.2325724083132,0.0909903903558,-0.4507686570315,-0.0471943499528,0.2357572970039,0.0473061513858,0.6093503854054,-0.3721304386959,0.0667492215728,0.4155122289361,0.3526720079579,0.1759494616397,-0.4231398621327,0.0254746543517,0.5440579561766,-0.1742665412992,-0.2125050921714,0.3927885944463,0.3157907410757,0.3511591998564,-0.1574861172071,-0.2779679319437,0.2184660035044,0.0024890112513,0.0498205183443,-0.1328697703262,-0.1868886765269
-0.1310135880719,0.1359801276529,0.2770103251133,0.5359304537852,0.2873817482507,0.4645863889685,0.5968937038997,0.3318716622377,0.5070429590260,0.5572079451711,0.3485690964344,0.5319961488362,0.5260690458262,0.3401171499763,0.6069546778821,0.7015537730489,1.0000000000000,0.2404335490568,0.6713958510985,0.3888623886758,0.8381468799025,0.4542628064823,0.2294576502349,0.7707842549802,-0.2914944490622,0.4710468210531,0.6352100733813,-0.1782580410748,0.1532272518819,0.2216439270892,0.7863938356811,0.3736230320278,0.7467716475121,0.1002813694961,0.6753525795332,0.6150618624442,0.2886357656742,0.2810277666245,0.5227527818254,0.4752184579276,0.3473554456207,0.4793425311913,0.6250183552546,0.1467709698919,-0.2155739781751,0.1465849334280,0.2168542389266,0.3576105360073,0.4325058627812,0.5659515955400,0.3682366517555,-0.0362596859904,0.3225415177418,0.1814070941251,0.4328776574355,0.5350871669855,0.1400426408110,0.3881011432112,0.2699832242259,0.6277195893161,0.2188749272712,0.6283263889444,-0.0301887806336,0.0641052953565,0.2475950260011,0.3349268741817,0.5797766056815,0.5319784309739,0.6625142352177,0.5341215808927,0.2104078958468,0.0452971936023,0.4334532670103,0.2547655730874,0.0810223384229,-0.4243449552905,-0.0264025037770,-0.0232857935093,-0.1707931671849,0.5613608570965,-0.3950289436824,0.2261459045449,0.1959338287391,0.0856868653347,0.0011923171794,-0.4238571487220,0.0660942791341,0.2943750532674,-0.1921952509549,-0.2494635449201,0.2933725792786,0.0926749080193,0.1670511369056,-0.3176986524403,-0.3656011108033,0.2009213144274,-0.0714905790709,0.1003362865744,0.0170332976289,0.0336451254115
0.1621844474935,-0.1974261510589,-0.1740379630814,0.0379869147114,0.1886267395585,0.0482900506514,-0.0430465967979,0.6213491972786,0.4497481926625,-0.0798941449032,0.3841047113718,0.2352260201268,0.4650504394090,0.0762210806925,-0.1278752425012,0.0074278095062,0.2404335490568,1.0000000000000,0.1443159407468,0.4146706650700,0.2806285162675,-0.1183367928690,0.1590334744435,0.2916071139714,0.1307032250963,-0.1439879253862,-0.0143544012529,-0.1032688361420,-0.2964650465951,-0.2714847201557,0.1793294387701,0.0773112075923,0.2039255123105,-0.2182280667662,0.0159031342766,0.0614024093612,0.0797909486827,-0.0615901345833,0.0532949486556,-0.2842571185548,-0.0393826650319,0.3263040894524,-0.3012203451097,-0.4097386860000,0.0609107890240,0.0804589716504,-0.1049552484625,0.2067827217272,-0.2417233185615,0.0733240517340,0.1415462171016,-0.0420050415573,0.1287699060449,0.0695552269198,0.1582031279519,-0.0298081777887,0.4878490358478,0.2545296210121,0.6391648376438,0.2858480974032,0.0860392445100,0.1828773325213,0.3939224934802,0.4612336888887,-0.0281646160395,-0.0689801497592,-0.0589104029468,0.5504203943021,0.1307407138760,0.2014283370865,0.3658995605185,0.0074536457791,0.5383920977206,0.2255562510112,0.2723332662807,0.0499846274159,-0.0534986981439,-0.3435839051895,-0.2301423960257,0.4580151389661,0.1451042504644,0.2962785863723,-0.4249459294659,-0.4199994166492,0.0141215841697,-0.1824948476370,0.0594170630153,0.1214184563818,-0.2279864489413,0.1605932490969,-0.0078713356287,-0.3898946825023,-0.4952460603593,0.0584361760684,0.0378600122051,0.2618413527668,-0.0883578572430,0.0943918111129,0.1991200739020,0.1323152205427
-0.1605531704713,0.2343681744764,0.4389311496845,0.6655995733967,0.2741319730634,0.5133859720510,0.7069695293019,0.5094619871987,0.6851189786296,0.4506035970064,0.0668772759648,0.3412515107201,0.3755280056690,0.4512685613112,0.6562494055452,0.7931725563619,0.6713958510985,0.1443159407468,1.0000000000000,0.6494194466798,0.5980382968327,0.3076336549242,0.0302774894859,0.5584832188156,-0.1158092756504,0.5060427883546,0.4456529554091,-0.0929450908024,0.1483071186087,0.1779582354093,0.7009794254185,0.3469409303327,0.7176454305337,0.1446828146111,0.8061367582552,0.8780364742380,0.0153924874354,0.3984127914455,0.5064191848519,0.4716839951941,0.3122606517217,0.4242943608385,0.5421773697758,0.3386803892699,-0.2001402086320,0.0635527125827,0.2186925172057,0.2811749979008,0.4447393815858,0.4890144411810,0.4504669182111,0.1831628105698,0.5118636799884,0.2998587938433,0.5233609231630,0.7088127322318,0.1036485887475,0.5901966469351,0.2548468465621,0.7245218697215,0.2897558618030,0.4246618335108,-0.0740402885443,0.0490204161890,0.4512331376047,0.3865061830819,0.7973762190697,0.4066896574543,0.8529054755834,0.6104356305617,0.1451861051862,0.0055708991360,0.4071466273490,0.3316526940601,0.2571687169491,-0.2448135114538,-0.0589035838988,0.0994511933749,-0.0686376600429,0.5916007911019,-0.2726321163465,0.3175008880062,0.2970063269736,0.2257500965744,0.1641348202287,-0.3027897138363,-0.1831511157818,0.4459984376452,-0.2150838859003,-0.1035106197339,0.1460909337068,0.2368594865815,0.2895747107484,-0.1286372588407,-0.1130297954857,0.1676913097696,0.0547035944796,0.2419149502922,0.0136189398662,0.0377445599041
0.1074481711456,-0.1906980015654,0.1384339331088,0.4341198684228,0.0461290233616,0.3683166254274,0.3936316094239,0.7641473810938,0.6757254579269,0.3132847389511,-0.0546509619888,0.3828819877783,0.4627289169866,0.2545513877725,0.3388337984206,0.5481929058011,0.3888623886758,0.4146706650700,0.6494194466798,1.0000000000000,0.4097546698635,0.2066959012754,0.2044255436497,0.4299005202266,0.3284156576223,0.5059964091869,0.3381892102673,-0.1125206648171,0.1041883347009,0.0423601140807,0.5143968021030,0.5334030818399,0.6222324793100,0.0548740176877,0.4708507322862,0.5792167613664,0.1649354650142,0.5289379382598,0.2500836178296,0.2383987261440,0.0690976601792,0.2944110901580,0.3119412815929,0.3373020346805,0.0583163816683,0.1388122867292,0.1971172771180,0.1456917957827,0.0491495859242,0.4103079500631,0.3375809830193,0.0863726229455,0.3142523699406,0.3816336362039,0.2157405024861,0.3525540629680,0.4986786765607,0.7009108154399,0.4486488131015,0.6054144206521,0.2059690440749,0.2537336967194,0.2098013605698,0.3099182237355,0.3729951983607,0.1808024188407,0.5248165402991,0.4857496762550,0.5246140998042,0.7288313403876,0.1696680893230,0.2936496653830,0.5267063445089,0.6316568975091,0.4387843819452,0.1279235388451,0.1430922201884,-0.0135142408451,-0.0259592560494,0.5623699820646,0.1013364644662,0.3933773032798,0.0531307455454,0.1413962897012,0.4554340262064,-0.1310072266391,-0.0376597699617,0.4291680692875,-0.1214195702290,0.3257833242761,0.0671454945484,0.1491907767238,0.1935790112220,0.0348553667888,0.1724060004253,0.0772295316885,-0.2383532664894,0.0008318114392,-0.0012142760173,-0.0106898654980
0.0105382023284,0.0954349206705,0.3152485966063,0.5244709461314,0.4055036148373,0.5089501074689,0.5629766706184,0.3431114171185,0.5477717180017,0.6034944321665,0.4119675663354,0.6442709941989,0.5370065855022,0.2979266352100,0.5578180537593,0.6388920676181,0.8381468799025,0.2806285162675,0.5980382968327,0.4097546698635,1.0000000000000,0.4535913684913,0.3989358563059,0.7780519028619,-0.1977396335664,0.4643803649483,0.5698797156678,-0.1996322252789,0.1200269355907,0.1657859613104,0.7485836858557,0.3707873640335,0.6855787318616,0.0182443008574,0.6029401496113,0.5486953954809,0.3430116635318,0.2206289862700,0.4884952862478,0.3499074642216,0.2347961146347,0.4126812937213,0.5338811734065,0.0337759989764,-0.3200595506883,0.1098222541613,0.2119802779040,0.4026030631832,0.4163224245522,0.5407749674582,0.4765101357175,0.0508831051772,0.3542054448398,0.2672251412226,0.4509880907093,0.5196195398914,0.2744183321328,0.3626047550179,0.3368549780875,0.6318633056127,0.3316548207445,0.6462595555391,0.1058641902243,0.1026053115563,0.1771384715527,0.2843533966681,0.4965230092033,0.4314611922827,0.6426906222863,0.5394923873998,0.2547134105089,0.1941694917793,0.5675396552947,0.3640953417332,0.2440111535409,-0.3004372034100,-0.0076264708962,-0.1380229942059,-0.1948371434692,0.5745589911673,-0.2261696815708,0.3053966595741,0.1108219717410,-0.0030771344117,0.0574417879912,-0.4387002903034,0.1785860770968,0.3835498386911,-0.1409261459395,-0.1669814542711,0.2996226547931,-0.0118988398301,0.0724873509803,-0.2442821184794,-0.2812532475298,0.2567099233775,-0.1549246236188,0.0924065657270,0.0305569959372,0.1596410523971
0.0863466715870,0.1557806376940,0.3504294146580,0.3863812430164,0.0142459211605,0.4982419557548,0.3938327346253,0.0985755630825,0.1687553462972,0.8142746952890,-0.0130732783195,0.4987128294378,0.1501148427715,0.4779963762980,0.5672532511366,0.5549640415761,0.4542628064823,-0.1183367928690,0.3076336549242,0.2066959012754,0.4535913684913,1.0000000000000,0.2522327939102,0.4159809025359,-0.0684867444542,0.4134745957302,0.4207137011358,0.0341376694711,0.4275461206960,0.5432305632010,0.5729648449611,0.3434215472140,0.3642841116729,0.3083631415156,0.4569601388505,0.2918630100386,0.4142803478063,0.2933576931784,0.3363546799741,0.5580791179647,0.3466630147268,0.2633422300258,0.6038747147894,0.2936999210899,-0.0684465541501,0.4018782754289,0.4757827718506,0.1813742927729,0.5296617184653,0.6253517090050,0.3578032443121,0.1592150223947,0.1368575663619,0.4105921176211,0.1815869847043,0.2556280138711,0.0313491309019,0.2295449597595,0.0518919663493,0.2962820169695,0.2011886743808,0.3974794589724,-0.2109685651187,-0.2346460216129,0.3593065499602,0.1519636500142,0.3575353180247,0.0409952423206,0.3080104930942,0.2176623402680,-0.2528742464320,0.4765354166887,0.0743604229451,0.1917671830889,-0.1429430803411,-0.4163915751141,-0.1103616785612,0.1182228332729,0.1631036014604,0.2394353072990,-0.1916235500352,-0.1193020107889,0.3838224169516,0.1716831875237,0.1363762792941,-0.2405824065064,0.1479079408176,0.3408976488864,-0.1412516775117,-0.2516471030767,0.2707304840526,0.2332829163160,0.2950820031541,-0.1806518695139,-0.2264045469014,0.0143454304937,0.0031589708245,0.0092709329809,-0.0892930546234,-0.1866689641595
0.2661465727185,-0.3711739354622,-0.0898450282541,0.0773995202976,0.0102454574282,0.0654147384431,0.0718442310492,0.2670765172163,0.2213124732908,0.2782275764350,0.3930685890503,0.5961930461536,0.2691351893760,-0.2010125608196,-0.0948585892491,0.1034783438267,0.2294576502349,0.1590334744435,0.0302774894859,0.2044255436497,0.3989358563059,0.2522327939102,1.0000000000000,0.3072535216335,0.0005779760755,0.3716230916392,0.3054211511611,-0.2028033922485,0.1939554723077,-0.0365220395590,0.1481614050258,0.4929732128561,0.3281077960415,-0.1364333168694,-0.0290572987283,0.0039266287478,0.2706586920229,0.0199875568127,-0.1032330739988,0.1118370307020,0.0203150626820,0.0100138591324,0.0996318314209,0.0591739191950,-0.0992776433627,0.2515257006012,0.2363278300474,-0.0556336979874,0.0182422587171,0.1435950869220,0.0328655339330,-0.1428582962676,-0.1153986263726,0.0388694901955,-0.1201953849333,-0.0764891663693,0.2879270795928,0.1341473067483,0.1279616337342,0.2205334729003,0.1494906566055,0.4143873237134,0.3660103096514,0.1164924511533,-0.1642247600039,-0.1600642169896,0.0024355991454,0.0511832396934,0.1053084000322,0.2509581969583,0.1143420978527,0.5979341245924,0.2420176806931,0.4147228404210,0.0590063258237,0.1421706566570,0.2581065101167,-0.0870166924779,0.0642458883340,0.0778314037034,0.2630790705081,0.1643949108940,-0.1157743005074,-0.1670050045254,0.1561989819684,-0.0385520280364,0.2077860642137,-0.0752695673142,-0.0565370825233,-0.0004030462898,0.0228968165959,0.0675653113000,0.0710132524167,0.0981466883422,0.0620759525327,-0.0963896874592,-0.3143359022048,-0.0764230744547,-0.0931542317497,0.0578704209655
0.0066021276432,0.1127743298529,0.3708297689733,0.5829409820397,0.3605900149151,0.6041228811564,0.6422361320923,0.4597176098325,0.6460860889575,0.5958264203571,0.3620632654986,0.5838660036850,0.4442859708330,0.2756460959881,0.5586204213221,0.6297524871151,0.7707842549802,0.2916071139714,0.5584832188156,0.4299005202266,0.7780519028619,0.4159809025359,0.3072535216335,1.0000000000000,-0.1755729568811,0.4365927869237,0.6866746981651,-0.1029839474375,0.0752588931066,0.1464513900171,0.7406690822134,0.3955730648463,0.5478768266745,0.0180189135921,0.6525148292488,0.5688151974992,0.4532055167272,0.2489640486918,0.5632074569847,0.4277191624612,0.2023500053105,0.3636952416564,0.5374196304493,0.0570289476921,-0.2814774060409,0.2110640508864,0.2474352318988,0.4823156432981,0.3217450123727,0.5152789334283,0.5000316406984,0.1547869109193,0.4173202069628,0.3748160191951,0.4450062899101,0.5468610132225,0.2788673964349,0.4086107922552,0.3877722343629,0.7340777100086,0.2992677796836,0.6934572673760,0.0393673363829,0.0453848444516,0.1673340362633,0.2094735756122,0.5141575222239,0.4156599575460,0.6747891450425,0.6083248370210,0.1163545795198,0.2135597856275,0.6799055115557,0.3806841403521,0.0713632719572,-0.3498215289758,0.1177753271999,-0.0985266960872,-0.2233127476916,0.5467669353936,-0.2105101247282,0.1383679957635,0.1042095534396,-0.0053767405209,0.0312339758071,-0.3887903846724,0.2125764457438,0.5217711678002,-0.2070452380252,-0.1366360508216,0.3622421499482,0.0411111199843,0.0683316271844,-0.1140026393159,-0.3111328544879,0.2833128299710,-0.2394723056890,0.0506047342027,0.0074879799241,-0.0046023134444
