1.0000000000000,0.2458809750590,0.6491282803786,0.6157484691694,0.6957274446488,0.7329563541983,0.6059651837827,0.4530820419811,0.5009526326070,0.5327852537982,0.6259810883011,0.6186341782842,0.3286780258910,0.5772920060911,0.4533817226024,0.6026549836601,0.4760275832028,0.5588231578016,0.5293684080042,0.4060114320700,0.5033702859702,0.5008368805866,0.5317903029881,0.4530563099076,0.3625975610986,0.1680823619979,0.5347928887397,0.3317866571405,0.0308649847074,0.1211071942587,0.4641892445940,0.2990262617498,0.4044700558381,0.3397534120244,0.5732873755062,0.5233602736887,0.3184725821447,0.2524071163465,0.3627150855366,0.3980094248218,0.6444983056566,0.7012844967605,0.5475196458564,0.2046957185593,0.2735812351161,0.5044565333031,0.5720501636134,0.3960954512531,0.6575383103566,0.5487240771904,0.7332925845807,0.5355046627129,0.3999479054249,0.6721874757236,0.6522920239284,0.5746760495962,0.2045210296120,0.3770586200944,0.5002716958611,0.4754486251936,0.2757452167145,0.3927275549316,0.0318716589223,-0.0488025429487,0.2127942489555,0.0547372706691,0.5750828809174,0.3125437703938,0.5251926099329,0.3723650384257,0.0416494395934,0.3645026403698,0.4608233133007,0.4165966500331,0.1116870959292,-0.1475495701795,0.2817700703752,0.5318529992384,0.0583062244816,0.4696269709661,-0.1549641520587,0.0671037203350,0.2061457966912,0.3215390573969,-0.0341730614221,0.0892533191427,0.2913179405608,0.5432669853768,0.1694514305792,0.3018526038938,0.2380288695081,0.1988627744263,-0.0144396807714,0.4094908699836,-0.3569554432078,0.3160182061192,0.5073364854207,0.5055179318873,0.4098026368655,0.0683063098507
0.2458809750590,1.0000000000000,0.5064553976838,0.5014406947284,0.3402469685676,0.1090257385366,0.0490823324369,-0.0529764181053,-0.0696716673127,0.2969942689481,-0.1251583071598,-0.0101990887719,-0.1099294530956,0.8094201096215,0.7162997503295,-0.0524688737477,-0.0561319111041,-0.1406564643581,0.0970791022979,-0.1842331324897,-0.1709998197689,0.4266441949695,-0.2013284432276,-0.2229354487650,-0.1345814259380,-0.0430334493550,-0.1217790164864,0.5913010185816,0.4102589733790,0.8110879607956,-0.0328074024637,-0.2775439804782,-0.1332476997320,0.1246502979368,-0.1801883149132,-0.1413243568898,-0.1988847381004,-0.2372946932121,-0.1091194545996,0.0343409391803,0.5548933545675,0.3708370285921,-0.0330927486267,-0.0598712913564,-0.2505440704779,0.2767229656684,0.2865136645081,-0.0223158699006,0.4612017549984,0.3441855735727,0.1146082496405,0.5567320183380,0.2417475298594,0.1879992397531,-0.1263888252038,-0.0196528360197,-0.2341619107365,-0.1144071485273,0.0317334343136,-0.0790686709298,0.0536925536081,-0.1431878709405,-0.4908501651948,-0.3807733874361,0.5355701870934,-0.1183619417387,-0.1971105043065,-0.2947058910644,-0.0209276884018,-0.2602120298466,-0.4201277204136,-0.0262426996160,-0.1331736531071,-0.1188314563506,-0.3631463205037,0.0582960500978,-0.2943857676075,0.5072075584344,0.5729616442964,-0.1004395588125,-0.2095644477252,-0.4771330823451,0.2699162050839,-0.2396190613607,-0.2877633010443,-0.1770706216724,-0.1261713017937,-0.2178013199648,-0.2583995996028,-0.1753175366271,-0.0968655088373,-0.0597526153458,-0.0987958730678,0.0516422921341,-0.2504631480322,-0.0041392602873,0.4839676048827,0.3948714178500,0.1257660632261,-0.1927118700288
0.6491282803786,0.5064553976838,1.0000000000000,0.8022060212482,0.7327476903381,0.7354232818019,0.7159876583225,0.2372460570346,0.3002850801477,0.5940959290692,0.3856148685441,0.5506521037530,0.3198605772728,0.6236970319853,0.6630492018252,0.4398350763564,0.3337924405064,0.3044072515873,0.4468001485611,0.1570867211459,0.2694071114338,0.4518001538679,0.3739364423624,0.2554034191374,0.1244264365183,0.2029114250717,0.3570598874983,0.4615878968693,0.0900108108596,0.3636369578296,0.3463467706902,0.2484507576762,0.3256066170025,0.4143500535231,0.3788728711105,0.3648079346871,0.1597815076712,0.0151828847697,0.2426785924441,0.3220559715381,0.5536529801091,0.6580817981609,0.4377894674638,0.1255879939647,0.0738705468221,0.4438936501221,0.5710721240569,0.4314794738619,0.5979651638509,0.6626968530097,0.6553692170442,0.8424037841124,0.5973713713025,0.8100226345277,0.5247160961383,0.5686491477110,-0.0661259733143,0.1019243624112,0.2375616711557,0.2821717836378,0.2955592899695,0.2530291329162,-0.0099838846620,-0.2615936599570,0.6735463860280,0.0553476200555,0.2773558205542,0.0112489224850,0.3304548590084,0.1451514816741,-0.1763143241656,0.4151954055412,0.1449546937938,0.0983006804951,-0.1624183966110,-0.1261674165475,0.0257704203911,0.5246109516978,0.1797528955105,0.2411318906101,-0.1331730834765,-0.1981108335763,0.1103703988061,0.0582572909971,-0.2689068903651,-0.1054229153047,0.1660842859466,0.2334810452561,-0.0647608111301,-0.0324292067931,0.1759439156240,0.0891120720504,-0.0824451774599,0.3234562211658,-0.4422494355606,0.3901858157518,0.5232712243038,0.2503020219977,0.3283361876914,0.0219493493962
0.6157484691694,0.5014406947284,0.8022060212482,1.0000000000000,0.7737360067197,0.6800902388754,0.7913489715078,0.2980247693012,0.3579626719402,0.5484272239698,0.4775893577076,0.5500602213841,0.2814654283733,0.6338303985304,0.7829086690639,0.5367404309482,0.4187686810760,0.3524443196333,0.5151466079448,0.2065505606566,0.3972803271523,0.4090586593954,0.4105842756679,0.3823567073051,0.1781658581027,0.1696188783440,0.4522973806023,0.3685272103878,0.1301157348846,0.3505610876743,0.4407764738202,0.1656781739262,0.3306099506263,0.3538717463299,0.4627254004254,0.4637012927133,0.2736577703960,0.1061558562695,0.3536877853438,0.3567819416193,0.5433040940494,0.7290036522431,0.6186609507295,0.2413986413293,0.1644702967658,0.4087948027675,0.5668891289340,0.3548205032143,0.5655744703977,0.8038719534623,0.6598095080155,0.7438366007391,0.7162924807072,0.7738000643796,0.5267630216023,0.6532545119009,0.0171289164520,0.2073769667635,0.3148150651457,0.3171183547161,0.1691762149875,0.3089609861908,-0.1272720884638,-0.2681392328207,0.5812251100639,0.1105023523182,0.3287284387130,0.0920645791141,0.4271397692436,0.1960200753605,-0.1053336962990,0.4410019431859,0.1985471776220,0.1545327331649,-0.1126913246210,-0.1581527751156,0.1121203703039,0.4777398154250,0.1345455396647,0.3183328188600,-0.2153358466279,-0.1524358228919,0.0709303301016,0.1539298777437,-0.2101304411043,-0.1065268978600,0.2689570223254,0.2690450641585,0.0983076263565,0.1445352959185,0.2788930124067,0.1170448129173,0.0111106087794,0.3028505599335,-0.5275811283642,0.2820971104364,0.3974006793928,0.2476513270893,0.2786510177954,0.0792124527888
0.6957274446488,0.3402469685676,0.7327476903381,0.7737360067197,1.0000000000000,0.5869844249323,0.6977406208432,0.4299575604359,0.3892695282856,0.3920811503025,0.4673953628249,0.5997934426127,0.4597935984546,0.6092329601915,0.6193445406414,0.5098292152141,0.5695834779318,0.4488088925483,0.4480199167058,0.2587241299169,0.5066300302411,0.2702198360075,0.4486821519396,0.4452438734516,0.2919171976840,0.3238607220219,0.4752899867254,0.3550542396803,0.2290178891928,0.1936260435333,0.5028218019249,0.2410012359063,0.3457077137285,0.2428016821142,0.4488734649408,0.3394252547414,0.2791394881748,0.1759695442897,0.3586781494919,0.2066821023302,0.5328164960578,0.6662323244675,0.5408977744111,0.2411043687941,0.2218437957915,0.3595250534406,0.4876522994421,0.2985675856935,0.7393119263381,0.7089575742242,0.7149317420461,0.6251690377710,0.5587180190058,0.7598895333982,0.5166284623992,0.6413430776880,0.0454934654673,0.2747352713829,0.4127822675139,0.3577481086726,0.0773862235342,0.3656828474876,0.0226962350695,-0.0632241487802,0.4837446011472,0.0692372852012,0.3587967919735,0.1904134009432,0.4805735072756,0.2381746363377,0.0165278124350,0.4492226296966,0.2867607301016,0.2486570763382,-0.1134427995979,-0.0194154842678,0.1582591175553,0.4065390295172,0.1165504029556,0.3896951496666,-0.1548387488995,0.0470137580968,-0.0995896294620,0.1169311317851,-0.1055923954700,-0.1635528637747,0.2745737790765,0.3645675963693,0.0465603682417,0.1661824295123,0.2722943728482,0.0038622139000,0.0270671416048,0.2743905372641,-0.3907728599235,0.2633821405095,0.4870653465960,0.2455135189892,0.1201788150109,0.1774727733698
0.7329563541983,0.1090257385366,0.7354232818019,0.6800902388754,0.5869844249323,1.0000000000000,0.7576403773498,0.4235791189441,0.5261310097120,0.6661295953544,0.6462795708228,0.6454067374061,0.3653394502841,0.3133209060762,0.4485221803015,0.5796588848224,0.4201773659484,0.5399051371985,0.5662294015263,0.3827687033650,0.4053989066395,0.4817210618702,0.5797855397837,0.4598869055769,0.3486864641410,0.0975578308188,0.5412866882898,0.2398447087848,-0.1734916132191,0.0085698486128,0.4185667682288,0.3244567740903,0.4712038017414,0.4422419093447,0.5925585163649,0.5785568691464,0.3178248809333,0.2599751834128,0.4083520251766,0.4517599869836,0.4514620445897,0.6692436804747,0.5789680968295,0.2781501443384,0.3214825000905,0.4706667802879,0.5967157242196,0.6612092682440,0.4489522468185,0.6293176229736,0.7807743610148,0.5708850858230,0.4342512889247,0.8084647171521,0.8015076458186,0.5901443126965,0.2472829216052,0.3729839937603,0.4514964867164,0.5172173451597,0.4036449668400,0.4071147856670,0.1448232467558,-0.1071766769450,0.3139363750066,0.0867202262960,0.5546261975569,0.2355885950623,0.5056766317910,0.4117061845222,-0.0325923296719,0.4525634517361,0.3825746779652,0.3604466023360,0.0438636441799,-0.2738791627885,0.2353073377639,0.3809357941697,-0.1011396241711,0.3818567032934,-0.1647707937855,0.0124131762028,0.1368835372788,0.2325277727523,-0.0145992448468,0.0403671443847,0.2915472484356,0.4890911103094,0.0947057688729,0.2536184348796,0.2605875680337,0.2272673190434,0.0389812655466,0.3809992316087,-0.3952581292772,0.5002553575730,0.3582940812558,0.2739029631871,0.4222334205729,0.0123868749571
0.6059651837827,0.0490823324369,0.7159876583225,0.7913489715078,0.6977406208432,0.7576403773498,1.0000000000000,0.4362059709283,0.4227185106123,0.4517148277155,0.6399233936997,0.6803593603694,0.5188054600592,0.2989520724653,0.4457013063673,0.7162506782836,0.5879558214336,0.5503423599399,0.6016215706789,0.3882085273102,0.5868623539321,0.2046975153027,0.5862862829448,0.5757008773506,0.2834665681855,0.3240226861043,0.6115763460838,0.0825254033522,0.0336198000842,0.0230313610233,0.6212864493102,0.4489504154527,0.5000862321392,0.3479010401297,0.6799285345940,0.6783501304138,0.5141862792911,0.2587493284680,0.5531480436455,0.3316246106298,0.3429136122685,0.6197900658382,0.7337017795030,0.3208127541743,0.4119052834991,0.3219457602624,0.4403658861762,0.4886858255919,0.3716486087668,0.6678066220716,0.7094796543068,0.5388686390096,0.6864536908460,0.8219778483268,0.7568795453403,0.8282079116732,0.1837651999388,0.2788628857638,0.3413201719970,0.3692050650527,0.2435232338036,0.4966134030558,0.2458280337249,0.0027325397190,0.3398527083659,0.1596343631580,0.5588600701360,0.3553452536749,0.5109913281593,0.4075207931862,0.1572778720511,0.5318298408835,0.3702999791945,0.2519357074007,0.0920597175404,-0.2128014257295,0.2569851804106,0.2394220127624,-0.0701289806599,0.5036748459117,-0.1461998374698,0.1338484431593,-0.1257083357114,0.3273603553057,-0.0659737946212,-0.0912714647935,0.4301468128528,0.5082146773954,0.2125842558664,0.2006955061232,0.4435527867849,0.0766683459072,0.0319941000224,0.2624264938320,-0.5371987055894,0.4338616495220,0.1941308374967,0.0527195890150,0.2844427156395,0.1898942786054
0.4530820419811,-0.0529764181053,0.2372460570346,0.2980247693012,0.4299575604359,0.4235791189441,0.4362059709283,1.0000000000000,0.7671019525590,0.2674287313292,0.5203509256857,0.4725998353654,0.6055613825114,0.2744173508381,0.2227047239604,0.6928603349212,0.7390518866730,0.7244624020451,0.7443268072817,0.8108275075371,0.6747697844942,0.1144242074917,0.4554914829638,0.7148226361289,0.7774728696244,0.2845641099183,0.4988032406890,0.0098149315054,0.2276924650684,-0.0463659384726,0.7606084159879,0.3753493657869,0.3827677793742,0.2038730262073,0.5430441815593,0.4862857518259,0.4974143199908,0.6922871151474,0.5690035863729,0.1445601285755,0.3894277543478,0.4299178544189,0.5408951404474,0.6308080561943,0.6754128288995,0.2424323086173,0.2621291101856,0.3287989854011,0.2786530504561,0.3113664061370,0.3428997951763,0.0578107042090,0.1456740559366,0.3828064275400,0.5534325067672,0.4694708576693,0.4319728566864,0.7077679581967,0.7209551853202,0.7084775782064,0.1058588876974,0.3933019611049,0.0845896182557,0.2116950905235,-0.1016905473632,0.0756482337615,0.7324776399991,0.5588173755881,0.7477009725662,0.7758637355067,0.2037462812899,0.2746137936883,0.7011269089472,0.8117549416003,0.2539527009062,-0.1261861598439,0.4247257136402,0.0692197095273,-0.0916404442165,0.7675392077223,-0.0849536832368,0.3436325382581,-0.2336310188018,0.3864268673782,0.3450673970840,-0.0804381566114,0.4889125469820,0.7326114188895,0.2081034847463,0.5613488875246,0.3591544287508,0.0612270487462,0.3470593507551,0.1440743615704,-0.2183350516676,0.3064856893115,-0.0445168419282,0.1125834846638,0.0644931778825,0.0871926638267
0.5009526326070,-0.0696716673127,0.3002850801477,0.3579626719402,0.3892695282856,0.5261310097120,0.4227185106123,0.7671019525590,1.0000000000000,0.2859144494617,0.5781150473357,0.4852677164054,0.3110295957055,0.2189877733936,0.2162347792620,0.6463569122505,0.4264372789881,0.6555499837081,0.7729237800380,0.7422705642557,0.4505517697102,0.1868407913163,0.5101702785765,0.7398582630214,0.8294032530090,0.2970769930343,0.5343299466715,0.1012963527370,0.0309220987851,-0.1245922074256,0.4833232584813,0.4075530509292,0.2827633734473,0.3764319275060,0.5949700837791,0.5456522837190,0.3367166364385,0.5928232800024,0.4795252047827,0.3811657718598,0.4283726115600,0.4594783960292,0.4667191964514,0.5402922046151,0.4516930403693,0.3657157813064,0.3874413936087,0.3912735012725,0.3161586473467,0.3612012322149,0.4077874905800,0.1922398957729,0.2365161157673,0.4065907530239,0.5402434950637,0.4001710682762,0.4811531082420,0.8133948912830,0.8500928558392,0.9573166073007,0.1308747754623,0.4645802413208,0.1616006737714,0.1621334449386,0.0577974919370,0.2125825527649,0.7468457484931,0.5073815079153,0.8290359113459,0.7887811399112,0.2757353428199,0.3446254712748,0.6780751791671,0.8174176511047,0.2965732164178,-0.0228996055221,0.4510801394225,0.2074565696964,-0.1342914316640,0.6295659084871,-0.0152128903955,0.2585486874165,-0.0397647844330,0.3733127790741,0.3485567951934,0.0358423197352,0.3565547324177,0.6865313892757,0.2680393480092,0.6139098823071,0.3422120337633,0.2759434282366,0.3089549886094,0.2976324585724,-0.2022932417995,0.3312979814432,0.0843520330549,0.1576227030969,0.1890608147421,0.1617641999300
0.5327852537982,0.2969942689481,0.5940959290692,0.5484272239698,0.3920811503025,0.6661295953544,0.4517148277155,0.2674287313292,0.2859144494617,1.0000000000000,0.4445709604502,0.6299541049395,0.3025895951647,0.4148857424876,0.5543226557911,0.2661215465159,0.3555222044755,0.2710614568124,0.4041131644577,0.1035051503635,0.3874115600282,0.7600473351510,0.4554572336706,0.1340256398023,0.0932064425541,-0.0422962050319,0.2586521218144,0.3026865833712,-0.1019856109572,0.2334971603835,0.2545372318658,0.1713466356713,0.3705111978704,0.3122308157544,0.2539714430964,0.2697901015505,0.1420950627862,-0.0247212073683,0.1230468651095,0.3222624036989,0.4527832345887,0.6035572931994,0.3747981903604,0.0546359073403,0.0933635111403,0.4281655406071,0.5735305271103,0.3698153167670,0.3407186658503,0.5852699102020,0.5264127144953,0.5773805135323,0.2586140857466,0.5422815041937,0.4748018716007,0.3251445203102,0.0312192356399,0.1613749370492,0.2354567343450,0.3142195722915,0.7164611051326,0.2246367811877,0.0340741995722,-0.3234752019958,0.3587446941728,-0.1427147754665,0.2588981830056,-0.0077929116297,0.3046168316901,0.1196356272066,-0.1824071172997,0.5179237008649,0.1524494953938,0.1788128696303,0.0128487689361,-0.1425339885879,0.0271240383991,0.3851081537906,-0.0139334860927,0.1477910530304,-0.0544977934367,-0.1119281515619,0.2099728470768,0.0592868373260,-0.1300490213065,0.0788557282172,0.1977045227822,0.1713085649676,-0.0450627200962,0.0698237365225,0.0401809053601,0.2040996106192,0.0459417375270,0.3411287001590,-0.2252396172505,0.2493472463449,0.3282961454336,0.4076989089589,0.3642833711805,-0.0256909006582
0.6259810883011,-0.1251583071598,0.3856148685441,0.4775893577076,0.4673953628249,0.6462795708228,0.6399233936997,0.5203509256857,0.5781150473357,0.4445709604502,1.0000000000000,0.7513548370833,0.3923114047105,0.2268296528173,0.3020820984722,0.6962140457590,0.5204530349898,0.7116310598792,0.5842707764216,0.4850056163930,0.6192867347382,0.2247840276488,0.7354552695797,0.6682829471852,0.4179208095442,0.1839497933286,0.6710605839311,0.1619508733345,0.0709225339521,-0.0419247070737,0.5210845853288,0.3858106570508,0.4341198253770,0.3296043907989,0.6940475052504,0.6489486757088,0.4563728801634,0.3815238453895,0.5617583200063,0.4810085142475,0.4372556440382,0.5668382389849,0.6287171374494,0.3784451278223,0.4103736440048,0.4158053520922,0.4194203319483,0.5406658469174,0.3421232023619,0.5383816386211,0.5642417571058,0.2540079269482,0.3958905155786,0.5735571315228,0.7687587241287,0.5365913484684,0.3644848331031,0.4591428986372,0.5531185193388,0.5312601396227,0.2636053383040,0.6557467490632,0.3387827393670,0.2181155774069,0.0495892565423,0.1231615886335,0.6464204682792,0.5144534982854,0.5503999808920,0.5525729180560,0.2641935154751,0.4772838782730,0.5841732594427,0.4395702397333,0.1920810305082,-0.2348380487818,0.4538796888326,0.3466745266608,-0.0030550730905,0.5671459178659,-0.1644581969517,0.2463116789821,0.0075138256106,0.3472424386472,0.1183560989271,0.0723002894374,0.4315823663398,0.6025060849163,0.2524186405756,0.4639542734518,0.4074837692376,0.3188697610824,0.1149643103081,0.3818732821864,-0.3458735263429,0.4052726088672,0.2042338930820,0.1750939686555,0.2673250695725,0.1857531580018
0.6186341782842,-0.0101990887719,0.5506521037530,0.5500602213841,0.5997934426127,0.6454067374061,0.6803593603694,0.4725998353654,0.4852677164054,0.6299541049395,0.7513548370833,1.0000000000000,0.6047096431974,0.3037476782311,0.3624311782464,0.5910400314452,0.5643086788219,0.6115429044975,0.5321824834882,0.3790514481347,0.6607091881859,0.3638127430785,0.7707045640818,0.5361339937484,0.3591799859349,0.3314176145325,0.6157366191152,0.2390634780727,0.0169599786019,0.0195080452759,0.5125031956248,0.4581206863675,0.5457998227347,0.3207736194334,0.5669962453675,0.5326546844455,0.3508566125983,0.1786074999121,0.3761840026561,0.3273954367029,0.4196406459189,0.6191766695212,0.5488645112349,0.2216677975826,0.2968960949076,0.4226157329455,0.4781428934737,0.4651585864806,0.3880287467967,0.6300377678975,0.6094596563128,0.4182650369168,0.3938831800562,0.6407106253503,0.6713055477551,0.5381016283241,0.2555601780750,0.3609119266249,0.4333853871579,0.4459774635102,0.4432483638622,0.6316450105275,0.4793339273216,0.1539674491577,0.2268806833039,0.0139600017590,0.5069108509005,0.4282785275625,0.5067819649499,0.4025673735626,0.2560657203493,0.6763337941265,0.4147130880934,0.3412431199600,0.2102563785654,-0.0803530999856,0.3140732315157,0.3302286064249,-0.0595517727795,0.4522587209231,-0.0065196912452,0.2644638994065,-0.1236702820919,0.2480419703963,0.0284740754811,0.0136948771073,0.3187701243505,0.4483471991220,0.1201401106942,0.2162846163461,0.2606453602389,0.1457752801717,0.0161476535421,0.3873334428289,-0.3154761694536,0.3792829532976,0.2180170408092,0.1604502868822,0.2232411643701,0.2495307654937
0.3286780258910,-0.1099294530956,0.3198605772728,0.2814654283733,0.4597935984546,0.3653394502841,0.5188054600592,0.6055613825114,0.3110295957055,0.3025895951647,0.3923114047105,0.6047096431974,1.0000000000000,0.1592585840426,0.1653841366209,0.4684409473279,0.7928470767950,0.4703424449273,0.3852911305594,0.4304859674970,0.6086895029522,0.0886100316996,0.4293229048974,0.3544728747386,0.3331103504177,0.2701428078923,0.3853218436580,-0.0891991077677,0.1550206825963,-0.0950653348019,0.6425543398995,0.3781304641122,0.5728986415170,0.0506709903555,0.3548697613307,0.2625085446458,0.3480542654985,0.3654815080414,0.3799650403535,-0.1026218596681,0.1275415274957,0.2784201044284,0.4191056310192,0.3396904332794,0.4925890433371,0.1092053773679,0.2251987745526,0.3428798841647,0.2849199252880,0.3224288204716,0.3445298258831,0.1200575265019,0.2691421709474,0.4465502131514,0.5254929179868,0.4877997344876,0.1372875166659,0.2423678027419,0.2922948874686,0.2798921003098,0.2268600135911,0.3728895251632,0.4005960485393,0.3288715964343,-0.0028372096166,0.0423484336090,0.3807964498131,0.4241295350436,0.3997556530024,0.3626366084091,0.1579138029751,0.3213641073533,0.3141157573244,0.3436155131156,0.0785871537899,-0.1538734424470,0.2226238683538,-0.0944949953010,-0.1005314295932,0.4763718075142,-0.0798440646210,0.4310557651310,-0.3836605496547,0.1707040096404,0.1044690864764,-0.2222619250494,0.3068706596910,0.4162311958313,-0.0031207972026,0.1669811279020,0.2247987842880,-0.2122160657625,0.1475469266903,0.0376020673698,-0.1846404561951,0.3358619746495,0.0456055068620,0.0063213534251,-0.0374896562681,0.0981907431827
0.5772920060911,0.8094201096215,0.6236970319853,0.6338303985304,0.6092329601915,0.3133209060762,0.2989520724653,0.2744173508381,0.2189877733936,0.4148857424876,0.2268296528173,0.3037476782311,0.1592585840426,1.0000000000000,0.7820733894009,0.3180002542079,0.3076850677097,0.1873498384363,0.3773933042548,0.1150898404709,0.2267661502749,0.4668365095664,0.1057013615459,0.1297165759482,0.1220625282977,0.0958604681137,0.2037796938371,0.6279795527300,0.5103461545292,0.7616637034021,0.3181597812402,-0.0575548859006,0.0585015455158,0.2171536471073,0.1695896789247,0.1444577325504,0.0716018253469,0.0424082507157,0.1838177869417,0.2099203026748,0.7850479551529,0.5856852398884,0.3082958938216,0.1168254158154,-0.0101869875251,0.3793534083100,0.4089091467806,0.1350313282808,0.7106411963412,0.5167488008674,0.3305618343581,0.5928262853585,0.3973223377184,0.4201838979945,0.1973550607393,0.2907914283214,-0.1082000905335,0.1166891927284,0.2892170852522,0.1918544350772,0.0938623937910,0.1230315931247,-0.3599719752755,-0.2718421425047,0.5035434496016,0.0120294595804,0.1922631822954,-0.0140128479345,0.3062919620716,0.0484936569916,-0.2530920457393,0.1464548544259,0.1635535431415,0.1497848526922,-0.2218857580428,-0.0355922686091,-0.0483505263572,0.6397012410887,0.5530357330521,0.2641325236994,-0.2241232802224,-0.2947903789297,0.2681317826557,0.0180834119722,-0.2346461002684,-0.1347839400116,0.1229424642871,0.1788837830456,-0.0462666143930,0.0899425096347,0.1276487953820,0.0680113099842,-0.0107858810496,0.2017922757283,-0.3793136049431,0.1242119588925,0.5861324365079,0.5255159074514,0.2063455551119,-0.0864839112847
0.4533817226024,0.7162997503295,0.6630492018252,0.7829086690639,0.6193445406414,0.4485221803015,0.4457013063673,0.2227047239604,0.2162347792620,0.5543226557911,0.3020820984722,0.3624311782464,0.1653841366209,0.7820733894009,1.0000000000000,0.2823784149263,0.3315535499370,0.2047163359379,0.3305749662186,0.0207391404070,0.2269695454094,0.4538787546082,0.1380869743621,0.1464967437884,0.0471101935746,-0.0266708291583,0.2014516930236,0.5896186347684,0.3363835051461,0.6450300653778,0.2486639464643,-0.1592442999339,0.0274476548638,0.3094500050513,0.2355133879104,0.1774946223076,0.1524070433434,0.0910556942663,0.3649431254789,0.3724384209700,0.6731442884148,0.6129500201569,0.4508863781502,0.2481336700048,0.0398235026796,0.4215362098743,0.4690472641841,0.3351359031193,0.6064199547470,0.7357156654067,0.4138407473767,0.6790842641923,0.5062476369793,0.5505938362683,0.3253969081303,0.3867479768160,-0.1913898870803,0.0517941778967,0.2236915501119,0.2006948634841,0.1654138641347,0.1415961067583,-0.3327287054712,-0.3950958486741,0.6387824681702,0.1708927812493,0.1106085517007,-0.1361374833148,0.3155771368285,0.0077152757256,-0.3478123670853,0.2110407874146,0.0469991357335,0.0391600662043,-0.3990722452250,-0.1649726700869,-0.0543147287238,0.5730836861326,0.3470440620130,0.1614965792810,-0.3353130633007,-0.3920146047304,0.2447194425070,-0.0744957865067,-0.2757594488358,-0.1829136947028,0.2176297211822,0.1351419370344,-0.0480328244246,0.1297689686822,0.3394421988501,0.2410734954529,0.1153438525830,0.1976203330949,-0.3943596161377,0.2875261291155,0.4566500907780,0.3375447214830,0.0979287400267,-0.1234862418626
0.6026549836601,-0.0524688737477,0.4398350763564,0.5367404309482,0.5098292152141,0.5796588848224,0.7162506782836,0.6928603349212,0.6463569122505,0.2661215465159,0.6962140457590,0.5910400314452,0.4684409473279,0.3180002542079,0.2823784149263,1.0000000000000,0.6184468539449,0.6980849475477,0.7994389868834,0.7603847905005,0.6428365674457,0.1044548207641,0.5856289844695,0.7488275352289,0.5679681912222,0.3988720233686,0.7372359419622,0.0532490625085,0.1691482584714,0.0127197374212,0.8230286243618,0.5185447821659,0.4876277398266,0.3949885400065,0.8401566008895,0.8118018718649,0.5332590435439,0.5705665167035,0.6871661019245,0.3837526640531,0.4379850161785,0.5620000105177,0.7656666193941,0.5231140227738,0.5823061580824,0.3188842999920,0.3530400612162,0.4847236810183,0.3471058922030,0.4590678853328,0.5118465366040,0.2026005189114,0.4716260519293,0.5357345463950,0.7138947181895,0.6202242633956,0.4104930227194,0.5437734268291,0.5812605031633,0.5452691234549,0.0861941215112,0.5278029345667,0.1657480512355,0.2174702283357,0.0599257970726,0.2624116012917,0.8068854462758,0.6284884766855,0.6075490428748,0.7339250434139,0.3250757134137,0.3893661337009,0.6760708026548,0.5764623215494,0.3319306468770,-0.2141343588300,0.4808632389122,0.3011420371879,-0.0285601251231,0.7993261426951,-0.1388443113279,0.3034674313441,-0.0933370209036,0.5790580678444,0.1678334346593,-0.0431429341781,0.4986198208258,0.7849266065000,0.3074118991736,0.5447836249964,0.4940671337005,0.1225433632254,0.1634461244290,0.3120530245374,-0.5380039098937,0.4588574500109,0.1417930861177,0.1080224211106,0.2661968095693,0.1534250961379
0.4760275832028,-0.0561319111041,0.3337924405064,0.4187686810760,0.5695834779318,0.4201773659484,0.5879558214336,0.7390518866730,0.4264372789881,0.3555222044755,0.5204530349898,0.5643086788219,0.7928470767950,0.3076850677097,0.3315535499370,0.6184468539449,1.0000000000000,0.6812323777613,0.5051519717306,0.5172751120465,0.8376400597969,0.1442431542196,0.4814081034843,0.5582193901087,0.4081340276100,0.3044519209346,0.5389876648068,-0.0284366496328,0.2255460195009,-0.0221622234675,0.8300242848888,0.3644333208384,0.5233743286507,0.0508600942870,0.4978801592305,0.3958269238446,0.5734421655956,0.5094659721593,0.5559332240052,0.1112053123992,0.2736969020916,0.3823527664880,0.6400443218685,0.4762059273113,0.6212397610028,0.1519984908563,0.2349522358502,0.2821408381527,0.3512390454025,0.3911279582909,0.4689713285325,0.1547867814779,0.2776072921803,0.5277718239262,0.5992994363355,0.6271534609208,0.1809690486892,0.3562664083130,0.4040367041593,0.3874252417994,0.1300442040312,0.3258508604185,0.1255328446240,0.1512024832847,-0.0176429933278,0.0433120346716,0.5306844839211,0.4647236486739,0.5693062798988,0.4939344139193,0.1531176242553,0.3686237113214,0.4502576251750,0.4612111433811,0.1254555987324,-0.1433331884645,0.3941835872083,0.0537665854400,-0.0957977079445,0.6474332638337,-0.0617201623284,0.3808068697926,-0.2351249958941,0.3495462885329,0.1320314285290,-0.1200988215049,0.5553896136375,0.5646565988191,0.2117737366355,0.4195240812541,0.3954614468235,-0.0097389326966,0.2958215296629,0.1160564628825,-0.2605435769020,0.2549456843415,0.0203231092691,0.1046303060715,0.0035351257484,0.0986017774567
0.5588231578016,-0.1406564643581,0.3044072515873,0.3524443196333,0.4488088925483,0.5399051371985,0.5503423599399,0.7244624020451,0.6555499837081,0.2710614568124,0.7116310598792,0.6115429044975,0.4703424449273,0.1873498384363,0.2047163359379,0.6980849475477,0.6812323777613,1.0000000000000,0.5754745722982,0.6634882841411,0.6743991694987,0.0961407786068,0.5921043119109,0.7938629610720,0.5797644855009,0.3500121155650,0.6967057463324,0.1142513147118,0.0961690482067,-0.0984565816524,0.6692836992763,0.3962022562304,0.4037448203725,0.1998973542202,0.6796629934784,0.5950539617117,0.5170215829390,0.5618307818623,0.5770829262912,0.3273959255152,0.3549592034728,0.4364764166336,0.5500750531889,0.4430481494800,0.6059130384870,0.2988046498282,0.2439853819314,0.4172067416002,0.2889658947813,0.3484151908531,0.5123064842858,0.1553788120217,0.2006130022556,0.4912645775041,0.6777447933834,0.5092875417375,0.4618360908982,0.5518693953163,0.5954931545885,0.5999635087987,0.1048728834951,0.5172745629970,0.2502602301380,0.2618157533867,-0.0459674103297,0.1039398843163,0.6818777938882,0.6314529492032,0.6660489731613,0.6576401340780,0.3752496720315,0.3972499516664,0.6167149245589,0.5841455239816,0.2492464888886,-0.0669642078360,0.5245825766575,0.2030424132692,-0.1067461060935,0.6496997019727,-0.0493012579230,0.3653576169613,-0.1583242750231,0.4193996743786,0.2907650585055,0.0090444460717,0.4684120474159,0.7031867886590,0.2616886434522,0.5623718890943,0.4286816119503,0.2142811754142,0.2063965428637,0.2877157790401,-0.2745828949692,0.3516657470522,0.0135077812959,0.0583343466994,0.1236106400742,0.1564197725292
0.5293684080042,0.0970791022979,0.4468001485611,0.5151466079448,0.4480199167058,0.5662294015263,0.6016215706789,0.7443268072817,0.7729237800380,0.4041131644577,0.5842707764216,0.5321824834882,0.3852911305594,0.3773933042548,0.3305749662186,0.7994389868834,0.5051519717306,0.5754745722982,1.0000000000000,0.6716580895544,0.5354051795587,0.2506508537469,0.4960180900320,0.6884832101503,0.6194007528695,0.3193625372071,0.5561402135627,0.0599864743803,0.1991788560874,0.1141953706185,0.6475621720033,0.4210610356780,0.3344357775168,0.3735152492526,0.6156176565852,0.7475594011213,0.4258970725791,0.4900862865586,0.5405645926981,0.3587232634446,0.4833182260607,0.5778170728914,0.5981179169087,0.5198279211154,0.4709494064277,0.3385865761050,0.3614201622625,0.3643317731804,0.3009772622840,0.4556893120565,0.4484348842206,0.2656110579541,0.3797659187552,0.4833549126500,0.5771343599531,0.5038423823589,0.4632415810022,0.6750681241835,0.7017847138329,0.7124863737941,0.2230525722879,0.4779249982036,0.0982140284809,0.1283205092940,0.1019602811448,0.0983618302681,0.7798053622915,0.5356316555442,0.7587722004395,0.7113593830829,0.2482881219453,0.3575735618348,0.7163965514503,0.6734859671369,0.3748931664458,-0.1300309988952,0.3629556509950,0.2641657209741,0.0346038775828,0.7112621672919,-0.1262254659483,0.1481499523555,-0.0407055063406,0.4265774413610,0.2238389218215,-0.0392345542102,0.4469763271937,0.6639449689971,0.2680312574630,0.5054864058316,0.3590615163093,0.1457532527879,0.2337004203408,0.2532788020485,-0.4714276222946,0.3201925411542,0.1140171391876,0.1645957907616,0.2497509288726,0.1493246102735
0.4060114320700,-0.1842331324897,0.1570867211459,0.2065505606566,0.2587241299169,0.3827687033650,0.3882085273102,0.8108275075371,0.7422705642557,0.1035051503635,0.4850056163930,0.3790514481347,0.4304859674970,0.1150898404709,0.0207391404070,0.7603847905005,0.5172751120465,0.6634882841411,0.6716580895544,1.0000000000000,0.5142368980992,0.0217452924079,0.4829206795626,0.7212868781342,0.8401445933366,0.3840588048617,0.6292267702033,-0.0452517236712,0.0722934010518,-0.1599624877001,0.7035075919877,0.5252860816593,0.4914046215729,0.3423095784799,0.6336830682731,0.5891709024787,0.3773030956478,0.6880156388024,0.4864836500362,0.1680387992186,0.3198454764163,0.3563948568690,0.4801107618342,0.5514971485183,0.6834465895282,0.2539678534119,0.2564778277805,0.3674994109854,0.1783963005459,0.1782297649574,0.2693607944870,-0.0396878197481,0.1460985077589,0.2848491557724,0.5014315894885,0.4261440445607,0.4950012098327,0.7110851454586,0.6492465699768,0.6691662356768,-0.0088402812690,0.3671595557293,0.0816609188726,0.2103077500627,-0.1932803009094,0.1417816018622,0.7781365902875,0.5695509766970,0.6241644867102,0.8779104230881,0.2879109771433,0.2470461796034,0.6979709123819,0.8116083205417,0.3568845129527,-0.0793509645440,0.5044486326081,0.0416480264830,-0.1595648873293,0.7388191388699,0.0062520230010,0.3939162595005,-0.2551724192847,0.5254463288564,0.3685364212712,-0.0229597220815,0.3366137998786,0.7643594130711,0.1612703650342,0.5883308050045,0.2617391165973,0.0583670191727,0.2884458411897,0.1864117848837,-0.2462928256972,0.3661372847539,-0.0456527991772,0.0593318849544,0.0763216018207,0.0323547594801
0.5033702859702,-0.1709998197689,0.2694071114338,0.3972803271523,0.5066300302411,0.4053989066395,0.5868623539321,0.6747697844942,0.4505517697102,0.3874115600282,0.6192867347382,0.6607091881859,0.6086895029522,0.2267661502749,0.2269695454094,0.6428365674457,0.8376400597969,0.6743991694987,0.5354051795587,0.5142368980992,1.0000000000000,0.1923022457181,0.6511067389579,0.6612944877461,0.4372534698001,0.3858917687030,0.6328342428149,-0.0496918403226,0.0911374604170,-0.0918305321135,0.7974496236926,0.4943696199030,0.5582535626442,0.0399174046134,0.5997216083840,0.5329246321611,0.6767237742908,0.3895315612110,0.5157491435318,0.2108010444883,0.2701044459909,0.4504557829516,0.6993866967403,0.3427635764423,0.5348688777121,0.2356006330660,0.2607876449049,0.1631168512247,0.2251861242083,0.4340304985310,0.4564343912133,0.1037790010416,0.2538328934572,0.4974534117672,0.5731585485856,0.6370121711088,0.2149824122685,0.3813030744181,0.4010531707740,0.4069653875729,0.1603715815124,0.3994348685545,0.1591775439382,0.0909622361472,-0.0864003336627,-0.0302744999143,0.5961337304437,0.4948157759221,0.5977258925568,0.5319148876075,0.2765289389211,0.5460661332818,0.5264281742939,0.4978802423069,0.3500762122963,-0.0667161001970,0.5293247228626,0.1110861050643,-0.1775520533886,0.6506082177519,0.0906568538417,0.3888673630197,-0.1829557826913,0.4902141048272,0.0928354300426,0.0663004742997,0.6319012527824,0.6101640171867,0.4210582928006,0.3949294610543,0.3627232838357,0.1179029711257,0.1732717513881,0.2776677283613,-0.2165026172320,0.1450537534718,-0.0634438778303,0.1004809392119,0.1062257444364,0.3115176740628
0.5008368805866,0.4266441949695,0.4518001538679,0.4090586593954,0.2702198360075,0.4817210618702,0.2046975153027,0.1144242074917,0.1868407913163,0.7600473351510,0.2247840276488,0.3638127430785,0.0886100316996,0.4668365095664,0.4538787546082,0.1044548207641,0.1442431542196,0.0961407786068,0.2506508537469,0.0217452924079,0.1923022457181,1.0000000000000,0.3063157318827,-0.0499800664344,0.0768470314533,-0.0460538513640,0.1729590587528,0.3732171423409,-0.0526462811000,0.2994446534908,0.0818069674876,0.0809215712317,0.2882266834369,0.2499400971793,0.0438707376181,0.0844176456174,-0.0169942395835,-0.1480757922654,-0.0853322407766,0.2301867282291,0.5245559689558,0.5440959412944,0.1497593215064,-0.0380484457448,-0.0393824779049,0.5783742187575,0.6169372180651,0.1104918049092,0.4296629094819,0.4306254263454,0.3968318811380,0.5013870925538,0.1601361345825,0.3593139834614,0.2536714779912,0.1489681885813,-0.0182031241099,0.0853269779495,0.2048678490208,0.2013734801895,0.5583704583143,0.0784843037067,-0.1804613983376,-0.3666924538717,0.2199331161111,-0.2423796625882,0.1057330047305,-0.0596318467630,0.1746963329800,-0.0127625930267,-0.2427524434487,0.4281409835663,0.1222769381848,0.1676496987760,0.0192814097962,0.0477313525422,-0.0335065572641,0.4400555167863,0.1371144983081,0.0471280620275,-0.0767914839848,-0.1754010985183,0.2946660184281,-0.0559346619574,-0.1533782025460,0.0679821813101,0.0430507423333,0.0187056178029,-0.0902263389042,0.0076575343060,-0.1722660076515,0.0969153540951,-0.0214896266686,0.3816908313307,-0.1300717497892,0.0050322082375,0.4990719103812,0.7345550896432,0.4378441199132,-0.0092207864148
0.5317903029881,-0.2013284432276,0.3739364423624,0.4105842756679,0.4486821519396,0.5797855397837,0.5862862829448,0.4554914829638,0.5101702785765,0.4554572336706,0.7354552695797,0.7707045640818,0.4293229048974,0.1057013615459,0.1380869743621,0.5856289844695,0.4814081034843,0.5921043119109,0.4960180900320,0.4829206795626,0.6511067389579,0.3063157318827,1.0000000000000,0.5855573889938,0.4761368133857,0.4027688568594,0.7171422807575,0.0646958778079,-0.0391188234813,-0.1906067240043,0.5114371797309,0.5811989384985,0.6603368889023,0.3185141083475,0.5683122636872,0.5526717632504,0.3653314555778,0.2175323527840,0.3439950044359,0.3119239324278,0.3507950971179,0.6255746987438,0.5082426104883,0.2205825424424,0.3608518895595,0.5461122911225,0.5391909027578,0.3629940512532,0.2395021800952,0.5592776133521,0.4996434179293,0.2234950016287,0.3160781334312,0.5466838775990,0.6316655272301,0.4883046763830,0.2736625728064,0.3905798524839,0.4180828816241,0.4660466294110,0.2417272152644,0.5228200428739,0.3183934689584,0.0844792170135,0.0249844981715,-0.0045969472686,0.5410826986845,0.4113799315886,0.4551576519744,0.4933254116261,0.2837961473729,0.7392249111461,0.5005141651958,0.4361289569327,0.3399831063888,0.0273870885593,0.5494260120074,0.2338946786024,-0.1113998825418,0.4653440546425,0.0952128922065,0.3863268850539,-0.1545445748651,0.3576490742510,0.1248935098378,0.1517215632685,0.3253697997654,0.4785380015098,0.2561754783218,0.2921398261747,0.1872629323957,0.1760073195841,0.0367293679836,0.5214761464328,-0.1811301673358,0.2738944077058,0.1116472396472,0.1394570874853,0.2944497552498,0.3553401125477
0.4530563099076,-0.2229354487650,0.2554034191374,0.3823567073051,0.4452438734516,0.4598869055769,0.5757008773506,0.7148226361289,0.7398582630214,0.1340256398023,0.6682829471852,0.5361339937484,0.3544728747386,0.1297165759482,0.1464967437884,0.7488275352289,0.5582193901087,0.7938629610720,0.6884832101503,0.7212868781342,0.6612944877461,-0.0499800664344,0.5855573889938,1.0000000000000,0.6602714607366,0.4681969925542,0.7191117098674,0.0591912286377,0.0682886285293,-0.1271232110294,0.6624821078281,0.5045142579098,0.3269958455697,0.2724945652986,0.7425884753453,0.6948988091909,0.6056857459068,0.6262251393917,0.6133564546055,0.4039308091330,0.3180294089379,0.4286964124489,0.6081050067263,0.5281354259194,0.5962041574416,0.2473673457582,0.2092532254040,0.3407021093479,0.2235149295703,0.3779355806027,0.4392133196498,0.0951602338734,0.2677861170951,0.4552773051137,0.6041728558167,0.5532201154746,0.5251162758662,0.6649288157238,0.6439099659505,0.6698325998483,-0.0291365225191,0.5268753730074,0.2250187285341,0.2351922176563,-0.0087014554930,0.1837250817301,0.7584000665577,0.6210989424718,0.7355713156712,0.7759424908916,0.4271725123711,0.4048249692837,0.6881648581029,0.6290384838971,0.3389713341192,-0.0160460582622,0.6069509669741,0.1937439795903,-0.1736940725487,0.7100647814866,0.0700388749665,0.3581543169757,-0.1820804800547,0.5124760561329,0.3490051020850,0.0407462121667,0.5534075168369,0.7672846669931,0.3962417730364,0.6300919664536,0.4883919312914,0.2902077151603,0.2992874330055,0.2982205892478,-0.2720298129027,0.3104976941481,-0.0761383435157,-0.0535848128410,0.0734119611916,0.2616606040512
