1.0000000000000,-0.2021712274897,0.4235487280114,0.1689384158548,0.5455247401682,0.4568336232088,0.3355676294828,0.2115872982594,0.1897478192018,0.1051190497031,0.2421475826127,0.1860389929717,0.1823112024285,0.1562642801163,-0.0060334521658,0.2341881835887,0.1364037983105,0.1301310831924,0.1860823847885,0.1987285129778,0.0110836142664,0.1281233086540,0.2932576594264,0.1149835484710,0.1658180387251,-0.0864014500276,0.0200834328209,0.0181030336017,-0.2148470607543,-0.3123767354502,0.1681090853663,0.1430643759452,0.1854641771347,0.0428541341621,0.2246931498351,0.1786242776273,0.0723323173009,0.0609532638503,0.1443109812988,0.0265570403059,0.2198478093654,0.0728066591043,0.0557048201819,-0.1010024044723,-0.0266170336662,0.1040363258883,0.2356395997343,0.1727868011835,0.3817039845389,0.0228422584378,0.7808980100765,0.6945960255821,0.2139096576802,0.5359263977674,0.5054816900711,0.4290486295969,0.1143041828207,0.1994436373468,0.2431224400613,0.1924646997566,0.2764224440954,0.2376881782570,0.1907279653645,0.1468095973305,0.2288180315619,0.0894592648315,0.3098517183108,0.2458144027196,0.2594875516707,0.1835021363084,0.1313678281657,0.1742622213515,0.1503653159792,0.1799497945503,0.1529531824520,-0.0857567327018,0.1480616011329,0.1734725956743,-0.2384746064771,0.2857409280315,0.1038846465912,0.2958636622920,0.2670529445776,0.1288867428799,0.0756518814503,0.1636646067704,0.1207600407179,0.3671046941638,0.1024461952341,0.1192919366299,0.2166940882217,0.0450302365934,-0.0289480393895,0.1954413917263,0.2891897278503,0.2479599388808,0.4474294158419,0.2603335205792,0.3432691500645,0.0412215705012
-0.2021712274897,1.0000000000000,0.3339632520523,0.2468601718321,0.1734324319810,-0.1865929850700,-0.4062096579373,-0.5252793088107,-0.6407433664425,-0.0648691237274,-0.5417839133517,-0.3556514806312,-0.2754148622603,0.7374963214644,0.2416812532229,-0.4679523838661,-0.2673025233921,-0.5689734091046,-0.4964655672261,-0.5859387755258,-0.3384024074861,0.0493443694798,-0.5473597196941,-0.6225315230037,-0.6029439306690,-0.0932577126963,-0.4238167614576,0.4387086463354,0.6115548745664,0.8412930496142,-0.3036513792462,-0.4889296459394,-0.5089858492367,-0.1136896436144,-0.6320267413911,-0.4366399615238,-0.3592710464600,-0.3466994753399,-0.3108681117089,-0.1906084861610,0.3351318039672,-0.0197833875729,-0.5273569366930,-0.1249669249761,-0.4480285889771,-0.2512363600050,-0.2252513204805,-0.0909050911112,0.2003240403109,-0.0132244742125,-0.2965851280024,-0.1455527028446,0.1791859057710,-0.2028616032637,-0.3362352524111,-0.2904708402555,-0.5671090138913,-0.5696715771131,-0.5229569960449,-0.6415518826632,-0.1406129794623,-0.3573747128415,-0.2692628590384,-0.3302635215672,0.3822441885966,-0.2133268299194,-0.7213442990814,-0.4779833296470,-0.6000606877541,-0.6255050985679,-0.2977785576643,-0.2473281576922,-0.4418311812111,-0.5611713674133,-0.4043795259380,0.0988989969568,-0.4831156380935,0.2169667846145,0.5291469785997,-0.5077060049274,-0.2192410833764,-0.4823133371945,0.2898764906052,-0.3916671848487,-0.4543577926288,-0.1894343142512,-0.3260897536442,-0.6063310823517,-0.3024305057856,-0.4679672150730,-0.2920374546850,-0.2488213431798,-0.1883177977235,-0.2850258975764,-0.3248119238049,-0.1135501071021,0.0925659301308,0.1762279313633,-0.2304426525729,-0.0850526564658
0.4235487280114,0.3339632520523,1.0000000000000,0.4374108714649,0.6320756283991,0.5075205957471,0.2509737492775,-0.1790452478839,-0.1849289189896,0.1044419952781,0.0055613747538,0.1168007834551,0.0749207999280,0.4759039295049,0.3153429743855,-0.0720288651252,0.0047674958961,-0.2281001484084,-0.1545869427051,-0.2364235005556,-0.2090678922219,-0.0215619673018,-0.0100777068914,-0.2462852881286,-0.2271087452756,-0.0976044407754,-0.1723878764357,0.3620560031110,0.1681857448870,0.2979700208480,-0.1040180118533,-0.1320993173893,-0.1632883354232,0.2233766231794,-0.1092828976674,-0.0386809423797,-0.0659644622637,-0.1668148415781,0.0413170592434,0.0988182888273,0.2368058472974,0.0356359027536,-0.1856583294350,-0.1164028587149,-0.4022098291770,-0.0281503437774,0.0923864590458,0.3170661829983,0.3199244650809,0.1814538109003,0.4531899329935,0.5865289265340,0.4127032647262,0.5408612290820,0.3446132197990,0.3224312641945,-0.3230924210548,-0.2370635933259,-0.1151058408878,-0.1774796886468,0.1812673984213,0.1030137383379,0.1951269218407,0.0188648414159,0.5837554268326,-0.0400664966242,-0.2044979813370,-0.1056049562550,-0.0914639464477,-0.2117301477488,-0.0285269261388,0.0470294121390,-0.1355998667066,-0.2665836699376,-0.2154577452573,-0.1243758717691,-0.1960160011713,0.3835898488385,0.1662041793750,-0.1407231440192,-0.0653864733268,-0.0880173991524,0.2249450000929,-0.2407843604599,-0.3940349271326,-0.0238706632317,0.0199289040719,-0.0706561417515,-0.1854030375017,-0.2894414843694,0.0433486007288,0.0960839171794,-0.2260955206466,-0.0369793243049,-0.0275293768536,0.3329215523617,0.2798136060764,0.1188799741431,0.0594440804800,0.0137029104289
0.1689384158548,0.2468601718321,0.4374108714649,1.0000000000000,0.3967899627430,0.3719189041124,0.6064032133749,0.1588369192901,0.0867909100046,0.3222916382978,0.2247674475787,0.3025672482994,0.3048897229395,0.3946824680751,0.5127964412138,0.2491253892854,0.2259745773413,0.0217968597355,0.2289513843016,0.1259413553425,0.1333466325429,0.0922836403666,0.3014451470758,0.0334007313257,0.0904467030862,-0.1094918607419,0.1131724025117,0.2007053589993,-0.0595643486734,0.1113338123261,0.1038129076405,0.1176727741319,0.1611737549112,0.2280226128967,0.0804921618704,0.1428344048899,0.1413826341385,0.0894377553041,0.2234848701849,0.1849798485605,0.2699320577384,0.3178170586506,0.1163868438490,0.1845314803554,-0.0657996895516,0.1458124064963,0.4016330755639,0.2738052800481,0.1979189410557,0.5121753136344,0.1906119935933,0.4025683842623,0.7697002482778,0.3895090583271,0.2567988567942,0.6070694502954,-0.0006244324931,0.0535060965222,0.0798288838232,0.0539408973531,0.1169856669638,0.1451485167271,0.1679970548614,0.1062971599573,0.5115579783870,0.1686859574896,0.0089589696068,0.0907109262492,0.0530540313147,0.0911157259467,0.0778935809380,0.0843166609474,0.0907080672218,0.0450722230624,-0.0412405331515,-0.1749171374277,0.0294201389713,0.0709934701436,-0.1423578807453,0.1453781614620,-0.0977556258930,0.0154684702624,-0.0853487079929,-0.1607919986073,-0.2239886003834,-0.2634146261992,0.2380363266291,0.0489487491625,-0.1052831094643,0.0436160201368,0.1013298863133,0.1674121568665,0.0905724808321,-0.0725385635627,0.0065295505169,0.2619401531142,-0.0083348485567,-0.0553429415525,-0.0111747157214,0.2290218739402
0.5455247401682,0.1734324319810,0.6320756283991,0.3967899627430,1.0000000000000,0.4888644613564,0.2104819841206,0.2358059769952,0.0643377263228,0.2577649425458,0.1247157163023,0.1598993028514,0.2710544864612,0.5408594703213,0.3114498643502,-0.0481293413582,0.2804375072543,0.0171801278626,0.1629300636493,0.1110043913260,-0.0609063700584,0.2319508924554,0.1288894846086,-0.0525956240903,0.0616269215644,-0.1993601159187,-0.1061687394700,0.1850036352900,0.2166627494736,0.1156962362611,0.2305458277802,0.0520055049704,0.0929200974079,0.0129285954957,-0.1362999872179,-0.1350708945386,0.0506023998620,-0.0334049339894,0.0248603336416,-0.1499173185914,0.3605172883665,0.1874499092672,-0.0868642802901,-0.0757204652675,-0.1919138552532,-0.0510636791555,0.2929646449688,0.2307194476189,0.5025527236559,0.3579510191375,0.6022310622976,0.5602835575217,0.3040607251711,0.5746252455130,0.4165894851040,0.3898212322066,-0.1002595531608,0.1341125712875,0.1781916191000,0.0894048746110,0.2226884293901,0.1290195014673,0.1392445114346,0.0242525438402,0.4437070999429,0.0091689129800,-0.0293849233263,0.0337426206201,0.1898294783993,0.0645875068889,-0.0886623405672,0.2030761342986,0.0264847663514,0.0769329855150,-0.1032392052195,-0.1261169453727,-0.0492905290373,0.2151297630333,0.1401686194862,0.1878614428272,0.0432788978146,0.0711708403981,0.2072294655815,-0.0665966459008,-0.1491118519446,0.0693304600065,0.1668058374573,0.0713746433889,-0.0517371133013,-0.0388757687958,0.0436536002010,-0.1127268935748,0.0263666520953,0.0109045676956,0.1678758797214,0.2449056101619,0.3848963168906,0.3129005187176,0.1220965696655,0.0669516231485
0.4568336232088,-0.1865929850700,0.5075205957471,0.3719189041124,0.4888644613564,1.0000000000000,0.5304190026182,0.3005850951707,0.2871793983899,0.3282934988133,0.3988975461962,0.3206498168739,0.2349381270246,0.0348405333974,0.4024414841453,0.2951706476585,0.1557679417073,0.2207404652764,0.2257518249773,0.2809625387553,-0.1322550066459,0.1666767162613,0.3490419503614,0.1702511792098,0.2115389896812,-0.1044704688072,0.1170701008952,0.1313554861788,-0.2104615721732,-0.1612700475185,0.1008958799045,0.1488556769911,0.1465275639029,0.4361836926903,0.3255188489534,0.2443154665576,0.2729073450492,0.2937265760463,0.3759235397584,0.2781922424897,0.1397491464395,0.1949396094700,0.1342192501198,0.1796043442422,0.0315324576981,0.2098753558570,0.2920537879234,0.6420414115532,0.1882953403002,0.2193314159836,0.5937821294181,0.6248143337509,0.3854498641080,0.8821890518071,0.8221508880403,0.5598877552402,0.1042973297059,0.2016303899494,0.3133576825756,0.2938304965924,0.4371877695304,0.3936252354239,0.3397894166945,0.1863132053506,0.4066798496322,0.1532575547169,0.2753535126374,0.1776642780992,0.3000560706616,0.2839885061732,0.0829378836705,0.1547405810661,0.2206296469735,0.1968011603283,-0.0234100421917,-0.2750667505050,0.1420149173822,0.1931998287785,-0.2120564828738,0.2352512861861,-0.0586390148555,0.1883706939775,0.0102961622405,-0.0732334977933,-0.0826269627973,-0.0179476814879,0.2643720686252,0.4427269538335,-0.1006262337960,0.1890730303303,0.3307557042233,0.2900251504017,0.0810308603025,-0.0686305422002,0.1181543847177,0.6543098340024,0.1486391909962,-0.0098409396311,0.3061213836605,-0.0295025981781
0.3355676294828,-0.4062096579373,0.2509737492775,0.6064032133749,0.2104819841206,0.5304190026182,1.0000000000000,0.4668731292485,0.4465182994926,0.2554516781538,0.5783346372739,0.5090303718559,0.4993577615749,-0.1199985061415,0.2035158481538,0.5783938442743,0.3739928010040,0.3672604659624,0.4979705831950,0.4537418535908,0.2854053286404,-0.0230731855771,0.5612101794030,0.4248360930020,0.4247125501720,0.0268519973627,0.3744372649956,-0.0924566224139,-0.3464339654004,-0.4213946868228,0.3103595375194,0.4490287312111,0.4371892336354,0.3071035681178,0.5696807881961,0.4822886773964,0.4173790811864,0.3116375568802,0.5441135659515,0.2997083164241,0.0142000279417,0.2110973290470,0.4005274796739,0.2502365332864,0.2456484009307,0.2567310874947,0.3615865484317,0.3842437820315,0.0464184418628,0.3273634904425,0.3860896446747,0.4329437231228,0.5786735468177,0.5587077562515,0.5692696183022,0.8336171262350,0.3932713642249,0.3840054019288,0.4064152378381,0.4215580089945,0.2866620062860,0.4728458369259,0.4243127727167,0.4475359872005,0.1738514905120,0.2807889590383,0.5231153835312,0.4628788685763,0.4603762502041,0.4801436358879,0.3534886077912,0.2060165069093,0.4054472746942,0.3651300471196,0.2338272341655,-0.2090572548379,0.3701733743795,-0.0186632813103,-0.3754367343036,0.5025263544792,0.0531432669243,0.4505966540218,-0.2066146399477,0.1254774378651,0.1441711884893,-0.1379949576311,0.5259480878871,0.4980500582837,0.1159107275373,0.3462342985751,0.4565543888452,0.2936683920171,0.2494876491462,0.0406804204820,0.1514542990402,0.4324662405202,-0.0321198550863,-0.0944885615203,0.1753400689366,0.2088537429173
0.2115872982594,-0.5252793088107,-0.1790452478839,0.1588369192901,0.2358059769952,0.3005850951707,0.4668731292485,1.0000000000000,0.8056990791784,0.2995120902453,0.5817969798228,0.4476180885719,0.5672514367181,-0.1505134284511,0.1181840497057,0.5399822025674,0.6142926371871,0.7168044975622,0.8734709845586,0.8662214656241,0.4302424609610,0.1887205048109,0.5708141827387,0.7156662663126,0.8474218725408,0.0823999068942,0.4425036390414,-0.2349825828460,-0.3306467363268,-0.5291136245375,0.6204786858319,0.5900119849164,0.5604201918466,0.0812846782343,0.5113383856714,0.4108042492424,0.4146556706211,0.6092962482105,0.3770595538524,0.0538082075903,-0.0148400296588,0.2264243219986,0.4004754696688,0.4097285711827,0.5385356729995,0.2290802101346,0.4879267159566,0.1858003998017,0.0221700585741,0.3323537494214,0.2441287213919,0.1170640223951,0.0519130053910,0.3557313597611,0.3806653885065,0.4454124174309,0.6063161493486,0.8160976453845,0.7782268744301,0.7907277705115,0.2327154940912,0.3758350446252,0.2328128023344,0.3656936223138,-0.1716067177239,0.1779339260216,0.6624381698135,0.5989707475224,0.8181214039579,0.7754067244173,0.2789961462632,0.2741654954218,0.5882270756678,0.8069240247417,0.3645533539874,-0.0762054925549,0.4921767863742,-0.2039604839532,-0.4155201898401,0.7344038884236,0.1516068838631,0.4671232004842,-0.3267293193287,0.2470198870353,0.4635531582264,0.0429119441734,0.4483281664535,0.6339298839919,0.1907782038346,0.7002205014684,0.2471462648975,0.1120697256959,0.5517086277523,0.1575939600620,0.3444562436104,0.1262667346604,-0.1262107758161,0.0219277001316,0.1448107006354,0.1715284907440
0.1897478192018,-0.6407433664425,-0.1849289189896,0.0867909100046,0.0643377263228,0.2871793983899,0.4465182994926,0.8056990791784,1.0000000000000,0.2156987656987,0.5913479875945,0.4667847696357,0.3071036320620,-0.4341705055176,-0.0456207193570,0.4834071920550,0.2734110250483,0.7332309283376,0.8088331931469,0.8107404602644,0.3754248998718,0.0952324501563,0.5916809575798,0.8123198412082,0.9154692689801,0.2387414287886,0.5194923047766,-0.2314497301528,-0.5259376474512,-0.6585053301025,0.3485736120567,0.6195530887640,0.4833827822154,0.1604705845479,0.6324486710762,0.4385005808220,0.3057129186599,0.4620955067765,0.2278029747333,0.1722195294050,-0.2558879196109,0.1791684928607,0.3765682120167,0.2970419397186,0.4736051080304,0.2586399038751,0.3558531548481,0.1231541386475,-0.1237733453383,0.1400771299402,0.2535556842740,0.1388528825026,-0.0127433837013,0.3007152729394,0.3683959739639,0.2791707402212,0.6751225361412,0.8371380691908,0.8773019131756,0.9642254337311,0.2205317336352,0.4399797163565,0.3175364264462,0.3508907628550,-0.1781714635033,0.2454838531365,0.6815640129142,0.6130742364489,0.8256815015148,0.7760374127576,0.4601607262131,0.3603840308634,0.6667250838225,0.8238010598913,0.4916941245075,0.0957838813600,0.5416796351588,-0.1383847481578,-0.4540773619685,0.5630286928459,0.2564352417115,0.5262547413105,-0.3136093808238,0.2898056485238,0.4969923005591,0.0957640309981,0.3701408620128,0.6131266084737,0.3109746278312,0.6534564351999,0.1583864322419,0.2597700992741,0.3605401161725,0.2322446104477,0.3147843021081,0.1231548263128,-0.0795874188987,-0.1450729703758,0.2395839601447,0.2919854227896
0.1051190497031,-0.0648691237274,0.1044419952781,0.3222916382978,0.2577649425458,0.3282934988133,0.2554516781538,0.2995120902453,0.2156987656987,1.0000000000000,0.3222811228387,0.6012695331124,0.3759920700281,0.1597959628204,0.2122333453875,0.0490914498337,0.3379423553010,0.1670159331197,0.2453253672812,0.1505552864776,0.3528663211965,0.6158261007994,0.4626140769275,0.1919928779802,0.1636978472993,0.0992613023729,0.1634410189746,0.0872922972985,-0.1045835355463,-0.0416167891223,0.1642304423531,0.2111313629875,0.3312995333737,0.1032954193247,0.0688438658409,0.0414463766546,0.1396781901470,-0.0406783511576,-0.0812453030015,0.0634530647265,0.3062891240729,0.5112778567150,0.0872753603321,0.0139309422678,-0.0571685756081,0.2025973751335,0.3325428222754,0.0671944859930,0.0723716864666,0.4298921331328,0.1694595524580,0.2247456609833,0.1295464354263,0.2999773440421,0.2210915309825,0.3197024524062,0.0520060330530,0.1007810703130,0.1340263642060,0.2064660772945,0.6000150384056,0.2341193770977,0.1776190323830,0.0524525931198,0.0971477261464,-0.1579776104086,0.1040250860720,0.0951351734907,0.2355606417166,0.1016472605203,0.0529260455390,0.3325085091992,0.1977485511012,0.1793349287113,0.0257252013152,0.0252029150149,0.1097380244062,0.0112240598648,-0.1999713688387,0.1249407816594,0.1193111127307,0.0954974043363,-0.1727978049692,0.0002981638327,-0.0799393170877,0.0036459193417,0.2017721112056,0.1537239936159,0.0079944211721,-0.0169500665994,-0.1195249124171,0.0622953627602,0.0676527955849,0.0623231751695,0.0556219695456,0.0925989141716,-0.0183223465651,0.1224599809703,0.3524570374349,0.1972158100466
0.2421475826127,-0.5417839133517,0.0055613747538,0.2247674475787,0.1247157163023,0.3988975461962,0.5783346372739,0.5817969798228,0.5913479875945,0.3222811228387,1.0000000000000,0.6062402117340,0.4680350898504,-0.2654841551027,0.1139041187001,0.5245856555469,0.4452022108787,0.7039741502574,0.5137331269896,0.5980105296686,0.3381271531365,0.0926305098230,0.7095930070967,0.6413402614616,0.5821904089975,0.0795796617367,0.6262647603607,-0.1130894235693,-0.3222285066820,-0.4936686614743,0.4313849616043,0.5255804773551,0.5427310428560,0.2840813766810,0.5403765054330,0.3673547984516,0.5431056462939,0.3987806891756,0.4446859380328,0.2851201636804,-0.0172178134234,0.2880815889545,0.4205635416447,0.2638630297941,0.3705842209723,0.3649552473853,0.4014605912087,0.3234134438249,0.0561979256182,0.2925392212856,0.3237423547312,0.2849560954336,0.1791798547351,0.4179032816566,0.5287460348047,0.4631737866768,0.5196538768476,0.5176891850757,0.5400629139732,0.5678044571677,0.2781212157684,0.5771367106960,0.4107507013917,0.4229754771811,-0.1364985744989,0.2286845774190,0.5047036808120,0.5604026925738,0.4790424253083,0.6300924124835,0.3815083499198,0.3481811159782,0.5346858288047,0.5132188371585,0.2973685538508,-0.1453430525662,0.5434834913212,0.0088037707903,-0.2962921090714,0.6119977805398,0.1585796955006,0.4830420522650,-0.2202971832058,0.1967484312803,0.2749767348361,0.0194779601774,0.5111131159992,0.5137445125741,0.1694542946847,0.4795409202237,0.3361831977152,0.3267847159277,0.2804638803828,0.2097679205666,0.2286847947802,0.3515619405381,0.0002963472184,-0.0149643269863,0.2461708716877,0.1971352844050
0.1860389929717,-0.3556514806312,0.1168007834551,0.3025672482994,0.1598993028514,0.3206498168739,0.5090303718559,0.4476180885719,0.4667847696357,0.6012695331124,0.6062402117340,1.0000000000000,0.7059972723803,-0.0744297087356,0.0860775581489,0.3105596418889,0.4972275967709,0.5127909083122,0.4327044887800,0.3416218425473,0.5778613914972,0.3323375870284,0.7629702725996,0.5018995308301,0.4682561360706,0.3048612845910,0.5399208834993,0.0345439138482,-0.2361009238243,-0.3067327431810,0.3135794936098,0.5246899657399,0.5043103519354,0.2221673838831,0.3873850074818,0.2678764599331,0.3123928213423,0.1432180457855,0.1624785635362,0.2403850173558,0.0650817936534,0.2794313064597,0.2755301504810,0.1386937547178,0.0810471714588,0.3038724535567,0.3970774921579,0.1405047505566,0.0437835180965,0.3279562721006,0.2432044397025,0.2887210856332,0.1637888471371,0.3468772067177,0.3186221655713,0.4477504403788,0.3085992222748,0.3489506661578,0.3977949242209,0.4291488348038,0.5678463517485,0.5356165446057,0.6425030333239,0.5829309701818,-0.0530973561302,-0.0253544565343,0.3281311244325,0.5257846905054,0.4499671823093,0.3817157135353,0.4554166522645,0.4924084945793,0.4573915724291,0.4120455483738,0.2790592711213,0.0592163899293,0.3391475362566,0.0359797108239,-0.2365277772839,0.4229048968079,0.1804344674182,0.3527538002623,-0.3139957457264,0.0456248239574,0.0424703437206,-0.0875623482169,0.4177008546667,0.3719873725239,0.0991501095929,0.2243605222597,0.0374311566123,0.2518256696849,0.1041968762882,0.1727715475693,0.0883805023947,0.1617975334050,-0.0282687179135,0.1206432860562,0.2408337260208,0.3924596366190
0.1823112024285,-0.2754148622603,0.0749207999280,0.3048897229395,0.2710544864612,0.2349381270246,0.4993577615749,0.5672514367181,0.3071036320620,0.3759920700281,0.4680350898504,0.7059972723803,1.0000000000000,0.1100659606506,0.1955876202789,0.3355014492961,0.7665107081988,0.4349275103949,0.4739727931775,0.3973298880900,0.4811570292988,0.2102321142056,0.5428095931153,0.3730984999249,0.4074989804091,0.0763494297705,0.4499133469891,-0.0291653384802,-0.0311649688329,-0.2174967178351,0.5302047924600,0.4494332814810,0.5109889948250,0.1365531203020,0.2243675676168,0.1926029882689,0.4018620862422,0.3655734279585,0.3709639261796,0.1301722244376,0.2151333771112,0.1986030059950,0.3065429324163,0.3128398642041,0.2289997261220,0.1998978842602,0.4082282260468,0.2302192672319,0.2372381202497,0.4465400359338,0.2138849967634,0.1827046967685,0.1866198090649,0.2930556665371,0.2906627331779,0.5340861922018,0.2915361489184,0.3441040235534,0.3240617507338,0.2797970549746,0.3364463245219,0.3870422273972,0.5368480810290,0.6738801545121,-0.0454915938558,0.0765258839962,0.2856683333947,0.5170448897344,0.3890970133675,0.4006706743537,0.2704045951716,0.2489246666130,0.3017204871433,0.3890462049132,0.1158126278110,-0.1648799485005,0.3257729462728,-0.0089518205977,-0.1526763146453,0.5457609028507,-0.0136619177715,0.3417770964946,-0.2393028249275,0.0147490068335,0.1072459240059,-0.1684478256089,0.4559690539584,0.3251779053527,-0.0043976149999,0.3678279309236,0.2525631528155,0.1115067672143,0.3827641938649,0.0677139650349,0.1005979734667,0.1638284838867,-0.0201170298293,0.1673140258594,0.0276667917059,0.1900537218081
0.1562642801163,0.7374963214644,0.4759039295049,0.3946824680751,0.5408594703213,0.0348405333974,-0.1199985061415,-0.1505134284511,-0.4341705055176,0.1597959628204,-0.2654841551027,-0.0744297087356,0.1100659606506,1.0000000000000,0.4098822678880,-0.2093148888045,0.2024740749772,-0.3492473022969,-0.2038873542221,-0.2721790126888,-0.0764927130033,0.2089125846132,-0.2200880926686,-0.4147156909230,-0.3607303509556,-0.1530270431666,-0.2639559788421,0.4425318850827,0.5642776521026,0.6945838534208,0.0990659728444,-0.2313628735953,-0.2085448674908,-0.0999065856256,-0.4113657202548,-0.2905053366602,-0.0948640603662,-0.1796763510334,-0.0531915181388,-0.1431770676238,0.5901326294165,0.1180704916212,-0.2818416802830,-0.0438767225514,-0.3613696620746,-0.1123868397801,0.1095613869517,0.0422344872025,0.4625443201729,0.3007332899984,0.0152531940155,0.1151248876502,0.2254993717648,0.0835806374261,-0.0513024628615,0.0920131322351,-0.4073933427863,-0.3208488549432,-0.2842663796804,-0.4355041884040,0.0200442874271,-0.1923563999444,-0.1784633538508,-0.1981133861525,0.4361246601356,-0.1679089303467,-0.4065956324458,-0.2514884618522,-0.2656211722978,-0.3131836818714,-0.2417624352663,-0.1108159055271,-0.2738021417483,-0.3284285595097,-0.3671784065351,-0.1101402182332,-0.2819251006693,0.2712283584862,0.3488326544104,-0.0765824828060,-0.1907451595664,-0.3139254751899,0.2789114104666,-0.2740670388567,-0.4120331242432,-0.1261179278204,-0.0588277154572,-0.2448443759639,-0.2816931965578,-0.2742331980161,-0.0941198914973,-0.1813102604414,-0.0328301827501,-0.1331682792824,-0.1218894387129,0.0150023540994,0.1923127999929,0.3385509297929,-0.1814025255245,-0.0716278644751
-0.0060334521658,0.2416812532229,0.3153429743855,0.5127964412138,0.3114498643502,0.4024414841453,0.2035158481538,0.1181840497057,-0.0456207193570,0.2122333453875,0.1139041187001,0.0860775581489,0.1955876202789,0.4098822678880,1.0000000000000,0.1791663363132,0.2856670983834,-0.0308074595825,0.0944379181896,0.0579439303171,-0.0226921923840,0.0032509571225,0.1102970746117,-0.0925110948655,-0.0463609565977,-0.1757881507048,0.0025032948738,0.3632417233163,0.0829593553653,0.3155657699903,0.0322347076094,-0.0499385837257,-0.0170136962451,0.4551432763461,-0.0154157066784,0.0544798967159,0.3444430182946,0.4128541808534,0.5136017597865,0.4490304646954,0.4629549832181,0.3083150157809,0.2029075021734,0.5445656679484,0.0721972591862,0.2925280922945,0.4705206931094,0.5494862251087,0.2353372371005,0.6527974602672,0.0145844027512,0.1756101279028,0.3234233470925,0.2941236397138,0.2478730268234,0.2731073985847,-0.1676858682766,-0.0707510873185,-0.0633447722060,-0.0747857774566,-0.0322570469816,-0.0093084042936,-0.0758250358815,-0.0940375734899,0.4333159734203,0.2065624718763,-0.1596381340871,-0.1326733474173,-0.0473989816522,-0.0178496937793,-0.2014696569957,-0.2865910856731,-0.1755879936536,-0.1664720722773,-0.3985241463447,-0.4975911039831,-0.0906220697854,0.1935121688667,-0.0719814755225,0.0346286607645,-0.4695965593939,-0.3114435718625,0.0100959028897,-0.4061871783923,-0.3411940174740,-0.3617943833245,0.1384541806918,-0.0128917477146,-0.3819732937796,0.0512259805960,0.3299925398088,0.4120956060378,0.2717157039193,-0.1847991125013,-0.0321819892050,0.4120092368083,-0.0943007735785,-0.1518818330048,-0.1830502515728,-0.1879431783869
0.2341881835887,-0.4679523838661,-0.0720288651252,0.2491253892854,-0.0481293413582,0.2951706476585,0.5783938442743,0.5399822025674,0.4834071920550,0.0490914498337,0.5245856555469,0.3105596418889,0.3355014492961,-0.2093148888045,0.1791663363132,1.0000000000000,0.4364561501171,0.4846086824772,0.5976986867262,0.6624977885769,0.3802217406955,-0.0114333005438,0.5089293152054,0.4359503882344,0.5033190416080,0.2122726410447,0.4631039536474,-0.1479995851159,-0.4722759296264,-0.4132310603211,0.6008101486175,0.5578886612766,0.5760927019847,0.3339433707769,0.7486617366685,0.7952417909328,0.4615046820307,0.5661816200204,0.6213583478197,0.3295380023963,-0.0414243699051,0.1004777303027,0.6852304895973,0.4039453937463,0.5039842580838,0.3086743272568,0.4341712353043,0.2612171413101,-0.0291222330169,0.2060627960227,0.2149582587511,0.1653373396177,0.2493093104721,0.2755726565552,0.4028980086655,0.4522627347860,0.4550049153384,0.4414626306140,0.4039498570407,0.4520183127576,0.0782299452414,0.3073781162305,0.1452215820485,0.2873264306105,-0.0514095589400,0.2980419797187,0.7382439894050,0.4925467037828,0.5200643875596,0.6252802639323,0.3067949730402,0.0429934683466,0.4282805709466,0.4800304339983,0.4201233623014,-0.1911401767130,0.4302279104214,-0.1567299645421,-0.4915125430852,0.6297236730769,0.0825302022440,0.3810989800913,-0.1320597590224,0.3777414652521,0.3056712902803,-0.0000186397071,0.3549951797899,0.6608653037788,0.1683909716384,0.5003879986702,0.4530114776916,0.2910216866411,0.3222329076586,0.0677573898312,0.1600844403093,0.2801387746878,-0.1204205289327,-0.1496314193094,0.0869542472274,0.0047628408738
0.1364037983105,-0.2673025233921,0.0047674958961,0.2259745773413,0.2804375072543,0.1557679417073,0.3739928010040,0.6142926371871,0.2734110250483,0.3379423553010,0.4452022108787,0.4972275967709,0.7665107081988,0.2024740749772,0.2856670983834,0.4364561501171,1.0000000000000,0.4712527758685,0.4648790627940,0.4627647826272,0.6378231429297,0.2736407819904,0.4866593021311,0.3812966259853,0.3853184941040,0.0668400956079,0.4035393005380,-0.0436512187767,-0.0081150656795,-0.1740269030113,0.7368538352096,0.4665486136685,0.5845088857552,0.0210050286372,0.2574735159376,0.2351857049375,0.5039912149769,0.4306412460066,0.4084325207839,0.0836259750904,0.2604947345514,0.1525244437516,0.3671870770821,0.3639587285905,0.2722818776396,0.1997546495877,0.5390154185268,0.1552406851032,0.2473826729257,0.5028590404838,0.1838840362315,0.1105981319765,0.0952142807880,0.2512231149816,0.2116303611691,0.4799143981827,0.2479765669007,0.3371336197838,0.2694806871370,0.2415582204008,0.1880204937469,0.2209243475139,0.1779179391026,0.3353586432698,-0.1202872611664,-0.0066172572346,0.3057070301239,0.4446738456266,0.4086127898099,0.4470098601539,0.2112338627064,0.1761602448987,0.2891463480376,0.3491127346391,0.1600185971289,-0.2517622956235,0.2803804288381,-0.1406040272241,-0.2028791350004,0.6357601461843,-0.0240065482322,0.2018909855666,-0.2709447466215,0.0600747220084,0.0799677581900,-0.1354585083509,0.4350985929808,0.3718238750249,-0.0291541535721,0.3654720265594,0.1925902035386,0.0721805715812,0.4382174331671,0.0713510701832,0.2169530838384,0.0409226424309,-0.0436848121313,0.1980195382545,-0.0923908205810,0.0946408859177
0.1301310831924,-0.5689734091046,-0.2281001484084,0.0217968597355,0.0171801278626,0.2207404652764,0.3672604659624,0.7168044975622,0.7332309283376,0.1670159331197,0.7039741502574,0.5127909083122,0.4349275103949,-0.3492473022969,-0.0308074595825,0.4846086824772,0.4712527758685,1.0000000000000,0.6148256320689,0.7231132097064,0.4646320837072,0.1385120538776,0.6224055528171,0.7738066357397,0.7470002517267,0.2065924742104,0.6520457334023,-0.1327165851976,-0.3479808943961,-0.5568887758957,0.4803128855675,0.5879307036833,0.5310052764486,0.1692799793869,0.5739509039769,0.3786997313695,0.4234700271801,0.4722160486351,0.3000449487585,0.1872027092817,-0.1345797612761,0.1504488670820,0.3417311967181,0.3102200672138,0.4752736393890,0.3443267221464,0.3681145252880,0.1346992181981,-0.0490919928379,0.1286534948153,0.2119076543043,0.0936974256770,-0.0310185505262,0.2390327849844,0.3461413410048,0.2590005614844,0.6456780600456,0.7190319468580,0.7145508798918,0.7100998608689,0.1907043398226,0.4234236536962,0.3343735534932,0.4433633384449,-0.2425189211887,0.1362360210361,0.5681087246244,0.6835513020374,0.6097784255452,0.7356542308644,0.4483836474910,0.3625231374046,0.6456687274169,0.7026301193816,0.4455178002517,0.0096378086777,0.5529394246942,-0.0879993532725,-0.3024945339179,0.6771105595033,0.1908053211039,0.4708340213460,-0.3006251025610,0.2381506659372,0.3895818932682,0.0173267039370,0.4410288825570,0.5677495885807,0.2051301842662,0.6074040573482,0.1662218270972,0.2743399663863,0.3610498669722,0.2098528164087,0.2852307606265,0.1023101891895,-0.0545036932846,-0.0269599371804,0.1557420301401,0.2740286890838
0.1860823847885,-0.4964655672261,-0.1545869427051,0.2289513843016,0.1629300636493,0.2257518249773,0.4979705831950,0.8734709845586,0.8088331931469,0.2453253672812,0.5137331269896,0.4327044887800,0.4739727931775,-0.2038873542221,0.0944379181896,0.5976986867262,0.4648790627940,0.6148256320689,1.0000000000000,0.7875539216403,0.4281088230342,0.1731048579152,0.5740334304294,0.6616059018190,0.8073674898440,0.1495517922178,0.4312532771036,-0.2033512291573,-0.3978854470042,-0.5038155740496,0.4966300810620,0.5779216571974,0.5259035324424,0.0901034895602,0.5517568522404,0.5373137206424,0.3137783741508,0.5048279840693,0.3484660139476,0.1125768908268,-0.0686195255717,0.1943917474272,0.4123988382850,0.3589536383523,0.4815201306092,0.2300691261425,0.4533784423215,0.1551847751779,0.0033898966864,0.2842619326551,0.2325331816239,0.1197116298152,0.1171694172945,0.2371565382029,0.3322647856371,0.3716763629448,0.5827156919059,0.7763436314326,0.7489969729373,0.8053285866815,0.2047147534408,0.3849029366582,0.2647217326298,0.3666711311927,-0.0695122872217,0.2141619869826,0.6731805714889,0.5498904972296,0.8381641673209,0.7179739987481,0.3415319309081,0.2783660185106,0.5813031079833,0.7619077938317,0.4128360036545,-0.0469073782294,0.4354787006429,-0.1764066538975,-0.4201939965802,0.6355884327269,0.1253753089984,0.4286295976942,-0.2564514601323,0.2477140445119,0.3962039193659,0.0049479228758,0.4332341918006,0.5615747328566,0.2168508558970,0.6217246460666,0.2137660386218,0.1669022374462,0.4590727054810,0.1369944417715,0.2734822621491,0.1324901014848,-0.1073700243531,-0.0731893799412,0.1074084504690,0.2232894796763
0.1987285129778,-0.5859387755258,-0.2364235005556,0.1259413553425,0.1110043913260,0.2809625387553,0.4537418535908,0.8662214656241,0.8107404602644,0.1505552864776,0.5980105296686,0.3416218425473,0.3973298880900,-0.2721790126888,0.0579439303171,0.6624977885769,0.4627647826272,0.7231132097064,0.7875539216403,1.0000000000000,0.3722543984879,0.0841232646607,0.5578477631958,0.7252600948079,0.8690149400758,0.1184271862899,0.5191225165873,-0.2836811059762,-0.4406257872399,-0.5996205889202,0.6395746123094,0.6330167103115,0.6301924664319,0.1116832306602,0.6476210499248,0.5140444719362,0.3931587907654,0.5975891558342,0.4157826996429,0.0767609159396,-0.1478499914744,0.1528382203103,0.4839632542447,0.3731749003414,0.6034189680966,0.2435957344930,0.4192269721295,0.1412327416172,-0.0438905324694,0.2303207155197,0.2382103274664,0.1241892108832,0.0590914158540,0.3172557716042,0.3879734833524,0.3688083928554,0.6610839395930,0.8211223549493,0.7754060515220,0.8010650557653,0.1241069469696,0.3915260420659,0.1822982842037,0.2948986516455,-0.1512272765732,0.2867771787948,0.7427138788411,0.5966661254409,0.7623175624543,0.8843771302980,0.3108768092915,0.2617528787208,0.5970070281820,0.8175545395892,0.4297666381932,-0.0523109114351,0.5869205999151,-0.2266347945123,-0.4667977588747,0.7429640259858,0.2034652113322,0.5547445364455,-0.2864321855224,0.3883440093001,0.5349466766556,0.1112431885415,0.4034557726145,0.6966610144818,0.2516773569222,0.7474714378029,0.3071349109846,0.1484181404687,0.4898098296018,0.1831361028203,0.3530715783298,0.1461498277339,-0.1082808012721,-0.1036226569636,0.1376939824162,0.1307236676000
0.0110836142664,-0.3384024074861,-0.2090678922219,0.1333466325429,-0.0609063700584,-0.1322550066459,0.2854053286404,0.4302424609610,0.3754248998718,0.3528663211965,0.3381271531365,0.5778613914972,0.4811570292988,-0.0764927130033,-0.0226921923840,0.3802217406955,0.6378231429297,0.4646320837072,0.4281088230342,0.3722543984879,1.0000000000000,0.3439424052219,0.5711226924392,0.5057629590061,0.4371368545254,0.4293346935684,0.4922715985583,-0.1506618539238,-0.2221842514910,-0.3061155206208,0.4707768101499,0.5333450050046,0.5643586954395,-0.0794769948200,0.3932281082127,0.3907502602366,0.3256495613266,0.1870171959455,0.1379871252824,0.1322278387486,0.0290956323908,0.1272714611092,0.3555643235924,0.2265677910173,0.2529132922737,0.2997374683493,0.3755282128424,-0.2368636909130,-0.0309966723159,0.2848263326576,0.0169836929301,-0.0321410162821,-0.0288741121967,-0.0139775606966,-0.0829959180674,0.2648366543186,0.3804734685834,0.3577012357215,0.2852908030926,0.3037133337033,0.2674970770126,0.1853963973243,0.1683207512924,0.3004270458790,-0.2791665242576,-0.1850338339416,0.3192069768913,0.5128188103105,0.4285101691329,0.4005869310088,0.5031566496423,0.3597219920513,0.4443928074406,0.3957235715321,0.4561554214294,0.1073740407695,0.2699056911856,-0.2954403893370,-0.3064138574080,0.4769331010894,0.0894803012509,0.1707191893817,-0.4212751598629,0.1022941984675,0.1181713402945,-0.2003632239762,0.4017023526546,0.3345200289743,0.1281022405324,0.2589367118790,-0.1007254474784,0.1028874675404,0.1974573146013,0.2018875420748,0.1713134990224,-0.2906682530852,-0.1213096738133,0.1514350917892,-0.0530416977413,0.3932867987411
0.1281233086540,0.0493443694798,-0.0215619673018,0.0922836403666,0.2319508924554,0.1666767162613,-0.0230731855771,0.1887205048109,0.0952324501563,0.6158261007994,0.0926305098230,0.3323375870284,0.2102321142056,0.2089125846132,0.0032509571225,-0.0114333005438,0.2736407819904,0.1385120538776,0.1731048579152,0.0841232646607,0.3439424052219,1.0000000000000,0.3276127897965,0.0844647805024,0.1159643427651,0.0734291671307,0.1403645138009,0.1712402193737,0.1351766843054,0.0863115114582,0.2069956606770,0.0687792396344,0.2250699085907,-0.1461109801472,-0.1146036651749,-0.0279123684534,-0.0384742306500,-0.1212643786950,-0.2418575912246,-0.0771833555807,0.3881733480085,0.2370589895088,-0.0728776448117,-0.0899357094823,-0.1088226593504,0.3122251815874,0.2692071631513,-0.0729419117586,0.2657585677463,0.2158944619743,0.2090275639743,0.1361992587598,-0.0067031488306,0.1372846628591,0.1527682700960,0.0629242869129,0.0503508041062,0.0859579648820,0.1144660916048,0.0984363714829,0.5464693106950,0.1535729648276,0.0999158901742,0.0410164192807,-0.0074859893438,-0.2661753335098,0.0233269797460,0.1592526374891,0.1765536948557,0.0716919905647,0.1343020824465,0.5099930379078,0.2609335564660,0.2180697876907,0.1358779946673,0.0685890911523,0.0539686216397,-0.0033944682781,0.0337886594699,0.1427153572082,-0.0031554854220,0.0243553537603,0.0453438676897,-0.0043687130867,-0.0968906001327,-0.0362893083640,0.0841635515796,0.0591042326179,-0.0002164511706,-0.0331639300437,-0.3434927882177,-0.1351009538429,-0.0260454566367,0.1605901924035,0.0654548067553,-0.1578658960552,0.2313538801778,0.4672873445002,0.1995396553751,0.2119049486503
0.2932576594264,-0.5473597196941,-0.0100777068914,0.3014451470758,0.1288894846086,0.3490419503614,0.5612101794030,0.5708141827387,0.5916809575798,0.4626140769275,0.7095930070967,0.7629702725996,0.5428095931153,-0.2200880926686,0.1102970746117,0.5089293152054,0.4866593021311,0.6224055528171,0.5740334304294,0.5578477631958,0.5711226924392,0.3276127897965,1.0000000000000,0.6008296580138,0.5972221850787,0.2125322788433,0.5909613282898,-0.0669236599564,-0.3714459817815,-0.5067211123488,0.4395840714910,0.5993167861096,0.6672280152371,0.2288645013350,0.5029399399737,0.4375041002328,0.3731377677291,0.2783195542431,0.2870502508496,0.2583063080940,0.0535199676407,0.3518228117908,0.4551042948291,0.1700992199144,0.2992235486804,0.4801856575999,0.5619209132961,0.1658040649436,0.0257927316435,0.3968864585757,0.3270567923709,0.3200499023783,0.1723403538730,0.3844242669034,0.4332828784225,0.4462545660169,0.4371210713627,0.4935632681410,0.5041609859318,0.5544117736024,0.4053353944316,0.5349886508569,0.4625727256705,0.4171648150305,-0.1102187139691,0.1020525858995,0.5379437968700,0.5486758805991,0.5530282622301,0.5707460450868,0.4205725562957,0.5309890428213,0.5118705445620,0.5378573168219,0.3882902141866,-0.0449830160024,0.4938035198960,-0.0203479143036,-0.3714135107956,0.5646126091196,0.1790110565366,0.4640962745678,-0.2838998036504,0.2149420579955,0.2171995200302,0.0163593206709,0.4941437433072,0.5007654352719,0.2073946727883,0.4120898626093,0.1628331312181,0.3024672793901,0.1951646220526,0.3042652333976,0.2322422237429,0.2010985105626,-0.0343463811431,0.0420761451346,0.2585301243330,0.3397456364246
0.1149835484710,-0.6225315230037,-0.2462852881286,0.0334007313257,-0.0525956240903,0.1702511792098,0.4248360930020,0.7156662663126,0.8123198412082,0.1919928779802,0.6413402614616,0.5018995308301,0.3730984999249,-0.4147156909230,-0.0925110948655,0.4359503882344,0.3812966259853,0.7738066357397,0.6616059018190,0.7252600948079,0.5057629590061,0.0844647805024,0.6008296580138,1.0000000000000,0.8131198313360,0.3187192368031,0.6599178680650,-0.1970564671402,-0.4007341759796,-0.5905600519879,0.3931468390546,0.6200692731170,0.5001968125574,0.1187337802009,0.6018625941352,0.4090590478789,0.4636165571808,0.4336316766239,0.2599104399811,0.1915540954425,-0.2142996278652,0.1905721176328,0.3623659154226,0.3016095563577,0.4485985840208,0.3040124575757,0.3209296188305,0.0498559892385,-0.0719878383724,0.1486786832600,0.2099013042676,0.0749279662585,-0.0303399187676,0.2146452983319,0.3204941852807,0.2796311779759,0.6695483991330,0.7375737100430,0.7690156663446,0.7942450828042,0.2089792813473,0.4526720180625,0.3255594609708,0.4286548206899,-0.2935403524450,0.1912545090834,0.6091498632137,0.6566496492848,0.7002778696662,0.7620551079663,0.5163243435066,0.3930562238036,0.7263400462144,0.7359016617121,0.4935870409110,0.1287694342722,0.5937571461906,-0.1010488013936,-0.3558717542237,0.6076097335907,0.2312979534959,0.5029084831091,-0.3192541662146,0.2621125848884,0.4495664446020,0.0425017005700,0.4725986357614,0.5948165604714,0.3115907821733,0.6354969199172,0.1754148158429,0.2863522729896,0.3860251732307,0.2860314401628,0.3189104300342,0.0600077841628,-0.0554687926461,-0.0405359702608,0.2038601796114,0.3606245803416
