1.0000000000000,0.3811962041888,0.4882805294227,0.0251069284234,0.5916724324944,0.1789471289202,0.0295833162940,0.1429073439208,0.1440194060552,0.2609373821541,0.1473591593084,0.0694498966989,-0.0527315010541,0.6312874018791,0.1321500883561,0.0852295067490,-0.0666760686140,-0.0374766547946,0.1864315208192,-0.1168421984635,0.0379871895697,0.1850152465466,0.0716738515041,-0.0760395016208,-0.0767335074695,-0.0476269362490,-0.0372360644276,-0.0359320276253,-0.0099350996394,0.1830865196794,-0.1754308947288,-0.0279799243261,-0.1003731014691,0.1675509249284,-0.0700803808342,0.2065819804042,-0.1541994220657,-0.0952151261712,-0.1092482776729,0.0016392060050,0.3298701233457,0.2652652870710,-0.1682539952267,-0.1069596985016,-0.0293518283654,0.2939765272105,0.1804130479902,0.0585762504514,0.2766325035454,0.0708328612096,0.6791924692557,0.3211290036847,0.0007906912428,0.2916405548607,0.2019109798338,-0.0938933916556,-0.1572605632509,0.1980741690646,0.1222004867574,0.1369503184961,0.2038852721464,0.0703229399380,0.0111634898401,-0.0024137395185,0.3557915581755,-0.0557019403352,0.0536617304898,0.0247258413292,0.1658518964861,-0.0879329239569,-0.0858120285766,0.1985730214786,-0.0505880914967,0.0193653677130,-0.1434803774828,-0.0426690406156,-0.0789774970129,-0.1271124409347,-0.2214816099630,-0.0916011380205,0.1057610144997,0.0032585487990,0.2036426992566,-0.1803332611723,-0.0342007012918,0.2469318193050,-0.1043872352430,0.1328560982925,-0.2501864482624,-0.0782266699893,-0.0649586757096,0.0319031811074,-0.1064229318341,0.1658128584015,0.2620667893928,0.1496820342645,0.3038221160044,0.1868905034321,0.1757097044301,-0.1768479284917
0.3811962041888,1.0000000000000,0.2481730331566,0.1887770410455,0.1304030201635,0.1587540957720,-0.0478878523551,-0.1326425591042,-0.1202169874949,0.3599600447485,-0.1121666945181,-0.0764592514024,-0.0523074083845,0.5188047516750,0.3293749247187,-0.1646640090974,-0.1444208042771,-0.2979477820766,-0.1349921172112,-0.4357557328657,-0.0138336500414,0.0931607869783,-0.1271248240186,-0.2033051055009,-0.2802399367016,-0.1585263909961,-0.3554011508000,0.0834429601488,-0.0973650177503,0.3623114154065,-0.3523136706305,-0.2122599740662,-0.1846174888031,0.0256591492936,-0.2366802954677,-0.1073901708671,-0.2632901888795,-0.4327536592916,-0.3771171252614,-0.1532320951669,0.1742287623511,0.2312294686374,-0.3149719874937,-0.3906658310556,-0.1050322568882,0.0236512608805,-0.0428777441246,-0.1863178056907,0.1805285045627,0.1678222858573,0.3661112981974,0.7841921439032,0.2440619244914,0.1641844728966,0.1315495604016,-0.0186482373598,-0.1988748085474,-0.0170517105783,-0.0847867118162,-0.1663904476548,0.3403923965971,0.0373332956456,-0.0155209704414,0.0252012049957,0.6776927506616,0.1730197282323,-0.1894392576092,-0.1245494500979,-0.1014850979289,-0.4372266877066,-0.0065568382211,0.1138684725328,-0.2465862331394,-0.2783182777770,-0.1181428537868,-0.0581981393275,-0.3679464653126,0.2155360108890,0.0563145591532,-0.2052526708502,-0.0564993172300,-0.0018372652277,0.2740482335391,-0.2500127837640,-0.1761479410238,0.1186656490972,-0.2632129137544,-0.2063580998407,-0.1868204331263,-0.3384490672857,-0.3485895675231,-0.1141263782789,-0.3654342997685,-0.1136070582417,0.1954050702990,-0.0843423253753,0.3684935229290,0.1047662308078,0.0472585051522,0.1153168517610
0.4882805294227,0.2481730331566,1.0000000000000,0.3218816059759,0.4023360402095,0.5583618017608,0.4117743296121,-0.0092748222047,-0.0646770010679,0.2615173801444,0.1177065930611,0.0447280307237,0.1530243876677,0.1886910818511,0.3314368234520,0.0597796144231,0.0117269971725,-0.1092435601121,0.0118378026523,-0.0663078686417,-0.0304760862232,0.0380664210905,0.0604722439367,0.0012909891364,-0.1672478224053,0.0620372578885,0.0733303263429,0.0429460763258,-0.1364381786618,-0.0145003603133,-0.0468145549447,0.1895665730756,0.1200758614561,0.1900245673877,0.0129147264371,0.2103747642946,0.0173910160171,-0.0005053797202,0.2324919190191,0.1548772896594,0.0913432347572,0.2570462229624,0.0873872211049,0.1045456764701,0.0334188242625,0.1351283241812,0.1254408717201,0.3025069749761,0.0307273203679,0.2982968359239,0.2914956587346,0.3583270916939,0.1232289641989,0.7285348613142,0.4173405058671,0.1164770833487,-0.1804279922326,0.0245324770314,-0.0806849416526,-0.0903806832458,0.1356685020979,0.1176246182953,-0.0280724800706,0.1289738181239,0.0921751144089,0.2733613923422,0.0149515638666,-0.0489252152959,-0.0434575323467,-0.0900889268507,-0.0728919194667,-0.0035890062422,-0.0424187487118,-0.0746100065048,-0.1345389405126,0.0257141154568,0.0456143684652,0.0045612883968,-0.1789157057949,-0.0661098277154,0.1392908426435,0.1366957846721,0.0511736053102,0.0209563436623,0.1332241746810,0.0965940356740,0.0535708651788,0.1875513497791,0.0717957604131,0.1886779367490,0.1895024188736,0.1175228244336,0.1467703269259,-0.0225012186671,0.1204149937990,0.4418906027248,0.0124779752100,-0.1183655408250,0.1230753887905,0.1058819501436
0.0251069284234,0.1887770410455,0.3218816059759,1.0000000000000,0.0754462491495,0.3876617382312,0.7733363891156,0.1294285719242,0.1856093848892,0.3136297331228,0.3050293119721,0.3082018783131,0.2992573880080,0.1542268566014,0.6244812382197,0.4732878418230,0.3881851235116,0.1314993310666,0.3611735032521,0.2313494838112,0.3358969310963,-0.0104370545216,0.2741468507032,0.4695250713591,-0.1170886886977,0.1508946021809,0.3629247157503,0.0119893566804,-0.3041939504137,-0.2241158493122,0.3507239137950,0.3556667408406,0.4545028051613,0.1121716819888,0.3001056973626,0.4298477554555,0.2302773433032,-0.0422738552305,0.2397340798397,0.0928840358725,-0.1781842552950,0.2018493555460,0.3579977760933,0.1496502015227,-0.1526429035161,0.0015482720348,0.1045291946382,0.2800956053137,-0.1066666696375,0.5029995082275,0.1207865443244,0.3858995255840,0.7911525774126,0.4174970411699,0.4495239486974,0.6015469097291,0.1505750218969,0.0719671521828,-0.0046108960636,0.1256407895915,0.1453186049606,0.3378818458517,0.2225065650740,0.0615342278404,0.3628031859653,0.7154550762930,0.5179509320831,0.2636904428476,0.3138566441388,0.2027530577371,0.2822187157769,0.0610430919108,0.3851647399425,0.1403088918875,0.1592673390270,0.0474219375411,0.0844416337706,0.0597112322810,-0.2199149128547,0.2951899106209,0.1195103774972,0.4251660099619,-0.1651370909663,0.2947533988944,-0.0701068156770,-0.1679076360905,0.1659767935319,0.3458999894294,0.2636201075932,0.0012628269840,0.1137829170911,-0.0261876371066,0.2057147767617,-0.2749537235741,-0.0052430813823,0.3038988420058,-0.1855387319056,-0.1638504744820,0.0643883324276,0.5158987904400
0.5916724324944,0.1304030201635,0.4023360402095,0.0754462491495,1.0000000000000,0.5113120680344,0.2514392456682,0.3170348740247,0.3764279324922,0.3302059742014,0.3593651853440,0.2446464023831,0.0281370993632,0.3766769892535,0.1187432529391,0.2303458802622,0.1174578551073,0.1147057903479,0.3051981922462,0.1023775678995,0.2553506706789,0.3552194785727,0.1582554115164,0.2005453555237,0.0043531276141,-0.0781397382783,-0.0018275293921,0.0021661470762,0.1933612724760,-0.0350204745932,0.0342578736863,-0.0009385923778,-0.0316811623245,0.0966659869529,0.0585594299630,0.3636406055690,-0.0302367892479,-0.1208007033113,0.0779947755526,0.0495575808880,0.3056460813433,0.2039784588318,-0.2308703195789,-0.1670147500113,-0.2162467568435,0.1368857751777,0.1691526050278,0.3211606712768,0.4759526358838,0.0038202131834,0.6847911099507,0.0079679165419,-0.1054949053623,0.3387752651651,0.5281221328886,-0.1994154033321,-0.1034238532934,0.2163827654991,0.2789083966148,0.3496146717933,0.2872055901599,-0.0180541943277,0.1418128601715,0.0196531016197,0.1899771062043,-0.0462417517978,0.1259290206759,0.1648190361548,0.3053817541671,0.1415864139346,-0.0828275307937,0.2778515008981,0.1629986926015,0.1921477683171,-0.0308357401752,-0.1160729538196,-0.1546726334198,0.0036939548196,0.0106074782694,0.1392628531909,0.0179229399608,-0.0631005155896,-0.0465392957761,-0.1975284088891,-0.2472794470301,0.0570679300430,-0.1449572341740,0.2665702997707,-0.3526481969256,-0.1285590319261,0.1109327497429,0.0674226391478,-0.1511156799665,0.1500340192410,0.1983145671709,0.4416137232649,0.3248176749258,0.3883460729501,0.2477124772273,-0.1726057459564
0.1789471289202,0.1587540957720,0.5583618017608,0.3876617382312,0.5113120680344,1.0000000000000,0.5167855977334,0.1378618785824,0.1847200169094,0.5697429231476,0.4071224656956,0.2546893116834,0.1918770223921,0.0908108302917,0.4585475613824,0.1046795171186,0.2004330468696,-0.0213219930704,0.1324174210623,-0.0092696285705,0.1962630763113,0.0565452417472,0.2103809527117,0.3144890578112,-0.1708869824526,-0.0326947065788,0.0686539057773,0.0371055939047,-0.0922574419313,-0.1391399255231,0.0410757370319,0.2127456981337,0.2049798781543,0.1192446958497,0.0666064373908,0.2760188907694,0.0923855825555,-0.1948400065840,0.2285051719001,0.1226888330531,0.1424969814904,0.4072236621983,-0.1286493235630,-0.0646958445471,-0.1788789361673,0.0658554419113,0.2012353521780,0.5335084919057,0.1260036886759,0.4653792386252,0.2489413867424,0.1083694924322,0.1224175567318,0.6508689150211,0.8923003630134,-0.0211467691199,-0.0599599310350,0.1194567089319,0.0934117899490,0.1363784943186,0.5096708096365,0.3411821907463,0.1576548446689,0.1525802488661,0.1979187425179,0.2663090550527,0.0242248664672,0.1997740201190,0.1084477365012,0.0015555445733,0.0871935496210,0.1429293801496,0.1758806394137,-0.0382256313892,-0.0525340453796,-0.0653778456525,-0.0710350505069,0.0649898911911,-0.1220710759383,0.1419171340953,0.1448873647563,0.2394043370857,0.0127488844220,-0.1439798991132,-0.1431250551501,-0.0992321481932,-0.0420381211483,0.1546940573458,-0.1777130220830,-0.0666311399398,0.0872278716151,0.1086355950433,0.0275806420059,-0.1379150387676,0.2036145487859,0.6997621602793,0.0810834798002,0.1016319138959,0.3457826199093,0.2659099647898
0.0295833162940,-0.0478878523551,0.4117743296121,0.7733363891156,0.2514392456682,0.5167855977334,1.0000000000000,0.3299569399323,0.3717032682312,0.1578390495019,0.3135838910703,0.3177626703696,0.2373072442109,-0.0003160363385,0.3131258803075,0.5589508584565,0.4508407529728,0.2432362250297,0.4059871631949,0.3965911389768,0.3777719908130,-0.0310928797444,0.2002659977373,0.6040065772137,-0.1058777903873,0.2267626261370,0.3791211942940,-0.0410478465159,-0.1446726542843,-0.2689693108606,0.4486011668989,0.3283628426173,0.3500151522478,-0.0109304812324,0.4057264577162,0.5971831194968,0.2109580405407,0.1257229896237,0.3888148513209,0.0554394670042,-0.2116282596340,0.0125200881516,0.3302386779537,0.1619281667200,-0.1162584800296,-0.0605394813780,-0.0407907411762,0.4100698958484,-0.0274811766006,0.3087008448088,0.0718518960732,0.1152067375606,0.5436967336707,0.3857114009165,0.5597811306556,0.4592244849871,0.2068564638763,0.1881572650911,0.2322378281645,0.3387091432201,0.0494138246543,0.2558721811719,0.1721666980569,0.0496641754849,0.1579860851017,0.5636343528500,0.5409654092298,0.4010104124437,0.4202751860112,0.4075489754740,0.3484123490540,0.0224105973685,0.5480419735585,0.2474441739971,0.2658617809469,0.1364704366320,0.1142335371883,-0.0464540018588,-0.1053838302776,0.4340900504125,0.0618692552264,0.2813303054684,-0.2229170549004,0.2986659169507,-0.0287157460615,-0.2246278044106,0.1749991108859,0.5957827364019,0.2275329288574,0.1428870759551,0.2273128897304,-0.0531362051103,0.2076626262346,-0.1892093454826,-0.0913854871505,0.5057189643101,-0.1325079841903,-0.0969560481163,0.0100307932714,0.4217133554073
0.1429073439208,-0.1326425591042,-0.0092748222047,0.1294285719242,0.3170348740247,0.1378618785824,0.3299569399323,1.0000000000000,0.8400096911501,0.0747082651265,0.4481187971365,0.4928528687858,0.3636962885933,0.0751072618367,-0.1169116256622,0.5786690301492,0.6529984592731,0.6702124681011,0.5641047701064,0.6176870491928,0.3877908167346,0.1650254782010,0.2283683777410,0.5230512107541,0.2143642938710,0.1193936585241,0.2542617900134,0.1267390567403,0.2474738415317,-0.0735413983412,0.4247458734702,0.1496778449508,0.2499867627347,-0.0425602534720,0.1315355606096,0.3751900217896,-0.0098844150176,0.3444998667147,0.1378751517344,0.0166506785165,0.1315068072597,0.0875153000993,0.0395456910912,0.1444122015184,0.0566795548785,0.0311457375850,0.0652771587322,0.2252460392044,0.2300060795077,-0.0064279590804,0.1455519886803,-0.1570609770854,-0.0086644852655,-0.0400724811155,0.2029780093339,0.1755329279553,0.5545133363508,0.7036818384025,0.8499980907360,0.8406883958303,0.0102486169597,0.1858698096296,0.2818834751421,0.1985179936202,-0.0329684362635,-0.1521063609096,0.4300517571454,0.7414121853805,0.6055907598183,0.6056162574398,0.3652765347305,0.1141075244995,0.5917691662986,0.3638884114065,0.2698170617567,-0.0287747908568,0.0157963388392,-0.0241538921153,0.0741742153668,0.5884521588552,-0.0615878376628,0.1962298953209,-0.1816899598553,-0.0600501934498,-0.1596880328149,-0.1219190904866,-0.0477462301624,0.4185393580474,-0.2079454052302,0.1222171065593,0.1164687700280,-0.1144043811484,0.1209701762699,0.0709885881201,-0.0282100326193,0.1947674544044,0.0794169532872,0.1954258761315,0.0609354754253,-0.0127944639087
0.1440194060552,-0.1202169874949,-0.0646770010679,0.1856093848892,0.3764279324922,0.1847200169094,0.3717032682312,0.8400096911501,1.0000000000000,0.0996906044307,0.5116537571116,0.5232633600669,0.2451842119226,0.1385372457465,-0.0974792198422,0.6380241078464,0.6297996864806,0.5789598564018,0.6396248761703,0.6207309300760,0.4908648953678,0.1737666026499,0.2925150563241,0.6325772218987,0.1866760386179,0.1381152620502,0.2666003508366,0.0927072919048,0.2537339356018,-0.0721367763995,0.4317765427819,0.1400947761718,0.1732378048930,-0.0949624675990,0.2779950494682,0.4979293518232,0.0077944576504,0.1846025246922,0.1353869263342,0.0028864339015,0.1382106033010,0.1131304911348,-0.0053368553576,0.0116201455766,-0.0687788777192,0.0645072698705,0.0451248377216,0.2245764218039,0.3012404701490,-0.0060639034976,0.2028740332754,-0.1859573161763,0.0580983479478,-0.1367363477778,0.2867367518112,0.1207584972477,0.4602874105062,0.5552771022161,0.8177148585419,0.9461707550071,0.0997633738901,0.1974984304131,0.3450034590489,0.1193725825093,0.0934765940749,-0.0504871000940,0.5277479018409,0.7138180191507,0.7277446893502,0.6050530585931,0.3990798260307,0.2155520339740,0.6791218063826,0.4142856047395,0.3641507224972,0.0200482925504,0.0026078259038,-0.0076369139750,0.1413284381248,0.6102893486179,-0.0710814865519,0.1500006811459,-0.1616021980818,0.0157122907714,-0.2616469891117,-0.1569763599311,-0.0430495513975,0.4404520239450,-0.1979278623840,-0.0405609842281,0.0695534959763,-0.1006294697675,-0.0032091789240,0.0977759505490,0.0043362900782,0.2170176583003,0.1527452223285,0.3274086536407,0.1787003296031,0.0767031187065
0.2609373821541,0.3599600447485,0.2615173801444,0.3136297331228,0.3302059742014,0.5697429231476,0.1578390495019,0.0747082651265,0.0996906044307,1.0000000000000,0.4438756326085,0.3306231066422,0.2532171614362,0.3573708581398,0.5458560230141,0.0435357794916,0.1932291790962,-0.0898728348234,0.0867997551810,-0.2703833330018,0.3225475725851,0.3942096352952,0.4335535823950,0.1819594682597,-0.1548420979110,-0.0069178135307,0.1025256602160,0.0770250460742,-0.0334102956056,0.0964276734272,-0.0778515342735,0.2810607627451,0.2862542914478,0.3683355214889,0.0575954866557,0.0639802640356,0.1388488673210,-0.3799375640826,-0.0848405527460,0.2098036361527,0.4136035439264,0.6342942447618,-0.2583052995226,-0.0925823308578,-0.1754014914574,0.3690910760717,0.4939397325832,0.1241626124068,0.1551356785725,0.5550335429705,0.3460308424594,0.3406792501863,0.0791362416016,0.4594367003945,0.6413051915198,-0.1309313434770,-0.0485187725245,0.1662321601662,0.0195587722560,0.0136885072303,0.8832255617345,0.4016198382815,0.2878441289359,0.1582842964835,0.3399501642421,0.1339945110204,-0.0246221540862,0.1589992341905,0.0640982052903,-0.2077452000155,0.0918579900779,0.4550783909964,0.0221564822354,-0.0454291909628,-0.0819506762741,0.0343757309019,-0.0128976065031,0.1128230547558,-0.1107559633795,0.0642944196218,0.3480184755705,0.4046469757400,0.1853431689018,-0.2395299040420,-0.1599615985063,0.2187243507476,-0.0256598310621,-0.0792656040963,-0.2645190675200,-0.2515478237504,-0.1367007272027,0.1491854383142,0.0776099754488,-0.0116005845608,0.5486746204802,0.2524037266316,0.1380080124018,0.3371625486429,0.4565359198757,0.1919795205529
0.1473591593084,-0.1121666945181,0.1177065930611,0.3050293119721,0.3593651853440,0.4071224656956,0.3135838910703,0.4481187971365,0.5116537571116,0.4438756326085,1.0000000000000,0.7463712689748,0.4544291629706,0.1170520628538,0.2081534061982,0.4216113698478,0.5112989484880,0.4501700602720,0.2516958852599,0.3052473565761,0.5117740163703,0.3665352115317,0.6192399451720,0.5700981851500,0.0525832453696,0.1552469118830,0.4405518781981,0.0833381459099,0.1519143522454,-0.1409780153536,0.3690066802408,0.3991032402749,0.4288553044090,0.0836676171629,0.3417680037955,0.2223403751362,0.3692245736022,0.0572370927557,0.2554009277631,0.1658159293366,0.1757332421359,0.3376044095196,-0.0081729124634,0.0791377708929,-0.1404408899443,0.2213510829250,0.3127434722192,0.4332702094349,0.2107155026628,0.3737103315862,0.1758154202223,-0.0534692224877,0.1643316980168,0.2089087249793,0.4910755429373,0.1134858183523,0.2954020165589,0.2138605615264,0.3894167657330,0.4065315519809,0.3807514750702,0.5795405443877,0.6111088138894,0.3450278010987,0.0308395841410,0.0852738382734,0.2164140203607,0.5045563689028,0.2548152329041,0.2790601823508,0.3989450664181,0.5229151201773,0.5249608818961,0.2136608558104,0.2118088238089,0.1311445322514,0.2400945120691,0.0741422015920,0.0761963404422,0.4732509843642,0.2332599689096,0.4630029565628,-0.1720517524818,-0.0521914067986,-0.1656518839263,-0.0893784344617,0.2074771756940,0.2931869010747,-0.0745941824029,-0.0642904449808,0.1689396608816,0.0868534086833,0.1485532703705,0.0882182017209,0.2733789981118,0.4058429810074,0.0354008040529,0.2471748907665,0.3058007501765,0.2515087597593
0.0694498966989,-0.0764592514024,0.0447280307237,0.3082018783131,0.2446464023831,0.2546893116834,0.3177626703696,0.4928528687858,0.5232633600669,0.3306231066422,0.7463712689748,1.0000000000000,0.6457050539807,-0.0371248515853,0.1469624879194,0.4299148679568,0.6933838036906,0.5316930098453,0.2861706351421,0.3121300864152,0.6233471128723,0.2702807062533,0.6933297481981,0.6019213916843,0.0444270847425,0.1046629876438,0.4843129101955,0.0793870586166,0.1825582357822,-0.2811013878564,0.4058113855141,0.3526201938263,0.4873878729375,-0.0355435611219,0.2941952136913,0.2404397889508,0.3421384376405,0.0262957341887,0.1769374131369,0.0583600042892,-0.0318778890522,0.2203587592962,0.0016223048950,-0.0076294312207,-0.2625231959980,0.0556670333745,0.1634618794147,0.3045185749707,-0.0732678591032,0.3167248810893,0.0210860367535,0.0060793059992,0.2222808186402,0.0899622753526,0.3125522364885,0.2240813705881,0.3638825477563,0.2337193603351,0.5022616816623,0.4509073307210,0.2370806136891,0.6186885122317,0.8710591700965,0.5297198057909,-0.0462623890441,0.0730458320239,0.2191527143210,0.6493182910922,0.3031308554442,0.2782579209023,0.6065430452586,0.5109359253093,0.5560205228968,0.2677407899213,0.2545627435000,0.1020980265895,0.1530151763320,0.1123278917820,0.1800909357797,0.5244993305894,0.1044566880549,0.5169452357822,-0.4076765202936,-0.1305671820411,-0.3665371357533,-0.1644918730094,0.1783115648307,0.3350940913298,-0.1040852380110,-0.1916483609605,0.0704548481922,-0.0275698320525,0.0634637583937,-0.0678130406721,0.1552866789737,0.2672289880181,-0.1884538096546,0.0466861725161,0.1035748632243,0.2785085155476
-0.0527315010541,-0.0523074083845,0.1530243876677,0.2992573880080,0.0281370993632,0.1918770223921,0.2373072442109,0.3636962885933,0.2451842119226,0.2532171614362,0.4544291629706,0.6457050539807,1.0000000000000,-0.1445328385499,0.2129697483458,0.2881843906364,0.7098824414624,0.4099276939912,0.1190576644280,0.2889058485884,0.4343738720223,0.1336333436067,0.4046963944866,0.3901910852633,0.2274001265110,0.0040745599571,0.4403094891423,0.1035628677096,0.0528536509951,-0.2727469027867,0.3858145805327,0.3262685271575,0.6375154696209,0.0604896962012,0.0906468192817,0.0458774172290,0.3398037174559,0.1685563391245,0.2633576712168,0.0939456721391,-0.0836093183922,0.1865209726888,0.1830416271017,0.2114990875261,-0.1498376777772,-0.0160060959795,0.1797413699977,0.1868880840415,-0.1474234339430,0.2850976579998,-0.1054791839672,0.1095028665780,0.1759586569703,0.2271237833597,0.1517135131195,0.2673676245063,0.4714991133848,0.2295795994719,0.3065203774111,0.2286042640642,0.0771729786669,0.3478847296975,0.6273942785000,0.8358458457356,-0.1944342581355,0.0679888753285,0.1015189327995,0.5559980801205,0.0601974614632,0.1801263835806,0.4223453107193,0.1780367592471,0.3449151356500,0.2519608389387,0.0732810485556,0.0055175624175,0.0823670714048,0.1409786767111,0.0485525563628,0.3832619039386,0.0772194374691,0.5624900485206,-0.3996532084489,-0.0454687830767,-0.2099181580827,-0.0783446535982,0.1397468501483,0.1417110297379,0.0346045825965,0.0111252317325,0.2142864302219,-0.0295796657539,0.2724737565581,-0.2200764181270,0.0034587250396,0.1542614731203,-0.3106745229477,-0.2580339281221,-0.0751785094876,0.1000605068939
0.6312874018791,0.5188047516750,0.1886910818511,0.1542268566014,0.3766769892535,0.0908108302917,-0.0003160363385,0.0751072618367,0.1385372457465,0.3573708581398,0.1170520628538,-0.0371248515853,-0.1445328385499,1.0000000000000,0.3005540283345,0.1837481803030,-0.0959655497560,-0.1176605079521,0.1522497215238,-0.1175735987602,0.1351288052490,0.3082703232073,0.1597880098602,-0.0754401646663,-0.0820287920016,0.1927150401848,-0.0725916030044,0.0768866100073,0.1093037241903,0.5995769173217,-0.1492393778086,0.0801558755906,-0.0867377188404,0.3156289106403,0.0586375255156,0.1391238569515,-0.1796086023261,-0.1106297863400,-0.2861725437992,0.0810734454710,0.4664779434126,0.3573969117192,-0.1797931512124,-0.0654022957308,0.1819203983668,0.3684279496789,0.3029681928134,-0.0762293164654,0.4933215088401,0.1556135880552,0.7242275632284,0.4688288575327,0.0874696561483,0.1624666856582,0.1500012937294,-0.1379998152331,-0.0416243833869,0.1168049029522,0.0185467608672,0.0804683885068,0.2685250165481,0.1146826581505,-0.0618107484070,-0.1945573946743,0.6513684957750,0.0151189530270,0.0821830533773,-0.0726312479685,0.1629947390590,-0.1668583373736,-0.0738540868689,0.3015633198426,-0.0938999895819,-0.0123275776489,-0.0869361117978,0.1322415078757,-0.1135659693732,-0.0246450262494,-0.0426515681617,-0.1109713811955,0.0719332514256,-0.0360419608007,0.3867195290794,-0.1856942307367,0.0392619946055,0.2160610049381,-0.1539832438782,0.0167919558244,-0.2993781498182,-0.0898273667771,-0.2797635575303,0.0146815642932,-0.1874194435785,0.1374983483087,0.2648495070305,-0.0122367554595,0.5682744532495,0.3479334980498,0.1742696276707,-0.1395983197623
0.1321500883561,0.3293749247187,0.3314368234520,0.6244812382197,0.1187432529391,0.4585475613824,0.3131258803075,-0.1169116256622,-0.0974792198422,0.5458560230141,0.2081534061982,0.1469624879194,0.2129697483458,0.3005540283345,1.0000000000000,0.1808953633867,0.1407005210367,-0.0759895160197,0.0419770743310,-0.1695307888194,0.1391621802406,-0.0092702348516,0.2295748943671,0.1463453231627,-0.1619919378381,0.1266485055402,0.1362270423367,0.0440413352018,-0.2650925695175,-0.0206003623635,0.0402133378133,0.3265198409727,0.3390239879259,0.4170446626986,0.0692690042855,0.0647321872773,0.2026315117835,-0.1279993212824,0.2831496699205,0.3257858837842,0.0664498383430,0.5297612753309,0.1674983199127,0.2475259480215,-0.0592847145890,0.1136682827694,0.3604851094610,0.3171871717267,-0.1295223881310,0.7160210831848,0.2157597015108,0.4904946813093,0.4262233189975,0.5562391355681,0.4782600375302,0.2028951033071,-0.1482441416712,-0.0735671160536,-0.1677910354700,-0.1449093806698,0.3899876606112,0.4101870930830,0.0996704883308,0.0519658416499,0.4719206659499,0.6105122619905,0.0409566395971,0.0371518659168,-0.0517071652699,-0.2231728729498,0.0191598507932,0.0183975303571,-0.0392835536284,-0.1560568009575,-0.2251041159741,0.0490259777474,-0.0440350670907,0.0305759142866,-0.2566007705958,0.0191804103038,0.2464441255848,0.3397074340886,0.1384256991725,-0.0635167025900,0.0206510262995,0.0533176323084,0.0563018863675,0.1073373696597,0.1552842260258,-0.0510842383740,0.1456878423261,0.2269915587056,0.3006570510288,-0.1884042104362,0.1472474357693,0.3449199065888,-0.1097200193981,-0.1137242330165,0.3417054719192,0.4535227195349
0.0852295067490,-0.1646640090974,0.0597796144231,0.4732878418230,0.2303458802622,0.1046795171186,0.5589508584565,0.5786690301492,0.6380241078464,0.0435357794916,0.4216113698478,0.4299148679568,0.2881843906364,0.1837481803030,0.1808953633867,1.0000000000000,0.6422174951624,0.6405103076847,0.4229497789899,0.6767610025010,0.5092023174331,0.1201161916644,0.3487405988791,0.6810043297635,0.0441766369070,0.2854455127580,0.4089107954915,0.0312649166491,0.1571109263670,-0.0474563008680,0.8124162427237,0.4489442838619,0.4579275326011,0.0427190296343,0.6032168836264,0.5055388370631,0.2819903503302,0.4536235166830,0.4213416532318,0.0399246029669,-0.0923853316168,0.0411461840098,0.3814203429377,0.2014146038682,-0.0417483052486,0.0244792503046,0.1599171143632,0.3781857797303,0.1475696086534,0.1799125885296,0.1029002334940,-0.0549850268827,0.2905419100333,0.0156063418022,0.2175138782985,0.2372122022863,0.3059678462703,0.1880834711566,0.5651384390695,0.5602456810227,-0.0411175028156,0.2469678738782,0.2604171737174,0.0295483991118,0.0943048855743,0.2892324087696,0.6415662178921,0.5841163307121,0.5026955708750,0.5349920859632,0.3846028492292,0.1800990637584,0.6745045163296,0.2002908784487,0.3440678707400,0.2162181316266,0.1812260287531,-0.0184308568931,0.0974122041669,0.7736143612207,0.2244544833956,0.3010981557480,-0.1472257847321,0.2406395339328,-0.0982464551336,-0.0768690029683,0.2052437335340,0.6474826208204,0.1197344457127,0.1345111917700,0.2414792152752,-0.0811567324693,0.1850567512757,0.0486892899249,-0.0522299458261,0.2750626429160,-0.0380911886368,0.0391287134233,0.0141616004826,0.1827425874858
-0.0666760686140,-0.1444208042771,0.0117269971725,0.3881851235116,0.1174578551073,0.2004330468696,0.4508407529728,0.6529984592731,0.6297996864806,0.1932291790962,0.5112989484880,0.6933838036906,0.7098824414624,-0.0959655497560,0.1407005210367,0.6422174951624,1.0000000000000,0.6950034675713,0.4004030902194,0.5841783691981,0.6562300492944,0.0124021332655,0.3636299944082,0.7422638213679,0.0796501591493,0.0849047805848,0.4575367628213,0.1106706176484,0.0790384647232,-0.3058125519016,0.6726798204029,0.3541730265200,0.6383786865272,-0.0983246422488,0.3300301729683,0.3390850920361,0.3336220898596,0.2857088539658,0.3125004937886,0.0166299116772,-0.1607571609308,0.0758332791825,0.1856888309472,0.1363941531000,-0.2080886983183,-0.1139934085770,0.0754715421256,0.3005458803774,-0.0282252130512,0.1921113943207,-0.1006919104685,-0.0406024355883,0.2751449058413,0.0215200564158,0.2662853010685,0.3540718874939,0.5078557791041,0.3639476726998,0.5965439539809,0.5916381562885,0.0872859102044,0.3490870799954,0.5595403034095,0.4534606767519,-0.0307616306578,0.1794796554410,0.4458049044434,0.8291962904132,0.4296006578035,0.5184827584650,0.6191668051935,0.1383465898317,0.6966380471932,0.3147131523686,0.3369760296641,0.0625142772312,0.1073962067891,0.1074573295970,0.0946259294178,0.7329456452646,0.0343356901854,0.5023488232174,-0.3552124983972,0.0578048871021,-0.2770282575224,-0.2015958051429,0.1860673929176,0.4218003104717,0.0300458935775,0.0467684391837,0.1994584194857,-0.0834634870739,0.2233570699251,-0.1456502841720,-0.0596691543509,0.2428325975350,-0.2119969284004,-0.0877416220630,-0.0027890294181,0.2425548413186
-0.0374766547946,-0.2979477820766,-0.1092435601121,0.1314993310666,0.1147057903479,-0.0213219930704,0.2432362250297,0.6702124681011,0.5789598564018,-0.0898728348234,0.4501700602720,0.5316930098453,0.4099276939912,-0.1176605079521,-0.0759895160197,0.6405103076847,0.6950034675713,1.0000000000000,0.2670781439133,0.5939378712511,0.4034875617773,0.0214726519148,0.3126840117839,0.6163133600785,0.1011635781546,0.0688110342851,0.3300157546992,0.0226444122983,0.1777515001778,-0.2479207871591,0.6711804630835,0.2100334930978,0.4207082847505,-0.1541883294826,0.2660081365228,0.1822090388514,0.3025162921130,0.4133650536142,0.3355674834770,0.0011390185509,-0.1529088416971,-0.0335535590799,0.0881521364900,0.1005190837848,-0.1273233678817,-0.0833461514614,0.0165132163307,0.3414701582740,0.0536384958277,0.0252106144149,-0.0704576585817,-0.2106139734047,0.1214962604003,-0.0800602397240,0.0620264461060,0.2611593456947,0.4744863008477,0.3125266970624,0.6669301835983,0.5435610705768,-0.1320980722777,0.1970466232122,0.3648595791095,0.2267899840142,-0.1267062995990,-0.0137051798565,0.3425317683651,0.7161370492086,0.3379662102277,0.5471197965532,0.4485024680323,0.1397683533815,0.6758192269878,0.1651969183747,0.2929947008651,0.0440670541799,0.1494247354092,-0.0450784801950,0.1220876045519,0.7593057413529,0.0485519468037,0.3446067029727,-0.3264103844957,-0.0359494461763,-0.1970360127951,-0.1667363135590,0.2083495561088,0.4341349848103,0.0370848116942,0.0829093283429,0.2953309436716,-0.0381884348979,0.1737184233743,0.0473614612876,-0.0691283287153,0.1579941606546,-0.1373749848968,-0.0138055567548,0.0117935070446,0.1440778963814
0.1864315208192,-0.1349921172112,0.0118378026523,0.3611735032521,0.3051981922462,0.1324174210623,0.4059871631949,0.5641047701064,0.6396248761703,0.0867997551810,0.2516958852599,0.2861706351421,0.1190576644280,0.1522497215238,0.0419770743310,0.4229497789899,0.4004030902194,0.2670781439133,1.0000000000000,0.4849407392565,0.3689410398113,0.1522150374131,0.1063496598503,0.4054607336473,0.1493499055213,0.0372167217331,0.2724866675299,-0.0180576699658,-0.0199135766511,-0.2073254993416,0.2251879393372,0.0224943318986,0.1814671776901,-0.0229335390599,0.1234252335207,0.7179098006687,-0.1433642887995,0.0751604500795,0.0198964963081,-0.0462742960328,0.0532177448943,0.0571285571421,0.1991100023406,0.1275325923467,0.0451042990298,0.0962773300025,-0.0449973441300,0.0820266270416,0.1833965248673,-0.0197785615190,0.2554781912502,-0.1328919720196,0.2026644986301,-0.0311099495180,0.2177038489229,0.2896339553357,0.4126347482718,0.6403173145825,0.4392752847932,0.6882820328819,0.0071566444334,0.0599109010949,0.1478583379000,-0.0300928027587,0.1216505984909,0.0886518279244,0.7178308014788,0.4441349589473,0.8959592903302,0.6487979364715,0.2724608479452,0.0565965636484,0.4699113982454,0.6113210921726,0.3259903191740,-0.1276478716182,0.0282476829923,-0.1497564329064,-0.1928882039662,0.2383009056650,-0.1355891859169,0.1254269633848,-0.2504509907404,0.2234086110073,-0.0456922602193,-0.1613028734325,-0.0995888679165,0.3780972940168,-0.1114566655889,0.1660713028907,0.0242664619679,-0.1542114011533,0.1063480406739,0.0074019536311,-0.0964545366618,0.1250263823937,0.0152766148837,0.1941481994426,0.0374758499074,0.0324329377591
-0.1168421984635,-0.4357557328657,-0.0663078686417,0.2313494838112,0.1023775678995,-0.0092696285705,0.3965911389768,0.6176870491928,0.6207309300760,-0.2703833330018,0.3052473565761,0.3121300864152,0.2889058485884,-0.1175735987602,-0.1695307888194,0.6767610025010,0.5841783691981,0.5939378712511,0.4849407392565,1.0000000000000,0.4199454489901,-0.0026875347036,0.2156591924548,0.6155236738095,0.3708016108499,0.2778406127017,0.5218298986557,0.0532552368824,0.1195282732988,-0.2058450373604,0.7314600771492,0.3682858659948,0.4261699807429,-0.1236760113075,0.4478128576590,0.4912981590780,0.2002834346200,0.6255446738972,0.3063047971409,-0.0550414124800,-0.1814094547172,-0.1475693060929,0.4083998078433,0.3594776739277,0.1087592908927,-0.0862835848859,-0.0119148988955,0.2453543528410,0.1151016200797,-0.0774428314280,-0.0722819466320,-0.3548297768072,0.1059082202009,-0.1249679130802,0.0120287355744,0.2831147582230,0.5427077383284,0.2573438555103,0.5049436425218,0.6220574348816,-0.3263921390752,0.0204079443259,0.1989893819202,0.0741147072088,-0.2215935120541,0.0475532671254,0.5780753436500,0.5080425883292,0.4876438200644,0.8236100381494,0.3827314667758,0.0202054721302,0.7014046206844,0.5337055902309,0.4544903016187,0.1364603536627,0.2910717445392,-0.0392567352061,0.0420129606843,0.6381834139985,-0.0182499880182,0.2075252598139,-0.3666003312040,0.3404740707059,-0.0396407767537,-0.2887558601872,0.1698353169906,0.4156249875951,0.0696363075119,0.3181968234503,0.1716850727935,-0.2067965822462,0.2099671201468,-0.0197966057744,-0.2470391023487,0.1381410563452,-0.1229760116132,-0.0539241034125,-0.2018253428939,0.0517564157921
0.0379871895697,-0.0138336500414,-0.0304760862232,0.3358969310963,0.2553506706789,0.1962630763113,0.3777719908130,0.3877908167346,0.4908648953678,0.3225475725851,0.5117740163703,0.6233471128723,0.4343738720223,0.1351288052490,0.1391621802406,0.5092023174331,0.6562300492944,0.4034875617773,0.3689410398113,0.4199454489901,1.0000000000000,0.3208950638947,0.4926510880044,0.7026468453342,0.0255900869271,0.2040476336832,0.4775495400813,-0.0179938127030,0.1498317656831,-0.1659878387604,0.5482223156081,0.3977667110426,0.5538873877450,-0.1762112539235,0.4078312021212,0.4555878067631,0.3107186067359,0.0319472504235,0.0393589151555,-0.1999195660362,-0.0931313548101,0.0848720534420,0.0493902781207,-0.0891933525950,-0.2055384161839,0.1160268862996,0.1392978369629,0.0700958092669,0.0757435024275,0.2717635509875,0.0631339333151,-0.0219022893483,0.2168165312429,-0.0443543977115,0.2876309812275,0.1268693595355,0.3827584995764,0.1635087932731,0.4087674265530,0.4409431017474,0.2344944232895,0.2661034876753,0.5370114681303,0.2572789133180,0.1552790033464,0.1750533523131,0.3420291249091,0.5582667385858,0.3947598941728,0.4238572715095,0.7405017425206,0.4969028058334,0.6465064321115,0.4455949669945,0.5943130901092,0.2448077842379,0.1184578134828,0.0397005169250,0.1418571914907,0.5676461007676,0.1482520936120,0.4848107033062,-0.3406609267491,0.0005578379518,-0.3185499936846,-0.1542860653661,0.1587552367805,0.3321519494296,-0.1089704643101,-0.2286226504167,-0.0859460475897,-0.2944888963656,-0.0476590499012,-0.0063434489682,0.3249391474604,0.1187775858239,-0.1109914808266,0.1366914981965,-0.0327056318044,0.2822653367770
0.1850152465466,0.0931607869783,0.0380664210905,-0.0104370545216,0.3552194785727,0.0565452417472,-0.0310928797444,0.1650254782010,0.1737666026499,0.3942096352952,0.3665352115317,0.2702807062533,0.1336333436067,0.3082703232073,-0.0092702348516,0.1201161916644,0.0124021332655,0.0214726519148,0.1522150374131,-0.0026875347036,0.3208950638947,1.0000000000000,0.4756084015757,0.0330469367726,0.1005783145432,0.1149664465174,0.2025618082067,0.0530403489014,0.3672592051206,0.2090536467639,0.0152180941438,0.1073674072100,0.1031479738675,0.2142458490271,0.1650923267741,0.1204056590196,-0.0557685175363,-0.0814788939725,-0.1776811055258,0.0949626910460,0.4873851036190,0.2391627947087,-0.1408162505355,-0.0428565505724,0.1022548586370,0.5812877673420,0.2963375004420,-0.1134060398695,0.4635696451466,0.0380374259698,0.3445398303851,0.0446823701221,-0.2043318527998,0.0662693294707,0.0694337841441,-0.2084782853142,0.1676611312573,0.1930402369286,0.1462302940602,0.1192100796497,0.3158407543761,0.0610404363153,0.2670120730873,0.1020498603387,0.0434402157284,-0.2087998779412,0.0082029309329,0.0296567174827,0.1606325934648,0.0497278370730,0.1277119454440,0.7283325698618,0.0927112876010,0.2634854173218,0.1307524838958,0.0596762639295,0.0641737050234,0.0123541741204,0.1612607429946,0.0337995824439,0.0615409764689,0.1139279815613,-0.0717261130871,-0.1694314915569,-0.1055421296662,0.1109472490375,-0.1208647198106,-0.0483001472496,-0.2540171032822,-0.0735764824333,-0.1231944540221,-0.0535984064875,-0.1194575407055,0.2754536994981,0.3826956369617,-0.1046572313422,0.2488495250350,0.4730615464165,0.0251109334801,-0.1273540035780
0.0716738515041,-0.1271248240186,0.0604722439367,0.2741468507032,0.1582554115164,0.2103809527117,0.2002659977373,0.2283683777410,0.2925150563241,0.4335535823950,0.6192399451720,0.6933297481981,0.4046963944866,0.1597880098602,0.2295748943671,0.3487405988791,0.3636299944082,0.3126840117839,0.1063496598503,0.2156591924548,0.4926510880044,0.4756084015757,1.0000000000000,0.4292575980475,0.2003691695468,0.3498979749376,0.6392764755909,0.1561803198174,0.1616645568865,-0.0121281623626,0.2962581258845,0.5247328501425,0.4252658316095,0.3204165025477,0.4026601799300,0.1321105571632,0.4012623094702,0.0747383572638,0.0590142903219,0.3302823922666,0.2111085717562,0.4515150672942,0.0437176770962,0.2109528029548,-0.0389378776155,0.4827678654480,0.5333469094397,0.1318959812469,-0.0412142167530,0.4353909207098,0.1345147577964,0.0571787529695,0.1156571505751,0.2372886848635,0.2882503817870,0.1000328628201,0.2396749202844,0.0063291171143,0.1942679072801,0.1939490504997,0.3044582856694,0.5457864541787,0.6343536482403,0.2573159849539,-0.0246298158404,0.0039324989196,0.0814627291722,0.2890817030873,0.1210665494606,0.0870280307732,0.3532730533382,0.7384867394731,0.3659198899243,0.2503951752992,0.1275487190927,0.2704976580441,0.3883492722323,0.0850880262138,0.0738134109838,0.3293886526952,0.2575948364158,0.4242318164063,-0.1869957815324,-0.1548624546437,-0.2145721652499,0.0351391373410,0.2503363225746,0.1192780540146,-0.1181665979397,-0.1500658761129,-0.0866349186985,0.1735837421191,0.1498510855494,0.1346216679188,0.3619667075952,0.0677905540148,-0.1398241606202,0.1523264687131,0.2405649505204,0.2109351551706
-0.0760395016208,-0.2033051055009,0.0012909891364,0.4695250713591,0.2005453555237,0.3144890578112,0.6040065772137,0.5230512107541,0.6325772218987,0.1819594682597,0.5700981851500,0.6019213916843,0.3901910852633,-0.0754401646663,0.1463453231627,0.6810043297635,0.7422638213679,0.6163133600785,0.4054607336473,0.6155236738095,0.7026468453342,0.0330469367726,0.4292575980475,1.0000000000000,-0.0311912652160,0.1970017655287,0.5072823044443,-0.0667120418996,0.0691037209380,-0.3279867803524,0.7297035993747,0.4493548166259,0.4966403957458,-0.1968571992498,0.5094768823710,0.5079069977098,0.4595183399948,0.2230680196736,0.3383045555739,-0.0957694072648,-0.2025966685528,0.0136969669907,0.1217752643487,0.0610552218589,-0.2901490524332,-0.0606152192297,0.0320021884161,0.3554547139116,-0.0011464530520,0.2810006133402,-0.0481402960250,-0.1346707579038,0.3466503790177,0.0409507990781,0.4408489072401,0.2765009582746,0.4048180090734,0.2037334246209,0.5101765126612,0.5514972496971,0.1450777677575,0.3474189711588,0.4350202432244,0.1996276162765,0.0655568270020,0.3249307587842,0.4780047976466,0.6900123907482,0.4363567536936,0.5919669512495,0.5884058089257,0.2535215017530,0.8829682375914,0.3365889939682,0.4940076405797,0.2369847710391,0.2293080307695,-0.0187325810860,0.1023887733384,0.7947166217401,0.1878242342267,0.4525482987841,-0.3362245974453,0.1057131780770,-0.2591891985629,-0.3051223036987,0.3221732128769,0.5241144389472,0.0403367832672,-0.0126086728656,0.1716575290153,-0.1628340869471,0.1528277878809,-0.1104255666841,0.0718848942985,0.3674091153922,-0.1393596808538,0.0553092357676,0.0489473655198,0.4290196611160
