1.0000000000000,0.7028446351541,0.6871584699155,0.6876370331954,0.6339399922887,0.5717825142702,0.3545998980276,0.2788376855033,0.2818497093006,0.2876680037187,0.2914256807258,0.3006494766749,0.2141382294231,0.8223528154582,0.5753019252385,0.3313110928063,0.1510051507874,0.3107568946676,-0.0361193428024,0.1716306874901,0.1862108010678,-0.0792083896903,-0.0453439823651,-0.0203681156419,0.2941175146422,0.1269332312438,-0.0208236100475,0.1306159191803,-0.2472873387396,0.1853638682862,0.1356581924661,0.0626581898569,0.0959435425395,-0.2008252754598,0.0940166286767,0.2464185074180,0.1292993450863,0.1670311250618,0.1569864088983,-0.2445686501462,0.0071005217764,0.4617555017406,0.0278310012203,0.2683586874054,0.2944345356426,-0.2059292507267,-0.0027350953520,0.4058322762031,0.5503713621508,0.3942287905857,0.7863454992384,0.6136644386980,-0.1747779265986,0.5776925198959,0.4796755081813,0.0121271149627,0.3155814742354,0.2806132579058,0.0104425312278,0.0793027180837,0.0623590307631,0.1416000798179,0.1329219589506,0.2535713479625,0.1359538761471,-0.4591638038627,-0.2088001869584,0.2360941368057,-0.3427517928186,0.2064418565531,-0.0451570514617,-0.0454424894565,-0.0239090425967,0.2737963401024,-0.2889607881643,0.2965451874727,-0.0932692510129,0.1954993519926,-0.2214160603263,-0.2074935692638,0.2370040548686,0.1036978833824,0.1401916725409,-0.5666081901097,0.2227604701644,0.1930483951598,0.0987316873158,-0.1439158219917,-0.5103158409473,0.0008031463803,0.0670551126863,-0.4032325691638,0.2741054239183,-0.0985512791419,0.1760162726330,0.2735452908612,0.1734787557444,0.1493940017812,0.1564418301746,-0.1233982888653
0.7028446351541,1.0000000000000,0.7597035974012,0.5760417552228,0.2400272221785,0.4181811053311,0.3782281887096,0.2860392299727,0.3133758315118,0.2876357839546,0.1669881557661,0.2677300649482,0.2031915922756,0.6388579458927,0.4746056001573,0.1130756237260,-0.0548290139780,0.0602931229355,-0.2826527020154,0.0988801262243,0.0332447054819,-0.0057510221607,-0.0315691900252,-0.1051883654884,0.3454625438095,0.1408689864566,0.0217036573668,0.1817001841868,-0.2810727112743,0.2974676905909,-0.1173177315263,-0.0040111397227,0.0487563854272,-0.3576409243348,0.0438204577075,0.0935486816251,0.1034789627457,0.1987668121337,0.1213849509306,-0.3664244067312,-0.1861575636867,0.2459003095902,-0.1403561320471,0.3752671589119,0.3863045324060,-0.2312686234253,-0.0502700963876,0.1793889935979,0.1898332618746,0.2722480946888,0.5343428198851,0.8030050179388,-0.2064012314581,0.5854109787444,0.3323809823945,-0.1887891692600,0.4288413187158,0.3435817331180,0.0331428041238,0.0758264038562,0.2160931746399,0.1347534442563,0.3513946796011,0.4121821147254,0.2959016915317,-0.4635986841376,-0.3138481812063,0.2502375652717,-0.4690502023343,0.1519818827601,0.1308289068433,0.1598481150792,0.0051998124384,0.4371737945919,-0.1780486140438,0.4405723213189,0.0754993247538,0.3283850231396,-0.1849885115904,-0.3147421422609,0.3773049029449,0.2398410990491,0.2926358305342,-0.6868398672383,0.3402754577423,0.3115029965825,0.1720493539488,-0.2151631634042,-0.4242289536055,0.0696784661023,-0.0110695494980,-0.4513609752980,0.4320665701393,0.0222629008423,0.3638206756518,0.2375260734767,0.1042747965210,0.2119699229742,0.2735579199461,0.0498003618923
0.6871584699155,0.7597035974012,1.0000000000000,0.6703267698524,0.4780871224089,0.6988491759136,0.7219532938780,0.4432855889046,0.5055794430108,0.4519972529725,0.3062937846867,0.3829475231531,0.3054994647807,0.4933160371515,0.4231471596491,0.2516390964239,0.1319539825148,0.1505948172395,-0.0820956391287,0.1618734719073,0.1425285423808,-0.0656705725728,-0.0875694076795,-0.0180098552038,0.3264239567582,0.0724265490584,-0.0324959961751,0.0635803380239,-0.3955980692107,0.0791640375663,-0.0421397341047,0.0037546076240,0.0457551962101,-0.3564872921158,0.0954239196521,0.2398291899840,0.0466413828402,0.1390807709888,0.1325784150120,-0.3811233510483,-0.2230928990227,0.3045263778190,-0.1472056604501,0.2385515039038,0.2862640988228,-0.2543279385705,-0.0649839824738,0.3892915377838,0.2270156600854,0.3073432679766,0.6806183359359,0.7575095522443,-0.0383723390959,0.9013269231905,0.6791495190655,0.2245938705043,0.5413437464824,0.4766286750467,0.2213769369597,0.2796431299512,0.4110332611330,0.2117187575579,0.4115898589579,0.5135312331614,0.2564555531862,-0.3738798293479,-0.0332500019502,0.3483165554577,-0.2094408878355,0.2938370806751,0.1750562065453,0.1132524320314,0.0871299599722,0.4631319117287,-0.1552592259595,0.3454668296439,0.0023294691382,0.2721506405542,-0.2712322063558,-0.1477037775551,0.3799680326954,0.3067396815593,0.1962860256376,-0.5657578164636,0.2722893369388,0.2410398521642,0.0265414560745,0.0670648708090,-0.3625851781587,0.0186256045759,0.0012186025590,-0.4258583098924,0.2803458738042,0.0438244022153,0.3427188375232,0.4805731604259,0.1170956031049,0.2411522421226,0.3181267682272,0.0709560394652
0.6876370331954,0.5760417552228,0.6703267698524,1.0000000000000,0.4852123097798,0.6113813664659,0.6212721785826,0.3758183604950,0.4073542545656,0.5516636477546,0.3940523051132,0.5763189714548,0.4205396128146,0.6859545164567,0.7711341617351,0.6521639533995,0.4554055231404,0.5085236370885,0.2830105803789,0.3704475764374,0.5213356838710,0.0488558252072,0.1572847084515,0.2766813588011,0.4579990785065,0.2407125039552,0.1484386433590,0.1098158137287,-0.2474976071489,0.1525342634426,0.4734577699322,0.1185804541953,0.3403253354944,-0.0081594910392,0.2901949652543,0.3660149455654,0.2808733152220,0.3769299567031,0.3660312913976,-0.1187225916509,0.1103744438282,0.6229871889103,0.3882369188119,0.4250168507496,0.4585004391630,-0.0161068588592,0.0593879703922,0.5073059972317,0.4413725011503,0.6605196187854,0.5199515612064,0.4404862294212,-0.2915887517665,0.5284927498330,0.4554733851610,0.2940601493371,0.3905257342257,0.3378338028856,0.1488667383236,0.2065510565507,-0.0166642069236,0.0712315316060,0.1062837777197,0.2612917431133,-0.0796591785726,-0.5767551013132,-0.0354295673331,0.1755008465181,-0.1573527763492,0.2207194738075,-0.1164732778893,-0.1704141227658,0.0528885844694,0.3199723860346,-0.4319330988305,0.3552563809742,-0.1088409773946,-0.0335415075555,-0.3300468476217,-0.1324979767870,0.1711170324429,0.0452041973936,-0.1502170203632,-0.5888413558408,0.3628340563213,-0.0176390431940,0.1440631866785,0.0738529837042,-0.5576474477700,0.1249370859822,0.2726432908517,-0.5517097533571,0.3553567894107,-0.3381404867620,0.0495355846829,0.2866261764043,-0.1113485071459,-0.0921009851487,-0.0500042859123,-0.2781935943717
0.6339399922887,0.2400272221785,0.4780871224089,0.4852123097798,1.0000000000000,0.6990130819899,0.4553640561730,0.3482411043789,0.4071957392731,0.3269600484819,0.2461660699465,0.2028017657843,0.2099726164805,0.4661484300619,0.3278967234336,0.3417240890926,0.2844525764562,0.3134713403740,0.1627862555341,0.2180975457693,0.2126873260607,0.0582663247013,-0.1714560847267,0.1142390598552,0.1952091707647,-0.0452305847275,-0.1099899024295,0.1083996795263,0.0091046278428,0.0724807495569,0.2367257530826,-0.0626400157693,0.0631046727324,-0.0707577748568,0.1403440159978,0.3627105964300,0.0451197380340,0.1120480116252,0.0806799350263,-0.1079461013148,0.0679248944773,0.3809680726121,0.0320971486728,0.0404885300591,0.1314926782486,-0.1971803806734,-0.0591424589161,0.5016006560720,0.7106073803032,0.1216459955557,0.7743256436114,0.2798465774598,-0.0310500266743,0.5565422801357,0.6934981395886,0.3413222534900,0.2881732051281,0.3068920460381,0.2045788600423,0.3044052958441,0.0636612869753,0.1692656735093,0.0344725199851,0.1706214676235,0.0109763191054,-0.3083149372828,0.1236416245057,0.1402918610406,0.1095550898395,0.2522687508668,-0.0722237860296,-0.2562723662704,0.0864011083535,0.1569673096453,-0.2070989126540,0.0649170359313,-0.2889522413297,0.1526459554162,-0.1074907244110,-0.0127175785334,-0.1015979474769,-0.0295962164899,-0.0901447027673,-0.2621414379399,0.0854132776425,-0.0048203106320,-0.0512730523751,0.1940184179972,-0.4199469620156,-0.0385390132870,0.1552159796747,-0.2929739278348,0.0089296295327,-0.0834840894124,-0.1148442479866,0.4206441876072,0.2109325175981,0.1411772796495,-0.1191384864666,-0.2689250366662
0.5717825142702,0.4181811053311,0.6988491759136,0.6113813664659,0.6990130819899,1.0000000000000,0.7463631426397,0.4292408899578,0.5376235485498,0.5479724525595,0.3811130020611,0.3935873502382,0.2958277946600,0.4586865591442,0.5245343975642,0.3389306804159,0.3492596392294,0.3702623024703,0.2239558019869,0.2537656959828,0.2821088509865,-0.0132166687372,-0.1304787249412,0.2572918166190,0.3453385772531,0.0450782231336,-0.0111208832258,0.0313759000145,-0.2365554593001,0.1130954799318,0.2016029759421,-0.0114181766486,0.1111131750609,-0.0854382071426,0.2196200784702,0.3346835738204,0.2777361878316,0.2027578053013,0.2649100967135,-0.0833807887374,0.0607700590550,0.5210195279060,0.0802123105550,0.2193809834383,0.2365562791412,-0.1374662891941,0.0440094925602,0.7557810268592,0.4724288735467,0.3861789953779,0.6015501043519,0.3446395564612,-0.2149901078052,0.7711967678015,0.8443659254712,0.2996397871582,0.3830860633631,0.4215079392846,0.2126881723495,0.4245088706247,0.1596312000828,0.2335707789522,0.0600998471857,0.2642454754953,-0.0446280053075,-0.4490545725546,-0.0755166604718,0.1686292501039,-0.0138696841486,0.3021621798186,-0.1134655683910,-0.2345602983953,0.1767102200366,0.3141756952845,-0.3403702600741,0.1746730770312,-0.2004698811213,0.0014070267214,-0.2918676783448,-0.1573524079120,0.1143179094388,0.0453716017139,-0.0173743609142,-0.4880356770015,0.1780771208254,0.0218078939042,0.1201437526933,0.1408791366264,-0.5135561388098,0.0148048913230,0.2105974001979,-0.3785284473171,0.1545824288529,-0.1715799873136,0.0486311555247,0.6496831353778,0.0111314463322,0.1261672648010,0.0399488870894,-0.2448202676366
0.3545998980276,0.3782281887096,0.7219532938780,0.6212721785826,0.4553640561730,0.7463631426397,1.0000000000000,0.4380874181192,0.5827694904773,0.5113823830164,0.2461832832778,0.4294306535780,0.2983003153794,0.2103414548063,0.4445446374430,0.4101573570325,0.3254101785197,0.2710466072395,0.2168277868383,0.1604443754846,0.2859204283629,-0.1046765263959,-0.0869692389383,0.2644291088884,0.2731135300906,0.0581252237860,-0.0060746010928,-0.0198982450886,-0.3532989848275,-0.0462191298903,0.1834918832195,-0.0630747741852,0.0719219573305,-0.1487614712152,0.4223406385662,0.4501085802737,0.1747589858754,0.1884917968953,0.3529413855081,-0.1457178751128,-0.1715614960802,0.3036563959898,0.1505220257301,0.1713724794311,0.2218523519402,-0.1279214824517,-0.0523013788425,0.5867958163101,0.1690174385884,0.3463188296921,0.4166543279513,0.3918825491150,-0.0877495581929,0.7218489358511,0.7199469188724,0.5049286018393,0.4667833560376,0.4445000266345,0.3498071468462,0.4352222324731,0.2505102428750,0.0637346506974,0.2410672137998,0.3719040826421,-0.0445575519279,-0.3075171355604,0.1805203973412,0.1786483604870,0.1157469782948,0.2410909008163,0.0717675616146,-0.1609231854221,0.2369052542891,0.3099448708781,-0.1462798547517,0.2151607110054,-0.1195467481124,0.0170508255842,-0.3429840965283,-0.0541662575011,0.1448213798010,0.1109774805400,-0.0736505468337,-0.3404894147878,0.2002905307040,0.0055352950442,0.0841241916194,0.4591740197480,-0.2463132673165,0.0074065631222,0.2296924725115,-0.3705760370722,0.1348919478286,-0.1108754465548,0.0796595612539,0.6004281685057,-0.1153957774815,-0.0020078363595,0.0544514508849,-0.0500019681557
0.2788376855033,0.2860392299727,0.4432855889046,0.3758183604950,0.3482411043789,0.4292408899578,0.4380874181192,1.0000000000000,0.7717866856921,0.4429105884642,0.5080001407611,0.4836457600771,0.7441036580905,0.1634765523000,0.2366064198024,0.3507672641141,0.5829283534665,0.5347222509879,0.1351835753029,0.6327775422933,0.4875644847207,0.1614971570790,0.0946172415733,0.3729851432696,0.6009594435273,0.3000291560790,0.2105810492384,0.1529890553244,-0.2882893644680,-0.0195259009024,0.2810424561466,0.3731024951913,0.4583330350427,-0.0218747392725,0.0648747825283,0.1426814405939,0.2437902374402,0.4276504712726,0.1904902519822,-0.0234856603248,0.0780372859118,0.3658668536419,0.0174974493572,0.3980801085664,0.5521436203248,0.0422378924404,0.3310202697899,0.3685846212608,0.0899258446229,0.2631008505279,0.3413622335432,0.1979666675935,-0.1912209270794,0.3692607535554,0.4822066811523,0.1537704017076,0.7465472639195,0.7688431484036,0.6239380635468,0.6549276121575,0.1832550967602,0.4213835911194,0.3016228945252,0.6409760423426,-0.0712900819612,-0.3208417495447,0.0612796576026,0.5894684726067,0.0760992731047,0.6944815708021,0.2465840036245,0.0304966819429,0.4092168482657,0.6151506167901,-0.1363129139729,0.4144649557937,0.2568081859877,0.2507780889725,-0.4186055174546,0.2064082802731,0.3330999458262,0.4828809475181,-0.0941547888674,-0.3633934417747,0.4587648911273,0.3155108636060,0.1583619854423,0.0802752790419,-0.3337276906004,0.3883937966706,0.1952625085262,-0.0438554723183,0.4128701928930,0.1828417126095,0.3154394111947,0.3516827637589,-0.1965732182111,0.2631931814949,-0.0062319144792,-0.1338611801131
0.2818497093006,0.3133758315118,0.5055794430108,0.4073542545656,0.4071957392731,0.5376235485498,0.5827694904773,0.7717866856921,1.0000000000000,0.6141654685030,0.3944415477671,0.5372123125003,0.4899264964064,0.1725511827623,0.2704336149017,0.3113164493108,0.4281575937313,0.3666606598787,0.2694082052044,0.5617335748975,0.2916277392636,0.1512592565651,0.1035650145716,0.4493592577281,0.6573335335936,0.3161061610030,0.2852373545688,0.1989369780818,-0.2087834002479,0.0238614142343,0.1410502497170,0.1774924336349,0.2781119325726,0.0489739979735,0.1900614025441,0.4592302258669,0.4232189260931,0.3855495063628,0.2180004263594,0.0122244013194,0.0565382426149,0.3405473084570,0.1196056174936,0.3599300111709,0.4261997643351,0.0149546037046,0.2190471912342,0.3985716735998,0.1832798811415,0.2022913923199,0.4111152764670,0.3078265688572,-0.2401125603471,0.5017454644797,0.5748038120663,0.2395175249077,0.6461243353539,0.7044103955757,0.5813054266358,0.8779951917586,0.2257986672061,0.3452037382937,0.2684099367157,0.4518792217483,-0.2102875912091,-0.4028896276709,0.1077817149413,0.3454268202237,0.2321429624472,0.6227167789563,0.1641356853404,-0.0798662499736,0.5612100749311,0.6678042683542,-0.1795030271661,0.3242329685246,0.2048277876838,0.1269329013435,-0.4097175017105,-0.0149704838775,0.1446517213187,0.2089481092364,-0.2354601319004,-0.3482747316014,0.3048918130398,0.1536355683857,0.3175825193845,0.2837898240510,-0.3807914784926,0.2281072600782,0.2623592501871,-0.1970258806994,0.3063187232324,0.0460938043250,0.1861588009685,0.4309706884944,-0.2404172394735,0.1365535444799,-0.0743722059000,-0.2259078622389
0.2876680037187,0.2876357839546,0.4519972529725,0.5516636477546,0.3269600484819,0.5479724525595,0.5113823830164,0.4429105884642,0.6141654685030,1.0000000000000,0.4030364507749,0.7731514669731,0.5097996199971,0.2820380394318,0.5307579460707,0.3027023718914,0.4935719752865,0.3314846872050,0.2004352782912,0.3820613336239,0.3363464459466,0.4053232188682,0.2896676485064,0.3329761374800,0.5866493897499,0.3162976211953,0.3715177597777,0.1776386535636,-0.1216779671929,0.1100755960869,0.2872812390829,0.1479023871793,0.4190973289397,0.2710205281903,0.1619595178266,0.2650026377146,0.4685055396753,0.3936205896609,0.2789647932281,0.1957088763537,0.3595250823956,0.6545045382361,0.3389121365946,0.4201748392576,0.4208089733513,0.2240482626939,0.3023818106970,0.3827127814477,0.1890940056292,0.4773868892790,0.3363108452346,0.2781878032338,-0.3773745779945,0.4312252934638,0.4370983061485,0.1966727665116,0.4856599274224,0.4298835027617,0.3114246879630,0.5521173237238,0.2739198702789,0.2675475420371,0.3013952600451,0.2989977871530,-0.2764053952890,-0.5064519259232,-0.0415229119282,0.0838169874501,-0.0361394586601,0.1930534805435,-0.0903983959582,-0.0933341884556,0.1980030459995,0.4380052034300,-0.4155203608492,0.2356412436172,0.0801181130657,-0.1110837698297,-0.3842644442112,-0.1660354976071,0.0856986774427,0.0363135035379,-0.3327621103243,-0.3903690004278,0.2509938951569,0.0005724157123,0.3044368919422,0.1439989978807,-0.4934552350361,0.0987854319796,0.3437846734027,-0.1981878981871,0.2933058785271,-0.0572847380592,0.1738863863401,0.2770178645032,-0.3941445801458,0.0940761157588,-0.0538645444946,-0.3783949058570
0.2914256807258,0.1669881557661,0.3062937846867,0.3940523051132,0.2461660699465,0.3811130020611,0.2461832832778,0.5080001407611,0.3944415477671,0.4030364507749,1.0000000000000,0.5421718910255,0.5374133107176,0.2598653421807,0.3351365510571,0.1498882879380,0.5080997448244,0.4368288443730,0.1316211554239,0.4400553170037,0.4859847563084,0.1917434634075,0.3946522123306,0.4652517653067,0.3874183286885,0.3638028256363,0.3769656429753,0.1239337379167,-0.2001289906826,-0.0789375374134,0.2674397851318,0.3918657678502,0.3663856164034,0.0034375427343,0.0785717553581,-0.0050266505913,0.3857586165559,0.2474988665053,0.3265828301355,0.0477391889010,0.1567928800314,0.5210260392276,0.1665473142276,0.3306067937188,0.3157271154276,0.1285072932549,0.2980410522562,0.5128286503370,0.1491497443922,0.4941187217022,0.2145732456000,0.0919485770466,-0.1412708514215,0.1955269492818,0.3823396146561,0.1361588674318,0.3692279211221,0.4171878281252,0.1854329840426,0.3962503099595,0.2152075380754,0.6710915796188,0.2568255861538,0.3754860759564,-0.1456054932224,-0.1937927511496,-0.2275454802777,0.3893527254184,-0.1772954296626,0.4310784570201,0.2488911064631,0.2358707303187,0.4064369416684,0.4009254817950,-0.1748680276893,0.2401319511219,0.3818753634029,0.1414362942731,-0.3176420261446,0.0426817226405,0.2122984667041,0.3009702200311,-0.1180777258248,-0.2899307226499,0.1844832994482,0.1182147133775,0.2957918705679,-0.0829372908880,-0.2296419750603,0.2022210906141,0.2513412767405,0.0454898735658,0.3429883116416,0.0176892498431,0.2509902523719,0.3324845515990,-0.2181202254671,0.1380594452535,0.1414399292239,-0.0241052811595
0.3006494766749,0.2677300649482,0.3829475231531,0.5763189714548,0.2028017657843,0.3935873502382,0.4294306535780,0.4836457600771,0.5372123125003,0.7731514669731,0.5421718910255,1.0000000000000,0.6521952549525,0.3154454423079,0.5093396175462,0.3430511600910,0.6027364913123,0.4438353151007,0.1807452785696,0.4588697812852,0.5353597473962,0.3514917916127,0.6232505715315,0.3936176676214,0.6764305300298,0.5460418338030,0.4720429969879,0.2350300287669,-0.1656434631434,0.1248776679490,0.3721764983370,0.4210562355235,0.6878317658323,0.3017088399400,0.2005645814101,0.1874101370966,0.4649907068987,0.5605959875120,0.3609872161920,0.2175886828043,0.3567913905674,0.6349778711347,0.3950477920330,0.5977539223344,0.6370928512524,0.4533773465185,0.5279566230228,0.3957418354678,0.1092991043503,0.5995964216515,0.2403110122996,0.1982884554975,-0.5244195624777,0.2725310282135,0.2814512151474,0.0280115188009,0.5812875611494,0.5142910795870,0.3762166951405,0.4689676876025,0.0765975395975,0.2212175091950,0.3554164970197,0.4021061722557,-0.3486207176941,-0.5928129090730,-0.1562466294832,0.1640183778374,-0.1283840380473,0.2333285502884,-0.0233123787503,0.0009803346808,0.2173337737124,0.4930875817979,-0.3650115315703,0.4567551287254,0.2394005187888,-0.0755629850360,-0.4176311647206,-0.1047672736150,0.2575834259073,0.1967544438177,-0.3328111307143,-0.5041092444968,0.4595183288967,0.0095194320846,0.2982476398146,0.0171505445406,-0.5007172599448,0.2443249958998,0.3440127148590,-0.1494957518856,0.4672006267284,-0.0530642463652,0.3426259287067,0.2343080651622,-0.4154932634249,-0.0208338395217,-0.1174485530801,-0.3518489545831
0.2141382294231,0.2031915922756,0.3054994647807,0.4205396128146,0.2099726164805,0.2958277946600,0.2983003153794,0.7441036580905,0.4899264964064,0.5097996199971,0.5374133107176,0.6521952549525,1.0000000000000,0.1850906790606,0.3134801178026,0.2848465680070,0.7358277014498,0.5562096085959,0.0577288024283,0.5927765330212,0.6179585233549,0.3494951211109,0.3454930144077,0.4276201370783,0.5981372584795,0.4593303558140,0.3890447469957,0.2064573006643,-0.2369410368982,0.1090270432091,0.4149180583923,0.5656592073261,0.7387508520814,0.1142806695651,0.0133327428937,-0.0722835346493,0.2339820771774,0.5698930950813,0.2253794234364,0.1059502284974,0.2800200880939,0.4882834826318,0.1372710410042,0.5712345042471,0.6641521910804,0.2623560422491,0.5583613494618,0.3505100921005,0.0315954860335,0.4274327136934,0.2143087590883,0.0296480704432,-0.3364732108982,0.1673654823521,0.3007119926417,0.0368073160471,0.7513745223948,0.6751498609901,0.5159372169352,0.4604009905802,0.0599630318756,0.4793159611835,0.3926878297014,0.7257116793617,-0.1584378153677,-0.4059273344858,-0.0795779026658,0.6095198774327,-0.0678217537007,0.5301515430091,0.2380635262393,0.1563805643430,0.3002941145278,0.5637229878491,-0.2037455232339,0.5659098285375,0.3536199203993,0.1436471928663,-0.4770112929589,0.2313618475597,0.4627274883326,0.5969846764880,-0.2246109907659,-0.4164288554772,0.6395913790598,0.2716865764090,0.1359211625784,-0.0593089323622,-0.3642651729611,0.5185461558272,0.2266851385114,-0.0277708975425,0.5980262457802,0.1862041805761,0.4638833420814,0.2643268952216,-0.3415233909413,0.1611961747430,-0.0449022373738,-0.1839014449240
0.8223528154582,0.6388579458927,0.4933160371515,0.6859545164567,0.4661484300619,0.4586865591442,0.2103414548063,0.1634765523000,0.1725511827623,0.2820380394318,0.2598653421807,0.3154454423079,0.1850906790606,1.0000000000000,0.7303706534635,0.3852996045933,0.2164254311682,0.4202932256265,0.0492580588680,0.2006759755925,0.3165363369057,0.0282196874263,0.0738144535901,0.0801265712827,0.3391328004191,0.2235275001173,0.0748687616951,0.2554344371112,-0.0220261669249,0.4036959557727,0.2947738525399,0.0817479607887,0.1706204068246,-0.0671451257614,0.1586048040462,0.1921862298286,0.2306990825165,0.2230999104543,0.2369078047591,-0.1493191340304,0.2148713984103,0.5575033316738,0.2091728753933,0.3952012148705,0.3452646546945,-0.0889404911070,0.0184119603342,0.3600651423999,0.5733852942824,0.5416427526871,0.5570011887069,0.4487006016999,-0.3552790806910,0.3367282135935,0.2572262483513,-0.1327986556574,0.1583024169354,0.1173445809978,-0.1564107960837,-0.0360448866532,-0.1606246399821,0.0241992888309,-0.0339479579584,0.0583516883052,0.0838552304998,-0.5402443312991,-0.3479950916489,0.0865466805683,-0.4513504739746,0.0900602734816,-0.1821423672946,-0.1116261322590,-0.0523228746947,0.1907172753780,-0.4389124092754,0.3545603773328,-0.1007735771817,0.0899216671264,-0.0870632710044,-0.3159874985670,0.1330552095967,-0.0473616645807,0.0629516621162,-0.6108392665896,0.2285477740493,0.0848115072761,0.1857407380282,-0.2537665588797,-0.5753072965974,0.0733448569495,0.1550901581965,-0.4697633621074,0.3859456761143,-0.2732725834077,0.0612663950153,0.0870442869564,0.1171062114172,-0.0063259315363,0.0123236722122,-0.2396804320637
0.5753019252385,0.4746056001573,0.4231471596491,0.7711341617351,0.3278967234336,0.5245343975642,0.4445446374430,0.2366064198024,0.2704336149017,0.5307579460707,0.3351365510571,0.5093396175462,0.3134801178026,0.7303706534635,1.0000000000000,0.5209518327750,0.4683715960772,0.5884316490115,0.2602812709770,0.2075706454867,0.4476790811656,0.0447735606372,0.1236062768298,0.3028240317692,0.3943227696188,0.2492514732649,0.1834352964730,0.1494969508025,-0.0820678643160,0.3170497646841,0.4788348755201,0.0922616094917,0.2667840919332,0.0419667451360,0.3478649722312,0.3042724245642,0.4215247710797,0.2850750597348,0.5183588880145,0.0669384289255,0.3303389033955,0.7138093991657,0.5231194635943,0.4602671955723,0.4001381172812,0.0042374145378,0.0817783109376,0.5236582257518,0.4301697417365,0.8141283744681,0.3040205793702,0.2267973760981,-0.4403980335791,0.2674140162959,0.2897030720814,0.0610291351128,0.1991764189472,0.1512082385586,-0.0479632290165,0.0955226122884,-0.1659795455758,0.0028200248123,-0.0852772995588,0.0499149900717,-0.0939992814163,-0.5055363826110,-0.2655510557445,0.0052348690255,-0.3003760351746,0.0676151438410,-0.2708172669435,-0.2707214827680,0.0457154512268,0.1769166145978,-0.4873184447139,0.2299144404916,-0.1518269867754,-0.1607210671970,-0.2215070568554,-0.2803193035252,0.0350511800822,-0.1150063244555,-0.1314392903854,-0.5151223755422,0.2288014939401,-0.1383158925112,0.2768377097491,-0.0002972654388,-0.4855693838700,0.1029419665544,0.4533534098025,-0.4490240032946,0.3546350118927,-0.4048678853236,0.0128712987517,0.2190544152822,-0.2351286507001,-0.1345803736145,-0.0584879378387,-0.2572140087849
0.3313110928063,0.1130756237260,0.2516390964239,0.6521639533995,0.3417240890926,0.3389306804159,0.4101573570325,0.3507672641141,0.3113164493108,0.3027023718914,0.1498882879380,0.3430511600910,0.2848465680070,0.3852996045933,0.5209518327750,1.0000000000000,0.5931474112035,0.7251464987884,0.6536972200504,0.4497250942949,0.6534041401749,-0.0578403440251,0.0611073533369,0.4289337456821,0.3502144203269,0.1341353856534,0.1059842767986,-0.0623211817087,-0.0819321493549,0.0666589793456,0.7975550181116,0.0684056298628,0.2936460821931,0.0757108764843,0.5047204731215,0.6129212705438,0.3090779735551,0.3446258761494,0.4294885592167,0.0073297651196,0.1028862420552,0.4699234259367,0.6196720929967,0.2241928170478,0.3609898227799,-0.0230107269815,-0.0461203450375,0.2860316615178,0.3487427338970,0.5209447884120,0.1656919268349,-0.0379039305293,-0.3292966219129,0.1916737295460,0.1416421377980,0.2802995875593,0.2071970202508,0.2362249948092,0.2824890990103,0.1341856822714,-0.2983408258535,-0.1674865195921,-0.2492976423664,0.0389896830675,-0.2910512068426,-0.4360351466390,0.3280813339015,0.1397216279012,0.2590781212645,0.2834422509561,-0.1719689109158,-0.4194458649186,0.1333654226327,0.1501630285441,-0.2106549878228,0.1542346376054,-0.1948996247921,-0.3318061709103,-0.2113945779176,0.2130590734288,-0.0914430608071,-0.0913269456231,-0.2961968617974,-0.2406633420777,0.2841517982500,-0.2979537835846,0.1670148337283,0.3237664061029,-0.3650570443517,0.1902189112105,0.4075452875494,-0.5269986468813,0.0771127861081,-0.4785125745387,-0.2844679940652,0.0544771044563,-0.1731702317183,-0.3506172867079,-0.3290022987177,-0.3629958905899
0.1510051507874,-0.0548290139780,0.1319539825148,0.4554055231404,0.2844525764562,0.3492596392294,0.3254101785197,0.5829283534665,0.4281575937313,0.4935719752865,0.5080997448244,0.6027364913123,0.7358277014498,0.2164254311682,0.4683715960772,0.5931474112035,1.0000000000000,0.8097300354059,0.5417263694011,0.6132433275519,0.7433163025208,0.2096652522554,0.2958769944927,0.6117454586947,0.5011445203377,0.3553692659922,0.4050224540951,0.1444113830614,-0.0709678775970,0.1040924328367,0.7520575314507,0.3788266310058,0.6485489118717,0.2790949930772,0.2680093883041,0.2685151134203,0.3770248172579,0.5160582140555,0.4384926712395,0.2836365705081,0.4275570817427,0.6390161296594,0.5753346692070,0.4821488599910,0.5245242400485,0.2745270841334,0.3416851547906,0.4233285817021,0.2162124416621,0.5806243536480,0.0580893863629,-0.2459015184515,-0.4309329553542,0.0289199360207,0.2069672691584,0.1943641216394,0.4480450838737,0.4486963067229,0.3394861683735,0.4170191712724,-0.2240450513634,0.2186644322999,-0.0593682636559,0.3095971924754,-0.3873068965628,-0.4121636666346,0.0357977030207,0.2967985154948,0.1167190996492,0.3940802922928,-0.1247931117673,-0.2685375360825,0.2637476871945,0.3131492300684,-0.3738720507440,0.2559309727686,0.0662455740183,-0.1975487028286,-0.3356449801218,0.1505029274421,0.0132237730134,0.1441888465141,-0.4057163097492,-0.2615164593910,0.3764299653436,-0.1762129593103,0.1837823176160,0.1471111186490,-0.3916017408810,0.4215247162041,0.4753281897371,-0.1640490876273,0.3725682637420,-0.2196688036623,-0.0259565063132,0.1575359152418,-0.4102133163638,-0.1768658260832,-0.3244391684247,-0.4493337016114
0.3107568946676,0.0602931229355,0.1505948172395,0.5085236370885,0.3134713403740,0.3702623024703,0.2710466072395,0.5347222509879,0.3666606598787,0.3314846872050,0.4368288443730,0.4438353151007,0.5562096085959,0.4202932256265,0.5884316490115,0.7251464987884,0.8097300354059,1.0000000000000,0.5316720119250,0.5514943450372,0.6981788170427,0.0866655610934,0.1981759276732,0.5938323729807,0.4921693465274,0.3563757305038,0.3118536451577,0.1092636161413,-0.0636351284506,0.2097106801219,0.7743468132660,0.3692607494202,0.4542797803573,0.1836932939893,0.4126692860492,0.3355966700499,0.4862093043951,0.4728895907982,0.5275863528889,0.2099483581378,0.3694568029184,0.6192349205090,0.5490462156632,0.4663656832604,0.4799483528284,0.1450248393833,0.2506284947480,0.4584798445663,0.3289146991968,0.6189417114182,0.1165413933204,-0.2176651809599,-0.4816559287333,0.0401928527940,0.1872691108253,0.1150786559382,0.3010215240875,0.3948428845344,0.2730745383154,0.2781892716036,-0.3575213100940,0.1202793704486,-0.2683574466819,0.1364659481598,-0.3721889360904,-0.4652122723960,-0.0543209665553,0.3275180943069,0.0289392840103,0.4687127201114,-0.1742405413061,-0.3006489872694,0.2980302556490,0.2799152465158,-0.3433746424190,0.2618151049373,0.0468978905729,-0.2638617591557,-0.3298176701487,0.1782813463884,0.0076024213350,0.0716967890326,-0.3756050276655,-0.3332344093767,0.3448811364001,-0.1804955985890,0.3000828953320,0.1070372748692,-0.4241702655384,0.4193771032326,0.5313213585571,-0.3081336999931,0.3469435272071,-0.3801849894206,-0.1103730673183,0.1071472491331,-0.3692576675011,-0.2365183444631,-0.3179170325111,-0.4382010879276
-0.0361193428024,-0.2826527020154,-0.0820956391287,0.2830105803789,0.1627862555341,0.2239558019869,0.2168277868383,0.1351835753029,0.2694082052044,0.2004352782912,0.1316211554239,0.1807452785696,0.0577288024283,0.0492580588680,0.2602812709770,0.6536972200504,0.5417263694011,0.5316720119250,1.0000000000000,0.4495110846756,0.4443362244884,0.0024456652890,0.0847283890439,0.5511461812009,0.1871571390885,0.0884233257575,0.2177009308844,-0.0800052552601,0.0614046773618,0.0016686862140,0.6089419781837,0.0160246094261,0.1637472944916,0.2491320133430,0.3544434427639,0.5584642084678,0.3570686118326,0.2078925164699,0.3121968073595,0.2565758953549,0.2559064552780,0.3168584802551,0.6544430373173,0.0872268708571,0.1022768690160,0.0826799445003,-0.0534390236177,0.2090689634710,0.2468246584791,0.3230327463659,-0.1417606791689,-0.3990066775337,-0.2568972134143,-0.0355266010213,0.0548108741270,0.3528891434404,-0.1086146615480,0.0196818164879,0.1084706377812,0.2540433120488,-0.3930866070756,-0.1464041308824,-0.5000263333584,-0.2740424444333,-0.4766383089186,-0.2197788123093,0.2849707988736,-0.1390477427851,0.5038644000311,0.2023616511096,-0.3164853158108,-0.5055893440368,0.2068059017467,0.0333422480945,-0.2201119657673,-0.1423178699867,-0.1712668526771,-0.4790102794768,-0.1686994241114,0.0572914795555,-0.3072920620308,-0.3524384659835,-0.4637542441026,0.0162913936889,-0.0300174200323,-0.4925505466756,0.1816704304475,0.3085427190766,-0.1955652566857,0.1474099370351,0.3505852972636,-0.2891505170354,-0.1010217958916,-0.5175233820206,-0.4624759298618,-0.0549163544987,-0.2347615224456,-0.5016314886618,-0.4785668550684,-0.4373754125769
0.1716306874901,0.0988801262243,0.1618734719073,0.3704475764374,0.2180975457693,0.2537656959828,0.1604443754846,0.6327775422933,0.5617335748975,0.3820613336239,0.4400553170037,0.4588697812852,0.5927765330212,0.2006759755925,0.2075706454867,0.4497250942949,0.6132433275519,0.5514943450372,0.4495110846756,1.0000000000000,0.4857653575073,0.3414408383566,0.4175525205163,0.5806737451377,0.7628165274578,0.5824116104378,0.5971654165024,0.3353841074030,-0.0187889902096,0.1788944547683,0.4982383251000,0.5628316072367,0.6711625797166,0.2528687634943,0.0865239074159,0.1747290970026,0.4869819478902,0.7096449297899,0.1775361514460,0.2275724803539,0.3030014721229,0.3991384144607,0.3203501641677,0.6072879928594,0.6830030707932,0.3181503460224,0.4644983609355,0.2546802896431,0.2272861280469,0.2886084466274,0.1885092431203,-0.0726282815606,-0.4118119115217,0.0617375564147,0.2087462554603,-0.0449269429315,0.5079420267486,0.5705240029991,0.4175532584117,0.5440180974651,-0.1965393505088,0.3325703540086,-0.0629360856000,0.3067466101815,-0.2774868449388,-0.5088401347066,-0.0417325540657,0.4193015168826,0.0876692193779,0.6876174640729,-0.0416059032218,-0.0610011886685,0.4090126868408,0.6294186442559,-0.2957155651208,0.4308849976546,0.3747523716856,0.0641506420927,-0.3116770430761,0.2005731007063,0.1926718851882,0.2230251938354,-0.3416185482535,-0.3989839788766,0.5561164271599,0.0276056346486,0.3441908300365,-0.0706785625759,-0.5110464434533,0.6158443233794,0.2478081496407,-0.1389326125363,0.4944466762395,-0.1006633777784,0.0864398730533,0.1098755562420,-0.2252409992988,-0.0643448827699,-0.3112708415605,-0.4362016777655
0.1862108010678,0.0332447054819,0.1425285423808,0.5213356838710,0.2126873260607,0.2821088509865,0.2859204283629,0.4875644847207,0.2916277392636,0.3363464459466,0.4859847563084,0.5353597473962,0.6179585233549,0.3165363369057,0.4476790811656,0.6534041401749,0.7433163025208,0.6981788170427,0.4443362244884,0.4857653575073,1.0000000000000,0.1417114145137,0.3282779875248,0.5941140369287,0.4137597159853,0.3177882400459,0.1817908714245,0.0983708095548,-0.0898160337545,0.0680584901667,0.7782785609845,0.2995033578593,0.5247522151578,0.0926883042798,0.3395037338104,0.2410836829284,0.3316551259316,0.3640054356334,0.4084074538280,0.0204854939703,0.2050280341914,0.5480230704426,0.4762506639148,0.3221036929789,0.4727180617581,0.1218509761032,0.2088592329781,0.3865347444540,0.1525881712299,0.6362244582310,0.0265554920136,-0.1578710672351,-0.3725200326995,0.0296898346284,0.1149350841343,0.1001032434154,0.3551150089877,0.2934830566759,0.2789928819535,0.1571671384410,-0.1891096481447,0.0913171332464,0.0252636360931,0.2992173764775,-0.2958971455132,-0.3754609636998,-0.0070410058925,0.2585514603474,0.0294438497141,0.2905492067906,0.1461208466661,-0.0955787564384,0.2767992847341,0.2196620603322,-0.1601434358943,0.4128733078819,0.0606558433942,-0.0687488689585,-0.2203259603059,0.1727759713768,0.0813487724163,0.1865258152103,-0.2033279400374,-0.3155577913205,0.4159925280017,-0.0847816634204,0.2126289779501,0.0408560960705,-0.3192624190248,0.2621799373539,0.3069366027322,-0.2229436053726,0.3186351163093,-0.2296039263042,0.0163949745773,0.0818748986587,-0.3243812947510,-0.1175033938622,-0.2173905556904,-0.2177165475332
-0.0792083896903,-0.0057510221607,-0.0656705725728,0.0488558252072,0.0582663247013,-0.0132166687372,-0.1046765263959,0.1614971570790,0.1512592565651,0.4053232188682,0.1917434634075,0.3514917916127,0.3494951211109,0.0282196874263,0.0447735606372,-0.0578403440251,0.2096652522554,0.0866655610934,0.0024456652890,0.3414408383566,0.1417114145137,1.0000000000000,0.5050152273927,0.2100572773466,0.3283254196566,0.2940459497001,0.3616519784341,0.2683057907945,0.2569435080130,0.1212844354698,0.1460800249443,0.2655784313458,0.4300020374925,0.2562459501825,-0.1701478485084,-0.2262248107766,0.1471316569475,0.3333106137566,-0.0437716694342,0.2708318721711,0.3611563494118,0.2059745990146,0.0743248718748,0.2912654984779,0.3375187707170,0.4993118763510,0.3631871057106,-0.0024313348666,0.1659059814541,0.0624494010690,-0.0097459772362,-0.1086452194318,-0.2393504882611,-0.1342734713809,-0.0186695969928,-0.1402008440712,0.2384041958808,0.2313463231366,0.1629918516456,0.1905129123444,0.0320180559550,0.2361528761299,0.1315318442469,0.1308183537541,-0.0931766419222,-0.2189093432181,-0.1185421494104,0.1227255494214,-0.0562328672087,0.1106730981750,0.0336192058531,0.3427828180316,0.1149583099152,0.2692848707719,-0.1293037269525,0.1305650955439,0.1887057218804,0.1018133086264,-0.0590496143150,0.0289863180444,0.0605610949079,0.0864647463496,-0.2195912896825,-0.1610506105518,0.2412840094512,0.0862472827709,0.1192706431088,-0.1533086108279,-0.2027116140531,0.2563632975802,0.0930760863312,0.1437112930344,0.2474434976285,0.3037820926754,0.1631858100120,-0.0583973817946,-0.0955020634880,0.1218915000711,-0.1715639311214,-0.2455442124361
-0.0453439823651,-0.0315691900252,-0.0875694076795,0.1572847084515,-0.1714560847267,-0.1304787249412,-0.0869692389383,0.0946172415733,0.1035650145716,0.2896676485064,0.3946522123306,0.6232505715315,0.3454930144077,0.0738144535901,0.1236062768298,0.0611073533369,0.2958769944927,0.1981759276732,0.0847283890439,0.4175525205163,0.3282779875248,0.5050152273927,1.0000000000000,0.3765121829776,0.4743153302145,0.6845639179075,0.6661305819752,0.2939029023213,0.0683063044981,0.1246039930540,0.2469112306238,0.5813351199710,0.6408230470516,0.3974420520774,0.0389249853480,-0.1157116775359,0.3724045992325,0.4970748789085,0.1535965621477,0.4217559522884,0.3157077206613,0.2648693251502,0.3173941779222,0.5104949266217,0.4990798670876,0.6773807716665,0.5749519790189,0.0495364881771,-0.0483362047835,0.3090987667406,-0.1224961836609,-0.1202907506176,-0.4607534302143,-0.2517597591667,-0.2091345702551,-0.2711635371848,0.2236928080884,0.2037604924017,0.1039436943234,0.1597464031390,-0.1714000510803,0.1474868487870,0.0807490944253,0.0706237632111,-0.3208788171134,-0.4061515748011,-0.3114832384710,0.0473397152580,-0.2198244602912,0.0883680045103,-0.0010018399692,0.3110549966324,0.2022590373434,0.3134580966294,-0.2177121447954,0.3596596892181,0.4430768547481,-0.0965345232679,-0.1999613393954,-0.0318077855699,0.1882923126598,0.0664346235377,-0.3650894666560,-0.3255260039586,0.2954748983861,-0.0200310000809,0.2678797945217,-0.2193476010741,-0.3029286921050,0.2866610159244,0.1568888901282,0.1264709403606,0.3769498288977,-0.0016751032296,0.2247748688106,-0.1345012901507,-0.3070260933239,-0.2432360440992,-0.2515419586833,-0.3074753800179
-0.0203681156419,-0.1051883654884,-0.0180098552038,0.2766813588011,0.1142390598552,0.2572918166190,0.2644291088884,0.3729851432696,0.4493592577281,0.3329761374800,0.4652517653067,0.3936176676214,0.4276201370783,0.0801265712827,0.3028240317692,0.4289337456821,0.6117454586947,0.5938323729807,0.5511461812009,0.5806737451377,0.5941140369287,0.2100572773466,0.3765121829776,1.0000000000000,0.4715573355757,0.4606735441844,0.5421914277285,0.1334255845440,-0.0460108527079,0.1139703583629,0.5726689774962,0.3198659790860,0.3775532030785,0.1987507908295,0.4032471681506,0.3154881510010,0.6083096699760,0.4958164757869,0.4035433768022,0.2934556615561,0.2264901453653,0.3572931396424,0.5355595073179,0.3622352605706,0.3838073325107,0.2034486856520,0.2169127804986,0.4547935254236,0.1460179272481,0.4032828212812,-0.0884947449766,-0.2957900668772,-0.3813117422980,-0.0901999841984,0.1614659657962,0.1226137347063,0.2466736726612,0.3273189910044,0.2569584387264,0.5031616257982,-0.2280626149526,0.2567850155852,-0.1413934821064,0.0923493514161,-0.4413912248062,-0.3158485362482,-0.0803764229399,0.1923838768914,0.2050299729521,0.4668067430164,0.0846161140668,-0.0599303232636,0.7341275074695,0.4029678970763,-0.1469313324419,0.2778753655571,0.3061595760959,-0.1899261661294,-0.3352506620566,0.1350957678768,-0.0258872351325,0.0180862767000,-0.3966546238391,-0.1897967675345,0.3151797973309,-0.2031208509914,0.4805231717509,0.2606074654258,-0.2333411805900,0.4559477098342,0.4135961340320,-0.1091816304472,0.2906800370403,-0.2601925668427,-0.0557260203651,0.2160440229839,-0.4267627275393,-0.2579204412776,-0.3190058794373,-0.2989214622516
