1.0000000000000,0.7119460599278,0.5850928591457,0.6574926377464,0.7703079335323,0.4694271244138,0.5145021070979,0.2650382479584,0.1965348658979,0.4186715908149,0.2372533421620,0.3312963689488,0.2378236485318,0.7358922063805,0.4570678674136,0.3951092013332,0.2988511916573,0.3747503934323,0.3313063090260,0.2273279501440,0.0650402763189,0.1003353815687,0.1311025916476,0.1925826578909,0.2210960791754,0.1147446823493,-0.0411549470205,0.0044143001537,0.1740455935460,0.2216169603369,0.2329127507638,0.0985121585126,0.2109140287776,0.0530093445063,0.2710982510348,0.3751916062281,-0.0672775869171,-0.0525221039998,-0.0432300680411,-0.0602322750949,0.4712644012762,0.4437602139213,0.0383513242456,-0.1375517591899,0.1331288645009,0.1344495799871,0.0436719889779,0.3613159082825,0.5068271576721,0.1353263472687,0.8437295292793,0.6241517011300,0.3381093915784,0.6198197195747,0.5635305759913,0.4728497633517,-0.3277778777500,-0.2170042127648,-0.1621987074777,0.0376676093945,-0.3038930548592,-0.1132564499725,-0.0963894872985,-0.3196993256524,0.4636059704709,-0.4721131939603,0.1605914980515,-0.2659992718251,0.0392745433560,-0.1748738602789,-0.2925337193720,-0.2636430488720,-0.0655773513951,-0.0768240689300,-0.5144141205891,-0.4828206518053,-0.2938935697544,-0.1623252621063,-0.0523410879091,-0.0153862500905,-0.2564571451308,-0.3538034785805,-0.3895530012363,-0.4654127394735,-0.4153918218255,-0.3756690065294,-0.2958743440081,0.3270362849352,-0.6212050109723,-0.4225051827601,-0.0197858210913,-0.2970015789126,-0.4204401233742,-0.4459762529377,-0.3573099617138,0.2391658659934,0.3320544388469,0.0537008071032,-0.1928522506402,-0.4561435570672
0.7119460599278,1.0000000000000,0.6335141141136,0.7018126257181,0.4206601115719,0.3174011625917,0.6066601569279,0.3967092442917,0.3513095443809,0.5445654992832,0.1449583055489,0.3069708625941,0.3806298639580,0.7593222238744,0.6024563057065,0.5137795251752,0.3840699299127,0.3968706960621,0.5598117875608,0.3344213444188,0.0304969298486,0.2298318226508,0.1005097677069,0.2635470136477,0.4149681697876,0.0654613543377,0.0226153953339,0.1267703828634,0.3939563495061,0.5629535954065,0.3722930154298,0.1298611687614,0.2652795844879,-0.0510323544533,0.2425730544973,0.5406896172483,-0.1062754234628,-0.0274854674392,-0.0486630371218,0.0280893786514,0.5608463724968,0.3889158891522,0.2010481453698,-0.1529086667050,0.2311082497758,0.2713908645138,0.1872316413307,0.0788218796176,0.3573503854097,0.2856545260638,0.6371757577573,0.8132592975505,0.2976710169274,0.4774343190480,0.4292354828020,0.5757341885850,-0.3785879714877,-0.1812380736604,-0.1217312283057,0.2362680241069,-0.2982366807456,-0.1822775439037,-0.0835374708687,-0.3645466594726,0.5996259003137,-0.4898227911726,0.3594238568295,-0.3193291250833,0.2342694100288,-0.1915828651155,-0.4194901935190,-0.2411983105467,-0.1369531219216,-0.0237303564276,-0.6537983435516,-0.5335910986221,-0.4463199824285,-0.0022894565513,0.1680607116590,-0.0063521837110,-0.4121014895744,-0.5350615173736,-0.2404980221250,-0.4982630831430,-0.5102883167931,-0.3733195455420,-0.4886963523460,0.3930318455477,-0.7134679216052,-0.5288636811446,-0.0982131268053,-0.3659811911948,-0.5502143615721,-0.4425836447391,-0.4683220273409,-0.0000721212430,0.2943605330886,0.1806968681121,-0.1589454767854,-0.5924560617229
0.5850928591457,0.6335141141136,1.0000000000000,0.6792261939723,0.4251579867760,0.6500319659568,0.7851743569396,0.4526089033151,0.3006239134671,0.3126262138778,0.0171972326916,0.2677921450049,0.4789199669912,0.4742258462593,0.4869250314387,0.5151911383542,0.5153951365395,0.3393973380852,0.6119798609406,0.3779372030127,0.2365238593472,0.1852780277408,0.0232811964184,0.3350248890791,0.3707223454847,0.0914296465749,-0.0061560112544,0.2123295426303,0.2430468427241,0.4280396455005,0.3758653935131,0.3031757186295,0.4043186702594,0.1710698252099,0.2338359635984,0.5408254812300,0.0704149584071,0.1564504498409,0.1115981293776,0.1138660547940,0.3810984028100,0.1118953953546,0.3694943567777,-0.0863386448753,0.3530984520766,0.3005269564259,0.3857411742773,0.1061075799038,0.3228080335770,0.3163551481454,0.6159064847690,0.7630926823391,0.3537556527194,0.8278830324913,0.6381394855875,0.6439807783881,-0.2267877324202,0.0034003250466,-0.0282876680432,0.3241617351177,-0.1185423380067,-0.0449199827952,0.0367039366008,-0.1771179737556,0.4469826031137,-0.2600282419884,0.4018218720802,-0.0642204740584,0.3524475191733,-0.0801968673551,-0.2131524319498,-0.1074392081047,0.0249481584613,0.0681501754467,-0.4808859812630,-0.5397188049814,-0.4433232244212,0.1004795243803,0.1132177137593,0.0991854689821,-0.3918086815431,-0.2806423755571,-0.0986299129067,-0.3619043064790,-0.5192283012611,-0.2115529431574,-0.3847422902345,0.2773084032109,-0.4862443459072,-0.4021724472932,0.0508063602392,-0.2623858013207,-0.4089504349965,-0.1616783779419,-0.3048466581550,0.1179933982170,0.2984446170906,0.3036176865400,0.0233744960602,-0.4332740331657
0.6574926377464,0.7018126257181,0.6792261939723,1.0000000000000,0.5662678717685,0.5188436860762,0.8408873014900,0.4736255740773,0.4481406337191,0.6056389368158,0.4429764162389,0.5146595245682,0.4903371778441,0.5858823361491,0.7062972261015,0.7255035961481,0.5547959911848,0.5490740021805,0.5933095658604,0.4596241755080,0.2948823343354,0.2325538669783,0.3213263412506,0.3697154576086,0.3251031468578,0.1680579370237,0.2093326135475,-0.0028201797207,0.1384253717544,0.2635849090461,0.4752002370382,0.3181118114919,0.4852588382212,0.0238545389258,0.3550081155288,0.5989413590564,0.0708145752641,-0.0000622826884,0.1066834574995,0.1306896491175,0.4731848188666,0.4467264146748,0.3420280301340,-0.0793690452401,0.2328787438945,0.1572311044384,0.2565929594763,0.2579939171922,0.2935194688657,0.4240347769084,0.6793926422188,0.5947183838675,0.6572697507804,0.6577313770109,0.5944288885656,0.8368694533087,-0.2115135141398,-0.0744066752324,0.0455554758471,0.3180276178499,-0.1759279220960,0.0820874545099,0.0699805137847,-0.2525775752546,0.5959982864176,-0.2424045228793,0.4420456826159,-0.1072117388562,0.3199205043409,0.0053391779174,-0.2494060351201,-0.1687568635382,0.0877572801497,0.1118005786458,-0.4597806210765,-0.4832110165378,-0.2401191527880,-0.1262735631244,-0.0972748562911,0.1719843533351,-0.4636140439207,-0.3647323078881,-0.3507866410059,-0.3719912123490,-0.4623973503436,-0.4809488087678,-0.2801509089182,0.4647104078764,-0.5003454712891,-0.4421090476124,0.0756455778945,-0.4098679577853,-0.3977511643554,-0.5048806999797,-0.5332542414105,0.1920780508309,0.1766401613714,0.0389198794723,-0.0367678617453,-0.3730792069983
0.7703079335323,0.4206601115719,0.4251579867760,0.5662678717685,1.0000000000000,0.6638027005137,0.4452173116544,0.1432673550873,0.0877681265186,0.4061807510395,0.3431242590224,0.2496726779875,0.1496617490907,0.5030754175290,0.4523199894011,0.3002105661843,0.1833363915013,0.3233752853159,0.1202996797977,0.1600261306142,0.0843466870614,0.1529072343644,0.1655872011468,0.1568668997214,0.0115181546422,0.2102746774036,0.0236360451591,-0.0306991765276,0.1472777738786,0.0182266163505,0.1846694490560,0.1633278806621,0.1275348692938,0.0097690939274,0.2986097588035,0.2320930009558,-0.0421581279688,-0.0687650480240,0.0791069793034,-0.0056360004851,0.4696138278450,0.5070639612239,0.0183742216294,-0.0903805882177,0.1154910057381,0.0203221982174,-0.0328921608365,0.5557183741533,0.5810961611982,0.2359741304838,0.7587835235516,0.3473949076700,0.4141399218097,0.5784309082395,0.6904924655185,0.4034137297176,-0.2685186494320,-0.2252166481880,-0.1448780417203,-0.0756981658053,-0.2913240267970,-0.0701739729549,-0.1759283174194,-0.2737531525099,0.3781937373943,-0.2488522206086,0.0290974278005,-0.2121984484035,-0.0951547131802,-0.1564791131773,-0.2671635015942,-0.2559316883799,-0.0499543792612,-0.1307352283376,-0.3408887507392,-0.2596213807792,-0.0881361899694,-0.2019350503139,-0.1015552301996,0.0110547601283,-0.2232724217244,-0.2790434742385,-0.3178919534082,-0.2711213331801,-0.2500151910286,-0.3562217390461,-0.1230604256832,0.3215648620628,-0.4026596753852,-0.2143109776887,0.1271583885750,-0.2202278905631,-0.2476107184040,-0.4408611017334,-0.3592657408950,0.4295159547571,0.3989774158199,-0.0665504693346,-0.1378399182608,-0.2527278238862
0.4694271244138,0.3174011625917,0.6500319659568,0.5188436860762,0.6638027005137,1.0000000000000,0.6269391393463,0.2785604144470,0.1630888974512,0.3660852366276,0.2426504020788,0.3155747273788,0.3986372368879,0.3940166623069,0.5106462418070,0.3243848427054,0.3453719663592,0.1570173102102,0.3223187829038,0.3050042107413,0.3327887937464,0.3280738554424,0.1895203328257,0.3460953210218,0.1401333754866,0.3113164133674,0.2105067022122,0.2792715617566,0.2959420380762,0.2840169733706,0.2738772096213,0.3977435619560,0.2825353443969,0.2824007105093,0.2674916130029,0.3147311093467,0.2337493324574,0.2578942660578,0.2266179530797,0.3100126437904,0.5163460493677,0.2669183065274,0.3228813269637,0.0435923234441,0.3431460769291,0.3678126226231,0.3924098604510,0.4803872417344,0.5662098912894,0.4214429156052,0.5124285191112,0.3902760160713,0.2832556611999,0.6663274793323,0.8232302766735,0.3316533614764,-0.1592951750640,-0.1205186292905,-0.0800740894688,0.0900447320835,-0.1503970299091,0.0308787893766,-0.0208244101698,-0.2015117341400,0.2166199352941,-0.1419961068859,0.0480022033358,-0.1591738001715,0.0561554686271,-0.1273951855871,-0.1951357288404,-0.0016461435803,0.0382568267300,0.0311025951766,-0.3952194690331,-0.4582044420028,-0.1858771659141,0.1670825031094,0.1186414910623,-0.1220108513048,-0.4701914588848,-0.2435110337054,-0.0906669245481,-0.2963341706709,-0.4959221175542,-0.2109580230751,-0.0363830038004,0.1561613937948,-0.3415377662986,-0.1960931948557,0.1902194578979,-0.1523703974948,-0.1801484128029,-0.1382677426406,-0.3873793723038,0.4307051189430,0.4219721238249,0.1971170052036,0.1104357687466,-0.3132180773317
0.5145021070979,0.6066601569279,0.7851743569396,0.8408873014900,0.4452173116544,0.6269391393463,1.0000000000000,0.5041032420339,0.4543868178737,0.4821375058476,0.2340706717095,0.4011291689891,0.5187316915160,0.4100675435470,0.6155255437705,0.6369371121082,0.5285318472956,0.3976228089744,0.6329074320775,0.3951338628268,0.2459054303896,0.2363872836800,0.2011137441779,0.3422347665699,0.4173572916051,0.1065991775369,0.1450078395483,0.0756211891322,0.1863314658179,0.3003292106173,0.4104028573709,0.2836967475274,0.4433797852345,0.0812495487624,0.3391140308294,0.6064171512618,0.1475522945737,0.0626175611084,0.2078874675037,0.1826499155663,0.3838663712932,0.2075839034830,0.4125439274457,-0.0749910484577,0.2461349627769,0.3000949445167,0.3271751232633,0.1880261824168,0.2510057522694,0.3569201938323,0.5838654586110,0.6187640799361,0.5251792027593,0.7173055884391,0.6730418142200,0.8099451170446,-0.1217156475996,0.0562626401653,0.1491306111996,0.4304959842914,-0.0483091466234,0.0452322606727,0.1314928419818,-0.1251969082345,0.5124996960606,-0.1054308698533,0.5264669960727,-0.0457229443919,0.4258583712165,0.0392341363851,-0.1452834970275,-0.0859372328747,0.0839435957765,0.1738793105603,-0.4111832147944,-0.5191102667607,-0.3296848043247,-0.0399633680288,0.0562671055326,0.1008591829734,-0.4995557510472,-0.2858209845015,-0.1822631826645,-0.2961294309277,-0.4815715740626,-0.3875410470879,-0.2660607635272,0.4398071314192,-0.3988270147683,-0.4057469222530,0.1793323502466,-0.3271747740605,-0.3681539832294,-0.3236043558344,-0.4338031681537,0.1644615241459,0.1770743286877,0.2157755401341,0.0768803772117,-0.3161443176651
0.2650382479584,0.3967092442917,0.4526089033151,0.4736255740773,0.1432673550873,0.2785604144470,0.5041032420339,1.0000000000000,0.8508511166710,0.2961484537933,0.3231092400847,0.5560854692475,0.7239924689977,0.3223385134445,0.1932430411231,0.4441656336310,0.7700301255684,0.5602247727428,0.7023567679217,0.7697076308193,0.3392901659851,0.3412905644613,0.3100808018585,0.5375111750084,0.5596762667361,0.1579511684344,0.2661364676745,0.1791009209323,0.2965834769166,0.4075463228278,0.4816193442134,0.3713915183005,0.6048503153352,0.1051203447516,-0.0287379947259,0.4693302775459,0.2117622055572,0.3804945645937,-0.0223199308218,0.0798951727449,0.3421028239955,0.0480452326328,0.2460214219945,0.0977289937221,0.4386401765179,0.2104408936326,0.3822057290627,-0.0855514741871,0.2531577133879,0.1643554801544,0.2178669682569,0.3327705205651,0.1102380597137,0.3345813958442,0.2996392987975,0.4538401637858,0.2001086288645,0.3697372254299,0.4130761981917,0.7448548929524,-0.1231292031189,0.2830724235471,0.1936560364557,-0.0163426630792,0.1798494264228,-0.4315739487071,0.3780024651959,0.2124203737616,0.6798666364130,0.3023909966857,-0.1846353691911,0.1447655629800,0.3919249849496,0.4559202476703,-0.2904091586443,-0.3962316377628,-0.2184448044771,0.1447266629192,0.1578926151709,0.3112363312184,-0.3130105214321,-0.0772968495650,-0.2642127283145,-0.4161301251955,-0.3848820469119,-0.3467283500367,-0.2129745037118,0.1514577948220,-0.4703628213740,-0.2982529695482,-0.0155531986223,-0.2984509520472,-0.2290308017840,-0.1591655285777,-0.2943172714085,-0.1107755213952,0.1719587308019,0.2200543912729,-0.0624333720108,-0.5303711252014
0.1965348658979,0.3513095443809,0.3006239134671,0.4481406337191,0.0877681265186,0.1630888974512,0.4543868178737,0.8508511166710,1.0000000000000,0.3569811169166,0.4591028044205,0.5425905783226,0.6445902866071,0.2169961906761,0.1755026121744,0.4559120458862,0.6775762298483,0.5996399548199,0.6072383725741,0.7560882831440,0.2975935943027,0.3080317000919,0.3882020083112,0.5002789925533,0.6770307441039,0.2040602062339,0.3762452765787,0.0112551901136,0.1815590299790,0.2292527695455,0.4280639654567,0.3408733813487,0.5493778603140,-0.0187974002192,0.0525232116732,0.4371874587653,0.2281115767565,0.3335392269768,-0.0364898908451,0.0701532944461,0.2398592957685,0.0634035741615,0.1181754028261,0.1546792656733,0.2895973589702,0.1598788646966,0.2807496231223,-0.0661777912985,0.1005030096394,0.0907054904148,0.1920042777631,0.2216885594533,0.1768596494887,0.2752085458306,0.2182166203977,0.4463554959059,0.3130398041924,0.4145558314074,0.5495711289574,0.8500326529430,-0.0350138025938,0.4269529712956,0.2990411379939,0.1031582908873,0.1282760924090,-0.3624627525547,0.4293821760058,0.2713304957832,0.6603407629720,0.5178573269866,-0.0273129281595,0.2286070669540,0.5388139730168,0.6839567347708,-0.1126034490076,-0.2305113728986,0.0300427215399,0.0131574978057,0.0073253910469,0.3847823165348,-0.2265368798189,0.0201060832892,-0.3770579270965,-0.2936000845854,-0.2070932720744,-0.3190892525901,-0.0382745119624,0.2593637883895,-0.3577132753237,-0.1313799262577,0.0276484325295,-0.2573472632037,-0.0637410101883,-0.2413727682318,-0.2523340763521,-0.0953433985163,0.0355483152303,0.1463954251170,-0.0652205115638,-0.4135044184943
0.4186715908149,0.5445654992832,0.3126262138778,0.6056389368158,0.4061807510395,0.3660852366276,0.4821375058476,0.2961484537933,0.3569811169166,1.0000000000000,0.5915854069966,0.5801431235601,0.3341736329553,0.5084726670302,0.5749336770980,0.3866036402081,0.3509218106230,0.3692233478148,0.3316941195100,0.3270371522978,0.3132148928505,0.6602031522809,0.4176517316047,0.3279913512512,0.3139940047659,0.1969275631125,0.2323795923066,0.0728123808914,0.2693761837500,0.2157513535562,0.3554167887957,0.2176934972432,0.3239630545915,0.0051805399891,0.2986541022767,0.3446184362356,0.0926602614327,-0.0827989789537,-0.0727464622212,0.2153474958198,0.6483860290757,0.5168049638267,0.0827166930393,-0.1501605178398,0.1329714252373,0.4107001685918,0.2588328961493,0.2243077672366,0.2971483696269,0.3653410097172,0.4100812980269,0.2804820466337,0.2917719526153,0.3156239219552,0.4387147153926,0.4152777085766,-0.2491285422771,-0.1946224962056,-0.0834584081194,0.1862835253908,0.1185845085568,0.0433460022722,0.1020695509371,-0.3263175199201,0.3623457246241,-0.3280101992920,0.1808176604621,-0.2505323127411,0.0509878282592,-0.0318990581180,-0.1073921914515,0.1539419861315,0.0049017867945,0.1740678520315,-0.3432735795201,-0.3640458396553,-0.0983107874753,-0.0391614045097,-0.0336351409958,-0.0289513658179,-0.3914601066269,-0.3986341234902,-0.3053001072781,-0.3913603457697,-0.3717416394166,-0.2773170404563,-0.1042867473034,0.4181246142673,-0.4619875803985,-0.3247586662092,-0.0102587343185,-0.2540272738563,-0.3352297020775,-0.2780123207862,-0.4128016081839,0.0454931908998,0.1509092411008,0.2176740648799,0.1894311320289,-0.3258636340445
0.2372533421620,0.1449583055489,0.0171972326916,0.4429764162389,0.3431242590224,0.2426504020788,0.2340706717095,0.3231092400847,0.4591028044205,0.5915854069966,1.0000000000000,0.7205753496347,0.3098854899049,0.2406988881070,0.3273458861258,0.3188316841481,0.3914148803086,0.4845998676999,0.1077166548608,0.3610101500630,0.4218104698993,0.4553284887537,0.7361717593046,0.3523084625403,0.1094549990765,0.2681487819522,0.4683998037261,-0.1087810289125,0.0960789704576,-0.0679211128157,0.3215719673368,0.3550830308761,0.4147896162777,-0.0242589765186,0.2245386539789,0.1347145866966,0.2677758708994,0.0586816485227,0.0800569435045,0.2115951883763,0.3972692548963,0.4757500039485,0.0748277525985,0.0413855722663,0.0662785804368,0.0688086400481,0.1699894716390,0.3414477168978,0.2357287029372,0.2316158798973,0.1928768891194,-0.0772745748432,0.3276939731239,0.1374369865372,0.2625220352882,0.2652445801838,0.0826484882498,-0.0040068976587,0.1932790950216,0.1933034670974,0.0495025429774,0.4319234591583,0.1834125137966,-0.1044450241980,0.0856622834422,-0.1237373916892,0.0355820133637,0.0502637814726,0.0581233979219,0.2042931815440,0.0249655980660,0.2464476398765,0.3457765278865,0.2778085725095,-0.0083466893791,-0.1193757274098,0.3058150178086,-0.1653726272117,-0.1970806473828,0.1894936271197,-0.1871830745363,-0.0603016448184,-0.4202736612982,-0.1258010529190,-0.1131980496339,-0.3282813445029,0.2720679482838,0.2390729080872,-0.1605456259973,-0.0380159350955,0.1411983103367,-0.1455008321594,-0.0190869133329,-0.3061816911479,-0.3724894429993,0.2178850153457,0.0902111354857,-0.1346164668435,-0.0244769824806,-0.1183242202857
0.3312963689488,0.3069708625941,0.2677921450049,0.5146595245682,0.2496726779875,0.3155747273788,0.4011291689891,0.5560854692475,0.5425905783226,0.5801431235601,0.7205753496347,1.0000000000000,0.5430509196034,0.3826846895293,0.3365937211900,0.4113085202242,0.5973238891977,0.4439941798135,0.3740167475365,0.4954894139472,0.6113893682642,0.4847648577269,0.7711609850291,0.4690342043138,0.2567075021577,0.3013685864851,0.3879395839815,0.0675431990754,0.2257834157393,0.1876318958526,0.4032004363609,0.4756938367282,0.6169723193371,0.1934313968790,0.2246678138126,0.3127374440076,0.2943202043078,0.1616479154031,-0.0378319735858,0.2052141513237,0.4318911139720,0.3505306850355,0.2128335631429,-0.0140157230142,0.2213633279937,0.2676418717752,0.4167298567443,0.1973473824065,0.2719835491825,0.2073062759811,0.2267184744849,0.1358473428669,0.1853692594015,0.3242541730327,0.3265755842247,0.3213109238926,0.0063170654639,-0.0227574226985,0.1183195480834,0.3044987220446,0.0023289280570,0.3726923955138,0.2964552071394,-0.1618599004956,0.0929530709498,-0.3353739250255,0.1054939134212,-0.0130031483006,0.2514996647397,0.1492815907246,-0.0141829614152,0.3435439705126,0.3011001110147,0.2992484318063,-0.2167988801812,-0.3201281798460,0.0562352164268,-0.0037659074694,-0.0160527641512,0.0693001791500,-0.2634253464440,-0.1185753195917,-0.4429191439745,-0.3879101133751,-0.3686203433046,-0.2954502606797,0.0775565168328,0.2379712636358,-0.3830486107220,-0.3076110005300,0.0062212422443,-0.3106148279539,-0.2203821041280,-0.2505682333129,-0.3768562688988,0.0592898205776,0.1133879186989,0.0232174725140,-0.0560883829600,-0.3712366639881
0.2378236485318,0.3806298639580,0.4789199669912,0.4903371778441,0.1496617490907,0.3986372368879,0.5187316915160,0.7239924689977,0.6445902866071,0.3341736329553,0.3098854899049,0.5430509196034,1.0000000000000,0.3174920819177,0.4073628511116,0.3872189091631,0.7959844479507,0.4815929778499,0.5587939257266,0.5546669472573,0.4057362645119,0.2512787693254,0.2579737591318,0.4842230056695,0.4509563526709,0.1915752645036,0.2974862784552,0.1634787340164,0.1980229627123,0.4244710730624,0.4338243289018,0.4701546639257,0.6083864365338,0.1982779856927,0.0056021538690,0.3185374569964,0.3000769419792,0.3082409715939,0.0276634963114,0.1392188168653,0.3502968698874,0.0966520553528,0.3217716774156,0.1398395274875,0.2879200133834,0.2428616609027,0.4991815431522,-0.0510162314467,0.1651734083586,0.3285422828916,0.2880013422178,0.3733775614680,0.2042891004748,0.4302538022006,0.3267338277530,0.4488967650184,0.2746826200517,0.4341469917002,0.3938960814320,0.6554224646237,-0.0515568659917,0.4517357242340,0.4923925122024,0.2709552794498,0.2077625925094,-0.3020366267716,0.2694474626756,0.3631221828417,0.5296178223815,0.2937955662428,-0.0041554165556,0.1548347864339,0.3555679500367,0.4120014546524,-0.2891979214942,-0.3668000858717,-0.2370740264487,0.1609229696836,0.1070965084265,0.2558130805910,-0.3093140799969,0.0201703275156,-0.1870988652421,-0.3457031439952,-0.4678284914135,-0.2452011138709,-0.1644793390952,0.0394150395681,-0.3718341450064,-0.2456502345149,-0.0560896337425,-0.2932227788878,-0.1159619056084,-0.1602313362503,-0.2672134167038,-0.0060847782627,0.1407273275047,0.2816193719980,0.0494385297347,-0.5059997436380
0.7358922063805,0.7593222238744,0.4742258462593,0.5858823361491,0.5030754175290,0.3940166623069,0.4100675435470,0.3223385134445,0.2169961906761,0.5084726670302,0.2406988881070,0.3826846895293,0.3174920819177,1.0000000000000,0.5526713180905,0.4530041222328,0.3828517061506,0.2820293746614,0.4469972195580,0.3453491288333,0.2950999027583,0.3142292691804,0.2672228337767,0.3644558497175,0.2505472267672,0.2503405427147,0.1639894166409,0.2870269647754,0.4738105409244,0.6656181315464,0.4726655917176,0.3034646984040,0.3795668345019,0.1401058636095,0.2911430390693,0.4402761211975,0.1052918690818,0.0733382138102,-0.0428109560581,0.1373411660503,0.6162820886535,0.5167873430523,0.2562100018213,-0.0669615667852,0.2949679911266,0.3647725018951,0.2938046077354,0.1807170717220,0.6463526557704,0.3450239710192,0.5426309759029,0.5090828179945,0.1017263207445,0.3368970885394,0.3801121728419,0.2881124424864,-0.4184622247898,-0.3375913293472,-0.2418484884371,0.0050172824141,-0.4519985753210,-0.2227357878074,-0.2177757827711,-0.5160882578297,0.3889349756131,-0.5693685387089,0.1372918938507,-0.4072939514789,0.0313523799616,-0.3070554748717,-0.4309399274277,-0.1682365513247,-0.1354002630370,-0.1227098078231,-0.6067328489809,-0.5905100061013,-0.3630717803227,0.1110647919893,0.1584835917894,-0.1270555426105,-0.4505993654366,-0.5153995864398,-0.3110601674126,-0.4947573017169,-0.5885279255280,-0.2829085165489,-0.2555023978023,0.2146870793431,-0.6994129040636,-0.5106540680996,-0.0937094037712,-0.3685009435465,-0.4818212522742,-0.3845694228057,-0.5396765742792,0.0667189648986,0.3917428771346,0.0480942831562,-0.2601842599242,-0.6626593510422
0.4570678674136,0.6024563057065,0.4869250314387,0.7062972261015,0.4523199894011,0.5106462418070,0.6155255437705,0.1932430411231,0.1755026121744,0.5749336770980,0.3273458861258,0.3365937211900,0.4073628511116,0.5526713180905,1.0000000000000,0.5141362845827,0.3400206778112,0.2868306391909,0.3581655154366,0.2261574111585,0.2674501638572,0.2155599422454,0.2419015044903,0.2407852177664,0.2071691703164,0.3226792184569,0.2467536658128,0.1397825720345,0.2583725397469,0.4098341811598,0.4087880488925,0.3732889194448,0.2855472325163,0.1086791187038,0.4092519929452,0.4454992280901,0.1708696223841,0.1049988995801,0.3899784212922,0.3799740686486,0.6001181480206,0.6306448389253,0.6047511667117,0.1031406347901,0.2672343189708,0.3595729768630,0.4046553862145,0.3940787334621,0.3186279376373,0.7390092780881,0.4526838251713,0.4447898464235,0.3979881908738,0.4343422777528,0.4711224604730,0.4920159594958,-0.3023768406941,-0.2216628376766,-0.0994846434164,0.0697352547217,-0.2783917030042,-0.0464763634980,0.0068846087992,-0.2693953245601,0.4166679663652,0.0116431695063,0.1999112702192,-0.2519674019546,0.0175453468660,-0.2305169937201,-0.2997848360883,-0.2373460275165,-0.1726598419335,-0.0969013179909,-0.5232677613734,-0.4144016689594,-0.2455638372842,0.0160522641338,0.0089335695402,-0.1016560121995,-0.5462923321589,-0.4536104202472,-0.1581956472233,-0.1559115867879,-0.4342573348001,-0.2687535624691,-0.1965157990771,0.3209706379556,-0.3555495406129,-0.2892164046195,0.1763325606072,-0.1755870331629,-0.2646550957885,-0.4307169817899,-0.5512917487785,0.3225469211550,0.1510544155567,0.0120899527803,0.0285315263787,-0.3275348801529
0.3951092013332,0.5137795251752,0.5151911383542,0.7255035961481,0.3002105661843,0.3243848427054,0.6369371121082,0.4441656336310,0.4559120458862,0.3866036402081,0.3188316841481,0.4113085202242,0.3872189091631,0.4530041222328,0.5141362845827,1.0000000000000,0.5615849498475,0.6245321026622,0.6839974646241,0.5719074907726,0.3292151727753,0.1067618442468,0.2895390806463,0.4462935780985,0.3966115579710,0.3117810288042,0.2718957060792,-0.0187477060541,0.1106752410387,0.2582124054792,0.6999131966065,0.5242241449718,0.6225135131905,0.1085896421556,0.6221821842262,0.7682179038151,0.2087272100110,0.1701930946480,0.3004298688706,0.2408594931536,0.3345433508845,0.3439755638863,0.4893617177032,0.0869607170615,0.3911935498805,0.1442692564905,0.3776151440715,0.1567278087573,0.1686141874741,0.2922255027463,0.3899503777794,0.3713797739375,0.3092951603462,0.4586250776092,0.3322423337392,0.6377456271703,-0.2522629676256,-0.1495771332421,0.0449646658162,0.2874058604072,-0.3171479054888,0.0079218511982,-0.0622477220072,-0.2737225543811,0.3585343643498,-0.2231045023350,0.6907561665385,-0.0780684274333,0.3666890546044,0.0502666573834,-0.2966493963389,-0.2084796819056,0.1925152107465,0.1385524983168,-0.3372646028368,-0.3232317339553,-0.1148748783210,-0.1010086986913,-0.0759030605292,0.3330393847734,-0.3628290835356,-0.2672307384643,-0.3619206202498,-0.0620517447500,-0.3360200377547,-0.2185170826840,-0.1313830531180,0.6374749437647,-0.4315733558250,-0.2612265222459,0.2992682827234,-0.2272655607191,-0.2777561314661,-0.5240329805829,-0.4645202913559,0.1167271248986,0.0580537941410,-0.0798084202485,-0.2430778682158,-0.4080050487613
0.2988511916573,0.3840699299127,0.5153951365395,0.5547959911848,0.1833363915013,0.3453719663592,0.5285318472956,0.7700301255684,0.6775762298483,0.3509218106230,0.3914148803086,0.5973238891977,0.7959844479507,0.3828517061506,0.3400206778112,0.5615849498475,1.0000000000000,0.6887035671702,0.7454304671796,0.7172786792782,0.5452637101893,0.3087973760915,0.3459786855462,0.6857253194408,0.4056279125193,0.1995249789031,0.3109334417507,0.1331801276148,0.1785902565096,0.3803662350250,0.6968733027947,0.5234319556771,0.7705237171961,0.1884255091597,0.1073973845491,0.4973926594082,0.3511126362250,0.3100912516595,0.0658300861711,0.1861456836773,0.3352279093860,0.1055086382839,0.3202875817441,0.0792230821214,0.3741363901383,0.1837120968905,0.4829250012184,-0.0538428878765,0.2534258039728,0.2776417160007,0.2855360348348,0.3112674886911,0.1922742393395,0.4260117800757,0.2975831924305,0.5133033833158,0.0999936151481,0.2691123295052,0.3070782321059,0.5790733556674,-0.1523856247737,0.3078183429346,0.2561844836983,-0.0378958158110,0.2042332647933,-0.4309321382964,0.3763132541712,0.3227466605891,0.5889819681783,0.2627029789178,-0.1059545136529,0.1240241466487,0.4719309304280,0.3427994840965,-0.2703031805640,-0.4482115502239,-0.2493261971644,0.0894766558836,0.0220657459856,0.4804574732472,-0.3358681529262,-0.1053377127987,-0.4041020300469,-0.4012161878061,-0.4766546073163,-0.2640044377242,-0.1178060966801,0.1867259804306,-0.4719031326360,-0.3341033093415,0.0314401134299,-0.3136310985564,-0.2532298388241,-0.2434146979372,-0.3702879197951,-0.0568668636243,0.1404441977469,0.1323498534100,-0.1071198486083,-0.5411222026718
0.3747503934323,0.3968706960621,0.3393973380852,0.5490740021805,0.3233752853159,0.1570173102102,0.3976228089744,0.5602247727428,0.5996399548199,0.3692233478148,0.4845998676999,0.4439941798135,0.4815929778499,0.2820293746614,0.2868306391909,0.6245321026622,0.6887035671702,1.0000000000000,0.5369890161234,0.5749063790089,0.1305104733676,0.0929102635322,0.2858386651790,0.4256084426374,0.3468113861691,0.1055527331654,0.2465929285149,-0.1356962076859,-0.0317225714636,0.0838519481649,0.5352015936091,0.3218284734220,0.4916565776726,-0.0626386325708,0.2294265451386,0.4460405657879,0.1090273559019,0.0982028294242,0.1032846152236,0.1399649966771,0.3101704660901,0.2599979832653,0.0812442507893,0.0651478157643,0.2290158395386,-0.0797705025522,0.1562334007204,0.1560040176996,0.1141840871155,0.1296923662415,0.3784127828754,0.2425954863241,0.3054152294467,0.3790248379764,0.2763799096433,0.6125895602179,-0.0093602087389,0.1785775656823,0.2929289016590,0.4512910936404,-0.2225878500029,0.3100433455659,0.1267193872401,-0.0773245103730,0.2859900050392,-0.3531103418971,0.4327577927595,0.3022211182234,0.4409340537579,0.2919752745136,-0.2358119586359,-0.1055393995100,0.4254840550707,0.2888047431049,-0.2166870421185,-0.2105255573510,0.0093947342356,-0.1811048809223,-0.2398533469551,0.6789613755374,-0.1816116404615,-0.1304146392881,-0.5110549372787,-0.1874932169510,-0.1746489342908,-0.2832648275760,-0.1535879599419,0.4114879074839,-0.4218092678771,-0.1526933987810,0.1462069511218,-0.1095489863476,-0.1598982588621,-0.4802748753927,-0.3828463251004,0.1395034435923,0.0118530504092,-0.0813692392130,-0.2234172800419,-0.3837278520218
0.3313063090260,0.5598117875608,0.6119798609406,0.5933095658604,0.1202996797977,0.3223187829038,0.6329074320775,0.7023567679217,0.6072383725741,0.3316941195100,0.1077166548608,0.3740167475365,0.5587939257266,0.4469972195580,0.3581655154366,0.6839974646241,0.7454304671796,0.5369890161234,1.0000000000000,0.7064840902765,0.3378372357040,0.2938778758900,0.0985749001042,0.5956808999285,0.5637541586085,0.1638385942722,0.1914925112798,0.3148070456985,0.3128816918135,0.5081355042577,0.6535425275815,0.3597300497556,0.5559187569952,0.1339522725829,0.1987416403277,0.7982121978154,0.2036662474141,0.3206540657407,0.0780528108252,0.2511870564095,0.3612152283745,0.0244474784948,0.4015062461025,0.0115364350413,0.5217755172729,0.3629307879192,0.4774443158739,-0.1445539552683,0.2343250225738,0.1987804145594,0.3350493901078,0.5197747508258,0.1116962514295,0.3978556416407,0.3127479825865,0.5408327224001,-0.1839153765917,0.0497735982152,0.0977045218229,0.5493927283838,-0.1654653790862,-0.0056537507060,0.0160093181142,-0.2682446553289,0.3633275684315,-0.4576481029768,0.5847015823318,-0.0169177867437,0.6949827507671,0.0678824277805,-0.2992414414666,-0.0201075863605,0.2107189729516,0.2581927451861,-0.4528115951266,-0.5915108155914,-0.4593712982037,0.2712319201965,0.2308057608351,0.2896154174983,-0.5266669067843,-0.3933342585395,-0.1940286832244,-0.3757262643466,-0.5833462868992,-0.2006048849591,-0.3167839852467,0.3402897319568,-0.5547160349534,-0.4329433941454,0.0655338434944,-0.2568070482874,-0.4325376649836,-0.1852607657166,-0.3902403969612,-0.1663841741654,0.2044817827286,0.3261380299572,-0.0378230352316,-0.5793165010576
0.2273279501440,0.3344213444188,0.3779372030127,0.4596241755080,0.1600261306142,0.3050042107413,0.3951338628268,0.7697076308193,0.7560882831440,0.3270371522978,0.3610101500630,0.4954894139472,0.5546669472573,0.3453491288333,0.2261574111585,0.5719074907726,0.7172786792782,0.5749063790089,0.7064840902765,1.0000000000000,0.4602118121972,0.3303149912299,0.3048772503357,0.6885302738906,0.6134895870353,0.4444024540446,0.4511370426002,0.2597777574861,0.2470581663963,0.3674828211228,0.6467723393367,0.5972303849701,0.6402846790869,0.2248688933917,0.2074767672052,0.6239269164046,0.4167123345075,0.6273034937382,0.0938898266463,0.2737625652462,0.3521290822528,0.1388848940791,0.2735666648089,0.3051959168425,0.6615029016634,0.2683245247814,0.4935318836336,0.0125510976696,0.2834594088126,0.2685406113661,0.1664898463400,0.1736277173798,0.0510439135690,0.3297305080785,0.2926651165647,0.3663598721875,0.0392260399315,0.1411733576369,0.2177549241693,0.5820816064731,-0.2397853354539,0.1995684087728,0.0219954780235,-0.1782282103958,0.0290609817977,-0.4666931597839,0.3703414841570,0.1216834084039,0.5598055163435,0.3454520774889,-0.2621101909445,0.0958048205558,0.4814469840818,0.4888541266150,-0.2712651511139,-0.3548268771364,-0.0375534546163,0.1600596883539,0.0006218893238,0.4120684129942,-0.3120221819059,-0.1514072608032,-0.4563590066342,-0.3573192836749,-0.3537328639600,-0.1220595100518,0.0139994548400,0.3084555958117,-0.4802251277011,-0.0349170395621,0.1217822282822,-0.1183323988554,-0.0909133186908,-0.2155785489593,-0.3151153107954,-0.0352416363006,0.0830608753092,0.0745558608351,-0.1755146022443,-0.5458105669999
0.0650402763189,0.0304969298486,0.2365238593472,0.2948823343354,0.0843466870614,0.3327887937464,0.2459054303896,0.3392901659851,0.2975935943027,0.3132148928505,0.4218104698993,0.6113893682642,0.4057362645119,0.2950999027583,0.2674501638572,0.3292151727753,0.5452637101893,0.1305104733676,0.3378372357040,0.4602118121972,1.0000000000000,0.4357309457710,0.5334857560632,0.6085862960082,0.0836052048017,0.4529428661809,0.4001592278100,0.2635525484243,0.2325680901955,0.2412162269633,0.5418622549863,0.6219644191216,0.6484621777525,0.3850869865257,0.3058970158958,0.3510006592006,0.5306276770670,0.2999766148015,0.0871860937383,0.2137559310573,0.2113170465366,0.1998002136327,0.4234216380794,0.0423100568536,0.3410177506788,0.3041550380313,0.4925272792046,0.0452469100500,0.2648973137804,0.3890090672669,-0.0294393232256,-0.0079747281327,0.0449886899104,0.2057170805359,0.1543735581199,0.0529565155515,-0.0118377510245,-0.0965760338573,-0.0233412421929,0.1331590525659,-0.0393696568024,0.1820511660104,0.0963828484672,-0.1870593067989,-0.1020688249566,-0.1807697573727,0.0174471209127,-0.0119299970968,0.1602814966205,0.0505191545523,0.1328054041845,0.3405870163641,0.3295528010382,0.2038108898367,0.0174577888392,-0.2436688053208,0.0254851429709,0.1741770260168,0.0464113518132,0.0066354224056,-0.2657737369542,-0.0687216950595,-0.2743782958006,-0.2142725132054,-0.3505052287771,-0.0379758970472,0.2977800725231,0.0884065444655,-0.0958653216232,-0.1907267160071,0.0341446333445,-0.2940511868083,-0.1279849404060,-0.0247552836605,-0.2424972600770,-0.0440659629352,0.0510673462374,-0.0361609530104,0.0226551356143,-0.2490840802344
0.1003353815687,0.2298318226508,0.1852780277408,0.2325538669783,0.1529072343644,0.3280738554424,0.2363872836800,0.3412905644613,0.3080317000919,0.6602031522809,0.4553284887537,0.4847648577269,0.2512787693254,0.3142292691804,0.2155599422454,0.1067618442468,0.3087973760915,0.0929102635322,0.2938778758900,0.3303149912299,0.4357309457710,1.0000000000000,0.4201804873887,0.3923603822312,0.1956078561151,0.1928547482115,0.2824325832288,0.3521079413446,0.5943475580137,0.3254621493077,0.2480394419075,0.2253640668047,0.3271281447827,0.1773066057037,0.0844095581781,0.1938900973911,0.2563758648710,0.1095153292869,-0.0982333038800,0.2238947892395,0.5498004201960,0.1497123306558,0.0442351648912,-0.1245788974911,0.2042159183516,0.5462075354451,0.3600369572171,0.0289734027887,0.4472479834040,0.1839630262257,0.0706370477178,0.0942945122096,-0.0323533778317,0.0812386700055,0.3175139106477,0.0599161303082,-0.0613610459568,-0.0725075925690,-0.0123667343761,0.1839800666073,0.2739785358149,0.0988292926327,0.0777526576926,-0.2796621787385,0.1162648038913,-0.3333207063336,-0.0029972889758,-0.1743523790838,0.1603050051630,0.0165909874591,0.0215683283958,0.5662020711821,0.1228855738709,0.2055379708403,-0.2110773838682,-0.3537244456569,-0.0889402972405,0.2470322475206,0.3425651411105,-0.1117637883439,-0.3062734305123,-0.2076846673511,-0.0780076998693,-0.3964276783947,-0.3589106256117,-0.1292025583173,0.0793574438624,0.0760852577810,-0.3288132384467,-0.2396150710320,-0.0538846923652,-0.1467857250498,-0.2621733604790,0.2130284080120,-0.1995822566075,-0.1133335367765,0.3584342942564,0.4310038031498,0.2184987720234,-0.3394678398635
0.1311025916476,0.1005097677069,0.0232811964184,0.3213263412506,0.1655872011468,0.1895203328257,0.2011137441779,0.3100808018585,0.3882020083112,0.4176517316047,0.7361717593046,0.7711609850291,0.2579737591318,0.2672228337767,0.2419015044903,0.2895390806463,0.3459786855462,0.2858386651790,0.0985749001042,0.3048772503357,0.5334857560632,0.4201804873887,1.0000000000000,0.2889383253322,0.1096372842574,0.3966601975854,0.5525451082599,-0.1013466637923,0.2186572991485,0.0931783989382,0.2886488383095,0.4662701934234,0.5288399986881,0.0685775977240,0.2267028515557,0.1066275536338,0.2989058599075,0.1032580498716,0.0492248918669,0.2600385232166,0.3430769588849,0.3978482425659,0.1919971460759,0.1180706857726,0.0419764726636,0.2046019495958,0.2830703870269,0.2340475470617,0.2530668046945,0.1739784766912,0.0164622925417,-0.1206179407043,0.0880300023811,0.0487419428376,0.1209461940073,0.1234543833631,0.0668335933646,-0.1081400627158,0.1703466022813,0.1017484654184,-0.0882597370348,0.3194823757468,0.1220703533201,-0.1693153070867,-0.0187911873469,-0.1310618772621,-0.0121369884145,-0.0606334874967,0.0326212613715,0.1283293842739,0.0456094281561,0.3958050545162,0.2178872981648,0.2479133073141,-0.0169654495563,-0.1190962139229,0.3430648496154,-0.1414132249474,-0.0450305308125,-0.0060747958774,-0.2110254574899,0.0018092482897,-0.3643669954356,-0.1343027094124,-0.1828276643650,-0.3159854306272,0.2817391948644,0.1289501211519,-0.1207351916302,-0.1425997263431,0.0606388690624,-0.2205611575916,0.0191679118580,-0.2970424311227,-0.4135352755760,0.0930958118760,0.0970449478320,-0.1871729540482,-0.1220978531802,-0.1411767821304
0.1925826578909,0.2635470136477,0.3350248890791,0.3697154576086,0.1568668997214,0.3460953210218,0.3422347665699,0.5375111750084,0.5002789925533,0.3279913512512,0.3523084625403,0.4690342043138,0.4842230056695,0.3644558497175,0.2407852177664,0.4462935780985,0.6857253194408,0.4256084426374,0.5956808999285,0.6885302738906,0.6085862960082,0.3923603822312,0.2889383253322,1.0000000000000,0.2986894124722,0.3056737586198,0.3767847375807,0.3450813120345,0.3321480682861,0.4275515032750,0.7481301185068,0.5137213277182,0.5420966839635,0.3005705452435,0.3329286412415,0.5939645261817,0.6012886262467,0.4260876672719,0.2386610995071,0.3176458944721,0.3369438113295,0.0987496265500,0.3415294096780,0.0722185468369,0.4911920039877,0.2352844151762,0.4517295425776,0.1365973709254,0.4503197886466,0.2764854495223,0.0696263470908,0.1196384787199,0.0021371333483,0.2362715121675,0.2402607394606,0.2320171374446,-0.1568629334484,-0.0859692695334,-0.0577423673773,0.3350866441915,-0.2562003505755,0.1371322277586,-0.0492119208310,-0.3274674883412,-0.0399553837661,-0.4068442589237,0.2845996902307,-0.0298932879956,0.4384614357746,0.0293120977785,-0.2953043168437,0.1595022283136,0.5188223253330,0.2384485561233,-0.3161552997635,-0.4205982275455,-0.1316927641333,0.2203248030073,0.0834281592952,0.3069963064052,-0.2980395357196,-0.2740363873236,-0.4215852676921,-0.2915565366527,-0.4163275107723,0.0083572155249,0.2005416861301,0.3732459396031,-0.4555820217502,-0.1610234451406,0.2741795362803,-0.0713047499059,-0.2531260421480,-0.1448681217385,-0.3025370177767,0.0868492625461,0.1477445362177,0.0059494453694,-0.1763176342407,-0.5507364362840
