1.0000000000000,0.2884746276443,0.6281989195409,0.4728448669986,0.8375838445348,0.6740969259916,0.4319781756297,0.1904166753471,0.1341892448031,0.5993974661142,0.3574855420526,0.3166075647691,0.1836098746992,0.7182277150578,0.4213721128310,0.2203198004128,0.2461813833057,0.2535933455528,0.1414692021234,-0.0477750803180,0.1814401341980,0.3102337290275,0.2168461335676,0.2318745112365,-0.0993632344988,0.0459472596732,0.1445772586944,0.0235604780988,-0.0598390548076,0.1933491940778,0.1600082112733,0.0129785328056,0.0648371532286,0.1697074478348,0.2090619133356,0.0354847720968,0.2152087367340,-0.1696845476420,0.0400765742861,0.3194083843647,0.6517734842534,0.5451842342595,0.0983191011329,-0.2002011914863,-0.1628791430306,0.3930924768345,0.2523743636454,0.4368704295100,0.5309646478765,0.2674937455105,0.8563169912772,0.2568327828904,0.0574896616123,0.6459684788500,0.6666916058519,0.2287983646503,-0.0423875953468,0.0667223844141,0.1943149706104,0.1794835090873,0.2062265052217,0.1753631305115,0.1735446817560,0.1555460425235,0.3374533585672,-0.1675349750134,0.0720835787468,0.1263494034305,-0.0242615379099,0.0552212609179,0.0838002515432,0.1720674763700,0.2027407719352,0.0035232855898,-0.0795531741690,-0.4574938416180,0.1066818596884,-0.0959522260516,-0.1883423087710,0.0710851243394,0.0113925544101,0.0105645957566,0.1286249149301,-0.0645036611377,-0.4446880142167,0.2942015697293,0.1249556925584,0.0796697526054,-0.1036590710976,-0.2184188281150,0.1133274705594,0.3374025884038,-0.0621325661965,0.0342163438770,-0.0564021035165,0.3147506179721,0.3367129808173,0.3288450498791,0.3902140100717,-0.0155589263631
0.2884746276443,1.0000000000000,0.4387372867357,0.2500007442387,0.2591229769719,0.1997196723371,0.1559128878123,0.3490816605183,0.2679738636485,0.4579744705293,0.2250308096939,0.2202428480899,0.2007742418920,0.4094858020527,0.4511526167492,0.0846339071373,0.1195123473508,0.1804110252373,0.1425729524633,-0.0016002612245,0.0948069518923,0.3441666622554,0.2340254117439,0.0444396736743,0.0852010761311,0.0628834706402,-0.0351598643665,0.1218163477234,0.4102297324666,0.5865107267322,0.0405224920475,0.1173380075878,-0.0454170618480,0.2291730457765,0.0223511395232,0.0529131701669,-0.0173492653920,-0.1417069664304,-0.0732397776766,0.2084271922126,0.3894846159931,0.4062434006337,0.1110727984586,0.0631060788251,0.1392836240944,0.2386826640144,0.2445040930221,-0.0967917064219,0.1364155578273,0.1227102064691,0.1587399145887,0.7386836589972,-0.0185705436321,0.0553617555996,0.1130670431661,-0.0092778820591,-0.0337007850791,-0.0233833378012,0.1485448364059,0.1802165300336,0.1906453685196,0.0389429450116,0.1056635139685,0.0128625321557,0.5108122423498,-0.1223468049193,0.0548630387007,-0.1238954062309,0.1657356865573,-0.1503558878428,-0.0590490883557,0.1299707734623,-0.0106760411942,0.0555675296896,-0.2629090652643,-0.2293892801606,-0.0842760805119,-0.0076708351168,0.3833799927266,-0.0593234702225,-0.2548558811543,-0.2741537057737,0.4134298142913,-0.0943859617498,-0.3169007312333,0.1220282393780,-0.1438148091085,0.0368003950537,-0.1597045626957,-0.2198506473658,-0.1022167860939,0.1604433329713,-0.0341857179887,-0.0837402302966,-0.1606999877727,-0.1116067046013,0.1161157989742,0.3306786738788,0.1793554640263,-0.0984002836804
0.6281989195409,0.4387372867357,1.0000000000000,0.6424617153414,0.5094653471150,0.6682030151926,0.5379520580252,0.3967916563833,0.2984314645137,0.4862109446085,0.4501109453756,0.3405431808016,0.2498857783194,0.6148083614087,0.4552279369716,0.4652360839954,0.3360324885370,0.3877873921577,0.2073292410620,0.1367220118489,0.3120048762543,0.4098129134698,0.3207842743018,0.3184244909643,-0.0415697683050,0.1382848417040,0.3135697458881,0.2214669762637,-0.0184976669074,0.3441353790032,0.3258838090102,0.2431488633793,0.2580641943713,0.2909257687050,0.3830305669401,0.1341425474148,0.3820280446037,-0.0097828670718,0.2594897106563,0.4465262573855,0.5239512005884,0.4896938918933,0.2265109316836,-0.1150806673707,-0.0244204989106,0.5015081933962,0.4598610460527,0.3754124630659,0.4125971744214,0.4091268356773,0.5550527725040,0.3740102159448,0.2023136465770,0.6616114307079,0.5553139287503,0.3895379896351,0.1186355329654,0.2848952911970,0.3904533867181,0.3182226023971,0.1689609599401,0.2432252070554,0.1344440702263,0.1651224993563,0.3222695884605,-0.0117208153106,0.3246027326824,0.2534062027487,0.0984931755459,0.2016760187180,0.0263529408482,0.2971136833028,0.3488178561320,0.0649894620896,0.0627219214268,-0.4911299098108,0.2166892177078,0.0941721455472,-0.1419362347626,0.2086311201301,0.2035365763627,0.2231700899460,0.1592445878673,0.1291789029052,-0.2805958907526,0.4222838889347,0.2407960602457,0.1803630540005,0.0107950157491,-0.1550283535603,0.2705803911078,0.3625088948107,-0.0067846457948,0.2331157165454,0.2153263969129,0.3286728729167,0.3641776714254,0.1910580611297,0.3019388098189,0.0142005208013
0.4728448669986,0.2500007442387,0.6424617153414,1.0000000000000,0.5093648122776,0.6722224258860,0.8108717921092,0.4634902749801,0.3756588036346,0.4651293260026,0.4472724068215,0.3915078964588,0.3407584387188,0.3739279758009,0.6334958476954,0.6192243761879,0.4841292958837,0.4949715069857,0.4816329929009,0.2510168069401,0.4234934187486,0.3215197027483,0.3622512526154,0.4374018676032,-0.0842746201382,0.2427935263854,0.3748467464257,0.3242729786572,-0.0284185570124,0.1663330405663,0.3938621556790,0.3795407447858,0.3021032716001,0.4042620205212,0.4938505408559,0.4343226497088,0.4662423220700,0.1183798065351,0.4252886358086,0.4653675754622,0.4245144653088,0.3853165935830,0.4828444639974,0.0067114516006,0.0604245404846,0.3968742333257,0.5215191844489,0.4676986923939,0.3759853306883,0.4899956139881,0.4229460337846,0.0168353216946,0.4566298251196,0.6894356218046,0.5593513751076,0.7864842593851,0.1291483109242,0.2837627848822,0.3341924937850,0.4118040898178,0.0369137719819,0.2993953294259,0.1773036606776,0.1096154634786,0.0492327046653,0.2171289097450,0.5583601033906,0.3199646963108,0.3103989001465,0.2979735670331,0.0605293383225,0.2505468603366,0.4087736511002,0.0882937591437,0.1221798767477,-0.3226476851596,0.2934783539539,0.1507700353588,-0.1464553244796,0.3154808956910,0.2311843845341,0.2755856827274,-0.0965968491269,0.2623665256813,-0.2417952347188,0.4268134953743,0.3014772669481,0.4535038351927,0.2421668422922,-0.0443504342937,0.4145806082356,0.3479801246869,0.1060972997790,0.2636866047919,0.2131151033690,0.4482022790258,0.2202340543423,0.0470247787291,0.1178982513635,0.0665346757357
0.8375838445348,0.2591229769719,0.5094653471150,0.5093648122776,1.0000000000000,0.7773258109443,0.4551720225681,0.2871094175210,0.2344344657117,0.6192186902076,0.4562859883537,0.3789395311956,0.3418713427786,0.5780792169168,0.4700601189087,0.2452730663715,0.3565539376169,0.3292899434252,0.2424795559687,0.0693006863647,0.2475981806810,0.3811720285743,0.2949428940255,0.3108734045980,-0.0339168862231,0.1748365808558,0.2377907464242,0.0696698153680,0.0428940219841,0.1921122119219,0.2098409893932,0.1473827992720,0.1413574612422,0.2051808547064,0.1513197763727,0.1197433595607,0.2457676456085,-0.0486836138858,0.0863703552590,0.3294604124360,0.6579181030845,0.5885107820565,0.2076257381076,-0.1069445266419,-0.0252621520605,0.3458648419090,0.2994373747587,0.4492257372034,0.6195554565304,0.3365315759908,0.7851984977796,0.1273324506637,0.1017212079474,0.6555962576641,0.7395863163727,0.2996347141474,0.0360476178823,0.0846409329083,0.1961845102443,0.2438405980224,0.2125948033924,0.2649540012779,0.2177829966522,0.2405645322590,0.1997600996373,-0.1443212141352,0.0948487012828,0.1911235658885,0.1287721773947,0.1079490076798,0.0395004066306,0.2105442823294,0.2480448450325,0.0765550472101,-0.0528168284940,-0.3196186283731,0.1937173318107,-0.0436898875792,-0.1564244790042,0.1614434210504,0.0350893812615,0.0745476734130,0.0418429557174,-0.0366966004080,-0.3377211182509,0.2769668605858,0.1610251165180,0.1266641713044,0.0048393320190,-0.1479257899771,0.1049346488165,0.2790112177139,0.0090174079715,0.0294775373734,-0.0646946510375,0.2998367394008,0.2772015456074,0.3078118251837,0.3424004773173,0.0346678875817
0.6740969259916,0.1997196723371,0.6682030151926,0.6722224258860,0.7773258109443,1.0000000000000,0.6668503959565,0.4478631668132,0.4332057470501,0.6567741966594,0.6190855787473,0.5312759463094,0.4914844705985,0.5414795979932,0.5768319222221,0.4898175892166,0.5207771227579,0.5328378318608,0.4112491564691,0.2961534275783,0.4045467495383,0.4927663435055,0.4544778072931,0.5222706855848,-0.0165931961690,0.3406093355203,0.4816250428968,0.2438513468257,-0.0459327525201,0.1984855054536,0.4265406952921,0.3860370216175,0.3896053081430,0.2950312044534,0.3390028460009,0.2657815761045,0.4972918730167,0.1270114208453,0.3304718510738,0.4694768154022,0.6289916739693,0.6362497960612,0.3281910815181,-0.0410572713155,0.0504914307364,0.5173196167132,0.5132877075360,0.6080393863413,0.5530390499317,0.5357125766010,0.5630021419817,0.0293587934922,0.2086245672945,0.7995616044059,0.8378612820051,0.4573287667736,0.1557231118805,0.3320081571520,0.3855418315525,0.4820950859685,0.2197320236687,0.4119160387808,0.2777219285109,0.3279023346506,0.0931880955809,-0.0723965679207,0.2891202545422,0.3974670742708,0.3127831939573,0.3207410702102,0.0341386270274,0.3432984964151,0.5125612954738,0.1744322111966,0.1055288511172,-0.3489517859674,0.3741119991238,0.0963239683077,-0.2530797761211,0.3690999804874,0.2104862470994,0.3366978322157,-0.1141538477586,0.0769999482755,-0.2673502041427,0.3690527380882,0.3707053926635,0.2367660332578,0.0727174317389,-0.0881528436660,0.2887262392311,0.3022300662132,0.0970916290071,0.2108663123295,0.1696294726760,0.4592137449863,0.2623648743244,0.1478365427345,0.3114477577057,0.1219580971372
0.4319781756297,0.1559128878123,0.5379520580252,0.8108717921092,0.4551720225681,0.6668503959565,1.0000000000000,0.3575074340208,0.3390948003921,0.4622733746438,0.3785991104328,0.4045391089613,0.3917347637842,0.3085131720655,0.5812778596280,0.5611905587363,0.4512878692630,0.4120936204408,0.5420100037728,0.3266233971657,0.3542806522150,0.2394697030084,0.3018659043740,0.4072183408795,0.0726407360662,0.3583075556406,0.3798826595752,0.3187464942075,-0.1194458993862,0.1244623554654,0.4046443535394,0.3999376056317,0.3753913112625,0.3073362471676,0.5033005084180,0.5156458484088,0.4198489444352,0.2188374317147,0.4006647545521,0.3657559509154,0.3172338770807,0.3532445752891,0.4266823557323,0.1049058072068,0.1785667880480,0.4177125408271,0.4525495706542,0.4249896979119,0.2515896678134,0.3992260392560,0.3792168982124,0.0032499956708,0.4426153161116,0.7178981919082,0.5710395819069,0.8067703814115,-0.0203958697076,0.1813613152960,0.2024122043969,0.4105318015222,0.1102133453719,0.2242034300745,0.2293416599938,0.1506634574920,0.0966316172457,0.2355495373485,0.5644222815237,0.2968734337158,0.3443949142908,0.3500526046001,0.1283330425976,0.2157329349950,0.3579565814353,0.2328018365581,0.0105721753796,-0.1969552900287,0.3280956021769,0.1915936948492,-0.1811013107085,0.3090731045552,0.2105330981869,0.2982920629629,-0.0883153954916,0.2134803835847,-0.2176476307504,0.3001062561200,0.2321692784044,0.5207502735568,0.1775194935421,0.0558134561670,0.4264139939299,0.2084194366706,0.2123949387584,0.2516052079997,0.2242893065979,0.3884053534758,0.1546643201029,0.0571876395958,0.1257682493967,0.2097136918062
0.1904166753471,0.3490816605183,0.3967916563833,0.4634902749801,0.2871094175210,0.4478631668132,0.3575074340208,1.0000000000000,0.8106906528973,0.4578327201414,0.5615177399942,0.5372900751383,0.6259532359511,0.1804703087240,0.3237147658014,0.4387066196730,0.6733334371602,0.7494740301816,0.4722184313314,0.6405107970131,0.4788312084707,0.3807881703820,0.4642692642676,0.4930293124725,0.2854676712731,0.4020161475157,0.5735926447427,0.2799539551096,0.1384057390791,0.3604060442814,0.3792001138704,0.4870220503798,0.4130900880037,0.3201042296677,0.1480267746511,0.2103217246820,0.4546637730598,0.3700833263726,0.2002878969901,0.4513465649420,0.4450770208846,0.4449407487614,0.2896661175428,0.2799266002721,0.3653514136645,0.4223922713009,0.5123732647885,0.1609801601813,0.1554612764911,0.4688404658029,0.0258548144679,0.0317006799615,0.0912301724272,0.3073788360750,0.2247881390250,0.3465970443003,0.5065553626418,0.6327635623204,0.5509167964124,0.7098061965921,-0.0037697381460,0.4093041521931,0.2583250258830,0.3366534951722,-0.0624220184513,-0.1842053335282,0.3101816186175,0.5096896754681,0.4697118781825,0.4844858581621,-0.0323978269188,0.2554981078343,0.5781420064985,0.4759781161400,0.0766763563438,-0.1736270922354,0.5211740995959,0.1757740650789,-0.0185821212960,0.4334187596293,0.2491289062510,0.3098780431362,-0.0755553683846,0.0819742888715,-0.0206199491086,0.2863970892602,0.2872011715261,0.1855247171013,0.0994763079050,0.1564567146690,0.1491031523659,0.3112856962507,0.3289879389771,0.1651520452268,0.0766332356099,0.0862188201126,0.0128426122135,0.0364352684079,0.0232254980789,-0.1023421622911
0.1341892448031,0.2679738636485,0.2984314645137,0.3756588036346,0.2344344657117,0.4332057470501,0.3390948003921,0.8106906528973,1.0000000000000,0.4450388134338,0.6495897297684,0.5897384702743,0.6763708428463,0.1039259748227,0.3151431921541,0.4894991024779,0.6422583393150,0.7370385384869,0.5779966521401,0.6041354390338,0.5017409318415,0.3511128758994,0.5183148711669,0.6075806818078,0.2815579310562,0.3918676468577,0.6134157760673,0.1963744116675,0.1431817452491,0.2500726109869,0.4302769918563,0.4590779435414,0.3958311330536,0.2846351904164,0.2549956815291,0.3439562367330,0.5315915250932,0.3160493305845,0.3076847023690,0.4125417310205,0.3367451909453,0.4117439141823,0.2804997315086,0.1805581862425,0.1969663490501,0.3018159470487,0.4454391623656,0.2164967112827,0.1149254775374,0.4268467683229,-0.0864573239317,-0.0304675482362,0.0594643534717,0.2925718605950,0.2042887376055,0.2771847095608,0.5524712526896,0.6163333344267,0.6114728501096,0.8952774908480,0.0590105555331,0.5597790170673,0.3710246563087,0.5124428621894,-0.1395960527618,-0.1280566851969,0.3699483373851,0.5673143769441,0.6868303013116,0.5915152698741,0.1322299063875,0.3522413700457,0.7001820638829,0.5221249446476,0.1845924589795,-0.1094379546263,0.5339218896313,0.0967798272626,0.0129704519702,0.5261197427993,0.2458452755714,0.3632886693140,-0.2011391804641,0.1604847872189,0.0032452496540,0.1648057984556,0.4337217315753,0.3136236366283,0.1589179779272,0.1191020023866,0.2775782202088,0.2474209934816,0.2677540711691,0.0227401087315,0.0546990365877,0.1346195948900,-0.0934198377202,-0.0616921122966,0.0528947493449,-0.0052003028317
0.5993974661142,0.4579744705293,0.4862109446085,0.4651293260026,0.6192186902076,0.6567741966594,0.4622733746438,0.4578327201414,0.4450388134338,1.0000000000000,0.6753834279376,0.7426649153205,0.6028908724355,0.5464747714467,0.6474500736133,0.2863158341489,0.4956832335345,0.4136487633777,0.3960908519951,0.1451560154768,0.5015450805957,0.6427627903887,0.6185849706554,0.3493306774579,0.0955258555976,0.2711143870301,0.3707837293937,0.0093267447010,0.0765364892066,0.2654887635000,0.2539699961685,0.3607288206526,0.3741299920815,0.4550109386550,0.1658661673471,0.2117673130080,0.3554626171362,-0.0769411270994,0.0642768247775,0.5287806442788,0.7340389067971,0.7844269546186,0.3365630961013,-0.0431308944992,0.0360538270716,0.5013497813813,0.5736859646282,0.2478380165345,0.3026755326606,0.4597030881379,0.4117466081074,0.1765203343563,-0.0450512142166,0.5303885664998,0.4603388502018,0.1786907369600,0.0709262213028,0.1009823985697,0.2207176005273,0.4135012660024,0.4954837437676,0.4618789887178,0.5681489258320,0.3905746906630,0.1551999293204,-0.1233265816094,0.0908357275334,0.2321765205226,0.2262805877015,0.1180551662003,0.2976322327022,0.4922780035056,0.3281696862604,0.2123366148533,-0.0822570144605,-0.4186576934365,0.2647618596402,-0.2187441435064,-0.1482699949147,0.1427581669800,0.1018335715250,0.1292225748865,-0.0597579788462,-0.0376244543057,-0.4519292584556,0.3318155602969,0.1737060613536,0.1958669252067,0.0255983081139,-0.2168384797769,0.0906243627793,0.3906660132700,0.0504314859881,-0.0989336478017,0.0809062780566,0.1051525192664,-0.0087854318044,0.3305453880641,0.4437893907063,0.1688310131414
0.3574855420526,0.2250308096939,0.4501109453756,0.4472724068215,0.4562859883537,0.6190855787473,0.3785991104328,0.5615177399942,0.6495897297684,0.6753834279376,1.0000000000000,0.7905237541355,0.6908615599443,0.3059325243592,0.4743133761102,0.5336073740524,0.6630159101499,0.6655097235767,0.3835405917382,0.2929511003505,0.6362147874580,0.5428154863428,0.7922202742584,0.5743564405822,-0.0014000017692,0.3157239411163,0.6538181380595,0.0099325177921,0.0555228055057,0.1951644914358,0.4315916760124,0.5116950872627,0.5316508605537,0.4297790320108,0.2674315507315,0.2278342469884,0.5740139315146,0.0674405778913,0.3701719930248,0.5887263997940,0.5806920076026,0.6652883348828,0.4101225798940,-0.0614902116315,-0.0223818689410,0.3389617217792,0.5927088231605,0.3632134719023,0.2898760699906,0.5915369549658,0.1854083863617,-0.0623758500319,0.0173928673141,0.4710226246734,0.4181590947551,0.3048926735684,0.4084842856922,0.3890972848867,0.5382574959163,0.5446774762344,0.2638904386251,0.7740429290224,0.5537800280637,0.5882486310872,-0.0877966758464,0.0494484918075,0.2876702570091,0.5883603924958,0.3916636381852,0.3856136484155,0.3018517423396,0.5880934977287,0.6563929340075,0.2286485730022,0.2274569241538,-0.3710070786320,0.4883407490674,-0.1614247945359,-0.1813739001460,0.4741006006871,0.3670580346418,0.4430266519913,-0.1724678160291,0.2574099068347,-0.2055051856392,0.2665629505212,0.4862973066043,0.2824651617764,0.3195906350617,-0.1500309906388,0.3379755523819,0.4181141012991,0.0398290893429,-0.0790294539069,0.1458249958396,0.2573145614497,-0.0363038453533,0.0376601973223,0.2749328136467,0.2330794065154
0.3166075647691,0.2202428480899,0.3405431808016,0.3915078964588,0.3789395311956,0.5312759463094,0.4045391089613,0.5372900751383,0.5897384702743,0.7426649153205,0.7905237541355,1.0000000000000,0.8113106471549,0.3310088501244,0.4320702324375,0.4069996615218,0.7256814199897,0.5389953119699,0.4203306223835,0.3146869362410,0.6913009466972,0.4908060751025,0.8319031440512,0.4870834957813,0.0447795024278,0.3620697983750,0.5986517925099,0.0653089646535,0.0264031226685,0.1922988341701,0.3890460965805,0.5709028098994,0.6610982703398,0.4918008266265,0.1737019121719,0.1574735747941,0.5266014365059,0.0819482769342,0.1334956306216,0.5765453113341,0.5064813756673,0.6429810893805,0.3371575416753,0.0343227407317,0.0528609511346,0.4162947507121,0.6701326635890,0.2120175620085,0.1956334128854,0.4866548906002,0.0995609146582,-0.0683484232147,-0.0421339092947,0.4544303311423,0.2874756807542,0.2510472861378,0.3368633663637,0.3114641079283,0.3834589158075,0.5461810769480,0.2703580058790,0.7013087178110,0.7265820830764,0.6332436250960,-0.1208089333251,-0.0426376622273,0.1640276121389,0.5222428593439,0.3314934456111,0.3511652111838,0.3534840686332,0.5872287690287,0.5567745384209,0.3041453729722,0.0836998484498,-0.3908816923290,0.4371165049838,-0.1330608002186,-0.1792224316155,0.3278020040576,0.3083445425957,0.4180728936455,-0.2754573391142,0.0070883498963,-0.3638855394321,0.2788118267236,0.3414841593625,0.1826359257518,0.1824207922883,-0.1458966190377,0.1237143564985,0.3368196518841,0.1287637408664,-0.1274538815424,0.1959578148591,0.1363894427196,-0.1194817740847,-0.0587199218877,0.1779213595565,0.2087209625620
0.1836098746992,0.2007742418920,0.2498857783194,0.3407584387188,0.3418713427786,0.4914844705985,0.3917347637842,0.6259532359511,0.6763708428463,0.6028908724355,0.6908615599443,0.8113106471549,1.0000000000000,0.1673783330301,0.4314994980643,0.4022899628314,0.8015055088920,0.5869100290285,0.4992820352595,0.4318275646239,0.5676429801936,0.3448322252498,0.6265480646330,0.5642942778666,0.1873010155169,0.5013168086554,0.6114434516645,0.1378112724586,0.0897787306176,0.2735897624561,0.4428879803702,0.6058335653189,0.6287106822243,0.4705752077575,0.1645514153289,0.2829420087871,0.4886831677688,0.2436523797110,0.2503339144135,0.5414802730334,0.4032036868915,0.5356618652480,0.4363430291414,0.1915585696616,0.2178489702358,0.3524888456345,0.6137470056804,0.1671540568569,0.1297664539998,0.5181359877659,0.0112743737686,-0.1240896551677,-0.0694300323806,0.4012549008352,0.2041982908267,0.2653200653928,0.3487435816132,0.3510790858817,0.3465027654876,0.6271601980375,0.1276696107249,0.6198805952747,0.5862811318532,0.7270679239356,-0.2025971185737,-0.0779277414117,0.2284598540961,0.5766148988320,0.4241402409552,0.3666697038994,0.1691099859497,0.3753051750683,0.5445636717737,0.4147379661847,0.0031244253122,-0.1622675316108,0.4552065184334,-0.0078272109307,-0.1146775348550,0.4004644533868,0.3198876884650,0.4295258754430,-0.2754330705396,0.0809696037437,-0.2179717730329,0.2205322428409,0.2624365203864,0.2527165764459,0.1409707222288,-0.0149683965051,0.1837405231880,0.2707568922021,0.2581094140826,-0.1290302143596,0.1949429286346,0.0805968258765,-0.1754076214512,-0.1469954275283,0.0403588710561,0.1107439907076
0.7182277150578,0.4094858020527,0.6148083614087,0.3739279758009,0.5780792169168,0.5414795979932,0.3085131720655,0.1804703087240,0.1039259748227,0.5464747714467,0.3059325243592,0.3310088501244,0.1673783330301,1.0000000000000,0.4104955429502,0.3557204969290,0.2660344512155,0.1878980163411,0.1710475112940,0.0694866313072,0.3609325883334,0.4888461603644,0.2908957303023,0.2961654279133,-0.1089850516945,0.1210301256415,0.1793302785254,0.2392270394996,0.1144754933885,0.5131536137984,0.4034828904585,0.2248957023112,0.2717488350584,0.1531260722685,0.3124857018994,0.1519415631066,0.2682201283351,-0.0849547202011,0.0423312555821,0.2477372585982,0.5878885122628,0.5657507342511,0.1118243337786,-0.1172319945346,-0.0028353565545,0.5183917399872,0.3868336117116,0.4225447411306,0.6716987251706,0.2181962743170,0.6514647066626,0.3004560761171,-0.0521829023864,0.4359070337090,0.5273461305658,0.0237490974767,-0.0707046954265,-0.0080166819130,0.1779302289093,0.1555607685926,0.1052117770739,0.0741191934701,0.0559355756565,0.0104730814796,0.3860016766168,-0.2675123394494,0.1419149398220,0.0759088780385,0.0747301982858,0.0581812863750,0.0116111164335,0.2244167450034,0.1715639211764,0.0067401878842,-0.0007840173595,-0.4296242572036,0.0884136725137,0.0376549153319,-0.0735967854746,0.0647086616983,0.0088132264410,0.0490421949209,0.0897410361860,-0.0879502686043,-0.3686696252650,0.2135746518295,0.1931543015327,0.0974643682725,-0.2136126187264,-0.1904765140231,0.0319392908360,0.1472158896176,-0.1036156835241,0.1123351499088,-0.0209379099649,0.3054380315792,0.5209771852587,0.2176290752437,0.1574620129502,-0.1879895706415
0.4213721128310,0.4511526167492,0.4552279369716,0.6334958476954,0.4700601189087,0.5768319222221,0.5812778596280,0.3237147658014,0.3151431921541,0.6474500736133,0.4743133761102,0.4320702324375,0.4314994980643,0.4104955429502,1.0000000000000,0.4810419866385,0.3883785466760,0.3487925502147,0.3837054070339,0.1523502379923,0.3867784267549,0.3313929074283,0.4297165547294,0.2855291576995,0.0345667673813,0.3492456548740,0.2721578429884,0.1329489523086,0.0694662525683,0.3077525767021,0.2961564979437,0.3619393592268,0.2304584070927,0.5198050357165,0.4667580338443,0.4685046836099,0.3162441108182,0.0205618343139,0.4990010036840,0.5662583054503,0.5827685558601,0.6176996457504,0.6409253197707,0.0339594020705,0.1390455167777,0.3774376925093,0.5423116830289,0.4511373448971,0.3017219260720,0.6622390549272,0.2807547447905,0.1613292017581,0.1417308423949,0.4960644735214,0.4328186774128,0.3218382353912,-0.1445875377001,-0.0055944142474,0.1681378803215,0.3136626097675,0.1220515528983,0.2602991757988,0.2516566248047,0.1397585044466,0.1495971216260,0.3377926567240,0.3360520063947,0.1128989019536,0.2210127296672,0.0282611269805,-0.0137438161463,0.1920253254798,0.1908635338293,0.0607296330961,-0.2098432538415,-0.2897131483208,0.1231996656866,-0.0818925505869,-0.1064451113598,0.1225100461037,-0.0160805088412,0.0254553132091,0.0197213699519,0.2416354026698,-0.3423377121090,0.3786722977025,0.0673952969717,0.4480580352353,0.1781815077558,-0.1709274894020,0.3932651707434,0.3610296163907,0.0660923283358,-0.0687454673151,0.0662804620111,0.3404530729679,-0.0081573221441,0.1609977148854,0.2435612037931,0.2162136570340
0.2203198004128,0.0846339071373,0.4652360839954,0.6192243761879,0.2452730663715,0.4898175892166,0.5611905587363,0.4387066196730,0.4894991024779,0.2863158341489,0.5336073740524,0.4069996615218,0.4022899628314,0.3557204969290,0.4810419866385,1.0000000000000,0.5370856068061,0.5374740105732,0.5325576130928,0.4361389046611,0.6263609277766,0.2997798797511,0.4741312322512,0.5972846054866,-0.0787889946612,0.3825862298157,0.5395460618247,0.2418577367924,0.0031696666551,0.2229539792076,0.7114487279591,0.5800572582769,0.5598696047311,0.3805804098361,0.7859336671368,0.6513209110591,0.5544665513716,0.2391783767227,0.5701707561554,0.4374509184624,0.3089558820534,0.3820159662565,0.5359848822841,0.0280375246829,0.1124386631060,0.2919615302733,0.5248346215961,0.5431587054375,0.3829695710117,0.4749112654020,0.1316430045834,-0.1880830255512,0.1931788838961,0.3961543724896,0.3598352325740,0.4317803860150,0.2563942741349,0.2945481515331,0.4730937675641,0.4563564197759,-0.0989945542532,0.3523246899575,0.1269316496960,0.2090300473234,-0.0990820115427,0.1955927797633,0.7956668906491,0.4811696710283,0.5107304703222,0.4750383627528,0.0880366603758,0.2659879814101,0.5387908320474,0.1464148885292,0.3294006664448,-0.2112158503554,0.4302931130649,0.0589733028313,-0.1568124080347,0.5002957754529,0.3471120112418,0.4553357692820,-0.2193380993649,0.4813443163875,-0.0278583680667,0.2286777586326,0.5020369726692,0.6725720297381,0.2205252951093,0.0359350131036,0.5208469634971,0.2223510466147,0.0636236022013,0.0608050442424,0.1170170630135,0.5212590622277,0.1838710291026,-0.1280792544985,-0.0608503662666,-0.0592617959925
0.2461813833057,0.1195123473508,0.3360324885370,0.4841292958837,0.3565539376169,0.5207771227579,0.4512878692630,0.6733334371602,0.6422583393150,0.4956832335345,0.6630159101499,0.7256814199897,0.8015055088920,0.2660344512155,0.3883785466760,0.5370856068061,1.0000000000000,0.7666620655056,0.6210979245883,0.4980886509798,0.7283184692259,0.4187682703025,0.6095540895823,0.7470253570458,0.0342923326356,0.5300426470829,0.7057458068190,0.2566563195025,0.0813494323283,0.2584561635669,0.6672629135234,0.6805221319445,0.7295589483069,0.4108091658400,0.2710151522922,0.3037425590994,0.6098852607018,0.3137119364241,0.3364163257735,0.5283201628396,0.4353708592546,0.4222083410207,0.3667827655770,0.2211773409008,0.1708474581223,0.4278098183791,0.6395465803004,0.3133946819225,0.3019221755840,0.4684887953043,0.0933869803093,-0.1931252603562,0.0418206051317,0.4042460688859,0.2829542411692,0.3641726191268,0.4073853629183,0.5168165414558,0.5165189049800,0.6511374301297,-0.0455837265771,0.5625328537491,0.3912158399614,0.5327407724936,-0.1753109366289,-0.1017936925246,0.4144439076321,0.7255325320750,0.5052895233611,0.5536309951872,0.1637512292826,0.3746274769300,0.6795683304367,0.3844008714975,0.2463099299358,-0.1540509384497,0.5556807429273,0.1137961626286,-0.1207138406283,0.6551130956989,0.4686739215905,0.6071022567560,-0.2788487516064,0.1605296971533,-0.1729253839194,0.3064470273968,0.4363462638671,0.2880413963402,0.2123468359224,0.0449741000909,0.2902196791543,0.3145254903561,0.3079142845839,0.0970088163271,0.2531388935002,0.2236827521671,0.0647594573004,-0.1553978737854,-0.0817645009256,-0.0118007907378
0.2535933455528,0.1804110252373,0.3877873921577,0.4949715069857,0.3292899434252,0.5328378318608,0.4120936204408,0.7494740301816,0.7370385384869,0.4136487633777,0.6655097235767,0.5389953119699,0.5869100290285,0.1878980163411,0.3487925502147,0.5374740105732,0.7666620655056,1.0000000000000,0.5544505392177,0.4642316457364,0.5783266451997,0.3721309128905,0.5109763724085,0.7251447382500,0.0022868168117,0.3007524664529,0.5980122124618,0.1913782391529,0.0871079164908,0.1858558023596,0.5813870181455,0.4350246363431,0.4308885743839,0.2475282846889,0.3053912530787,0.3054628155862,0.6057752309536,0.2089360387098,0.4006616671357,0.4417662723386,0.4279514297946,0.3995054631909,0.2555454887796,0.0337030553064,0.0738036958107,0.3434451170728,0.4472732328216,0.3559186087407,0.2475579971601,0.4950052889399,0.0850056489238,-0.0483190519522,0.2097458679967,0.3722800561801,0.3466183959809,0.4044721641121,0.5733591107202,0.6257645866549,0.7154240143447,0.6383058292800,-0.0006737657501,0.5305555878432,0.2716426247654,0.4565922152939,-0.0201627894324,-0.0220683033420,0.4838761135461,0.7492009861786,0.6150000259505,0.5572617895996,0.1473466782452,0.3331960654982,0.7714971768372,0.2831357541488,0.3488009313063,-0.2156123440366,0.4799083819953,0.0602879187487,-0.0566398788922,0.7394113115174,0.3394513701584,0.4451009249929,-0.1220491707034,0.2666545711682,-0.0637156632044,0.2598816339213,0.5219125510624,0.3463396934862,0.2965591554208,0.0170452438672,0.4093060361711,0.3220512528410,0.1182417170828,0.1499711384032,0.1018982091751,0.2949056950870,0.0907485964219,-0.0029711328970,0.0617429825821,0.0383030687497
0.1414692021234,0.1425729524633,0.2073292410620,0.4816329929009,0.2424795559687,0.4112491564691,0.5420100037728,0.4722184313314,0.5779966521401,0.3960908519951,0.3835405917382,0.4203306223835,0.4992820352595,0.1710475112940,0.3837054070339,0.5325576130928,0.6210979245883,0.5544505392177,1.0000000000000,0.5874420060182,0.5062838773326,0.3308049379744,0.3302627533357,0.6351703133659,0.2774738428043,0.5094552988304,0.5093810387278,0.3338014367300,0.0366641624881,0.1394169860052,0.5823011900981,0.5117649925864,0.4974821148336,0.3676530714109,0.3099059873446,0.6902402020615,0.3989069242977,0.4754723627389,0.2526327994720,0.3626743450720,0.2387246919642,0.2387993019315,0.3852676569400,0.4047912207349,0.4033921925557,0.3459037588681,0.4908958721284,0.1746898080047,0.1982016571211,0.2326471651588,0.0366913157367,-0.1546803613956,0.0895116162577,0.2554667240364,0.2140428322730,0.3919916756002,0.0982593809183,0.2741360417971,0.1640702149676,0.6634740460218,0.0328543762560,0.1643503081599,0.1829488898084,0.1984147430739,-0.0198641504457,-0.1007691017664,0.6024814166315,0.3668234779228,0.7347092781643,0.5432488583180,0.0763766683931,0.1591738474178,0.4471593040398,0.5118187094927,0.1433856875602,-0.0174992924103,0.4879088876719,0.1594030248099,-0.0129455243281,0.5524712423905,0.1924218766131,0.3107255670464,-0.1792683689228,0.1888914816419,-0.0446329870905,0.1427894410726,0.3195978452118,0.4555088623537,0.1269794705428,0.3275629081598,0.2327477424509,0.1697210508050,0.4024532035372,0.1100307027656,0.0986976696110,0.0986807800926,0.0279067256624,-0.0430803199235,-0.0730707874410,-0.0091949048780
-0.0477750803180,-0.0016002612245,0.1367220118489,0.2510168069401,0.0693006863647,0.2961534275783,0.3266233971657,0.6405107970131,0.6041354390338,0.1451560154768,0.2929511003505,0.3146869362410,0.4318275646239,0.0694866313072,0.1523502379923,0.4361389046611,0.4980886509798,0.4642316457364,0.5874420060182,1.0000000000000,0.3697834687082,0.2253311154870,0.2698724742283,0.5521086015369,0.5853665919606,0.6687235026761,0.6909953496211,0.4476642822090,0.0105678604603,0.2572966895310,0.5226487529188,0.6039368426999,0.5466138343129,0.3090092052306,0.2769674841233,0.4554077177383,0.4928261705804,0.8329707243335,0.3246078661233,0.3850912934770,0.1956973488419,0.2074680426267,0.2639950409993,0.6584003449599,0.6713016668572,0.4686955775331,0.4797150435699,0.2355574517876,0.1752704977498,0.3549784076998,-0.1275344426384,-0.3108418221449,-0.0525756980264,0.1495852793663,0.1398154576198,0.2414773592488,0.2691453789825,0.4996976492735,0.2224589918067,0.7000703563768,-0.2733257507177,0.0369130883494,-0.0905481295299,0.1070269439199,-0.2972457914453,-0.1941699928656,0.4092071705574,0.3461640337998,0.5113235958483,0.7402917465659,-0.2457572557184,0.0322696459488,0.4510934269071,0.7943065838146,0.1121538361988,0.1347159208217,0.7316696555728,0.3610698479459,-0.1295376019132,0.4088954335712,0.3252203491811,0.4427034902395,-0.2930211335247,0.0831648801089,0.2881111416490,0.2167968189841,0.3822824297516,0.2980127546357,0.0444280101711,0.6628625366092,0.2367381028290,0.1705524629464,0.6877449400896,0.2809686222090,0.1217139462840,0.1567047597696,0.0686689835086,-0.2334463615900,-0.2775756081999,-0.1148404019599
0.1814401341980,0.0948069518923,0.3120048762543,0.4234934187486,0.2475981806810,0.4045467495383,0.3542806522150,0.4788312084707,0.5017409318415,0.5015450805957,0.6362147874580,0.6913009466972,0.5676429801936,0.3609325883334,0.3867784267549,0.6263609277766,0.7283184692259,0.5783266451997,0.5062838773326,0.3697834687082,1.0000000000000,0.5019519183490,0.7260085165380,0.6636704249159,-0.0179044085277,0.4146645016373,0.6136052102112,0.1836618563047,0.1756565398314,0.1849334859729,0.6796762163112,0.6499733528307,0.6811713623946,0.4346322033285,0.4287790205932,0.3993910225647,0.6342644512809,0.1410688869000,0.2977026726633,0.4746862339314,0.3696550774243,0.4629316263917,0.4170424217165,0.0751686274080,0.1154769656576,0.3635092975342,0.6188580721899,0.2855745253441,0.3355308716016,0.4579118346613,0.0267703818068,-0.1816416339703,0.0241676329162,0.3399532844211,0.1818842127833,0.2184775940922,0.3013130006361,0.2469574074406,0.4015043805295,0.4384563279096,0.0447147113411,0.5212137532539,0.4048053731512,0.3096850172362,-0.1229619130952,-0.0013082575606,0.4065250713542,0.5027533050851,0.4675259255214,0.4160496213718,0.3604853544051,0.5888240318763,0.5642319361264,0.2354400303871,0.3430634021739,-0.2227450745105,0.4296865946691,-0.0480449944227,-0.0327732941292,0.4527453707296,0.4093605494620,0.4534633079343,-0.3091316476611,0.1783642239574,-0.2064292952885,0.2745054485554,0.5185359496308,0.3970298689661,0.3349786792037,-0.0578260754148,0.2621400631156,0.2453688297750,0.0908973297349,0.0399460241984,0.1966130160870,0.2080914095235,0.0516590198194,-0.0547302539812,-0.0222958529860,0.0599110839119
0.3102337290275,0.3441666622554,0.4098129134698,0.3215197027483,0.3811720285743,0.4927663435055,0.2394697030084,0.3807881703820,0.3511128758994,0.6427627903887,0.5428154863428,0.4908060751025,0.3448322252498,0.4888461603644,0.3313929074283,0.2997798797511,0.4187682703025,0.3721309128905,0.3308049379744,0.2253311154870,0.5019519183490,1.0000000000000,0.5263187260910,0.4565459608180,-0.0342740406115,0.2767259634926,0.4437930812491,0.3215989826418,0.3515484496930,0.3704287738812,0.4218857198296,0.4153102090328,0.4046789456621,0.3484480118243,0.1600431365129,0.1403504861302,0.4104544616376,0.0906004031467,0.0703216686042,0.4293042107878,0.6201708867055,0.4984582172644,0.1108590261785,0.0723293263751,0.1037412226541,0.6479310250583,0.5426229974378,0.2253304366191,0.4765031275573,0.2845119096733,0.2280137581182,0.0928123350885,-0.0871045125487,0.2330536763317,0.3965092940825,0.0904526300387,0.2281756636894,0.2182400012014,0.3078476387607,0.3468479457936,0.3953432667175,0.2916792512366,0.2353293586909,0.1764720052702,0.0982745063284,-0.2448727933679,0.1664775240055,0.2329628619328,0.3207984149966,0.2783122280840,0.1453768341938,0.6578882548806,0.4031571320344,0.2371984485308,0.2140188565337,-0.2257327991565,0.3852464860346,0.1542556683893,0.0888935697175,0.2571076989301,0.2906339759213,0.3097141334204,-0.0004904890482,0.0061237527849,-0.1440467565714,0.3606298433430,0.4183461844588,0.1182685693214,0.0637337197030,-0.0146721764488,0.0898018632987,0.3636581536880,0.1060149498805,0.3515953945188,0.2712434240156,0.1068102543798,0.2948184559430,0.3018481763000,0.2875777716353,-0.0212069922858
0.2168461335676,0.2340254117439,0.3207842743018,0.3622512526154,0.2949428940255,0.4544778072931,0.3018659043740,0.4642692642676,0.5183148711669,0.6185849706554,0.7922202742584,0.8319031440512,0.6265480646330,0.2908957303023,0.4297165547294,0.4741312322512,0.6095540895823,0.5109763724085,0.3302627533357,0.2698724742283,0.7260085165380,0.5263187260910,1.0000000000000,0.4599805425376,0.0114392114518,0.4046976179731,0.6592742295136,-0.0205329167445,0.1556655887982,0.1962734514295,0.3879779977982,0.6396608080116,0.6434643994119,0.5674207085643,0.2190631502837,0.2080330412123,0.5085664824804,0.0256173049470,0.2084747716562,0.6369935916466,0.5271036706406,0.6283041136121,0.4273990819465,-0.0042404797986,0.0497568741204,0.3743376281059,0.6829242621944,0.1859058756161,0.2443593612469,0.5338713688218,0.0297853780992,-0.1113214500439,-0.1388377178594,0.3394404643028,0.1878528740713,0.1621127993383,0.2400279724144,0.1927548450967,0.3814490121397,0.4072859200182,0.1354039544027,0.6679637207822,0.5417192168968,0.3939890197204,-0.1105220687634,0.0494397976275,0.2091591024165,0.3966850923400,0.3081375796352,0.2606453749959,0.2595029045741,0.6939789243195,0.4660466083673,0.2022703967547,0.1450065266603,-0.3397053810469,0.4395308269478,-0.2301255608325,-0.0705427108235,0.3054726464247,0.3683497841931,0.3781709923168,-0.2073120793549,0.1142898239605,-0.2960183922105,0.3312384954459,0.3416657014247,0.2538312804940,0.3024242914155,-0.1829203768087,0.1743966445492,0.3862739272940,0.0553911497874,-0.1202598145656,0.1798397541445,0.0986481345320,-0.0941432763145,0.0186981330598,0.1529987786857,0.2122150073833
0.2318745112365,0.0444396736743,0.3184244909643,0.4374018676032,0.3108734045980,0.5222706855848,0.4072183408795,0.4930293124725,0.6075806818078,0.3493306774579,0.5743564405822,0.4870834957813,0.5642942778666,0.2961654279133,0.2855291576995,0.5972846054866,0.7470253570458,0.7251447382500,0.6351703133659,0.5521086015369,0.6636704249159,0.4565459608180,0.4599805425376,1.0000000000000,0.0670526356343,0.5321433246922,0.7263479527198,0.3505147618078,0.1825543868192,0.2609549677509,0.7947145249019,0.5753635316829,0.5590676364722,0.3156485203950,0.4530192139997,0.5036999140596,0.7507721390291,0.4019799499071,0.4780852250125,0.4703589474189,0.3628772887433,0.3146829114166,0.3028879814890,0.2524915618789,0.1815080382449,0.4290591931386,0.5021645937995,0.4519532983265,0.4400283924046,0.4311278248396,0.0859114913844,-0.2255652311603,0.0508778541982,0.3519195654259,0.3409619393429,0.3097322678990,0.4157103292570,0.4797088461289,0.4890928529816,0.6443769677338,-0.0783125667151,0.4296699539760,0.1584382441077,0.4211004962523,-0.1932829051389,-0.1232321666396,0.5503541378410,0.6652984609881,0.6769661635490,0.6755445064886,0.1196807614640,0.3776359563960,0.7661690359302,0.4423867853507,0.4620990219436,-0.0063611497145,0.6316232055752,0.1898516592750,-0.0113343573002,0.7370109466813,0.4772630924759,0.5837223033971,-0.3211094589404,0.2917154610834,0.0539712452016,0.2895570429355,0.7181882631099,0.4891541423458,0.2850677648935,0.2607809442907,0.4693634477764,0.3143413142607,0.3389209016561,0.2261547106710,0.1816710059398,0.3713504751755,0.2216965784821,-0.1491401214330,-0.1121839944057,-0.0500747375787
