1.0000000000000,0.5146860457599,0.3855674471946,0.2349080828644,0.4781256930212,0.0422863803365,-0.1312664530559,0.1180887059887,0.2249736039528,-0.0703015277057,0.2428216798742,0.1719975036150,0.0989610374670,0.4850700497724,0.0609513176547,0.0192788810358,0.2143294601932,0.2345832539501,0.0485257182364,0.2533533927351,0.2455774292312,0.1391120151040,0.2048301834919,0.1979890453741,0.2099937613656,0.1552186461666,0.2958695857478,-0.1387175752633,-0.0844892363587,-0.1611447625277,0.0213798518689,0.1021421011551,0.1241626682923,-0.1369647660114,0.1517571589975,-0.0134370760977,0.1360238126643,0.0982412614593,-0.0072853274760,-0.0391322518219,-0.0546152320577,0.0540246012072,0.0094392666294,0.1289593484273,0.0638231110319,0.0278061431941,-0.0587634173694,0.3380616844036,-0.0718291653091,0.0070578459194,0.7124545588368,0.2340584281845,0.0737674673019,0.3898988705703,-0.0119399729675,-0.0266754773346,0.2685060119718,0.1644956146213,0.2298309671570,0.2220419838113,0.0690781562476,0.2572899090020,0.1078418665567,0.1151293340893,-0.2114865919531,-0.1871932778425,0.1300637455654,0.3093129915954,0.1037321179771,0.2484651137358,0.1064779137761,0.2122023140702,0.2490124229119,0.2715549911766,-0.0884763334152,0.1531598233281,0.3716759352356,-0.0772980205678,-0.1288329793369,0.1844718624985,0.1496770909111,0.1762136565495,-0.1380208329605,-0.0325399136866,0.1599631008986,0.0456644108937,0.1117985616108,0.0261239206987,-0.1605931159923,0.1084597039184,0.0488827300023,-0.0195004887663,0.1778411785320,0.0270544003965,0.0500789558890,0.1298903957190,-0.1879727191739,0.0543159130961,0.1950910062664,0.0071950578141
0.5146860457599,1.0000000000000,0.3975779366958,0.4068973131921,0.4748019286895,0.1832526196265,0.1240657008186,0.2755860715831,0.3393653260538,0.0825708488616,0.3002381269924,0.2895829436735,0.0872025126271,0.5258382448565,0.3554791237505,0.3129999558558,0.2896565036607,0.3434263710789,0.2805354035281,0.3186843574173,0.3265588199049,-0.0102938400057,0.2790558097975,0.2284026780933,0.1953015030254,0.1562321931270,0.2765881844732,0.0330658491968,-0.0049110119554,0.1117129957167,0.2033866468356,0.2331324534834,0.1255134993901,0.0196822008156,0.3203993517797,0.1127510459814,0.2010997406918,0.1703912772904,0.1546559548259,0.1345100101070,0.0986476660499,0.1752537307668,0.3313346053759,0.1123157186622,0.0684702376606,0.1992355551866,0.0843422459508,0.2877126704476,0.0601528715396,0.2948393884021,0.3902251291195,0.3045293439316,0.1431707322232,0.2019638966898,0.0490045763002,0.0755296069726,0.1625665919575,0.0434173860128,0.1940370119951,0.2558862751049,-0.1778101067056,0.2554583531296,0.0426228562325,-0.0506381335636,0.0317333478017,0.0424549160629,0.1671107834358,0.1505185023591,0.2240410080210,0.2531044428548,0.0361699964389,-0.0198394621824,0.2118064975392,0.0731810695037,-0.1110852296856,-0.1113121523493,0.1401183497777,-0.0740115317265,-0.2186575003929,0.2036565230586,-0.0217661036582,0.0003995321343,-0.2581202819235,0.0020481987366,0.0570933476957,-0.1490559103177,0.1317095968367,0.1823688135298,0.0201398876652,-0.0136793329072,0.0990988326519,-0.0148894955233,-0.0132300654809,-0.1241433799367,-0.2968476095949,0.2198018445059,-0.0745083277703,-0.2607431296279,-0.1141513033405,0.0778180770505
0.3855674471946,0.3975779366958,1.0000000000000,0.3757601810522,0.3544701643729,0.5147324219914,0.0340063075250,0.1118622999466,0.1575485402756,0.3897679268090,0.1737657318797,0.1863857398995,-0.2202298089903,0.4412234413564,0.1393122949023,0.2131281720719,0.1262583123962,0.3341808448020,0.1646419238249,0.2721244208673,0.1988043619150,0.2827965109009,0.1954355077378,0.3556875116676,0.3129327471408,-0.0370564835895,0.4232345175522,0.3000689196611,-0.0993771168675,0.1423241018244,0.3340089294119,-0.1173867215389,0.2144464109047,0.1353684085409,0.0862477103910,0.1945640558145,0.2453230598197,0.2731356332746,0.1261526456254,0.2339145624379,0.3325900679799,0.4965488562609,0.1667087717105,0.2143007940811,-0.1584496961371,0.1818551364565,0.0077966655132,0.3226928430340,0.1769393344317,0.3371091191849,0.3401353655939,-0.0932505578064,-0.1441707205037,0.3767479508869,0.1697797790740,0.0192413785462,-0.0949398323796,-0.1461392140019,-0.1215902255772,-0.0448813243713,-0.1453450395690,0.0146293700177,-0.2590116553437,-0.3709368398788,-0.0775992326219,-0.1294506757325,-0.1826878645606,-0.2149006212055,0.0209236020915,0.0759976225889,-0.3358618440621,-0.1500887692405,0.2362937517417,0.0062707630631,-0.2490131347147,-0.2652480474199,0.1883312401732,0.0758674737648,-0.4872953215058,-0.0404643847412,-0.3352824381905,-0.1887812152069,-0.2701837337768,-0.2560043361641,-0.2125428503374,-0.3151547789284,0.2360332435896,-0.0132303013496,-0.3409341071541,0.0204377255415,0.0036105467252,-0.2231405783088,-0.0797387916845,-0.2540081888148,-0.3774639308188,0.3102737012782,-0.1718704802255,-0.2156307471222,-0.1808367706137,-0.2524071144097
0.2349080828644,0.4068973131921,0.3757601810522,1.0000000000000,0.4482705399550,0.5776538979757,0.6269764438520,0.2716754401678,0.1876902118871,0.4529586245100,0.1760325567230,0.2900463092074,0.2155941991674,0.3042779010108,0.5796170748273,0.3075688560046,0.2701242686728,0.1340424236101,0.3067506227856,0.2685696075230,0.1385771786875,0.2659778702221,0.2423569262492,0.3083365978600,0.1356811698562,-0.0578335753951,0.1965698977887,0.1754558156160,-0.1544229998095,-0.1674805117122,0.3758348522907,0.1104673624414,0.3786717150344,0.3298153999385,0.0555398277631,0.1877899010156,0.3080125947724,0.1992060925119,0.2327846230435,0.0958314741599,0.2506364273562,0.4066531620695,0.1468091723705,0.0510050038380,0.0692205357983,0.4556897425635,0.3533729604736,0.3411855984469,-0.1192858731521,0.5408056066004,0.0394583997270,-0.1604740085280,0.4705283336817,0.3868870790911,0.4652007343169,0.7218451791015,0.2367857400892,0.1334243766464,0.1698680516924,0.2312447365624,0.0598131420432,0.1095131071245,0.0433764619322,-0.0202944122700,-0.1476972027446,0.2460425309311,0.2096182815341,0.0986146223239,0.2772029524133,0.2767120651280,-0.0196639086234,0.1334055523232,0.3184368021914,0.0912761907151,0.1809514439066,-0.2919897538106,0.0559744830677,0.0274670629250,-0.3795026586029,0.3160904407351,-0.0801801277963,0.1348635024220,-0.5257703279063,0.1931581110547,-0.1027408067181,0.0489037025100,0.3018782174841,0.0921246568032,0.0154851300514,0.1394379070244,0.2222481114389,0.1035380644909,-0.0106803425773,0.0675185915575,-0.3057931792169,0.2625527737795,-0.3420433567434,-0.2672367183189,-0.0456994701614,-0.0226492602144
0.4781256930212,0.4748019286895,0.3544701643729,0.4482705399550,1.0000000000000,0.3506867112143,0.0971025221407,0.3386682109993,0.3430907532277,0.3485419905746,0.3523000618341,0.4369900247686,0.2485644523332,0.4216821244550,0.2352974627234,0.2158770787189,0.3297976516329,0.3128716790474,0.3539305184521,0.4341379196548,0.2626799708273,0.2527486378052,0.3899745342233,0.3236044528247,0.1749261085793,0.1550265287032,0.2869906910889,0.0027551866346,-0.0911296876061,-0.2007840563664,0.1848239720753,0.1923888537102,0.2895748319896,0.1375727935405,0.1361756357141,0.0748870753671,0.3943326649182,0.2807885892640,0.1235996925648,0.0856080209566,0.1116519441449,0.1794097594704,0.1100037733081,0.1873316377452,-0.0040962525184,0.4211806273974,0.1679836954397,0.3066876033093,0.0265035954766,0.3580251566026,0.5029260877209,-0.1321953041028,0.1995714079265,0.3334852394896,0.3343985016197,0.2320427290887,0.2392074366099,0.1328073884630,0.1833392962824,0.2863648799435,0.0680384945104,0.2776247802808,0.1220658660028,0.0244837906497,-0.2759213847228,0.1353211861375,0.0670178792396,0.1584331685298,0.2716968495738,0.3776575584881,0.0970658688428,0.1797174069127,0.4048825380641,0.1969552249505,0.1064991274493,-0.1260633937293,0.1897259971529,-0.1781781136599,-0.2961644171989,0.1957643743241,-0.0084635708243,0.1729244552486,-0.3678314123669,-0.0686875547155,-0.0222530224127,-0.0744531997725,0.3968314826986,0.0402701114241,-0.0333771288579,0.0927905580105,0.0508100165644,0.0269540386469,0.0573804973488,-0.0427014139024,-0.1035698360799,0.1930515089346,-0.2654875395520,-0.0336040800879,0.0424790405345,0.1568153674058
0.0422863803365,0.1832526196265,0.5147324219914,0.5776538979757,0.3506867112143,1.0000000000000,0.6047574576887,0.0748527190814,-0.0199506477008,0.7513985746520,0.0704725288388,0.0490530248895,-0.2649097091193,0.2535855794703,0.5945993894435,0.4976081728228,0.2373615606568,0.2191273083236,0.4472795030581,0.0681665651299,0.1046920549108,0.5199814174869,0.0623256219264,0.3852413114859,0.0942710600975,-0.1535127098263,0.3188040626895,0.5405993578100,0.1088186684027,0.1952006973518,0.5700037607003,-0.1935529014034,0.3894533622819,0.4531024404315,-0.2393229160031,0.3209635092204,0.2450266037628,0.0864729930993,0.2670872509726,0.4028765650211,0.6321298099620,0.6263800093285,0.3249919414976,0.2092559671707,-0.2413736247954,0.3600318321411,0.2938869949943,0.0650835287271,0.4657667837093,0.6068327349886,-0.0688655096901,-0.2977296966412,-0.0817262910018,0.3507314727259,0.5258373282467,0.4409717000486,-0.2664935403897,-0.3446676533362,-0.2688614869299,-0.1450972092084,-0.1451474137352,-0.3383271900963,-0.5924370488801,-0.5007954960205,0.1002074268615,0.0003058555461,-0.1635676884325,-0.3668425448752,0.0388885603224,-0.1524898573683,-0.5455510797611,-0.4504742578868,0.1988614454674,-0.3377403221371,-0.0959643663035,-0.6557604596095,-0.0650210317007,0.2674331922837,-0.3569818457777,-0.0362984457092,-0.6390701091810,-0.3560669534729,-0.2752654112630,-0.0231976696918,-0.5438300912463,-0.4401290957922,0.2147227574277,-0.1478822981439,-0.1535182506208,-0.2039150721899,0.0186442562293,-0.0844217940941,-0.1902065251448,-0.4125687360059,-0.5712470214901,-0.0031373167035,0.1012640982949,-0.3056458798964,-0.4175463081517,-0.4411200882308
-0.1312664530559,0.1240657008186,0.0340063075250,0.6269764438520,0.0971025221407,0.6047574576887,1.0000000000000,0.0464805802908,-0.1688529954229,0.4159677291446,-0.1383455258958,-0.1310755366755,0.0234211229645,0.0517888702876,0.5930534647294,0.3902382162149,0.0951170099716,-0.1464873515521,0.2620205780620,-0.1738912707871,-0.0945405286630,0.0905476139552,-0.1561025451493,0.0834235799019,-0.2549202232779,-0.2390508214143,-0.1462648596625,0.2748211103686,0.0436406956723,0.0931387398714,0.4113032188822,-0.0495767642505,0.1528616716170,0.4101303154992,-0.1070888350792,0.1856883748845,0.0721522514214,-0.1096540174962,0.3431664487739,0.1736963692756,0.2769169372579,0.2476678063866,0.2650328594135,-0.1056718323546,0.0152100778059,0.2116970260003,0.3429470093605,0.0382572177330,0.1296435664119,0.4441668929755,-0.2920473821063,-0.0809970376594,0.3081099457465,0.1856906477788,0.5369003324059,0.7879765324019,0.0075547549321,-0.0411288567533,-0.0077286888194,-0.0011522749154,-0.0212641543975,-0.2330422916566,-0.2260347026470,-0.0853543314349,0.1673869192085,0.3486796500326,0.2569192435547,-0.1068989317300,0.1409760276678,-0.1523922044040,-0.1587731870992,-0.2175900286243,-0.0543801931798,-0.3229062005297,0.2143703141473,-0.4921570314817,-0.3344509765130,0.2279501384228,-0.0633186647304,0.1746440708845,-0.2754366462615,-0.0977864815622,-0.2249158935897,0.4250238211741,-0.2562146467304,-0.0132742042935,0.0253308902432,0.1073438060795,0.3120415034231,-0.1058971188674,0.2773156256993,0.1486042443999,-0.1301917093001,-0.0651227308000,-0.4000414523252,0.0013516235673,0.1176741554193,-0.3128763587848,-0.2317400060748,-0.1138749460536
0.1180887059887,0.2755860715831,0.1118622999466,0.2716754401678,0.3386682109993,0.0748527190814,0.0464805802908,1.0000000000000,0.8641549684252,0.1661093149324,0.4669884364056,0.4853081811936,0.4070929297852,0.0913572682464,0.1617978378638,0.5084187667875,0.6366232475302,0.5716757466273,0.6828323945337,0.8247146041529,0.4348309378246,-0.0135147589855,0.4918992204412,0.5894285134994,0.5168364824446,0.4303630643828,0.5571129149073,-0.2330359915462,-0.0698655901948,-0.2353658824726,0.4376184556435,0.4148460493710,0.2965530165788,0.2147361563232,0.4097656967611,0.2124393766083,0.4713621276722,0.5949245926892,0.2438639043809,0.1536582819141,0.1231074428257,0.1892288543185,0.4014101826045,0.4105055133067,0.3273870921749,0.3901867241714,0.2374519043272,0.3074281929990,-0.1847298438213,0.3604096969542,0.0229894092682,-0.2088890510565,0.1336449899737,-0.0749297631696,-0.1471344903758,-0.0445188549760,0.5234828434275,0.4777760812774,0.5969131586699,0.7877101350065,-0.3678552987513,0.3777885757883,0.0917873279651,-0.0333352392381,-0.2702868860332,0.1808948045547,0.3770672748711,0.3738377919593,0.6627295076826,0.7572646132262,0.1868154840652,0.0910557569708,0.7203783587204,0.6006048961588,0.3269536133413,0.0445566194090,0.4583795694239,-0.3561004350731,-0.2705868929639,0.4531865302143,0.0585063085985,0.1354519166703,-0.5402042918022,0.1538199459556,0.2173227950332,-0.0495757335383,0.4810124110386,0.3396225006103,0.1951162749693,0.3622207784972,0.1006271560123,0.0240951141987,0.3853027015056,-0.1141842432772,-0.3934628472432,0.2689996754181,-0.4496606770727,-0.4939675057646,-0.0448548968462,0.2694924040286
0.2249736039528,0.3393653260538,0.1575485402756,0.1876902118871,0.3430907532277,-0.0199506477008,-0.1688529954229,0.8641549684252,1.0000000000000,0.1035227336445,0.5153999279118,0.5323685202790,0.2475842358148,0.1212997838223,0.0684949544644,0.3872847876722,0.4949186732683,0.6044463898548,0.6349622437694,0.8613493551507,0.4773566149846,0.0532349429882,0.5434349794775,0.5124081085040,0.6953601884215,0.4236888539265,0.6516422407547,-0.3160607889295,-0.1396892833075,-0.2638309195487,0.2429381829615,0.3203448464761,0.2435762103398,0.1337913495778,0.4216239484816,0.2010402167803,0.4987183537449,0.5390836207196,0.1356095829061,0.2057118309147,0.0452401964278,0.1910174802557,0.3617594538701,0.4904437929810,0.2145275372131,0.4128276191454,0.1011053714183,0.3376339882857,-0.2243194658515,0.2904619970345,0.1451130793520,-0.2294010946914,0.0077617313140,-0.0688882546920,-0.2821031948247,-0.1908192496315,0.4218928860067,0.4107754704038,0.5450773658575,0.8110379940135,-0.3533663890830,0.4237674436245,0.0794158419108,-0.1088072542068,-0.3879964393055,0.0342955289710,0.1928219200467,0.2924697456420,0.6144813971856,0.7573674053003,0.1478050220101,0.1112166138621,0.7382713083630,0.6679807733984,0.1887670533290,0.1192673568380,0.6119829181823,-0.4384920854896,-0.3597584684892,0.2742809682631,0.0532196518359,0.0813868263377,-0.4707647963354,-0.0618351517563,0.2083587332464,-0.1369859695606,0.4768698385947,0.2293150967819,0.0424497158677,0.2944744354151,0.0137736116756,0.0000174164847,0.4087625121060,-0.1617184867018,-0.2862972554755,0.3005529833922,-0.4992827089691,-0.4042064573627,0.0075085265393,0.2431255966355
-0.0703015277057,0.0825708488616,0.3897679268090,0.4529586245100,0.3485419905746,0.7513985746520,0.4159677291446,0.1661093149324,0.1035227336445,1.0000000000000,0.3015988467061,0.3442296624068,-0.1269062643318,0.1492435273546,0.4821125128510,0.3791953479424,0.4141841667914,0.3616264982128,0.3836314061250,0.1964749564305,0.3272818071372,0.7741642187667,0.3051307486600,0.2798298507886,0.2377763199177,-0.1102027829910,0.3599150731205,0.4628044645509,0.1785933543674,0.1859983883284,0.4928239237935,-0.1413634836985,0.5208052349122,0.5901096513475,-0.1849778598027,0.0868720383911,0.3313541088590,0.0478490406323,0.0868063235870,0.4600345899054,0.6470034991562,0.6459521984834,0.2369598462027,0.2194159526467,-0.3831259339691,0.5433051866559,0.3841647258331,0.0290166128497,0.4071250644119,0.7121567343104,-0.0900578943043,-0.4341988206859,-0.2634524839642,0.0425338885083,0.3264622597140,0.2390679775797,-0.3023288067462,-0.3827923412703,-0.3733066618970,-0.1757296184741,-0.1187604978741,-0.1759668321614,-0.4694839501454,-0.5502099080410,-0.0085708872463,-0.1119144853496,-0.4085865275678,-0.3880896025781,-0.0927206510411,-0.0805061969508,-0.5237707175868,-0.3414749756733,0.2209798357932,-0.2132535566428,-0.2421657798116,-0.6249653306597,-0.0537523640472,0.1075616652040,-0.3913333418263,-0.1791467768517,-0.6333152477473,-0.3323611294661,-0.3325858040633,-0.3494539131023,-0.5818090874702,-0.4821568829791,0.2506719328062,-0.3076534826694,-0.3691254082988,-0.3041200103007,-0.1814323130707,-0.1488229195802,-0.2978372583454,-0.5083184030503,-0.5159843791754,0.0146042240365,0.0271281891831,-0.2652064177347,-0.4426222665301,-0.3277389567270
0.2428216798742,0.3002381269924,0.1737657318797,0.1760325567230,0.3523000618341,0.0704725288388,-0.1383455258958,0.4669884364056,0.5153999279118,0.3015988467061,1.0000000000000,0.8814528277916,0.1759395443050,0.0917155328231,0.1222304800957,0.3366395654231,0.5980230956348,0.6706575053588,0.3233568776326,0.6278724038770,0.7759180290457,0.3337708846420,0.8872519975902,0.2738265964447,0.5329539498521,0.0961442264766,0.5425752959832,-0.3563674850977,0.2123449892941,-0.0379341463320,0.3290416398791,0.3254967606657,0.4583617890631,0.2583561161151,0.5585837992596,-0.0656121722308,0.5357534277515,0.0905450695025,0.3470273103083,0.4330896104821,0.2618732552128,0.3246933622807,0.4518199299703,0.2882855695925,-0.2546235357141,0.5593282291831,0.2657238717031,0.4303859098574,0.0658171375193,0.4912361804409,0.1995119794569,-0.1342558538387,-0.2498553172002,-0.1783372655648,-0.3440148254844,-0.1953603634653,0.0046299298474,-0.1117196009600,-0.0845688839769,0.2487945871842,-0.4116621925251,0.6765195054203,0.1162856000851,-0.2441384173359,-0.2116197878987,-0.0712373934155,-0.1797879144895,0.0889547166278,0.0307410926626,0.4514761168990,0.0169408648654,0.0129245192894,0.3742542979869,0.2569181012204,-0.2237398481246,-0.1819399664478,0.4136229082296,-0.5543662945709,-0.1581587834481,0.0531245497192,-0.1279160979038,-0.0947036956434,-0.3777494873122,-0.3033567020538,-0.2565735525361,-0.3709858957668,0.4360048181702,0.2138825256809,-0.1309730253944,-0.1822761086283,0.1720692906905,-0.1024442182434,-0.0000054812869,-0.4536563904790,-0.2949842950928,0.4172794858289,-0.2349051720383,-0.3774573582331,-0.0481717227777,0.2095241360769
0.1719975036150,0.2895829436735,0.1863857398995,0.2900463092074,0.4369900247686,0.0490530248895,-0.1310755366755,0.4853081811936,0.5323685202790,0.3442296624068,0.8814528277916,1.0000000000000,0.3372968522734,0.1022856102832,0.1525415782479,0.2944664837069,0.6148304234182,0.6516211565566,0.3235283493147,0.7096842458037,0.7141370758853,0.3222192244534,0.9119402404249,0.3309209513766,0.4739164725026,0.0992067208255,0.4568605587847,-0.3781295344567,-0.0032852660664,-0.2253546880277,0.3115159264956,0.3429714051331,0.5329656340213,0.2899940707282,0.5470450249754,-0.0530569641000,0.6103182445949,0.1976533341183,0.3015074235214,0.3016634425588,0.1388371053532,0.2914287115865,0.3144917731690,0.2445280416432,-0.2564906263249,0.5728387275708,0.3124017969617,0.5093542762708,-0.1273575158559,0.5480794640967,0.1693778180648,-0.1819542170447,-0.0924617529429,-0.0704164062510,-0.2910146571807,-0.0903191385884,0.0930008643117,-0.0235996047274,0.0054670959066,0.3165232532289,-0.2694182134923,0.7005672861802,0.2918561699039,-0.1127004164214,-0.3147246630230,0.0552375632956,-0.1197294927985,0.1470252791808,0.1287320528603,0.5934752494851,0.1485131930508,0.1890736647381,0.4733313034673,0.3549797490583,-0.0809851221611,-0.1483493809384,0.3955353812046,-0.6451325141282,-0.3176051285750,0.1804518721147,-0.0056109307187,0.1238031012196,-0.4880706567945,-0.2935331435388,-0.1804774079373,-0.2456577748572,0.5632272990725,0.2113043499076,-0.1386899851351,-0.0295511920390,0.1904855710075,-0.1104322703023,0.0140475640096,-0.3286765142197,-0.1561496583712,0.5244024382204,-0.4206596287174,-0.2379897328822,0.0575067851221,0.2871080098678
0.0989610374670,0.0872025126271,-0.2202298089903,0.2155941991674,0.2485644523332,-0.2649097091193,0.0234211229645,0.4070929297852,0.2475842358148,-0.1269062643318,0.1759395443050,0.3372968522734,1.0000000000000,-0.0708210051729,-0.0758194430714,-0.0030602713027,0.3776057205047,0.0038534771971,0.0681340110961,0.3365895945146,0.0756191863301,-0.2063861235160,0.1771875837187,0.1643409282597,-0.1030421700923,0.2910647827685,-0.0309619305661,-0.3818802270013,-0.3756983592050,-0.5392505979638,0.0318676398213,0.5661359101593,0.2867322282781,0.0800468803726,0.2456525784789,-0.0421572057527,0.2567214333997,0.2962500778870,0.1357199272961,-0.2140139680468,-0.2084828225755,-0.3514229568171,-0.1126101284680,0.0331180651977,0.3694589777919,0.0500329265102,0.2458630503138,0.3071756680712,-0.5127830380577,-0.0250873019660,0.1368232312833,0.0922609798610,0.4998659958640,0.0774960089164,-0.0477987239741,0.1611144419511,0.6491633660531,0.5688558273624,0.5066489105415,0.4781937546995,0.2315464889086,0.5015754587731,0.6933656924978,0.7267469043613,-0.3016287481376,0.2670180214781,0.4944669663312,0.6905166082233,0.4222089710778,0.5602880232612,0.6382106792227,0.6215887564935,0.2716946666994,0.4831918931854,0.4375869765438,0.3102932621970,0.2899314113789,-0.3013232365884,-0.0606622424707,0.5599980864444,0.6269263855078,0.7767376181563,-0.2985845500250,0.3545878091101,0.4670656291730,0.5132693194055,0.2798316954257,0.3313066351184,0.2977532417692,0.5347062223603,0.3223036087822,0.3307343289810,0.4341124108434,0.4576649921896,0.3367420308327,0.2135074870926,-0.4595792683197,0.2256706487642,0.4294243293280,0.3454660383240
0.4850700497724,0.5258382448565,0.4412234413564,0.3042779010108,0.4216821244550,0.2535855794703,0.0517888702876,0.0913572682464,0.1212997838223,0.1492435273546,0.0917155328231,0.1022856102832,-0.0708210051729,1.0000000000000,0.3640363758426,0.1664875934984,0.1483697292585,0.2737752339956,0.1408700290753,0.1816605956587,0.1674676484289,0.0970140890009,0.0715681081622,0.1752901146635,0.1163433351051,-0.0015487526568,0.2221245109369,0.1563827093600,-0.0235686418060,0.2349241250161,0.2051101395968,-0.1284918406397,0.1315629856449,-0.0630428424182,-0.0348742357978,0.0749008697667,0.1059260516294,0.0928026220284,-0.0022436290528,0.1090631595156,0.0741423762298,0.2057639162023,0.0920050232855,0.1060090229438,-0.1306666695718,0.0477587977021,-0.1276735883600,0.1863847669512,0.1425683081323,0.1308855627741,0.4226760705249,-0.0196853328097,-0.0273913454156,0.1688583155119,0.2386834381449,0.1114967518177,0.0051439576895,-0.0531698045753,0.0377276922302,-0.0070495555595,-0.1049742451585,0.0130205190849,-0.1465582289919,-0.1504123799119,0.0728235036735,-0.0262745321255,0.0196990815639,0.0189204297133,0.0936764928725,0.0618567184499,-0.1638353789014,-0.0953611375352,0.1308704314596,-0.0736720691265,-0.2149444631541,-0.1290900234818,0.0900368250091,0.1230061112907,-0.1874855138102,0.1223271285752,-0.1606449652473,-0.0656710832693,-0.0486856037198,-0.1535269581387,-0.1054501446980,-0.1971826731671,0.0359059095300,-0.0877426350988,-0.2593485966201,-0.0525020554204,-0.0413381725247,-0.0729329634080,-0.0370662312587,-0.1367452171287,-0.2049710308191,0.0929391617578,0.0612224728208,-0.0597966846516,-0.1486044896193,-0.2041316755202
0.0609513176547,0.3554791237505,0.1393122949023,0.5796170748273,0.2352974627234,0.5945993894435,0.5930534647294,0.1617978378638,0.0684949544644,0.4821125128510,0.1222304800957,0.1525415782479,-0.0758194430714,0.3640363758426,1.0000000000000,0.5512774589347,0.3632285873186,0.2231689994631,0.4641876820324,0.1313347772142,0.3008413549598,0.2283616409047,0.1298171282260,0.2862819353345,-0.0021332010415,-0.0425833259704,0.1127495686280,0.2599407426426,0.0927185642498,0.1350017058103,0.5271014710679,-0.0002370200638,0.3360446019736,0.3122461869337,-0.0817105262334,0.3419034250825,0.1949755660824,0.0455307968691,0.2769659036454,0.2762015479291,0.3912643422976,0.4100552067775,0.5189368623840,0.0491241089782,-0.1083587316038,0.2868170873748,0.2962592741436,0.1137277505592,0.2774054577724,0.6485849476292,-0.1098670045714,-0.0961702086710,0.1329442606747,0.1613628250199,0.3227439139780,0.4474763532795,-0.1397300091815,-0.2049515252487,-0.0899820099758,0.0233089263558,-0.2431566863800,-0.2115993263117,-0.3682779937936,-0.3038414536972,0.1898571439262,0.2571926937294,0.0230597547439,-0.2010376992392,0.1699216147053,0.0087477271763,-0.3153640326211,-0.3861218146397,0.1679304736712,-0.2915048147410,-0.0083052248389,-0.5084165450369,-0.1382508167375,0.0573823183131,-0.2013883008010,0.1283482389664,-0.3889667365589,-0.2082285529560,-0.3016221292347,0.1399732544000,-0.3338554177278,-0.2939286132481,0.1617655429618,0.0204124404146,0.0209886888383,-0.1404177511773,0.1704421243955,0.0247271864569,-0.1273431562154,-0.3645777620572,-0.4246555959165,0.0521983846832,0.0649086944935,-0.3816333658664,-0.3980243814537,-0.2712703540032
0.0192788810358,0.3129999558558,0.2131281720719,0.3075688560046,0.2158770787189,0.4976081728228,0.3902382162149,0.5084187667875,0.3872847876722,0.3791953479424,0.3366395654231,0.2944664837069,-0.0030602713027,0.1664875934984,0.5512774589347,1.0000000000000,0.5936187539884,0.5522488854376,0.8125151503542,0.4382928103287,0.4319407853010,0.1329667044831,0.3144512338407,0.5364267150288,0.2051640997369,0.1821399626559,0.4370075054400,0.0758673240518,0.0672990761030,0.0663482771485,0.7462191557864,0.2824484336844,0.4088165882634,0.4189915779074,0.3264726115964,0.6141722303805,0.3999676867746,0.2765373646947,0.5237967742076,0.3662816499555,0.3999662413740,0.3684358628771,0.7277392402924,0.2976703318522,-0.0701247391220,0.2752895358472,0.3350775305479,0.2406004394482,0.2623451523335,0.5370374770146,-0.1201323442421,-0.1596560250325,-0.0839928606919,0.0370808648658,-0.0219336723216,0.0842770554327,-0.0488525525523,-0.0887156170113,0.0625823780788,0.2993905551437,-0.5133182952631,-0.0243482025017,-0.3980685709318,-0.3758696053428,0.0927554309866,0.1578056457511,0.2403930170087,-0.0864925414739,0.4139903463476,0.2262144081634,-0.2773242631914,-0.4717176010654,0.4057591809094,-0.0876379061340,0.0625699366281,-0.4776492787116,0.1029057582518,-0.2096079623494,-0.3043329775174,0.2757880165657,-0.3873290724158,-0.2539927209885,-0.3161100633646,0.1897673177109,-0.2417862725788,-0.4407604888270,0.3546930973779,0.3497427247383,0.1677382432818,-0.0563975306586,0.2197760938795,-0.1872374249765,0.0009625809715,-0.5469987144911,-0.6106873817731,0.2455990846150,-0.0352980837476,-0.5012421990840,-0.3525177005037,-0.1467587941835
0.2143294601932,0.2896565036607,0.1262583123962,0.2701242686728,0.3297976516329,0.2373615606568,0.0951170099716,0.6366232475302,0.4949186732683,0.4141841667914,0.5980230956348,0.6148304234182,0.3776057205047,0.1483697292585,0.3632285873186,0.5936187539884,1.0000000000000,0.7087922515416,0.5779454834459,0.6316676251177,0.7358303151429,0.3185577038440,0.6339626322232,0.5285555787508,0.3619650061440,0.3786258509987,0.5751694449807,-0.1130932536080,0.0695853225074,-0.1297892341607,0.6411850882978,0.4549412563980,0.6418109327234,0.3899379545343,0.3567143580229,0.1384001842853,0.5266598530294,0.2526712157084,0.2572973310697,0.2115930260962,0.3102316197525,0.2536110944458,0.4142824950206,0.2938481630293,-0.0787324358970,0.3718418912594,0.3215442537233,0.2360175847117,0.0704315930923,0.5137234672693,0.0899265568450,-0.1323073901313,-0.0948825213712,-0.0341266694586,-0.2069578423994,-0.0391629877709,0.1983773442281,0.0292635085349,0.1498327267481,0.3457397937398,-0.4031126666631,0.3284030497481,-0.0565585426537,-0.1527488038912,-0.0978242990674,-0.0023478826488,0.1607281891664,0.2989124008342,0.3266228003383,0.5086860665643,0.0437894902178,-0.0451604220212,0.5632689423398,0.2593613216498,0.0627800394918,-0.1671966269645,0.4003608138547,-0.3276408127124,-0.3006257085491,0.4415042995224,-0.1059942720004,0.0784716607092,-0.4968591942641,-0.0127887309937,-0.1265578200138,-0.2518883294122,0.4850164521197,0.2106819308612,-0.0501062575558,0.0676954680177,0.0813639440842,-0.2228234269344,0.0921507874787,-0.4054487633464,-0.4278269923835,0.1686800443794,-0.2465951360893,-0.3934014433318,-0.2191713252005,0.0174154561261
0.2345832539501,0.3434263710789,0.3341808448020,0.1340424236101,0.3128716790474,0.2191273083236,-0.1464873515521,0.5716757466273,0.6044463898548,0.3616264982128,0.6706575053588,0.6516211565566,0.0038534771971,0.2737752339956,0.2231689994631,0.5522488854376,0.7087922515416,1.0000000000000,0.5578344872648,0.7089035814077,0.7422204406726,0.3359619701864,0.6629352352455,0.5665252081688,0.5516595458896,0.2157926497151,0.7035255996772,-0.1384838542862,0.1197473732420,0.0745842711369,0.5817658396658,0.2236352294439,0.5189841004631,0.2226377573845,0.4393820744529,0.1326124358547,0.5637876780878,0.2798357986995,0.2719842575610,0.3749274288395,0.2939773320218,0.4148431745012,0.4877503783000,0.4521369469601,-0.3133810583929,0.4020265719765,0.1074292954691,0.3164410602541,0.1816490598280,0.5102066545156,0.1836743317176,-0.2592218187242,-0.4088735198648,-0.0631455795327,-0.2849347599934,-0.2680070649787,-0.0646017332731,-0.1852656130876,0.0241988380250,0.2328073974188,-0.5029387792373,0.2889249943660,-0.2245987940632,-0.4459448971148,-0.1911972571298,-0.1754837231301,-0.0635020558665,0.0557225510506,0.2279718662544,0.4277946881743,-0.1880988645127,-0.2423581531939,0.5400634741395,0.1976306773661,-0.1646807911295,-0.1683283353277,0.4995877848375,-0.4307654404222,-0.3905316159823,0.2172512859998,-0.3106617873829,-0.2100539850803,-0.3643439898078,-0.3326281569952,-0.2718944572198,-0.5373547831355,0.4956462305357,0.1478545293796,-0.2659201765273,-0.0871766788169,0.0058974097411,-0.3257256953160,0.0681652037607,-0.6032160896520,-0.4440745471359,0.2913451356866,-0.1887754899488,-0.4307622757721,-0.3092510854023,-0.0109272375029
0.0485257182364,0.2805354035281,0.1646419238249,0.3067506227856,0.3539305184521,0.4472795030581,0.2620205780620,0.6828323945337,0.6349622437694,0.3836314061250,0.3233568776326,0.3235283493147,0.0681340110961,0.1408700290753,0.4641876820324,0.8125151503542,0.5779454834459,0.5578344872648,1.0000000000000,0.6324398961139,0.3588453183288,0.1508689117235,0.3461262277809,0.6369231455608,0.3139599204650,0.3303513316335,0.5647658020114,0.0163619906101,-0.0536806009513,-0.1491085013303,0.5835359507883,0.2595520987869,0.3873321608051,0.4200325922917,0.1780447063816,0.5731549351994,0.4294772874900,0.4397707867762,0.3650916705835,0.3545172089127,0.2968381838541,0.3342359218535,0.5539483818869,0.4840050069460,0.0355127817126,0.3656009467063,0.2812276500795,0.2308070880763,0.1014534340029,0.4990255044707,-0.0897006636742,-0.3256594757574,0.0037144718542,-0.0065419201297,0.0183756248434,0.0842184837651,0.1424700175240,0.0475698512331,0.2803605421377,0.5138398989201,-0.4169019208263,0.0229861122270,-0.3241399424922,-0.3179202241550,-0.1236053862486,0.1926685848094,0.2416982134579,0.0508916323462,0.6818356634030,0.4479730581745,-0.1622989793292,-0.2872575685293,0.6540614348717,0.1196371901071,0.2334286913836,-0.3196302562965,0.2790624610548,-0.2076015700449,-0.3868436842845,0.3141891818312,-0.2991600190911,-0.1536268390103,-0.4085178494962,0.1573684058938,-0.1670711954282,-0.3041124969915,0.4439860410778,0.2221028745082,0.1665295254907,0.1188502897790,0.0853235221158,-0.0229491121667,0.2243925717334,-0.3866730918814,-0.5435530836754,0.1775572812193,-0.2250967992590,-0.4590422326189,-0.2827832327352,-0.0364998967465
0.2533533927351,0.3186843574173,0.2721244208673,0.2685696075230,0.4341379196548,0.0681665651299,-0.1738912707871,0.8247146041529,0.8613493551507,0.1964749564305,0.6278724038770,0.7096842458037,0.3365895945146,0.1816605956587,0.1313347772142,0.4382928103287,0.6316676251177,0.7089035814077,0.6324398961139,1.0000000000000,0.5346298832827,0.1316104267439,0.6794060506342,0.6312382111527,0.6471610459912,0.3778202890080,0.7096024357526,-0.3282335492563,-0.2219631297406,-0.3707354532178,0.4090216275991,0.3567633658090,0.4881253542141,0.2457814703795,0.4646672477136,0.2697947609939,0.6166975294273,0.6278079730495,0.2664232643390,0.2442514554895,0.0399231306176,0.2295106416374,0.3161693264745,0.5306735957464,0.0513718956201,0.4155025191041,0.1535481683587,0.5203527684308,-0.2506924418808,0.3800953773443,0.1815182039166,-0.2996797576664,0.0092161742037,-0.0101148831476,-0.2647219077329,-0.1512424115588,0.3936108472207,0.3021417594219,0.4356932020662,0.6784321947858,-0.3356488774123,0.5193864244416,0.1440381604970,-0.0902226408094,-0.4643668296649,0.0894184261554,0.1645329546555,0.3215620783723,0.5754309818524,0.8664743325643,0.1225570474231,0.1600772451232,0.8006115430991,0.6419837860439,0.1350152510392,0.0090846489393,0.6274478169724,-0.5245783474377,-0.5004775683263,0.4108808038568,0.0408304714647,0.1871171596106,-0.5736023598443,-0.1076160238426,0.0608162910209,-0.1541126465043,0.6475048466495,0.2913047095662,-0.0649761460392,0.3710899464811,0.1434835825374,-0.0207297348212,0.3897290232269,-0.2234681910395,-0.2486794204438,0.4748744253783,-0.6011782075931,-0.3372601827253,0.0224672939220,0.1837881787352
0.2455774292312,0.3265588199049,0.1988043619150,0.1385771786875,0.2626799708273,0.1046920549108,-0.0945405286630,0.4348309378246,0.4773566149846,0.3272818071372,0.7759180290457,0.7141370758853,0.0756191863301,0.1674676484289,0.3008413549598,0.4319407853010,0.7358303151429,0.7422204406726,0.3588453183288,0.5346298832827,1.0000000000000,0.3021092296274,0.7877011399504,0.3375548765365,0.5193517155362,0.2919298164436,0.5403265769328,-0.1953786543727,0.2809624994755,0.1372520034214,0.4515687563021,0.3778116781143,0.4074606791028,0.2656290298835,0.5394272576590,-0.0207899332284,0.4809846217053,0.0471321666024,0.2468893604696,0.3494936418265,0.3245730398694,0.3854595722569,0.5927733345261,0.2647123011882,-0.2367900013564,0.4752671067686,0.2425203442664,0.2491449402501,0.2269637887071,0.5798970352118,0.1251461506359,-0.0810153562654,-0.3761840625146,-0.1371225901703,-0.3699805453366,-0.2594433112378,-0.1024264290091,-0.1984754274938,-0.1019242866388,0.1652326416025,-0.5725579909979,0.3972789766311,-0.1247481580441,-0.4034556398403,-0.1162634465711,-0.1882682319627,-0.1700032356307,-0.0608786899440,0.0264484848983,0.3140831270123,-0.1234416086630,-0.1861828965550,0.3451404359964,0.1416843760406,-0.2534781915725,-0.1496307238505,0.3395238723116,-0.4526681536562,-0.1712579844390,0.0101114627944,-0.2345250096431,-0.2543814155978,-0.3576453151740,-0.3580738441846,-0.2562273617576,-0.4629255576651,0.3545207802333,0.1880032122458,-0.2257149196111,-0.2532573971892,0.0582564150387,-0.3082650997386,-0.0624064150307,-0.5817041803476,-0.4050001521081,0.2420949540240,-0.0983173797150,-0.4713431306033,-0.2883726391639,0.0497374471692
0.1391120151040,-0.0102938400057,0.2827965109009,0.2659778702221,0.2527486378052,0.5199814174869,0.0905476139552,-0.0135147589855,0.0532349429882,0.7741642187667,0.3337708846420,0.3222192244534,-0.2063861235160,0.0970140890009,0.2283616409047,0.1329667044831,0.3185577038440,0.3359619701864,0.1508689117235,0.1316104267439,0.3021092296274,1.0000000000000,0.3374601857455,0.1455776166543,0.3103681622361,-0.0992191399003,0.3671415795860,0.3247731073151,0.2070769380944,0.0874643864332,0.2465573666082,-0.1910021936802,0.4554590027966,0.3975077891262,-0.1820089342537,-0.0586777893928,0.1825185533123,-0.1064075002015,-0.1368510792700,0.3047239452307,0.5043424435500,0.5093886615414,0.0107248145556,0.1341780761081,-0.4676208012596,0.4858271716850,0.2393176070212,0.0100811293930,0.3057185414769,0.4501786983165,0.0596296503609,-0.3942458195731,-0.3880324267458,0.0579377709853,0.1401753497241,0.0126228743696,-0.3347866154602,-0.3936904526926,-0.4075272964082,-0.2213689157795,0.0517913462793,-0.0722526606595,-0.3537536502529,-0.4631514573341,-0.1092553623310,-0.3555713316267,-0.4874179418629,-0.3013572802240,-0.2546027491830,-0.1106044803436,-0.4227239240928,-0.1579824770547,0.1494170865229,-0.1032218838027,-0.3184405279116,-0.3608406168846,0.1187718509998,0.0470227782333,-0.3209177990351,-0.2364609557534,-0.4451539480141,-0.2551806019743,-0.2023860248245,-0.4593460933787,-0.4853293527008,-0.3809935780850,0.1277111066566,-0.4189867764242,-0.5140987866902,-0.3179931356137,-0.3126898705309,-0.2164575070957,-0.3016314334079,-0.4176745063096,-0.2666975789292,-0.0401663263036,-0.0235716927310,-0.0433285688586,-0.2391967098329,-0.2886628715769
0.2048301834919,0.2790558097975,0.1954355077378,0.2423569262492,0.3899745342233,0.0623256219264,-0.1561025451493,0.4918992204412,0.5434349794775,0.3051307486600,0.8872519975902,0.9119402404249,0.1771875837187,0.0715681081622,0.1298171282260,0.3144512338407,0.6339626322232,0.6629352352455,0.3461262277809,0.6794060506342,0.7877011399504,0.3374601857455,1.0000000000000,0.3290992841879,0.5874335406327,0.2716678004748,0.5573577003463,-0.3288362503201,0.1709255749056,-0.1320396176332,0.3155038590027,0.4244312917407,0.4798944201362,0.3160458773838,0.5606155609663,-0.0308000888464,0.5313845780495,0.1687235898556,0.2393888841740,0.3333935804446,0.1967124735481,0.3724352403883,0.3461854768100,0.2708455978694,-0.1892765729406,0.6435015203867,0.3414203328749,0.4092036229402,-0.0161273379703,0.5421986613378,0.0948935568209,-0.1885147572004,-0.1843164436303,-0.0963050653702,-0.3386441143979,-0.1667592168770,0.0451586432674,-0.0850199196046,-0.0380912789666,0.3000353200990,-0.4075425191767,0.6350835293760,0.1563540056862,-0.2614430088189,-0.2966983550975,-0.0233347960032,-0.1633630168349,0.0553025689665,0.0699016995348,0.5359942448372,0.0731147087239,0.1221225172291,0.4589740450057,0.3422627119169,-0.1035948865267,-0.0852322447478,0.4154551398467,-0.5916407593682,-0.2246222550129,0.0988692279571,-0.0553044687564,-0.0526585718345,-0.4839651204584,-0.3137266116487,-0.2013530501503,-0.2640864865778,0.5047259885617,0.1935254644824,-0.1560849225931,-0.0972737109995,0.0719613480397,-0.1634622098545,-0.0238725156136,-0.3832000798482,-0.2961355127843,0.4122488781002,-0.3600252169073,-0.3900125601363,-0.0356794034463,0.2775314514730
0.1979890453741,0.2284026780933,0.3556875116676,0.3083365978600,0.3236044528247,0.3852413114859,0.0834235799019,0.5894285134994,0.5124081085040,0.2798298507886,0.2738265964447,0.3309209513766,0.1643409282597,0.1752901146635,0.2862819353345,0.5364267150288,0.5285555787508,0.5665252081688,0.6369231455608,0.6312382111527,0.3375548765365,0.1455776166543,0.3290992841879,1.0000000000000,0.2886376268755,0.3510667723410,0.6591032481803,-0.0733762075062,-0.2757676601261,-0.2765375105054,0.6807798867700,0.2111468529781,0.4482726162506,0.2751174871376,0.2157752931199,0.5302703678947,0.6548964016581,0.5880110916198,0.4343985113963,0.2112996499957,0.1159706511999,0.3678876221661,0.3539281637854,0.5339146384722,0.0750599174902,0.2329768035999,0.0909819568940,0.4435573606394,-0.1075423326193,0.4513249206493,0.0840457651714,-0.3686321608226,-0.0212120276896,0.1872568024300,0.0319422080347,0.0478393586170,0.2575862104185,0.1282129454268,0.3439889293710,0.4070770978507,-0.1690924823367,0.0914685582218,-0.1572387026405,-0.1572235765827,-0.3650942321231,0.1035010612171,0.2681759539514,0.1947777813115,0.5310928676554,0.4786173553373,-0.0882529897635,-0.0407519956462,0.7401946543640,0.2477748725242,0.2920168508082,-0.1269222857964,0.4438045781032,-0.2497844867110,-0.5136618393498,0.5117246286314,-0.1215526254895,0.0753287478293,-0.4226184676487,0.1705662912852,-0.0451438340120,-0.1365510824416,0.7210617693720,0.3504657969687,0.0629428921771,0.4034985874286,0.2821192176263,-0.0252584927599,0.4319853413191,-0.1902385220483,-0.2694010273340,0.3369190814647,-0.4246873798382,-0.2751556468493,-0.0346427887868,-0.0127288677925
