1.0000000000000,0.4142146705424,0.0281909136145,0.4014789094516,0.7358867422285,0.2834191260314,0.2844453527831,0.3316698750926,0.1403030933759,0.6937583040174,0.2526903910704,0.6723948402393,0.4875369920825,0.7175846052898,0.6570315129179,0.3255317737074,0.4768525090570,0.1569776329825,0.1122995091971,0.1883580663259,0.3044094438398,0.4184344370778,0.2365814948701,0.2391685388218,-0.0116659150548,0.2155462379169,0.3490062301420,0.1711347872503,0.3675717554687,0.4794278241944,0.2991735573005,0.2834790488714,0.3815731424585,0.1835810019207,0.3223081076204,0.1842704809318,0.1446766274052,0.1620134438282,0.3017405092276,0.2894835081903,0.5838973285051,0.5656023835850,0.2042999088057,0.0576383075840,0.0299939832091,0.2342133625126,0.3490250478207,0.3407633843780,0.6035193925804,0.3806714029033,0.5039779521411,0.1395996110726,0.0380153240227,-0.0560491043092,0.2585056815383,0.1612334747162,-0.1134194086640,-0.1012362327228,0.2037712772010,0.1994155011050,0.1069159817700,0.3954716918705,-0.1708655304885,-0.3643897793284,0.4397085056432,-0.4582949587674,0.0754285574094,0.1184748699696,0.0879714056126,-0.1333506836429,-0.3495369732935,0.0088254773294,-0.0429585615895,-0.1306375747442,-0.3610691448461,-0.2399108884808,-0.3027265892956,-0.3184399032716,-0.1269232716278,0.1266321851838,-0.2383072740057,-0.6006551034171,-0.0364017463150,-0.2507383922974,-0.3520642973266,-0.2781716830076,-0.3322506034521,0.3833034144016,-0.3575928120313,-0.4171027883690,0.0118511550554,-0.2753744217516,-0.0867522274198,-0.0948634558172,-0.5977917862218,0.1986788126111,0.5784149510914,0.2094047734202,0.3090730047285,-0.5305384909619
0.4142146705424,1.0000000000000,0.1511856411099,0.7528048167888,0.5121581870321,0.3234973957044,0.7187902411648,0.3873398781244,0.3484991469898,0.4944103729508,0.1383363654852,0.3739724820922,0.4503065964856,0.4878023009916,0.6534568321012,0.4466717947200,0.4195325646582,0.1743781694121,0.4981786834344,0.0260946086844,0.1539231153043,0.2655084797968,-0.2061243129303,0.2976036162492,-0.0782365864305,-0.1499640890841,-0.0482182923514,0.1877106741146,0.1509880856654,0.3855189575425,0.2556802404786,-0.1945998679442,0.0911864227458,-0.2984983497057,0.3130473204598,0.3080378844142,-0.0991998695721,-0.1171025361631,0.1689837159636,-0.2020045982600,0.1810274454228,0.1318461766092,0.1292180369514,-0.3347779865175,-0.2064342491736,-0.1886701965712,-0.0187152078943,-0.1387709816801,0.2657382174624,0.0390660984350,0.6196975704121,0.7690729908093,0.7033246675566,0.2717795961033,0.6710433456009,0.7098143122739,0.0966695448147,0.3663020571323,0.2711090093076,0.4196299044663,0.3565808095738,0.3046992104501,0.1737422417868,-0.1383548171649,0.6056126099971,0.0533511492607,0.6077453604920,0.2879505980856,0.6284492744725,0.0411835445414,-0.0780154238287,0.0391444624164,0.2082470537429,-0.1453218047888,0.0945350750541,-0.1757155796410,-0.4490151291665,-0.0752510537822,0.2127669452861,0.2631828164296,-0.1478802166993,-0.3218258996211,-0.0887243484713,0.0741460316490,-0.1934309034369,-0.3052039342431,-0.2335255841495,0.5277737842832,-0.2025491776973,-0.4971425595972,0.0340535065803,-0.5073608637534,-0.2120817171891,-0.1141331754979,-0.2950063044985,0.1351638614979,0.0335707839104,-0.0006991653734,0.1740079303000,-0.1922982656987
0.0281909136145,0.1511856411099,1.0000000000000,0.0498254183558,0.0376060506625,0.5501043406880,0.1219225351864,-0.3963436900946,-0.3963276968829,-0.0784910815351,-0.2694251622656,-0.1054873889733,-0.1977219099703,-0.0197854488251,-0.0825244331363,0.1438769364842,-0.2434860555348,-0.2271994950032,0.0179814262969,-0.1198582076232,-0.0562857169916,-0.0982000313330,-0.1275890687823,-0.0062527673345,-0.2189405285760,-0.1898672335500,-0.0775756082470,0.1564909323519,0.0222320260768,0.1407034230667,0.0049348334960,-0.1364973986918,-0.0440861784315,-0.0927050536452,0.2611005904391,-0.1030782769564,0.1997424022472,0.0615893019313,0.3096517612888,-0.1152930980638,-0.0677806533547,0.0454800204663,0.2755347384947,0.0012124526698,0.0660576019196,-0.0088146171788,0.0072492052252,0.1037088209885,0.0077739937125,0.0147700726218,0.0642132515927,0.4094933635260,-0.0353323539369,0.7946643635475,0.1409384098797,0.1111306109478,-0.3053811423853,-0.2952306249808,-0.4715349964020,-0.3549688457913,-0.1092609829435,-0.3057639906002,-0.1584373713846,-0.2876084897008,-0.2668821009716,0.2588409290294,0.1317716401909,-0.3930051107886,-0.0112484973865,-0.0582559801917,-0.2648763834380,0.0477633500837,-0.3002583563216,0.0067335753724,0.0503799244312,-0.0620236314360,0.1227552291575,0.1355917738053,0.1743085269016,-0.2459865911819,0.0273581437227,-0.0818927659001,0.1884028817334,0.3269680200990,0.1633741227938,0.1262308930134,0.2482094627858,0.1481175286006,0.3687215620305,0.0567927565793,0.3311795214712,0.0190806555174,0.1693889801569,0.2658222815030,0.0836469631272,0.0933595864725,-0.1173773857896,-0.1455200890076,-0.0290162028345,-0.2653166828640
0.4014789094516,0.7528048167888,0.0498254183558,1.0000000000000,0.5765395364004,0.4104087935287,0.9030372546454,0.5944273233284,0.4418690574419,0.5702737886353,0.3257562471800,0.5304270990473,0.6468142701213,0.5750537908699,0.7989543232352,0.7105196014601,0.6586119359573,0.3490704794851,0.7064245800462,0.4332037419820,0.4220306941997,0.3346467621348,0.0421417971032,0.5505781447521,0.0480403628646,0.0726070367583,0.2737374615654,0.2165387072936,0.2136272350581,0.4348439224119,0.4966060918739,0.0108162753123,0.4035717126471,-0.1791486139311,0.4253571061092,0.6353421240548,0.1078747488809,0.2203758742859,0.2225509435335,-0.0485145709462,0.3191368627185,0.2587705801345,0.3726963911065,-0.3114810123851,0.0664546950207,-0.0175276005961,0.1169810588921,0.0426040871944,0.4067214173086,0.1479169520395,0.5732981733222,0.5328107563966,0.7561788129562,0.2375970009161,0.6691291869410,0.8337084095907,0.2822266784099,0.4668557207195,0.3608555317194,0.5406373920648,0.1741439904619,0.4657149354565,0.0508686286695,-0.2775202101711,0.4497742372383,0.0298624273630,0.7755244308230,0.3972968446822,0.7252615056019,0.4206633292253,-0.1625732879607,0.1938810296851,0.3262513438302,-0.0050304327068,0.1220689554375,-0.1361514914653,-0.3552232209798,-0.2086788581253,-0.0227627076375,0.4003613136635,-0.1466878072647,-0.3419838313841,-0.3792038867978,0.1203189445705,-0.0819127376726,-0.4505473804766,-0.2131068434503,0.5979838656036,-0.1534187829285,-0.4800340574113,0.0522517807395,-0.4330483661657,-0.1964153986767,-0.2057329690151,-0.5235983636364,0.1497379346545,-0.0389802054891,0.0955282260819,0.0845272991876,-0.2398856733657
0.7358867422285,0.5121581870321,0.0376060506625,0.5765395364004,1.0000000000000,0.4060760990201,0.5413888621018,0.4427684411575,0.3761086935156,0.5587072226227,0.3348141418915,0.5444226792350,0.5306919560427,0.5351783186474,0.5961490640983,0.2813936760983,0.4866951802687,0.2868925840069,0.1847876924849,0.1621685966991,0.1409715045812,0.2603647088876,-0.0148881926590,0.2253427223385,-0.0027155090394,-0.0629898570883,0.1016029543530,0.1683695860358,0.1454425727582,0.1973968871128,0.1648368899871,-0.0397955585836,0.1761263426168,-0.1124666917280,0.2348211492298,0.2449315235027,-0.0385157856928,-0.0322808538968,0.2479763715597,0.0224013567360,0.3029746949205,0.3144653534252,-0.0320872082372,-0.2364605636337,-0.1840894053897,-0.0116143891162,0.0351324395701,0.2556176842178,0.4337526208988,0.0683787845173,0.7963797757445,0.3531653322311,0.4134389193871,0.1380517422007,0.6575616722708,0.5290486808857,0.1980461726348,0.2315976602762,0.3124764751497,0.4285624180011,0.3542132922986,0.4946798943430,0.1463467588326,-0.0419619681994,0.4952697993913,-0.2650986831036,0.2582026377471,0.3559182065604,0.3109068186725,-0.0298574418501,-0.0793385086195,-0.0258527758091,0.1395413604144,-0.1175906361937,-0.2714042098059,-0.3494099041662,-0.5037225833878,-0.2468411244649,-0.1008354579434,0.1403988878788,-0.2919162831011,-0.4089573922482,-0.1635945277031,-0.2299336437841,-0.3948862845867,-0.2977496058318,-0.2929789607025,0.4663730722874,-0.4030115966941,-0.4224445737798,0.0141819636240,-0.2715684350778,-0.3076121213723,-0.1242379723918,-0.4156212312067,0.3635619951136,0.4361616662237,0.2724230321182,0.4475932814000,-0.2904271433779
0.2834191260314,0.3234973957044,0.5501043406880,0.4104087935287,0.4060760990201,1.0000000000000,0.5831254224796,0.0958651901835,-0.0671541530441,0.3529515159567,0.2895799656239,0.2989524413995,0.2599124376444,0.2024693879199,0.4505670684487,0.4552745054169,0.2542786491942,0.2671956312739,0.3002148200936,0.3015928420016,0.2020259448183,0.3643585762229,0.2723124246900,0.5419962425267,-0.0595329759651,0.0848538557684,0.3515942836457,0.0398528981686,0.1133447809715,0.3587609748891,0.4522806619818,0.1421649591635,0.2808337661826,0.1777752944622,0.3678650317923,0.2420173494410,0.4262734239093,0.2122466289281,0.4842499722171,0.2538999662641,0.3056575049333,0.2738968787191,0.3922727600500,-0.1677953048273,0.0974241674091,0.2608578153317,0.2650546296221,0.4855932159712,0.4581435053119,0.2216025329756,0.1677580402402,0.2403112381241,0.1905147508609,0.7369722822263,0.5989759119161,0.4208303915424,-0.0435264683553,-0.0652431692950,-0.0038177186792,0.0478217125297,0.0153187750787,0.3136273721986,-0.1790735850071,-0.3808754368845,-0.0799480377868,0.2191104989260,0.3926006971143,0.0468712800206,0.3292079774428,0.2321536194759,-0.3482743536565,0.3888987544317,0.2329104866104,0.0044266538899,0.0284579683641,-0.1317607722704,0.0511840881873,-0.1520588532758,-0.0242704910116,0.1844820987246,-0.0078186778138,-0.3171277772443,-0.1528853559825,0.2700772833715,-0.0537462072178,-0.1251726575980,0.1890952691793,0.3736980434749,0.1728076306953,-0.1309625796923,0.3936348145826,0.0515340089135,-0.0164659174829,-0.0189960710070,-0.3268708082340,0.4466580399584,0.0439300922737,0.0785181363841,0.0441349083570,-0.2754310752688
0.2844453527831,0.7187902411648,0.1219225351864,0.9030372546454,0.5413888621018,0.5831254224796,1.0000000000000,0.5155944379426,0.4006003298509,0.5021250903671,0.3507325140890,0.4650783712454,0.5865414274856,0.4059632744013,0.7142580096227,0.6534174244913,0.5860681731657,0.3588943740456,0.6908696408917,0.3927617381594,0.3405906907530,0.3167007916324,0.0794485899089,0.5967795812396,0.0326172356600,0.0458729710353,0.2415354617165,0.0560370420636,0.1281026382763,0.3743511303280,0.4803706793844,-0.0286993186544,0.3245773503256,-0.1262034507862,0.4019498089552,0.5782709130461,0.1358825597665,0.1449687785528,0.2811448625396,0.0084235790271,0.2679702856273,0.2103396505420,0.3146028617820,-0.3883313178789,-0.0162619302554,0.0367869409319,0.0968869836553,0.0765558808441,0.3728120061019,0.0673649660515,0.4838136050462,0.5119260736681,0.7328809036801,0.3864205260170,0.8025792771430,0.9066539773755,0.2946264951977,0.4323011955223,0.3520085364422,0.5064306362910,0.1955305279762,0.4712660959373,0.0764407667693,-0.2203123172301,0.3035481993532,0.1441420683328,0.7747218994588,0.4045408480908,0.7494415343991,0.3831662399875,-0.1232796711267,0.2539997541419,0.4151643761236,-0.0254188094686,0.1459844370120,-0.1614632822740,-0.3236388468341,-0.2355254878531,-0.0112240001726,0.3703507286778,-0.1484454210010,-0.3092825155605,-0.4033162410398,0.1727797980402,-0.1439590330191,-0.3870765424852,-0.1041860050016,0.5800999440568,-0.0882247818387,-0.4421779532126,0.1343111583472,-0.3249088279203,-0.2309639378932,-0.2084161612627,-0.4419245690420,0.2522288378509,-0.1204375351593,0.0667707982722,0.0686366387847,-0.1755778175006
0.3316698750926,0.3873398781244,-0.3963436900946,0.5944273233284,0.4427684411575,0.0958651901835,0.5155944379426,1.0000000000000,0.7794063501170,0.5513458377547,0.5406812067739,0.6104945420479,0.8101588573802,0.3639396541891,0.5726113744172,0.4683111498085,0.8049774652141,0.6410158847737,0.5632351362333,0.5830308007838,0.3164003069828,0.3423869837542,0.0448531576695,0.4269364386359,0.3544716130018,0.1294439584113,0.2281049782886,0.0250291054849,0.0334988162541,0.1959759604158,0.4163446019986,0.1003444254061,0.3818917396678,-0.0722147530411,0.1932365826069,0.5386085893654,-0.0151884003921,0.2410845261784,0.0873135843540,0.0031431364830,0.2422746662752,0.1366310387855,0.1222145620380,-0.1943868054752,0.0675336739777,-0.0599346494335,0.0709549206044,0.1911624429693,0.2562806490570,0.0198338374733,0.3858953333245,0.1694878130162,0.4842871795003,-0.1775328765644,0.4274740460860,0.4892733181207,0.6304052999896,0.7351975584954,0.7931150530940,0.8515655280207,0.2930713937329,0.6999256002472,0.2333102187669,0.0767672826143,0.4032297506462,-0.1968171961003,0.4995734490717,0.7263449267437,0.6630048890216,0.5034613558813,0.0498524495308,0.0551305550518,0.5172290286407,0.2045141541120,0.0045024328339,-0.0408349193378,-0.3216099022816,-0.2888888264238,-0.2352334480610,0.5479440337442,-0.1964243333653,-0.2122595655057,-0.4166916738343,-0.0642338700984,-0.0715394427448,-0.4509084054404,-0.3224403627728,0.4432365231508,-0.3472801598567,-0.3238208969892,-0.0062192949739,-0.3092443992619,-0.1724994944229,-0.3610797002361,-0.4857414660333,0.3030071659174,0.0397497705271,0.0564482998790,0.0491620770439,-0.1707109242124
0.1403030933759,0.3484991469898,-0.3963276968829,0.4418690574419,0.3761086935156,-0.0671541530441,0.4006003298509,0.7794063501170,1.0000000000000,0.3786300462493,0.3624975668802,0.3384600417189,0.5987994328074,0.1274226894138,0.2939506175734,0.2923452886107,0.5814251493703,0.4440063133708,0.5298303223549,0.3710308962736,0.0587867309366,0.1096943726285,-0.2284933030392,0.1614488784246,0.5222575989599,-0.0261731186521,-0.0759250333219,-0.0888343990307,-0.2676829379690,-0.1602025798387,0.0604203111115,-0.0728669233442,0.1478124277030,-0.2490819388454,0.0748993938375,0.5258882964373,-0.2667667866801,-0.0604494247702,-0.0241570679411,-0.2272735218551,-0.1002202747851,-0.1175947989756,-0.1507652736025,-0.1791148467589,-0.1793383867035,-0.2797749949515,-0.2136071731727,-0.0278876376851,-0.1052629017322,-0.2221267168426,0.4465171020424,0.3131414858116,0.5227499022899,-0.1636009039748,0.4178812897354,0.4714776102468,0.7084715320217,0.7415887212432,0.6998800252905,0.9289154840161,0.5334615822064,0.4986095881380,0.4528758791209,0.4170314766316,0.4790524833882,-0.1587802080331,0.4335006112514,0.7285290549514,0.6036139830560,0.3962321479732,0.3132116623745,-0.1484373144251,0.4933042017853,0.3107285989181,0.0172519014097,-0.0444463330243,-0.3919600945040,-0.2504772909991,-0.2644334155725,0.3876615626339,-0.1723822232521,0.0709582564484,-0.2979517366964,-0.1732328157793,-0.1677893724270,-0.3803964327068,-0.3231387055069,0.3486725429537,-0.4732449007248,-0.2453373957905,-0.1528406426974,-0.3269731732054,-0.2617598981283,-0.3840482294655,-0.1655370337756,0.2383095596031,-0.0663854271534,0.0095524134049,0.1882348842707,0.0226072497111
0.6937583040174,0.4944103729508,-0.0784910815351,0.5702737886353,0.5587072226227,0.3529515159567,0.5021250903671,0.5513458377547,0.3786300462493,1.0000000000000,0.4458924386804,0.8593861827924,0.7109720089768,0.6852866116035,0.8048330663619,0.6263185677596,0.7439057742580,0.2097747130138,0.5446450496972,0.4697244200687,0.6324552927753,0.7523539473341,0.3496643267686,0.5435838266900,0.1894486257412,0.4262739550128,0.4843892909395,0.1153704172826,0.2847586469141,0.5856024840009,0.5362952863491,0.4415557187373,0.6271368575044,0.2778576704730,0.4555392117554,0.5301519010174,0.2696006010718,0.3107754072807,0.3161545499992,0.3341952028246,0.6476192742998,0.6670559515485,0.4488760605830,0.0928533953831,0.1358400616422,0.3630410943985,0.5135147913649,0.2757516149022,0.6278637413072,0.4341421526368,0.3383373429942,0.0987025352667,0.1737669996137,-0.0741941811761,0.3589037034483,0.3004797807880,0.0801084291150,0.0999928615397,0.3523209586280,0.4267515555956,0.3128437127508,0.5957153187895,-0.0674942485568,-0.4137588952371,0.3547803248469,-0.3059307084874,0.3605006741897,0.2939137219692,0.4182158592757,0.1944981745625,-0.1865324492712,0.2375530230116,0.2251521856891,0.1047923970074,-0.1208151414567,-0.0838389381637,-0.2296485935439,-0.4406703761252,-0.0917205707662,0.3106200926489,-0.0650201228726,-0.5326591088643,-0.1330671900200,-0.0908889771155,-0.2329278283881,-0.3723180292428,-0.2531833424170,0.5116254721497,-0.3486760163195,-0.4568828260235,0.0241934380103,-0.3709681636824,0.0241833136626,-0.2190066974758,-0.6719322092796,0.1843526504589,0.3515975123748,0.2809403889332,0.2611125368738,-0.5142771872361
0.2526903910704,0.1383363654852,-0.2694251622656,0.3257562471800,0.3348141418915,0.2895799656239,0.3507325140890,0.5406812067739,0.3624975668802,0.4458924386804,1.0000000000000,0.5613855561461,0.5333467790844,0.3571976175192,0.4795130835147,0.3480012290189,0.5922588092140,0.6015129714953,0.2996667685391,0.4507083857582,0.3209408203377,0.4189264437246,0.4482347955114,0.5328160238335,0.1631819861744,0.2049089848525,0.4984074482847,-0.0429265393847,0.2388750117375,0.2631430922711,0.5256223575480,0.2237024464631,0.4036257833453,0.1832231128100,0.0964556854824,0.3689156673428,0.2329053092788,0.1949868054284,0.0701217742999,0.3108467536690,0.4211480737254,0.2945347880608,0.1518917419553,-0.1164924652977,0.0670613587683,0.2870832799059,0.2459187416166,0.3625842174593,0.5085152482656,0.1552101843464,0.0738128720319,-0.1378483731663,0.2378651264219,-0.0955314198382,0.3675979381650,0.2106364943115,0.3529030670832,0.2720011570413,0.5546722246570,0.4378340323185,0.1286888979685,0.7556200227465,0.0845577507377,-0.0048716598829,0.0881857822867,-0.0407393885416,0.2554147221621,0.5678237072007,0.3651437101430,0.3223358942699,0.0400929007624,0.3624107602163,0.5181143581654,0.0398650683781,-0.0055418671622,-0.2072861557922,0.0192453795717,-0.1756683639771,-0.0910361973279,0.5579889274635,-0.1221004645933,-0.1782469747594,-0.3364890717986,0.0297274369494,-0.1287352127132,-0.2755593895757,-0.0756932269706,0.1923951911278,-0.1269472180666,-0.1906811555751,0.0229734257615,-0.0327719188426,-0.2010246892171,-0.1564516939672,-0.4126801777689,0.3073569024886,0.2837993878746,0.3650825741723,-0.0353736804963,-0.0853625020074
0.6723948402393,0.3739724820922,-0.1054873889733,0.5304270990473,0.5444226792350,0.2989524413995,0.4650783712454,0.6104945420479,0.3384600417189,0.8593861827924,0.5613855561461,1.0000000000000,0.7724486758699,0.6930706606305,0.7352294590494,0.5515957316050,0.7707476759638,0.2689182508418,0.4685650130016,0.5093564538614,0.6390220423580,0.5970307696453,0.4643395288796,0.4581438334306,0.1952380166169,0.4804831613496,0.4974291596340,0.0022879382866,0.3299643675215,0.4929364206284,0.5063888982354,0.4377758262158,0.6625589351014,0.3110292054019,0.4160406357229,0.4874259902021,0.1787810179717,0.3674403417072,0.2705421328705,0.3589994758305,0.6505506018243,0.5981424642368,0.3965715055797,0.0848401403971,0.1743160477250,0.3855645521030,0.4935994668461,0.2913350289903,0.6090245772132,0.3687181777220,0.2847818362359,0.0172994407711,0.1420932198110,-0.0849977452898,0.3202465629313,0.2845743492626,0.1417902442891,0.1263393495124,0.3988186544189,0.4138860796869,0.1522080255614,0.6455415410735,0.0160004688667,-0.3078110946619,0.2751361620847,-0.3064007273613,0.2885066245436,0.3351685411928,0.3852175623871,0.1861844823000,-0.1388058538246,0.2285448476198,0.2147893236664,0.0877373486899,-0.1917339563650,-0.0736182350794,-0.2095316278893,-0.4080842531401,-0.1548843909110,0.2998879001836,-0.1440977948018,-0.4642642867433,-0.3206933464463,-0.1323196552125,-0.2386971949156,-0.3834816784500,-0.3278779560545,0.4604449290562,-0.3447984564516,-0.4119486082476,-0.0125238367329,-0.2820867781236,0.0214470590735,-0.2449564624839,-0.6665324323507,0.2247607497873,0.3522209543185,0.2485126887834,0.0720052462298,-0.4860273507400
0.4875369920825,0.4503065964856,-0.1977219099703,0.6468142701213,0.5306919560427,0.2599124376444,0.5865414274856,0.8101588573802,0.5987994328074,0.7109720089768,0.5333467790844,0.7724486758699,1.0000000000000,0.5142761329438,0.6953553560645,0.5773823909224,0.8591011417827,0.4343431816089,0.5632282351879,0.5684756426891,0.4552132227075,0.4346607185304,0.1196905670463,0.4492917016020,0.2397966440680,0.2133988646063,0.3025630773968,0.0439300507611,0.1038342366068,0.3873534408923,0.5070451933444,0.2518489801273,0.5652199280348,0.1148613003379,0.3600472931616,0.5451053558568,0.0803751664439,0.3742058901614,0.2474434133222,0.1455471655343,0.4287678413888,0.3586433745587,0.3473793752221,-0.1215578458461,0.1672262193267,0.0817785948441,0.2970377623242,0.2938634305948,0.4178644911122,0.2099800295957,0.3694498878063,0.1692479459000,0.3836627282646,-0.0780769832657,0.4506963286483,0.4817049311070,0.4931128671735,0.5306426396050,0.5237398414488,0.6795663995753,0.2070779576371,0.6554385673683,0.1104100137461,-0.0720622219384,0.2893894605873,-0.2387758759766,0.4935842168236,0.5729834032898,0.5985378469543,0.3898764981820,-0.0962248280567,0.0613978490754,0.2864861778378,0.1085953605912,-0.0571872440714,-0.0455293769753,-0.3293500615541,-0.3576612722898,-0.2557985812262,0.4498496064494,-0.1252752318218,-0.3151738158347,-0.3687504401368,-0.0033902208889,-0.0233637473712,-0.4133429806792,-0.3434306331994,0.5517067155605,-0.2942520998880,-0.3798654158474,0.0624504343403,-0.3045925586632,-0.0768292855078,-0.3117626700440,-0.5875432050327,0.3207311311121,0.0926645621493,0.1109786437686,0.0389820206267,-0.4216977297411
0.7175846052898,0.4878023009916,-0.0197854488251,0.5750537908699,0.5351783186474,0.2024693879199,0.4059632744013,0.3639396541891,0.1274226894138,0.6852866116035,0.3571976175192,0.6930706606305,0.5142761329438,1.0000000000000,0.7620927139229,0.5486091478938,0.5357304189675,0.1634423439516,0.3034932666665,0.3169761812612,0.4999369891111,0.5183340401540,0.3066512992035,0.4184977491557,-0.0317747637541,0.2914109371783,0.4569840963976,0.3265421150142,0.5333627927731,0.7115420432963,0.5434668120099,0.3136276912297,0.6005268047155,0.1074180395637,0.4045235816007,0.3712301181615,0.1627775240929,0.2419421475119,0.1232822294576,0.1826931870444,0.6227843871594,0.5860366606459,0.3601588746015,-0.0536570471199,0.1139319291903,0.2675550989775,0.4611696796332,0.1697271593103,0.6776969290527,0.3560520517714,0.4246223407877,0.1487236252566,0.2455730794585,-0.0851046025122,0.2393196953550,0.2572584635258,-0.0973772391308,0.0114456908847,0.1522332544481,0.2249826343379,0.0368269687131,0.4381787567057,-0.1158815462014,-0.4779906241606,0.4081219914053,-0.3218058584408,0.3326157927858,0.0908345413776,0.3010590861808,0.0728859717437,-0.2838273645575,0.2511753886357,0.0085463411100,-0.1203378327785,-0.1426997080108,-0.1997803246667,-0.2769949124909,-0.1788575368796,0.0151404416033,0.3108369471626,-0.0510371562829,-0.5178759608338,-0.1527977692150,-0.1132047675849,-0.2374171615626,-0.3426313107226,-0.3698385359239,0.4052700525506,-0.3411967753018,-0.5084618185623,-0.1485030985909,-0.4493813388978,-0.1826431119505,-0.0501757743697,-0.5769304683102,0.0315671191975,0.4425504921389,0.3526399829399,0.0631923513718,-0.5721534179339
0.6570315129179,0.6534568321012,-0.0825244331363,0.7989543232352,0.5961490640983,0.4505670684487,0.7142580096227,0.5726113744172,0.2939506175734,0.8048330663619,0.4795130835147,0.7352294590494,0.6953553560645,0.7620927139229,1.0000000000000,0.6855626558299,0.7223208199893,0.3455646777942,0.5803402208927,0.4552538434790,0.5641336385478,0.6210796594893,0.3302373605190,0.6752003501372,0.0109056020281,0.2984139902557,0.5411960291278,0.2530189378798,0.4262350744201,0.6952775580622,0.6674261858562,0.2949808292489,0.5456059869308,0.1597055258203,0.4558795407997,0.5801715249564,0.3055204447517,0.3203650634500,0.3489567247964,0.3124027273641,0.6625896632969,0.5491504476044,0.4995648672564,-0.1137605167786,0.1502830637817,0.2527412124231,0.4073710755642,0.2715567613142,0.7332891466250,0.4931709135132,0.3858917889320,0.2114264882893,0.4055313740885,0.0319906893505,0.5138724027943,0.5285656687302,0.0610215665139,0.1943849034118,0.3662663804083,0.4196962750162,0.0759489637089,0.6039327543882,-0.1891978295160,-0.5197332974432,0.4424017917079,-0.1014470726634,0.5473097711123,0.3044695869651,0.5504129845622,0.2511835426734,-0.3616101117398,0.2655612564240,0.2970174095895,-0.0825581886509,-0.0572803622470,-0.2292335089440,-0.2605513473314,-0.2929618313526,-0.0110597137044,0.4356557434410,-0.1581538553984,-0.6271208563861,-0.2575852034355,0.0554951825939,-0.2122012232275,-0.4568078126133,-0.2285635228575,0.5685459614100,-0.1871181889393,-0.4839667442071,0.1095867644761,-0.3713894683303,-0.0997932948131,-0.2138582972656,-0.7606706348356,0.1816199722421,0.2927774856760,0.1900429637111,0.1322651164307,-0.4333979952540
0.3255317737074,0.4466717947200,0.1438769364842,0.7105196014601,0.2813936760983,0.4552745054169,0.6534174244913,0.4683111498085,0.2923452886107,0.6263185677596,0.3480012290189,0.5515957316050,0.5773823909224,0.5486091478938,0.6855626558299,1.0000000000000,0.6782568505237,0.2966674796676,0.7854540043274,0.7143073213793,0.6410216443630,0.5308910804090,0.2779296477952,0.6809549491504,0.2461970827344,0.3663882571871,0.5073262678223,0.2042656955877,0.2655369336541,0.6315473441584,0.7810928779818,0.4219603301069,0.7159418185279,0.1663329951490,0.6724913977747,0.7219145586584,0.3769417608798,0.4507242880676,0.3735792925111,0.1455214815753,0.4417922077155,0.4494777460986,0.7197390296695,-0.0142248667729,0.3910537403701,0.2518963619413,0.4569605482737,0.2709657520707,0.5097271877165,0.3444827041161,0.1798964954619,0.1715044627281,0.3666765956366,0.1947062805880,0.3436348206523,0.4394141382873,0.2014297448902,0.2014830610036,0.2382780262187,0.3709807814943,0.0492312913944,0.3954491708772,-0.1880252826232,-0.5012209945994,0.1122525328047,-0.0275802411872,0.7292943143255,0.2786010945197,0.6071382332112,0.5813481773582,-0.2057995281747,0.3107986402328,0.2559469820569,0.2595606157878,0.2706559212840,0.0814155126018,-0.0708200523121,-0.2837621184766,-0.0221881245904,0.5411226359192,0.0434937533305,-0.3121437644367,-0.2497598139879,0.2907502285015,0.1669566663034,-0.3670595977535,-0.0766200882524,0.6029740636221,-0.0543126329523,-0.3276455687726,0.0977491114452,-0.4506282300107,-0.0157329148463,-0.1709482374717,-0.5740916418899,0.1450069051241,-0.0145807498337,0.0844476157611,-0.1205513189456,-0.4489435568810
0.4768525090570,0.4195325646582,-0.2434860555348,0.6586119359573,0.4866951802687,0.2542786491942,0.5860681731657,0.8049774652141,0.5814251493703,0.7439057742580,0.5922588092140,0.7707476759638,0.8591011417827,0.5357304189675,0.7223208199893,0.6782568505237,1.0000000000000,0.5232746802622,0.6581161149398,0.7052222355293,0.6225822999488,0.5152379766396,0.2661718790674,0.6349181680075,0.3118949796702,0.3373710588841,0.4414696200727,-0.0163995541191,0.1162492853978,0.3987773657574,0.6335798221054,0.3192153878999,0.6470989278246,0.0755276604340,0.3713518566603,0.6750716559485,0.2137990485428,0.3573886314196,0.1834546138507,0.1668198215047,0.4224894652683,0.3975269261028,0.3764485944700,-0.1541157777367,0.1767821886683,0.1446492140572,0.2977148393049,0.2320421882556,0.4601693226620,0.2226241491277,0.3209822971307,0.0813464250291,0.3939186732055,-0.1217898272257,0.4259270982207,0.4463728593163,0.4687713967488,0.4740594719777,0.5667972757706,0.6634069339987,0.2793994352987,0.7386004887003,0.1098344397048,-0.1750232399100,0.2958954956049,-0.2204339258668,0.5486952700707,0.6554260426016,0.6331694170911,0.5369655885548,0.0411014454495,0.2186959680803,0.4451767274830,0.2528107135035,0.1207309409078,0.0137606136619,-0.2283651259008,-0.4703580811670,-0.2874868983895,0.5795025231304,-0.0920116853704,-0.2510864640129,-0.4202303842813,-0.0027247962621,-0.0476487001039,-0.4743485373487,-0.2562672275043,0.5254437447550,-0.2875359490727,-0.3987466401796,-0.0407419221487,-0.3937485079013,-0.1662044676628,-0.3882102118379,-0.5989995112772,0.2023424105929,0.1052255335045,0.2076046336716,0.0538183362411,-0.3142500427298
0.1569776329825,0.1743781694121,-0.2271994950032,0.3490704794851,0.2868925840069,0.2671956312739,0.3588943740456,0.6410158847737,0.4440063133708,0.2097747130138,0.6015129714953,0.2689182508418,0.4343431816089,0.1634423439516,0.3455646777942,0.2966674796676,0.5232746802622,1.0000000000000,0.2496978918234,0.4511155166921,0.1379361252570,0.2915166273769,0.1939701907582,0.4843338047520,0.1423823480550,-0.0026590474699,0.2813739995633,-0.0091985431467,0.0250161250824,0.1464437554662,0.4173624994553,0.0276449225058,0.2044858491169,-0.0493660897534,-0.0916597532026,0.2849687933575,0.1673496256335,0.1138982064192,-0.0232083197111,0.0894429467871,0.1422346207116,0.0095261585414,-0.0224550010859,-0.3245849714418,0.0271747946191,-0.0073340262137,0.0111361444513,0.2831394073020,0.2705624107289,-0.0444977627142,0.1905706812936,0.0714680477317,0.3711183727362,0.0162168209405,0.3511997042603,0.3092246643191,0.5233152397239,0.5276045085303,0.6253588973845,0.5293324736637,0.1642600054734,0.6349572308700,0.1350930094773,0.1044473017438,0.1602727836934,-0.0678536030730,0.3740258279751,0.6632747095089,0.4546909960887,0.4739415998122,0.0176854667139,0.3660565030965,0.6461940895469,0.0370921013435,0.1081174851558,-0.0938657307650,-0.0127271462672,-0.1550065666465,-0.2204919440633,0.6078965368420,-0.1116192865129,-0.0690523707453,-0.3859374074038,0.0323886720864,-0.0451550845016,-0.2644809860222,-0.0512056110277,0.1140520699614,-0.1027375611602,-0.1769990500164,0.0499561865325,-0.0228687394154,-0.3287324143987,-0.2092082580573,-0.2777713603785,0.2458820908708,0.0415289689002,0.0990093566909,0.0098721885170,0.0570247448669
0.1122995091971,0.4981786834344,0.0179814262969,0.7064245800462,0.1847876924849,0.3002148200936,0.6908696408917,0.5632351362333,0.5298303223549,0.5446450496972,0.2996667685391,0.4685650130016,0.5632282351879,0.3034932666665,0.5803402208927,0.7854540043274,0.6581161149398,0.2496978918234,1.0000000000000,0.5917703215937,0.5320240177659,0.3783248973336,0.1410643372939,0.5714656715465,0.3365807935765,0.2773670804982,0.3203277830517,0.1004876272004,0.0944657875981,0.3565759230737,0.5377386843813,0.2287164720098,0.4849238698942,0.0468827998407,0.4680881223566,0.8165499811428,0.1896118403654,0.3008341262843,0.2609160788114,0.0626823671816,0.2627627956482,0.2483469990039,0.5595200964533,-0.0340132861378,0.2500338872929,0.1024136392152,0.2370382861041,0.0372671049725,0.2343990106742,0.1774937750916,0.1673381342747,0.2725302208925,0.4756844056863,0.1307314633254,0.4167996273757,0.5634248351885,0.3046093241006,0.4052651771408,0.4268283229219,0.5682098938618,0.1815474369795,0.4070565290584,0.0069311403157,-0.2552074225780,0.1692973208859,0.0944175364922,0.7166439585285,0.4328093803880,0.7264496515732,0.5709755305891,-0.0219689195438,0.1542260672609,0.3811232207160,0.2552468868540,0.3002524994965,0.0326747472591,-0.1689364169123,-0.2220834586586,0.0157448233059,0.4538964220726,-0.0694996728120,-0.2023189285090,-0.2580379035289,0.2522085069436,0.0810996047090,-0.3998949010264,-0.0865619980707,0.4939242107313,-0.0410324686991,-0.3216087006622,0.0736961787574,-0.4285332257262,-0.0007813052011,-0.2523942320472,-0.4491591934181,0.0717946137881,-0.1865464916727,-0.0064155507472,-0.0782927277194,-0.2239751029221
0.1883580663259,0.0260946086844,-0.1198582076232,0.4332037419820,0.1621685966991,0.3015928420016,0.3927617381594,0.5830308007838,0.3710308962736,0.4697244200687,0.4507083857582,0.5093564538614,0.5684756426891,0.3169761812612,0.4552538434790,0.7143073213793,0.7052222355293,0.4511155166921,0.5917703215937,1.0000000000000,0.6369494653531,0.4079104090056,0.4599370791933,0.6344671945863,0.5320418942686,0.5757341326396,0.6156115343381,-0.0236076205764,0.1171912459788,0.3405698607001,0.6939930124784,0.5554381633415,0.7437468540987,0.3070550381870,0.3650751276422,0.6515523933999,0.3444345208258,0.6158698940417,0.1936029063201,0.2802838054236,0.3727450761710,0.3734398632466,0.5545204503299,0.1052004637047,0.5248657348029,0.3427742782933,0.4507405492103,0.3206746803811,0.3759443896011,0.2504464925020,-0.0231643479314,-0.1940118122181,0.1195597404238,-0.0293418972625,0.1512025314129,0.2051829546602,0.4122293266090,0.2743185166345,0.3764408679909,0.4303660318832,-0.0290401264068,0.4817804537033,-0.1376741739162,-0.3051616326129,-0.1014968784832,-0.1947681489469,0.4219476454988,0.3882309948710,0.4136757017173,0.7869992580778,-0.0890513476516,0.3034894260935,0.4083756244421,0.4632102678060,0.1783687330068,0.1488748387240,0.0796042860417,-0.4017370907766,-0.2897141131453,0.5011814742930,-0.0120002568469,-0.1116117042606,-0.4854388931002,0.0528772785664,0.1511921298531,-0.3826718054513,-0.1509751557902,0.2776659039877,-0.1496430252385,-0.1228430037205,-0.0425349924774,-0.2319125977890,-0.0045714873070,-0.3415719878721,-0.4999496338216,0.1217935223161,-0.0441372893187,0.1078552295973,-0.1869616781674,-0.3227844876267
0.3044094438398,0.1539231153043,-0.0562857169916,0.4220306941997,0.1409715045812,0.2020259448183,0.3405906907530,0.3164003069828,0.0587867309366,0.6324552927753,0.3209408203377,0.6390220423580,0.4552132227075,0.4999369891111,0.5641336385478,0.6410216443630,0.6225822999488,0.1379361252570,0.5320240177659,0.6369494653531,1.0000000000000,0.5889856481110,0.5452050066428,0.6060710372361,0.2450654265838,0.6844148752016,0.6271889980547,0.1386337974179,0.3301145488419,0.5755888161014,0.6435201051002,0.5691086207785,0.7345737045497,0.3461155321254,0.3515032331345,0.5531761603092,0.3912536666254,0.5106647241267,0.0856183199808,0.3255645731055,0.5235548331740,0.5925334760714,0.6100231487213,0.2268597567003,0.5134540996765,0.4560239196750,0.6033286215263,0.0642715670162,0.4994467349698,0.4744556025817,-0.0570902722401,-0.1939071473982,0.0302096292477,-0.1098230470420,0.0518133299566,0.1194652264650,0.0245396046274,-0.0369434082711,0.1252940615029,0.1318550600101,-0.0752287272591,0.3627024133185,-0.2442380522165,-0.5680106069594,-0.0011862979109,-0.2575678756758,0.3146839890135,0.1186584785523,0.3037498351731,0.3714113143845,-0.0679143268238,0.3551756215666,0.1999262213379,0.2722847820476,0.2681284067657,0.0589417719332,0.0414600141267,-0.3431051288288,-0.1223650588863,0.3600600083033,-0.0322192909765,-0.2919573727948,-0.3664708656268,-0.0413382867123,-0.0173466867449,-0.3348200642269,-0.1091608101197,0.2712544003792,-0.1027988229787,-0.2896918620293,-0.1796322118329,-0.3696790659861,0.0452927435983,-0.2342257768750,-0.5339731012488,-0.1865659003144,0.0504692115399,0.0965761513228,-0.1335650014772,-0.3462908845398
0.4184344370778,0.2655084797968,-0.0982000313330,0.3346467621348,0.2603647088876,0.3643585762229,0.3167007916324,0.3423869837542,0.1096943726285,0.7523539473341,0.4189264437246,0.5970307696453,0.4346607185304,0.5183340401540,0.6210796594893,0.5308910804090,0.5152379766396,0.2915166273769,0.3783248973336,0.4079104090056,0.5889856481110,1.0000000000000,0.5180670540264,0.6301685325429,0.1087108506055,0.4149309771449,0.5776583536047,0.1957270556459,0.3890534637829,0.6672270355109,0.6078369222495,0.4887643852847,0.5514776173651,0.4007098166131,0.2556508190088,0.3889376290363,0.4116549104253,0.2934480978305,0.1764202958540,0.4451796069964,0.6462202339267,0.5729676586419,0.4390810160880,0.0899218356984,0.2077866564827,0.5487239052864,0.6380533062291,0.2894043289876,0.6885706742880,0.4317389865508,0.0329321671009,-0.1442259534640,0.0056846124501,-0.0803995184173,0.1449981933345,0.0699578801821,-0.0538995855824,-0.0474089411416,0.2168301226884,0.1673942856979,0.1205754950786,0.5209195559440,-0.2178151492517,-0.5105947380811,0.1125047538530,-0.2376288259557,0.2679918129356,0.1531012974136,0.2670418514452,0.2010987769453,-0.2644661220654,0.5906023022210,0.2774581317672,0.0641126621544,-0.0230551985735,-0.0624616913241,-0.0178535747082,-0.2633195009577,0.1037564268125,0.3663319026572,0.1131441236919,-0.4588160186139,-0.0417278611013,-0.0052271539694,-0.1517347039250,-0.1971116344883,-0.0852564925613,0.2417249115982,-0.2066400900561,-0.3419696786971,0.0222781426075,-0.1758348416590,0.0165388822947,-0.0020106815279,-0.5249234021542,0.0566372612894,0.3575260293720,0.3710182963702,0.0749490071062,-0.4153303312595
0.2365814948701,-0.2061243129303,-0.1275890687823,0.0421417971032,-0.0148881926590,0.2723124246900,0.0794485899089,0.0448531576695,-0.2284933030392,0.3496643267686,0.4482347955114,0.4643395288796,0.1196905670463,0.3066512992035,0.3302373605190,0.2779296477952,0.2661718790674,0.1939701907582,0.1410643372939,0.4599370791933,0.5452050066428,0.5180670540264,1.0000000000000,0.4797448554437,0.1118452127782,0.7343428422066,0.8299885421277,-0.1199133483592,0.4788700765695,0.4248924907822,0.4905127957676,0.7170779066215,0.5635049482542,0.6911177699219,0.0863281804259,0.2285535488689,0.5120319449483,0.4812035573446,0.0912258706515,0.7954274264571,0.6827583348635,0.5685689363904,0.4388299782015,0.3704448650040,0.4526566714260,0.8192554446150,0.6867175779075,0.3208328190439,0.6068895763750,0.4624431674942,-0.3955961963354,-0.5522680464152,-0.3511070177316,-0.1418982784091,-0.1300201131844,-0.2163470259297,-0.2202591298805,-0.3692805041635,0.1171973286922,-0.2130157111457,-0.4061689669799,0.3528971276641,-0.4455721047662,-0.4953678567220,-0.2769554859419,-0.1833348050462,-0.1373459758038,-0.0168492679648,-0.1823560494748,0.1525691043452,-0.3135836415380,0.5531362774624,0.1901644167893,-0.0138530303944,-0.1621883715832,-0.0121274665963,0.3837150635980,-0.2275727522246,-0.0414925741692,0.1535219871967,0.0255441067795,-0.3101942639024,-0.2791978347189,-0.0727873688534,-0.0896370203815,-0.1198452759110,0.0454226454995,-0.2029737081557,0.0159404244417,-0.0511053194437,-0.0026473706288,0.1942459281938,0.1948462321442,-0.0434901442261,-0.5050765138235,-0.0843466547791,0.3210251661744,0.2420542052513,-0.2107971878156,-0.1986918864134
0.2391685388218,0.2976036162492,-0.0062527673345,0.5505781447521,0.2253427223385,0.5419962425267,0.5967795812396,0.4269364386359,0.1614488784246,0.5435838266900,0.5328160238335,0.4581438334306,0.4492917016020,0.4184977491557,0.6752003501372,0.6809549491504,0.6349181680075,0.4843338047520,0.5714656715465,0.6344671945863,0.6060710372361,0.6301685325429,0.4797448554437,1.0000000000000,0.0968793926711,0.3210692390861,0.6560685079180,0.1009747396641,0.2685274525405,0.5810359834619,0.8064575704441,0.3064308124023,0.5224655175602,0.1836074068538,0.3435627750733,0.6036081687711,0.5900354718888,0.3490591833339,0.2560975714021,0.3463905104556,0.4792501024004,0.4185092678600,0.5178869490883,-0.1984079267254,0.2223926580682,0.3568336480752,0.3920301104760,0.3201883874028,0.6162320591160,0.3830304852353,0.0223977490935,-0.0525529560897,0.2981221033842,0.1313437816026,0.3783010475090,0.3757817309223,0.1744365813837,0.1322116004139,0.3156562301763,0.2906081711684,0.0296277818930,0.6154318484374,-0.2122571326250,-0.4845741619858,0.0168650596867,0.0786149831127,0.5819679125516,0.3380355067507,0.5495331840465,0.5547367168603,-0.1956558262141,0.5829358837797,0.5867245249869,0.1620099200619,0.2644645092985,-0.0847365153699,0.1045446158872,-0.2813987555218,-0.0604355324431,0.5895179986420,0.0401977329825,-0.3446536933403,-0.2923705945102,0.2545040786455,-0.0391141862984,-0.3338975143795,0.1516784739570,0.4034556461844,0.0616209393896,-0.2957665239186,0.1531643370753,-0.1601589366345,-0.1345783227226,-0.1689935825191,-0.5245308836944,0.1487169767562,0.0519262091971,0.2189766907124,0.0022210630654,-0.2249976125829
