1.0000000000000,0.2036782316109,0.4950607740735,0.3476486915033,0.7286070553053,0.3437342786444,0.1881221551493,-0.1611240141712,-0.0252975485851,-0.0071026413855,0.0311993363875,0.0195601661172,0.0121812126954,0.5000695011349,0.1501392512053,-0.0422913324114,-0.1191067524903,-0.1487789069926,-0.0976425505562,-0.1113518111139,-0.1081915740435,-0.2048480861187,-0.0271724171564,-0.0564688609782,-0.2024683720876,-0.0941899672992,-0.0844543806004,-0.1005995723315,-0.0647915237534,-0.1008278874968,-0.1567566810889,-0.1345750149512,-0.0309617810802,0.1238864915599,-0.1985315619813,-0.0032774976997,-0.0667181201447,-0.2175261014130,-0.0444082244139,-0.1679092216920,-0.1843832515664,-0.0018022505242,-0.2333881622989,-0.1613446414612,-0.1092358496832,-0.2496571785974,-0.1178732937971,0.2556300147234,0.3076914746636,0.0874694205795,0.7636229410297,0.2713251216791,0.4147869750926,0.4349521983225,0.3334983197228,0.3046067695983,-0.0009949755779,-0.1989201998296,-0.1957734586332,-0.1548055343792,0.0252368915064,-0.0651020688301,0.0076375247711,0.0248968667659,0.2982849743257,0.1658887794539,-0.1108607468083,-0.1096693114172,-0.2159195877645,-0.1150761292122,-0.0589202272297,-0.0512772080052,0.0632029309489,-0.1494571429988,-0.2215988138215,-0.2280370626384,-0.1620143089674,-0.0055790564143,-0.1069976929989,-0.0806878627617,0.0583538827861,-0.0165378246489,-0.0798456698173,-0.1133687884746,-0.3190519443673,0.0459274639797,-0.0314298481319,-0.0870726447922,-0.0498389813501,-0.1059450989103,0.0305940178031,-0.1199224519844,-0.2283635799162,-0.1671984905755,0.0811080860515,0.1454429751421,0.2007327418387,-0.0413983058809,0.0286377397477,0.1075078835986
0.2036782316109,1.0000000000000,0.3163572934079,0.0272349725386,-0.0822069708787,-0.0411763296999,-0.1906395158405,-0.0301457995826,-0.1810980582656,-0.0070350667004,-0.4474498781841,-0.2907139290455,-0.1591910597077,0.5482611856541,0.1932250536899,-0.1812321197126,-0.3709724139916,-0.1794339454084,-0.2118479201338,-0.2931975007577,-0.5219605354833,-0.0966792409166,-0.4837350355216,-0.3727209821816,-0.0888546796267,-0.1094630523020,-0.5074012671237,0.1736899187011,0.1585987233009,0.5271082134492,-0.3127613646535,-0.3304386100090,-0.3641283356578,0.1077102465214,-0.0673316432195,-0.2375897137896,-0.4250882219676,-0.1393088835430,-0.4082778724903,-0.2140148053065,0.2583003558987,-0.1122811845993,-0.3070635536715,-0.1118489411966,0.0968943893043,-0.1368516886072,-0.2315839941846,-0.2924883230470,0.1070821104331,-0.1369953785219,0.2449206274236,0.7732468600367,0.2490142370597,0.1615903024137,-0.1332878878512,0.0308091658379,-0.1824280578171,-0.1051979444698,-0.2303458095475,-0.0562827891784,0.1896809497974,-0.3832786977300,-0.0770519425811,0.0493225669920,0.4956543913902,-0.2388019615652,-0.0170008853885,-0.2215711640184,-0.1952346986870,-0.3279231427404,-0.3108968454563,-0.2167134270048,-0.3330803148390,-0.1693182081653,-0.1845270278737,0.1276262548493,-0.0108960232838,0.0256421354695,0.1020246635301,-0.2781293236637,0.2178241207195,-0.0768333039613,0.3507856742484,-0.1875493029597,-0.0315368645306,0.2500313417604,-0.3693476820506,-0.1462716797037,-0.2039173689838,-0.2960977409481,-0.3293003824810,0.0573037878975,-0.1237546114080,-0.0674441751977,0.1409120232607,-0.2597394954259,0.3870011108606,0.0160195371367,-0.0317873077254,-0.1759062158450
0.4950607740735,0.3163572934079,1.0000000000000,0.3563827777367,0.5405493499710,0.5911468973484,0.2634788865160,-0.0638178724100,0.0226593130732,0.2000547626970,0.1121710080180,0.1478672316777,0.0652698441654,0.3336123607700,0.0582615819615,-0.0081108290775,-0.0568958448069,-0.1300991621561,-0.0529797123692,-0.1536933379157,-0.0893805297320,-0.0821883364380,-0.0046061145932,0.0437562999672,-0.1208716575056,-0.0550772488880,-0.1456437259698,-0.0051779266194,-0.0264588414343,-0.0969313253258,-0.0757119821584,-0.0717746224387,-0.1054169291471,0.0152136383980,0.0453858939211,0.0567432997273,0.0417950822921,-0.2376171364403,-0.0031854732921,-0.1191112785374,-0.1497313424652,0.0961358729433,-0.1574792661010,-0.1261940505698,-0.0917456697069,-0.1233842448497,-0.0532785261583,0.3581806343299,0.0169001413970,0.0138400542284,0.6009757969297,0.4599031368006,0.3976942025009,0.7530596509642,0.5059836677440,0.3668229028450,-0.0383945964399,-0.1320565182806,-0.2238992574559,0.0276435388016,0.1849054379365,0.0867182915119,0.1395767061322,0.0827892241560,0.3129873109787,0.0856914017656,-0.0243097794055,-0.0970759845141,-0.1352415462186,-0.1511031777189,-0.0663689859566,-0.0466715458918,0.0277915751066,-0.1441323143512,-0.2199557838932,-0.0381481997400,-0.1363926986934,0.1240980679612,0.0490106729862,-0.1183098197574,0.0473323261259,-0.0382421234827,0.0479624093045,-0.0848809720886,-0.1949391632683,-0.1243909844806,0.0009882980438,0.0181533966874,-0.0591031842171,-0.1985411315452,0.0344795899543,-0.2659046330886,-0.2698756402976,-0.0393497586505,-0.0529576430741,0.3259950720933,0.2904255584500,-0.0134797577743,0.2710649385042,0.0375796897223
0.3476486915033,0.0272349725386,0.3563827777367,1.0000000000000,0.3789372560960,0.4348838658493,0.8093352103622,0.0957555450893,0.2776435125114,0.1232136377816,0.2004059234613,0.1544720317368,0.1078060806286,0.0922827830229,0.3813785315557,0.5908766716240,0.0768559886219,-0.0198023138992,0.4207989634757,0.2076254244062,0.2627302556425,-0.1355462577220,0.1557722808219,0.2778694561606,0.0184828638138,0.0469964034067,0.1749757403936,-0.2616558377971,-0.2333849766860,-0.2592702278245,0.3814434324280,0.0346536121564,0.1240870415431,-0.1193921096099,0.2761571373241,0.4472045006266,-0.0304089456480,0.0406810776887,0.2459727954017,0.0330218762412,-0.2299274724236,0.0562543842795,0.4356499357997,0.1485464251299,-0.0342039457658,0.0986270922474,0.0910918069092,0.4173058032148,-0.0579593378743,0.2081610147129,0.2405315860057,0.0917385534103,0.7878088972823,0.4374312636386,0.5115964288096,0.7681354098035,0.0918351097810,0.0630525038424,0.0130956718544,0.1861477871704,0.0344157369393,0.1233328891427,0.1043014166226,-0.0226399965003,0.0865950263177,0.3899412439549,0.5029516893294,-0.0236509615855,0.3310833916509,0.0915740943135,-0.0008462670051,-0.0934610936810,0.2403472441344,-0.0312108945053,-0.0405333665402,-0.2368415082139,-0.2807227473963,-0.2017430012094,-0.1316470798926,0.1633815375692,-0.1072490418064,-0.0749215299629,-0.2675745250961,0.1722387501841,-0.1322340573029,-0.1137778543928,-0.0976636852804,0.3359120993410,-0.0968853899150,-0.0129565873678,0.1771333028201,-0.0758092881606,-0.1043720443793,-0.1687831410685,-0.0709431055376,0.4021429524808,-0.0695085008065,0.0776687017134,0.1414021160090,0.0394411504838
0.7286070553053,-0.0822069708787,0.5405493499710,0.3789372560960,1.0000000000000,0.5900276543004,0.3180830750211,-0.0332629465642,0.1413483082448,0.2459067040119,0.3292988103919,0.3010797091290,0.2595328828225,0.2235538712289,0.2005598965804,0.0830169416683,0.1325966582041,-0.0255247528977,0.0289799233787,0.0549844791483,0.1617438824618,-0.0487679518830,0.1271783014259,0.1846934122631,-0.0561466415527,-0.1483744013688,0.0704550421813,-0.2853177218572,-0.0980974800463,-0.4314307002891,0.0316192872584,-0.0226384550045,0.1483094822183,0.0822931464805,-0.0124773142061,0.1530370117419,0.2041630157850,-0.1489451920951,0.1603759775304,-0.1095514780797,-0.2972115238193,0.0802103505947,-0.0962497658193,-0.1735623744701,-0.1476303393259,-0.2843266808724,-0.0715334866792,0.4751423944237,0.1865838097612,0.2363196962551,0.6999606012498,0.0372423591450,0.3913800252865,0.5979861030652,0.5988720960266,0.3830109860036,0.2085637757538,-0.0157123171945,-0.0216285274367,-0.0006889624529,0.1373505511207,0.2647179314446,0.2213256408197,0.1895300649731,0.0938152874929,0.3248339814163,-0.0284913540928,0.1034994957838,-0.1127945712178,0.0810813969969,0.1961155543613,0.0638633855438,0.2591356376676,0.0026218599050,-0.0371279211616,-0.2049150050152,-0.1076845809659,-0.0779158535029,-0.1004812247476,0.1094412248435,0.0330095379828,0.1409884498391,-0.3155337042551,-0.0197244684417,-0.2480531803953,-0.2246553654344,0.1784892268678,0.0656852261819,0.1372245208628,-0.0412711528101,0.2262935594464,-0.2799653452281,-0.2111597092396,-0.2513766798111,-0.0573301742555,0.3006130219340,0.0273338567403,-0.0672576219502,0.1680648947950,0.3362402677963
0.3437342786444,-0.0411763296999,0.5911468973484,0.4348838658493,0.5900276543004,1.0000000000000,0.5649705020455,0.0144945064488,0.2077827158865,0.5408819103353,0.2774309087490,0.3053187191980,0.2681108858724,0.2210933382159,0.2313006488948,0.2357041687130,0.0679005534621,-0.0709211732517,0.1885137874296,0.0023840645598,0.1352372254262,0.1756864564418,0.0613144194801,0.2948929689220,-0.0084709998486,-0.1544409918582,0.0379467912233,-0.1997947598455,-0.1042183255237,-0.2099119442400,0.1084534816824,-0.1310975424344,0.1030645000862,0.0164316743963,0.1867577097547,0.3161474368251,0.1951898740823,-0.2125788613027,0.1923695112631,-0.0737080387012,-0.2227989970590,0.1500097842663,0.0073621206474,-0.1931585062012,-0.1598296136648,-0.0472233426813,-0.0752660424859,0.6443247141404,0.1060469674353,0.2067426635938,0.4453605790247,0.1184307609815,0.3830244578056,0.7893699985077,0.8521663125490,0.5380140653694,0.2383253560134,0.0932806168863,0.0166632847910,0.1654137092046,0.4568914019100,0.2930502005864,0.3758083325202,0.2771082025618,0.1989633672465,0.3487822573594,0.1455582561804,0.1243803380431,0.0408428970148,0.0262269762633,0.1877944918857,0.1390145311010,0.2671492495809,-0.0330931779109,-0.0664969302041,-0.3386935960166,-0.2508048396384,-0.0846330508936,-0.0018775872712,0.1128515932338,-0.0360016620630,0.0841338162987,-0.1732414421784,0.0140716585772,-0.3056738964955,-0.3217152708077,0.1030583299622,0.2345453107441,0.0934109251876,-0.2030738103260,0.1916569310001,-0.2894248828775,-0.3756390543850,-0.1040264115030,-0.0544323166798,0.5189864173584,0.2013706813892,0.0404818304030,0.4027720029953,0.3161522712307
0.1881221551493,-0.1906395158405,0.2634788865160,0.8093352103622,0.3180830750211,0.5649705020455,1.0000000000000,0.0775309366361,0.2648379082563,0.2722290204460,0.1608777451039,0.1086851064082,0.1411140316441,0.0582158541273,0.4042384379097,0.5877077265711,0.0751370264689,-0.0756304386483,0.4457476575869,0.1444470626519,0.3242560426347,0.0041791585976,0.1114567864295,0.4316512845873,0.0392875812450,0.0561527981831,0.2361045661072,-0.2413329332988,-0.1682393047247,-0.1710755118744,0.5222602853399,0.0288841345857,0.1257107295845,-0.1501152931054,0.3223331225141,0.5278265712232,0.0816731727383,-0.0056860658774,0.4122354125018,0.1009859713566,-0.1398865915667,0.0600090953760,0.4783178742842,0.1600792773294,-0.0588296666480,0.1615606336208,0.1037436952874,0.4729591808699,0.0333728695657,0.2187545302486,0.1204505591910,0.0017942258965,0.6231607699481,0.4262558710740,0.6213427549921,0.8347926628148,0.0651622779997,0.0944296946020,0.0221720159281,0.2158862592005,0.1552413156840,0.1394828465059,0.1551840578232,0.0441182400063,0.1424775592487,0.4389581966930,0.4722366529439,0.0212653264642,0.3651807975844,0.0329137253605,0.0561616260781,-0.0151824455188,0.2772433333975,-0.0912344576904,-0.0612952519380,-0.3992795038265,-0.3636737197394,-0.1783501006961,-0.0586801134429,0.1862371001770,-0.2175035141013,-0.0815714702288,-0.2024254499557,0.1611576219912,-0.2203770834483,-0.2438556317358,-0.0612393450301,0.3922785810828,-0.0188289899155,-0.0513876156353,0.2872735571449,-0.1053633611900,-0.1710112393194,-0.0881087325995,-0.1648211289650,0.4985669783533,0.0283619672101,0.1148175952848,0.2621071937973,0.1638716273271
-0.1611240141712,-0.0301457995826,-0.0638178724100,0.0957555450893,-0.0332629465642,0.0144945064488,0.0775309366361,1.0000000000000,0.5187801432523,0.2153718671595,0.2477855792133,0.2094204810846,0.5280693405854,-0.2721032438913,0.0392556096612,0.3457436076917,0.4552940063665,0.5908584919425,0.4350531961603,0.5825369050551,0.2521286337164,0.0827892544260,0.0842902860697,0.5624577432180,0.8074244083528,-0.1662104340390,0.2946348620710,-0.4658031917791,-0.3500250604296,-0.2724451960772,0.3291634143040,0.1437037348923,0.3720684215324,-0.3441703724217,0.3105339112959,0.1428635687753,0.0857445046029,0.4797011940628,0.0287850751558,-0.0672559876898,-0.1641358278628,0.0390259318738,0.2371462180973,0.0076158422385,-0.0270002533480,0.1168985799777,-0.0279016342254,0.1359915083710,-0.3490132663352,0.1532085692612,-0.1195503745578,-0.1718283709113,0.0166449888089,-0.0216375351583,0.0827557388155,-0.0235136517882,0.4540862333714,0.7149737168145,0.5680662390475,0.7294278752282,0.0693691272558,0.2283725144712,0.1092046492799,0.2131116679614,-0.2896043788074,-0.0318642941056,0.3852118336512,0.3153396599534,0.4787483224864,0.6260006878978,0.1278837937063,0.0275249017145,0.4006138954613,0.7671406733797,0.2233315195766,0.0106756762439,0.3200157947732,-0.3792502859593,-0.3394198707036,0.3808960958356,0.1283160586673,0.3778953987187,-0.3958511064127,-0.0627213673658,0.4843452771520,-0.2729462808941,0.1002949682721,0.1438830738841,-0.1021454872776,0.4475062975119,0.0689265349164,0.0086434995387,0.3393086604467,-0.1276399094369,-0.1535450880954,0.0797850262484,-0.3814906219187,-0.0595817620679,-0.0448237770783,-0.0839513058385
-0.0252975485851,-0.1810980582656,0.0226593130732,0.2776435125114,0.1413483082448,0.2077827158865,0.2648379082563,0.5187801432523,1.0000000000000,0.2725651100131,0.4825800911704,0.4575807813095,0.3975123310745,-0.2446260788182,-0.0026333158497,0.5727237965290,0.2921536514304,0.2521589875768,0.6999103770928,0.7608241824563,0.3328744225327,0.0005916456226,0.2422178301474,0.5384007396190,0.5019493780845,0.0881369588387,0.4873191342814,-0.3425933845903,-0.3761936587226,-0.4616338519413,0.2968187461582,0.2280599943879,0.3416952488418,-0.1337558363730,0.2890847876212,0.5849538694371,0.2416028472708,0.3059505121929,0.2841172938047,-0.0202807413737,-0.3447322538660,0.2029746518375,0.3694148248862,0.2439375736129,0.2744354338484,0.2098616182909,-0.0841652924682,0.3745044505764,-0.3679743272308,0.1533082012750,0.0242320511677,-0.2941028267270,0.1655032768440,0.1577852901912,0.3013738987869,0.2125963176190,0.6882012479401,0.6450155420549,0.5889383754940,0.8015660300490,0.1702946507884,0.4537543220416,0.3056117423400,0.2435522790386,-0.3397599950507,0.2261024953758,0.4841103491585,0.3761340750670,0.5516552722942,0.6527087262546,0.3042721421980,0.0493831530832,0.7109910421705,0.4330662749287,0.4286565369360,-0.0851544435744,0.0384016067497,-0.2890893311761,-0.3258326896661,0.4913606565404,0.0209632089902,0.2041004500925,-0.4806319547045,0.3572082215989,0.0909049849317,-0.1672062768953,0.2780689255581,0.3757280495302,0.1291452671451,0.2035192232616,0.2842239458552,0.0677668439246,0.1378927825258,-0.0964643137624,-0.0815723242981,0.3855746160788,-0.3682277862429,-0.0107132809864,0.1084084943740,0.0659587102721
-0.0071026413855,-0.0070350667004,0.2000547626970,0.1232136377816,0.2459067040119,0.5408819103353,0.2722290204460,0.2153718671595,0.2725651100131,1.0000000000000,0.1794619146818,0.3652547284274,0.4850173620582,0.1574897372438,0.3106623483381,0.2212812828986,0.2526163422658,0.0543728745129,0.2261853146484,0.1141890497355,0.1849796601724,0.5138375725054,0.0145454910694,0.3474186665948,0.2904355636112,-0.1721912785308,0.1945488571543,-0.1974341833434,-0.1395313697413,-0.0968761136575,0.2417256101745,0.0409052518204,0.3135426500689,0.0498592726085,0.1443195494981,0.2770688650457,0.2516736255384,-0.0439391786451,0.1224760429706,0.0699939885710,-0.0408430469259,0.2697661049246,-0.0257802004743,-0.0777642823145,-0.0356858932024,0.0675283865179,0.1052463443824,0.2882204850680,0.0315842932322,0.3949442482893,0.0769326882484,0.0346711727053,0.1546104240575,0.3232262201315,0.5057018789682,0.2233213399490,0.3933052815825,0.2878734391666,0.1223176024736,0.2784929576929,0.7098844052372,0.2190601321703,0.4787573417987,0.3802361539273,0.0688513802260,0.1521892639303,0.1959233636437,0.2172115658948,0.1202630780947,0.1471932032315,0.2587588843689,0.2055420940612,0.3042417766010,0.1660384199198,0.1464252214743,-0.1992903028265,-0.0156405776658,-0.1602383335450,-0.0862648708597,0.2097469911554,0.1282236684174,0.3125511222964,-0.2211638357927,0.0109542024656,-0.0485875308268,-0.4147798972354,0.1748390343931,0.1434765696686,0.0999610597723,-0.0624714087192,0.1659305532151,-0.2587466492139,-0.1406639042593,-0.0613526422887,-0.0662222161830,0.2783992779223,0.0764628550477,0.0619062277437,0.4538539332939,0.3279904663607
0.0311993363875,-0.4474498781841,0.1121710080180,0.2004059234613,0.3292988103919,0.2774309087490,0.1608777451039,0.2477855792133,0.4825800911704,0.1794619146818,1.0000000000000,0.7758154950555,0.4553521605029,-0.4167554164595,-0.2919647408007,0.2121405097711,0.5579326006001,0.3103459730221,0.2381453607548,0.3915326860491,0.5995926139206,0.1618844060556,0.6613357239412,0.5088087035159,0.1200607913364,0.1997518288885,0.4829371935138,-0.2436146607028,-0.2111825119379,-0.6398230974222,0.1363694662019,0.4068005747961,0.5719933254923,-0.0434580506455,0.1739419282277,0.1738158609904,0.4945836130863,0.0262045113820,0.2871664640410,0.0403326036916,-0.4374484001956,0.1901009815012,0.1783981776547,0.0086416167088,-0.0821419298305,0.0837053899852,-0.0521762385160,0.5092457677402,-0.2299638927530,0.1418754115820,0.1048637702677,-0.5080838657952,-0.0161259136138,0.2640463218755,0.3349320199305,0.0565611876195,0.4710525199225,0.2801594479392,0.3841943435826,0.3169231395471,0.1657027212372,0.8221029585576,0.5357391450003,0.3262600709809,-0.5069932616583,0.2426225294847,-0.0060123356176,0.4627642856089,0.0833926176229,0.4435244231777,0.5617629823277,0.4048991907552,0.5674460670214,0.2815540436824,0.2239523291964,-0.0183337795221,0.0710124504629,-0.1209666952958,-0.2045952590506,0.3776264007997,0.1245673433357,0.3243706788075,-0.4315463741839,0.0390955935897,-0.0191053805680,-0.1269199344626,0.5288344865919,0.2021753923353,0.1569263698397,0.0738154025977,0.2493758302115,-0.0889099506361,-0.0573465794977,-0.0341641328437,0.1134927243116,0.3763282356489,-0.3697085366949,-0.1162153055768,0.0723984923225,0.2728580110539
0.0195601661172,-0.2907139290455,0.1478672316777,0.1544720317368,0.3010797091290,0.3053187191980,0.1086851064082,0.2094204810846,0.4575807813095,0.3652547284274,0.7758154950555,1.0000000000000,0.5289516838720,-0.1694524659183,-0.3112504988570,0.2078747518770,0.5610799743400,0.2217410431725,0.2255110900933,0.3242589043421,0.4544628767816,0.1852579228668,0.6954642025283,0.4057163375439,0.1572533858146,0.1454893059305,0.3092365882522,-0.2407718360399,-0.2032238219176,-0.4989071291346,0.0711771448097,0.4211474085963,0.5657505428623,-0.0156339851873,0.2072034329997,0.2163105635167,0.3672738741216,-0.0831534505693,0.1178961534740,-0.1166729701022,-0.4068437502094,0.3021237029474,0.0463223347634,-0.0389467673336,-0.0699054207571,0.0088270435837,0.0344564665578,0.4068336141264,-0.3037639876384,0.0574022597915,0.1447790020029,-0.3343318112436,0.0289342499844,0.2834199979879,0.3066993530033,0.1309495260831,0.4848695672096,0.2104981671038,0.2636185029213,0.3237193480124,0.2993352507533,0.7763024462532,0.7425435741006,0.4388173603119,-0.3052114386647,0.0807319054980,0.0505077138168,0.4216254720086,0.0446815907958,0.3815333239670,0.5806918960094,0.3582796684718,0.4700187338445,0.2848910927654,0.1986351361277,0.0759797060664,0.0795172693887,-0.0646714568977,-0.1151201926388,0.2562897345911,0.0964623023139,0.3555881095243,-0.4033676425683,-0.0146251246380,-0.0433531008027,-0.1282199659645,0.3992945283047,0.1716973865822,0.1090608593734,-0.0757100842392,0.1179313754606,-0.1200838510109,-0.1141107134499,-0.1060609642223,0.0483343939012,0.2503315629675,-0.2535670777796,-0.1665391184625,0.1792532574299,0.2271930516505
0.0121812126954,-0.1591910597077,0.0652698441654,0.1078060806286,0.2595328828225,0.2681108858724,0.1411140316441,0.5280693405854,0.3975123310745,0.4850173620582,0.4553521605029,0.5289516838720,1.0000000000000,-0.1649314938959,0.0145435233876,0.2040348884412,0.6929947285005,0.4304092055357,0.1885724294904,0.2989463470699,0.4304351681647,0.1853675818824,0.1574561059666,0.5362350751336,0.4382594802444,-0.3156472992670,0.2696710089197,-0.4232016318360,-0.2980157793344,-0.3305582158609,0.3260255839797,0.1817518698106,0.6866515679274,-0.1084252965254,0.2058672502458,0.1272967153441,0.3275047765660,0.1228047542572,0.1167710702680,-0.1093841457527,-0.3178001400515,-0.0237995895631,0.0679234909789,-0.1776670152122,-0.1551505112069,-0.1116950061781,0.0746888235199,0.2663341120076,-0.1478814721893,0.1802975452102,0.1132167649702,-0.2175621087122,0.0846719352100,0.2102714012688,0.3010969966402,0.0918369273929,0.5861786478216,0.4618096185937,0.3391044753251,0.4464800938588,0.3553095806822,0.4578568730229,0.5561581014758,0.7321197406475,-0.2578199826344,0.0887210574569,0.1996109578359,0.6037876883481,0.1533468234995,0.4271460758370,0.5417512107852,0.1955248299257,0.4528642997887,0.4533774638248,0.2442809110506,-0.0638637612592,0.2373218542080,-0.2786819163884,-0.2939496637256,0.4233859727333,0.3064467194000,0.7133035318039,-0.4970701938307,-0.0809215549788,0.2668003642016,-0.3421947139855,0.2598749259943,0.0870048893791,0.1489626794419,0.2130003388688,0.1902807495679,-0.1445324794416,0.0977490463155,-0.1986408014635,-0.0102308824900,0.1291677295880,-0.2827744217654,-0.2039313152079,0.0506818411164,0.3203738779161
0.5000695011349,0.5482611856541,0.3336123607700,0.0922827830229,0.2235538712289,0.2210933382159,0.0582158541273,-0.2721032438913,-0.2446260788182,0.1574897372438,-0.4167554164595,-0.1694524659183,-0.1649314938959,1.0000000000000,0.2830915973536,-0.0802327266133,-0.3170004673779,-0.2639332224771,-0.1396303538318,-0.3820015268150,-0.3750501486129,-0.0623324938904,-0.3086551732123,-0.2123593153438,-0.2542607789173,-0.1983576473951,-0.3763638582840,0.1473740651613,0.2269371930884,0.5062595514006,-0.1407330016770,-0.3275828851897,-0.3232782434936,0.1473284511131,-0.1472447355849,-0.0192489594109,-0.2266945926488,-0.3308535274292,-0.1930540378007,-0.1254729964788,0.2803420961886,0.0478300905537,-0.3528047203692,-0.2164482382800,-0.0575582438576,-0.2148376997072,-0.0273683311701,-0.0832309503327,0.4894377900236,-0.0241058087909,0.4728496879995,0.6443001234387,0.2977883967294,0.2079080865735,0.1223064801627,0.2776034638623,-0.1958323395310,-0.3149220287213,-0.3710180686188,-0.2311446977582,0.2183222003317,-0.3285659939722,-0.0257188008801,-0.0515621261102,0.7755809661461,-0.0933126173936,-0.0501371810770,-0.2834988890285,-0.2326913531698,-0.3906190409850,-0.2201680564528,-0.1584898027475,-0.2380030542341,-0.3612681842715,-0.2950518173541,-0.1818338026156,-0.2438314038868,0.1046211380294,0.2097336917927,-0.2899985964105,-0.0978595574346,-0.1736787449797,0.2780285817863,-0.2024846699184,-0.3764720506564,0.0283479419798,-0.2825096946028,-0.0919473248767,-0.1219992472596,-0.4021617582113,-0.2048402633078,-0.1201306076290,-0.3536351614995,-0.1623572743002,-0.1220559878461,-0.1068277724258,0.5689293587610,0.0807422451288,0.2297844537885,-0.0011697258952
0.1501392512053,0.1932250536899,0.0582615819615,0.3813785315557,0.2005598965804,0.2313006488948,0.4042384379097,0.0392556096612,-0.0026333158497,0.3106623483381,-0.2919647408007,-0.3112504988570,0.0145435233876,0.2830915973536,1.0000000000000,0.1926778375248,-0.1817656982687,-0.0802785266779,0.1860799256152,-0.0102593712826,-0.0091718425995,-0.0467447453488,-0.3155953570207,0.0617236717573,0.0920948480186,-0.2695019067409,-0.0877566711308,-0.1393646995060,-0.0688963570659,0.0700597690063,0.2120323086670,-0.2486013380765,-0.1364978182343,-0.0798145218509,0.0702591627312,0.2057285373050,-0.1478859349127,0.0643709232853,0.0903950010581,0.1172019002142,0.1072576639716,0.0345107208015,0.2405160144333,-0.0183874659060,-0.0302180136493,-0.0141257284720,0.1042631131111,0.1013181745371,0.2118167583983,0.5850048910336,0.0698331032057,0.2324401991621,0.4409932510257,0.1305605203411,0.2679159571986,0.3357986209773,-0.0484106839881,0.0710938800689,-0.0503673103045,0.0278917479217,0.0687588813585,-0.2840251416474,-0.1911174378631,-0.0492818409732,0.3327287181964,0.4209854830418,0.2403674170141,-0.1511170206066,0.1546320078657,-0.0954734116470,-0.1912273607449,-0.1678611780598,-0.0078587501327,-0.0258884178724,-0.0692840138059,-0.1722039070170,-0.0406073995131,-0.1146998105131,-0.0856773083555,-0.0579868299156,-0.0517048680997,-0.0057029033805,-0.1141115807216,0.1181482068970,0.0298996737032,-0.1948908134849,-0.1845286615752,0.0956600348314,0.0987338704715,0.1047503109852,0.1193285298166,-0.0225970820512,0.0647452118040,-0.1367912657438,-0.1619142065814,0.1458366198266,0.1442243203685,0.0001486244768,0.1683089591352,0.2957826739656
-0.0422913324114,-0.1812321197126,-0.0081108290775,0.5908766716240,0.0830169416683,0.2357041687130,0.5877077265711,0.3457436076917,0.5727237965290,0.2212812828986,0.2121405097711,0.2078747518770,0.2040348884412,-0.0802327266133,0.1926778375248,1.0000000000000,0.2995844303076,0.3930457730779,0.8139408739357,0.5492628026262,0.3405031590321,0.0208275246432,0.1771075613976,0.5344735335743,0.3255830122848,0.0135624242996,0.4137397195467,-0.3899689516168,-0.2926452782840,-0.2192013232762,0.6678879848788,0.1957333928055,0.2620430418852,-0.2499949558507,0.4810746990130,0.7776882589779,0.1405602008841,0.2317665174594,0.4420261525647,0.1155369377194,-0.1024207139930,0.1989267010133,0.5126538326838,0.1845636962430,0.1155862413862,0.3450535793732,0.2523542038037,0.2908943790733,-0.2007771225368,0.2047262033959,-0.1437410717877,-0.1952388240878,0.3683188440916,0.0946757605788,0.2726803955600,0.5246244173471,0.4067773092267,0.3838142870215,0.4560733740253,0.4719510383543,0.0479769997819,0.2195156319965,0.0975217339920,-0.0010409367132,-0.1380328626375,0.2353729898493,0.8548616432867,0.2636822237459,0.7009092771359,0.4809846851968,0.1882057293109,-0.0501832635758,0.5519161584090,0.2381595492027,0.3999104944891,-0.1454628144420,-0.0818445582079,-0.3388884862916,-0.1999904946741,0.6436748269982,-0.1437409910788,0.0726583665593,-0.4384618185546,0.4925348617351,0.0508570505372,-0.2399596058758,0.0768932880121,0.6421793130892,0.0315157562221,0.1676008737631,0.3408452783332,0.0599710613431,0.1281659498545,-0.1353801565311,-0.3086911927393,0.3415892298836,-0.3053619761541,0.1201841873787,0.1435988849941,-0.0383732153771
-0.1191067524903,-0.3709724139916,-0.0568958448069,0.0768559886219,0.1325966582041,0.0679005534621,0.0751370264689,0.4552940063665,0.2921536514304,0.2526163422658,0.5579326006001,0.5610799743400,0.6929947285005,-0.3170004673779,-0.1817656982687,0.2995844303076,1.0000000000000,0.6571045548078,0.2158398807594,0.3973142671620,0.6974623408030,0.0956551674502,0.4449832890825,0.6385609587995,0.3907694652928,-0.0808594960232,0.4112297276676,-0.2997193017495,-0.3272985541342,-0.4250587736701,0.5302643771487,0.4216056580658,0.7411253423368,-0.1882481550931,0.2316631920883,0.1891937650205,0.5015492388249,0.0957342270881,0.2010905916628,-0.0711581570831,-0.3603921067862,0.0531364939519,0.1770651189588,-0.1317867512367,-0.2660655578945,-0.0845085792631,0.1433422277912,0.1760564939315,-0.2521467360755,0.1644759160255,-0.0740096554057,-0.3460863747894,-0.0373563319979,-0.0135369103229,0.1057980643977,-0.0119280841296,0.3968048687745,0.3048491767997,0.3689998554370,0.3281232968878,0.0949434382880,0.5345985451576,0.4024366412491,0.3844073577669,-0.3849947987020,0.0593343056025,0.1780229442468,0.6156666454896,0.1886873994888,0.5366655481597,0.6036905795998,0.2729116706049,0.4445691557691,0.5059591224965,0.3816840674052,0.0580768448939,0.3108844958605,-0.1816769671380,-0.2962837991609,0.5450325165865,0.1478173822522,0.5990175872395,-0.4586188259732,-0.0093903785663,0.3256200998567,-0.2922743270991,0.3917357277927,0.1008490232961,0.2045143353743,0.3013837174720,0.1580744354165,-0.1772305748517,0.1422936779665,-0.1721178233224,-0.0943918853172,0.0368421933989,-0.4235638294100,-0.2023358451420,-0.0025330791453,0.2431935299176
-0.1487789069926,-0.1794339454084,-0.1300991621561,-0.0198023138992,-0.0255247528977,-0.0709211732517,-0.0756304386483,0.5908584919425,0.2521589875768,0.0543728745129,0.3103459730221,0.2217410431725,0.4304092055357,-0.2639332224771,-0.0802785266779,0.3930457730779,0.6571045548078,1.0000000000000,0.2547090888051,0.4311951046787,0.3354860117185,-0.0196538251384,0.2285705324901,0.5494674744867,0.4833262427146,-0.3141410319199,0.2237922054399,-0.4732833168424,-0.2764283508462,-0.2409189307428,0.3915099027624,0.2327556728987,0.3957429053879,-0.4384054690005,0.3679474573938,0.1688364577674,0.3279801049965,0.2296982917438,0.1991473840995,-0.1302615866669,-0.1207273459254,0.0879317253199,0.0972187953454,-0.3050199280273,-0.2360630673352,0.0155736770148,0.0755552991769,0.1936291748702,-0.2444425429087,0.2290171580834,-0.1563681685019,-0.3295137923702,-0.1070294421664,-0.0660965914185,-0.0339605677369,-0.0606402024779,0.3917101376331,0.4412083366521,0.5781992576320,0.3908692472809,-0.1310013655013,0.3737603588299,0.0765592563083,0.1779618132147,-0.3956508893739,-0.0567204016360,0.3611455341450,0.5661664449042,0.3238061860131,0.6051435325545,0.3610416312230,0.1867836049130,0.4572554048084,0.6413076106452,0.4425252433593,0.2179775094339,0.6587968350671,-0.3354083376451,-0.3077690670039,0.6282601337825,0.1808962715543,0.5388891561946,-0.5043449724921,0.0868338318615,0.4554429139365,-0.2614000023726,0.3142543927987,0.2439004114244,0.1436804700809,0.4917305269264,0.1632212811280,-0.0076434499989,0.4186056438344,-0.1558826209548,-0.2865489949571,0.0026915781884,-0.4624954432818,-0.1737523747190,-0.1527192615293,0.0731222354939
-0.0976425505562,-0.2118479201338,-0.0529797123692,0.4207989634757,0.0289799233787,0.1885137874296,0.4457476575869,0.4350531961603,0.6999103770928,0.2261853146484,0.2381453607548,0.2255110900933,0.1885724294904,-0.1396303538318,0.1860799256152,0.8139408739357,0.2158398807594,0.2547090888051,1.0000000000000,0.6053856589679,0.2842735261671,0.0121523648775,0.2033268184463,0.5341818399857,0.4342422031123,0.1250573015193,0.4647150070518,-0.3202868502192,-0.3132225426937,-0.2797047903992,0.4721417079343,0.2458052784804,0.2068863576590,-0.1627105732959,0.4012715684291,0.8052244039520,0.1447481846459,0.3408124703541,0.3516869467312,0.2145104570217,-0.1486800582801,0.1933065006712,0.4952027828479,0.2873216035218,0.1514694531752,0.3533497837871,0.2125469216449,0.2725047767322,-0.2712031753575,0.1811157946881,-0.1547860402974,-0.2571337864013,0.1627798068479,0.0173238911691,0.2247094698495,0.3706717152848,0.4648107188838,0.5390154964240,0.6030177707453,0.6546568765497,-0.0048866320830,0.2403121207172,0.0515135968822,-0.0559696501419,-0.1902716049314,0.1694302565514,0.7654045618975,0.1740458826020,0.8446373811110,0.5704379810910,0.0971936215505,-0.0964217355261,0.6068835660079,0.3748950541415,0.3675064795885,-0.1243374659181,-0.1067381788501,-0.2658309158801,-0.2191677178938,0.4835827334956,-0.2337553850745,-0.0193186711021,-0.4230786603751,0.4520380945285,0.1009871070322,-0.2328500983238,0.1112066885300,0.5759836514896,-0.0151603099443,0.2232657157337,0.2741063978484,0.0966347853161,0.1383197635674,-0.1535146455029,-0.3007996425753,0.3540369450239,-0.3203686555125,0.0725644441741,0.0947788390143,-0.1149505271859
-0.1113518111139,-0.2931975007577,-0.1536933379157,0.2076254244062,0.0549844791483,0.0023840645598,0.1444470626519,0.5825369050551,0.7608241824563,0.1141890497355,0.3915326860491,0.3242589043421,0.2989463470699,-0.3820015268150,-0.0102593712826,0.5492628026262,0.3973142671620,0.4311951046787,0.6053856589679,1.0000000000000,0.3582700089197,-0.0214552643480,0.3653323301078,0.4816473865535,0.6101449354555,0.1892772440559,0.6127523494097,-0.3263286912653,-0.4799923315790,-0.4915321720174,0.3535278967541,0.3615717373774,0.4562977402727,-0.2637396483152,0.1518094447723,0.4726595509243,0.1768258412803,0.6262693397616,0.2083231101007,0.0746705900815,-0.3229191314507,0.2348322271052,0.3765114880689,0.3443326107105,0.2624033260998,0.2501036294492,0.0753795594865,0.2219567319084,-0.3894242217836,0.2147578217514,-0.1913245004083,-0.4019454693914,0.0860159530872,-0.0561093276457,0.1258493374935,0.0405389768740,0.5158348674484,0.5969178270910,0.6336815847357,0.5844120856823,-0.1412039590465,0.3082810688170,0.0589278102573,0.0277481673019,-0.4550873353144,0.2180175056775,0.4035032480030,0.3435762383822,0.5191256659076,0.8294717914615,0.2168094135935,0.0380361497404,0.5914606076759,0.6482517683360,0.4059142854676,0.0103527390394,0.2119889464348,-0.2272928171605,-0.4299749926580,0.5286313363438,0.0075407801377,0.1913856877360,-0.5025558827113,0.3034563866928,0.2895129334959,-0.1570126711727,0.2312536425535,0.2355956117256,0.0548245020180,0.5255716214887,0.1987712126456,0.2041844671889,0.4321014199308,-0.0605357398209,-0.1192375324922,0.2416153415427,-0.5006647271794,-0.1111175246047,-0.0097741271318,0.0220029719431
-0.1081915740435,-0.5219605354833,-0.0893805297320,0.2627302556425,0.1617438824618,0.1352372254262,0.3242560426347,0.2521286337164,0.3328744225327,0.1849796601724,0.5995926139206,0.4544628767816,0.4304351681647,-0.3750501486129,-0.0091718425995,0.3405031590321,0.6974623408030,0.3354860117185,0.2842735261671,0.3582700089197,1.0000000000000,0.0654732436053,0.4518618032527,0.5687782648604,0.2088334164480,0.0957111741183,0.5275684436235,-0.1869628392295,-0.2769564764065,-0.4655389109368,0.6475203050833,0.4520276927398,0.6370790334537,-0.0215503430075,0.2536667998239,0.2584537978357,0.5618320318786,0.1426387309267,0.3876796791735,0.1414024526014,-0.3511268548467,0.2163270877119,0.5693838655769,0.1842532696987,-0.0123213679357,0.0516148256233,0.2190848772491,0.2247693819948,-0.1774261532526,0.3800020357388,-0.1002059675048,-0.4360852812430,0.0266370129614,0.0167570891521,0.1896632092275,0.1136545295776,0.2499759315698,0.1810137568832,0.2710386031787,0.2404628845022,0.0284928869153,0.4660462119305,0.2805180333023,0.1749907229597,-0.4004682131560,0.3172422897349,0.1400286054557,0.3779003224547,0.2151438441831,0.3723877502074,0.5204304052743,0.1701223714253,0.3849319256417,0.2096365872067,0.3220844427254,-0.1530290366842,-0.0519586792664,-0.1853680079917,-0.2852346067121,0.4264566330020,-0.0491473577773,0.2965654398411,-0.4279751460155,0.1603086203244,0.1370440521647,-0.2683199169518,0.4237394048083,0.2102204667096,0.3477995472630,0.1757313157113,0.2728655429718,-0.1987888755844,0.0499616809225,-0.1752258829663,-0.0576552676461,0.1799552190420,-0.4337877163426,-0.1912894226020,0.0758727581846,0.3737023423967
-0.2048480861187,-0.0966792409166,-0.0821883364380,-0.1355462577220,-0.0487679518830,0.1756864564418,0.0041791585976,0.0827892544260,0.0005916456226,0.5138375725054,0.1618844060556,0.1852579228668,0.1853675818824,-0.0623324938904,-0.0467447453488,0.0208275246432,0.0956551674502,-0.0196538251384,0.0121523648775,-0.0214552643480,0.0654732436053,1.0000000000000,0.1193386856075,0.0761435245649,0.0616409729493,0.0361429606252,0.1267553657496,0.0288954729264,0.2321784443154,0.1659289961792,0.0761435550157,-0.0045993073850,0.1708483457645,0.1029269049330,-0.0056520211713,-0.0552261988601,0.0191157657276,0.0209531254269,-0.0677364141863,0.2634356112270,0.3071078029117,-0.0409084869082,-0.1239937421073,0.0365544404626,-0.0052913448633,0.2744331208305,0.1639167519509,-0.0032544050405,0.3166012211853,0.0183457665134,-0.2406868794523,-0.0852957501540,-0.1628613129541,-0.0432584493802,0.0871429972055,-0.1373188105419,0.0976611332115,0.0925264157966,0.0494759974948,0.0427406626076,0.4653623370104,0.1488856011738,0.2971893876083,0.1606654267667,-0.0078255917725,-0.0852741038279,-0.0120354367296,0.0625200748419,-0.0057834947762,-0.0799631738679,0.1873658526386,0.4975840020254,-0.0000867035471,-0.0115707091894,-0.0163569711222,-0.1095633086568,-0.0880788752330,-0.0077361382057,0.2147962334092,0.0167197025484,0.0544908740245,0.1295012190168,0.1410726185064,-0.1835059320284,-0.0635573123957,-0.2318057977560,-0.0299429114036,-0.0499916795062,-0.1661768995460,-0.1457318744681,-0.0571696544413,-0.1081902306599,-0.1257352114520,0.2171689079491,0.0624187533082,0.0308535960920,0.2055292324224,0.2835086361351,0.1650312116859,0.0480517753927
-0.0271724171564,-0.4837350355216,-0.0046061145932,0.1557722808219,0.1271783014259,0.0613144194801,0.1114567864295,0.0842902860697,0.2422178301474,0.0145454910694,0.6613357239412,0.6954642025283,0.1574561059666,-0.3086551732123,-0.3155953570207,0.1771075613976,0.4449832890825,0.2285705324901,0.2033268184463,0.3653323301078,0.4518618032527,0.1193386856075,1.0000000000000,0.3292469532564,0.0148277740505,0.4126821229099,0.5038569745281,-0.1529247243501,-0.2182278971015,-0.5062947629918,0.1254245115011,0.6086875097614,0.4961331178022,-0.1516775260459,0.0217687636162,0.1552690244766,0.3055557117735,0.0475982528120,0.1492967259158,0.0266348012765,-0.3282278419510,0.2964626940767,0.1639173132935,0.1872841910370,-0.0584405212376,0.2821314481916,0.1755535350546,0.2863404845736,-0.2581745348488,0.0326391636529,-0.0591249986492,-0.4372867322936,-0.0719186855321,0.0250016947672,0.1309604395971,0.0205231701276,0.2042410305079,0.1029482569502,0.2560358470267,0.0573152658756,-0.1482887910089,0.6040517862183,0.3342153931031,-0.0050400784065,-0.3635753873578,0.0497176282985,-0.0255435074618,0.2116917358959,0.0770056190128,0.3765313562785,0.3057283102589,0.4374235466879,0.3484818220140,0.2107675567839,0.0731210344444,0.0757902430325,0.1027062947910,-0.0393701971283,-0.1217311497637,0.1921769497610,-0.0940407880517,0.1053243392612,-0.2780673337071,-0.0045938441339,0.0073389188072,0.0368431754321,0.3107901497812,0.0800974455399,-0.0635008506644,0.1450035767482,0.0930997698022,0.0878259153617,0.0605230831888,0.1135320728596,0.0005159944841,0.2271905083049,-0.3071577496174,-0.1497268616572,0.0477513909282,0.0182916751920
-0.0564688609782,-0.3727209821816,0.0437562999672,0.2778694561606,0.1846934122631,0.2948929689220,0.4316512845873,0.5624577432180,0.5384007396190,0.3474186665948,0.5088087035159,0.4057163375439,0.5362350751336,-0.2123593153438,0.0617236717573,0.5344735335743,0.6385609587995,0.5494674744867,0.5341818399857,0.4816473865535,0.5687782648604,0.0761435245649,0.3292469532564,1.0000000000000,0.4734812279588,-0.1040435689196,0.4816449782478,-0.4307367747359,-0.2822319400865,-0.4216593426471,0.6189373389730,0.2308513095756,0.4528401452804,-0.2729048227096,0.3896545578662,0.5536367412981,0.5154154484339,0.1249777789251,0.4441148222666,-0.0123619382598,-0.2556840635301,0.1094737328458,0.3717220474964,-0.0764769758407,-0.2769618448126,0.0909267910517,0.0119776888069,0.4160730611210,-0.1845900848880,0.2252768987919,0.0184536917475,-0.2979620814117,0.1570977097091,0.1440257767115,0.3680787680933,0.3230885873399,0.4725830040967,0.4820307848315,0.5093925817404,0.5835930453952,0.1496041353597,0.5483154383082,0.3266665717896,0.2652411844608,-0.2423435975158,0.2218625345937,0.4194984731283,0.4749892654566,0.4882343317171,0.6066820764961,0.3949676379101,0.2244012030917,0.7264159135298,0.4993093698015,0.2764151280155,-0.1739148510676,0.1580934059561,-0.3189926955183,-0.2344908854315,0.5634680079554,-0.0430062989787,0.3673269847633,-0.4932092974039,0.0966949302407,0.1829438430218,-0.3808801323763,0.3865276707781,0.3703738970047,0.1368990676292,0.2821922966046,0.3031818988390,-0.1569653860120,0.0687873430418,-0.1402740778591,-0.2711795959215,0.3784723519356,-0.2911787368474,-0.0026855845589,0.1584416772205,0.2128433125375
