1.0000000000000,0.8261478954989,0.8754992656570,0.7412534580746,0.9269069634899,0.8544264198737,0.7733591623309,0.7741874152197,0.7502694343118,0.8280024551379,0.7977617211836,0.8661205724303,0.6974788176443,0.8555764399924,0.7470671876730,0.7590252985247,0.8154020757842,0.8124283158659,0.6905096017122,0.6959570033160,0.8107591199735,0.8106179512198,0.8278386716543,0.6910346266818,0.7292398653989,0.7378757377494,0.7580810948296,0.7385142402273,0.7519361265779,0.5734851032371,0.8038976600686,0.7763924062524,0.7833498485666,0.6896977240140,0.6712310858634,0.6857159225372,0.6606364137973,0.7287818159555,0.5903696775989,0.7843802080352,0.8179395752617,0.8578277192670,0.6318429557434,0.7297811027718,0.6745267702417,0.7953940747620,0.8253664845487,0.7826445104464,0.8322141502114,0.7938881865910,0.8780591831170,0.8120343195482,0.6740407393075,0.8292446174202,0.8169849835567,0.7050123653940,0.6879344418589,0.6653112557958,0.6258435437331,0.7060259282793,0.6844245705738,0.7645131893775,0.7035347411999,0.5949408355062,0.8374218783122,0.6061512303304,0.7228222184109,0.7074934764172,0.7253610359686,0.6988625949254,0.6172882063036,0.8092516540604,0.7412213154061,0.7603889915693,0.4980599950210,0.6551744742170,0.7690840929453,0.7727554230107,0.6049707603374,0.6697491872773,0.5632160354739,0.6829495334593,0.5391814089940,0.1657088198692,0.6956534406002,0.7376198782492,0.6386748826981,0.6655194064689,0.4244450573885,0.7265249441764,0.5657699868008,0.7810271265501,0.7156950164387,0.8671239127149,0.6333678145976,0.6721136652114,0.7784075176189,0.6822531408694,0.7723711719792,0.6124762586258
0.8261478954989,1.0000000000000,0.8361801401730,0.7465072416524,0.7467478791815,0.7871812274270,0.7373103551876,0.6007364089817,0.6142624651661,0.6775706292319,0.6269340476509,0.6691315886045,0.5222046011146,0.8832857947463,0.7418235256472,0.6577921663246,0.6068881325542,0.6910499880349,0.5794282911272,0.5164825857864,0.6203960113732,0.5897932428316,0.6068410449188,0.5076742698474,0.5883783683238,0.6352722316025,0.6273664616213,0.6569694113662,0.5972086285076,0.6360056121373,0.6312597696321,0.6644283894416,0.5879552702372,0.6614978799393,0.5916675605527,0.5575568075971,0.5094129166448,0.6795721728905,0.4506783987381,0.7059470670729,0.6833707008103,0.6739732408922,0.5044930998466,0.7080014042172,0.6571290765617,0.6230218736299,0.7428568809253,0.6941876741017,0.6763599990789,0.7865609513326,0.7660838280273,0.8902815475820,0.6691784909966,0.8518345395459,0.7404862805816,0.6694559325405,0.6770014430355,0.7862063985607,0.5504476063027,0.6007526768257,0.5644708380775,0.6560182799700,0.6012094174764,0.4598079478491,0.8123921049536,0.5532280304975,0.6782891925482,0.5219569406942,0.7108368138804,0.5761682153399,0.5038496415629,0.6704664880216,0.5910197776519,0.6015641513914,0.5396256520035,0.6633636823942,0.6633271419320,0.7368614986706,0.4778600278733,0.4867365717650,0.5433300805671,0.5794615113684,0.5133824099314,-0.0171579318106,0.6995925338748,0.6884823191985,0.4458834584334,0.5832689382821,0.3103201745251,0.7069515736674,0.4622996135350,0.6981758968481,0.7097816377305,0.7582190490372,0.6381299292286,0.6169443731084,0.7199740625225,0.4929231831532,0.5700995902038,0.5478797880784
0.8754992656570,0.8361801401730,1.0000000000000,0.8879615226166,0.8361872771364,0.9402622345055,0.8916289781659,0.7590651133508,0.7770107536544,0.7744037889138,0.8080921065669,0.8078026754950,0.7246226345326,0.7505117486554,0.8109879308984,0.8200968596275,0.7720471227788,0.8015713535800,0.7247304967715,0.6930290024523,0.7885422143931,0.6459199554884,0.7752835771856,0.6999468796179,0.7424690831621,0.8389648820414,0.8106948362940,0.6849205545721,0.6254498661264,0.4255637083008,0.8040394064088,0.8694068287000,0.7941126677952,0.7701735931019,0.7493749120729,0.7083604309276,0.7045603467396,0.8140447810520,0.6747878909713,0.7765402876330,0.6837887905626,0.7910412833108,0.7232969718480,0.8386995629851,0.7615993624271,0.6808730556073,0.8329445881248,0.8868633903411,0.6705275021158,0.8851503223702,0.7642730006591,0.9483208748324,0.8475372399692,0.9715206845707,0.8752887778371,0.8285101867961,0.7573542533840,0.7104442837660,0.6959116402598,0.7655890138159,0.7155080878310,0.8284102594914,0.7627236827205,0.6373200863422,0.8606358781082,0.7526602902231,0.7683801111352,0.7243232697672,0.7852114450228,0.7133458334546,0.6327249806110,0.7528775591988,0.7584104239350,0.7559750094528,0.4813476132024,0.7803413448322,0.8350464770620,0.7092674417392,0.5201111063830,0.6918074358646,0.7373640749024,0.7901523211859,0.4266027860745,0.0863016836240,0.7594923598347,0.7702881612760,0.6546022182241,0.7356989526323,0.4900042766694,0.8188773671759,0.6489630374454,0.8372437676819,0.8241471748499,0.7675364219655,0.7416239622997,0.7951703993030,0.6330971729552,0.5504189202790,0.7494186147415,0.7310993701565
0.7412534580746,0.7465072416524,0.8879615226166,1.0000000000000,0.7154617456910,0.8814897497538,0.9352799656687,0.7263263215087,0.7435073649137,0.6687106298388,0.7365328983546,0.6946709100625,0.6521710783616,0.6117083340368,0.8731089498369,0.8436789699966,0.7559414059655,0.7667431977412,0.7180264670358,0.6604106615584,0.7745131425528,0.5912302433788,0.7267570314355,0.6882335237701,0.7097983045777,0.7971660378092,0.8186561273484,0.6141915786421,0.5443985269618,0.3259701766606,0.7765600720398,0.8101026145752,0.7661408190664,0.6946526092253,0.7686997688384,0.6998031711863,0.7038050546478,0.7929100277473,0.6883101725097,0.7487451124862,0.6289972585181,0.6921175629606,0.8103301977169,0.7943158651186,0.7052777439358,0.6078989674212,0.7301642283457,0.8634465307411,0.5784419878151,0.8589739015067,0.6214596873345,0.8862249219140,0.9280541291157,0.8882673619894,0.8378928405919,0.8925980917776,0.7191269448367,0.6427922453187,0.7142636702512,0.7331595697287,0.6349200938129,0.7279132878197,0.6557896712147,0.5858418039218,0.7608904720714,0.7492284986189,0.7468238819103,0.7367270718966,0.7338282449873,0.7016143847806,0.5292943078504,0.6227272173577,0.7412512875907,0.6892800940297,0.3825573751289,0.6952164375061,0.7873908604987,0.6248679570714,0.4078314591233,0.7131816488636,0.6756716447358,0.7487073566032,0.4399892987815,0.0245460807704,0.6681869611495,0.7024493930054,0.6676498004939,0.7568356004906,0.4968394888791,0.8214093827709,0.7043090271623,0.7786253519686,0.7816619469726,0.6376768110085,0.6787420693993,0.8081372199835,0.5648590770303,0.5499350829569,0.6546409036415,0.6583237122074
0.9269069634899,0.7467478791815,0.8361872771364,0.7154617456910,1.0000000000000,0.8814886063991,0.7464933277681,0.8037654828199,0.8088720562343,0.8921472152746,0.8302212544100,0.8948631009151,0.7233182193231,0.8308477674914,0.7823766771981,0.7490024272813,0.8518445617333,0.8358749967795,0.6986433884941,0.7698339013033,0.8649858540644,0.8540680647642,0.8725639065984,0.7819038455059,0.7872455471084,0.7145671673412,0.8181394696888,0.7606165329435,0.7850745159101,0.5926316334017,0.8418060672932,0.7560704913598,0.8449842056481,0.6825765853779,0.6572908974706,0.7329259528779,0.7366779441597,0.7165408584810,0.6541936344779,0.7964083679385,0.8440423828209,0.8717192518474,0.6420080374232,0.7264224615806,0.6363732068210,0.8485357457971,0.8143936925050,0.7928206340521,0.9005902901410,0.8245161480770,0.9089266966948,0.7539941598018,0.6718126677012,0.8165507446006,0.8916210983141,0.7049131496136,0.7079333084821,0.6542781089656,0.6793814853032,0.7634523168340,0.7269016825797,0.8135837414705,0.7040801343508,0.5843810495409,0.8501131473281,0.6574232909651,0.7137980018426,0.7297840006079,0.7172978769580,0.7806375796152,0.6198929898010,0.8692078865050,0.8003346436480,0.8320337138342,0.5045838154232,0.6274380836054,0.8067816613672,0.7510233063277,0.6440227118454,0.7197067751623,0.5790071165062,0.7123109128198,0.5601144874235,0.2757555519396,0.6890351731515,0.7239496513660,0.6973293474548,0.6571304384771,0.5349401419985,0.7464722674822,0.6068664475519,0.7873530900360,0.6978261434333,0.8672867774583,0.6456003814188,0.7217590187446,0.8214870753252,0.7120971587732,0.8361991363322,0.6453426882414
0.8544264198737,0.7871812274270,0.9402622345055,0.8814897497538,0.8814886063991,1.0000000000000,0.9065802742051,0.8157543464797,0.8611111188539,0.8711351988175,0.8858336850211,0.8825619819141,0.7447510071218,0.7650515363245,0.8646654789115,0.8516638925134,0.8535189767207,0.8689859213380,0.7858334932270,0.8003879816072,0.8703533875548,0.7437552308919,0.8648396895128,0.8000384287049,0.8353998700287,0.8410376183957,0.8716248059643,0.7281913461687,0.6863774651468,0.4905097514028,0.8733706309876,0.8743378003943,0.8780431516588,0.7390958824951,0.7578471696329,0.7958752095453,0.7821124764146,0.8312920806543,0.7314116862592,0.8204741626657,0.7606830560320,0.8566605323484,0.7697164880521,0.8559190022395,0.7543531900618,0.7316804846073,0.8325809862870,0.9238645132437,0.7584808582346,0.9324650726435,0.7912930075767,0.8877058247045,0.8429613162763,0.9399907960050,0.9530747010826,0.8389705517878,0.8042571537788,0.7191599646399,0.7663101395009,0.8343675123635,0.7969696136905,0.8793462096081,0.7635711812572,0.6595002331324,0.8692015220816,0.7900544228054,0.7862111302472,0.7961816752325,0.7968755430578,0.8265273338352,0.6317734735824,0.8348292268789,0.8367493057134,0.8274754388467,0.4602083825867,0.7586497868606,0.8723664168546,0.7334759921057,0.5648992233960,0.7620266437106,0.7245698540049,0.8255814374778,0.4980945015953,0.1288471125639,0.7781023858591,0.7511595588358,0.7253164039830,0.7481634330781,0.5553246217366,0.8690654361988,0.6983822814036,0.8296932392476,0.8311972432327,0.7908058027728,0.7261522435564,0.8485273294505,0.7210207774803,0.6077993766918,0.7941324594200,0.7543887293346
0.7733591623309,0.7373103551876,0.8916289781659,0.9352799656687,0.7464933277681,0.9065802742051,1.0000000000000,0.7769770170990,0.7956200503711,0.6960719954611,0.7920053122306,0.7466817994587,0.7124932023464,0.6490385953354,0.7833073880586,0.9039103096815,0.8123114392110,0.8173874983314,0.7704861094562,0.7462358978380,0.8030011759332,0.6421736749536,0.7619870646247,0.7744203523500,0.7724411209163,0.8504394134058,0.8628260450528,0.6721053896249,0.6082035703500,0.4079793844769,0.8593074635991,0.8467233465547,0.7906324825289,0.7191708702478,0.8733821957102,0.7697591434285,0.7768271545397,0.8747938294985,0.7673803163770,0.7596088072340,0.6933490666337,0.7262249299341,0.8283626076323,0.8518845157606,0.8076365022934,0.6412022624650,0.7781059089887,0.8993353820386,0.6442046177007,0.8365320871094,0.6540202595111,0.8762186294313,0.9403752245764,0.8958319609860,0.8539996654630,0.9432819858845,0.8080454680905,0.6624946371426,0.7704638443856,0.7901753013265,0.6628942576261,0.7723040630139,0.7084976367863,0.6867383382186,0.7871341003368,0.7934429439797,0.8395741148958,0.8239459139491,0.7928045697609,0.7806706958452,0.5897021602075,0.6846872263959,0.8253325027674,0.7522881378690,0.4135482966310,0.7895698965463,0.8571021908309,0.7057579662148,0.5039824762222,0.8131517826193,0.7208271341125,0.8144047267825,0.4874495518230,0.0605562889343,0.7744383851460,0.7376020005548,0.7401555276675,0.8397538550638,0.5187089943734,0.8859404939123,0.7579663303179,0.7911206808469,0.8490300025974,0.7060670430950,0.7314578057315,0.8371010735517,0.6457845075270,0.5712425532137,0.7005285179059,0.7152114665493
0.7741874152197,0.6007364089817,0.7590651133508,0.7263263215087,0.8037654828199,0.8157543464797,0.7769770170990,1.0000000000000,0.9018137996086,0.8027111517340,0.8420950173326,0.8408723297628,0.7142892662304,0.6652798066776,0.7293949179806,0.8958413540538,0.9024431156600,0.9119345061617,0.8463006678308,0.8856169084800,0.8742236845391,0.7387671050290,0.8382753338389,0.8321308160870,0.9018373163792,0.7511099614762,0.8406459980752,0.6579242928251,0.6810452219019,0.5092765261810,0.9134355980381,0.7792066631196,0.8553258618248,0.6007820518110,0.7334982180799,0.8480245883125,0.7638626445771,0.7921902542539,0.7178413665650,0.7677816735823,0.7723988457962,0.8279711393977,0.7508145600918,0.7119640776704,0.7478866364985,0.7309611944474,0.7380658986720,0.7952858488561,0.7113899501518,0.7595449614509,0.7084727918027,0.6717803120183,0.6793437633460,0.7389754666620,0.7894641435119,0.6961738546517,0.7431467968589,0.6035775502839,0.8467292125520,0.8381169024529,0.6746490267448,0.7950846938081,0.6626178341151,0.5536830104967,0.6981540494201,0.6502535196623,0.7334001958669,0.7668261680462,0.7502626937574,0.8758498587335,0.5621655972076,0.7399100655989,0.8463659641747,0.8230307329778,0.3975807576215,0.5696217624824,0.7810391600293,0.6518156669699,0.5383391913091,0.7905769104783,0.5035016820073,0.6615203271839,0.5119203896391,0.2649058184831,0.6465021426969,0.6018550326337,0.7418622075970,0.7179650818775,0.5503118048862,0.7492554487966,0.6690668119553,0.6920771243192,0.6294393677824,0.7015906344941,0.5518068475876,0.7432465322357,0.6755233751602,0.6128165116012,0.7658590230033,0.6494419874379
0.7502694343118,0.6142624651661,0.7770107536544,0.7435073649137,0.8088720562343,0.8611111188539,0.7956200503711,0.9018137996086,1.0000000000000,0.8277638824184,0.8756206544166,0.8580549819400,0.7350350691786,0.6615181818847,0.7517550309490,0.8665301544898,0.8777365104114,0.9197212656677,0.8561000795229,0.9383899125756,0.8693755237579,0.7467451926006,0.8557318579978,0.8738362137521,0.9500840624192,0.7498054655085,0.8518051813858,0.6612964973231,0.6763709826962,0.4712123393176,0.9209655642018,0.7712998043963,0.8550160385435,0.6278456043629,0.7548740797115,0.8803689595104,0.7882427450040,0.7909035010849,0.7456349174539,0.7880658150617,0.7647130994040,0.8199076760750,0.7087643097522,0.7179642048728,0.7398544021914,0.7290078772841,0.7495948083202,0.8193137696773,0.7146628728915,0.8093465295561,0.6955201937166,0.7007489040336,0.7174818506834,0.7766329724028,0.8302497324847,0.7244662473984,0.7690641636333,0.6115002280492,0.8713306495358,0.9518620603112,0.7046018888664,0.8389077570676,0.6855025058677,0.5821436480860,0.7342546450043,0.7241076230572,0.7561081060498,0.7445303208779,0.8013700419164,0.9240162713789,0.5969201570322,0.8112620341452,0.8998683248542,0.8256523812737,0.4869892043414,0.6233236308192,0.8326536590717,0.6658877020047,0.5558893946995,0.7867546992296,0.5843123006258,0.7298432000234,0.4718716403412,0.3035638927126,0.6967674933461,0.6550500281933,0.7719648331900,0.7321664302559,0.6210816723879,0.7754169440238,0.6820566526080,0.7415019698350,0.6730021957267,0.7417533815798,0.6212048293494,0.7779879406457,0.6816578959079,0.6030405961854,0.7940220016690,0.7089008577874
0.8280024551379,0.6775706292319,0.7744037889138,0.6687106298388,0.8921472152746,0.8711351988175,0.6960719954611,0.8027111517340,0.8277638824184,1.0000000000000,0.8761547066057,0.9491139696103,0.6972429664392,0.7565471085623,0.7906420338421,0.7225289783509,0.8397955985894,0.8350168400757,0.7087154083007,0.7974481200868,0.8888908951040,0.8292979353378,0.8860551030067,0.7916898810560,0.8095214026324,0.6813321690590,0.7740825465487,0.6900855351154,0.7049386109745,0.5181915095446,0.8258062588586,0.7584710110158,0.8514900512005,0.6140468007708,0.6189134908097,0.7564724090594,0.7266368199940,0.6761823848595,0.6100135357319,0.7912397727545,0.7849906074202,0.8971302710498,0.6193058835712,0.6661776069170,0.6065939489127,0.7606944523907,0.7703231040996,0.7604531967626,0.8097044379144,0.8689691397182,0.8039619033072,0.6875519152245,0.6112730092418,0.7694630049097,0.8702109259499,0.6508198796855,0.6765972249654,0.6204375841732,0.6736915159991,0.7779049663817,0.8493987386964,0.8449091128412,0.7171836050781,0.5579579339331,0.7763312983990,0.6719196953275,0.6898532628168,0.6926599026035,0.7190620842497,0.7994007592227,0.6278352044198,0.8974217256387,0.7967460349101,0.7932618525080,0.4872119775556,0.5710897061486,0.7445263431292,0.6961242750236,0.5662026043657,0.6831944622078,0.5369793046562,0.6721907966461,0.4723679453274,0.2564778288571,0.6391020519339,0.6562125214393,0.6839640620998,0.6359439453897,0.5315056415691,0.7009547397085,0.5741983810753,0.7339009997112,0.6390417877287,0.7954044297337,0.5795848553191,0.6964577487689,0.7127742409501,0.6255472120108,0.8161635304436,0.6845374251847
0.7977617211836,0.6269340476509,0.8080921065669,0.7365328983546,0.8302212544100,0.8858336850211,0.7920053122306,0.8420950173326,0.8756206544166,0.8761547066057,1.0000000000000,0.9360304769413,0.7098170550724,0.6689398569422,0.7271445550961,0.8098573119497,0.8968240939742,0.8842023191706,0.8388267752175,0.8713403936825,0.9009687735091,0.7500765569181,0.9067113799423,0.8465719687377,0.8587766642555,0.7716469563740,0.8256695105437,0.6904559209061,0.7294662484154,0.4649085765148,0.8896862103239,0.8094774032137,0.8773648682217,0.6101092352714,0.7164780319359,0.8373923000882,0.7887127751188,0.7533483241525,0.7324470938474,0.7919701868938,0.7716243190348,0.8746867282709,0.7540233141428,0.7345020706733,0.7055102356628,0.7189026298358,0.7900904553759,0.8561709332145,0.7000166561841,0.8377171618603,0.7021602745694,0.7169194809729,0.7067690367639,0.7807134449447,0.8251236783651,0.7252107534901,0.7219346855382,0.5500897690446,0.7625959457027,0.8583119351734,0.7815598054620,0.8955801691283,0.7433260961378,0.6294139130863,0.7410066062729,0.7181986509402,0.7161720415973,0.7598345749548,0.7692838198987,0.8470612937785,0.6924388845522,0.8081028154186,0.8775457291689,0.7913887337143,0.4266640749887,0.6457963672924,0.8228604208966,0.7481946889172,0.6344422227962,0.7661033472969,0.5756793678523,0.6934064644714,0.4335026689833,0.2003936968293,0.6679503147785,0.6536523491248,0.7757014507363,0.7290973434898,0.6125532809522,0.7397001499967,0.6893634072206,0.7540180966944,0.6899615822846,0.7674412970104,0.6060813179645,0.7864267211449,0.6700481369371,0.5674363048097,0.8118622192102,0.7998093393192
0.8661205724303,0.6691315886045,0.8078026754950,0.6946709100625,0.8948631009151,0.8825619819141,0.7466817994587,0.8408723297628,0.8580549819400,0.9491139696103,0.9360304769413,1.0000000000000,0.7646620980723,0.7496014156431,0.7624252364560,0.7680975759001,0.9052874699985,0.8586595171863,0.7733258947064,0.8369164056393,0.9122479164382,0.8303358517654,0.9280935543036,0.8084278239090,0.8415963749083,0.7547002351414,0.8047802864780,0.6898569790004,0.7602869541185,0.5098060142172,0.8641481400162,0.8078091918090,0.8904469377388,0.6411217019324,0.6737057422791,0.7948805571462,0.7475583584610,0.7176944667933,0.6602012487308,0.7827368518157,0.8117171924243,0.9175017697781,0.6762812898093,0.7173655608343,0.6675441490886,0.7897802575940,0.8243407657884,0.8046943868523,0.7857973287645,0.8614085829784,0.7835382612076,0.7083142495756,0.6432364033811,0.7802523658345,0.8481138652482,0.6724353358017,0.6975219820581,0.5910293561059,0.6938696950246,0.8073939891976,0.8193472874925,0.8761623674629,0.7664982001454,0.6352510079986,0.7744631801886,0.6722825310233,0.7075922689928,0.7536845711241,0.7437524865968,0.8172305777170,0.6909330495795,0.8852534537354,0.8317856785656,0.8172342201226,0.4644124984760,0.6257412134112,0.7941349008935,0.7179796042712,0.6121214227170,0.7263233083879,0.5719935115922,0.7133853515702,0.4552816012593,0.2326649681638,0.6679992265666,0.6750280399770,0.7263053060863,0.6687714681893,0.5451849375927,0.7155289471994,0.6139668124516,0.7579530409184,0.6864016187793,0.8136896445226,0.6089035584415,0.7235931090544,0.7120352796360,0.6332922988263,0.8235786130280,0.7184069521831
0.6974788176443,0.5222046011146,0.7246226345326,0.6521710783616,0.7233182193231,0.7447510071218,0.7124932023464,0.7142892662304,0.7350350691786,0.6972429664392,0.7098170550724,0.7646620980723,1.0000000000000,0.5687206355784,0.6370232098036,0.7059031669375,0.7897982576754,0.7177871619754,0.6212922317541,0.6817817208145,0.7322799063539,0.5753694483842,0.6668433936475,0.6778269686840,0.6874953318047,0.6795866925693,0.7273385149639,0.5200111566354,0.6293189474960,0.3182331015184,0.7478586583432,0.6706702043092,0.6871888016470,0.5928164568781,0.6872447731620,0.6653712528565,0.7184440891320,0.6412509605681,0.7055101746987,0.5487068665920,0.6049916800932,0.6489030968347,0.5993087799966,0.6508820661908,0.5849088828748,0.5999903824827,0.6547409892470,0.7467219253709,0.6380684694613,0.7031172180134,0.6111828544475,0.6364966576896,0.6488103538792,0.7025833897510,0.7135612603307,0.6580666097599,0.7249945723394,0.5520752207475,0.5907332898370,0.6864848563101,0.5668381159980,0.7891382661054,0.7704975368385,0.8075449557953,0.6385257886016,0.6829343698195,0.6452996752953,0.7395440648213,0.6178329798295,0.6622457319408,0.5556312421288,0.7076716906137,0.7039213712912,0.7318842427688,0.4507324237527,0.6615365906632,0.7587824223746,0.5135176259087,0.5109690274917,0.6526034608722,0.6419845658113,0.7670536366199,0.2618699576017,0.3352929905453,0.6759657298979,0.5991536502513,0.6839258992049,0.6490027442640,0.5754303785603,0.6900168911088,0.6621837739745,0.6725201960930,0.6766132908355,0.6357920728670,0.6117030162205,0.7165343766415,0.5326939358173,0.4739811542528,0.6417424533878,0.6017039250383
0.8555764399924,0.8832857947463,0.7505117486554,0.6117083340368,0.8308477674914,0.7650515363245,0.6490385953354,0.6652798066776,0.6615181818847,0.7565471085623,0.6689398569422,0.7496014156431,0.5687206355784,1.0000000000000,0.7161145037449,0.6429960680738,0.6934645787881,0.7168229628907,0.5587811162646,0.6087585355614,0.6972659769680,0.7111992931359,0.6995557966256,0.5933603278041,0.6562860414217,0.5717006415685,0.6665026771118,0.6933469052758,0.7332236823814,0.8018665907351,0.6935546556760,0.6353571848959,0.6809744002811,0.5621959036913,0.5650700762754,0.5846495542712,0.5636865534806,0.6322561619171,0.4712860816413,0.6525634862154,0.7916306715211,0.7435055236085,0.4721956919421,0.6372713333669,0.5968570230990,0.7274656918875,0.7495877174592,0.6556928508322,0.8268135154063,0.7366035812928,0.8678606717088,0.7425923893099,0.5671842041089,0.7533832624278,0.7657595264742,0.5738902545057,0.7029402905587,0.7644825998338,0.5520470247194,0.6147475500606,0.5810502844502,0.6803426271589,0.6119924191621,0.4733561992345,0.8429943049518,0.5023081884180,0.6614324558191,0.5739008604566,0.6522565186289,0.6576186868936,0.5096018178483,0.7596679013664,0.6405199228471,0.7218998650317,0.5259261840846,0.5639857085029,0.6742375991486,0.7348829274334,0.5905168206551,0.5588495115192,0.4723650252244,0.5824754523802,0.5822353018075,0.1264638119072,0.6974477792919,0.6092511985122,0.4962165592653,0.5379870836764,0.3391810334115,0.6710282031631,0.4320062224453,0.6053767341852,0.6081255135501,0.8109140169312,0.5716981667575,0.5769842499551,0.8532119544417,0.5891835341123,0.6393102716412,0.5032151410357
0.7470671876730,0.7418235256472,0.8109879308984,0.8731089498369,0.7823766771981,0.8646654789115,0.7833073880586,0.7293949179806,0.7517550309490,0.7906420338421,0.7271445550961,0.7624252364560,0.6370232098036,0.7161145037449,1.0000000000000,0.7324931580116,0.7643643370068,0.7533146632724,0.6649136875294,0.6657867697684,0.8286054902252,0.6625993262843,0.7791863721427,0.6661177591846,0.7181890054679,0.6953855904416,0.7994524610653,0.6258847310919,0.6053183634324,0.4308181855864,0.7392284453719,0.7276791785061,0.8166214259933,0.5859319708241,0.6335942832829,0.6772286716963,0.6710274430187,0.6723920051271,0.6079913455419,0.7412664810362,0.6638363944514,0.7321107791096,0.6811160438563,0.7173140215787,0.5491149904169,0.6743906988950,0.6744728611262,0.7654062263687,0.6773454884021,0.9026742257515,0.7177155619260,0.7769885012658,0.7706574391889,0.8148239805335,0.8747153118362,0.7412731621876,0.6488089501968,0.6857360374168,0.6478049257114,0.6874171357900,0.6746265211402,0.7345230825037,0.6105487613665,0.4919112189517,0.7791331935155,0.6766488204430,0.6610155803067,0.6751990272548,0.6595699723599,0.7103265651497,0.5385090273272,0.6990164866822,0.7039107979627,0.7490119540924,0.4502695371210,0.5515230352710,0.7418800298233,0.5983847122666,0.4568721506504,0.6409468787338,0.5286029999565,0.6854648326126,0.4965980198603,0.1414590068940,0.5974151507526,0.6302730663526,0.6154725647006,0.6115948844249,0.5084747431497,0.7655567197245,0.6127225211377,0.6974514697887,0.6778005313008,0.6640707908792,0.5351234835621,0.7409222386500,0.6445843765855,0.6165258406112,0.6697184736258,0.5758894882786
0.7590252985247,0.6577921663246,0.8200968596275,0.8436789699966,0.7490024272813,0.8516638925134,0.9039103096815,0.8958413540538,0.8665301544898,0.7225289783509,0.8098573119497,0.7680975759001,0.7059031669375,0.6429960680738,0.7324931580116,1.0000000000000,0.8320451623653,0.8710989136362,0.8716524509722,0.8200253549507,0.8299202226945,0.6739752668844,0.7692137938245,0.7951221813243,0.8449208265459,0.7916088085543,0.8432089332153,0.6694918384288,0.6044451720860,0.4418227757429,0.9037843979046,0.8319556275784,0.8009917262418,0.6939450930133,0.8697687493674,0.8767702789861,0.7580969470760,0.8673458704300,0.7421564573767,0.7599904673073,0.7165849961427,0.7687619645354,0.8282009878244,0.7840745880119,0.8452240407593,0.6744707979734,0.7693067127304,0.8502796415342,0.6536222311836,0.7778381230105,0.6535297114420,0.7769132387729,0.8152106924878,0.8228751794707,0.8005974668222,0.8191215543128,0.7799771042688,0.5995631894889,0.8511964067379,0.8210713694984,0.6368279037584,0.7681264522946,0.6507337696437,0.5978352921955,0.7301461734471,0.7029068715504,0.8200923851217,0.7887641965572,0.7724619158599,0.8319786221187,0.5202267029823,0.6959980798755,0.8412193896333,0.7601218815223,0.3886928614633,0.6750039778081,0.8193565066003,0.6725293260216,0.4588650168418,0.8306876328212,0.6333894885602,0.7415915779082,0.4679756781064,0.1717175624869,0.7325246813097,0.6824814150099,0.7152900925469,0.8016812294554,0.4822913557799,0.8232521444343,0.6904914188635,0.7492875705142,0.7295790025319,0.6858821388958,0.6588867651963,0.7837288374759,0.6409034168402,0.5742864544274,0.7096068783254,0.6494696530353
0.8154020757842,0.6068881325542,0.7720471227788,0.7559414059655,0.8518445617333,0.8535189767207,0.8123114392110,0.9024431156600,0.8777365104114,0.8397955985894,0.8968240939742,0.9052874699985,0.7897982576754,0.6934645787881,0.7643643370068,0.8320451623653,1.0000000000000,0.8910350574775,0.7952863555907,0.8777955037463,0.9325482708330,0.8017475647740,0.9020506647855,0.8708347994425,0.8653493514529,0.7864896475165,0.8783373713312,0.6962129540627,0.7630255109502,0.5034499459934,0.9180932395967,0.7839515293155,0.9035228103324,0.6032538164943,0.7564874496460,0.8197199005897,0.8457058133402,0.7757648078736,0.7680972675430,0.7791494887444,0.8139176427376,0.8307378116930,0.7669111262071,0.7283475781877,0.6961134388974,0.7715867675916,0.7692145543958,0.8227796363143,0.7638789454033,0.8000008635848,0.7306004207481,0.6808916255405,0.7318811071486,0.7457436768918,0.8312424718644,0.7472463708999,0.7678576849386,0.6036253126081,0.7812501852476,0.8312355273902,0.7243841795749,0.8231026356242,0.7633955136291,0.7024768127324,0.7505063192146,0.7065406122771,0.7551300082769,0.8523142762870,0.7590097780196,0.8701848037415,0.6928082986875,0.7919730680088,0.8844293213886,0.8522252947246,0.4574543526784,0.6288115949012,0.8306659267248,0.7132258646550,0.6348734260065,0.8330740123226,0.5627972594845,0.7368633429287,0.5261457573643,0.2674537609346,0.6769870092827,0.6567075998825,0.8422253272071,0.7430137757693,0.6409632953106,0.7723308862669,0.7409312025936,0.7345522823434,0.6885565238068,0.7697841636002,0.6113080181307,0.7708651266687,0.7288844239619,0.6748360195347,0.8078727623330,0.7129719326708
0.8124283158659,0.6910499880349,0.8015713535800,0.7667431977412,0.8358749967795,0.8689859213380,0.8173874983314,0.9119345061617,0.9197212656677,0.8350168400757,0.8842023191706,0.8586595171863,0.7177871619754,0.7168229628907,0.7533146632724,0.8710989136362,0.8910350574775,1.0000000000000,0.8311670467189,0.9066436382420,0.8707361926169,0.7628133433515,0.8436878480991,0.8906251238274,0.9004674465249,0.7714705638875,0.8694609442555,0.6970410483951,0.6959841183240,0.5415050234628,0.9555681144647,0.8048989791745,0.8367957411980,0.6494022545601,0.7534647647904,0.8506677342239,0.8350672540029,0.8217499457835,0.7541558315408,0.8447392890074,0.8040268590158,0.8424497982121,0.7161465510378,0.7442861224325,0.7612237238223,0.7516165451383,0.7799803835973,0.8609713671178,0.7534250783719,0.7968806020159,0.7422165565410,0.7513554133428,0.7281620737640,0.8064584504402,0.8380195756536,0.7613296443768,0.8124253190120,0.7008795573653,0.8170297580598,0.8775008892513,0.6864339432570,0.8435443686983,0.6737053019734,0.5720552977706,0.7501798526985,0.7150412536688,0.8171072344620,0.7799323324337,0.8264887654176,0.9003248500447,0.5876651665248,0.8116864706304,0.9146539585791,0.8254909193616,0.5448984068071,0.6589330956423,0.8388108879639,0.7506994232117,0.5818581126925,0.8063239473089,0.5727682075150,0.7168083383887,0.4965651982630,0.3395777483527,0.7295311114324,0.6650524214081,0.8061798919237,0.7772997981833,0.6186173364558,0.8219204225008,0.7346513538578,0.7694195700398,0.7116531347205,0.7985617937702,0.6170988121785,0.8111694272306,0.7282796623798,0.5951254289400,0.7928171001018,0.7082310674852
0.6905096017122,0.5794282911272,0.7247304967715,0.7180264670358,0.6986433884941,0.7858334932270,0.7704861094562,0.8463006678308,0.8561000795229,0.7087154083007,0.8388267752175,0.7733258947064,0.6212922317541,0.5587811162646,0.6649136875294,0.8716524509722,0.7952863555907,0.8311670467189,1.0000000000000,0.8405013648060,0.7924061711067,0.6356461923917,0.7703101447737,0.7644196958835,0.8173997494119,0.7194801681330,0.7525455776154,0.6347407131329,0.5994120110231,0.3742387343168,0.8378550758289,0.7391482435516,0.7641949681872,0.6098217898989,0.7538745959815,0.9317579940323,0.6790321810802,0.7596322860922,0.6607574319687,0.7316280088104,0.6705293953872,0.7528025386838,0.7355437851526,0.7097971354973,0.7398918029436,0.6348660098708,0.7099051276406,0.7749904920064,0.5867712393836,0.7406242709155,0.5928020278883,0.6865840957043,0.6730622809447,0.7199613828830,0.7089496527753,0.6758448640982,0.6705338420333,0.4824361787863,0.8232484098215,0.8452645227699,0.6246187282120,0.7533706150991,0.5938490445534,0.4966123985650,0.6623038787183,0.6297692644406,0.7328341634023,0.6812681722970,0.8167354783145,0.8327872693258,0.5081278111035,0.6782790916230,0.8088537257503,0.6701712427301,0.3622363469032,0.5914365248621,0.7346292588118,0.6721823379423,0.4681304940817,0.7245196266461,0.5480966617087,0.6352524611598,0.4057546485577,0.1618714691673,0.6091102778988,0.6437060760307,0.6650544189307,0.6843923197883,0.4694502810294,0.7195451005608,0.6161706684884,0.7084940499908,0.6564798663534,0.6650002282248,0.5689446274976,0.7078232397581,0.5857785299763,0.5268419206118,0.6917359650161,0.6385208262863
0.6959570033160,0.5164825857864,0.6930290024523,0.6604106615584,0.7698339013033,0.8003879816072,0.7462358978380,0.8856169084800,0.9383899125756,0.7974481200868,0.8713403936825,0.8369164056393,0.6817817208145,0.6087585355614,0.6657867697684,0.8200253549507,0.8777955037463,0.9066436382420,0.8405013648060,1.0000000000000,0.8541478547026,0.7312341293534,0.8572088499030,0.9370086695391,0.9538605407337,0.7324655976901,0.8552319537244,0.6309324318057,0.6735371564583,0.4570485227365,0.9356018567497,0.7438247488219,0.8561366597801,0.5524005178353,0.7583376093189,0.8823356939612,0.8200381722911,0.7946428707594,0.7443707447959,0.7313649575885,0.7428682376237,0.7988844028419,0.7166688765199,0.6696845231853,0.7228187688561,0.7021749250899,0.7138063037968,0.7698475329966,0.6860193888242,0.7327774785155,0.6714400867332,0.6156338234102,0.6669894027302,0.6923593531935,0.7784726210428,0.6931770145776,0.7521328835970,0.5169868164832,0.8521910661991,0.9178473107334,0.7037293191830,0.7921822307028,0.6583023752016,0.5710362000026,0.6913186293881,0.6897244168327,0.7571791869412,0.7754973432613,0.7930761149103,0.9518437741624,0.5951940063406,0.7724465005709,0.9281641736509,0.8227069547031,0.4212263897937,0.5985420410307,0.8164263371049,0.6616062657680,0.5581480293092,0.8391486148060,0.5379699419695,0.6858914819759,0.4677421846238,0.3205244970221,0.6449024434461,0.5948394615049,0.8174802853581,0.7486792200076,0.6089032951814,0.7449153238106,0.6891504121364,0.6730352340959,0.6364274852372,0.7063986863006,0.5783530868704,0.7376563057617,0.6659806880419,0.5892232816615,0.7974492833801,0.7131469379332
0.8107591199735,0.6203960113732,0.7885422143931,0.7745131425528,0.8649858540644,0.8703533875548,0.8030011759332,0.8742236845391,0.8693755237579,0.8888908951040,0.9009687735091,0.9122479164382,0.7322799063539,0.6972659769680,0.8286054902252,0.8299202226945,0.9325482708330,0.8707361926169,0.7924061711067,0.8541478547026,1.0000000000000,0.8129619990602,0.9142348295533,0.8663296509231,0.8550638570317,0.7629585577299,0.8852428552256,0.6915878570376,0.7191371613417,0.4657823616807,0.9034490862978,0.7884137745645,0.9119244488053,0.5918048165385,0.7316790988010,0.8237759252343,0.8215661711683,0.7378518739368,0.7089098006805,0.7890233937975,0.7710797857617,0.8426052004359,0.7695093967708,0.7165717566982,0.6541379327150,0.7736893862471,0.7509864619324,0.8093364988006,0.7557627723187,0.8608109882047,0.7365293531180,0.6912552812672,0.7392884924776,0.7744920866809,0.8566898781965,0.7514304835905,0.7168951437036,0.5884758971275,0.7555675052123,0.8270478900309,0.7507226605849,0.8373605113400,0.6959634624028,0.5868439153739,0.7722663345577,0.6855952860240,0.7472429848555,0.8033533764785,0.7553704138241,0.8485341658520,0.6852575497437,0.8151780889079,0.8848546285141,0.8679250470382,0.4841269588267,0.6053478933495,0.8383494516303,0.7011100385785,0.5918281651394,0.8181674697970,0.5605811627338,0.7338373986069,0.4924739540507,0.2446108993765,0.6453725981266,0.6520673071103,0.7952805423555,0.7354500410169,0.6014268446270,0.7621614673270,0.6735136673794,0.7343365364735,0.6752716134908,0.7552133069900,0.5872696654837,0.7491389773758,0.6958006499270,0.6643544612062,0.8153771444414,0.7095728244597
0.8106179512198,0.5897932428316,0.6459199554884,0.5912302433788,0.8540680647642,0.7437552308919,0.6421736749536,0.7387671050290,0.7467451926006,0.8292979353378,0.7500765569181,0.8303358517654,0.5753694483842,0.7111992931359,0.6625993262843,0.6739752668844,0.8017475647740,0.7628133433515,0.6356461923917,0.7312341293534,0.8129619990602,1.0000000000000,0.8653448958763,0.7452385397331,0.7552480464951,0.6389354903022,0.7448448729550,0.7231612490116,0.7758151662304,0.5909715296924,0.7738810550548,0.6729642307116,0.7920567982466,0.5638280560443,0.5662651024034,0.6577866144562,0.6760802418788,0.6727278565777,0.5640679307918,0.7930829902294,0.8660075810171,0.8127945921737,0.5973539585769,0.6471478900099,0.6003819521319,0.8860547712072,0.7337237161620,0.6707011886404,0.8786732905866,0.6902626046262,0.7564927334316,0.5770394838548,0.5497467996541,0.6192389372827,0.7623325919715,0.5721075355760,0.6158679853247,0.5436573912245,0.6181628962460,0.6975402976083,0.7315266806661,0.6697084519358,0.5928895697812,0.4961557202354,0.6908927370799,0.5282305126683,0.6219506766426,0.6804634521478,0.6087183319200,0.7268448444735,0.5482193175465,0.8274454070527,0.7612307935510,0.7368225529873,0.3860615637171,0.4760456417325,0.6938433321357,0.7026456086149,0.6266570301245,0.6859893043997,0.4340520775371,0.5802520829496,0.6165957481123,0.1870182266241,0.5778617700545,0.6119752918214,0.6569307778833,0.5777944756761,0.4528916835640,0.6563729471492,0.5303513459675,0.6874608035495,0.5857221850620,0.8093279040390,0.5499497946018,0.5945615907171,0.7888911947776,0.8170417293623,0.8209739819343,0.5545602834100
0.8278386716543,0.6068410449188,0.7752835771856,0.7267570314355,0.8725639065984,0.8648396895128,0.7619870646247,0.8382753338389,0.8557318579978,0.8860551030067,0.9067113799423,0.9280935543036,0.6668433936475,0.6995557966256,0.7791863721427,0.7692137938245,0.9020506647855,0.8436878480991,0.7703101447737,0.8572088499030,0.9142348295533,0.8653448958763,1.0000000000000,0.8420942525814,0.8618335102166,0.7870742175933,0.8566982523438,0.7069786281569,0.7678259611380,0.4952550285787,0.8693938116799,0.8285901509977,0.9426195385620,0.5900662253314,0.6761624873080,0.7720145888038,0.7639179456587,0.7522644784970,0.6632905672365,0.8072674686740,0.8220450456318,0.8905994545472,0.7351723343871,0.7265361455848,0.6755007582640,0.8186372759810,0.8083278326587,0.7887029866275,0.7696119334335,0.8194327995957,0.7453015740665,0.6705632318146,0.6886097907262,0.7379305123732,0.8441309035155,0.6910893575197,0.6871418824918,0.5508638804282,0.7327910248407,0.8244141436460,0.7885790317852,0.7992806307737,0.7006540399221,0.5804923206227,0.7529836867068,0.6453864621906,0.6918257129531,0.7658959631016,0.7188759114856,0.8413818176766,0.6446904105245,0.8321175437189,0.8528937994468,0.8276554694149,0.3692140527866,0.5854190973346,0.7991214811414,0.7135756837132,0.6533371990065,0.7736749576606,0.5413239783733,0.6867807631752,0.5511173731048,0.1577008145900,0.6198065462203,0.6590531780392,0.7472436056038,0.6807568414427,0.5305819112777,0.7320580654018,0.6191248909874,0.7162823819392,0.6600846884372,0.7720024758351,0.5938567926084,0.7143718018949,0.7203036867670,0.7229549288630,0.8506834870751,0.6948389849948
0.6910346266818,0.5076742698474,0.6999468796179,0.6882335237701,0.7819038455059,0.8000384287049,0.7744203523500,0.8321308160870,0.8738362137521,0.7916898810560,0.8465719687377,0.8084278239090,0.6778269686840,0.5933603278041,0.6661177591846,0.7951221813243,0.8708347994425,0.8906251238274,0.7644196958835,0.9370086695391,0.8663296509231,0.7452385397331,0.8420942525814,1.0000000000000,0.8852061361705,0.7254922011902,0.8741204144994,0.6425251191243,0.6439607981993,0.4322173496812,0.9412598992123,0.7248922180833,0.8324639112641,0.5470091562126,0.7810952522421,0.8349906212959,0.8875071802917,0.7826082977710,0.7666034562756,0.7314215973256,0.7196849626459,0.7536703126776,0.7406381382977,0.6620588063684,0.6727533383421,0.6899303605435,0.6957651600974,0.7830844512230,0.7091380300979,0.7153479658735,0.6764489860422,0.6323658508976,0.7329692654056,0.7063370155501,0.8023684013381,0.7702237942174,0.7898487823819,0.5426519214147,0.8097997064438,0.8772317740265,0.7160526738200,0.7779755367127,0.6894330128583,0.6220673175547,0.7119424786204,0.7150532510156,0.8090378672389,0.8276253196207,0.8020806172887,0.9294548601565,0.6131981816192,0.7800871870282,0.9676165445515,0.8444722273202,0.4484696935326,0.6266762973972,0.8240870105291,0.6830148706601,0.5385306527689,0.8994575414089,0.5794104406333,0.7106497298169,0.4794192492725,0.3249399104524,0.6561888903874,0.6170202967126,0.8808931502113,0.8220978310777,0.6352699860072,0.7711699739270,0.7452462178248,0.6966527543867,0.6525851213191,0.7207623346346,0.6181265658682,0.7566775086301,0.6636277183266,0.6050295664663,0.8100494455262,0.7237933138827
