1.0000000000000,0.6944788173590,0.7609999399477,0.6573727807283,0.5788667982824,0.7409072901884,0.6534606840474,0.3826293970822,0.1637312554268,-0.0137035001675,0.3141496935616,0.0942405954607,0.3386762383884,0.5228712504827,0.1641102635552,0.3782520468808,0.3819754333556,0.4349040079585,0.0392874430580,0.0238232055389,-0.2454371561525,0.0131593294272,-0.2739236720321,0.2127261772181,-0.0843765432992,-0.2767587416707,-0.1824119474038,0.2092559308658,-0.1970923079176,-0.2612720000036,-0.0539625478928,-0.1907622319385,-0.0100928592902,-0.3219812073804,0.1970930317640,0.2739276084921,-0.1052883488197,-0.3368049258212,0.1392325805223,0.0664177577802,0.2453151794297,0.0595187858746,-0.2599848707898,-0.5373668106749,-0.3038888534586,0.0405036680421,0.1709668891569,0.3701730397101,-0.0229886456654,-0.2336914009530,0.8466992576568,0.4888445050732,0.6175463633627,0.7445513910620,0.6785703310243,0.5919081969655,0.0880636097836,0.4370348380045,0.5732650066117,0.1637453983888,0.3014510188937,0.4681887591152,0.0639161276493,0.2399989940489,0.4597051487415,-0.3823828437055,0.2879460082975,0.4788813997432,0.2244138590327,0.1252681101361,0.1144372828102,-0.0278347715701,0.2753796224003,0.0209156574491,-0.0407631878472,-0.4509007702462,-0.3181968771927,0.2532755488614,-0.0033075737115,0.3199216811571,-0.3114478743948,-0.1734081052028,-0.0433912124695,-0.4737053804601,-0.4048009865949,0.0099965165105,-0.1513905223806,0.2935618231039,-0.4848470558702,-0.4706479149091,-0.0251856933856,-0.1702207205168,-0.5358389351861,0.1864149256414,-0.1125871562956,0.2547283310311,0.1739995133263,0.3135063743129,0.1412658047690,-0.4210736278851
0.6944788173590,1.0000000000000,0.7081823507269,0.6282008588256,0.2419481892653,0.4956149090831,0.6355098620897,0.2816364319457,0.0654435609957,-0.1242345702066,0.1113959875584,-0.0678753816184,0.2429161389685,0.2970849718182,-0.0129865986429,0.1381221069895,0.1633023725006,0.2184097365817,0.0435458009397,-0.0643738983862,-0.4459184443121,-0.0278469159574,-0.3692080781800,-0.0116180843717,-0.0139093117592,-0.2975206005737,-0.2097172855222,0.2452330845884,-0.1310773901118,-0.1896073800693,-0.1606455524797,-0.3207927752400,-0.2390703118640,-0.3446410237698,0.2488019896616,0.1963366108685,-0.1216445581165,-0.2905548117661,0.0886785059469,-0.0013057639889,0.1300357410511,0.0039114690020,-0.3773239333949,-0.3634293950056,-0.2542146670548,0.0721389782732,0.1209438683024,0.1063250724022,-0.1827203308829,-0.3147024797646,0.6275693135975,0.8361852682121,0.6569308019876,0.6545880654891,0.4363893473370,0.6382428281345,0.0307293697333,0.3245808136491,0.4439745095448,0.0890066023553,0.2137642492660,0.1919867368062,0.0108133177532,0.2628183205965,0.5004836906878,-0.3345888412276,0.1802384211578,0.2880457344733,0.2322945193188,0.0103649360033,-0.0246258387810,-0.1721394938232,0.1441525456091,-0.0194856776271,-0.0851281499141,-0.4466170770621,-0.2600546966296,0.3095254316994,0.0983747574113,0.0935889474113,-0.2789990996804,-0.3019848139043,0.0838792880277,-0.4151207277505,-0.3813191241334,0.1150128087922,-0.1211499483083,0.3246836789213,-0.3225776189426,-0.3674221263618,0.0148349541817,-0.1841808036008,-0.3704295013009,0.2568699129815,0.0025366125066,0.0965071286491,0.1634061649421,0.2020000712880,0.1978778440603,-0.3438684644363
0.7609999399477,0.7081823507269,1.0000000000000,0.5822616251963,0.4475316996517,0.8297214978743,0.7880471637480,0.4157895020179,0.3414234948997,0.1186421886894,0.2690151659986,0.1295709383491,0.4140361194198,0.3581718575948,0.1033569091014,0.3007946282018,0.3664293342010,0.3008110734435,0.1157657776620,0.0318018953697,-0.2373724944775,0.0838062596849,-0.2852879237422,0.1492983911615,0.0679393351445,-0.1890429103790,-0.0556243985044,0.1864054186843,-0.1545230738226,-0.2180841681904,0.0655811226073,-0.1057602040207,-0.0010601813998,-0.3446289419421,0.3338411244309,0.4743896020656,-0.0109986878773,-0.1994044005487,0.2214755451350,-0.0215899339719,0.2064677481355,0.0465396430449,-0.2296769708318,-0.3564157576741,-0.2348800535918,0.0508582081857,0.2701093506267,0.3284904373781,-0.1046056003276,-0.1511193904165,0.7796335361860,0.6770124316964,0.4755010420764,0.9323048423955,0.6847704116911,0.6435529275677,0.1775969922392,0.4804319901747,0.6461083979029,0.3262221050074,0.3631486566183,0.3946172923420,0.1037199802434,0.3337340474970,0.5070973692858,-0.3323942059299,0.3253605491185,0.3553554828661,0.2614503773443,0.0567418602361,0.1026746237184,-0.0498286270140,0.2568258033080,0.1872335907531,-0.0030265853002,-0.4243618562634,-0.2945309166467,0.2082393743995,-0.0762900073215,0.1812081425609,-0.2586992191245,-0.2207438050186,-0.1086329538181,-0.4261628872388,-0.3813362971984,-0.0004752092307,-0.0612758855432,0.4951969602017,-0.4322640193389,-0.4126513814203,0.0666375383446,-0.3744159347145,-0.4258236604980,0.1863378769078,-0.0702143269070,0.2079946235240,0.0586088726934,0.2243900444342,0.1940100487595,-0.3533195153543
0.6573727807283,0.6282008588256,0.5822616251963,1.0000000000000,0.4554375649231,0.5177412890909,0.7747616508770,0.4202652623964,0.1404296088081,0.0253023804014,0.2155560781357,0.0005080573961,0.2798763399517,0.5522183911461,0.5013019750245,0.4473642757424,0.3222925334097,0.2568038869560,0.2760904926933,0.0069725420779,0.0066448234219,-0.0560154166715,-0.2100176245500,0.1776907072582,-0.2634529239140,0.0131571419676,-0.1317030804593,-0.1977003919641,-0.2023959241313,-0.1469592734166,0.1541787509160,-0.0307428064699,0.0184335967712,0.0262569463629,0.3615840373296,0.4748175421298,-0.0579501396751,-0.2200590416593,0.2091106121394,-0.0378820551404,0.0849546320014,-0.0047746243740,-0.0260565282251,-0.3596544021845,-0.1006228694808,-0.2232723324560,-0.1010137615056,0.2036652922714,0.0986250932726,-0.0043548569882,0.5753994526547,0.4355276306715,0.8257449736973,0.6177910629979,0.5853945703759,0.8385965427476,0.1981513991668,0.3887465109367,0.5047252497250,0.2313853200952,0.0152005775452,0.2237544777001,-0.2023606805435,0.0800263270469,0.4930797511844,-0.0801768526930,0.3814454862877,0.2129492529794,0.3606550389756,0.0492042127968,0.0710915460908,-0.3182435177725,0.1111368050689,-0.1591673848760,0.1095008305048,-0.1095305761465,-0.3543771972019,-0.1769092698672,-0.1773851591025,0.2811901708473,-0.4368606467450,-0.2829531373151,-0.2522899208719,-0.1104094267617,-0.0855866047671,-0.3595744442167,-0.0533326088340,0.4711619450834,-0.2887242897920,-0.2600135522611,0.0763662284911,-0.2082143232720,-0.3757338635252,-0.2822204441862,-0.4366602538397,0.0893302737896,-0.0567350420364,-0.0197163437180,-0.2032611791421,-0.3783475037135
0.5788667982824,0.2419481892653,0.4475316996517,0.4554375649231,1.0000000000000,0.6234599773790,0.4519499574448,0.2063189137985,0.0213092301407,-0.1076855656700,0.3725087434415,0.0355960234294,0.3293168911667,0.4646897947766,0.2974154606342,0.1781388284228,0.3017686960966,0.1588644065066,-0.0601705884453,-0.0587810966349,0.0502937430313,-0.2673698745056,-0.1428933212087,-0.0092825948391,-0.1322329080402,-0.0439799253573,0.0184972889469,0.0591598268503,-0.1669667615164,-0.0028092075725,-0.0064570946200,0.0662287337929,0.1648230640140,0.0013561578974,0.0772353535889,0.1262176042478,-0.0063324146657,-0.1852811229058,0.0846282465786,0.0020027797964,0.3910005234774,0.1638518935050,0.0387386755168,-0.3344647145837,-0.1053386263566,-0.2523468926814,0.0972010520703,0.5337677240696,0.3609273516113,0.0473857616774,0.6419096070051,0.0745857356454,0.3961371742248,0.5492103228995,0.6521816109603,0.3840905220202,0.0329683790042,0.2482518900396,0.2340681623063,0.0229074634390,0.1158609854931,0.5110423864304,-0.1984938093342,0.1992366514604,0.3035923252613,-0.0992115585132,0.0600007350865,0.1924157346621,-0.0048691171939,-0.1221680864777,0.0267260216290,-0.2253395109304,-0.0816828085594,-0.0765592792861,-0.1284648110285,-0.2217855078660,-0.2433829034371,0.0493706993991,-0.0457483780463,0.0358268049291,-0.3286671825518,-0.1911119355358,0.0049334765623,-0.2700072846089,-0.1618466080565,-0.2244603002507,-0.1344991029177,0.1079551188848,-0.2232113836227,-0.2306185164460,-0.0557801545789,-0.0400514674599,-0.3263889589252,-0.0986344983219,-0.3093061405314,0.2435641440532,0.1593702165407,0.2058220708505,-0.0010320879965,-0.2650743126883
0.7409072901884,0.4956149090831,0.8297214978743,0.5177412890909,0.6234599773790,1.0000000000000,0.7807093188014,0.5002715640980,0.4507123972981,0.2460437620521,0.4480076597469,0.1724300511746,0.5721301498384,0.3700372377591,0.2335955718038,0.3345245340824,0.5303937390877,0.4187886028777,0.0948717863819,0.0448284792873,-0.1496618181475,0.0713571576280,-0.2963401745809,0.2895896204046,0.0940163177598,-0.1552719907850,-0.0517900762081,0.0882039808845,-0.2735435096935,-0.2980683368284,0.1012774884481,-0.0364699524751,0.0703558122239,-0.2961366418174,0.1912600919754,0.4351013061247,0.0283252852529,-0.2171153104362,0.2642477694905,-0.0465798523466,0.2670561648182,0.0974308849348,-0.1760613346526,-0.4047039818319,-0.2182131734317,0.0044536293728,0.1542493488604,0.5577799523741,-0.0368665732567,-0.0949490009801,0.7160101105256,0.3914890012970,0.4274424481760,0.9120094463147,0.8645807776585,0.5983750065784,0.3346577714001,0.5767100318894,0.6756346151910,0.4386372921441,0.5030003537925,0.5962363061452,0.1211985993175,0.4604251550738,0.4239607575853,-0.2475712633509,0.2423996430517,0.4421898666003,0.2070291487592,0.0894383411074,0.2207933700989,-0.0735624257740,0.3634339682796,0.2023700492972,0.0846743373838,-0.4134130087736,-0.2714892201447,0.0936666707045,-0.1525328978976,0.2369022067613,-0.2574921506678,-0.1595407404973,-0.1748962334976,-0.4233516232101,-0.3281375698489,-0.1425177122082,-0.0398387744304,0.4081325085025,-0.4444479542968,-0.4081308006708,0.0408807549286,-0.3247484318828,-0.4672870744014,0.0592523211622,-0.0954476720868,0.3687626580641,0.0429329777968,0.2593693312626,0.2047866024125,-0.3308219117187
0.6534606840474,0.6355098620897,0.7880471637480,0.7747616508770,0.4519499574448,0.7807093188014,1.0000000000000,0.4542030974182,0.3369502652603,0.1028367827746,0.2059285910068,-0.0361968367285,0.3935133935056,0.3991695972093,0.2336483082434,0.3176981785170,0.4054326505065,0.2698726365015,0.2974643577875,-0.1050181915037,-0.2310003130621,0.0017569692984,-0.4271600245392,0.1705812809075,-0.0846741861475,-0.1723045217908,-0.2598260456768,-0.0629398266772,-0.2868168662671,-0.2853925954905,0.1379587923189,-0.1698670926640,-0.1446065882547,-0.1988875206128,0.3646743146325,0.5904870636320,0.0046031995402,-0.3145341833696,0.2855849859554,-0.2033263291929,0.0983506806212,-0.0874356498387,-0.2434745117422,-0.4006736412230,-0.2818836675646,-0.1282947195986,-0.0781637287864,0.3018451243883,-0.0422739330249,-0.2073501762696,0.6108033374760,0.5278500672438,0.6901425988935,0.8612973039313,0.7482537712125,0.8922190249336,0.3026872222969,0.5027991904214,0.6708675164894,0.3942692420403,0.3282146808323,0.3113841855446,-0.0717274052391,0.3226046220785,0.5963533544984,-0.0771263119120,0.3520229821599,0.2748088783466,0.4199821416372,0.0302017383270,0.2166447833066,-0.3211740603038,0.2352565301614,-0.0208437414121,0.2578694474063,-0.3713003805202,-0.4502590171832,-0.0265007406696,-0.1204304782650,0.1976317517828,-0.3477912861195,-0.3700765746622,-0.1404343289672,-0.2446988574300,-0.3142849205867,-0.2522323834949,-0.0095619206451,0.6103504427981,-0.2968415775728,-0.4086909109650,0.1061849419869,-0.3811326675704,-0.4698562015290,-0.1080855833937,-0.1748431725795,0.1900805483881,0.0425515281525,0.1101432515129,0.0395569224221,-0.3516482453447
0.3826293970822,0.2816364319457,0.4157895020179,0.4202652623964,0.2063189137985,0.5002715640980,0.4542030974182,1.0000000000000,0.4602527514608,0.3502213716960,0.4168045767149,0.3429797191625,0.6540956596766,0.3053993820053,0.3602585849715,0.6379714197243,0.6927805611858,0.6299714475019,0.2997509783817,0.5279957787383,0.1021181463729,0.0990694405386,-0.1671752664692,0.3756972069161,0.2201240839758,0.0402519712793,0.0033673718032,-0.0769231577597,-0.1956318636315,-0.1601126760044,0.2482875652268,0.0869520008225,0.3240476177745,-0.2141500178479,0.0256197882996,0.3079137515638,-0.1334430549567,0.0997667805602,0.1851158048990,-0.0034856034265,0.1866375222326,0.1778158227443,0.0707994057533,-0.2049783389063,0.2073261386814,0.0065268325236,0.1392905278181,0.2789446063093,-0.0870781122469,0.0559062847570,0.2942716149095,0.0976087940313,0.3027887745560,0.4650314164907,0.6012329861253,0.3883556420963,0.6596075861285,0.8541594690383,0.7503382638999,0.6240654736212,0.3830414715009,0.3407612714316,0.1516578056335,0.4084299859376,0.2221689900004,-0.2812942042091,0.4836602423480,0.5336144876718,0.3467817237828,0.4836137025286,0.2609601482890,-0.1318401042660,0.4084987053019,0.3312048146038,0.2652566880106,-0.2646702896796,-0.2610060149610,-0.1000315347608,-0.2293069809041,0.4728573577398,-0.2650963870705,0.0650118620936,-0.3015507992410,-0.1989950119965,-0.0220848496738,-0.3188727466794,-0.1874379575257,0.2353156279055,-0.5542333556512,-0.1448115076363,-0.0696431170668,-0.3710510000325,-0.2638883287746,-0.0673290015740,-0.2512075017082,0.1501456120606,-0.0313579923724,0.1758459922191,0.0009564023874,-0.4157354267540
0.1637312554268,0.0654435609957,0.3414234948997,0.1404296088081,0.0213092301407,0.4507123972981,0.3369502652603,0.4602527514608,1.0000000000000,0.3794588852510,0.4219622346968,0.3678168305909,0.4864270314878,-0.0378119535870,0.2332408775633,0.3006199111856,0.5913756093728,0.4955044613463,0.3135815264005,0.4855820493710,0.1379450036724,0.2154457089407,-0.0093003560255,0.6351332894293,0.5550052357663,0.0920625218287,0.2758934569101,-0.0273812239215,-0.1488291500901,-0.2230413816402,0.4946785036709,0.2047333033878,0.2946389896853,-0.2299857631207,0.0745957164554,0.3229206808394,0.2186907162083,0.1867383829229,0.2649646158293,0.0114054087345,0.1135259983385,0.0573490105274,0.0027587828884,-0.0170216883353,-0.0151354597379,0.1114097340677,0.2103026355744,0.2637504626571,-0.1695922660617,0.1340273447554,0.0953890400718,0.0054203582488,0.0488802215177,0.3821731846645,0.4062019353389,0.2103415457872,0.4345662347996,0.4563671172505,0.5628538391583,0.8029185379906,0.3536533716214,0.3597752438535,0.2463232136303,0.3229734092259,-0.0987557234628,-0.0805766250585,0.2348793851208,0.4406926725364,0.2479325283751,0.4660171808292,0.2742358695053,0.1005132877148,0.6564353867238,0.5734088421250,0.2191175945093,-0.1562438102927,0.1219061218218,-0.0707182240949,-0.2697649160870,0.4656577399784,0.0282672964790,0.1799037458427,-0.4427384036385,-0.1445188275518,-0.1239372421395,-0.1819588194575,0.1717318921868,0.3089630741361,-0.2591790751522,-0.0771506432036,0.0928337703000,-0.2982418193074,-0.0392400204824,0.0198360813190,-0.1291794107119,0.2455558038303,-0.1999524126926,0.0151982406077,0.0591890701892,-0.0137319442744
-0.0137035001675,-0.1242345702066,0.1186421886894,0.0253023804014,-0.1076855656700,0.2460437620521,0.1028367827746,0.3502213716960,0.3794588852510,1.0000000000000,0.2965209369001,0.4860524961295,0.4542404122296,0.1792881484008,0.4159669136914,0.1780605827207,0.3363803779405,0.2152976084164,0.2144522214373,0.2945461851026,0.3740691151770,0.6707187995985,0.1601744228861,0.4175563460075,0.1056757907446,0.1500685502289,0.2765463597841,-0.2985875831249,0.0367552784896,0.0166405411013,0.2960281545040,0.2683791568001,0.3051424905317,0.0261426937588,0.0077447774213,0.2207889201311,0.2018096274206,0.1121661450001,0.1727707224761,-0.0109327779382,0.1210816995358,0.1622983681299,0.1810486367221,-0.0055166727015,0.1362169145182,0.1955453758100,0.1761587232967,0.0284226819961,0.0929332152854,0.3432992952649,-0.0924958543634,-0.1082605051161,-0.1723816449492,0.1160667821695,0.2211219219990,-0.0089826964908,0.4203794781081,0.3092823850806,0.2865204930820,0.5523688503583,0.4105779714469,0.1761278802843,0.3497626419713,0.1930984469651,-0.0222291868769,-0.0703857707291,0.1660443050087,0.1110933794515,0.1877707902130,0.1462277295859,0.1409681319531,0.2653746519005,0.3693634399992,0.3513671022527,0.1497712276008,0.0839730168411,0.0495584503302,-0.3696788036754,-0.2338603253851,0.2023803837416,-0.0200847678776,0.2039275009667,-0.4713746202584,0.0415702285618,0.1665150567623,-0.2798695818067,0.1825353625425,0.1800920893815,-0.2697950752200,0.0276959893106,0.0874777085023,-0.2726328199976,-0.0411247954425,-0.1977561681892,-0.1897615282134,0.0798282028099,-0.0385726841227,0.0879130631527,0.0217650788416,0.0233120751380
0.3141496935616,0.1113959875584,0.2690151659986,0.2155560781357,0.3725087434415,0.4480076597469,0.2059285910068,0.4168045767149,0.4219622346968,0.2965209369001,1.0000000000000,0.6626067253520,0.5783403471041,0.0418490775656,0.3102445737657,0.3096167448847,0.5741499722654,0.5687273647837,-0.0217621015786,0.2577907084990,0.1517217857684,0.1635496848782,0.2671150494249,0.4012088904287,0.1968722126310,-0.0995628033316,0.2395675918899,0.0716588929825,-0.0857199401244,-0.3055836479867,0.1192606610717,0.1478522217608,0.3987070699006,-0.2625353294178,-0.0954338005639,-0.0407673954499,-0.0580921812405,-0.0790871358155,0.0376455636655,0.1088198976110,0.2445379608332,0.2654805795079,-0.0099290310869,-0.3394269610939,-0.0840854314138,-0.0086526352345,0.1998528952413,0.4083428498819,-0.0217699604108,0.1504616778410,0.3123003335718,-0.0280783785360,0.2504483600263,0.3289581301171,0.5332353853404,0.1241886022843,0.2712322048734,0.4309141465416,0.3748345289289,0.3176205867480,0.5267342270779,0.7643603561739,0.4404339348662,0.4698528866413,-0.0903121774151,-0.1509972544315,0.0234316170710,0.5495571817800,-0.0098088410018,0.2492499798619,0.3340537915112,0.2198306692157,0.3990126280680,0.2376872950301,-0.0392262473088,-0.3046744425156,0.0708229090036,0.0796748834226,-0.1003346324238,0.3195820405556,-0.0201379555316,0.2700425614651,-0.3056844296278,-0.3665229501432,-0.2032792426069,-0.1339588195335,-0.1257501817540,-0.0645751393155,-0.2947143953694,-0.2869086589831,-0.1112154141999,-0.0993071936759,-0.3095917052895,0.1239204105945,-0.1131515623800,0.2979749499075,-0.0030582315360,0.3402686593139,0.2231172147754,0.0179857122824
0.0942405954607,-0.0678753816184,0.1295709383491,0.0005080573961,0.0355960234294,0.1724300511746,-0.0361968367285,0.3429797191625,0.3678168305909,0.4860524961295,0.6626067253520,1.0000000000000,0.5175453840220,-0.0201482014947,0.2932022597653,0.3078246388106,0.5369871390898,0.4849365679910,0.0530171883714,0.3906620432864,0.3158310968361,0.3264116428154,0.5375140797431,0.3244368609326,0.2443338852073,-0.0058973715648,0.2557733685170,-0.0565861122204,0.0617659769086,-0.3072388834733,0.1314748698541,0.3817047711595,0.5601307717860,-0.1236789749889,-0.2072478300740,-0.0840713398375,-0.1975399700248,0.0464024584561,-0.1435415847880,0.0634635940448,0.0546824240512,0.2214326333874,0.0136704433869,-0.1542155242662,0.0014646381557,-0.0265317965217,0.2897456517809,0.0725809413628,-0.1559341765534,0.2395221855037,0.1026038056360,-0.0786396371768,0.0365981238899,0.0662404809653,0.2281717760759,-0.1498710875518,0.2919020156857,0.3624802794750,0.2656977509105,0.3342639754700,0.4500905651106,0.4893947629182,0.6916501142758,0.3914172908069,-0.1024935614662,-0.0694931814012,0.0630398755883,0.4878923174932,-0.0250962137381,0.3687318945962,0.4285369468352,0.4285008371143,0.3462735003933,0.3233335482525,0.0536006547407,-0.1372779247309,0.1033459145288,-0.0367661365764,-0.0475153476519,0.3806620752887,0.2620465162595,0.5167477111171,-0.3746205568269,-0.2146204281233,-0.0854154655630,-0.0838468640794,-0.2234289044482,-0.1941935592278,-0.2270393052876,-0.1686527867274,-0.2140090587829,-0.1203094440980,-0.0871208002504,0.0614551186364,-0.0594644651076,0.0573453540203,-0.0710496816308,0.2576532676703,0.1947231598207,0.1802604707212
0.3386762383884,0.2429161389685,0.4140361194198,0.2798763399517,0.3293168911667,0.5721301498384,0.3935133935056,0.6540956596766,0.4864270314878,0.4542404122296,0.5783403471041,0.5175453840220,1.0000000000000,0.2018350323664,0.3694694637186,0.3618739585843,0.7791506283454,0.5736284222192,0.0636522668215,0.4097365564936,0.1615140907171,0.1875386801127,-0.0458808077577,0.3567020840100,0.3430112904500,0.0405185133622,0.1418268466848,-0.0978729228335,-0.2655150327238,-0.2158551963271,0.2117482964657,0.2151121273784,0.4557051624103,-0.2018926521899,-0.1320419896497,0.0991746045128,-0.0902742645620,0.0831028430405,0.0692639102948,-0.0079641278853,0.2862239402475,0.2906913914460,0.0162575885453,-0.1790674410708,0.0914316507186,0.0303427856386,0.2685997462460,0.3186633439933,-0.0843195189416,0.2034800990714,0.2725228132332,0.0758028246224,0.1800439728997,0.4793751357786,0.6116774182543,0.2660105094830,0.6953460332833,0.6967208906534,0.5500072657885,0.5672463878831,0.5701800662936,0.5995297631811,0.3387394802729,0.7805786110867,0.1571275276392,-0.2725669382562,0.1676576150924,0.5491752964081,0.0705215654999,0.3563792057223,0.3684548637856,0.0003156808167,0.3585027268834,0.4069920883766,0.1110149559640,-0.2716702722701,-0.1092542820558,-0.0904811362810,-0.2080872652469,0.3564721251304,-0.1365812229031,0.1927145978769,-0.3202472844620,-0.3228346242802,-0.0741222098185,-0.2464413595440,-0.1520372411942,0.0712431866589,-0.4482020045273,-0.1536099855043,-0.1454822771709,-0.2975865548889,-0.1813476547041,-0.0092343145057,-0.1723083536506,0.1532855761492,-0.1519973798912,0.3161014190433,0.1562145321939,-0.2474249117847
0.5228712504827,0.2970849718182,0.3581718575948,0.5522183911461,0.4646897947766,0.3700372377591,0.3991695972093,0.3053993820053,-0.0378119535870,0.1792881484008,0.0418490775656,-0.0201482014947,0.2018350323664,1.0000000000000,0.4656364109306,0.4693329025258,0.1795660224055,0.0581756962587,0.2474061628261,0.0612502277607,0.2716719216840,0.0410536848461,-0.1569647085770,0.0206075432759,-0.3069249056035,0.1443025760584,-0.0478191393181,-0.0766733920980,0.0403743826945,0.3123520315377,0.1842441306178,0.1184171242636,0.1595957422792,0.1610241534531,0.3022645343101,0.4185809165891,-0.0246075104426,0.0044915307814,0.1111871889538,0.0257410174306,0.3292708624441,0.1291638909447,0.2405568208403,-0.1629849859050,0.1038891356753,-0.1075935946810,0.0962373980045,0.1457189044466,0.4513328235445,0.1307107743575,0.4566162443441,0.1640498135210,0.3400293854399,0.3590143607688,0.3471840929665,0.3968201608937,0.1008916190859,0.2638470793324,0.3273729303104,0.1739742210913,-0.1173494358877,0.1266006956209,-0.2705172941286,-0.0927230808538,0.4773637054776,-0.1651601100980,0.4610702482720,0.0048199244030,0.3254801255031,-0.0994399190166,-0.1189964338269,-0.2737024598604,-0.1285120459809,-0.1133414269280,-0.0105728354184,0.0386302808579,-0.3359319381561,-0.1250757553172,-0.0019407854589,0.1302729722144,-0.4271497618626,-0.2593729640981,-0.0599780148460,0.0480289492727,0.0824350130556,-0.2950068128441,-0.0791627014929,0.3096188788748,-0.3357034150331,-0.0899612574413,0.0155732893714,-0.0886870060182,-0.2075906923386,-0.2693098684697,-0.4976041506863,-0.0460613600702,0.2111947711598,0.0328071340185,-0.2468695745080,-0.4698831849841
0.1641102635552,-0.0129865986429,0.1033569091014,0.5013019750245,0.2974154606342,0.2335955718038,0.2336483082434,0.3602585849715,0.2332408775633,0.4159669136914,0.3102445737657,0.2932022597653,0.3694694637186,0.4656364109306,1.0000000000000,0.4149144370749,0.2937518365939,0.1295542992569,0.2708855908017,0.3136040830399,0.5755175028365,0.0503696554484,0.2195127190793,0.3416774515192,-0.0846020670269,0.4805536432256,0.3040697438675,-0.4108731402116,-0.0272847833490,0.1586050189545,0.3243804088796,0.4265811072452,0.3516484712918,0.3966682708335,0.1151924133959,0.2760060769538,-0.0024078360471,0.2437780401499,0.1796413699967,0.1310879086877,0.2024946366157,0.3133910281510,0.5388516114404,0.0842161819311,0.3733403298202,-0.1931277786784,0.0338932740104,0.1673648931103,0.3304634268230,0.6123584210174,0.0551417032903,-0.1480613600233,0.2249678052626,0.1429122881245,0.3327874077268,0.2891467928178,0.2817879335225,0.2494303943793,0.1486203160996,0.3658791258550,-0.1313482735460,0.1519314007473,-0.1638549783777,-0.0432297390371,0.0688498347583,0.1004415614097,0.2144001709461,-0.0051895775962,0.1265829982153,0.0337836612546,-0.1350144964829,-0.2017246100677,0.1033285020376,0.0276788307653,-0.0701794289075,0.3028427962113,-0.0109621425599,-0.4598952593234,-0.2440508479260,0.1886833485923,-0.3699861505874,-0.0265653901636,-0.4899424446416,0.1967986204880,0.3686320278686,-0.5827953796723,-0.0411896936110,0.1365245950412,-0.1879374846754,0.1166766200856,0.0049849964628,-0.0759367989065,0.0645975224751,-0.5413828197560,-0.6409636347400,-0.0127568176900,-0.1693186955669,-0.1513069821462,-0.3033575002661,-0.1232546426039
0.3782520468808,0.1381221069895,0.3007946282018,0.4473642757424,0.1781388284228,0.3345245340824,0.3176981785170,0.6379714197243,0.3006199111856,0.1780605827207,0.3096167448847,0.3078246388106,0.3618739585843,0.4693329025258,0.4149144370749,1.0000000000000,0.5074120316279,0.5170598676034,0.4058569033975,0.5224705411539,0.3430761577553,0.0580020724436,0.0676353262260,0.4091880587761,0.0925845896047,0.2201380406467,0.0617385229369,-0.0343271792888,-0.0878943894909,-0.0935460639189,0.4116390906289,0.3385334621317,0.5049981741591,-0.0018150274512,0.2928193030064,0.5410168361268,-0.0355954447635,0.2548744230577,0.2149608648171,0.1162031317436,0.1003945861600,0.1670298120279,0.3301347968744,-0.1448618049030,0.2929927011817,-0.0499185622366,0.2135578693924,0.2705546600447,0.0386476830617,0.1527884788955,0.2738578301241,0.0210500562379,0.3435529056857,0.2735865997405,0.3898117092308,0.3330185985623,0.3397942836773,0.5823100435721,0.5724163926866,0.3767869396777,0.0246848623585,0.1380529177770,0.0050850454554,0.0250020161000,0.1284680852707,-0.0754840372838,0.7818164723904,0.4021551550300,0.4179261109494,0.4955516619199,0.1506259241015,-0.1254265303657,0.3126250889252,0.2322835010269,0.2337519867310,-0.0762625539018,-0.1918914487742,-0.0676317863498,-0.1636898859211,0.5743556931822,-0.2136103717197,0.1310586788797,-0.2923293430190,0.0996110426350,0.0197705732909,-0.2359204543486,-0.0746869218701,0.3227529618146,-0.3518262366372,-0.0340218507049,-0.0008117888251,-0.1965312016519,-0.2039291030083,-0.1223231763956,-0.4135943036535,0.1347097972300,-0.0194263074888,-0.0423556862819,-0.1852382285481,-0.2933462195632
0.3819754333556,0.1633023725006,0.3664293342010,0.3222925334097,0.3017686960966,0.5303937390877,0.4054326505065,0.6927805611858,0.5913756093728,0.3363803779405,0.5741499722654,0.5369871390898,0.7791506283454,0.1795660224055,0.2937518365939,0.5074120316279,1.0000000000000,0.7801484755076,0.2749937129874,0.4551255849320,0.1494682600680,0.1390803905537,-0.0557884121991,0.4421095223722,0.3180592872916,-0.0635214792977,0.0351977846969,-0.0377046679608,-0.3157703070580,-0.3797064131722,0.4289758218140,0.2126985524657,0.5198215758448,-0.3304189792766,-0.1669445959208,0.1356655771276,-0.0637266026007,-0.0102744665854,0.0909545449800,-0.0394819470009,0.1808312470376,0.1326699948579,-0.1108981453157,-0.3254492809353,-0.0544543677947,0.0102968203288,0.1941906498920,0.3507127166437,-0.1670314648894,0.0502207554016,0.2545858350804,-0.0600156617967,0.3160012865648,0.4122766099222,0.5793856676143,0.2387854128699,0.6021932711161,0.6817265881253,0.6727953342889,0.5807293578434,0.5280757559916,0.5907541459917,0.3544027997222,0.5910233259762,0.0888302391310,-0.1882449796384,0.2700457796678,0.7451517155480,0.2512650070803,0.5353665895141,0.5589801310002,0.0625321712982,0.4802840750870,0.3513377534493,0.2846267044376,-0.3756551234135,-0.1876525596807,-0.0341452283327,-0.2277755107110,0.6222714018242,-0.0319233172833,0.2498859887787,-0.3012284952789,-0.3616851700402,-0.2477609980737,-0.1865545809197,-0.1485052561932,0.0582834907120,-0.4397130049182,-0.2808844695245,-0.1302125386721,-0.3126155731238,-0.3264244565614,0.0475430489088,-0.1389500308439,0.2293275626738,-0.1161933438947,0.2524329028904,0.1004350733338,-0.2435519789094
0.4349040079585,0.2184097365817,0.3008110734435,0.2568038869560,0.1588644065066,0.4187886028777,0.2698726365015,0.6299714475019,0.4955044613463,0.2152976084164,0.5687273647837,0.4849365679910,0.5736284222192,0.0581756962587,0.1295542992569,0.5170598676034,0.7801484755076,1.0000000000000,0.0204863978562,0.4654410771065,-0.0355413819393,0.1567631359389,-0.0149913272459,0.5578919041417,0.3301094114614,-0.2140526689060,0.0196841388875,0.0606157550258,-0.3012196099951,-0.4731984334839,0.2915005719029,0.0447641215051,0.3260163450252,-0.4665059344301,-0.1024549792010,-0.0272029850257,-0.0324720905648,-0.1191687782947,0.1676050085782,0.0602639028881,0.0482904416845,0.1918623578906,-0.2264259790981,-0.4720483833827,-0.1365899005090,0.1849367859779,0.1647677550136,0.3548768732757,-0.2581376023211,-0.0986087876951,0.2583655705082,-0.0233415996855,0.3333732747696,0.3342846352096,0.5067644323505,0.1808717848914,0.5022164221895,0.6494263150614,0.6604540587975,0.3921777244507,0.5377776416772,0.5296234643382,0.4814222730849,0.5017012454195,-0.0494747509655,-0.2491082893169,0.2403230532588,0.8756329082119,0.1147665096374,0.6958537884153,0.5530341164732,0.2393307516009,0.6460739364171,0.3587446777677,0.1800516403558,-0.3918929722094,-0.0080462935793,0.1252824253597,-0.2192494924362,0.7801887733635,0.1138889644163,0.3979579069490,-0.2015668944516,-0.4456065289017,-0.2885022384572,0.0176755004504,-0.1252805581446,0.0605575759228,-0.4435919368353,-0.3024387589533,-0.0264093794299,-0.1949919869544,-0.4243471584401,0.2545175011217,0.0705873831032,0.3404462552736,-0.0499763093281,0.3391955249696,0.2580169913113,-0.1387455104536
0.0392874430580,0.0435458009397,0.1157657776620,0.2760904926933,-0.0601705884453,0.0948717863819,0.2974643577875,0.2997509783817,0.3135815264005,0.2144522214373,-0.0217621015786,0.0530171883714,0.0636522668215,0.2474061628261,0.2708855908017,0.4058569033975,0.2749937129874,0.0204863978562,1.0000000000000,0.1653196643381,0.1748060310342,0.0273634763736,-0.1044113482251,0.1953307622947,-0.0800662321082,0.0889820768987,-0.1161164663782,-0.0856204281039,-0.0309604670040,0.0250311867832,0.4403640471820,0.0703909525376,0.1195199828577,0.1087304544875,0.1756427662509,0.5862296097559,0.0911285318230,-0.0032268707323,0.1239313380365,-0.0958578581036,0.0253552340479,-0.1356648668764,0.0922940765442,-0.0002851078603,-0.0383228633500,-0.2057339841962,-0.0873513760553,-0.0427758440495,0.0558005131465,0.1007989510825,-0.0980086895428,-0.0079325136411,0.2256474286693,0.0812329085257,0.0584255516940,0.2563712576647,0.1064609160417,0.1722694287318,0.3064065996683,0.5067265382769,-0.0830719820833,-0.1549542226120,-0.1736151185927,-0.1255491129163,0.1707755226640,0.2814630629645,0.4957089497630,0.0112001984047,0.8178530653625,0.1057688734424,0.0312154807187,-0.3275091142975,0.1745440427683,0.0057493870953,0.4286474939761,-0.1074323031535,-0.2833897356298,-0.1533964499299,-0.0200201945093,0.2266636750636,-0.2204933950832,-0.1970786794428,-0.1039453558961,0.3321929346563,-0.1181666161665,-0.2853250408750,0.1124224394872,0.2900413947169,0.0818838699056,-0.0859264989599,0.0641029614476,-0.2553013204012,-0.0582045910166,-0.3005265157940,-0.3514004255467,-0.0409522191381,0.0465749706436,-0.2996803654477,-0.2457586378144,-0.0575804743473
0.0238232055389,-0.0643738983862,0.0318018953697,0.0069725420779,-0.0587810966349,0.0448284792873,-0.1050181915037,0.5279957787383,0.4855820493710,0.2945461851026,0.2577907084990,0.3906620432864,0.4097365564936,0.0612502277607,0.3136040830399,0.5224705411539,0.4551255849320,0.4654410771065,0.1653196643381,1.0000000000000,0.4754779704782,0.2024202340017,0.2962944804366,0.5170144757299,0.6704987047700,0.2934218140759,0.5420472933092,-0.0065511003697,0.0064230296619,0.1076542913588,0.4405858325846,0.4527065379296,0.6483223927596,-0.0291983685768,0.0213312548341,0.0600107307047,0.1363005277657,0.5830770479455,0.0549579067771,0.2311559510013,0.1735332626449,0.2280630911311,0.3464851546058,0.1812212486856,0.4580029835746,0.1865575546323,0.4476330754453,0.1599234376966,-0.0168668281283,0.3354354097297,-0.0617988414196,-0.2113866102240,-0.1904832980617,-0.0294939265243,0.0966755421619,-0.1015453047889,0.3437183441467,0.4265606153285,0.3088695595411,0.4437748480038,-0.0283769254789,0.1092670661529,0.0946752382528,0.0443153044280,-0.3353627251510,-0.3300362319147,0.4409301588376,0.3585064043794,0.1397436736279,0.7071257034537,0.0280879576624,0.2213114062011,0.4045702617722,0.7299931519479,-0.0210577124519,0.0738601562481,0.3249203627519,-0.1029048768205,-0.2564248245629,0.4947701911700,-0.0633987796294,0.3721906521678,-0.4406967856502,0.0085602712731,0.1700573842555,-0.1381681856786,0.0622781556157,0.0719463804268,-0.4121573113349,0.2883106230176,-0.0683719575223,-0.1607607507380,0.1866302879841,0.0081762854459,-0.3274115471060,0.1096264495967,-0.1841419319560,-0.0003950336986,-0.2071406584336,-0.1443914698299
-0.2454371561525,-0.4459184443121,-0.2373724944775,0.0066448234219,0.0502937430313,-0.1496618181475,-0.2310003130621,0.1021181463729,0.1379450036724,0.3740691151770,0.1517217857684,0.3158310968361,0.1615140907171,0.2716719216840,0.5755175028365,0.3430761577553,0.1494682600680,-0.0355413819393,0.1748060310342,0.4754779704782,1.0000000000000,0.2324360641783,0.4834603411135,0.2984887228572,0.1054338433161,0.6393780845449,0.5422547607848,-0.2936961403327,0.1980080820501,0.3616876297106,0.4376340321742,0.6885807461497,0.6432480315546,0.5227823392367,0.1372904714761,0.1778280509387,0.1961462939717,0.5729885331853,-0.0089070476343,0.2036383252011,0.1651599840328,0.1551863382567,0.7185846393222,0.3870072944166,0.5807282336645,-0.1423101300446,0.2150602533845,0.0073485880873,0.3552131866491,0.6855780067404,-0.2073073399719,-0.4394339350303,-0.2979615188306,-0.2487886730136,-0.1319991884827,-0.1741552772867,0.0970097873845,-0.0123867556965,-0.1035496010668,0.1467009117239,-0.3460441771452,-0.0043487598577,-0.1883364068379,-0.3093687234811,-0.2410929768557,0.0308088313966,0.2672304833351,-0.1946348044732,-0.0174052895817,0.0967019809313,-0.0850789523364,0.0806748491392,-0.0276142596859,0.2706284140324,0.0215100902848,0.5977470294092,0.2650513185235,-0.4236928716319,-0.1657194820313,0.1196289640802,-0.1247468419602,0.2474885986213,-0.4492278076830,0.4205594989665,0.5654015381697,-0.3477842651699,0.1919553524359,0.0717545047542,-0.0060043467244,0.4651872946100,-0.0255637727779,0.0473487672266,0.3726471983223,-0.4557327684588,-0.6126094068083,-0.1099859799969,-0.2532418434055,-0.2481754461468,-0.4813077338086,0.1248029081574
0.0131593294272,-0.0278469159574,0.0838062596849,-0.0560154166715,-0.2673698745056,0.0713571576280,0.0017569692984,0.0990694405386,0.2154457089407,0.6707187995985,0.1635496848782,0.3264116428154,0.1875386801127,0.0410536848461,0.0503696554484,0.0580020724436,0.1390803905537,0.1567631359389,0.0273634763736,0.2024202340017,0.2324360641783,1.0000000000000,0.2728647835740,0.3964088018342,0.0863672683729,-0.0551978583540,0.2279695956406,-0.0190515709745,0.1773059548394,0.0295512685363,0.2133422812374,0.0934836931852,0.1952457477632,-0.1116576919944,0.1868467382046,0.1211152576421,0.3390723574044,0.0328457623446,0.1464754516048,0.1024157642858,0.0977923495901,-0.0842298726074,-0.0206550946348,-0.1227971483402,-0.0862500274489,0.4504528306620,0.2712412714075,-0.0003750886379,0.0697166531325,0.0719508192624,-0.0375520392926,0.0516237484196,-0.1929278886038,0.0164923885546,-0.0292984419574,-0.0839084340899,0.0856034839551,0.0804330328957,0.1315702505778,0.1859030666400,0.3268495967068,0.0957392819844,0.3757806013854,0.0312927466941,-0.0471644806463,-0.1835852691206,0.0909355504980,0.0784195420873,0.0674022785305,0.1129426768927,0.0708082896170,0.5583039251152,0.3558119484317,0.3199097125801,0.0263572557973,0.0234636537537,0.1225524976467,-0.0987292558970,-0.1182974636321,0.1519785680014,0.0697702886385,0.1770376910418,-0.2914249733865,-0.0840486314057,0.0003404206293,0.0674958556433,0.3837824395378,0.2506146854082,-0.2116416411546,-0.0389531274768,0.1929621889057,-0.0956897158249,-0.1255736449397,0.1241560556350,0.0239266820460,0.1407255490547,0.0593038671240,0.2053199686531,0.0037959867846,0.0982025852334
-0.2739236720321,-0.3692080781800,-0.2852879237422,-0.2100176245500,-0.1428933212087,-0.2963401745809,-0.4271600245392,-0.1671752664692,-0.0093003560255,0.1601744228861,0.2671150494249,0.5375140797431,-0.0458808077577,-0.1569647085770,0.2195127190793,0.0676353262260,-0.0557884121991,-0.0149913272459,-0.1044113482251,0.2962944804366,0.4834603411135,0.2728647835740,1.0000000000000,0.1663027485225,0.1511071574389,0.2658007879372,0.5254533509347,-0.2122895661950,0.1381715438966,-0.0342358847906,0.0894761707941,0.5908068327911,0.4293124018365,0.3614291112326,-0.0225705024937,-0.1721318734268,0.0591678968398,0.2638882301366,-0.1084931504371,0.2259647460204,-0.1032110557315,0.1767513323750,0.3399432812230,0.1523275337862,0.2109585431587,0.0014712700316,0.2316976923205,-0.0657547666168,0.0179793916267,0.4132103593313,-0.1885477337427,-0.2907631227463,-0.2655073646816,-0.3797030489259,-0.3016439787041,-0.3739513657531,-0.1909212751597,-0.2103507031420,-0.3318788219386,-0.1471174479980,-0.1887899659880,0.0364029077027,0.2581570688463,-0.2067232176728,-0.3574066504306,0.1259967515024,-0.0621022098616,-0.0906064313969,-0.2512111519673,0.1431569773570,-0.0629698634911,0.5172377400791,0.0208490264652,0.1891294480932,-0.1543768338008,0.3397028146447,0.4974781006903,-0.2453273773446,-0.1723854340638,0.0438719770595,0.3121203096223,0.4598915602385,-0.3589861616225,0.1841197404807,0.2179909947439,-0.0180576697643,0.0899481967287,-0.2171693531719,0.1616497045807,0.2096035023209,-0.0315241865145,0.1948664087875,0.2830350306676,-0.1600449406922,-0.1352664994142,-0.0460450836869,-0.2163304248365,-0.1617546186419,-0.1333895187008,0.4006435991646
0.2127261772181,-0.0116180843717,0.1492983911615,0.1776907072582,-0.0092825948391,0.2895896204046,0.1705812809075,0.3756972069161,0.6351332894293,0.4175563460075,0.4012088904287,0.3244368609326,0.3567020840100,0.0206075432759,0.3416774515192,0.4091880587761,0.4421095223722,0.5578919041417,0.1953307622947,0.5170144757299,0.2984887228572,0.3964088018342,0.1663027485225,1.0000000000000,0.3209337550534,0.1159744259057,0.3515721533643,-0.0569275394076,-0.1416845199759,-0.1601439547586,0.5011619138097,0.2208434243779,0.3015717352537,-0.1526582478407,0.1813860661234,0.2469329531918,0.4359675995589,0.1540959561200,0.4151699227747,0.1595038028211,0.0656886970194,0.0854152657134,0.1240669948576,-0.1444577813392,0.0368420706255,0.2336664386426,0.1983794536884,0.3431659766359,-0.0497006300472,0.1962572570185,0.0369027295822,-0.1399135046420,0.0414933901349,0.1757576573394,0.2998872763663,0.1472085500331,0.2700053279816,0.3015601395118,0.3701697005478,0.4990093166522,0.1882567687977,0.2592107934594,0.1768327935668,0.0681351339385,-0.2503937398603,-0.0502403103565,0.2288547488464,0.3984595485364,0.1977628987712,0.4842509747667,0.1063306952710,0.2835619199272,0.8404066998492,0.4669846292574,0.0705616973655,-0.0305134788705,0.2352710292043,-0.0994724540459,-0.3134244286885,0.5691320409198,-0.0798043559343,0.1848762787234,-0.4693720931523,-0.0642393540007,-0.0252278088664,-0.1496562735903,0.3742254719275,0.3313702539951,-0.2641033383143,-0.0312726320608,0.2742366383204,-0.1553913850500,-0.1625942132399,-0.0024298836365,-0.2203871392090,0.4352214207487,-0.1353256519881,-0.0659681587610,-0.0625627236946,0.0370130212291
