1.0000000000000,0.4713947450573,0.5813423001807,0.2728697283794,0.6311182187629,0.3971429327434,0.2573528525820,-0.0968168594920,-0.0338423424847,0.2045689582607,0.1267693710222,0.1667567403808,-0.0030446491220,0.4633006811178,0.2411304104679,0.0201866704367,0.0176623038043,-0.0271900844237,0.0024206891920,0.0146956356525,0.1564760266796,-0.0757779070830,0.2015495657711,0.2891849878994,-0.0878062866756,0.1080603880904,0.0324604202861,0.2388804936660,0.0690386220853,-0.0611560219720,0.0106840850329,0.0050138274477,-0.0703627996958,0.0867459769590,0.0013991671947,0.2376163565891,0.1371433908252,-0.1046112007263,-0.0825626567196,0.1162055290613,0.1074920274134,0.0243143188741,-0.0634054779999,-0.0809973427946,-0.1922157091277,-0.0440724600606,-0.0215920292494,0.0635386036759,0.1309604785530,0.0313439779026,0.7091526033067,0.3422156477630,0.3331943661259,0.2950867184942,0.2696368367532,0.2300719085417,-0.0137984483146,-0.0133336352056,-0.0496511448582,-0.0119778512324,0.0194623161291,0.2227219975666,0.1906230913886,-0.0348542919696,0.5535714222576,0.1197705397931,0.1004283595068,-0.0883787847641,0.0664892565888,0.1040876357649,0.0702871281049,0.2317375090687,0.1533114215781,0.0199281457349,0.0494745924913,0.0343783054855,0.0035371463703,0.3169582380330,0.0774160595159,0.0967396482807,0.0587403797197,-0.0030155419064,0.0271067241742,-0.0337554694732,-0.2025786086236,0.3090057643807,0.1244669750504,0.1474255339706,-0.0722123056291,-0.1284466299490,0.0788816561802,0.1786066169396,-0.0451064207174,0.0406458180098,-0.2109014398573,0.0190583785217,0.1281661321414,0.0030430117478,0.2280052603000,0.1179719886546
0.4713947450573,1.0000000000000,0.5490760912943,0.0140228567757,0.3894935367783,0.2323709821286,0.0990511156080,-0.1309137973189,-0.2323569204150,0.2941339961123,0.1997638508321,0.1826287949560,-0.0173740348209,0.5904289890443,0.2250249455156,-0.0945727486589,0.0284268262234,-0.1201708793122,-0.1859685859344,-0.1700148113031,0.0180362533108,0.1699650701624,0.1270303322663,0.0329719226506,-0.2373995015696,0.0190847948985,-0.1143357830919,0.2451634979693,0.2290040085487,0.4796196469417,0.1029813391604,-0.1122939256507,-0.0797113492727,0.1754801999104,-0.0212874153103,-0.0149240591227,0.0622797893358,-0.1098282859867,0.0397338201120,0.1801978504406,0.3763581736105,0.3335703467868,0.1089236243061,0.1622078580558,0.1334858818498,0.1076920883687,0.0377751028458,0.0884645204998,0.4121702340900,0.2047919854201,0.2039210507783,0.5010411956615,0.1425138093512,0.4199264230401,0.1753920025251,0.2004333270659,-0.2423354105753,-0.2009236969683,-0.2841432648004,-0.2176240699241,0.2226687122591,0.0224040356778,-0.0488385671095,-0.1197394652102,0.3279647985800,0.0154360985602,0.1222991367957,-0.2657818617067,-0.0879718063684,-0.2567984348536,-0.1556329258976,0.1419358922211,-0.1189844589515,-0.2577340923115,-0.2025877785221,-0.1035731483574,-0.0446540044138,0.3313121510573,0.3385415901806,0.0347794579433,-0.0215694180108,-0.1837918741685,0.4323505513556,0.2174667927947,-0.0476669261812,0.1600890225477,0.1083274778498,0.0935312330055,0.0087350565884,-0.0863570628170,0.1354572176314,0.2115234477044,0.1183488477571,-0.0094331623057,-0.0854938425192,-0.0402925033901,0.4581572451849,0.0100625407962,0.1958376774419,-0.0072496659897
0.5813423001807,0.5490760912943,1.0000000000000,0.0676178274167,0.3647423728254,0.5640579376448,0.1898686315620,-0.2307738579385,-0.1936802424417,-0.0019779323688,0.2133170804447,0.0557334182268,-0.0724092252321,0.4151372847232,0.0450260394982,-0.0711108722235,-0.0340569186470,-0.1399966770482,-0.2059823907414,-0.2023348916922,-0.1049468773245,0.0331258298498,0.0496038485301,-0.0666125345382,-0.2524693875751,0.0177537135869,0.0208860995758,0.2619044605920,0.0478256136980,0.2265038825553,0.0239045892813,-0.0732983256311,-0.0164337462400,0.1290082495835,0.0081681257820,-0.0323487472539,0.0616937312823,-0.0438778730579,0.2494785207745,0.2022713743740,0.2183720482115,0.3070090514488,0.0969497421080,0.0269644818572,0.1342633775522,0.1559538570519,0.0381904784644,0.2419997174203,0.1607629922223,0.1342842963637,0.4412198065772,0.4823221655954,0.1061127780480,0.2634716112906,0.1759441407991,0.0546834207224,-0.1168944804886,-0.2097421725476,-0.1807636074247,-0.1392295302146,0.0456916433033,0.1666023404795,0.0502998989221,-0.1172671953044,0.2988719830452,-0.0841374937932,-0.0781132179950,-0.1936822006880,-0.2159660543820,-0.2305042521925,-0.1943299738856,0.1673983787838,-0.1821703196403,-0.2629103845969,-0.1658123625465,-0.2574913015005,0.0068818553293,0.2443551046089,0.2384403886931,-0.0141837985807,-0.0768957891234,-0.2748568245919,0.1378658316647,0.0555728866747,-0.0190156978832,0.1374748057009,0.1115593361078,-0.0544915640611,-0.0383329215430,-0.1136408759003,0.2065264225482,0.1600721971340,-0.1023739350480,0.1394772680570,-0.1892314822822,0.2378905566921,0.2373080477215,-0.2756200335110,0.4157952974577,0.0526002886838
0.2728697283794,0.0140228567757,0.0676178274167,1.0000000000000,0.1459819453408,0.4440558140265,0.8176693381112,0.2955415326118,0.3290249676917,0.2674213858438,0.1602142599733,0.0644697271731,0.2532110338997,0.2541965212132,0.7008507791953,0.6674655280973,0.3884813087053,0.0266436735085,0.4687044125742,0.5222071945776,0.4908647710944,0.1440600423947,0.1836549519728,0.5280244111638,0.3999591416262,0.3833161743597,0.3273102474606,0.2540256526251,-0.1572000640031,-0.0853415876416,0.4943689780241,0.3726427231032,0.3971273714683,0.4070761812240,0.5466287380450,0.5215459745195,0.1050251326398,0.3046674718850,0.1080281448706,0.1607780247605,0.1505767341492,0.3071025093971,0.5173005915829,0.2224581390265,0.1242364721242,0.2263012397294,0.2025518177476,0.2091390577049,0.1054095230884,0.2209748592643,0.1650049256628,-0.0874045692201,0.8075512668840,0.3449700297980,0.4502699311632,0.6296604709273,0.2933050133669,0.2786842859145,0.1542763719549,0.4404378014011,-0.0653397742820,0.1621827609135,-0.0653823378995,-0.0863788238893,0.1259582046751,0.3861408206122,0.6490394088551,-0.1268379801399,0.4813442903477,0.4836340723098,-0.0845423471110,0.1921023036126,0.1990609446261,0.4201730571721,0.1580104496656,0.0367623655671,0.2748750969774,0.1380450871679,-0.2159624292328,0.4167942106041,0.3509815942176,0.2749705402166,-0.2605147644326,0.2707145777752,0.0346674072901,0.1097774009597,0.0565953878223,0.4971439680287,0.0842660102006,0.2424793959731,0.1693464964295,-0.0883581225533,0.3478595671180,-0.0648269333346,0.0189835277223,0.1249708860250,-0.1896530107970,-0.0560868079990,0.0257954774115,0.0853571818907
0.6311182187629,0.3894935367783,0.3647423728254,0.1459819453408,1.0000000000000,0.4991311465519,0.1977546534767,-0.1238205659026,0.1023986329506,-0.0150555623715,0.2763399483618,0.4700527412065,0.0089627725538,0.3753143340413,0.2387903821657,-0.0519285894838,-0.0473610064957,0.0565222883361,0.0046897397760,0.0490252468946,0.2999802199320,-0.1264877210470,0.2775303320536,0.1786367297622,-0.0203934215512,0.1427803420355,-0.0026679751774,0.1890111490815,0.1110102327521,0.0636087404180,0.0006743802299,0.0579566377074,-0.0216131987722,-0.0555117044724,-0.0707895521755,0.1572531450731,-0.1071327724716,-0.1991407673551,-0.1610168154130,0.0074058824446,0.2692077319675,-0.0489605497418,-0.1122314960643,-0.1098593522090,-0.2949373800008,0.0888168418327,-0.0589772653835,0.3369330862667,0.4908087093111,-0.0433363173492,0.5711028137040,0.4492311729688,0.3462990379858,0.4443212985664,0.6011314424486,0.1139466985126,-0.2115444683340,-0.0883931842538,-0.0606971713412,0.1153193107522,-0.1328080120978,0.2964595364255,0.2080149348259,0.0658813005875,0.2133711788358,0.2501912594934,0.0637245950283,0.0495960192379,0.0502412194091,0.1280202530774,0.1329741043247,0.1741477711299,0.1223963370552,0.0009953909160,0.0152052082210,0.0409996094204,0.0205429227323,0.1906700088546,0.0261883195650,0.0475737289466,-0.1305599920437,0.1177404565130,0.2042937277836,-0.0958158943085,-0.2921532207371,0.1521467621262,-0.1716165013965,0.1823974458803,0.0092886127664,-0.2266312225775,-0.0789477603302,0.1788379941679,-0.0861155516958,0.1520073853783,-0.2280437537936,0.2021407939991,0.3801237451230,0.2886912506901,0.1168219166172,0.0712262697900
0.3971429327434,0.2323709821286,0.5640579376448,0.4440558140265,0.4991311465519,1.0000000000000,0.6008297012056,0.0384787671396,0.2111836642480,0.1157642177704,0.3802518488803,0.2019851335320,0.2452748777857,0.3132968152095,0.3575471148835,0.3207255286040,0.2129134039456,0.1284465327937,0.2140271490753,0.1868092663524,0.2695212707645,0.2257398484680,0.1465998503896,0.2671632588655,0.0619053232831,0.3064952449913,0.2453875618485,0.2471042356645,0.0398264857175,0.1048639642815,0.3278530381441,0.3020668253393,0.3189130570036,0.1507465837763,0.3620393320040,0.2739616814677,0.0214091690522,0.1647489864136,0.3437557440310,0.2082474244297,0.3213317263638,0.3297713074115,0.2474265876981,0.0805130006432,0.1018693937118,0.3296246640911,0.1636992269593,0.6092867548400,0.3820411709697,0.1215459279154,0.2850378053475,0.1383077175945,0.5072853141184,0.5963076641891,0.7176649243409,0.2632210047204,0.0991919191726,-0.0254394673642,0.0095025375063,0.2758532443393,0.0855370543326,0.3202916995320,0.0667000881114,0.0508308308957,0.0169623972021,0.2119827183807,0.2209103433878,-0.0374396789066,0.1580002039245,0.1681314842609,-0.1242894893016,0.2177798151680,0.1452230448777,0.1020782575154,-0.0192754654903,-0.0541374738109,0.2202318516780,0.1018695390701,0.0363313271789,0.2872248272059,0.1770195315683,0.1454709310956,0.0180425618456,0.0974935535558,0.0583142295965,0.1145934424057,0.0624436188374,0.3481615816289,0.0319860874264,0.0888577400442,0.3669101253188,0.1552627406304,0.0417284276495,0.1860402134527,-0.0991278583934,0.5509851243138,0.2304757227317,-0.0110239043787,0.2367144508394,0.1230907455679
0.2573528525820,0.0990511156080,0.1898686315620,0.8176693381112,0.1977546534767,0.6008297012056,1.0000000000000,0.1535161647177,0.2742347505304,0.2662796488128,0.2615091886254,0.1234909274017,0.3109876179295,0.3064747280620,0.5829358720863,0.6422059833960,0.4409357752606,0.0100442226924,0.4038929293460,0.4249755478257,0.4801641707894,0.2811049533589,0.1747176690631,0.4543053484880,0.2700320368547,0.4306307493469,0.3457329228338,0.2516700103299,-0.0559412780203,0.0298156513574,0.4903932229911,0.4081820767752,0.4454673495417,0.3458797927247,0.5827648864048,0.6144882769320,0.0706632342618,0.2437470552106,0.2550521012819,0.1883546213349,0.2492578342881,0.3901123185735,0.4838969632934,0.2383152300684,0.1524747926684,0.3094911786505,0.2522861057912,0.2942957276027,0.1928364376950,0.2516307400188,0.1202264423352,-0.0921075593158,0.7441675849625,0.3252532208133,0.6041399441058,0.5063765996637,0.2657115197228,0.1448542673450,0.0650842206995,0.3686876989341,0.1216100679190,0.2016629442560,0.0108635636175,0.0152197781711,0.1031433777651,0.3500430285267,0.6181906052392,-0.1004058730226,0.4022869818112,0.3637169287462,-0.0021326346826,0.2455084827929,0.2040204460033,0.3875922980799,0.2746823225012,-0.0322390817832,0.3475165436956,0.1057363645557,-0.0830363646963,0.4649817026753,0.3550550596900,0.3227328619076,-0.0918273393240,0.3663184812667,0.1333783114853,0.1994297040168,0.0903219619930,0.5217690658418,0.1953873027783,0.2470361075465,0.2847928820400,-0.0397820770922,0.3503692073073,0.0673846762195,0.0064833690960,0.2405064715344,0.0203016376418,-0.0242291933224,0.2025992238948,0.2597567505939
-0.0968168594920,-0.1309137973189,-0.2307738579385,0.2955415326118,-0.1238205659026,0.0384787671396,0.1535161647177,1.0000000000000,0.6660304198013,0.4007808309626,0.2658198026380,0.2433155998316,0.4945728607527,0.0475270080774,0.3743337190919,0.5383816409033,0.5468079262368,0.5858428259658,0.7196146271541,0.7125060862524,0.4004793262885,0.1928056602432,0.2665057140040,0.4543616307142,0.6735492851931,0.3831935747093,0.3934566633660,0.0551583866171,-0.0350769023964,0.0524404951969,0.4532822771011,0.4628776936822,0.4139977835558,0.2280326083723,0.3443992941143,0.2224674515172,0.1586492268517,0.5364313576858,0.0376583441453,0.1288014756604,0.0852946904998,0.1857649907958,0.2650490505532,0.3389043200022,0.2831734499448,0.1193714583609,0.3177235449369,0.0056964782814,0.0074615632653,0.1875259889734,-0.1281939268957,-0.2187523625292,0.1156382321667,0.1597790938015,0.0213721726501,0.1015410281489,0.5495228468662,0.6063380578035,0.6512795165073,0.5975828237035,0.0484596037335,0.1162644239951,0.1157908742067,0.1869015470444,-0.0220019252003,-0.0470254621460,0.2408069281160,0.2827341078408,0.5964829574864,0.5598011296853,-0.1011984279313,0.1255712371146,0.3951417784292,0.6346853613708,-0.0977693782174,0.1526811097442,0.3538790546434,-0.1184637244868,-0.1679260874593,0.2892401202456,0.2261128449849,0.3755552706312,-0.2153792401167,-0.0597090574191,0.2750514573268,-0.0707504902112,0.1249130870091,0.2560166048039,-0.1781273138937,0.4096740263841,0.0491496011651,-0.1124990271066,0.3569317334418,-0.0710843579244,0.1982411156167,-0.1186212634943,-0.2333798886395,0.0299143262670,-0.2507743920063,-0.2673563464105
-0.0338423424847,-0.2323569204150,-0.1936802424417,0.3290249676917,0.1023986329506,0.2111836642480,0.2742347505304,0.6660304198013,1.0000000000000,0.1713338019855,0.4244357777046,0.3558320052665,0.4035956189176,-0.0352582089840,0.2869659132157,0.4890632861332,0.3503663598177,0.5453203786710,0.7674941048992,0.6721065673491,0.4182332091341,0.1153037275965,0.2760405488025,0.4976564063682,0.6489216448928,0.4213027124991,0.4430485995131,0.0976720714590,-0.1730256902713,-0.1293707221357,0.3626043427874,0.5205594510342,0.4635116271791,0.1704603687920,0.2621029518451,0.3733007923361,0.1259712251512,0.4574815432814,0.1469727456333,0.1126352989810,0.1288418273859,0.1570228306705,0.2507738127875,0.2412987089663,0.1250838805790,0.1965986429843,0.3470783616270,0.1884979852643,0.0192819801410,0.1981818266457,-0.0276341849889,-0.1964671375214,0.1933178809367,0.1042769805267,0.2183593927770,0.1089132765446,0.4603947168069,0.5082300677737,0.5782105302283,0.9066597665190,0.0237333686555,0.3710738569194,0.2095322727554,0.2605928941594,-0.2314167454993,0.1080534866070,0.1807857056470,0.2903697376400,0.5773279312863,0.7060363225648,0.0363445358214,0.1751494759215,0.5690917933540,0.6223967004347,0.2248760694541,0.1860619465201,0.4442560617916,-0.0908235754854,-0.3299379717234,0.3049775447382,0.2255017147114,0.3922509619056,-0.3086115170784,-0.0217721713990,0.1792203608638,-0.0051380795004,0.0653172207524,0.2384557266923,0.1016596150005,0.3655233278898,0.0810518784574,-0.0332997149321,0.2205659268149,0.0067704813708,-0.0291249088269,0.0734670641753,-0.2608148031192,0.0810906103473,0.0146125621611,0.0267733416694
0.2045689582607,0.2941339961123,-0.0019779323688,0.2674213858438,-0.0150555623715,0.1157642177704,0.2662796488128,0.4007808309626,0.1713338019855,1.0000000000000,0.3040996922029,0.3039538141743,0.3503422798714,0.4234287256976,0.5300813609764,0.3783849666049,0.3741388943455,0.2337002856900,0.3356630091970,0.3756359569649,0.3551325409424,0.4418228557969,0.5084031629273,0.5638355470039,0.2196365448569,0.2695587508969,0.2469358872525,0.2329095674319,0.3971299399895,0.2581303889650,0.4965252320867,0.3469148024310,0.1621597831106,0.2733028224754,0.3074884934090,0.3391923792776,0.5124207852098,0.4015080936444,0.0723257837346,0.2331654946232,0.1914427286154,0.4074202862732,0.3207581239226,0.3239036821410,0.2474664843115,-0.0421074809703,0.3535574682247,0.0116033038091,0.1136666278101,0.4629154201857,0.0129609496198,-0.2777597237132,0.1770506025851,0.2498431408982,0.0738384588455,0.2048963744671,0.3284617558071,0.2774349106394,0.1473228503869,0.1486066946835,0.4339223876271,0.2847029083173,0.3176176643208,0.0431521594082,0.3293352889280,0.2087701557134,0.3391700837112,-0.0494453772287,0.3459104189406,0.2768503493342,-0.0484782959978,0.4104705161594,0.4105931264279,0.3628152062466,-0.0471725460857,0.0845825463839,0.1298546593825,0.2692162218341,0.3008719798645,0.3006399092277,0.4727792802707,0.2370945956495,-0.0135689307162,0.2701409262163,0.0831534890810,0.1321953309420,0.5257858567359,0.3416281699579,-0.0724515969125,0.3158897053998,0.2748132093856,0.0631586829960,0.4284206287305,-0.1815603134101,0.0558660770045,-0.1205073165017,0.0579085288633,0.0481084680364,-0.0126193251680,0.0742578132632
0.1267693710222,0.1997638508321,0.2133170804447,0.1602142599733,0.2763399483618,0.3802518488803,0.2615091886254,0.2658198026380,0.4244357777046,0.3040996922029,1.0000000000000,0.5938176214836,0.4175925962121,0.3140352002299,0.2544906911022,0.2084144805276,0.3921259970925,0.2439071089393,0.3299788030607,0.2295531671062,0.4020917558127,0.3335694233657,0.3091530138219,0.3281399841072,0.1706835623146,0.3137514234211,0.3216798863972,0.2823128491439,0.0721801971774,0.2138585033710,0.3226582673860,0.2943332958143,0.2869370582749,0.1881875864343,0.1194435665840,0.1749669100163,0.1328576427234,0.1885096625281,0.2450565458854,0.2747558875956,0.3366168917842,0.4393286727741,0.2730930571105,0.2644836681713,0.1748459015255,0.2376182944096,0.2544610138501,0.4462529855902,0.3152572016964,0.2868907569815,0.0442399882518,-0.0338850586447,0.1188370818330,0.2672539703795,0.3372878828805,0.1460470347366,0.1702694783560,0.1616529070737,0.1262034970065,0.4222636780266,0.2046098415881,0.5783610313941,0.2737471000554,0.2793209816532,-0.0275123698690,0.0698357939581,0.1322765556990,0.0957243203052,0.2185512934967,0.1857750248900,0.0604507156534,0.3298986822470,0.2221995491258,0.1754452405261,-0.0543631557157,-0.0046629476320,0.3149680525720,0.2274508175520,0.1090463906749,0.2288152314578,0.0928352539314,0.1749938395392,0.0711038269695,0.0727306087176,-0.0239550515221,0.0519618568400,0.1136912988736,0.1490312360598,0.0108930524014,0.1042242208773,0.2295820324832,0.1326101416702,0.2037748282078,0.0355841866412,-0.2033599371282,0.2976907153766,0.2527313910894,0.0141704715687,0.2090074910408,0.0025998680114
0.1667567403808,0.1826287949560,0.0557334182268,0.0644697271731,0.4700527412065,0.2019851335320,0.1234909274017,0.2433155998316,0.3558320052665,0.3039538141743,0.5938176214836,1.0000000000000,0.3800661517417,0.3195818869843,0.2669752344190,0.0919233463714,0.1954528825931,0.1782223436306,0.2636431933482,0.3108913004490,0.4787860530370,0.1073515568137,0.6689993528335,0.3351031388210,0.2947830258212,0.3275556302074,0.1998029032711,0.2520162086175,0.1160397428264,0.1525043206304,0.2084468134642,0.2870321742348,0.1365480563817,0.0688701005169,0.0112851529490,0.2130674601281,0.1681871865673,0.0536701230266,-0.1388575572909,0.0668730791350,0.2372694860732,0.1526831851130,0.0309137992987,0.2059126473105,-0.0670485123429,0.1098777751625,0.1757865974173,0.2205852735173,0.3028832121964,0.1905698895039,0.1500068793839,0.1115876074715,0.1085462544798,0.2695352818403,0.3120003549324,0.0093996092333,0.0764660134034,0.1462565588780,0.1204295911037,0.3245879183506,0.0184182780570,0.5852811310216,0.6646648672339,0.4063862271375,0.0889923379230,0.0687327501470,0.0496749587033,0.1413247244959,0.2382840136970,0.2999657038296,0.2506769170648,0.4890103349064,0.3096812571812,0.3259095639886,-0.0391165750272,0.1328543367707,0.1672434791018,0.1705377793753,0.0973871186525,0.0636105622891,-0.0555829368606,0.3383889093973,0.1206027751608,-0.1132460344366,-0.1392075726195,0.1234224261088,0.0477829523845,0.1459556282747,-0.0859558879307,-0.0701419170978,-0.0627708167973,0.0375065297976,0.1870856892307,-0.0109017453235,-0.1289383373854,0.0170970933904,0.2808689409454,0.1664558092523,0.0825027573230,-0.0200355139263
-0.0030446491220,-0.0173740348209,-0.0724092252321,0.2532110338997,0.0089627725538,0.2452748777857,0.3109876179295,0.4945728607527,0.4035956189176,0.3503422798714,0.4175925962121,0.3800661517417,1.0000000000000,0.1311706344772,0.2678526604879,0.3443247748328,0.4763258709495,0.1975437496753,0.3814746615260,0.3675359597560,0.3757635932651,0.3197393581122,0.2628915559845,0.2772116321068,0.4349369558194,0.4321234855600,0.3916774204499,0.1626637789274,0.0067056592808,0.0116383496612,0.4118542635942,0.5212282529563,0.4906418692051,0.2965807954670,0.3447278978049,0.2166795670849,0.0172932391330,0.3992482140248,0.1303160573438,0.1811305711323,0.2059442192949,0.3409455684881,0.3007091554185,0.3778732515477,0.3068668492942,0.2999825375296,0.4258261957606,0.1710331160822,0.0630501009254,0.2188453229135,-0.1766457945023,-0.2333620919179,0.1933126081192,0.2710886583707,0.2485977990925,0.2481275842037,0.5180633021769,0.2156701404562,0.2011114407868,0.4343292389437,0.2383888583536,0.2096665700371,0.3593057842553,0.7434205615468,-0.1083330706457,-0.0699060195032,0.2736440640996,0.0712115786164,0.3187888019879,0.2610714275874,-0.0217971388424,0.2781199151696,0.2185862881550,0.4522285194900,-0.0423284305431,0.1252974012918,0.3648986003721,-0.0024479586778,-0.1145300974027,0.2694128740994,0.3061367627688,0.5210789355620,-0.0780341990857,0.0871017323909,0.2754667128152,0.1958112871828,0.0217191951835,0.3047148600983,-0.1074262398708,0.2748426234811,0.1568803506919,-0.0232794174377,0.3575298849907,0.0101214659872,0.2110868826801,0.0804071621574,-0.0710716160485,0.0607133102637,-0.0546465840650,-0.1448532815009
0.4633006811178,0.5904289890443,0.4151372847232,0.2541965212132,0.3753143340413,0.3132968152095,0.3064747280620,0.0475270080774,-0.0352582089840,0.4234287256976,0.3140352002299,0.3195818869843,0.1311706344772,1.0000000000000,0.4836402598396,0.2425570343381,0.3487815511878,-0.0666497988048,0.1307853370170,0.1650110667755,0.5230582869500,0.3589416649883,0.3229729979633,0.2863899946066,0.0178779838194,0.2548822219223,-0.0368069224288,0.2223581642062,0.2229723155153,0.3563168787452,0.3398495725762,0.2265085099122,0.1425661424828,0.1875185389280,0.2070453712990,0.3859579156093,-0.0048665737793,0.0098177485066,-0.1944226765088,0.0610684412150,0.2685827006013,0.3652905788287,0.1623998442368,0.1384517407983,0.0028757742817,0.1150147032756,0.1138247461389,0.1620845508047,0.4516953344892,0.0952343930980,0.1606991862898,0.1111833342934,0.3198851052737,0.4308164360816,0.3097029035222,0.3053731184956,-0.0609839602639,0.0472135446109,-0.1004999521261,0.0640862392038,0.2510730577537,0.3035296200741,0.1756763556246,-0.0623320462032,0.5248330555713,0.1353939554039,0.3881039858396,-0.1767675158897,0.2553911381059,0.0906049233856,0.0891062756850,0.4408282049906,-0.0014240551779,0.1472698356535,-0.0428841887445,0.1344923576722,-0.0179953667562,0.3135205519116,0.3519728066859,0.2734713444426,0.2661277380011,0.1743780357329,0.1420270013272,0.1650095773436,-0.1038884444066,0.1932140977249,-0.0212153735434,0.3518805139506,-0.2569955642125,-0.0162220201080,-0.0137002089581,-0.1010221012049,0.2058833373361,-0.1913512662056,-0.0967733940726,-0.0249956772793,0.3991323852350,-0.0799543095785,0.1767061954182,-0.0230001847068
0.2411304104679,0.2250249455156,0.0450260394982,0.7008507791953,0.2387903821657,0.3575471148835,0.5829358720863,0.3743337190919,0.2869659132157,0.5300813609764,0.2544906911022,0.2669752344190,0.2678526604879,0.4836402598396,1.0000000000000,0.5611643677735,0.4135952510576,0.0359012072608,0.4914892272598,0.4907786671206,0.6072895280767,0.2167175210436,0.2930671630659,0.5180497047450,0.3552500930252,0.3668125250432,0.1533649055560,0.2878490403330,0.1998395187215,0.2734097410587,0.5555940361162,0.3961125363105,0.2744634154729,0.2435571169593,0.3468029968339,0.4888574287118,0.1052504268222,0.4085952137062,0.1011783459797,0.1495370214277,0.2898325342703,0.3326721218632,0.5102973423224,0.3218740799878,0.1345180065729,0.1028715940859,0.2058110877336,0.3297872489278,0.3901422422889,0.4017150409798,0.1170608457471,-0.0337994067561,0.6127899284658,0.4456701137578,0.4889869564376,0.3472736155748,0.1881053826824,0.2619584195866,0.1502930920864,0.3270469707786,0.0144432498191,0.2388422939746,0.0109611151860,-0.1015456106264,0.2165313171389,0.5837267685324,0.5294024339101,-0.1097964012249,0.4569086022913,0.3794229641597,-0.0668181898446,0.1598687505554,0.2445671985882,0.3859437463196,-0.0701176969765,0.0405630448326,0.0477152421508,0.2623108741378,0.0943357500939,0.3146250897408,0.2993796321891,0.2445036428439,0.0026791700729,0.2438940360061,0.0076127539572,-0.0913526936577,0.0313233718724,0.4612553014405,0.0709655361143,0.2902432331493,0.1812852911439,-0.0714976286280,0.3840784733511,-0.1344700889483,-0.0455495746382,0.1711955132855,0.1142077205463,0.1489762610693,-0.0707936262295,-0.0251336120019
0.0201866704367,-0.0945727486589,-0.0711108722235,0.6674655280973,-0.0519285894838,0.3207255286040,0.6422059833960,0.5383816409033,0.4890632861332,0.3783849666049,0.2084144805276,0.0919233463714,0.3443247748328,0.2425570343381,0.5611643677735,1.0000000000000,0.5861656825212,0.3745405991595,0.7005076400338,0.7997683051078,0.5446189906721,0.2681058534111,0.3471190816650,0.5956773796792,0.5905768952562,0.4691374384437,0.4761384835533,0.1270108190298,0.0032366650698,0.0573858613735,0.7732261197779,0.6158443651464,0.6277326169757,0.3769815462080,0.7909626610218,0.6739156692279,0.1775483309370,0.4760609134657,0.1267164846111,0.0013599840525,0.0651441043771,0.3213232201772,0.4925757911283,0.2279908276117,0.3559254507159,0.2140747895753,0.3268249213441,0.1346416122788,0.0888260090697,0.1758966601970,-0.0656989645498,-0.3065132236850,0.5836476549161,0.2726969635450,0.3363866283190,0.3112144495088,0.3776282493324,0.4597774778072,0.4074885682025,0.5382826296418,0.0674133248817,0.1724951793205,-0.0271701910486,-0.0877040485195,0.0806894247156,0.1792525757864,0.7508610718191,0.1616120787364,0.7230555709474,0.6414616076535,-0.0820710302135,0.2252576405675,0.3519218321362,0.6104870109264,0.2358867220887,0.1642172314999,0.3792525384762,-0.0746961262283,-0.1052561713113,0.6871185694575,0.4491397587552,0.4668231839969,-0.2630167829123,0.3313802248893,0.3227824485559,0.0224436813089,0.1720054976236,0.6002707559153,-0.0863089339177,0.4060341485393,0.1243861287917,-0.3111917284935,0.3233020184491,-0.0781896303222,0.1270235071347,0.0448582804107,-0.1533902750264,-0.0371777994963,-0.1274880469863,-0.0282994793144
0.0176623038043,0.0284268262234,-0.0340569186470,0.3884813087053,-0.0473610064957,0.2129134039456,0.4409357752606,0.5468079262368,0.3503663598177,0.3741388943455,0.3921259970925,0.1954528825931,0.4763258709495,0.3487815511878,0.4135952510576,0.5861656825212,1.0000000000000,0.3835887630243,0.5790424982636,0.5784367686601,0.6371948565119,0.4256173867611,0.1712420773063,0.4486605002235,0.3508735722017,0.4425463712998,0.3780774776557,0.1425121731179,-0.0068378803413,0.1370646307283,0.5533179514976,0.4353241370653,0.5273598308508,0.3176713326343,0.4582172377613,0.4457296821010,0.0270925883605,0.2716254422118,0.0388872933993,0.1289254769827,0.2450025017862,0.4104742616492,0.3814434741917,0.3066844404944,0.2213388646850,0.2722575861206,0.2484078566911,0.1166729808380,0.2005446663667,0.1250365248785,-0.2053593601327,-0.3002553738600,0.3366059113974,0.2963583403602,0.2877706147586,0.3093281055459,0.2780978916596,0.4398206620515,0.2583395035445,0.3916118404127,0.2764467041307,0.2190722522724,0.0469582252065,0.1281822892599,0.0865350927925,0.0768601206040,0.5225200045108,0.3414580229031,0.6152063619799,0.4565848707610,0.1647166863466,0.2521241765078,0.1642517681858,0.4778859774795,0.1020538141112,0.1585387895266,0.3744579312857,0.1119687089932,0.0304495888026,0.6345067329428,0.2866026740545,0.4606048068280,-0.0911169135548,0.2456086405095,0.1243645811443,0.1460780384741,0.0274979270614,0.4106776071454,-0.1194273521284,0.2640718898754,0.1157323516002,-0.1584126136626,0.4295864046405,-0.0724849078361,0.1035437789317,0.0370922691247,0.0288735776849,-0.0358771999401,0.0204547518238,0.0180220570435
-0.0271900844237,-0.1201708793122,-0.1399966770482,0.0266436735085,0.0565222883361,0.1284465327937,0.0100442226924,0.5858428259658,0.5453203786710,0.2337002856900,0.2439071089393,0.1782223436306,0.1975437496753,-0.0666497988048,0.0359012072608,0.3745405991595,0.3835887630243,1.0000000000000,0.4694949889827,0.5285133037459,0.2235925963697,0.0661122087663,0.2273185659053,0.4159167984039,0.3675249550548,0.1756042562901,0.3702704149001,-0.1066371541069,-0.0242467565603,-0.1007810713354,0.2872804696985,0.2877554911746,0.3757383535236,-0.0745671704064,0.2381819525055,0.0678625964579,0.2622640963464,0.2957171951649,0.0594971907991,-0.0139069283803,-0.0668804647492,-0.0563598879702,-0.0480318925936,-0.0040420780959,0.0263445282855,-0.0763088965997,0.1272918909044,0.0319978281347,-0.0083942867879,0.0103559955486,-0.0172064367438,-0.2004548748204,0.0545099769595,0.0297626928285,0.0277793733845,-0.0948131607817,0.2856662445320,0.4588454410131,0.5782968395750,0.4087541980756,0.0884633725685,0.2523201396075,0.1590890115745,0.0635783937970,-0.0511141193135,-0.0364720286027,0.0808023633692,0.5613386179983,0.4154734868943,0.5421675164746,0.1342823908050,0.1184146276495,0.5495123131477,0.3581946056570,0.1669300394971,0.1575273574165,0.3333672149471,-0.2085611504138,-0.1612549738391,0.4382491733893,0.1541616190877,0.3399557657871,-0.2478698296716,-0.0873352513160,0.0392447417221,-0.0951876649117,0.2633427332240,0.1266190006943,-0.1046688597956,0.2191452297027,0.0734803922871,0.0099381195908,0.0382585904465,-0.0488804528549,-0.0273730391477,-0.0190500012807,-0.1354584576533,0.0098928372658,-0.1550844224084,0.0985080993130
0.0024206891920,-0.1859685859344,-0.2059823907414,0.4687044125742,0.0046897397760,0.2140271490753,0.4038929293460,0.7196146271541,0.7674941048992,0.3356630091970,0.3299788030607,0.2636431933482,0.3814746615260,0.1307853370170,0.4914892272598,0.7005076400338,0.5790424982636,0.4694949889827,1.0000000000000,0.7477869534089,0.5695510203761,0.2738775023462,0.2993787811802,0.6533278868195,0.6017671087091,0.4382474788507,0.2889403273839,0.0860855910230,-0.0030227712080,-0.0137746030524,0.5371103697421,0.4828837107982,0.3999068153025,0.1759697516441,0.4043946674517,0.5810354904163,0.1030949817537,0.4391579715018,0.0724030193670,0.0199611666074,0.1281651602235,0.2210571287319,0.2749638245728,0.2097055756515,0.1087583255918,0.1231014747183,0.2257941525748,0.1352086831954,0.0888713042274,0.1246864358727,-0.0608750961530,-0.3335826822003,0.3866346134329,0.2306207167185,0.2744384759001,0.2013601120628,0.4404767288286,0.5532459930529,0.5704569545169,0.7439506002741,0.1024746983333,0.2993248734467,0.1536741549873,0.0985606648540,-0.0227148650958,0.1959642425021,0.4005987626510,0.2204523579813,0.8198379307931,0.6973319419208,0.0976408801535,0.2588069190910,0.4919141642860,0.6495366795466,0.1484035425308,0.3030877472669,0.2453031826538,-0.0121775118687,-0.0729995418806,0.4447726993269,0.2883960578150,0.4006702584985,-0.2317004760050,0.0068378347238,0.1924694796093,0.0212513408762,0.0652770950217,0.4337915582275,-0.0263784786457,0.3650963068011,0.1579678761440,-0.1871509284653,0.2758286840992,-0.1286951541597,0.0530461474710,0.0395567995090,-0.1253289181770,0.0733017560699,-0.1018976791317,-0.0175521619739
0.0146956356525,-0.1700148113031,-0.2023348916922,0.5222071945776,0.0490252468946,0.1868092663524,0.4249755478257,0.7125060862524,0.6721065673491,0.3756359569649,0.2295531671062,0.3108913004490,0.3675359597560,0.1650110667755,0.4907786671206,0.7997683051078,0.5784367686601,0.5285133037459,0.7477869534089,1.0000000000000,0.5932678806242,0.1495595734392,0.5056223839081,0.6964112045142,0.8110007203072,0.5675545094679,0.5744367874785,0.1658528637097,-0.0147705630257,-0.0300939958701,0.6803765710252,0.6647044159215,0.6304924650013,0.3667227309459,0.5401508839370,0.5533226461740,0.2384550716539,0.5295734074318,-0.0700007524742,0.0014102709011,0.1009576146024,0.1851461330043,0.3342739325336,0.2634033883675,0.2488349083827,0.2138392296911,0.3540303280303,0.0462056982065,0.0976309790299,0.1138639006079,-0.0392755746245,-0.2777212509637,0.4335807705975,0.2442752576645,0.3010729794515,0.1873945829135,0.3947173628861,0.6034533864295,0.5061746453167,0.6640928828134,-0.0398900768348,0.2923076963872,0.1445984663272,0.0162440605935,0.0036774801158,0.1424523878067,0.5582759259056,0.3038716654587,0.7295422975436,0.8643863065659,0.0219680825315,0.2841752046106,0.5171523734172,0.7859448010514,0.2247705855404,0.3036264773243,0.4758047292843,-0.0393273291518,-0.1768605507587,0.6173306314777,0.3718159451105,0.5617849986193,-0.3196337912875,0.1409503458664,0.1934894287483,0.0193749058361,0.1525585155523,0.4532621207656,-0.1357524592131,0.4205712070893,-0.0493516547706,-0.2814064678203,0.3588230167032,-0.0613807706834,0.0968348237839,-0.0946246394900,-0.2207968922736,0.0548883270644,-0.1758807956856,-0.0513388440686
0.1564760266796,0.0180362533108,-0.1049468773245,0.4908647710944,0.2999802199320,0.2695212707645,0.4801641707894,0.4004793262885,0.4182332091341,0.3551325409424,0.4020917558127,0.4787860530370,0.3757635932651,0.5230582869500,0.6072895280767,0.5446189906721,0.6371948565119,0.2235925963697,0.5695510203761,0.5932678806242,1.0000000000000,0.3159901128906,0.4464883738611,0.5793131953433,0.4420547827238,0.5500706318125,0.2891154455288,0.0941357468495,0.0792750567532,0.1231701934955,0.5009159364618,0.4822247499904,0.4149417022843,0.1493579457265,0.4118312975165,0.5751433957351,-0.0006628332027,0.1603253998319,-0.2048255252630,-0.0539536620969,0.1822174635950,0.2277471796958,0.2239526408162,0.1412004646181,-0.0342789230688,0.1479371069826,0.1844196957530,0.1827873559885,0.3696872443762,0.1024657074386,0.0761885796589,-0.1208297346983,0.4842805778341,0.3250271643686,0.4371536452581,0.2978891292172,0.2143230998000,0.3913689169105,0.2904646271017,0.5226033874678,0.0525011013522,0.3959854841425,0.2296699031333,0.1150616513191,0.2412134307351,0.2715558841406,0.4893892772380,0.1922765408048,0.6485914620065,0.5263556223373,0.3291394452076,0.4239626888206,0.3217108507156,0.6077856135203,0.2597217861643,0.2973835405556,0.2863160905689,0.0799657377133,0.0505250915955,0.4620984253662,0.2031167058800,0.5243318509962,-0.1099586882812,-0.0179660492773,-0.0327946952436,0.1455306276114,-0.0673612440932,0.5158874335165,-0.1571174568648,0.1391705376071,-0.0817002659560,-0.2294376023839,0.3070053970953,-0.1493514035016,0.0353610060648,-0.0104007897642,0.1483558825337,0.0744374459313,-0.0373945731910,0.0568877787320
-0.0757779070830,0.1699650701624,0.0331258298498,0.1440600423947,-0.1264877210470,0.2257398484680,0.2811049533589,0.1928056602432,0.1153037275965,0.4418228557969,0.3335694233657,0.1073515568137,0.3197393581122,0.3589416649883,0.2167175210436,0.2681058534111,0.4256173867611,0.0661122087663,0.2738775023462,0.1495595734392,0.3159901128906,1.0000000000000,0.1698250675352,0.1949928178919,0.0461960326238,0.2728108848122,0.0837753309292,0.0795932302838,0.1352085078434,0.2659935997615,0.2861815751433,0.2930058062156,0.2407891502276,0.1787209609278,0.2823349302797,0.2245412850840,0.1100504202744,0.1925723253397,0.1500402355418,0.2213258195491,0.3704889515087,0.5807431509122,0.2057359121159,0.2244598649539,0.2512945228780,0.3710439447469,0.2628363512161,0.1036009245764,0.2679947902266,0.1848225097204,-0.2850028695979,-0.3388151824940,0.1269743581709,0.1725726601026,0.1177685005795,0.1841732198076,0.2065537223994,0.0860428269528,0.0223011865646,0.1477321819219,0.6966839708442,0.1357580292880,0.1283861246491,0.0638412021946,0.0217454073429,0.0081328083198,0.2402173603842,-0.0823765023102,0.2556865395740,0.0367950202248,-0.0119012611913,0.5126825224603,0.0535022164615,0.1573583848022,0.0521089220317,0.0671832494484,0.1507764445654,0.0672918856610,0.1852445006854,0.2750949224167,0.3888133654532,0.2267208830506,0.0982546808256,0.1831366504739,0.2473604262569,0.1889017264951,0.1779623913417,0.2542073818126,-0.1390710958064,0.2009252774457,0.2876856292928,0.0677733262429,0.2888789509009,-0.0057413415163,0.2068875174192,0.0710094869363,0.2486005712715,0.0012651842533,0.3426753181462,0.1880264621175
0.2015495657711,0.1270303322663,0.0496038485301,0.1836549519728,0.2775303320536,0.1465998503896,0.1747176690631,0.2665057140040,0.2760405488025,0.5084031629273,0.3091530138219,0.6689993528335,0.2628915559845,0.3229729979633,0.2930671630659,0.3471190816650,0.1712420773063,0.2273185659053,0.2993787811802,0.5056223839081,0.4464883738611,0.1698250675352,1.0000000000000,0.5191692765963,0.4874178059487,0.5032062529273,0.4794171738084,0.2914080928524,0.2671929228586,0.1367694238660,0.4707723742362,0.5050218758865,0.3167075772116,0.3071906596462,0.2597995663883,0.3153277885996,0.4973104964216,0.3038108678189,-0.1716094723711,-0.0150949354313,0.1208488348970,0.1581454753251,0.1274799384096,0.2549486431929,0.1859298504857,0.1534853146971,0.4138584737242,-0.0111481457699,0.0946252335059,0.2255238627864,0.1726470351963,-0.0243969474260,0.1819362041080,0.1898436825564,0.1557645361177,-0.0625638798949,0.1995867399103,0.2386271718502,0.2201497050770,0.2706388110086,-0.0123593319720,0.4726978725231,0.5393210605038,0.1363634018423,0.2311097698820,-0.0136334657897,0.2092554827577,0.1228790571240,0.3444496846562,0.4386362408476,0.0251401516523,0.6886911703861,0.4116700122010,0.4843266225922,0.0938963821130,0.2850815614993,0.3437342307621,0.1017208382126,0.1844494678845,0.2842154336094,0.2168706132914,0.3746024429028,-0.0794794812143,-0.0186336478123,0.0559385720884,0.1548515797910,0.3798477407991,0.1945126591717,-0.2233022896631,0.1453298612254,-0.1149709256852,-0.1688292647434,0.3068919595065,0.0023577901306,0.1062097739387,-0.2255057378840,0.0757274512526,0.0482652779645,-0.0120217449143,-0.0158075821300
0.2891849878994,0.0329719226506,-0.0666125345382,0.5280244111638,0.1786367297622,0.2671632588655,0.4543053484880,0.4543616307142,0.4976564063682,0.5638355470039,0.3281399841072,0.3351031388210,0.2772116321068,0.2863899946066,0.5180497047450,0.5956773796792,0.4486605002235,0.4159167984039,0.6533278868195,0.6964112045142,0.5793131953433,0.1949928178919,0.5191692765963,1.0000000000000,0.4883799253066,0.4533851434125,0.4293210226659,0.2329849671984,0.1785234914609,-0.0433011313701,0.5710176919638,0.4348420050376,0.3297016197801,0.2232838001270,0.4030368097578,0.5150872958926,0.4824646712193,0.3803320647993,-0.0009474687940,0.0789504907071,0.1425326210654,0.1633850874231,0.2809608916391,0.1770674876448,0.0572628011696,0.0148806974991,0.2140490824065,0.0989736900744,0.1406216343370,0.1625679757506,0.1510010664324,-0.2750800484364,0.4678625157803,0.2688113100309,0.3114743629981,0.3123364744755,0.3008550706119,0.4088686667155,0.3025973322332,0.5007837105899,0.0382627390751,0.4858554569970,0.2263956971508,-0.0179026899592,0.2151024265439,0.3065209252046,0.4688333372451,0.0898682589724,0.6107770041383,0.6989616871805,0.1066585735940,0.4249066909643,0.6923258540653,0.5936522832835,0.2378239767489,0.3357933559231,0.3323581328579,0.2399748439669,0.0437248019273,0.5138810859846,0.3933565475587,0.3527303228540,-0.2456980230772,0.1153243161528,-0.0461553327116,0.1513699846374,0.4163360593218,0.4627808992942,-0.0449559467991,0.3374618224140,0.1889628477364,-0.0860741816340,0.3261181278790,-0.1475593036279,-0.0980817592692,-0.0375252331942,-0.0876071609591,0.0790598294191,-0.0524738004457,0.1181169899897
