1.0000000000000,0.6140938522830,0.7094565356858,0.6340661029861,0.7890427777442,0.5875746897455,0.6180000222573,-0.4090890678915,-0.2915340442375,-0.0132064882075,-0.0157226772962,-0.0761158397003,-0.2013287650098,0.5788803595166,0.3503160069491,0.1091308938526,-0.2425063164052,-0.1472897342461,-0.1724079363809,-0.3745707178669,-0.1000686254906,-0.2206509168951,-0.1375405208551,-0.0054818737785,-0.3718997060021,-0.1831947821464,-0.1292711714333,-0.3706708244938,-0.3270597899558,-0.1019587456585,-0.1352746941418,-0.0747531159224,-0.0721343562761,0.0118078206765,0.1590362684128,0.0573990190439,0.0757026868952,-0.0967571396703,0.1083793837513,-0.2766492092629,-0.1115052753141,0.0980874070892,0.1217046369862,-0.3148702519095,-0.1376476824639,-0.3295924317317,-0.2525251662732,0.2532383625995,0.3632055637813,0.1999149191876,0.8747930990630,0.7881567934628,0.4954726872099,0.6820495232309,0.5993641954064,0.6716027625378,-0.1984818056450,-0.2987704682224,-0.3546410897877,-0.3726800989532,-0.0655491871335,-0.1264492055752,-0.3139370745775,-0.3610332241143,0.5048065039040,-0.0381495541505,-0.0845348465953,-0.2711693004007,0.1047288006230,-0.1594684604429,-0.3215528365676,-0.0236131912920,-0.0616222762890,-0.1075678022997,-0.3338554144128,0.0502632132573,0.0092548705315,-0.2584080479196,-0.2663571859786,-0.1789650965690,0.1445464780081,0.0099173736165,0.1202474138388,0.0342235958469,0.2483627725626,0.3376478198883,0.1147419918180,0.3962658666644,-0.1719800601097,0.1699386654845,0.1951273656978,-0.1921335211186,-0.0890443130432,0.0452748127681,0.0265517931434,0.3555121545220,0.0668452166275,0.0481034703745,0.0615380783073,0.1601256419931
0.6140938522830,1.0000000000000,0.4206651876699,0.4158837716269,0.3417205348199,0.2698969450024,0.2533947379536,-0.3309370542229,-0.1833579081793,-0.0015196745753,-0.1284466891794,-0.1697620846169,-0.2467681219947,0.4923345833528,0.3465438504774,-0.0198233310038,-0.3696687307451,-0.2130008827113,-0.1312286276140,-0.3668586886394,-0.1333961640977,-0.1682049370128,-0.2275065029939,-0.1265657834555,-0.3668503509021,-0.1752500331176,-0.1157929741559,-0.2011530901617,-0.0190718898736,0.2159620695357,-0.1374326510831,-0.1257220293526,-0.1994672764982,0.0666067980219,0.0712139759841,-0.0041545870347,-0.0856208142676,-0.0862272598091,-0.0113481042666,-0.2412425993841,0.0838082689633,0.1087394852290,0.3137069766708,-0.1740833721323,-0.1982007304402,-0.2266291137870,-0.2212287195278,-0.0600432696210,0.3718526572728,0.0974865779796,0.4579564620716,0.7757122682501,0.2464236911638,0.3714679295665,0.2191087442675,0.3462849447289,-0.3268859463450,-0.2813465992666,-0.3498891113579,-0.2875525087804,-0.1271746953618,-0.2444439179575,-0.4237274178288,-0.4284833428147,0.4431183385214,0.0241360975971,-0.1378016323714,-0.4063909552256,0.0888223368510,-0.2486666494268,-0.4442220385908,-0.0535494311634,-0.2280394217361,-0.0673607459345,-0.1854284770835,0.0846576078078,-0.1684624709550,-0.1605577837031,-0.0671949343783,-0.2220144338708,0.0126018455612,-0.2940426186324,0.2271255138156,0.0612965537322,0.3020904423866,0.2482238163045,-0.0928196009187,0.1369949389869,-0.1442087336669,0.0906887056604,0.0162426420181,-0.1014463899298,-0.0113275094033,0.0707285255404,0.0332946429705,-0.0448279671231,0.1659519541501,0.0311709820574,-0.0307900305089,0.0079996706341
0.7094565356858,0.4206651876699,1.0000000000000,0.6944622260925,0.6865837052275,0.7829330118018,0.6873222737182,-0.2638857388679,-0.2178070131251,0.0496463453392,-0.0836629653854,-0.0647463375118,-0.1900232679167,0.2625149245802,0.2823459386031,0.1946326947085,-0.1449320809091,-0.1098390256384,0.0006122486040,-0.1409198286681,-0.1057078713176,-0.2262031597499,-0.0568884018535,0.0344891913207,-0.0675560644281,-0.0518136613240,0.0289091383608,-0.4051220249414,-0.2865764367297,-0.1704257245210,0.0441092885154,0.0959421886167,0.0996000828775,0.1358889009142,0.1978732574963,0.2485207756946,0.1877753200492,0.0720055939485,0.2447047984115,-0.0916972563989,-0.1824205910032,0.1550842745587,0.1967732683658,0.0085318564807,0.1961929234759,-0.1193735264327,-0.0579838524067,0.2813622285561,0.1727883037152,0.3042051762835,0.6714265248859,0.7003149252573,0.4762983575584,0.8646538392294,0.6408363643336,0.7171614915633,-0.1335623204924,-0.2350444156027,-0.2058479033484,-0.2909370357173,-0.0596313086940,-0.1589491115884,-0.2902933047631,-0.3229270473602,0.2363076624059,-0.0084665175334,0.0556927335626,-0.2338129237984,0.0859274834107,0.0272871225597,-0.3130527194927,-0.1369258296837,-0.0481244472515,-0.0290411689825,-0.2632867845709,-0.1119761177946,0.0271333286221,-0.3655888292250,-0.3102694719370,-0.0797398441656,0.0673159277894,0.0444858159485,0.0404107842116,0.1079325790095,0.0893811482442,0.0893812145806,0.1246219573286,0.3611748598227,-0.1003070925369,0.0362852498008,0.2413979224767,-0.1362010710582,0.0281662825974,-0.1456712666360,-0.1207236407374,0.3802720613170,-0.1454686772131,-0.1893167672093,-0.0342489549019,0.0227121749275
0.6340661029861,0.4158837716269,0.6944622260925,1.0000000000000,0.7029457511699,0.5843796896871,0.7550476048584,-0.1467688331366,-0.0724873596421,0.0898797066872,0.0491845176136,-0.0210522446208,-0.0805302657969,0.2409198200641,0.5296911957792,0.3585225737222,-0.0092816368843,-0.0547130387920,0.2643656054302,-0.0172504066599,-0.0255154662844,-0.1914442524275,-0.0166718406632,0.2002372045319,-0.1226520952880,-0.1020205688434,-0.0189405463317,-0.3130558797626,-0.0827812978104,-0.2148487673419,0.0436393798292,-0.0570180337923,0.0304392657846,0.0714945370840,0.1114783425424,0.3102999782303,0.1214175927695,-0.0701458358209,0.1291969316233,-0.0179687075443,-0.0986726331756,0.0548409750462,0.2340633528756,-0.0951921147233,-0.0106177490708,-0.2461205778972,-0.1524470482168,0.2537952143160,0.1798934325780,0.1815992363165,0.6481645903372,0.5971030111679,0.7686844345412,0.6514272035346,0.5983553737541,0.8077519760288,-0.0343878253795,-0.0986852247668,-0.0928507730504,-0.0692260887871,0.0073615966014,-0.0330936358205,-0.2232444087547,-0.1945623314527,0.2946328517529,0.1376092289841,0.2798989798714,-0.1149585399552,0.2963622350569,0.1090196054739,-0.1517878260380,-0.1096865352089,0.1519338162491,0.0067455782199,-0.0233070618497,-0.0496008515489,0.0105198200375,-0.1853747879750,-0.1463299573493,0.0348770237459,0.1012771774532,0.0302620757147,0.0383370645203,0.2548294914306,-0.0289750483333,0.0784246531582,0.1316443259624,0.3523636623576,0.0301343409993,0.0459810349500,0.1763077108378,-0.0015652780422,0.0246096295710,-0.2847587961169,-0.2542876920963,0.3535995562250,-0.0918740529882,-0.0531790663500,0.0784149656742,0.1943839777245
0.7890427777442,0.3417205348199,0.6865837052275,0.7029457511699,1.0000000000000,0.8140807879906,0.8192564372407,-0.2434904737446,-0.1990488754924,0.1376951454120,0.0605848045702,0.0323395461354,-0.1013620186798,0.4079128616548,0.4795536039661,0.1266715950072,-0.0831796207933,-0.0968990144285,0.0530591155273,-0.2370607628408,-0.0544885227265,-0.1339815448264,-0.0350655429751,0.0855836080346,-0.2467651259617,-0.1345718740772,-0.0877071830069,-0.3849325734282,-0.2453979357524,-0.2044352080506,-0.1189816081075,-0.0783427577034,0.0229197506123,0.0523573019496,0.0981137218628,0.1916146938615,0.1327292454321,-0.1239556400278,0.0798753628183,-0.1488431219632,-0.0404647526755,0.1635631814897,0.1084949864999,-0.2322690768787,-0.0779448381340,-0.2555136637015,-0.1590658751715,0.3032042131365,0.3687262760228,0.2680995678628,0.8497729226896,0.5132573546696,0.5130151623476,0.7919910864883,0.8496995307864,0.8045510590804,-0.0013298366803,-0.1070172658824,-0.1568570475889,-0.2231426324820,0.0739099287631,-0.0139861486419,-0.2026322671287,-0.2277761000286,0.4430849955339,0.0429170470499,0.0554278900090,-0.1232113233585,0.2333941614204,-0.0818734913225,-0.1651131774829,-0.0462250369198,0.1118046431138,-0.0829431436026,-0.1914215463399,-0.0667592109501,-0.0106053692409,-0.2824703909574,-0.2272554913189,-0.0739625320216,0.0192555914642,-0.0072665688548,0.0225820414003,0.1171382072236,0.0631879111027,0.1746074879713,0.1557706529701,0.3721721922588,-0.0791765056759,0.0704816554010,0.1384127326351,-0.1680337346826,-0.1234275638449,-0.1709571438546,-0.1323861027372,0.4212495022906,-0.0108470575111,0.0695654099366,0.1260488081628,0.2391278626127
0.5875746897455,0.2698969450024,0.7829330118018,0.5843796896871,0.8140807879906,1.0000000000000,0.8357798112732,-0.1783073820742,-0.2123176095610,0.1586802163314,-0.0476461886929,-0.0361420578399,-0.1427916783544,0.2269535249662,0.3164869192526,0.0493020408627,-0.1646869007940,-0.1459391701122,0.0517585636716,-0.1882734241526,-0.1479145074767,-0.1107719169792,-0.0702094106352,0.0596143187661,-0.0887091525717,-0.1056710520588,-0.0831270620298,-0.3633185082526,-0.2538803945225,-0.1479224309818,-0.1056791669236,-0.0484373604006,0.0426187458693,0.0877599570512,0.0884078476197,0.2046513650388,0.2036708200500,-0.1024535858107,0.1480144121065,-0.1259184675941,-0.0354796389244,0.2454934404498,0.1094127415685,-0.0768631348546,0.1054898809750,-0.0733189823237,-0.0434251724498,0.2851415083177,0.2947460906965,0.3145485893337,0.6782587808641,0.4186242992422,0.3606800738800,0.9023687498433,0.8915831141274,0.7721444429485,0.0585675817180,-0.0438608514525,-0.1013726422111,-0.2578003175334,0.0731156410532,-0.1296936255780,-0.2370844435497,-0.2728555853944,0.2871520538447,-0.0065839984515,0.0056906704745,-0.2034830209304,0.1655429700453,-0.0358221382021,-0.2679478147160,-0.1302091251674,0.0504420610652,-0.0073920896077,-0.2221934353707,-0.1446150145892,-0.0332415507674,-0.2993210372519,-0.2385160681405,-0.1127039450899,-0.0846864451099,-0.0511784064198,0.0521858593822,0.0904652984280,0.0627725361083,0.0821364671212,0.1441262901466,0.3102786217194,-0.1130259990212,0.0011911326677,0.1666195969251,-0.1576582015743,-0.0746335463971,-0.1443998081259,-0.1247955395433,0.3972080413024,-0.0628327121605,-0.0036063605800,0.0964074836590,0.0995078045204
0.6180000222573,0.2533947379536,0.6873222737182,0.7550476048584,0.8192564372407,0.8357798112732,1.0000000000000,-0.1221306300985,-0.0831969909627,0.1431067843690,0.0304241966091,0.0126819546667,-0.0826154826708,0.2630697425470,0.3925778903658,0.1411963591463,-0.0498093009951,-0.0959397602110,0.1937354379821,-0.1003684564608,-0.0706638852846,-0.0536520606994,-0.0457330065599,0.2149394489502,-0.1402124252029,-0.0740809237644,-0.1502173081714,-0.2459080300884,-0.1128117017883,-0.0838471310314,-0.0709412868803,-0.0641594136163,-0.0311972142028,-0.0025127777487,0.0941236172944,0.2923009490579,0.1579164918411,-0.1409747979340,0.1018307588901,-0.0936756394747,0.0317042056857,0.1473650463619,-0.0106050609667,-0.1857711779201,0.0288772338578,-0.1450804915828,-0.0592387492082,0.2251274083864,0.3613097982283,0.2387368290897,0.7397420795633,0.4097836049573,0.5473982803537,0.7766834216823,0.8318402136060,0.8879219285721,0.1792029945898,-0.0215842446118,-0.0241206612304,-0.1039800266908,0.0740645853271,-0.0688908484511,-0.1779781983587,-0.1825834978791,0.3545645199656,-0.0015502721880,0.1298881516633,-0.1219894490006,0.2193303541151,0.0477772849804,-0.1273082376275,-0.0686081472983,0.2516374890084,-0.0267830791732,-0.1670917198358,-0.0163105508011,-0.0583472995630,-0.1846222087919,-0.0855470788396,-0.0509760032917,-0.0519291483408,-0.0284520495292,0.0580729601843,0.0335196141971,-0.0005909093965,0.1229767659586,0.1240385550109,0.3945341612192,-0.1256423849160,0.0216161929770,0.1313191096806,-0.1712641839458,-0.0964962154146,-0.1458114499798,-0.1605067379172,0.3772686784845,0.0636335918254,0.0514596527616,0.1411661564825,0.1909204701785
-0.4090890678915,-0.3309370542229,-0.2638857388679,-0.1467688331366,-0.2434904737446,-0.1783073820742,-0.1221306300985,1.0000000000000,0.7346386287958,0.4654884421146,0.3644182807173,0.4194152635276,0.6540339986615,-0.0136764178948,0.1041152871886,0.3825020522209,0.5941694079150,0.5924616274380,0.4518245422407,0.5368208258761,0.1348767887620,0.2852862116457,0.0994961304635,0.3605947135167,0.4095683361811,0.0026589742550,-0.0103753349421,0.1801492239971,0.1673111324013,0.1410537231454,0.4434665317698,0.1510639880446,0.4181719637042,-0.0687796421726,0.0867728824531,0.1743168042966,0.0612695044801,0.1063661066378,0.0575489704027,0.1766593639769,0.1863535350992,0.1494312856874,-0.1905041814926,-0.0770599156043,0.4231219751636,0.3187048379900,0.2431170859272,0.1064528139007,-0.0637035455420,0.0999262394318,-0.3605919953944,-0.3223399414634,-0.1883764354300,-0.2842852895160,-0.1905030227801,-0.2226052308279,0.4822324996205,0.6757294006141,0.7231289061785,0.6593742884870,0.4021614316307,0.4154282036947,0.5408792193810,0.6550706784725,-0.0654607634258,-0.1737040320552,0.4982582359086,0.7151662727525,0.3526103882966,0.4275834031912,0.2223845751618,-0.0414929325059,0.5094615282281,-0.0023453207125,0.0602526309356,-0.1769083055246,-0.2206639267131,0.0602975413581,0.1205100566411,0.6494774829907,0.0230487620785,0.2683167239148,-0.1663560187320,-0.0840648899084,-0.2477431128412,-0.3388015909782,-0.1700643279304,-0.1776532481785,-0.2579334161161,-0.3029419098588,-0.0758749351517,-0.0275689133879,-0.2724585628424,0.0395135362007,0.0100992442529,-0.0297539295927,0.0533892902667,0.1097726726213,0.0639516787469,-0.1066748573951
-0.2915340442375,-0.1833579081793,-0.2178070131251,-0.0724873596421,-0.1990488754924,-0.2123176095610,-0.0831969909627,0.7346386287958,1.0000000000000,0.4308200702676,0.4460118357385,0.4281447075472,0.6335848515656,0.0441098162244,0.1317290188042,0.5243844733847,0.5391951667119,0.6205467702243,0.5808061397491,0.6862241959502,0.2053795179461,0.2119159271743,0.1737295715199,0.5684372843574,0.5581435031603,-0.0011454382071,0.1323401710139,0.1491711227586,0.1248775915967,0.2078508742760,0.5242314172741,0.1567468031950,0.4022010461062,-0.2231665865809,0.2401456499119,0.2797758332390,0.1059919642182,0.2398390301665,0.1141470185664,0.0835750007199,0.1335230910518,0.2443774708962,-0.0548231470162,-0.1071113571792,0.3068887427429,0.2250580318550,0.1255101988126,0.1096774844321,-0.0160327320013,0.1816729971979,-0.2648379457002,-0.2165073408850,-0.1251624478935,-0.2574814530841,-0.2178929073343,-0.2002173168422,0.4602647889308,0.5224991276255,0.7010750413003,0.8623760647181,0.2992611556246,0.4676647607466,0.4350186834438,0.5637394045209,-0.0426622930162,-0.2193078081434,0.5338839920667,0.6071656173560,0.3694095309850,0.5246014304766,0.0672324823182,0.0613612137764,0.6226782685581,0.0612607876302,-0.0054208683438,-0.0619967909156,-0.1773451558951,0.0314811481121,0.0387349533848,0.6435700633028,0.0249480106764,0.1850558719524,-0.0957931220716,-0.1347370979639,-0.1114055496735,-0.3429791566138,-0.1467562449614,-0.0719351863611,-0.2960275333574,-0.2344890776728,-0.0237378744362,-0.1379531099263,-0.2739158794988,0.1127570848457,0.0114189603961,-0.0326331944257,-0.0002445944546,0.0290274959812,0.1114293676179,0.0114087198922
-0.0132064882075,-0.0015196745753,0.0496463453392,0.0898797066872,0.1376951454120,0.1586802163314,0.1431067843690,0.4654884421146,0.4308200702676,1.0000000000000,0.5705935643689,0.7492215706848,0.4851874285147,0.3587703153623,0.3950322663897,0.2684532128006,0.3290921167306,0.3304564868058,0.3283107497797,0.1809418977594,0.1036357687788,0.5446786653860,0.2301492613418,0.4034501557675,0.1567790410031,-0.1195183340808,0.0530608181228,-0.0695619537638,-0.0194021985709,0.1582763958789,0.1898851283901,0.1247941860400,0.3380863276475,0.0765841006287,0.1140455147981,0.1435857092737,0.2629270471155,-0.1139630334086,-0.0004694503238,0.1385374323118,0.2669169142534,0.4789327641673,-0.0692707871361,-0.3933901724040,0.0637870082130,0.2454864360234,0.1516279430629,0.0776336435048,0.1519828468725,0.3494872154987,0.0011908714663,-0.0704695365962,-0.0312761076339,0.0328764037369,0.1552319011300,0.0086478487960,0.3702053301731,0.4588985231299,0.5437302897981,0.2683138083460,0.8330693058687,0.5763768837517,0.5597786556122,0.3649414243067,0.3298133650558,-0.1506786559143,0.3674126788521,0.5316106244721,0.3919308195354,0.1916431984728,0.0999801845502,0.3383268831344,0.5001766852762,-0.1313361047082,-0.0931636949183,-0.1550676020744,-0.1273788704734,-0.1157898366389,0.0007648368859,0.4871076434279,0.0601998590796,0.1566379722912,0.0031741057351,-0.0014842208537,-0.0820971571861,-0.0059742211353,0.0259540625994,0.0152439537857,-0.2671933347050,-0.1944539118295,-0.0677721271518,-0.1417937249021,-0.4090182334452,0.0992111836158,0.0411681865865,0.0761833178817,0.0426241610091,0.4339319066504,0.3566760043714,0.1836939049111
-0.0157226772962,-0.1284466891794,-0.0836629653854,0.0491845176136,0.0605848045702,-0.0476461886929,0.0304241966091,0.3644182807173,0.4460118357385,0.5705935643689,1.0000000000000,0.7663659939897,0.5740054806833,0.1375807308210,0.2194344587086,0.2895943445944,0.4447905152838,0.3347123248558,0.2735678859552,0.3261671021533,0.3731610582649,0.3312988094903,0.5770797684375,0.4828043853342,0.2302409931202,0.0580779483507,0.3986671463630,0.1115809913069,0.1403500179039,0.0962647462162,0.3072456392122,0.2145524760854,0.4205761279937,-0.2080593513764,0.1448127527561,0.0461771186555,0.2421098014132,0.1583519135219,0.1156168650905,0.1176710567312,0.1915411776508,0.3041528841682,0.0509107852716,-0.2586562159627,0.0190078080521,0.0790553261393,-0.0133787232332,0.2873429802027,0.1856661470819,0.2970830006469,0.0049254633396,-0.1247778601456,0.1002991567348,-0.0898557867095,-0.0050120092775,-0.1478033066721,0.3785882940946,0.3075561470667,0.3781529161540,0.3720156014756,0.5072979354372,0.8457226381624,0.5542136632002,0.4479661118589,0.0301811914278,-0.0086517663635,0.2310643661034,0.5020540266933,0.2271693430593,0.2046802857282,0.2590587942620,0.5004880601953,0.5639579404278,-0.0004073826971,-0.0571178491018,0.0554972388954,0.1404065115883,0.1106576928512,0.0660353559762,0.4356393071830,0.1907190051281,0.3712502755021,-0.0098683528307,-0.0318645008531,0.0204023348882,-0.0590841210841,0.0723568429175,0.0645586934159,-0.1467419029491,0.0418793790173,0.0777186334439,-0.1034051463178,-0.2866780791653,0.1303851674820,-0.0194543851407,0.2203232597707,0.0973327979525,0.2802611722408,0.3409618390795,0.2830985835120
-0.0761158397003,-0.1697620846169,-0.0647463375118,-0.0210522446208,0.0323395461354,-0.0361420578399,0.0126819546667,0.4194152635276,0.4281447075472,0.7492215706848,0.7663659939897,1.0000000000000,0.5868570137405,0.1873126118037,0.2852378165053,0.2816685715765,0.4847057331359,0.3951558932830,0.2672610825928,0.3117369903400,0.3776179492710,0.5413597875598,0.5727528089047,0.4014665008515,0.1946491046598,0.0732024746750,0.2743975475512,0.0223282049708,0.0596961425086,0.1597571241830,0.3032564583289,0.2930492515407,0.5175840114290,-0.0470215739701,0.1475350765978,0.0554536716637,0.1922647300723,0.0869758567878,0.0250275565816,0.1680486281171,0.2301210789540,0.4059689763871,-0.0243881791582,-0.3355802555863,0.0432488055979,0.1899023052109,0.1607603758896,0.1463036236651,0.1060136719437,0.3589706632194,-0.0779381491584,-0.2061330671876,0.0119703430844,-0.1150081869534,-0.0313035247274,-0.1768225045382,0.4017630219586,0.3507372324970,0.4182365629830,0.3199850693203,0.5540406819601,0.7108771153310,0.6981206898483,0.4656618043510,0.1036853927811,-0.0386342521771,0.2717584841247,0.5641064909720,0.2103389289606,0.2044189982371,0.2658995185774,0.5711005138578,0.4788684401911,-0.1615903324720,-0.0658347125059,0.0375073160954,-0.0151043217248,-0.0375117367863,-0.0204060361377,0.4705857330365,0.2344243457817,0.4018401414565,-0.0863971673853,-0.0440998392555,-0.0142068442106,0.0028967787367,-0.0470749183611,0.0106725933756,-0.1574883180045,-0.0351415207821,-0.0441334687622,-0.1412958777667,-0.3487682029893,0.0776635018650,0.0784775296360,0.1099140697369,-0.0048208090808,0.2203881666820,0.3122466267482,0.2681665574694
-0.2013287650098,-0.2467681219947,-0.1900232679167,-0.0805302657969,-0.1013620186798,-0.1427916783544,-0.0826154826708,0.6540339986615,0.6335848515656,0.4851874285147,0.5740054806833,0.5868570137405,1.0000000000000,0.0114073911450,0.1713511815943,0.4060542222210,0.6378927688582,0.5770248174099,0.2865331268258,0.4765070829395,0.1762277741273,0.1718864168409,0.1728464803482,0.3558073854669,0.3690901408712,-0.1050973384659,0.0748970244762,0.0319091542158,0.0697365554092,0.0697130674326,0.4421989008588,0.0863529700749,0.6093256905804,-0.2486322629088,0.0901746681633,-0.0139961448691,0.1060035952498,0.2641422943681,0.1592134517245,0.0041469814393,0.1631431375760,0.3378884213074,0.0377279350778,-0.1652168400317,0.2305592605960,0.1451457731568,0.0707938097698,0.2703481931773,-0.0150818531145,0.2645291007552,-0.1586938662842,-0.2623057514621,-0.1163956094565,-0.2269094857609,-0.1241633107491,-0.2546352104931,0.5583847428575,0.5894981531729,0.6032970906034,0.5509792884476,0.3966806853724,0.6160585509447,0.6546712175081,0.8814925576870,-0.1546259770816,-0.1888067377225,0.3344151527268,0.7284759345513,0.2426913129195,0.2952049263589,0.0099563246581,0.0448521180886,0.5049892605828,-0.1350059642525,-0.1266822225942,-0.1690147670778,-0.2800452190754,-0.0580754787095,-0.0811718082044,0.5904123926325,0.0817343019901,0.3799417892811,-0.1773661787860,-0.1019099895416,-0.0353202762021,-0.3206208352581,-0.2092373042287,-0.1776240808543,-0.3094888286309,-0.1230667572636,0.0376538194288,-0.1522653660268,-0.3507633528500,0.0452226108854,-0.0387669344852,0.1393270955001,-0.0796316185197,0.0882935014216,0.1862345348988,0.0121077859978
0.5788803595166,0.4923345833528,0.2625149245802,0.2409198200641,0.4079128616548,0.2269535249662,0.2630697425470,-0.0136764178948,0.0441098162244,0.3587703153623,0.1375807308210,0.1873126118037,0.0114073911450,1.0000000000000,0.5118726723263,0.3210646590116,0.0664933599292,0.2516308200958,0.0323997785932,-0.2093060766305,0.0313342167676,0.1067511659258,-0.1151119127165,0.1293152612518,-0.2960264533101,-0.1866048035599,-0.1529517051820,-0.0620855234321,-0.1528605235179,0.2832546580569,0.0770888941294,0.1245687108483,0.1018772625651,0.0805339719828,0.2158472271252,0.1406401455547,0.0126479287305,-0.1443985531317,-0.0036830359725,-0.0903121940206,0.1840540825420,0.2375138105586,-0.1511505237981,-0.5650613016726,-0.0175184396945,-0.0681788706532,-0.0826096092346,0.1080891551160,0.5333896495034,0.1936590768306,0.4619432598607,0.5009658600436,0.2018284448831,0.2150613734888,0.2558276443042,0.2235295480892,-0.0818732094076,-0.0223739597611,-0.0279910850703,-0.1648366871465,0.2281431036910,0.0626585038601,-0.0565850166617,-0.1500649158830,0.7845729418970,-0.1817098375756,0.2185767146916,0.1558132564794,0.2423958284043,-0.0726719434974,-0.1732022343896,0.0292706126522,0.1091474033138,-0.2490997903828,-0.3830407275486,-0.0050140152813,-0.1585763722189,-0.1177879992883,-0.0819333169473,0.2612471470491,0.1539241313652,0.0320271633266,0.0505567188863,-0.1124552455932,0.2310124730002,0.2927673718465,-0.0634025427233,0.2006130520226,-0.4427968763098,-0.0011363022526,0.0253521717614,-0.2283878649726,-0.3879655018388,0.3471569887719,0.1307933368875,0.1420422337321,0.3801710782702,0.2175026806344,0.0983057510996,0.0898359294333
0.3503160069491,0.3465438504774,0.2823459386031,0.5296911957792,0.4795536039661,0.3164869192526,0.3925778903658,0.1041152871886,0.1317290188042,0.3950322663897,0.2194344587086,0.2852378165053,0.1713511815943,0.5118726723263,1.0000000000000,0.2857852445245,0.1904234795170,0.2191572792372,0.2222762083301,0.0244065918794,-0.0294575459374,-0.0588171523521,-0.0008486612285,0.1210613362013,-0.1029644702749,-0.3852613212440,-0.0849342874380,-0.1307165488890,-0.0233503061824,-0.0023496834512,0.0503824809611,-0.0512781730748,0.2152820134037,0.1229608992200,-0.0301742902012,0.2002227026799,-0.1031975258924,0.0134656888968,0.1438953600787,0.1596439390081,0.2122613590049,0.3560639036536,0.2021785740766,-0.2431804326650,0.0169209980966,-0.1075989816978,-0.0785962566328,0.2383621064432,0.2804573751979,0.4594939074071,0.3382448523392,0.3688025440757,0.3372041960874,0.2801290249093,0.3585844698651,0.3622593568213,-0.0208266952843,0.1895440770749,0.1784741852504,0.0983055356003,0.1648183816865,0.1540394967695,0.0699357249438,0.0331442854033,0.5549836192605,0.2951071245131,0.2252657842438,0.2189980216040,0.3306490978860,-0.0326046799124,-0.2668738079727,-0.1620563090060,0.1541937288416,-0.2955306076741,-0.2447318729350,-0.2902266909033,-0.3025995396656,-0.0742724525795,-0.1210729408395,0.2422561609408,-0.0748423183488,0.0110297955634,0.1287686662219,0.0246997519502,-0.0434690895486,-0.0575969743882,-0.2114443785778,-0.0029049579686,-0.2048427517002,-0.1177184825605,0.1265145249164,0.1667449461072,-0.2383264683528,-0.1184895458797,-0.1468572321450,0.2478067379931,-0.0059544830688,0.0944613941315,0.2157107532808,0.3524133589077
0.1091308938526,-0.0198233310038,0.1946326947085,0.3585225737222,0.1266715950072,0.0493020408627,0.1411963591463,0.3825020522209,0.5243844733847,0.2684532128006,0.2895943445944,0.2816685715765,0.4060542222210,0.3210646590116,0.2857852445245,1.0000000000000,0.5651037829793,0.6765540184342,0.5780366087191,0.5768489032787,0.3815586538282,0.0171356895896,0.0883298429272,0.5491740572844,0.2930716067453,0.0071420670943,0.1089111371629,-0.1260789557124,-0.1038060756920,-0.0330621998585,0.7255195271622,0.3168036301903,0.5596175474018,-0.1520223803109,0.5892432685615,0.5117127703421,0.1829017690498,0.2956388798951,0.2700742699259,-0.0556435813534,-0.0916548591396,0.1105981153335,0.1272682900059,-0.2855437103559,0.3430444151062,-0.0690413729287,-0.0755822809176,0.3566931340803,0.0886848899637,0.2195398697454,0.0959909590932,0.1431122112066,0.3682516664354,0.0842932074126,0.0318885330576,0.0845441865335,0.1893428240819,0.1497126062780,0.2579688506758,0.3441346632775,0.1607599525851,0.2845839916819,0.1570177643821,0.2688709432661,0.1442040568825,-0.1436805098033,0.7617686362380,0.4895807035717,0.3655307190816,0.5545356253867,0.0499247396080,-0.0697624158765,0.4362043428324,-0.0563920256056,-0.0878875803907,-0.0296987846341,-0.0795352002200,-0.2086202183916,-0.2219389404994,0.7277753304282,0.3668304895283,0.4177155993289,-0.1962483242527,0.1242769800853,0.0491339329869,-0.1691775841088,-0.0272362432568,0.2776081077646,-0.2680238544001,-0.0349380199985,0.1728766377486,-0.2310926556750,-0.3445806282830,-0.0090145168154,0.0077742133524,0.2845239426216,-0.0522600857119,-0.1073345980143,-0.0360400048937,0.0354976806948
-0.2425063164052,-0.3696687307451,-0.1449320809091,-0.0092816368843,-0.0831796207933,-0.1646869007940,-0.0498093009951,0.5941694079150,0.5391951667119,0.3290921167306,0.4447905152838,0.4847057331359,0.6378927688582,0.0664933599292,0.1904234795170,0.5651037829793,1.0000000000000,0.7664055830441,0.5147846722501,0.6106636209029,0.5410312639263,0.1901431341050,0.2222503513407,0.4338973739593,0.2995571006093,0.0969136343358,0.1799244669184,0.0999820614018,0.1563470557434,-0.0148847730530,0.5979630194393,0.3133606693301,0.6741713655516,-0.1921105210454,0.2421382684943,0.2393392191663,0.0962123684701,0.2631020532396,0.2076474740997,0.1210768199942,0.0516710423711,0.0461146195219,-0.0614787435956,-0.1259353789586,0.3643185735416,0.0597906938683,0.0231011276228,0.2516424668011,-0.0007067812476,0.1213101119591,-0.2116616955696,-0.2771362726325,0.0172138226359,-0.2258672737125,-0.1471549591605,-0.1893199276661,0.3433695842632,0.3563428569360,0.4271976222680,0.4619866936004,0.2372900904670,0.4571670944160,0.4305800190330,0.5611482438309,-0.0946059943397,-0.1145089838406,0.5073354853816,0.7499657777101,0.2612928835196,0.4145944993593,0.2782261818963,-0.0376391782273,0.4359228306429,-0.0333630196941,0.0331999724183,-0.1233930522499,-0.0833009807763,-0.0078669550116,-0.0046347072966,0.7062333426771,0.1496901677071,0.3935705136655,-0.2913953805590,-0.0667148374075,-0.1412743779909,-0.3885409960951,-0.0912975922566,-0.0457820884857,-0.1995936278123,-0.1046271149457,0.1167057421107,-0.1092816237431,-0.2937756478585,-0.0772103179255,-0.1640277113735,0.1359963268616,-0.0599843810434,-0.0239713650124,0.0017405096287,-0.0058522479879
-0.1472897342461,-0.2130008827113,-0.1098390256384,-0.0547130387920,-0.0968990144285,-0.1459391701122,-0.0959397602110,0.5924616274380,0.6205467702243,0.3304564868058,0.3347123248558,0.3951558932830,0.5770248174099,0.2516308200958,0.2191572792372,0.6765540184342,0.7664055830441,1.0000000000000,0.3954786700711,0.6111257188858,0.3743575284410,0.1098318449355,0.0407380060799,0.5089481639864,0.3197083398573,-0.0665860371438,-0.0136722044925,0.0405460347242,-0.0378150114652,0.0443313486612,0.5756762359090,0.2044276381032,0.5558622623131,-0.3102284904066,0.3999011877686,0.1856024844655,0.1294103941474,0.2191677315896,0.2848981967008,-0.0775565127367,-0.0144966485051,0.2030798521863,-0.0909623435722,-0.3383821308676,0.3214895168968,-0.0139619181769,-0.1305579203329,0.3185550407240,-0.0219637159611,0.2097203032941,-0.1354666487902,-0.1262217973457,-0.0874573757471,-0.1548944515818,-0.1766092187895,-0.2105344716126,0.2828893881816,0.3391031411614,0.4269205502669,0.4097300618914,0.2156721272033,0.3282710634611,0.3408247962335,0.4409383422623,0.0704630765506,-0.3025952800190,0.4975668415748,0.7226155328329,0.2458805563521,0.4826310593922,0.0329091430710,-0.0459675034348,0.4549542840161,-0.2018114525978,-0.1918226131532,-0.0095097394424,-0.2189717341823,-0.0862119541247,-0.1375540243630,0.8045261735091,0.1786260915295,0.3411120621821,-0.2034511144539,-0.1947653984018,0.0757334616044,-0.3461680266716,-0.1132625715682,-0.0037802202933,-0.3863859734452,-0.1602257368234,0.1844874024947,-0.2141789929057,-0.4572812795786,0.1265224773278,0.0618410540817,0.1536475802472,-0.0480000135002,-0.0064939842254,0.0129377708097,-0.0293598256422
-0.1724079363809,-0.1312286276140,0.0006122486040,0.2643656054302,0.0530591155273,0.0517585636716,0.1937354379821,0.4518245422407,0.5808061397491,0.3283107497797,0.2735678859552,0.2672610825928,0.2865331268258,0.0323997785932,0.2222762083301,0.5780366087191,0.5147846722501,0.3954786700711,1.0000000000000,0.6704898452353,0.3700542865817,0.1994830299512,0.2349380031028,0.5658740089899,0.4146382574234,0.1772951702013,0.2476718845867,0.0002104601024,0.1571017685135,0.0026633835411,0.4472361125768,0.2345974636915,0.3189063028954,-0.0093604838153,0.2688860501691,0.6462630247900,0.1284050969834,0.1218676660699,0.0770331235596,0.2048556244717,0.0527962307376,0.0478501618863,0.0457787284340,-0.0570871655798,0.2639235815428,0.1158996661974,0.0903815674967,0.1066391376979,0.0743475153692,0.0658913113406,-0.1012532626782,-0.1644499811113,0.2420395817562,-0.0328597425086,0.0339388889098,0.0968947595702,0.3026982059756,0.2236574008618,0.4148954782440,0.5456136257353,0.1934089618347,0.2716428862534,0.1557364697194,0.2268578091191,0.0178867366871,0.0142357110066,0.7100166974671,0.3860813502303,0.4930811734313,0.5351099583977,0.2141458430558,-0.0002317776444,0.4723116602031,0.1983555617390,0.1698426585681,-0.0462949982559,-0.0163789610799,-0.0200589983793,0.0603733638311,0.5174060320953,0.0950980360652,0.0720250012259,-0.1634938809494,0.0952372243520,-0.2513256506752,-0.2303395845829,-0.0042850722259,0.0923645464649,-0.0921125776124,-0.1493729760510,-0.0021299798498,-0.0444790363612,-0.1807251394531,-0.1869041394198,-0.2412055018782,0.0334611107361,-0.0083467913183,-0.0498285038562,-0.0021639111033,0.0456925037840
-0.3745707178669,-0.3668586886394,-0.1409198286681,-0.0172504066599,-0.2370607628408,-0.1882734241526,-0.1003684564608,0.5368208258761,0.6862241959502,0.1809418977594,0.3261671021533,0.3117369903400,0.4765070829395,-0.2093060766305,0.0244065918794,0.5768489032787,0.6106636209029,0.6111257188858,0.6704898452353,1.0000000000000,0.4424654289362,0.1075811869939,0.2949912455002,0.6340417031086,0.7322216120894,0.1986049428645,0.3497370069174,-0.0078913853068,0.0255517343031,-0.0237519354700,0.6315319156323,0.2277602337674,0.4885431579298,-0.1863745125441,0.3418226426863,0.3942923930763,0.2192480500636,0.4485711814641,0.2600602093549,0.1032990348203,-0.0823703213069,0.1462465860838,0.1265190526716,0.0755782044948,0.3871862147004,0.1184888326113,0.0073854209688,0.2564404548300,-0.1374950224901,0.1983298581697,-0.2910375545226,-0.3207769162715,-0.0029421273365,-0.2205587514720,-0.2551549017839,-0.2173496729370,0.3789088289832,0.2710345847674,0.4372254056248,0.6210197979532,0.0475624873311,0.3032611204800,0.2354065741091,0.3813332549794,-0.3207090653525,-0.0637558088019,0.5295623676291,0.4937648605355,0.2321639091936,0.7564411598622,0.1077477497945,0.0509475401294,0.5003466431642,0.2192410975176,0.0990176025928,-0.0266377980347,0.0744695871632,-0.0749798362663,-0.1381808022528,0.6180311208329,0.1291435974092,0.2978975555509,-0.2012318032954,-0.0083453876631,-0.1134400108427,-0.3871132570175,-0.0346100790449,0.0233912868886,-0.1390269368244,-0.0507970650032,0.1505330827757,-0.0615035393937,-0.1221057819313,-0.0888260432135,-0.1348446913166,0.0976565085227,-0.2048637437419,-0.1650323885354,0.0086895913260,0.0208479831746
-0.1000686254906,-0.1333961640977,-0.1057078713176,-0.0255154662844,-0.0544885227265,-0.1479145074767,-0.0706638852846,0.1348767887620,0.2053795179461,0.1036357687788,0.3731610582649,0.3776179492710,0.1762277741273,0.0313342167676,-0.0294575459374,0.3815586538282,0.5410312639263,0.3743575284410,0.3700542865817,0.4424654289362,1.0000000000000,0.1923506757445,0.4458773327545,0.4009821531279,0.0780678775790,0.3134418567500,0.2937027710832,-0.0438895567859,0.0497174539166,0.0253700291847,0.4471309478462,0.3383974389428,0.3917831271817,-0.3106260486367,0.3681763258636,0.2677010312449,0.0716865917210,0.1904068218622,-0.0328422797953,-0.1538284289427,-0.1387554160684,-0.1193097165816,0.1908801625578,-0.2377107782333,-0.0481885998879,-0.2319182341148,-0.1854458609231,0.0801575098431,0.1210096257832,0.1415696487124,-0.0571682576213,-0.1560213666949,0.1801838975722,-0.1258752457497,-0.1492792656759,-0.1525120513750,0.1878990415886,-0.0390500432918,-0.0488594793803,0.1172496398160,0.0429548273674,0.2926254491476,0.0995259650215,0.0923103287520,-0.0326843540285,0.0411538920560,0.2793609891314,0.1797612324044,0.2124951310653,0.4016150875581,0.4829335919372,0.3008478560501,0.2633702518200,0.1489995746893,0.2763758916185,0.3139466439064,0.1510886815144,-0.1350932533009,-0.1101755337047,0.2985246186988,0.2892548024062,0.3205397039161,-0.2259615752777,0.1527026396308,0.1546511580484,-0.1511237365691,0.0059227728894,0.1808812952821,0.0570399097747,0.2007529585962,-0.0515487158472,-0.2809172979362,-0.2406168010947,-0.1349380554849,0.0390390930682,0.0771014850771,-0.0214410866322,-0.1232097059228,-0.0126851036757,0.2548155640161
-0.2206509168951,-0.1682049370128,-0.2262031597499,-0.1914442524275,-0.1339815448264,-0.1107719169792,-0.0536520606994,0.2852862116457,0.2119159271743,0.5446786653860,0.3312988094903,0.5413597875598,0.1718864168409,0.1067511659258,-0.0588171523521,0.0171356895896,0.1901431341050,0.1098318449355,0.1994830299512,0.1075811869939,0.1923506757445,1.0000000000000,0.4772352523241,0.2078192372396,0.0449822669503,0.2851533511050,0.1506552504033,0.2823275952968,0.2605286696253,0.4080221432331,0.0555708014741,0.2648924347446,0.1613407684934,0.1577622539727,0.0189118923100,0.0244514442731,0.1303079786174,-0.1375538148690,-0.2257471385195,0.2818916180527,0.4423195810236,0.1781944378467,-0.3470614702499,-0.1800211655932,0.0896494259428,0.5480149024616,0.4482410237972,-0.2198913618258,0.2330604426531,0.0532430456820,-0.2536299213296,-0.3584232586395,-0.1234059730665,-0.2646707907059,-0.0982225215234,-0.2223560330562,0.3473676965169,0.2625531214523,0.2561127472303,0.1914718256054,0.4445961525706,0.3100732379825,0.3798274936814,0.1754419923662,0.0795422470917,-0.0688577332194,0.1693599678060,0.2457871704932,-0.0355346950945,0.1253886625442,0.3500937602580,0.6051958934096,0.2786649751014,0.0156441726816,0.0700648283120,0.1500656391751,0.0849009749462,0.1828527605179,0.3236270006213,0.1752390710319,0.0663712802170,0.1493074701191,0.0289060365502,-0.1350865327595,-0.0262916214993,0.2187823314991,0.0553247831800,-0.0278640862623,-0.0292361417581,-0.0364857062537,-0.2279604186811,-0.0477034022477,-0.1080621842142,0.3103434364934,0.1992280389175,-0.1745567287068,0.3754889323541,0.4601665412862,0.2444288793816,0.0667374944886
-0.1375405208551,-0.2275065029939,-0.0568884018535,-0.0166718406632,-0.0350655429751,-0.0702094106352,-0.0457330065599,0.0994961304635,0.1737295715199,0.2301492613418,0.5770797684375,0.5727528089047,0.1728464803482,-0.1151119127165,-0.0008486612285,0.0883298429272,0.2222503513407,0.0407380060799,0.2349380031028,0.2949912455002,0.4458773327545,0.4772352523241,1.0000000000000,0.2814537271147,0.2488878805597,0.4629031237337,0.5937745336746,0.1102717387818,0.1496242742460,0.0555974922238,0.1893104264203,0.5106410081086,0.3151051321224,0.0831366336847,0.0344520498128,0.1037070915768,0.1398917001674,0.0714210438562,-0.1225199091492,0.2638263727670,0.1380913981296,0.1589809336397,-0.0034267075779,0.0556614391467,0.0419923226146,0.3557749769639,0.3533034492189,-0.0078584365503,0.0433200326138,0.2410737024470,-0.1306343427438,-0.2065602700293,0.1436467340800,-0.1144421099597,-0.0837911027071,-0.1806496273830,0.2410801042143,0.0458188668467,0.1078447289034,0.2235109973662,0.1522889264842,0.4575458726716,0.3389520174676,0.1737385604745,-0.1507490270698,0.1688166100444,0.1095724630841,0.1648218810386,-0.0363003253007,0.1484420014863,0.4260208788543,0.6509370263559,0.3020100759647,0.1344169992165,0.1632505003261,0.2048270728396,0.3290439959176,0.0975008030824,0.0467166209608,0.1199873065771,0.2572123743263,0.3089503461961,-0.1652285302679,0.0119647916267,-0.1254426435621,0.0819155074831,0.0950663035851,-0.0112743542472,0.1018190937373,0.0259627209048,-0.1354922791045,-0.0478071817283,-0.0380557601446,-0.0364255445535,0.0148296680668,0.0045289592406,0.0292353082507,0.0164414886792,0.1883388032191,0.2651421331451
-0.0054818737785,-0.1265657834555,0.0344891913207,0.2002372045319,0.0855836080346,0.0596143187661,0.2149394489502,0.3605947135167,0.5684372843574,0.4034501557675,0.4828043853342,0.4014665008515,0.3558073854669,0.1293152612518,0.1210613362013,0.5491740572844,0.4338973739593,0.5089481639864,0.5658740089899,0.6340417031086,0.4009821531279,0.2078192372396,0.2814537271147,1.0000000000000,0.4162492916443,0.1911923738105,0.2052842683366,-0.0619599604650,-0.0835032022756,0.0213292294123,0.4617515030038,0.1565050539600,0.2118403992684,-0.1816532707713,0.5078853032560,0.4999298923191,0.5571947995925,0.1525354718649,0.3476824747704,0.0001931971970,-0.0136980230776,0.2356055048361,0.0045621115427,-0.2659905544838,0.1668418901847,0.0051666520005,-0.1043844382727,0.4135336252976,0.1801763390130,0.2477624179979,0.0741942166455,-0.0763777679314,0.2094676773043,0.0299360306826,0.0687553341232,0.0813610575076,0.3861949995459,0.1633139994572,0.3962405294846,0.4046455319963,0.3080396741484,0.4075232116408,0.2134826121574,0.2015479142355,0.0633952404250,-0.0983090045511,0.4982480095839,0.4139915084668,0.3406130053579,0.5707833712671,0.1437989694489,0.2555984449946,0.7942905134178,0.1176766663361,-0.0351514526204,0.1152819190141,0.1391707858596,-0.0805082130861,-0.0876520272671,0.5776305273070,0.1652936703689,0.1886001160288,-0.0325335894361,-0.0567293081425,-0.0041430688974,-0.0496681708454,0.3080486338141,0.4060367275987,-0.1722753728242,0.0669690812157,0.3005722226297,-0.2268373800817,-0.2614901685336,0.0799118923709,-0.1005404304228,0.3580779708511,0.0476604918703,0.1130321346150,0.2255676417535,0.2275514607048
