1.0000000000000,0.3212876242566,0.2254235755590,0.5254833197620,0.7477304425162,0.4757951865979,0.3254999653071,0.2706261587016,0.4060378015541,0.3231785741352,0.2805604124157,0.4514888250551,0.3432689160666,0.3956295413458,0.4579301495608,0.2847542025245,0.3302362908664,0.3705489237694,0.3698901535982,0.3382811368841,0.3568592029841,0.0319893814388,0.2955190863759,0.3300113679875,0.3074548077076,0.1559518275295,0.1299720684679,0.0622877589995,-0.0860654514244,-0.1269221459643,0.2009215424235,0.2075006064223,0.1759750024227,0.1729095507885,0.2035124858266,0.1913302170513,0.0332174850937,0.1077825316182,-0.0488488468023,0.0807809833838,0.1359675745667,0.4009148675832,0.0291926142908,-0.0726823100973,0.0401554447097,0.1515469359775,0.2147752843161,0.2350191877427,0.0988004503667,0.3751138781940,0.8511809162824,0.4744102919898,0.4072032819599,0.5399356839978,0.5392872240256,0.4300087048719,0.2619520187081,0.2059602202103,0.4863579941036,0.4192029452258,0.2674197819640,0.3102278282693,0.3538282853126,0.1768350489396,0.4039870213133,0.0681758522201,0.3080360707146,0.3473001004699,0.2353192821870,0.3863869598538,0.3757396196332,0.1542581536822,0.4131681723798,0.3494371905949,0.1927229983694,0.0210170489723,0.0596462038600,0.0366290975028,-0.2647125567334,0.2703130950609,0.1811061350413,0.2271866893967,0.0200513763915,0.0547258809041,0.0464360378443,0.2803305763477,0.0321422476336,0.2336199007366,0.1001105283307,0.1138676417272,-0.0644341054547,0.0975291217385,0.0586097416488,0.0914459974755,0.1639393847802,0.2096281354276,0.0027271232137,0.1449594000137,0.5546821633067,0.1764513881547
0.3212876242566,1.0000000000000,0.4881641942348,0.3312142199115,0.1257190616311,0.2346653938093,0.2355527604019,-0.0965741614985,-0.0781483411822,0.5178304422587,-0.1467230639568,0.0442710646103,0.0722053245026,0.4305202226611,0.4336287415292,-0.0472284634230,0.0750068101760,-0.1668045155128,-0.0129883262767,-0.0953707612610,-0.0434769987433,0.2734704183523,-0.2625672035170,-0.0026484934730,-0.1004783453694,-0.1297983697012,0.0360981054132,0.4251933242080,0.2583572720515,0.3452061055061,0.0496219127322,0.0617548411122,0.0700877765287,0.2454953894830,-0.0753971589144,-0.1879323975301,0.0816027280884,-0.0060984564534,0.0658805706336,0.1294327816728,0.3583954480247,0.1951829438998,-0.0399046780184,-0.0159509169505,-0.1636526766483,0.3256331646075,0.1926961440392,-0.1190846083902,0.4355177551241,0.3732818000668,0.2950473509473,0.7248150235325,0.4084815566272,0.3891003386102,0.2063591436545,0.2070227802128,-0.2216531309379,-0.0916788163038,0.0403128447756,0.0553137524669,0.2544110309580,-0.1214992883547,0.0080841478029,-0.0568282670404,0.3249028151748,0.1244886588987,-0.1536533000868,-0.0100823650461,0.0708681008102,-0.1732315719554,-0.1100317699356,0.0500353369520,-0.0458694787467,-0.0213114468682,-0.1165394349599,-0.3337272077030,-0.2050607807952,0.2426163308782,0.1643996096355,-0.0464525576454,-0.1725129123277,-0.0011178469045,0.3115701317997,-0.1220519801403,-0.3083620613299,0.0781929273482,-0.0553329666829,-0.0667612142651,-0.0360133142077,-0.2591122864155,-0.0188122099086,-0.1116837207201,-0.1134471360526,0.1369953968142,-0.0160255293387,0.0170501122571,0.2093811569735,0.2082066611391,0.1418283429090,0.0163125022922
0.2254235755590,0.4881641942348,1.0000000000000,0.5084471010234,0.1558431296897,0.5255783168200,0.4584918868329,-0.0124524164890,0.1431619646316,0.4362458717379,0.2961919438042,0.4579721340815,0.3515002275589,0.1998607094658,0.4507873851347,0.2108653041461,0.2009984015325,0.1311356568359,0.0165464485725,0.1410226331401,0.1763835395666,0.5149754800697,0.2362826058825,0.3291175764781,0.0733804803576,0.3312349134315,0.4193407802887,0.2587190869226,-0.0713486235207,0.0231728356541,0.2094684726220,0.4939078560540,0.4529791337639,0.3676421839309,0.2904909637625,-0.0580285219509,0.3199776809224,0.2469184811473,0.2969884263427,0.3183079851669,0.2278304971964,0.3104464587795,0.1852665018337,0.3056797806099,0.1258712104087,0.3872377779722,0.4212515394305,0.2586152094826,0.2676481217605,0.5673707110359,0.3558318559686,0.3763486485784,0.4674659821866,0.6408595968711,0.1836862724497,0.4076228459714,0.1149623728813,0.0403309513194,0.1277436169225,0.0670697407654,0.2301112751847,0.2724581397297,0.3278389725268,0.3030933328640,0.3334668542241,0.4451248681354,-0.0518931179682,0.2904795233817,0.0342276185854,0.1499868430416,0.1878496697784,0.4613954024931,0.1765079893124,0.1277174218757,-0.0560793797146,-0.0375376324889,0.1980387299285,-0.0909208102831,-0.1159241485836,0.1642604083013,0.0291332588464,0.2750089188255,0.0114708674118,0.0050892395986,0.0305515933191,0.0244712028169,0.1519237571692,0.1978749783306,0.2148872621592,0.0221854917003,0.2047790304660,0.0379535546877,0.2382129748263,0.2709401703181,0.1031330154062,0.2767201679512,-0.1138978829111,0.2231819659616,0.2802007642669,0.2711971192358
0.5254833197620,0.3312142199115,0.5084471010234,1.0000000000000,0.5476174189158,0.6054498530097,0.8368822896915,0.2482408944999,0.4146362366144,0.3926469012353,0.4326715044869,0.5720085175058,0.6348624033237,0.1630242359569,0.6835616537450,0.6209567159386,0.6675579053674,0.5037124989253,0.2243599230583,0.3865165377255,0.6162393292451,0.2793616849364,0.3883567930775,0.6043838518746,0.2976641543417,0.3219604442839,0.2446362464873,-0.0801216943078,-0.1370378621596,-0.3035206181538,0.6090116354987,0.4501695605561,0.4948613954009,0.1918015353089,0.4791003440343,0.0880526233805,0.2868465246743,0.3845891654787,0.3263931935023,0.0301372698166,0.1272733517140,0.2259827990884,0.3846517312110,0.1208279188686,0.0554780040875,0.2064348806634,0.2703658583770,0.3563260045058,0.1081832559852,0.6024721617845,0.5951785456143,0.3513474369456,0.7926262812639,0.6128219890045,0.4897845429940,0.8561518422706,0.4521676718275,0.1580800428352,0.4564760275618,0.3841950384045,0.3288858586224,0.3622315304911,0.4754373596196,0.4938619684410,0.2566739997191,0.4033095049394,0.2792756413224,0.6425289743841,0.1813989954953,0.4639522072403,0.4250523660999,0.3892814071669,0.5446510901756,0.3634800970765,0.3855075634441,0.1428650312595,0.0403577142767,-0.2281208919301,-0.2971854856198,0.5875664686029,0.1624877606823,0.4652971389431,-0.1964909873456,0.2441302390673,0.0376758276237,0.0812290323376,0.2138116456222,0.4884620910487,0.4221277875561,0.2082354048208,0.1941562479141,-0.0933470393199,0.1969050553941,0.0929468156376,0.1749209969585,0.3346914223604,-0.2050509358268,0.2093515575989,0.3802303246662,0.3569618549654
0.7477304425162,0.1257190616311,0.1558431296897,0.5476174189158,1.0000000000000,0.6144368634475,0.3951224849500,0.2173950263210,0.3784305330377,0.1691343527380,0.4310339534621,0.4981598551172,0.4434928276480,0.0726938575742,0.5930680660665,0.4780703365302,0.5092209765771,0.4253163256839,0.2718602744326,0.4097456470067,0.5167996253323,-0.0589080153396,0.3799823918582,0.4162300518580,0.4331916336687,0.1722688924811,0.0626675830048,-0.0692508115592,-0.1605866038792,-0.3926523170795,0.4042509550907,0.3034252494303,0.3767970914641,0.0696051579527,0.3635899682043,0.3105389786164,0.0934539248087,0.3173877279691,0.1646436197875,0.0036391306811,0.0629284328995,0.2239707476277,0.3337515967035,-0.0200453825571,0.1644663262526,-0.0194049096401,0.0727680033395,0.5124956062741,0.0842627328897,0.3784249205219,0.7359304559907,0.3100053772157,0.4356763296642,0.5332224707126,0.6832797207846,0.4397262442347,0.3331669017565,0.1037073658094,0.4241946710419,0.3053944824486,0.2308276172272,0.4022828031504,0.4409406245455,0.2703849195913,0.0836803198226,0.2191220511379,0.3257541742029,0.4689737359357,0.1479066625588,0.4800398381052,0.4059226151184,0.0966044367677,0.4254666419398,0.4385584659810,0.3728758449431,0.0580442082132,-0.0523437319646,-0.1377543219471,-0.4241021009286,0.3842852604235,0.1209104582748,0.3593840412452,-0.2327790254241,0.2199036307324,0.1188895851264,0.0496755927465,0.0988530299750,0.3729569390935,0.2421482766829,0.2048547768275,0.1051475901367,-0.0812231769150,0.0240220393676,-0.1970132221010,0.0822839908967,0.4336228232958,-0.1550240747644,-0.0311266845968,0.3615763400645,0.2233590677537
0.4757951865979,0.2346653938093,0.5255783168200,0.6054498530097,0.6144368634475,1.0000000000000,0.6227706017341,0.1290178961184,0.3236954053403,0.4332788908340,0.4154470185456,0.5137555811998,0.5756720156422,0.1582325921571,0.5744555510889,0.4181504773451,0.4547019745833,0.2806287079151,0.2317620619416,0.3054165082725,0.3635224480510,0.1940689578783,0.3316157859326,0.3942402674135,0.2888991332025,0.3563394159353,0.2699654890075,0.0878065402837,-0.1021116513585,-0.2237109438252,0.3304357334475,0.5185081667399,0.5348988321623,0.2743115518547,0.3482122359053,0.2161744999943,0.2022573135521,0.3614130188281,0.4010462715240,0.2347406124263,0.2049997540036,0.3243129762568,0.3158965474992,0.2325874503024,0.1309906387845,0.1473626252285,0.2587495144227,0.6470238675372,0.1704297163245,0.5625850030429,0.5364219796801,0.2662195754640,0.5103215825741,0.8636207276762,0.7507786669768,0.6124407032326,0.3156361324220,0.1391223420142,0.3424859452809,0.2744479500481,0.3974039514522,0.4043915859417,0.5172893435947,0.4294213320401,0.2129252122495,0.3988169472402,0.1954862380798,0.4765343779985,0.1046861223062,0.3171863019611,0.3814827073128,0.2440618726195,0.3291667297874,0.2597075084200,0.1893566398916,-0.0160171037875,0.0389700751123,-0.1566466691068,-0.2953127913484,0.3078755639078,0.0910884009055,0.3931714885824,-0.1692720877255,0.1731725341706,0.0642489984984,-0.0070817739098,0.0957586264859,0.3353062650751,0.1971344197918,0.1873117665947,0.3231814152606,0.0381161804991,0.1806551101994,-0.0172606498451,0.0500422086064,0.6112785504625,-0.1427089635755,0.0977959437305,0.4267260714230,0.2499325267375
0.3254999653071,0.2355527604019,0.4584918868329,0.8368822896915,0.3951224849500,0.6227706017341,1.0000000000000,0.1955116670954,0.3123689349231,0.4530945029383,0.2596880525816,0.4122846127266,0.6482421946495,0.1358149915828,0.4855489127203,0.6539968058717,0.7053802291847,0.4001988605641,0.1592354604339,0.3933952175387,0.5086909353930,0.2489396040835,0.3182404736482,0.6637421909326,0.2622849438968,0.2828875281551,0.2571693598978,-0.0470023429699,-0.0546993265972,-0.2167654638372,0.7521082541821,0.4792322585830,0.5195274593431,0.2001331018968,0.5045843522723,0.0933567966929,0.4447892993782,0.4930991980801,0.5393258706709,0.0494621096240,0.1814719096929,0.1196761616377,0.4348573011136,0.2340758926007,0.0629074328630,0.0905064020090,0.2914646816403,0.3541885414305,0.1522975531973,0.5033920174020,0.3920851030370,0.1829706133125,0.6841062869101,0.6119117735779,0.5032181673902,0.9137218577477,0.3957741966904,0.1304939983183,0.3704636603029,0.2931941022674,0.3480390570844,0.2851631720304,0.3900465209924,0.4756007545935,0.1497745679430,0.3286030515157,0.2392140527838,0.6554762868407,0.1201625464244,0.3918782431214,0.2774951492461,0.3319444506295,0.5080881765281,0.3085981000310,0.3868633276801,0.0925134358126,0.0085715505565,-0.1250684168998,-0.1968548085343,0.6712730791011,0.1347194881090,0.3946452972813,-0.1319496799107,0.3670442645144,0.0041893231955,0.1030372251460,0.3617149963392,0.5856043463209,0.3384735938149,0.2979730901923,0.3800831068350,-0.0381600169182,0.2685447255054,0.1048695514644,0.1520017036988,0.3919273703435,-0.1276873194568,0.2596830599452,0.2624844046889,0.1618718580784
0.2706261587016,-0.0965741614985,-0.0124524164890,0.2482408944999,0.2173950263210,0.1290178961184,0.1955116670954,1.0000000000000,0.7191104709707,0.2237994181032,0.3185551337355,0.3661917953088,0.4743480981666,0.0735625321223,0.2337151350384,0.3253936161721,0.3881717294427,0.5344999207529,0.6434364939015,0.5560073670999,0.4781653357067,0.0778788468223,0.1797908504405,0.3402214248722,0.3807531869671,0.0971885549904,0.1494460297294,0.0171924226845,-0.1367896466739,-0.0627123303443,0.2413073471973,0.0712802833939,0.1249662151641,-0.0158210807713,0.1384945610855,0.1591201063635,-0.0162657011696,0.2483256962994,-0.0567254273147,-0.0511089159925,-0.0227086265736,0.1923167821628,0.1710617263305,0.0254965507076,0.1711995755967,0.0815525294546,0.0245101563733,0.1056172728957,-0.0332191322144,0.2459830856644,0.1738508191758,-0.0208617806259,0.0081681320029,0.0667106174194,0.1763660457035,0.1855559607962,0.5979817566825,0.7733063182637,0.7185583839688,0.5569812049690,-0.0537877662339,0.1651503685155,0.1256996498084,0.3384120121658,0.0412142857611,-0.0008321826415,0.2711668035747,0.4104354388942,0.4814093325578,0.4591079433539,0.2607005040193,0.0430138491165,0.4278618054215,0.4152035367841,0.1944441010462,0.0108237462241,0.0788599035888,-0.0428953908570,-0.1817433598542,0.3160026160310,0.0687030401589,0.1291963708873,-0.2165124090072,-0.0439992978887,0.1445812224645,-0.0146380638781,0.0924598215922,0.1149219270214,0.0617766138419,0.1990993154011,-0.0538846031893,-0.0457839955582,0.0950133029806,0.0135922987184,-0.0269962846870,0.0499843617702,-0.0467867255358,-0.0946052169301,0.0918080010360,0.1289005946333
0.4060378015541,-0.0781483411822,0.1431619646316,0.4146362366144,0.3784305330377,0.3236954053403,0.3123689349231,0.7191104709707,1.0000000000000,0.3594431110392,0.5203931546853,0.5440766335143,0.5593285614129,0.0539176795042,0.3426771406340,0.4609231387274,0.4799103838416,0.6335767381330,0.7407066949615,0.6670582792993,0.5342146917582,0.1493396213957,0.3495154514782,0.4758435088835,0.5618578219810,0.2964128100720,0.2074385899146,0.0114577505552,-0.2369255991737,-0.2491543411746,0.2822760532160,0.2959193034519,0.2498673581790,0.1569287273327,0.2984278428476,0.3055993918860,0.0547793813115,0.2817392460506,0.0615437292859,0.0815515625504,0.0083546710770,0.2549567480064,0.2262794311146,0.0304587734110,0.0620182665887,0.0294826704858,0.1047766686658,0.3049289125576,-0.0802518489207,0.3970593104604,0.3745198437951,0.0613945075529,0.1924203738261,0.2491360608603,0.3737760403455,0.3491098427630,0.6145901649930,0.6119423109579,0.7723781399902,0.8346182988774,0.1172756560149,0.2981430699995,0.3784331305676,0.4582081146403,0.2008095394668,0.1556786341082,0.3353945364083,0.5239382755965,0.5146421299906,0.6817837394210,0.4063663793814,0.1690499337193,0.5667104215779,0.5525122115856,0.2907981614625,0.0462994286661,0.0514657988595,-0.2041459699905,-0.3399446582118,0.4147090648787,0.1382374729723,0.2133772432858,-0.2101629822866,0.1158396495876,0.0709919835788,-0.0012266460796,0.1535105604005,0.2786094761703,0.2234992968247,0.1821934804158,0.0516301288211,-0.0474971848562,0.1079729171118,-0.0044707130414,-0.0043345004605,0.1860046850478,-0.2089219735049,-0.0894851600864,0.3460006066950,0.3095621822470
0.3231785741352,0.5178304422587,0.4362458717379,0.3926469012353,0.1691343527380,0.4332788908340,0.4530945029383,0.2237994181032,0.3594431110392,1.0000000000000,0.0835216964358,0.3476956650235,0.4355571229180,0.5166138158255,0.4131833393488,0.1232001877662,0.3457786523579,0.1179543987419,0.2814469768238,0.1599291067200,0.1884454935105,0.5038485928087,0.0719741901697,0.2464921202187,0.0055345334724,0.2315234979550,0.3514662197210,0.3281106234912,0.1887950566104,0.2621693911767,0.1866399526780,0.3742169817666,0.3246237157018,0.4504874118708,0.0626806509629,-0.0274537283656,0.1067370911613,0.1602999222822,0.0969616199365,0.2690920437580,0.3962247811459,0.2279730686868,-0.0521311703895,0.1113553228283,-0.1153118797056,0.2495293767119,0.3662557082782,0.0314467207357,0.4018754041608,0.5096063348541,0.2724382183872,0.3089070147999,0.3576325489498,0.4228417036227,0.5199832322603,0.4243043019437,0.1082385597024,0.2843999959556,0.3394640154235,0.4070859119702,0.5838958996500,0.0468742384709,0.2528844360442,0.2613331081971,0.5079866946919,0.1222727021506,-0.0990602120760,0.3585404034490,0.1542916609345,0.0515605100556,0.1513261595179,0.2685120159006,0.2382871994739,0.0327635787137,0.0338962382809,-0.2933568413653,-0.0680341923690,-0.0003879883295,0.0987087027085,0.1966907984539,-0.0124180020122,0.0570902038292,0.0465263048509,-0.1175196205903,-0.2891255884735,0.0503596522417,0.0385421604874,0.0906910198660,-0.0563337037179,-0.0218226632929,0.0674095725273,-0.0240638062741,-0.0019444097996,0.1849402645379,-0.0512587576402,0.2060261774253,0.1723892424052,0.2139284297490,0.3963560509399,0.1949603735692
0.2805604124157,-0.1467230639568,0.2961919438042,0.4326715044869,0.4310339534621,0.4154470185456,0.2596880525816,0.3185551337355,0.5203931546853,0.0835216964358,1.0000000000000,0.7535770023412,0.6169574444721,-0.1353733273671,0.4163482682703,0.3747607481286,0.4665319774585,0.5932123218811,0.2061948358077,0.5127770726738,0.6154161315467,0.3851619653893,0.6914677648281,0.4694930593962,0.4372612505604,0.5189454530778,0.4572458075535,0.0676453374922,-0.2119045352871,-0.3732321581417,0.2917780771981,0.3705812881904,0.5177742143930,0.1813234998510,0.5177767830802,0.1919091033447,0.1438857291628,0.3358135876769,0.2327938933545,0.3303797316805,0.1365717127172,0.2083339642212,0.4230115486015,0.2120095003100,0.2668095223597,0.2362200864594,0.1127320685925,0.4783104295582,-0.0167998123492,0.4473636509080,0.3333029457912,-0.0368751123198,0.1656751121309,0.2876250948824,0.2682595690998,0.2886801442725,0.5350168361817,0.2465917982989,0.3426179355472,0.2721652459620,0.0759328651951,0.7140030713548,0.5706441075910,0.5536393538095,0.0564441775757,0.4596723717424,0.0466021322525,0.5614626794868,0.1088229476585,0.6098720782683,0.5583793658065,0.4482270350374,0.4698652353883,0.4700004430692,0.3384491137918,0.1492739320594,0.3086335316445,-0.3294359562475,-0.3322645561912,0.3669259860634,-0.0637640905336,0.4437185181987,-0.3316629424482,0.2084581901743,0.2818513874541,-0.2406920138421,0.1927254818432,0.2924233487196,0.5002110380857,0.1910485588998,0.2534590191282,0.1035093259356,0.1916630518427,-0.0096058418286,-0.0851482200300,0.2915480466869,-0.2753273517392,-0.0495209730925,0.3047117287650,0.5234990547207
0.4514888250551,0.0442710646103,0.4579721340815,0.5720085175058,0.4981598551172,0.5137555811998,0.4122846127266,0.3661917953088,0.5440766335143,0.3476956650235,0.7535770023412,1.0000000000000,0.7032957916957,0.1143170811086,0.5355812132744,0.3590007738424,0.5332201126219,0.5494545493503,0.2482766145938,0.4899222847446,0.6678368482438,0.4366194572264,0.7115976356226,0.5504259861261,0.4264418111392,0.4982558823981,0.4965748199605,0.0757561498199,-0.1663224823897,-0.2303430083448,0.3205488945831,0.4696786975836,0.5615518146995,0.2754372613828,0.5172450890342,0.1596072851181,0.2177256835652,0.3804043386927,0.2305495943070,0.3307547454123,0.1598399522395,0.4203808916118,0.3126440677921,0.2860861597698,0.2843429668735,0.4136670731770,0.2741715812161,0.4540344939321,0.0310475440630,0.6146870286314,0.4804816757103,0.1072620127575,0.2730579767915,0.4724133226103,0.3291484618191,0.4138370077720,0.5464915311998,0.2485485080352,0.4432132376663,0.4151841348207,0.3395442426502,0.6777760250117,0.7594657412713,0.5928528791049,0.2134087128639,0.3970327999060,0.1326984828469,0.5455172051623,0.1351630093951,0.5553620785620,0.6986883129096,0.6125589492343,0.5284318158764,0.4881400830570,0.2493783021861,0.1514640897528,0.3570809399346,-0.2239102383299,-0.3137457678573,0.3216671571356,0.0859443432361,0.4953336203852,-0.2216130015815,0.1050743373235,0.2505942089392,-0.0187178451067,0.1842484921150,0.3218381240842,0.4232151989545,0.2247699743385,0.1862008857265,0.1713179498031,0.3005224244870,0.1640176305116,0.0711861686499,0.2821894259909,-0.2168363359678,0.0959108502023,0.5347417508916,0.5022761320887
0.3432689160666,0.0722053245026,0.3515002275589,0.6348624033237,0.4434928276480,0.5756720156422,0.6482421946495,0.4743480981666,0.5593285614129,0.4355571229180,0.6169574444721,0.7032957916957,1.0000000000000,0.0051088315144,0.5536774705116,0.5230357918288,0.8009507929677,0.5485401095007,0.3050498480817,0.5672065199287,0.7338698215318,0.3014800914243,0.4445694969879,0.6484356098046,0.4640610762557,0.4005008187635,0.3622912437991,0.0478842984136,-0.2077661151864,-0.2807875326621,0.5652708641005,0.4770930371917,0.6837073851814,0.2167903731244,0.5209672662578,0.1813022691327,0.3447179155175,0.5439868358549,0.4447900915377,0.1951842898470,0.1324539546771,0.1517893519939,0.4849500943557,0.2071461058385,0.2405560892871,0.1479917885225,0.1583172752159,0.4910170231801,0.0455751129067,0.5572114306720,0.3632650394839,0.1187988060625,0.3866101978917,0.4640828207726,0.4949151516794,0.5837176182392,0.6421043423521,0.3547039953599,0.5111033095005,0.3793202534284,0.2764082046454,0.5085883023061,0.6221838614737,0.7820757608004,0.0498617748433,0.3859332268288,0.1977112264581,0.7841062822173,0.1605908550542,0.5765809837403,0.5702071751733,0.3579300090861,0.5861718859515,0.5235210600939,0.4346608337108,0.0214986648809,0.0361824205278,-0.2534242678119,-0.3779293779447,0.5762043864739,-0.0085119562773,0.5025478712188,-0.2662258788185,0.2786570848640,0.1673582123581,-0.1033512385145,0.3510586382159,0.4581432437694,0.4407717601397,0.3204879343457,0.4096176656504,-0.0853775692437,0.1903001393998,-0.0279845257129,-0.0817226427181,0.4109044239558,-0.2687534005884,-0.0326013604180,0.2813517705624,0.3812694421601
0.3956295413458,0.4305202226611,0.1998607094658,0.1630242359569,0.0726938575742,0.1582325921571,0.1358149915828,0.0735625321223,0.0539176795042,0.5166138158255,-0.1353733273671,0.1143170811086,0.0051088315144,1.0000000000000,0.1189738056263,-0.0292315965246,0.0118225835061,-0.0139621980472,0.1821834951475,0.0376286319047,-0.0658451102978,0.2473668587956,0.0995439610121,0.0052292010522,-0.0806927485981,0.1180634012329,0.2913613107636,0.3400498723295,0.3446653474952,0.6005286835803,-0.0253267255815,0.2450093477399,0.0075052951639,0.3291737972240,-0.1565433728067,-0.0707640783861,-0.1675161464686,0.0857402078183,-0.2098742163659,0.1969145459833,0.3471335461042,0.5182647822415,-0.2824487004098,0.0960267039152,-0.0100316766544,0.4188589033956,0.4782147805622,-0.1138690190546,0.4665025567038,0.3079874865254,0.2870347087567,0.2569583274104,0.1048341305966,0.2408665491476,0.1823439284206,0.1451906761186,-0.2153070969935,0.0520653136445,0.1510850134444,0.2167732270032,0.2724857563616,0.0599954277433,-0.0178266409728,-0.1476672510468,0.7255554715543,-0.1618225488751,-0.0549393432231,0.0404693631305,0.1102899629039,-0.0800356682787,-0.1080544710079,0.2086384675155,-0.0776158454051,-0.0829215770367,-0.2478721067858,-0.1797453152572,0.1425869715847,0.2779025864833,0.3213042288662,-0.0035706300246,0.1528272418652,-0.1691522206549,0.3291498447920,-0.3105080419315,-0.2234173207543,0.3392090012748,-0.2790026788111,-0.1477424064103,-0.4304073079156,0.0241803162179,-0.3294485706373,0.2515611071777,0.0105504030157,0.4462785445676,0.1348237426860,0.0014870961989,0.5726476885271,0.4457921030386,0.4542412275303,-0.1518585272248
0.4579301495608,0.4336287415292,0.4507873851347,0.6835616537450,0.5930680660665,0.5744555510889,0.4855489127203,0.2337151350384,0.3426771406340,0.4131833393488,0.4163482682703,0.5355812132744,0.5536774705116,0.1189738056263,1.0000000000000,0.4033806098884,0.5210977587481,0.3741834073163,0.2149460099822,0.2680508284206,0.5265720735870,0.1992354177150,0.1899731803302,0.4295004351436,0.1958525889773,0.2608871121645,0.1611070791187,0.0762105042190,-0.2283945459411,-0.2642846520484,0.3573887365589,0.3441509131112,0.3959130081030,0.2127757311482,0.3660659220139,0.2216675061539,0.1603218210153,0.3908159497873,0.3531223328830,0.1374075715114,0.1028010038168,0.2122750037057,0.3881112646194,0.1179365923902,0.0736307470119,0.2473305816258,0.0833672151020,0.5242380954907,0.1879883239713,0.7192889332546,0.4815003617932,0.4780202369637,0.5706063940909,0.5738299330564,0.5042027380950,0.4990645257946,0.3272465102398,0.1376305437615,0.3653724785557,0.2952404596105,0.2072390278728,0.2773458206028,0.3941149125374,0.3804411503869,0.1449818011539,0.5934390588159,0.1555952086727,0.4376495951245,0.1393016844187,0.2978128270050,0.3607037027759,0.2117882851533,0.3499758165398,0.2705335978492,0.2034098510715,-0.0030353695572,-0.0535847910743,-0.1677962598665,-0.3851101284601,0.2928773579677,0.0072310360940,0.3484327212335,-0.2085084596291,0.1256120137222,-0.0050066536935,-0.0458886542072,0.1179129385779,0.3396063931349,0.3424410385028,0.1344123256460,0.2369887071270,-0.0966798011520,0.1014257330792,-0.0740662975383,0.0111580100802,0.4639621370266,-0.2450974360517,0.0018433601070,0.2891585639417,0.3329479182275
0.2847542025245,-0.0472284634230,0.2108653041461,0.6209567159386,0.4780703365302,0.4181504773451,0.6539968058717,0.3253936161721,0.4609231387274,0.1232001877662,0.3747607481286,0.3590007738424,0.5230357918288,-0.0292315965246,0.4033806098884,1.0000000000000,0.7026901490346,0.6025456181508,0.4294097940547,0.7594155989318,0.6471841740973,0.0207187748849,0.4247301086378,0.7269415544186,0.6211305263569,0.3627451414221,0.2145815063268,-0.1795315626418,-0.2011047970675,-0.4094403332768,0.8427983965354,0.4886705472428,0.5021725252553,0.1549637717750,0.6948083916343,0.6121746677814,0.3274475971430,0.6163470575928,0.4410907689366,-0.0068684693850,0.0113934899590,0.0579362560115,0.7094631056407,0.1144229576511,0.3492095745249,-0.0453924651889,0.1610403946159,0.4577351158349,0.0200572913778,0.2969305974887,0.3246723058653,0.0447683060354,0.4610015869313,0.3218874539730,0.3746942015474,0.5829949090520,0.4830437069323,0.1478964543873,0.5210174323112,0.2204726485255,-0.0100352578094,0.3491932766767,0.2937310238522,0.3075342693733,-0.0837099590196,0.2560906760634,0.6345009743877,0.6620961716039,0.2638741179145,0.7542101718771,0.2648445591758,0.1728462144001,0.5954137257662,0.5849287666247,0.5877928897822,0.1091033197768,0.0047440902639,-0.3271261583551,-0.3876160322854,0.7887398915280,0.1796806742190,0.3275938963162,-0.3311737589193,0.5511547451585,0.2438281733852,-0.0228836913231,0.3785594961745,0.7872224469008,0.3785419219312,0.4688589705807,0.2904655323267,-0.1449859806650,0.1337314201937,-0.1003931129643,0.0380304052310,0.4201745935796,-0.2292030094511,-0.0611788574054,0.1261645861565,0.0504720650135
0.3302362908664,0.0750068101760,0.2009984015325,0.6675579053674,0.5092209765771,0.4547019745833,0.7053802291847,0.3881717294427,0.4799103838416,0.3457786523579,0.4665319774585,0.5332201126219,0.8009507929677,0.0118225835061,0.5210977587481,0.7026901490346,1.0000000000000,0.6001251457699,0.3829533011772,0.6348366623952,0.8144163296959,0.1472899944483,0.3808253191666,0.7410511131729,0.4695434289700,0.3207042555962,0.2600026903522,-0.0145723225074,-0.1198641075800,-0.3170504166045,0.8140797571782,0.3560550034290,0.6110502006884,0.1354358231055,0.5334339482090,0.3181930921381,0.4334416979426,0.5635346442051,0.4395716785567,0.0492707001102,0.1419344329396,0.0155896371180,0.5763173160938,0.0712634947867,0.1517673037504,0.0057761491124,0.0449498141702,0.3756403866654,0.0445563693226,0.3991285618024,0.3385561487690,0.1485678716619,0.4506115889049,0.3418117994887,0.4653000859954,0.6365141874538,0.5426270601208,0.2726710434865,0.5622698106526,0.3354711753251,0.2033718237559,0.4116387768330,0.4939148265494,0.5478526245671,-0.0081066595503,0.2813365286127,0.3556087039839,0.8218651923307,0.2593273337611,0.6206038526198,0.5362733565343,0.2292257299883,0.6623114421565,0.5593126646619,0.6180717170908,0.0008833991881,-0.1021129709319,-0.2736325349823,-0.3548492347823,0.7448211409701,0.0139275794180,0.3797081755303,-0.3117482455624,0.4124681505047,0.0658142978235,-0.1453779375264,0.4538800483862,0.6132275538618,0.4826035222175,0.2808554378284,0.3567392919306,-0.2104859224141,0.0651911075908,-0.1373909057628,-0.1033500455598,0.3260663383617,-0.2372487421171,-0.0396615727937,0.2125877139819,0.2878611604122
0.3705489237694,-0.1668045155128,0.1311356568359,0.5037124989253,0.4253163256839,0.2806287079151,0.4001988605641,0.5344999207529,0.6335767381330,0.1179543987419,0.5932123218811,0.5494545493503,0.5485401095007,-0.0139621980472,0.3741834073163,0.6025456181508,0.6001251457699,1.0000000000000,0.4487611914023,0.6096004216305,0.6830161295986,0.1398376218726,0.4919470993668,0.5870154405261,0.5472702444965,0.2979264610613,0.2241749737283,-0.1774228081389,-0.3117184509369,-0.4198988463125,0.5025217165358,0.3059522290204,0.3574002531699,-0.0009500950351,0.5375843069828,0.2565921046176,0.1523407644668,0.3167728729685,0.1290516856211,-0.0631926605451,-0.1180176261231,0.1562012055958,0.3528070035061,-0.0237186950320,0.2167121926922,0.0439004816072,0.0799949208107,0.2953383982181,-0.2328160140004,0.3532722542335,0.3241459874253,0.0610400207669,0.2443747115990,0.2506774921010,0.2335841236473,0.4255233499378,0.6769685783202,0.4074498623298,0.6251237694481,0.3778524322317,0.0117123613157,0.4143703393947,0.4190137280061,0.4607695616173,0.0374224046411,0.1650058282315,0.4357916304852,0.6658975815107,0.1780765464724,0.7254590807408,0.4626012793502,0.3148856015683,0.5805331682918,0.5687503624410,0.4263621990760,0.3396423294752,0.2168567990557,-0.2604111237825,-0.4122489230822,0.6271482548005,0.2623770994402,0.4527531648439,-0.3744105655092,0.2344223516247,0.3158234158112,0.0494103353822,0.2588343017610,0.4038756100156,0.3561854684531,0.3161963043772,0.0895877591786,-0.0083462067170,0.1751009007578,0.0006311342555,0.1342756737925,0.0970278183106,-0.3274010449581,-0.0605135791819,0.2606761981920,0.2885873904788
0.3698901535982,-0.0129883262767,0.0165464485725,0.2243599230583,0.2718602744326,0.2317620619416,0.1592354604339,0.6434364939015,0.7407066949615,0.2814469768238,0.2061948358077,0.2482766145938,0.3050498480817,0.1821834951475,0.2149460099822,0.4294097940547,0.3829533011772,0.4487611914023,1.0000000000000,0.6070030714473,0.3600941984989,-0.0798477650390,0.1170426383582,0.3337300820422,0.4212491827797,0.1988115180747,0.1095491753923,0.1119532010718,-0.1709898231122,-0.1406641842985,0.2013199157492,0.1050161709237,0.0914250341408,0.1097192518791,0.0719344674809,0.5103881071233,0.0010867207277,0.1080147830432,-0.0816866934049,0.0090784227420,0.0053510178166,0.2125955819511,0.1538792030706,-0.1368626558444,0.0028741927756,-0.0180556993457,-0.0663527280426,0.1311930575248,-0.1432218352190,0.2192675359890,0.3010306749053,0.2063613298979,0.1122551067083,0.1691213448945,0.3287274228319,0.2252501333012,0.3632939455216,0.5915212451981,0.7687886980953,0.6674644875489,-0.0159853842445,0.0908335348863,0.2050378537739,0.2096358999622,0.2372883360139,-0.0135127168836,0.4963592738161,0.3831610283026,0.7563863934772,0.5116361410879,0.2922641867840,-0.1113403129956,0.4842445503043,0.3706935375199,0.2929885831758,-0.1021286670099,-0.0733926281795,-0.2016102517397,-0.2204193727653,0.3294513906537,0.1218827818964,-0.0348251344363,-0.1788841293835,0.0837946803794,-0.0882281514729,-0.0955598252706,0.0994512764044,0.1915323718945,0.1088393346954,-0.0047531809836,-0.0851689618005,-0.0973121992015,-0.1398102330482,-0.1105188003002,-0.1758370877290,0.0487450704408,-0.1025696431375,-0.2353022661324,0.3234539027241,0.1803693072659
0.3382811368841,-0.0953707612610,0.1410226331401,0.3865165377255,0.4097456470067,0.3054165082725,0.3933952175387,0.5560073670999,0.6670582792993,0.1599291067200,0.5127770726738,0.4899222847446,0.5672065199287,0.0376286319047,0.2680508284206,0.7594155989318,0.6348366623952,0.6096004216305,0.6070030714473,1.0000000000000,0.6834727920217,0.0965810664869,0.5210309159571,0.7382809501797,0.8041225225168,0.4142609622220,0.4304186932115,0.0706457527089,-0.2087452669088,-0.2624844654805,0.6224511491087,0.3987801744503,0.4403872443807,0.2553911935099,0.5844642607567,0.5746469555151,0.3042170868186,0.6282100275912,0.2869453379616,0.2080129438952,0.0367669614429,0.2232935284978,0.5739799008895,0.2386802608560,0.3998489290525,0.1222738042371,0.1528034205404,0.3751272741896,-0.0193378830896,0.3193219998141,0.2730698842361,0.0207886649403,0.1317186197877,0.2239505480119,0.2437658166751,0.3239172833293,0.5272239804674,0.3357410996345,0.6270289431622,0.4081592556318,-0.0868640287876,0.5019301969377,0.3460524087924,0.3051223333145,-0.0538250107272,0.1671621285357,0.5202278455122,0.6132861603290,0.4315048636079,0.8699860790502,0.3598710461679,0.2665863257661,0.6618096148709,0.7817964764960,0.4536257863025,0.0596316637445,0.2012385358155,-0.1862366872108,-0.3617823072435,0.6370755220254,0.1251666711726,0.2659378682098,-0.2719556914505,0.3842450310677,0.3083601869447,-0.0279572496151,0.3982639293587,0.6081261426986,0.3483108454484,0.4236854367951,0.2061668005101,0.0745182560320,0.2266587834153,0.0313030271292,-0.0681215809752,0.2389407609220,-0.1970135441954,-0.1060119477622,0.2443548686924,0.1191236901073
0.3568592029841,-0.0434769987433,0.1763835395666,0.6162393292451,0.5167996253323,0.3635224480510,0.5086909353930,0.4781653357067,0.5342146917582,0.1884454935105,0.6154161315467,0.6678368482438,0.7338698215318,-0.0658451102978,0.5265720735870,0.6471841740973,0.8144163296959,0.6830161295986,0.3600941984989,0.6834727920217,1.0000000000000,0.1492294972707,0.5574863373246,0.7208455542373,0.6267622931002,0.4145882387370,0.3499885868691,-0.0893333951798,-0.2688276671769,-0.3865003529488,0.6552445954038,0.3603953872246,0.5361781818268,0.1336421954708,0.6636690224886,0.3137102467738,0.3733161771105,0.5296465889131,0.3376957418013,0.0951855569251,0.0025673486387,0.1826697289377,0.6163600415816,0.1427142194313,0.3240145303491,0.1515372744580,0.0765043569754,0.3809901046158,-0.1237379014879,0.4920401692903,0.3348951999326,0.1001094905695,0.2807199906351,0.2736816584547,0.2836772468932,0.4651538926413,0.6051821695345,0.2362264849381,0.5374517848541,0.3075517472644,0.0516556340079,0.5075065977170,0.5010868759319,0.4491161968964,-0.0998448148168,0.2904709371240,0.4209276713861,0.6913725018709,0.2299334091674,0.7005558625787,0.6459938046969,0.3850512151507,0.6792883010206,0.6838903501853,0.5475668830244,0.2036067183479,0.1646646545016,-0.2668307537728,-0.4562259819410,0.6033599624879,0.1489815396460,0.4700741823283,-0.4055367471052,0.3453889759477,0.3392837241460,-0.0584101106315,0.4178182639740,0.5939962531672,0.5980826799280,0.3178167517213,0.2676529055013,-0.0369877230814,0.2134485090003,-0.0212583340263,0.0450655291216,0.2013470726855,-0.3678668787750,-0.0728348246564,0.2338896380066,0.3691316221645
0.0319893814388,0.2734704183523,0.5149754800697,0.2793616849364,-0.0589080153396,0.1940689578783,0.2489396040835,0.0778788468223,0.1493396213957,0.5038485928087,0.3851619653893,0.4366194572264,0.3014800914243,0.2473668587956,0.1992354177150,0.0207187748849,0.1472899944483,0.1398376218726,-0.0798477650390,0.0965810664869,0.1492294972707,1.0000000000000,0.3870982832354,0.2197947180772,-0.0429852153993,0.4537585057690,0.5394631849630,0.4063595177429,0.2742053983362,0.2888396866525,0.1137312717078,0.3755213006463,0.3694459950117,0.4764740046764,0.1997960047055,-0.1808764238595,0.1678094943653,0.1680150254699,0.1413479552560,0.4949696984084,0.5248510364355,0.1711470154576,0.0428784763546,0.3486717483938,0.0703801957493,0.4993301513199,0.5371036817738,0.0235480299425,0.4581976159384,0.3811776380446,0.0832249543552,0.0115893753211,0.1113490150034,0.1576820925083,0.0023359906959,0.2266320332494,0.0883229755347,0.1286157909525,0.0654826016024,0.0541633099729,0.2598900719124,0.2850795366221,0.2063571770551,0.2115345765726,0.3225305906463,0.2422708164713,-0.3661410127329,0.2237317794343,-0.0643562500418,0.0435947858163,0.1148552603871,0.6035788218675,0.1243748562589,0.0213768774481,-0.0718927714336,-0.1854244579088,0.2643314104036,-0.0302319585069,0.1861789184013,0.0637830726342,-0.2244385363604,0.0480063860885,0.0702082862901,-0.1284490885898,-0.0558680823196,-0.1064708556387,0.0482392560760,0.0274958367124,0.1094588855608,-0.0284837425262,0.1389502963057,0.1329420436344,0.2293203522339,0.3892391963928,-0.0315315681507,0.0611876404576,0.1547647297855,0.3638604001049,0.1897234315494,0.2028825417061
0.2955190863759,-0.2625672035170,0.2362826058825,0.3883567930775,0.3799823918582,0.3316157859326,0.3182404736482,0.1797908504405,0.3495154514782,0.0719741901697,0.6914677648281,0.7115976356226,0.4445694969879,0.0995439610121,0.1899731803302,0.4247301086378,0.3808253191666,0.4919470993668,0.1170426383582,0.5210309159571,0.5574863373246,0.3870982832354,1.0000000000000,0.5149881900427,0.4272459323618,0.7058155880606,0.6211271873726,-0.0961620009079,-0.1422572605602,-0.2844730795206,0.3400738012611,0.5798472347604,0.5279076208435,0.3110167789245,0.5426279673782,0.2432188532398,0.1916213821365,0.4334919343741,0.2205804878392,0.3635033735741,0.1415548175177,0.3910363890082,0.3305735103497,0.4053966033408,0.3905121448569,0.3356810979011,0.3941810547933,0.4429101656740,-0.0259692726381,0.4018134896632,0.3223674363529,-0.1815641474280,0.0955569948635,0.2378512196192,0.1412923736283,0.3118688162158,0.3525254640277,0.0338374999431,0.2131587573044,0.1523825847386,0.0754405652683,0.6499882855502,0.5199884127903,0.3150089474312,0.1343515853967,0.2227137974631,0.1029057569746,0.4446721935410,0.0101670309368,0.5489785945169,0.4356630363179,0.6589363191513,0.4297827326649,0.4246307931093,0.2007078663708,0.2741205761476,0.5713563714867,-0.3193095249205,-0.2494110179591,0.3289981061881,0.1905360685848,0.4040831498802,-0.3195811642449,0.1450925212260,0.3409202888606,0.0040781452532,0.1908545431561,0.3903629554085,0.3221013446111,0.3447240609819,0.1538324693915,0.3412616678582,0.3702144430344,0.2333869516336,0.1506582233435,0.2557846275042,-0.1452499827738,0.1380579361258,0.4335510009910,0.3021154870692
0.3300113679875,-0.0026484934730,0.3291175764781,0.6043838518746,0.4162300518580,0.3942402674135,0.6637421909326,0.3402214248722,0.4758435088835,0.2464921202187,0.4694930593962,0.5504259861261,0.6484356098046,0.0052292010522,0.4295004351436,0.7269415544186,0.7410511131729,0.5870154405261,0.3337300820422,0.7382809501797,0.7208455542373,0.2197947180772,0.5149881900427,1.0000000000000,0.5245027173412,0.4406168643538,0.4768210774504,-0.0129203882813,-0.2236907268998,-0.3542769119062,0.7606591427152,0.4238083848883,0.4837897643005,0.2460496051170,0.7132089645434,0.3995700267585,0.5848846371542,0.6421894133465,0.4878923494165,0.1983078790838,0.0203199374350,0.0807113435140,0.5624319538549,0.2668646973537,0.2412064583249,0.1445755649054,0.1649132076114,0.3964740434840,0.0044192014663,0.4049872869589,0.3601006185168,0.0756637508230,0.3362912914164,0.3996532482242,0.2761308854110,0.5963654295582,0.5392516904969,0.1805221518482,0.5048532874781,0.3165733087433,0.0970164085189,0.5522494219762,0.4622186344323,0.4592434134215,0.0052803776236,0.3681002422989,0.4474968863745,0.7065315258642,0.2664919131187,0.6946952568044,0.4723700999936,0.4609003532890,0.7890140880090,0.6516804565102,0.4931190349367,0.2010786249063,0.2674752777901,-0.1694937814707,-0.3950192563354,0.7248551083988,0.1918857620559,0.4001510230793,-0.2751632771979,0.4493090618968,0.2644858213828,0.0832200587150,0.6327420325009,0.7876519834285,0.5117774174179,0.4522393005543,0.3983380030283,0.0924416477590,0.3567732877601,0.1177793350443,0.0616028512532,0.3097511392593,-0.2820017927887,0.0745467902740,0.3003266171707,0.2530773404464
