1.0000000000000,-0.1573906559887,0.5135781156405,0.6517185812501,0.7916894554756,0.4598517680472,0.4545275234719,0.4672547090763,0.3404364915928,0.3609045504263,0.3418538023353,0.4249654854004,0.4873251715864,0.3009998712176,0.1687956368189,0.3823719664461,0.2763868263568,0.3847637327147,0.2269100273238,0.3095066521364,0.1867852888189,0.1407455107065,0.3431488948095,0.1565534656917,0.2728038781363,0.3908175591763,0.2366223987292,0.1729400762877,-0.1757028096233,-0.3172101702662,0.1181062733354,0.3140216558895,0.3593619975081,0.2503660466184,0.2729902396896,0.1845533442153,0.0810453929264,0.1659789481081,-0.0858858910643,0.0234501889774,0.0189406400584,0.2671338542307,-0.0578792557006,0.1892279472285,-0.1412728997424,0.1579679463932,0.3475544995632,0.3588823814840,-0.0660505287138,0.4085654702975,0.7467677800742,0.3646533906251,0.4907423654891,0.5164313839239,0.5386200259758,0.4777921765992,0.3889223145496,0.4333498236642,0.2728431917808,0.3603190747275,0.2784886163936,0.2751242050444,0.4194107988345,0.4320453094045,0.1859340532249,-0.2057560346550,0.2636078196203,0.4538980920527,0.1416749565201,0.3760129310845,0.3833660427397,0.2706424861887,0.3631000776774,0.3907202556782,0.1927316749733,-0.2024021319646,0.1820058403024,-0.0316700156047,-0.1805844067537,0.3538941354051,0.2869807329434,0.3188224332489,-0.3498753170344,-0.1817774103932,-0.2814307678406,0.1462235988656,0.0290120087333,0.0931715549416,0.0861125050765,-0.0390836669546,-0.1042799733546,-0.0726498851220,0.0697853018709,0.1718064245477,0.1588039019211,0.3655558474453,0.0364926766104,0.2560611909762,-0.1618241578239,0.0677898330841
-0.1573906559887,1.0000000000000,-0.1242305579669,0.0500703768621,-0.0420538042873,-0.1332204215443,-0.1630895414247,0.1331932498520,-0.1953164924528,0.1042094038003,-0.1345886864860,-0.1488279767202,-0.2108358626227,0.4767101067361,0.1168853656138,-0.1431776535605,-0.3300004890533,-0.0571716674174,-0.3402043234532,-0.1756829331564,-0.2796805564558,0.2042171056314,-0.1850610625155,-0.3538813822827,-0.3407407832662,-0.3062563651024,-0.2511143132252,0.2759440618233,0.5276442470951,0.6479205101938,-0.1815710611623,-0.1954117367301,-0.2074778711708,0.1421939928733,-0.2232662595327,-0.2207817964285,-0.3747091929766,-0.1773659459558,-0.1762397173794,0.0114591493405,0.3259594060698,-0.1300144256422,-0.3773378612623,-0.2640645294131,0.3061041490396,-0.0498498887983,0.0121154015085,-0.2987423383210,0.5644664487318,-0.2370264000770,-0.1440288426831,0.5631273534978,-0.2027764119521,-0.2133556991526,-0.1018769199761,-0.3276536222028,-0.0143421596181,0.0582247163783,0.0268591159022,-0.2420646016101,-0.0021209653619,-0.1963577919716,-0.1845133501272,-0.1721779107661,0.2490213137107,-0.2279060877341,-0.4559007903762,-0.3294580213961,-0.4051120850857,-0.4225132332842,-0.1882438664569,-0.0395348271348,-0.2987884137142,-0.2342268561305,-0.3032316749617,0.1159907322570,-0.3921933868087,0.2861049473660,0.4009833988594,-0.3429218523963,-0.2177768235452,-0.1562353476161,0.4639318036546,-0.3697933353329,0.3412582397808,0.1320905660246,-0.3597022434163,-0.2657755940245,-0.3853499713370,0.0955565323146,-0.2058360897604,-0.0685001725113,-0.0711095962732,0.0069188998547,-0.0246334979970,-0.2596254422359,0.5261341985635,0.0921575502565,-0.1057106414852,-0.2127948435259
0.5135781156405,-0.1242305579669,1.0000000000000,0.3131591994116,0.5485262863736,0.6476376015126,0.4293072971803,-0.0022359514907,0.0398822378214,0.2242906273830,0.1607760345908,0.0927465317457,0.2219407193241,0.1896630278349,0.3562437250781,0.2316980775409,0.3858594215747,0.1009870543648,0.0767680725430,0.1796710000487,0.0986610212368,-0.1433363183256,0.0446532027622,0.1970317937657,0.0912096317027,0.3189587287395,0.3578799349222,-0.0676371610931,-0.2401040627236,-0.0709017429862,0.1959335094233,0.3761649712484,0.3360450487705,0.3616913741122,0.1480267801261,0.0889236544407,0.1683983378732,0.2736426142981,0.2009107859809,0.2774501060137,0.1576108375047,0.2850631869893,0.2383855293811,0.2305148765835,0.0759505107476,0.0800112363850,0.2382968760022,0.3595745691743,0.0712889405953,0.4480004255283,0.5255387999453,0.2689001811040,0.2485766536950,0.7518511793992,0.5482625639855,0.2343100862184,0.0216770238800,0.0050871333771,-0.0561912904722,0.0444358847217,-0.0576280390832,0.1490352716417,0.0067484294211,-0.0135439347174,0.1210320446709,0.1094556385200,0.1616788633525,0.1251122456406,0.0133625400925,0.1159086324508,-0.0971436180789,-0.0841084266109,0.0339175350962,-0.0091418717082,-0.2511582707133,-0.3517895691452,0.1290288578421,-0.2352562388995,-0.3154562110415,0.1261288560161,0.0753849955401,-0.0635256137376,-0.2538941117623,0.0272270716713,-0.3457493230945,-0.0848726981436,0.0692584713924,0.1001721159577,-0.0974192179931,-0.1376775298133,0.1254017504266,-0.0165102639716,-0.0575165075136,0.0635519769449,-0.1970712232430,0.3446148946179,-0.1001555860810,-0.1178948432245,-0.1074872770603,-0.0548441732549
0.6517185812501,0.0500703768621,0.3131591994116,1.0000000000000,0.5617917347479,0.3257473194625,0.7463750030512,0.6565291969699,0.4819368828884,0.3437012398688,0.2631073668605,0.3400378672127,0.4680798127255,0.3421098134813,0.2334424639568,0.4712430155785,0.3217047944567,0.5147306539040,0.2062934581801,0.4597528378806,0.1250317882674,0.1542218107617,0.2081466412701,0.1993957955122,0.3486637171338,0.2669919991782,0.1549190334355,0.2166891148352,-0.0334580871350,-0.2063105665471,0.1787378794953,0.1596290998968,0.2558879120235,0.0841109215897,0.2591907657303,0.1136145852355,-0.0023473836022,0.2072704460023,-0.1238932573810,-0.1751520121603,-0.0078928882855,0.1527509829347,-0.2533220227294,0.2091366855457,-0.1165655374312,0.0394708048629,0.1495228686825,0.1827682380525,-0.0293060706599,0.3810371910989,0.5667604966020,0.3904867860399,0.6908271119135,0.4269719136893,0.5568723762738,0.7061944801551,0.5176247346053,0.6070117637490,0.4267968391300,0.4958939911924,0.3072686988815,0.2800025583272,0.2915450875568,0.4413610855513,0.4104800900489,-0.2630504180598,0.2784460335318,0.5513286499794,0.1371808214706,0.4324785669538,0.4400275448327,0.2296725153870,0.4395855771869,0.4827534010804,0.2338957833344,-0.0103315057286,0.1232326546051,0.0337663903961,-0.0492458840182,0.4498251995118,0.1138426007695,0.3437578774829,-0.3453647408062,-0.2700278508503,-0.0699829392287,0.0107002037224,-0.0436844528373,0.0200161495100,0.0418571426217,0.1067920806869,-0.1612763847547,-0.2505824536290,0.2260017488892,0.0025911235772,0.1088717930494,0.2156143620445,0.0673239242292,0.1650433042559,-0.2207022365369,0.1573905959094
0.7916894554756,-0.0420538042873,0.5485262863736,0.5617917347479,1.0000000000000,0.6625456106827,0.5071236098821,0.4270790080861,0.2649707055476,0.3766978869527,0.3329295519492,0.3834612732092,0.4846487799201,0.4053776775344,0.3536737053049,0.3460937996395,0.3271915017788,0.4023154983205,0.1298684906113,0.2764957104155,0.2066865750696,0.2226864681379,0.3323545016005,0.1306102597686,0.1318469217635,0.3452139739972,0.2043652823913,0.1755593751434,0.0146964551141,-0.2235498404849,0.1874734731900,0.3107763519480,0.4132550049817,0.2396218710311,0.2389831675864,0.1267604593021,0.0896256364860,0.1425387989145,0.0198028103672,0.0851114922889,0.1132110308177,0.2670759906972,-0.0215012902393,0.1508263689908,-0.0547380185530,0.1074724620599,0.3362364077463,0.3917543159209,0.1268111756993,0.5357773598897,0.7707586404401,0.2959878465661,0.3672209433103,0.6432684400943,0.6905868361104,0.4309580502851,0.3393953489073,0.3723765496936,0.2671727999100,0.2461734940104,0.2153239688509,0.2712810363764,0.3956388706044,0.3666388231745,0.3092710389394,-0.1483912710628,0.1734594916491,0.4082764876000,0.0557588207999,0.2580861774998,0.3495444492655,0.2680520666336,0.2870038988298,0.2503158323338,0.1139859240916,-0.2100447872847,0.1099907532916,-0.0760704349152,-0.0627791161965,0.3341582295336,0.2341028152437,0.2693952734967,-0.3293339540486,-0.2078536574637,-0.2881305190599,0.0027223802502,0.0030810155678,0.0892032810775,0.0206955957161,-0.1093357878783,-0.0047739547926,-0.1002244685550,-0.0157309009685,0.0191336659364,0.0254641493349,0.3738214759395,0.1616824558877,0.2823222440280,-0.2895665262580,0.0527162490547
0.4598517680472,-0.1332204215443,0.6476376015126,0.3257473194625,0.6625456106827,1.0000000000000,0.5163775192238,0.1342375445540,0.1530229138710,0.4705308002297,0.4328010362783,0.2951397799896,0.4003446425742,0.3402790745241,0.4177623378726,0.3175936271421,0.3741095168108,0.2119909127094,0.2113123835964,0.3060646418000,0.2631321412115,0.1734258731084,0.3262623458750,0.2638937922513,0.1738640289810,0.4637358097639,0.3924869570625,0.0451279392008,-0.1675336860659,-0.1101513319214,0.3226632084351,0.4600519013763,0.5243318763123,0.3558100353747,0.3531691643623,0.2380091167378,0.3177567712965,0.2830796527998,0.2548208742161,0.2866437173449,0.2147377923807,0.4458871724936,0.2525818765018,0.2496434985332,0.0832604146917,0.2249994271114,0.3861356361094,0.5233033806969,0.1114308650277,0.6499442928254,0.4347600290802,0.0923719161986,0.1746597010915,0.6911057248099,0.6960787011148,0.1769711259149,0.1928483107693,0.0692543448980,0.0331386846965,0.1009606082901,0.0971716970549,0.2529146257794,0.2627614441327,0.1716452087773,0.1339795331453,0.2109233024646,0.1886569421051,0.2704413323861,0.0792915610789,0.2488909823876,0.1762326739249,0.2616828123238,0.2408925876326,0.1706889767604,0.0246683759260,-0.2009995373590,0.3164003972375,-0.1909748854851,-0.3088918825465,0.2233809180041,0.2695734701668,0.2209983561673,-0.2132288082152,0.0267769047254,-0.2382601337453,0.0214317282790,0.2358466639727,0.1906303654677,0.1180684440768,0.0005193328178,0.2404442004564,0.1125052126950,0.0125261513575,0.0223667411706,-0.0596357615861,0.4362249472019,0.0069606606108,-0.0384088986493,-0.1724602983184,0.1058914877083
0.4545275234719,-0.1630895414247,0.4293072971803,0.7463750030512,0.5071236098821,0.5163775192238,1.0000000000000,0.4140133360388,0.3558338804533,0.3253397332680,0.2333922933502,0.2320332945051,0.3503444215614,0.2503940332802,0.4074424168624,0.4716771256096,0.3945380851107,0.2839937163511,0.4093608274146,0.3971967637408,0.1824151319673,0.0206016469354,0.1682919006082,0.3088755801612,0.2870130908431,0.3044526670078,0.3130573644899,0.0243085751916,-0.2112521599936,-0.2112918957433,0.3609958165179,0.2894628931926,0.3592653079367,0.1703885634866,0.4512602203822,0.3503434602272,0.1881906597253,0.2577807887909,0.1202005977123,0.0350344388774,0.0010244557812,0.2135105997494,0.1417639077311,0.2521473809506,-0.0734250583328,-0.0182151154334,0.1084588485350,0.2913571483101,-0.0712129776786,0.4562902314933,0.4709053293883,0.1006038466246,0.4890979449260,0.5035184793815,0.6918831531793,0.6890412415679,0.2382851774741,0.3150134740790,0.1441808180036,0.3762564995875,0.1325851863251,0.1719216056606,0.1822988010641,0.2283947724343,0.3218211116020,0.0297747748962,0.4152749225042,0.3680741663471,0.3212640730354,0.3438770894400,0.2426456261869,0.0932668680805,0.3898787232245,0.3140094105913,0.1161767586037,-0.1051757766583,0.2303728380096,-0.1571659421779,-0.2636806181122,0.3930796886644,0.1396036805912,0.1983537744535,-0.3609859088311,0.0316016987880,-0.1882703349699,-0.0958918641958,0.1322606932340,0.2518924194279,0.1315222139753,0.0839889925444,0.1074097194890,-0.0910205757408,0.1588980561344,-0.1181339938406,-0.1185149008002,0.3251721509320,-0.1027751297089,-0.0565854597221,-0.2288285594534,0.1324825618839
0.4672547090763,0.1331932498520,-0.0022359514907,0.6565291969699,0.4270790080861,0.1342375445540,0.4140133360388,1.0000000000000,0.7284302755571,0.2568237027755,0.3310105835296,0.3491725617512,0.5321759405610,0.2077017732478,0.0519568716526,0.4578134661325,0.1743384035225,0.6353817743202,0.2509789218767,0.6011148609426,0.1121056229638,0.1823230045601,0.1704635867849,0.1805519812339,0.4926930784308,0.1039013109733,0.0313343316577,0.2422489768101,0.0511725809942,-0.1950119689144,0.1828761106093,0.1196897442978,0.2032782737156,-0.0260826756490,0.1296399668582,0.0981596681413,-0.1017777096383,0.2356660574511,-0.1335877392671,-0.3266520342291,-0.0594738028200,0.0644780639198,-0.2787937133796,0.1778538585458,0.0556371320321,-0.0190006045809,0.1553927944014,0.0960773359451,-0.1092324197179,0.1776406772984,0.3548345634864,0.3058211364809,0.4175441663739,0.2545377557631,0.3854637334651,0.5306000157478,0.6307780078214,0.8292838432647,0.7086409876063,0.7081999348373,0.3488666109000,0.2507884381827,0.3223868877248,0.5807129370331,0.2792114118987,-0.3317438917845,0.1719784982704,0.5855426575311,0.1777876953266,0.5018388202104,0.4723418724576,0.1595875704535,0.4792757236377,0.6603243967803,0.3228536043118,0.1037254415542,0.1015107305364,0.0815158359388,0.0185203585908,0.4892618146279,0.0776370644322,0.3706456364597,-0.2460922056712,-0.2734792244606,0.1020571296323,-0.0310746228113,-0.1593530642270,0.0377368161598,0.0237621193699,0.2396534170050,-0.1801302929915,-0.2898522734679,0.2522214255933,-0.0834247523700,0.1340882741089,0.1261560383098,0.0317346895452,0.1773655665804,-0.2204596460687,0.1174062299106
0.3404364915928,-0.1953164924528,0.0398822378214,0.4819368828884,0.2649707055476,0.1530229138710,0.3558338804533,0.7284302755571,1.0000000000000,0.1194585291080,0.3897546114462,0.3372712833994,0.4646339532672,0.0218415191932,0.0555936330802,0.5111771259215,0.2869689712433,0.6229534076429,0.4010284961634,0.6781449819432,0.1711940123663,0.0397209532036,0.2440193566040,0.4989745187203,0.7695540215639,0.1917100551099,0.2123793803848,0.1283855959941,-0.1003471325886,-0.3239290006570,0.3326598448926,0.2220705048091,0.2542097124974,-0.0818613149420,0.1883462160826,0.1775707379920,0.1286240415608,0.3669849177580,0.0878085124918,-0.2052996302777,-0.0864943195057,0.1814895544833,-0.0683693617954,0.3611567204729,0.0092940394837,0.0675904453602,0.1362470945217,0.2046046628560,-0.3213060114991,0.2344004840962,0.1673467827844,0.0099908574299,0.3232063879836,0.2075212822390,0.2505340969779,0.4105982288360,0.5014436650743,0.6309412254007,0.7770003694251,0.9444081614752,0.1516919704596,0.2938540499766,0.2553414282510,0.4656294650955,0.0645205908875,-0.1219347973100,0.2970011666650,0.5954522213963,0.3872120987006,0.6563226320422,0.3517843829669,0.0811572660499,0.6258602287673,0.7621083630854,0.3824518285209,0.1087398205975,0.3552463837156,-0.0030263987488,-0.1366072039445,0.5794376283776,0.0489240630665,0.2793341295729,-0.3494368686557,0.0368457944659,0.0224826747306,-0.1338515920639,0.0501277573229,0.1348565238114,0.1704891900407,0.2587221513455,0.0009503080050,-0.1668619462888,0.3594050650481,-0.1083076257846,0.0331878020319,0.1720085819942,-0.2395150018924,-0.0361735170700,-0.1401469698471,0.1279105065445
0.3609045504263,0.1042094038003,0.2242906273830,0.3437012398688,0.3766978869527,0.4705308002297,0.3253397332680,0.2568237027755,0.1194585291080,1.0000000000000,0.5044720466520,0.6135291142391,0.4921269617350,0.4097670284874,0.3972279381673,0.3660857025223,0.3880970392328,0.2443834506283,0.3388165294239,0.1328319474313,0.5565827644428,0.5902502849986,0.4679765890211,0.3412762983864,0.1125924919393,0.2081644085823,0.3953159997968,-0.0522391254150,-0.0438759673470,-0.0823811609935,0.2186061607686,0.2137632848898,0.3993636688882,0.2741163775338,0.3855803822669,0.3167547250050,0.1474018961814,-0.1023436833094,-0.0953446874293,0.2399743534840,0.2588617610744,0.3403441160392,0.0120551402910,-0.1004378583585,-0.1934479883187,0.1224378825966,0.2075714409988,0.1028587149177,0.2046663670678,0.5397544493103,0.3287871051849,0.0831372224961,0.2610933058162,0.1677229407235,0.4020369094909,0.1258347124860,0.0845741654261,0.0629643992033,0.0439955006376,0.0762996281823,0.5259372984920,0.3385646142562,0.5675390480457,0.1069198910059,0.3309943822706,-0.1195680084263,0.1966521099833,0.0761876085086,0.2291318927618,0.0765405933159,0.3800413498639,0.5242095376078,0.3156162348872,0.2536766863872,0.0732511778650,-0.0993158075992,0.2110551325307,-0.3225758690954,-0.2704792425149,0.0916113054567,0.0938228924108,0.0251101072664,-0.2813356833593,-0.2330745637396,-0.3481033873286,-0.0760448999735,0.0977909413227,0.1916498357959,-0.0228451046146,-0.2232896346599,-0.0947257272430,0.0238815989536,-0.2167377484474,-0.2020838568749,-0.1856285076090,0.1226371316493,0.1395047568215,0.0338742822609,0.0563580524236,0.2227170262362
0.3418538023353,-0.1345886864860,0.1607760345908,0.2631073668605,0.3329295519492,0.4328010362783,0.2333922933502,0.3310105835296,0.3897546114462,0.5044720466520,1.0000000000000,0.7706218702530,0.5754860837549,0.2722700737567,0.2184261766339,0.5012146563713,0.2558732963100,0.4619741291267,0.3763420060775,0.3358704614579,0.3728628885053,0.3491232494310,0.6886945271619,0.4284331927844,0.3509133050394,0.1910410629014,0.4619569349033,0.1425938260821,0.1361375411436,-0.0875992356495,0.3234641021697,0.3339458581724,0.4396058416506,0.0617444032566,0.4488825824109,0.3424787066365,0.3090073686964,0.1186570920793,0.2448446564811,0.2413452469179,0.3310969920289,0.5186443792686,0.1992350001626,0.1467473186542,0.0283558554017,0.3082078467921,0.1800010394099,0.4677012564278,-0.0648714194197,0.4037153444682,0.1182352558021,-0.1486059453226,0.1054010569876,0.1096618480646,0.1859611916158,0.1153618139043,0.2192252284848,0.2122682540562,0.3168466280845,0.2950562109202,0.1112514565010,0.5960242894440,0.4750909462141,0.2412489687284,0.0217100042025,-0.0180345728752,0.2201349055789,0.3550733255000,0.2206279570384,0.3298985180803,0.2687442713257,0.3804568508698,0.4196671723164,0.3692664382818,0.1703215338309,-0.0218851926771,0.4000998819852,-0.0687700431385,-0.0720156339265,0.2870294342521,-0.0522671102151,0.0266743573015,-0.2667026582893,0.0363614068149,-0.2132548298960,-0.2745194882056,0.2220762926813,0.2940844353993,0.0938078688635,-0.0624780697220,0.1857467162604,0.1046911927498,-0.0277819777769,-0.1567757862953,-0.2287529406861,0.4126565991379,-0.0309231064445,-0.1445205150949,0.0887108903040,0.0726610835791
0.4249654854004,-0.1488279767202,0.0927465317457,0.3400378672127,0.3834612732092,0.2951397799896,0.2320332945051,0.3491725617512,0.3372712833994,0.6135291142391,0.7706218702530,1.0000000000000,0.6821527403767,0.2104798999178,0.1824958214855,0.5277948457399,0.3474394163364,0.4878222488073,0.3845369724166,0.2381508337165,0.6106032540512,0.4501851967775,0.8123480321290,0.4679729379331,0.2921708115171,0.1304570299070,0.3627455803261,0.0866272804602,0.2126363923108,-0.2928722244391,0.2459236737939,0.2160896352401,0.4393302690566,-0.0937042238858,0.4533501210857,0.3514531599213,0.1373325198288,-0.0392266571199,0.0942529543010,0.1152305267834,0.1992954648784,0.3250282321667,0.0140175366786,-0.0397522637147,-0.1974122024429,0.1367664681941,0.0617577264165,0.4008599047050,-0.0342536194342,0.4007531683097,0.2574427546816,-0.1450803122157,0.3142695769539,0.0462462373845,0.1679749409560,0.1760912106848,0.2521284948401,0.2057697372397,0.3151223204440,0.2773757172836,0.3035804293085,0.5414982747899,0.7722295969624,0.3168963922386,0.1320346419385,-0.1160453275467,0.2493936922182,0.3025088156997,0.2732784352367,0.2878975638275,0.5063940181802,0.5703329410388,0.5119211875482,0.4321632532556,0.2975647164907,0.0181355645148,0.2754296397728,-0.1736286826406,0.0381622450037,0.2871470933738,-0.0466290075924,0.0412493923693,-0.4702797749381,-0.1156884198322,-0.3054769340544,-0.3449523530730,0.1384875400035,0.3375055450293,0.0934908698742,-0.1654418715155,0.0852649760880,-0.0247620479084,-0.1552782518775,-0.2312971998222,-0.2184023108183,0.4145138359557,0.0638123625276,0.0065667183887,0.0525916955255,0.1199814977902
0.4873251715864,-0.2108358626227,0.2219407193241,0.4680798127255,0.4846487799201,0.4003446425742,0.3503444215614,0.5321759405610,0.4646339532672,0.4921269617350,0.5754860837549,0.6821527403767,1.0000000000000,0.0285057749568,0.1154457828452,0.3925669581866,0.5248989975725,0.5569252496824,0.2044989427808,0.3800498024650,0.3757239959198,0.2213654054443,0.4392858421254,0.4040725805147,0.3696407008237,0.3162459690507,0.2880866226860,0.0184770873320,-0.0017260820122,-0.4096942335090,0.2256123760948,0.2390457199485,0.4929361624393,-0.0772976753041,0.2420177569761,0.1233536819840,0.1528122309201,0.1752644986252,0.1223804628646,-0.0702771447871,0.0154440519977,0.1892959098240,-0.0614238911793,0.1592980294832,-0.1821414763197,0.0453801404225,0.1150228242809,0.4232246111526,-0.1464751664513,0.4081226641513,0.3585335867785,0.0550290809538,0.4530934524028,0.3343538686901,0.4153681505750,0.4127724566730,0.5975608123871,0.4706033369040,0.4236040856064,0.3923877018648,0.4093807894089,0.5804017722466,0.6572666310443,0.7452369683946,0.1117711745889,-0.0884867331369,0.2356160841923,0.6492791646021,0.1375766161532,0.4449857582071,0.5834488638721,0.3602964647856,0.5216633699351,0.4765096666247,0.2906775765905,-0.0322741516570,0.2737875478917,-0.1848052559231,-0.0460155732107,0.4714176658706,0.1431117324380,0.3297297345284,-0.4655262736428,-0.1122143836070,-0.2242730859759,-0.1884044604613,0.1206247672445,0.1728050898875,0.1599066440777,-0.0675689271367,0.0927307236421,-0.0355037579917,0.0126771148362,-0.1913718095362,0.0130543572794,0.3889244210005,-0.0840839917268,0.0884985175304,-0.0543315000673,0.2064668853499
0.3009998712176,0.4767101067361,0.1896630278349,0.3421098134813,0.4053776775344,0.3402790745241,0.2503940332802,0.2077017732478,0.0218415191932,0.4097670284874,0.2722700737567,0.2104798999178,0.0285057749568,1.0000000000000,0.5478960018794,0.3233070035077,0.1010580156639,0.2960301200613,0.1134052681460,0.0724185315427,0.0847971182718,0.3893889999646,0.2206981665153,-0.0294141064438,-0.0919714069091,-0.0217826464253,0.1838501578669,0.2801378081461,0.2464137459669,0.5077553947310,0.2411351494587,0.2426785626697,0.1946382394242,0.3795442213680,0.2795132182366,0.2349214709308,0.0099132258816,-0.0017437261880,0.0136980762221,0.2196407985286,0.4749146916759,0.3832842674115,0.0011024060431,-0.0818137779727,0.1596740030650,0.2120581922113,0.3159149631150,0.0711799021251,0.5240076658560,0.3897594708623,0.2583709690621,0.2940728014247,0.0072283736106,0.1302114667520,0.2309239821727,0.0000349789316,-0.0242109677570,0.0759387304326,0.0982268199047,-0.0144873617234,0.0021643731827,0.0789320174371,0.0763056587058,-0.1560806519731,0.4233046746423,-0.1045036697234,0.0043280431735,-0.0191864675565,0.0007827600525,-0.1384532955502,0.0023843121987,0.1758450515614,-0.0004116601707,-0.0119475720303,-0.1310579719504,-0.2184732159885,-0.0693171429867,0.0473757777973,0.0529791643067,0.0132702121856,-0.0380920306754,-0.1088601735780,0.2332156047466,-0.1941618209973,-0.1206919461476,-0.0068777504581,-0.0498532611591,0.1468228212064,-0.3065296287174,-0.0484693193804,-0.0281593683112,-0.0754196507909,-0.1366196204462,0.1201599968925,-0.2017025020035,0.1046420726392,0.5260857522776,0.0933633005386,-0.1869805237197,-0.1817481077131
0.1687956368189,0.1168853656138,0.3562437250781,0.2334424639568,0.3536737053049,0.4177623378726,0.4074424168624,0.0519568716526,0.0555936330802,0.3972279381673,0.2184261766339,0.1824958214855,0.1154457828452,0.5478960018794,1.0000000000000,0.3340533924514,0.3251248054230,0.0855384333407,0.2273569457561,0.0984758328148,0.2067774437004,0.1329698968420,0.1227183530703,0.1901947908102,-0.0206960640023,0.1648326884495,0.3595704423069,0.0830443599703,0.0415579559326,0.2996830439789,0.2882277177412,0.3062513099529,0.3055387612397,0.3629330047527,0.2488255004701,0.3203832978593,0.2653194724087,0.2223551040278,0.3198134650414,0.4120914511870,0.5504040143978,0.5956673546194,0.4920243081905,0.2414530200658,0.2732977369101,0.1252373062222,0.3653309445568,0.2030031181668,0.2632157639537,0.6022687087136,0.1204812212524,-0.1223454277402,-0.0449782258507,0.1952345619681,0.2999572078461,0.0688636112366,-0.1943674587018,-0.0852230384599,-0.0726077416526,-0.0162721633481,-0.1718089875109,0.0444245532312,-0.0187828214644,-0.2092687936653,0.1144577470392,0.2531959596073,0.0926857314895,-0.0905110501376,0.0816248866625,-0.1280804093071,-0.1613617897711,-0.1124670273721,-0.0090549079144,-0.1026570940726,-0.2870212196617,-0.4558646206304,0.0477523855116,-0.1884720152020,-0.1790889891032,0.0018401862134,-0.2162619604452,-0.2757441630646,-0.0481458332756,0.1216431917758,-0.2840202438880,-0.2622713571766,0.0854182879312,0.1734421360254,-0.0921586012323,-0.0588026718076,0.2517282472823,0.0238861334849,-0.0011659131858,-0.0222064569965,-0.4042872366737,0.1469159748095,0.0239872302057,-0.1709432543029,-0.1548598903916,-0.1117686732339
0.3823719664461,-0.1431776535605,0.2316980775409,0.4712430155785,0.3460937996395,0.3175936271421,0.4716771256096,0.4578134661325,0.5111771259215,0.3660857025223,0.5012146563713,0.5277948457399,0.3925669581866,0.3233070035077,0.3340533924514,1.0000000000000,0.4266387423656,0.5119948252896,0.6814091718101,0.5529120475149,0.4284896692381,0.2847684681517,0.5236745189405,0.5093336798922,0.4842061584937,0.2812068289609,0.5217274937923,0.1364939443034,-0.0139546349089,-0.1590985892311,0.6762330405910,0.4709417273746,0.5834706809067,0.1628881985257,0.7307070241406,0.6755319339525,0.1822487857975,0.2859337522329,0.1560626845898,0.0886914611854,0.1179898761345,0.3506821692399,0.2835144546792,0.2484595653995,0.0485030875687,0.1848534972631,0.2368363289922,0.2538739261052,-0.0284846650902,0.3903538337060,0.2426320721285,-0.1181256956048,0.2966802958447,0.1662735170287,0.2541240212288,0.3271338334168,0.1426734222680,0.2261342378219,0.2878191568928,0.4787550897489,0.0018810725536,0.2181343582311,0.3288812378304,0.1196537646217,0.1058824569670,-0.2091914796685,0.6840648062655,0.3201184570347,0.5686786048155,0.3604708573897,0.2207670820814,0.1767618345191,0.4999305534466,0.4762817251258,0.2293179483835,-0.0823350339445,0.3368233824574,-0.2031827391809,-0.2288110451141,0.5407384012946,-0.0030535548864,0.0618149815890,-0.4003454892634,0.1029696299357,-0.2626914892526,-0.2675340293090,0.0648204980161,0.4927765866663,-0.0406434746721,0.0679934239827,-0.0000188580932,-0.1869110533048,0.0894206794214,-0.1499180370926,-0.2976717140389,0.2440138569297,-0.0512785797940,-0.1384216797532,-0.2469763439796,-0.1028624954766
0.2763868263568,-0.3300004890533,0.3858594215747,0.3217047944567,0.3271915017788,0.3741095168108,0.3945380851107,0.1743384035225,0.2869689712433,0.3880970392328,0.2558732963100,0.3474394163364,0.5248989975725,0.1010580156639,0.3251248054230,0.4266387423656,1.0000000000000,0.4918973781152,0.3407290099494,0.4365985740218,0.6242847490332,0.1319077500637,0.3055467204823,0.7100276293215,0.2875981258621,0.2799986343665,0.5307225975276,-0.2990025691853,-0.2136765113171,-0.2802071247395,0.5840497465854,0.3195257032570,0.6138002496479,0.0768074775059,0.2978159732526,0.2154152329798,0.3645210131822,0.2505111953933,0.2001323606083,0.0782930417099,-0.0522521957510,0.1229689536192,0.1531520167790,0.1700129867614,-0.2217211417126,-0.1110998246493,0.0017988465803,0.2447856160189,0.0145615672975,0.5433191551729,0.3614885996466,-0.1179050889674,0.3269585051516,0.2545767844219,0.3951565144191,0.2778459667888,0.1612762111846,0.0773549302285,0.1996759636647,0.2769279014719,0.0855829303001,0.2919822622428,0.2263166373416,0.1108730061169,0.2130776453626,0.0060667049914,0.3356141524649,0.4217987424018,0.3074604998741,0.3289512538068,0.2587425953850,0.1691812752310,0.4966742780211,0.2966427418620,0.1842598255262,-0.2321881625609,0.2154220104605,-0.5013849444548,-0.3324850692065,0.5403798534554,0.0543302059224,0.0323839396672,-0.5198150669378,0.0103271116379,-0.4897251633223,-0.3508059224741,0.3163697039463,0.2600055329981,0.0657548353134,-0.2400034744402,0.1387172606872,-0.2322139334494,-0.1075402007288,-0.2629871095399,-0.3396365145116,0.2549434887860,-0.1504084148228,-0.1436621203246,-0.2311663791658,0.0771228115541
0.3847637327147,-0.0571716674174,0.1009870543648,0.5147306539040,0.4023154983205,0.2119909127094,0.2839937163511,0.6353817743202,0.6229534076429,0.2443834506283,0.4619741291267,0.4878222488073,0.5569252496824,0.2960301200613,0.0855384333407,0.5119948252896,0.4918973781152,1.0000000000000,0.0891098418631,0.5367384337938,0.3083883609719,0.2492532029567,0.3930401284151,0.4775893468335,0.4041645801258,0.0425537589582,0.1924013182256,0.0328372364890,0.0755484324167,-0.1717301252580,0.4256828125356,0.2150041448459,0.3474336648339,-0.0846408051885,0.2490148892531,0.0277812900372,0.1695978286953,0.1821024662410,0.1368580825973,-0.2395364410503,-0.0135419135239,0.1950495454332,-0.2897865748088,0.0535686831439,-0.1978642912495,-0.0102969870516,0.0565222382901,0.3000449539807,-0.0865900493846,0.3628680288402,0.2949770304800,0.1623147816999,0.4473204575761,0.2445975436599,0.3249587092033,0.4105594235014,0.5614082710159,0.6025122426346,0.7992610131000,0.5747271113396,0.2763023409869,0.4815706303588,0.3451604336467,0.4353442516313,0.3431215570695,-0.1676337039490,0.1971629781638,0.7411105572190,0.1255177630093,0.5148717618030,0.5130069917646,0.3298234326881,0.6546655845102,0.5825847120663,0.4202803518555,-0.0077065402025,0.1560720989854,-0.1049025558827,0.0095772651307,0.7229846776119,0.1069468301954,0.2478419217122,-0.3011529421481,-0.1462425930423,-0.2293043903924,-0.1803898475774,0.1475470319650,0.2769658283065,0.0483381476103,-0.0368555197963,0.0652823840939,-0.3085902503481,0.0048286239563,-0.1663716736514,-0.0438635128781,0.3412901208290,0.0327772492154,0.1075243374403,-0.1133089666876,0.1440491166933
0.2269100273238,-0.3402043234532,0.0767680725430,0.2062934581801,0.1298684906113,0.2113123835964,0.4093608274146,0.2509789218767,0.4010284961634,0.3388165294239,0.3763420060775,0.3845369724166,0.2044989427808,0.1134052681460,0.2273569457561,0.6814091718101,0.3407290099494,0.0891098418631,1.0000000000000,0.4002465636981,0.4781815582905,0.2023148289781,0.4049883876051,0.5273007351436,0.4964780456268,0.2368343128527,0.4859207103224,0.0251149478893,-0.1997367724844,-0.2815048126491,0.4914834725804,0.2477084560435,0.3926722072125,0.0672033958837,0.6604574408150,0.8175150540693,0.2017017040261,0.1397713352017,0.0569896319759,0.2352291186085,0.0355190164153,0.2042675778850,0.4613149434682,0.2261121422426,-0.0172240942990,0.1739462859562,0.1259697188541,0.0820134475442,-0.1278213932294,0.2808112245963,0.1425309353898,-0.3587385443861,0.0924229670487,-0.0015288926239,0.1229446015926,0.2045345012524,-0.1240831252046,-0.0426293548493,-0.0241702310057,0.4282369929573,-0.0613168098658,0.0154312592743,0.2782019057991,-0.0287577190981,-0.0481251100033,-0.0577580700653,0.6863313733088,0.0785018006925,0.8669699725057,0.2915326719578,0.1471401168801,0.0973264063933,0.4243926454163,0.4035005360533,0.2067054469155,-0.0464604466975,0.4283083149597,-0.2051098092512,-0.3608375252722,0.2718859111631,-0.0468218180688,-0.0271788733933,-0.4000467376427,0.2245871519094,-0.2139816928530,-0.2467209755099,0.1211273517581,0.3930696052600,0.1250400497028,0.0589650585043,-0.0117341986807,0.0808843244290,0.1162902677685,-0.0878502273432,-0.2556613667973,0.0559501786928,-0.1551754254585,-0.2099996625794,-0.1672425602411,-0.0135776287328
0.3095066521364,-0.1756829331564,0.1796710000487,0.4597528378806,0.2764957104155,0.3060646418000,0.3971967637408,0.6011148609426,0.6781449819432,0.1328319474313,0.3358704614579,0.2381508337165,0.3800498024650,0.0724185315427,0.0984758328148,0.5529120475149,0.4365985740218,0.5367384337938,0.4002465636981,1.0000000000000,0.3082135056482,0.1284001867158,0.2884489720380,0.4799466970595,0.7728412291772,0.3523443856382,0.3962354747487,0.2030331475254,-0.1099663480878,-0.2344004667474,0.5354649695407,0.4385856956696,0.5281550138211,0.1511533319785,0.3211852181847,0.2559285184700,0.1983899483440,0.5610132689906,0.1453037146057,-0.1092112605031,-0.0369907926962,0.1820688104904,0.0459717832378,0.4399425566578,0.2186377937487,0.1622148993778,0.2569887150508,0.2458052620732,-0.1387100019300,0.3269889970958,0.1794351711376,0.0491362152010,0.3173520837947,0.2672380352532,0.2783068193213,0.3121613667272,0.4995928063055,0.5260679534408,0.5256597288705,0.6517636875796,0.0706535346001,0.2170717664263,0.1194954203839,0.3130547570365,0.0311231800429,-0.1463009102964,0.3072305952410,0.5676859198059,0.2960463347089,0.7643685033367,0.2808231708380,0.1280714016084,0.5508379357221,0.7380722285194,0.3337135395989,0.1056384732033,0.3901564042652,-0.0063518946975,-0.2090333957634,0.5895833106497,0.1290402384613,0.3710276705496,-0.3322718665782,0.0081751989805,0.0926339686559,-0.0824623971356,0.0812129112665,0.1453885105387,0.0951842020236,0.3179263373359,-0.0000281798622,-0.2233287841374,0.3194300538289,-0.0219074441425,0.0064860441211,0.1633069752071,-0.1462235903969,-0.0493750218827,-0.3184789086271,0.0482049186194
0.1867852888189,-0.2796805564558,0.0986610212368,0.1250317882674,0.2066865750696,0.2631321412115,0.1824151319673,0.1121056229638,0.1711940123663,0.5565827644428,0.3728628885053,0.6106032540512,0.3757239959198,0.0847971182718,0.2067774437004,0.4284896692381,0.6242847490332,0.3083883609719,0.4781815582905,0.3082135056482,1.0000000000000,0.3479518017784,0.6348640703391,0.6204685358915,0.2926149830649,0.2139363572192,0.4600308471704,-0.2590233590542,-0.1005339133737,-0.3777881366126,0.3860616731567,0.2315102430265,0.5692914830849,-0.0652697392033,0.4165168296647,0.3636274526445,0.2128894116094,-0.1399865552187,-0.1117724571339,0.0921696142319,-0.0801795267073,0.1748798466071,0.0678393097575,-0.0559451344275,-0.2277303216963,0.0040447728142,0.0867829598298,0.0480957183451,-0.0630710958190,0.5838766225770,0.2150174356080,-0.2947506588795,0.2655764790544,-0.0241114005602,0.1437275445048,0.0589134781097,0.0280611186107,-0.0963585971322,0.1216531178924,0.1527742180575,0.1826995445896,0.2101403269766,0.5069033481426,-0.0154194795617,0.2342821935649,-0.0539962466222,0.2627784576923,0.1338398075275,0.4134596652227,0.2605217456209,0.4375471160778,0.5386731092277,0.5150393879326,0.4045217467114,0.4011659760963,0.0805655423263,0.3001304446266,-0.4586484609744,-0.2889296894849,0.2958403809081,0.0791436129687,0.0736371341389,-0.5887590045698,-0.1476809275232,-0.3276720038542,-0.3005346102149,0.2548092467587,0.2614690600733,0.2461244642244,-0.2902753274159,-0.0851268899458,-0.1826146414698,-0.2015092844655,-0.2908709398063,-0.1941467912385,0.0839673657601,-0.0922934859772,-0.1339824019981,-0.0654756683457,0.3113991664623
0.1407455107065,0.2042171056314,-0.1433363183256,0.1542218107617,0.2226864681379,0.1734258731084,0.0206016469354,0.1823230045601,0.0397209532036,0.5902502849986,0.3491232494310,0.4501851967775,0.2213654054443,0.3893889999646,0.1329698968420,0.2847684681517,0.1319077500637,0.2492532029567,0.2023148289781,0.1284001867158,0.3479518017784,1.0000000000000,0.4854002667014,0.1853213121225,0.0324947238492,0.0100153403708,0.1684746520521,0.2311474399569,0.3047755466737,0.0769256033068,0.1392608646379,0.0116443867848,0.1984977557603,0.1867789418209,0.3021351095331,0.2163980613229,0.0753967622652,-0.1358987781375,-0.0908577681518,0.2207714274343,0.3164911775931,0.0960249030585,-0.1071518851852,-0.1863658185150,-0.0951263995710,0.3707036377866,0.1902752786957,-0.0006885884562,0.4249907063540,0.2014097014101,0.1334352673381,0.0954276844703,0.0884876705953,-0.1039547304321,0.0898185644846,-0.0657343795045,0.0907466414287,0.0401740166905,0.0767101145696,0.0379800352638,0.4599627555077,0.1976301018360,0.4334526383311,0.0134246637987,0.2310486449042,-0.2236163153518,0.1009134449749,0.0515177866973,0.1476945117862,0.0117407498709,0.3018822748601,0.5583343443256,0.2452905847244,0.1962126284149,0.1498401593928,-0.0139316841872,0.0991381595813,0.0749784495155,0.1035365725001,0.0237264950874,-0.0000222625193,0.0540771606274,0.0573679952787,-0.2374978484183,-0.1160147567310,0.0351277635655,0.0577469315656,0.1342185536964,-0.1081103291026,-0.1157616276508,-0.1205058584160,0.1213654081398,-0.1834437685411,0.0822167423515,0.0291317860433,0.0069374257859,0.5095654816223,0.4607420906684,-0.0286822127953,-0.0205934201759
0.3431488948095,-0.1850610625155,0.0446532027622,0.2081466412701,0.3323545016005,0.3262623458750,0.1682919006082,0.1704635867849,0.2440193566040,0.4679765890211,0.6886945271619,0.8123480321290,0.4392858421254,0.2206981665153,0.1227183530703,0.5236745189405,0.3055467204823,0.3930401284151,0.4049883876051,0.2884489720380,0.6348640703391,0.4854002667014,1.0000000000000,0.4682810414637,0.2922807062198,0.3292940190865,0.5164215158055,0.1108267014876,0.2224163545339,-0.1942202951312,0.4060328865023,0.4236042429281,0.6132820150354,0.1051978834633,0.5213921500685,0.3872306766330,0.1882807790988,0.0246410424004,0.0960202919429,0.2496222363751,0.1600813846469,0.3341887162874,0.1002082813838,0.0683345466686,-0.0976890590277,0.3462980555163,0.2283037859821,0.3342633239277,0.0259979339096,0.3934252436651,0.1799698120327,-0.2436595929867,0.1636387094991,-0.0350069707698,0.0438155116569,0.0125056205210,0.1308721422032,0.0064820875390,0.2107058940180,0.1665772406529,0.0573796464990,0.4182431405437,0.5797248599122,0.0852112923070,0.0330623996021,-0.1190827771584,0.2408844103694,0.2019792796638,0.2615457567457,0.2653684800954,0.3337724529596,0.6728193817436,0.4585911696180,0.3823366712981,0.3379194802899,0.1505263369048,0.4082685645383,-0.1345915469434,0.0169059180133,0.2947344929477,0.1270112533247,0.1217073759806,-0.3949422939438,-0.0676787428425,-0.2414827542816,-0.1650111463722,0.1986711904904,0.3096012104255,0.1237669348043,-0.1041647385535,0.0488741207485,0.0283311868604,-0.0908311950748,-0.1129304525884,-0.1405902714266,0.3015902019034,0.1015496690088,-0.0485942470629,-0.0681050841940,0.0237295624346
0.1565534656917,-0.3538813822827,0.1970317937657,0.1993957955122,0.1306102597686,0.2638937922513,0.3088755801612,0.1805519812339,0.4989745187203,0.3412762983864,0.4284331927844,0.4679729379331,0.4040725805147,-0.0294141064438,0.1901947908102,0.5093336798922,0.7100276293215,0.4775893468335,0.5273007351436,0.4799466970595,0.6204685358915,0.1853213121225,0.4682810414637,1.0000000000000,0.5382445446747,0.1937581773116,0.5935537550802,-0.2018620249215,-0.1255596181841,-0.2979502687149,0.5595263477361,0.2350022151298,0.4790515799310,-0.0271061379776,0.3842788312275,0.3241416972934,0.4561861979328,0.2005321638763,0.3162017299166,0.1747632396961,0.0393594233706,0.1861548382144,0.1893680655619,0.1864822652840,-0.1727135151628,0.0298720881995,-0.0153328683100,0.2703114822289,-0.1479692149061,0.4091715648958,0.1495632528242,-0.2503299575185,0.1966958918403,0.0432299189329,0.1978653704636,0.1507988499319,0.0761399616314,0.0242134581903,0.3296098815154,0.4655111762687,0.0282369355416,0.3612316243429,0.3162275053560,0.0356488605365,0.0791280625815,0.0434666119630,0.3723700480919,0.3388315938045,0.4895459851879,0.3917416421541,0.1998565304347,0.2113740054117,0.7274374867603,0.4804166354711,0.2291893152985,-0.0517364063405,0.4342827041415,-0.3648507687496,-0.2856752923916,0.4830334605014,-0.1109881487394,-0.0753666906096,-0.5156329227810,0.1346312780691,-0.3681647750044,-0.4111813432282,0.3799439474598,0.3625452708841,0.2045679410984,-0.1515180137904,0.1979489041674,-0.0415520447015,-0.0374347031251,-0.2991034473771,-0.3496472019967,0.2626724878583,-0.2266005164813,-0.2238159693191,-0.0478791233307,0.1146244462253
