1.0000000000000,-0.0266971310618,0.7636922633934,0.4316342793255,0.8012272286398,0.6668823850203,0.4431559871387,-0.0759120959525,-0.0147539388064,0.0096247568492,0.1558441866123,-0.0629577996180,0.2397291970912,0.1302320866080,-0.1885110859722,0.1376611084295,0.0475509213485,0.0104054646896,-0.0249022920053,-0.0492748707808,0.0314010423308,0.0138085380857,0.2054000093649,0.2661241099548,0.0283267178748,0.2574688213135,0.3216318249935,-0.1129615630311,-0.2912126600747,-0.1754000174453,0.1812049794269,0.2551364137988,-0.0080102451539,-0.0059022906374,0.2132123942678,0.0755188609180,0.2064434321994,0.0665322961015,-0.0024676128655,0.0689868525853,-0.1788691361278,0.1046021740782,0.0405870649579,-0.0551396444256,0.0192363629851,0.0903719617136,0.0618426963198,0.3754182926933,0.1168693423794,0.0868267715001,0.8350554360974,0.6719508655571,0.2091113734925,0.6922528032358,0.5656965100196,0.3641662522010,0.2517821482906,-0.0601524715719,0.4206572278305,0.0473170586582,0.1987945583553,0.3971614886234,0.3373942378915,0.0884325985652,0.3477926572156,0.0742907184333,0.1085661859419,0.3411293120318,0.0017294377833,0.1633504450775,0.3883511180392,0.3903288585221,0.2814225074696,0.1584018251044,0.1301019123048,-0.2028273872516,0.1700214874283,-0.3918050181409,-0.3217437156443,0.2476445314457,0.1829279125288,-0.0162692562008,0.0521183334919,-0.3149239737890,-0.3004925236757,0.4256349179092,0.2091220726939,0.1788436449731,-0.0981612202537,-0.0010854499658,-0.0652562935122,-0.0179658311052,-0.3208313662172,0.3107993591532,0.0776262138448,0.3416751555703,0.2432311443965,-0.0047808259637,0.3064272459800,0.1106515560892
-0.0266971310618,1.0000000000000,-0.1786326488396,0.1080064175634,0.0568664032650,-0.2339242238012,0.0240548370593,-0.2899357582091,-0.4230214444255,-0.0523174644821,-0.1698642171085,-0.0274607881125,-0.2701702707494,0.2051989416068,0.0761398319181,-0.3248081850358,-0.1985050918344,-0.3557506906190,-0.3377407715710,-0.3390018843405,-0.0970615313392,-0.1336057542953,-0.1750195675153,-0.2865366966324,-0.3187374804472,-0.2241835586387,-0.4840063430243,-0.3683831725735,-0.0168673214035,-0.0865753700051,-0.2567861197696,-0.4460830778275,-0.3019791341029,-0.2956454773254,-0.0537589936548,-0.2356469308740,-0.3358360479270,-0.3875992978209,-0.1107510311391,-0.2612448868579,-0.0308395806080,-0.1817373338302,-0.2823075708930,-0.1869580816411,-0.3823694928280,-0.2750225188509,-0.1870798807949,-0.1716567166697,0.0536083345445,-0.0512265181059,0.0283244579157,0.3752830134295,0.3383488886586,0.0227412320508,0.0860709093294,0.1305507157835,-0.2856910076597,-0.3618773931052,-0.4518351244231,-0.3619306557583,0.1127734380752,-0.2426240729214,-0.1227863103144,-0.0752815076478,0.3538301094206,0.1620751564110,-0.2098594821593,-0.3499375675959,-0.2401141542774,-0.3731906964286,-0.2170409727823,-0.3038804387195,-0.1957153811455,-0.3461669800821,-0.0170468405198,0.1513267371293,-0.3213624633320,0.0751443930006,0.1106313362810,-0.1672767871972,-0.1859601270274,-0.1588092392182,0.1277600019582,0.0842480449205,-0.0510165489477,-0.3350324140740,-0.2695059095615,-0.0221194226937,0.1194585158540,-0.2542812714027,-0.0488373274367,-0.0846879937658,-0.0284459890151,-0.3914606915497,-0.0063244725629,-0.1060354047087,0.1394814611416,-0.0847654279106,-0.0945714092347,0.0800667700801
0.7636922633934,-0.1786326488396,1.0000000000000,0.5909087940833,0.6766528476572,0.8590817383753,0.5660300594569,0.0384706388674,0.1154081181863,0.1742405547968,0.1684360320813,-0.1363083241691,0.2930026316781,0.1411951967278,-0.0427068031476,0.4223156910381,0.1475957678971,0.0338069123299,0.1510129532671,0.0420931284903,0.0408899239634,0.0342207609477,0.0886916991492,0.2583174573870,0.0404449082841,0.1250507149578,0.3452126917799,0.0108276102933,-0.2119374494226,0.0469017619700,0.3474428900013,0.3262048318051,0.1200370138689,0.0576039683381,0.2653300123591,0.2067062250133,0.2664356595642,0.1842832946024,0.1763655708921,0.1950768114772,-0.0686131370777,0.2226882498303,0.3384936130518,0.0437935203075,0.2016420899797,0.0422016957286,0.0954948454990,0.5240829957804,0.2432166042617,0.0688810087568,0.6521331896910,0.6208229235568,0.2131803219066,0.7778002695450,0.6062578430003,0.3809602591604,0.2966360499503,0.0721964796653,0.4922748828041,0.2006730094370,0.1200502021326,0.3452502015230,0.1418983370631,0.0468478038582,0.2084154276641,0.0546678047764,0.2815857696736,0.3590659858299,0.1570361283379,0.2219081789620,0.2689788497352,0.2493448626203,0.1650705202378,0.1312804185128,0.0226829714827,-0.3860095611851,0.0953465962211,-0.3767491289753,-0.2640472624526,0.2897457673819,0.1280188976885,-0.0744765302575,0.0640800606138,-0.1956769698538,-0.2386907665839,0.3944883231783,0.2480221580729,0.2416495482668,-0.0313967174257,0.0390535970779,0.0984747027535,0.0479794570946,-0.2496378329767,0.3908647805583,-0.1225024527664,0.4478214528591,0.2110595944226,0.0960317351953,0.2509559392065,-0.0184888809316
0.4316342793255,0.1080064175634,0.5909087940833,1.0000000000000,0.6472392827978,0.6654053847767,0.8695793677465,-0.0526908970209,-0.0120759499583,0.2317143794301,0.1904950614256,-0.0064377468853,0.0901439581631,0.3271235353555,0.2994260440734,0.5360805965366,0.2940644313393,0.1711681390002,0.0619944606819,0.0115388462039,0.1645123867696,-0.0495181883059,0.1371180694285,0.2232410686046,-0.1952324378362,-0.0482651266484,0.1110184003271,-0.2834571673807,-0.1271722357537,-0.0513109644612,0.3803710389561,0.1076132681314,0.0459379508102,-0.2429094358835,0.3673000368949,0.1773673491671,0.0363813294996,-0.1041310069276,0.0516852090387,-0.0481438862942,-0.0194700098925,0.1327235911258,0.2512756886226,-0.2396117187840,-0.0463533242997,-0.0682138361233,0.0341496211324,0.4106204816685,0.1524009941787,0.0822888092996,0.4959009752586,0.3936732708144,0.7389809971222,0.6808789180723,0.7116661094764,0.8334489794922,0.1642628052430,-0.1956928275760,0.2461457411643,-0.0047189693738,0.1691000436015,0.1990528579617,0.1077132094433,0.0660556636793,0.2695312654284,0.3405061142429,0.3967904534001,0.2885772152240,0.1405263379443,0.1987467001012,0.2129851967444,0.1276497491034,0.1721128118243,-0.1042534853365,0.0786578612911,-0.1434150982941,0.0163023404636,-0.2778494517013,-0.1121246075432,0.3733214558529,0.1309350847831,0.0807140116944,-0.0795195709211,0.0060382267896,-0.2920578590783,0.0528875268039,0.0300084382343,0.2637013536424,0.1860103555111,-0.0870514201252,0.0113005157258,-0.0258229297570,-0.2527081257964,0.1278951005468,-0.0928420265931,0.3009582715714,0.1531029235370,0.1274592198435,0.1598366003213,0.2896438959359
0.8012272286398,0.0568664032650,0.6766528476572,0.6472392827978,1.0000000000000,0.7441424394905,0.6677828488411,-0.0865841268737,0.0053788041490,0.1788125926951,0.2808082693674,-0.1000307472418,0.1620187492280,0.2763795250569,-0.0281301558601,0.2626870703360,0.1352754725250,0.1166805464847,0.0051563698308,-0.0501662798537,0.0420518323584,0.0743303070384,0.1959628701974,0.2364574907800,-0.0637481524410,0.0650471156494,0.1982473752599,-0.2152926976270,-0.3158669922124,-0.1741924083058,0.2759174508619,0.1670672736401,-0.0122611806499,-0.1649011775888,0.3523927369336,0.1439988852797,0.1029270108396,-0.0742271668688,0.0091216187404,-0.0054629659938,-0.0837787789044,0.1746231468766,-0.0040827339581,-0.2840801731285,-0.0931080772259,0.0319815402506,0.0645944985662,0.4883982036319,0.3325410787945,0.1076222074665,0.8908572602088,0.5009352788666,0.4531294278366,0.7884878876037,0.8461002739500,0.6136206540541,0.1974561211697,-0.1427611147338,0.3463500346685,0.0263687260280,0.3893899840151,0.3483903994041,0.2802261263549,0.0857761044065,0.3230104120012,0.2136423222766,0.2158361752247,0.3864332891867,0.0139861997903,0.1771420037918,0.2545633830949,0.3409474002711,0.2198392999582,0.0380692823661,0.1149449937290,-0.2078149023496,0.1129315674797,-0.4162097231977,-0.3425528055190,0.3635810929698,0.2058953010288,0.0518836314731,0.0545309286985,-0.2561136081045,-0.3617622988681,0.3307140516482,0.1200683797397,0.2428506811731,0.0229009182302,-0.0429085868909,-0.0392647680794,-0.0221349910736,-0.4084683166622,0.2934684844694,0.0673163833995,0.4432247974380,0.3584187792254,0.1404980884562,0.3851377936415,0.2377226507269
0.6668823850203,-0.2339242238012,0.8590817383753,0.6654053847767,0.7441424394905,1.0000000000000,0.7117881433082,0.0455451101787,0.1721673167141,0.3352142527789,0.3171082127095,-0.0744753794998,0.3556621468727,0.1587689163002,0.0793099022424,0.5294830787514,0.3038495009108,0.2342815184634,0.1573112384345,0.1164131111250,0.1184541385140,0.1515081432696,0.1528414244179,0.3814258149609,0.0305344419846,0.0671573083676,0.3652028858246,-0.0231469068174,-0.2387862012551,0.0462304506243,0.4557562130854,0.3271913274099,0.1549329169912,-0.0003741550055,0.3578654234886,0.2335873509785,0.3046262907683,0.1179125819921,0.1849723747700,0.1511199585066,-0.0283709569022,0.2689662206347,0.2948350852322,-0.1180991768050,0.1340643439671,0.0527401533816,0.0743989485049,0.6452167655760,0.3341731697776,0.0680173427642,0.6345936166127,0.4722197731883,0.2691975308399,0.7740230022397,0.7856478219452,0.5006693206029,0.3705087465046,0.0240460712593,0.5082033435847,0.2195826987359,0.2656067390119,0.4003521901654,0.1943592978469,0.1379463987031,0.1630824907850,0.1361379564686,0.3479929325633,0.4786146761687,0.2069232852440,0.3200918276558,0.2574779366840,0.3227134625913,0.2633707197038,0.1402831130040,0.0249550942038,-0.3693248264577,0.1218380954876,-0.3847662421884,-0.2994941357773,0.4419310011820,0.1542078924831,0.0103323311606,0.0429289813560,-0.2172884525499,-0.2921044248516,0.3735823852953,0.2737243180130,0.3189924027199,0.0237749342576,0.0724806189588,0.1207030730542,0.0340883001844,-0.2899405008260,0.3722294615736,-0.1479189490635,0.5310514378127,0.2258261453543,0.1343623652913,0.3039439894901,0.0883934485592
0.4431559871387,0.0240548370593,0.5660300594569,0.8695793677465,0.6677828488411,0.7117881433082,1.0000000000000,0.0065861982593,0.0607369806289,0.1977285096740,0.2416385391353,-0.0711463080536,0.1507380077644,0.1934202627791,0.1552515402676,0.5299740442807,0.3028942891415,0.2171586406438,0.0261734329078,0.0210577728055,0.0887099541266,-0.0809394474951,0.0979242299710,0.2366576243275,-0.1059629795014,-0.0443793699182,0.1606389225434,-0.2132617021082,-0.1034884554792,0.0083576958799,0.3961838107029,0.1386572941130,0.0641346194459,-0.1939126842079,0.4559824287100,0.1799043973277,0.1078418157052,-0.0579514711535,0.1342139166043,0.0284905324166,-0.1242082416734,0.1358058185820,0.1370159812027,-0.2573171853007,-0.0405956417415,-0.0725974357696,-0.0150078459880,0.5113595305692,0.1779010923843,0.0785478855442,0.5245156341714,0.3244332761590,0.6047667728945,0.7192519251408,0.8002439886374,0.8674053648862,0.2448249623048,-0.1247707096017,0.3630059790911,0.0864045811149,0.2547134433035,0.2801865168401,0.1070236056438,0.1189370714091,0.2679980446058,0.2732215588142,0.4009659970165,0.3524051846158,0.1213807256197,0.2142254168103,0.2098767119879,0.1508213410308,0.1838812667065,-0.0340439329567,0.0414663697105,-0.1190839778837,0.1005515131075,-0.3238761158661,-0.1154386079239,0.4143894678506,0.1716828725638,0.0942860464481,0.0005741969222,-0.0505782253301,-0.2570464375177,0.1356962681698,0.1182023603462,0.3312164065115,0.1286886749659,-0.0231597662338,0.0816879235767,0.0077316813818,-0.2778210301738,0.1316224446726,-0.1269314274722,0.4104907502941,0.1478142384069,0.0623814597871,0.1910537702877,0.2650278762425
-0.0759120959525,-0.2899357582091,0.0384706388674,-0.0526908970209,-0.0865841268737,0.0455451101787,0.0065861982593,1.0000000000000,0.6914273979045,0.1894676908364,0.3559297498238,0.1777832612063,0.3669561468717,0.1132716013924,0.0943888723443,0.2716839339843,0.2557297767470,0.3242536338593,0.4139005899821,0.5248255611018,0.2107566777814,0.0379508169779,0.1009836182450,0.0091106364891,0.5770858366197,-0.0928753693612,0.2180298857253,0.0718007702321,-0.0849288848286,0.0464420456189,0.2673644146785,0.1526842561362,0.3418554861851,0.1093207086186,-0.0706942555057,0.1153785099390,0.0133541257076,0.2980701977174,-0.0947966539103,0.0226796675388,0.0905903671414,0.2964370451591,0.1316052870801,0.1058740628481,0.2952850470302,0.0598083619395,0.2140056464957,-0.0080369468785,-0.0762256164831,0.2958360033739,-0.0417136352966,-0.1818644984882,-0.2200842584614,-0.0477000943442,-0.0390056557914,-0.0575888880420,0.3862104270596,0.6359644987401,0.4819504603717,0.6009867834033,-0.0004010373500,0.2773463768729,0.0404847728318,0.2192697789848,-0.1472145333064,-0.2920339513450,0.1313514016906,0.3033841084233,0.2216609474219,0.3681728551957,0.1593349054162,0.0116341215881,-0.0332059292951,0.3966335901292,-0.0144272667058,-0.3590490370563,0.0068721120857,-0.0038856497131,-0.1848321818982,0.1016729832715,-0.0426551330993,-0.0708260547817,-0.1645642029718,-0.1871555604668,-0.0366007360791,0.0043964584197,-0.0471758265123,-0.2208571166055,-0.3027035960152,0.0020517109044,-0.1601189570927,-0.0896447225730,-0.1165467828040,0.0192612891162,-0.0694759606445,-0.0725297845621,-0.2102337491874,0.0231266013895,-0.0265228921543,-0.0907303431782
-0.0147539388064,-0.4230214444255,0.1154081181863,-0.0120759499583,0.0053788041490,0.1721673167141,0.0607369806289,0.6914273979045,1.0000000000000,0.1944519418198,0.2640587490787,0.0095812348383,0.2541142613522,-0.0452730373159,0.0077123331262,0.3698087327625,0.1996928185369,0.3527293086730,0.5815552216239,0.5567545883135,0.0793362728527,0.0826327665135,0.0678313183923,0.2996781089715,0.4597946881588,-0.1601955166600,0.3018616084785,0.0941714024014,-0.1950828247749,-0.0181301460856,0.3114667850565,0.1793380981853,0.2976069199051,0.0480346650755,-0.0482579103678,0.2451360406326,0.1780163086538,0.2285389273052,0.0152532962468,0.1151649384833,0.0447240451523,0.2308383072718,0.1480508897498,0.0225207438634,0.1938926144806,0.1085895276507,0.1263468088776,0.1161134194612,-0.0185637204237,0.1715834549964,0.0481492796207,-0.2827469893511,-0.1881910505440,0.0164076185476,0.0606638299916,-0.0448869240944,0.3781685248567,0.5815580952908,0.4882320737426,0.8490649412109,0.0882991409436,0.2526930335084,-0.0281957795882,0.1289338549431,-0.2717173277404,-0.1113479472024,0.2708305923197,0.4253528854505,0.4892476152179,0.5396687261237,0.1274068092985,0.1287511506200,0.2253629103577,0.4235542209652,-0.0369891489990,-0.4074033194422,0.1587242836107,-0.1625201767695,-0.3154328455679,0.3060499091866,0.0517312311616,-0.0104155233948,-0.2059394023083,-0.1065014167277,-0.1613457047836,0.0973050062633,0.1453638571883,-0.0797290082870,-0.1166551873394,0.1143871840243,-0.0274014948657,0.0345471839074,-0.1311451188860,0.1260608652903,-0.1208072775495,0.0942127306307,-0.2242342469005,-0.0456427422082,0.0875715280371,-0.0025708732824
0.0096247568492,-0.0523174644821,0.1742405547968,0.2317143794301,0.1788125926951,0.3352142527789,0.1977285096740,0.1894676908364,0.1944519418198,1.0000000000000,0.4976602591490,0.5549744932300,0.4408985573248,0.4003709351395,0.3839514245057,0.1739043760562,0.4997336584646,0.2201285862659,0.1871583850997,0.1793116388194,0.4255961002036,0.3984699319929,0.3430664655237,0.1670790064111,0.0165190730163,-0.0416895038781,0.1724535202545,-0.0655800660828,-0.1908290764304,-0.0125635246429,0.2288190014363,0.2213292431016,0.3975899250155,0.0432674880012,0.1591178050600,0.0411022082492,0.1835099430832,-0.1050444370532,0.0468116543220,-0.0300440969519,0.1232371781185,0.3301392542392,0.0481955736098,-0.2293212631581,-0.0847874811785,0.1799443817770,0.2002336434686,0.2338734018651,0.2862656600065,0.3428684928704,0.0966380459921,-0.0511458473617,0.0153860039206,0.2169098528096,0.3147591348185,0.0584220830110,0.2483112043563,0.0312483290808,0.2116828807108,0.1757190282369,0.4586434663263,0.1954151983401,0.3658917170298,0.2985601010051,-0.0063405128431,0.0933608221794,0.0697980905998,0.3288756642604,0.0761280026614,0.2067283228088,0.1603870633649,0.2978989089211,0.1382173726555,0.0709171484638,-0.0575832360130,-0.1154723483870,0.0798465414031,-0.1558385109920,-0.2870639139835,0.2442232048204,0.2240857207148,0.2412583287428,-0.0583461943019,-0.1658179604701,-0.1811007286717,0.0616889029942,0.2186923152492,0.0549146159892,0.0774654448734,-0.0242226205692,0.0595813220529,-0.0375082619974,-0.0675322653731,0.1248425068393,0.0474822200652,0.1698611641211,-0.0544016501054,0.1554909021774,0.3971818669217,0.2799143477662
0.1558441866123,-0.1698642171085,0.1684360320813,0.1904950614256,0.2808082693674,0.3171082127095,0.2416385391353,0.3559297498238,0.2640587490787,0.4976602591490,1.0000000000000,0.3853275840893,0.5173425249643,0.2085655007991,0.0805317749294,0.2222205859922,0.5801967636427,0.5095392438616,-0.0537039219067,0.2871599661226,0.3618779415320,0.2807484966730,0.3956960868747,0.2880898086138,0.1389195844024,0.0545969665700,0.4377697999508,-0.1998269138536,-0.0664324315324,-0.0487673639293,0.4314292911035,0.2531808358164,0.3018932114093,-0.0969068137432,0.2313117486100,-0.0004798673079,0.1953318661665,0.1954840767585,0.1216224583283,0.0938978756014,0.1205599657490,0.3502517424438,0.0331468979519,-0.1297396998872,0.1253057226014,0.0303840711848,0.0362501382542,0.4151477053841,0.1616302208877,0.2614097300241,0.2957320527248,-0.0978322799617,-0.0012976344799,0.1248598627068,0.3109998284882,0.1214509397888,0.4708911498963,0.1968594338786,0.3191167243737,0.1320870620552,0.4538695424611,0.6689790109278,0.4901785500476,0.3996479038924,-0.0271981876511,0.0545380492968,-0.0049726434663,0.6018814290230,-0.1212691726004,0.3847360257268,0.4301588617971,0.3307539227938,0.2484154779858,0.1020812964935,0.0623649669395,-0.2147373154175,0.3248100631791,-0.3090330683185,-0.1669364913480,0.4068162764835,0.1131679238969,0.1724486949060,-0.0641679593478,-0.2258090748483,-0.1091316027905,0.0455089490311,0.2020656983361,0.1192181531585,-0.0532540320655,0.1640688853759,0.0521355413847,-0.0092898366294,-0.2217979660937,0.1161100952995,-0.0707836167030,0.2832542945325,0.0137833521649,0.1413928520213,0.3000450551529,0.2787964530123
-0.0629577996180,-0.0274607881125,-0.1363083241691,-0.0064377468853,-0.1000307472418,-0.0744753794998,-0.0711463080536,0.1777832612063,0.0095812348383,0.5549744932300,0.3853275840893,1.0000000000000,0.4805838237959,0.3054994543284,0.3513473917621,-0.1284950027663,0.3936897697965,0.1168171600054,-0.0512014750128,0.1219807070405,0.4854211753162,0.2216826389850,0.5799076083001,-0.0146838411683,0.1225866824933,0.1103580395981,0.1214006476542,-0.1901572332595,0.0370037524207,-0.1707821345434,-0.0867118359073,0.1476369567606,0.4334578184241,0.0379550014695,-0.0666127283707,-0.1772162599148,0.0128712700525,-0.1489394133542,-0.1237218707233,-0.1414196124212,0.0318675874327,0.1930529529925,-0.0701219407655,-0.0438447979194,-0.0617538576710,0.1581526403644,0.1842752862260,-0.1642229161439,-0.1154711132914,0.3563840952474,-0.1344657283043,-0.1194458776509,-0.0173762389310,-0.0361608791633,-0.0414252155238,-0.0856624709133,0.1271747296753,-0.0864780283161,-0.0848341331072,-0.1158022924052,0.1141281054551,0.1402389624333,0.6482798741762,0.5287738539738,-0.0400699862925,0.0173929297503,-0.2239822277964,0.0503968998472,-0.1874205782027,-0.0168488061692,0.2356371426435,0.2823815167854,0.0967256196166,0.0061989261228,-0.0956381921753,0.1178158495777,0.0226125854244,-0.0169518529560,-0.0326126414988,-0.1019887903508,0.0611980976188,0.2391574802567,-0.2088589561145,-0.1577180816272,-0.0903333223582,-0.1958531298341,0.0094160461534,-0.1716409539820,0.0023402386349,-0.1099637931318,-0.1331015090222,-0.1243922587580,0.0785869340779,-0.1732203286839,0.2381581712730,-0.2200068652221,-0.1564947544534,-0.0549186322856,0.0865995474274,0.2824131980714
0.2397291970912,-0.2701702707494,0.2930026316781,0.0901439581631,0.1620187492280,0.3556621468727,0.1507380077644,0.3669561468717,0.2541142613522,0.4408985573248,0.5173425249643,0.4805838237959,1.0000000000000,0.1708563848356,0.2313742450761,0.2112068851548,0.6184493917585,0.1076593629474,0.1789102229510,0.3374060533542,0.3897879069057,0.2375013568950,0.2715768554283,0.2393229065095,0.2786694239016,0.2620074477218,0.4853440959146,0.0591033671188,-0.0743649389317,0.0924662817830,0.3087429428884,0.3935011171992,0.5557501071689,0.1548324636444,0.0519842482024,0.0577762422778,0.1906358011709,0.2054626532218,0.0596252933875,0.0460724731249,-0.0158871682715,0.2842288973004,0.2144976938702,0.0500233287435,0.2196632420769,0.0166689347912,0.1152430630354,0.2276894896985,0.1167993569025,0.3581778024808,0.1350202279890,0.0788764458951,-0.1885473677024,0.2120930154255,0.2075387936502,-0.0311099223510,0.4584840685453,0.1240035263377,0.3376127236276,0.2972410662756,0.1446853477107,0.4629838218442,0.4867531308778,0.7257991937526,-0.1381509302966,-0.0712119073656,0.0529842992106,0.4312278264732,0.1129899738426,0.2094016613894,0.3079911849375,0.2563879317213,0.1274299106000,0.2654227802857,-0.0948417280816,-0.2157153731227,0.1700573042493,-0.1003563636993,-0.1794744319852,0.1830953218188,-0.0367178583119,0.0536263321961,-0.0955505643318,-0.2958895832306,-0.1320666018665,0.0707657569806,0.1876937045125,0.0367414552319,-0.1509921612841,0.1506393646507,0.0225875420936,-0.0886081264850,-0.0999885401175,0.1625412766921,-0.0377314487762,0.1767696282791,0.0308570149723,0.0411254627742,0.0535833498484,-0.0193958834427
0.1302320866080,0.2051989416068,0.1411951967278,0.3271235353555,0.2763795250569,0.1587689163002,0.1934202627791,0.1132716013924,-0.0452730373159,0.4003709351395,0.2085655007991,0.3054994543284,0.1708563848356,1.0000000000000,0.5398121062116,0.1607884878041,0.1826059191277,0.0903274026146,0.1178248974416,0.1565030135587,0.3188699650522,0.1667151117455,0.2681926499460,-0.0255674848147,0.1121658134162,-0.0549678276096,-0.0683981175212,-0.0493308348677,0.0197908443401,0.2281862913742,0.2206469829977,0.0986819402701,0.3148894435975,-0.0501823730192,0.1092828748724,0.0210400090941,-0.1602830246190,-0.1547757343156,-0.2577555363464,-0.3270269828364,0.0812200316232,0.3227236137814,-0.1000529385157,-0.2686738283869,-0.1327739821338,0.1043697833675,0.2497828340662,0.0069337845665,0.3100331004997,0.5083604092166,0.2250234011334,0.1289718862764,0.1134512430767,0.2577846879016,0.2756848889296,0.1369647850349,-0.0298110365105,-0.0305775714468,0.0651460584977,-0.0781155055287,0.0054879915862,-0.0331031424622,0.0900432277656,0.1073486861586,0.3358229633971,0.0920892010085,-0.0470101383354,0.0442254902655,-0.0459490406192,0.0208976478613,0.0426994828579,-0.0067958808394,-0.1112489846466,-0.0258149017665,-0.0886629566222,-0.1194310358932,-0.2612180817243,-0.0779722838068,-0.0893340883490,0.0198583015058,-0.0653497262433,0.0142720652904,-0.0263838511344,-0.3421998901877,-0.2080264119142,-0.1454705124295,-0.2380307796351,-0.2189850892063,-0.1973267044322,-0.1814141257148,-0.2875304729508,-0.3175683568484,-0.2676097322427,0.0261030974692,-0.0146417337614,-0.0276543877833,0.2915994128257,0.0618808113792,0.1232781816397,0.0997442488602
-0.1885110859722,0.0761398319181,-0.0427068031476,0.2994260440734,-0.0281301558601,0.0793099022424,0.1552515402676,0.0943888723443,0.0077123331262,0.3839514245057,0.0805317749294,0.3513473917621,0.2313742450761,0.5398121062116,1.0000000000000,0.2247669851198,0.2404084642726,0.0604778050148,0.1438013484152,0.1736430393727,0.3183273860189,0.0703475401484,0.1240204793406,0.0551964038010,-0.0360881725219,-0.0078232133351,-0.1118793172805,-0.0565150589004,0.0552542072286,0.1389263623368,0.1952195396559,0.0700612858863,0.3337116989417,0.0128716667551,-0.0130695673418,0.1659932652812,-0.1404974272157,-0.0349946439240,-0.0617105701268,-0.1574811779644,0.1672563466080,0.3168268888463,0.3044851986604,0.0005130675321,0.0732254092070,-0.0648480555214,0.1791763845782,0.0333611626822,0.1242346276247,0.4314219828426,-0.1838470893624,-0.0372152963479,0.1839682288442,0.1442552208170,0.1417245140892,0.1092500732363,-0.1592618508965,-0.1716790419724,-0.1344125159788,0.0043026573911,-0.1466989139638,-0.1281946385785,0.0179915221785,0.1501111442465,0.1513191160459,0.2485431678580,0.0286880160427,-0.1010233702714,0.0248914385228,-0.0214979482798,-0.0905674102046,-0.1387821020780,-0.1184624206287,-0.1909796881192,-0.2628501333963,-0.0055651653778,-0.3043325808067,0.0559220696563,0.0681944682852,-0.0530209564987,-0.2151060701684,-0.0376381253150,-0.1922077924963,-0.1323168269875,-0.1886129155188,-0.4082513139916,-0.2798070861806,-0.1853765249422,0.0198422662372,-0.1882016310239,-0.1270220180879,-0.1505249976204,-0.0530209447393,-0.1781091073230,-0.0812817722461,-0.0104023737426,0.0280914752190,-0.1095843251081,-0.0967054688978,0.0137961579611
0.1376611084295,-0.3248081850358,0.4223156910381,0.5360805965366,0.2626870703360,0.5294830787514,0.5299740442807,0.2716839339843,0.3698087327625,0.1739043760562,0.2222205859922,-0.1284950027663,0.2112068851548,0.1607884878041,0.2247669851198,1.0000000000000,0.4010951172053,0.4038965795291,0.5020475577168,0.5100965839241,0.2619785680417,-0.0496181440891,0.0373711694935,0.3968184545461,0.0920084352045,0.0129059126161,0.2642329161512,-0.0470181674310,-0.0681055718706,0.2298910096753,0.7435729650981,0.4545626434932,0.3889192912979,-0.0706782147038,0.4739717496629,0.6093225646410,0.1251697670269,0.2983676866486,0.0633744151591,0.0178410703086,-0.1600728404433,0.1140850302360,0.3851747053624,-0.2537009221204,0.0996300042957,-0.0497751509757,0.0774953438692,0.4694852151871,0.1975517720574,0.0627666550768,0.1624261464353,-0.0244875973685,0.2538727603731,0.3678942981996,0.3687839448264,0.4070943042823,0.3172642911786,0.1632446888399,0.4873764761934,0.3568243916570,0.0064475925920,0.2326431240704,-0.1261470829535,0.0331339936173,-0.0948603230948,0.2553123531244,0.7282386151992,0.3932323982454,0.4936474590429,0.5711964090491,0.1675913816894,0.0261395278328,0.1293159751794,0.1187345088766,0.0880542008521,-0.2274757236277,0.0953005637104,-0.2948145848646,-0.1590048357698,0.5375232040889,0.1801212839310,0.1381898053012,-0.2041776404745,0.0724041991712,-0.2117783638192,0.0305997720054,0.0096492311105,0.1782612660878,-0.1180384302967,0.0960277258103,-0.0124070779233,-0.0853358981650,-0.3542451343822,0.1041287332935,-0.3014207354084,0.4042601757307,0.0354126432311,-0.0646437772418,-0.0717207251199,0.0499811661449
0.0475509213485,-0.1985050918344,0.1475957678971,0.2940644313393,0.1352754725250,0.3038495009108,0.3028942891415,0.2557297767470,0.1996928185369,0.4997336584646,0.5801967636427,0.3936897697965,0.6184493917585,0.1826059191277,0.2404084642726,0.4010951172053,1.0000000000000,0.5025226817255,0.1653830670847,0.3716248632745,0.5712281348966,0.2439376587315,0.3370617437492,0.3501220079205,0.0450053630714,0.2243493222816,0.4495094912727,-0.1806396741959,-0.0201815054098,-0.0280084269672,0.5582209676964,0.4212262898171,0.4882736936701,-0.1090654364425,0.1100215102809,0.0289396023625,0.1806746072220,0.1304066696434,0.0136507371913,-0.0084393777250,0.0732325114227,0.1986482475520,0.1483065059817,-0.0952468711525,0.1420433916834,0.1041115934247,0.1215390801740,0.2220472380643,0.0294866107922,0.2848380774905,0.0983265683525,-0.1474378953634,0.0456255469068,0.1276918696871,0.2108426114338,0.1867955691601,0.4108883925039,0.0653061372277,0.2951277463604,0.1573353408677,0.2437824891185,0.4024467321829,0.3283333963750,0.4088298926667,-0.1624018729072,-0.0125313043052,0.1468329563942,0.6438401857357,0.1219893568854,0.4244890999366,0.3919802848606,0.3085597155047,0.2340783091335,0.0739717448226,0.1294579981331,-0.0351483634976,0.3175295040793,-0.1969212295762,-0.1141241818874,0.5055025918740,0.2172823868047,0.2993580634900,-0.1935121730413,-0.1932113595153,-0.1363475509211,0.0509520078551,0.1979786754766,0.0211981313302,-0.0766994967020,0.1228859639035,-0.0197413193071,-0.0843548512077,-0.0931249854185,0.1993144112833,0.0313509148864,0.0882517474585,-0.1736850804221,0.1646011113317,0.1295583235156,0.2316212547618
0.0104054646896,-0.3557506906190,0.0338069123299,0.1711681390002,0.1166805464847,0.2342815184634,0.2171586406438,0.3242536338593,0.3527293086730,0.2201285862659,0.5095392438616,0.1168171600054,0.1076593629474,0.0903274026146,0.0604778050148,0.4038965795291,0.5025226817255,1.0000000000000,0.0553314612811,0.3869119356645,0.2059295152174,0.1904527193665,0.2651672886370,0.3641160111217,0.1081788354534,0.0521917166641,0.3646829183917,-0.1145186523681,0.0492063764465,-0.0319528068471,0.5321687883817,0.2811887292840,0.2135354109117,-0.1386066409237,0.1975504504032,0.0591437358699,0.2586640251103,0.2673436467712,0.0830161386815,0.1214746635140,0.1073358529395,0.2648313843865,-0.0211593863223,-0.0651145394581,0.2560528301370,0.0714001689058,0.0948352612509,0.2985159511946,-0.0357127537434,0.1543279460373,0.1001240573616,-0.3788289239317,-0.0441318708639,-0.0139801276470,0.1231216534761,0.1311673292786,0.3767647831130,0.3151970292475,0.3826620170317,0.1500219046792,0.2034170522657,0.4089089751048,0.1368359972510,0.0577179487854,-0.0718548667836,-0.0341096330122,0.1499422629890,0.6408143223639,-0.0127559833746,0.5572511729552,0.2945765360880,0.2227818187162,0.3368586869917,-0.0354277006620,0.0388786744225,-0.0549229163717,0.3723012485153,-0.2942065406697,-0.0640277071330,0.5209202373753,0.1832299366221,0.2372284648461,-0.1695064458739,-0.1608698052569,0.0180764114282,0.0821849632203,0.1922255855441,0.0504853182746,-0.1040284452630,0.2353383208081,-0.0022971812930,0.0383088221394,-0.1059690983701,0.0159058008994,-0.0718335615973,0.1403873712411,-0.1512039440235,0.0350779704602,0.2135445740615,0.1788726510613
-0.0249022920053,-0.3377407715710,0.1510129532671,0.0619944606819,0.0051563698308,0.1573112384345,0.0261734329078,0.4139005899821,0.5815552216239,0.1871583850997,-0.0537039219067,-0.0512014750128,0.1789102229510,0.1178248974416,0.1438013484152,0.5020475577168,0.1653830670847,0.0553314612811,1.0000000000000,0.4463383127440,0.2936445847021,0.0018463245650,0.0226439447647,0.2200660703566,0.2404748576718,-0.0425238624169,0.1165508494544,0.1754665702992,-0.2539819347971,0.0836959618110,0.2757637713151,0.2634961921598,0.3423866196251,0.0275723757370,-0.0267115422933,0.5172379476605,0.0351835058647,-0.0348125012532,-0.1782371640902,-0.0843176610534,-0.1566332851767,-0.0139780873244,0.2545544376765,-0.1751422304978,-0.0750445344008,0.0743963588912,0.1334791582306,-0.0377763284338,0.0049460956723,0.0789331064504,-0.0317210034519,-0.1275793528633,-0.0898283537071,0.1550014159655,0.0425742373923,0.0128168158585,0.1194461579728,0.2310593899753,0.4476197002071,0.6219293933149,-0.0559489402555,-0.0102019516509,-0.1281680103058,0.0137989083549,-0.2695267396858,-0.0369712921566,0.5177934985148,0.1657594849602,0.8114130487355,0.3766623149686,0.0745713786577,0.0441486024975,0.0688011841031,0.4075414005997,0.1694955643291,-0.1817777676945,-0.0248493919380,-0.0525297754028,-0.3646338626604,0.2118967285117,0.1110624862971,0.0683496249585,-0.1997261043890,0.0387915582943,-0.2760267081274,0.0138176074255,0.0018389856364,-0.1154272838141,-0.1835238707467,-0.1067079957956,-0.1515312669507,-0.1365190745149,-0.2007027003892,0.1707455440694,-0.0216314786199,0.0176530000473,-0.1840410178877,-0.0944052539486,-0.0898695166358,-0.0852175063100
-0.0492748707808,-0.3390018843405,0.0420931284903,0.0115388462039,-0.0501662798537,0.1164131111250,0.0210577728055,0.5248255611018,0.5567545883135,0.1793116388194,0.2871599661226,0.1219807070405,0.3374060533542,0.1565030135587,0.1736430393727,0.5100965839241,0.3716248632745,0.3869119356645,0.4463383127440,1.0000000000000,0.4101274367947,0.1543306311042,0.2952543300317,0.5150094965902,0.5745846100332,0.2837039538088,0.4851128578009,-0.0310545487012,-0.0211392766587,0.0475093053260,0.6164633898682,0.4802128435227,0.6362230239843,-0.0177932661413,0.2307785223964,0.4188039039817,0.1116984238878,0.3404802469528,-0.1996332410508,-0.2849712773347,-0.1488253340891,0.1538850799511,0.1082464266731,-0.1229268018983,0.1343906781552,0.2415448893709,0.2059072704572,0.0488981187302,-0.0577463389578,0.3700874934481,-0.0608673592406,-0.3203922283388,-0.1741097513167,-0.0203887266392,-0.0061655239484,-0.0793309339543,0.4006744287496,0.3589468748439,0.3846454345933,0.3875180432645,0.0194316473198,0.2510794916352,0.0409408324663,0.2073706960899,-0.2374234042636,0.0839449716264,0.2595207254010,0.3432450411585,0.3628851299720,0.7560609340174,0.2301654017896,0.1891805385839,0.3206253585138,0.4674682343478,0.1291263765488,-0.1162088505944,0.2671505448760,-0.1496010635746,-0.1628219941815,0.4176008897684,0.0806851030623,0.2552173103015,-0.4810425492577,-0.2561725217813,-0.0664497974257,-0.1083132778262,-0.0343421439156,-0.0986415844367,-0.2989766923242,0.2419486321515,-0.3025357185794,-0.3634973674933,-0.2235075886434,0.0256426056376,-0.0305151746862,0.0414153118189,-0.2014016621845,-0.1510358151933,-0.1371290901401,0.1124188730385
0.0314010423308,-0.0970615313392,0.0408899239634,0.1645123867696,0.0420518323584,0.1184541385140,0.0887099541266,0.2107566777814,0.0793362728527,0.4255961002036,0.3618779415320,0.4854211753162,0.3897879069057,0.3188699650522,0.3183273860189,0.2619785680417,0.5712281348966,0.2059295152174,0.2936445847021,0.4101274367947,1.0000000000000,0.2858592669268,0.5669733749151,0.3499823534897,0.0707103500563,0.3148412299456,0.2409853325285,-0.1824621552237,-0.0397172284411,0.0093448084353,0.3552119367438,0.4107320904903,0.4332579007769,-0.1530966969668,0.1236754343707,0.0815238233264,-0.0064076649894,-0.0992139490322,-0.4178880650670,-0.3833256502160,-0.1409457589087,-0.0520938327099,0.0139099442124,-0.2999039766153,-0.1746435980267,0.2856424957434,0.1220015336227,-0.1175586399745,-0.1015610812654,0.2876240423775,-0.0330789348137,-0.0298017453484,0.0181866737848,0.1567775815650,0.0642438037000,0.0684754734342,0.3920785947979,-0.0794675412689,0.2389827658708,0.0243486920250,0.0647299183185,0.1936161408807,0.2783345232626,0.2997710166507,-0.1146509154588,0.1315279406035,0.0139090384075,0.1935429704069,0.1433307243548,0.3806205535222,0.5102935361656,0.4251297804515,0.3341250948889,0.2931682258199,0.4102919108759,0.2163384438354,0.1523321266383,-0.0554438412975,-0.0762732604890,0.2435594618775,0.2494866298890,0.4850208770279,-0.2865538623876,-0.2581555408334,-0.1251246206616,-0.1143627306943,-0.0617844902096,-0.1370360764073,-0.1898308767093,-0.1327651046913,-0.4065826321926,-0.4066748714186,-0.1354207870873,0.1421446628317,0.2494908157919,-0.1825067485808,-0.2336535880945,-0.0506162403785,-0.0179597148955,0.3765525948777
0.0138085380857,-0.1336057542953,0.0342207609477,-0.0495181883059,0.0743303070384,0.1515081432696,-0.0809394474951,0.0379508169779,0.0826327665135,0.3984699319929,0.2807484966730,0.2216826389850,0.2375013568950,0.1667151117455,0.0703475401484,-0.0496181440891,0.2439376587315,0.1904527193665,0.0018463245650,0.1543306311042,0.2858592669268,1.0000000000000,0.4118984816833,0.1888440977993,0.1130880007949,0.1211952014286,0.2788571244757,0.1325865906503,0.1860786855432,0.2025530083484,0.1283559216705,0.1800150189355,0.1907760124947,0.0164065291059,-0.0687173013098,-0.1881637809190,0.1568408604268,-0.0497580030094,-0.0799441073136,-0.0668811607333,0.2839897667249,0.1752463624310,-0.1036214164205,-0.0293260146503,-0.0280748853606,0.4527524573896,0.2757580297840,0.0167016204989,0.2125382154168,0.1784824937067,0.0122416599090,-0.0884086157437,-0.2181227348637,-0.0090814205987,0.0294667874357,-0.1385036029537,0.0901152840525,-0.0330050924073,0.1153070462033,0.0505188044259,0.2662023224869,0.1113614448193,0.2563622892101,0.0714277584265,-0.1269526333513,-0.1380477377440,-0.2335004022452,0.1996029982001,-0.0217131317561,0.1021857448796,0.1052658145600,0.4972665084087,0.2140163261951,0.1663489402694,0.0114206443793,-0.0109408278448,0.1291091203707,0.0000955810989,0.0043760786296,0.0820188210584,0.0888356692634,0.1379329462677,-0.1186652820295,-0.3396326171666,-0.0865581168970,0.1391274676504,0.1447588736290,-0.0672497847381,-0.1647380225638,0.0006726043783,-0.1019054132814,-0.1207999640307,0.0202646138143,0.3069877442392,0.2144254265294,-0.0678465455383,0.0359905471486,0.2138464285729,0.1540656856674,0.0735297894100
0.2054000093649,-0.1750195675153,0.0886916991492,0.1371180694285,0.1959628701974,0.1528414244179,0.0979242299710,0.1009836182450,0.0678313183923,0.3430664655237,0.3956960868747,0.5799076083001,0.2715768554283,0.2681926499460,0.1240204793406,0.0373711694935,0.3370617437492,0.2651672886370,0.0226439447647,0.2952543300317,0.5669733749151,0.4118984816833,1.0000000000000,0.2770984658984,0.2990040339290,0.3877386814299,0.4908061449333,-0.3096944487366,-0.0415941997675,-0.2003393585577,0.2152914541438,0.4290069130462,0.4651739846517,-0.1780445607927,0.1134699161280,-0.0878118754224,0.1212711566897,-0.0818759084576,-0.3035384306520,-0.3332594534779,-0.0934283270078,0.2114449081305,-0.1381597706995,-0.2694453822006,-0.0769983457432,0.5796661467233,0.3520536863397,-0.0403479880956,-0.1422808876807,0.4699198259648,0.2075165373833,-0.0620759569705,0.0428089992735,0.1990090877212,0.1614235783061,0.0972160774025,0.2855324017980,-0.1238326332905,0.1392032292293,-0.1174840464785,0.1670197755880,0.3209776049865,0.5945410189360,0.3064958718576,-0.0223567267445,0.0594967774143,-0.2400963402693,0.2821650324298,-0.1647246162922,0.2408956847415,0.4448407970617,0.7328717493159,0.4061577745231,0.2487601327402,0.2819892692116,0.1428758328617,0.3608207348719,-0.3751075244993,-0.2075378590526,0.2124869100484,0.3585969696423,0.5015463937204,-0.3782017498151,-0.4007531492466,-0.2464489811522,0.0053483407345,0.0914731496771,-0.1669493761418,-0.1510439186317,-0.1498055613506,-0.3815657089667,-0.4129526293244,-0.2435198343963,0.1389908360154,0.4511752995863,-0.1636325503838,-0.1554078785442,-0.0972079225850,0.1310935655501,0.4790028552244
0.2661241099548,-0.2865366966324,0.2583174573870,0.2232410686046,0.2364574907800,0.3814258149609,0.2366576243275,0.0091106364891,0.2996781089715,0.1670790064111,0.2880898086138,-0.0146838411683,0.2393229065095,-0.0255674848147,0.0551964038010,0.3968184545461,0.3501220079205,0.3641160111217,0.2200660703566,0.5150094965902,0.3499823534897,0.1888440977993,0.2770984658984,1.0000000000000,-0.0029120449538,0.3647661502244,0.4924303590890,-0.1208183331353,-0.1294804751606,-0.0422164069543,0.5694457861530,0.3913464183691,0.1758831679558,-0.1648089976154,0.4176490848109,0.3629614448965,0.4597779868005,0.1391405010278,0.1006161045891,-0.0261280741195,-0.2151203496837,-0.0818427559460,0.1478126400257,-0.2317077527314,-0.0885610818856,0.1577959770047,-0.1470751108537,0.3904215946521,0.0246407539793,-0.0140384737825,0.2192497721960,-0.0490157892473,0.0119535115327,0.2056976581802,0.2553418970454,0.1361983124727,0.3989296963993,-0.0642889841287,0.3912635230795,0.2254480588210,0.2020089618001,0.3797770576956,0.2219310249536,0.1158750672408,-0.0028771561976,0.4026514005392,0.2501432839077,0.4640348813478,0.2867936425969,0.6563140259233,0.4209589610404,0.4580641668260,0.8102071239177,0.2313072881085,0.2823791647942,0.0365056084318,0.4210543208019,-0.3260625122775,-0.1461292350983,0.5963890670170,0.2021809780947,0.2042293351363,-0.2470515423195,-0.0948631659378,-0.1765943062470,0.1123002380918,0.4123066632408,0.3823266481046,0.0611114480783,0.3595720110486,0.0502585747284,-0.0731016410682,-0.2201515747779,0.1730896503264,-0.0538004542071,0.3849975544558,-0.0668990398291,-0.1617458014691,0.1488847624592,0.2337340512401
