1.0000000000000,0.7825509848194,0.6933253988557,0.7174924786658,0.8719666376792,0.7480271355231,0.6103865928428,0.5543157877260,0.5649078745265,0.6662236825686,0.7085023361606,0.7534109698619,0.6469033038778,0.7407472834001,0.7338489124810,0.5200877106875,0.6189670185573,0.6860402029223,0.3054013140333,0.5125548846675,0.5437253164811,0.6893681885489,0.6674336204536,0.5164444434202,0.4820941982988,0.5050464286568,0.5946007553103,0.5601483981024,0.4477651959954,0.3801166458033,0.5313717304142,0.5342704727256,0.5435388385593,0.5763197659230,0.5377548778841,0.3938031348299,0.5276985171077,0.4019009901727,0.2788346988662,0.5973979912957,0.6963873658803,0.6591036881747,0.3340780371334,0.4220101749766,0.3595930426447,0.6194212251565,0.6048816881543,0.6798527309012,0.6494958563766,0.6783245217416,0.7940400794437,0.7593097717088,0.5670868148216,0.7214012049999,0.7335989500861,0.5330878627655,0.5051168118472,0.4526993761689,0.4429497608801,0.4302684722918,0.4943648497033,0.6575695489112,0.4889812862287,0.5383103066607,0.5322410681869,0.4115386644478,0.5015833955117,0.5833677030416,0.4167620275123,0.5228735244229,0.5199953272074,0.5427611511858,0.5446687194753,0.4870167660902,0.4465385804899,0.3657467222280,0.5835024775156,0.4786881184447,0.2723665181884,0.4900726541564,0.3975539505823,0.5440061197132,0.1593471704289,0.2541005957919,0.2330638062544,0.5332245097218,0.4782900241753,0.4853231438996,0.2668013034471,0.3987379336455,0.2806758668545,0.6672365481553,0.4579512388872,0.3768597011037,0.3681942944097,0.6033981894073,0.6124856622177,0.4190700914971,0.4782983016905,0.5207412815471
0.7825509848194,1.0000000000000,0.6355292393540,0.5965262669627,0.7228071744558,0.6335576596801,0.5085554820849,0.4612702349648,0.5009507550388,0.5544559911319,0.5852498069191,0.5448517364854,0.5073294532588,0.6206200226836,0.6054818937958,0.4681314869661,0.5266728348821,0.6124549416742,0.2149998726478,0.4703303969649,0.3546829011482,0.6049829121410,0.5153901508355,0.4452843391491,0.3609036139732,0.4438812207508,0.5234174053530,0.5797400654237,0.4472254375727,0.5278489914597,0.5004608841994,0.4395342302728,0.4484959254341,0.5285715947761,0.4413629507811,0.2977846182864,0.4498758938466,0.4081037378153,0.2440026505254,0.4941321090996,0.6570469219407,0.5858935852186,0.3031749867223,0.3754525886451,0.3550429551877,0.5159606389444,0.5446023839022,0.5592169901885,0.6860099620695,0.5507302712487,0.6661592298198,0.7287184527781,0.4956828202380,0.5566913908274,0.6422020586103,0.4316777843022,0.4615174349375,0.5000127525733,0.3428098354666,0.3830207413819,0.5256413020777,0.6235577610086,0.4090134106541,0.4506868289627,0.3704967194641,0.2987897765640,0.4505264532894,0.5480633892272,0.3870306845338,0.4981668352137,0.3840973065213,0.4704886943280,0.4679622620024,0.4605613291188,0.4251241768254,0.4034102125107,0.5480384264487,0.5438353564729,0.3358518364145,0.4900779727892,0.3583256769566,0.4986802012745,0.2191303266317,0.2779838359148,0.3090319782587,0.4597963483779,0.4341644767711,0.4390936269052,0.2321187413305,0.4094714585504,0.2398344187889,0.5390135122721,0.3730720189929,0.3708479575060,0.3604394704789,0.5002949154182,0.6699258245486,0.4448063032098,0.4114353383967,0.4115223186997
0.6933253988557,0.6355292393540,1.0000000000000,0.6558988851612,0.6942231997416,0.8301550433960,0.6196199278393,0.4707101787919,0.5541221395933,0.5990401506219,0.6134406853861,0.5504229046070,0.5419755529898,0.5549344178666,0.6493994309461,0.5384711103563,0.5554988566804,0.6186960916852,0.2843647488743,0.5496606109568,0.4123479166135,0.5890173356067,0.5789784876979,0.5164226437027,0.5197775046188,0.4376314126254,0.6434418951750,0.5197239892994,0.4030475404488,0.3689471686147,0.5710830006673,0.4685265951190,0.6302978955442,0.5504346173645,0.4853456679220,0.3876611117248,0.6167142984462,0.5195262946123,0.4708633196795,0.5876929854523,0.5408168562940,0.5613258026535,0.5414872316060,0.5397449310697,0.5362107038088,0.5647953284156,0.6181274102886,0.6163629332607,0.6468610628636,0.5833693783240,0.7423319535858,0.8044711453082,0.6516231580167,0.8224780458181,0.7243779075248,0.5844356160285,0.5758809982961,0.5061776349947,0.3959989868473,0.4391285083367,0.6521160867144,0.6486633693881,0.5745959987068,0.5406055820472,0.5542215431801,0.5123763392914,0.5321848220846,0.6204359635866,0.4568014960907,0.5639162168205,0.5323406242763,0.6191128407619,0.5106969977886,0.5264772204399,0.5214132491687,0.4548417468161,0.6471012057790,0.4901770435618,0.3643307495231,0.5632940522833,0.5233776977548,0.6616039278849,0.4384949674450,0.4671101304036,0.4479921597677,0.5466002300877,0.5970119421994,0.5482004962177,0.4496551243405,0.4754049122303,0.4351263651598,0.6213687301951,0.5160706498829,0.5931374347549,0.5584471309501,0.5724766204406,0.6140510183160,0.5692913443147,0.5928528400321,0.5910500691214
0.7174924786658,0.5965262669627,0.6558988851612,1.0000000000000,0.8702221703101,0.8439469043438,0.9068945346615,0.6857943034893,0.7098967169329,0.7408183822057,0.8125244551144,0.7875867609897,0.7338286207919,0.7370872673596,0.8081488759694,0.6730590510605,0.7570064340662,0.8093027414471,0.3253690609264,0.6079470762008,0.6341560301645,0.6637340183406,0.7218896107498,0.6675876584378,0.4540416988753,0.5090026174028,0.6948153981636,0.5164166721379,0.4410409819992,0.2721718528714,0.6416965461764,0.4944360794653,0.5998607247793,0.4740639141410,0.6526550401806,0.3566212437933,0.6209961612549,0.4420825872728,0.3788097857180,0.6008373081295,0.7059548208088,0.6326730734056,0.4949677006676,0.4258050192895,0.4451588721874,0.6291005900249,0.5505782066032,0.7636683609234,0.6465317340058,0.6180640862443,0.7606592905318,0.5759063840547,0.8768751797046,0.8134336356846,0.8743864932310,0.8421411350829,0.6926162736364,0.5765193869501,0.5785619071709,0.5605449814757,0.6336482875091,0.7654598617813,0.6623502347164,0.6929450242808,0.5270240469087,0.6195042568405,0.6708765868927,0.7956983511481,0.5034162530626,0.6652559066889,0.6539265753256,0.6447222497323,0.7028435171893,0.5556554923876,0.5643473350287,0.4043140142966,0.6836213125250,0.4953351907089,0.2625809148914,0.6695727200433,0.4411413385236,0.6617013432361,0.1586440864573,0.4008764093335,0.2868247980996,0.4914994990318,0.5945017875843,0.6493520852127,0.4463117824755,0.4819917557049,0.3957551906303,0.6324983858957,0.4933707790668,0.4916363023014,0.3844440896865,0.6980030336456,0.6026752574751,0.5855352166043,0.5478662245270,0.6878786041658
0.8719666376792,0.7228071744558,0.6942231997416,0.8702221703101,1.0000000000000,0.8829877444252,0.8093797551628,0.6666851294332,0.7008092023581,0.7757477723651,0.8448440696284,0.8249042083623,0.7497418638083,0.7978080612658,0.8036721533252,0.6339656492740,0.7424551002086,0.8195769021297,0.3126585216791,0.6145435215420,0.6214348478970,0.7881551924921,0.7506309105482,0.6366869121799,0.5041076724213,0.5044727557877,0.6880045305669,0.5862597498683,0.4556795127655,0.3627459219737,0.6547144619154,0.5490990821214,0.6381652028606,0.5481827389625,0.6352603849356,0.4048401136651,0.6113345490336,0.4466036438153,0.3494785542788,0.6250676882169,0.7700121286405,0.7227456070872,0.4386780588835,0.4216366881293,0.4191417290120,0.6532891751479,0.6476381036262,0.7790560099294,0.7431938291296,0.7052507815750,0.8616390303833,0.6441348338519,0.7429710382648,0.8263468539611,0.9032819428904,0.7143226299880,0.6537891135662,0.5687549163377,0.5305851084661,0.5388654101917,0.6845850126678,0.8156605285941,0.6291600410908,0.6790976488075,0.4958565428332,0.5389514604733,0.6252953458860,0.7719378148738,0.4717383439485,0.6601765784656,0.6266281529877,0.6712513829443,0.6722462800502,0.5578758161845,0.5497351260552,0.3770773170142,0.6673446326540,0.5266095994744,0.2479636864220,0.6488212604515,0.4599594959428,0.6558682211397,0.1621445026638,0.3589346591552,0.2400881203873,0.5629441485976,0.5512242090364,0.5947693492738,0.3623899594567,0.4568456204741,0.3429833989127,0.6797253749617,0.4759577713439,0.4833166812034,0.4142348827935,0.7086836858279,0.6821911399967,0.5586007991531,0.5505845783323,0.6679083551916
0.7480271355231,0.6335576596801,0.8301550433960,0.8439469043438,0.8829877444252,1.0000000000000,0.8290801227394,0.6808413828779,0.7925058735842,0.7697454193534,0.8386618471612,0.7929521873377,0.7196390952328,0.7154529406380,0.8377717328179,0.6960769403218,0.7424153906678,0.8467228163131,0.4033202010703,0.7106717781716,0.5898074627527,0.7660271321185,0.7777347370663,0.7229070083239,0.5948655632905,0.5457691024036,0.7771491636416,0.6277646361053,0.4722279370444,0.4241673014769,0.7303138308295,0.5878626676553,0.7364935275370,0.6038711738658,0.6465096218934,0.4767292045992,0.7721842735470,0.5808116604040,0.5191035644288,0.6871908613103,0.6935942460467,0.7205321247164,0.6072771054152,0.5111521443016,0.5669010765661,0.6899722944848,0.6761174120187,0.8076085177767,0.7441211436661,0.7231889186644,0.8233021926873,0.6826414067921,0.8002056337154,0.9148665213223,0.9400946794730,0.7661223856281,0.7247594643507,0.6596321465269,0.5561299087555,0.6385026816788,0.7401594775132,0.8231855125218,0.6870103586103,0.7136055715323,0.6353730591880,0.6310355742681,0.6977485462837,0.8399863825241,0.5804813317391,0.7341018972069,0.6898485164252,0.7463611233914,0.7466853149803,0.6358991911282,0.6064906616430,0.5135771702710,0.7682481778380,0.5611620482111,0.3341642585256,0.7392792505338,0.6019466489775,0.7572808190812,0.3259220318779,0.5328691199650,0.3984208913991,0.5932800028906,0.7139194390468,0.6837755899635,0.4836535322697,0.5636585453013,0.4689980059156,0.7086010838211,0.5566478295691,0.5867406213294,0.5040480929909,0.7275027849222,0.7016875023687,0.6266212818554,0.6414363906810,0.7375909804968
0.6103865928428,0.5085554820849,0.6196199278393,0.9068945346615,0.8093797551628,0.8290801227394,1.0000000000000,0.7116752136508,0.7393477027485,0.6588021729610,0.7563997360252,0.6989965317240,0.6969215507991,0.5800388887628,0.7524911935191,0.5609519350701,0.6379232896501,0.7433027625802,0.2947980054195,0.5394681417120,0.4649237440918,0.5816911421849,0.6018107687053,0.6053000123946,0.4495816103842,0.4025190599716,0.6151046112817,0.4853639374343,0.3664996613484,0.2130033188092,0.5699544187358,0.3443355820255,0.5082902309975,0.4535131170989,0.5477644839358,0.3238158183887,0.6006913161717,0.4055515017556,0.4636722416729,0.5796876928246,0.6221581436292,0.6306068787588,0.4944106777796,0.4807957259667,0.4223349914496,0.5033473573813,0.4895678785854,0.6621137149346,0.5266103649938,0.5865941054686,0.7211635328875,0.5367179579252,0.8267108983283,0.7994574832908,0.9038300409309,0.9271601309301,0.6775077995506,0.6042929804274,0.5529551375451,0.6121213817260,0.6502837920233,0.7399803344947,0.6080693800371,0.7159775315523,0.5365241368312,0.5299435916656,0.5912969840915,0.7788418743761,0.4840457800627,0.5721403056076,0.6039194776962,0.5507625983261,0.6546680130201,0.5116215269959,0.4425377247033,0.3738091816173,0.5943076030251,0.5027130149316,0.2558176278835,0.6047751432824,0.3573867961494,0.5320359036532,0.1945486036342,0.3928639566127,0.2367992796121,0.4480399652396,0.5629922117075,0.6239954782131,0.4573093023861,0.4126853206693,0.4329580037259,0.6071401800542,0.5009098225311,0.4676097943191,0.3644364757569,0.5878177191017,0.5387485368701,0.5854481875286,0.5924467248193,0.6875203474859
0.5543157877260,0.4612702349648,0.4707101787919,0.6857943034893,0.6666851294332,0.6808413828779,0.7116752136508,1.0000000000000,0.8296803949102,0.6401586657284,0.7058199843188,0.7176968559920,0.7841784114154,0.5669096246226,0.6542224570483,0.5385890403141,0.6716286404997,0.7027557776745,0.5302997848059,0.6239843380117,0.5730789022834,0.4909501748420,0.5672066120738,0.5220030082692,0.5307164548251,0.4591142740607,0.5213589234374,0.3787110267616,0.2618059473721,0.2305941178299,0.5325805101227,0.4561599389066,0.5064462904823,0.4740566880060,0.4902804141546,0.3737256358788,0.4588980773732,0.4225227966576,0.2725284357967,0.4957055923628,0.5478603988862,0.5338512856776,0.3686732715084,0.3873637460183,0.4386090781718,0.4177816164854,0.4817112152128,0.5604154577708,0.3952488185524,0.5155065219735,0.5793195975610,0.4598054837933,0.5465016891981,0.6633170331467,0.7279090038417,0.5946683164950,0.7083063257080,0.7322702866289,0.7638119654559,0.7555154137095,0.4865915195687,0.6411715439051,0.5659706781931,0.7984135170796,0.4899398363506,0.3453296927688,0.5088688116210,0.6604126502497,0.4980183656795,0.5578346733572,0.6891501944426,0.3711029176575,0.5682481857526,0.5444799949751,0.3944078629113,0.2338155478822,0.4389378175621,0.2831203140135,0.1380955493907,0.4851651708570,0.2913113457341,0.4989334185484,0.0511602459491,0.2265562054356,0.1733566798983,0.3432357087923,0.3733882528480,0.4255354598981,0.2157135019448,0.3679343605570,0.2009356658332,0.4424959259940,0.3397539783943,0.2128160604965,0.2690608109756,0.5180447753928,0.3509590643252,0.3463925152587,0.3804287452465,0.5237100914874
0.5649078745265,0.5009507550388,0.5541221395933,0.7098967169329,0.7008092023581,0.7925058735842,0.7393477027485,0.8296803949102,1.0000000000000,0.7403797867610,0.7791938587626,0.7683835855192,0.7092912262161,0.6053856967317,0.7474144665408,0.6886118291853,0.6833985111821,0.7928265751920,0.6399686703500,0.7547197754422,0.5765555953654,0.6528527343682,0.7086363020971,0.7292184296024,0.6204592069429,0.5199890574124,0.6815472474639,0.5134731380133,0.3653761381268,0.3560144646071,0.6767587204658,0.5482815215231,0.6299399003643,0.5415236130257,0.5855359913376,0.5485904366324,0.6647430879015,0.5489827026915,0.4281654346964,0.5911578147282,0.6055388016833,0.6059672700905,0.5204321287868,0.3906322794032,0.4571117565443,0.5600603901368,0.5270794566427,0.6725343749502,0.5689268393503,0.5891476210799,0.6136539834664,0.4646154502140,0.6443045429576,0.7148216821439,0.7858984543673,0.6525600321701,0.7298783555998,0.7808174966445,0.7262265800731,0.8924131628651,0.6398962554463,0.7653528938178,0.6421461942954,0.7391672892021,0.5812217580835,0.5437629491137,0.6991676349464,0.8094315431028,0.7392188239810,0.7300997199329,0.7394124824798,0.5943636367991,0.7675233146765,0.7002407919750,0.5409154523314,0.3938705048995,0.6294087278623,0.4528211666222,0.2276820448388,0.6690295729527,0.4702553708777,0.6343653121267,0.1960298573881,0.4631989114590,0.2676562442263,0.4590059531360,0.6011871498790,0.5907317341274,0.3704670873337,0.5259384613191,0.3559059896910,0.5753979515013,0.4334076955412,0.4061481685008,0.3502143299494,0.5919948019461,0.5383486544421,0.4922794171273,0.5166028538467,0.6516923056531
0.6662236825686,0.5544559911319,0.5990401506219,0.7408183822057,0.7757477723651,0.7697454193534,0.6588021729610,0.6401586657284,0.7403797867610,1.0000000000000,0.8324441958761,0.8565645134176,0.7881028946637,0.7297641008101,0.7683965685750,0.6714773933707,0.7871833154699,0.7184496953030,0.4252373520188,0.6722854630694,0.7970015276088,0.8185878454426,0.7894591717182,0.7201053689438,0.5109403709276,0.5196906997046,0.6884807004159,0.5304354546897,0.3554290853762,0.3873132724918,0.6705666036267,0.6418591772965,0.6888836193462,0.4999584224218,0.6466675115867,0.4660094078928,0.6116027756128,0.4269960678271,0.2829277798588,0.5616585797786,0.7001967043939,0.5619940524869,0.4264292874777,0.2084145550709,0.3153435363446,0.6783819953615,0.5710873421197,0.7127098780212,0.7023799089906,0.6266823138284,0.5662361623840,0.4509530415557,0.5751815089538,0.7323243870502,0.7344328742559,0.5407392244955,0.6877778319149,0.5096708553552,0.5820843860007,0.6073947635642,0.6559514141575,0.7368320871000,0.6197304137231,0.6765960275410,0.3840734854307,0.5814056256458,0.6408203751639,0.6956594645292,0.5846895749800,0.7132183159689,0.6829542805781,0.6436494847970,0.7241762160626,0.6671193265080,0.6259553939666,0.3518858993273,0.6468726142945,0.4490305486337,0.1063183573295,0.6393014496411,0.4711635216836,0.7012953736492,0.0306798997282,0.3937945293445,0.2513406357155,0.4754872522565,0.5529623162567,0.5863706513106,0.3120412066606,0.5141967669650,0.3128983997067,0.5794926991907,0.3693510845801,0.3719256665195,0.3181965810594,0.6380339172119,0.5281767713601,0.4571369952129,0.4477748179961,0.6771704513295
0.7085023361606,0.5852498069191,0.6134406853861,0.8125244551144,0.8448440696284,0.8386618471612,0.7563997360252,0.7058199843188,0.7791938587626,0.8324441958761,1.0000000000000,0.8956616643882,0.7970884043505,0.7585452358384,0.7761989784589,0.7004415171930,0.8374246288186,0.8899758625154,0.3897066277608,0.7445211269947,0.7687728313941,0.7966213604699,0.8448128133562,0.7892895769913,0.5896945400141,0.6403128798803,0.8094957056513,0.5774606524510,0.4738601724191,0.3968000484164,0.7577677117592,0.6463979329498,0.7366208184593,0.5806363030271,0.6894660027053,0.4588823347316,0.7605047992727,0.5882433689922,0.4926751256233,0.6947957127051,0.7715991526137,0.7123729994464,0.5806543147556,0.4478889281789,0.5283188545513,0.6734522820936,0.6338843883419,0.8065252809620,0.7063101573339,0.6937589730400,0.7205654002303,0.4989823312001,0.6789324946972,0.7554626528749,0.8229052046983,0.6718422994343,0.7547393081444,0.5827592947708,0.6234242854705,0.6132473173720,0.7338804454052,0.8950334620067,0.7282930272409,0.7390755405496,0.4022752087510,0.6215621517740,0.6507581134880,0.8401658675349,0.5283608223601,0.7674498750231,0.7454698598561,0.7237405224709,0.8055616178734,0.6726701198287,0.6748538378422,0.4766120854425,0.7876403120512,0.5082302762910,0.2701825994417,0.7489150660439,0.5450687528103,0.7599532761904,0.1886488372597,0.5033217262463,0.3705782980241,0.5952803402991,0.6900287104971,0.6952631870079,0.4696125262554,0.6184525065908,0.4789742461806,0.6985543381467,0.5374211164910,0.5279070145678,0.4401077486039,0.7371105428035,0.6082563476387,0.5504364356505,0.5513058979913,0.7543532795458
0.7534109698619,0.5448517364854,0.5504229046070,0.7875867609897,0.8249042083623,0.7929521873377,0.6989965317240,0.7176968559920,0.7683835855192,0.8565645134176,0.8956616643882,1.0000000000000,0.8244307515491,0.8237363497479,0.8072409476010,0.6321948165690,0.8300015703940,0.8461639914942,0.4096948985620,0.6816218824422,0.8349864314046,0.7807628306749,0.9020578031971,0.7308527231923,0.5279719598586,0.6487068372181,0.7456092494591,0.5501039519539,0.5168446348503,0.3811856735518,0.6618009583315,0.6771938488960,0.6909686969110,0.5574911627678,0.6180068252084,0.4155159467581,0.6927255648504,0.4937045302896,0.3672619407702,0.6559922297833,0.7736100960375,0.6783029311998,0.4667155020410,0.3857329392756,0.4605089130083,0.7358262817301,0.6014344808892,0.7604907352646,0.6612729366944,0.7151056798554,0.6528942668844,0.4776567717983,0.6042349676091,0.7512626101798,0.7611934202426,0.5873081726452,0.6919536696766,0.5365246930034,0.6060761150722,0.5855704364121,0.5498889385945,0.7439356355826,0.6750221215049,0.6996359333022,0.4548432305066,0.5553840239415,0.5624336314879,0.7437410763793,0.4703148169352,0.6897032017183,0.7093520497442,0.6652545538521,0.7487605490681,0.6201861594202,0.6026819850620,0.4306251939956,0.7077985442246,0.4636342857473,0.2414160188455,0.6464314931624,0.4683700801589,0.6907005200764,0.0563673955423,0.3928735539407,0.2850114649869,0.5287633233340,0.6180388113980,0.5697291911045,0.3844827267957,0.5471252169873,0.3677084672461,0.6685865029891,0.5009983289081,0.4178608637656,0.3340305431189,0.6332794549508,0.5208080631876,0.4567179691112,0.4458853917703,0.6654369118510
0.6469033038778,0.5073294532588,0.5419755529898,0.7338286207919,0.7497418638083,0.7196390952328,0.6969215507991,0.7841784114154,0.7092912262161,0.7881028946637,0.7970884043505,0.8244307515491,1.0000000000000,0.6565165644553,0.7293666010107,0.5784627554109,0.8365703194314,0.6865464799137,0.3146342915155,0.5901633419064,0.7255119308371,0.5598244979889,0.6803178120273,0.5895333501258,0.4601844347987,0.5117255977759,0.6154971095637,0.3617248950219,0.3081682280595,0.2756902656587,0.6026389647635,0.5768883886334,0.6726571869016,0.5142970073603,0.5577364206067,0.3609115432862,0.5192822647175,0.4345432847632,0.2901614062996,0.5751414119186,0.6751489224143,0.6109242796607,0.4121875705780,0.3908777672961,0.4267163729044,0.5046283395752,0.5538670366021,0.6600374016070,0.5449865171262,0.6759320043079,0.5825595822087,0.4909234398910,0.5600453571478,0.7302815233633,0.7442633337750,0.5681186947117,0.7540155553550,0.6071270929801,0.6394748984391,0.6223047613312,0.5260949235850,0.7164490972584,0.6476614549668,0.8992993787097,0.3452944810427,0.4046915259983,0.5395885838937,0.6584653600210,0.4287645679213,0.5680445986936,0.6794065927798,0.4316117442387,0.5552028716271,0.4762530071784,0.4528571059810,0.2457734993477,0.5319111312423,0.2634632719507,0.0917050964298,0.5343153122484,0.3710287707446,0.6003523863664,0.0324012907363,0.2800680376229,0.1618083739330,0.3872921886296,0.4027973789990,0.4130446821001,0.2456235650760,0.3574266021480,0.2488198178180,0.5275218928475,0.3467238017735,0.2592967096634,0.3248438960099,0.6085873292495,0.3567377885454,0.4045703471752,0.3698754959777,0.5345752628255
0.7407472834001,0.6206200226836,0.5549344178666,0.7370872673596,0.7978080612658,0.7154529406380,0.5800388887628,0.5669096246226,0.6053856967317,0.7297641008101,0.7585452358384,0.8237363497479,0.6565165644553,1.0000000000000,0.7288949730173,0.6673253828009,0.7203902909120,0.7648930572816,0.4137959561622,0.6161483984523,0.7370400702311,0.7662698260682,0.8143632959107,0.5934573166349,0.4895094754782,0.6006186877297,0.6681206856257,0.6360813265861,0.6036413430637,0.5385533661404,0.6260165527884,0.6812498984488,0.6602599272420,0.5288680049418,0.6111294175379,0.4029527813353,0.5321057375460,0.4465698254496,0.2062499862291,0.5377746268088,0.7348756254724,0.5841864908991,0.3610313630884,0.2609596527974,0.3737996354791,0.7308012709993,0.5602169723387,0.7139562916858,0.7890297245996,0.6361088061720,0.6610259223629,0.5042221956790,0.5870148307132,0.6794658506070,0.6732985203218,0.4812381554141,0.5539880953600,0.4712480014754,0.4405802409665,0.4417776443292,0.4828272004781,0.6422749079729,0.5254240969558,0.5206353497939,0.3816048219676,0.5360420515392,0.5592763241893,0.6347630708327,0.4283406267817,0.6408742271937,0.5282790467949,0.6347572702633,0.5904135433612,0.5460414227639,0.5627736300914,0.3710471983736,0.6517465665760,0.5531518387424,0.2893598315534,0.5848323458286,0.4249411592501,0.6395936467527,0.0450953464762,0.3218635648734,0.2617211966295,0.4998069172055,0.4716443149907,0.4682781057921,0.2230513676468,0.4964185602339,0.2047866192358,0.5662378721928,0.3609426999855,0.4428619474485,0.2222808292006,0.5985363827045,0.6602775832125,0.4502137395119,0.2746416109798,0.5000369759419
0.7338489124810,0.6054818937958,0.6493994309461,0.8081488759694,0.8036721533252,0.8377717328179,0.7524911935191,0.6542224570483,0.7474144665408,0.7683965685750,0.7761989784589,0.8072409476010,0.7293666010107,0.7288949730173,1.0000000000000,0.5917787686688,0.7200604215359,0.7748088464246,0.4155130798823,0.6284989927927,0.6324145340841,0.6941834679793,0.7239847788594,0.6875743375489,0.4592383178166,0.4943546042971,0.6547911977247,0.6053032343343,0.4468062709091,0.4177474342427,0.6410537008873,0.5450635568496,0.6662188939502,0.5307772833687,0.5426250423164,0.4306922819627,0.6775650199322,0.5013555707873,0.4703602697247,0.6233093813446,0.7089327212206,0.7137558300504,0.6096168543464,0.4485977070012,0.4816938003367,0.6025949035429,0.6245090920525,0.7460030204007,0.6749428625160,0.7940407269361,0.7089909684783,0.6360159657481,0.7331095782802,0.8096464201799,0.8363397444984,0.7032155324567,0.5913357671494,0.5601452686351,0.5068462450325,0.5922777519777,0.5674716854637,0.7245962611587,0.5947046059469,0.6508679494516,0.6576948331149,0.6418119816975,0.5965082030957,0.7487780498732,0.5551818206291,0.6025111208376,0.6563926144575,0.6136527813068,0.6793782119220,0.5175046865303,0.5146686210555,0.4358719908128,0.6379862519526,0.5048543811072,0.2661033181189,0.6136643986195,0.4291589438705,0.6074271170641,0.1935423093185,0.4271789977593,0.2417067776340,0.4479259411989,0.6118660179489,0.5846117821333,0.4668404714897,0.4668573304963,0.4171436697422,0.6638135832020,0.4479450100604,0.4008928740679,0.3337728186457,0.6402483699674,0.6116465671328,0.5138206903970,0.5498565361211,0.6544406368070
0.5200877106875,0.4681314869661,0.5384711103563,0.6730590510605,0.6339656492740,0.6960769403218,0.5609519350701,0.5385890403141,0.6886118291853,0.6714773933707,0.7004415171930,0.6321948165690,0.5784627554109,0.6673253828009,0.5917787686688,1.0000000000000,0.6809122495857,0.7241993621000,0.6094670419343,0.8405555243552,0.5987131041834,0.6638406478799,0.6988230531827,0.7544864991810,0.5802938057460,0.6185205037872,0.7372213598741,0.5107771441004,0.3085344906148,0.5318230926061,0.8846431409083,0.7959695265461,0.7768227811213,0.5951421344687,0.8368588848741,0.7508722937351,0.6180055255867,0.6641737938059,0.2855031750202,0.5182213650119,0.5265734764896,0.4867811672940,0.5561703049630,0.1560985189757,0.3821345622574,0.5887377929845,0.5256861614428,0.7313065580884,0.7063001885467,0.5218182431225,0.5637154342886,0.3964654774676,0.6426234349051,0.5809321886777,0.6437363513462,0.4655156401621,0.6425446240284,0.4739504234366,0.5589878662438,0.5432816311968,0.6007128028368,0.6914512620678,0.5226074693982,0.5512230216570,0.3762688187549,0.6537979164482,0.9089575655832,0.7139534971304,0.6459049404645,0.8388563929257,0.5754773019882,0.6670747128661,0.6931354675344,0.5977358435869,0.6485036341078,0.4000788030733,0.7048335387888,0.4360339172228,0.0955725339538,0.8132257539035,0.6389753782317,0.7064226860269,0.2280753763898,0.5979247462102,0.2878062984283,0.5437664235539,0.5551895762180,0.5991200195992,0.1635558173541,0.5727942702826,0.2059044170862,0.4943593901555,0.2395346347592,0.4051961995868,0.2436749345406,0.7200651540575,0.6236579005882,0.4157917538365,0.3348919992151,0.4926894848024
0.6189670185573,0.5266728348821,0.5554988566804,0.7570064340662,0.7424551002086,0.7424153906678,0.6379232896501,0.6716286404997,0.6833985111821,0.7871833154699,0.8374246288186,0.8300015703940,0.8365703194314,0.7203902909120,0.7200604215359,0.6809122495857,1.0000000000000,0.8173672686237,0.3724530238219,0.7118255922957,0.8486671772118,0.6766800888264,0.8123129392242,0.7274334779996,0.5002109067570,0.6712298851165,0.7867884469929,0.4750268362714,0.4184884946010,0.3373074813563,0.7677880728322,0.7249002591697,0.8088165535409,0.5611367872020,0.5847166541584,0.3837195465598,0.6843927700897,0.5972230806479,0.3825681414406,0.5986253273679,0.7108901129981,0.5972932471103,0.5787781712809,0.4020464990389,0.5793583216731,0.6767464621563,0.6221480827093,0.7009806201503,0.6483504022340,0.6050355070602,0.6199416355332,0.4387319441132,0.6311736706642,0.6952548559030,0.7069000580100,0.5482962545475,0.7435400459356,0.5359317330832,0.6161179973991,0.5360863149675,0.6172469957151,0.7476925190703,0.7169348495664,0.7670345380227,0.3365782510021,0.5660890284984,0.6062358355192,0.7610088666933,0.4731737075450,0.7163139096808,0.7314035838086,0.6445026610705,0.7010905492776,0.5510020347305,0.6834044268580,0.4318635838515,0.7541203023572,0.3382001469538,0.1724174477796,0.7190019583565,0.5759211822104,0.8119445614497,0.1362606320073,0.4792362569571,0.3686147645282,0.5359622224886,0.6126073383688,0.5687910601177,0.4277627264196,0.5784596891301,0.3571260064234,0.5817606122635,0.4670609301339,0.3999726214181,0.4470797997346,0.6317215372105,0.4502510076206,0.4966412260921,0.4071583393409,0.6440870475436
0.6860402029223,0.6124549416742,0.6186960916852,0.8093027414471,0.8195769021297,0.8467228163131,0.7433027625802,0.7027557776745,0.7928265751920,0.7184496953030,0.8899758625154,0.8461639914942,0.6865464799137,0.7648930572816,0.7748088464246,0.7241993621000,0.8173672686237,1.0000000000000,0.4252272795378,0.8182487070016,0.6880623103030,0.7775749093490,0.8487336363684,0.8024508620655,0.6094684968833,0.7154207190460,0.8495546888889,0.6542546011097,0.5476274942218,0.4594854473663,0.8150496315071,0.6907360232887,0.7452929553234,0.6074512696948,0.6477464472558,0.4457899320158,0.8204417108507,0.6985047146956,0.5273172258464,0.6937884084913,0.7791361000790,0.7450778498214,0.6391776688791,0.5142540809337,0.6420234512602,0.7241071271032,0.6612981628454,0.7839945527936,0.6914236720736,0.6912254930597,0.7507212047064,0.5107889592698,0.7438098822898,0.7532465988038,0.8179637091815,0.6768450975750,0.7613667839556,0.6352967482756,0.6083848458699,0.5859864530665,0.6749101033826,0.8190938585347,0.6715278912477,0.6731261542639,0.5193555545542,0.6345249739412,0.6696494959771,0.9003489445924,0.5196134555131,0.8292816365550,0.6931238086909,0.7569741073308,0.8359849421554,0.6562244589857,0.7121818028784,0.5705951143834,0.8471800930561,0.5965873823121,0.3689325692114,0.8386446128025,0.5863356885184,0.7836789439818,0.2469623724871,0.6006363044237,0.4589646819579,0.6473657809450,0.7703851111485,0.6982097738179,0.5270516605494,0.7049725560850,0.4830989653767,0.7196479677425,0.5984088912441,0.5737474901580,0.4314705878772,0.6752184737371,0.6557888941834,0.5650306489220,0.5727211442344,0.7398611213797
0.3054013140333,0.2149998726478,0.2843647488743,0.3253690609264,0.3126585216791,0.4033202010703,0.2947980054195,0.5302997848059,0.6399686703500,0.4252373520188,0.3897066277608,0.4096948985620,0.3146342915155,0.4137959561622,0.4155130798823,0.6094670419343,0.3724530238219,0.4252272795378,1.0000000000000,0.5830350122532,0.3989612178703,0.4092468771451,0.4189840698435,0.4401071806923,0.5892963862624,0.4138955796562,0.3908360213039,0.3418853351174,0.1193092559035,0.3072624551969,0.4974720772379,0.5148061977275,0.4588213382712,0.4475659859847,0.4776329060411,0.6948981327244,0.3533495369234,0.3875414435178,0.1979786259860,0.2746331142716,0.2829259996052,0.3198600053283,0.3809872721863,0.1196708252048,0.2335616605890,0.3381502380981,0.3364088783199,0.3642054260899,0.3175587634075,0.3248486035067,0.3157558322533,0.2418151272194,0.2757518654215,0.3298256732685,0.3608768000269,0.2390802082728,0.3364723613844,0.4601794298814,0.5742184193102,0.6365544968295,0.2907822034989,0.3427565862757,0.2510253431342,0.3361004457569,0.3730941867531,0.3526139413643,0.5596984977106,0.3977846014507,0.7512497995663,0.5128151827095,0.4688186795366,0.3270310373224,0.4520122746197,0.5742310403940,0.3954097280264,0.2076254915405,0.3393738391870,0.2287311058600,0.0391592921362,0.3880644386203,0.3227347297760,0.3832958111775,0.1073433698758,0.2975631236124,0.1249234380234,0.3252279511233,0.3161445205403,0.3675469386906,0.0761558639534,0.3556010964675,0.0983451198988,0.2451212910117,0.1499900435244,0.1509864308589,0.1072437483668,0.3453557165902,0.3367516507177,0.1369390279595,0.1855182470499,0.2677233112423
0.5125548846675,0.4703303969649,0.5496606109568,0.6079470762008,0.6145435215420,0.7106717781716,0.5394681417120,0.6239843380117,0.7547197754422,0.6722854630694,0.7445211269947,0.6816218824422,0.5901633419064,0.6161483984523,0.6284989927927,0.8405555243552,0.7118255922957,0.8182487070016,0.5830350122532,1.0000000000000,0.6628303920859,0.7053446688539,0.7596451269943,0.8633834448057,0.7375659577026,0.7811593104646,0.8446062022735,0.5474446432884,0.3580990759561,0.4642147535951,0.8963391470719,0.7885412224543,0.8248159595355,0.6129669452597,0.7717120812267,0.6575014790295,0.7239131418438,0.7721325720480,0.3819067101157,0.5306056336599,0.5780470628461,0.5718411237547,0.6307788133606,0.3105284916120,0.5480769281137,0.6495202798495,0.6072238629442,0.6859740817991,0.6229304201602,0.6150087882365,0.5523888227562,0.3607124250412,0.5470944307610,0.5721017332462,0.6311730180899,0.4440595459511,0.7381600760094,0.5270909567910,0.6187273459337,0.5798743942713,0.6050143860089,0.7150809096061,0.5541855914001,0.5641377232455,0.4020479823387,0.6431992125782,0.7496443827693,0.7659908858044,0.6153392483201,0.9173025328666,0.6662291258632,0.6962661868240,0.8243200290974,0.7574068295991,0.7396551688985,0.5129560606562,0.7803896246049,0.4587496116762,0.1664015132209,0.8469628963511,0.5843615669835,0.7578513373456,0.1753927586375,0.5988759483437,0.4152252591779,0.5544012752861,0.6594730043802,0.6556219163050,0.3254055573515,0.6981277092052,0.2831717919775,0.5270175902749,0.3749299998900,0.4357583725461,0.3498922241320,0.6512525182758,0.5423636593143,0.4143076396880,0.4083380141387,0.5944053975661
0.5437253164811,0.3546829011482,0.4123479166135,0.6341560301645,0.6214348478970,0.5898074627527,0.4649237440918,0.5730789022834,0.5765555953654,0.7970015276088,0.7687728313941,0.8349864314046,0.7255119308371,0.7370400702311,0.6324145340841,0.5987131041834,0.8486671772118,0.6880623103030,0.3989612178703,0.6628303920859,1.0000000000000,0.6816836217674,0.8158369858010,0.6997892293760,0.4942995602330,0.6446897557778,0.6815498104362,0.4135422437352,0.4047071134438,0.2855496642765,0.6328487431971,0.7017918094580,0.7080318884271,0.3946328397153,0.5859065765232,0.3358153613671,0.5417684951629,0.4450439246875,0.1812556338930,0.4101596817625,0.5877072452330,0.4040033067599,0.3983016540989,0.1864641930970,0.3941534871957,0.6536112580566,0.4713454387993,0.6080676037409,0.5638143904782,0.4815259334375,0.4337321797520,0.2635074414699,0.4422545442315,0.5648318013707,0.5225143918404,0.3530286863079,0.6564802581812,0.3556997923986,0.5836051113570,0.4488578650138,0.4686565220468,0.6130102281749,0.6039400136419,0.5761531717807,0.2365098983239,0.6066966965137,0.4741948991576,0.5974405145574,0.4119391157621,0.6781826930914,0.7057497511749,0.6146799942041,0.6885022619686,0.6056005286149,0.6830965698801,0.3568481708317,0.6340939080881,0.2861436693819,0.1233696822828,0.5866682709696,0.4347457507219,0.7327207639235,-0.0654007896835,0.3200538659525,0.3105106337547,0.4185825049351,0.4856464821867,0.4888690489128,0.3103726354700,0.5421380696407,0.2277533032058,0.4378146551296,0.3609157042314,0.3204625303854,0.2863550232765,0.5519140822964,0.3678057067942,0.3312200949660,0.2339315323704,0.5720367468060
0.6893681885489,0.6049829121410,0.5890173356067,0.6637340183406,0.7881551924921,0.7660271321185,0.5816911421849,0.4909501748420,0.6528527343682,0.8185878454426,0.7966213604699,0.7807628306749,0.5598244979889,0.7662698260682,0.6941834679793,0.6638406478799,0.6766800888264,0.7775749093490,0.4092468771451,0.7053446688539,0.6816836217674,1.0000000000000,0.8538101853413,0.7410801955517,0.6021546949965,0.5933702989264,0.7627550271103,0.7039803800717,0.5303259632633,0.5064289715782,0.7170141662391,0.6749870447286,0.7121067100315,0.5675706147693,0.6067326111811,0.4664637050624,0.6769549244649,0.5496629560555,0.3392063044047,0.5793188310042,0.7475617792134,0.6467638029469,0.5125951271031,0.3059748944182,0.4330453836778,0.8304823310723,0.7179223269834,0.6668908423695,0.7951855759131,0.6352583360737,0.6398349407394,0.4289494646491,0.5488185726904,0.6316588567922,0.6856128889884,0.5169831439217,0.5892555182777,0.4405542926800,0.4146826833292,0.4633857971629,0.6880487195380,0.7232143302788,0.5298316233376,0.4607398461107,0.3692340902599,0.5732452440988,0.5818932024312,0.6891236519404,0.5069213651707,0.7534362905829,0.5407004915427,0.8025441094775,0.7685671901279,0.7035883255983,0.7062875947544,0.4894687066479,0.7559116533607,0.6277343789285,0.2761019179490,0.6862381055558,0.5568825218160,0.7163416008501,0.1830350308772,0.4821269524021,0.3934411386265,0.6244782804905,0.6356822737091,0.6155738953773,0.3670830782780,0.6364374386612,0.3240832910977,0.6260378710633,0.4881756993421,0.5741235799749,0.4431962501172,0.5640466397904,0.6919201271953,0.5725201035469,0.4878189500645,0.6638882263591
0.6674336204536,0.5153901508355,0.5789784876979,0.7218896107498,0.7506309105482,0.7777347370663,0.6018107687053,0.5672066120738,0.7086363020971,0.7894591717182,0.8448128133562,0.9020578031971,0.6803178120273,0.8143632959107,0.7239847788594,0.6988230531827,0.8123129392242,0.8487336363684,0.4189840698435,0.7596451269943,0.8158369858010,0.8538101853413,1.0000000000000,0.8016023216486,0.6207469764017,0.7535747186374,0.8659559060144,0.5879855643042,0.5941683330870,0.4403809294220,0.7463150170301,0.7773370874346,0.8147835794238,0.5515609943331,0.6347590629181,0.4768626267346,0.7549460871989,0.6155163973157,0.3777373951333,0.6124503221603,0.7340756519842,0.6373777949570,0.5469103511422,0.3657919194708,0.5359819923508,0.8643237325505,0.6514331496685,0.7244537905609,0.7402823089559,0.6884437907092,0.6389362941833,0.4099329420330,0.5888821155705,0.6931602893136,0.6847931436036,0.5257289657446,0.6599625857175,0.4634369080445,0.4974468425573,0.4954567004953,0.6021817748967,0.7307377223482,0.6758726517003,0.5746735508141,0.3914029572355,0.6094449038501,0.5862367497184,0.7511114670750,0.4775910017116,0.7695731674318,0.6508285880390,0.8253005134348,0.7970387194992,0.6917082061394,0.7145296723259,0.5243146663203,0.8357858872949,0.4941569499512,0.3034110905471,0.7287284437475,0.6126398749219,0.8059998084497,0.1399522135090,0.4809717429140,0.4062543470987,0.5765952497596,0.6951255242887,0.6064425791487,0.4098939254615,0.6575085314671,0.3465277717692,0.6280335427075,0.5162639317410,0.5510762633053,0.4489902422222,0.5970998588688,0.5933266906260,0.5346721612931,0.4248819882923,0.6804654944204
0.5164444434202,0.4452843391491,0.5164226437027,0.6675876584378,0.6366869121799,0.7229070083239,0.6053000123946,0.5220030082692,0.7292184296024,0.7201053689438,0.7892895769913,0.7308527231923,0.5895333501258,0.5934573166349,0.6875743375489,0.7544864991810,0.7274334779996,0.8024508620655,0.4401071806923,0.8633834448057,0.6997892293760,0.7410801955517,0.8016023216486,1.0000000000000,0.5756575906815,0.7277332966877,0.8362270352142,0.5187205824816,0.3822889728374,0.3736655656326,0.8498362019901,0.6896702584813,0.7538440917019,0.5114197748462,0.7479453155374,0.5912547886681,0.8099366419848,0.6733520833591,0.4846907991967,0.5354415130061,0.5606137441790,0.5384141299693,0.6485226677964,0.2847461981243,0.4462754435522,0.6598620533663,0.5077597677896,0.7534679212075,0.6539546075609,0.5758255349385,0.5503194066282,0.3347515109397,0.5863637913680,0.5944795561144,0.6605570743986,0.5279271011606,0.7045156313084,0.4344016652385,0.5682762838110,0.5483685712376,0.6623728087397,0.7688780095501,0.6415720814492,0.5424273722950,0.4106966987481,0.7655269604291,0.6990685830870,0.8063594209668,0.6299193667054,0.8579046227694,0.7119761514186,0.7804724747033,0.9364102689114,0.7247579846704,0.7822265559839,0.6019569764950,0.8092766424457,0.4511170428747,0.2135705713050,0.8379010488267,0.6046780979519,0.7676527257740,0.2359179906345,0.6272078393761,0.4531837650078,0.5455476427932,0.7785246468235,0.7851261670552,0.5015079722682,0.7393453507744,0.4729377363494,0.5894437455835,0.4696190397642,0.4893879494686,0.4095356499985,0.7013292669917,0.5800706147008,0.4967129451106,0.5208985084871,0.6932645141166
