1.0000000000000,0.5338747231758,0.6409902332844,0.2991707191932,0.6136031178705,0.1303993945657,0.1723910738675,-0.2401402745205,-0.1495982562735,0.1273129802112,0.0721104595551,0.0840657327028,-0.1595508455251,0.5975788665114,0.0436854678723,0.0047471393775,-0.1268425927235,-0.2671924180849,-0.2090578735179,-0.2522082221957,-0.0190594630164,0.0295726856100,-0.0137414497810,-0.1380487954934,-0.3717844550494,-0.1350315838640,-0.1270306564765,-0.1199926740915,-0.0620750955241,0.0826538580648,-0.0636203280672,-0.2147685068401,-0.2112600003817,-0.1299885894666,0.2024483506971,-0.0188817392543,-0.0052016281880,-0.1605514643350,0.0346396616562,-0.2393886611200,0.0770112674316,0.0629051840028,-0.1263075437421,-0.2272418206181,-0.1403881556838,-0.1523462943518,-0.0258494368373,0.1252559726117,0.2146647413038,-0.0495216229450,0.7207159828788,0.5202397272011,0.2603762947327,0.4506117263702,0.2498545753386,0.2466422741019,-0.2997354670409,-0.1369390399980,-0.2455666308511,-0.1706161504288,0.1479633881228,0.0228635166550,-0.0513047809096,-0.2928468124155,0.3903091577404,-0.1681650756256,-0.1635607369342,-0.2059554124757,-0.1148679540606,-0.2451260102839,-0.1752044111133,0.0633922758312,-0.1741911892524,-0.1686653944365,-0.3639544016430,-0.1149116983697,-0.1187951367554,-0.2340982574682,-0.1752025451742,-0.1650400506583,0.0491641979852,-0.2806135838702,0.0823095184834,-0.1635793227520,-0.2003071962916,0.1043321471241,0.0251484838351,0.1399209734988,-0.2965089997867,-0.1621717201698,0.0182970416802,-0.2249232323711,-0.2245900850206,-0.0686874522383,-0.0639267911037,0.0751820732963,0.2566959704899,0.2535666449707,-0.0530490705231,-0.0322939575388
0.5338747231758,1.0000000000000,0.4951037117247,0.0971353881580,0.2732863609727,-0.1488981661381,-0.1141846487763,-0.2259063310380,-0.2242160054091,0.0062561302132,-0.1560989936612,-0.0986965900560,-0.2412871153741,0.4773613031169,0.1309569382448,-0.2862600803815,-0.3949919795931,-0.3430806875228,-0.3558847880779,-0.3190553218053,-0.3638143305242,-0.0807784747341,-0.0945929786985,-0.4158686202474,-0.3681775907969,0.0717234192534,-0.3716304704999,0.1013617816058,0.2630288819869,0.4349824320517,-0.3647854680446,-0.3476328042584,-0.4158487913579,-0.1432644565625,-0.2507525142584,-0.3152602902181,-0.2863044772654,-0.0020002053430,-0.2978075918695,-0.1384919615286,0.1305361306248,-0.0418845829214,-0.3604787545683,0.1107526167037,0.2523710084170,-0.1126445925428,-0.2553195544015,-0.0141707178259,0.3695255269425,-0.2412708699671,0.4191600263501,0.8294576468148,0.1306644338366,0.1724833247383,0.0290391704935,-0.0522970514913,-0.1825600210069,-0.0181975378943,-0.2165213199332,-0.2406101907190,0.0046159522952,-0.1626009728276,-0.2590216888517,-0.3336296526718,0.4915611432739,-0.2757102640876,-0.4148502170310,-0.3993000876004,-0.2805415967131,-0.2877488452430,-0.3974336753547,-0.0727661555181,-0.2929524887647,-0.1123649859525,-0.4781978679413,0.2292036112751,-0.2382413445997,-0.0711406210100,0.1081539662027,-0.4214503452990,-0.2381750674291,-0.4929034911621,0.2980673954173,-0.4801608286571,0.0388430457456,-0.0374631963391,-0.2050597763907,-0.2506249464596,-0.4796430214171,-0.0639844716697,-0.2654753172829,-0.1814844852180,0.1030899972862,-0.0055532253940,-0.2124005110113,-0.0567815101010,0.3961862314574,0.0693599008830,-0.1267346894342,-0.2572676910698
0.6409902332844,0.4951037117247,1.0000000000000,0.3888922341295,0.4433915689498,0.3412302336103,0.4037728763937,-0.0924899756794,0.0004717360011,0.2870708846864,0.1378475265369,0.1472045053786,-0.0863135563382,0.4317356152835,-0.0219395278060,0.0927469492797,-0.0829704194573,-0.2538604672932,-0.0297814610295,-0.1965589708034,-0.0514198535780,-0.0965562106087,-0.0266307447261,-0.0876461058407,-0.3274929602475,0.0085330857683,-0.0807212282069,0.0495845616788,0.0162089441287,0.2572383113160,-0.1129184484875,-0.1701064414712,-0.1650332204719,-0.1351535727800,0.2539756858251,0.0926230479978,0.0514392637682,-0.1024239736294,0.1180363821906,-0.2432516395920,0.0432442820657,0.1442421263622,-0.1026760353317,-0.1704689081766,-0.0851676068574,0.0025021458096,-0.0506039380731,0.2664915381685,0.1243985677315,-0.0677589700014,0.5350309085745,0.5231252304059,0.3019278179109,0.7409152362290,0.4296493555778,0.3705920557419,-0.1550077127314,0.0673670112945,-0.1391677035069,-0.0070284212041,0.2630232260014,0.0844971631711,-0.0350044745883,-0.2252361724156,0.2436322594848,-0.2333212001058,-0.0911406177162,-0.2518217999476,0.0822104737767,-0.1983012842993,-0.2772519378784,0.0127423586644,-0.0037506745820,-0.1085665783755,-0.3167590463297,-0.0234934376516,0.0288296837035,-0.0616240597879,-0.1475425450197,-0.1923986422414,0.0533718665901,-0.2336541407842,-0.0163667452503,-0.1591731658698,-0.1198730912227,0.0181507420675,0.1618006933761,0.2719035920939,-0.2681942166284,-0.1576274553271,-0.0292161914212,-0.3052920670556,-0.1481245436096,0.1117999830350,-0.1157815704980,0.1913997661504,0.1060034770158,0.2235778389313,0.0062454703264,-0.2153623812651
0.2991707191932,0.0971353881580,0.3888922341295,1.0000000000000,0.3384852829903,0.4129507984337,0.7695296839021,0.3483723905898,0.3180266262813,0.3523091161109,0.2009293103933,0.1892052519489,0.1419850080602,0.4730336167855,0.5252571677646,0.5520421047593,0.3261457271543,0.1805389575969,0.4507840878848,0.2112147351144,0.2252364915586,-0.1841712621994,-0.1354690144005,0.3583044839120,-0.1574735421607,-0.2974510314887,-0.0832369061956,-0.0721743671754,-0.3110100691107,-0.0300219989204,0.1574417589907,-0.1879514804648,0.1055549865767,-0.2248632429522,0.3844721357319,0.4505278919851,0.0078184212311,-0.2820083335980,0.2481918559042,-0.2660243899740,0.1050550881337,0.4210859300072,0.0746860410017,-0.3231129844239,-0.2835224622228,-0.0461421364481,-0.0116465329496,0.2524429173756,-0.1775676117311,0.3905915661189,0.3767475309705,-0.0222349414779,0.8158833755698,0.5213131841418,0.6075703107071,0.8579243184655,0.1311419061463,0.3743911260300,0.3319658781696,0.1915222381747,0.1707461624892,0.0621012879992,-0.0537820844030,-0.0204924065499,0.3226873404080,0.0380215064951,0.3631658350391,0.0803140473998,0.4031073954062,0.1757917510727,-0.1864648112523,-0.2277903129788,0.4382899693388,-0.1487414403055,0.0036356804352,-0.3446998551621,-0.1095479143704,-0.1508528778263,-0.2796718657944,0.2231065026187,-0.0324409252079,-0.0071258183016,-0.2273997257962,-0.0111639415823,-0.2844535353141,-0.2051986875831,-0.0121246899550,0.5643482778399,0.0362837254179,-0.3091280939140,0.0206510962706,-0.3130973887284,-0.2678971459604,-0.1021401576888,-0.0878308433703,0.1633636373672,-0.2625396228723,0.1917328359605,0.3338147608681,0.1401129975390
0.6136031178705,0.2732863609727,0.4433915689498,0.3384852829903,1.0000000000000,0.4632589106096,0.1905383936465,-0.0686313265655,-0.0769697109251,0.0577269385404,-0.0307629693071,-0.0700053832182,-0.1889352394290,0.5111739202756,0.0354804086588,-0.0900729012212,-0.1629402305020,-0.1853210340646,-0.0597410039632,-0.0971089978601,-0.0221774173231,0.0837627388206,-0.0483391723092,-0.1549701963589,-0.1478831814436,-0.0081934463988,-0.1334011050181,-0.0547174325037,-0.2892604298035,-0.2264904128433,-0.0068678717814,-0.1006239431102,-0.1368182634327,-0.0380440815881,0.0796744254611,0.0648964522351,-0.0584319898458,0.0056247997450,-0.0122677428955,-0.0587102843743,-0.1093464165553,-0.0783344506911,0.0881307114644,-0.0372017281302,0.0276395918826,-0.1629929160169,-0.1278159678574,0.1232731756870,0.1002539446013,-0.0775322066930,0.7170716767721,0.2630048591186,0.3043755622912,0.5891554833558,0.4809779627614,0.2188725624963,-0.2147815800578,-0.0988946566396,-0.1437720799676,-0.0361844158360,0.0017365430506,0.0974346444491,-0.2155709132273,-0.2289842880603,0.1789266666996,-0.1869691840160,-0.1177321955558,-0.1270137720345,-0.0035180708935,-0.1153422563466,-0.0835817395166,0.0034666083544,-0.1633899575418,0.0657429501545,-0.2030524224479,0.0494603116382,-0.0881922021444,-0.1436478731367,-0.3558258746747,-0.1150762786195,0.1025342157840,-0.1134213974415,-0.0341941354952,-0.1219894122536,-0.0021421265573,0.0622339483861,-0.0032814492195,0.0386168054978,-0.3215025234132,0.0875229113040,0.0185993822197,-0.1672186794932,-0.0194400641566,-0.0926974832169,-0.2177956496822,0.1785652257664,-0.0334962413953,0.0142460280803,-0.0679320350548,-0.1647679740257
0.1303993945657,-0.1488981661381,0.3412302336103,0.4129507984337,0.4632589106096,1.0000000000000,0.4760024438767,0.1195136394119,0.1534134865914,0.3506614253206,0.4309572525071,0.2752476524822,0.1598097603199,0.1955952188963,0.1943088155698,0.2357854658907,0.2222686218954,0.2687729899627,0.2481381883927,0.1415541493195,0.2772168820953,0.1542941415403,0.2531149490084,0.2757437329676,0.0664084991072,-0.1940203694485,0.1195042084038,0.0296628526639,-0.2610375505009,-0.1792948889532,0.2226118685549,0.0502895716212,0.2227496170756,-0.1055892392406,0.2705850252170,0.2639876464215,0.3161984795811,-0.2758853768766,0.3691534681994,-0.0387705421140,0.0279670187948,0.2837100498454,0.3067902967819,-0.3833492679096,-0.2913140946474,0.2413153472520,0.1442501275366,0.5907176865374,-0.0580644113508,0.3121999633853,0.2704404435646,-0.2313331110886,0.2561796945963,0.6655750527138,0.7433883505178,0.3048617172749,0.0360154773842,0.0168146610660,0.1325553332776,0.1271443024347,0.2391712573111,0.3863791145927,0.1670055523234,0.2533447253220,-0.2051546013341,0.0467845024409,0.2084312440929,0.2464188247272,0.2044383910970,0.0582936788808,0.1366262486999,0.1288766008230,0.2934767821684,-0.0495566269383,0.1696943874486,-0.2768743061727,0.2032598784602,0.1199107331593,-0.2200969842323,0.1611493365426,0.0537930682486,0.0951174006708,-0.2737879268765,0.1857704804812,-0.2737199490607,-0.0529321347772,0.3353529826195,0.2912214157513,0.1686433128291,-0.2053915457863,0.3072593044953,-0.0203624060482,-0.3373405899456,0.1081633057312,0.0428049509349,0.4424180407659,-0.1778431945799,-0.0163084359082,0.2106861279260,0.0443460983283
0.1723910738675,-0.1141846487763,0.4037728763937,0.7695296839021,0.1905383936465,0.4760024438767,1.0000000000000,0.3569627491484,0.4253704828337,0.3404946210664,0.2961737889908,0.2861915355450,0.2040429234142,0.1092571098120,0.3180136164362,0.6361918676088,0.3828783787592,0.1707322366153,0.4659855959384,0.1916275670848,0.3306309151357,-0.0075022764099,-0.1076431958522,0.4558190569298,-0.0342796777211,-0.3041896353177,0.0498563255807,-0.1379428083702,-0.1191854806202,0.0441892046832,0.2501730116190,-0.1501611733164,0.1834128656805,-0.2000787755191,0.6265294212271,0.5599047142281,0.1539896737350,-0.2996843343587,0.5462497036459,-0.2619748716565,0.1515472615392,0.3443093537117,0.2075711505719,-0.3225563724922,-0.3515721210012,-0.0564007351714,0.1017428507473,0.3326545531568,-0.0584216227674,0.4010185280632,0.1428835013760,-0.1634570511102,0.5564716080244,0.5609017740680,0.6310746621554,0.8551208626785,0.2446986988135,0.4423743587996,0.3741648288092,0.3780013590343,0.2194007583791,0.1172704951312,0.1703712097571,0.1547437497537,0.0408968805473,0.2013292742760,0.4437036401451,0.0907005410537,0.5112911609010,0.1542325800710,0.0031619290878,-0.0507894324990,0.4840176731257,-0.1353494038218,0.1570052152968,-0.4064905718814,0.0095599437857,-0.1073294149629,-0.0887720022879,0.2628125252978,-0.0048593847675,0.0822774233333,-0.2016211086846,0.1432413440371,-0.3396607441482,-0.1894151764272,0.1746729412052,0.7123313229198,0.2669774553537,-0.3039611650971,0.3299240019042,-0.3231242537255,-0.2742284501501,-0.0551189241893,0.0114736554373,0.2071289314311,-0.1928980410319,0.2224159563869,0.3214715512594,0.2134108513136
-0.2401402745205,-0.2259063310380,-0.0924899756794,0.3483723905898,-0.0686313265655,0.1195136394119,0.3569627491484,1.0000000000000,0.7175257017083,0.1064637927809,0.1954368861091,0.1672416687059,0.5271344336710,-0.0481485055834,0.1747859266136,0.3867805999964,0.5538997811411,0.4991933944589,0.7024648297376,0.6962225627944,0.2388431046205,-0.0381427425188,-0.0950148756707,0.5352142725974,0.5133499342847,-0.2024755710920,0.1836998380809,-0.1714983525604,-0.1322855924357,-0.0296155521284,0.2111652451738,0.0149163336970,0.2467581735474,-0.1448617632201,0.1221350082700,0.3388244516080,0.0190965077142,-0.1443825174490,0.0903685913398,-0.1030502947174,0.0825530171408,0.2207471594388,0.0126926690911,-0.1474973541503,-0.2196048606060,0.0526195910558,-0.0158076444676,-0.0067008670349,-0.1156009649472,0.2028520599392,-0.1618154354557,-0.2866260417771,0.2056986305711,0.0674694135315,0.1898835914471,0.3871436059932,0.6331946178922,0.7331018286130,0.7463105070329,0.6812050483062,0.0000669307433,0.1215973745997,0.1103142949808,0.4118252891490,-0.0544211625213,-0.0074824219353,0.3687542077741,0.4132019765683,0.5367126643856,0.6203392498937,0.0193687588523,-0.1270837969214,0.6478487260110,0.3186397605376,0.3286666925991,-0.2488413793175,0.0745775892050,-0.1033107829097,0.0306239389527,0.4558780055433,-0.1132018497648,0.2298278381704,-0.0714144353598,-0.0033910447194,-0.1633553038109,-0.2377501572184,-0.0505067568738,0.3185087849332,0.1024588067677,-0.1755970509897,0.0553088561176,-0.0294993850859,-0.1241212999765,0.0640956384645,0.0398476671318,-0.0726995469529,-0.2670695103751,0.1017081696559,0.4098414383090,-0.0118422838367
-0.1495982562735,-0.2242160054091,0.0004717360011,0.3180266262813,-0.0769697109251,0.1534134865914,0.4253704828337,0.7175257017083,1.0000000000000,0.1396131749125,0.3344321534693,0.2639382772478,0.4447425425590,-0.0172944450862,0.1710107410864,0.4323583900513,0.4308530279791,0.3398004681836,0.6781453355042,0.5364838700545,0.1939590858807,-0.0197458576067,-0.0597314634364,0.5426735336458,0.4918300888882,-0.1555634905109,0.2298783458217,-0.1482324441949,-0.0353961154052,-0.0062335429381,0.1136141488632,0.0065028100646,0.1966719214041,-0.1730305408832,0.3182744850468,0.4666836448029,0.1272914202798,-0.2633164500507,0.2562818051769,-0.1751550905686,0.1132117385720,0.1968910322679,0.0175450247331,-0.3167634555804,-0.3441370032220,-0.0453048340985,-0.0838071899461,0.0865238728233,-0.0964201354639,0.2518314822229,-0.1454846673726,-0.2385679418672,0.1743070546868,0.1595322290999,0.2242846348607,0.4114708624923,0.5063085903043,0.5522815403136,0.7126106206409,0.8338160971290,-0.0112017267064,0.1858758340014,0.1685807526729,0.3297698669928,-0.0666377556609,-0.0141655746738,0.3240912103400,0.2371418163888,0.5676310669219,0.5167722078851,-0.0337764455656,-0.0969762706892,0.6598315396108,0.1708510787519,0.2357443676755,-0.2714324508570,0.0805995169195,-0.0450745926850,0.1100853792702,0.3287199509689,-0.1222536964950,0.1521650704136,-0.1477017923496,0.0103458386135,-0.3048125745080,-0.3008647882086,0.0619774632694,0.4299085580728,0.1508280865493,-0.3788872825383,0.1751869238774,-0.0962337705324,-0.3265018492508,-0.0538899970176,0.0439374133337,0.0393461630374,-0.1779093152474,0.1109634073403,0.2674621117518,0.0984178043270
0.1273129802112,0.0062561302132,0.2870708846864,0.3523091161109,0.0577269385404,0.3506614253206,0.3404946210664,0.1064637927809,0.1396131749125,1.0000000000000,0.4697851843424,0.4501924710620,0.3277487449113,0.2877906134541,0.3721089470446,0.1977898332466,0.2833765636886,0.0256105716772,0.2161579050047,-0.1151798533122,0.2555802777365,0.3215632228878,0.3798406458460,0.2400012993721,-0.0563619838234,-0.0761979125056,0.1645244981105,0.2142110799925,-0.0348281919990,0.0995771528764,-0.0437200652083,-0.0374507963776,0.0261072664149,-0.0118208811702,0.2463799492160,0.2490480409481,0.2875718246187,-0.2069161678813,0.1742235468265,-0.0169375328024,0.2534963722586,0.4802649583474,-0.1139608460137,-0.2314914179849,-0.2551208770541,0.3798605778418,0.2477638352243,0.2027676761626,-0.1916829566404,0.2400700091783,0.0504325341074,-0.0546022117170,0.1856905566259,0.3259084236948,0.3314330564765,0.2536406500227,0.1768919261852,0.1897562764219,0.0666045727359,0.0985001694723,0.8218810256765,0.2277884848169,0.2455187683674,0.2378750689779,0.1961983082039,-0.0701024413311,0.0768971800452,0.0983857364992,0.2686054457040,-0.1395791101936,0.0709709281855,0.2447401122628,0.3380531229102,0.0467243107925,0.0638169127012,-0.2119311086839,0.0512427048907,0.2056964237968,-0.1536160011263,0.0106086054120,-0.0409570800193,-0.0194168294425,-0.2035312631457,-0.0350991753960,-0.1795669540215,0.0523685671648,0.2892128746125,0.3390108695752,0.0460113891832,-0.2073883359214,0.0511554914954,-0.0886579037695,-0.1711613374308,0.2371911392012,0.2826050364031,0.0606900687897,-0.1550151256607,0.3498934766270,0.3426184552124,0.1383051743306
0.0721104595551,-0.1560989936612,0.1378475265369,0.2009293103933,-0.0307629693071,0.4309572525071,0.2961737889908,0.1954368861091,0.3344321534693,0.4697851843424,1.0000000000000,0.5943719847737,0.4152459400932,0.1677765420939,0.1926635202977,0.3148258927892,0.4579721717901,0.4450218813450,0.2753706391426,0.1597441754314,0.4307026525195,0.3278864111083,0.4865183439869,0.4939586042663,0.1374748269869,-0.2466227981521,0.3089648602501,-0.0503122923920,-0.0140143706858,0.0797938133591,0.2701645230200,0.1343823966980,0.3181725142131,-0.1560191452419,0.2868956311849,0.2195077022773,0.4142414862499,-0.4241180771601,0.3031046556417,-0.1694587689729,0.2840162001395,0.4759119715368,-0.0058930164825,-0.5329507706013,-0.4942260575853,0.2805967217664,0.3586446932040,0.3050858143200,-0.0473017038097,0.2222580789503,-0.0495237751662,-0.1656011312494,0.0809446590667,0.2092911861733,0.2650739557695,0.2117046562882,0.1051496774465,0.1042724812213,0.2553720810468,0.2294980839068,0.2548269434265,0.5231419017060,0.4399130369036,0.3459832618447,-0.0762971651243,-0.1154309565516,0.1816662733409,0.3212580235403,0.1753335202120,0.1330638839817,0.1072265911080,0.3105635162657,0.4805879121168,-0.1008358999446,0.1337916689863,-0.3960498796551,0.2739375937930,0.1736198678850,0.0531092038981,0.2857943655573,0.0959934564913,0.0922238871766,-0.2546307782682,0.1214736008519,-0.5042738796533,0.0028429760174,0.3504416287830,0.3497562968543,0.1399114555986,-0.4147544704584,0.2476205678374,0.0416955172431,-0.5220310809332,0.1287237077865,0.3571575433905,0.1211648399156,0.0037545250249,0.1062897239593,0.3026058479736,0.0616266602330
0.0840657327028,-0.0986965900560,0.1472045053786,0.1892052519489,-0.0700053832182,0.2752476524822,0.2861915355450,0.1672416687059,0.2639382772478,0.4501924710620,0.5943719847737,1.0000000000000,0.4686779788460,0.1174571690079,0.1753882382620,0.2235511858287,0.4651542369014,0.3105529558387,0.2158333749863,0.1736742320851,0.5634078132278,0.0375169431384,0.6374812420854,0.3495659806991,0.1434590170289,-0.1855948395762,0.2605237462569,-0.2216843323002,0.0948991432688,-0.0424160050137,0.2038125158060,0.0833050432161,0.3470755866495,-0.0467735347730,0.3268137628480,0.1715206976776,0.3277221336958,-0.2932593705768,0.2141086208102,-0.0557338076581,0.0503306962080,0.3222466517539,0.0334928861986,-0.4110720964370,-0.3358123764160,0.1545449330559,0.4017795214751,0.2970702841344,-0.0599236589256,0.3162310509577,0.0500710924058,-0.2023041892811,0.0522570127701,0.1508731763144,0.1586583854320,0.1461685789982,0.1292072619716,0.0786243757993,0.1990569260207,0.2440945587952,0.2554079048667,0.5827986354882,0.6277835657861,0.2141538506012,-0.1427726171249,-0.1296953026061,0.0454574805813,0.2153363914038,0.1706475832502,0.1441398788935,0.1693609068630,0.3508718153183,0.3637064065627,0.1304737474379,-0.0239108267006,-0.2436060048571,0.3365327870979,-0.0995282549136,0.1325975897079,0.1587411907455,0.1294571359445,0.1432011512685,-0.2577580837954,0.0376088493091,-0.3108369944614,0.1037398283294,0.4355527967926,0.2415633360871,0.0527470568298,-0.2266066950814,0.1685067343672,-0.0408102353230,-0.4082790923409,-0.0507045090677,0.3653876804517,0.2798207683387,-0.2211607570168,0.0712340937918,0.1311157810662,0.1494737032763
-0.1595508455251,-0.2412871153741,-0.0863135563382,0.1419850080602,-0.1889352394290,0.1598097603199,0.2040429234142,0.5271344336710,0.4447425425590,0.3277487449113,0.4152459400932,0.4686779788460,1.0000000000000,0.0771894581808,0.1768417963276,0.2895364434474,0.6933869673758,0.3785407677732,0.4096149810462,0.4162900855899,0.3675924472781,0.0992144138593,0.1662928808119,0.4943562369928,0.3394064359209,-0.1853342009735,0.2823298212645,-0.1131931727283,0.0458244331743,-0.0498673814653,0.2758425098804,0.1388273414620,0.4460309144624,-0.1365806020954,0.1874756824489,0.2006661877864,0.0908339825494,-0.2123829362968,0.1209542934148,-0.1483340686315,0.2312974247641,0.3802084176018,0.0314090335774,-0.2892174443883,-0.2444155054531,0.0654060202535,0.0735874424569,-0.0033218268338,-0.0930303903502,0.2417141748598,-0.2246455322285,-0.2534707629688,-0.0005346180575,-0.0310555991115,0.0471260386541,0.1573252444660,0.6743499591947,0.4551187570849,0.4834616104951,0.3822421674176,0.2118000340626,0.2839906085716,0.4269485480696,0.6378042836697,-0.0706035428512,-0.1329781975529,0.2319168663409,0.4982900192126,0.2527806408959,0.4299018726410,0.0778364455824,0.1050662576898,0.5331491637161,0.2636096980411,0.1168356792743,-0.3173001013843,0.1059380206026,0.0149993267380,0.1569951385343,0.4102449629563,-0.0185875650784,0.3330925753155,-0.2104356339294,0.0698571321808,-0.2606355367363,-0.2302558670661,0.0469420762313,0.2156647352317,0.0495190215040,-0.2554683401366,0.0480712650590,-0.0759871030635,-0.3055271551883,-0.0909638212811,0.1923300360147,-0.0463477645443,-0.2205408011507,0.1667121067030,0.3457923870508,0.0770261932770
0.5975788665114,0.4773613031169,0.4317356152835,0.4730336167855,0.5111739202756,0.1955952188963,0.1092571098120,-0.0481485055834,-0.0172944450862,0.2877906134541,0.1677765420939,0.1174571690079,0.0771894581808,1.0000000000000,0.3592172087685,0.0214791836391,-0.0010719480949,-0.1172237084837,0.0266321149405,-0.1047959440588,0.0101051825390,-0.0958480518967,0.0076403864848,-0.0738097534461,-0.2795274563080,-0.0633700077115,-0.0885746728804,0.0438360555291,-0.1427058809044,0.1213619164065,-0.0481997228023,-0.1609669075944,-0.0934096278182,-0.2457219505854,0.0754042074800,0.0834818976840,-0.0746281004114,-0.1673197831474,-0.0787278886277,-0.2551541184418,0.2199209988984,0.3907125343191,-0.1145419909202,-0.2226544656071,-0.0549606801982,-0.0783819103390,-0.1291889681454,0.1298390422110,0.0447714319371,0.0257699051585,0.6019827988605,0.3824208156806,0.4192454487830,0.3291065810917,0.2341611012065,0.2667083308211,-0.0801651457716,0.0329957385281,-0.0555247746264,-0.1472829447998,0.1139771256071,0.1665309623419,-0.1049037591957,-0.1479022013003,0.5646290687734,-0.4345925078441,-0.1104215661475,-0.0943091208952,0.0277617014665,-0.0936731418166,-0.2845732835694,-0.1305070806326,0.0276976340546,-0.0084902827896,-0.3799615119133,-0.0550964472851,-0.0918239168313,-0.1014540481017,-0.1884226845764,-0.1008850515765,-0.0271707424568,-0.2377819903627,-0.0091524504735,-0.2751516870692,-0.1370716835268,-0.1179541529347,-0.0558493176909,0.0961441765467,-0.4586558036350,-0.1876345996299,-0.1822852778793,-0.2580737621091,-0.2265270814434,-0.1165870045288,-0.1232091981212,0.1173804288133,0.0422313546205,0.2023800495875,0.2005327131663,-0.1628765138741
0.0436854678723,0.1309569382448,-0.0219395278060,0.5252571677646,0.0354804086588,0.1943088155698,0.3180136164362,0.1747859266136,0.1710107410864,0.3721089470446,0.1926635202977,0.1753882382620,0.1768417963276,0.3592172087685,1.0000000000000,0.1851599748111,0.1908144985639,0.1619091759079,0.1088254185106,0.0303009437277,0.1151171409542,0.0577522831279,0.0373999575832,0.2414816039779,-0.0796065523342,-0.2186961365346,-0.0683774467457,0.0722636965358,-0.0188811914512,0.1093314827099,0.0202786471078,-0.2407047110894,0.0679251466265,-0.3040059452335,0.0607427613243,0.1620413423640,-0.0012965109212,-0.1717056352086,0.1641427585994,-0.1021579657102,0.3644210605434,0.4569728094914,-0.0114084374377,-0.0827873532334,-0.0330980213170,0.0443190260492,-0.0194221824436,0.1907337118416,0.0151696260271,0.6014675609241,0.1236778891673,0.0280382957387,0.5642400778881,0.0980892810214,0.2774042433972,0.3374290267172,0.1762373513394,0.2261065622512,0.1636045519779,0.0904402492394,0.1684980384213,-0.0120175657900,-0.0692206673435,0.0844182741169,0.4624972043406,0.1957281384026,0.0838290599044,0.0469363711227,0.0650085201921,-0.0355621214021,-0.1759824128591,-0.1706760936745,0.2621602159994,-0.0948441384380,-0.0799260062909,-0.2573389975648,-0.1608330055602,0.0212481296744,-0.0416055954737,0.0097536671060,-0.3967055024518,-0.1565970791867,-0.0841379137335,-0.1861190176319,-0.1964214886668,-0.4283721890920,-0.1638285245790,0.1567928078190,0.0051223019892,-0.2392764846271,0.0528547159834,-0.1294800222829,-0.1253261488845,-0.1295231762433,0.0236668085076,0.0829486412135,0.0625085787580,0.0980725584666,0.3288462434441,0.3381250840634
0.0047471393775,-0.2862600803815,0.0927469492797,0.5520421047593,-0.0900729012212,0.2357854658907,0.6361918676088,0.3867805999964,0.4323583900513,0.1977898332466,0.3148258927892,0.2235511858287,0.2895364434474,0.0214791836391,0.1851599748111,1.0000000000000,0.5884269531800,0.4384456936787,0.7053560862236,0.4380147345404,0.5079533824213,-0.0507974702570,-0.1805557179827,0.6523759263728,0.0851275548730,-0.4278797355334,0.1030415440281,-0.1798446831856,-0.2340453885737,0.0537682236750,0.5873230317937,0.0776252845250,0.4598740779995,-0.1536680292662,0.6462889392358,0.7993221053212,0.1455390871177,-0.3644056682938,0.4592743188377,-0.3506197493248,0.2338129895788,0.4225012638118,0.3752915838973,-0.4731778781948,-0.5422140402582,-0.0241286921487,0.2062310518960,0.0648487840628,-0.2436499294681,0.3720993346396,-0.0950480516032,-0.3645883725177,0.3086216724254,0.2187579101003,0.1907590729904,0.6945638517508,0.2397221104047,0.3018237891855,0.4368084505606,0.3498520448696,0.0811582290699,0.0021133746343,0.1961829205634,0.3246012474707,-0.0365833815941,0.1390350520147,0.8462742265460,0.3366295678060,0.6618934748135,0.3670122048541,0.1020989910421,-0.1760659624756,0.5886956085219,-0.2343707027086,0.5009995464851,-0.5294849698461,-0.0911788923959,-0.0313255400929,-0.0840563447997,0.6338531555794,0.0508889097878,0.2757219461600,-0.1797296616701,0.4826793279189,-0.4706791396009,-0.2872537807730,0.0264306327187,0.7951173896503,0.4189268031698,-0.4365528266149,0.0445485025771,-0.3443725119749,-0.4150814839977,-0.0658356262168,0.0411190524384,-0.1151937052148,-0.2643578781790,0.1999356577683,0.4290330887842,0.1045336952281
-0.1268425927235,-0.3949919795931,-0.0829704194573,0.3261457271543,-0.1629402305020,0.2222686218954,0.3828783787592,0.5538997811411,0.4308530279791,0.2833765636886,0.4579721717901,0.4651542369014,0.6933869673758,-0.0010719480949,0.1908144985639,0.5884269531800,1.0000000000000,0.7211368098811,0.5773487180465,0.5796036311348,0.6819404235771,0.0708089653070,0.0665072296300,0.7622364606603,0.2479471906230,-0.4677394664017,0.2876470782513,-0.1670766562340,-0.2062078657141,-0.1852376740305,0.4946576664823,0.1508543535170,0.6370078282943,-0.1334876644871,0.3633099803381,0.3361412006880,0.2683692510018,-0.3630855793631,0.2320153275542,-0.1350858460271,0.1735168407240,0.3740146272334,0.1014311981342,-0.4364076692220,-0.4533177067895,0.0076456583997,0.2025582713858,-0.0046260758302,-0.2050298225914,0.3714243674891,-0.1219075592826,-0.4491002770229,0.1290981574530,0.0126711184858,0.1520876241799,0.3877007781901,0.4294361178469,0.3971060740006,0.5566292713187,0.4016531798285,0.1597320782380,0.2780905763593,0.3696313525931,0.4515431850558,-0.1328383371867,-0.0327583891746,0.4818509625412,0.6823568221617,0.3315714209698,0.5565987928955,0.2316948727710,0.0313670577502,0.6664620430103,0.0854096057317,0.2966237640069,-0.5107262324111,0.0789610978081,-0.0251283252966,-0.0374319795851,0.6730662591869,0.0643761255748,0.4410833839187,-0.3276789465230,0.2284441195691,-0.3909265868353,-0.2335730322512,0.1223395289978,0.4089699593297,0.2250178222243,-0.3280643205116,0.0770867286717,-0.0594131974976,-0.3997670942363,-0.0972147878274,0.2205118904410,-0.1177012774677,-0.2841235276630,0.1112034125114,0.3354091908827,0.1614497240523
-0.2671924180849,-0.3430806875228,-0.2538604672932,0.1805389575969,-0.1853210340646,0.2687729899627,0.1707322366153,0.4991933944589,0.3398004681836,0.0256105716772,0.4450218813450,0.3105529558387,0.3785407677732,-0.1172237084837,0.1619091759079,0.4384456936787,0.7211368098811,1.0000000000000,0.4801494276264,0.6721046449486,0.5072362535657,0.0182428215446,0.1795243227612,0.7191051629272,0.2969239785673,-0.4451250687188,0.2458305704012,-0.1575181292616,-0.2655122959775,-0.2029961388997,0.5049412784206,0.1647963682202,0.6133786251055,-0.1404490805514,0.0753372286496,0.1634532900751,0.3048698322356,-0.3634653804640,0.1460021720705,0.0036416317907,0.0999975900260,0.3414997299754,0.0744635086941,-0.4264364348361,-0.3981432344247,0.2316397694640,0.2552588438346,0.1251292670354,-0.1580626292832,0.2881265245297,-0.1667762035718,-0.5118709690816,0.0617674975581,-0.1280329020803,0.1300116374735,0.1515750334565,0.2685176003678,0.2091172905085,0.5776946791957,0.2994768479666,-0.0661289445870,0.3462030028426,0.2635521590518,0.3835722199751,-0.2820997359037,-0.0050355305485,0.4493261780306,0.6997957261796,0.1428062849041,0.6130232070464,0.1907779747930,0.0330839905132,0.6667845159045,-0.0532846133531,0.3616180378936,-0.4195256470021,0.2040956587755,0.0413094697003,-0.0372256083974,0.6572826207441,0.0151384471180,0.3234714073933,-0.3150929625317,0.2789921562648,-0.3920446273764,-0.1697711055289,0.1642195360685,0.1918671217184,0.2680447759750,-0.2983063859734,0.0840868183938,0.1979440961402,-0.4076387770941,0.0560402235366,0.2048704086562,-0.0275479366023,-0.1859350694602,-0.1302837656115,0.3322301188737,0.0531047149207
-0.2090578735179,-0.3558847880779,-0.0297814610295,0.4507840878848,-0.0597410039632,0.2481381883927,0.4659855959384,0.7024648297376,0.6781453355042,0.2161579050047,0.2753706391426,0.2158333749863,0.4096149810462,0.0266321149405,0.1088254185106,0.7053560862236,0.5773487180465,0.4801494276264,1.0000000000000,0.5615531454980,0.3844887642153,-0.0490682122967,-0.0955711424576,0.5841944688222,0.4333004985255,-0.2424479323659,0.1555225493441,-0.1158745665778,-0.2044547591631,-0.0301586615172,0.3223513991371,0.1081421458658,0.3169496226483,-0.0945753848359,0.3338167949957,0.6981558132968,0.1031525671253,-0.2293412022132,0.2633163431236,-0.2099494272068,0.1234669089010,0.2916793723155,0.2088775865623,-0.3139603718104,-0.3557167364501,0.0224166327034,0.0317980760458,0.0954656204430,-0.2293479767069,0.2242517897844,-0.1694868135744,-0.4741135615158,0.1883931694465,0.1452764386130,0.1630238316652,0.5146735987551,0.4977693604951,0.5304615234791,0.6568606450836,0.6204461367396,0.0645634908523,0.1321312966649,0.2075794353921,0.4937354374327,-0.1589841281405,-0.0267415428362,0.6573690854503,0.4257104563451,0.8291070922028,0.5182760560731,0.2003240040261,-0.1919869172412,0.6887705423982,0.1382811090822,0.5841609240452,-0.3377649167038,-0.0129600211772,0.0348241622018,-0.0312593227421,0.5535205915882,-0.0533358459318,0.2653183848263,-0.1852926427418,0.2388827945840,-0.2813342023198,-0.2646174756868,0.0380707567841,0.5593701476244,0.3250196481255,-0.3031996022690,-0.0013955962892,-0.1898260555124,-0.2305250742467,0.0218803433008,-0.0083333336568,-0.0748230784199,-0.3470089652302,0.0926258674224,0.4302114410318,0.0113242349126
-0.2522082221957,-0.3190553218053,-0.1965589708034,0.2112147351144,-0.0971089978601,0.1415541493195,0.1916275670848,0.6962225627944,0.5364838700545,-0.1151798533122,0.1597441754314,0.1736742320851,0.4162900855899,-0.1047959440588,0.0303009437277,0.4380147345404,0.5796036311348,0.6721046449486,0.5615531454980,1.0000000000000,0.3946917904653,-0.1476342751111,-0.0658936373236,0.6201099071350,0.5343179273890,-0.2712938210050,0.3469831752417,-0.2328356408775,-0.2923684646758,-0.1964057488026,0.4597495370706,0.2069513938149,0.6273126724064,-0.1205299512383,0.1574621938007,0.3049116109189,0.0532496921107,-0.0941333633476,0.0529511273876,-0.1036792526102,0.0095931401183,0.2423094292031,0.1215393840308,-0.2959302055118,-0.3125724072555,0.0559108221993,0.1471038488834,-0.0112059516379,-0.1803379673618,0.2176755116928,-0.1069614574584,-0.4177290046209,0.1159732399360,-0.0558237278636,0.0919014236734,0.2294089379444,0.4063740114174,0.3897826685124,0.6555180538909,0.4855882050017,-0.1911311509464,0.1695970549200,0.1303759633690,0.2715505264759,-0.2526356053298,-0.0608324925428,0.4999690151705,0.4868209854537,0.3141761023422,0.8807164369697,0.0368333086908,-0.0810405550021,0.5894664356801,0.2172299718810,0.2870903676911,-0.2893938986036,0.2578886138856,-0.0889617406735,-0.0713842611933,0.6034877443293,0.1265500748852,0.4331400176272,-0.2398098729912,0.2571249128621,-0.1972543496072,-0.1654938478961,-0.0064197272286,0.2464751618892,0.1085320477724,-0.0844084565930,-0.0587511559652,0.0287986453765,-0.2724322584520,-0.0195185407060,0.0784319804854,-0.0322345975404,-0.2764507597439,-0.0055022410726,0.2764211920777,-0.0561954665706
-0.0190594630164,-0.3638143305242,-0.0514198535780,0.2252364915586,-0.0221774173231,0.2772168820953,0.3306309151357,0.2388431046205,0.1939590858807,0.2555802777365,0.4307026525195,0.5634078132278,0.3675924472781,0.0101051825390,0.1151171409542,0.5079533824213,0.6819404235771,0.5072362535657,0.3844887642153,0.3946917904653,1.0000000000000,0.1189341728301,0.3002935992602,0.5549119928002,0.1852070737685,-0.3579413520614,0.2312132058627,-0.3368640483735,-0.2556437385060,-0.2192853299936,0.7247285636655,0.2505442918820,0.6498196030055,-0.0862758076407,0.4391388876190,0.3254287154233,0.3254904500808,-0.2266528980979,0.3090048972496,-0.1535328706672,0.0089030890917,0.2664894530253,0.3160153895330,-0.3871540188327,-0.3783709948805,0.0225860304824,0.4570362247988,0.0404081996064,-0.1895480784971,0.3810289802108,-0.0422000629076,-0.4250145372365,0.0864056806875,0.0879767357071,0.1684932060066,0.2899075309703,0.0759138753713,0.0447741313779,0.2339860677484,0.2258771072028,0.1238653657587,0.3554337978420,0.3740280901823,0.2038065162437,-0.1850189655661,0.1029675726195,0.4209424996246,0.3956111368089,0.2894757272265,0.3196071306268,0.5062044352053,0.1835150934569,0.3820769437309,0.0414158545604,0.3692935917856,-0.3355249355444,0.1412009507519,-0.1547946040367,-0.1356145866567,0.5814254482774,0.3077778098828,0.5115079224710,-0.2913774779676,0.3450862351313,-0.2295402210080,0.0240323135486,0.2462316238702,0.3727146318653,0.2900783716983,-0.1128177431062,0.1796929940101,-0.1035097963739,-0.3244493377164,-0.1367617403051,0.2747230913956,0.0587395532933,-0.2950805409413,0.0220045948115,0.1826411830675,0.3465271124906
0.0295726856100,-0.0807784747341,-0.0965562106087,-0.1841712621994,0.0837627388206,0.1542941415403,-0.0075022764099,-0.0381427425188,-0.0197458576067,0.3215632228878,0.3278864111083,0.0375169431384,0.0992144138593,-0.0958480518967,0.0577522831279,-0.0507974702570,0.0708089653070,0.0182428215446,-0.0490682122967,-0.1476342751111,0.1189341728301,1.0000000000000,0.2711877628814,0.0106042587438,0.1217515380646,-0.0036451641297,0.0716153265078,0.2706805123094,0.2404680822511,0.1471784070637,-0.0249739774079,0.0702641432392,0.0012957272599,0.0794525014650,-0.0569049892136,-0.0456464701105,-0.0332706380799,-0.1733872268432,-0.0005413209639,0.0572541896864,0.4795812577203,0.0684923633073,-0.1529409280096,-0.0230518939856,-0.0906001601088,0.3168400251968,0.2854250698223,-0.1053048957862,0.3674907430598,-0.0332207417122,-0.1651532877511,-0.0056940232338,-0.2241873582176,-0.0134803897315,0.0788072687435,-0.1215027726515,0.0454295212408,0.0356815682092,0.0011099725387,0.0582015557948,0.2843697633015,0.0124540685475,0.1595361934598,0.2647495236892,0.0226379043713,0.0893758021668,-0.0165631178105,0.0632888804072,-0.0002032780487,-0.1018756563837,0.3182356824491,0.5633578564588,-0.0280726224372,-0.0046403206730,0.1628909143996,-0.0593871054029,-0.0730655606911,0.4095018351993,0.1948884899954,-0.0031306480622,-0.1120288591141,0.0565177005342,0.1496000696908,-0.0454518592569,-0.2081792834565,0.0654856337531,-0.1019446865894,-0.0421021187154,0.0862892176664,-0.1510121477145,0.1144393771143,0.1181690695431,-0.0066721735366,0.3385151128930,0.3418426720268,-0.2745064333683,0.3150061161996,0.2866916151584,0.1851491765538,0.1101940261871
-0.0137414497810,-0.0945929786985,-0.0266307447261,-0.1354690144005,-0.0483391723092,0.2531149490084,-0.1076431958522,-0.0950148756707,-0.0597314634364,0.3798406458460,0.4865183439869,0.6374812420854,0.1662928808119,0.0076403864848,0.0373999575832,-0.1805557179827,0.0665072296300,0.1795243227612,-0.0955711424576,-0.0658936373236,0.3002935992602,0.2711877628814,1.0000000000000,0.0365338161544,0.1980553938736,0.1109283604974,0.3427936067991,-0.0413071519462,0.0140161611217,-0.1141182573888,0.0228878518749,0.3156370196497,0.1669624712969,0.2331640850983,-0.0182446866700,-0.1463588210480,0.3465829321489,-0.0785005942985,0.0362995554215,0.2964518553658,-0.0652413156510,0.1295493626907,-0.0559617803788,-0.1851197267791,-0.1643302244056,0.5728179624587,0.5359981755827,0.3043578008159,-0.0548173512439,0.0731805634800,-0.0477124359777,-0.1974824017264,-0.1337638736286,-0.0181404275794,0.0578164391418,-0.2522586046151,-0.0859149209325,-0.2162781739907,-0.0323303913027,-0.0501016615807,0.3207219420340,0.5307353953910,0.5062495532268,0.1461434602846,-0.2009811023609,-0.0191417378798,-0.1791373710303,0.1342354479173,-0.0797400330547,-0.0573725524405,0.3453500042821,0.5982540838109,0.0951453936134,0.1410276675324,0.0616579422745,0.0710028975325,0.4600437652050,0.0884573791791,0.0346405868847,-0.0373197964002,0.2111540853382,0.1316801675982,-0.1911587996615,0.0219568844023,-0.0586057775558,0.4717758014894,0.4745535945437,-0.0937192369801,0.0965748113728,-0.0055656466099,0.2048578777749,0.3634504431723,-0.1685255987949,0.3303717773283,0.5085851631918,0.3041661137773,-0.0704902175370,-0.0010612356663,0.0218003533249,0.1365277009752
-0.1380487954934,-0.4158686202474,-0.0876461058407,0.3583044839120,-0.1549701963589,0.2757437329676,0.4558190569298,0.5352142725974,0.5426735336458,0.2400012993721,0.4939586042663,0.3495659806991,0.4943562369928,-0.0738097534461,0.2414816039779,0.6523759263728,0.7622364606603,0.7191051629272,0.5841944688222,0.6201099071350,0.5549119928002,0.0106042587438,0.0365338161544,1.0000000000000,0.2454961910068,-0.4688994104687,0.3899942218141,-0.2010247763499,-0.2578197512161,-0.2169368088235,0.5315870065075,0.0895268097388,0.6004171062647,-0.2333250509253,0.4867054998784,0.4741548547865,0.4037756157778,-0.3609360832256,0.3494413447182,-0.1655633774712,0.1330783325722,0.4297479460602,0.1038968876379,-0.4778588238185,-0.5119159422873,0.0769853649732,0.1782127164729,0.1234930978387,-0.2779850812007,0.4043420536187,-0.1093642706234,-0.4259535902548,0.2823334722797,0.0814213832052,0.2582889233831,0.4625506641995,0.4157710116495,0.3106258017959,0.5523744054828,0.4496137492054,0.1165237849095,0.3300726452090,0.2827333772771,0.3864922849679,-0.1228811766542,0.0407405159075,0.5841005364350,0.6394406498591,0.3631614157737,0.5484178104712,0.1599186964485,-0.0049666771229,0.8463662534833,0.0000892830771,0.3385337348535,-0.5447259303355,0.1857528940092,-0.0597345337837,-0.1129917695040,0.7007518326937,0.0642303544340,0.4273644241507,-0.3345148602389,0.3568373005702,-0.3724071344507,-0.2758339004580,0.2621066202783,0.6133232212548,0.2801809916344,-0.3092182835845,0.1998084774809,-0.0356831738277,-0.4539254400936,-0.0294219362472,0.2482793377900,0.0341835264365,-0.2555889144932,0.1050601298753,0.3504130851743,0.2420975562789
