1.0000000000000,0.0678114925335,0.1416919350616,-0.0860471351804,0.7790875841480,0.1561402618456,-0.0759483081774,-0.3051418357806,-0.4444090863921,0.1429143635747,0.2051055817261,0.2072668394061,-0.1749936275508,0.5837073801685,0.0784172947773,-0.4232503844702,0.0892980617248,-0.1995597875786,-0.5571637910443,-0.2320959044296,0.0139938524826,-0.0977227787040,0.3212502324962,-0.1323726097583,-0.5970107569291,-0.1843235589158,0.0193975012316,-0.1345677060245,-0.4673005651748,-0.2206550960201,-0.0352291437450,-0.1313232029064,0.2061636019430,0.2412648089313,-0.2305046225930,-0.1679379215075,0.3626339118714,-0.4117967289915,0.0233107335372,0.1310247506642,-0.0448963733249,0.1023065542976,-0.1982859225226,-0.3582778309964,0.2472579042980,-0.0821179175635,-0.0079636381937,0.2701055250437,0.0124913976805,0.1314163445013,0.6509613945206,0.2600676948339,-0.0389875007584,0.1252649066143,0.1551525393662,-0.1650243649038,-0.0452327138450,-0.2557335749776,-0.3809325245959,-0.4288597572279,0.0730638977299,-0.0105717300021,-0.0278722478886,-0.2185063790077,-0.0260255309490,-0.1035966679973,-0.4892375033698,-0.0959223947850,-0.2317868048040,-0.1278004756563,-0.2948815430674,0.0031722487424,-0.1739053334330,-0.4755723414977,-0.5365062903032,-0.0452396327317,0.0079509674889,-0.2704299144352,-0.4452132832068,-0.1084735622347,-0.2209329832654,-0.0962637466278,-0.3089018625680,-0.2518323938829,-0.0350021606443,-0.2660826178215,0.2034144484872,-0.1638495325471,-0.3829438603960,-0.2162921201160,0.1155390284582,-0.0520362792154,-0.3937061564587,-0.3578871504781,-0.1895114135186,0.2330196950703,0.0529458993442,-0.2662944867926,-0.2715242471439,0.1213285646110
0.0678114925335,1.0000000000000,0.4688949909573,0.3856510986629,0.1284685008689,0.1383492682689,0.2399642171300,0.0414911290663,-0.1129112146908,0.3502428549603,-0.0385962625960,0.0211367728853,0.1549402704166,0.4272906956384,0.4919771633081,-0.0550608521846,0.0574461395990,-0.2254188188479,0.0141106973668,-0.3006920002339,0.0532138690737,0.3197805569609,0.1475718035102,-0.2154471962359,-0.0729851972053,-0.0877721011743,-0.1765739886610,0.0813847193016,0.2509908775233,0.5358054267218,-0.1246436654113,-0.0589291546519,-0.1404096219637,-0.0039121824678,-0.0317016470779,0.0116641135924,-0.2088744028285,0.0532907783706,-0.1791735259691,-0.0478087500469,0.3406078592835,0.1715742251035,-0.1343022122080,0.0621350787326,-0.0428421838169,-0.0367641029240,0.3000136848463,0.0796748930989,0.6818015232708,0.1799966409120,0.2639027677854,0.6249918283411,-0.0204977077922,0.1669692977880,0.2045324340819,-0.0922168539580,-0.0650053874834,0.0686722435938,0.0480421285636,-0.0059456470404,0.1099097096645,-0.0743958517911,-0.0416014664798,-0.0218512713508,0.5394548324409,-0.2072181710808,-0.1462289027910,-0.1424715815656,-0.0522317906070,-0.3367238917368,-0.2092780385031,-0.0744127280337,-0.1961234516555,-0.1513398193724,-0.1350364250783,-0.2560934687860,-0.2684051901154,0.0295527507136,0.3228953931565,-0.2879128184390,-0.0567216205480,-0.2816989932485,0.2668896444206,-0.3653240532279,-0.2420369361669,-0.0256146125755,-0.2719255859225,-0.2009036049865,-0.2652091313213,-0.0818026126752,-0.2135175839789,-0.2688121510622,0.0805114496158,-0.0411218100839,0.1048855518880,-0.1470181545178,0.5368815959497,-0.0321864473718,0.1650858231347,-0.2874053659669
0.1416919350616,0.4688949909573,1.0000000000000,0.5163651895063,0.2800933204606,0.6570693185692,0.5267006204944,-0.0464657091296,0.1102146900711,0.5937767367628,0.2254567886697,0.2296590516668,0.2295179566926,0.1748328334813,0.4859306779319,0.2657897108847,0.3794540234332,0.2143716576568,0.2933202711087,-0.1173213092290,0.4183002118871,0.2177597721108,0.3911037652773,0.2778508949377,0.0288221699654,-0.3255782749307,-0.0029087820886,-0.1412914775769,-0.1981243337260,0.0565578962206,0.3851714287362,0.1525363658715,0.1871972237080,-0.0011802502466,0.3384995354013,0.2375678089655,0.3137129436710,-0.1181621102211,0.2375422235220,0.0109646619728,0.0597300175843,0.3409504409910,0.3016330294702,-0.2532357832983,-0.3459795592726,0.1061456605718,0.4612094014775,0.3711920987370,0.3247700705238,0.2762448472523,0.4398026854959,0.5938661941734,0.2839558967764,0.7201093060968,0.5617683668238,0.2055305311321,-0.0771357922096,0.0182203052488,0.1014473998178,0.1802163150238,0.1729428739510,0.0617892495116,-0.0053664535219,0.0310801736123,0.2873763793894,0.0595187274531,0.1869550318597,0.1512091974586,0.2301286595811,-0.1320212385643,0.0779114779291,0.2780824847542,0.1862699805602,0.0917066099803,0.2138382415334,-0.4747200792069,-0.0398344917569,-0.0196353858661,-0.0442253092028,0.0939348663456,0.0900385980248,0.0317680847481,0.0451856423861,0.0163665615419,-0.2920033011100,0.1214106830172,0.1756759714294,0.1902414999507,0.1257327543787,-0.1209498081301,0.1753881604256,-0.1509418727720,-0.1905475394540,0.1051873386500,0.2937551370147,0.1662127334459,0.2597361448858,0.0101403452257,0.3508893697365,-0.1310743575884
-0.0860471351804,0.3856510986629,0.5163651895063,1.0000000000000,-0.0092099782626,0.5836977151565,0.8190056584053,-0.0476489608916,0.1886659635352,0.3291079236490,0.4145771996290,0.4081955481962,0.3875637879460,0.2066479643206,0.6722061284522,0.4768348966086,0.4937521418458,0.3424451166911,0.3490388673653,0.0664205411075,0.5940734605975,0.2775238080844,0.3804751455369,0.4677747626497,0.1030155511782,-0.1951200225598,0.1853060505372,-0.0835863359037,-0.0025647580016,0.1370490092399,0.4676859178161,0.4221773260803,0.4008820477520,0.0684559743830,0.4626995424434,0.3534157231130,0.1407623808970,-0.2078608321229,0.3081143109695,0.0761419606083,0.2595111393341,0.3565876017453,0.4336669563627,-0.2977261130581,-0.3696226019867,0.2291663034726,0.4393039348033,0.4474827551075,0.3303006823250,0.5804056879043,0.1453920008617,0.2019124665795,0.5703305821021,0.4554276141035,0.5234557255271,0.4801943914934,0.0319508025845,-0.0276783095499,0.3377403616478,0.2573180958953,0.0310481614285,0.4135928470850,0.3956300119344,0.1696507582661,0.1848269709115,0.1217658540000,0.2028799875385,0.3492278688837,0.0626745826419,0.1561154014728,0.1822014132998,0.2131514716094,0.3498697604685,0.0513946636629,0.2221795572417,-0.4529424105397,-0.0575881644427,0.0630928029655,0.0525617770373,0.2390559422628,0.2235191317241,0.2040709600362,-0.0644276260278,-0.0232708225043,-0.4471940696909,-0.0342563443210,0.2014191280450,0.2480718652766,0.0905756099025,-0.3054443359450,0.2165090905124,-0.1642854101332,-0.2613302181434,0.0455361497800,0.1858279012849,0.3374829598148,0.1614854880291,0.1490983794033,0.2576970957254,0.1196688879177
0.7790875841480,0.1284685008689,0.2800933204606,-0.0092099782626,1.0000000000000,0.2606399280500,0.0507206730482,-0.1303204605187,-0.3193615406267,0.2809232310724,0.1404611260464,0.2226247665418,-0.0347129362411,0.5261964391912,0.1897607342173,-0.2129521654838,0.0884634838158,-0.1099030508217,-0.3721097712607,-0.2085438284589,0.0402027139840,0.0883373673015,0.3362057187320,-0.1240503461201,-0.4452055756862,-0.0567222089746,0.0573413028564,-0.1833924422856,-0.3466691054333,-0.2900698676700,-0.0104964309450,-0.0327316231262,0.1970859157289,0.2802118898239,-0.1193700318446,-0.1262073774028,0.2027327545648,-0.2479207710122,0.0346118974163,0.1440732573063,0.0855698345992,0.2026665325499,-0.1763379588505,-0.2021952412522,0.2276434601318,-0.0177582171702,0.1345154968155,0.2570984097895,0.1355343836630,0.0766405490111,0.7784840095869,0.3787907686366,-0.0560774597378,0.2520803480287,0.3230232551508,-0.1203801151824,-0.0101899031787,-0.1362983522763,-0.2436463946842,-0.3513652668167,0.1920920245954,-0.0802786674987,-0.0395116202788,-0.1495556550266,0.1814453623652,-0.1701875546474,-0.3892695929908,-0.0543532628789,-0.2022625837393,-0.2079116878578,-0.2495514450265,0.0707248611552,-0.1425953554232,-0.3460266040024,-0.4242936625541,-0.0228807876735,-0.0351526371313,-0.2158366584415,-0.2917998996664,-0.0821735145614,-0.2252007738044,-0.0913573181770,-0.1930389708434,-0.2559516830811,-0.0221616903486,-0.1518295426611,0.0846881881623,-0.1179792793663,-0.3998424870055,-0.1263329894414,0.1283665297546,0.0565582516509,-0.2624619292542,-0.2918321213721,-0.1107708593299,0.2054678804896,0.1179318354973,-0.0969350253739,-0.1271074893999,0.0121747848844
0.1561402618456,0.1383492682689,0.6570693185692,0.5836977151565,0.2606399280500,1.0000000000000,0.5372394254844,-0.1300532385974,0.0578483518465,0.4009302192987,0.3879314027628,0.5193256406476,0.3753616829463,0.1088108264259,0.4963181679872,0.2832315442020,0.4272441499914,0.3366376875884,0.1879930548175,-0.0502657545695,0.4557371103919,0.1847123713479,0.4747115711552,0.3551635121160,-0.0274153428411,-0.3704833450252,0.0153024382747,-0.1640383678752,-0.2217837926012,-0.2515543248304,0.3535143424800,0.3709108548845,0.4487129669583,0.1259825091510,0.3032357838949,0.1451038078118,0.2487323671668,-0.3396424910026,0.2872684174601,0.1259897387386,-0.0197087249132,0.1290835654924,0.3110271665710,-0.4312413554911,-0.3902385815180,0.1285551179526,0.4415700266658,0.6003149133324,0.1177238889120,0.3754702441526,0.2777260040112,0.2212144959611,0.3931877810159,0.7819461346746,0.6808071543179,0.3112640074379,-0.0966408705336,-0.1713586700673,0.0794880944003,0.0969511286530,0.2385934771619,0.2466190250654,0.3251642957496,0.1069110726368,0.1277390219096,0.1699037899545,0.1162919523737,0.2528363529837,0.0365733371284,-0.0152333820725,0.1024895555325,0.4189129848558,0.2371707896474,-0.0211693362634,0.1060468883831,-0.5403700955704,-0.1226510072430,-0.0013864028553,-0.1411109093021,0.1234534941228,0.2192552429729,0.1539752462887,-0.0614085534095,0.0510363008752,-0.4880621714145,0.1201804169074,0.2333625989866,0.1479795446873,0.1105654249855,-0.3919947104745,0.2451813455123,-0.0074130749681,-0.3964295265856,-0.0153964902038,0.2782114211556,0.4252386260213,-0.0649571003840,0.0212100542180,0.2159749020470,0.1460582045843
-0.0759483081774,0.2399642171300,0.5267006204944,0.8190056584053,0.0507206730482,0.5372394254844,1.0000000000000,0.0706255322925,0.3186301226843,0.2495258788447,0.2767091822927,0.2169674837150,0.3573825313691,0.0754221409451,0.5145035573922,0.6235887608206,0.4985047291104,0.4011454252373,0.4459799938567,0.0872127137042,0.5538844717019,0.2456291468841,0.2815929457732,0.5663011293312,0.1896739869356,-0.1149975103743,0.2812691070093,-0.1171470772613,-0.1656738641368,-0.0294064580851,0.5676806206514,0.3366949291059,0.2973788853784,-0.0629566696888,0.7051309518468,0.4612799411174,0.2598449771927,-0.0567441894060,0.5284298378841,0.0048147583015,0.1265955388894,0.2876588039449,0.4887852662982,-0.1777726027916,-0.3291168535715,0.2057420965660,0.3198634067293,0.4235790900563,0.2237504887951,0.3475641165942,0.2257350226741,0.2382020129995,0.6103754192021,0.5077650556133,0.6282781366825,0.6913875261257,0.1240668270690,0.0959623864607,0.4261752076477,0.3055247448678,-0.0082454859624,0.2854117222162,0.2471786841048,0.2335816332823,0.1495561836269,0.2584044497384,0.3803538788013,0.4063298782159,0.2192297729923,0.1263845563752,0.3874202990268,0.1641570017917,0.3912894476868,0.1867337595737,0.3713863556112,-0.3332427386567,0.0564394983853,-0.0255863885887,-0.0891919213991,0.3592062666805,0.1040990358519,0.2380098125275,-0.0112767305801,0.0906272255951,-0.2855556902925,-0.0551578022885,0.2589937953523,0.5235694934556,0.2777930667646,-0.1233892206074,0.4041454402906,-0.1303040746402,-0.1533147501360,0.1047646827681,0.1931361587556,0.3310613449543,0.1411429656948,0.2221935130906,0.3110978982002,0.1613930599607
-0.3051418357806,0.0414911290663,-0.0464657091296,-0.0476489608916,-0.1303204605187,-0.1300532385974,0.0706255322925,1.0000000000000,0.3279835085897,0.0173201015626,-0.0715252360875,0.0314497568014,0.1502346128180,-0.0916776108168,-0.0514019595097,0.3182636073247,-0.0247472133671,0.1404061314195,0.4265754607963,0.5218727949595,-0.0163185347998,-0.0259303706185,-0.1239296419789,-0.0187496007794,0.4994408228935,0.2801370606080,0.0231727500270,0.0729499757578,0.1239388606057,0.0828107836636,0.0005778185196,-0.0239499104845,-0.0774189352409,-0.1826462398910,0.1159087377109,0.0673717814988,-0.1552290916742,0.6057416077533,-0.0356789310391,-0.2285908308551,0.0414494006063,-0.1609306479195,0.0648999150842,0.4566646097317,0.2958876486295,-0.0238919834011,-0.0591746492922,-0.1980935128635,-0.0595205439307,-0.1679290456606,-0.2318577557172,0.0804735752267,-0.0087004535218,-0.0567597969800,-0.0082765616332,0.1477935091301,0.4570394137817,0.7645888427111,0.3746429348681,0.3177008330258,0.0373158803943,-0.2074931432566,-0.2133045267474,0.0478870965712,0.1380381233248,-0.1049598462623,0.2521908583933,-0.0065482232681,0.2518948644034,0.1596270475186,0.1296175895905,-0.1619865101950,0.0703676027690,0.5009809409045,0.2702041623405,0.1394482584097,-0.0166531107920,-0.0271193274196,0.1081269561421,0.0510896598135,-0.2385001715538,-0.0723587859346,0.1848287141046,0.0647799509725,0.3620114312250,-0.0684030100612,-0.1473146288025,0.0719411239073,-0.0458572059212,0.4681096153379,-0.0502503148534,-0.0808129470633,0.3550716267716,-0.0626011986992,-0.1351329410174,-0.1733999933597,-0.0147841713193,0.1364527275705,0.0350598844269,-0.1313633841200
-0.4444090863921,-0.1129112146908,0.1102146900711,0.1886659635352,-0.3193615406267,0.0578483518465,0.3186301226843,0.3279835085897,1.0000000000000,0.0391393795158,0.0659326284764,-0.0544085322643,0.1351337511922,-0.3191844056186,-0.0043424593373,0.6357727634946,0.2047757335676,0.4547151068574,0.7322051764745,0.5292200273951,0.2403840111008,0.1022959149439,0.0007745117041,0.5340918463588,0.6576235338488,0.0616281610868,0.2789775677530,-0.0047739422566,0.0530672746546,-0.0809961133016,0.4169620507804,0.1817118191124,0.0067348758637,-0.0560273087289,0.4878651148573,0.5466390237578,0.0418483816646,0.2337139100322,0.2743380863475,-0.0134479617321,0.0453833652559,0.0572566712284,0.3381795489432,0.0677917682544,-0.3437442053362,0.2100056407676,0.1550403861636,-0.0137805587854,-0.0185793911403,-0.0462778708598,-0.2202056991783,-0.1701056009909,0.1602479185156,0.1456876482608,0.1198455320982,0.4569044731246,0.1052686653295,0.2821681315880,0.6770227288345,0.8702779134775,-0.0888502271966,0.1024478712495,-0.0866873433186,0.1387965527013,-0.1025559723384,0.1182618427103,0.6121680294875,0.2901051954552,0.5628253645251,0.3961424941509,0.3078830532552,0.0526865388601,0.4925728293406,0.6656571899164,0.5830210282397,-0.0677225732302,0.2389437215346,0.0755511006849,-0.0031141790514,0.4356164002176,0.0717560828813,0.0756682870515,-0.0153160933971,0.2986316589464,-0.0519237711405,0.1489934380115,0.1062058514449,0.4566779006027,0.3571306397032,0.2671529028850,0.1638624597398,0.0911861876587,0.1473096429335,0.2656952957117,0.1399306896354,-0.0294431251026,-0.0265225542059,0.1900900838341,0.1506963863807,-0.1217991560280
0.1429143635747,0.3502428549603,0.5937767367628,0.3291079236490,0.2809232310724,0.4009302192987,0.2495258788447,0.0173201015626,0.0391393795158,1.0000000000000,0.3998590703208,0.4281046735148,0.2101391951424,0.2677290165445,0.3415959702705,0.1783887614996,0.3446727577790,0.1030645429223,0.1766439211521,-0.1611926043976,0.3570643219103,0.2113608987833,0.5282638467984,0.1846004999809,-0.1588590173840,-0.1528704566366,0.0226930439743,-0.1374808735606,-0.0958201597113,0.1058321203341,0.2691355515637,0.1253139990866,0.1548785099559,0.2856067197803,0.1710895630899,0.1625359912396,0.2962334806409,-0.1540718072249,-0.0233377002200,0.1932701373230,0.1286828222651,0.4158009274315,0.1445997989032,-0.2273112582532,-0.1756847405848,0.0361747014530,0.3914656651837,0.1055328306957,0.1778764508840,0.3509403552819,0.2269939693610,0.3852929149441,-0.0265427194587,0.2774143500053,0.2907519084503,0.0069992474668,-0.0965059605250,-0.0434750302890,-0.0038788983269,0.0661743829213,0.5828907749518,0.0750554793152,-0.0731610839278,-0.1323709127133,0.1869180942487,-0.3129861556855,-0.0248334120199,0.0450383568193,0.1124982273536,-0.2251153285464,-0.1199858279221,0.4139765902043,0.1916062317439,-0.0100040967108,0.0069240221001,-0.3440763959219,-0.1330594276583,-0.0765775741719,-0.0828726976159,0.0481932047268,-0.0120872362751,-0.1639269416127,-0.0763334824562,-0.1352353221157,-0.2989109070540,0.1245004489111,0.1734337279059,0.0154627481101,-0.2010448502006,-0.2086299159189,-0.0286124966176,-0.0470300658103,-0.2080405305535,-0.0591585755282,0.1777904365947,-0.0436380645475,0.1425148326799,0.0442785763541,0.4140825431016,-0.1773703117356
0.2051055817261,-0.0385962625960,0.2254567886697,0.4145771996290,0.1404611260464,0.3879314027628,0.2767091822927,-0.0715252360875,0.0659326284764,0.3998590703208,1.0000000000000,0.7297614695091,0.2488574265131,0.3047538619078,0.2164827703315,0.1332463022366,0.5006776425266,0.4285697817875,0.1178595619035,0.0685086020509,0.5389377258613,0.0966445337699,0.5557233474707,0.3593321205439,-0.1936666766154,-0.1822483048929,0.1934106817239,-0.0186279579088,-0.0225701582128,-0.0169106390269,0.3700751179839,0.2269831809333,0.4370261465604,0.1713561952230,0.1780269079152,0.0977203358910,0.3060193357082,-0.4768032024806,0.0485561818953,0.1167586479542,0.1864979054931,0.2915132709250,0.1281777911714,-0.4896183416562,-0.2533910274723,0.1725634489415,0.1954909207559,0.2755370129090,0.0373766532778,0.5008056049161,0.1396263915949,-0.0139434861087,0.2161838796106,0.2380841958177,0.1946462782260,0.1421350903409,-0.0803340000608,-0.1040229187047,0.1410778572608,0.0886327866720,0.2176400252756,0.6940547230117,0.4826656383422,-0.0160795289713,-0.0941855711951,-0.1176532718170,-0.0733702229569,0.3075133615890,0.0042770954057,0.2626410645105,0.0349703965573,0.4177078578983,0.3589425932693,-0.0659455276582,-0.0518722533976,-0.2861418361958,0.0610703124130,0.0648523085557,-0.0471879665965,0.2978029292878,0.1156301453175,0.0832277668602,-0.2650707307467,-0.0957598394126,-0.4282214013932,-0.0812380644688,0.3407867041641,-0.0142199091201,-0.1428603963924,-0.4148531089134,0.0578083682017,-0.0817949557313,-0.5063842983605,-0.0372987245552,0.0183492624865,0.2670688924892,0.0074246110152,0.0411934271624,0.0916057204600,0.1305470655695
0.2072668394061,0.0211367728853,0.2296590516668,0.4081955481962,0.2226247665418,0.5193256406476,0.2169674837150,0.0314497568014,-0.0544085322643,0.4281046735148,0.7297614695091,1.0000000000000,0.3295338413287,0.3100878272750,0.3144380139507,0.1224578834551,0.4456249029764,0.2333022108494,0.1121012023776,0.0625557696789,0.5313499231125,0.0075972773379,0.6148836525024,0.2092054112683,-0.1305886527826,-0.1603729722840,0.1098302490333,-0.0914474857876,0.0025546020648,-0.1013735097572,0.2044704459944,0.3360269905508,0.5090369518004,0.2431388225680,0.1001880300685,0.0921052495174,0.1690985950145,-0.3977987426886,-0.0844894624901,0.0179993935094,0.1083402678930,0.1332907724529,0.0855447105919,-0.4399415104945,-0.2027725264258,0.0326555946869,0.2756018286605,0.2021306151854,-0.0786277146948,0.5704765370516,0.0658852346607,0.0298735388689,0.1751894194010,0.3225121479889,0.2283653708541,0.0727774451065,-0.0122092846519,-0.0554261683354,0.0046164648482,0.0194202221993,0.3544603484651,0.3944935638919,0.4865308232102,-0.0968923084319,0.0737302583548,-0.1608469869020,-0.0814807653151,0.1390948424490,0.0061346070920,0.1279231644618,-0.0555489673781,0.3812278533962,0.2547855092836,-0.0503578447472,-0.0958951752929,-0.2901402807472,-0.0441117544836,-0.0058600244505,-0.0129221408875,0.1024399594164,0.1710086682392,0.0350761643270,-0.2794171221475,-0.0729398252138,-0.4164992392631,-0.0406430949851,0.2575507725307,-0.0547893903251,-0.2267888365566,-0.3697990040787,-0.0759076183205,-0.0517188120068,-0.4896300318911,-0.3258770421652,-0.0570284087951,0.2001255066981,-0.2181461623152,-0.1046647078772,0.0766456484862,0.1362367019710
-0.1749936275508,0.1549402704166,0.2295179566926,0.3875637879460,-0.0347129362411,0.3753616829463,0.3573825313691,0.1502346128180,0.1351337511922,0.2101391951424,0.2488574265131,0.3295338413287,1.0000000000000,-0.1067178332315,0.3135294449252,0.2636855865544,0.6026377827512,0.3060908401361,0.2001954943405,0.0804346718676,0.4212707976675,0.2543324984266,0.1646873913491,0.2818351730372,0.2477228293576,0.0052971793478,0.1157782248668,-0.1394544416192,-0.0207062600687,-0.1078193262999,0.3385695934046,0.3955644958850,0.4473615178982,-0.2153732471704,0.2103506500949,0.0566771074609,0.0120262845642,-0.0362084381389,0.1355138166048,-0.2540870311984,0.0076325761134,0.0119334227838,0.3150533086079,-0.0913183116351,-0.2511949404264,-0.0310092998267,0.2053876313959,0.1216893124334,0.1444697487507,0.1500933320216,0.0553073169650,0.0813872904626,0.2005498633138,0.2008491240774,0.2432602828805,0.1566580552524,0.3007700792870,0.0904404658081,0.2649064129664,0.0897507059595,0.1063316147861,0.2353322701822,0.4817033242872,0.7192730867141,0.1215840715133,0.1988960117455,0.0886217856957,0.4947893015061,-0.1362715090086,0.0004028604612,0.3734348646601,0.2103816477055,0.1293184551111,0.1157211951413,0.2960478821304,-0.1931467271787,-0.1562942963955,0.0278437983599,0.0596786799329,0.1573514160168,0.1862225172253,0.3851275281831,0.0706450740394,0.0687946810842,-0.2108585141656,-0.0317931123459,0.0215730702545,0.0620184700619,0.1758389100267,-0.1475064075879,0.0427063725235,-0.2465019380602,-0.0617898081506,-0.0569192709894,0.2814560256727,0.0654515654984,0.0488739522449,0.0605426888612,0.2558272483149,0.1333839881998
0.5837073801685,0.4272906956384,0.1748328334813,0.2066479643206,0.5261964391912,0.1088108264259,0.0754221409451,-0.0916776108168,-0.3191844056186,0.2677290165445,0.3047538619078,0.3100878272750,-0.1067178332315,1.0000000000000,0.3571120291894,-0.2204383261367,0.0866160564074,-0.1245381419210,-0.2900570508843,-0.1780280769467,0.1320628189477,0.1367530795448,0.3549281744560,-0.1686856540963,-0.4866753701735,-0.0575422260071,-0.0241300762012,0.0837075064557,-0.0779744794363,0.2989115342994,-0.1039475343944,-0.0856202596866,0.0878962760285,0.2943180804372,-0.1451532366805,-0.0865963174380,0.0965412468623,-0.2759527050106,-0.0918127578489,0.2365028781835,0.3980253862999,0.3570312125560,-0.1925861456612,-0.1945628878446,0.2329084826069,0.0900269445947,0.1182043823489,0.2370669696090,0.3425046948297,0.3781532155368,0.4356879938930,0.3118864647296,-0.1099723568457,0.0174992897299,0.0986600408228,-0.1895436069403,-0.0349605760542,-0.0588125034497,-0.1004606934546,-0.2392500137655,0.0544997120485,0.1228686494543,0.0460138834896,-0.2893737108994,0.2994201703173,-0.3043200475427,-0.4620439307732,-0.1045935514396,-0.1639916577042,-0.0621878794399,-0.3235620971117,-0.0825085798476,-0.0873523136755,-0.3977694291757,-0.4589760755083,-0.1468146449153,-0.1192615456761,-0.0266120343005,-0.0785263490782,-0.1418086547440,-0.2706854243250,-0.3025331328872,-0.1224727262863,-0.4536489480598,-0.1885255357569,-0.3017097548342,0.0464440471186,-0.2527984814194,-0.4866117606487,-0.2715722293802,-0.0555473542018,-0.0380890977142,-0.2803084294165,-0.2295182760149,-0.2236317055842,0.1080780045443,0.2567469194030,-0.0616631345181,-0.1217121547543,-0.0443776600148
0.0784172947773,0.4919771633081,0.4859306779319,0.6722061284522,0.1897607342173,0.4963181679872,0.5145035573922,-0.0514019595097,-0.0043424593373,0.3415959702705,0.2164827703315,0.3144380139507,0.3135294449252,0.3571120291894,1.0000000000000,0.1567352864336,0.3629531552072,0.0484495150701,0.1179651506057,-0.1299170397963,0.3667188532471,0.2620767285888,0.3286909806089,0.1908315699128,-0.0965234575564,-0.2470553023892,0.0118208778945,-0.0250405964510,-0.0286825298237,0.1998468976497,0.2277213500686,0.2255778957694,0.2966304033086,0.1351609637272,0.1969178894489,0.2117668299221,0.1337653404555,-0.1029130420987,0.3520603086463,0.2157239503532,0.3697069739134,0.4071888554505,0.2896992852538,-0.1240797836229,-0.1438662103246,0.1206614784660,0.4655717188348,0.5269132683111,0.4079953815873,0.6383739889968,0.2624212019300,0.3973222632022,0.2761498882223,0.3980418177459,0.4913517302100,0.1685225281674,-0.0701759394403,-0.0644663129765,0.1168296281427,0.0840820879684,0.1175827884881,0.0997956462805,0.2006116943494,0.0380395848868,0.4356574133911,0.1945262347570,-0.0635210142918,0.0785936237003,-0.0465695702658,-0.2104169591072,-0.1345032068165,0.0228506823734,0.0488195310835,-0.1681327788673,-0.0696856790733,-0.5348058611877,-0.1582540136573,0.0676679757751,0.0100604102337,-0.1089188285328,-0.0292503576446,-0.0529843609935,0.0592739474776,-0.2355918224830,-0.3978514427499,-0.1090428250682,0.0929066898904,0.0699393774319,0.0111721184694,-0.2685511609348,0.2927521028451,-0.0258846069909,-0.1366370915527,-0.0848122422783,0.1439441915825,0.3294102419572,0.1674736354822,-0.0010449367030,0.1597340630832,0.0443621145041
-0.4232503844702,-0.0550608521846,0.2657897108847,0.4768348966086,-0.2129521654838,0.2832315442020,0.6235887608206,0.3182636073247,0.6357727634946,0.1783887614996,0.1332463022366,0.1224578834551,0.2636855865544,-0.2204383261367,0.1567352864336,1.0000000000000,0.3409730577366,0.5230681469596,0.7595579719333,0.4325095525993,0.4246347217462,0.0405550958853,0.0534503959945,0.5972556121549,0.5387666778408,0.1804973153386,0.3647831216896,-0.1120859076898,-0.0235355908426,-0.0171790362568,0.6001748290524,0.3817306665714,0.1640762766110,-0.0448294876217,0.8174019810738,0.7227723255268,0.0980625509743,0.2314252680942,0.4431057412040,-0.0533097597126,0.0023016369897,0.1252331475191,0.5913604668202,0.0684978962042,-0.3098976883413,0.1472198932565,0.1948324036796,0.1139339793894,-0.0899241136132,0.1363402502936,-0.1789368320631,-0.1005624859769,0.2770092549642,0.2339068706395,0.2312944167071,0.5697741961423,0.1450043042813,0.2932310223840,0.5625999412667,0.5129183978928,-0.0629781677649,0.1148058611314,0.0572437244102,0.1693790682142,-0.0926722260775,0.1083269191668,0.7465488530749,0.3881570603168,0.5032928488250,0.3111947709298,0.4232228371841,0.0173190603726,0.5436767866597,0.5173225841458,0.6549640728780,-0.0539224431208,0.1671292858054,-0.0066387262119,-0.0275172695873,0.5501912134691,0.1347560216553,0.1936375532901,-0.0841197030634,0.4257778180568,-0.0839347380530,0.0513502614798,0.1789715368082,0.6387105788997,0.3511181863441,0.1794547097574,0.2556449047953,-0.0682982092786,0.1192353003188,0.1084325383004,0.0717699229469,0.0720821458975,-0.1401212936538,0.1412477997231,0.1780207219013,-0.0206689384842
0.0892980617248,0.0574461395990,0.3794540234332,0.4937521418458,0.0884634838158,0.4272441499914,0.4985047291104,-0.0247472133671,0.2047757335676,0.3446727577790,0.5006776425266,0.4456249029764,0.6026377827512,0.0866160564074,0.3629531552072,0.3409730577366,1.0000000000000,0.4532704944001,0.3181912780103,0.0656603772103,0.8578437677063,0.1149090101326,0.4059230330790,0.6161382924882,-0.0012614639739,-0.2680878482793,0.3122810834912,-0.3760783100956,-0.3294295013310,-0.2126295880629,0.7356538060746,0.3702347590977,0.6069483758800,-0.0733436542714,0.3953798497149,0.3351757642955,0.4751875576536,-0.3558580430858,0.3646596341006,-0.1040329551040,0.0022669830671,0.1209126709612,0.3867692140683,-0.4579996237475,-0.4188455505327,-0.0181907301382,0.1527313214550,0.2887466425475,0.0352410700495,0.3201700068211,0.1714308237823,0.1141861832697,0.3652640335385,0.3261738707566,0.3634018038529,0.3433574145408,0.1176187502960,0.1034189345159,0.3148884846847,0.2629856956401,0.2035353884653,0.4428795663891,0.4149237674202,0.3349220880877,-0.0190445048881,0.2544425319911,0.1538093607352,0.5953134055017,0.2356732790904,0.1704218106955,0.4588330118269,0.2694695484936,0.4200501232655,0.0999944092858,0.2347713032362,-0.3799581323095,0.0159840543100,-0.2352767619899,-0.2688719220802,0.4544523636132,0.1794855024582,0.3520940066171,-0.2580365725364,-0.0102513311208,-0.3594929831413,-0.1397411357362,0.3536728061505,0.2339776433206,0.1760387761292,-0.2486822503077,0.2665867008152,-0.2299492791945,-0.4153718889316,-0.1470944303028,0.1420996425831,0.1943945621001,0.0060007487106,-0.0083571470768,0.1573920441018,0.2987638833622
-0.1995597875786,-0.2254188188479,0.2143716576568,0.3424451166911,-0.1099030508217,0.3366376875884,0.4011454252373,0.1404061314195,0.4547151068574,0.1030645429223,0.4285697817875,0.2333022108494,0.3060908401361,-0.1245381419210,0.0484495150701,0.5230681469596,0.4532704944001,1.0000000000000,0.4122392927730,0.4054065406206,0.3930544469041,0.0154290145797,0.0958873310569,0.6905988641111,0.2901595724470,-0.0052006261506,0.2993654368698,-0.0553958473463,-0.0090232496025,-0.1940839984176,0.6136477748936,0.2572429140831,0.2318134900238,-0.0991665273403,0.4768054928002,0.2252426495655,0.3577970361368,-0.1932748240972,0.4267051626600,0.0607231352365,0.0071491801910,0.1929862762862,0.3784803114794,-0.2607096589371,-0.3699829606047,0.1800919592667,0.0264818526823,0.2595463447956,-0.1299701697869,0.1634165239318,0.0000983958704,-0.1341278663392,0.2994385642943,0.3202346748069,0.3087279397686,0.5062307158642,0.1983601281569,0.1078762172479,0.5100151525285,0.3619737540529,-0.0216474139650,0.4811019207842,0.2190445935838,0.3206491773341,-0.1509352801378,0.1255759622491,0.3960871373293,0.7163769679746,0.1521107245111,0.5380852056318,0.4581556342087,0.2847655180565,0.6859649587281,0.3205139237427,0.5265956055476,-0.0323639705716,0.2016842018757,0.0763642088078,-0.0020380091183,0.7167566302880,0.1772737815126,0.2576228856501,-0.1999436628093,0.3227757275815,-0.1488243396889,0.0816659274328,0.4494803655230,0.4202919610559,0.4052890592762,-0.1572941477424,0.3383124133133,0.0408748653213,-0.2411954159401,0.2402589213902,0.1072182093203,0.2650812461019,-0.0116749053237,0.1739341209680,0.1476384037812,0.1147517581347
-0.5571637910443,0.0141106973668,0.2933202711087,0.3490388673653,-0.3721097712607,0.1879930548175,0.4459799938567,0.4265754607963,0.7322051764745,0.1766439211521,0.1178595619035,0.1121012023776,0.2001954943405,-0.2900570508843,0.1179651506057,0.7595579719333,0.3181912780103,0.4122392927730,1.0000000000000,0.4138502617698,0.4084416042647,0.1277121380726,0.0613607492188,0.5344475749858,0.6669092489671,0.0369879621275,0.1633531717703,0.0645766660663,0.0767519955722,-0.0609084317460,0.4517942997461,0.2072606686369,0.0194304360126,-0.2140027840418,0.6072888293271,0.6576372338533,-0.0253470407541,0.3084794092694,0.2014666317532,-0.1959102649192,0.0624803100736,0.0463164271252,0.3943797828640,0.1187222831736,-0.4222059065376,0.1720169425162,0.1630497909101,0.0185048578307,0.0033594173896,0.0121358215344,-0.2431121819620,-0.0409008204412,0.2687311346439,0.2808236254073,0.2234535911843,0.4543449957383,0.0176407813839,0.4313500393379,0.5269188477881,0.7483631888437,-0.0280205524501,0.1311614409927,-0.0236701599944,0.0352655339596,0.0729241724450,0.1147228952385,0.7626273455720,0.1852409496046,0.7630440891574,0.2819546462989,0.3415873013109,0.0931581628515,0.4730676352792,0.7212266572558,0.6336172701462,-0.1414207041819,0.1717000660871,0.1782054258411,0.1016077814789,0.3376039886836,0.1389026113448,0.0146157978697,-0.0003704358934,0.3402465194150,-0.1087496986152,0.1175218795267,0.0232576031111,0.4959496693487,0.3969085389206,0.2511523480576,0.0614825159959,-0.0074070670936,0.1575194222060,0.1969006825433,0.1298346865096,-0.0476496156603,-0.0449821233477,0.1885763280215,0.2265420844273,-0.1423159930406
-0.2320959044296,-0.3006920002339,-0.1173213092290,0.0664205411075,-0.2085438284589,-0.0502657545695,0.0872127137042,0.5218727949595,0.5292200273951,-0.1611926043976,0.0685086020509,0.0625557696789,0.0804346718676,-0.1780280769467,-0.1299170397963,0.4325095525993,0.0656603772103,0.4054065406206,0.4138502617698,1.0000000000000,0.1137606451323,-0.1749485877500,-0.0303988508622,0.4210795031160,0.6426770970766,0.2773094771399,0.4028839184972,-0.0902216659845,-0.0055578531351,-0.0888737272416,0.3690728570308,0.3063962074892,0.2500941885295,-0.0507801135940,0.2834265743595,0.3316272906879,0.1255835223445,0.3617969736878,0.2166315381365,-0.1012315181417,-0.0132639599998,0.0097374597645,0.3891198013660,0.1323868526416,0.1263057444108,0.1485930372307,0.0283377550108,-0.0468051501789,-0.2916309813081,0.0531677866951,-0.2672194119207,-0.3411062505404,0.0342382662382,-0.0396672129374,-0.1027496451387,0.1455164995943,0.4537571060703,0.4023598933221,0.4741483001846,0.4736093727033,-0.2143875346456,0.0176357428061,-0.0244937866984,0.0954253210275,-0.2940408817542,0.0034469027533,0.3983067983266,0.2698312878522,0.2392237171795,0.7196952883429,0.1737360040184,-0.0717345952068,0.4379101778790,0.6138052947964,0.5185906199766,0.1756090210571,0.3813314444260,0.0029970926888,-0.0735148021700,0.4616961499463,0.0610047560966,0.2633731691558,-0.1820164657422,0.3671926646384,0.3403182498852,-0.0695978506211,0.2357412947273,0.2956772730764,0.1695536896692,0.4169669585774,0.0988245084878,-0.0404201050151,0.1159373225126,0.0159968511496,-0.1419797437644,0.0435789884844,-0.2866038335660,-0.0024205243222,-0.1509528587370,-0.0767257020540
0.0139938524826,0.0532138690737,0.4183002118871,0.5940734605975,0.0402027139840,0.4557371103919,0.5538844717019,-0.0163185347998,0.2403840111008,0.3570643219103,0.5389377258613,0.5313499231125,0.4212707976675,0.1320628189477,0.3667188532471,0.4246347217462,0.8578437677063,0.3930544469041,0.4084416042647,0.1137606451323,1.0000000000000,0.1508524772340,0.4345606463401,0.5852944787511,0.0398089965411,-0.2452361423560,0.2875821254228,-0.3069135036131,-0.2781755183570,-0.1035608201479,0.7043648144640,0.4371378319254,0.5960230379085,-0.0048783560396,0.4800633562267,0.4405953191244,0.3896709095216,-0.3109661985721,0.3267356883206,-0.0852611933431,0.0106889158571,0.1487643833782,0.4582934010400,-0.4570243203220,-0.4294525990010,0.0621711816646,0.2180409018887,0.2612658518544,0.0644358604199,0.4537645432862,0.0964366761280,0.0851303908415,0.4226916455852,0.3833662277500,0.3462796688387,0.3657700381717,0.0151538975229,0.1132951116781,0.3399423086020,0.3169237969329,0.1965483787267,0.4765621258836,0.4193231978039,0.1062196985966,-0.0205130522085,0.2034907521805,0.2287462877742,0.4359225373693,0.3384386783375,0.2496601784420,0.4477673994642,0.2932900864474,0.4498553226867,0.1450344838274,0.2709764587268,-0.4048590100124,0.0156681891371,-0.1752238426979,-0.2329911856884,0.4486585064388,0.2654838955407,0.3271239926465,-0.2587437325783,0.0089712901079,-0.3697659081811,-0.0582180203291,0.3595250967952,0.2911443133998,0.1689430934993,-0.1923576452465,0.2028312709430,-0.1917451116753,-0.4133808272813,-0.1227524843857,0.1309983952239,0.1913339455770,-0.0532558556708,0.0466358664050,0.1439787091836,0.3097071891601
-0.0977227787040,0.3197805569609,0.2177597721108,0.2775238080844,0.0883373673015,0.1847123713479,0.2456291468841,-0.0259303706185,0.1022959149439,0.2113608987833,0.0966445337699,0.0075972773379,0.2543324984266,0.1367530795448,0.2620767285888,0.0405550958853,0.1149090101326,0.0154290145797,0.1277121380726,-0.1749485877500,0.1508524772340,1.0000000000000,0.3998669990187,-0.0497663615026,-0.0273189040189,-0.0670176288261,-0.0165215714336,0.2054826634810,-0.0135888513308,0.1069193429770,0.0127948153568,0.1403958489272,0.0392917574783,0.1704263839053,0.0658071015349,-0.0031126645138,-0.2489079739012,0.0497888776787,-0.0285659267441,0.2610485862185,0.5309269198793,0.3616931898159,0.0172949759174,-0.0083046670892,-0.1511846366424,0.5839094036436,0.4649316288634,0.2012022337591,0.7018541638365,0.0910748325718,0.2647904904619,0.1405585081330,0.0590073405741,0.1287105082830,0.2311814597173,-0.0047187369494,-0.1821751459551,-0.0433149269378,0.1848010066502,0.0687344633438,-0.0735594325914,0.0803387241456,0.0482379615739,0.0489424139793,0.2117171115810,0.0173290144058,-0.0684265413447,-0.0661886167871,-0.0707635453264,-0.1376609654115,-0.0466946350337,0.3485964557028,-0.1673415862375,-0.0359252351246,-0.0400620735700,-0.2909266578235,-0.0568610076644,0.3650194276622,0.1315383869763,-0.1493646157460,-0.0015816577898,-0.0765756447621,0.3016600603181,-0.2987761284116,-0.3068321794679,0.2110864442274,-0.2559627001533,-0.1228755599140,-0.0474387874482,-0.0971010203295,0.0000362185841,0.2555707078130,0.0234582058565,0.5227254949901,0.4290987491431,0.0352587002048,0.5716915681659,0.6425081861845,0.2734206983514,-0.2202277541363
0.3212502324962,0.1475718035102,0.3911037652773,0.3804751455369,0.3362057187320,0.4747115711552,0.2815929457732,-0.1239296419789,0.0007745117041,0.5282638467984,0.5557233474707,0.6148836525024,0.1646873913491,0.3549281744560,0.3286909806089,0.0534503959945,0.4059230330790,0.0958873310569,0.0613607492188,-0.0303988508622,0.4345606463401,0.3998669990187,1.0000000000000,0.2092408679943,-0.2414250588002,-0.2568686453583,0.2273543627247,-0.1370351398984,-0.2278398610162,-0.0864104618624,0.2487100361053,0.3270267516036,0.4718591904693,0.3999544641642,0.1386245487146,0.1674786745207,0.2570099626008,-0.3470873359249,0.0208674452424,0.3094010789668,0.3392614253487,0.3809902819951,0.0875500346791,-0.4559645794046,-0.1669912409646,0.3525936864289,0.6121394968039,0.3325742345657,0.1987986201822,0.4144228441409,0.2669903381710,0.1049880587490,0.1042096493045,0.2911214349808,0.3025097661680,0.0147236647053,-0.1491727315691,-0.1483763961539,0.0353800267407,0.0410297644702,0.2543607919060,0.2468153493151,0.2438902839331,-0.1921688470476,0.0083487918832,-0.1195854670387,-0.1117895568041,0.0329958521339,0.0440977269917,0.0369753442825,-0.1564778632704,0.5671953439641,0.1255308468420,-0.0791388110868,-0.1687085899573,-0.4500818920620,0.1071097304863,0.0030742036959,-0.1682599298186,0.0421602333817,0.0676515966765,0.0058565063969,-0.1675329200129,-0.2512860827208,-0.4355712592579,0.0947328330153,0.1923947878788,-0.0719332657585,-0.2360164545588,-0.3181865060439,0.0321845059428,0.0986925156000,-0.4423139013848,0.0375507765737,0.2460258649195,0.1858010675355,0.0621259818327,0.1668124011624,0.1531123581870,-0.0570660110734
-0.1323726097583,-0.2154471962359,0.2778508949377,0.4677747626497,-0.1240503461201,0.3551635121160,0.5663011293312,-0.0187496007794,0.5340918463588,0.1846004999809,0.3593321205439,0.2092054112683,0.2818351730372,-0.1686856540963,0.1908315699128,0.5972556121549,0.6161382924882,0.6905988641111,0.5344475749858,0.4210795031160,0.5852944787511,-0.0497663615026,0.2092408679943,1.0000000000000,0.3053705357647,-0.1234695330839,0.4384178908026,-0.1762109253577,-0.2095541341851,-0.2574986405795,0.8369497182299,0.2889302014133,0.3489971858447,-0.1038547839084,0.6426850161416,0.5602860656291,0.5570068984288,-0.1590783091380,0.5820989675172,0.0033114712810,-0.0741002614412,0.1798088993116,0.5181160992549,-0.3166175631641,-0.3988636173397,0.0926421240124,0.1139470613953,0.3187731659172,-0.1611326391616,0.2643551721950,-0.0117461596367,-0.1412046917924,0.3861269386884,0.3055378993569,0.3665685592835,0.5450122433243,0.1603444340335,-0.0183250404278,0.4454768805460,0.4983874508700,0.0172571859718,0.4185278824520,0.2154644912795,0.2178733888045,-0.2030869869233,0.2307612900947,0.4790235611883,0.6301371109391,0.3700591041647,0.4661173219236,0.4553259170950,0.2375892943687,0.8061440084454,0.4018561525046,0.5294691343299,-0.2010060390000,0.2986024912592,-0.0524570419910,-0.2380395328343,0.7427787738713,0.1714535333047,0.2994234247109,-0.2844985973205,0.2886009934125,-0.1784473502418,-0.0562344089039,0.5882894215417,0.6038824595997,0.4058268538476,-0.0874436421831,0.4309122392966,-0.0424555308312,-0.2617270229742,0.0738913723601,0.1274366802875,0.3099670284526,-0.1286180978143,0.0316213116194,0.1715104601821,0.1792539984919
