1.0000000000000,0.5248450768691,0.5943962492818,0.4202896342854,0.7632651783635,0.5527276639441,0.3775147180033,0.1117372085276,0.1705346068742,0.3450690761638,0.2103121099708,0.3793488739247,0.2642680691082,0.4495133827553,0.2947898396694,0.0467592269487,0.2518199985629,0.2626453839511,0.0094131667663,0.0807566079142,0.0939916990495,-0.1546221824136,-0.1912447066296,0.1328268493952,-0.3110413739493,-0.0417956838848,-0.1003675302219,-0.2067898806130,-0.2939446440906,-0.3004401679628,-0.0747224066673,-0.0996158495543,-0.0206719961609,-0.1796376197465,0.1619983181879,-0.0730929565012,-0.0877225350555,-0.1979266391286,-0.1327402852204,-0.3786971979119,-0.1617262202389,-0.0767748287973,-0.3781918903398,-0.3242863101594,-0.2556895620878,-0.2814051808799,-0.2352548428626,0.2440015877491,0.1680759980884,0.0116204726072,0.7378062350712,0.7636400248387,0.3917861816842,0.5881867717697,0.5895892266513,0.4203661661703,0.1949558649523,0.0769053170895,0.2826244573095,0.1397482001955,0.3796724089630,0.2102740742564,0.2596321479020,0.3619075371185,0.4875544412522,-0.2538562930323,-0.0030098184744,0.3602340660766,0.0468656247823,0.0756323281417,0.3079446638724,-0.0948983297892,0.1312594639410,-0.1550445174764,-0.1306517517230,-0.1611618048840,-0.3257585845784,-0.1664527930256,-0.2734268882853,0.1397262962843,0.0766712200530,-0.0020116050417,-0.3124436687819,-0.4315550156984,-0.3183161936721,-0.0895517608362,-0.1670235799473,-0.1313673322783,-0.5482817587738,-0.4473585621887,-0.1412076153192,-0.3014982053615,-0.3644222154619,-0.2613726820604,0.0183310073901,0.2389738072470,0.1331817594416,0.0116504285536,0.0227732698861,0.0534613054088
0.5248450768691,1.0000000000000,0.5543548220006,0.5404718385342,0.2394725242916,0.4189695674909,0.5018834008294,0.1326819636065,0.1799124157095,0.3596535795972,0.1076255921090,0.4685717796317,0.4073032942189,0.7167855789152,0.6322446921447,0.1749566828976,0.3393775171462,-0.1112035013770,0.2020148528488,0.0536018595986,0.2688881177530,0.0117080442415,-0.1094057355944,0.1637710888560,-0.1524713796607,0.2141917350599,-0.1162747390082,-0.0649715022033,0.1388394081110,0.2547026537187,-0.0239089179934,0.0753382530636,0.1709512751648,0.0010133836341,-0.0114631791670,0.2751226983772,-0.0560968213840,0.0642099092801,-0.0745505539839,-0.0954029615119,0.2279201056809,0.1212978502730,0.0432186767666,0.0840278269580,0.0980971955122,-0.2255569320172,-0.0156916436580,0.0016533584051,0.3290596623850,0.2011893511038,0.2290944761294,0.7285763610815,0.4069623363368,0.3722612528080,0.4009816119517,0.2665696731951,0.0430397159880,0.0136263662220,0.1552400626866,0.2517516107996,0.0542860374112,0.1440142196345,0.0786095070982,0.1668393708225,0.6344458696895,-0.1168902727116,-0.0115785362923,0.1881846521945,0.0346586769256,0.0069148336329,0.2492155862211,-0.3230061412099,0.1101848846444,-0.3520630869889,-0.1048248798420,-0.3573461253200,-0.3967312406316,0.2293220437369,0.1961797117399,-0.0345277329953,-0.2970768258182,-0.0998036848531,-0.0362489460488,-0.1767554496916,-0.3619007286739,-0.1941843249521,-0.2215479737999,-0.1031406852966,-0.3947735988735,-0.2605072110346,-0.1283813892878,-0.3032588002344,0.0638796953752,-0.2178572988814,-0.4350519189180,-0.0775159262490,0.2763161362812,0.1074841213829,-0.0913421508875,-0.1029541022207
0.5943962492818,0.5543548220006,1.0000000000000,0.5525527687718,0.5250472310601,0.7893826373179,0.5308733111677,0.1845467684146,0.2602037812901,0.3798062936996,0.1562269532528,0.4005486241873,0.3289933252856,0.2433982692188,0.5336233089295,0.1949919613188,0.3051513024408,0.0043055595257,0.0212563335150,0.2037352439352,0.2090957318059,-0.0520608473323,-0.2532771205252,0.2395960904610,-0.2117012865058,0.2411678954693,0.0385304762393,-0.0400696999732,-0.1417435179443,-0.0184701442968,0.1189386398963,0.1698655452414,0.2356921159492,0.0013468588484,0.1444597787030,0.2025504308306,0.0649544555677,0.2554525472004,0.1399109685866,-0.1694834508450,-0.0470674966236,0.1355972818262,0.0396781948585,0.2033083310740,0.1888920223167,-0.4641535868008,-0.0906089137451,0.4099844199503,0.2803612505573,0.2388760240973,0.3035818614567,0.6866982740985,0.2605733155782,0.8321938586976,0.5631517785804,0.2110019563442,0.0595117913440,0.0207296053543,0.2737913379977,0.3439073394077,0.1594804365640,0.2642338763897,0.0832381813064,0.2052497520037,0.2348838985880,-0.2194853934235,-0.1584642478282,0.1874009039448,-0.0355865557549,0.1052392961120,0.1333485298506,-0.2029869303206,0.1701836192022,-0.3214695871086,-0.1181789718934,-0.2781156199417,-0.2545590575817,-0.0584307096249,-0.1150436568043,0.0571466382940,-0.2475565842865,0.0550940383640,-0.2856560371873,-0.4275429236021,-0.3049164387098,-0.1706742160618,-0.1427801774532,0.0045365826982,-0.4874630431771,-0.3263596662392,0.0709877176858,-0.2940100802540,0.1351604715325,-0.3100055915818,-0.2512245747071,0.2342493654308,0.0270661180882,-0.0738620811567,0.0519522416407,-0.0890408674304
0.4202896342854,0.5404718385342,0.5525527687718,1.0000000000000,0.4794682007171,0.5792915841827,0.7211047555950,0.4831647903522,0.4748588587683,0.4016825305266,0.3718989452947,0.4992855623940,0.6211701660374,0.1884220525499,0.5056602482762,0.6374883197485,0.6427725621181,0.3431187858073,0.2595500947533,0.5236043724239,0.4700409127389,0.0003012769050,0.0066370384166,0.4543808176930,-0.1515145747067,0.2960624855730,-0.0210659532920,0.0359662302241,-0.1582299154338,-0.0846422719743,0.4138760735340,0.2884579532518,0.4173735441613,0.0733866946608,0.4496689291941,0.4239211739835,0.0238868058418,0.3088917190573,0.0365592757681,-0.1165194342425,-0.0360367944500,0.2380017986278,0.1378340822564,0.2430774133620,0.1143541287941,-0.2389575110099,0.1069010711123,0.0774253467034,0.0664659826363,0.2204298280075,0.1076987683632,0.5813474251640,0.6990075218054,0.5230382146579,0.5365532509148,0.6023422319568,0.2358741336447,0.1012730635424,0.4453361590260,0.5184190616016,0.1117260369161,0.2633438841442,0.1582411060320,0.3932659865372,0.3998052421745,-0.1743224847331,0.2167465280192,0.5082714876885,0.0874721384521,0.2948436510448,0.4426335737564,-0.2184755577610,0.3904591575525,-0.3038713744932,0.1408651402574,-0.4519124811285,-0.0350741752167,0.0044041926052,-0.0669381845305,0.3952833942183,-0.1149243427113,0.2759874000550,-0.4092471372735,-0.2185395749010,-0.5249315962753,0.0457476630048,-0.0976610644173,0.2648182783526,-0.3323273728940,-0.5018414622173,-0.0357038154869,-0.2532508459435,0.0468986323194,-0.3255749715319,-0.1510235075957,-0.0431197710344,-0.1044114122433,0.0098943189162,-0.0249221037302,0.0262446675545
0.7632651783635,0.2394725242916,0.5250472310601,0.4794682007171,1.0000000000000,0.7204149832761,0.4830262242809,0.2247813084389,0.3012233803815,0.3430696344128,0.3454031055473,0.3711353996507,0.3587563491148,0.1625272841508,0.2373826033989,0.1985803161997,0.3492160871997,0.4377412856546,0.0649823176677,0.2620814161877,0.1260006942299,-0.1187751255076,-0.1981849363362,0.3032195303652,-0.2669923208878,-0.1366697302079,-0.0696777172744,-0.1810879176084,-0.4382630990348,-0.4135068504899,0.0763994052426,-0.1145910721293,0.0733535001204,-0.2881624785472,0.3064549049938,-0.0222803659094,-0.0879841259806,-0.1157698968706,-0.1226472088999,-0.4031743309963,-0.2885770481078,-0.1231428579666,-0.3440758785179,-0.2961275157659,-0.2506613038658,-0.3143443658883,-0.3376803412771,0.3794608019515,0.1603434723879,0.0250580429983,0.7319450169605,0.6125254338072,0.4632832350338,0.6838482301638,0.7579069106287,0.4698031299879,0.3827838540999,0.1979587994880,0.4237126233965,0.2375723159901,0.4182520955444,0.3941778160026,0.2843028031814,0.5058041528642,0.3906355229993,-0.2549761955442,0.1105120510187,0.5288588763806,0.1153618364235,0.2688086869306,0.3587737573737,-0.0027608917868,0.2961416338615,-0.0667318658568,-0.0145485016261,-0.1017214348036,-0.1572236015820,-0.2635160384936,-0.4011614449790,0.3537032771169,0.0549062405288,0.1831177719485,-0.4436830814479,-0.4227746804550,-0.2692570283256,-0.1496777584129,-0.1888034454608,-0.0357951722983,-0.5160416279766,-0.3779187851150,-0.1672479763247,-0.2858714096821,-0.3620856703836,-0.2845311369329,0.0598426165003,0.3435246111817,0.0424609742270,-0.0643684125441,0.0717234827851,0.0937092186821
0.5527276639441,0.4189695674909,0.7893826373179,0.5792915841827,0.7204149832761,1.0000000000000,0.7068094767070,0.2076001585017,0.3330356192206,0.3589942459080,0.3075711868429,0.4219293353330,0.4289462209044,0.1848154184662,0.5752287960927,0.2821599952589,0.4332717255703,0.2188247937332,0.0630894664806,0.2868867791545,0.2299998436379,-0.0569431249692,-0.2124114890987,0.3697504957146,-0.2266239702520,0.1169154611004,0.0189736264970,-0.1696374010730,-0.2188450536183,-0.1423553077722,0.2402907198258,0.1212639199440,0.2653848020158,-0.1551369074630,0.3184021824563,0.2093014601272,-0.0144418801882,0.1376441292528,0.1534174865035,-0.2411818656974,-0.1356997795191,0.0057982583809,-0.0251968940461,0.0332421214519,0.1020553975231,-0.4248990849430,-0.2415846711066,0.5688453117256,0.3115856316023,0.2376754606391,0.4358933539269,0.6021104524986,0.4551381621094,0.9174579070740,0.8410810673190,0.4115199889014,0.2670847640470,0.0601777051814,0.3303415532147,0.2889074401381,0.2348233385416,0.3247497119836,0.1474724884489,0.3867518073924,0.3278543524012,-0.0783114067474,-0.0214856329540,0.3821991389317,0.0193025965311,0.2200995270622,0.2439905637624,-0.1876772518133,0.3063930284828,-0.2459090091038,-0.0724318696404,-0.1794741748768,-0.1674648280879,-0.1593537658278,-0.1668045806112,0.2744957066806,-0.2074445945487,0.1453845976865,-0.3349189361907,-0.3432871556289,-0.2594132226995,-0.2883880360542,-0.2369261202343,0.0512425097549,-0.4504011458761,-0.2998094110467,0.0366658547262,-0.3174085607953,0.0059431861970,-0.3276569887214,-0.2470035874800,0.4201766645013,0.0777616058479,-0.0531024519846,0.0330541482363,0.0739521469795
0.3775147180033,0.5018834008294,0.5308733111677,0.7211047555950,0.4830262242809,0.7068094767070,1.0000000000000,0.1150802938984,0.3819423778123,0.3034304356597,0.2188114661033,0.4338603059127,0.4187603387013,0.3575040470129,0.6541478962476,0.4793400373656,0.5009074973563,0.2647890916190,0.0999695506635,0.1965263588488,0.2908883845062,-0.0047898674045,0.0000729640017,0.5479845617814,-0.2969674803672,0.2104162020287,0.0283063537730,-0.1747952460428,-0.0019057040239,0.0168017689549,0.4535224240411,0.1335535470307,0.2117277747105,-0.0518559554300,0.3737059952979,0.4119768825934,-0.0442339125552,0.0525946584679,0.1502932008053,-0.0549770736226,0.0161841985252,0.0595260570300,0.0752962900022,0.0473605196759,0.0429488941967,-0.3307433897160,-0.1182485253718,0.1919400584733,0.2057357968317,0.2177929128676,0.3512743723743,0.5621855082007,0.7453819934968,0.5730083895499,0.7596336199310,0.6031080735860,0.2617063134632,-0.0759496951062,0.3327237733986,0.2138978676253,0.0603827774477,0.2762925615285,0.0471958886260,0.2855173787152,0.4758479133234,0.0086558695548,0.1344093831700,0.5447647879115,0.0307696956503,0.1096769115085,0.2764559231309,-0.2375698955161,0.4107193446912,-0.4964385304231,-0.0166728307770,-0.0809128477223,-0.2351825880728,0.0491363360180,0.1184033853543,0.5037399271376,-0.3705524804258,-0.0533866697948,-0.2753572996791,-0.1184043548750,-0.3760029245740,-0.3834594195472,-0.2700887200009,0.2023781972821,-0.3657251376214,-0.3747833220612,-0.0329095180458,-0.3529727883356,-0.0106919400451,-0.3209720361455,-0.5319748353316,0.1071200674420,0.1369403731288,-0.0527432313048,0.0602466465553,0.1362760710171
0.1117372085276,0.1326819636065,0.1845467684146,0.4831647903522,0.2247813084389,0.2076001585017,0.1150802938984,1.0000000000000,0.7393986874787,0.2141807906889,0.1102749911798,0.1476990898545,0.5056005337392,-0.1136347512875,-0.0577236595179,0.6008978202421,0.3515854222523,0.4352216340705,0.5726609758947,0.8284004459219,0.2528002743269,0.0168275966430,-0.3789594571960,0.2337657212249,0.4048256644698,-0.0427833887315,-0.3144240681623,0.3395051979409,-0.1040986171152,0.0316985530647,0.2219130639742,-0.0277167183586,0.2769760041018,-0.2046144249295,0.3570152269837,0.2634585788130,-0.1714683158962,0.4492744394189,-0.2266214737565,-0.3781764635196,-0.0755206006850,-0.1078074587424,-0.0489607954831,0.2294019392201,0.2708009804590,-0.0689748058333,0.0621946328114,-0.0959635452260,-0.0788007481524,-0.0902098862268,-0.1736421669591,0.1843691638066,0.1474758809791,0.1820824214923,0.1563594865138,0.1825205168137,0.5510535286618,0.7412208507776,0.6791979365349,0.8582877697270,0.0894017313589,0.0697514402328,-0.0678619431518,0.3405401599477,0.1399486483750,-0.4364042900286,0.3846536615458,0.2928583041258,0.4255203433569,0.7904577568142,0.3880658181612,-0.3153980627405,0.2510282325349,0.3410493520314,0.5274940350507,-0.5578796429047,-0.0262696055097,-0.1997703033753,-0.1082246947123,0.2328359781295,-0.0988901340742,0.3858382636949,-0.3169715329829,-0.1359837935890,-0.0459737002875,0.1735603116955,-0.1364949690809,0.2949231043342,-0.2088765996936,0.0589128780815,-0.1829121426427,-0.2389090884466,0.0471934184351,-0.0500932922939,0.2529857573537,-0.1213923469696,-0.2200288931752,0.0605774168367,-0.3872283183244,-0.2173320336940
0.1705346068742,0.1799124157095,0.2602037812901,0.4748588587683,0.3012233803815,0.3330356192206,0.3819423778123,0.7393986874787,1.0000000000000,0.2256894152071,0.1828343595301,0.3399825647685,0.5104323451610,-0.0227132243210,0.1832603185308,0.6041513065757,0.4621275160256,0.5060417041581,0.4741579145351,0.7429589387618,0.3435865961055,-0.0320400483617,-0.2661588409922,0.6040533733739,0.1790226551876,-0.0326107170657,-0.0718716276889,0.0411348962443,-0.1332938074737,-0.0765882324305,0.3891089998562,-0.0289559380766,0.2788631122464,-0.2740150800467,0.3380803732401,0.4347623828662,0.0206065761494,0.3485512682633,-0.0549808319633,-0.4042201129643,-0.2007046905488,-0.1173254082322,-0.0623696144570,0.0999013987857,0.1659102647427,-0.3001487205111,-0.0962198597287,-0.0366043876585,-0.1089678052304,0.0999692437648,-0.0003840354901,0.3260256178511,0.2930258515511,0.2335021964122,0.3439918647691,0.2376017291550,0.5611811639733,0.5548092845000,0.8357713339974,0.8435697310794,0.0937979081768,0.3175826368643,0.0146876272925,0.3771267533910,0.2819371203196,-0.3082950843646,0.3618939199518,0.5353707964234,0.4996205405141,0.7035289611385,0.4446565875715,-0.2443921212935,0.6049608229906,0.0967478989029,0.4244546528546,-0.2809274783091,-0.0666500701214,-0.2745508499798,-0.1265519965105,0.5253222164107,-0.2612305224350,0.2813591950995,-0.4365418799421,-0.1211838976288,-0.0973516895859,-0.1738831287075,-0.0462801043290,0.4386030136562,-0.2736836200284,-0.0039468695556,-0.1176460169218,-0.4165640824605,0.0091085814175,-0.2138960193011,-0.1040760396737,-0.0588817220236,-0.2171610426354,-0.0654390624693,-0.1791161587605,0.0321299724490
0.3450690761638,0.3596535795972,0.3798062936996,0.4016825305266,0.3430696344128,0.3589942459080,0.3034304356597,0.2141807906889,0.2256894152071,1.0000000000000,0.1388156527770,0.6772526989302,0.4420315467661,0.3208219199125,0.3183770454338,0.2097700975480,0.2197371451989,0.1080166648244,0.1660884471754,0.2264199408846,0.3436158933851,0.2740643730475,0.0605869514852,0.2868755020105,-0.0811092463190,0.2576235805680,0.2670172786402,-0.1581031286676,-0.3061483507408,-0.0195441230662,0.1176983350897,0.2989211782430,0.4612322887820,0.0184401795483,0.1394031228878,0.2930589215619,0.1754270187196,0.0875164395279,0.0639433117937,-0.0675079641539,0.1201650060239,0.2762023306282,-0.0097829607946,0.1515390824037,-0.0232507110291,-0.3365181895128,-0.0228422587772,0.0961752547011,0.3804231667190,0.3917265527186,0.1472181108922,0.3694578127134,0.1460319750103,0.2584156099522,0.2948380414470,0.1436186278128,0.1701595411542,0.0364206189841,0.2130918170282,0.2521570993325,0.6830071346880,0.1140832518774,0.2486994388983,0.2511585937344,0.2169455168089,-0.2001818243318,0.0158598016821,0.1826236820348,0.1765813634659,0.1964367531102,0.2215821344077,0.2027959647758,0.2024615393547,-0.1370429786617,-0.0313097802799,-0.3202878781604,-0.1091011036200,-0.0669880496988,-0.1588250073238,0.0633266684167,0.0312358569412,0.2733737880543,-0.1439457525781,-0.1684630698626,-0.3661379220875,-0.0693848460763,0.0673895995084,0.0078986236797,-0.3709481312580,-0.3182907349082,0.0964002890115,-0.1896329501093,0.0577579140948,-0.4587460498353,-0.1560509811036,0.0075061502244,0.0802370516618,-0.1308231425314,0.2903551847810,0.0920502484476
0.2103121099708,0.1076255921090,0.1562269532528,0.3718989452947,0.3454031055473,0.3075711868429,0.2188114661033,0.1102749911798,0.1828343595301,0.1388156527770,1.0000000000000,0.4845780990904,0.4020374307422,-0.1021669524876,0.2330887353229,0.0858944582584,0.4662324621683,0.3123106297803,-0.0997930634308,0.2791124511362,0.4139143379057,-0.0278346177416,0.3173870746484,0.3286499421965,-0.2559024015848,0.1990776908550,0.0476278756112,-0.0347768644449,-0.1476297186873,-0.3186730657326,0.2179799072672,0.2357077181885,0.2387760249854,0.0289148608301,0.1361802678174,0.1297550398456,0.1511593216939,0.1227864767839,0.1329279917586,-0.0230333638574,-0.2257550548283,0.0414764991514,-0.0121546619076,-0.0461714007582,0.0301824456068,-0.1040463107645,-0.0660116142307,0.3278450155741,-0.0212032196984,0.1214613913184,0.0947232376149,0.2174858895855,0.2805331817311,0.2883831207902,0.2776640868879,0.2427594700261,0.0975987652159,-0.1649900104335,0.1011895231651,0.1367758409341,0.1680099658170,0.5963542288295,0.4444509390117,0.4290080121053,0.2130560846356,0.1417697527664,-0.1496394373279,0.4319488567300,-0.1293637260307,0.0218898541652,0.4482567882967,0.1221838496755,0.4203006954597,-0.1752837258401,-0.0721141576745,-0.0548117239469,0.2849855147346,0.1021644302449,-0.1312912617635,0.2492793519474,0.0859401269852,0.3292645475076,-0.2910375209442,-0.2065067634522,-0.2953559714944,0.1029966409830,0.2467347287786,0.1688933839777,-0.0669046542441,-0.2723708569975,0.1383059954966,0.0403081088632,-0.0857943114858,-0.0840769273578,-0.0040841851067,0.2431792949369,-0.0629780066999,-0.0300493906290,0.0712796142243,0.2504623114844
0.3793488739247,0.4685717796317,0.4005486241873,0.4992855623940,0.3711353996507,0.4219293353330,0.4338603059127,0.1476990898545,0.3399825647685,0.6772526989302,0.4845780990904,1.0000000000000,0.6692250782290,0.3292712569755,0.4809905401955,0.1454409032306,0.4888708929058,0.2025025957807,0.0513585409631,0.2486508715643,0.5868694649157,0.0634141778413,0.3068150581915,0.4684182063603,-0.1994492292884,0.3011598457800,0.2281344292538,-0.2262374191336,-0.1581207229090,-0.1529645531043,0.1336966074862,0.3110580143578,0.5055314791813,0.0058582746793,0.0354644038612,0.2924143911430,0.1197307458236,0.0686278333837,0.0157270829929,-0.1577523111666,-0.0972448885127,0.1503926521980,-0.0650900318235,0.0366718260585,0.0112821050375,-0.4126907123583,-0.0940127313141,0.1442961483059,0.1244447529281,0.4269180112919,0.1911439939311,0.5439787490321,0.3478326560530,0.2952961309022,0.3955594430706,0.2274418555197,0.2390081711108,-0.0333520448238,0.3117022000261,0.2830565659843,0.4519643219542,0.5303951393436,0.5806903360781,0.5224300183569,0.4614953657373,-0.0613996114929,-0.0680703140891,0.4882012068066,0.0601577840441,0.1370147711389,0.5190663605061,0.2368459734360,0.4438323865715,-0.2888144912237,-0.0155332233596,-0.0728132659487,-0.0164927245901,0.0277238178707,-0.1291572111271,0.2722048643097,-0.0735130976559,0.3407497498145,-0.3449675539870,-0.2385213207509,-0.3470207167737,-0.1977801696941,0.0573429307818,0.0541328327586,-0.3246002271164,-0.3400974422187,0.0055115070085,-0.3065905098324,0.0188913390440,-0.3829904144236,-0.3172689748861,0.0508223018144,-0.0321640198846,-0.1312716811223,0.2650472702949,0.3133334973748
0.2642680691082,0.4073032942189,0.3289933252856,0.6211701660374,0.3587563491148,0.4289462209044,0.4187603387013,0.5056005337392,0.5104323451610,0.4420315467661,0.4020374307422,0.6692250782290,1.0000000000000,0.1393896441980,0.3902494179341,0.3286242992332,0.7506527051785,0.3555862653532,0.2219637769112,0.5853831874520,0.5843671688583,0.0343054437164,0.0319131138123,0.3756526165519,0.1050982585935,0.1775115417286,0.0944000635480,-0.0684007372500,-0.1954692602840,-0.1211579355964,0.2230211931801,0.3020482334871,0.6208849500960,-0.0572616566119,0.1064039473483,0.2246105809043,-0.0801829262219,0.2914733762719,-0.1660923470962,-0.2919107834060,-0.1146284489825,0.1413431587382,-0.0624509606448,0.1961114225008,0.1283378093925,-0.2001183528669,0.0494718954448,-0.0085840497536,-0.0566628685128,0.3462398825750,0.0384417606268,0.4548072809271,0.3949204567273,0.3141120460079,0.4355174533683,0.3320399304990,0.4240602815661,0.2553322942969,0.4751098419799,0.5218395409165,0.3288220921897,0.3709534194499,0.4334832806844,0.7942970746835,0.4067389459084,-0.1960291768062,0.0879514585319,0.5706330391062,0.0980403775246,0.4156540358907,0.5862612899240,-0.0487598258915,0.3617954833716,-0.0348954573660,0.1633756531453,-0.3057766576558,0.1146521887342,-0.0969494278415,-0.1698925892772,0.3120239571687,-0.0413575308223,0.5660113737555,-0.4305206617273,-0.2444471468238,-0.2990429294587,-0.0410938505771,-0.1373730160448,0.0575533935389,-0.3144948848365,-0.2534677338550,-0.1641322675098,-0.3247967534240,0.0814797908385,-0.2904347538987,-0.0869228574906,-0.0622748131836,-0.1790081472673,0.0320443087928,0.0110006426930,0.1353061948735
0.4495133827553,0.7167855789152,0.2433982692188,0.1884220525499,0.1625272841508,0.1848154184662,0.3575040470129,-0.1136347512875,-0.0227132243210,0.3208219199125,-0.1021669524876,0.3292712569755,0.1393896441980,1.0000000000000,0.4277346000860,-0.0400589410132,0.1217485894666,-0.1820925774945,0.1085076612168,-0.2072660561693,0.0648694735208,0.2097140028723,-0.0214708668942,0.0542745297116,-0.1100747939289,0.0779034098033,-0.0390666877366,-0.1853432405639,0.0614090092737,0.3381476980787,-0.1431955173796,0.0055749670239,0.0296480454631,-0.1117271656280,-0.1434378578599,0.1582528835322,-0.1030288761950,-0.1264691935974,-0.1363253311727,-0.1107367386998,0.3188028635942,0.0674724806733,-0.1246606758974,-0.1023810455720,-0.0581298316118,-0.1769054102226,-0.0734544945940,-0.0608530857913,0.4785185310324,0.0855564880090,0.3347839957660,0.5326648809508,0.2946984342687,0.0848265671778,0.3309675212921,0.1327639963267,0.0581192223294,-0.0243160235151,-0.0087665713986,0.0027939065510,0.1712679413335,-0.0164226766786,-0.0458239603925,0.0070789802045,0.6230225158042,-0.0744137257760,-0.0224112869782,0.1109119803324,-0.0101917268046,-0.0788471592730,0.0880242641396,-0.0839233128255,-0.0569745575689,-0.2889419070119,-0.0809733190464,-0.1059299865314,-0.3841398345257,0.1865764865955,0.1862955057918,-0.0850359265429,-0.1858185911405,-0.2315942004645,0.2045941028984,-0.0144261507684,-0.1749350407384,-0.3400137772296,-0.2883816235404,-0.2409277945386,-0.3495362772667,-0.0922867217638,-0.1955882548432,-0.3606572115627,-0.0201856243994,-0.1604955690999,-0.4409389380879,-0.0460003168145,0.5697607574088,0.1417219659169,0.0295539937583,-0.0743468384509
0.2947898396694,0.6322446921447,0.5336233089295,0.5056602482762,0.2373826033989,0.5752287960927,0.6541478962476,-0.0577236595179,0.1832603185308,0.3183770454338,0.2330887353229,0.4809905401955,0.3902494179341,0.4277346000860,1.0000000000000,0.1508948403816,0.4459646005681,-0.0810260459109,-0.0664342136104,0.0268196383037,0.3180742564803,0.0389627009740,-0.0160414992973,0.3799807733871,-0.3182409034601,0.3367712395427,0.1179029412134,-0.1531730923143,0.0617750289446,0.1738095935125,0.2641792636963,0.2807418246170,0.2554285646912,0.1002671607264,0.0721881235788,0.3238995827837,0.1710478280905,0.2314996856985,0.3813523400724,0.0922230894102,0.2085426357095,0.2588245073717,0.3657884677000,0.2087500314078,0.2198576796468,-0.4069149008408,-0.0244064816515,0.3712535083540,0.3934437989336,0.4693029011796,0.1390581911825,0.4922608079787,0.3828115603771,0.4477293391460,0.5264080664083,0.2372785143541,-0.0138772727164,-0.1927683898951,0.1056339752984,0.1318271448668,-0.0123566655243,0.3116902176605,0.0182037649308,0.1317615837341,0.4396562546272,0.2668945842254,-0.1742685544302,0.2949830422279,-0.1318778222778,-0.0890167909201,0.1215526196298,-0.2898877074344,0.2859704670055,-0.5299835631081,-0.2993559962499,-0.1216597647959,-0.2552316465316,0.1696458864569,0.1331614494214,0.1362319216200,-0.4331152376047,-0.1183189294620,-0.0363508492338,-0.0892710685681,-0.3323344327028,-0.3341094338374,-0.1037185085583,0.1042333052645,-0.2362578676711,-0.2237149151829,0.2325998613262,-0.1995792508901,0.2178616672130,-0.3235742226715,-0.6441378855163,0.2822465419088,0.1789754082405,-0.0207370998075,0.1531951221869,0.0746383568994
0.0467592269487,0.1749566828976,0.1949919613188,0.6374883197485,0.1985803161997,0.2821599952589,0.4793400373656,0.6008978202421,0.6041513065757,0.2097700975480,0.0858944582584,0.1454409032306,0.3286242992332,-0.0400589410132,0.1508948403816,1.0000000000000,0.4152552271165,0.4149255673684,0.6739588713556,0.5331606224382,0.3313150859615,-0.0688037167319,-0.1325996168983,0.4427968069455,0.0944024055489,0.0602847666217,-0.0040192819826,0.0614880695665,-0.0924094237866,-0.0301006149426,0.5887550195099,0.1051835879324,0.3167992888154,-0.0067123949123,0.6778455753560,0.6921570272430,0.0245428745516,0.2231908689188,0.1083533951202,-0.1254012753445,-0.1701459864674,0.0609920484921,0.3345673192633,0.1303439410337,0.0935345923043,-0.1583615625696,0.0284394251976,-0.0223811560427,-0.0295335652037,0.1316843322635,-0.0846570153468,0.2074632654592,0.4370161951014,0.2060146086390,0.2458207584699,0.4076631757196,0.2422968992212,0.3348048125239,0.5591214711123,0.5853816968540,-0.0995657996731,0.0135720132690,-0.1029614184783,0.1258613378695,0.1479662048040,-0.1239719146121,0.7115305416678,0.3289763905315,0.6175130171008,0.4963506252166,0.2778937021154,-0.2595791383558,0.3383800225146,-0.0537226934916,0.4375109005166,-0.4560819076555,-0.0000361419975,-0.1195162263842,-0.1152986921823,0.5454031259741,-0.0656953338981,0.1974059627673,-0.3286559140994,0.2599045305149,-0.2781769284516,0.0452772005071,-0.0217435443315,0.5546770583865,-0.0236539210157,-0.1985790596626,0.0460574758106,-0.1975073120694,-0.0605575992147,-0.3137928621101,-0.0960830704093,-0.0702450561145,-0.2548669608013,-0.1697736608662,-0.2257066617976,-0.0777894996402
0.2518199985629,0.3393775171462,0.3051513024408,0.6427725621181,0.3492160871997,0.4332717255703,0.5009074973563,0.3515854222523,0.4621275160256,0.2197371451989,0.4662324621683,0.4888708929058,0.7506527051785,0.1217485894666,0.4459646005681,0.4152552271165,1.0000000000000,0.5151740971693,0.2068091199571,0.5659322323959,0.6428720115942,0.0012940756588,0.1319313931220,0.4743488574575,-0.0824701377226,0.1621912523099,0.1913286822034,-0.1806614051472,-0.2732627852257,-0.1987588269417,0.4807850374602,0.3144906102505,0.5083024207386,-0.0186572770070,0.2221498109924,0.2943179688815,0.0847369226265,0.3407850484985,-0.0064466165251,-0.1730617027428,-0.2217398576212,0.0622492000290,0.0832845676922,0.0593469311213,-0.0131173845199,-0.2404112478467,-0.0348244293810,0.1370705515314,-0.0413666013012,0.2009281051541,0.0886694184452,0.4602009168565,0.5397890705276,0.3430477628285,0.4909973929960,0.4643715070408,0.3255560516897,0.1374614443515,0.4178404721595,0.4185247127436,0.0929686303624,0.3776658446899,0.2609415395258,0.6240237854704,0.3754742546608,-0.0506190347971,0.1834008919249,0.6736831034595,0.0910567521442,0.3510385399466,0.5367280365853,-0.0615132293250,0.4013734854464,-0.0941715246717,0.1155960052939,-0.2447226709289,0.2365207153436,-0.1208550768020,-0.2401248012053,0.4772325458644,-0.0003148224958,0.3971985661403,-0.4745850593170,-0.1173328814415,-0.3958176117743,-0.0846778588725,0.0111571494389,0.1533463784539,-0.2257126039738,-0.2759015230188,-0.0356057322527,-0.2543315304874,-0.0396466641987,-0.3557589508225,-0.2091548334110,0.1140780000000,-0.1930432058911,-0.0472417511392,-0.0946773748953,0.0904454649548
0.2626453839511,-0.1112035013770,0.0043055595257,0.3431187858073,0.4377412856546,0.2188247937332,0.2647890916190,0.4352216340705,0.5060417041581,0.1080166648244,0.3123106297803,0.2025025957807,0.3555862653532,-0.1820925774945,-0.0810260459109,0.4149255673684,0.5151740971693,1.0000000000000,0.1930782044171,0.5605532277697,0.3055183857294,-0.2108244669838,0.0107425011178,0.4415256115354,-0.0512300208265,-0.1871413473615,-0.0088759199283,-0.1846515269956,-0.3422916706351,-0.4724916733394,0.4664963285139,-0.0854024538587,0.1085090592862,-0.3814298328371,0.4852131571599,0.0470196502489,-0.0286123957813,-0.0045248691543,-0.0370996449055,-0.4160727669051,-0.4670646908552,-0.2911204907704,-0.2372025451700,-0.3719359381890,-0.2190348802540,-0.1968709714506,-0.3069614393391,0.1670742628902,-0.2809925739791,-0.0907936582043,0.2981626390230,0.2619815484439,0.4646815636301,0.1760423966836,0.3480437812241,0.5423742265296,0.5395894397627,0.2852083170293,0.5481125154543,0.2815738301207,0.1924231078805,0.2635591330564,0.2178766586288,0.5054952856691,0.1916313058133,-0.1064463533733,0.4026342483494,0.6864157403358,0.2751460227310,0.4852569940092,0.4604346052806,0.0337947355035,0.4592651664590,0.2019801381517,0.2570549318781,0.0354895131448,0.2045164167680,-0.3610025911401,-0.3562401730026,0.6912681671286,0.1020708431576,0.2618566092783,-0.5777528864386,-0.0715539563665,-0.1069122749311,-0.1512633122224,0.0552528428753,0.3132309405345,-0.1458234539995,-0.1350678740080,-0.0212580383833,-0.2460201370385,-0.4790989140208,-0.3201772986684,0.1054878439131,0.1782868973086,-0.3217985068119,-0.2337434814389,-0.1878310273947,0.1945346790337
0.0094131667663,0.2020148528488,0.0212563335150,0.2595500947533,0.0649823176677,0.0630894664806,0.0999695506635,0.5726609758947,0.4741579145351,0.1660884471754,-0.0997930634308,0.0513585409631,0.2219637769112,0.1085076612168,-0.0664342136104,0.6739588713556,0.2068091199571,0.1930782044171,1.0000000000000,0.3458203390125,0.1805656253317,-0.0560588964788,-0.2325868354277,0.1324256626612,0.3395873390388,-0.2331887474135,-0.1048022861919,0.0009464783903,-0.1060312078325,0.0137284862573,0.0293079725171,-0.1967170747180,0.1619801525142,-0.0982811081950,0.3125455314165,0.5255093338069,-0.0942652296490,-0.0066501754815,-0.2348647139309,-0.2339789083132,-0.1769015724904,-0.1282831177808,0.1219711970021,-0.0982828741636,-0.1313080202710,-0.0600075383106,-0.1124143518904,-0.2243020449623,-0.0175483594692,0.0119034526894,-0.0421462915127,0.1608238929689,0.1920507836459,0.0176910526339,0.0773755475115,0.2029738690071,0.2892535428501,0.6057378648527,0.4570616849644,0.5534824312052,0.0188965381944,-0.1382147346738,-0.0631437841102,0.1302539629851,0.2415858771104,-0.1994967588641,0.8185779667225,0.1309253480423,0.8180617372677,0.5425904368274,0.2654680100996,-0.1577118317884,0.1050768120103,0.2823354105729,0.5197169694679,-0.5315660305323,-0.0551088221867,-0.0877805069593,-0.1724817003375,0.1352932891081,0.0053064749348,0.1571933735170,-0.1507599579167,0.3452232334145,-0.1617451953947,0.0619800482791,-0.0744210148355,0.1217361536830,0.0941719526104,0.0167240640166,-0.2089315297963,-0.1612461378418,-0.1968189308463,-0.2018968532165,0.0729807486984,-0.2148818496442,-0.1176987465852,-0.0726001008314,-0.3312884853980,-0.1210808163448
0.0807566079142,0.0536018595986,0.2037352439352,0.5236043724239,0.2620814161877,0.2868867791545,0.1965263588488,0.8284004459219,0.7429589387618,0.2264199408846,0.2791124511362,0.2486508715643,0.5853831874520,-0.2072660561693,0.0268196383037,0.5331606224382,0.5659322323959,0.5605532277697,0.3458203390125,1.0000000000000,0.3885264887730,0.0263866085160,-0.1473502079193,0.4235199750226,0.3232486071492,0.1318247712566,-0.0468849478676,0.1684108851755,-0.2117666414906,-0.1164755807088,0.4578762246943,0.2230113328371,0.4561838439863,-0.1705182134154,0.3717064039275,0.2972948314546,0.0207923586715,0.5838884477920,-0.0274157588154,-0.3314092858873,-0.2024469225134,-0.0691353669381,-0.0177072010867,0.2571998687899,0.2665045636102,-0.1730128411546,0.0336867992593,0.0592304361696,-0.1387072021064,-0.0093078566772,-0.1577584082510,0.1821246192222,0.2229297265165,0.2494034329347,0.2409719295116,0.2452764049437,0.4757541000363,0.4603875863959,0.5854414996457,0.7613779825109,0.1127166851530,0.1934216941774,0.0832826269882,0.4400499013506,0.0850289553092,-0.2940772864082,0.2216825168533,0.4311499275920,0.2617845023418,0.7740318674740,0.4215116717263,-0.1449247440872,0.4318482400481,0.3023946183315,0.4291267791239,-0.4176466625372,0.2273621263991,-0.2752250083076,-0.1858457112094,0.4127595566024,-0.0020461973260,0.5517384656467,-0.4204330177194,-0.1730357576580,-0.1122221908943,0.1179277290703,0.0761649001144,0.3738387258994,-0.1941196314575,0.0096365052914,-0.0111673920072,-0.2387907573946,0.1062848050260,-0.1705385902124,0.1515258298381,-0.0007094171325,-0.2836019450485,-0.0287838532273,-0.2740615270507,-0.0588565492944
0.0939916990495,0.2688881177530,0.2090957318059,0.4700409127389,0.1260006942299,0.2299998436379,0.2908883845062,0.2528002743269,0.3435865961055,0.3436158933851,0.4139143379057,0.5868694649157,0.5843671688583,0.0648694735208,0.3180742564803,0.3313150859615,0.6428720115942,0.3055183857294,0.1805656253317,0.3885264887730,1.0000000000000,0.0818013640136,0.2430238143663,0.4987115719108,0.0225892829218,0.2713599281029,0.1967789431745,-0.0766461156743,-0.1091086294423,-0.0822423329338,0.3934570981107,0.2449250840760,0.4432511068755,-0.0656274898583,0.2390295092259,0.3576557984613,0.1355650523924,0.2063715187202,0.0611330730922,-0.1675324630242,-0.1625086281630,0.0992100044198,0.1486919420072,0.0991885108931,0.1185606555830,-0.2335821474002,-0.0511517384616,0.0407354967355,-0.0450617354786,0.3812673722734,-0.1109090926177,0.2382790688382,0.2256910299503,0.1703673739722,0.1794710531868,0.1534107253424,0.1655466439725,0.0698907376957,0.3123441806218,0.3449025593471,0.1256751709373,0.4169514286162,0.3525920957745,0.3857576926053,0.2033470646896,0.0124542197658,0.0613712184782,0.4328653286137,0.2019033574403,0.2230677932202,0.6541522166118,0.1940546364879,0.4240741307971,-0.0045065216239,0.2864595550468,-0.1427386999448,0.1198149140258,-0.0560367108614,-0.1440886464105,0.3849494939635,-0.0339195924599,0.3912741581688,-0.3871525655397,-0.1335934256380,-0.2022864842103,-0.0772522928619,0.1827956348833,0.3322416875445,-0.0380650627719,-0.1564610638207,0.1212395398995,-0.2770709376775,-0.0005591972594,-0.3046685934261,-0.1841373113456,0.0175596691965,-0.2443273346872,-0.1842386154344,-0.0150736214547,0.3156846765144
-0.1546221824136,0.0117080442415,-0.0520608473323,0.0003012769050,-0.1187751255076,-0.0569431249692,-0.0047898674045,0.0168275966430,-0.0320400483617,0.2740643730475,-0.0278346177416,0.0634141778413,0.0343054437164,0.2097140028723,0.0389627009740,-0.0688037167319,0.0012940756588,-0.2108244669838,-0.0560588964788,0.0263866085160,0.0818013640136,1.0000000000000,0.0620745268032,-0.0220480764734,0.1106569402198,0.1584089807563,0.0433255234114,0.0804080899016,-0.0288568167466,0.3379609161256,0.0494877862542,0.2291038263367,0.1433803502695,0.1043612630140,-0.0706161437939,0.1159083748877,0.0762840480829,0.2200548300601,0.1033877473085,0.1529718529245,0.5199013463281,0.2348000829311,0.0768869219128,0.2718269790849,0.1561783857435,0.2443024997377,0.3172284148503,-0.0713660867572,0.3675650334513,0.0183474791307,-0.2535081541212,-0.1703886644485,-0.1272864578083,-0.0794570234740,-0.0264214439315,-0.1841943740064,0.0321620910052,0.0101906873013,-0.0796396526937,0.0847935731738,0.3376758982325,-0.0460401331407,-0.0989171046435,-0.1102619313791,-0.1144751162677,-0.0297497099426,-0.1979629199627,-0.0734975085014,-0.0990707859968,0.0263189625901,-0.0163289523358,0.2091667616115,-0.0748867480555,-0.0043901135240,0.1363042970160,-0.1641337138887,-0.0515734751023,0.0209842629014,0.1369069157677,-0.1666516936133,0.0389641856132,0.0881524027752,0.3475483048743,0.0042071492454,-0.0009748861238,0.0571632242086,0.0098181486599,0.0095934258598,-0.0348545679488,0.0425530660853,0.1043200600063,-0.0215117832365,0.2531218463623,0.1716042440028,-0.0166684039873,-0.0462211566852,0.3704148288305,0.5074281241334,0.0887890906178,-0.0998893092544
-0.1912447066296,-0.1094057355944,-0.2532771205252,0.0066370384166,-0.1981849363362,-0.2124114890987,0.0000729640017,-0.3789594571960,-0.2661588409922,0.0605869514852,0.3173870746484,0.3068150581915,0.0319131138123,-0.0214708668942,-0.0160414992973,-0.1325996168983,0.1319313931220,0.0107425011178,-0.2325868354277,-0.1473502079193,0.2430238143663,0.0620745268032,1.0000000000000,0.1200890992657,-0.2504999982178,0.3696421329928,0.3673346587704,-0.2246761274706,-0.0804019181547,-0.2534132515498,0.0667932114220,0.4590416172669,0.2402899334512,0.3580978995299,-0.1434019896399,0.0594600467609,0.2032055516434,-0.1700546329272,0.1068683486952,0.4181795138313,-0.0755680057358,0.1906042621613,0.0622190370233,-0.0171110423781,-0.2077988453200,0.1690508636202,0.1840341428732,-0.0218129129136,-0.1940331082370,0.1562899934296,-0.0779713377630,-0.1253026211813,0.1979636573580,-0.2229181850537,-0.1517165492745,0.1480417238782,-0.3031068254146,-0.5700656625787,-0.3731567355997,-0.3923098490784,0.0652788796923,0.0989494980983,0.4590998520519,0.0657304017659,0.0045821427059,0.4242925834830,-0.0954512270973,0.0755281674676,-0.2692371229468,-0.3564762358795,0.0909136239865,0.5629234192705,0.1485530857361,-0.2512260309628,-0.2068322929469,0.2112605203502,0.4517863960497,0.2496251369816,0.0213655431945,0.1109899399738,0.3315944091358,0.1690369737840,0.0375987603336,0.2469854745287,-0.2995400038118,0.1723411187527,0.3496543654222,0.0006805985958,0.3335506171401,-0.2745652585023,0.1386194799573,0.3559740433942,-0.0011005538056,-0.0455874583611,-0.0564324324927,-0.0503193951885,-0.0577869726143,-0.1156316170490,0.2852919049344,0.4003493710151
0.1328268493952,0.1637710888560,0.2395960904610,0.4543808176930,0.3032195303652,0.3697504957146,0.5479845617814,0.2337657212249,0.6040533733739,0.2868755020105,0.3286499421965,0.4684182063603,0.3756526165519,0.0542745297116,0.3799807733871,0.4427968069455,0.4743488574575,0.4415256115354,0.1324256626612,0.4235199750226,0.4987115719108,-0.0220480764734,0.1200890992657,1.0000000000000,-0.2259925207697,0.1912671126480,0.1422407863490,-0.1736293246169,-0.1214879944267,-0.1388614682502,0.5702439443398,0.0960166133151,0.2260932122120,-0.2871475598496,0.3622938745971,0.5577002190452,0.2631148013065,0.1755947034194,0.2598616986180,-0.2333610393505,-0.2901983662847,-0.0466411364196,0.0443403054255,-0.0974318487679,0.0496344536966,-0.4129792016285,-0.2544487247043,0.1714727200268,0.0236769465156,0.2140757909303,0.0978579275025,0.2943903692065,0.3927234554155,0.2284904173304,0.4138067834164,0.2117399959753,0.3484963935750,0.0436100087311,0.5278701352955,0.3890568612704,0.1211347960594,0.5066340674623,0.2262061133297,0.3182715617910,0.3208710953982,0.0762090373887,0.1480184968196,0.6519739177614,0.2960277693598,0.3211811701787,0.4535076708795,0.0895098569723,0.8253455774025,-0.2554860176214,0.2302889817695,0.0342831251627,0.0058047217340,-0.1087798729051,-0.0991562696437,0.7228329467558,-0.2067614087934,0.2069195735104,-0.3762451818069,-0.0493135024827,-0.2344747201347,-0.3312487958171,0.2082920628786,0.5653539554547,-0.1469562612806,-0.1713796237859,0.1676650532679,-0.3789775643198,-0.1134039550297,-0.3012773956740,-0.3328296531389,0.1806960234581,-0.0977787633962,-0.1960842998029,0.0654255302823,0.3911679866258
