1.0000000000000,0.3475967565809,0.6954349486644,-0.0427261249597,0.8103775175123,0.6224047524298,0.2698127746330,0.4160912139963,0.3089732740215,0.0325029717572,0.5561154634061,0.5751882159467,-0.0364913748441,0.6214372432297,0.2708831966168,0.0340592750177,0.2282964751503,0.3606904976629,0.2948705808816,0.4504391730833,0.4596944625388,0.1021100647679,0.5953001723817,0.4581373854846,-0.0118480491676,-0.0460008888991,0.4303164617899,-0.2693676801920,-0.3387009662481,-0.3633359628829,0.3839128024266,0.4879327142649,0.2949005102316,0.3638077105379,0.1510883005873,-0.0136345459522,0.4365171120974,0.0170360064233,0.4088356812864,0.2466251236221,0.0927275106173,0.6056513391788,-0.2813187005932,-0.2460382826547,0.0524049486969,0.4396565134943,0.3691804728260,0.4909164101290,0.0281485628283,0.7199320081031,0.5909780302266,0.2192321750667,-0.1020598253092,0.4023814414370,0.2852755478866,-0.0795397202757,0.0543074118609,-0.1473656529645,0.3095569245438,0.1958920591253,-0.0056205755096,0.3884820789664,0.0145108021376,0.0399534658593,0.3378507232770,-0.0567590495680,-0.2238081665921,0.4602067382918,-0.0519714961523,0.3874846408181,0.1434292264942,-0.1212475672207,0.4676917870298,0.0410465948426,0.2635859654637,-0.5181955387507,0.4511862152438,-0.5466423587942,-0.6086756683648,0.3798078005938,-0.1661234368020,0.0363102771261,-0.3504166320835,-0.3688995995687,-0.3393137817372,-0.4143988281347,0.4381005706990,0.1065521542380,0.0670889166159,-0.2509859448265,0.2872414845133,-0.3066140953609,-0.5666448015935,-0.3450674284835,-0.3196101148525,0.4078569722851,-0.0412625024418,-0.4073632859319,0.0242304064021,0.1176222856667
0.3475967565809,1.0000000000000,0.5187223284515,0.0978463957451,0.2025240636756,0.1838258079280,0.0849110679663,0.0273326254011,0.2449801645328,0.0964414793735,0.3293609613156,0.3147968010118,-0.3670390279757,0.6277327250956,0.4856182852829,-0.0369597891137,-0.1622950592156,-0.1552884363301,0.0762011117355,-0.0480980806845,0.2541411710569,0.2439272430687,0.2763762042439,-0.0522597364887,-0.0389396250783,-0.1378254730093,0.0059925088008,0.1259194199207,0.3417342793793,0.3474211326504,-0.1144544556306,-0.0539747889592,-0.1762054757022,0.2522216235033,-0.0868490984506,0.1552000764971,-0.1307774768800,-0.0117779017102,0.2093611626797,0.1912364364016,0.5136747515884,0.4979772790498,-0.1218544469963,-0.0026797657541,-0.2717968599158,0.1529205199363,0.2077289037243,0.2371382171073,0.3463340811863,0.4106711022988,-0.0440096468049,0.2105227139769,-0.2188764659594,-0.0082635840469,-0.0508662633156,-0.1233402488134,-0.2194154657011,0.0448627859384,0.2071783631854,0.1437002120672,-0.3878826582781,0.0069153726647,-0.1673343623390,-0.4127920260178,0.3429062305659,-0.3724928208674,-0.3140461498609,-0.1130643735129,-0.0276744829026,-0.0420300835128,-0.0933892369433,-0.3089426261284,-0.0832912128880,-0.1216526648201,-0.0775590092698,-0.2990736471654,0.0712415261932,-0.2497046108304,-0.0644847922116,-0.1870721341387,-0.4766537244064,-0.4401436513499,-0.1690275768199,-0.3290244310422,-0.2375161629169,-0.5522485235610,-0.0907837299288,-0.1062683932365,-0.2670749654071,-0.0785529172945,0.0196754593690,-0.4640845300473,-0.0623789666622,-0.4547663847214,-0.5204441875042,0.1585160158587,0.0564490155476,-0.4789074646948,-0.1602214835355,-0.2435628954282
0.6954349486644,0.5187223284515,1.0000000000000,-0.0123446389158,0.6101325593809,0.5449974422424,0.1464797329613,0.1072860794920,0.1724146441938,0.0283013114029,0.3911331552400,0.4489935817463,-0.2691518858033,0.4878959423573,0.2823695899793,-0.0266221661278,-0.0724131357025,-0.0205078588586,0.0666795277471,0.1471357013194,0.2016870959732,0.1409644152065,0.4212551575021,0.1632134621103,-0.0012808984875,-0.0970562871197,0.1151611495143,-0.0884322100766,-0.0532572291832,-0.0285255866274,0.1107616006581,0.1884203398373,0.0259091729071,0.3305969760783,0.0030785955563,0.0157981369031,0.0881296773483,0.0170032696501,0.2693445652070,0.2199240988798,0.1866601296433,0.5421338551537,-0.1879407315053,-0.1349130697148,-0.1075732403914,0.2091425585665,0.3124473224751,0.4642532587359,0.1325335304703,0.5496326250727,0.3672568278931,0.2949311422900,-0.1713482874031,0.4577827635119,0.2954863063806,-0.1145630354779,-0.1076252648372,-0.1071418033230,0.1805844701684,0.0949263818839,-0.1732353124702,0.0792294816109,-0.1170628021101,-0.2391455412404,0.3222499273553,-0.1246238514567,-0.2969989659675,0.0889542851699,-0.1389409746273,0.1521686418141,-0.0919475341938,-0.2257870312844,0.1519063937334,-0.0257279883282,0.0994178373555,-0.4218632729778,0.1988112613311,-0.3849936517123,-0.4059454933124,0.0746559899720,-0.3576667536707,-0.2360385142098,-0.2468478822542,-0.3002626731071,-0.2305028169008,-0.4428389998169,0.1080408466690,0.0577102305788,-0.1196431988036,-0.0780752450284,0.1399918282695,-0.3881217408246,-0.3101315306344,-0.3626762247901,-0.4342905581815,0.3531305676482,-0.0024727300044,-0.4304589340608,-0.0329464933450,-0.0870288144793
-0.0427261249597,0.0978463957451,-0.0123446389158,1.0000000000000,0.1317215051326,0.3543751074352,0.7186787641499,0.3268048066425,0.2743983526130,0.1227496305253,0.2374035473601,0.1838578103208,0.5139097588456,-0.1319922548277,0.6142978150882,0.6172240622757,0.3421293727526,0.3419671599479,0.3974747358830,0.2955454877453,0.1727335100546,-0.1550745530959,0.1292127816269,0.3391956469956,0.1236533973890,0.3346456512318,0.1280263864077,-0.1076090958238,-0.0425927399995,-0.1879131852220,0.2247791743442,0.0584908410329,0.3045156446530,-0.1015028141132,0.4291780349781,0.1993673024426,0.0864534355816,0.3158851671151,0.2303840443102,0.2514056690936,0.0285744017112,0.0703177544118,0.6234393528462,0.1760319385143,0.3122356456532,0.0890540865996,-0.1211083125589,0.1411932576136,-0.1819512440339,0.1033660004917,0.2890947792224,0.5470179746873,0.7329481232075,0.4669900082553,0.4640391275040,0.7596618019038,0.2070590522852,0.0325484304109,0.1764262322013,0.3873477790527,-0.0017222052092,0.2318669171239,0.3687981054774,0.1657450345600,0.0487442528587,0.3860795424865,0.5509989986715,0.0804801430794,0.4103687155701,0.1888413987329,0.0952405977141,0.3249809542938,0.1841992341244,0.1465459900429,-0.0427651818848,0.3472638210064,-0.2318764701577,0.2748878662103,0.1065455497525,0.2316281867964,0.2660412932012,0.1613689252637,0.0119519914594,0.3604424925016,0.1890138177063,0.2491745027905,0.2055963911732,0.3507527059108,0.2105130637165,-0.2193426750654,0.1815382681898,0.3830022880486,0.1535611479095,0.2874303511616,0.0587070148436,0.2292127987006,0.1467484306278,0.3318048917075,0.3438659086118,0.1470991081494
0.8103775175123,0.2025240636756,0.6101325593809,0.1317215051326,1.0000000000000,0.7831595467329,0.4295605769782,0.3198687986970,0.0799828807790,0.3530555482060,0.4802695749087,0.5689907684623,0.1404349964244,0.4813769639674,0.4362329853855,0.1893741484698,0.3878861432968,0.4383909068029,0.2893530467154,0.3821156588053,0.4323604946094,0.2892849654248,0.5440809171935,0.5166895360142,-0.1396397688017,-0.0936835112312,0.3290024013139,-0.3022051564771,-0.3341664309827,-0.3940847781325,0.5120022036333,0.3971938516153,0.4074821274512,0.2872838271686,0.2604028925209,-0.0488175952316,0.4634224836464,-0.0477437004522,0.3604253076580,0.1742603917709,0.0337539842244,0.5192737669001,-0.1835728373388,-0.2890280297999,0.0157049694333,0.3723522061287,0.3303518831650,0.4743690214754,0.1796064334984,0.6965493925298,0.8034438544374,0.2856360718555,0.1187481610455,0.6639998371253,0.5780419779762,0.0655020831369,0.1175794856197,-0.2331046452013,0.1828089156655,0.0175130675326,0.2397879985042,0.3959477445303,0.1005661847915,0.1323991623027,0.4099613660613,0.0437647838383,-0.0611160267497,0.4974900829500,0.0046421057502,0.2514540653719,0.1363585776999,0.0575502217153,0.4770554299817,-0.0773701064974,0.2102091399010,-0.4647261863639,0.1806380407709,-0.5113259164514,-0.5183357602846,0.4488196388310,-0.1154338695432,0.0739546242811,-0.2861765033412,-0.3189894537404,-0.3631050417558,-0.3181298844690,0.4462429722752,0.1797280386372,0.0409765393394,-0.3684257934929,0.2636158898932,-0.2357750644602,-0.5194116424129,-0.2467077675980,-0.2462287941421,0.3528227799968,0.0681116489172,-0.1886478883411,0.2074557636362,0.1500404696159
0.6224047524298,0.1838258079280,0.5449974422424,0.3543751074352,0.7831595467329,1.0000000000000,0.6889076471132,0.4286222039258,0.2089689744871,0.2497234227523,0.6482437689135,0.6184058166877,0.2777297301495,0.3564171262622,0.5747502535935,0.4537096237756,0.5072809277790,0.5408983750014,0.4801840122510,0.5214249267722,0.4821610010620,0.1234238334119,0.6400723978554,0.6561967751107,-0.0128114860982,-0.0154090008235,0.4007045034347,-0.4011939894482,-0.3920765127277,-0.4777893796937,0.6283419075764,0.4968212470122,0.5171962392091,0.2138230954824,0.5199449261468,0.1880120329600,0.5497775803893,0.0321549674232,0.5469369229361,0.3189166364508,-0.0724694356627,0.4076297714686,0.0647300620273,-0.2697564772119,0.1025244616335,0.2731287687377,0.2144867219259,0.6885331380243,-0.0327140192253,0.7512387332965,0.6725346097372,0.3580864553304,0.3120682612350,0.8193549953124,0.7559829013249,0.2912870624022,0.1988764930391,-0.1957068561144,0.2553237284875,0.1673883720550,0.2993725880793,0.5364470352437,0.2515922563772,0.1715216347892,0.2981749835507,0.2278341031420,0.2026377903024,0.4985831019355,0.2006023170426,0.3173052868256,0.1384981960006,0.1965401123013,0.5746768708634,0.0344646765155,0.2211267178352,-0.3537798078448,0.1734738057282,-0.5031746590266,-0.5094588216149,0.5465574375143,-0.0062887720615,0.1313588603360,-0.3991030670997,-0.0968267765853,-0.2862338364279,-0.2600493528918,0.5552661200002,0.4122486860085,0.1376215145353,-0.3492382013031,0.3734064847046,-0.0737498325832,-0.4954949543335,-0.2179777016218,-0.2528197761105,0.5232478142776,-0.0207406354486,-0.1912493622158,0.2026787462671,0.2262923090596
0.2698127746330,0.0849110679663,0.1464797329613,0.7186787641499,0.4295605769782,0.6889076471132,1.0000000000000,0.4404593222007,0.2597087811965,0.1363466162024,0.4605786148239,0.3590526354097,0.4413813964933,0.1189070885565,0.5980491564136,0.7596157196115,0.5704335567148,0.5745786214351,0.6110177923803,0.4916774659203,0.4204916909390,0.0111689439938,0.3866977655473,0.6418875783546,0.0785526378806,0.2147930132283,0.3944590497768,-0.2230321294155,-0.2741081855975,-0.4250262678232,0.6343441208761,0.3331271541355,0.4649230847919,0.0751381458108,0.6872568486814,0.2245823117064,0.4745435303661,0.0932119561443,0.5435524996414,0.3071086817076,-0.0669834113943,0.2280080340725,0.4208849201996,-0.0064651092446,0.1975589264011,0.2151870789505,0.0553963719047,0.4550192660179,-0.1315279118691,0.4366668311485,0.4701944103879,0.3079987120618,0.6677651573963,0.6035108212882,0.6430341740219,0.7377616381694,0.2506746797232,-0.1422760824118,0.2130887607972,0.3054061906702,0.1674429647369,0.5124833408254,0.3060666982067,0.2336581886875,0.1400985847135,0.3748400687202,0.5361607495692,0.3943053738872,0.3966763967113,0.2910536582237,0.1635204052920,0.2005710244272,0.4874835308321,0.1074702118424,0.1167350112939,0.0112642252112,0.0603715339430,-0.1402971757725,-0.2412993795986,0.5116545481212,0.1183139697037,0.1798776977246,-0.2451077992907,0.1733290278614,-0.0620593784065,-0.0482916201119,0.5209010921436,0.4988793236029,0.2535256625114,-0.3517749322542,0.4220989100488,0.1261046677963,-0.1670411340242,0.0298328379878,-0.1206802835623,0.4113344380352,0.0493127218256,0.0570416887984,0.1633560042540,0.2759705011586
0.4160912139963,0.0273326254011,0.1072860794920,0.3268048066425,0.3198687986970,0.4286222039258,0.4404593222007,1.0000000000000,0.7731539796545,-0.2078927270672,0.5561640034810,0.4410866942129,0.4422797314844,0.1078157368268,0.2457288405658,0.3854729513583,0.4963719562631,0.7852378165095,0.7325142565256,0.8617918656813,0.5129061794624,-0.2350055837365,0.4996139872408,0.7873944236578,0.1919307285881,0.2146975063435,0.6152704556448,-0.2815431337177,-0.4478491201666,-0.4388495554944,0.5140302490297,0.5131350168748,0.4500899028847,0.0273466235726,0.4999483449008,0.2123314377872,0.5919119524152,0.3432759270634,0.4629194317874,0.2979086057243,-0.1794472255224,0.2402182959735,0.1109265321046,-0.0959496629897,0.5395787489281,0.2733983791240,0.0291706324022,0.3401914137444,-0.4820812905543,0.3918484748702,0.3479856674748,0.2991603744343,0.2811919562905,0.3342493436562,0.2804048934951,0.2673469142812,0.6184247566645,0.2347468074476,0.7143515696474,0.6898018584378,0.1179517861212,0.5655900997018,0.4531752575233,0.4720863962852,0.0435163478062,0.2539232940691,0.2821108024211,0.6835095149006,0.3807794622707,0.6920057053947,0.4683565141039,0.3476333730644,0.7955798972742,0.3993986927949,0.5373084845996,-0.0063985040784,0.4031731248062,-0.1729147097059,-0.3127132688885,0.6592586181668,0.3271029650699,0.4540362056319,-0.2705706096325,0.1177376444717,0.0933426667796,0.0616930211672,0.6535191896364,0.3822301105270,0.4278202717811,-0.2173821059259,0.3715555809693,0.1947428208469,-0.4485985100242,0.1070121544035,0.0481863111040,0.4418561466946,-0.1831117736170,0.0115596522520,0.2479063974803,0.3975111300404
0.3089732740215,0.2449801645328,0.1724146441938,0.2743983526130,0.0799828807790,0.2089689744871,0.2597087811965,0.7731539796545,1.0000000000000,-0.3272639612189,0.5286990543835,0.4130158996873,0.1144560234291,0.2273165000733,0.2054963952109,0.2703818035407,0.1623911216384,0.3735332628024,0.6490008272274,0.6536117602042,0.3733370633987,-0.1947792625233,0.4666456094506,0.4519203648722,0.4550464530026,0.2143501397761,0.4862404412587,-0.0180168030633,-0.1587424861927,-0.1104146463829,0.1259817811911,0.3592894725977,0.1803865214101,0.1555284477954,0.2623636759584,0.3669952265983,0.2471178669056,0.4139376771753,0.3497768774672,0.3580472865002,0.0344750395386,0.2920941487471,0.1038678529750,0.0187937682942,0.3623885280812,0.3172231385300,0.1054489232406,0.2729940642765,-0.3953081656038,0.3135789034293,0.0417649723129,0.2580215127783,0.0861996182614,0.0824718091176,-0.0386190598176,0.1923205640199,0.3427963741115,0.4386443198653,0.7356277686361,0.9119498789591,-0.2150140677729,0.3118951274398,0.2587555230238,0.1232774043113,0.0474244546579,0.0365759376562,0.1172711718086,0.3261759520763,0.4349636439263,0.6673480165997,0.2931820819408,0.0863569431451,0.4591940368675,0.4920898527141,0.3344765893654,-0.0348639376229,0.4884915883014,-0.0276221350063,-0.2079777987555,0.2952971310785,0.0810443760238,0.1522473848963,-0.2133583967676,0.1147460752405,0.1516367095631,-0.0456681481026,0.3252746346583,0.1872387397938,0.1858417359264,0.0762996536172,0.1952941304059,0.0538014552990,-0.2377478670964,-0.0313017523861,-0.1456047843974,0.3580603743878,-0.1746652453294,-0.2179027924411,0.0417531298585,0.1013856688369
0.0325029717572,0.0964414793735,0.0283013114029,0.1227496305253,0.3530555482060,0.2497234227523,0.1363466162024,-0.2078927270672,-0.3272639612189,1.0000000000000,-0.1074445883139,0.0380413886025,0.2098711208378,0.2296917560068,0.4266631844610,0.2091109359202,0.3497666455559,0.0766679668035,0.0335011763428,-0.1595596618801,0.0573927368172,0.6850051620574,0.0294068424207,0.0547591280442,-0.1486381042113,-0.0834917938002,0.0146193265378,-0.0828792250702,0.0224145660649,0.0334377848493,0.2451609836962,0.0134688538558,0.3381770201209,0.1867175927108,0.0467931605303,0.0788932815766,0.0602763910508,-0.1462757727451,-0.0605754802986,0.0384220935236,0.1842235974351,0.0915282784308,0.1259092232119,-0.1133182710268,-0.1985698923258,0.2442052793303,0.3126037455831,-0.1041113693483,0.5496249249147,0.1888656393817,0.3536346665532,-0.0426004162451,-0.0209644410546,0.1792293967027,0.2507872520921,-0.0466570858593,-0.0451205459321,-0.1008029281394,-0.1212005495745,-0.2915093238160,0.3830077459977,-0.0072595837835,-0.1343694886738,-0.0570888593101,0.2207006241812,-0.1746867614815,-0.0088476567589,0.0599968213165,0.0563272511779,-0.2648583502653,-0.1277291003806,0.0599321501760,-0.0761241995517,-0.1907875663842,-0.1620138630882,-0.2571652325634,-0.3613162254260,-0.2585338043885,-0.1511422860753,-0.0445089346448,-0.2215791086333,-0.1482135796619,-0.0035627263608,-0.2443186407168,-0.2797591309289,-0.1914884829012,-0.0322269055885,0.0095353873478,-0.2923276512422,-0.1308616615872,-0.0572873212921,-0.1474562939316,-0.0635714191717,-0.0956057696170,-0.2554555553341,-0.2292298020831,0.3089119038571,0.1174732610981,0.0826003939192,-0.1227392724351
0.5561154634061,0.3293609613156,0.3911331552400,0.2374035473601,0.4802695749087,0.6482437689135,0.4605786148239,0.5561640034810,0.5286990543835,-0.1074445883139,1.0000000000000,0.8337266960805,0.1393020996351,0.3894394967804,0.4300690045827,0.2315063434111,0.3106621514496,0.4667352320088,0.4864696613799,0.5449472412336,0.7057543607499,-0.0175750782304,0.8172439289371,0.5263343920135,0.0855351829280,0.0846668868877,0.4413169657891,-0.2372813390782,-0.1832773359303,-0.2686008718133,0.3746633555678,0.5384143707480,0.3546621717130,0.3036546354046,0.4344963203724,0.1672969944165,0.4731480373806,0.0998088593956,0.6307272978271,0.4481615558740,0.1416269892529,0.5213785158964,0.0152390586777,-0.2030635718990,0.1700393578943,0.3685157176736,0.1340485469320,0.6850534794650,-0.1851700356465,0.7339054866649,0.3088116368050,0.2608367068819,0.0658010884057,0.3894719100606,0.3496261816359,0.1125734437408,0.1355940923355,-0.1094600823763,0.3788068279496,0.4341842013849,0.0129946025599,0.6287124313563,0.4039072968259,0.0993554343504,0.2861344889722,0.1660843397118,0.0660874138462,0.3762365032957,0.1833515409036,0.4114776928498,0.2902081955610,0.2550022950413,0.5228130317844,0.0857397447760,0.2730518037294,-0.2405221953206,0.4316767141493,-0.3538300038923,-0.2973932553767,0.4094507497526,-0.0069213697684,0.0535534027697,-0.3079665054627,-0.0288808649482,-0.2526786657044,-0.2430121173915,0.5328664982362,0.2996439275039,0.2801035139363,-0.3657323382165,0.3699721379818,-0.0332621848169,-0.4877906956608,-0.2231028001094,-0.2426363062168,0.6444663323302,-0.0981762665533,-0.3441125432856,0.1977600361775,0.2726099464605
0.5751882159467,0.3147968010118,0.4489935817463,0.1838578103208,0.5689907684623,0.6184058166877,0.3590526354097,0.4410866942129,0.4130158996873,0.0380413886025,0.8337266960805,1.0000000000000,0.1454879581840,0.3976256510682,0.3836345749856,0.1711165707825,0.3008086800059,0.3928390286733,0.3645934334580,0.4597486567653,0.6861681049948,0.1231860520653,0.8932513006595,0.4407679273759,0.0533254916898,0.0636135756751,0.3901678415989,-0.3099428224961,-0.1882840600001,-0.2690350019570,0.3125888366062,0.4929760573628,0.3884706438157,0.3666068391131,0.3267945288965,0.0874495518489,0.4214636037025,0.0589508491632,0.4935942380130,0.3922090257307,0.1581872479344,0.5623077283236,-0.0652054234802,-0.2291052314099,0.0922972328161,0.4902203141900,0.2269310548072,0.5574951578915,-0.1592306006001,0.7664605209259,0.3703497147182,0.2426896573039,0.0482216099978,0.4095735366449,0.3156902970995,0.0761436298265,0.1051307853020,-0.1069729890837,0.2639698510010,0.3179226122500,0.0810828040305,0.4270337247529,0.3719769448487,0.1030926779319,0.2832025198861,0.1019559935578,-0.0295440543422,0.3697930806927,0.0913350481131,0.3496650193215,0.2574862948295,0.2461927631243,0.4417956652073,0.0473506119204,0.2260615850703,-0.3296528873511,0.3542627136107,-0.3996221484737,-0.3693139046367,0.3607838808036,-0.0459615774791,0.0375554365879,-0.3628298326222,-0.1256685292046,-0.2978150073764,-0.2806931207270,0.4347328752204,0.1739936701722,0.1408348555525,-0.3631463928680,0.2733789208792,-0.0917802506784,-0.4729729124175,-0.2534664668987,-0.2558114178160,0.4905692436966,-0.1253900898840,-0.3151783473672,0.2346500973316,0.1914819714721
-0.0364913748441,-0.3670390279757,-0.2691518858033,0.5139097588456,0.1404349964244,0.2777297301495,0.4413813964933,0.4422797314844,0.1144560234291,0.2098711208378,0.1393020996351,0.1454879581840,1.0000000000000,-0.3438281082080,0.1265375055622,0.4065926102860,0.7587661401962,0.6856914024208,0.3379721378718,0.5236490485001,0.3063572906783,-0.1542952049349,0.1318118344698,0.5360848342554,0.1774846208448,0.4497887744000,0.4475757418737,-0.2774055895425,-0.3818551142296,-0.4015452817304,0.4505484025433,0.4437814182769,0.7506352139052,-0.1729894919599,0.3958886107296,0.0468375051495,0.4663655939699,0.4366752378784,0.1671303371619,0.0831134922371,-0.2656333062901,-0.1679144667917,0.3829636479119,0.1688367707878,0.6362423036654,0.0719065700114,-0.0590435286144,0.0326754592581,-0.3384058958917,0.0369501666890,0.3935521618263,0.2496234795232,0.5276892687864,0.3700494666329,0.4480518671237,0.3608958762840,0.6288723455901,0.1263488556447,0.2295630677951,0.2321321039215,0.5281850676312,0.4673119887264,0.6370108895772,0.7847383636229,-0.0831187797390,0.4617633981561,0.4669401946366,0.5501337810760,0.3490238825420,0.3688791156024,0.4677668649229,0.5681980767515,0.4406900773793,0.3634534726560,0.2986578994637,0.3168706242067,-0.1031184545605,0.1495529908781,-0.0060806834931,0.5258343708934,0.6398703849867,0.6776532621698,0.0343618309516,0.2572595383700,0.2978457804393,0.4435468869177,0.4930452365277,0.3544997320149,0.4317465551321,-0.0821552265522,0.2728957686284,0.5130623033296,-0.0156552801288,0.4408781732705,0.3353844078019,0.1788083768909,0.0491730475891,0.5644007236932,0.4212948246071,0.5033944365552
0.6214372432297,0.6277327250956,0.4878959423573,-0.1319922548277,0.4813769639674,0.3564171262622,0.1189070885565,0.1078157368268,0.2273165000733,0.2296917560068,0.3894394967804,0.3976256510682,-0.3438281082080,1.0000000000000,0.4394019678950,0.0534583941619,0.0496719210078,0.0074377306807,0.2359990485413,0.0670325624813,0.3498783702635,0.4872551070730,0.4249591316001,0.1229825776882,-0.0423099352815,-0.2232339084830,0.1561434134241,0.0096123726200,0.0177073071934,0.0753411968352,0.1507841866494,0.1817891404645,0.0497633184497,0.4425514577401,-0.0242476508168,0.1914702721240,0.1212506698307,-0.1972739004959,0.2489800301178,0.1361858635945,0.3769473585473,0.5021075847416,-0.2466806017516,-0.2534510741580,-0.3623751031555,0.4240152653225,0.4409436580636,0.2946630340800,0.4522965989474,0.5759357235531,0.1852612090435,-0.0392218989467,-0.3012439045624,0.0645847703748,-0.0350133321617,-0.1825014268458,-0.2093612550753,-0.0248738680477,0.2347188409135,0.1078048841401,-0.2169199553335,0.1261179954614,-0.3403637397238,-0.3599020153439,0.4494158435731,-0.3959021473525,-0.3176426575706,0.1213767244826,-0.0151565239815,0.0603548468201,-0.1197583306441,-0.4328611680877,0.1270945313027,-0.1277154936194,-0.0191172589661,-0.6447278569057,0.2523632799201,-0.5198545328555,-0.4730082593765,-0.0115310603069,-0.6019127363897,-0.3989106982095,-0.3278318788576,-0.4875437471054,-0.4994422092091,-0.7062063545411,0.0773449696991,-0.1213550443116,-0.3675451618086,-0.1657591489227,0.0454843234454,-0.6156168898499,-0.3713543873786,-0.6278304781186,-0.6318634922625,0.1192609827410,0.0390985003998,-0.5992517148303,-0.2772473387515,-0.2518462048463
0.2708831966168,0.4856182852829,0.2823695899793,0.6142978150882,0.4362329853855,0.5747502535935,0.5980491564136,0.2457288405658,0.2054963952109,0.4266631844610,0.4300690045827,0.3836345749856,0.1265375055622,0.4394019678950,1.0000000000000,0.5336087151450,0.3440310844008,0.2622968286492,0.4357961755710,0.1881993288144,0.3068341696811,0.2814982800874,0.3738356851117,0.3973934492535,-0.0668142497411,-0.0870510920968,0.1220870683710,-0.1567459485692,0.0438598058710,-0.0479108486283,0.4204880940801,0.0694536017428,0.2363319240683,0.1758216086361,0.3523408020321,0.2634618652447,0.2171106062636,-0.0583126661366,0.4066914223542,0.3120525418807,0.2870157102850,0.3793041952083,0.4106698143720,-0.1531189222263,-0.1459280652532,0.2197235210250,0.1644058034100,0.3676258964159,0.2466626229367,0.5386229388483,0.3181980341092,0.2733477282852,0.2794006865001,0.4313562082587,0.4249806684024,0.3877735755779,-0.0427821451231,-0.1451489543546,0.1824259764514,0.2029441857055,-0.1252683761052,0.2059046867133,-0.0537942941925,-0.2208223455834,0.3088756919366,0.0282147329983,0.2379278055142,0.0865377282165,0.2432707042833,-0.0293911130333,-0.1846560910015,-0.0126862623767,0.2277890574072,-0.1124083647689,-0.1828308832527,-0.2408696319215,-0.1335031582697,-0.2802025103826,-0.2117467726342,0.1360308931071,-0.3052790739960,-0.2614631586524,-0.2719233022947,-0.0690349369992,-0.3580490110702,-0.3764279658614,0.2680015388954,0.3032131698893,-0.1329900917456,-0.3771004813822,0.2689951801522,-0.1276769823638,-0.1687730113907,-0.2703606414123,-0.4834645696702,0.2439228272444,0.0976535160836,-0.1749310496337,0.0732383449674,-0.1340336705955
0.0340592750177,-0.0369597891137,-0.0266221661278,0.6172240622757,0.1893741484698,0.4537096237756,0.7596157196115,0.3854729513583,0.2703818035407,0.2091109359202,0.2315063434111,0.1711165707825,0.4065926102860,0.0534583941619,0.5336087151450,1.0000000000000,0.5332039356551,0.4790496226448,0.6996498043810,0.4038105283906,0.2376770555176,0.0398731941311,0.2311886415995,0.5535097403039,0.2254095060032,0.2134474324257,0.2787068684670,-0.1802503889167,-0.1848676025897,-0.2406308024619,0.6222903939559,0.2411433343191,0.4572944444386,0.0753963625181,0.6590491028832,0.4925147215702,0.3442210515253,0.0882107046151,0.3321265123941,0.1960007453249,-0.0725184471228,0.0441904498294,0.5583949271970,-0.0293743368633,0.1428858773489,0.1887868411562,0.1064088160559,0.2189704111221,-0.0528655326051,0.2346055094612,0.2828905083072,0.1698908344461,0.5170993729154,0.4319883458715,0.3788459035356,0.6567821602325,0.2372198730519,0.0089428068216,0.2113891198280,0.2953122794088,0.1136743968161,0.2431863838371,0.0892547431871,0.0956386548124,0.0142895612231,0.1996778415928,0.6792089620695,0.2336031128806,0.4517654480444,0.2044016181145,-0.0067917463699,0.1006466206725,0.4027393907586,0.2093910091659,0.0428471174352,-0.0043546858119,-0.0429942603253,-0.0921858018783,-0.2238527116955,0.4217006973840,0.0221405545433,0.1007797995039,-0.2570126263098,0.2959375923989,-0.0394098328882,-0.0523856391264,0.3747625092162,0.4492959837378,0.0165054632610,-0.1950681174681,0.2091613725330,0.0785241970995,-0.0777812379851,-0.0384575682896,-0.1953640620410,0.1116067468388,0.0029532868626,0.0407777106215,0.0303175345285,0.0653723397476
0.2282964751503,-0.1622950592156,-0.0724131357025,0.3421293727526,0.3878861432968,0.5072809277790,0.5704335567148,0.4963719562631,0.1623911216384,0.3497666455559,0.3106621514496,0.3008086800059,0.7587661401962,0.0496719210078,0.3440310844008,0.5332039356551,1.0000000000000,0.7804705082996,0.5057298469118,0.6157836281511,0.5691682122200,0.0951186046635,0.3765508898708,0.7393823898522,0.1276915387992,0.2981593261543,0.6341801909506,-0.2971627437775,-0.4706102149151,-0.4744926489841,0.7478223991716,0.6026950470680,0.8501614427124,0.0646814429717,0.4630437011576,0.1283417862866,0.7085303588849,0.1878268140823,0.3395437006005,0.1815461250215,-0.2526891528961,0.0093682336873,0.2593095917275,-0.0560736458529,0.3647631781351,0.2426330776490,0.1285190520072,0.2241151474939,-0.1582518372162,0.3695603469868,0.4757837062805,0.0894799732508,0.3817311237155,0.4155832863697,0.4971744753842,0.2975754063892,0.5257974260801,0.0039808334967,0.2918520486517,0.1979007478533,0.5155431333349,0.5711590950995,0.4142258990042,0.5461939199357,0.0999053705385,0.2797611757805,0.3481420855921,0.6637532767990,0.3113485136060,0.3737401401236,0.4288955605708,0.3579698460838,0.6032833368125,0.2842805477558,0.2849058057537,-0.0482127331475,0.1071246069085,-0.2396952223035,-0.3282799436998,0.6191292149550,0.2974707821969,0.4984832274723,-0.2723852889675,-0.0470190633845,-0.0302291141077,0.0185841799444,0.6859285683319,0.3354544874952,0.2271512147634,-0.2384604895504,0.3321609297613,0.1365883671177,-0.3025497202408,0.0931217771582,-0.0501225271434,0.2392787964547,-0.0060789160859,0.1931598408592,0.1538403888949,0.4168888212464
0.3606904976629,-0.1552884363301,-0.0205078588586,0.3419671599479,0.4383909068029,0.5408983750014,0.5745786214351,0.7852378165095,0.3735332628024,0.0766679668035,0.4667352320088,0.3928390286733,0.6856914024208,0.0074377306807,0.2622968286492,0.4790496226448,0.7804705082996,1.0000000000000,0.6229151734264,0.7469131353665,0.5536979119874,-0.0978783631868,0.4588975838497,0.8361940717776,-0.0081661994761,0.2422088176182,0.5869948159598,-0.4363105249722,-0.4962023777352,-0.5513068974697,0.7400330617064,0.5526878919367,0.6490492860542,-0.0387749411060,0.6293460570923,0.1112123723721,0.7407737796247,0.1736515825078,0.4833291692887,0.2125093953763,-0.2260232429011,0.1132151088363,0.1779289923444,-0.1493958586177,0.4787891336623,0.2389972456992,-0.0477904430487,0.3440042264420,-0.3267120355159,0.3866072135508,0.5103165716269,0.1915043227623,0.3954102160200,0.4407743688638,0.5138778222088,0.2955492322123,0.6106325746082,0.0035369029393,0.4343433565645,0.3291124914233,0.4100983671913,0.6699082605866,0.5174332175833,0.6364547139256,0.0148148273525,0.3832375700871,0.4101909635105,0.7621169422122,0.3113110690301,0.4704486735864,0.5374619683581,0.4631159562932,0.7937710176391,0.2237450527697,0.4863129248865,0.0062202646565,0.1983361455189,-0.2729323354004,-0.2840149288450,0.7444959138005,0.3949246706743,0.5495550681910,-0.2866834931617,0.1457205166640,-0.0036844773015,0.0860739972619,0.7610382504573,0.4799567849025,0.4915929989107,-0.3598539469042,0.4530398865326,0.2614732458841,-0.4329610201361,0.1467611297521,0.0741201724229,0.4116956447059,-0.0552908569658,0.1725951958620,0.2641456158161,0.5506945614904
0.2948705808816,0.0762011117355,0.0666795277471,0.3974747358830,0.2893530467154,0.4801840122510,0.6110177923803,0.7325142565256,0.6490008272274,0.0335011763428,0.4864696613799,0.3645934334580,0.3379721378718,0.2359990485413,0.4357961755710,0.6996498043810,0.5057298469118,0.6229151734264,1.0000000000000,0.6777491559969,0.4673522443234,0.0147113097492,0.4676965463535,0.7124664171465,0.3350681503296,0.1514720751124,0.5195433828911,-0.1538984884968,-0.3748779546989,-0.3456297990855,0.5804796987042,0.4277521459062,0.4620642631111,0.1646118908347,0.5453292792899,0.5368949481507,0.5165044238890,0.1705481386709,0.4161176203946,0.2979288075826,-0.0503883690716,0.2498577950835,0.2352680196676,-0.1144794718536,0.2426168214386,0.3523721187689,0.2087530400788,0.2858145061243,-0.2093451363721,0.4170860977635,0.2931248072047,0.1289816960029,0.3135823437135,0.3173036479035,0.2833088560602,0.3561511555993,0.4018959418824,0.2287678552703,0.5970796523889,0.5932840467385,0.1064336174032,0.4476860002453,0.1912888119483,0.2113309710364,0.0746972660648,0.1170652460693,0.4810498814709,0.5209121679434,0.6084258667140,0.5837298287582,0.1810157354422,0.1232013595232,0.6507427908188,0.3494353374653,0.3325056652712,-0.1968001477256,0.2134412963831,-0.1888214041626,-0.3974700326429,0.5837542176093,0.0663170599680,0.1991982816269,-0.3607258174835,0.0800051895040,-0.1278434694436,-0.1111908004654,0.5130782046495,0.3194857163005,0.1265060759823,-0.1612949799887,0.2545694159991,0.0175190328709,-0.3520518318051,-0.0631626232442,-0.1875494411581,0.2309308078482,-0.0808195609062,-0.0584700382683,0.0381803419457,0.1814145054802
0.4504391730833,-0.0480980806845,0.1471357013194,0.2955454877453,0.3821156588053,0.5214249267722,0.4916774659203,0.8617918656813,0.6536117602042,-0.1595596618801,0.5449472412336,0.4597486567653,0.5236490485001,0.0670325624813,0.1881993288144,0.4038105283906,0.6157836281511,0.7469131353665,0.6777491559969,1.0000000000000,0.5730125327686,-0.2450162787168,0.5409393687214,0.8498597358678,0.3627358761251,0.3355051220764,0.7662151068279,-0.2563423032783,-0.5734200924879,-0.5630836954465,0.5947954443924,0.6838891033770,0.6268792313717,0.0846729519803,0.4944519239033,0.2173093765312,0.7184098053465,0.5034908078107,0.4897208859661,0.3243821415418,-0.2894770352574,0.2058830346934,0.0363039387804,0.0071492809466,0.6472950721871,0.2829412380173,0.1176748221995,0.4275003589623,-0.5291689737525,0.4686562404646,0.4246620663949,0.3364091413329,0.3577549244632,0.4437208948212,0.3521181630924,0.2886793597102,0.6027788148436,0.1690500633978,0.6226438967152,0.6162689387082,0.2812156508854,0.6707870850846,0.5412980557561,0.5538991589821,0.0777345700297,0.3814016275864,0.3007855020435,0.7652448893150,0.4159377975932,0.8447963272127,0.5701953921413,0.3862403017029,0.8351970114001,0.5366615126320,0.5506679914432,0.0022264443789,0.5151727528012,-0.1489518910918,-0.4040123670023,0.7945015283441,0.4341355229224,0.5947243561273,-0.3045197502628,0.0671575513453,0.1471147685128,0.1280813303620,0.7635576142546,0.3920834025090,0.4608229043718,-0.0566465157658,0.3892095774410,0.2067193465477,-0.4208763024429,0.1311986256764,0.1135561617375,0.4901128641363,-0.2412491374244,0.0319689565424,0.2607367414872,0.4978151017916
0.4596944625388,0.2541411710569,0.2016870959732,0.1727335100546,0.4323604946094,0.4821610010620,0.4204916909390,0.5129061794624,0.3733370633987,0.0573927368172,0.7057543607499,0.6861681049948,0.3063572906783,0.3498783702635,0.3068341696811,0.2376770555176,0.5691682122200,0.5536979119874,0.4673522443234,0.5730125327686,1.0000000000000,0.1135065220887,0.7092929447051,0.5572681191788,0.0967532701747,0.3218942963394,0.6168167180386,-0.1940137048055,-0.2826413394670,-0.3129090931199,0.4405657675458,0.6734145873073,0.5401589614276,0.3471908319510,0.4457463723094,0.1248326246020,0.6310414115464,0.1580515530355,0.5634118068951,0.4076380787972,0.0917072714462,0.4328249067511,0.0401738462568,-0.0328279625478,0.2809089794110,0.4720574274223,0.2371632710492,0.4785933939066,-0.1647742941066,0.6951154957454,0.2931046074198,0.0890213136172,0.1193315618870,0.2570113423997,0.2495484422858,0.0610306513087,0.2595241163735,-0.1143727234626,0.3106177347804,0.2781131480944,0.1975326279657,0.5747631784123,0.4087140721433,0.2763823240904,0.2315742519819,0.1414404343139,0.0048090675100,0.5145047951907,0.1437456099899,0.4290139199902,0.5166804478870,0.2249037885329,0.5666499828200,0.0981885332600,0.3730108691592,-0.1741848992354,0.3815397227035,-0.3345807668396,-0.3505080497619,0.4839448053335,0.0948720924503,0.2090008371168,-0.3549495330873,-0.2154858934941,-0.2426116248339,-0.2179652677798,0.6031035824570,0.1501436538504,0.2901222819287,-0.3589975529254,0.3366548394105,-0.0525616910894,-0.4194050861430,-0.1651216240860,-0.1345465164470,0.4712316974930,-0.1425883189580,-0.1682810156714,0.1369097174735,0.4627994956108
0.1021100647679,0.2439272430687,0.1409644152065,-0.1550745530959,0.2892849654248,0.1234238334119,0.0111689439938,-0.2350055837365,-0.1947792625233,0.6850051620574,-0.0175750782304,0.1231860520653,-0.1542952049349,0.4872551070730,0.2814982800874,0.0398731941311,0.0951186046635,-0.0978783631868,0.0147113097492,-0.2450162787168,0.1135065220887,1.0000000000000,0.1524448779514,-0.0908923147605,-0.1579093668600,-0.1502135174898,-0.0396705320346,0.1538119347438,0.1790548431400,0.1984266681640,0.0873905371314,-0.0173635681039,0.0821596457769,0.3271610245044,-0.0573144249041,0.0549114846495,-0.0410297496830,-0.2893378281345,-0.0332588584540,0.0001168850714,0.3143897548921,0.2236004010962,-0.1107881064273,-0.1099385994602,-0.4066425775417,0.3849656455654,0.3952482925223,-0.0647833928822,0.6278312152337,0.2072554271575,0.1262895689601,-0.2698912695468,-0.2328953060608,-0.0247528208415,0.0256308542674,-0.1779779841487,-0.2151057688946,-0.0936842336523,-0.0946791100245,-0.1987338714626,0.0928656766154,-0.0940280890922,-0.3118918604402,-0.2616015304238,0.2706441116035,-0.3526105789818,-0.2049861185747,-0.0547687493053,-0.0093232014994,-0.2637304024044,-0.1984305016529,-0.1907920495321,-0.1490717873642,-0.2551107804680,-0.1647650831716,-0.3632990539233,-0.1657868672177,-0.2741589829403,-0.1563020722407,-0.1885974149662,-0.4681462226746,-0.3834386499211,-0.0386875405905,-0.3892458152103,-0.3774616685070,-0.3972503778429,-0.1549582172192,-0.1428585395713,-0.3970367598305,-0.1124632383023,-0.1013598920998,-0.3969414691318,-0.0428287886505,-0.2550885680800,-0.3951525224019,-0.2175300221125,0.2986243218400,-0.1082356184113,-0.1771279384406,-0.2736730443596
0.5953001723817,0.2763762042439,0.4212551575021,0.1292127816269,0.5440809171935,0.6400723978554,0.3866977655473,0.4996139872408,0.4666456094506,0.0294068424207,0.8172439289371,0.8932513006595,0.1318118344698,0.4249591316001,0.3738356851117,0.2311886415995,0.3765508898708,0.4588975838497,0.4676965463535,0.5409393687214,0.7092929447051,0.1524448779514,1.0000000000000,0.5294098438931,0.0794247231676,0.1093941319097,0.5144496406661,-0.3441334616732,-0.2766310387119,-0.3417147429122,0.4118931833247,0.6133625011353,0.4700831337341,0.3912429999074,0.3875810762359,0.1763271588240,0.5148703575978,0.0561414800790,0.5182747605317,0.4249905273212,0.1023306569090,0.4864799208398,-0.0844683591388,-0.2761392849598,0.0915883483580,0.5793002599516,0.2423651427069,0.5529757567482,-0.2062610039937,0.7744141040226,0.3671627292620,0.1492374132844,0.0471721567374,0.3852867656157,0.2870201816528,0.0708533005576,0.1112822572007,-0.1222314569816,0.3117996389663,0.3468928652800,0.1235320655952,0.4832676306636,0.3296223489733,0.1063266838390,0.2743849684015,0.1492030323129,0.0405166590171,0.4104243759563,0.1478332656651,0.4103378482131,0.2884963910807,0.2596224508737,0.5360173847808,0.0717414615258,0.2898100368600,-0.3516827478803,0.4160949244320,-0.4570665227847,-0.4448498188333,0.4428079463006,-0.0305183025152,0.0545038978878,-0.4727681116693,-0.1105738235698,-0.3416994070366,-0.3057808889895,0.5229176691334,0.2210716949348,0.1612476374390,-0.3513910689703,0.2473384535278,-0.0880485434225,-0.5287651427909,-0.2679474213207,-0.2965194696667,0.4475965458284,-0.1175138224084,-0.3462121127443,0.1122801355211,0.2663355922648
0.4581373854846,-0.0522597364887,0.1632134621103,0.3391956469956,0.5166895360142,0.6561967751107,0.6418875783546,0.7873944236578,0.4519203648722,0.0547591280442,0.5263343920135,0.4407679273759,0.5360848342554,0.1229825776882,0.3973934492535,0.5535097403039,0.7393823898522,0.8361940717776,0.7124664171465,0.8498597358678,0.5572681191788,-0.0908923147605,0.5294098438931,1.0000000000000,0.1436879575831,0.1485965475696,0.6594294201145,-0.3331675826705,-0.5446457628597,-0.5947756080821,0.8490836249073,0.5692898899497,0.6245081207022,0.0680692893815,0.5993981075503,0.1220185290135,0.8431983368483,0.1982670990367,0.5509441456450,0.2855551044998,-0.2565892293572,0.2170056101489,0.1460517918945,-0.1596218533293,0.4373751456389,0.2349644743342,0.1164558759321,0.4616577226263,-0.3541522284866,0.5527608952169,0.5287503757674,0.2332241250972,0.4105265646017,0.5385689147167,0.4978713951063,0.3767967242098,0.5755207066516,-0.0215342853555,0.4790576811877,0.4144083382090,0.3353366868180,0.6678578529738,0.3961010191882,0.4843052578660,0.0801753452488,0.3600442640783,0.4242374238694,0.7681115646104,0.3564048969250,0.5944441988412,0.3912641484663,0.3118520736444,0.9050882314456,0.3117684979240,0.4449898596823,-0.1351784147508,0.2928986307590,-0.3055562666018,-0.4330435898204,0.8357013576611,0.2471362692063,0.4412478673360,-0.3872703550003,0.0490260400596,-0.0634419454185,-0.0409483516765,0.8673586672052,0.5259658813566,0.3912715440892,-0.2867068253763,0.4925553114992,0.1083132940469,-0.4667689863579,0.0204255994176,-0.0618710278765,0.4561867472103,-0.2027777451951,0.0213778848091,0.2017719047942,0.4445975746936
