1.0000000000000,0.2746515322628,0.1510755637593,0.1883716159407,0.3429491943050,0.4168868459504,0.3762789602833,-0.2504433016703,-0.0082115223766,0.3721362003357,-0.0602195102709,0.0217959687449,-0.1993479149351,0.5816017319974,0.2901213675409,0.1298860858878,-0.0055664940046,-0.2023096163345,-0.0235014284664,-0.1735114162849,0.1242359505130,-0.0036350197959,0.1922552641193,0.1422137553904,-0.1127584199383,0.0960328865335,0.0917503207079,0.0183536129184,0.0084625251124,0.4314624156010,0.0066861114489,0.0182583444404,-0.1191773283803,0.4920669617416,0.2480985114337,0.2129286755153,0.0271308027004,0.0605695764764,0.1183494678130,0.4845546659555,0.1755656402379,0.4272359872756,0.2880723539188,-0.1397733812867,-0.0891894751644,0.4340763257256,0.1950300811450,0.0272320028252,0.4351715376690,0.3349655128727,0.3861450112867,-0.0809647473312,0.3388478627473,0.4338795816054,0.3388200057465,0.3668596121574,-0.3718816361602,-0.4548930398888,-0.3912070644634,-0.0169024726086,0.0939185674073,-0.2708755396390,-0.0956489688638,-0.4124557135444,0.2988894525444,0.1936982011686,0.3787466945373,-0.3640367078350,-0.0355759741191,-0.3124652564428,-0.2794423099487,0.0699291863813,-0.1108090620017,0.0290316289507,-0.2678752800320,0.2918695961678,0.0300526426031,0.0559674925150,0.1508604719004,-0.2702096287750,0.3422060624790,-0.2946766424139,0.0201805155968,0.0593910392391,-0.3708146790901,0.2242672268253,0.0433983787813,0.2339779183297,0.0545325519846,-0.1442509031337,-0.0170057344764,0.4171912524550,-0.1026450853264,0.2550442492250,-0.1550290718302,0.0835525539058,0.1503312737800,0.1480830103112,0.0289956488023,0.0950381526777
0.2746515322628,1.0000000000000,0.4778534696195,0.6262195693111,0.1962162495406,0.4129275367509,0.4875839521674,0.0338728620619,0.2464846471789,0.3400134629233,0.0480038311730,0.1649126434850,0.0324909557068,0.4691690622222,0.4776768891120,0.3388862850999,0.0890861326752,-0.0171435173703,0.3080874498580,-0.0406712920816,0.2545184714081,0.0898279355564,0.1817906790504,0.1148735886879,0.0388976087085,0.0969539748951,0.1368363782432,0.0545523881303,0.0121183460374,0.3243270012168,0.1026441014836,0.1040026892929,0.0414342887020,0.1486770948220,0.1588288484863,0.2765373096897,-0.0123283567954,0.0692359943102,-0.0546434514138,0.2109924871081,0.1565186697037,0.3115770917667,0.2822989902610,0.0324120332857,-0.1578275426813,0.1593422560971,0.0555755714630,-0.0071264419452,0.2318279084264,0.4021714458088,0.0451505914168,0.7283390816596,0.5049733786958,0.2836567061822,0.5244714959784,0.4639298794801,-0.1678579285308,-0.1345519826495,-0.1142652547769,0.2594510041795,0.3242404489558,-0.0052334947790,0.1630465857775,-0.0470467390959,0.5797759595524,0.2727167346445,0.4316162311504,-0.0627519333600,0.2727776417502,-0.0422953148069,0.1149102346369,0.1907197680378,0.0469918507755,0.1773216065317,0.1145884828522,0.2133776871500,0.0893116758149,0.0795401922674,0.0972222542847,-0.0412111338255,0.2870190796315,-0.0092319017018,0.0982226528176,0.1545363560214,-0.2054097910381,0.0988678604509,-0.0399007521849,0.1135647224393,0.1723853923782,-0.0058470588477,-0.0670328144095,0.2161633603066,0.0493578779103,0.1095624571771,-0.0821868073573,-0.0492159243139,0.0655041193193,0.2327305266135,0.1950280401375,0.2522726222018
0.1510755637593,0.4778534696195,1.0000000000000,0.5953755990207,0.7006875435566,0.7259192423009,0.3843660856435,0.3922577258163,0.4142916322507,0.1500306843637,0.3007201431855,0.2759857107595,0.3231819422230,0.1309329313359,0.3171959996820,0.5773002203641,0.2953136515032,0.4118615834978,0.5816665955185,0.2944192310727,0.3425784829675,0.0280060653982,0.0561414035470,0.3153885519783,0.0894734579166,0.0265971880521,0.1566465780058,0.1623565804395,-0.0071132384378,-0.1337253645075,0.3743277894941,0.0349066249685,0.1388853316832,-0.2241658222955,0.1886693671982,0.2996693138314,0.2175927535357,-0.0105765419623,0.1337737809292,-0.1066516588687,0.0555791172430,0.2551784884271,0.1035855893342,0.0755642245669,-0.0223395030448,-0.0456917929883,-0.0433323898757,0.3308044696659,-0.1340370208238,0.3558167635973,0.4419974213710,0.6886404624811,0.4041681325331,0.7790233244804,0.6543449431887,0.2010240177226,0.2883929650372,0.3892845096781,0.3897431684967,0.4267597592481,0.1726282038225,0.4088467273253,0.3406400683270,0.3182642105793,0.3563554488922,0.1079600194334,0.2812947860912,0.4356713474682,0.4938232637058,0.4171364634218,0.4313066372408,0.1567495412424,0.3450675427840,0.1547754537068,0.3830518443774,-0.1377993497191,0.1781840313452,0.2353685107646,-0.0378851304742,0.4572687786434,-0.1176772786110,0.2993769715843,0.0533044838235,0.1426066634637,0.0382210358367,-0.0138954827398,0.1611198367159,0.1157549332250,0.1780616098928,0.0598285549678,0.1550354696555,-0.0712918354215,0.1233089424152,0.1826303699309,0.1892375285832,0.2860823343480,0.0021876227509,-0.0049842874089,0.3993053867274,0.3398927596055
0.1883716159407,0.6262195693111,0.5953755990207,1.0000000000000,0.4272317706047,0.5973000677308,0.8003500233820,0.0310387999171,0.3126608889618,0.2192604014481,0.2371855444053,0.2590209988404,0.2008038541248,0.2270229431438,0.6265310287512,0.6393675247748,0.3313270426470,0.1370589341812,0.5197411099037,0.0000912208932,0.4393272662616,-0.0217659217343,0.2186203135696,0.3105042175965,-0.1375486814640,0.0996969935058,0.2856833316382,-0.0843569547982,-0.2249344620092,-0.0265811201578,0.3129645548463,0.0392016646196,0.0959892238281,0.0715079692893,0.3587345886034,0.5097351296562,0.1107663062995,-0.0430729987437,0.1957721954785,0.2423685575350,-0.0194810502212,0.3774271369367,0.4893320515093,-0.1041960374183,-0.2451738276696,0.2191516197779,-0.0317281419111,0.1972643173745,-0.0116823874858,0.5378459414336,0.1503452507717,0.5557233023160,0.8147253804209,0.4840183007951,0.6574983473880,0.7825909764024,-0.0788764224726,-0.0496006614152,-0.0195789034052,0.3752157469388,0.0362743768808,0.1460785789033,0.1336082094745,0.0349942269326,0.3152199889110,0.4059251363169,0.6476688691584,0.1017762648863,0.4834873188814,0.0718727565629,0.1667192610640,0.1135536442799,0.1953434001637,0.0167863488546,0.2202646587055,0.0901201859114,0.2191610632342,-0.0287328049462,-0.1601853141010,0.1525164378071,0.1111507073992,-0.0557554159838,-0.2406899690227,0.3498134918995,-0.2866786870520,-0.0531421900262,0.0468337168183,0.3112660294412,0.3741622990905,-0.0783171823524,0.1423158182506,0.2069987516528,-0.0502213211524,0.1084580068957,-0.2056253467492,0.2387969513035,-0.2704529369835,-0.0101120477400,0.1428896322616,0.2659841522447
0.3429491943050,0.1962162495406,0.7006875435566,0.4272317706047,1.0000000000000,0.7089578371515,0.2990637727199,0.3942757549650,0.3854028761446,0.2496660401194,0.5398748626104,0.4266962919096,0.4441599904161,0.1896507635081,0.1348714854703,0.4182640966327,0.3890322595759,0.4500259444540,0.4915613110499,0.2712162592809,0.3812729855380,0.2537024187069,0.2487619846338,0.3366763011600,0.0923303913588,0.1753689151809,0.3095113238045,0.0965511701664,-0.0526045744626,-0.1317130646529,0.3869565644926,0.1805815185625,0.3094841715431,-0.1313070063628,0.1119012943559,0.1858764586915,0.2020181551833,0.0065355176114,0.1140154465673,-0.0970651468984,0.2112200829618,0.3867672300054,-0.1071069140729,0.0579009939017,0.0263836671026,0.1333032282462,0.1804949737191,0.3599787493513,0.0677411575922,0.4008317076261,0.7496440043352,0.3475905795547,0.2391182017077,0.6498835366292,0.6011358929033,0.0857027434506,0.3812723162739,0.4088716497693,0.4406380096050,0.3295721850683,0.1898446721831,0.5365096664864,0.4280812122807,0.3305245812714,0.1389713282979,-0.1055424550041,0.1190489094016,0.4307846574985,0.4940173339031,0.4438648029108,0.4582076911682,0.3576594645180,0.3597693891834,0.1552268857125,0.3519763274383,-0.1530232521737,0.2080785936483,0.1223761485402,-0.1834883418202,0.4940287049509,-0.0587640810714,0.3763847903405,-0.1095728868080,-0.0852239031078,0.0574244717037,-0.1354774664124,0.1340296498719,0.0309477624766,0.0703584530933,0.0172985371211,0.0948228532522,-0.1804768078382,0.0889477647725,0.1879459731892,0.1579073762933,0.3269918603036,0.1530516545158,0.0161776279988,0.4326894013076,0.3559685520099
0.4168868459504,0.4129275367509,0.7259192423009,0.5973000677308,0.7089578371515,1.0000000000000,0.6223212239550,0.2789385715654,0.4144300985717,0.3660303402552,0.4370585915429,0.3232183017926,0.2833416550096,0.3681013588277,0.4692807596768,0.6137012237974,0.3870852978417,0.3691943813558,0.5044122395487,0.2881466614331,0.4580622041040,0.1756925820951,0.2173096508483,0.4871016167302,0.0657088439595,0.1315412167583,0.3544783402363,0.0350672652698,-0.0524798197699,0.0944571596956,0.5032733328184,0.1187356023604,0.2371237958257,0.0098960911931,0.4011776770354,0.4341247511593,0.2683001818587,0.1682659715036,0.3566261636970,0.1551850008143,0.1530184091638,0.4228857823444,0.2445826491095,0.0229947569086,0.0684739952721,0.2383843162712,0.0635372586827,0.5128884211598,0.2907977399135,0.5419219167624,0.4264695122759,0.3709573479430,0.4601952317984,0.7285124027980,0.8074353140195,0.3756712779013,0.1172994267579,0.1532543109592,0.2198180926272,0.4029696624797,0.2244288130628,0.3266467055007,0.2549152437091,0.0733785657402,0.2660682254281,0.2480370002503,0.4845178175753,0.2217066405597,0.5146617655582,0.2654137031442,0.2288922415265,0.2344838049303,0.3167973979268,0.1595187404777,0.2197112789875,0.0229256328023,0.3004339137196,0.0681170728064,-0.0170778967290,0.3499793338953,0.0707088706028,0.1375591785946,0.0205055433254,0.1517014063255,0.0250181311117,-0.0533406458838,0.2196259440852,0.3758957974406,0.2207728743780,0.1378382932193,0.3355213376222,0.1115732685691,0.0695056076452,0.1998633370594,0.0009742827211,0.5305928311645,0.1713317513374,0.0911811815899,0.3109021303671,0.2295674719580
0.3762789602833,0.4875839521674,0.3843660856435,0.8003500233820,0.2990637727199,0.6223212239550,1.0000000000000,-0.1665026280011,0.2212582322877,0.2229177425530,0.1169259210141,0.0439140799817,-0.0684232165781,0.3445161940015,0.6277634431768,0.6377316392755,0.2039191130101,-0.0922771935604,0.4096707235521,-0.0979374507498,0.3305913153795,-0.0743942306390,0.1133536354863,0.2450016135261,-0.1685694932708,-0.0069253303492,0.2476479016233,-0.0476537141132,-0.1807179364976,0.1542557168302,0.3378434712669,-0.0908298898159,-0.0298174595049,0.2302613687687,0.5439095874429,0.6443906877983,0.1376096637039,-0.0237979262770,0.3614108463605,0.4054566474338,-0.0182990230632,0.3677678171444,0.6191227260450,-0.2055343318431,-0.2034459744302,0.2976057854591,-0.0612093086199,0.1555024019294,0.1495303743680,0.5106168176788,0.1507031993940,0.3304565002389,0.7856827506318,0.4307039093083,0.6270655799321,0.8588094497181,-0.3392902372140,-0.2887412529866,-0.2583412248029,0.2831481670017,-0.0132860168575,-0.0506034821422,-0.0861799437901,-0.2496361805749,0.3049255152420,0.5470989023859,0.8076559498210,-0.1532128853224,0.3450509386536,-0.1459907914331,-0.0706130261403,0.0126715188430,-0.0030045882137,-0.0234127214535,0.0928956256259,0.1181041482799,0.2226913625787,-0.0133620398369,-0.0270755544224,-0.0210554637996,0.1559828656000,-0.2819092223657,-0.1563994162199,0.5114054678736,-0.2904136329605,0.0569007544900,0.1290586503500,0.5520010199146,0.4557894418576,-0.0881573717314,0.2103310863264,0.3574966869960,-0.1430308836363,0.1574177817356,-0.2515510446835,0.2654538907723,-0.2023895307959,0.0406279408437,0.0382408807587,0.1371368956062
-0.2504433016703,0.0338728620619,0.3922577258163,0.0310387999171,0.3942757549650,0.2789385715654,-0.1665026280011,1.0000000000000,0.7001018337970,0.3116749816394,0.5592669327209,0.5217231611914,0.6644218201098,0.0824623705616,-0.1871835671635,0.3091530539580,0.5048007345327,0.7948668220803,0.5238336768587,0.8133763735930,0.3622396779758,0.5142012196321,0.2161454090129,0.4210209518283,0.5086085992034,0.2951612199789,0.3872468211591,0.2280988217662,0.2629129212279,-0.0519668512393,0.4560651605509,0.3703930722672,0.5091143042840,-0.3048195581030,-0.0512026986744,-0.0499676036555,0.3367572988683,0.3279867175948,0.0591461194268,-0.3871250091286,0.3786812782205,0.1557481836738,-0.4206949121158,0.4597092194984,0.4300863616531,-0.0996495378051,0.2476953676023,0.3690071464363,0.1396712744398,0.1852067472914,0.2660794453354,0.2172380828374,-0.3399499704138,0.0817380260153,0.2214306861622,-0.4515225907971,0.8010087502044,0.8451521342210,0.8436739781872,0.6290594638645,0.3703260393037,0.6673421155805,0.5065332114233,0.5397836241881,-0.0458268356103,-0.4843062666732,-0.2842439270510,0.7131279692748,0.5729702018706,0.8066318047846,0.5512386484768,0.4205659044098,0.5950873220918,0.5232684477638,0.3255078155826,-0.2226304923260,0.3136043853054,0.2104458635644,-0.0620934426624,0.6449294734307,-0.2165480078457,0.6262476149245,0.1089466113461,-0.4502412820921,0.4663249832720,-0.1571128486414,0.2140607146333,-0.1613955878761,-0.2541009990513,0.4226300256462,0.1874526417934,-0.4527680472664,0.4765185460180,0.1077037578768,0.3206740722678,0.2527558586441,0.4752276103945,0.1086660213475,0.4012333411278,0.1483048829287
-0.0082115223766,0.2464846471789,0.4142916322507,0.3126608889618,0.3854028761446,0.4144300985717,0.2212582322877,0.7001018337970,1.0000000000000,0.4090950181089,0.4839074338602,0.4142949998282,0.4548524669341,0.1869185672900,0.1266389190501,0.4847064812147,0.4789052810497,0.4724383174387,0.7042881643429,0.5968184429320,0.3728180750767,0.3499039160784,0.2574505504506,0.3785552176937,0.5426853458144,0.2516915399908,0.5028741526528,-0.0198321723448,0.0219476572547,0.0167087228488,0.3930370281802,0.2889999317918,0.4568211900535,-0.0634922527873,0.0932441315413,0.2544836486632,0.2462549857177,0.2677313447982,0.1164257187504,-0.1156088228294,0.2220852976151,0.3221552311700,0.0082399508401,0.3765624008765,0.2850419065352,0.1659199792696,0.2257610116648,0.1882733104105,0.1718821238133,0.3418301371935,0.1951556240423,0.3098298215442,0.0460373246882,0.1956657006665,0.3373507933793,0.0039410491806,0.3909705382463,0.4729596928770,0.4526614233778,0.8816944713636,0.2579034164476,0.4328008256833,0.3176743516270,0.2629650083353,0.0143770721271,-0.1855839190044,0.1499189655041,0.4249312874659,0.5524431395609,0.5580787720898,0.3045920495950,0.3200482166429,0.4059425457604,0.6128703152961,0.2352018890769,-0.0188205756933,0.4509675932539,-0.0455456382461,-0.1554669700976,0.4043076807517,-0.0508324408238,0.3533821879709,-0.0576678886666,-0.0888212367934,0.2376032604692,-0.1620172431022,0.1292026215514,0.0330655969991,-0.0200658933302,0.3076453248500,0.1138759018096,-0.1828703987164,0.3591882815623,0.1227719270391,0.0832357655816,0.1498150336051,0.2216272127450,-0.0113239767535,0.2557756171696,0.1070125481316
0.3721362003357,0.3400134629233,0.1500306843637,0.2192604014481,0.2496660401194,0.3660303402552,0.2229177425530,0.3116749816394,0.4090950181089,1.0000000000000,0.3408915578156,0.6239080453830,0.3388435998844,0.6164279594092,0.2134084027139,0.2169860234165,0.4104091216424,0.2152849511449,0.2887180665322,0.3231338465060,0.4734808845222,0.6264781299857,0.5925520173441,0.3651078660412,0.2856008739846,0.4826003715137,0.4897001665931,-0.0231427606395,0.1803667842275,0.3387281560730,0.2425350949051,0.5977996652766,0.4516207022433,0.3401145790006,0.1422521342358,0.2551959984930,0.3245850101279,0.3272946484820,0.1171007725987,0.1630153061760,0.4307191872469,0.6470278475362,0.0384208331260,0.2524885037351,0.1597637772278,0.4199200388085,0.4791289756435,0.1995308139689,0.5029736107341,0.6086624360534,0.1610476942907,0.0874644048003,0.0585698095303,0.1371559024720,0.3584926733566,0.1096360153499,0.1857728860790,0.0602162906698,0.0722006778570,0.3722380548656,0.6385302890351,0.1895642337886,0.4979664708020,0.0383498170636,0.1698420935405,-0.0774527079647,0.1717815695302,0.0787060580487,0.3284606612689,0.1781422656015,0.1787191027720,0.6454307272144,0.2771785823763,0.4577706165490,0.0437456652640,0.3222806717949,0.4166905579022,0.0057170498571,0.0054268884548,0.0819470743767,0.4891536395520,0.3326536263534,-0.1968702910947,-0.1867300671524,0.0078064349621,0.0401461304339,0.2219186720068,0.1293412329657,-0.0129919973676,0.2112923559552,0.1055093525166,0.0268347013572,0.2851994402466,0.2043138445477,0.0527989204483,0.1362124337796,0.2392761394211,0.2483277805368,0.3320804747018,0.3002356642738
-0.0602195102709,0.0480038311730,0.3007201431855,0.2371855444053,0.5398748626104,0.4370585915429,0.1169259210141,0.5592669327209,0.4839074338602,0.3408915578156,1.0000000000000,0.5693852686714,0.6516147471499,0.0777239674085,0.0419164747962,0.3015637741429,0.6206407043993,0.6087994559136,0.4566267282500,0.4503467045474,0.5167079849649,0.5121353143937,0.4281770028940,0.3229279681975,0.2457831773964,0.2968715019426,0.5115131231736,0.0507683788990,0.0065546864491,-0.0512344116160,0.4425562156454,0.4711462133467,0.6333829618361,-0.0659092218135,0.0612422531051,0.0968041452464,0.2254142226546,0.2317607058619,0.1927909801892,-0.1039864637885,0.3405551984696,0.4348753322827,-0.1633293158381,0.2029568733208,0.3242550438561,0.1687248125406,0.2974532816880,0.3964056426651,0.2464157192484,0.3087305218162,0.3094657816394,0.1581436976786,-0.0611951481193,0.1321830081857,0.4402352589288,-0.0818373430001,0.5326958783288,0.5282607327692,0.5546966780286,0.3650241761472,0.2721290657036,0.6777048011031,0.4502538641253,0.4044049213426,-0.1384307757643,-0.1688370992165,-0.0018551112802,0.5255049565030,0.5711620511808,0.5082843841630,0.4701917428876,0.4635937920402,0.3368950239762,0.2098549281818,0.3527544420071,-0.0326565343553,0.3680494072035,0.0142816961830,-0.1825322531759,0.5440363801788,0.0735703924047,0.4629830001345,-0.1159816471913,-0.1852703241990,0.3740279530450,-0.1840134243010,0.0996200167512,0.0371834987504,0.0375693605273,0.2415522106515,0.2329909564871,-0.2058824030091,0.2219045793146,0.0572808475976,0.1073233884406,0.3840172976363,0.2624450916964,0.0120738990604,0.4288470361978,0.1569809786232
0.0217959687449,0.1649126434850,0.2759857107595,0.2590209988404,0.4266962919096,0.3232183017926,0.0439140799817,0.5217231611914,0.4142949998282,0.6239080453830,0.5693852686714,1.0000000000000,0.7228733127189,0.3012361480442,0.0388260931192,0.2523512617931,0.6577119779684,0.5462764085104,0.3904353618197,0.4826415553368,0.6242725201090,0.5273776005935,0.7060721788895,0.5380860676948,0.2013175366474,0.6109233296767,0.5139622222658,0.0030843309743,0.1649004017483,-0.0844201507647,0.4445402365570,0.6942132777934,0.6994182526549,0.0474174054694,0.0744295575714,0.1598729692880,0.4872667382245,0.2652231018413,0.0877835855342,-0.0957940362725,0.2970670612056,0.3712044780809,-0.1284878977533,0.2418480108436,0.1694542829622,0.1976329398303,0.3838671429906,0.3205462012308,0.1705579849252,0.5268851135991,0.1342812626879,0.0915366509263,-0.0486622123441,0.0688261366688,0.2811837767396,-0.0589786090009,0.5776563007274,0.4322052327304,0.4369888828962,0.3481785741406,0.3358128671627,0.6435620995720,0.7466493087485,0.4438476417055,-0.0805693939780,-0.2845724157996,-0.0083811353092,0.4741858988032,0.4946066547416,0.5314010585299,0.4912735931101,0.6190745628585,0.6226556667553,0.3875880856307,0.3570661016738,0.2433731599816,0.3730234906556,0.0274377863513,-0.1668892657614,0.4757830070591,0.2684754545957,0.6325157667089,-0.3679302547229,-0.2441707738233,0.2203920254367,-0.1734189964244,0.3412524260030,0.0263047266064,0.0628831757430,0.2333787101874,0.1093350648674,-0.2463136812060,0.2808908047273,0.1134207515840,0.0248246215626,0.1554320573484,0.1478998175869,0.1597032703496,0.2183959414229,0.3651889336032
-0.1993479149351,0.0324909557068,0.3231819422230,0.2008038541248,0.4441599904161,0.2833416550096,-0.0684232165781,0.6644218201098,0.4548524669341,0.3388435998844,0.6516147471499,0.7228733127189,1.0000000000000,-0.0127063892782,-0.0179732575877,0.2554077949566,0.7414551384850,0.7239992575586,0.4221793572831,0.4770353003421,0.4923433337732,0.4183781856600,0.3844430810838,0.4399446855035,0.1674618406376,0.3521732190138,0.3809065847469,-0.0279787810590,0.0239772042611,-0.2464371002494,0.4415379429097,0.4415487922996,0.5954180598328,-0.1930870690860,0.0521273683023,0.0098406138590,0.3738996434241,0.1163261403134,0.1522698509938,-0.2686174750058,0.1550755112122,0.2052601629869,-0.2527960878493,0.1576330258839,0.1751473581862,-0.0349094594628,0.1820134673076,0.3994652078909,0.0559504713079,0.2836706518550,0.2094860349483,0.1717830128028,-0.1028574369775,0.0741146277852,0.2928399821818,-0.2027256450740,0.7433899273038,0.6255859012173,0.6472595827110,0.3496728868903,0.2891767154118,0.6979050974106,0.6367568386185,0.7874860211897,-0.1087851803430,-0.2712738652958,-0.1487755730869,0.7341375214184,0.4820365320914,0.5858008026537,0.5244883256930,0.4484313944159,0.5053026564858,0.2234748244302,0.3219619969243,-0.0296556579396,0.3082143322559,-0.0055951849245,-0.2007379543533,0.6154046625362,-0.0054252889070,0.5983025880128,-0.1882521381028,-0.2554227749626,0.3006551890305,-0.1805977597056,0.2450947229151,-0.0341317130355,-0.0416354163778,0.2086871409089,0.2348571800252,-0.3191991939303,0.2138273857551,-0.0404796666481,0.1173037467963,0.2997867190369,0.1444553809997,0.0362110085082,0.2942192255091,0.1947974096918
0.5816017319974,0.4691690622222,0.1309329313359,0.2270229431438,0.1896507635081,0.3681013588277,0.3445161940015,0.0824623705616,0.1869185672900,0.6164279594092,0.0777239674085,0.3012361480442,-0.0127063892782,1.0000000000000,0.2565154160380,0.2249392888225,0.1757724770052,0.0629661647370,0.1242557678961,0.1833430733708,0.3838004367848,0.3654608956195,0.3545390868862,0.3409091855068,0.0521094515183,0.3495264398240,0.2864393965227,0.0518243021733,0.2183671824050,0.5838468370276,0.2393853478718,0.3641980733008,0.2123743208127,0.3941504986202,0.2987388749868,0.2624562371845,0.2405545541373,0.2614328795081,0.0851951520361,0.3112841984302,0.4163243903360,0.4309637328156,0.1542167401283,0.0173710331528,0.0366786143789,0.3672907301688,0.3086411811412,0.1516917690981,0.6239640579338,0.4704060782846,0.1818564952706,0.0856632967257,0.1136786694160,0.1314994408561,0.3101068943168,0.2080740865622,-0.0998243131008,-0.1405994505927,-0.0868862017968,0.1989606344711,0.3510703305600,0.0131588611370,0.1465976430189,-0.2869500934767,0.4241463438917,0.0223455071452,0.3081500847491,-0.1817694662582,0.2390843087994,-0.0198897244874,-0.0401416379187,0.3475472970323,0.1799545865311,0.2275391767128,0.0071291200341,0.2246143872493,0.1784580413378,0.0559292755674,0.1244876068972,-0.0802133086178,0.4520912449128,-0.0020648546585,-0.0283338324035,-0.0795915067068,-0.1075907012676,0.0230466698884,0.2294355997292,0.2586313534653,0.0090749973235,0.1002215580672,0.0732089043845,0.1455823025821,0.0764548408781,0.1784876471028,-0.1678238000616,0.1240372423103,0.3518798388399,0.3309467235575,0.0682747742141,0.1473727609824
0.2901213675409,0.4776768891120,0.3171959996820,0.6265310287512,0.1348714854703,0.4692807596768,0.6277634431768,-0.1871835671635,0.1266389190501,0.2134084027139,0.0419164747962,0.0388260931192,-0.0179732575877,0.2565154160380,1.0000000000000,0.3664004795634,0.1707779623319,-0.0717251661289,0.1890669699768,-0.1750369476404,0.1477707453953,-0.1436959934254,0.0905125156665,0.1478287077404,-0.2044534536033,-0.0442718100723,0.2025134077971,-0.1010696030990,-0.2541374655839,0.1333871100677,0.1039520102403,-0.0715129852750,-0.0841193914156,0.2962644743058,0.5183845655943,0.3679973097218,0.1507079167932,0.0515104284684,0.6030269485434,0.5781182381980,-0.0023566077205,0.3677097978715,0.7219573568430,0.0163167630589,-0.0415957893632,0.3100755633557,-0.0876300080409,0.3182072143547,0.2102569971227,0.5813250068096,-0.0364145262982,0.2816717287890,0.6255988744706,0.2911345244304,0.4431980668930,0.6496048405710,-0.3645294649501,-0.3437125610551,-0.2874019096228,0.1720948561971,-0.0259041885366,-0.1596251011026,-0.1363178487486,-0.2083377382576,0.2038886046398,0.7341316925392,0.5319438860007,-0.1543373326650,0.1231357146672,-0.2837698921503,-0.2434293584516,-0.1137198106106,-0.0989971516698,-0.1711633331669,-0.2630458900879,0.1727845821238,0.1757053827550,-0.0660451847496,-0.0418931474952,-0.1860931906204,0.1277699247244,-0.3648069625652,-0.0590749121240,0.3885165568470,-0.2555619298516,0.0390154503433,0.1652519151581,0.5521859806118,0.2860147436758,-0.0287768241344,0.4695157184151,0.5690641530531,-0.0679581488693,0.0850670579074,-0.3121903501941,0.3254569141584,-0.2456474115216,0.0651113236250,-0.0545920969027,-0.0560802862809
0.1298860858878,0.3388862850999,0.5773002203641,0.6393675247748,0.4182640966327,0.6137012237974,0.6377316392755,0.3091530539580,0.4847064812147,0.2169860234165,0.3015637741429,0.2523512617931,0.2554077949566,0.2249392888225,0.3664004795634,1.0000000000000,0.4453403337826,0.3949063843353,0.7750855924641,0.3630392467225,0.5358153193302,0.0825314094159,0.0749145184765,0.5089940172282,0.0082519997793,0.1142713744316,0.2960929361645,0.0619261446647,-0.0085137323835,0.0161662810971,0.6975990606402,0.1095584662452,0.2321985854377,-0.0413320885631,0.5225690405015,0.6586187746982,0.2316985187654,0.0962243856545,0.2774583843879,0.0090302255983,-0.0002718092381,0.2227256121836,0.3543072711921,-0.0782346053690,0.0480622263330,0.0679095475997,-0.0083075820977,0.2844064996527,0.0292709774066,0.4409335056152,0.1913053686516,0.3684175910669,0.4477723297378,0.4658198422946,0.5675273200471,0.4066513351935,0.1350261750492,0.2131684583230,0.2903403209298,0.5452094692239,0.0540330650904,0.2698763578221,0.1278279543578,0.0627663629509,0.1904866040361,0.1501523149543,0.6972867008310,0.2847007602349,0.7037999489797,0.3325403299778,0.2809070461040,0.1144179890803,0.3104041312800,0.1327347781495,0.3906576190063,-0.0133308502133,0.2755932936836,0.0920835278916,-0.0168521880669,0.4060086376401,0.0400284863413,0.1642271834063,-0.0597093679867,0.3023594322813,0.0616043671265,0.0312525140710,0.1503759692182,0.4132353470334,0.2498727784921,0.1146517659200,0.2120772874936,-0.0074205225542,0.0316643091800,0.1801715231764,0.0047810625042,0.3392386747143,-0.0610966453089,-0.0169212162855,0.1311984150252,0.1549292788945
-0.0055664940046,0.0890861326752,0.2953136515032,0.3313270426470,0.3890322595759,0.3870852978417,0.2039191130101,0.5048007345327,0.4789052810497,0.4104091216424,0.6206407043993,0.6577119779684,0.7414551384850,0.1757724770052,0.1707779623319,0.4453403337826,1.0000000000000,0.6840951919479,0.5059054598962,0.4613186409744,0.7624065364493,0.3381196897307,0.4473618973629,0.6332961847129,0.1071847543260,0.4148362692245,0.4811223550779,-0.0155712258088,0.1075837951434,-0.0518006447087,0.6571968707285,0.5107291205869,0.6112362415662,-0.0028636718641,0.1876184191778,0.2379478649806,0.5284187600541,0.2612112664157,0.3582340946947,-0.0309213695280,0.1311912900863,0.3227255345501,0.0049171343853,0.1176162103295,0.2120104055947,0.0558621907994,0.1837927812911,0.3702407349998,0.1835336740217,0.4177346155216,0.1729277772696,0.0915173009821,0.0641204723441,0.1384348725152,0.3410765607328,0.0588959765366,0.5562676819054,0.4430434346796,0.5001397015804,0.3804520967533,0.1391870859039,0.5334697527663,0.4248590479715,0.3745636598469,-0.0710609533726,-0.1154319775977,0.1542463557947,0.6151550217291,0.5519318008969,0.4813064939836,0.4012248898046,0.3406211472372,0.5047812182527,0.2173579996593,0.3674401748279,0.1503964142385,0.3506124767596,-0.0743601049841,-0.0648935092151,0.6443225683941,0.1429286472893,0.4007417423932,-0.2455603449352,-0.1212725224721,0.2209146725006,-0.2464747947841,0.3679732972329,0.1501318403772,0.0531463504405,0.1834565387263,0.3343187971655,-0.1668577864107,0.1550235312929,-0.0219818528122,-0.1930792107929,0.3150636172769,0.0600959703685,-0.0022187436086,0.1740192336957,0.1658344881516
-0.2023096163345,-0.0171435173703,0.4118615834978,0.1370589341812,0.4500259444540,0.3691943813558,-0.0922771935604,0.7948668220803,0.4724383174387,0.2152849511449,0.6087994559136,0.5462764085104,0.7239992575586,0.0629661647370,-0.0717251661289,0.3949063843353,0.6840951919479,1.0000000000000,0.4350988498999,0.6466115568179,0.5122644461024,0.3922962786359,0.2232761751761,0.6375222265775,0.1146426621629,0.2854991058948,0.3003527130853,0.1595305217471,0.2172176597396,-0.0929636860037,0.6352321185451,0.3829552163976,0.4877261190036,-0.2923086056464,0.1423706087131,-0.0317860725741,0.4916957465476,0.2002196753806,0.2894904739835,-0.3229291878224,0.2874080741915,0.1666704802829,-0.3431684593524,0.1756134230546,0.2751748749226,-0.1311269806034,0.1455145331961,0.5098629624272,0.1196807346380,0.2560150893524,0.2387921617130,0.1597304357357,-0.2265606503427,0.1523828617178,0.3122777923065,-0.3351626765740,0.7875458332013,0.7971313271617,0.8686334238791,0.3888874827027,0.2530113977575,0.7007179061043,0.4747109237862,0.5114499675761,-0.0614010996360,-0.3285260186325,-0.1590917306982,0.7931869402161,0.5971747598697,0.6937766545248,0.5543286120902,0.3410473261867,0.6870804642200,0.1400128189484,0.4012185119868,-0.1865634703667,0.2569387602943,0.1150939605582,-0.0459650933293,0.7929082181843,-0.1204412145694,0.5434676454519,0.0344492383906,-0.3346973951439,0.4258922571104,-0.1843512210087,0.3623755575230,0.0156421683276,-0.1117075639740,0.2567651570784,0.3905850932686,-0.3893382285179,0.2268350695185,0.0501884791038,0.1946835999494,0.4046365521641,0.3500737523831,0.0892536125708,0.3594558859791,0.1646974240745
-0.0235014284664,0.3080874498580,0.5816665955185,0.5197411099037,0.4915613110499,0.5044122395487,0.4096707235521,0.5238336768587,0.7042881643429,0.2887180665322,0.4566267282500,0.3904353618197,0.4221793572831,0.1242557678961,0.1890669699768,0.7750855924641,0.5059054598962,0.4350988498999,1.0000000000000,0.4624395381118,0.4847482871527,0.2192949769286,0.2027356470377,0.4293377334002,0.2639530178859,0.2132822702336,0.4319421829855,0.0776107870597,0.0518993155965,-0.1130478135831,0.5719400493792,0.2382680038677,0.3687720354236,-0.1066612571947,0.1961943096259,0.6106020135686,0.2352844802687,0.1593926830094,0.1392620563436,-0.1397406520879,0.0968470249132,0.2709935273714,0.1456961131464,0.1881068357966,0.1405960176077,0.0890934862677,0.1398147653828,0.1981643652853,-0.0394684474208,0.3675660208572,0.2274104061597,0.4330178518524,0.2349690117427,0.3702298483765,0.4688701011279,0.1984134752144,0.3501564440478,0.4438135059234,0.4714177150219,0.7045492015591,0.1119993147173,0.4354337802545,0.3183803880152,0.2803081321620,0.0716853053609,-0.0557453712930,0.4367492662968,0.4096322343818,0.8252527499224,0.5770076745196,0.4405113687826,0.2576133853408,0.3958052474731,0.3314084527504,0.4505425619223,0.0037540064102,0.3682606468575,0.0913816540413,-0.0846344655991,0.5062784068902,-0.0327626713462,0.3626792801944,-0.0927745510960,0.1461438414559,0.1775086023990,-0.1013991398910,0.1321615908861,0.1916229045736,0.1439577296509,0.2548491948751,0.1183951654528,-0.1686633397326,0.3073621146978,0.1854169483487,0.0670251273620,0.1867826318842,0.0104094666335,-0.0941826034953,0.2336634409910,0.1507451675281
-0.1735114162849,-0.0406712920816,0.2944192310727,0.0000912208932,0.2712162592809,0.2881466614331,-0.0979374507498,0.8133763735930,0.5968184429320,0.3231338465060,0.4503467045474,0.4826415553368,0.4770353003421,0.1833430733708,-0.1750369476404,0.3630392467225,0.4613186409744,0.6466115568179,0.4624395381118,1.0000000000000,0.4661315934648,0.5104654985468,0.2769340089842,0.5284844346139,0.5744107494455,0.4741398739093,0.5230462450073,0.2411674609442,0.3145769323101,0.0663402451907,0.5668415704754,0.4760762827885,0.6080207539840,-0.1829642758052,0.0529107957467,0.1807997400565,0.3827068403993,0.5696784853614,0.0779934471723,-0.2939058031494,0.3870527585774,0.1360998903079,-0.2668721827047,0.5026967243404,0.5576652064811,-0.0010846621541,0.2732939177344,0.3800730130131,0.2128087116883,0.1885205159834,0.0738916402299,0.0090136625890,-0.3853023054730,0.0474379853138,0.1760586225767,-0.3945351429961,0.6471901136069,0.6884947303365,0.6745235897960,0.5757777289520,0.1856009716927,0.5483681322361,0.3588639760159,0.2771948219401,-0.2219171451547,-0.4651580216470,-0.0961354042714,0.4882850410028,0.5762987615407,0.8274294859584,0.3837983501399,0.3378910769951,0.6229009884456,0.6100296472018,0.3450329429324,-0.0602112682254,0.4079000390301,0.2169359816221,-0.0338469329412,0.5877354799572,-0.1130261150542,0.5700479843869,0.0071628586799,-0.3506816666387,0.5043258988353,-0.1905370610207,0.2427326869273,-0.0336460328971,-0.2015145962666,0.5832411568320,0.1870214120286,-0.3793435205131,0.5527406500629,0.1367199131029,0.1650146231040,0.2761383921371,0.4201116124708,0.0823467631489,0.1906846993734,-0.0027600132640
0.1242359505130,0.2545184714081,0.3425784829675,0.4393272662616,0.3812729855380,0.4580622041040,0.3305913153795,0.3622396779758,0.3728180750767,0.4734808845222,0.5167079849649,0.6242725201090,0.4923433337732,0.3838004367848,0.1477707453953,0.5358153193302,0.7624065364493,0.5122644461024,0.4847482871527,0.4661315934648,1.0000000000000,0.3861072623504,0.4784773966307,0.6598743724043,0.0928719388978,0.5251354142982,0.5096546841729,0.0557624702369,0.1413701785188,0.1642340294502,0.7249077408814,0.5527847418114,0.5838452641384,0.0662254479672,0.2019869888098,0.3445863924431,0.4254271029612,0.2883781481390,0.1290813617014,0.0514351140766,0.2017346449350,0.3798761276294,0.1180885644581,0.0567622318907,0.1470207697619,0.1891061489015,0.2832027460533,0.1867694150739,0.2231776876794,0.5995415437371,0.1054353822325,0.0996020407296,0.1497579837303,0.2131406590135,0.4205200331973,0.1786994949563,0.3450821155261,0.2550637575731,0.3392736139266,0.3770865524169,0.1323621758774,0.4260191402953,0.3220188014012,0.0822339571175,0.0072484580057,-0.1913294829966,0.3511761237821,0.2918270738060,0.6131081834143,0.3915687518559,0.3464743978776,0.3636753365287,0.5131914291870,0.2910293388814,0.4654985053434,0.2046734615897,0.2934801731895,-0.0002906912885,-0.0062965875631,0.4751115522870,0.3256565174498,0.3615449129194,-0.2260368596297,-0.0961513957314,0.0734703098883,-0.1145613344555,0.2369466174366,0.1356026657906,0.1457470557283,0.0707338708906,0.0587160277886,-0.1066639639097,0.1334239203070,0.1109324162870,-0.0991644434392,0.1674139633605,0.0590941453412,0.1229750607603,0.1070927597332,0.3021585643834
-0.0036350197959,0.0898279355564,0.0280060653982,-0.0217659217343,0.2537024187069,0.1756925820951,-0.0743942306390,0.5142012196321,0.3499039160784,0.6264781299857,0.5121353143937,0.5273776005935,0.4183781856600,0.3654608956195,-0.1436959934254,0.0825314094159,0.3381196897307,0.3922962786359,0.2192949769286,0.5104654985468,0.3861072623504,1.0000000000000,0.5219841404531,0.2213648676806,0.4166872587665,0.5289969030682,0.5180147125452,0.1628821288093,0.3202160097622,0.3480441730907,0.2774046497135,0.6223724652955,0.5924157788430,0.0788389990868,-0.0847378076041,-0.0081281652818,0.1883805778731,0.4167069114680,-0.0223486553858,-0.1200457929121,0.7042227942900,0.4524210207170,-0.3397025141313,0.3903527534381,0.4209725419225,0.2765215705627,0.6102818674728,0.2003504181542,0.5430889258409,0.3372605437564,0.1665300218552,-0.0579908330132,-0.3012641000986,-0.1033408287951,0.2148882163035,-0.2708650201294,0.4434808353338,0.3993835207413,0.3990000243491,0.3074220765917,0.5252734740412,0.4079568339541,0.4478629703965,0.1858259909279,-0.1581988444183,-0.4132006724648,-0.1656650927308,0.2387018716745,0.3987153877753,0.4287783427883,0.2769167661374,0.7433435678084,0.3115305228307,0.4683182425528,0.1670188669907,0.1236847007215,0.3423375387116,0.0941938620415,-0.0329348836780,0.2720234834995,0.2394990926862,0.5130906963255,-0.0166290478206,-0.4365741847518,0.3472177194055,-0.0809103302886,0.0835789890127,-0.1508461387714,-0.1786955525549,0.3256609101451,0.0249655529638,-0.2862232546387,0.4238859526030,0.1134093889237,0.2859135609514,0.1622313951220,0.5689858631772,0.2570048033152,0.3988960255796,0.1322268507635
0.1922552641193,0.1817906790504,0.0561414035470,0.2186203135696,0.2487619846338,0.2173096508483,0.1133536354863,0.2161454090129,0.2574505504506,0.5925520173441,0.4281770028940,0.7060721788895,0.3844430810838,0.3545390868862,0.0905125156665,0.0749145184765,0.4473618973629,0.2232761751761,0.2027356470377,0.2769340089842,0.4784773966307,0.5219841404531,1.0000000000000,0.3740571114448,0.2019557720914,0.6824605038472,0.6351223584652,-0.0466527278790,0.1177785561763,0.0823929560393,0.2109601685547,0.7545492117920,0.6313376550520,0.4188192901719,0.0001719598109,0.1934119948660,0.3807579919657,0.2783390856879,0.0059246623060,0.2170795662085,0.3991970982602,0.5729984360652,0.0718541104165,0.2354911817152,0.1161063646339,0.5968135303867,0.5956811526237,0.0931698681373,0.2764524920154,0.4907315698540,-0.0008963087954,-0.0402736150049,0.0028433564235,-0.0567657746771,0.2164899919845,0.1078381421162,0.2381314467729,0.1047684508213,0.0757153843686,0.1728449166862,0.1819579618488,0.3673980166252,0.5290076040311,0.0712103027990,-0.1450896660077,-0.1588475348450,0.0737726207093,0.0897000931458,0.2915115268893,0.2586073447992,0.1251638804014,0.6976149865378,0.3938681010831,0.3093053710671,0.1728118279995,0.4650416284586,0.4476133809717,-0.0777609645971,-0.1698041866101,0.1698120003872,0.5323434173809,0.3761555300984,-0.4312429280062,-0.1409376217414,0.0153196293631,-0.0799588159310,0.2499770563258,0.0129430493216,0.1318695753166,0.1353839941872,-0.0275016762771,0.0095136792242,0.2479995916247,0.2658251020128,-0.0740039952416,0.0020296951030,0.0580847520978,0.0979912755311,0.1959043598457,0.2415094987287
0.1422137553904,0.1148735886879,0.3153885519783,0.3105042175965,0.3366763011600,0.4871016167302,0.2450016135261,0.4210209518283,0.3785552176937,0.3651078660412,0.3229279681975,0.5380860676948,0.4399446855035,0.3409091855068,0.1478287077404,0.5089940172282,0.6332961847129,0.6375222265775,0.4293377334002,0.5284844346139,0.6598743724043,0.2213648676806,0.3740571114448,1.0000000000000,0.0015772481625,0.4290973222595,0.4375805673946,0.0250125043644,0.1589616434548,0.0420320983037,0.6934031411446,0.3934228091554,0.4048263704555,0.0579004866721,0.3894631719295,0.4158067015195,0.6730611915736,0.2938726338908,0.3569850585217,0.0497630437465,0.1307489161429,0.2123756117406,0.1002071324272,0.0045440365340,0.0952935391465,0.1671924708297,0.1158950965878,0.4294410863072,0.2490724658105,0.4611487778107,0.0484765186471,0.0043333445895,0.0564063727597,0.1841079974053,0.3031728209330,0.0794441097838,0.3922123896273,0.3301958850137,0.4216138163876,0.3671181633250,0.0578537188511,0.4352153698019,0.2799651701709,0.0968986361507,-0.0560094071153,-0.0953840910618,0.3015230744342,0.3422741112378,0.5766868452995,0.4712239846879,0.2459806395458,0.2344236523457,0.7908482952777,0.2117984046087,0.3569579396137,0.1813409585663,0.3276163664627,0.0140787548803,-0.0132362255230,0.5387486085912,0.1689086531188,0.2562343133991,-0.1957293330006,-0.0412529183923,0.1285488027280,-0.1340721527121,0.5499160104330,0.3612793354843,0.1516407404454,0.2361489058387,0.3580843318332,-0.0578031958421,0.1230111083052,0.1874328408536,-0.1657540915894,0.3585965736312,0.1444144565215,0.1340503437164,0.0052900478046,0.1783913333579
