1.0000000000000,0.4495174213256,0.5709021372239,0.2212818528542,0.5727808082030,0.4475509816424,0.0954137804502,0.0043463472490,-0.2080868086932,0.3301899174579,0.1165905135040,0.2226446696139,0.0343507257020,0.6861228503521,0.3931763659687,-0.0088249333053,0.1054887327818,0.0691473381156,-0.0814102013678,-0.1383632458753,0.1480170645285,0.3935373820108,0.2647578292156,-0.0141005198981,-0.1896971363518,-0.1106498822590,-0.1494243587946,0.2027298808500,0.3229436321866,0.3937826804533,0.0317091934779,0.0321891934574,0.1454509973316,-0.1030135602836,-0.0670005254135,-0.0586098329638,-0.0486387908093,-0.0450878333917,-0.0449939043719,-0.0092406448790,0.4258217813536,0.2678321708035,0.0000420976716,-0.0569495988321,0.0484230647393,0.1885351635868,0.2301304338297,0.2079625812330,0.5941761083082,0.2604169498338,0.6267903497567,0.4564227053218,0.0587161748473,0.3958522364955,0.2623732097102,-0.0995331266982,-0.0463277995656,-0.0544537120808,-0.0701876190953,-0.1203066652122,0.2049600195519,0.0069262925369,-0.0460091572842,-0.1129496785307,0.3031809894669,-0.1248779148218,-0.2311071026566,-0.0008742214961,-0.2489785599720,-0.2493213050036,-0.1117896450715,0.0534745457449,-0.1479296838674,-0.1773290328103,-0.1989796144568,-0.2293390329432,-0.2251194700417,0.0208334422199,0.1613409485242,-0.1021958778159,-0.0250803521932,0.0240333896347,0.2199821371771,-0.1940956889674,-0.0532796850277,-0.0371158897219,-0.0384962769296,-0.2633542832453,-0.2511646728320,-0.1211398265232,-0.0669712145268,-0.1484291200321,-0.1330736954277,0.2056899871341,0.0977104729135,0.0706765305006,0.4244718894010,0.3017808402655,0.0321341468475,-0.1276057537812
0.4495174213256,1.0000000000000,0.6519412695967,0.1125645854491,0.2706830999902,0.3665955298977,-0.0094087143607,0.0599865172799,-0.4329502878273,0.2610489601465,-0.1797705592951,-0.0599187610934,-0.1217357492187,0.6636578658414,0.4910786741949,-0.1912079997233,-0.1142154418289,0.0038826909996,-0.1507475192330,-0.3729030746140,-0.1340896573113,0.3834558579462,-0.1219339958122,-0.3563201676646,-0.4168298010351,-0.1448404277067,-0.3982097010881,0.2226446867505,0.4484862263421,0.6048477154387,-0.2504962441246,-0.2581872537588,-0.2044465739340,-0.1567623023543,-0.2308152386036,-0.2961900751316,-0.3381290964970,0.0181764421559,-0.2681275908759,-0.1345653924905,0.4512870427671,0.2108777936927,-0.2391470310548,0.0489173495967,0.1248507984485,-0.1025661506871,0.0129674278635,-0.0173966257296,0.6250457888125,0.1256821587302,0.4741486274771,0.8258171276618,-0.1438991548622,0.2571798851319,0.1054683175588,-0.3505591932742,-0.1010783408143,0.0677285770938,-0.2473439722383,-0.1504695529586,0.0618618066992,-0.3977249401775,-0.4173969912734,-0.3650336963742,0.6123480618448,-0.2852057940505,-0.4234555651025,-0.2217905501228,-0.2307361123527,-0.3864016891835,-0.3583802708102,-0.2310469066010,-0.3596743497796,-0.1771763017533,-0.3411680296398,-0.2804761532032,-0.4240166264371,-0.0537187480217,0.3898939923850,-0.4544542245478,-0.2524305122491,-0.2912503676772,0.4227623225704,-0.4363987334851,0.1013366450139,-0.0226159254338,-0.3310795677837,-0.4632417530788,-0.4172228920744,0.0298148899792,-0.2336226279321,-0.1518651077570,-0.1200880543722,-0.0638122807677,-0.1794965819274,-0.2278274270000,0.5951069528649,0.2637488076699,-0.2659832084276,-0.3061046004308
0.5709021372239,0.6519412695967,1.0000000000000,0.5380635729372,0.6670677195830,0.7174589953189,0.3660230900848,0.2285438318803,-0.2246028054073,0.5326598724065,0.3032926134554,0.3791626005374,0.2630375529452,0.6273565656231,0.5577338930805,0.0818913725194,0.2048073364647,0.2196090619860,-0.0636239623518,-0.0789123368622,0.2545745614787,0.5108935136089,0.3072289990271,-0.0500387663557,-0.1731637158392,-0.0120480757508,-0.0805856498122,0.0905620800824,0.1563290826455,0.2095902275122,0.0332568537359,0.1357492548484,0.1693880533305,-0.2101410957175,0.0019085774280,-0.1566952845810,0.0376794901292,0.1449669950896,-0.0691851428405,-0.1093323266865,0.4495116189884,0.5125590034616,-0.0146879710133,0.0734494012820,0.2162841806272,0.2833140136275,0.2812759751847,0.3097753050028,0.5219210332242,0.3737902834782,0.6311003952172,0.5104229346112,0.2619454644522,0.7106158014082,0.5005329347648,0.1218893145777,0.1121980939172,0.1290086447877,-0.0620514684515,-0.0063008893186,0.2790893448315,-0.0000599895534,0.0215465877190,0.0053060221058,0.2862907354086,-0.1768644104861,-0.2933803033659,0.1260180392512,-0.2082542830179,-0.1582098183322,-0.0772222043072,0.0358494849872,-0.0908404721436,-0.0279159271577,-0.2405499690760,-0.1715609938811,-0.0817834345875,-0.0534922412685,-0.0137483976102,-0.1593796606313,0.0360141397561,0.1127926444806,0.0563686294041,-0.2739501060236,0.0865900121503,0.0213232823820,0.0237117194770,-0.2284864328491,-0.3826728380803,0.0763982076616,-0.0125299816653,-0.1997351437511,-0.0050284901450,0.2022801332768,0.1949206345173,0.0567038007385,0.2537154655029,0.2605692799521,0.0050682753251,-0.2178819613705
0.2212818528542,0.1125645854491,0.5380635729372,1.0000000000000,0.5579293302568,0.6554080241115,0.8533343671243,0.4230542059392,0.3091668528782,0.5847154656027,0.5989906552065,0.6375219374402,0.5558899679298,0.1123224433802,0.5421043576102,0.6318773382415,0.6225082819395,0.5448218958870,0.1333143330895,0.4698519825681,0.5694854645338,0.4039746315037,0.5889988593118,0.5202392885281,0.3371429307013,0.1996441473517,0.3882645142414,-0.2449343825370,-0.2295984343983,-0.3602478255896,0.5244561866206,0.5216625315270,0.5742948877708,0.0194534707283,0.5418416771949,0.2362541394504,0.5255678883132,0.3028348058729,0.2922979454114,-0.0086530972509,0.2004887276485,0.4433166325142,0.2943747355520,0.1480952684697,0.2110127385302,0.4913659135873,0.4841380501219,0.4337337066669,0.0850068455043,0.5683945189433,0.2895149233728,-0.0169318152755,0.6883152945746,0.7302708944931,0.6342076715624,0.7222253275198,0.4224185319787,0.2120052844929,0.3593528419594,0.2759342154057,0.3939055596968,0.3029909787489,0.3208882529970,0.4330272517827,-0.1730173424161,0.1502422039238,0.2062276267930,0.5687277631136,0.0017405525844,0.2814947291541,0.3630651134117,0.2644908892085,0.4681255750306,0.2679088783794,0.1742993766326,0.0804331705024,0.3716304056244,-0.3136188787611,-0.4254549420343,0.4532798337119,0.3870526170541,0.4743751264955,-0.4655369741650,0.1949545271551,0.0161978089002,0.1688299808438,0.4888802627165,0.3322420735014,-0.0366153254248,0.1498205342017,0.3052660855671,-0.0530531374077,0.2203618878953,0.2779783467410,0.4106185708860,0.2719317829553,-0.2715029760761,-0.0308561802804,0.1043805767100,0.1446140879972
0.5727808082030,0.2706830999902,0.6670677195830,0.5579293302568,1.0000000000000,0.7784380696174,0.4369101112804,0.1635253101192,-0.0329074627900,0.6600868155554,0.5536664251577,0.5904054534836,0.4725509937369,0.4648736284764,0.5570551676677,0.2684938436774,0.4766234827389,0.2914495904475,-0.0761979983913,0.1192152113648,0.4897078646103,0.6204005268138,0.5906856651114,0.2127298762514,0.0024493659694,0.0905152967665,0.0801059654443,0.0057815992399,0.0527740839522,-0.0952337318121,0.3181778839664,0.3500437577554,0.4296309536624,-0.0347872532350,0.1928437800596,0.0288632791920,0.2815696164665,0.1199679085744,0.1238222298484,0.0102289315471,0.4492395603652,0.5075820646605,0.2098329326093,0.0737928507300,0.1430023822197,0.5439867116725,0.5008507423005,0.4725590979200,0.5468888273184,0.4965451325336,0.6472156234640,0.1693938625161,0.2717933840396,0.6747934396154,0.6734701777790,0.2357216827248,0.1768495485784,0.0133906010279,0.0716339741813,0.0139357212475,0.4524791876218,0.2806191385417,0.3029285337799,0.3097047971258,0.0475421608907,0.0093861323350,-0.1670084401754,0.3327323824269,-0.3043895920246,-0.0370321118439,0.1860507990356,0.2725388777558,0.1169440151591,-0.0056642624953,-0.0167133890142,-0.0545919809522,0.0995141926962,-0.0661868655039,-0.1428266665362,0.1723003007171,0.2741944876972,0.3561363411067,-0.1439398105169,-0.0314490275515,-0.0118357451019,0.2072856735936,0.2789787013419,-0.0879981443034,-0.1418289092648,-0.0309488436659,0.1480204489511,-0.0506166384711,0.0813878154342,0.3867107736423,0.4372208785765,0.2574388936600,0.0783805775161,0.3425751477551,0.0950323659116,-0.0416883710548
0.4475509816424,0.3665955298977,0.7174589953189,0.6554080241115,0.7784380696174,1.0000000000000,0.6173676354071,0.3032861717417,-0.0319023744123,0.7332128848098,0.5078176071255,0.5499104290615,0.4304875329231,0.4405716618021,0.7011128112728,0.3761237824734,0.5061153043329,0.3349516442044,-0.0259934824015,0.1621134616121,0.4208053460640,0.6674543337978,0.5201744846692,0.2691830425997,0.0019852127173,0.0556348348308,0.1470119579609,0.0662449382938,0.0257604068516,0.0074908007885,0.3281857880448,0.3720263205006,0.4993532485434,0.0492637701963,0.3153858458416,0.1349888793140,0.3835613602347,0.1877491547037,0.2141216077017,0.1538383635153,0.5016688527480,0.5579139040736,0.2648567501008,0.1330542966766,0.2154890351029,0.4811236272216,0.4972966446738,0.6272717898546,0.4916023012518,0.5403538365842,0.5782186366630,0.2533275781098,0.3184758748485,0.8140514675439,0.7787902065934,0.3107779319624,0.1857355049060,0.0603831856393,0.0941227091406,0.0727927358511,0.5452148409219,0.1781764949384,0.1572753102444,0.2056269082695,0.1134084042329,0.0271598248893,-0.1109685651328,0.3669222375519,-0.2102034854354,-0.0343452061706,0.0545087624994,0.2209472425376,0.1634850183775,0.0655179352620,-0.0641976844522,-0.1997735985283,0.0704778159287,-0.0914943163688,-0.1654269491782,0.1802260966971,0.2276511471058,0.3477093887175,-0.1289290295464,-0.0110811358587,-0.0401636522573,0.2104898959253,0.3896299633840,-0.0375505804970,-0.1663477913290,0.0299401047522,0.2931643479942,0.0228060733919,0.1148170955866,0.3975225881274,0.4232103429717,0.3406917193869,0.1224093423588,0.3107714840882,0.0371783442685,-0.0936010626947
0.0954137804502,-0.0094087143607,0.3660230900848,0.8533343671243,0.4369101112804,0.6173676354071,1.0000000000000,0.3635223989937,0.3091932896846,0.4697467341551,0.5794538348862,0.5617336121058,0.4446140247448,-0.0478694381556,0.5065329708515,0.6628754087577,0.6692798764090,0.4903218459325,0.1013551481030,0.4475724556270,0.5317064250437,0.2808623192230,0.5062957457459,0.6478088547406,0.2984470830999,0.0828669541746,0.4286905836341,-0.2725371253123,-0.2701563065316,-0.3623966495406,0.5939089080697,0.4126803098248,0.6028838827735,0.0462177262770,0.6616349297910,0.3371609415763,0.6479161838226,0.1858321477121,0.5410436782540,0.0936899620579,0.1100005444071,0.3303624301200,0.4670299179113,0.0877264878456,0.0905088123427,0.3670611064372,0.3269425199765,0.5021813801640,0.0819349322668,0.5453347351358,0.2707664408463,-0.0899009936494,0.6920691872337,0.6642085021600,0.6958944531258,0.7957706618522,0.2962942574046,0.0789479049044,0.3046995989326,0.2239979041471,0.2951293013938,0.3072697717430,0.2691685830118,0.3431569877117,-0.2228870481284,0.3104421186904,0.2684192685801,0.5496296222055,0.0267021591534,0.2392419984919,0.2444116408870,0.2696390556720,0.5666188680765,0.2147962662574,0.1642292814905,-0.1281703543292,0.3303541782871,-0.3223191919098,-0.4631681423650,0.5331926595413,0.2160596573314,0.3764164842807,-0.5050473204791,0.2685922561232,-0.1918232982407,0.0619269681475,0.6273455046647,0.4685335610999,0.1246346079245,0.0282975940051,0.5684232336038,-0.0195111541965,0.1215063488723,0.1757341369460,0.3120985944989,0.3636373415262,-0.3449474990057,-0.0868092507210,0.1449584052466,0.2107764000810
0.0043463472490,0.0599865172799,0.2285438318803,0.4230542059392,0.1635253101192,0.3032861717417,0.3635223989937,1.0000000000000,0.5122445096127,0.3853436803977,0.3782612937400,0.5145290360862,0.6021004607776,0.0459024502038,0.1004452203812,0.4254302082556,0.5396172299708,0.6038826400431,0.3970724902951,0.6235326379744,0.4868059520777,0.3612813747621,0.3668936957826,0.4186991523623,0.4696778883988,0.4052378989413,0.2629883692054,0.1064848693399,0.1497994152219,-0.0732291400611,0.4771319868513,0.2802299671552,0.3276083450257,-0.1457143306077,0.3382564127794,0.2157855048922,0.3997822396106,0.6150049084097,0.0238632465645,-0.2055766030359,0.3156616157162,0.4147250936306,0.1003622068602,0.3779677236927,0.5980581552385,0.1986776428411,0.1666649100377,0.1189110794121,0.0042064174013,0.1791464591827,-0.0835930873119,-0.1383586967605,-0.0200631133326,0.1816708372857,0.0223200262719,0.1873888312371,0.6828701575927,0.6268654410036,0.5711458835776,0.6083012283214,0.1798993861634,0.0767067888913,0.1819632211376,0.3902605959959,-0.2537028252987,-0.2847729811671,0.0339283955296,0.4787459356943,0.2677728489746,0.5235708439609,0.2853631462781,-0.0996394734385,0.4624517710549,0.5347770456414,0.1754118150001,0.1966459373378,0.2973516799055,-0.0283811531804,0.0690082810092,0.3460830831835,0.1052623750658,0.3509742413954,-0.2261136395016,-0.0530063249731,0.3595601091301,-0.2021722801783,0.3544597428625,0.1203072460768,-0.2576145553311,0.4152085724603,0.0646612807046,-0.2872903375985,0.2708011926364,0.0280305843776,0.1208282995714,-0.0259837389614,0.0725203345037,0.0248470607792,-0.2133750668072,-0.2305396720723
-0.2080868086932,-0.4329502878273,-0.2246028054073,0.3091668528782,-0.0329074627900,-0.0319023744123,0.3091932896846,0.5122445096127,1.0000000000000,-0.0077373921425,0.4009154293135,0.3112908475881,0.3613370267498,-0.4374366964564,-0.1729353415514,0.5489257620237,0.3938309304890,0.5491344043946,0.3536258596471,0.8256922309781,0.3062114629205,-0.0943144724018,0.2960337851613,0.7000852410778,0.8572371461881,0.2632654138033,0.5183861119712,-0.2439797960664,-0.3003976805520,-0.4482464841089,0.5133059267287,0.3882454366746,0.3485150121043,-0.0332296017037,0.4832488826941,0.4453656312332,0.4897198489412,0.3427616581335,0.2737021471953,-0.0496406353442,-0.2233089379212,0.1067678589018,0.2672922350548,0.1804665205733,0.1790718944176,0.1351713873682,0.0423981580921,0.1402177423009,-0.4218965996853,0.1131983035797,-0.1992340304069,-0.5595703760905,0.2303646732613,-0.0054822738484,0.0074525256274,0.4658715179815,0.5848388207198,0.3728306495696,0.8033404120892,0.7521400796813,-0.0368246413805,0.3960523586834,0.3191267093807,0.4422872555853,-0.5086830910364,0.0145398821550,0.5086814462022,0.5502225100789,0.4490082600260,0.7407165782771,0.4106335054383,0.0886849385393,0.7495474969437,0.5676220330225,0.5037130891803,0.3079505202666,0.5322074673525,-0.2074506206708,-0.3296234191770,0.6753408290839,0.1813544996549,0.2936291032634,-0.5705852346160,0.3279476072490,0.1361665908736,-0.1296088358817,0.4563032355170,0.5169968337237,0.1479770106492,0.2355525495661,0.2005712463697,-0.1321510678148,0.2608568650218,0.0660588734925,0.0937819972174,0.1277318175434,-0.4844754048356,-0.3016870056465,0.1350106315835,0.1325031217806
0.3301899174579,0.2610489601465,0.5326598724065,0.5847154656027,0.6600868155554,0.7332128848098,0.4697467341551,0.3853436803977,-0.0077373921425,1.0000000000000,0.5887586112705,0.7082511046499,0.6419360021097,0.4194024979800,0.5858168913322,0.2566990787995,0.5206225250482,0.3743515413166,0.0183923614637,0.1480845098505,0.6123277614434,0.8051188334112,0.5867809506362,0.1725589028301,0.0267455945012,0.2576116293925,0.2031716862717,-0.0085282552583,0.0123593190843,-0.1375670080957,0.3002607750137,0.3990421624017,0.4650833353657,0.0658282843406,0.2453137339775,-0.0051580894434,0.4184524808817,0.2653463401648,0.0062135067623,0.1418866804787,0.5724966480414,0.6123627814934,0.0408240837558,0.1476607832524,0.3014417455248,0.5766198663854,0.5991701322217,0.3401059377379,0.3243105204560,0.6155882702954,0.3131228164549,0.1430347682894,0.1910112603448,0.5801839738016,0.5202435225984,0.2449735116730,0.3101463080658,0.1531994937034,0.0750414755984,0.0548314008282,0.7161624824810,0.1996498958014,0.2953939732219,0.3890722383721,0.0953685248664,-0.0814625683462,-0.1801932304128,0.3537116785218,-0.2684644204645,0.0184101798299,0.3635051599658,0.3109257796546,0.1464703808337,0.0924080894385,-0.0842594812378,0.0209540667616,0.1874074101559,-0.1558843292738,-0.1656633270535,0.1143285963826,0.2617403365357,0.4423102901665,-0.1499809165335,-0.1063070330769,0.0694582219073,0.1942093919374,0.4099635196564,-0.0456399535182,-0.2506800192615,0.0905176101594,0.0850164582914,0.0721199684536,0.1280429040859,0.3490805875732,0.4029776739789,0.1856724019763,0.1154312651956,0.2323387048074,0.0436277495869,-0.0173671576939
0.1165905135040,-0.1797705592951,0.3032926134554,0.5989906552065,0.5536664251577,0.5078176071255,0.5794538348862,0.3782612937400,0.4009154293135,0.5887586112705,1.0000000000000,0.8504067148565,0.6613343086163,0.0061327769365,0.3089464963191,0.4461336361228,0.6050870905709,0.5833136227595,-0.0651314643423,0.4408194339151,0.6418227371404,0.3948587348307,0.7807519128323,0.4749541362240,0.3538782674718,0.2751805599137,0.4370579039963,-0.3048716636208,-0.2391500274006,-0.5246064800413,0.4147742992020,0.5983348462157,0.5443072384352,-0.0809541252284,0.4642001576403,0.1259687022186,0.5974948104342,0.1679111432278,0.3485311314590,0.1049735979195,0.1510218565884,0.5153828403101,0.2656814251769,0.0244617736914,0.1348276296714,0.5766430557715,0.4339304863042,0.5401755899819,-0.0098646744019,0.5632275424065,0.2096581921774,-0.3056943882742,0.4313176518010,0.4686404928941,0.5199382042447,0.5027484193066,0.3965204318827,0.0355828004403,0.2690593792516,0.1906117421545,0.4252978856503,0.6712469446148,0.6700815046027,0.5704253775732,-0.2522332902967,0.1854051265110,0.0581193602672,0.5652806214814,-0.2128619447956,0.2481632561050,0.5303922785368,0.4475725899323,0.4615204737817,0.1536402181955,0.0405322177536,0.1368273287128,0.4364434590628,-0.2818197487204,-0.3997708210299,0.3854636794370,0.3315233603654,0.4906725633371,-0.4853085426267,0.0529015310689,-0.0604413882474,-0.0041469601046,0.5223469110662,0.2710352626223,-0.0053977621921,-0.0375729668447,0.3202736642849,-0.0244514238703,0.0876290128634,0.3095230318194,0.4065546280102,0.4312930058626,-0.3671270178194,-0.0802041472278,0.3151403767065,0.2323715549784
0.2226446696139,-0.0599187610934,0.3791626005374,0.6375219374402,0.5904054534836,0.5499104290615,0.5617336121058,0.5145290360862,0.3112908475881,0.7082511046499,0.8504067148565,1.0000000000000,0.7552714123924,0.1519579903788,0.3928270781336,0.4631101233142,0.6709759556839,0.6261895510397,0.0322314101636,0.4431174765208,0.7753095858714,0.5496340126189,0.8931721960656,0.4353403069608,0.3303268833057,0.3881368149943,0.4224920231755,-0.1400283929133,-0.0888775434297,-0.3843828725040,0.4538964617549,0.6278346698144,0.5857262287215,0.0095417907163,0.4418731822966,0.1252046890711,0.5712055123292,0.2982967720575,0.1978783594199,0.0724057080828,0.3540298679108,0.6557995094314,0.2459801295447,0.1720933362162,0.3064008168147,0.6754777062102,0.5643532827792,0.4345563459888,0.1027271208733,0.6746902477176,0.1995441712044,-0.2331170759751,0.2979612048916,0.4616373696587,0.4215095423414,0.3896592620727,0.4779265048039,0.1663565570286,0.2789460816475,0.2297643675412,0.4771027316330,0.5245049081091,0.6379271823586,0.5782665295332,-0.2117502514074,0.0865171935902,-0.0398340304754,0.5897735205328,-0.2153922184802,0.2455813747050,0.5335052433516,0.3826035177890,0.4021689758589,0.2222933759536,0.0259621537874,0.1947431736509,0.4406664458255,-0.1715183417844,-0.2569417690954,0.3206624024919,0.4368529168506,0.5637661449912,-0.3982210983224,0.0104746181542,0.0864137266242,0.0775902040327,0.5200357310461,0.1695067780258,-0.1165441567548,0.0851558104537,0.2170766709417,-0.0126489237319,0.2221037141827,0.4054124615404,0.4705187439264,0.2811646201512,-0.2167741496975,-0.0053718304599,0.1837398250347,0.1616259221181
0.0343507257020,-0.1217357492187,0.2630375529452,0.5558899679298,0.4725509937369,0.4304875329231,0.4446140247448,0.6021004607776,0.3613370267498,0.6419360021097,0.6613343086163,0.7552714123924,1.0000000000000,0.0644558182817,0.2404438437323,0.4880474526308,0.7146815435294,0.6420644640462,0.1937801519189,0.5379444545508,0.7301940131010,0.4542338415763,0.6360232784618,0.4633523371040,0.4548360264702,0.4832952919773,0.5196042014316,-0.1497822973555,-0.0750460231190,-0.3403054349504,0.5460631490974,0.6442877626317,0.5776587634511,-0.0489183762208,0.3937113035698,0.1573367586179,0.5880030047134,0.5865527067550,0.1345027548838,-0.0655873380166,0.3342942547513,0.4962338096096,0.2357951936161,0.3537272856971,0.5394871915759,0.4903921321211,0.4485591255745,0.2677521164790,0.0573084310871,0.4347146916184,-0.0053820083536,-0.2494087807100,0.1190564085847,0.3346635031611,0.2916123649754,0.3514029606329,0.6780109446339,0.4071373026546,0.4489505726900,0.3912547927640,0.3811784311526,0.3230739153962,0.5318173465561,0.8197152143776,-0.3047935199911,-0.1045360601955,0.0300553576126,0.6461316048198,0.0070979531781,0.4001160500712,0.5558187817263,0.1586444068097,0.5032189248497,0.4158931237130,0.2229253199333,0.3651878428574,0.5900189632437,-0.1716444831930,-0.2235455656241,0.4305296494493,0.4413527786816,0.6368804947372,-0.4142777100223,0.1061226806968,0.3181672258122,0.0167976814898,0.5385960348665,0.2011720913534,-0.1018912218325,0.3678270354143,0.1856153307758,-0.1239905561398,0.4029203010990,0.1656207515755,0.3917163657471,0.1503853132077,-0.1635577318266,-0.0507580636602,-0.0642018671099,-0.0614676409622
0.6861228503521,0.6636578658414,0.6273565656231,0.1123224433802,0.4648736284764,0.4405716618021,-0.0478694381556,0.0459024502038,-0.4374366964564,0.4194024979800,0.0061327769365,0.1519579903788,0.0644558182817,1.0000000000000,0.4916191256771,-0.1143586116755,0.0583784297590,-0.0260856126822,-0.1170251857501,-0.3093041569654,0.1608859519032,0.5170997689656,0.1092760825386,-0.2752694533093,-0.4026751654420,-0.1006748557764,-0.3197620548386,0.3965002054707,0.5140518185324,0.6209400114169,-0.0859022713297,-0.0946965996701,0.0460049029072,-0.1338146735327,-0.2131065660280,-0.1806625545251,-0.2233418179532,-0.0045438198432,-0.2977169510593,-0.1331320087974,0.6108574503827,0.3448208336854,-0.1667371453451,-0.0497780054260,0.1465440743894,0.1397965129876,0.2363837442676,0.0354058557007,0.7296368186455,0.2168503846450,0.4326159736929,0.5941912150031,-0.1984739473721,0.2608173479778,0.1436162384166,-0.3392487031991,-0.1225733676405,0.0144526698404,-0.2724849784454,-0.2010079981763,0.1959171764917,-0.2756948647386,-0.2040418681410,-0.1908135216073,0.4525752813559,-0.3087556404630,-0.4131080133591,-0.1617231797265,-0.2885444783958,-0.3620563559893,-0.1862865134715,-0.1311210299197,-0.3503792973338,-0.2334346004802,-0.2679005796251,-0.3071809198680,-0.3736012854400,0.1737248152366,0.3628780882249,-0.3364117029223,-0.1489299699009,-0.0995830665240,0.3920131528218,-0.3091819074530,0.0757959511197,-0.0534376140653,-0.2080912476291,-0.4963070226123,-0.3894297025110,-0.0671159181884,-0.2707615187570,-0.2333441900805,-0.2096315042679,0.0767946832838,-0.0681550738662,-0.1226747756031,0.6810240727373,0.4146000749999,-0.2513855616595,-0.3178469370354
0.3931763659687,0.4910786741949,0.5577338930805,0.5421043576102,0.5570551676677,0.7011128112728,0.5065329708515,0.1004452203812,-0.1729353415514,0.5858168913322,0.3089464963191,0.3928270781336,0.2404438437323,0.4916191256771,1.0000000000000,0.2643923915585,0.4244650795463,0.2120402056292,-0.1194694534190,0.0065173682185,0.2820929108596,0.5000809637400,0.3405685963148,0.1504372393195,-0.1330364288824,-0.0149539490066,0.0276226868259,0.0009458660407,0.0250904626784,0.1277140773397,0.1670664507680,0.2223292258972,0.3450165739418,0.1646289953995,0.2685047012780,0.0891890567254,0.2804207958285,0.1179267327667,0.3658281263753,0.2822213041509,0.4320952352281,0.4006460573893,0.3020816690868,0.1381501146917,0.1542865743817,0.3644090204513,0.4279176050540,0.5070753135336,0.4985089989271,0.6244379439391,0.3705600712979,0.4242664818262,0.2310797376643,0.5308654913762,0.6077771830184,0.1153270392480,0.0492955232512,-0.0354186211054,-0.0627015296920,-0.0821796191847,0.3552272580135,-0.0542483340814,-0.0242733287775,0.0364671716503,0.2857341386746,0.2982358281573,-0.1703372438172,0.1728516704146,-0.2811268460294,-0.1745699484375,-0.0624799195213,0.0849481920480,0.0689945522809,-0.0898655148095,-0.1463151183742,-0.2718744787980,-0.0368938431164,-0.1411304969336,-0.1268166502900,0.0175836909048,0.0851722308454,0.0974956133384,0.0017648316862,-0.0524374477009,-0.1355726818512,0.2373998973467,0.2950902082127,-0.0935861291496,0.0105231288151,0.0001819132845,0.3593899966856,0.1692514584762,0.0805671252651,0.1714867669067,0.2283834302262,0.3022472309017,0.1709852497822,0.1133394320259,-0.0634405656093,0.0208050483766
-0.0088249333053,-0.1912079997233,0.0818913725194,0.6318773382415,0.2684938436774,0.3761237824734,0.6628754087577,0.4254302082556,0.5489257620237,0.2566990787995,0.4461336361228,0.4631101233142,0.4880474526308,-0.1143586116755,0.2643923915585,1.0000000000000,0.7114661246972,0.5721796199592,0.4570028946352,0.6510573295323,0.6082153757170,0.1406695768312,0.4701981145555,0.7430169151180,0.5197993643021,0.2317403305436,0.5904010980615,-0.2254193639479,-0.3050508644461,-0.3316399829523,0.8328587873464,0.5532367373242,0.7160653107545,0.1547380370045,0.8412778152222,0.7444759653750,0.5512214909400,0.3410301929189,0.3923470566803,0.0890455158188,-0.0426885907908,0.2987012154161,0.6326950629126,0.1405587196535,0.2259556780165,0.3132696875296,0.3111874168251,0.2881883381661,-0.0840410631588,0.3721247360896,-0.0046511122338,-0.2426678605931,0.3629714787599,0.3012702491479,0.3432149189905,0.5722440575184,0.4444059272598,0.2243738727206,0.5673918141809,0.4419067355847,0.1364094233969,0.2404541328060,0.2359144181012,0.4419661324777,-0.3229758040038,0.1901323644619,0.6399401497266,0.6699785102133,0.3696495011059,0.4839336737302,0.3529608603690,0.0935342137255,0.6666437232512,0.4219044494213,0.5446006549773,0.0910868395513,0.4616966199503,-0.2517984166277,-0.3989394218872,0.7661957646324,0.3451712407704,0.4383774380356,-0.4927562976211,0.6302405991318,0.0078993290276,0.0374303941850,0.5326714579147,0.5760957322218,0.2401140320766,0.1707754397392,0.3057821424320,-0.0742864254161,0.2544387145023,0.1182186366218,0.1603717115225,0.1940959699564,-0.3069900598249,-0.1784349918878,-0.0102556856772,0.0873727111123
0.1054887327818,-0.1142154418289,0.2048073364647,0.6225082819395,0.4766234827389,0.5061153043329,0.6692798764090,0.5396172299708,0.3938309304890,0.5206225250482,0.6050870905709,0.6709759556839,0.7146815435294,0.0583784297590,0.4244650795463,0.7114661246972,1.0000000000000,0.5563918542637,0.2286839994329,0.6292314741986,0.7893577194822,0.3916039117226,0.6477555088778,0.7067145917693,0.4409968660637,0.3971265649765,0.5325167045130,-0.0990370810449,-0.0831298436740,-0.2818695738004,0.8041158775049,0.6127420994020,0.8328859533757,0.1741947537450,0.6274237665063,0.4820569193080,0.6609851971203,0.4412419757732,0.3582493315416,0.0565088776534,0.2582345734049,0.4097132388792,0.5468945429811,0.3021304477942,0.3427141122752,0.4371327311234,0.4586918596373,0.3451520829955,0.1686907293475,0.4826015250708,0.0724901767285,-0.2238723577203,0.2421194564477,0.3439851063991,0.4018114338966,0.4355499219418,0.4694022197646,0.2037557883036,0.3860292389508,0.3372657224032,0.2579447027083,0.2563711050933,0.3590876235105,0.6106210491661,-0.3427130447002,0.1388878168078,0.2095406229363,0.6669338141631,0.0445108899142,0.4163521573274,0.3842790214182,0.1533262171260,0.5922820753944,0.3629696956487,0.2879633522394,0.1344026527389,0.4745239705055,-0.1504555676320,-0.2678589426835,0.6279121063207,0.3814122810042,0.6036153996153,-0.4652733367433,0.3133705559979,0.0536067277205,0.0632749088022,0.6372056304836,0.3099948254937,0.1055541517702,0.1986295925460,0.3576816606165,-0.0631151448246,0.3453683377059,0.1388240202631,0.3580362959377,0.2285351561797,-0.1586272140787,0.0117604670094,-0.0839736452787,0.0011656433141
0.0691473381156,0.0038826909996,0.2196090619860,0.5448218958870,0.2914495904475,0.3349516442044,0.4903218459325,0.6038826400431,0.5491344043946,0.3743515413166,0.5833136227595,0.6261895510397,0.6420644640462,-0.0260856126822,0.2120402056292,0.5721796199592,0.5563918542637,1.0000000000000,0.1975133476516,0.5920776724249,0.5302169770902,0.2933816770391,0.5589502958882,0.5810992281099,0.5481008470025,0.3172670779798,0.5139090639637,-0.3260243011796,-0.1347367216191,-0.3148893954630,0.5082446113202,0.5375975598547,0.4707789589010,-0.2236420612209,0.5688263838699,0.1889483478506,0.5638099731697,0.4246102195127,0.2734173835694,-0.1202073133748,0.1196143838533,0.2877788356864,0.1248733910613,0.1484244664840,0.3223734225811,0.2500880246400,0.2433583701412,0.2659190543277,-0.0054581739737,0.3465684617324,0.1005750092729,-0.1246748736239,0.2906980553592,0.3326945009318,0.2755209964966,0.3947720259781,0.6514870465173,0.3626053885571,0.6163996837279,0.3955545097483,0.2364147028672,0.3738619565462,0.3382235482277,0.4841435820157,-0.1482571659793,-0.0071132298834,0.1866358341921,0.7809567146807,0.0494550658084,0.4041649970607,0.4798551076436,0.1660873523386,0.6061832369921,0.4091154480470,0.2515640150785,0.2399859716137,0.5058411215177,-0.4852539459927,-0.2267858877430,0.5218900271000,0.2752965215522,0.4126657697455,-0.4020619694479,0.0628668073519,0.1698719756339,-0.1009542653813,0.5445499377283,0.3712776021715,-0.1211610772283,0.2700700926176,0.2550126292416,-0.2430864892250,0.2295035022190,0.0887101490717,0.1576185680055,0.1857631580414,-0.2092020599877,-0.1472635939793,0.0251948677046,0.1334621065099
-0.0814102013678,-0.1507475192330,-0.0636239623518,0.1333143330895,-0.0761979983913,-0.0259934824015,0.1013551481030,0.3970724902951,0.3536258596471,0.0183923614637,-0.0651314643423,0.0322314101636,0.1937801519189,-0.1170251857501,-0.1194694534190,0.4570028946352,0.2286839994329,0.1975133476516,1.0000000000000,0.3179302343477,0.2379728784727,-0.1103479905799,-0.0292131960390,0.2555861069475,0.2424599435208,0.1028032767443,0.2737544501547,-0.0978842886400,-0.1215902681541,-0.0806632367656,0.4236129817943,0.1197527958429,0.1897288029830,0.0441857953705,0.4162908332978,0.6929125561740,0.2023318594202,0.2511364329609,-0.0366798687219,-0.1294267042833,-0.1172871277841,-0.0568497611481,0.1702431197074,0.0713238532791,0.1410858388007,-0.1445123845157,-0.0692081388618,-0.1300714075325,-0.2184485715606,-0.1096832347646,-0.1509380306265,-0.1024596087375,-0.0210358441659,-0.0123426647918,-0.0907877268509,0.1877859266211,0.3489083598708,0.4248974890639,0.4462895204872,0.4040392837931,-0.0161131475468,-0.0745459189331,0.0397350846309,0.1870120381416,-0.1719733823332,-0.1667607112107,0.5917545651057,0.3165236410418,0.7585826496802,0.4355953997671,0.2627672485499,-0.1235297887951,0.2611106750436,0.3645497559197,0.3546549845481,0.1676504793915,0.2280008395679,-0.0698108224354,-0.1332775566325,0.3952081259697,0.0563173467079,0.2613605917084,-0.1725083918569,0.3523113321758,0.1472097546621,-0.1314499000545,0.1792305159665,0.3125182008863,0.0714301198036,0.2689670711914,-0.0514586108506,-0.1858943068044,0.1670156114538,-0.2168669686749,-0.0414460246215,-0.1106456989758,-0.0152067368008,-0.1540258303608,-0.2143165082256,-0.1896855904225
-0.1383632458753,-0.3729030746140,-0.0789123368622,0.4698519825681,0.1192152113648,0.1621134616121,0.4475724556270,0.6235326379744,0.8256922309781,0.1480845098505,0.4408194339151,0.4431174765208,0.5379444545508,-0.3093041569654,0.0065173682185,0.6510573295323,0.6292314741986,0.5920776724249,0.3179302343477,1.0000000000000,0.4682455976336,0.0569361523117,0.4083013536309,0.7933662242353,0.8943745043532,0.4021662231968,0.6440403847861,-0.1843642882307,-0.2619207128025,-0.4150260923177,0.6724974478301,0.5393856909855,0.6042476770296,-0.0079435761489,0.5164221863755,0.4502867931001,0.6079535309305,0.6073036549878,0.3127779605998,-0.0543869228062,-0.0678227232228,0.2606978126314,0.3434005427794,0.4087853593827,0.4213962937683,0.2708811760741,0.2037199370739,0.2361022546572,-0.2758021193951,0.2082999334170,-0.1794953111942,-0.5225761862950,0.2294583860279,0.1158525409432,0.1133683511060,0.4565124446179,0.6498510729950,0.4576268290472,0.7518950717291,0.7250176734729,0.0065352658410,0.2772051817631,0.2758660102971,0.5247358301710,-0.5817171914615,-0.0145638211077,0.3857116857630,0.6317429608382,0.3763249025307,0.8425998005934,0.3208131473613,0.0199716129704,0.7896687475366,0.7327090819704,0.5098891410327,0.3111875988904,0.6550437170506,-0.1794261183064,-0.3195761614550,0.7412494592247,0.3194200074282,0.4688353219776,-0.5789189150404,0.3224270183078,0.2169487345703,-0.0397019852839,0.5730520318933,0.4123011217350,0.0559413147948,0.4182905683228,0.2654745010211,-0.1354462824261,0.4769875367225,0.1190947221355,0.2194756923213,0.1232085930804,-0.4108239923782,-0.2105346944111,-0.0240976898048,-0.0130207651707
0.1480170645285,-0.1340896573113,0.2545745614787,0.5694854645338,0.4897078646103,0.4208053460640,0.5317064250437,0.4868059520777,0.3062114629205,0.6123277614434,0.6418227371404,0.7753095858714,0.7301940131010,0.1608859519032,0.2820929108596,0.6082153757170,0.7893577194822,0.5302169770902,0.2379728784727,0.4682455976336,1.0000000000000,0.4192187530426,0.6674593609884,0.4938617360664,0.3226720038865,0.4263734272492,0.4477586530734,-0.1489746289402,-0.1144233925914,-0.3394954062394,0.7034456649520,0.5714417877381,0.6968192816693,0.0222063902425,0.5317434155269,0.3772937406183,0.5206380428190,0.2869312202407,0.1050806181776,-0.0849408293028,0.2229859432434,0.5024619212396,0.3797854377834,0.0951145692381,0.2726806402055,0.5037737822530,0.4772512836352,0.1730076425009,0.0587578811015,0.6027560608831,0.1117563992736,-0.1931355972441,0.2639279109258,0.3346344642576,0.2916996876862,0.4017975792701,0.4109119568883,0.1599939667339,0.2692851561438,0.2447120928316,0.3239462025530,0.2998331667888,0.4760693917327,0.5499003259747,-0.2331260663558,0.0400214435891,0.1912239108084,0.5501461193270,0.0163550659797,0.2925851760733,0.5468349078810,0.2117102461757,0.4191667471418,0.2688125255679,0.2426569402198,0.2076463552766,0.3903909859765,-0.1730361507109,-0.2582929421645,0.4468535103866,0.3780294203058,0.5561871777433,-0.4193212653867,0.2421634565468,0.0727913700093,-0.0067210261086,0.4746181169489,0.2660529147819,-0.0158124633900,0.0633971633769,0.0764996446070,-0.1801557045896,0.1345239454427,0.1449345478878,0.2919613241185,0.0854710608923,-0.1876013694444,-0.0171718427945,-0.0150122149583,0.0615655390626
0.3935373820108,0.3834558579462,0.5108935136089,0.4039746315037,0.6204005268138,0.6674543337978,0.2808623192230,0.3612813747621,-0.0943144724018,0.8051188334112,0.3948587348307,0.5496340126189,0.4542338415763,0.5170997689656,0.5000809637400,0.1406695768312,0.3916039117226,0.2933816770391,-0.1103479905799,0.0569361523117,0.4192187530426,1.0000000000000,0.5154387265077,0.0964768127236,-0.0766777101075,0.2223089150865,0.0370606460674,0.2596267788773,0.3246656780715,0.1327728203913,0.2282429412958,0.2692712172224,0.3571027368222,0.0807736284449,0.0761059421878,-0.1315235148837,0.2132644143312,0.2781351283190,-0.1038608493034,0.1376671821141,0.7711167329659,0.5608333162552,-0.0221700494173,0.2235163010757,0.3671774577480,0.5736528991973,0.6115831919865,0.2465471768609,0.5236873778814,0.4456202188652,0.2866894446755,0.1797629270082,-0.0494577074611,0.4306846633095,0.3722467959429,-0.0127936331428,0.2427954128455,0.1747567368654,0.0315018897110,0.0514992741645,0.5933979758362,0.0281880948152,0.0640641074393,0.2119358943696,0.0643991470504,-0.2197290589724,-0.3368083170243,0.2089387904160,-0.3174465882554,-0.0538409303748,0.1317711552181,0.1816515277073,0.0280506224497,0.0745699376020,-0.0898449322366,0.0038123157542,0.0571054952160,0.0261855199354,0.1129115121156,0.0133127356597,0.1973161399287,0.3258052749801,0.0201472756199,-0.1811840087177,0.2050919858729,0.2305713153514,0.2281986803516,-0.2048655105740,-0.2931243173777,0.1471898222599,-0.0239388865494,0.0821089866517,0.1430214106503,0.4401424634742,0.3212773293173,0.0412647843468,0.3265078795036,0.4644774679888,-0.1406391408526,-0.1869386532697
0.2647578292156,-0.1219339958122,0.3072289990271,0.5889988593118,0.5906856651114,0.5201744846692,0.5062957457459,0.3668936957826,0.2960337851613,0.5867809506362,0.7807519128323,0.8931721960656,0.6360232784618,0.1092760825386,0.3405685963148,0.4701981145555,0.6477555088778,0.5589502958882,-0.0292131960390,0.4083013536309,0.6674593609884,0.5154387265077,1.0000000000000,0.4572066766510,0.3382537977967,0.3463878302947,0.4475606378012,-0.0971031058575,-0.1114815018644,-0.3703805145633,0.4545600780118,0.6910293373204,0.6522608688552,0.1688222367583,0.4482280823865,0.1425327464890,0.5149366756619,0.2264093467138,0.1868199683202,0.1765272452523,0.2970851908746,0.5417178545797,0.2462154380095,0.1364795534072,0.1779266991988,0.7079560893584,0.6598891371349,0.4296072029982,0.1209829282341,0.5752805198186,0.2102774000528,-0.2572821483371,0.3129227808483,0.4522574031620,0.4376227730807,0.3856636500484,0.4240867682251,0.0710227802396,0.2924643473533,0.1536612594895,0.4604642772681,0.5738910273680,0.6478229495762,0.5609572186109,-0.2063531997795,0.1178607406200,0.0141731800176,0.6009011358953,-0.2516689196550,0.2078280319541,0.4823951229267,0.5002051332603,0.3728799323330,0.1836052417735,0.0331929772426,0.1991982199109,0.4307092997322,-0.1214199372508,-0.2758390379350,0.3936251265398,0.5521548663120,0.6071361269811,-0.3785456434409,0.0662682385434,0.0237042612754,0.2372373903910,0.4882296374460,0.1897788999367,-0.0932700918290,0.0352988341415,0.1930533481619,0.1079966031639,0.2558292512544,0.5208810389283,0.5749725536477,0.3193676721078,-0.2231766274993,0.0555039959257,0.2430747625432,0.1817742504433
-0.0141005198981,-0.3563201676646,-0.0500387663557,0.5202392885281,0.2127298762514,0.2691830425997,0.6478088547406,0.4186991523623,0.7000852410778,0.1725589028301,0.4749541362240,0.4353403069608,0.4633523371040,-0.2752694533093,0.1504372393195,0.7430169151180,0.7067145917693,0.5810992281099,0.2555861069475,0.7933662242353,0.4938617360664,0.0964768127236,0.4572066766510,1.0000000000000,0.6829681034108,0.1969731122183,0.6711570993156,-0.2402318748826,-0.2712270878140,-0.3997123980524,0.7984578259256,0.5002005200414,0.7064085734813,0.0690866592424,0.6683620193849,0.5403527760570,0.7493638442200,0.3411476155260,0.5311401090979,0.0885804789137,-0.0643924650234,0.1702690560402,0.5264348706987,0.2017863369841,0.1852641212947,0.2659619095230,0.2183781901805,0.3158418748151,-0.1129862037089,0.2982543403282,0.0055380420332,-0.4342614408525,0.3962904156606,0.2506398053219,0.3446540253471,0.6112328637508,0.4881283424383,0.2094897151497,0.6584664298000,0.5268179371043,0.0523969482379,0.3664321795886,0.2632550521699,0.4951799607947,-0.5047771920799,0.1623714578346,0.4656956144033,0.7054579857298,0.2934891862753,0.5905778664311,0.3050244730554,0.1899405139908,0.8905290240945,0.5175092379182,0.4847384708300,0.0692223467224,0.5633984946225,-0.2773607015845,-0.3831414704462,0.8705838624881,0.2417019528600,0.4319216206565,-0.6352231961292,0.4241456554392,-0.0661774374017,-0.0477533352704,0.7256435871747,0.5799984640392,0.1923294270711,0.1545928984884,0.4914324110664,-0.0784259996401,0.2839124423518,0.1322549831713,0.2244497522279,0.2494635095318,-0.4203349383573,-0.1496073488063,0.0930994616949,0.1324923839371
