1.0000000000000,0.2873761460126,0.4409997930145,0.3143099808563,0.7381745787314,0.4221091056981,0.2702239626705,-0.0384094562742,0.0490403884645,0.5570246195046,0.2616247090583,0.4372322960171,0.1905697547685,0.6677143844171,0.2994269036091,0.2421468301813,0.2922444379131,0.2995117081962,0.0447901904095,0.0569045913193,0.1968691930764,0.5687933788795,0.3552396941235,0.2420266908374,-0.0486279064960,-0.0920973951710,0.1568073962499,0.1093764737975,-0.0240123020488,0.2565029008074,0.2505509845118,0.2297963004699,0.1444851824337,0.4104942478928,0.2628724399952,0.1074864466025,0.3526643146012,-0.2167053643380,0.1711648866363,0.4210338706790,0.5468161779953,0.4695176134628,0.1911163528251,-0.2536967657448,-0.1311867757719,0.4959915938052,0.4710427496697,0.3186868895913,0.4476181252249,0.2990469944718,0.5836210677137,0.0879464335024,0.1371411483687,0.3688136814696,0.3609239197609,0.1705901087844,-0.3078534462987,-0.2204243906537,-0.0146653799072,0.0237115689760,0.0876394077921,0.1107355480506,-0.1894871135977,-0.1132755458780,0.1869204439870,-0.1165596537199,0.0257229516694,0.0651657571930,-0.0672562366368,0.0100046227592,-0.2334576012010,0.1693853043997,0.1666665603649,0.0333988803744,-0.1059341027069,-0.4303422752037,0.0668782567958,-0.1149364010770,-0.3276708444116,0.1655429126733,-0.3204838812969,-0.2125850016544,-0.1121728078530,-0.1225669396954,-0.5021423829658,-0.1127479235949,0.2166498000687,0.1582225040419,-0.1938512975803,-0.3604463266535,0.1713502994983,0.0619472686092,-0.3909817492083,0.0017325323878,-0.2236552160889,0.2244438292003,0.0407736567887,0.0358249675116,0.2542988767120,-0.2605019708579
0.2873761460126,1.0000000000000,0.5780704348870,0.2533598536165,0.4711541725103,0.1483825678785,0.1902265475102,0.0101759670555,-0.3268113113255,0.4139415397716,0.0150695587005,0.1513168841503,-0.0647517416503,0.6902666320783,0.3694474045680,0.0115511964023,-0.0389663152204,-0.0116282586062,-0.2132244718979,-0.3611547373784,0.0911561576854,0.2560065859889,-0.0938610187447,-0.2612652908348,-0.3923211565921,-0.1463351118062,-0.4501719180390,-0.0609687069970,0.1693906369844,0.7078659753747,-0.0014595782668,-0.2627462182074,-0.2553698982426,0.1126697626186,0.0569384338912,-0.1612767742552,-0.1151873387314,-0.2393184487584,-0.0062121423907,-0.1362578212813,0.1073446944729,0.3545108533167,0.0324687217315,0.0254485944169,-0.2282750320456,-0.0085373215833,0.0057811112439,0.0933764973333,0.4406049288411,0.3550624079803,0.1030796946029,0.8140704351202,-0.0378377990156,0.3261096565258,0.1011883070660,-0.0469250075603,-0.0241522837525,0.0169231478801,-0.2233408739873,-0.3765697506385,-0.0490702079168,-0.1048694863915,-0.1344468392167,-0.2086933215240,0.5645788098976,-0.1919051731097,-0.3259331105785,-0.3408166608690,-0.2201053727799,-0.4248728754335,-0.1136506103115,0.0672230562641,-0.3667659509084,-0.3656712345017,-0.3238177252927,0.1347005611048,-0.4254249380547,-0.1156485831464,0.3229812504910,-0.3313876694761,-0.3022227116985,-0.1629989987401,0.2820925277025,-0.3633691886937,0.0410878610367,-0.1376124465892,-0.1888176354159,-0.1527273329620,-0.1946162401026,-0.0919546130280,-0.0238194322642,-0.1654611775438,0.0471995010060,0.0544083515087,-0.3210135105380,0.0500729116258,0.5420090261659,-0.1046228012926,-0.0424075772778,-0.2222060586395
0.4409997930145,0.5780704348870,1.0000000000000,0.6037016541723,0.5811849045536,0.6690799241877,0.5446827056082,0.0269064434606,-0.1214340253953,0.5532484980083,0.3296719556378,0.3958067431866,0.1456631129451,0.5161832422467,0.5639512684877,0.3891851138324,0.2417946434745,0.2427879793014,0.0410925498180,-0.1472677912198,0.3672852975038,0.2203474849053,0.0927276055192,0.0713163880105,-0.2617988203747,-0.1431493736781,-0.2032418674853,-0.3194958957178,-0.0792908229498,0.2630646289154,0.2772305320733,-0.0292781946280,-0.0662496246354,0.1170957145190,0.4391239201693,0.2307842490813,0.2296851399456,-0.3118074251135,0.3356494500776,-0.0929851537432,0.0202091980748,0.4205030097935,0.3472015867675,-0.2142962605424,-0.2135042531066,-0.0755586574464,0.0050304518936,0.4448429209823,0.3099710285555,0.5660363722888,0.3640483473210,0.5183876104171,0.3086944240935,0.6744152656695,0.5014439310418,0.2324839577446,-0.0197713460512,-0.1590800312458,-0.1273221291259,-0.1582332376505,0.1860115260708,0.2288579483653,0.0591554652406,0.0686472010293,0.3511398218905,0.1342499271796,-0.0730089506267,-0.0374132740519,-0.1206619586548,-0.1495907299542,0.0127166841187,0.1335727856221,-0.0360919188666,-0.1841046813714,-0.1949184899280,-0.1362987160746,-0.1826248893509,-0.3351983609557,0.0195599597519,-0.0584301783988,-0.2123068648813,0.0199499819330,-0.0256271231805,-0.1612871610183,-0.1935631047924,-0.0942525796643,0.1566361751409,0.1787390444339,-0.0372674208842,-0.2307314059515,0.2994152533686,-0.0765268251606,-0.1741536187975,-0.0937243316487,-0.3170741744816,0.3633535631577,0.2409864552686,-0.1415706903898,0.1511187012294,0.0887021628022
0.3143099808563,0.2533598536165,0.6037016541723,1.0000000000000,0.4292942992453,0.7646864981630,0.8698616254738,0.0665927579750,0.1170543238003,0.3384705071854,0.5136492139604,0.3571716881515,0.3095614489820,0.3327401001446,0.7703020496214,0.7748531838022,0.5313553718340,0.5157797840153,0.2763901707883,0.0594254490775,0.6415903944075,-0.0897719100397,0.0181840751072,0.3819254383845,-0.1207517435847,-0.2166024922537,0.0069960147402,-0.4379579628534,-0.1184803034702,-0.0938457150463,0.6048700721454,0.0070138191284,0.1016282058561,-0.1411835102783,0.7489111573569,0.5257083151354,0.4116803727697,-0.3392486973654,0.5634880806485,-0.2237906064599,-0.1136106370659,0.3158176596228,0.6737874535810,-0.4759907597317,-0.1551009483363,-0.2580439165032,-0.2088887218220,0.6607949245538,0.0391411880279,0.7125156778771,0.2570892032301,0.2076858728108,0.6203724398861,0.7022364419441,0.7105366669221,0.7683154292519,0.0260018987722,-0.3229893826958,-0.0509656658805,0.0119192373106,0.0710053759083,0.4601802683044,0.0082833165984,0.2240667400096,-0.0386887303920,0.4153595745468,0.2783968485069,0.3086623588569,0.0010633442618,0.0794813263698,0.1833053823393,0.0046832822225,0.3021015933008,-0.0334726787800,0.0390826263632,-0.1718287087268,0.0512556146467,-0.3102793573208,-0.1392560083452,0.2797920199313,0.0295620970859,0.1346614653197,-0.2864686101170,0.1535445820907,-0.3127141764567,-0.0215736470648,0.3564696562772,0.5467546155716,0.1890871236076,-0.2698190675962,0.5547753314888,-0.1343165984999,-0.3145812970727,-0.1432946306806,-0.3170519139748,0.5813650677927,-0.1151073916270,-0.0604306706467,0.2093574583814,0.3413265615560
0.7381745787314,0.4711541725103,0.5811849045536,0.4292942992453,1.0000000000000,0.5313711696114,0.4342376113424,-0.1454486699142,-0.0666843522688,0.5644668045942,0.2315732448338,0.3740307724866,0.1680356641659,0.6381664682636,0.4291355972892,0.2598187872706,0.2950262069491,0.2380908421953,-0.1024657069842,-0.0920005344549,0.2477301579668,0.5471172372749,0.3135024689892,0.1864739525523,-0.1935058267894,-0.1421443531394,0.0331171639433,-0.0698705214865,0.0557214251735,0.3017414507358,0.2746930014353,0.1159465142413,0.1036473303603,0.3708212376433,0.3021146380827,0.0504497015806,0.2690976466572,-0.3501795112727,0.2236120244987,0.2367828245127,0.4089542996015,0.4366026164805,0.1587066625924,-0.3082604211430,-0.2113171813536,0.3583514949714,0.3487952766940,0.3881703452260,0.5671552927860,0.3589131256327,0.5081984502155,0.3240101299411,0.2129614473235,0.5688742618972,0.5612573679324,0.2873467408245,-0.2325781256198,-0.2755486806706,-0.1543624612389,-0.1618908353024,0.1266602415124,0.1295499101448,-0.1189320578196,-0.0504716445054,0.3570972699661,-0.0719512868696,-0.0190872006990,0.0789612591992,-0.1546368694989,-0.1187286980560,-0.1691407077485,0.2304716560004,0.0639409548978,-0.1177532973690,-0.1163301778747,-0.3498414350163,-0.0626775670334,-0.2283756656987,-0.1689006098666,0.1630633652736,-0.2963316056698,-0.1139553639800,-0.0572623528564,-0.1522893591554,-0.4219462974843,-0.1015213664105,0.1660890875851,0.1570855476189,-0.1710239898152,-0.3653002912378,0.2304412246009,-0.0582178822882,-0.3565571715952,-0.0294024835920,-0.2182760764013,0.3034334644531,0.2793065158772,0.0827597803185,0.1424160769174,-0.2346063888475
0.4221091056981,0.1483825678785,0.6690799241877,0.7646864981630,0.5313711696114,1.0000000000000,0.7215151967313,0.0765677045348,0.1568721336089,0.4556139802963,0.7186078257719,0.5583397407848,0.3633627210656,0.3084358879021,0.7102960405527,0.6511812398276,0.5167077715534,0.6071800230809,0.1392862433798,0.0790342905540,0.5772956522786,0.0796178414990,0.2811113665233,0.4161960227040,-0.0548418141403,-0.2555028536856,0.0713323949261,-0.4343226974312,-0.2389785858336,-0.1187598701712,0.5822582996930,0.0723482443519,0.1998165115356,-0.0344500884824,0.6236875497027,0.3768038407650,0.4712735111560,-0.3161781022994,0.5802104929254,-0.0629491724638,-0.0624961000447,0.3501808208433,0.5910549750831,-0.4187366184775,-0.1785957252849,-0.1089958917306,0.0058555550025,0.7962309725507,0.0871178151300,0.7048338044308,0.2699002885850,0.0799023129479,0.4367489377155,0.7774309092895,0.8025825597918,0.5494440147598,-0.0297680879426,-0.3611079467434,0.0082344249152,0.0682057213173,0.0997236847446,0.6159938019591,0.0948100749477,0.2385320712063,-0.0495359251988,0.2931699461660,0.0522760576366,0.2912566687598,-0.1342748023249,0.0577794197960,0.0266170976471,0.0984352017869,0.3344941047656,-0.0077710917147,-0.1018185000716,-0.2744679350216,0.1160743524395,-0.4021429904355,-0.1725377229588,0.2430110866966,-0.0029811605405,0.1358509296687,-0.2973960797070,-0.0694435651405,-0.3759338996530,-0.0831197532683,0.3688033453804,0.4250169835904,0.0296745044789,-0.3112262615210,0.5378033743781,-0.0399819413346,-0.3140889064435,-0.1636845370281,-0.2989052831135,0.6944105316658,-0.1192772317134,-0.2076729555836,0.2075111584153,0.2470786930144
0.2702239626705,0.1902265475102,0.5446827056082,0.8698616254738,0.4342376113424,0.7215151967313,1.0000000000000,0.0854266975206,0.1675507587346,0.3774674985169,0.4968211288668,0.3636485706399,0.3788442897048,0.2634771634624,0.7755767132032,0.7790245857177,0.6301764344550,0.4871695100606,0.3153113106211,0.0560917443988,0.6991413423137,-0.1115295126031,-0.0114019356940,0.4424042125213,-0.0946811036299,-0.2228147177723,0.0479462148827,-0.4821115415929,-0.0846323146733,-0.0748842342711,0.6666807370167,0.0615975093954,0.1744989496118,-0.1379366571077,0.7852976249099,0.5636942986170,0.4760680490833,-0.3112798949690,0.6652282305377,-0.2555289828115,-0.1291424614552,0.2877722438612,0.6935857785473,-0.4066750778306,-0.0550819140131,-0.2929698747164,-0.1887241498447,0.6954749667199,0.0341835461472,0.7546533165908,0.1365376536406,0.1731220484192,0.5741435643707,0.7694569666592,0.7339942785764,0.7903327621528,0.0244812487795,-0.2663518373020,-0.0138605484259,0.0261330649743,0.0270985438436,0.4765156586530,0.0296186504600,0.3131090526185,-0.0303877812580,0.3844717874465,0.3242040960051,0.3978077789437,0.1197149196201,0.0493604473141,0.2210410608087,-0.0497899770453,0.3189175950879,-0.0083315081597,0.1628834768344,-0.2851967005135,0.1065801352467,-0.3156202500074,-0.1156834641039,0.3649942561463,0.0248418921897,0.2365762950168,-0.2578493591557,0.2290838297832,-0.2532899563471,-0.0093488460017,0.3907342849832,0.5815437407042,0.3417639589724,-0.1846269004044,0.6503640144002,-0.1107076731688,-0.2581600749391,-0.1384602174756,-0.3126292396079,0.6279872956232,-0.1254864054611,-0.0358404949577,0.1230491082147,0.3174130500749
-0.0384094562742,0.0101759670555,0.0269064434606,0.0665927579750,-0.1454486699142,0.0765677045348,0.0854266975206,1.0000000000000,0.3745167644000,0.0364173554066,0.0076435425369,0.1187558505546,0.2826599243332,0.0239610551348,0.0717193758335,0.3353704217983,0.3132495756008,0.3174382853200,0.5915362072251,0.4643261022106,0.3022019928132,-0.1186520472978,-0.1422414357148,0.2021576729444,0.3903824277182,-0.0722415795187,-0.0131995793412,-0.2030523904876,-0.0474481977903,0.0370738969213,0.4089666223684,-0.1611584720088,0.0859403546830,-0.3634984156176,0.1288189299486,0.4363630216956,-0.0086583336407,0.5064085418185,0.1069945339324,-0.3485522821664,-0.2615699319119,-0.0854916920866,0.3468708057697,0.2327159918329,0.3654539324937,-0.2939745983058,-0.2382889011969,0.0959348080769,-0.0990059386844,0.0982277581653,-0.1435132911854,-0.0068917252209,-0.1488278866077,0.0184947235251,-0.0566091311506,0.0646626584380,0.4092697748205,0.6452991524796,0.6317363655111,0.4188998842281,-0.1323888774615,-0.0348711734600,-0.0135469178562,0.0918165385640,-0.1368779928991,-0.2178648447614,0.1691442654671,0.0470858051188,0.4812110845085,0.3044604574139,-0.0367984032432,-0.1778135912982,0.1124025447070,0.3326709553547,0.0283681954493,-0.0276947331796,-0.0737293419770,-0.3691225767369,0.0213480790050,0.0246377566588,-0.2925014565912,-0.0315651227224,-0.2726507066387,-0.0182880388252,0.2467380541712,-0.4227068484141,-0.0364165421080,0.1570382736732,-0.1783397475166,0.4842611612381,0.0441441680899,-0.4019104781781,0.1311822585024,-0.2216523505514,-0.3321101472297,0.0180733849154,-0.1059815765977,-0.2682975746574,-0.2784141285783,-0.1418338380510
0.0490403884645,-0.3268113113255,-0.1214340253953,0.1170543238003,-0.0666843522688,0.1568721336089,0.1675507587346,0.3745167644000,1.0000000000000,0.1069400558299,0.2428330168594,0.1739146713557,0.3770281681521,-0.2221120220390,0.0287697564040,0.4684766218122,0.4629559098692,0.4495559098128,0.4462308361512,0.9062153984203,0.2871914599313,-0.0179182003771,0.2187338819084,0.7501576929239,0.8345027849435,0.2472024284025,0.5538393703780,-0.1745519295463,-0.3584887066441,-0.4158261202370,0.5178995521370,0.3755270567250,0.3844379198038,0.0165024533977,0.3308774013657,0.5476239386896,0.4034727848898,0.4035830138993,0.2050449732375,0.0082335862852,-0.1022112487960,-0.0315941211885,0.2504100256780,-0.0319753573215,0.3446468129629,-0.0165705054882,0.1217011159396,0.0751321345196,-0.3666163188955,0.0316736687402,-0.0529379404577,-0.3309806880124,0.1922938338065,0.0114531239955,0.1498749791613,0.3060060379879,-0.0095057942909,0.0482530242873,0.7076896104762,0.9338165570150,0.1139132034668,0.2178909752450,0.1062091670542,0.1860693524118,-0.3197891135190,0.1490795345235,0.6318898383492,0.3981542365446,0.4897940444710,0.7479469579878,0.1020999275308,0.0304942223847,0.7366287706393,0.8404812743450,0.3758723855127,-0.2970713162619,0.5365512489364,-0.1911820837771,-0.4264543133573,0.6626811689548,0.0385085127218,0.1779566614446,-0.4544827467732,0.3352349757527,-0.1979036654367,-0.0396801394164,0.3814353495703,0.5324963843454,0.0807149722929,0.1629312110047,0.1895528085276,-0.0173241552136,0.0020462676210,-0.2028106479928,0.0069888362540,0.0921074221729,-0.5519297757756,-0.1841582010421,-0.0115704110217,0.1281816114452
0.5570246195046,0.4139415397716,0.5532484980083,0.3384705071854,0.5644668045942,0.4556139802963,0.3774674985169,0.0364173554066,0.1069400558299,1.0000000000000,0.4714435401348,0.7504938181935,0.3214452224959,0.5373714294295,0.4553746554126,0.2808665640212,0.3650355681562,0.2982944309227,0.0281045238670,0.0634785712152,0.3996692381112,0.6534583763356,0.4111550708765,0.2400924372157,-0.0632391085032,-0.0045950503014,0.0950072370964,-0.1672930153439,-0.2375582911220,0.2270831608776,0.3039579874099,0.2759934112755,0.1805627443424,0.3824380889563,0.3220288213571,0.1555666820155,0.4081265284969,-0.2698185304485,0.2475069879284,0.1838290803520,0.2560724415060,0.6012192583316,0.2350569816545,-0.2278283401174,-0.1375457982717,0.2993957527298,0.3996887415507,0.2751262338295,0.1906603816043,0.5318015674685,0.2262940761568,0.1853723758074,0.0993807378720,0.4162471242135,0.4148013134742,0.1513591422268,-0.1664617459493,-0.1680815965194,-0.0149477373505,0.0324606255326,0.4607037021355,0.2761589629748,0.1716185443226,0.0920617746897,0.2682146874549,-0.0125837442137,-0.0179456846848,0.1038149479047,-0.0708132491811,0.0106836416487,0.0780968460628,0.3521438779850,0.1328891105466,0.0441274137969,-0.0471304499396,-0.2830605112040,0.0892749734203,-0.3010796481313,-0.3071276501707,0.1176477635744,-0.1467541302220,0.0909109831330,-0.1742811833030,-0.1732888978977,-0.3462461607627,-0.0573880682129,0.2894338115132,0.1835295336786,-0.1225952070920,-0.3158838833178,0.2337412458220,-0.0172464462778,-0.2615953774917,-0.1301886109719,-0.1231508173648,0.2224530000035,-0.0005382979465,-0.2003374537460,0.1789412193105,-0.0003959859098
0.2616247090583,0.0150695587005,0.3296719556378,0.5136492139604,0.2315732448338,0.7186078257719,0.4968211288668,0.0076435425369,0.2428330168594,0.4714435401348,1.0000000000000,0.7119826008090,0.4539407778265,0.1976792600788,0.5311405741410,0.4701398909987,0.4922451336094,0.5970753590685,0.0427539128891,0.1210207572494,0.5302254720846,0.1218763123969,0.4437790851701,0.4007296552634,0.0348226687281,-0.1061761126604,0.2263022719993,-0.3222958126682,-0.3228265434172,-0.1380372558602,0.4478634444648,0.2239071137506,0.3591198403476,-0.0414449411692,0.4473672414802,0.1828247705444,0.4465000661337,-0.2973657690667,0.4549241306063,-0.0165007323333,-0.0339282154492,0.3603751525403,0.4368033090798,-0.2918062426013,-0.1194602697473,0.0171196153220,0.1272683198916,0.6035532609054,-0.1423382950396,0.6388410981100,-0.0013665570667,-0.0917584246838,0.2892223575556,0.4759219430553,0.5520093921726,0.3717992387509,-0.0541505390224,-0.4063863159617,0.0071703366886,0.1672665927333,0.1869364522566,0.8026323872866,0.2187835187500,0.3358218598904,-0.1326735234805,0.2464326882581,-0.0222055012289,0.3536466922815,-0.2339899224016,0.0958851951749,0.1463250807327,0.1552118561243,0.4194937351249,0.0899244359228,-0.0510937807355,-0.1864221402215,0.3277587753649,-0.3100589944827,-0.1941429240361,0.2367430202400,0.1308738189846,0.2150793802479,-0.2750698360942,-0.1394640825522,-0.3912779810948,-0.0615839349399,0.3436190049927,0.2835200355963,0.0825403418573,-0.3819459935444,0.3909441158360,0.0380243582551,-0.1951795322545,-0.1239786453362,-0.1864541355715,0.5597924333065,-0.2663191060211,-0.3213289223125,0.2828640239444,0.3756228453481
0.4372322960171,0.1513168841503,0.3958067431866,0.3571716881515,0.3740307724866,0.5583397407848,0.3636485706399,0.1187558505546,0.1739146713557,0.7504938181935,0.7119826008090,1.0000000000000,0.6588050862179,0.4096916799285,0.3507303344577,0.3435719879620,0.5339307639844,0.4742160062224,0.0349826620743,0.1711356292035,0.5350280692084,0.4605305686248,0.6431267316549,0.3197693204344,0.0485317803810,0.0682300214505,0.2519686922699,-0.1922206449201,-0.1865017040258,0.0595907034211,0.4018969693642,0.4015811328822,0.4680012296833,0.1817602641363,0.3196827878211,0.1302575930801,0.4048586003257,-0.2250443377281,0.2504319229626,0.0833260793118,0.1105410302257,0.4725531166274,0.2677805863327,-0.2406930423601,-0.0653763505340,0.2351642008358,0.3216097936147,0.3768486470657,0.0169661265688,0.5036607768257,0.1050021584535,-0.0205705043642,0.1800186559616,0.4035829395752,0.4131702322782,0.2023980847860,0.1096009203305,-0.1616719028073,0.0508159918693,0.1502827381778,0.3350886344506,0.5531336384584,0.3354673020289,0.4516773065052,0.0305197003938,0.0407923270400,-0.0177009537979,0.3412119522395,-0.1881998650695,0.1480530122932,0.1810386149197,0.2727715409702,0.3192254484188,0.1392027432176,0.0301394582235,-0.2073888618958,0.2221317227171,-0.3612092413196,-0.1921677273765,0.2088437001540,-0.0616002425794,0.2102391742653,-0.3498638100756,-0.1812263119839,-0.3617581708234,-0.1367481021718,0.2648438169278,0.1928574806777,-0.1135071702365,-0.3318340884781,0.2025666507722,-0.0963573958256,-0.2282197269697,-0.2332455724650,-0.2103154745101,0.3270837378414,-0.1406271484698,-0.2645983289537,0.1513611647760,0.1431390682084
0.1905697547685,-0.0647517416503,0.1456631129451,0.3095614489820,0.1680356641659,0.3633627210656,0.3788442897048,0.2826599243332,0.3770281681521,0.3214452224959,0.4539407778265,0.6588050862179,1.0000000000000,0.1128629143232,0.2667041757461,0.4312551992004,0.7449956850239,0.5146742630490,0.1856546180287,0.4041232307786,0.6091674267407,0.1039168239299,0.3873486005436,0.5260918240583,0.3357956798458,0.1279205522614,0.4588310390963,-0.1729015018472,-0.0744693896843,-0.0922565322653,0.5512762747392,0.4560032086798,0.6659786487137,0.0439462135897,0.3496528995303,0.2650180931687,0.4043262041792,0.1026343854534,0.3185794021795,-0.0317436744601,0.0104469233190,0.2705710462233,0.3883526388774,-0.0144550091412,0.3474597134638,0.0606895688475,0.1359735627379,0.2967453133233,-0.0793485632521,0.3487778174904,-0.0160143531115,-0.1028099360493,0.1906279195950,0.3352742307468,0.2891665275533,0.3256828006219,0.3308775397337,0.0748288712655,0.3235420021449,0.3575691956761,0.0821842017488,0.4440876621377,0.3260248939585,0.7218765329501,-0.2294901091564,0.0623069133288,0.2692086949022,0.5705179077227,0.0766435714159,0.3582384129753,0.1528709475552,0.0445064986061,0.5095304875926,0.4022694577408,0.3524495119713,-0.3687359543188,0.3749579949692,-0.1947393664697,-0.1115095676402,0.5063082243814,-0.0289826863917,0.3426083100396,-0.3061662912176,0.1687711780338,-0.1778211570549,-0.0894464754468,0.2865404386740,0.3495558066622,0.1627396275282,0.0359253720922,0.2952676264930,-0.0080273011562,0.0279982540167,-0.1536963180348,-0.1249465551174,0.3002189968913,-0.2511534842849,-0.0974054801803,0.0149159429769,0.1231224131056
0.6677143844171,0.6902666320783,0.5161832422467,0.3327401001446,0.6381664682636,0.3084358879021,0.2634771634624,0.0239610551348,-0.2221120220390,0.5373714294295,0.1976792600788,0.4096916799285,0.1128629143232,1.0000000000000,0.4023818918681,0.1295462810741,0.1689373341204,0.1670121365472,-0.1038791734757,-0.2142154467324,0.2382348026386,0.4344391908119,0.1842164007042,-0.0777439257160,-0.3095036013742,-0.1028210196352,-0.1826584084195,0.1955353973472,0.3087672622675,0.7314606324850,0.1351417067200,0.0416630622120,0.0003881977460,0.2647404142072,0.2099925130307,-0.0518818965158,0.1035800788398,-0.2409888336009,0.0944682122625,0.1524592911783,0.4563809020617,0.5601220601127,0.1521254177506,-0.1224994401733,-0.1425080758305,0.3282569893064,0.2965842365559,0.3217430742012,0.6690013039780,0.4139963828391,0.3457642173042,0.4207385767042,0.0300503356264,0.3644999507494,0.2634784544430,0.0560900764188,-0.1333736267951,-0.0940441356303,-0.1646044745549,-0.2432142069306,-0.1026893703120,0.0345542514735,-0.2936483914394,-0.1681459839697,0.4262966191986,-0.2088323106543,-0.2278306269916,-0.1501381576559,-0.2251333640636,-0.2887071748015,-0.1772510907121,0.0157700668001,-0.1275593147134,-0.2506523157310,-0.2259786434043,-0.1347083856094,-0.2044817869886,-0.1226185397378,0.1585922603406,-0.1553724905265,-0.4144061267968,-0.2288915577661,0.1046152265062,-0.3314583081458,-0.2441539714884,-0.2927395113542,-0.0347080532706,-0.0067047912923,-0.2417674871830,-0.2894227508120,0.0634356114920,-0.1666899639229,-0.2292706735439,0.0544474665186,-0.3860536379223,0.2249789279084,0.4720175434891,0.0064324010859,0.1128692978439,-0.2966510440607
0.2994269036091,0.3694474045680,0.5639512684877,0.7703020496214,0.4291355972892,0.7102960405527,0.7755767132032,0.0717193758335,0.0287697564040,0.4553746554126,0.5311405741410,0.3507303344577,0.2667041757461,0.4023818918681,1.0000000000000,0.6337304151769,0.5142476368874,0.5181407705786,0.0942217964495,-0.1084585616164,0.6132993146446,-0.0413759405785,-0.0810785145569,0.2904825071590,-0.2345738316077,-0.3657875238364,-0.1540052037986,-0.3315637496172,-0.0956901231724,0.1534868548903,0.5655264720997,-0.0485073231687,0.0235915912755,-0.0953200689975,0.6735206606448,0.3509750289091,0.4078648931521,-0.2813712515908,0.7473377771611,-0.1154469250162,-0.0038045520859,0.4766667084230,0.7530058935133,-0.2934146840824,-0.0516313008366,-0.2024304624630,-0.1067521296467,0.7993441018147,0.1991362173931,0.8549757494940,0.0947029608732,0.2684974092345,0.3220145446240,0.6939952205527,0.6470400310362,0.5371075344093,-0.1334439743521,-0.2872472723814,-0.1020767343871,-0.1182732546538,0.0095505623278,0.4171330783076,-0.0666623211428,0.1270416922184,-0.0088438679693,0.3541885398109,0.0038449303664,0.2185367333064,-0.1226011966848,-0.1796190808059,-0.0054489951923,-0.0603457898650,0.1562108924807,-0.1969117461515,-0.0765602879732,-0.2549453186375,-0.0272107149419,-0.2002089964221,-0.0260100031797,0.1406676751795,0.0531484026373,0.0978492900883,-0.0294938505394,0.0204698092695,-0.1742220460274,-0.0450230286369,0.3131269447282,0.4473102818222,0.2947997775184,-0.1967973723080,0.7361005857966,0.0314729210950,-0.1568550485978,0.0426839207448,-0.2615482874620,0.7215531440706,0.0041258786877,-0.0806447715110,0.1798869728623,0.1931082267278
0.2421468301813,0.0115511964023,0.3891851138324,0.7748531838022,0.2598187872706,0.6511812398276,0.7790245857177,0.3353704217983,0.4684766218122,0.2808665640212,0.4701398909987,0.3435719879620,0.4312551992004,0.1295462810741,0.6337304151769,1.0000000000000,0.7563461738599,0.7463060697262,0.5883591660296,0.4014446991970,0.7514504800209,-0.1159168226463,0.0115096780826,0.7272496225370,0.1968286450190,-0.1698046281807,0.2113478045575,-0.4824977339855,-0.2268067434439,-0.2014595936833,0.9006911799925,0.0513517490780,0.2356380438353,-0.2468694339215,0.8294600384752,0.8151701363628,0.5728592560217,-0.0825579116591,0.6955512665519,-0.2405174685980,-0.1710049383092,0.2051887976520,0.7967906857133,-0.4066970125085,0.0395391089328,-0.2959561856786,-0.2424525160007,0.6285223249727,-0.1145273048558,0.5818893035562,0.1119152506713,-0.0190599467481,0.4477938123973,0.5284941831082,0.5719214598318,0.7050951872039,0.1233329649238,-0.1435018690902,0.3179284121296,0.3572423787071,0.0968829750729,0.4311481380635,0.0229334059712,0.2677942663736,-0.2540237367458,0.3328635898492,0.5483774269941,0.5035271051197,0.3058989831180,0.4024001757645,0.1744259821372,0.0043241892523,0.6035478201656,0.2818890575835,0.2326948937345,-0.2450433751837,0.1993769929510,-0.3389095904530,-0.2325660265635,0.5659475833306,0.0359781750884,0.1566571679377,-0.3590711245741,0.3262542249387,-0.2727132007592,-0.0815134219971,0.4928610306858,0.7534865320696,0.1797314510865,-0.0624227905670,0.6404862915952,-0.1560769139824,-0.2062660673279,-0.1204427048741,-0.3022607451355,0.5594013954674,-0.3000445506668,-0.0739092929230,0.1568575746384,0.2442211836064
0.2922444379131,-0.0389663152204,0.2417946434745,0.5313553718340,0.2950262069491,0.5167077715534,0.6301764344550,0.3132495756008,0.4629559098692,0.3650355681562,0.4922451336094,0.5339307639844,0.7449956850239,0.1689373341204,0.5142476368874,0.7563461738599,1.0000000000000,0.7897737272742,0.3836826643771,0.4324417904800,0.8541984694137,0.0328674340307,0.2040080716854,0.7855876636020,0.2487360094094,-0.0795256309869,0.4416063733385,-0.3174010294354,-0.0665593601517,-0.1072183295502,0.8773966687986,0.2594073436415,0.5074579229260,-0.1007461255210,0.6257495183546,0.5520368124904,0.6486107300171,-0.0117331200311,0.6275192280774,-0.0838623263267,0.0350346908049,0.3041145722744,0.6728224219312,-0.2710986094685,0.1625068097526,-0.0790966180818,-0.0121594746978,0.5535646813061,0.0006727265999,0.5405424642611,0.0273456079116,-0.1007603339053,0.2299167721928,0.4051913430891,0.3927023209370,0.4933641664485,0.1453743536397,-0.0696469395642,0.3285117398282,0.3547412049231,0.0648468306443,0.4572849620098,0.0713693928679,0.4336082284017,-0.3504795977193,0.1451036920618,0.3912543730989,0.7089162677736,0.1986600897367,0.3839506821548,0.2006327192249,0.0350282626566,0.6650983080763,0.3778134193560,0.4031207396733,-0.4043596200787,0.3693826638665,-0.2438680844860,-0.2234622447448,0.6939808231699,-0.0448962114601,0.1892632544572,-0.2987178066455,0.2330975081785,-0.3279306279111,-0.0860927640485,0.5351651025800,0.6236244363739,0.2085510565730,0.0019622530231,0.5896450580866,-0.0704906320465,-0.1075916996028,-0.0843657011765,-0.2378208908139,0.5055975184037,-0.2672645337561,0.0744569147241,0.1405015879259,0.1130832949942
0.2995117081962,-0.0116282586062,0.2427879793014,0.5157797840153,0.2380908421953,0.6071800230809,0.4871695100606,0.3174382853200,0.4495559098128,0.2982944309227,0.5970753590685,0.4742160062224,0.5146742630490,0.1670121365472,0.5181407705786,0.7463060697262,0.7897737272742,1.0000000000000,0.2752801144670,0.3909204370643,0.7325945016906,0.0013557574830,0.1733451807997,0.7205899554942,0.2403737702575,-0.1718859209263,0.3161420866722,-0.3438588932193,-0.1738089749048,-0.1372902528887,0.8583792643760,0.0687607381920,0.3134512128899,-0.1821289835143,0.6211658217228,0.4618291241157,0.6083753893737,-0.0767832455411,0.6354174353910,-0.0501248954254,0.0045650048819,0.3019199228709,0.6722868591769,-0.3490914945336,-0.0086489531744,-0.0968225640548,-0.0427795062676,0.6155535783644,-0.0683702502238,0.5565654563543,0.0687477612432,-0.1373980948537,0.1494066584884,0.3251294272351,0.3759195983497,0.4062894660713,0.0950382914665,-0.1756142950305,0.3337066226124,0.3484898410457,0.0419590780343,0.4832167960935,-0.0272558917981,0.2429654929224,-0.3835635223115,0.0600552083693,0.2302108484509,0.5886670609852,0.0152334536297,0.3663404214305,0.0764097815927,0.0411719230456,0.6739636876633,0.2965505289436,0.1717664655795,-0.1969831631985,0.3392518729961,-0.3222831895920,-0.2419414868772,0.5533318715058,-0.0190978228656,0.0583813334391,-0.3163910628943,0.0239955235810,-0.3128731728927,-0.1527258778844,0.5098410734763,0.5880162241465,0.0301434303508,-0.0865306589894,0.5671088031533,-0.0892039625776,-0.1226606947120,-0.0751889784378,-0.2620918144802,0.5239520962179,-0.2881949672033,-0.0474948713593,0.2178108343425,0.1245417490332
0.0447901904095,-0.2132244718979,0.0410925498180,0.2763901707883,-0.1024657069842,0.1392862433798,0.3153113106211,0.5915362072251,0.4462308361512,0.0281045238670,0.0427539128891,0.0349826620743,0.1856546180287,-0.1038791734757,0.0942217964495,0.5883591660296,0.3836826643771,0.2752801144670,1.0000000000000,0.4834884996830,0.3351955025799,-0.1829679693680,-0.0975545778212,0.4169466599193,0.3725723601424,-0.0197216538242,0.2247353027034,-0.2961027314010,-0.1859602678029,-0.2784326390592,0.4680951236167,-0.0057481269294,0.1342983392777,-0.2549602788548,0.3297181053115,0.8084060922805,0.1619397910124,0.2020081234882,0.1900725296050,-0.2358389243467,-0.2503462484000,-0.1037793196093,0.4249658768634,-0.1145235793425,0.1869946695713,-0.2744719141961,-0.2499258985642,0.1104107271016,-0.2535321745519,0.0844597885542,0.1187479940816,-0.1334962861171,0.2014994094185,0.1343669537577,0.1428106757440,0.3542060594433,0.0944228479734,0.2492728424816,0.4907355094522,0.4588341884488,0.0633191888672,0.1079579671446,0.0561951167018,0.1296533478739,-0.1730094812529,0.1491525092407,0.5996930197614,0.2309720259376,0.8244816921084,0.4043488224581,0.1098313619858,-0.0390755935811,0.3179326841050,0.3718149731445,0.1955820057229,-0.1789706845566,0.1446526218086,-0.2261064035299,-0.2604279699249,0.3143815875344,-0.0576620231429,0.0631023851827,-0.3403358736839,0.3730449938077,-0.0653164143400,-0.0939106833658,0.1733539195233,0.3929220846765,0.0738822531800,0.2438622859340,0.1757802154104,-0.2072856526958,-0.1046479890725,-0.1596679482245,-0.1883629372110,0.0950521939164,-0.3089643324104,-0.0814774786236,-0.0130870978249,0.0913825769361
0.0569045913193,-0.3611547373784,-0.1472677912198,0.0594254490775,-0.0920005344549,0.0790342905540,0.0560917443988,0.4643261022106,0.9062153984203,0.0634785712152,0.1210207572494,0.1711356292035,0.4041232307786,-0.2142154467324,-0.1084585616164,0.4014446991970,0.4324417904800,0.3909204370643,0.4834884996830,1.0000000000000,0.2397187882105,0.0176328851859,0.2896771908752,0.7052792081957,0.8912602178271,0.3821833769007,0.6299229728946,-0.1031063690486,-0.3128281843031,-0.4064113617204,0.4579601871509,0.4297111562144,0.4594679331982,0.0636818572682,0.2833241761323,0.5505756985738,0.3488209124824,0.5572634364776,0.0618135679375,0.0361856392068,-0.0799725956658,-0.0716986089490,0.1475538980734,0.0536151654549,0.4553672423071,0.0664763667288,0.1692503814156,-0.0392924690431,-0.3394823355253,-0.1076439226073,-0.0006606054711,-0.3839007008495,0.1534095906214,-0.0509402952899,0.0865411464239,0.2234800907257,0.0964755463244,0.1808635037721,0.7668727636478,0.9020489857698,0.0894366783108,0.0960358736939,0.1034576954024,0.1716895524319,-0.3036143516063,0.1144468814582,0.6661784596619,0.3766071004085,0.5435312903892,0.8633227060318,0.1164166149514,0.0249322466449,0.6970315909069,0.9169265278956,0.3897696718131,-0.2676302559094,0.5591575719001,-0.2071203816772,-0.4582806030117,0.6529378423489,-0.0374285602828,0.1976175969532,-0.5028162589167,0.3598068621953,-0.1371326626033,-0.0749402740453,0.3224204966624,0.5010000494824,-0.0217384860723,0.2901347960914,0.0730932936507,-0.0831841994966,0.0290005829272,-0.2553270835435,0.0076432032743,-0.0094571051613,-0.5477540025950,-0.1986555659486,-0.1036010103921,0.0361357724662
0.1968691930764,0.0911561576854,0.3672852975038,0.6415903944075,0.2477301579668,0.5772956522786,0.6991413423137,0.3022019928132,0.2871914599313,0.3996692381112,0.5302254720846,0.5350280692084,0.6091674267407,0.2382348026386,0.6132993146446,0.7514504800209,0.8541984694137,0.7325945016906,0.3351955025799,0.2397187882105,1.0000000000000,-0.0421446213405,0.1005875268871,0.6025316870810,0.0380516703903,-0.1652715782148,0.1954067293935,-0.4558146233933,-0.0417677111969,-0.0403690716496,0.8205450320084,0.0731489193223,0.3394942149444,-0.2621530548832,0.6739746470074,0.5360819703124,0.5633590354693,-0.1797468968322,0.6330176634492,-0.2866719910830,-0.1144061565447,0.4077533273012,0.7302028405264,-0.3971475307760,0.0380775182255,-0.2282600865873,-0.1995463398885,0.6202026560745,-0.0239998444474,0.7274424029531,-0.0113917436890,-0.0022860438853,0.2195081396969,0.5162209901935,0.4237898378220,0.5053336854308,0.1983276830453,-0.1273704108634,0.1235604419664,0.1716637848825,0.1067241992198,0.5236171374567,0.1274743218757,0.4092914592532,-0.2847285506051,0.1550862932924,0.2444366328838,0.5634076477821,0.0713140761825,0.2241345316121,0.3494878197397,0.1069232407549,0.4783889853587,0.1649690553592,0.3651416790557,-0.1711830702458,0.2118754106824,-0.3451845178418,-0.0852483932208,0.4583688253407,0.0188844933090,0.2551420867314,-0.2698582061297,0.1164197745946,-0.2223290961107,-0.0358581141383,0.4881534808584,0.5773736519610,0.2481001140172,-0.0673726742358,0.5766991129408,-0.1840171079517,-0.1537584588745,-0.0552854600689,-0.2350825131246,0.5617596259015,-0.1687384896084,0.0603127222648,0.2105384521028,0.3171725702248
0.5687933788795,0.2560065859889,0.2203474849053,-0.0897719100397,0.5471172372749,0.0796178414990,-0.1115295126031,-0.1186520472978,-0.0179182003771,0.6534583763356,0.1218763123969,0.4605305686248,0.1039168239299,0.4344391908119,-0.0413759405785,-0.1159168226463,0.0328674340307,0.0013557574830,-0.1829679693680,0.0176328851859,-0.0421446213405,1.0000000000000,0.5457174937544,0.0521350776701,-0.0519365576428,0.1242646081109,0.1608213501912,0.1492170127561,-0.0898677753772,0.2150634853704,-0.0305306557079,0.3076120494182,0.1328604082506,0.5504365985185,-0.0508830208593,-0.1526445949701,0.2272778833523,-0.1444869035778,-0.0863013217753,0.4725617951489,0.5371194588290,0.3559151205070,-0.1950264994294,-0.0905943696077,-0.1340189909554,0.6545321726748,0.5908176890258,-0.0711966834423,0.3502154475745,-0.0270595653843,0.3727534070777,0.0781930527007,-0.0692864447011,0.0121897376916,0.1419209262805,-0.1476266407041,-0.1601537818184,-0.0983069001480,-0.0328296650414,-0.0375624220232,0.4819592752008,0.0075300734953,0.1050850792450,-0.0716354746111,0.3655324378717,-0.1762865021465,-0.0863855833723,0.0099807942045,-0.1815968424331,0.0230200697698,-0.0236645242491,0.5853517176986,0.0528176684471,0.0291116355941,-0.0363453075713,-0.2403430942152,0.0239930347090,-0.1309975730232,-0.3014551190983,0.0731456546189,-0.2250846181322,-0.0812938225150,-0.0163473413150,-0.1929577647561,-0.3497467027013,-0.0473675964317,0.1642624505502,-0.0531227680082,-0.2912553104312,-0.3162636962730,-0.0800275556333,0.0360915497673,-0.2704328296519,0.0113836387437,0.0810329923929,-0.0647809981114,0.1679325507243,0.0568022223075,0.1910333721017,-0.2525929116490
0.3552396941235,-0.0938610187447,0.0927276055192,0.0181840751072,0.3135024689892,0.2811113665233,-0.0114019356940,-0.1422414357148,0.2187338819084,0.4111550708765,0.4437790851701,0.6431267316549,0.3873486005436,0.1842164007042,-0.0810785145569,0.0115096780826,0.2040080716854,0.1733451807997,-0.0975545778212,0.2896771908752,0.1005875268871,0.5457174937544,1.0000000000000,0.2704444077404,0.2651829453974,0.4263341234771,0.5634680678354,0.0477027119216,-0.1090847363799,-0.1143650708282,0.0635886434886,0.6875070774279,0.6068327095054,0.5042518326398,0.0305774644541,-0.0564740351126,0.2832580042905,-0.0558390146338,-0.1122052279999,0.3934357898518,0.2452152050268,0.2180245184780,-0.1611204232268,-0.1400540805397,0.0464990401672,0.6073632177365,0.6626965287936,0.0660513580364,0.0383953696713,-0.0082046614803,0.1774473557071,-0.2145233906263,0.1071790084303,0.1076431986334,0.2493345485078,0.0056486375119,-0.1292010599456,-0.2877502395466,0.0630591389192,0.2247296906148,0.2139550418395,0.3383543117260,0.1643428890552,0.1508078524280,0.0779716563868,0.0392512383883,0.0801591574911,0.2216400057147,-0.1461552632885,0.2933282542903,0.0036075669888,0.3129177569962,0.3433683636673,0.3088795987179,0.0318279890734,-0.2430674220671,0.4584286842135,-0.2877797132660,-0.3415864511701,0.2772469018798,-0.0620947532151,0.1312530127917,-0.3869365142496,-0.0883846583606,-0.4305047938355,-0.0530487676379,0.1978591628665,0.0749738438078,-0.1954263564583,-0.3154811217100,-0.0876750302349,-0.0455195404915,-0.2699159007977,-0.3111734987413,-0.0076194407545,0.0851575736731,-0.1576118930460,-0.1922176528004,0.0295521867581,-0.0433860257958
0.2420266908374,-0.2612652908348,0.0713163880105,0.3819254383845,0.1864739525523,0.4161960227040,0.4424042125213,0.2021576729444,0.7501576929239,0.2400924372157,0.4007296552634,0.3197693204344,0.5260918240583,-0.0777439257160,0.2904825071590,0.7272496225370,0.7855876636020,0.7205899554942,0.4169466599193,0.7052792081957,0.6025316870810,0.0521350776701,0.2704444077404,1.0000000000000,0.5298571402075,0.0578393411637,0.6314032684135,-0.2713001184326,-0.2983382374150,-0.3710092400910,0.8236960723831,0.3507586091980,0.4547694476828,0.0273149314808,0.5994412210898,0.6519824732452,0.7283101340877,0.1416532965400,0.5483757363061,0.0798816384738,0.0276139824186,0.1525555807260,0.5191053085267,-0.2769036214591,0.1986985313346,0.0329223399891,0.1063833766821,0.3835149326614,-0.1870705484322,0.2714893671148,0.0612437748149,-0.3330272497801,0.2435098595108,0.2001086533944,0.3499544253043,0.4727948918061,0.0113087531981,-0.1757029138729,0.5213544612051,0.6363524420854,0.1455521843900,0.3462551131463,0.0303305156114,0.2476863733822,-0.4471532410413,0.2038394161960,0.6229439891379,0.6444719101488,0.3416518026865,0.6699031744784,0.1271071168895,0.0888352642116,0.8870720547487,0.6483180104576,0.4692567648043,-0.4176183783720,0.5727144498546,-0.2060523492497,-0.4763491883538,0.8805317787372,0.0416345935549,0.1522136818277,-0.4216620130214,0.3923943476522,-0.4024700272379,0.0176915142145,0.6695876169463,0.7551048358007,0.1739976282240,0.0213534644894,0.5358955945180,0.0447296290116,-0.1222568372178,-0.0935669985063,-0.0710753938929,0.3751154821188,-0.4947964632640,-0.0051502815766,0.1615554203537,0.1227336886475
