1.0000000000000,0.3864013921284,0.5667674770231,0.2371700793764,0.6697508434701,0.4352738783778,0.2667027438004,0.1750996463953,0.0469445631551,0.3065801764877,0.1951003223842,0.0515208770339,-0.0433402223124,0.5740178333096,0.2283141526135,0.1362676017185,-0.0187680547637,0.0700511662312,0.2198487849488,0.0398917332947,0.0322788517557,0.4912756555685,0.0576343183485,0.0520638658745,-0.0062352463853,-0.0624423891873,-0.0160128574361,0.3729835825060,0.2200403004405,0.3211574391145,0.0237164981119,0.0230084267053,-0.0645021638075,0.2240622152843,0.1334207961060,0.1401398713061,0.1138427133692,0.0216130978037,0.0437065031474,0.2763912610866,0.6159035475127,0.4181828393224,0.1078593875031,0.0404071610048,0.0665408490582,0.4360009821157,0.2953769003137,0.2191081054782,0.5696928803085,0.1906833809227,0.6007241883694,0.4769998830765,0.2830946045034,0.4461222204779,0.5358681043702,0.1763572700533,-0.0524614152777,0.0914778551720,0.1105767992463,0.0580680434284,0.3575155465292,0.0609171582989,0.1604316961405,0.0434169226887,0.4940720868508,0.2464051282908,0.1180344187679,0.0278975369398,0.0423510748188,0.0588082949764,0.0424771127822,0.3744895304984,0.0793087595626,-0.0339090385255,0.0409087995058,-0.1416300006081,0.0278867836211,0.2905857968173,0.2101203245655,0.0394490004090,-0.0011433933070,0.0770515868415,0.4513796223504,0.1337452559922,0.0341436247380,0.1614743364487,0.1146796146153,0.0698676612071,0.1176290597311,-0.0106934105419,0.0519522339419,0.1413588062026,-0.0723131756180,0.4899867348455,0.3307171642341,0.1594239702005,0.4488944135017,0.3707448339667,0.4055607206698,0.2158915773479
0.3864013921284,1.0000000000000,0.4711023345521,-0.0248564889750,0.1394006766779,0.0522795941903,-0.0270115812199,0.1008358278926,-0.3596473112689,0.0868555784153,-0.0931551143381,-0.0924606570044,-0.2710590017831,0.8187563233187,0.2041267904274,-0.2200601013883,-0.3253415938597,-0.2630076325164,-0.0995942584282,-0.4011443901857,-0.2445659095798,0.1818465798554,-0.1364536466578,-0.4023565585847,-0.3720713722834,-0.1210915434094,-0.4247397196446,0.2962534239803,0.4400624729250,0.7504069579461,-0.3197707234795,-0.2990529459786,-0.3512781698616,0.0370634465675,-0.2424540512404,-0.2720858859918,-0.2899819727308,0.0204991571467,-0.2214301860474,-0.1193553398117,0.3751020007715,0.2172604772236,-0.2133853081998,0.2558554396268,-0.0384772216631,-0.0371546983532,-0.0675678696694,0.0030109005087,0.5286315950978,0.0230977318898,-0.0032226100355,0.8533631872786,-0.0175380669429,0.2372420656109,0.0930119979523,-0.1379537033214,-0.2017601197548,-0.1281892625410,-0.2499883064104,-0.3481903981530,0.0003670792969,-0.2149312510981,-0.0021145997111,-0.2117533192508,0.7919101314614,-0.0149005349036,-0.2320337055611,-0.3299134580796,-0.1959883872409,-0.4132726178423,-0.2028718108074,0.0531382695292,-0.3514926593156,-0.4567551822851,-0.3159593868635,0.0338374744960,-0.3717965342261,0.2164885476125,0.4434524846446,-0.3226925432447,-0.3198152679202,-0.2414341240446,0.7356809977920,-0.2278546068086,0.0007099201088,-0.1025967923799,-0.2883682466558,-0.3066771478875,-0.1436090005435,-0.2104245505866,-0.1984323274906,-0.1296465142763,-0.0212437351419,0.1671048166026,0.1064112231304,-0.0937338760869,0.7436415017989,0.0827209918765,-0.0565716072551,-0.0226698735589
0.5667674770231,0.4711023345521,1.0000000000000,0.4448104581356,0.5100523999709,0.7160902957116,0.5038868007091,0.2248072534493,-0.0329570482010,0.3295366211254,0.1820170910941,0.1654528710502,0.0635872781843,0.4599621066320,0.3527670395122,0.2288149463085,-0.0394986671820,-0.0264702934571,0.2168139066686,-0.0019647971832,0.1040798674629,0.3359328335905,0.1255042643849,-0.0403020789790,-0.0577742266588,0.0461585115785,-0.0423290149654,0.2454107720269,0.0954217093562,0.3205536616128,0.0543647633786,0.1480615920293,-0.0145246266701,0.3229829076955,0.3017718907643,0.1764953036115,-0.0006964625443,0.2249339993678,0.0994878481034,0.1485915159940,0.3311520997987,0.2835666193490,0.1978946565913,0.3005860697155,0.2527491580348,0.2424058286107,0.3041499514892,0.2982075892806,0.3815803675413,0.2868683586063,0.4795803369722,0.6459001854258,0.5243345641565,0.6601735269807,0.5778908327387,0.2892781928701,0.1242817912354,0.1241231160585,0.0769973920096,-0.0289909888263,0.3110315462531,0.0980673566446,0.2506799964113,0.0867665032789,0.6687627309462,0.3967497155095,0.1629299657788,-0.1024991411234,0.1186275412268,0.0182352325901,0.0117849310959,0.2409538128811,-0.0475953727749,-0.1009683833692,-0.0659152980825,0.0242223344006,-0.0741770012641,0.1059025464126,0.2447483645048,-0.0587469508204,-0.0957108058293,0.1444482998045,0.3891755670048,0.1572512343080,0.2209085772997,0.0735766982948,-0.0032159646659,0.0959341787025,0.1682403286310,0.1288817574998,0.1056495581732,0.1160750820944,0.1467599892666,0.2485082166626,0.1802668899408,0.2538988065364,0.3868737626443,0.1100928124579,0.2486675023959,0.2404949191107
0.2371700793764,-0.0248564889750,0.4448104581356,1.0000000000000,0.3613031021526,0.7125286195143,0.8159246812112,0.2485325833462,0.4445514126687,0.2699609803633,0.5148871419472,0.4565317535425,0.4081320302608,0.0616321103282,0.6283401323271,0.7523541929264,0.4198457366175,0.4771932195358,0.4756438253622,0.4661719660898,0.5519365808960,0.0678401125157,0.4201220947341,0.4567851975122,0.3961754775804,0.3481822812539,0.4090833164782,0.1616285031596,-0.2592855948356,-0.1871597303507,0.5518951858982,0.5433546024004,0.4559564037548,0.1749404675753,0.7163590185282,0.6223004796004,0.3398456923048,0.1967994956069,0.4798508035675,0.2553759072122,0.1390766261654,0.3351499545918,0.6174601823436,0.0861509763143,0.2859137973303,0.2133699217716,0.3093873257623,0.4443135158722,-0.0488225474845,0.5926673463701,0.3715115982268,0.2071984314274,0.8354444222824,0.5958269908247,0.5852488277015,0.8631623037565,0.3614117863776,0.3882082258428,0.4934218030006,0.4453765351700,0.1837901150338,0.5331673802360,0.3824443470630,0.3463976899841,0.1503996788329,0.5693933280424,0.6940865837969,0.4251294287362,0.4978045929007,0.4833249161541,0.4616766462756,0.2538949311210,0.4930923684505,0.4240724386896,0.4108319181575,0.0116835273372,0.4059075942300,0.0628609358266,-0.1200076237978,0.4573885181113,0.2249967050365,0.5169592356869,-0.0963682624816,0.6143448265040,0.2058228732332,-0.0265481211083,0.3573521821504,0.6059865570019,0.5230766326793,0.2728383026675,0.4462304206622,0.2497433505406,0.1611113017701,0.0465637611104,0.1333721230857,0.4713964992543,-0.0920781332077,-0.0114060403722,0.3084119498672,0.5034728907777
0.6697508434701,0.1394006766779,0.5100523999709,0.3613031021526,1.0000000000000,0.6379388450297,0.4173789711949,0.0817658342701,0.1251832511748,0.4100235129147,0.2918792871079,0.1903117360391,0.1012421503131,0.2982558289876,0.3512871366997,0.2846459814998,0.1718342512631,0.2192931507607,0.2175194798949,0.1568757853127,0.1499458953762,0.5382954229188,0.2025301711259,0.2245813400636,0.0864907929770,-0.0311628603931,0.1060059490854,0.2051857636623,0.2173468297644,0.0545683326963,0.2443696247635,0.1525637376074,0.1024163428941,0.2447528340944,0.2849989861200,0.2492341645516,0.2127609289304,-0.0009672202293,0.1941588695078,0.4064740922335,0.5584036754251,0.4595953047248,0.1697674226348,-0.0885517260362,0.0526883742951,0.5057274019169,0.3676576181791,0.4170976102182,0.5575093647995,0.2902663881828,0.7152707146034,0.2673299404571,0.3777752440986,0.6148140460871,0.7273819005417,0.3433556502935,0.0065110013161,0.0824160434406,0.2034194859406,0.1374815479723,0.5176499342314,0.2106789684668,0.2657302453800,0.1436253714347,0.3019378550756,0.3091804562862,0.2126783180319,0.2049925191372,0.1759731260682,0.1669651110180,0.1629443149197,0.5310911766159,0.2063950757556,0.1021647876888,0.1889972055567,-0.1701160402444,0.1521826376188,0.1754372768117,0.1548376779260,0.2538416507667,0.0965383872328,0.2560661932041,0.2402915212999,0.2015993838706,0.0025204185988,0.1520845451966,0.2253365456805,0.2408130650684,0.1653375533889,0.0466010118796,0.2288766867199,0.2871498715745,-0.0610617930453,0.3962798467659,0.3836059925716,0.3414397607564,0.3242143522945,0.5584868816976,0.4899546878730,0.3407743100311
0.4352738783778,0.0522795941903,0.7160902957116,0.7125286195143,0.6379388450297,1.0000000000000,0.7164038734691,0.2347340085630,0.3462923530541,0.4734469998108,0.5622176083001,0.5053046021548,0.3934273916427,0.1680354946952,0.5222461041995,0.5434077665532,0.3493809790013,0.4114130962575,0.3981951481974,0.3788700656365,0.4205871655412,0.3792546471114,0.5077825230361,0.4082391734481,0.3083119114172,0.2239893584143,0.3561213797982,0.2167217491578,-0.0939364675024,-0.0480901315326,0.4370119030759,0.4815119632360,0.3791100061299,0.3872815808006,0.5587050864010,0.5147022272509,0.3790016495046,0.2445401552991,0.4001479676138,0.3753293333370,0.3204166072061,0.4150222216321,0.4330013960423,0.1676666467411,0.2546296652332,0.4716911944753,0.5112061163595,0.6104206144774,0.1980787511157,0.5651868858524,0.5718239467698,0.2940940217890,0.7129539989010,0.7833411337703,0.8196303323536,0.6530921449641,0.3178853235089,0.3013244312757,0.4115572008799,0.3388654966365,0.4234974516080,0.5178687957407,0.4797660693788,0.3546046182259,0.2907157114036,0.5606063341350,0.4834646128897,0.3092323882342,0.4106313580780,0.3832684904694,0.3390407636512,0.4696512133695,0.4012399301983,0.3032101446368,0.2984485983318,0.0159810698633,0.3474223611239,0.0855828418565,0.0720914522029,0.3644450278382,0.2244985460796,0.4806994978603,0.0243541746253,0.4427096590037,0.2386648230895,0.1326463985954,0.3713001385197,0.4504844489174,0.3844582884195,0.3213262542821,0.3872778552113,0.3302466567001,0.2228969389162,0.2312124780152,0.2198390071683,0.5935911428982,0.0809021531183,0.1581590523165,0.4554312294298,0.4960301701569
0.2667027438004,-0.0270115812199,0.5038868007091,0.8159246812112,0.4173789711949,0.7164038734691,1.0000000000000,0.2726256609905,0.4037200508321,0.3719345642219,0.5352992757124,0.4207883118239,0.4791252592413,0.0225542254536,0.5780587929455,0.7264820868681,0.5398063795926,0.4291587547736,0.4986866357726,0.4617331526591,0.5680623265195,0.2183236547197,0.3956773977922,0.5500057399620,0.3933520172427,0.3094265831468,0.4948076104888,0.0143775663534,-0.2743853335970,-0.2781492515318,0.6208610647919,0.5421012768629,0.5305959648005,0.2357970162571,0.6514232525124,0.6352878328685,0.4512632870780,0.2289543853351,0.5704581836712,0.2584677519013,0.1123150617135,0.2319935136537,0.6090302343542,0.0600574920580,0.3829803014719,0.2351381863358,0.3925836196803,0.4695791678036,0.0468396257943,0.6084885624129,0.3491211061587,0.1971471238526,0.8346185121193,0.6860572285626,0.7121406924524,0.8194216581883,0.4079315280968,0.4404462167321,0.4768682214445,0.4137798881476,0.3271181081449,0.4899796820140,0.4693525588427,0.5499419376091,0.2270667386997,0.6895080862736,0.6721567788534,0.5436266400451,0.5324546262974,0.4928526601331,0.5366501932338,0.3478376626650,0.5103884087039,0.4457521169628,0.5411712620403,-0.1392674281378,0.5206935837517,-0.0185625785193,-0.1845265652405,0.5814931909370,0.2692731255737,0.6734626585726,-0.0525072611575,0.6551876052647,0.2450018947969,-0.0045695440329,0.4752754317719,0.6585275814738,0.6573564855175,0.3618196354891,0.5983821998942,0.2596232098597,0.1178303268056,0.0476499583443,0.2712213297398,0.5039323995265,-0.0484874714702,-0.0142877313418,0.2557542535740,0.6494366745601
0.1750996463953,0.1008358278926,0.2248072534493,0.2485325833462,0.0817658342701,0.2347340085630,0.2726256609905,1.0000000000000,0.3093790732048,0.0257483085602,0.1531950748641,0.1176274957482,0.3377586066365,0.0548660431858,0.0765557548336,0.4763871738831,0.3829266773326,0.3047872967920,0.6885193558907,0.4935074295909,0.3103234398806,0.0903163422381,0.1022343008261,0.2881827181783,0.3995336017592,0.3239380109436,0.3566327815673,0.1302551233123,0.0660897254115,0.0115189337257,0.4201457479135,0.2217661916324,0.3094177401874,0.1111361317436,0.2859081028798,0.4546134626334,0.2125131389550,0.6320178648835,0.2514937397146,0.1198331802222,0.1187631989834,-0.0434828211480,0.4622431866451,0.4691617023416,0.6107691523359,0.0665181712984,0.1282272059181,0.1096824167223,0.1197565200852,0.0225131287769,0.0801655052275,0.1246777058147,0.1908720092171,0.1707701986140,0.1345899487255,0.2695434259596,0.3919769342184,0.5691847054188,0.3758086994407,0.2771618451097,0.0260826263195,0.1436874163615,0.0697197907742,0.1225814532384,0.1697951029975,0.1195853757546,0.4590444470549,0.2007265500485,0.5468913660259,0.3919770731858,0.1467684222009,0.0230289596161,0.2151420976113,0.2583316947333,0.1571064367962,0.0532939790791,0.1463871259829,-0.0170444159768,0.0747083925034,0.2138487966239,-0.0431579273834,0.1615868671762,0.1023493094201,0.2707963519672,0.3486091109100,-0.1024599293210,0.2087156202143,0.3151556315713,0.1653901297213,0.4966453674319,0.1949937486116,-0.0181276902203,0.2519740405786,0.0314432994083,-0.0099704410371,0.0827631517299,0.1180838544801,0.0891901166375,-0.0361544348043,0.0383622761979
0.0469445631551,-0.3596473112689,-0.0329570482010,0.4445514126687,0.1251832511748,0.3462923530541,0.4037200508321,0.3093790732048,1.0000000000000,0.1500062077468,0.5283836114512,0.3474964363508,0.5915298060217,-0.2839452444325,0.1975295662608,0.6577012611607,0.6229868990755,0.7953276944936,0.4236684171733,0.8960938740004,0.5172407203481,0.0932102536773,0.4306219101474,0.8297987043039,0.8928904327895,0.3411100699758,0.6177443127690,-0.0357999963071,-0.3427633960759,-0.4740084486935,0.7616418646508,0.4844277389611,0.5894911447348,0.1179031875683,0.4723046760820,0.7002805689396,0.6140794886309,0.2500766950131,0.5848404160761,0.2602180515406,0.0495408891000,0.1458217097190,0.5159907206648,0.0216877300700,0.3447099949310,0.2549727902336,0.3124515858182,0.3044765523464,-0.2469833814744,0.3330875275077,0.2494132510510,-0.2217502398366,0.3799054196596,0.1276157438718,0.3161521599397,0.5179962706550,0.4610063517961,0.6359445283264,0.9160829978266,0.9841446024987,0.1972108065165,0.5104935587209,0.3345444328951,0.4509555376636,-0.2695167031948,0.3046631736707,0.6165893604454,0.6330904589081,0.5522417045302,0.8405938474548,0.4314834020297,0.2839135729923,0.8340962308169,0.9078409968604,0.6569537892949,-0.0509389557663,0.6146075226735,-0.0033205295122,-0.2732250916044,0.7422837519455,0.3553318164541,0.4882295936108,-0.3493386038513,0.5359945462477,0.2060232058826,-0.0076947862021,0.6016925725458,0.6497703879657,0.3926803646478,0.4240823802825,0.4493217995344,0.2175448142779,0.2896319599813,0.0551432466857,0.1694740493574,0.3719436991871,-0.3072061254631,-0.0095133170284,0.3159493125402,0.4128354923076
0.3065801764877,0.0868555784153,0.3295366211254,0.2699609803633,0.4100235129147,0.4734469998108,0.3719345642219,0.0257483085602,0.1500062077468,1.0000000000000,0.5556651267305,0.7441181537979,0.3372549214771,0.2500410118723,0.3427131001952,0.1366486543760,0.2635715273576,0.2383143984565,0.1907503352445,0.1273997096392,0.4547223535153,0.7303493413297,0.5749332891455,0.1941838976595,0.1408784195333,0.1297120205292,0.2473013496901,0.1239435008333,-0.1145479159007,-0.0208311525878,0.1755568063533,0.3755795767994,0.2896624643563,0.3705003228850,0.2161938747132,0.1894292183393,0.3022286314656,-0.0737854335262,0.0269831497064,0.3447669252733,0.3746313247366,0.6376194797173,0.0736912249415,-0.0830187616148,-0.1059164060500,0.5819557350982,0.5767281158217,0.1197253060642,0.0706354710826,0.6985014344965,0.2575151110444,0.1324251357534,0.3197153686384,0.4565546261028,0.5067153743650,0.2506155490980,-0.0438289151796,0.0172526149555,0.1246725974221,0.1317814036691,0.8186212943287,0.4009597685705,0.6784454976423,0.4013945388193,0.1434207478911,0.2835499811264,0.1533690964850,0.2497667799829,0.1756318192471,0.1042882719990,0.3901345606937,0.6793606248084,0.2034443242768,0.1630765037109,0.2063726382092,-0.0524486720657,0.3495066787350,0.0747132368739,-0.1515884872529,0.1929306661211,0.2872865238497,0.4681019822494,-0.0061901920730,0.0886320955303,-0.0311522478236,0.2036224097370,0.2278251660568,0.1996438559314,0.1212436481883,-0.0093784122497,0.0677171536807,0.3453828907685,0.0108554355139,0.1656449539654,0.4851830139726,0.1738748878935,-0.0219099965352,0.1416338770580,0.4984132569843,0.5915381885321
0.1951003223842,-0.0931551143381,0.1820170910941,0.5148871419472,0.2918792871079,0.5622176083001,0.5352992757124,0.1531950748641,0.5283836114512,0.5556651267305,1.0000000000000,0.7984289120938,0.6742022881720,0.0597955868259,0.4141701674753,0.4434513943556,0.6252139295836,0.6914298488116,0.2752774037188,0.5023947585308,0.6271428172540,0.4304496920988,0.8452820865031,0.5953413464578,0.5227080125659,0.4089360139719,0.6384835868856,0.1383193520503,-0.1710923416414,-0.2191641937168,0.5153305924135,0.6274993441630,0.6518975083547,0.3626885454104,0.4212946969163,0.4438645118315,0.6265645132099,0.1485667092769,0.4825701448322,0.4480002212025,0.3201750748050,0.4079563077203,0.3734183989459,0.0884800728225,0.1574073752802,0.5531085887904,0.6016934250272,0.4964174419407,-0.0074619183009,0.7720095265086,0.2495107202802,0.0217215791569,0.4479257964458,0.4225482838711,0.5308199745167,0.5052385230111,0.3642852212624,0.3811736583384,0.5125662824690,0.5240442005632,0.4123596197806,0.8108717134161,0.6640998022502,0.5997615928636,-0.0171243387996,0.4154741161245,0.4143833444599,0.6095667287586,0.3664913467666,0.4958890699938,0.6050312727191,0.6035408813686,0.6434295961092,0.5552836878727,0.4906548733464,0.0148646833546,0.7278631336389,0.1298641081332,-0.0876933776008,0.5489096187398,0.4287187155693,0.6888414154698,-0.1001632686014,0.4136375137953,0.1715335853124,0.1196496568377,0.5883732678625,0.4857009556495,0.4628300656060,0.3594397652324,0.4380200862357,0.4731978077677,0.2829845707608,0.2027376109733,0.3034291692074,0.6030525779637,-0.0717345605823,0.0657778363196,0.4652692192221,0.6364848825298
0.0515208770339,-0.0924606570044,0.1654528710502,0.4565317535425,0.1903117360391,0.5053046021548,0.4207883118239,0.1176274957482,0.3474964363508,0.7441181537979,0.7984289120938,1.0000000000000,0.6423456760598,0.0828537200940,0.3732144076899,0.3152933513415,0.5219999752762,0.5258225768802,0.2254258956542,0.3382903680017,0.6721718698498,0.4549943879218,0.8794515950133,0.3801070703423,0.3566769654147,0.4007313643030,0.5089939946524,0.1531569888608,-0.1070047154631,-0.1434165377031,0.3774496124231,0.6222604250391,0.6091977582872,0.3628935468834,0.3374289240560,0.3158780939676,0.4290291467721,0.0573974923268,0.2650156040370,0.3424636741750,0.2348251807679,0.4958159365827,0.2312969605242,0.0513613410400,0.0339762234098,0.5126956358851,0.5877503191276,0.3230961140899,-0.1088779767063,0.7749722190957,0.1061734789610,-0.0083839227582,0.3920097889968,0.4325710319741,0.3717391764697,0.4226191327290,0.2552989549071,0.2296728766790,0.3146320869973,0.3385746889531,0.5088052817191,0.7394720725026,0.7606768054631,0.5762264503484,-0.0731044932948,0.3035777823845,0.3230105796886,0.4786788146515,0.2792065458713,0.3354987234438,0.6203338411407,0.5959237169390,0.4399123547129,0.3947963172626,0.3513368135238,0.1045936845934,0.5759804599784,0.0748272606009,-0.0544643478589,0.3781671660897,0.3752755743381,0.6465413026412,-0.1694776582904,0.2636433920199,0.1052055842977,0.1395347793503,0.3922171965701,0.3499830597758,0.2793074972443,0.2081995678816,0.2441635281438,0.4220098277714,0.2394372808244,0.0787380417044,0.3102137610371,0.4055384952035,-0.1369977270898,0.0527619626085,0.3648732813839,0.5820682868827
-0.0433402223124,-0.2710590017831,0.0635872781843,0.4081320302608,0.1012421503131,0.3934273916427,0.4791252592413,0.3377586066365,0.5915298060217,0.3372549214771,0.6742022881720,0.6423456760598,1.0000000000000,-0.1959946145428,0.2876043733331,0.5380975832296,0.8084946567279,0.7009671158891,0.3489825562516,0.6440621057132,0.7090334022472,0.2191931872736,0.6357495724823,0.6454537444806,0.6533417967607,0.5282725223620,0.7576213486175,-0.0555895760816,-0.2166859699298,-0.3913679103593,0.7022338780123,0.6623969319936,0.8310127536677,0.2769592579943,0.4783228678505,0.5478770359104,0.6088361344277,0.2976669869895,0.5656420892726,0.2278300192548,0.0636177113869,0.1556744928899,0.4756815443232,0.1369790617312,0.4070644819809,0.3019705476473,0.4739447800650,0.3966211364685,-0.1792468797797,0.5305176451641,0.0570643640174,-0.1856282210020,0.3163493834277,0.3031689761425,0.2780887733401,0.4726786768054,0.6452976224013,0.5645770798748,0.5958584557481,0.5926597757123,0.2322256075024,0.5972111289327,0.5987332371821,0.7714117235753,-0.2149599185717,0.2837674949194,0.5170524326312,0.6703973148023,0.4838643378687,0.6502188539864,0.5781162343623,0.3298475936766,0.6331391253218,0.6837750554849,0.5807978731514,-0.0301469312420,0.6908351554296,-0.0821850462379,-0.1550844048341,0.6453019520329,0.3107634889565,0.6965379649810,-0.3123013210753,0.4605735756298,0.2902215493960,-0.0162749128028,0.5958830982307,0.5808409728765,0.3959028608259,0.5175331183568,0.5033159649988,0.2541897630548,0.3372969573799,-0.0413870798039,0.2217987170495,0.4365633754355,-0.2289846085163,-0.0488293478970,0.1419027400594,0.4663725580351
0.5740178333096,0.8187563233187,0.4599621066320,0.0616321103282,0.2982558289876,0.1680354946952,0.0225542254536,0.0548660431858,-0.2839452444325,0.2500410118723,0.0597955868259,0.0828537200940,-0.1959946145428,1.0000000000000,0.2567173733691,-0.1221401374985,-0.2336138531351,-0.1349442154543,-0.0034394952388,-0.3144954738219,-0.1071224953398,0.3531101670260,0.0396168515530,-0.3110868419438,-0.3071735366900,-0.0910166062733,-0.3103844444514,0.4332082785202,0.4394797487881,0.7838080013627,-0.2481308716033,-0.1602008519913,-0.2319938268908,0.1401095060824,-0.1041340737472,-0.1660626358226,-0.1789664345812,-0.0681624953879,-0.2132252338727,-0.0025794257596,0.5464046677457,0.4344729350080,-0.1796912101748,0.1243468890036,-0.1158121934172,0.1890252742801,0.1473999264813,0.0803869383737,0.6252399061902,0.1882113796682,0.1836718666818,0.7314237391843,0.0562485363067,0.3200705911594,0.1873937407126,-0.0549421189132,-0.2025349159379,-0.1160111729068,-0.1807257888941,-0.2690507088361,0.1205594962770,-0.0702518160435,0.1328539425450,-0.1137862290896,0.7040900496169,0.0168893196236,-0.1297374005658,-0.2126914200881,-0.1395808412898,-0.2885877890760,-0.0695804904436,0.2164754228905,-0.2394007307594,-0.3641147778250,-0.2193054289205,0.0177058504024,-0.2260054926333,0.3637304286366,0.4236090402361,-0.2328123497565,-0.1776058753215,-0.1168213597212,0.7140027871794,-0.1378259451599,-0.0185723067543,0.0777033472454,-0.1834588400170,-0.2237635002202,-0.0984264313095,-0.1900549766341,-0.1673447925287,0.0122457658910,-0.0490324268024,0.3287639213173,0.2238278404356,-0.0161813622294,0.7202009476526,0.1749491416266,0.1196307682609,0.0613889060364
0.2283141526135,0.2041267904274,0.3527670395122,0.6283401323271,0.3512871366997,0.5222461041995,0.5780587929455,0.0765557548336,0.1975295662608,0.3427131001952,0.4141701674753,0.3732144076899,0.2876043733331,0.2567173733691,1.0000000000000,0.5301678539282,0.3664365780521,0.3492985164527,0.2918708015404,0.2005807400902,0.3517187938497,0.1928817716251,0.3063521299131,0.2718589025246,0.2112348216554,0.2160736518908,0.2590344118375,0.2346110669093,-0.1617205410619,0.0143270502800,0.3950244035826,0.4616380325057,0.3575409333647,0.3498958176768,0.4323784769829,0.4096914955846,0.2184338585255,0.1546397406500,0.4889885380078,0.3467436065691,0.2881793525000,0.4112572614844,0.4812452145483,0.1299130429862,0.2087056232993,0.2277473094066,0.4275744166108,0.5446653264532,0.1989936949833,0.6031120336755,0.2657381286042,0.3302614862354,0.5864258518674,0.6116788836533,0.5270628463672,0.5819966700618,0.1429383948249,0.2471710980444,0.2757891050351,0.2157204446755,0.2709863753681,0.3861206646314,0.3922509108805,0.3582838843631,0.2354411781358,0.6014956007596,0.4674706651253,0.3873301070776,0.3887854072042,0.2140183744922,0.3833541292836,0.2550701005495,0.3135422414657,0.1873466662611,0.3360342490016,-0.0708148716897,0.3226764742626,0.2238004490416,-0.1573478260114,0.4032647135508,0.3097604714728,0.4837905372793,0.0996695965240,0.4498023227469,0.2095465973093,0.0460562489183,0.2036718066253,0.4514922835444,0.4963738980911,0.2104760816875,0.5353035854325,0.4007924571664,0.1804239684771,0.1032733613771,0.3416384097824,0.5122836677534,0.0753213797048,-0.0118376208845,0.2150819851214,0.5057956592891
0.1362676017185,-0.2200601013883,0.2288149463085,0.7523541929264,0.2846459814998,0.5434077665532,0.7264820868681,0.4763871738831,0.6577012611607,0.1366486543760,0.4434513943556,0.3152933513415,0.5380975832296,-0.1221401374985,0.5301678539282,1.0000000000000,0.6592066364666,0.6431151392662,0.7143536349766,0.7720867415038,0.6475980443785,0.0839469302003,0.3450173434739,0.7165022667162,0.6581072249053,0.4382329300626,0.6061563838494,0.0567047881947,-0.3159703419742,-0.3593478438322,0.8603194322661,0.6065015735566,0.6398895602946,0.1812571515652,0.8176365332346,0.9090580660846,0.5424453050128,0.4365339588279,0.6639425776445,0.2409184475344,0.0667645683117,0.1628960711845,0.8029631961330,0.1052053389322,0.5277161631740,0.1912292685433,0.3413389912260,0.4147593284186,-0.0585875830252,0.4016961825849,0.3316213817099,-0.0197920176826,0.6724979078837,0.4117705122126,0.4582337475743,0.7643532691826,0.4994584653722,0.6083108115624,0.7176656466483,0.6496897849672,0.1776344877828,0.4642683782546,0.3186155597577,0.4211904127093,-0.0026722972755,0.5875615102362,0.8976249168052,0.5975763500622,0.7615046052869,0.7510457037451,0.5155578375371,0.2353224579850,0.6793699674661,0.6661667941411,0.6499946990749,-0.0189873183588,0.5098404438692,-0.0224663295158,-0.2276460800302,0.7100081271048,0.2925870163664,0.5806758569018,-0.2104140303470,0.7858400013779,0.3643784991268,-0.0143975164110,0.5614660220974,0.8227460365493,0.5883933277585,0.5060879236897,0.6059555548050,0.1771435109383,0.2388609807512,0.0153956672417,0.1509817301342,0.4366524104145,-0.1872862541637,0.0053518244498,0.2077007565812,0.4775068996222
-0.0187680547637,-0.3253415938597,-0.0394986671820,0.4198457366175,0.1718342512631,0.3493809790013,0.5398063795926,0.3829266773326,0.6229868990755,0.2635715273576,0.6252139295836,0.5219999752762,0.8084946567279,-0.2336138531351,0.3664365780521,0.6592066364666,1.0000000000000,0.7672740121846,0.4870131444694,0.7332676126712,0.7738307625581,0.2009490277650,0.5600028742949,0.7977495014868,0.7033523451908,0.5008444831754,0.8673390767878,-0.0737244629923,-0.1905901624562,-0.4731285249691,0.8566268072298,0.6662802796393,0.8552272977337,0.2385571118952,0.5000370953559,0.6806663696479,0.6807847906058,0.3456544115300,0.6615127680429,0.3218019031517,0.0904723558193,0.0723955300129,0.6057301453844,0.0883078303953,0.4342277256422,0.2692747555367,0.4558837094858,0.3994386747168,-0.0939845475815,0.4823611803992,0.1292387095700,-0.2358084952096,0.3610847102837,0.2795959957020,0.3074053048724,0.5047170051266,0.5610042912112,0.6602331411830,0.6635047994450,0.6315558030592,0.2349385721117,0.6162596140279,0.4576938700864,0.6555439494955,-0.2478212060710,0.4101050113853,0.6436692836717,0.8350940069234,0.6157545495673,0.7339957716342,0.7052928253379,0.3521495926000,0.7570497169912,0.7585869536532,0.7551549933257,-0.1208963314680,0.7908381673100,-0.0678657791795,-0.2370134825272,0.8275035544115,0.3655602163250,0.7552121972723,-0.2958694970879,0.5993936624620,0.2838282789176,-0.0354394003873,0.7020598044974,0.6927365119680,0.5257722158147,0.5935799443972,0.6146387857470,0.2952500939498,0.2990937287496,-0.0086672752583,0.2471106252345,0.4415912921850,-0.2264167983812,0.1009267886387,0.1433240440285,0.5112478864921
0.0700511662312,-0.2630076325164,-0.0264702934571,0.4771932195358,0.2192931507607,0.4114130962575,0.4291587547736,0.3047872967920,0.7953276944936,0.2383143984565,0.6914298488116,0.5258225768802,0.7009671158891,-0.1349442154543,0.3492985164527,0.6431151392662,0.7672740121846,1.0000000000000,0.3342501218225,0.7870990143303,0.6337386770901,0.1610928907499,0.5958926723335,0.8303717273807,0.7650208712541,0.4553697082791,0.7300452419372,0.0196533402437,-0.1889139597338,-0.3588797774692,0.8003750274254,0.5760745227314,0.7113417504073,0.2068248132617,0.4869098466643,0.6395230791852,0.7392491774785,0.2434114292376,0.6681174682103,0.3737376649397,0.2151431383536,0.2774496770985,0.5416900354541,0.0331093009631,0.3068082507474,0.3655792297388,0.4117845653754,0.4648928923583,-0.1039189060506,0.5219909779150,0.2495985545218,-0.1371911495171,0.3870810785030,0.2431328555940,0.3691770901589,0.5463971034092,0.5021275536213,0.5730196595877,0.7996427627766,0.7921999039596,0.2166537006026,0.6969028996737,0.4143603419615,0.5013422306881,-0.2183983958288,0.3115534789690,0.5913051238054,0.7654911652059,0.4923637369716,0.7724657047187,0.5536011515192,0.3915719910140,0.8747622389148,0.7868263216867,0.6898523374564,-0.0263253390683,0.7574083400090,0.0586476406892,-0.1772919269193,0.7886376079410,0.3776236415071,0.6074632464884,-0.2378578860500,0.5222342406516,0.1882478882182,0.0052594113686,0.7410754086502,0.6639663934874,0.4558720571015,0.4421720051700,0.5473026967512,0.3632629222918,0.2859206362965,0.0869254397823,0.2127674947953,0.5104220568459,-0.1989587034220,0.1099900552771,0.3519310778814,0.5043989841855
0.2198487849488,-0.0995942584282,0.2168139066686,0.4756438253622,0.2175194798949,0.3981951481974,0.4986866357726,0.6885193558907,0.4236684171733,0.1907503352445,0.2752774037188,0.2254258956542,0.3489825562516,-0.0034394952388,0.2918708015404,0.7143536349766,0.4870131444694,0.3342501218225,1.0000000000000,0.5991070323370,0.4645685367399,0.1627097733376,0.1953957544876,0.4694527522661,0.4790541994402,0.2048043521581,0.4475024079968,0.1598730821097,-0.1748732178636,-0.1946573043887,0.5690080028103,0.3414415179065,0.4021936151348,0.0960257979775,0.5392851633140,0.7486292799075,0.3198587942483,0.4244792104315,0.3556865979080,0.2176045341643,0.0940926328814,0.1517613333733,0.6331791330020,0.1503597320841,0.4803058607431,0.1776170900096,0.2116963935277,0.1970604801822,0.0231780522352,0.2153027569339,0.2695621718534,0.0493499184750,0.4421387488003,0.3145194343357,0.3314802942587,0.5170696082428,0.2513035653864,0.5175283173792,0.4812879382412,0.4090478198381,0.2166188085464,0.2552484267560,0.2291709296811,0.2523479220691,0.0891506736973,0.4202524237879,0.7642578026122,0.3225197569440,0.8514250519439,0.5061632034965,0.3068221638463,0.1619514338654,0.3747257361473,0.4195729107607,0.3846503495517,-0.0878400577861,0.2803631406086,0.0406383619814,-0.0725195088758,0.4354130919400,0.1100452190269,0.3237220126584,-0.0669352015401,0.5557958209736,0.2474247234763,-0.0176592280138,0.3358597031052,0.5413425052387,0.3526075036779,0.4399181891981,0.3394526428631,0.0648722670621,0.1286138288560,0.0476555823324,0.0685903227522,0.2030150833396,-0.0690180930440,0.1078988092343,0.1747031665181,0.2947308468475
0.0398917332947,-0.4011443901857,-0.0019647971832,0.4661719660898,0.1568757853127,0.3788700656365,0.4617331526591,0.4935074295909,0.8960938740004,0.1273997096392,0.5023947585308,0.3382903680017,0.6440621057132,-0.3144954738219,0.2005807400902,0.7720867415038,0.7332676126712,0.7870990143303,0.5991070323370,1.0000000000000,0.6214586770902,0.1153341394424,0.4256911227887,0.8566152231491,0.9253606212994,0.4517561995411,0.7499107312728,-0.0744681265276,-0.3354005873298,-0.5170173794094,0.8612313235124,0.5629034117107,0.7003972810946,0.1315622655829,0.6030444136303,0.8340219758514,0.6590530902382,0.4557095934240,0.5990488653105,0.2511847608335,0.0265760821858,0.0726118714718,0.6391345779486,0.0941143945613,0.5300158327620,0.2592586331104,0.3295517048634,0.3153774942727,-0.1999158194793,0.3068296386127,0.2621107384950,-0.2647161249466,0.3755648481485,0.1636854398881,0.3173743377380,0.5224557527379,0.5085811049236,0.6685459356421,0.8760606109268,0.8774829980494,0.1855278236094,0.4774032558031,0.2919859557865,0.4160296038331,-0.2650070328411,0.3396371448767,0.7270989603545,0.6403339911770,0.7062979823146,0.9059183422363,0.4491972784791,0.2660100762322,0.8041593973443,0.9157073014186,0.6767363394930,-0.0450322823450,0.6586656932538,-0.0913593236682,-0.2857616166006,0.7615478802294,0.3170615075442,0.5520690848999,-0.3631726326786,0.5947362098249,0.3009332743298,-0.0177634462016,0.6604076952487,0.7364294407430,0.4080471475067,0.5955529819525,0.4954567349410,0.1714894280817,0.3210951941413,0.0168409188016,0.1395820518639,0.3663339702591,-0.3085201125082,0.0358411354039,0.2394847294311,0.3810999737234
0.0322788517557,-0.2445659095798,0.1040798674629,0.5519365808960,0.1499458953762,0.4205871655412,0.5680623265195,0.3103234398806,0.5172407203481,0.4547223535153,0.6271428172540,0.6721718698498,0.7090334022472,-0.1071224953398,0.3517187938497,0.6475980443785,0.7738307625581,0.6337386770901,0.4645685367399,0.6214586770902,1.0000000000000,0.2739646797199,0.6300402412878,0.6274517618351,0.5568069004968,0.6452080977189,0.7306705096935,-0.1035212155810,-0.2321487576739,-0.3540133633236,0.7278507324938,0.7290191265158,0.7661508260652,0.2289275514658,0.6222370164159,0.6767705140918,0.5749926259930,0.3014733732448,0.4481428902332,0.1741796771162,0.0668676246794,0.2807723532515,0.6152935607736,0.0442993611619,0.3608797923671,0.2985395330960,0.4803788185936,0.2566577739770,-0.1983438123084,0.6558997981850,0.1334207874836,-0.1407690110890,0.4525022130533,0.3527854085085,0.2658156161324,0.5224801417584,0.4281028774127,0.4514307075531,0.5120570517097,0.5042355609921,0.3151593321441,0.6352270980401,0.5367246133734,0.5493309071377,-0.1614538035446,0.4008838679317,0.6282722267681,0.6286879712003,0.5277258312176,0.5910756312904,0.7521444469078,0.4325281359587,0.6131721905071,0.6412649796558,0.6474883959368,0.0866846632392,0.6726011632395,-0.1980277116803,-0.2645239070870,0.6041566183647,0.3186374125914,0.7085495516061,-0.3145953045210,0.5687827888412,0.2750774359264,0.0693988494836,0.5857158725561,0.6733457628156,0.4909062007532,0.4199024287121,0.3970236055320,0.2102124708244,0.2392730917369,-0.0989368341485,0.2218151986950,0.3069894296238,-0.2786014960530,0.0048963616653,0.1931201687669,0.5819642116212
0.4912756555685,0.1818465798554,0.3359328335905,0.0678401125157,0.5382954229188,0.3792546471114,0.2183236547197,0.0903163422381,0.0932102536773,0.7303493413297,0.4304496920988,0.4549943879218,0.2191931872736,0.3531101670260,0.1928817716251,0.0839469302003,0.2009490277650,0.1610928907499,0.1627097733376,0.1153341394424,0.2739646797199,1.0000000000000,0.4552787103023,0.1672336644450,0.0996205342054,0.0811419816556,0.1896380323986,0.1692454088075,0.0523022171986,0.0607265678815,0.1557735494293,0.1889749692717,0.2044904019678,0.4283097840705,0.1070232650411,0.1462282369528,0.2912873935849,0.0135950831158,0.0213711151733,0.4168915889277,0.5766386734252,0.4652915584859,0.0125868805658,-0.0193747623158,-0.0133920214841,0.7168988896891,0.5979324185746,0.1161367734113,0.3862745299264,0.4151107608907,0.3874222612582,0.1798726917879,0.1280752765629,0.3511961801396,0.4458860695786,0.0624751004462,-0.0291338712539,0.0583228773454,0.1199684593373,0.0814938310808,0.7610116171694,0.2208702346240,0.5354793669213,0.2793617209200,0.2789031375203,0.1951895786862,0.0536908512384,0.1745992079871,0.1111643403473,0.0999728005221,0.2436058108900,0.7955233474182,0.1467959273990,0.1136488209692,0.1684656015288,-0.0944803605024,0.2444564284701,0.1299326209561,-0.0373988767448,0.1640962043589,0.1929811528603,0.3429970728683,0.2369564344606,0.0375179551266,0.0105718344909,0.2955131126975,0.2332509368675,0.0944022625602,0.0572655685129,0.0595947969536,0.0287115977897,0.3347661500299,0.0121290825672,0.4092526199123,0.5655817429054,0.0918386381046,0.2460052374303,0.3881353120690,0.4690959951520,0.4501259330277
0.0576343183485,-0.1364536466578,0.1255042643849,0.4201220947341,0.2025301711259,0.5077825230361,0.3956773977922,0.1022343008261,0.4306219101474,0.5749332891455,0.8452820865031,0.8794515950133,0.6357495724823,0.0396168515530,0.3063521299131,0.3450173434739,0.5600028742949,0.5958926723335,0.1953957544876,0.4256911227887,0.6300402412878,0.4552787103023,1.0000000000000,0.4839996279463,0.4377466901574,0.4385046417830,0.5882970251092,0.0913187688388,-0.1020164978333,-0.1891071959327,0.4447569109484,0.6319311921755,0.6725477719867,0.4247727760314,0.3405960062299,0.3563070438827,0.5157111830504,0.1026975632213,0.3399502083812,0.3824131821835,0.2634139886075,0.4125266007805,0.2745661028761,0.0669199301589,0.1127585469685,0.5824161938886,0.6732123773360,0.3901023163220,-0.0710964780255,0.7279072293020,0.1542503460669,-0.0479063199310,0.3321146686849,0.3820412449247,0.3585008528727,0.3837406070423,0.2907951932455,0.2857097380497,0.4008258327642,0.4257895743591,0.3892135741872,0.7490432637129,0.6816913894715,0.5297436379742,-0.1038918353546,0.2861027694747,0.3133387194654,0.5114891798217,0.2887883871688,0.4185877990996,0.5635234137066,0.6349652761408,0.5217723236689,0.4924366747157,0.4163575468783,0.0726918255772,0.6596870693726,0.0703147117606,-0.0535469204367,0.4444934149891,0.4189354352012,0.6659064063058,-0.1501844632335,0.3015082273961,0.1671916303634,0.2106252448556,0.4901668313095,0.3761064258129,0.3322290606490,0.3108647561646,0.2937813370791,0.4673262694817,0.2935560494663,0.1696625048222,0.3040577556733,0.4532646928994,-0.1015355596313,0.0924611399537,0.3746915435943,0.5512037126648
0.0520638658745,-0.4023565585847,-0.0403020789790,0.4567851975122,0.2245813400636,0.4082391734481,0.5500057399620,0.2881827181783,0.8297987043039,0.1941838976595,0.5953413464578,0.3801070703423,0.6454537444806,-0.3110868419438,0.2718589025246,0.7165022667162,0.7977495014868,0.8303717273807,0.4694527522661,0.8566152231491,0.6274517618351,0.1672336644450,0.4839996279463,1.0000000000000,0.8025349400569,0.3604620213850,0.7699982966994,-0.1351343874428,-0.3102345224417,-0.5686885902293,0.8807992462559,0.5189945340231,0.6838090695230,0.1319494574179,0.5322942862105,0.7779048836956,0.7889412651335,0.2658476797832,0.7318072377247,0.3000660069086,0.0546644719559,0.0927049346252,0.5942951715291,-0.0590920482482,0.3542431916234,0.2999740505907,0.3419113247228,0.4368638094857,-0.1487006130214,0.4273057070597,0.2684890728626,-0.2459678615423,0.4432715015270,0.2431745241830,0.4255356444538,0.5857923817623,0.5210759395548,0.6317552626911,0.8322554994578,0.8342549153606,0.2554782422289,0.5984102014627,0.3772892733989,0.5414475002527,-0.2548394841489,0.4589867563085,0.6942677018989,0.7827202187374,0.6230193785924,0.8663277501650,0.5795822370694,0.3784581939908,0.9369004999938,0.8735813579670,0.8151015556756,-0.1253118521516,0.7567265178108,-0.0799462196227,-0.2850106559804,0.9000914478248,0.3753915739503,0.6226091787655,-0.3455538962981,0.6564924432789,0.1954146359845,0.0081014653205,0.8124036553115,0.7839477860178,0.5421924783469,0.5176960019739,0.6450066912226,0.2570651198903,0.2122513231796,0.0446459208547,0.1799803207833,0.4982703453964,-0.2836338283253,0.0764007014960,0.3223104274662,0.5434663291637
