1.0000000000000,0.8396589584798,0.7312302775967,0.6370551355105,0.8641944978670,0.7622595685129,0.5723131940377,0.4967195035082,0.4784678675112,0.5504010721768,0.6059940544856,0.5120027814852,0.5918798161955,0.7641102590437,0.6646088841573,0.6526125273363,0.5506533822085,0.6261468135574,0.4419225151357,0.5189893050996,0.5954077577295,0.4068668805044,0.3987159891983,0.4744858571827,0.4844107296008,0.2887790965856,0.4656637753329,-0.0987328525929,0.0633240097606,-0.0156975580413,0.4465177937067,0.4065008629278,0.4868663147065,0.1647830726622,0.4466022135434,0.3431488241910,0.3606527412778,0.1754303401420,0.2747071419494,-0.1013043113760,0.2617541155525,0.3477647923019,0.2942459268323,-0.0800408347707,0.2405299024394,0.1416104207835,0.0309969529268,0.5644301671000,0.5354613807187,0.5242873726119,0.7335320987674,0.6600939741758,0.3711398050492,0.7569580686226,0.6602129430689,0.4181857160281,0.4403391197740,0.0743369279360,0.6306177933756,0.5002993340906,0.2138124283009,0.4410662896344,0.0816833390404,0.2279712800288,0.3496000446126,-0.0752361044575,0.5890960678645,0.4937423382961,0.5499988560884,0.4376662173452,0.2955585825382,0.2827198769615,0.5914641999692,0.3898686987887,0.4624023634308,-0.2452784387012,0.4114836208653,0.0990419417718,-0.1216843795947,0.6045296842407,0.1693274782236,0.3314774115221,0.0370053016868,0.1364899373957,-0.0323269965806,-0.0620413327395,0.3279187702886,0.4526163519536,-0.2069189739537,-0.0790122237157,0.3495858615775,-0.0249994445563,-0.0721951375046,0.3920864543521,0.1612546823307,0.5268755966165,0.3905269270582,0.1224810109832,0.0862606040269,-0.0096243495116
0.8396589584798,1.0000000000000,0.6878798108502,0.5315438243393,0.7052122784119,0.6285742277560,0.4444459310114,0.4344609338129,0.3275579100107,0.4738195032016,0.4509962006700,0.3518891452303,0.4425714876986,0.7209911111945,0.6141628842057,0.5520805116262,0.4153363854142,0.4946870789299,0.3100187163475,0.4042474079989,0.5353120564784,0.2998266800681,0.2898410437298,0.3343353192352,0.4930195795951,0.2971463772079,0.3991105771373,0.0177498771905,0.2108004092573,0.1840605516745,0.3961279725401,0.3506913946543,0.4180305841417,0.2498578797702,0.3782519095777,0.2651274568171,0.2862286169172,0.1986304776250,0.2553387349531,-0.1265513150891,0.2882407122613,0.3216771489362,0.2597899749321,0.0528823982406,0.3149892412670,0.1740840878982,0.0237073813630,0.4276307199331,0.4283482736452,0.5224841949532,0.5614731933207,0.6485067687845,0.2524726023731,0.6871314192288,0.4936038041613,0.2627518177290,0.3472831909152,0.0752788426142,0.5561232546864,0.4153116467545,0.1745576035535,0.3428601289623,-0.0455929179222,0.1467193654070,0.3972780722678,-0.1466009599819,0.5232048330408,0.3657276176006,0.3907282380842,0.3711535232718,0.2084437525758,0.2694031301349,0.4306692129796,0.4384859188557,0.4052849114239,-0.1441898345354,0.3708982123714,0.2585883945815,0.0365652837331,0.5120894431935,0.1547980867118,0.2792418237955,0.1774771612229,0.1260909639644,0.1407632712443,0.0112333910698,0.2550155774094,0.3934439232078,-0.2221283244474,0.0343848658732,0.3474358443932,0.0050691819763,0.1045608829226,0.4278514067668,0.2031917051626,0.3998490637999,0.3616397976662,0.1514829468874,0.1065250738381,-0.0605584117257
0.7312302775967,0.6878798108502,1.0000000000000,0.5084659555268,0.6731778282032,0.7768701340026,0.5945219263138,0.3561809415531,0.3137044333974,0.3613723042761,0.2752116535927,0.2198650859130,0.5213162891613,0.5244543291298,0.4407692270507,0.5010980815417,0.4437361563541,0.3915979451527,0.2131180052709,0.4286978867779,0.3078090180885,0.2383121987541,0.1621723039022,0.2793248353339,0.4657569107625,0.1749913210144,0.3665606966821,-0.0187980909053,0.0097504243371,0.0081461514121,0.3963200390246,0.4172921153092,0.4214750625474,0.2204767231778,0.2974105301853,0.2770657060978,0.0982939905717,0.1284939604459,0.2643836015584,-0.1300126626048,0.1261544665258,0.1260501816282,0.1502251187554,-0.1673773776390,0.1553293226504,0.1163268681762,-0.1448163016915,0.5742761079140,0.4372472723517,0.2725087892543,0.5828417911568,0.7639749139570,0.2214762410437,0.8498846576125,0.6385462373459,0.4412899514252,0.4682006331090,0.0897867934993,0.5074952832089,0.4119036335547,0.2381534039098,0.3112476610010,0.1311473139329,0.3362496128884,0.3183679908662,0.0485911261266,0.5272924792439,0.4082614432220,0.3519278855435,0.4199631269090,0.2272689740912,0.2380896100897,0.3683463814625,0.3719906393884,0.3746004245088,-0.1213828925708,0.4348518713891,0.1304851572276,-0.1937550815555,0.5420548056781,0.3493825854876,0.4169454435729,0.1847380337596,0.2054271598210,0.1132821791483,-0.0118066835225,0.1160563603566,0.3866401800501,-0.1256134080217,-0.0128190231269,0.3574666779280,-0.0594862840942,-0.0757227139339,0.4012315976117,0.2925604249123,0.5902197242596,0.3016406104144,0.1849149229906,0.1971746265265,0.0560679068599
0.6370551355105,0.5315438243393,0.5084659555268,1.0000000000000,0.7882438997523,0.7192735915114,0.8206615379972,0.4470500101686,0.4819578765274,0.4711544842550,0.4921268442377,0.2856529162126,0.6525625547506,0.5038577616590,0.6685462949362,0.6696241370849,0.6069600460697,0.4981860161176,0.3777536281388,0.4138537611357,0.4003555515194,0.2163827390608,0.0868650876420,0.4994781764091,0.3475624985335,0.1348360895803,0.2920189043448,0.0096842276998,0.1080500034282,-0.0086482352302,0.3493671135420,0.1751261074150,0.2331845571766,0.1950260516887,0.3048946398202,0.3172422607889,0.1478059296546,0.1390498304649,0.1777170241168,-0.1172942892219,0.2950590273898,0.2044881526956,0.1991047779530,-0.1081288212624,0.2093177704094,0.1241674680712,-0.1130659036254,0.4990939584783,0.5878702410801,0.3380587063021,0.6989843217864,0.5692336799163,0.8066732815477,0.6177919352896,0.7382761060361,0.7923634262038,0.5101467036416,0.0959531701101,0.5990755432699,0.5048031843902,0.3444675819516,0.4080256619502,0.1927520303816,0.4615201023395,0.4886776066113,-0.0325503530962,0.5303385081071,0.4409386608124,0.4953605555538,0.2508724954379,0.2284026227929,0.1379821383027,0.5109267974549,0.1505347925250,0.1800494046429,-0.3152266318470,0.1514802994367,0.2177859748861,-0.0004896120548,0.3876562253154,-0.0310305467668,0.1955250534803,0.0719845291241,-0.0929933442460,-0.0632064439033,-0.1327757679761,0.0410755626683,0.3248679484446,-0.1841320414557,-0.1737173187057,0.1989613320806,-0.1112956942024,-0.1031451749246,0.4099046765498,0.0819158610333,0.4614022340873,0.4619005843875,0.2946086067626,0.2187071642861,0.2231996738171
0.8641944978670,0.7052122784119,0.6731778282032,0.7882438997523,1.0000000000000,0.8837573704313,0.7279194573997,0.4974328466504,0.4940458321660,0.6575490441455,0.6493909142904,0.5212652342306,0.7234788355763,0.7104399842443,0.7754591867714,0.6892679635724,0.6818897897193,0.6849918634441,0.4183460164818,0.5171621592463,0.6059953698003,0.4055272176393,0.3238003664057,0.5411869424358,0.4479263417614,0.2461824985131,0.4848880617541,0.0136615306182,0.0994006205962,0.0410099338675,0.5032347705925,0.3828440103917,0.4903255296665,0.2753076425328,0.4770462000172,0.3970088721870,0.3458691119780,0.1518638564046,0.3241728979549,-0.1465493649316,0.3523234820570,0.3212766912164,0.2687752412175,-0.1687442682306,0.2364640430240,0.1967919070532,0.0187876851734,0.6691866254652,0.7320277703709,0.5261627733135,0.7988717305450,0.5982576203542,0.5957216689106,0.7829354814314,0.8577271815367,0.5864352568532,0.5193708394728,0.0544531206314,0.6255611960238,0.4857123592205,0.3985375427152,0.5477238644870,0.2122727760476,0.4259435013697,0.4610087760625,-0.0487539108653,0.5892929775241,0.6026343324750,0.5524110223095,0.3421908001649,0.3259194465631,0.3329744984902,0.6447245429183,0.2877307971985,0.3675795609683,-0.3485344962335,0.3530789029762,0.1820563832000,-0.0735977988459,0.6057881328825,0.1091355357528,0.3399338407368,0.1315925617232,-0.0182057079266,-0.0526952804209,-0.1285492615260,0.2689092395921,0.4954008957826,-0.2536947279648,-0.1899494385174,0.3866864272072,-0.1098783678670,-0.1896593169010,0.4403109824441,0.1573677686739,0.6402763714365,0.5499303326786,0.2754045270266,0.1739031757738,0.1173407712666
0.7622595685129,0.6285742277560,0.7768701340026,0.7192735915114,0.8837573704313,1.0000000000000,0.8309099201742,0.4395221086878,0.4452068596201,0.5812183132766,0.5690153698999,0.4356297949922,0.7460316110108,0.6126114783441,0.6806020307712,0.6699569159998,0.6212979320318,0.6224547730485,0.3773232252506,0.4427701289938,0.4859476505819,0.2944399344696,0.2227197382993,0.5117826487901,0.3803054030593,0.1662268371691,0.4177334513539,0.0336352479997,0.0811324549329,0.0245523017214,0.5210403995418,0.3837026139489,0.4696809429273,0.1857287913742,0.4440265744659,0.4483277331757,0.2801679285987,0.1339237294755,0.4196748569932,-0.1433934411199,0.2721855516842,0.1925338622360,0.2439895949448,-0.1764047337818,0.1608004772707,0.1239429712268,-0.0669444358047,0.7952044295879,0.6679535222976,0.3916837702144,0.7005966220838,0.6071445934959,0.4863157031475,0.9115146672345,0.8943507876912,0.6597741064325,0.5349444749199,0.0466210175341,0.5389994914598,0.4293026742536,0.3812728871750,0.5186622259730,0.2126920735770,0.4658387098830,0.4209871135934,0.0559247248946,0.5945223533878,0.5600576461856,0.4887142788936,0.2903530032332,0.2951493289219,0.2862692326570,0.5821238761055,0.2303128400051,0.3307163710648,-0.3253535774188,0.3405577992764,0.1244250803037,-0.1027265127206,0.5984964434526,0.2024704409327,0.3432386112867,0.1593339631283,0.0597788427543,-0.0177482275277,-0.1580492263424,0.2257939352585,0.5173676708160,-0.1733156607805,-0.1527346155294,0.4863252630109,-0.1171350833670,-0.1895640432631,0.3810151326385,0.1750596774400,0.7662239926333,0.4748314803278,0.2404706127552,0.2124905591953,0.1200285280970
0.5723131940377,0.4444459310114,0.5945219263138,0.8206615379972,0.7279194573997,0.8309099201742,1.0000000000000,0.4600218899954,0.5128138592881,0.3798175136592,0.4282619457118,0.2855091442058,0.6601356742556,0.4251226314287,0.5890548248847,0.7026797741984,0.5699893410995,0.4645254222530,0.4627233973825,0.4038850306284,0.3466364703108,0.1266409820667,0.0782315638934,0.5385539275562,0.3427416255737,0.2014351062898,0.2377930823980,-0.0328155341472,0.0858492282603,-0.0757811197830,0.4210821330284,0.1834841131233,0.1984765631416,0.1276382166911,0.4119593851314,0.4997252663748,0.1409383726534,0.2173633996977,0.3263419807391,-0.0807998399396,0.1209888602247,0.0477796993852,0.2412267997236,-0.0447482493799,0.1567262453928,0.0058294011965,-0.2050369730685,0.6493661183144,0.4930549814578,0.2176727100023,0.5806700847937,0.4858000447788,0.6095269977977,0.7430539289896,0.8034622798646,0.8788225957748,0.5313174421685,0.1531570078692,0.5524699764898,0.5034865127879,0.2463089129212,0.3353474604971,0.1601759998572,0.4387241650496,0.3317226439994,0.0732464285341,0.5811124818633,0.4372243174201,0.5315002601730,0.2814310285677,0.2274369830043,0.0888753003495,0.5283311787378,0.1410027813083,0.2163491236893,-0.1964904370027,0.1200346410872,0.1034880778807,-0.0142785233091,0.4101754638337,0.0488179196031,0.1588603880368,0.0074624424321,0.0595139213285,0.0079014514815,-0.1626291368507,0.0984690611415,0.4759458778234,-0.1099327123356,-0.0078941401190,0.3425028867802,-0.1401632752752,-0.0033527522973,0.3080263861659,0.0277598010981,0.6398633481036,0.3473419577607,0.1530386399695,0.1014847409269,0.1414257497994
0.4967195035082,0.4344609338129,0.3561809415531,0.4470500101686,0.4974328466504,0.4395221086878,0.4600218899954,1.0000000000000,0.5998175889329,0.3579732356235,0.4293792196190,0.3624169750192,0.5452396377007,0.3990532458753,0.4613063312067,0.5919874980661,0.6910121917928,0.4870840948670,0.6080437446239,0.6470956303607,0.4270716351928,0.1793926848678,0.1567768534421,0.4642249720535,0.5889544068788,0.4493432833888,0.2182295841230,-0.2824101415924,0.0386662294676,-0.1185895443745,0.2916588018471,0.2550187777295,0.0995305172393,0.1016329290980,0.3473356451593,0.2290959154558,0.1824384378090,0.4604449334298,0.0462112201560,0.0793178708073,0.0610513918103,0.0716587773425,0.2336756652891,0.1403647573398,0.4302041494545,0.0489416802513,-0.1559169801650,0.2854249121151,0.2167681516665,0.2460281004421,0.2983615043637,0.3112762273001,0.2848123632664,0.3653941708254,0.4049761093400,0.3670137282502,0.5380331724057,0.5613008486597,0.6885610913895,0.6972566453052,0.0694558031674,0.2179860795443,0.0573909519875,0.2504986445172,0.1374992130294,-0.1162482184470,0.4046833985355,0.4379614108992,0.5780957059295,0.5801621287384,0.2611838033034,0.0063706838415,0.4719327224997,0.5000645510680,0.2665853375809,-0.0030623974014,0.1518247468618,-0.0276467941436,-0.0325970888622,0.3291453402355,0.0139249876468,0.1442130161339,-0.1789109496977,0.1065594210895,0.0236476760330,-0.1797185827857,0.1485737774281,0.3181752749821,-0.2521699749995,0.1493284204099,0.0459102349590,-0.1294247836031,0.1770015874527,0.2269894450314,-0.1338855406568,0.2380981106532,0.1691837505056,-0.0806424434933,-0.1421797951873,-0.1059757343028
0.4784678675112,0.3275579100107,0.3137044333974,0.4819578765274,0.4940458321660,0.4452068596201,0.5128138592881,0.5998175889329,1.0000000000000,0.3327659478209,0.5319422729553,0.4050490802718,0.5665902494536,0.2915289627919,0.4579042698583,0.6858764223217,0.5505489470072,0.4944130250465,0.8043334767702,0.6898848656108,0.4459717910665,0.2112890635007,0.2470130350704,0.6469152995412,0.5113531908114,0.3463685714548,0.3448594726128,-0.1237774680533,0.0422896038718,-0.1606555502300,0.3910003135692,0.2781333545892,0.2104626110353,0.1203468486762,0.4328410945409,0.5443753312231,0.2454517721845,0.3262028995037,0.2350295144026,0.0468090385969,0.0818714794836,0.1731100540706,0.2528636135442,0.0565370486957,0.2780271654271,-0.0073144502034,-0.0738326160391,0.3580671961571,0.1494818453728,0.2669373802811,0.4197236778938,0.3338416239774,0.3473734218340,0.3762208576363,0.4477942844183,0.3831893090208,0.5180031824249,0.2600586568666,0.7358467097872,0.7785274311590,0.1332732162954,0.3867372781309,0.2271302217604,0.3625633273212,0.1531554539716,0.1154803476406,0.5535252634524,0.4789437739683,0.8280178398831,0.4588329791324,0.3390174717715,0.0818085993027,0.5789322718336,0.2288825894908,0.2776214477608,-0.0215278750169,0.2214650458458,0.0902790662609,-0.0011394782367,0.4473663162411,0.0564570720400,0.2265649001204,-0.1339429469404,0.0992887224589,0.0211439087185,-0.0859701182491,0.2327982577414,0.4251765337255,-0.1028526056405,0.0593260964180,0.2092450717704,0.0007023626191,0.0650401248020,0.2117253932075,-0.0467563270535,0.3572650702401,0.0302850373622,0.0491508347193,0.0810760662500,0.1835923745855
0.5504010721768,0.4738195032016,0.3613723042761,0.4711544842550,0.6575490441455,0.5812183132766,0.3798175136592,0.3579732356235,0.3327659478209,1.0000000000000,0.6558624226962,0.7338779071762,0.6103264737213,0.6451034125695,0.6672480784594,0.4750727626337,0.5125699209277,0.5043065812335,0.3570428621374,0.3309567893804,0.6893298952004,0.5521740541246,0.4963687764223,0.5090972463722,0.3399388453291,0.2699273076337,0.4664934000510,0.0533985853642,0.0590232490522,0.1573436553687,0.4082398885918,0.4317885793441,0.6030810531243,0.2587738202822,0.3650662361079,0.2806826846756,0.2474943783649,-0.0580819562921,0.0995854086507,-0.2268091858011,0.3320062999777,0.3027368438501,0.0365743119100,-0.3299599442525,0.0224910430129,0.2341093138471,0.2227756734332,0.3695622834718,0.5380488375923,0.6749729855940,0.5523018992388,0.3781833536929,0.4327886902024,0.5026124775441,0.5480969435690,0.2848374707720,0.4016386783287,-0.0111228239282,0.3668443074434,0.2936981150677,0.6538040937913,0.6679722503514,0.4336035318833,0.3464263497518,0.5465897122216,-0.0813392025070,0.4468635135217,0.4682840329781,0.4040888004152,0.1038304839914,0.4830887641310,0.6252664015583,0.5844057909294,0.2666245229642,0.2225325068443,-0.2015951161024,0.2267843560889,0.1605400930454,-0.0075632405064,0.4755278307811,0.2282398744172,0.4315392950965,0.2309079621435,-0.1989429977256,-0.1165725432480,-0.0780992376157,0.1823773973710,0.3732695334980,-0.4224498310955,-0.2427137975247,0.2005272974582,-0.1583207795925,-0.3459965933556,0.3021761888090,0.2355167441876,0.3830587472342,0.4703044430301,0.3702718574223,0.3009595789953,0.2415624821945
0.6059940544856,0.4509962006700,0.2752116535927,0.4921268442377,0.6493909142904,0.5690153698999,0.4282619457118,0.4293792196190,0.5319422729553,0.6558624226962,1.0000000000000,0.7305467420875,0.6572234912709,0.5724565770917,0.6792339031589,0.6073896128904,0.5730198157703,0.6401591832406,0.5309457387369,0.4573377413361,0.7079627367626,0.3914345740117,0.5500995680817,0.6077578964754,0.3105304593297,0.3064261825236,0.5168453502256,-0.0720627469643,0.0873045505100,-0.0472925828078,0.4750238638525,0.4627848587515,0.5288373357024,0.1622943047872,0.4345314982795,0.3553961508642,0.4870267622989,0.1693806801806,0.2568947916587,0.0276624614016,0.2876173845951,0.3356711415437,0.2954437115091,-0.0823282386701,0.2146769178224,0.1496944594403,0.2397104374993,0.4147516054351,0.4568406999730,0.5057520146457,0.4708363828892,0.2720074987871,0.4178728097993,0.4476519256798,0.5135868377733,0.3044513934139,0.4111378129700,0.0371371155938,0.4766948712472,0.4091608573410,0.2704759419763,0.6881084821225,0.2858113773064,0.2857544582253,0.3558596271474,0.0169740947466,0.4333744282262,0.5219425662951,0.5559835784125,0.2268800467554,0.3785409927899,0.3509435143962,0.6412282308010,0.2402929664010,0.2532928102917,-0.2546569820028,0.3092087511442,0.0818885896115,0.0115013152062,0.4797131205385,0.1362705005310,0.3135404401687,-0.0466906216079,-0.0676292181921,-0.1077238064860,-0.0597032437443,0.3796061109014,0.3778616696303,-0.2261537637678,-0.1804970136965,0.2687471412429,0.0359246987777,-0.1651678257261,0.2741439992914,0.0462585809378,0.4114810454340,0.3508319702588,0.1036593317985,0.1089508418635,0.1650147155652
0.5120027814852,0.3518891452303,0.2198650859130,0.2856529162126,0.5212652342306,0.4356297949922,0.2855091442058,0.3624169750192,0.4050490802718,0.7338779071762,0.7305467420875,1.0000000000000,0.5317173734215,0.6185489296312,0.5474879970714,0.4603953275539,0.4765697272655,0.5573600311214,0.5071953052009,0.3069063017708,0.7204629078489,0.4084501859860,0.7594772727525,0.5556601360515,0.2791366491361,0.3768722061447,0.4776372656318,-0.1962950311525,-0.0735126074869,-0.1082156147568,0.3533139906930,0.4033890684059,0.6151975420299,0.0789190034178,0.3806151005812,0.2701722962740,0.3036822933036,-0.0535510655508,0.0180354419416,-0.1273450044624,0.0106175897317,0.1778943245905,0.0338475621867,-0.2469582289713,-0.0338221166761,0.0442768035560,0.2238971335991,0.2327877338671,0.2855561319598,0.5423296592365,0.3580331993609,0.1829453277765,0.2652388561406,0.3410690099861,0.3486340804201,0.1679601312749,0.4115627370164,0.1149575001705,0.3245268540725,0.3197768474394,0.3117671896027,0.5535345584030,0.3722107647956,0.1803266201996,0.2345295799755,-0.1131948837203,0.3781607282383,0.4937063730840,0.4788918655159,0.1823504275317,0.5686969102261,0.5663517812594,0.6208911773708,0.2985851773459,0.2451031579893,-0.0692121969435,0.2372243910314,-0.1437469758397,-0.0603170029051,0.4127908634632,0.1504831101406,0.3724191286471,-0.1393126827493,-0.1514242284629,-0.1646827308930,-0.1359119197383,0.2631034787580,0.3463142368888,-0.4053249081512,-0.1676431977536,0.0941604774578,-0.1853007959682,-0.2797725379832,0.0643251417823,0.0209787491011,0.2457568137347,0.2293192789239,-0.0136532166985,-0.0599316129235,0.0605359819809
0.5918798161955,0.4425714876986,0.5213162891613,0.6525625547506,0.7234788355763,0.7460316110108,0.6601356742556,0.5452396377007,0.5665902494536,0.6103264737213,0.6572234912709,0.5317173734215,1.0000000000000,0.4658239028818,0.5517160895900,0.6425126708497,0.7581722199700,0.5274343448751,0.4238025401412,0.5214822802334,0.5015235043820,0.3036765811342,0.3144199954745,0.5052077549896,0.3628770085961,0.2465599693710,0.4184119924470,-0.1077490926836,0.0233406096919,-0.1288432870908,0.5285961859058,0.5225730041620,0.4767067377205,0.1857266270764,0.3279000844690,0.3559572882330,0.2338367689473,0.2618203054075,0.2855474118177,0.0612908860295,0.2918912397726,0.2431448148754,0.2827532885027,-0.0968353827504,0.2439195298649,0.1617732793377,0.0355008492992,0.6081053295478,0.4881237181742,0.3648036472795,0.5332221265236,0.4192833733416,0.5235365409764,0.6164825143519,0.7329623312004,0.5577477829043,0.6497748095755,0.1542414509798,0.5196928124224,0.4773777167466,0.3027368907704,0.5172394042580,0.3365328093569,0.6276646796779,0.3611515835973,0.0873645528127,0.4654829414780,0.4728506594897,0.4803636437238,0.2935111191833,0.2790921751834,0.2195140949933,0.5172479619874,0.2458054372992,0.2037654804136,-0.2179725264325,0.3247593427809,0.1270708184609,-0.0312229263153,0.4451029890766,0.2358866313145,0.4036950055144,0.0129738437167,0.0396074569069,0.0427962212833,-0.1369662102327,0.1735216117019,0.3710589974498,-0.1583505795600,-0.0941318382916,0.2989783102279,-0.0395476604471,-0.1305740206534,0.3139784546447,0.0940479300136,0.5708955784084,0.3432018551203,0.1588484674620,0.2159178448178,0.2271721188667
0.7641102590437,0.7209911111945,0.5244543291298,0.5038577616590,0.7104399842443,0.6126114783441,0.4251226314287,0.3990532458753,0.2915289627919,0.6451034125695,0.5724565770917,0.6185489296312,0.4658239028818,1.0000000000000,0.7670135147481,0.6113836960121,0.4887053329661,0.6222723350081,0.3538393728250,0.3741900635661,0.7362563478035,0.4402505291117,0.4928406275129,0.4703080658152,0.4046281876916,0.3339209207477,0.5235742060877,-0.0323837870492,0.1819388726827,0.2758626610935,0.4739470578956,0.4088188103756,0.6302148656489,0.1829393485867,0.5035407473598,0.3360648517167,0.3172689394279,0.0554291389104,0.1900233126942,-0.2620215024276,0.2403067320314,0.3185864542941,0.1710452736347,-0.2051088478847,0.1166096935715,0.1747970179224,0.1476973439052,0.4114922169676,0.6077373285769,0.6626160089130,0.5814028247580,0.4756152269829,0.3460045886108,0.6069665141609,0.4825737567702,0.2475212713864,0.3382516624942,-0.0226954709260,0.4677743011374,0.3095538682013,0.2460919784947,0.5040741678390,0.1077400145327,0.1063721571468,0.4354031444907,-0.1725221424485,0.5672476969837,0.4677632853381,0.4214018151201,0.2459350700120,0.4008689137120,0.4893319522712,0.6032778886329,0.3755618587140,0.3498688653849,-0.2390084504609,0.3236382715356,0.0620963554222,-0.0166736074444,0.5468764363053,0.1028916906124,0.3154006984449,0.1287472259575,-0.0618327555821,-0.1246478216504,-0.1796274960956,0.2638610976471,0.4487072619268,-0.4319082295036,-0.1415172085605,0.2701531893586,-0.1877344117538,-0.1948138543253,0.3163137157296,0.1084569423764,0.4377631687350,0.5156261006260,0.1659777955763,-0.0193729104214,-0.0332423550530
0.6646088841573,0.6141628842057,0.4407692270507,0.6685462949362,0.7754591867714,0.6806020307712,0.5890548248847,0.4613063312067,0.4579042698583,0.6672480784594,0.6792339031589,0.5474879970714,0.5517160895900,0.7670135147481,1.0000000000000,0.6640729893392,0.6439344231974,0.6278670157111,0.4634465932170,0.4782233776263,0.7525759028952,0.3524844965116,0.3339636677609,0.5604321291921,0.4309675140362,0.3700925043700,0.5692510584309,0.0127625534890,0.0871185899869,0.1721742753283,0.4685638087390,0.3458647820954,0.5319151729607,0.3232594660296,0.5290016068045,0.4537044503732,0.4138085310817,0.1708775118170,0.3364645840846,-0.1585104112933,0.3863422735613,0.3349237328339,0.3489830357851,-0.1174488672946,0.2574744581466,0.1755044663801,0.0596355581181,0.5064924523949,0.6589951713869,0.6672059144426,0.5698415233950,0.4337771408504,0.5127525566294,0.5915857888759,0.5865947459222,0.4227569411724,0.3797085883835,0.0259779739687,0.5890408852582,0.4113601701297,0.3366865961384,0.5529202747349,0.1353096913686,0.2343989749029,0.4815682349387,0.0066318694334,0.5353768620569,0.5563766962261,0.5170080911531,0.2649160726713,0.3629061799756,0.3596735063494,0.6627585198396,0.2925974337034,0.2806386319275,-0.3055208415307,0.3281822353023,0.1142550725857,-0.0688449155107,0.5148498878918,0.0657312683521,0.2852296299428,0.1526653559456,-0.0879803842079,-0.0869538388228,-0.1218783991372,0.3079734133086,0.4936652198845,-0.2644694168720,-0.1040456597089,0.3766131193308,-0.1367235563590,-0.1264728787272,0.3685041026317,0.1048932058295,0.5042408192834,0.5133489435846,0.2342542020225,0.0855820312867,0.1573770904479
0.6526125273363,0.5520805116262,0.5010980815417,0.6696241370849,0.6892679635724,0.6699569159998,0.7026797741984,0.5919874980661,0.6858764223217,0.4750727626337,0.6073896128904,0.4603953275539,0.6425126708497,0.6113836960121,0.6640729893392,1.0000000000000,0.6795759807032,0.6445467564637,0.7386039414154,0.7129462509308,0.6108298564592,0.2486773865679,0.3513394544347,0.6674945848484,0.5730539109357,0.4514092755242,0.5304659232029,-0.0710943906224,0.1487412429530,0.0376524243167,0.7471660871072,0.4807405523197,0.4552994861068,0.2120735407290,0.6553855208221,0.6676570682489,0.4135526142189,0.4163375476964,0.4009678176305,-0.0409037257745,0.1847654549999,0.2864161060507,0.4393413382456,0.0812789598376,0.3642622382442,0.0700947812767,-0.0250162087757,0.5135854848526,0.4432278396964,0.4379767155674,0.5083867941097,0.4034602672521,0.4356357962723,0.6041838643806,0.5925223157473,0.4691356614109,0.5342334660447,0.1224334451470,0.6488176263790,0.5635367365651,0.1517911331677,0.4926684630709,0.0979648130230,0.3014711949320,0.2770669212624,0.0035661202119,0.7778308980146,0.5396702042937,0.6860631298873,0.4712731796658,0.3053047981246,0.2328825469078,0.6302696742094,0.4222069313326,0.4440320796321,-0.0909997403709,0.3640557332272,0.1469741617142,0.0322370207009,0.6437504317067,0.1695949945819,0.3164568622237,0.0135112158456,0.2009102076747,0.1043015900363,-0.1294339996663,0.3410478577035,0.6286261642757,-0.2043677869516,0.0810228897442,0.4093050291331,-0.0496262229021,0.0725739632695,0.3424055343440,0.0567663233964,0.5260649434216,0.3434323252774,0.0653942634302,0.0314230482955,-0.0011954424494
0.5506533822085,0.4153363854142,0.4437361563541,0.6069600460697,0.6818897897193,0.6212979320318,0.5699893410995,0.6910121917928,0.5505489470072,0.5125699209277,0.5730198157703,0.4765697272655,0.7581722199700,0.4887053329661,0.6439344231974,0.6795759807032,1.0000000000000,0.6569231168072,0.4740665598972,0.6547768762111,0.5596030627437,0.3122986644661,0.3079873955153,0.5267528011389,0.5131187338604,0.3933073701205,0.4665487565277,-0.1788063974998,-0.0376042041539,-0.1662665401440,0.5888213258493,0.4235884482631,0.4577915222387,0.2850998992807,0.4030993621258,0.3394247710434,0.3121880515070,0.3322272592070,0.2784607643674,0.0005022801334,0.2349790662864,0.1835408000209,0.2897073254083,-0.0615612566300,0.3572261974484,0.0675239858426,-0.1251792328597,0.5028365222061,0.4239019022690,0.3796998281083,0.5125815408916,0.3628703057268,0.4620450774020,0.5045417693819,0.6122871375055,0.4374558182657,0.5284624018440,0.2838526638077,0.5940742425787,0.5130772687108,0.2636029499813,0.4683599513984,0.2340133011631,0.4267050213639,0.2993693948568,-0.0012734681380,0.4373755939823,0.6375680144715,0.4966208710638,0.4436302166764,0.3409707895449,0.2289890987303,0.4898930223092,0.3817922508027,0.2640793846568,-0.1478639697431,0.3576604708532,0.0520457150725,-0.0569039866692,0.4814623709775,0.1051723430798,0.3427422197381,0.0230661211615,0.0341879763213,0.0103420473889,-0.1545652086493,0.2414502035878,0.3960087042887,-0.2316060962128,-0.0149543961006,0.2741560899781,-0.0602483348984,-0.0565256945939,0.2548026461247,0.0042865026583,0.4817046192823,0.3037050401933,0.1063664545682,0.0696535965091,0.0928261825653
0.6261468135574,0.4946870789299,0.3915979451527,0.4981860161176,0.6849918634441,0.6224547730485,0.4645254222530,0.4870840948670,0.4944130250465,0.5043065812335,0.6401591832406,0.5573600311214,0.5274343448751,0.6222723350081,0.6278670157111,0.6445467564637,0.6569231168072,1.0000000000000,0.4891576337623,0.5029352622216,0.5950122797708,0.3698725271908,0.4153086976192,0.6174169099953,0.3955503732742,0.1891121928954,0.4602739166303,0.0262199983188,0.1369941631109,0.0453372572150,0.5383578354111,0.2850420619658,0.5250515811449,0.1082905558410,0.5299391715029,0.4122366719504,0.4139057609872,0.0838121498764,0.3098118251064,-0.2719850049489,0.1500333530147,0.2511196162416,0.0896570749076,-0.1839716865988,0.2237586816895,0.0709214992037,0.0729547927482,0.4574995529108,0.4458748310793,0.4617236571112,0.5776387471638,0.3998328360680,0.4205996662791,0.5461795383943,0.5742840379995,0.2968074767748,0.4538887538517,0.1150419211253,0.5255389720618,0.4005088968179,0.3246464752890,0.5926771244902,0.2692512218686,0.3189504881933,0.3281569769430,-0.0891256434653,0.5641233185077,0.7496765542083,0.5508114826457,0.3207986117167,0.4731538040161,0.4059960417770,0.6248124628766,0.3175506210905,0.3615585025466,-0.2858306807534,0.3625098394433,0.0643719294855,-0.0243881714090,0.6508996075828,0.0686851170729,0.3370043520885,0.1101219297439,-0.0942198336705,-0.1011138275962,-0.2037963742842,0.3385261327675,0.5039522048626,-0.3439462784664,-0.1920390353962,0.3395826669060,-0.1607060184509,-0.2528993059413,0.2164937863435,0.0780359947112,0.5014061670681,0.3125581938496,0.1642899613918,0.0981618525789,0.0641528041243
0.4419225151357,0.3100187163475,0.2131180052709,0.3777536281388,0.4183460164818,0.3773232252506,0.4627233973825,0.6080437446239,0.8043334767702,0.3570428621374,0.5309457387369,0.5071953052009,0.4238025401412,0.3538393728250,0.4634465932170,0.7386039414154,0.4740665598972,0.4891576337623,1.0000000000000,0.5507495350512,0.4939273643271,0.2116356148684,0.3909460337729,0.5562842199467,0.4173141949359,0.4776388041688,0.3370526709117,-0.1678402594701,0.0275633534962,-0.1108040889553,0.3809552976373,0.2385539362195,0.2167634940432,0.0594682652918,0.4842041202788,0.5586397618894,0.2569805591084,0.3339360371939,0.1448457026494,0.0604648564624,0.0253771843162,0.1140797879571,0.2758593993822,0.1416675482907,0.2658175366284,-0.0067141756304,0.0103657766781,0.2487751007890,0.1399984149764,0.2514979998487,0.2662654861943,0.1439950580642,0.2566433592742,0.2932732656360,0.3158046515204,0.3024377831708,0.3959511455780,0.2495731150915,0.5649631763977,0.5758101893549,0.0426364302386,0.3150978713780,0.0722337770277,0.1211576014557,0.0594078881054,-0.0031074365407,0.5397566107349,0.4012573421833,0.7903831853669,0.3606878527910,0.3305498882034,0.1224850404957,0.5698974684331,0.2680274209331,0.2499381344659,0.0897310701036,0.1507109640646,-0.0530519333290,0.0341806240883,0.3833466537546,0.0306016374009,0.1565292626596,-0.2108402237876,0.1050280048062,0.0348107774528,-0.0896719204131,0.2432623250348,0.4397468571754,-0.1489279773573,0.1653802430582,0.1462761959127,-0.0601820615440,0.1564410814785,0.1608322735755,-0.1028662527052,0.2350495126427,0.0931970846775,-0.1028122724362,-0.1167450459526,0.0187129642033
0.5189893050996,0.4042474079989,0.4286978867779,0.4138537611357,0.5171621592463,0.4427701289938,0.4038850306284,0.6470956303607,0.6898848656108,0.3309567893804,0.4573377413361,0.3069063017708,0.5214822802334,0.3741900635661,0.4782233776263,0.7129462509308,0.6547768762111,0.5029352622216,0.5507495350512,1.0000000000000,0.5110669609251,0.2446989604693,0.2886328135075,0.5922545819907,0.7998674106140,0.5307576966345,0.5906300240345,-0.1700620859084,0.0557454631783,-0.0696053965416,0.6542812456166,0.5653667113475,0.4103069777424,0.2878965890953,0.4519980889358,0.4409207119575,0.4472433192247,0.5809993623166,0.3215626072446,0.0809429185819,0.1904771431384,0.3827412737273,0.4330043334121,0.1590322789401,0.5501502935190,0.1406402445303,-0.0518235472883,0.3293944348365,0.2218998468810,0.4230665570757,0.3584964564322,0.3347695350633,0.2125201652610,0.3942732713320,0.3953395868831,0.2376717304388,0.5054739355627,0.2047748503576,0.6747874289337,0.6443263962449,0.0930662831238,0.3912548776638,0.1104505239176,0.2389906696188,0.0854116997690,0.0635221365941,0.5042551790640,0.4671122246725,0.5714994379355,0.7278511935165,0.2482413246223,0.1562121777387,0.5060550360380,0.6347915398704,0.5068419046793,0.0519233196125,0.5739835957683,0.1121346253332,-0.0488565496905,0.5915214837902,0.2302004806544,0.3930779196711,-0.0238199598319,0.2194613289708,0.2218458244897,-0.0407921597167,0.3672843831446,0.4294599375574,-0.0859443610916,0.1869375313692,0.2980073074593,0.0484029807338,0.1562238075809,0.2976128172934,0.1107404103693,0.3311848401256,0.1489413776682,0.0536416074087,0.0816774134199,0.0376988613838
0.5954077577295,0.5353120564784,0.3078090180885,0.4003555515194,0.6059953698003,0.4859476505819,0.3466364703108,0.4270716351928,0.4459717910665,0.6893298952004,0.7079627367626,0.7204629078489,0.5015235043820,0.7362563478035,0.7525759028952,0.6108298564592,0.5596030627437,0.5950122797708,0.4939273643271,0.5110669609251,1.0000000000000,0.4990713651134,0.6577162513626,0.6064616821001,0.5203199443651,0.5532950874283,0.7158978872276,-0.0300769040864,0.1353716066314,0.2200731853793,0.5536977514359,0.4914252940438,0.7067732754887,0.3248998535664,0.6180265337224,0.4455573058223,0.5229147360360,0.1427241994368,0.2318437501737,-0.2120875358884,0.3129289722680,0.4933646075525,0.2952866135391,-0.0896872330697,0.3444009875971,0.2111209304641,0.2672591274878,0.2680032064191,0.4288292875895,0.8221623858921,0.4445666292810,0.2890164486242,0.3025067635052,0.4532515163929,0.4015292257565,0.1304074225742,0.3087250658431,-0.0659086235594,0.4507875995484,0.3061915337426,0.2592076389677,0.6097850499841,0.2493017131155,0.1156112419012,0.2656038405182,-0.1442218071945,0.5006440813798,0.5088816658189,0.5059272219100,0.2294992673986,0.4975391337651,0.5987164975165,0.6966898990974,0.4107919956485,0.3834254650180,-0.1652562401580,0.4233464947663,0.0425969577862,-0.0126740476554,0.5203998622861,0.1170091297634,0.3987049886019,0.0763834696462,-0.1381056149519,-0.0453728699581,-0.0900123877270,0.4412833155993,0.5086031520448,-0.3308739111605,-0.1107055540351,0.2985772831645,-0.1579760862199,-0.1399837983399,0.2366634641923,0.2190345863830,0.3228829102600,0.3922685133972,0.1819369970355,0.0290121824510,0.0900956537284
0.4068668805044,0.2998266800681,0.2383121987541,0.2163827390608,0.4055272176393,0.2944399344696,0.1266409820667,0.1793926848678,0.2112890635007,0.5521740541246,0.3914345740117,0.4084501859860,0.3036765811342,0.4402505291117,0.3524844965116,0.2486773865679,0.3122986644661,0.3698725271908,0.2116356148684,0.2446989604693,0.4990713651134,1.0000000000000,0.5672785944442,0.3222337941575,0.2187157172799,0.2407355065443,0.3444313768175,0.0847854433743,0.3744901476156,0.2184089901924,0.2224706121635,0.2442900923285,0.4807913578325,0.2088585387718,0.1845231022961,0.1093914583297,0.2045134756231,-0.0406911390172,-0.0100659828941,-0.1434363456634,0.4512560294550,0.2379353392057,-0.0570041755365,-0.1798161849825,0.1168841312578,0.4887197191706,0.3707253329470,0.1168485637991,0.3532722839902,0.4154343933917,0.4421066456917,0.1644522013214,0.2108877851977,0.2414453907044,0.3475924713580,0.0318847031769,0.1153309007115,-0.0829704568143,0.2093445908174,0.1189410430388,0.3602954669595,0.4286923893127,0.2487783850774,0.0718836647485,0.1620337333712,-0.2821758133702,0.2124278204202,0.2785875220827,0.2222938312698,0.0580261751831,0.2849729274985,0.4880322304572,0.3980881840042,0.1313655079534,0.1103541137309,-0.1608392490857,0.1989247514845,0.0822361315037,0.1747513122143,0.2861714567474,0.0239158981768,0.2676003227341,0.1927158952992,-0.3217109317008,-0.0657042398389,-0.0276424897948,0.1139889785520,0.1411083065905,-0.3993359500170,-0.1973127416557,0.0457620058467,-0.0585805360647,-0.2579682133620,0.2955416865602,0.2388240722438,0.1553002142037,0.5270806436855,0.5090337385687,0.0584470165041,0.0416799008488
0.3987159891983,0.2898410437298,0.1621723039022,0.0868650876420,0.3238003664057,0.2227197382993,0.0782315638934,0.1567768534421,0.2470130350704,0.4963687764223,0.5500995680817,0.7594772727525,0.3144199954745,0.4928406275129,0.3339636677609,0.3513394544347,0.3079873955153,0.4153086976192,0.3909460337729,0.2886328135075,0.6577162513626,0.5672785944442,1.0000000000000,0.4025507698462,0.2353816213327,0.5221627548968,0.5521070468325,-0.1761168027512,0.0378820268586,-0.0701490985375,0.3475383541383,0.4484294018715,0.6285899611677,0.1219146283675,0.2952950527541,0.1775850129659,0.3261190682292,0.0104742996799,-0.0716541155938,-0.0461495300649,0.0700148821235,0.2231538685489,-0.0071338030337,-0.0860446675038,0.1277588437168,0.1830324110384,0.4159878483369,0.0155820672611,0.0929950070023,0.4837046052623,0.2393473772059,0.0640029455546,0.0851175315373,0.1747077611315,0.1553618705993,-0.0606609312299,0.2078368797142,-0.0357713394999,0.1345937292476,0.0743215109284,0.0959364415707,0.4446486844410,0.2357635444191,-0.0571853208534,0.0269265180980,-0.2348923536391,0.2132046868883,0.3023341585075,0.3018804798518,0.1521286141150,0.4185235010857,0.6308256421084,0.4426682054712,0.3045178492923,0.2253606784002,0.1402351142671,0.3554616315726,-0.1647939699260,0.0803384104068,0.3042206604934,0.1196480188883,0.3504459043211,-0.1448849717089,-0.2190432299619,0.0390246185976,-0.0100084260395,0.2818201131075,0.2035350506974,-0.3861921405700,-0.0640119679592,-0.0219644503602,-0.1054543821167,-0.1465557505094,0.0654718411128,0.1482043100812,0.0560027209647,0.1538956149081,-0.0302669522788,-0.1416486954227,-0.0034659741386
0.4744858571827,0.3343353192352,0.2793248353339,0.4994781764091,0.5411869424358,0.5117826487901,0.5385539275562,0.4642249720535,0.6469152995412,0.5090972463722,0.6077578964754,0.5556601360515,0.5052077549896,0.4703080658152,0.5604321291921,0.6674945848484,0.5267528011389,0.6174169099953,0.5562842199467,0.5922545819907,0.6064616821001,0.3222337941575,0.4025507698462,1.0000000000000,0.4600775979118,0.3688851812505,0.5009235697647,-0.0926190904865,0.1190788170114,-0.0427341425977,0.4836453395957,0.2637150630535,0.3810637018878,0.1928160359735,0.5111531583246,0.6108508834251,0.5225810712652,0.1556226317952,0.3352085742704,-0.0263217511286,0.1541800220343,0.2357102181585,0.2241063839326,-0.0795720018195,0.1894755822713,0.0500233069805,-0.0161231074155,0.4032405071727,0.3331765434918,0.4604036231157,0.4993771759548,0.3270516478181,0.4473925424332,0.4319007418201,0.5049681771330,0.4370403873604,0.4509263108896,0.0656903043322,0.5318686422772,0.5530610895029,0.3078438024307,0.5587292930378,0.2855178034370,0.2681562368460,0.3170329052498,0.0166689730166,0.5709079555700,0.5687570111861,0.6754361071733,0.3306588293788,0.4220258273459,0.3209213028360,0.7529705451070,0.2486250165167,0.3445647650547,-0.1858987588860,0.2407633033047,0.0436999701872,-0.0417585244490,0.5465658289884,0.0056121354288,0.2042934551009,-0.0401753086808,-0.0490460125666,-0.1816096982296,-0.1867773241407,0.3709060541430,0.5202036067034,-0.2349820792685,-0.1565196812779,0.3140635636902,-0.0490238038896,-0.2157354805391,0.1333659754465,-0.0223421362478,0.4531101655931,0.2320113152327,0.1513744961113,0.0593509433495,0.0864916932019
