1.0000000000000,0.6153460084634,0.7480378305409,0.5702098854088,0.8498669296171,0.6305507473777,0.2842890269320,0.0826287795363,0.1603208265520,0.2237261891391,0.0084723863940,0.0218276798720,0.2269371933199,0.7981659010764,0.4139791020693,0.1319321054663,-0.0047925426543,0.0816199809430,-0.0000207062394,-0.1040666469522,-0.2339568605551,0.1830974188370,-0.0682256450966,-0.1551124850057,0.0489019047087,-0.0927206508780,-0.1710467646115,0.1143617857912,0.1538890416116,0.5445209574659,0.0041980453804,-0.0630620557804,-0.1931853214320,-0.0959889115777,-0.0544706664943,-0.0825009055044,-0.0367272219458,-0.0617191655593,0.0454694265715,-0.1875992840593,0.4408035395405,0.4979827676869,-0.2274007652640,-0.1421749916052,0.0973009457839,0.2212263405502,0.2067278262819,0.2812957580227,0.5049779582304,0.3334216444922,0.7280155937501,0.4479971336639,0.1217510696114,0.6043088750451,0.4439648105348,0.2919582065282,0.1920772564406,0.3326015593374,0.1337208726746,0.2705615571764,-0.2743608773959,0.0807731754562,-0.1547969210801,0.0340700863759,0.0863453190858,-0.3164470140404,0.1246751630813,-0.0102179653523,0.0622847071243,0.0569811507824,-0.0577407469250,-0.1720237226783,-0.2224905058286,0.0966539417142,-0.0762258452372,-0.2466505830959,-0.3651800241222,-0.1649105514063,-0.1694086747687,-0.0441114013482,-0.1981661071618,0.0166751007021,-0.1559187607877,-0.3641440889719,0.2563314930250,-0.3041501271726,-0.1378214208030,0.0647656197674,-0.3642758451175,0.0734214182547,0.0631925347618,-0.2298179675352,-0.1916286289230,-0.1659284031015,-0.0427613174958,0.0762686977100,0.2248320819770,0.0576991516058,-0.0530221813902,-0.3870307615035
0.6153460084634,1.0000000000000,0.4679071110967,0.2555672944594,0.4107713454198,0.2857479421091,-0.0541034096090,-0.0508434941460,0.1257292902972,0.2518946292325,0.0045660420158,-0.0125755264046,-0.1779145392270,0.7355033291773,0.3788595152819,0.0276211166130,-0.2986658969047,-0.0004765756267,-0.1135782111105,-0.2581059451900,-0.3234023948674,0.1868444256390,-0.1295978750020,-0.2152397198424,0.0838585850533,-0.1599019054504,-0.3519699964282,0.2606038429977,0.2992772344861,0.5147512943064,-0.1217150479449,-0.0922632226844,-0.3192328900062,0.0922067311980,-0.1600710776841,-0.1945733365542,-0.2678428918448,-0.1796451996092,-0.1159728196686,-0.0525236929315,0.3902966774578,0.3013804453044,-0.3113446087939,-0.1874582046411,-0.0324405856190,0.0072511347719,0.0967482220051,-0.0584193028468,0.5039389344101,0.1272595521619,0.4585189928554,0.7532915020698,-0.0036840669369,0.2600912653794,0.1304912464997,-0.0414154917083,-0.1453660946877,0.0350068258979,-0.0493095134775,0.0151613019652,-0.1185628058602,-0.0387726517444,-0.1921083076846,-0.3305482322067,0.4496715029118,-0.4023753625817,-0.1778712966464,-0.2752442280604,-0.1360385636217,-0.2969011698862,-0.3869651969955,-0.0461937467343,-0.1713785888843,-0.0538174891713,-0.3451531865896,-0.2581497761810,-0.4644151620638,0.0399117429834,0.2142672875355,-0.2969657962726,-0.0634784683033,-0.2530827369434,0.2056605637302,-0.4171421234805,0.0225446368478,0.0581082564021,-0.2576589508745,-0.0990090241177,-0.5324498407368,-0.1720615390847,-0.0382448797782,-0.1064370709540,-0.2837420715331,-0.3010295987005,-0.2316506345406,-0.0912088398345,0.4349810375565,0.0580224094227,-0.2292006176838,-0.5119713222554
0.7480378305409,0.4679071110967,1.0000000000000,0.6641061121373,0.7530089539912,0.7601804784091,0.3725532182924,0.1161163491361,0.2526015269825,0.4180864054794,0.0325397808079,0.1263056106297,0.1871144112598,0.4812770831139,0.5476097363020,0.2401926162418,-0.0011244443214,0.0381799638062,0.1539507296802,0.0532542361176,-0.1379780297711,0.3012110896658,0.0159422783153,-0.0652468010128,0.1778281312957,0.1216216389611,-0.0190373886770,-0.1681897582167,-0.0789904824020,0.4011175201194,0.0363583147507,0.0449082638377,-0.0414562009341,-0.2179047510693,0.0755788373716,-0.0783161502183,0.0958758192482,0.0528408337652,0.0434721117859,-0.3651528160230,0.2242886306086,0.4917173197110,-0.0591916504512,-0.0217396824191,0.2252590960433,0.3084997221450,0.0433703769918,0.3657315479902,0.3107015795228,0.4641405247412,0.5996515855644,0.3898492853302,0.2378436616107,0.8017385873850,0.4492749234622,0.3188130375462,0.2094286545750,0.4612356255245,0.2069927130936,0.4852900173194,-0.1596179257166,0.0905572264933,0.0449418377268,0.0843045966813,0.0294611723485,-0.1396444948694,0.1892897637767,-0.1038420608291,0.2477549024583,0.2515078063528,0.0132519656966,-0.0011471537788,-0.1157702079124,0.2883640158265,0.0675674072899,-0.0808163844989,-0.3079581845855,-0.3783246293675,-0.4142581238264,0.0281799701343,-0.1902052677884,0.1897143414807,-0.3433105028377,-0.3923053438316,0.4288424749313,-0.5174680770293,-0.0617050005011,0.2112209158236,-0.2709925041967,0.2349797344066,0.0703132996394,-0.3850302334875,-0.1249285895934,-0.0743931445620,0.0166253959591,0.1782721388125,0.0415900681268,-0.0374575134060,0.0366353616785,-0.2902735256829
0.5702098854088,0.2555672944594,0.6641061121373,1.0000000000000,0.6897989228593,0.8035164772127,0.7249922995046,0.3647552547527,0.3280909415572,0.3859594872981,0.2656784733324,0.2201171295891,0.3366742593488,0.4237948080749,0.6674609099439,0.5612181165584,0.3020223304039,0.3607453786770,0.3296003484561,0.2298096555373,-0.0334384545666,0.1801789889699,0.0647011240849,0.1468568641718,-0.0021125483788,0.1945542344120,0.1318063362236,-0.0310100630431,-0.1064687099043,0.2359562025724,0.2034958468937,0.1514814394027,0.1566143515799,-0.0704156669477,0.1313728759334,0.2078476559086,0.0040810788896,0.1918573196728,0.1241843612530,-0.1657768367344,0.2977824130421,0.4591259125065,0.1598311546478,0.0781471960339,0.1723766859437,0.2316333220984,0.1637096103585,0.4017905922318,0.1086787489828,0.4693732886440,0.4653202478827,0.2072452026461,0.5985634814746,0.7814347926411,0.6375888047350,0.7625284964344,0.0898267687835,0.3776572964416,0.2294817145275,0.4973131083790,-0.2754684006294,0.2486634636408,-0.1315298206313,0.1094597207266,-0.0175234724087,-0.0230391441243,0.5518026841251,0.1718453447022,0.3436163073962,0.3111768470875,0.0151382585763,-0.1881848971290,0.0924552472226,0.0869950325905,-0.0016542133658,-0.1736009119898,-0.1479427826983,-0.2550574209604,-0.3788866878038,0.2200777673407,-0.2589055804195,0.0881642265633,-0.4162054869205,-0.1719128320562,0.1462968481203,-0.4054981366832,-0.0768596519864,0.3110195068186,-0.1910013370194,0.1910741547896,0.1390976074380,-0.2954341200179,-0.0263496234125,-0.1600542115559,-0.1680264987342,0.1871885499659,-0.0739877273152,-0.0001750928289,-0.0965923381834,-0.2379483113963
0.8498669296171,0.4107713454198,0.7530089539912,0.6897989228593,1.0000000000000,0.8008348274019,0.4266965144659,0.2475108584805,0.2539283184662,0.2998767313263,0.1072932882787,0.0744409591638,0.3173202325009,0.6694656230557,0.4928254264225,0.2710950506559,0.1678383929187,0.2351918884831,0.1198516327261,0.0883094440524,-0.1520515067464,0.2379651947992,0.0199823139365,-0.0282303105214,0.0579966863876,0.0314041214043,0.0191313807551,0.0299016814364,0.0149434586302,0.4803776471910,0.1407190968298,0.0619657865647,-0.0321696351686,-0.0645169477027,0.0456359860326,-0.0234227280480,0.0700949980218,0.0711953386075,0.1288008289287,-0.1425136518628,0.4675343554722,0.5825363518298,-0.0843489766212,-0.0047609194282,0.2297414842114,0.3042727274463,0.2942932804326,0.4079112300543,0.4884889745135,0.4291823659187,0.6779953402233,0.2699832078335,0.2314394015895,0.7197314759303,0.6126432499275,0.4607616583428,0.3036922895518,0.4644038263846,0.2898694219712,0.4304502843793,-0.2297031487376,0.1881839287092,-0.1406882104081,0.1527789002924,-0.0551607539186,-0.2159327933674,0.2932765117276,0.1426601443476,0.2238076607257,0.2621060065858,0.0422354966268,-0.1469563036883,-0.1058423257816,0.1849822359647,0.0633966961835,-0.1863265975471,-0.1971270032514,-0.2730354281519,-0.3482198120994,0.1472010694896,-0.1590534457207,0.1889903940476,-0.2740185708890,-0.3146095199066,0.3074535294738,-0.3889010756455,-0.0384366947072,0.1827541542365,-0.2517673216705,0.2040608907727,0.1358369835308,-0.2629602955904,-0.0757812835077,-0.0467623141920,0.0615783066074,0.1559327359150,0.1467399748926,0.1395939059123,0.0627820999708,-0.2751748302550
0.6305507473777,0.2857479421091,0.7601804784091,0.8035164772127,0.8008348274019,1.0000000000000,0.6395150222586,0.3006585699068,0.3203183084852,0.4418175730521,0.1125526240241,0.0917212125308,0.3339337237318,0.4412781002863,0.5830023530450,0.3641865975049,0.2070117289262,0.2143930560556,0.2251313363139,0.1286821763174,-0.1433783347571,0.2321510255868,-0.0115276395177,0.0033913798959,0.0408055984932,0.1405304279474,0.0780401323704,-0.1039883290203,-0.1422832598801,0.2329843399639,0.1173530651022,0.2101423785531,0.1052439839170,-0.1162397853640,0.0924644484688,0.0542258358685,0.0473186544881,0.0710408286614,0.1227139209914,-0.2311573323587,0.2295973041996,0.4440526797273,-0.0115109903409,0.0777936456361,0.2431072268377,0.2887131687609,0.2001186517626,0.4960165200073,0.2023775021971,0.4520952900110,0.5739765747576,0.2332342286758,0.3757424582994,0.8915694672479,0.7428375458309,0.5942245161603,0.1775436176610,0.4100410205478,0.2753014924508,0.4790442473082,-0.1018562282567,0.1894023685895,-0.0464859789705,0.1755238481306,0.0111941707580,-0.1047163893988,0.3659265610936,0.1942661542787,0.2925974681621,0.2558599764756,0.0641802364741,-0.0888893288718,-0.0083893453734,0.1373017186413,-0.0050801602024,-0.1165033129823,-0.1265867560947,-0.2966332005937,-0.4190055063650,0.1828511491829,-0.0605129996735,0.1771287713853,-0.3643994487720,-0.2946179974357,0.2477663340465,-0.3657121498343,-0.0815711105272,0.2359373914300,-0.2762296859434,0.1916541165012,0.1158559843862,-0.3381860422457,-0.0354079581877,-0.0169792003649,0.0420918230432,0.2445477797965,0.0318067030759,0.1132185620589,0.0288770817575,-0.1786356674287
0.2842890269320,-0.0541034096090,0.3725532182924,0.7249922995046,0.4266965144659,0.6395150222586,1.0000000000000,0.2628240693526,0.3054572906285,0.1169600077759,0.1579009023422,0.0591444397349,0.2757999202241,0.1001010499803,0.3780886063863,0.5497963323408,0.2461685615110,0.2144474452392,0.4122853388596,0.1350506682243,0.0115590371097,-0.1116788917382,-0.0687272992291,0.1501785561204,-0.0528948045678,0.1365755329332,0.2032279195477,-0.1070882267882,-0.2450499795449,-0.0702699586483,0.2251851324087,0.1933362950447,0.2006358875210,-0.0163040483194,0.3235486088750,0.4563104675182,0.0127374370973,0.1170406303833,0.2600000568190,-0.0363018523356,-0.0235770251362,0.1516734612118,0.2425447103965,0.0933582605314,0.1174498690045,0.0576301594015,0.1065988207090,0.4077409695146,-0.2139178502690,0.2681848579084,0.2904842903294,0.1457400503931,0.6256433478828,0.6560861531454,0.6049650694679,0.8001454648036,-0.0294602728674,0.1422284237406,0.1649870185182,0.3181268044179,-0.1312273253663,0.1485558688834,-0.0659784325161,0.1506397949113,0.0242925875385,0.2098107786227,0.6149031670948,0.2572486942349,0.3590112006175,0.2197553177199,0.1382904383781,-0.2519168326854,0.0906190377225,-0.0255073580013,0.0315562698260,-0.0771235133291,0.0275723450945,-0.1444979777787,-0.3284773334621,0.2972830596589,-0.0904024791176,0.0272332048523,-0.3159934202733,0.1731068421858,-0.0506919677838,-0.1626797890760,-0.0226594461711,0.3876703553352,0.0377307375231,0.0527559013089,0.1578969932354,-0.1184373081868,0.0478739602873,-0.1007875337712,-0.0724367322390,0.2195880553505,-0.1274957506613,-0.0926018376411,-0.1094473975204,0.0658705850092
0.0826287795363,-0.0508434941460,0.1161163491361,0.3647552547527,0.2475108584805,0.3006585699068,0.2628240693526,1.0000000000000,0.5439313784184,0.2055020240251,0.3558914037072,0.1848134014209,0.3646023820668,0.0319524985080,0.1763508105236,0.3746459576290,0.5380041212209,0.7828178915225,0.4262245035216,0.7110566267624,0.1174642087105,0.1688868761265,0.1366846049934,0.3940598596423,-0.0165721378849,0.1385716841477,0.2854481224799,-0.0260182892757,-0.1116900416437,0.0355824199305,0.4132775377173,0.1368356243320,0.1678681923607,0.0503280802372,0.0579942894928,0.0188326408828,0.0923950023087,0.4131116622441,0.0810324655538,0.0733343764293,0.2759824843646,0.2712959824494,0.0530235190923,0.2267437739410,0.2086942631926,0.1626379882931,0.1654757548526,0.1200421636640,-0.0107371655987,0.1639739486642,-0.0011674161078,-0.1757145601869,0.1314916265341,0.2249929450789,0.2042486077606,0.4839076000120,0.3663057325701,0.5755453059943,0.7964954544076,0.6523257460405,-0.0807796672270,0.2960474181074,0.0220392818902,0.1455957044126,-0.0873133103559,-0.0540791252406,0.3681450070336,0.5311528040535,0.5384757165182,0.6290603046876,0.1611300650874,0.0186767788802,0.4681181412871,0.1753458321031,0.2771445791106,-0.0449475019130,0.1959631698767,-0.1752014072023,-0.2271330461986,0.5712180625952,-0.0471993755117,0.1473081966407,-0.2212295484382,-0.1245481859110,0.1496686499486,-0.1908924807344,0.0615735941852,0.2591067348980,-0.0116149479561,0.2240935108846,0.0556673241333,-0.1220599279919,0.1145277063598,-0.0060448362586,0.0090110807500,0.0711716980433,-0.2165807977857,0.1747116301313,0.1019652702138,-0.0234354153568
0.1603208265520,0.1257292902972,0.2526015269825,0.3280909415572,0.2539283184662,0.3203183084852,0.3054572906285,0.5439313784184,1.0000000000000,0.2978675672778,0.1886654024393,0.1228883526752,0.2329216967630,0.1078122380502,0.1903227272541,0.5176582917184,0.3226528714281,0.4571792307554,0.6026301069698,0.6236198671635,0.0264863008153,0.2080930095129,0.1716387131502,0.2844170088245,0.5077764931317,0.1519616283769,0.2436371391935,-0.0102808803515,-0.1515371713032,0.1251508284735,0.3348604992512,0.1602932015835,0.0773626595580,-0.0211678588433,0.1337000248432,0.2980666196315,0.1773171650458,0.2476007443008,0.0030339233753,-0.0711407027441,0.2081668004497,0.3021636453042,0.0141511318690,0.2492538541664,0.1929618828036,0.2253147492225,0.1723043853501,0.0570579165377,0.0262514638050,0.1497504202272,0.0395483142716,-0.0436912344664,0.0815862594488,0.2791727917153,0.1795414758631,0.4537223062333,0.3642761716692,0.4989189512251,0.4596857366025,0.7141325235149,0.0126141665020,0.0813354270068,-0.0196676308538,0.0451749496090,-0.0731594687375,-0.1635918411376,0.4015650914937,0.3670496510350,0.5391151723276,0.6004415872324,0.0482277268188,0.0540852743307,0.3289925734891,0.5125345080120,0.3692830259421,0.1372469937202,0.1492202611097,-0.2245345048869,-0.2168117653147,0.4425505090981,0.0043751469509,0.1942846738285,-0.2000659389732,-0.1623752774996,0.2055870117010,-0.2091799930974,0.1289698883988,0.3704881541878,0.0081294254561,0.2701671979159,0.0147331162539,-0.0895719844029,0.2041066617948,0.0885339679959,0.0835217915341,0.0052811868381,-0.2162843020970,0.1401715293936,0.1189182134929,-0.0352921722293
0.2237261891391,0.2518946292325,0.4180864054794,0.3859594872981,0.2998767313263,0.4418175730521,0.1169600077759,0.2055020240251,0.2978675672778,1.0000000000000,0.2097195575627,0.3709776688127,0.3826781024781,0.2461903134533,0.6237591388047,0.1986347513858,0.2247328361791,0.1886149611704,0.1724483915668,0.2035737956883,0.0791754952246,0.6963076702582,0.3610042734803,0.1277220047579,0.2178118429565,0.3127657940793,0.2546520691432,-0.0495241635026,0.0113792849441,0.1915176749942,0.0760769043007,0.3574902495420,0.3881130658595,0.0333262305033,-0.0202711819824,-0.0969089689207,0.2090051634742,0.0647921324353,0.0529839322627,-0.0593917811814,0.2878405604876,0.4902276428642,0.0501953662281,0.1874320484760,0.1576177846742,0.4126889189727,0.1315721756820,0.2034851882538,0.1844952615889,0.6023257443415,0.0146605829594,0.0153898409257,0.0723714867780,0.3037425046237,0.1979107199903,0.0783485814842,0.1892354429273,0.2922394147531,0.1431210842694,0.3846817667123,0.3904407162823,0.2160164422966,0.3422854186735,0.2419543566411,-0.1115213744054,-0.0683158429559,0.0114028941236,0.1827093187921,0.1776297094828,0.2003427422586,0.1409949314097,0.3815514039572,0.2199528822497,0.2857704532478,0.1311448448348,0.0457935044618,0.0626893555034,-0.2456913343721,-0.2423839052705,0.0934608841604,0.0156232132244,0.3209817571417,-0.3553270135314,-0.2060504476178,0.1961131249236,-0.3168681555339,0.1563005764721,0.0873369553231,-0.0416676194192,0.1882182222936,0.1081683742684,-0.1726808018897,0.1226300935119,-0.0265058994924,0.1369899691764,0.0513159282693,-0.1410838257620,0.0495074599699,0.1408569567663,-0.0075447495114
0.0084723863940,0.0045660420158,0.0325397808079,0.2656784733324,0.1072932882787,0.1125526240241,0.1579009023422,0.3558914037072,0.1886654024393,0.2097195575627,1.0000000000000,0.7573060427321,0.1532703375010,-0.0489290663119,0.2588191935117,0.2627705771963,0.2059157870290,0.4030858176108,0.0371705202354,0.3195810003507,0.2875645316974,0.1827940994213,0.5084080599458,0.2442326501721,-0.0766218393161,0.2652159345393,0.3714150054562,0.1060629002332,0.1869458317179,0.0971370838199,0.1386457789808,0.0776244733586,0.3369029074701,0.0683180323194,0.1032188730831,-0.1037647344226,0.0063803477261,0.2078669991430,-0.0141412794605,0.1339882522809,0.2868460735808,0.2559772966139,0.2504385228957,0.2877022652547,0.1476171243162,0.0232809885523,0.1337134565752,0.1797784829839,0.1436879841695,0.3324796489016,-0.0714072240867,-0.0758154237914,0.1006149178977,0.1746605221767,0.2124265528058,0.2914154191608,0.2072619391141,0.2226154312720,0.2911111403240,0.1983780497596,-0.0759666967939,0.5470047648191,0.2060123027705,0.2213600857684,-0.1463361404634,-0.0702256078284,-0.0173979802294,0.1370483859916,0.0887183547062,0.2847145976269,0.1185278834638,0.0992494411455,0.3169755653021,0.0736578917594,0.1520377219401,0.0715662619787,0.1938988144565,0.0018879094757,0.0763161730766,0.2157729234379,-0.2105263277304,0.2218734534911,-0.2410695647738,-0.1872522016636,0.0548303416270,-0.1677450565722,0.0466749655150,0.1279341179619,-0.0597953878352,0.0953144540546,0.0022963138033,0.1164908109900,0.1914632257997,0.0130580654575,-0.0443070584704,0.1799343277438,0.0316709271335,0.0543209353456,-0.1491042578487,0.0487626366159
0.0218276798720,-0.0125755264046,0.1263056106297,0.2201171295891,0.0744409591638,0.0917212125308,0.0591444397349,0.1848134014209,0.1228883526752,0.3709776688127,0.7573060427321,1.0000000000000,0.2549571713402,-0.0877680155235,0.3374518922796,0.1005365504637,0.1981214029781,0.1780858016989,-0.0559557740737,0.2244659938966,0.3861455180301,0.3822716038262,0.7127451238691,0.1644109471038,-0.0618090042372,0.3678437439047,0.3192008704877,0.0374439391283,0.2516563980014,0.0688736119185,-0.0232010028626,0.0851032676828,0.4455468716349,0.0160212483783,0.0693448709409,-0.1278843764185,0.0575669623551,0.1917759650926,-0.0899960910528,0.0198591806307,0.2254325777439,0.2342004554681,0.1722241848212,0.2759666984067,0.0716379871769,0.0957484425480,0.0334631942136,0.1805943448372,0.1710291164653,0.4539282050670,-0.1217678238738,-0.0995938251889,0.0386797761365,0.1914685748674,0.1284020569992,0.1189382089351,0.2059571662058,0.2217871184244,0.1739917795395,0.1777465585478,0.0200821117443,0.4624083784055,0.4747519927044,0.3900914745249,-0.2863110099520,-0.0187616008443,-0.1458101261731,0.0189546363693,0.0848248173978,0.2516312654326,0.2937641209331,0.2488323905029,0.1898983585813,0.1538665214629,0.2379547328073,0.2055878776023,0.0875765901081,-0.0728797130258,0.0548713269117,0.0625650055626,-0.2947697335708,0.3568322583880,-0.4604880872494,-0.2642304111202,0.1255210612487,-0.3344558887487,0.0073687036401,0.1128751724750,-0.0466114430350,0.1618759383167,-0.0161553719067,0.1384945100873,0.2355121333948,0.0002417819961,-0.0029483690558,0.1543175211817,-0.0804241962362,-0.0197051248599,-0.1479584594155,0.0824890190563
0.2269371933199,-0.1779145392270,0.1871144112598,0.3366742593488,0.3173202325009,0.3339337237318,0.2757999202241,0.3646023820668,0.2329216967630,0.3826781024781,0.1532703375010,0.2549571713402,1.0000000000000,0.1026782136457,0.2483717086876,0.1486563291313,0.6651873231986,0.3499333981335,0.2230577839000,0.2678047331861,0.1824110074429,0.2879499001636,0.2171593632741,0.2576023235481,0.0271569163549,0.2103301039936,0.3272320902860,-0.1223979629176,0.0418586881589,0.0200602796300,0.2967810292419,0.1546776324787,0.3858988740238,-0.0146959008214,0.0694645657944,0.0996843835537,0.3481940719097,0.2512140127189,0.3000282574957,-0.0606261013772,0.1890557643006,0.3201508743476,0.0986122330560,0.1561428031098,0.1579779170195,0.1110979011269,0.0165615706574,0.3470283015330,0.0834178646717,0.3370549653110,0.0579788578987,-0.2389736717127,0.1167534278072,0.2470368157125,0.2703415003787,0.3001758986518,0.4867901582048,0.3652838583785,0.2669297904982,0.3628927035874,0.0782216519794,0.3187083989869,0.2916523977678,0.6442841141063,-0.2818553379327,0.0877573906403,0.2709540675763,0.5030513641571,0.2615335425669,0.4048048906977,0.4149572621151,0.0461869795027,0.1562551925981,0.2247447661920,0.2976569685607,-0.0164427196942,0.2312414675311,-0.2583880328946,-0.3247372850535,0.3787054219872,-0.2098308360344,0.2553177388292,-0.4150407422964,0.0420723598010,0.1889763464077,-0.3794989686685,0.2919409632887,0.1844843117019,0.2119904233977,0.3272642871241,0.2514442127306,-0.2124119694564,0.1369396601706,-0.0802235222119,0.0210405510881,0.1593698947889,-0.1997068220729,0.0487093590040,0.2254085036977,0.0989279720918
0.7981659010764,0.7355033291773,0.4812770831139,0.4237948080749,0.6694656230557,0.4412781002863,0.1001010499803,0.0319524985080,0.1078122380502,0.2461903134533,-0.0489290663119,-0.0877680155235,0.1026782136457,1.0000000000000,0.4218716371273,0.1240913387683,-0.0368547882136,0.1090051328179,-0.0020781650196,-0.1453650728509,-0.3336516629900,0.1940911892485,-0.1252669574054,-0.1701164603304,0.0712564778207,-0.1485661912842,-0.2508450272233,0.3806949021482,0.3161523311860,0.7065136307733,0.0690453846070,0.0054067395419,-0.2180745340381,0.1172614129880,-0.1095164415013,-0.0763759242578,-0.1095435580902,-0.0199675265955,0.0823135289560,-0.0232755078472,0.6180497423645,0.5168070144873,-0.2182736071682,-0.1617816888045,0.1199049522434,0.1757045449038,0.3345730126371,0.1634430788497,0.6095800186492,0.2573937387270,0.5353050809809,0.4853753203671,0.0134473167380,0.3102454772137,0.2615237669245,0.1284698001935,0.0513070121241,0.1760772896224,0.0161415681291,0.1197229084468,-0.2702262638290,-0.0526092826030,-0.3369039283841,-0.1949019834561,0.1790698824608,-0.4142334169881,0.0788928575419,-0.0505816277721,-0.0323840309923,-0.1109772099823,-0.3223020496435,-0.2428915360580,-0.2303511192668,-0.0136650372345,-0.2155705008894,-0.3455701233700,-0.3980766215284,0.0490411955302,0.0332100076089,-0.1147507007039,-0.1583445416430,-0.1632783667812,0.0485086047544,-0.2462173572606,0.0697200875036,-0.0864318780503,-0.1501321546021,-0.0376162372698,-0.3938747020368,-0.0300625362264,0.0900890303281,-0.1617495179245,-0.2336884566310,-0.2842437083845,-0.1430088482087,-0.0435594029112,0.2979951046694,0.1098603661317,-0.1534098008046,-0.5366063672480
0.4139791020693,0.3788595152819,0.5476097363020,0.6674609099439,0.4928254264225,0.5830023530450,0.3780886063863,0.1763508105236,0.1903227272541,0.6237591388047,0.2588191935117,0.3374518922796,0.2483717086876,0.4218716371273,1.0000000000000,0.3413535440674,0.2351169890760,0.2606626226825,0.1347548489086,0.1087458524045,0.2583276997904,0.3644704848965,0.3093044739769,0.3003696178996,-0.0176882907537,0.3098660747972,0.1383697443960,-0.0183529392654,-0.0026363386841,0.2700504615998,0.1504580758899,0.2620003211890,0.2531672238855,0.0274789698425,0.2533995309961,0.0962644134433,0.1126739049939,0.1504098157267,0.1989249519248,-0.0591705549723,0.3208861671105,0.4531049431236,0.2188984467765,0.0499865188816,0.0552115067847,0.1960657726938,0.0894573453585,0.3814618251677,0.2591941165169,0.7422378152071,0.2630913005653,0.2443862381802,0.4174170743890,0.5127319643342,0.4407555899985,0.3026934278619,0.0026972263234,0.2145996672189,0.1162073444757,0.3178956053464,-0.1247289510414,0.1789169190461,0.0511906335920,0.0484773811077,0.0549741994291,0.2126150960612,0.1851865579737,-0.0565323606347,0.2622236340523,0.1363293101258,0.0368138805658,0.0447579388147,0.2546320733861,0.1403905968060,0.0166206282823,-0.0222463515733,-0.1145850235366,-0.2532114889647,-0.2830436987440,0.0664176062539,-0.1522150378204,0.1809913049548,-0.3632913691238,-0.2046894168675,0.1330089633757,-0.3827830810855,0.0664332338602,0.3402774676872,-0.0275068754066,0.2345915752963,0.2851739951612,-0.1739094770545,0.0072325476536,-0.0902480838478,-0.0808366891250,0.2275509486856,-0.0690245536702,-0.0356140193401,-0.0184643725064,-0.0617381374921
0.1319321054663,0.0276211166130,0.2401926162418,0.5612181165584,0.2710950506559,0.3641865975049,0.5497963323408,0.3746459576290,0.5176582917184,0.1986347513858,0.2627705771963,0.1005365504637,0.1486563291313,0.1240913387683,0.3413535440674,1.0000000000000,0.3516359407640,0.4945756486900,0.7502823283430,0.4745433140090,0.0255968571068,-0.0070738992437,0.0121483693638,0.2651964222217,0.3480269983432,0.1049216165425,0.4280489410111,-0.0183644311528,-0.2121349467137,0.1275054247718,0.5909187621984,0.2993568367804,0.3292510005365,-0.0257760013143,0.4514255826259,0.4228527603390,0.1260861873922,0.2441346137292,0.2011011092915,-0.1041232059427,0.0533054405302,0.2853138833892,0.5663713811626,0.1825344009694,0.3389482947085,0.1510613768849,0.2470618373244,0.2274928951863,-0.0719155237167,0.2464685338421,0.1935080629854,-0.0182501208776,0.3894198062875,0.3703241208679,0.3788629041685,0.5659018258237,-0.0606860935538,0.1281437410521,0.1304166422157,0.4207389822908,-0.1553243795620,0.2680955210637,-0.1964828102840,-0.0887276639004,0.0668792360739,0.0614414125663,0.6181757107287,0.1799185691824,0.4254508882561,0.3389410227680,-0.0835873381368,-0.1429003140598,0.2211439735897,0.2045005164600,0.0180289923834,-0.1192946276097,0.2287201572357,-0.2462308526039,-0.2595980173457,0.4698091615265,-0.0178900465804,-0.0026707883278,-0.1354760390775,0.1975556035340,-0.0375797351549,-0.1666100139081,0.1401206318445,0.4674615811239,0.0653902208329,0.0444649848659,0.0938328802902,-0.2448555883121,0.0256092412420,-0.1037048429819,-0.1089983888592,0.1707615520608,-0.0877042973750,-0.1455261556405,-0.0336208157089,-0.1250222739690
-0.0047925426543,-0.2986658969047,-0.0011244443214,0.3020223304039,0.1678383929187,0.2070117289262,0.2461685615110,0.5380041212209,0.3226528714281,0.2247328361791,0.2059157870290,0.1981214029781,0.6651873231986,-0.0368547882136,0.2351169890760,0.3516359407640,1.0000000000000,0.6697865121080,0.4174067757840,0.5923125946550,0.4806256808227,0.1747882877932,0.2697130369794,0.4882137758802,0.0941541393616,0.2625255748902,0.4950281051186,-0.0431623173873,-0.0001805033934,0.0073774537955,0.6377025998367,0.1933787438826,0.4725458472656,-0.0448341718640,0.2292452364674,0.2231879721598,0.4133237795348,0.5309575019011,0.2980717156787,-0.0499586491253,0.1801547811869,0.2348072226251,0.3237801583464,0.3047832556832,0.2381092801904,0.0885379799432,0.1066636272144,0.2607756670639,-0.0238446382966,0.2614409770825,-0.0250778854273,-0.4245444110828,0.0462596086316,0.1191609198640,0.2434904459257,0.3736529362440,0.4036782692937,0.3215495777081,0.3663096535489,0.4127849872607,-0.0864809272537,0.3146297159875,0.0236773722318,0.2964997189283,-0.3396866675429,0.0939226164913,0.3795083213653,0.5621941073867,0.4069925369483,0.5541867399999,0.3959245713838,-0.0203509038394,0.3611274848896,0.3090619968610,0.3715419563394,0.0291682102867,0.4058761577292,-0.2357705779777,-0.2183166274576,0.6291095278139,-0.1118063664411,0.2217670735113,-0.3357980781447,0.0954495569387,0.1148272798157,-0.2958994436226,0.3910508224536,0.3403596234714,0.2631733318504,0.3957841874235,0.2781076879115,-0.1741945909955,0.2423886179050,0.0263676063906,-0.0387595966797,0.1889484799842,-0.2240850291567,0.1225768777102,0.1271247772751,0.0783846948497
0.0816199809430,-0.0004765756267,0.0381799638062,0.3607453786770,0.2351918884831,0.2143930560556,0.2144474452392,0.7828178915225,0.4571792307554,0.1886149611704,0.4030858176108,0.1780858016989,0.3499333981335,0.1090051328179,0.2606626226825,0.4945756486900,0.6697865121080,1.0000000000000,0.3887226140490,0.6505050662224,0.2034413562633,0.1211656560194,0.2164666823067,0.5432891668344,0.0740939013011,0.1584759966829,0.4251110130201,0.0998405370048,-0.0658525795363,0.1348762442938,0.6182919625616,0.1989129141765,0.2901844212895,0.0128117939485,0.1699309813866,0.0561225657850,0.2528143521234,0.4222902562925,0.3032435836150,0.1081314703564,0.3532454733357,0.3745673989599,0.2820716677187,0.2289891384443,0.2205735533841,0.1804343891214,0.2671399556891,0.2090379375182,0.0109155032946,0.2261578245462,0.0473007580788,-0.2610962579936,0.0759431084078,0.1510686374514,0.2162202679747,0.4320377921131,0.2181541151199,0.3436200671860,0.5300031640127,0.4135592100547,-0.2609066425901,0.3594991256039,-0.1346221437517,-0.0372092919507,-0.0826974346517,-0.0518990574425,0.3477627644397,0.4871154722272,0.3241401813934,0.5201870829140,0.0005699517387,-0.0135891084053,0.5473734515516,0.1345512975024,0.1329440997291,-0.1496137292546,0.3318321505740,-0.2016945989302,-0.1705965132275,0.6238517101731,-0.0511442221644,0.0324597556844,-0.1393290969005,0.0380412239308,0.0495217509360,-0.1770915787164,0.2997799581709,0.2806357229438,0.0749034064664,0.2265629677659,0.2737521485254,-0.1333531178777,0.0808747126844,-0.0200411832915,-0.0652110597318,0.2396975607913,-0.1315529571673,0.0351554200480,0.0727797144016,-0.1488415508741
-0.0000207062394,-0.1135782111105,0.1539507296802,0.3296003484561,0.1198516327261,0.2251313363139,0.4122853388596,0.4262245035216,0.6026301069698,0.1724483915668,0.0371705202354,-0.0559557740737,0.2230577839000,-0.0020781650196,0.1347548489086,0.7502823283430,0.4174067757840,0.3887226140490,1.0000000000000,0.5549392271634,0.0811725412962,0.0072211198831,-0.0788914412686,0.3183971512301,0.3408137453695,0.0484352748749,0.3071174168631,-0.0699138323072,-0.2205681570421,0.0204932471318,0.5841076163953,0.1864939923330,0.1500245523094,-0.0127064045812,0.3430558250577,0.5842108382352,0.1979736152101,0.2674859185157,0.1512221857533,-0.1201668553667,-0.0310960370422,0.1592966323210,0.3638515310691,0.1671769673711,0.2379406717651,0.1026117299195,0.1206971496575,0.1062931938412,-0.1297632500141,0.1212007392156,0.0262566296723,-0.0956975125986,0.2167154662334,0.2123462072987,0.1739812114727,0.4576863958728,0.1220351385800,0.2458977693516,0.2526762505092,0.5874928349728,-0.0231882571979,0.0716479949991,-0.0911167518064,-0.0034505338888,-0.0472516764068,0.1187225743046,0.6727905246697,0.2864059536674,0.6957348109583,0.4537930445824,0.1034502272130,-0.0968936708712,0.2714499812037,0.3104080267767,0.2914578178489,-0.0204380192750,0.2038551460177,-0.2075418048079,-0.2807658978471,0.5874651295477,-0.0008649400650,0.0409265374890,-0.1550320438263,0.2684981681490,0.0419426201682,-0.1399443907283,0.1956003057748,0.5133380305954,0.2320429980171,0.1186601271114,0.0752607978361,-0.2300387813648,0.0788090766610,-0.0164883366230,-0.0612601945129,0.0314374436720,-0.2091853642496,-0.0359978585490,0.1266068142904,0.0131498338606
-0.1040666469522,-0.2581059451900,0.0532542361176,0.2298096555373,0.0883094440524,0.1286821763174,0.1350506682243,0.7110566267624,0.6236198671635,0.2035737956883,0.3195810003507,0.2244659938966,0.2678047331861,-0.1453650728509,0.1087458524045,0.4745433140090,0.5923125946550,0.6505050662224,0.5549392271634,1.0000000000000,0.3288732879426,0.1887282994301,0.2636671833376,0.4505333735764,0.3961237145004,0.2731360564088,0.4681104098495,-0.0152246671537,-0.1720154895221,0.0535010571041,0.5088438929350,0.1845138171759,0.3084337177499,-0.0210416943474,0.2042540366552,0.1862493403441,0.2920320577546,0.5859118779936,0.0240863527982,-0.0166905170781,0.1925909520223,0.2504010149192,0.2857380244993,0.3904646371479,0.3395054605435,0.2490601194749,0.1998480861625,0.0778720965892,-0.0614488819934,0.1700385145701,-0.1538565637980,-0.4339568731114,-0.0370764669672,0.0983995703254,0.0648642991842,0.3560942003257,0.4221477085018,0.5168314083270,0.5704053015820,0.6416606176831,-0.0752294207306,0.2143037913352,-0.0148672887163,0.0866384220201,-0.3146581647478,-0.0449400074055,0.3716009641645,0.3996843749077,0.5367941023501,0.8226748622517,0.1660330062763,0.0754573318584,0.4591472082967,0.5653391292682,0.4759021410856,0.1345643646628,0.3745415330231,-0.1867886655062,-0.2645980005149,0.5961080617004,-0.0333429807248,0.2988001321883,-0.2542026541553,-0.0315509602886,0.2291431715273,-0.2532395305456,0.2677272290361,0.3559845368796,0.2103541262845,0.3881846144187,0.0388111417421,-0.1125374436791,0.3095823399897,0.2136616559078,0.1331715113091,0.0663005498663,-0.3260451539280,0.1326084862509,0.1769541068440,0.0795877247429
-0.2339568605551,-0.3234023948674,-0.1379780297711,-0.0334384545666,-0.1520515067464,-0.1433783347571,0.0115590371097,0.1174642087105,0.0264863008153,0.0791754952246,0.2875645316974,0.3861455180301,0.1824110074429,-0.3336516629900,0.2583276997904,0.0255968571068,0.4806256808227,0.2034413562633,0.0811725412962,0.3288732879426,1.0000000000000,0.1780172061306,0.4416482773641,0.6210709812261,-0.0597196668000,0.3317985952220,0.3175566038299,-0.1739385317418,0.0523287304869,-0.2251772764359,0.2202345916632,0.0045476680318,0.2706721218732,-0.0683096814082,0.3978476770747,0.2676561962933,0.3188374538238,0.3844896693973,0.0919029150016,-0.0434877218427,-0.1101522526970,-0.1061735929636,0.3892600596961,0.1021100066695,-0.0814089380167,-0.1204506480639,-0.2411462122774,0.0968017713319,-0.0092312658461,0.3274135422281,-0.1994637614520,-0.2751080676219,0.0357567347819,-0.1014495261855,0.0168805019232,-0.0042452611528,0.1188130614665,-0.0189273511227,0.1517679734274,0.1213168556997,0.0617151773073,0.1802940801955,0.2148472129642,0.1816472247506,-0.2363839946168,0.4207424167444,0.0198201124472,-0.0264243470150,0.3363869291087,0.2540170474224,0.4636666560892,0.2042378723499,0.5321582083327,0.3337505364764,0.3676151823484,0.2734328137060,0.2784512125949,-0.1341242986910,-0.0134881667690,0.2550851448160,-0.0288074430459,0.2509433631790,-0.2172240571902,0.0251283201800,-0.0202851266619,-0.1840204818297,0.3306662625326,0.4569629109378,0.4172864214841,0.2467038145136,0.2148373625019,0.0329833645096,0.1750268564871,0.1420098378689,0.0249157658262,0.1660536344662,-0.0823381704843,0.1144474077233,0.0767781950703,0.4202192535104
0.1830974188370,0.1868444256390,0.3012110896658,0.1801789889699,0.2379651947992,0.2321510255868,-0.1116788917382,0.1688868761265,0.2080930095129,0.6963076702582,0.1827940994213,0.3822716038262,0.2879499001636,0.1940911892485,0.3644704848965,-0.0070738992437,0.1747882877932,0.1211656560194,0.0072211198831,0.1887282994301,0.1780172061306,1.0000000000000,0.4605227307634,0.1004657105495,0.2103535684210,0.2757401752522,0.1636628044317,-0.0293258268918,0.2253807505781,0.2427741903162,-0.0147277488587,0.1180117507595,0.1905949312655,0.0141222922641,-0.0489402613755,-0.1640688318897,0.2341638434257,0.1681554970578,-0.0245585323870,-0.0465580192220,0.3877295646667,0.4522454946982,-0.0766658000047,0.1626508052420,0.1716861238961,0.5468554693507,0.1193467232222,0.0874319182444,0.3856748013329,0.4248618925939,-0.0739836187562,-0.0806309030428,-0.1415089321214,0.1290485328331,0.0062159324826,-0.0423845015008,0.3351517412102,0.3654696853931,0.2298427508432,0.3345416696292,0.3889815613638,0.1542402204231,0.3326593043577,0.2733292604872,-0.2902658355105,-0.1964070640036,-0.0773796760729,0.0859726035004,0.1546866874429,0.2271823972620,0.1829903081922,0.5960012891157,0.1717470564991,0.3636872177798,0.2814597553048,0.0865967754445,0.0027160553535,-0.1846051806249,-0.1128481444232,0.0092238921749,-0.0822096475092,0.3384800710074,-0.3481948265880,-0.3094231570996,0.2846415551391,-0.3107268678898,0.1132749642326,0.0754615117088,-0.0704185400287,0.2340474377798,0.0426793754020,-0.1012816530180,0.0909959824139,0.1352022154389,0.1983735706316,-0.0239396882737,-0.0072395465591,0.3068782938913,0.1360395063043,-0.0449084315242
-0.0682256450966,-0.1295978750020,0.0159422783153,0.0647011240849,0.0199823139365,-0.0115276395177,-0.0687272992291,0.1366846049934,0.1716387131502,0.3610042734803,0.5084080599458,0.7127451238691,0.2171593632741,-0.1252669574054,0.3093044739769,0.0121483693638,0.2697130369794,0.2164666823067,-0.0788914412686,0.2636671833376,0.4416482773641,0.4605227307634,1.0000000000000,0.3146708853936,0.0499616724264,0.5050114885789,0.4679746444682,0.1376603998177,0.1951067807138,0.0731453705352,0.0446659391797,0.3180353343160,0.4908463854429,0.1090506314045,0.0930853274429,-0.0718907836425,0.3105838782416,0.2731948794296,0.0098727702947,0.2098257109434,0.2919152481931,0.2950914743540,0.1081622539282,0.3342274731330,0.1036866675970,0.3401317955663,0.2442446687148,0.1520229888465,0.0714935332438,0.3853978685412,-0.2631416722233,-0.3043699385229,-0.0822306738493,-0.0208547839572,-0.0970577857208,-0.0128272920810,0.2641559123600,0.2015123079324,0.1946858763917,0.1552745735472,0.0552466779612,0.1960761199137,0.4374976284559,0.2544852964418,-0.4026121567541,0.0007431126771,-0.1814124841729,0.1097791640355,0.0992492755860,0.3099415397259,0.2097106987113,0.4361688023938,0.3265718753784,0.2514444136063,0.3571352029838,0.3434107659270,0.3028679875183,-0.0211217933620,0.0380647207101,0.1001356087356,-0.0597757126269,0.4107991358140,-0.4550731106012,-0.1853929698310,0.1089759042232,-0.2267037086208,0.2215463128352,0.1098962088031,0.0890741227687,0.2324253495326,0.0619298485380,0.2665645023938,0.3341962906050,0.2281707806523,0.2002280374315,0.1226916865453,-0.2413451029142,0.0386646913213,0.0434512330881,0.2144137106958
-0.1551124850057,-0.2152397198424,-0.0652468010128,0.1468568641718,-0.0282303105214,0.0033913798959,0.1501785561204,0.3940598596423,0.2844170088245,0.1277220047579,0.2442326501721,0.1644109471038,0.2576023235481,-0.1701164603304,0.3003696178996,0.2651964222217,0.4882137758802,0.5432891668344,0.3183971512301,0.4505333735764,0.6210709812261,0.1004657105495,0.3146708853936,1.0000000000000,0.0277092461082,0.2063236770546,0.4429341054250,-0.1074070303375,-0.1059214629903,-0.1740259016214,0.4771603619332,0.0751141511304,0.1746629770619,-0.1011394320620,0.5136732084038,0.3648380979993,0.5095729751339,0.4207312230212,0.4109546874601,0.0650671115038,0.0046766773733,0.0584194848478,0.3948946826860,-0.0062150042587,-0.0360140099911,0.0169398959234,-0.1320997099489,0.2987832691687,-0.0482663723123,0.2348404277447,-0.0831214898392,-0.2876817922019,0.1479545614864,0.0158340523302,0.1846544050995,0.2238663274261,0.0829308480712,0.0390996986096,0.2707952548596,0.2745645847254,-0.0758659628076,0.2731615775607,0.0493232989096,0.0019365332794,-0.0795455293729,0.4257537674476,0.2474967759200,0.1304229075043,0.4458370889786,0.3283066980303,0.2117339720766,0.1756837676875,0.8290527249885,0.2601606778374,0.2253014407957,0.0306874442830,0.4239427321855,-0.2309053024155,-0.1682183873418,0.4756271290948,-0.0047583198507,0.0377898168313,-0.1511094699483,0.1906996119783,-0.0694488197953,-0.1684489579697,0.5865171911721,0.6230935963580,0.4497750295813,0.2758983612359,0.5174364570624,-0.0545052164873,0.0149494584502,0.0898756536994,-0.1118373281327,0.4479451100641,-0.1264268853979,-0.0611444446870,0.2455973026704,0.2094470264975
