1.0000000000000,0.4560132590497,0.7836083362114,0.3177471432109,0.8306882400462,0.5012461215140,0.2236217921295,-0.1823953933526,-0.1978615928147,-0.1547713920026,0.0216752217927,0.0107433890010,-0.1715688249474,0.7041877414591,0.1200298904844,-0.0839501275440,-0.1895824128250,-0.0664785516381,-0.0575432300659,0.0886334675178,-0.1670552805806,-0.1495879581556,0.1006074532351,0.0872005074422,0.0117773714613,0.0093829015684,0.0969502418025,-0.0540457421555,-0.0843681132038,0.1747493754562,-0.0660477793938,-0.0389699208720,-0.1338644258374,-0.4080471596048,0.0032065349279,-0.1368148337808,0.0338510180587,0.0415003358352,0.0498881166193,-0.2754646124342,-0.0285495932160,-0.0681069219012,-0.2059086092870,-0.0798806798884,-0.0770908824162,-0.2465810845731,-0.1653544166628,0.2090835665254,0.3663464038241,0.0471293243754,0.6965910037938,0.6114610269241,0.4157131179725,0.6124452992673,0.4906450765197,0.2240883822508,0.0021660242504,-0.0001220946590,-0.1546916279974,0.0469897429202,-0.1416986965784,0.2638005748360,0.1513348612930,-0.0138930002530,0.3802387118909,0.2657793405033,0.1233519448258,0.1112189416495,0.1617113651511,0.2872552926793,0.0510781781873,0.0812072593294,0.2408586588401,0.0732738234198,-0.0700944526522,0.1884239584477,0.1794814549023,-0.0207023657049,-0.2830742664523,0.2108908189048,0.2336462818102,0.1918761228216,-0.0327314769516,0.1737535782103,0.1035786578576,-0.0394602747099,0.0614973523556,0.0853869595414,0.1707734981026,0.1541843472005,0.1605395645021,-0.0216039619514,0.0604545809389,0.1400923933435,-0.0965831073508,0.1906528848543,0.3307365673372,-0.2565829731116,0.0014324819156,0.1244510592087
0.4560132590497,1.0000000000000,0.4668897707451,0.4259530225285,0.2592888524677,0.4203059968421,0.2573404176274,0.0499196660788,0.0493034131605,-0.0038589906439,-0.1652740445541,0.1298981042191,-0.1660339422790,0.6561336978141,0.4132706095124,0.0523180620238,0.0009980407011,0.0269536553660,-0.0616520106433,-0.0863825047366,-0.0066844314883,-0.0156054879033,-0.1157146290149,-0.0531395445383,-0.1134037681337,-0.1340986504890,-0.3421925363262,0.0816262004780,0.1393595217192,0.4552724392843,0.0563968186287,-0.2548463168038,-0.2985512629562,-0.0321264404420,0.0460104734629,-0.0083555191684,-0.2177765880037,-0.1931832165278,-0.0383858734148,-0.0195160181799,0.2760733282865,0.1496402688082,-0.0404159334227,-0.1010134617082,-0.1667072184819,-0.0737026575628,-0.0092833800167,0.0502833831861,0.2855600534042,0.1330578665597,0.2902198410388,0.7019903843813,0.1681037115896,0.3048462925786,0.1878586828742,0.1549477551954,-0.3218033865854,-0.2356584173659,-0.1593495879338,-0.1271321741889,-0.2847933848471,-0.2349397498720,-0.3047241478127,-0.3900185417723,0.3286568673135,-0.2067396966282,-0.0719052924592,-0.2963547245599,-0.0533536391556,-0.2927412323162,-0.3047433432871,-0.3079340199655,-0.1474752311085,-0.2687807122578,-0.2775403233543,-0.1778340601465,-0.3450912994241,-0.2102816146464,0.0902171095847,-0.2393003207884,-0.2951871327185,-0.3447819535738,-0.0738211357541,-0.1958740119298,-0.3024974253146,-0.2397220145435,-0.2221352741383,0.0303713726163,-0.3189461268317,-0.2612631137639,-0.0150126376600,-0.0816369499515,-0.1115195251024,-0.3126626013931,-0.4215587569640,-0.0863689622952,0.1500305500709,-0.1815040576511,-0.2804356410177,-0.4066986415337
0.7836083362114,0.4668897707451,1.0000000000000,0.3354306932037,0.6853869579128,0.5303685997754,0.2944334888126,-0.2637416188922,-0.2368059144057,-0.1045644058592,-0.0766898262954,-0.0356855254269,-0.2115430784883,0.5991241845254,0.1824035306068,-0.1064712550932,-0.2303501312986,-0.1982171898380,-0.0837575161964,0.0651499531400,-0.1043393323883,-0.1843954489762,0.0921864178222,0.0042080811804,-0.0055752054110,-0.0070297308484,0.1089581665334,-0.1282578643267,-0.1770115430654,0.1169547221790,-0.1062412655021,-0.0515481833775,-0.1092389042934,-0.4155019774584,0.0251058919610,-0.1381152647620,0.0734030988862,0.0151921365481,0.0211587983257,-0.2503133018614,-0.1938859195483,-0.1104913293356,-0.1770458293606,-0.0997920569703,-0.1035933103073,-0.1587670585866,-0.2688437570189,0.2098533844696,0.2912979287347,0.0910070701750,0.7029385828809,0.6911767449491,0.4541221368133,0.6819573570317,0.3781165335177,0.1746703912367,-0.0411452941561,-0.0735201111791,-0.1806988206098,-0.0074020212136,-0.0531977044213,0.1983861191013,0.1619850710195,-0.0891658916393,0.4823075353019,0.2944246382880,0.0645981172361,0.0622770915095,0.0834779768627,0.2628515055367,0.0439309684184,0.1416202760184,0.2065047166253,0.1024430156192,-0.0135509936323,0.1471605832498,0.2029192494973,-0.1741809590207,-0.3793553530415,0.1029541968389,0.2468316372725,0.1471949412629,-0.0574332139630,0.1689252906511,0.0812529920571,-0.0421986985018,0.0939962610772,0.0544325489113,0.1687182158330,0.1204176907968,0.1197944127727,-0.0855382426596,0.0390435464695,0.1064522232008,-0.1149590156595,0.1914784816808,0.2244435119368,-0.3698183772473,0.0639029067374,0.2230627571956
0.3177471432109,0.4259530225285,0.3354306932037,1.0000000000000,0.4003882376004,0.6926184012531,0.8838685226504,0.5225740282648,0.4942793347661,0.4589641389071,0.3935141456272,0.3632705122007,0.4093768236087,0.4766196768376,0.7240363032817,0.6832935614390,0.5242541898861,0.4204707358741,0.5165049752560,0.3510355636450,0.3631940857844,0.1839438250710,0.0999484726342,0.1198356460252,0.1938964794327,0.3165736174326,-0.0908650775276,0.2693827810843,-0.1346571358495,0.1650525091715,0.4743556122502,0.2885289606178,0.2811461990113,0.2115891427225,0.3023978319051,0.5715617831336,-0.3395048241378,0.1985976874091,0.0697194862200,0.2596342444583,0.3667864630550,0.3880249537772,0.4841974443244,0.3930511861716,0.1643059731223,0.2578853756348,0.3560816319510,0.2764598524951,0.1430988313849,0.5870691443527,0.1396757384666,0.3540039334284,0.4045506241930,0.5485364536562,0.4838645470100,0.7970856374531,-0.1058265446624,0.1542715855604,0.0315841788609,0.3694280130776,-0.1631060470548,-0.2684239389878,-0.2749235694629,-0.0573860951852,0.1571486998905,0.0071543184829,0.4483428736276,-0.2227820425069,0.3691692335414,-0.1615963230842,-0.1022676401759,-0.4171658606801,-0.2065671256763,0.0228619927333,-0.0664490137919,0.0355815220676,-0.2369558599353,-0.2323160569170,-0.0992728424812,0.0136876535741,-0.1806603148383,-0.2577612596475,-0.3948272470623,-0.1006132048310,-0.1987149129022,-0.2773785943849,-0.3269767336281,0.4953560706300,-0.1977478511666,-0.0544898579042,-0.0595646568593,-0.0441365212749,0.2779316217157,-0.2490001740206,-0.2583773448820,0.0710877112290,-0.0087797642613,0.0621704701513,-0.2878723940154,-0.1617014718393
0.8306882400462,0.2592888524677,0.6853869579128,0.4003882376004,1.0000000000000,0.6346390300174,0.3071622871191,-0.0442538638286,-0.1110337040019,-0.0574567231961,0.1929927095914,0.0488420300788,-0.0237580936291,0.6203282482028,0.1827456208860,-0.0286343516433,-0.1033264542247,0.0558763493964,0.0203521035833,0.1755819979795,-0.1224974441986,-0.0612742084521,0.0927691208716,0.1238169573832,0.0294207160221,0.0349300644841,0.1489927489411,-0.1118798691669,-0.1945081250204,0.0458137946918,-0.0246399871733,0.0054909168106,-0.0403570647694,-0.3886770754220,-0.0311094295827,-0.0693639679159,-0.0660859141504,0.0753293247463,-0.0175952078380,-0.2798918778718,-0.0278022657839,-0.0145112796914,-0.1658255439757,-0.0405609992907,-0.0984003585673,-0.2304532186998,-0.1691962559808,0.2119925160437,0.2653435059833,0.1266379773001,0.6843223740035,0.4701187214508,0.4631244316915,0.7013800966515,0.6488135374257,0.3616156904723,0.0334659727981,0.1216439305732,-0.1025161357773,0.1404135621136,-0.0618945613333,0.3386883361530,0.1720024200567,0.1588273619306,0.3492547635721,0.3048689377066,0.2087732709651,0.2161350159481,0.2030368568794,0.3635110746525,0.1553291039045,0.0786554189685,0.2895724081473,0.0972769501164,0.0148566214049,0.1958530486942,0.2010435180717,-0.0668941366859,-0.3645514685261,0.3149709867857,0.2393417496040,0.2363334126138,-0.1194317292872,0.1522479207171,0.0934148994256,-0.0974646769044,-0.0378066831702,0.0835622414619,0.1931413507018,0.1753392237664,0.0545288040194,-0.0795887765213,0.0784419397977,0.1097352349920,-0.1003123164102,0.1515276337935,0.2157792150229,-0.2251664578820,-0.0341859855644,0.2121955744372
0.5012461215140,0.4203059968421,0.5303685997754,0.6926184012531,0.6346390300174,1.0000000000000,0.5811693880519,0.3059870458563,0.2606703275755,0.2741053312345,0.2295887799522,0.2115864759741,0.1948367819586,0.5890065944864,0.5045587441785,0.3015078148979,0.2123607579292,0.3389134143307,0.3141060787856,0.4055436683184,0.0465557749935,0.1341882625923,0.0475434790726,0.0868030269774,0.2122880713324,0.2047725839739,0.0966774158357,0.1167022326589,-0.1601160101819,0.2877073170752,0.1915996731505,0.1243760550489,0.0712874907548,-0.1792413302259,-0.0012471133951,0.2335044051718,-0.2270565698283,0.2218618813417,-0.0616591482551,-0.0390893964668,0.3001650740767,0.3818800651290,0.1121803708172,0.2174597025270,0.0610869436414,0.0508566604271,0.0643115340809,0.2620366318236,0.1999259646266,0.4084381982740,0.2547622160055,0.4183878049138,0.3755307603277,0.7390599806247,0.7000787081934,0.5807235702974,0.0967582339448,0.2947279932245,0.0449722582186,0.3922270278686,-0.0320301044909,0.1347078746352,-0.0004110846814,0.0733628506345,0.2540667882065,0.0985835478438,0.3703347571028,0.1517749327573,0.3494583378911,0.2118772440489,0.0598237364921,-0.1151467778045,0.1463741858258,0.1521952188767,0.0953783982986,0.1947820964680,0.0613216551846,-0.1185191974354,-0.2761551288494,0.2741959377042,0.0779755431045,0.0383983142434,-0.2463774313315,0.0159465082054,0.0509890412756,-0.1763401283105,-0.2359841460239,0.2408589404618,0.0431319622706,0.1609992700601,-0.0975504209973,-0.0599951625407,0.2594777416134,0.0038261562556,-0.1964418834422,0.1476549174650,0.0242189173659,-0.0998922256611,-0.0223859572777,-0.0543906877475
0.2236217921295,0.2573404176274,0.2944334888126,0.8838685226504,0.3071622871191,0.5811693880519,1.0000000000000,0.4918051667058,0.4975960851263,0.4499578116922,0.4036209773976,0.3019071971093,0.4162133198235,0.3069795487998,0.6463579570553,0.7652945538928,0.5792629061625,0.3372558894776,0.5990201309601,0.3011212948743,0.4332059442867,0.1756671531058,0.1271952711572,0.1127671299126,0.2134308753998,0.4228968410878,-0.0303189247695,0.2841773740851,-0.0730071720869,0.1306459092572,0.5111715024894,0.3357021380374,0.3633799139863,0.2404430539854,0.3935134112882,0.6832864092102,-0.2496062454747,0.2722638942031,0.1829760694065,0.3524517366651,0.3419777725967,0.3412806827358,0.5712463277476,0.4794470530420,0.2948208913370,0.2528083174672,0.3434205330568,0.2978954901882,0.1203479595959,0.5820992810393,0.0589615402611,0.2377177258183,0.3465765113786,0.4461884306755,0.3999866143812,0.8371746724117,0.0385000437736,0.2162967613189,0.1664201524176,0.3947181101367,-0.0888928627664,-0.2656723585976,-0.2096605079488,0.0004438349284,0.1148454243795,0.0889520876619,0.5247790941719,-0.1807148714953,0.4364463250174,-0.1796324241228,-0.0075339385027,-0.3560060063439,-0.2326600816493,0.1144358387975,0.0833021501275,0.1257202025979,-0.1771974976433,-0.1861530798067,-0.0156716046790,0.0526453860353,-0.1174348882319,-0.2172669197941,-0.3482467649048,0.0395592361514,-0.0961086740913,-0.1716999633792,-0.2189328192996,0.6290959361397,-0.0924744187325,0.0192355546498,-0.0026792806077,0.0194172887187,0.3768125531875,-0.1381658743401,-0.1292692933836,0.0966539507748,0.0618188256807,0.1512128811336,-0.1898870764051,-0.0090727914696
-0.1823953933526,0.0499196660788,-0.2637416188922,0.5225740282648,-0.0442538638286,0.3059870458563,0.4918051667058,1.0000000000000,0.8767940251179,0.5805141278672,0.5155908030675,0.4489399453529,0.6559860409498,-0.0351550481118,0.5227239843083,0.6558045721000,0.8076091430399,0.7444770441412,0.6287840998610,0.3964651808363,0.5792014559674,0.3806623044955,0.0628823666460,0.1542001385977,0.2451858157257,0.3098679805719,-0.0674393410787,0.2757597635188,-0.0532147882132,0.0039514528272,0.5525233751115,0.2626070387091,0.2893062740002,0.5600532075077,0.2060067843250,0.5964211763701,-0.2583183909512,0.1833120141031,-0.0448531594225,0.4696707015648,0.4291644503397,0.5729917217692,0.5312276080223,0.4705800124288,0.1981660346124,0.4384609578413,0.5435252268042,0.0651131463340,-0.1624034457631,0.5923056781208,-0.3254496467102,-0.2633698284267,-0.1858524621786,-0.0323730157228,0.0210229254348,0.4249338995158,0.1486731088765,0.4550408124741,0.5478195356719,0.4972989004500,0.0444180226810,-0.3815192842181,-0.4096992077255,0.0507092694643,-0.3600407662233,-0.3688468211798,0.2522460610576,-0.0335936326551,0.3490221132713,-0.2626607393477,0.0408410878865,-0.4612148791403,-0.2389898581496,0.1066079226887,0.1772049777658,-0.0553739795458,-0.1799746512899,-0.1651482693709,0.1498734354056,-0.0411458254656,-0.3642902489414,-0.3931325355447,-0.4603504673898,-0.3484209283233,-0.2590613692316,-0.2508871715896,-0.2422373900392,0.3328698049506,-0.3476036015679,-0.1606027499600,-0.2516547169860,-0.0339370261773,0.2156701794735,-0.3460822624637,-0.1946370659096,-0.1523863291482,-0.2299780659851,0.4067028270351,-0.2764345290373,-0.3419600412697
-0.1978615928147,0.0493034131605,-0.2368059144057,0.4942793347661,-0.1110337040019,0.2606703275755,0.4975960851263,0.8767940251179,1.0000000000000,0.6164448136031,0.4841074135684,0.4564605099216,0.6793258500953,-0.0854572513786,0.4978466624007,0.6332379464793,0.7911968104089,0.5395551409571,0.6552114919310,0.4356699000000,0.6414605902737,0.3865511952104,0.1163653611173,0.1581882816216,0.4205859951726,0.4291970803434,-0.0055780748032,0.4018532286632,-0.0557316039768,0.0233896987638,0.4097099314760,0.2998537784643,0.2720053234651,0.5415805368005,0.1723279858233,0.6867312496636,-0.1876974320684,0.2692088189489,-0.0968163999699,0.4984521010457,0.4322285810094,0.6123754703235,0.5423075317603,0.5727677527784,0.3175894595379,0.4695799128684,0.5691482632137,0.0118792604537,-0.1214203603119,0.5980830659011,-0.3421396142924,-0.2069269711122,-0.2017526641277,-0.0885132627799,-0.0551144798805,0.4117900451236,0.2387493578853,0.4986700807458,0.5098647648832,0.5979246150333,0.1212586190051,-0.3785300385293,-0.3299742241716,0.0959050655160,-0.3752558288276,-0.3370943066241,0.2659307733488,-0.0693166357185,0.4066649502998,-0.2714054092568,0.1443029064749,-0.3932011739154,-0.2301072967884,0.2686207869981,0.2600615642074,0.0472275357811,-0.1520987504451,-0.1140212013853,0.1390375861801,-0.0784188477796,-0.3255043637940,-0.3663007866945,-0.4577371536177,-0.3425340258214,-0.1899689228893,-0.2097312523466,-0.2019327660657,0.3649747147797,-0.2610968839938,-0.0749631243692,-0.3014249306381,-0.0246214135358,0.3407228417947,-0.2322461906541,-0.1199947811896,-0.1654688720689,-0.2111518126917,0.4346207118470,-0.1296400516896,-0.2758465181050
-0.1547713920026,-0.0038589906439,-0.1045644058592,0.4589641389071,-0.0574567231961,0.2741053312345,0.4499578116922,0.5805141278672,0.6164448136031,1.0000000000000,0.4216326157283,0.3276491737105,0.6662180501494,0.0401450973911,0.5925597809457,0.5893163741159,0.7292235663424,0.4135061731173,0.6512815329772,0.4455457995324,0.6315266251318,0.7110380967672,0.2646596794495,0.2446509755910,0.4119878596646,0.5537408837524,0.2649030946422,0.4422160509431,0.1070426647099,0.2600832183025,0.5066142481587,0.5041006404996,0.5289354249962,0.4159076364577,0.1534028248290,0.6503714879276,0.0750392510964,0.4394971372669,0.0111140132959,0.5389493662765,0.5347537769954,0.6691221380668,0.6178818601180,0.5921626233678,0.4558735205467,0.5199532139654,0.5454012134163,0.0576349447151,0.1071509360421,0.7309873287293,-0.3730995455130,-0.1545011754275,-0.0902894271701,-0.0362581094289,0.0378614628126,0.3961736253414,0.2354703038585,0.3774233398039,0.2256227170798,0.5980804311095,0.4015339121927,-0.2044973073491,-0.1017266542793,0.1198277398333,-0.2059438115522,-0.1147734742299,0.3647672714674,-0.0044385657693,0.4695110756571,-0.1704059751300,0.2074512792821,-0.0887963204869,-0.1418799349071,0.3593885850207,0.2558651118791,0.2502576026591,0.0435752191772,0.0368005985104,0.0588211108994,0.0921990806443,-0.0480372916367,-0.1173552094677,-0.3555470502264,-0.0926018417623,0.0018561128166,-0.0553201132882,0.0802750703360,0.4358535068102,-0.0406149536119,0.1209773581228,-0.0944795114129,0.1926646323691,0.4986935773010,0.0524986622193,0.0329302263611,0.0215390138818,-0.0813551002064,0.3768703984989,0.0276988030681,-0.0982599365722
0.0216752217927,-0.1652740445541,-0.0766898262954,0.3935141456272,0.1929927095914,0.2295887799522,0.4036209773976,0.5155908030675,0.4841074135684,0.4216326157283,1.0000000000000,0.7018718792492,0.5303163983270,0.0115383401856,0.2474078943449,0.4201696248698,0.5120477225187,0.4426100044772,0.3845504758438,0.3182752874395,0.5171116973945,0.3381773910632,0.5620926635121,0.3295675690215,0.3002277275810,0.3584579266051,0.2459211026390,0.1283485478410,-0.0234806045875,-0.1223270379675,0.3511845404059,0.4352198517234,0.5253101971172,0.2218012493307,0.2071181859057,0.3547048001573,-0.0174451986980,0.2593571651493,0.0380816790593,0.2406219982604,0.2195507399493,0.3062486431831,0.3088052655246,0.4006782352320,0.2314666493849,0.2962119183614,0.3424227100328,0.2200927990594,0.0367169405110,0.4898362224867,-0.0847689421623,-0.2015322026742,-0.0265348152827,0.1467826259298,0.1426073949568,0.3714046729026,0.2093244521035,0.3723106372589,0.3071952295502,0.3875055652395,0.1060936166896,0.1228638324110,0.0812493697967,0.3229023508165,-0.2695297931728,-0.0475977893939,0.2257745438427,0.0915608956567,0.3156177431845,0.0742383719104,0.3276035282205,-0.0541769279990,0.0993812596602,0.3001760617501,0.2000608117913,0.1655948506045,0.1628126868927,-0.1435083789721,-0.0104288722803,0.1235025835816,-0.0094393232863,0.0434795388893,-0.5015738244389,-0.1419707444440,0.0238601636454,-0.2163602668706,-0.0170984716418,0.3202770525418,-0.0756162577002,0.0721462058924,-0.0180144926077,0.0553181346917,0.2869915840415,-0.0780512108725,-0.0270315025676,0.0208951535412,-0.0964234774491,0.0707801967720,-0.2152644087685,0.1168699735909
0.0107433890010,0.1298981042191,-0.0356855254269,0.3632705122007,0.0488420300788,0.2115864759741,0.3019071971093,0.4489399453529,0.4564605099216,0.3276491737105,0.7018718792492,1.0000000000000,0.4481942650694,0.0438537384513,0.2473109550375,0.2849322938360,0.4355578117034,0.3457170110088,0.1896970544604,0.1341126743185,0.5276946312760,0.3264889057686,0.6437645221958,0.2354046356495,0.2060020958502,0.2417216483515,0.0056918487453,0.2398000320153,0.0846886509731,-0.0548234182655,0.2061009719100,0.2341037915206,0.2733241692440,0.3066631785683,0.2358980944600,0.2440288201076,-0.0178640460822,0.0359247377453,-0.0094356414535,0.2284405558068,0.2416411173059,0.3291414577083,0.2061036935116,0.3110453331064,0.0829488642965,0.4796984384883,0.4020601187496,0.2791908427414,0.0785877301635,0.4707505114323,-0.0231852324433,-0.0582180868249,-0.1956429342111,0.1217353915457,-0.0259306990239,0.1640772121928,-0.0133287362001,0.1035410031754,0.1482949458864,0.1552394937681,-0.0062520455957,-0.1199857021698,-0.0121640818870,0.0947957552523,-0.2853717229879,-0.3227075969040,-0.0370757000073,-0.1800858634090,0.0942862509262,-0.2207206375405,0.1313789443683,-0.1488530587677,-0.0422657346368,0.1165660037272,-0.0169440175123,-0.0067934446241,-0.0719390248890,-0.2325116428485,0.1427088665932,-0.1987393603898,-0.2530098025619,-0.2324526443732,-0.5321669220821,-0.3491805569624,-0.1975257975433,-0.3563921001578,-0.0705252609407,0.2102414392518,-0.3070303241925,-0.1714290394049,-0.0126880246877,-0.0208281185197,0.1537672517949,-0.2537271929239,-0.2057786109936,0.0258711147740,-0.1781978138825,-0.0510112540089,-0.2657347902132,-0.1331736411284
-0.1715688249474,-0.1660339422790,-0.2115430784883,0.4093768236087,-0.0237580936291,0.1948367819586,0.4162133198235,0.6559860409498,0.6793258500953,0.6662180501494,0.5303163983270,0.4481942650694,1.0000000000000,-0.1550949676119,0.3981511165002,0.5396204271930,0.7737649521602,0.4210685624294,0.5072490416452,0.4630087159492,0.5956015107910,0.4335013872931,0.2905399830538,0.1592476654828,0.4035744137163,0.4866765060109,0.2509983948941,0.2459766613083,0.1211451774235,-0.0847852297574,0.4028188981589,0.4637421882866,0.5976530860260,0.4466297321042,0.1252288627687,0.5523528295546,-0.0761571074371,0.3771944702262,-0.0825471581819,0.4046918729875,0.3650570401777,0.4851198376370,0.4897989306125,0.5651883421079,0.3913840025728,0.3172293892325,0.4500486359535,0.0713157486587,-0.0145677669762,0.5372267972048,-0.2276974957310,-0.2562235170193,-0.1714585859966,-0.0341724368720,0.0084011271755,0.3514852789749,0.4130757812614,0.4536464235595,0.3403242447970,0.4929021171257,0.2788074899535,-0.1104658863177,0.0247074177984,0.5123560857494,-0.2876674215588,-0.2370396159414,0.2172347589151,0.1670583584074,0.2996951569191,-0.1100576753742,0.3798207234381,-0.1172146994236,-0.1396971566908,0.4117924499097,0.2531319139864,0.1521208486429,0.0730737812843,-0.0549813980548,0.1694291588479,0.0415439304896,-0.1106966630279,-0.0549017382263,-0.4062529011915,-0.2869382858694,-0.0222402541359,-0.1999694894280,-0.0677592921884,0.3129451623169,-0.1896818938921,0.0370219543897,-0.2440474833765,-0.0437578158864,0.3867111559237,-0.1038247624337,0.1032340396706,-0.0625723156931,-0.0777894610915,0.3960892621613,0.0084762248921,-0.0860215962910
0.7041877414591,0.6561336978141,0.5991241845254,0.4766196768376,0.6203282482028,0.5890065944864,0.3069795487998,-0.0351550481118,-0.0854572513786,0.0401450973911,0.0115383401856,0.0438537384513,-0.1550949676119,1.0000000000000,0.3953169265405,0.1012626466558,-0.0861893735943,0.1129045796668,0.0781037256834,0.1203170343312,-0.0894861403741,0.0199674787855,0.0222563335683,0.1385927895340,-0.0341482973894,-0.0442768797693,-0.0039634425408,-0.0365460493828,-0.0932914099070,0.5085508732930,0.1363114951981,-0.0158376222303,-0.0803092642027,-0.3697780230892,0.0291512945298,0.0082637838342,-0.0877779808612,0.0480010472037,0.0680514747691,-0.2132374245619,0.1841169859119,0.1698959801622,-0.0303136574580,-0.1018686725623,-0.0831289459244,-0.1294280683549,-0.1014968546273,0.1173138108353,0.3739580209478,0.2268685134904,0.4356629816538,0.6564586989298,0.4763586891317,0.5725248558766,0.5135717643868,0.3184578355438,-0.1987640599482,-0.0591715996087,-0.2252742428212,0.0962267707091,-0.1964613747448,0.1214102176705,-0.0309317775926,-0.1927021857586,0.4523252918203,0.2139000778788,0.2406461411071,-0.0830489631327,0.1901005240856,0.1625093949567,-0.1610077951653,-0.0710525441247,0.1901233387739,-0.0992645907376,-0.1245114928358,0.0579028748320,-0.0167060690274,-0.1706007913305,-0.2785243776581,0.1607132152769,0.0861372416537,0.0103153001097,-0.0019304160449,0.1350494441542,-0.0475357620291,-0.1055679356930,-0.1158384594510,0.1481937218502,0.0327616329740,0.0650269682495,0.1158505977099,-0.0210519561279,0.0125418451772,0.0060603521089,-0.2909805498334,0.0808994210593,0.1949222915250,-0.3241881341237,-0.2022346976178,-0.0649418748205
0.1200298904844,0.4132706095124,0.1824035306068,0.7240363032817,0.1827456208860,0.5045587441785,0.6463579570553,0.5227239843083,0.4978466624007,0.5925597809457,0.2474078943449,0.2473109550375,0.3981511165002,0.3953169265405,1.0000000000000,0.6731135995508,0.5694412314258,0.3995121184119,0.5580198506625,0.2461822235064,0.5315177122813,0.3680225979774,0.0473749233015,0.2580300480329,0.1363017486445,0.2710176796704,-0.1235575201195,0.3205679678355,0.0590077346483,0.2771630140790,0.5699111649488,0.2722108068768,0.2384797282109,0.3549768356204,0.4252276627775,0.6586374219242,-0.1223145329114,0.1706302248927,0.1853308510915,0.4186379293839,0.5087408681997,0.5470011763801,0.6465475754672,0.3176321355265,0.2179604250747,0.3516082040028,0.4053124706580,0.2383260064280,0.2407788454557,0.7252362913285,-0.0749099492947,0.1959114777465,0.2097636767424,0.2688715359655,0.2688280544062,0.5571803099273,-0.1422666360118,0.0655370946408,0.1517946509016,0.3272943751506,-0.0498671802632,-0.4114853390020,-0.3474972389172,-0.1939235102199,0.1183078754210,0.0231604248069,0.3761881834908,-0.3010324054508,0.4134244017349,-0.3248466323171,-0.0841823881011,-0.3510223116773,-0.1712529690136,-0.0606791561184,0.0316706000671,-0.0419502248301,-0.2815555082491,-0.0683721982776,0.0837717120593,-0.0712412005073,-0.2109046037424,-0.3517665178738,-0.2452290894923,-0.1015416170312,-0.2462426296013,-0.1922008946319,-0.1596354216569,0.5586956535963,-0.1991800036600,-0.1885621586287,0.0139614635116,0.0495115996838,0.1685728621476,-0.2356467602920,-0.1606396775796,0.1106240350032,0.0330177551637,0.2156152596857,-0.2465358738447,-0.2251151801918
-0.0839501275440,0.0523180620238,-0.1064712550932,0.6832935614390,-0.0286343516433,0.3015078148979,0.7652945538928,0.6558045721000,0.6332379464793,0.5893163741159,0.4201696248698,0.2849322938360,0.5396204271930,0.1012626466558,0.6731135995508,1.0000000000000,0.7863513279073,0.5413702828234,0.7892083189763,0.3887186507070,0.6148568431046,0.3505797145528,0.1708532467794,0.3321966202077,0.3608916492955,0.5545118681253,0.0918064540711,0.4336568982798,0.1212997502850,0.1960684250461,0.7884911081981,0.5094210897250,0.5501282028409,0.4615132668978,0.5708771995094,0.8784104779329,0.0005841738828,0.4186226912495,0.3509607928476,0.5926513711140,0.5544746327424,0.5439334415951,0.8449969954395,0.6256328845938,0.5396688692572,0.4051172557375,0.5962556124059,0.3057029736219,0.1589529230256,0.6772656399137,-0.2943875258996,-0.1178762323335,0.0792905106541,0.0549254093166,0.1887803922711,0.6989349828528,0.1325652196195,0.2605023100080,0.3320970402015,0.4913318092750,-0.0530018998123,-0.4052395644517,-0.3265465450236,-0.0347403185259,-0.1617672529879,0.0078874237297,0.6123951254005,-0.2241631156523,0.5469197169512,-0.2421365529878,-0.0503978865790,-0.3866377582759,-0.2194611300886,0.2037317756637,0.2175976669476,0.1688207433410,-0.0932626729263,0.0006167437081,0.1897527673612,0.0753546646694,-0.1376265282389,-0.2448565125276,-0.2645018236432,0.1197074619715,-0.0401194792951,-0.0653619913562,0.0123481790149,0.7994667675786,-0.0771362430326,0.0528625320860,0.1044871330100,0.1908274140510,0.4480775928342,-0.0868524767988,0.0371536809629,0.1604605046254,0.0575740319555,0.3780717927003,-0.1818617867795,-0.1165426497307
-0.1895824128250,0.0009980407011,-0.2303501312986,0.5242541898861,-0.1033264542247,0.2123607579292,0.5792629061625,0.8076091430399,0.7911968104089,0.7292235663424,0.5120477225187,0.4355578117034,0.7737649521602,-0.0861893735943,0.5694412314258,0.7863513279073,1.0000000000000,0.5858731797618,0.6885157811736,0.4221117087582,0.8163915996338,0.4626281753704,0.2418326022565,0.2597146100339,0.3504336254076,0.5638175909371,0.0922861624213,0.4593049344670,0.1087959053735,0.0666901952477,0.6778327564053,0.4351902900591,0.5622606632249,0.6097250744612,0.3165251286027,0.7711819237189,-0.0398870564375,0.3979102962287,0.0928577853923,0.6638146312774,0.5268282986434,0.6227138704996,0.7502541705121,0.6864983732327,0.4349998143486,0.4896671411063,0.6387879387566,0.1490130312196,-0.0174760161287,0.6990339074493,-0.3604092269071,-0.2547809619587,-0.2151555910093,-0.1531921802129,-0.0782676621523,0.4638353124774,0.2403594168577,0.3625953756430,0.4063322760484,0.5103574298996,0.0680647251365,-0.4360682995426,-0.3499728032463,0.0925571285772,-0.4074614420846,-0.3014302967753,0.3251248320619,-0.0879264014548,0.3983034825444,-0.3295611766676,0.1657346996671,-0.4106661208490,-0.3169566809962,0.2893996778455,0.2549206989549,0.1109301529739,-0.0956634238571,-0.0730822381490,0.2204060444555,-0.0554454446987,-0.3261890031748,-0.3425376589724,-0.4999063271120,-0.2272704764618,-0.1804708133657,-0.2244383027993,-0.0299613209922,0.5233754765408,-0.2543249053289,-0.0363611740850,-0.1604712394960,0.0809949007108,0.4444464771096,-0.2216826677469,-0.1109357040639,-0.0799352630302,-0.1217787948036,0.4153359198280,-0.2194071580335,-0.2465489936048
-0.0664785516381,0.0269536553660,-0.1982171898380,0.4204707358741,0.0558763493964,0.3389134143307,0.3372558894776,0.7444770441412,0.5395551409571,0.4135061731173,0.4426100044772,0.3457170110088,0.4210685624294,0.1129045796668,0.3995121184119,0.5413702828234,0.5858731797618,1.0000000000000,0.5363151420915,0.3811887231736,0.3814037488520,0.3034650598947,0.1370797771627,0.3835574657622,0.1228053673984,0.1537282888411,0.1006852521063,0.1429942374138,-0.0850456692185,0.1022632506682,0.6430249426021,0.1839685447405,0.2632988388818,0.2272485896788,0.2067899882407,0.4011151036058,-0.0501305664781,0.1505477208181,0.0940370082551,0.2770407904695,0.3860400408737,0.5296399707712,0.4044544810984,0.2365919275296,0.0918964111901,0.3041350288211,0.3596942678670,0.1024636879593,-0.1463771682096,0.4774954106545,-0.2426777738538,-0.2087873431499,-0.0399807267256,0.0843718019331,0.1923016369772,0.3855664623463,0.0193523753671,0.2871657242323,0.3224908815209,0.3932945507729,-0.0669366707037,-0.1520659525313,-0.2960895351010,-0.0211781099941,-0.2289657943220,-0.2342638292822,0.3181054145168,0.1005406528150,0.3223633806233,-0.0228061742585,-0.0073774509571,-0.3017700588787,0.0681670183399,0.0312487839362,0.1228038793126,-0.0591794829377,-0.0086528310240,-0.1835101198371,-0.0028562876293,0.1821551900800,-0.2175427697110,-0.2447974278297,-0.2850801491296,-0.0949484703264,-0.1820001085433,-0.2321854432655,-0.0454411645265,0.2500808293695,-0.1544594734973,-0.0689579569101,-0.0459288278041,0.0494080061444,0.0744323823792,-0.2414698109718,-0.2816627194624,-0.0071975388360,-0.2593874586458,0.1567627192688,-0.2329603128548,-0.2144245670845
-0.0575432300659,-0.0616520106433,-0.0837575161964,0.5165049752560,0.0203521035833,0.3141060787856,0.5990201309601,0.6287840998610,0.6552114919310,0.6512815329772,0.3845504758438,0.1896970544604,0.5072490416452,0.0781037256834,0.5580198506625,0.7892083189763,0.6885157811736,0.5363151420915,1.0000000000000,0.4969544276155,0.5537705957188,0.3512227135802,0.1656154557175,0.3312879472989,0.3748793843465,0.5681359552627,0.2603848586926,0.4320930179974,-0.0049620103384,0.2126661972395,0.6293844391652,0.4848832563889,0.4075599814393,0.2623203594135,0.2480428844898,0.8623191613119,0.0720517062092,0.5013001213580,0.1578453519136,0.4689982011917,0.4696894864843,0.5546505822472,0.7101993566711,0.5938192933799,0.4545336915305,0.3696505339106,0.4504628927486,0.0989500162470,0.0421272295940,0.5927271628533,-0.2926699942111,-0.0923296564080,0.1176437470308,0.0578469566848,0.1674932550266,0.6557150761538,0.2451767184383,0.5120108152959,0.3722912993742,0.7674603013405,0.1569798764683,-0.1476760075071,-0.0821875788818,0.0665363683403,-0.0888580032770,0.1042642599207,0.7269498319860,0.0250844580110,0.8078586645651,-0.0155067704377,0.2125387277517,-0.1612734466270,-0.0279582696295,0.3346768288646,0.4017606042937,0.2979184004906,0.0135173123298,0.0833093037831,-0.0118971954203,0.3617090823147,0.0014022268276,-0.1164612334458,-0.2375705154436,0.1966969073642,0.0775164712351,0.0064586017824,0.0649069777820,0.6398024981268,0.1620621608240,0.1938538764301,-0.0186128010538,0.1977111736359,0.5028436987215,0.1411379236777,0.0750031735764,0.0452501933918,0.0130140432835,0.3595306592428,0.0606832216397,0.0300176480322
0.0886334675178,-0.0863825047366,0.0651499531400,0.3510355636450,0.1755819979795,0.4055436683184,0.3011212948743,0.3964651808363,0.4356699000000,0.4455457995324,0.3182752874395,0.1341126743185,0.4630087159492,0.1203170343312,0.2461822235064,0.3887186507070,0.4221117087582,0.3811887231736,0.4969544276155,1.0000000000000,0.2665303861172,0.1891722836449,0.2353000966821,0.2929934625356,0.6975581972898,0.5917976514586,0.5614611487955,0.2618989598776,-0.1586118636574,0.1284961806809,0.2571631630426,0.4882342884403,0.4471748928785,-0.1322178240389,-0.0260002413367,0.4292231966602,0.0777183473865,0.7367711184534,-0.0607445407296,0.1128245795230,0.2841661231696,0.4039989019470,0.3111500709642,0.6034505338445,0.5066939181684,0.1711444894862,0.2175209227270,0.0344322538440,0.1145196942376,0.3416214873283,-0.0763305192811,0.0277660845330,0.1330858477498,0.2047536487920,0.2937165904471,0.4389947529446,0.4814367497312,0.5713224342828,0.1543073981781,0.6689982217527,0.2161802103007,0.2022556886569,0.1749098743443,0.3481297021942,-0.0121629073446,0.1235704159695,0.4354141461915,0.2808754956340,0.4145629853321,0.4504697302464,0.3128699381238,0.0704153538297,0.2732867977052,0.6892131060233,0.3642015514727,0.4891114115495,0.4345691262841,-0.0141765585153,-0.2588923851364,0.4271224589441,0.2171311256396,0.2393188190869,-0.1796010985343,0.0749752648080,0.3367162950956,-0.0943957075209,0.0594437985058,0.3072909667361,0.2255322103490,0.5479613894412,-0.1693886374563,0.0668773873666,0.6046127008352,0.2601596638243,0.0645689417110,0.0539594648359,0.0049249539537,0.1081647035314,0.2825380013473,0.1516168819398
-0.1670552805806,-0.0066844314883,-0.1043393323883,0.3631940857844,-0.1224974441986,0.0465557749935,0.4332059442867,0.5792014559674,0.6414605902737,0.6315266251318,0.5171116973945,0.5276946312760,0.5956015107910,-0.0894861403741,0.5315177122813,0.6148568431046,0.8163915996338,0.3814037488520,0.5537705957188,0.2665303861172,1.0000000000000,0.4056053891831,0.4432217088992,0.4516020135781,0.2766686854596,0.4473198379946,0.1060618532900,0.3937344343646,0.0653631791472,-0.0192555275789,0.5721681733743,0.3745466372993,0.4451045492143,0.5022869402113,0.4530376864893,0.6785033525194,0.1833193600331,0.2735910222244,0.1554524652860,0.5205019127184,0.3126851952266,0.4856210002271,0.6681111116915,0.4991376397965,0.3160442006314,0.5436762866720,0.5495922674379,0.2054749771716,0.0086215129867,0.7153303503414,-0.2335430231858,-0.2216361064260,-0.2503732751370,-0.1654570934215,-0.2442937302482,0.2475159767505,0.0534933370540,0.1545853784935,0.2964297111551,0.3675544770952,0.0615811155249,-0.4280883291573,-0.2768741217535,-0.0144543064549,-0.4260681408477,-0.2034086677481,0.1881571877176,-0.2338200925162,0.3586530344091,-0.3439489006595,0.2684073588580,-0.2885757980345,-0.1429069654225,0.2859754801592,0.2927638733678,0.0405099785155,-0.0425468275641,-0.1574717516295,0.1680883369444,-0.1916789152864,-0.3081562303730,-0.3669721197899,-0.4927243397932,-0.1908638206884,-0.2522754243735,-0.2672762011389,0.1337713454968,0.5183860206708,-0.1869393451727,-0.1190865682539,-0.0185277616394,-0.0205892242990,0.2832398908553,-0.2198812657249,-0.1328137441444,0.0097205244786,-0.1734291686132,0.2238276771878,-0.2515338817378,-0.0336427915226
-0.1495879581556,-0.0156054879033,-0.1843954489762,0.1839438250710,-0.0612742084521,0.1341882625923,0.1756671531058,0.3806623044955,0.3865511952104,0.7110380967672,0.3381773910632,0.3264889057686,0.4335013872931,0.0199674787855,0.3680225979774,0.3505797145528,0.4626281753704,0.3034650598947,0.3512227135802,0.1891722836449,0.4056053891831,1.0000000000000,0.2823203831853,0.1845987745233,0.2758618218434,0.2938185738780,0.1754023168411,0.2853965783046,0.3199729017271,0.2549997067300,0.2960399053524,0.2677211974559,0.3685491541609,0.3430007818172,0.0906037709283,0.3722395258716,0.0930483475692,0.2230831499950,-0.0313347109013,0.3891661876590,0.4729663107773,0.4702049587471,0.3303484582495,0.3187514064543,0.3166158721975,0.4786511616865,0.4020008217998,0.0040334493220,0.1721419955501,0.4665221656830,-0.3511997560054,-0.1897715621609,-0.1675891330521,-0.1187621746892,0.0240379460527,0.1438239327158,0.2143375958406,0.2287014292601,0.2285656279581,0.3437150120067,0.5005061746612,-0.0626040219675,-0.0118265608989,0.1595730569544,-0.1976743976339,-0.1888713785955,0.1702437904285,0.0541147442527,0.2594221118652,-0.1564742026955,0.1615608409321,0.1654529134445,-0.0400479654691,0.2175134778892,0.1734504484305,0.1453196175002,0.0543191778417,0.1792726582587,0.2228850341739,0.0374461269258,-0.0162699765331,-0.0075373196758,-0.1796232014792,-0.1515684229489,0.0336237840973,0.0247471110893,0.1081945317241,0.2620767468498,-0.0763090849526,0.0169398478154,-0.0508961071180,0.2289667940378,0.2656363035525,0.1434604438809,0.1270701524575,0.0482648619953,0.0433166051604,0.5108058293188,-0.0382923149436,-0.1214564759213
0.1006074532351,-0.1157146290149,0.0921864178222,0.0999484726342,0.0927691208716,0.0475434790726,0.1271952711572,0.0628823666460,0.1163653611173,0.2646596794495,0.5620926635121,0.6437645221958,0.2905399830538,0.0222563335683,0.0473749233015,0.1708532467794,0.2418326022565,0.1370797771627,0.1656154557175,0.2353000966821,0.4432217088992,0.2823203831853,1.0000000000000,0.4407514249467,0.3220592650173,0.4755373660680,0.5068014580746,0.1498692777836,0.0862427509750,0.0098830205211,0.1141676894863,0.5348868828173,0.5204012263771,-0.0085502793183,0.1965085751062,0.2020792901956,0.4172860687402,0.3523938592687,0.1441073839503,0.1375421309078,0.0937378121062,0.1584306250207,0.1490950272878,0.3676669947273,0.3180199929988,0.3445426240072,0.2838937718210,0.2684772400049,0.1382446104590,0.3099649246567,0.0630528679658,-0.0140262715739,-0.0548804871315,0.0983335608961,0.0013684574088,0.0926480012199,0.2268110781844,0.1842304807202,0.1083548580645,0.2447711464205,0.1841076528968,0.2475397359149,0.3941640064798,0.2726395476253,-0.1362865282860,0.0607714275893,0.1230284399096,0.0650304463726,0.2058248878781,0.1642146911554,0.3794071727045,0.3644675102457,0.2898175371054,0.4449039200775,0.1958021892469,0.4045872288148,0.4326907038005,-0.0821524774661,-0.0577709932411,0.1184643233324,0.2356011365872,0.2469285300820,-0.3208611122416,0.0308678197542,0.2591027005206,-0.0398953884865,0.3621534832847,0.3108033990768,0.1219522195186,0.2776973471389,0.2143761609669,0.2085503570734,0.3859270879695,0.2615568977573,0.1594118304943,0.2217384930783,0.0134187661700,-0.1159937156058,0.0734182894336,0.3001301236414
0.0872005074422,-0.0531395445383,0.0042080811804,0.1198356460252,0.1238169573832,0.0868030269774,0.1127671299126,0.1542001385977,0.1581882816216,0.2446509755910,0.3295675690215,0.2354046356495,0.1592476654828,0.1385927895340,0.2580300480329,0.3321966202077,0.2597146100339,0.3835574657622,0.3312879472989,0.2929934625356,0.4516020135781,0.1845987745233,0.4407514249467,1.0000000000000,0.2262268104272,0.2932351108184,0.4032842814684,0.1572271827386,0.0663324471052,0.1093126683561,0.4401023032467,0.3421344581961,0.2636896075211,-0.0709590340450,0.5009662817430,0.3595908270961,0.5528506922555,0.3732802179571,0.4481369578831,0.1049027212634,0.2187663080554,0.2700562242868,0.3493010199213,0.1681104922814,0.2670891130812,0.1863599296899,0.1770380515715,0.3834257502316,0.2055837818046,0.3599271066947,0.0221610175374,-0.0814466685821,0.0618177784651,0.1112229833749,0.1998425876567,0.1748634069862,0.0292971280836,0.0964686725893,0.1019993811662,0.3023831240574,-0.0705777097141,0.0664772085097,0.0785433273121,0.0157026924289,-0.1299777524111,0.2064842339685,0.3678720867716,-0.0084497443167,0.4247358926745,0.1822013286942,0.2062180391633,0.0838752325703,0.5291265179872,0.2701083031231,0.2744171437468,0.2251157771386,0.3165834316300,0.0118558668610,-0.0279920980045,0.2681730748547,0.1289304432933,0.0633355295390,-0.0508751181225,0.3145111887380,0.1122232418840,-0.0693170973069,0.5058106753442,0.5329382026234,0.2447286088709,0.2470386893086,0.4548499149965,0.1753541664461,0.1622794318495,0.1630123027059,0.0234706035115,0.4003406503100,0.0395818147149,-0.0408968152660,0.0109462997635,0.1785215416592
