1.0000000000000,0.5759975489761,0.8076679062844,0.3589922407683,0.6992044442230,0.5742542064550,0.3313463482169,-0.0491907831921,-0.0483798336912,0.2805624657399,0.1802078278806,0.1412924820312,0.2104264856754,0.6532573905677,0.4124154812305,0.1478105192414,0.0924653039194,0.0192374783728,-0.0522529721276,-0.1420429851187,0.0207615792929,0.2582777727169,0.0893006650037,0.0954282842097,-0.1368266392502,-0.1868762842719,0.0303525906597,-0.1040282405701,-0.1599518473192,-0.0196948533106,0.0683064744600,0.0762831982173,0.1875528955799,0.2027595435071,0.2895238080651,0.1658669456348,0.0898404134601,-0.2500908631397,0.1181278662211,0.1314329344656,0.0699442439469,0.0968120993573,-0.0326194258689,-0.2377291115204,-0.2343344725981,0.1749346826642,0.3525296688669,0.2530307038351,0.4398380896179,-0.0081439205080,0.8218527707617,0.6156271996117,0.3250095493218,0.6820288870829,0.4294068588103,0.3971284741510,-0.0475110634585,0.0126109876996,-0.0321501525302,-0.0341164878526,0.3110968257934,0.3068980114970,0.2684279160113,0.2274771694395,0.3963740349831,-0.0412467334706,0.1363613652018,0.1793949838214,0.0597239251638,-0.1486276374345,0.0570761763696,0.2536842829917,0.0671405971529,-0.1560624205617,-0.1289871868341,-0.0247862501190,-0.0664357228351,-0.2349062369157,-0.2297417942459,0.0490257028043,0.3902645278661,0.1537479896110,0.0553187543713,-0.0944595972326,-0.1647344862139,0.1529109650227,0.0385741629121,0.2382296617860,-0.1344408456988,-0.1589244567725,0.1223883504271,0.0232492622230,-0.2202019630902,-0.0439666356539,0.1844730150071,0.3113923844757,0.2504138140440,0.1257638922121,0.0807162526545,0.0527180512481
0.5759975489761,1.0000000000000,0.6308003662229,0.0849490640571,0.2537020380115,0.3143882142408,0.0888870028619,-0.1965166229276,-0.2776873651849,0.2552063815676,0.0058759464552,0.0941416296842,0.0336822014202,0.7941676063801,0.4169965114205,-0.0604412244015,0.0085808423451,-0.1314632411087,-0.2472979724364,-0.3739795117493,-0.0130346955330,0.2250123567070,-0.0297318074182,-0.1343808086240,-0.3208773650917,-0.2675316519349,-0.2123604969787,0.2433675561893,0.3079005692803,0.4068340134952,-0.0923730908225,-0.1050765166634,0.0353141842984,0.1634602698874,0.1512948218921,-0.0510133181474,-0.1712543184349,-0.3719326564809,-0.0203923464815,0.0612549361531,0.1824194752721,0.2403315739393,-0.1157252043950,-0.3965429853695,-0.1536577095560,-0.0313747766209,0.2579222255600,0.0280997794244,0.6163887755566,0.0277039630843,0.4150902964120,0.8934815200220,0.1590140517932,0.3534701249166,0.1805658638256,0.1482672653644,-0.2079404425765,-0.1087240642286,-0.2540707500344,-0.2777414847046,0.1968883191424,0.1512878008413,0.1905712201843,0.0740173726933,0.6793183796999,0.0309269021782,-0.0474928777285,0.0092934589044,-0.1547017819794,-0.4096180762141,-0.0124491956509,0.1474931954518,-0.1750294561824,-0.3579688865667,-0.1132588098494,-0.1561548632694,-0.3176549115059,0.0594637969529,0.2583175328253,-0.1389214537583,0.2623347131199,-0.0040693155767,0.3455362374228,-0.1897755267131,-0.0501432435174,0.0262667871570,-0.1563342597985,0.1136527384407,-0.0469895247980,-0.1532893895734,0.0480641459435,-0.1552090152168,-0.4020758470018,0.1872370438980,0.0809678258105,0.0933666358272,0.5344602695328,0.1673558224089,0.1043449206965,0.1603230308462
0.8076679062844,0.6308003662229,1.0000000000000,0.4915056809195,0.6676417509721,0.7449939204550,0.5363144453759,0.0600744718521,0.0449726240269,0.4294714930546,0.2870105832952,0.2741778015298,0.3374606658446,0.5329895719562,0.4534734620339,0.2274010246188,0.1798763517820,0.0620823554547,0.0318691377875,-0.0416956213643,0.0152390152098,0.2947782643186,0.1327752105615,0.1837447536190,-0.0119597629641,-0.1333597050221,0.0813283026357,-0.0575375789477,-0.0874921854955,-0.0925054408943,0.1092703638557,0.0981878965077,0.2199670876918,0.1386372970083,0.4104743905876,0.2843220365090,0.1402406449414,-0.2183081905471,0.2430807982885,0.0283302003641,0.0253825599895,0.0895134083773,0.0064886140110,-0.1779545249486,-0.1859038044909,0.1898986850610,0.2831395718827,0.3625453431347,0.3583810329564,-0.0305598516488,0.7337586896012,0.7254026099627,0.3782152133486,0.8481039677401,0.6063071053408,0.5856220662930,0.0367303188314,0.1499604958178,-0.0017087158665,0.0571293550564,0.4318478353518,0.3954233952875,0.3357973533541,0.3261911896123,0.4050126685524,-0.0438185786369,0.2495356555670,0.2731660902497,0.1836434344252,-0.0657527911504,0.1482973209406,0.2428618673463,0.1652910149972,-0.0733827127703,-0.2035644911034,-0.0124585675310,-0.0387145622944,-0.2327520512674,-0.1587067791434,0.1368895171100,0.3599886887528,0.1895730792485,-0.0213146434546,-0.1017039239874,-0.1891630368378,0.0148154609648,0.1101462079270,0.3487164818796,-0.1963670046217,-0.1892199305602,0.2347918199737,-0.0370866369098,-0.2110914607467,-0.0507426824635,0.1028254066701,0.3920431724299,0.1857492458537,0.0605533030381,0.1206645366320,0.0544789339616
0.3589922407683,0.0849490640571,0.4915056809195,1.0000000000000,0.5230818727524,0.5707617366150,0.6557161578825,0.4102297580216,0.4566242222468,0.3643145917263,0.5629314464673,0.4279248430920,0.5304619973885,0.0725475118753,0.5845786799235,0.5633576491516,0.4679217438263,0.4501034448517,0.4992994244071,0.4035756087761,0.2465193546488,0.1300988202478,0.3020050949696,0.4886552554150,0.3304661175531,0.0935228329191,0.3616442997943,-0.1044732742286,-0.3555874407571,-0.4931348395914,0.2793738382945,0.2544428953357,0.3384338469262,-0.1725115775092,0.4555152463895,0.4783917494412,0.3312017511719,0.0279857964974,0.3250046988107,-0.2227078020327,-0.0233518291297,-0.0126595794221,0.3442796205586,0.1157554343633,-0.1516360389669,0.3038494824825,0.0586055156905,0.5052487789650,-0.0993227456125,0.0518990487927,0.4693659271883,0.1938233740494,0.7665549291219,0.5648262175040,0.5598241703576,0.7894828999040,0.3754189003066,0.3855461470891,0.3816833170360,0.4208278418601,0.3374977949366,0.5033006796969,0.3299373051961,0.4955325514288,-0.0115589247648,0.1744285041870,0.5286759906794,0.5524803262150,0.4967943811163,0.3662450642531,0.4392706839454,0.0685831480712,0.5206159693016,0.2453849164710,0.0029304010815,-0.0275934072818,0.2757383877284,-0.3167390251579,-0.4009168244285,0.4600313941004,0.0630743877279,0.2468503142592,-0.3777064023704,0.0603044015127,-0.3430165133899,-0.2617296765801,0.3146149695934,0.2851372444682,-0.0474410906558,-0.3259988829872,0.2755170688611,-0.0825707006261,-0.0120977097378,-0.2735264054060,-0.0972434905750,0.3924697025741,-0.3186590326985,-0.2269395344586,0.0539047406055,0.0717723082053
0.6992044442230,0.2537020380115,0.6676417509721,0.5230818727524,1.0000000000000,0.7927364257810,0.5918331809962,0.1964024763144,0.2810211439086,0.4681100659880,0.4414817922563,0.4031310358766,0.4708650801038,0.3697823395008,0.5674142842741,0.3409445617985,0.3611641953178,0.3222166462141,0.2545087458439,0.1226371222174,0.2253805155941,0.4287772353455,0.3212155889709,0.4450613211174,0.0904051805583,0.0264494571480,0.2198131527629,-0.0815270501654,-0.1545141803491,-0.2279964916263,0.2714329689317,0.2266235906940,0.3582901804790,0.2371440338608,0.4919304950697,0.3734834928806,0.3091973781082,-0.0992203210722,0.3354855403273,0.2139516167268,0.1895655036674,0.1322279681515,0.1322238011493,-0.0422042499669,-0.2220837266455,0.2756019404652,0.4268999943567,0.5539945843424,0.4505823116752,0.1100946855287,0.8418308699125,0.2958666253379,0.4027392303374,0.7854909191162,0.7021201346208,0.5193666145432,0.2249075536929,0.1984265768742,0.2775169498401,0.2804223130622,0.5114774305050,0.5060290437759,0.4580701004600,0.4393576475268,0.2098000855437,-0.0093154387938,0.3101873143616,0.4547014246919,0.3747435767063,0.1274065595732,0.3056897941031,0.4049916921111,0.3931869266092,0.1206676410948,-0.0062137296341,0.0509075466384,0.1137763807872,-0.2056168856070,-0.2586793658910,0.3146893800239,0.3582077290040,0.2861682723727,-0.0626097007211,-0.0996394685034,-0.3173664261885,0.1880918115716,0.2518834297861,0.3681838154398,-0.0734284466795,-0.2997574741157,0.3065477828693,0.1308668347944,-0.0481424310609,-0.0350503530486,0.2315413655122,0.5000917781724,0.1437284885182,0.1948293446388,0.2164051847213,0.1949041426158
0.5742542064550,0.3143882142408,0.7449939204550,0.5707617366150,0.7927364257810,1.0000000000000,0.8058018821065,0.2428079833282,0.2971949694553,0.6126257836978,0.4881074856566,0.4718407558338,0.5118465543630,0.2936305882934,0.5632334495740,0.2481515439950,0.3327456143567,0.2120764483972,0.2093987387452,0.0945298516321,0.1169434513785,0.3768427277601,0.2955953258776,0.4072619737559,0.1176175028001,0.0334072499236,0.2123705587394,-0.1007248788962,-0.1760201714805,-0.2888733507359,0.1460855059483,0.2060761108376,0.3104616533811,0.1904525246727,0.4691039064490,0.3815463156849,0.2449008749549,-0.1879841166912,0.3685419065862,0.1413384037291,0.0572823102246,0.0579649499116,0.0497786610620,-0.0770880281749,-0.2392410381125,0.3214979371622,0.3102562174809,0.6442301698667,0.3130370296046,0.0486303626726,0.6561798963762,0.3736854276046,0.4082318996614,0.9094376939174,0.9065551444089,0.7012180827202,0.2223755617743,0.2960546205260,0.1288657458346,0.2637503213167,0.5253385001593,0.5542065493066,0.4466645809553,0.4681195939946,0.2443235355015,-0.0351763238291,0.2444655044201,0.4136748730694,0.3438347933096,0.0558925300304,0.2669539835286,0.3298066900526,0.3715896382570,0.0532721383416,-0.1860622673839,-0.0019181089062,0.0482536250845,-0.2597080572623,-0.2519633381208,0.1765033384313,0.3226599742440,0.2653680211915,-0.1617171975679,-0.2026183675646,-0.3387107562217,0.0643894686324,0.2135828178925,0.3582531242679,-0.2154951067477,-0.3016740224296,0.3366817718489,0.0591657678268,-0.1147973746010,-0.1060986166588,0.1567173562211,0.6054143985294,0.0713917410171,0.0135631497436,0.1738749174298,0.1202362548956
0.3313463482169,0.0888870028619,0.5363144453759,0.6557161578825,0.5918331809962,0.8058018821065,1.0000000000000,0.4116586105529,0.4555664627020,0.4796128128946,0.4836093236024,0.3641575442843,0.5406366826313,0.0524418074955,0.4761701389903,0.4279294781756,0.4290801006644,0.2641910187826,0.4249536852168,0.3426050411297,0.1835242277375,0.2365319477035,0.2257529886070,0.5323156915153,0.2966325101908,0.1628612474875,0.3140461324492,-0.0505647769552,-0.1873538486238,-0.3535684420647,0.2533983689858,0.1705746314237,0.3180873867735,0.0085475013268,0.5392519602715,0.5059339843605,0.2696104467167,-0.0131408211933,0.3822892310509,-0.0167255604351,0.0085827748876,-0.0364393682378,0.1704041400202,0.0908492335153,-0.1163973027117,0.2904630793089,0.1072649852528,0.5224117670916,0.0827703741706,-0.0037113385359,0.4096798830275,0.1412506705135,0.3823219593802,0.7174267285207,0.8018080008969,0.8829356693277,0.3332600849816,0.4245372826919,0.1631935438834,0.4144903655151,0.3747329659940,0.4775927050429,0.2921798323185,0.4791535630086,0.0471592925212,-0.0171613152410,0.3954848564464,0.4890072546403,0.4920952207953,0.2779909971038,0.3369644311720,0.1355714746932,0.5210664506727,0.1983934092135,-0.0325292045264,0.0401529358137,0.1542954917453,-0.2110744498118,-0.2280446867857,0.3059097211865,0.0419547942488,0.2372742767564,-0.3048113852621,0.0063755140647,-0.3128612626855,-0.1103447202376,0.2709294472803,0.3901024508323,-0.1205955383414,-0.1543666833250,0.3458247829052,-0.0641454554187,0.0126498418057,-0.2037735850773,-0.0704758231695,0.4613010979459,-0.1231126953320,-0.0880255498686,0.0488347153819,0.0717946350806
-0.0491907831921,-0.1965166229276,0.0600744718521,0.4102297580216,0.1964024763144,0.2428079833282,0.4116586105529,1.0000000000000,0.7715866980701,0.3225790304517,0.4527187168299,0.4262266751279,0.5447211176040,-0.2289170412816,0.1228926658805,0.4887636517105,0.6072603240650,0.6511967230141,0.7792172847635,0.7948691723724,0.2059345689684,0.1272250568947,0.1152039448023,0.6042701939019,0.7882777076740,0.2246452720157,0.3340036845184,-0.0020461146067,-0.2372964825774,-0.4461982925283,0.2900025945784,0.0769857312916,0.2880718924728,-0.1447538857781,0.3206111741686,0.5564416394967,0.3145503946029,0.4102985655981,0.2986095331614,-0.1122329976137,-0.0523676972698,-0.2890893901773,0.2104142802686,0.3639174442796,0.1602129925639,0.1410618127954,-0.0725822405543,0.2286378126881,-0.1938737561534,-0.1129976541399,0.0826823003129,-0.1541679720224,0.1848755158995,0.2308315593056,0.3095956166383,0.4436602723089,0.7333715938385,0.7630460424577,0.5098098403787,0.7381493996922,0.2954645205525,0.3730117294239,0.1907780151068,0.4157414681096,-0.2626910905816,-0.1020233325465,0.5608931220711,0.5676745017681,0.6859596098872,0.7242431998860,0.3852139758482,-0.0000981588656,0.6374279033528,0.6982290692796,0.1336305125619,0.0232875769809,0.2828369562621,-0.1854703720786,-0.3048868357328,0.5242908107378,-0.1494427840824,0.1480535079420,-0.4093304844340,0.1129343078987,-0.1197655177689,-0.1792757056174,0.3378592155668,0.2858862944673,-0.1597576659945,-0.0194809271222,0.2580951031471,-0.1496511000905,0.2341127563433,-0.2346614932445,-0.1475789825042,0.1360528280666,-0.3824955649727,-0.0696656238727,-0.0376503082977,-0.0745541938380
-0.0483798336912,-0.2776873651849,0.0449726240269,0.4566242222468,0.2810211439086,0.2971949694553,0.4555664627020,0.7715866980701,1.0000000000000,0.2560860592241,0.5289066421658,0.3867702946069,0.4552365939968,-0.2807601116208,0.1353008412450,0.4996997462784,0.4818692110960,0.5471235827051,0.8706239105122,0.7524915634256,0.2500858340642,0.0943869229358,0.2550344495648,0.6901944546648,0.7396364280504,0.1979875731906,0.3517260114604,0.0272937066221,-0.1941638276467,-0.4228454993126,0.3053035884218,0.0916042700766,0.1619225424883,-0.1161170569186,0.3965418538354,0.6250088482202,0.3958473563623,0.3786966925226,0.3952482626023,-0.0211922562130,-0.0170397263450,-0.1798661703085,0.3124484262329,0.2674967167635,0.0727860074197,0.2072550091589,-0.0229916974283,0.3624697934882,-0.1821362498580,-0.0885059959587,0.1321579696416,-0.2227402478209,0.2478365202231,0.2446088354871,0.3475779580499,0.4363571391070,0.6194205582158,0.6010749887922,0.7303061323212,0.9627894121646,0.2099180111200,0.4076136885311,0.1889552560824,0.3730019911163,-0.3217274555763,-0.0433059148161,0.5621337963363,0.5132915265188,0.8571453134170,0.7339759444947,0.3927510799467,0.0792268388294,0.7431035115521,0.7134054591985,0.1769483897653,-0.0138034809547,0.2944592777830,-0.0759170037315,-0.2526606797727,0.4865508900904,-0.1544204723558,0.0589385505473,-0.3837261547043,0.1046432461232,-0.1891956206718,-0.1285464287884,0.4125372663763,0.3395352369307,-0.0379244909015,-0.1741894113211,0.3038955672046,-0.0082461629834,0.1299867038456,-0.0980704004687,-0.1122596521555,0.2586066893790,-0.3717289864662,-0.0558000396513,-0.0228120178281,-0.0341491386151
0.2805624657399,0.2552063815676,0.4294714930546,0.3643145917263,0.4681100659880,0.6126257836978,0.4796128128946,0.3225790304517,0.2560860592241,1.0000000000000,0.5979854338272,0.7340437695244,0.5833475706942,0.2618625754815,0.4797553611631,0.1433939046634,0.4735132490036,0.2855770661008,0.1247141551699,0.0340656628135,0.3127469066605,0.6189845006000,0.4523134140314,0.3889509795179,0.2447281240668,0.1070102184163,0.3757515257405,-0.0818186198158,-0.2398021211768,-0.3388913864136,0.1465376580867,0.3512804349010,0.4907205134435,0.3161154395358,0.2805429140646,0.2571844740046,0.2361991723464,-0.1863308087244,0.4035775055177,0.2800333492610,0.3686291175680,0.3048865418839,0.0727312841954,0.1035692401509,-0.1565056814774,0.5081805706150,0.4987007323550,0.4486651424351,0.1468697198909,0.3215274841192,0.4605805787353,0.3209443782998,0.3627352055839,0.5648664119093,0.6518673027897,0.4600453675042,0.3718628589092,0.3192610658192,0.0805471217889,0.2155889360792,0.8584371405008,0.7022481918437,0.6412977235017,0.5910225063781,0.3712344926160,0.1029451828975,0.1355302670583,0.5100524238966,0.2219050284619,-0.0119338372446,0.4792737901884,0.5173027169521,0.3493731197183,0.1225822284927,-0.2244188723575,0.1073061204130,0.2086923496398,-0.3772446956548,-0.3552145065101,0.1958332076940,0.4319338892922,0.4620026775293,-0.1021496285411,-0.2752730957227,-0.2668894714278,0.2078392761098,0.2020037494220,0.2128978938601,-0.1300364067240,-0.3291741162337,0.3937266590578,0.2125330140887,0.0835272546930,0.0084721918239,0.3859875169127,0.4484738401972,-0.0376266450182,0.2459465545439,0.5859133814723,0.3950104516620
0.1802078278806,0.0058759464552,0.2870105832952,0.5629314464673,0.4414817922563,0.4881074856566,0.4836093236024,0.4527187168299,0.5289066421658,0.5979854338272,1.0000000000000,0.8057836876873,0.7137153223121,0.0610159801342,0.4947446749924,0.3719141419059,0.6799642101515,0.5875336508758,0.4287064063566,0.3233749407451,0.4922858541237,0.4344765824902,0.7063955105126,0.6547480267163,0.3803765723904,0.2668028107998,0.6238423217597,-0.0614495967848,-0.1506391310945,-0.3302964744391,0.3472187297220,0.4066083796683,0.4535099546303,-0.0503557560947,0.4033762299011,0.3491637322110,0.5475094736701,0.0353280285426,0.5154888618776,0.0172161081583,0.2372897338537,0.2157975373367,0.2905363601971,0.1596220645481,-0.1428842772329,0.5173940350651,0.3056744551480,0.5930051872651,0.0538660633973,0.2476855416765,0.3449785485214,0.0450392181635,0.5033707879588,0.4255036059148,0.5587474561821,0.4711184515762,0.5410160186622,0.3670801456113,0.4148552870757,0.4491731781634,0.5994277633294,0.8766928762160,0.6937590355704,0.7072533140075,0.0760733081410,0.1828415453169,0.3114138176471,0.7493631264923,0.4549172629989,0.3095254216323,0.6749384090035,0.5074586949067,0.6779315664904,0.3320780749897,0.0117461119997,0.1415377282041,0.4889812936985,-0.2503074806378,-0.2424464997679,0.4502967148725,0.2635850481923,0.4038483207204,-0.1986720700869,-0.1595752131870,-0.3326030287309,-0.1217981503896,0.5260190648471,0.3116559640352,0.0642493967508,-0.3320225535714,0.4969703386769,0.1463958239845,0.0446963995017,0.0821216188308,0.1928489309301,0.5778906825142,-0.1364328114488,0.0243724751334,0.3671802251194,0.3516104626047
0.1412924820312,0.0941416296842,0.2741778015298,0.4279248430920,0.4031310358766,0.4718407558338,0.3641575442843,0.4262266751279,0.3867702946069,0.7340437695244,0.8057836876873,1.0000000000000,0.7000605778669,0.1342013966199,0.5119671956714,0.2149518905063,0.6983879293849,0.5270148412727,0.3182642554557,0.2347037441888,0.5039831080242,0.5834949280378,0.6950769616364,0.5145447502286,0.3588834789461,0.1844525709667,0.4700601516204,-0.0206891919385,-0.1349270920041,-0.2831544521943,0.2141990987080,0.4139251076268,0.4993187347111,0.1027013292958,0.2753673605385,0.2324057426334,0.3463235424151,-0.1075669777071,0.3457563141303,0.1030017985421,0.1681481279850,0.1645765214341,0.1029511107654,0.1094758489850,-0.2491887269231,0.4347935861851,0.3676648012036,0.5343144875251,0.0940343231792,0.3111372614482,0.3165952575558,0.1174789782572,0.3799114860008,0.4291805173652,0.5059990035452,0.3458152508948,0.5490178253334,0.3858852466191,0.2816936934056,0.3051350803487,0.7313537909584,0.8196439941750,0.8483970861648,0.7001362355779,0.2002884404863,0.0902337250424,0.2183099296186,0.7023396005658,0.3213044809693,0.2301610110619,0.7220572615283,0.6345824139383,0.4988122633831,0.2727774799439,-0.0871181103284,0.1077407644374,0.3309099363817,-0.2752842883429,-0.2355585724934,0.3429251417786,0.3767634493409,0.4273677918707,-0.1401543348596,-0.2926848362552,-0.3975192699149,0.0242846531245,0.3356120228895,0.1619363126041,-0.0843618407562,-0.4086759886793,0.4034292695742,0.2313108904552,0.0677579706126,0.0555302644630,0.3394928036060,0.4742708348311,-0.0910485120299,0.1029602978326,0.4324136473946,0.3417900118760
0.2104264856754,0.0336822014202,0.3374606658446,0.5304619973885,0.4708650801038,0.5118465543630,0.5406366826313,0.5447211176040,0.4552365939968,0.5833475706942,0.7137153223121,0.7000605778669,1.0000000000000,-0.0008118885508,0.4241312316775,0.4055012241058,0.7806843913646,0.5299719244945,0.4379832688441,0.4286058944100,0.4025313981010,0.3441210905648,0.3842501518530,0.6126114414258,0.4217618067204,0.3096442369196,0.4863177075495,-0.0865620009430,-0.2425719045767,-0.4050165828567,0.3506392724108,0.2997501390697,0.6183166751739,-0.0657000679516,0.3551581269170,0.3635879100796,0.4512245409118,0.1190343354344,0.4079464679356,-0.0922666342122,0.0490910971099,0.0488731892058,0.1955266526055,0.3412683800094,-0.0632741203295,0.2750074336648,0.1901105411785,0.4735983172215,0.0344632733134,0.2228905577970,0.3470600657954,0.0731313260862,0.4124698280494,0.4719972204588,0.5379870491417,0.5125142013217,0.6411063388718,0.5072740642627,0.3480467461597,0.4248314003400,0.6029015172309,0.7318503025811,0.6038607404705,0.9114411780923,-0.0307855330125,0.0428796051663,0.3465335628282,0.8251017762258,0.4500699166269,0.3896862879837,0.6084855467067,0.3197116138009,0.5871727791853,0.3783394215811,-0.0305933501655,0.1858578639983,0.3915086282616,-0.3185319623777,-0.3491555006984,0.4892530794417,0.1695087150501,0.5306848493155,-0.3270621621133,-0.0832957320880,-0.3152748255814,-0.1446328353379,0.4371883110234,0.2655610607652,-0.0896626347697,-0.2335297977834,0.4354321892456,-0.0491096754416,0.2412888705061,-0.1045228724793,0.0869200893367,0.4235226527932,-0.2691881532919,-0.0477803903594,0.2828062283394,0.2968128009598
0.6532573905677,0.7941676063801,0.5329895719562,0.0725475118753,0.3697823395008,0.2936305882934,0.0524418074955,-0.2289170412816,-0.2807601116208,0.2618625754815,0.0610159801342,0.1342013966199,-0.0008118885508,1.0000000000000,0.5417208903638,-0.0360726363844,0.0499781572592,-0.0366722436738,-0.2260098350917,-0.3652078410243,0.1263900700507,0.3390142139946,0.0632511188380,-0.0516625839712,-0.3596976018650,-0.2584064394680,-0.1162366579107,0.2067970919184,0.2071524446205,0.4209973321629,-0.0479080601554,-0.0692046079653,0.0532824029648,0.2981175508597,0.1664422407293,0.0097899229165,-0.1398421172245,-0.3769151121008,0.0078187507636,0.2791179967604,0.3407321971935,0.3602950681045,-0.0565267012650,-0.3947598692070,-0.2212937044849,0.0878831657490,0.3698706332809,0.0985667694612,0.6887345274511,0.1302598905178,0.5417359426797,0.7151687938746,0.1764072694494,0.3472023616226,0.1771694372376,0.1000385558645,-0.2099689561380,-0.1795337481939,-0.2026936049599,-0.2751907871730,0.2343689092034,0.2243794919593,0.2609680048348,0.0535514329486,0.8024771405730,0.1148843807487,-0.0319737083978,0.0109871860998,-0.1396713961443,-0.3819673829716,0.0686192839852,0.3214598392271,-0.1389454144750,-0.3517752488716,-0.0367430973043,-0.1124438110079,-0.2131535201659,0.0685717794351,0.1376786345574,-0.0971300106398,0.3439239868586,0.0620960085988,0.4655378816702,-0.1555130744885,-0.0534623765056,0.2298318679434,-0.1278389890541,0.1583176251687,0.0794447773007,-0.1451524724972,0.1199244972983,0.0869052606415,-0.3538281423639,0.2884012256629,0.2783119514051,0.1964389338222,0.6300625410759,0.3506946637990,0.2622089312793,0.2875234797109
0.4124154812305,0.4169965114205,0.4534734620339,0.5845786799235,0.5674142842741,0.5632334495740,0.4761701389903,0.1228926658805,0.1353008412450,0.4797553611631,0.4947446749924,0.5119671956714,0.4241312316775,0.5417208903638,1.0000000000000,0.4000184096523,0.4808822100262,0.3580317598189,0.1912815861182,0.0967190978810,0.5418096925138,0.3145406599723,0.4144114233688,0.4570330176374,-0.0344755260342,0.1521634874765,0.2790863310405,0.0014363186976,-0.0510068955681,-0.0553094708019,0.3712650599423,0.3411046833218,0.4607589358340,0.0954314291655,0.5264051430425,0.4096836652050,0.2942243676206,-0.0869619647956,0.3968660976654,0.0340847758247,0.1985069103544,0.3379095236069,0.3781466783655,0.0028819793732,-0.2404378136184,0.2530928676457,0.3679652029197,0.6092307401288,0.4015412043586,0.4223449850598,0.4626786500652,0.3383884156477,0.5362471050923,0.4862057547430,0.5026109134814,0.4635780080116,0.1650927888964,0.0532520630820,0.1266375474577,0.1034142259771,0.4048780935677,0.5503158691769,0.5198095731322,0.4031991860883,0.4372832981520,0.2652065139134,0.3039525719810,0.4365229285642,0.2722393995894,0.0636402145329,0.4343831227754,0.3647512320549,0.3456252496956,-0.0021716995552,0.0611796649644,0.1216725419259,0.1558557402350,-0.1835708423702,-0.1326380458073,0.3259384095698,0.3580446263715,0.4314329205411,-0.0210923958498,-0.0518381175287,-0.3110478089926,-0.0237092384586,0.2905192381628,0.4101289946086,0.1247845757114,-0.2362014803630,0.4497880455224,0.0574573758916,-0.0316767995036,0.0332649448769,0.2114320395879,0.5404296087280,0.1350097838763,-0.0301011021892,0.3079043923225,0.4792440792312
0.1478105192414,-0.0604412244015,0.2274010246188,0.5633576491516,0.3409445617985,0.2481515439950,0.4279294781756,0.4887636517105,0.4996997462784,0.1433939046634,0.3719141419059,0.2149518905063,0.4055012241058,-0.0360726363844,0.4000184096523,1.0000000000000,0.5166385562770,0.6174264865170,0.6884479907859,0.5860698768996,0.4437730300293,-0.0048217059934,0.2189409233756,0.6676627925944,0.3417701997838,0.2623824247984,0.4277679289131,-0.0922085774602,-0.1623866682943,-0.1878002766545,0.7884867625986,0.3068191025481,0.4625799284957,-0.1699923069817,0.7468836252627,0.7582050111075,0.5195783203565,0.3894143844574,0.5278894523187,-0.1452838709372,0.0077249208923,0.0914899880758,0.6135190614956,0.3323202997704,0.0765405068580,0.1921455835006,0.1322483060649,0.3420081994421,-0.0195962671198,0.2266391017121,0.2083029638468,-0.0124071140673,0.5000287957596,0.2339179157326,0.2321285805654,0.4385317026339,0.4109580002125,0.2848534224382,0.5400238135915,0.5116719335635,0.1335387231873,0.3218683406814,0.1125405832319,0.2766356502325,-0.1529551830295,0.1697217371142,0.8424389765061,0.5096994364877,0.6616346237738,0.5409356404777,0.3370285546562,0.0606208760605,0.6116812499751,0.4115389299994,0.3561466665598,0.1939243885494,0.4134756931809,-0.2080632611716,-0.2173695430276,0.7889896550093,0.0864080888861,0.3114779028188,-0.1868733922300,0.5273571955573,-0.0662731016877,-0.1919732005858,0.4788856461989,0.6193334886249,0.2042153774760,-0.0128107888578,0.3800343422807,-0.1360644660106,0.2124251485878,-0.0982936346620,-0.0257474864642,0.3022926861489,-0.2476823568062,-0.1428262862688,0.0976463483000,0.2123576025370
0.0924653039194,0.0085808423451,0.1798763517820,0.4679217438263,0.3611641953178,0.3327456143567,0.4290801006644,0.6072603240650,0.4818692110960,0.4735132490036,0.6799642101515,0.6983879293849,0.7806843913646,0.0499781572592,0.4808822100262,0.5166385562770,1.0000000000000,0.7162554319194,0.5455888551116,0.5139925832326,0.6399110739981,0.3091735476396,0.3887834023536,0.6957253205127,0.3963179054750,0.2578808891316,0.5071815792446,0.0659369103566,-0.0993428514218,-0.2927515796436,0.5188385923591,0.2090460098879,0.6427566820495,-0.1081462286845,0.4236273680243,0.3892616111413,0.4466686837296,0.1244315048027,0.4130273751535,-0.0726344171200,0.0626052216829,0.0004121553325,0.2879123669632,0.3281040981568,-0.1819852174069,0.2345895747596,0.1726360843699,0.3925846488974,0.0935331360080,0.2211117255614,0.2327248013671,-0.0324407800110,0.4459533454767,0.2545552266796,0.3426937979161,0.4193696335778,0.6576580275076,0.4827046672081,0.3815742617193,0.4501651899328,0.5007627578384,0.7007593520854,0.5879539329228,0.7130481037821,-0.0220610775024,0.1178131961590,0.4512307361125,0.8844204335233,0.4761970312237,0.4865913901142,0.7081047804004,0.3136010633392,0.6079957171785,0.4113314416088,0.1683992729540,0.1009823183958,0.3951488003393,-0.1994186125637,-0.2187421586935,0.6370571231323,0.0515260913498,0.4811154873197,-0.3142025430108,-0.0112196991229,-0.4134125379096,-0.1876919324170,0.4849702230097,0.3123501655578,0.0579523644639,-0.2628218174788,0.4927112724415,-0.0531312866162,0.2318782830135,-0.0376216013223,0.0383819817388,0.3485858798343,-0.2224718058426,-0.0222184983095,0.2124959933033,0.3949788967582
0.0192374783728,-0.1314632411087,0.0620823554547,0.4501034448517,0.3222166462141,0.2120764483972,0.2641910187826,0.6511967230141,0.5471235827051,0.2855770661008,0.5875336508758,0.5270148412727,0.5299719244945,-0.0366722436738,0.3580317598189,0.6174264865170,0.7162554319194,1.0000000000000,0.6268883355126,0.5819312267600,0.5210181599880,0.1913709118607,0.4242600066546,0.7464087165008,0.4416815297450,0.2712621570298,0.5504832261814,-0.0171646451430,-0.1178670331177,-0.2341901386400,0.6259579398587,0.2714311991918,0.4635049621801,-0.1485087973274,0.4784067433238,0.4848196672105,0.5802249694572,0.3441448942325,0.4712540278358,-0.0320974517580,0.0712243111781,0.0521914585338,0.3650339214613,0.3657829762470,-0.0807869424210,0.2726119888502,0.1732733898823,0.3904876704483,0.0393951372478,0.1699556404540,0.1941185289386,-0.1028598345467,0.4128310840482,0.1684752704933,0.2463913626044,0.2310948598452,0.6839230287497,0.4256996342828,0.6998628023030,0.5048011659520,0.3007088656242,0.5291610367494,0.3398773093061,0.4240897024587,-0.1284650705823,0.0698185444141,0.5849862957986,0.6782027015508,0.5581847660140,0.5770936780305,0.5111942691334,0.3031350566374,0.7069650427268,0.5204939555889,0.2298777851155,0.0936805937098,0.5365532825829,-0.1683299814489,-0.2165624444951,0.7880691969608,0.0808920830951,0.3027587640503,-0.1863660125583,0.0962516661246,-0.2462776143376,-0.1483977275576,0.5826419937837,0.4059569043193,0.0986487638874,-0.2868095692982,0.4494987829890,0.0058720755105,0.2134030851431,0.0542478248859,0.1094936699883,0.3670736932424,-0.1952747461799,-0.0250797973208,0.2151340077414,0.2920564938030
-0.0522529721276,-0.2472979724364,0.0318691377875,0.4992994244071,0.2545087458439,0.2093987387452,0.4249536852168,0.7792172847635,0.8706239105122,0.1247141551699,0.4287064063566,0.3182642554557,0.4379832688441,-0.2260098350917,0.1912815861182,0.6884479907859,0.5455888551116,0.6268883355126,1.0000000000000,0.8111704352562,0.2968552057159,0.0319088192512,0.1819718935384,0.6995930157813,0.6818362364306,0.2278562511478,0.2924583076130,0.0478087063309,-0.1380536853336,-0.3199988988688,0.4151688668561,0.0912629944267,0.2135676459453,-0.2175982946244,0.4458450202587,0.7229111266043,0.3589956787373,0.3925707801744,0.3276901979629,-0.1344293139492,-0.0474788604042,-0.2089162813588,0.3427364588007,0.2629470613829,0.1076141672101,0.1209301483953,-0.0715428232738,0.2571351928296,-0.1596479301880,-0.0640008943364,0.0736016635235,-0.2279406818234,0.2701306631297,0.1724497929891,0.2178156827437,0.4142049653612,0.6042893328784,0.5563880374741,0.6948682649922,0.8310862791223,0.1118826574722,0.3057789177384,0.1133045589309,0.3055346797699,-0.3147642079914,-0.0237465629311,0.7294047068027,0.5230137671729,0.8745387210704,0.7648597303928,0.3964622453275,-0.0002735488717,0.7092232785046,0.6446349657051,0.3079743194536,-0.0080052296518,0.2542359695016,-0.0657498634491,-0.1869084976091,0.6077319838445,-0.2113456442247,0.0503439219926,-0.3266342134371,0.2568249113977,-0.1508478111034,-0.2308600156479,0.3859387203730,0.3585588821669,0.0104885216726,-0.1118922866306,0.2583129295373,-0.1327322444686,0.1131152596669,-0.1571668405680,-0.1892658096338,0.1442024752085,-0.3514642526009,-0.1129876797011,-0.0588443364574,-0.0302894661098
-0.1420429851187,-0.3739795117493,-0.0416956213643,0.4035756087761,0.1226371222174,0.0945298516321,0.3426050411297,0.7948691723724,0.7524915634256,0.0340656628135,0.3233749407451,0.2347037441888,0.4286058944100,-0.3652078410243,0.0967190978810,0.5860698768996,0.5139925832326,0.5819312267600,0.8111704352562,1.0000000000000,0.2550785065640,-0.0868042568552,0.0873308859728,0.6624151700307,0.7942664203001,0.3298235896326,0.3962493455767,-0.0109017892108,-0.2266543432589,-0.3926488609792,0.4064996227357,0.0832127609213,0.2727730730146,-0.2760203316637,0.3389147993013,0.5891574514245,0.4171185285940,0.6495574503099,0.2617237332575,-0.2373047685121,-0.2118098358349,-0.2683307506559,0.3039177395298,0.5082890457029,0.2307942508669,0.0088555154586,-0.2065852699491,0.2233919740951,-0.2895060754215,-0.0927428870817,-0.0423971753672,-0.3355835018929,0.1618417083879,0.0977458393657,0.1231353332071,0.3618167582849,0.6487799379672,0.6145501972116,0.5646894204911,0.7355407786493,0.0193035015051,0.1953857877889,0.0217856574218,0.2813000903298,-0.4493614523300,-0.0955948923417,0.5961660769512,0.4643441802146,0.6840505490959,0.9514517778689,0.3156228312225,-0.1155940359486,0.6674279279103,0.8224109477965,0.2260838384937,0.0858422851101,0.4165544063440,-0.0723724354307,-0.2545681319503,0.5785039667344,-0.2673701635970,0.1444582900538,-0.4696977013760,0.2433946096315,-0.0238738337428,-0.2756928214179,0.4362133949870,0.2666688875650,-0.0693889282466,0.1495205618185,0.2042818558098,-0.1752801942937,0.3758083903872,-0.2227257977027,-0.2723857159603,0.1073725860988,-0.4606088177811,-0.2565932083260,-0.1577009639384,-0.1099311110388
0.0207615792929,-0.0130346955330,0.0152390152098,0.2465193546488,0.2253805155941,0.1169434513785,0.1835242277375,0.2059345689684,0.2500858340642,0.3127469066605,0.4922858541237,0.5039831080242,0.4025313981010,0.1263900700507,0.5418096925138,0.4437730300293,0.6399110739981,0.5210181599880,0.2968552057159,0.2550785065640,1.0000000000000,0.3149232048253,0.5792815926691,0.6254852652024,0.1327075181856,0.3428302664270,0.5742709091526,0.0116031470728,0.0098463422519,0.0177209937767,0.6373435427821,0.3331446701653,0.5219037303486,-0.0545367784808,0.4675181298902,0.3298527940815,0.5232559070672,0.2030977782835,0.3849973463772,0.0426485658874,0.1205951868944,0.2456591894252,0.4495334198126,0.2560826813551,-0.1334037422251,0.3001915694212,0.3217519446545,0.3255367212305,0.1795707447249,0.4474683724749,0.1023828470724,-0.1065498786609,0.2954342183600,0.0513537469969,0.0888109775653,0.1306194536610,0.3644555885296,0.0000626434903,0.3413356596397,0.2244359254633,0.3596310551009,0.5166046548271,0.5227420707252,0.3952429017758,0.0719419084861,0.1875097410252,0.2856502214809,0.5452732634479,0.3175658959077,0.2910283416249,0.6913773501959,0.5088235896838,0.5159493354195,0.3217266815467,0.4040026082143,0.2871306725266,0.5325635410526,-0.1110731927672,-0.0822866392647,0.5305287599493,0.1954299556133,0.5099451434734,-0.0903232603922,0.0981695596824,-0.2144647438851,-0.0845951503895,0.5611842885148,0.4123552605897,0.3190454763610,-0.1362399791184,0.4073074521507,0.1306914664778,0.2277604563595,0.1832440029988,0.1949291269157,0.3199017754623,-0.0308734974398,0.0601360874942,0.3196003138520,0.5623213202790
0.2582777727169,0.2250123567070,0.2947782643186,0.1300988202478,0.4287772353455,0.3768427277601,0.2365319477035,0.1272250568947,0.0943869229358,0.6189845006000,0.4344765824902,0.5834949280378,0.3441210905648,0.3390142139946,0.3145406599723,-0.0048217059934,0.3091735476396,0.1913709118607,0.0319088192512,-0.0868042568552,0.3149232048253,1.0000000000000,0.4952454283471,0.2184416521611,0.0664200823178,0.0679304652170,0.2733347029407,0.0256602975471,-0.0106104820486,-0.0393755855630,0.0334921824122,0.3005503917831,0.2904704889501,0.4585533976452,0.1241188247260,0.0594838631178,0.0772927276132,-0.2246829868170,0.0681215893690,0.4978428988432,0.4911927879606,0.1802665734718,-0.1159730701444,-0.0538829551175,-0.2212595206788,0.5161572696791,0.5946979218037,0.2107684660351,0.3736640145706,0.0903853428356,0.3860587084363,0.2116942119745,0.0986148295453,0.3999559519550,0.3865086276419,0.1847416352047,0.2120307105255,0.1015831971489,0.0743858386972,0.0778938574074,0.7278235371696,0.5542603611236,0.6359846900522,0.4085670123194,0.3915743065492,-0.0761112821560,-0.0029519361338,0.3347393594510,0.1168292771631,-0.0816486821940,0.4432520769893,0.7291830277309,0.2064704498957,0.0494748992607,-0.1469755836856,0.1199527864347,0.1357638822141,-0.1541055693302,-0.1324332519636,0.0712377617089,0.3906375845804,0.2578835680925,0.1925962589210,-0.3442565630191,-0.2417260669558,0.4116711497935,0.0691079896736,0.0952440164164,-0.1558561018585,-0.3061755872909,0.1400522084941,0.4084331684141,0.0294858368063,0.2016353110678,0.5281900925014,0.2364359534807,0.2778534320717,0.6311767409105,0.3756376019996,0.2304729137439
0.0893006650037,-0.0297318074182,0.1327752105615,0.3020050949696,0.3212155889709,0.2955953258776,0.2257529886070,0.1152039448023,0.2550344495648,0.4523134140314,0.7063955105126,0.6950769616364,0.3842501518530,0.0632511188380,0.4144114233688,0.2189409233756,0.3887834023536,0.4242600066546,0.1819718935384,0.0873308859728,0.5792815926691,0.4952454283471,1.0000000000000,0.4803215825326,0.1971885903115,0.3345675319215,0.6212719939632,-0.2169804451349,-0.0807336626023,-0.0990122804334,0.3476245933333,0.5702215046299,0.4137738014190,0.0656295062956,0.3001252018583,0.1751441224870,0.4837089553113,-0.0292162809686,0.3375630135689,0.1343631942481,0.2456880278465,0.3924293878258,0.2192978846473,0.1317213931290,-0.2009938906789,0.6773034054287,0.4878692265561,0.4415705215870,0.0701298300429,0.3926984879507,0.2365277576808,-0.0250763680955,0.3050406274724,0.2524476235622,0.3209348346084,0.1637751429050,0.3279743893273,0.0212076738857,0.3226319195055,0.1809213858098,0.4932084976273,0.6399869822481,0.6869973922670,0.4040902335118,0.1382633112821,0.1211839177803,0.1382062441103,0.4443676412629,0.2513740943385,0.1296649208958,0.5428304996722,0.7490855169093,0.4475034451011,0.2135418063597,0.0533548562664,0.2313365587497,0.5398488315657,-0.2781801015434,-0.1480370044068,0.3228267068678,0.4681855112353,0.4383893961650,0.0228132307321,-0.1466101139659,-0.2706430841447,0.0145021031201,0.4551098515556,0.2305329827783,0.0915406401533,-0.3210123197635,0.3280687804574,0.4072085705680,0.0907575522145,0.2098873375923,0.4230145482844,0.4533822714414,-0.0098548579328,0.1003104811404,0.4754229594213,0.3955031843575
0.0954282842097,-0.1343808086240,0.1837447536190,0.4886552554150,0.4450613211174,0.4072619737559,0.5323156915153,0.6042701939019,0.6901944546648,0.3889509795179,0.6547480267163,0.5145447502286,0.6126114414258,-0.0516625839712,0.4570330176374,0.6676627925944,0.6957253205127,0.7464087165008,0.6995930157813,0.6624151700307,0.6254852652024,0.2184416521611,0.4803215825326,1.0000000000000,0.4916559118125,0.3617574128782,0.6337931148357,-0.0618063927964,-0.1689988705122,-0.2881081673609,0.6724239339415,0.2818164423636,0.4753171901142,-0.1534895195365,0.6097030353198,0.6759389785987,0.6879479469428,0.3790915591424,0.5895682344162,-0.0384558197192,0.0493407541950,0.0907489230223,0.4290167204818,0.3903224385607,-0.0754213928459,0.3244174942330,0.1710679972523,0.5381755798927,0.0573726671542,0.1824946173406,0.2693001965009,-0.1317817247400,0.4170297607416,0.3157430796332,0.4323603441809,0.4395746206934,0.6449491634704,0.3731264324296,0.6400286597622,0.6536874179587,0.3548418093667,0.5931630120914,0.3722934152611,0.5306972083021,-0.0968149654686,0.1162587633766,0.5682157165689,0.6931988086996,0.7329800065099,0.6513584502057,0.5726582228208,0.3334891122434,0.8896576817448,0.6121138692360,0.3073110238575,0.1831961564943,0.5786441028134,-0.1973661361775,-0.2572574064317,0.7267775139029,0.0537282959750,0.3971334158283,-0.2910641569473,0.1347920874028,-0.2768403671616,-0.1776950847191,0.6992059034973,0.5654747005645,0.1293748814962,-0.1898513664504,0.5368206740397,0.0161977674299,0.2701134539330,-0.0018812472301,0.0507364154610,0.5131245556453,-0.2435741074378,-0.0852757484437,0.2296109939880,0.3537840461639
