1.0000000000000,0.4212743769645,0.7782390165738,0.4911345709767,0.7109951822996,0.4571778720648,0.3216057810712,-0.1107115457346,-0.1566418166283,-0.0099900199075,-0.0288064358391,-0.0146550080346,-0.1166345574029,0.6460744246462,0.4667423037220,0.2325096161523,-0.2071622595336,0.0498927112844,0.0484428510263,-0.0958043582966,-0.0728379578218,0.0957961034211,0.0626303715518,-0.0082104533744,-0.0313443571387,-0.2468539419764,-0.1103493681015,-0.0676516057415,0.0136883728525,0.1934115968971,-0.0620690859741,-0.0241983734059,-0.1854003925816,-0.0467336360119,0.4625071420493,0.3380373516990,-0.0603073283689,-0.1509123879692,-0.0871565916256,0.0331017415721,0.0602783263858,0.1010887307235,-0.1373161413808,-0.2292318889565,-0.1009127788956,0.0915206670459,0.1735315610839,0.2304676269333,0.4652881473308,-0.0290293201795,0.8093228939549,0.5884570378102,0.2967509125195,0.5961922976053,0.3264175677460,0.3022411397724,-0.3015833320926,-0.1051377478219,-0.1655555193787,-0.2024558528121,0.1185215788223,-0.0521753503435,0.0539198502101,-0.1049296701802,0.2983348376588,-0.1781771210817,0.2405577094987,-0.1320998513264,0.0589759261702,-0.1068885353933,-0.0059942903117,0.0043193936979,-0.0651651374984,-0.0653251589154,-0.2213931132181,-0.0236014531955,-0.0977932258989,-0.1045821896738,-0.0636485911689,-0.0518309756651,0.0961607274662,-0.1580500284528,0.1384908170734,-0.1281962750414,-0.0302374262802,0.2060430137496,-0.0290415638670,0.2821898299490,-0.1383633799508,-0.0469560393771,-0.0914136824547,0.0128509199808,-0.1846854438240,0.0648642712947,0.0295513392041,0.2502275050688,0.3099977115519,-0.0294924880914,0.0584412326028,-0.1564327908241
0.4212743769645,1.0000000000000,0.6313363869568,0.3746000437434,0.2346172320131,0.1847713142582,0.1771125036459,-0.1193021650739,-0.1643391390318,-0.0929536757515,-0.1055489814060,-0.1514827335260,-0.1036937373348,0.5528948895255,0.4560601091054,0.2371216095012,-0.2367788022646,-0.1128725297277,-0.0083438422017,-0.1880584110693,-0.3339332260465,-0.0008461891749,-0.1919756755358,-0.2134103029706,-0.1413517766395,-0.2028088834783,-0.4203820958108,0.2769799474550,0.5011586035847,0.5389078650537,-0.1861372116522,-0.1745625824355,-0.2049271672354,-0.3148162887141,0.1284299911808,0.1603975324311,-0.4363585668380,-0.1365178817981,-0.1887358871606,-0.3584283086054,0.1205472497582,0.0254861939879,0.0216819135810,-0.3083686058626,0.0307150471780,-0.1612394534564,-0.0798755342568,-0.0937786858468,0.4257555829596,-0.0536213424260,0.4601875886451,0.8760679538780,0.3409999197317,0.2756902862772,0.1386601877795,0.2390257200398,-0.2729436160302,-0.0843495863017,-0.1532700245182,-0.1875493374597,-0.0959046055779,-0.1348170860787,-0.1641482842380,-0.1895304084478,0.5778280260404,0.0452601647072,0.1999791561974,-0.2716330353090,-0.0458929489274,-0.2348569548426,-0.3017287210747,-0.1909024723832,-0.2762407537064,-0.2352498950748,-0.2387697420235,-0.1204360696328,-0.5395315142576,0.2379539819616,0.4918477005778,-0.1885613686324,-0.1460627665892,-0.4258028745307,0.4495620481751,-0.0096080331329,0.1184806514611,-0.2313893812674,-0.4214747111714,-0.0176941247432,-0.0682737786090,-0.0851247836091,-0.2367831122500,-0.3743872520133,-0.4171808111607,0.1773921214087,-0.1223484877656,-0.0596690671524,0.5352229058522,0.1878617410176,-0.0091914956333,-0.1442498100323
0.7782390165738,0.6313363869568,1.0000000000000,0.5673433561309,0.6049182674131,0.6235138544627,0.4730522514947,0.0074285297504,-0.0947317939484,0.1248820586523,0.0789988670831,0.0653553245883,0.0468610209233,0.4802626407587,0.4670329696790,0.3085820415642,-0.0802311736375,0.0032021936397,0.0871817012592,-0.0408336036328,-0.1288104194510,0.1196359368113,-0.0050684284956,0.0350649082095,0.0142392474465,-0.1465470320296,-0.1441365313691,-0.0080050034442,0.0215850838164,0.1064744182262,-0.0942003984767,0.0014891717240,-0.0923963236639,-0.0403760513204,0.4270854660659,0.3986516839266,-0.2151704196695,-0.0736065859182,-0.0648489590987,-0.0249481349618,0.0448607138200,0.0116074633886,-0.0586079209427,-0.1367878802555,-0.0421503171046,0.0415032320592,0.1485405469914,0.2831348568289,0.3695736852395,-0.0350414192298,0.6190862093452,0.7653244479678,0.4093478612656,0.7270275285467,0.4492170254437,0.4192202103015,-0.1792769157859,-0.0091375707216,-0.1639783769554,-0.1196690306778,0.1527487520292,0.0489683496919,0.0315043502676,-0.0097947755111,0.2754214281099,-0.0858106257818,0.2929870274496,-0.0696673045273,0.1000369906662,-0.1069243374087,-0.0620101909376,-0.1073880471856,-0.0407958773619,-0.0634984178389,-0.2836622129238,-0.0493776598106,-0.2357620931875,-0.0202080382368,-0.0419553934175,-0.0549634228713,0.0692221515158,-0.1540034912103,0.0814864917796,-0.1126431122501,-0.0062605525576,0.0597998661192,-0.1405073784144,0.2558567110384,-0.1435112043191,-0.0217628090953,-0.0510693693892,-0.0950196244110,-0.1498606427503,0.0197204647085,0.0446786329395,0.2900872923729,0.2252406345098,-0.0173009217120,-0.0176971618862,-0.1579164031488
0.4911345709767,0.3746000437434,0.5673433561309,1.0000000000000,0.5190716333041,0.5734890764947,0.6899829191726,0.3388838632363,0.3059064196511,0.0355008768454,0.2157858037781,0.1710458962893,0.0895931660306,0.2585901415493,0.7206261175747,0.6531878611725,0.1414887576577,0.4055290805455,0.5154815819948,0.3867745300487,-0.0109222581773,-0.1152092665838,-0.0040487707979,0.3840161119235,0.0933327987935,-0.1177841372856,0.0693138292885,0.0560125369970,-0.1634800517719,-0.1268117834835,0.1802353397065,0.1648178533182,0.0838541021693,-0.0639049185296,0.6397605776344,0.5648346483805,-0.0148816003321,-0.0194664173479,0.1026786613889,-0.0439605940651,-0.0683532655749,-0.0515686894737,0.2490596047609,-0.0348919308948,-0.1365716882151,0.0559100033696,0.1369096245743,0.5561257647335,0.1647362786145,-0.0379776461031,0.4258761178761,0.5331641544971,0.8046884275897,0.6197211470275,0.4555571748250,0.8081214131859,0.0542877395096,0.3027931127018,0.3118133017285,0.2557283895579,-0.0708626063319,0.1748243891273,-0.0584367292794,-0.0053550873750,0.0102579557441,0.0195507256255,0.5718429352226,0.1741442469886,0.4687052305500,0.2989209940305,-0.0448223596830,-0.0737642867638,0.3794084264245,0.1634966909216,-0.1221795769783,-0.0118693159013,-0.0045893671573,0.1136918444819,-0.1448147753655,0.2744466325480,0.2047552205511,-0.1197659385454,-0.1933612436415,0.0375476678915,-0.1423682413667,0.0654592552082,0.1155613485867,0.4013742426224,-0.0708882076647,-0.2062642402936,0.0582593506840,-0.0393140315158,-0.0322588990799,0.0356411552231,0.0895183030997,0.4620317095862,-0.0476795720150,-0.1382427610589,-0.1741389474732,-0.2030795333293
0.7109951822996,0.2346172320131,0.6049182674131,0.5190716333041,1.0000000000000,0.7162006033058,0.5012468004837,-0.0051879853438,-0.0208457876371,0.1177967494705,0.1459039433770,0.0517187790022,0.0735773097705,0.4577402001116,0.4460320344471,0.0933106117008,-0.0338035958598,0.1327552165280,0.1017429868700,0.0011829453197,-0.0849157692147,0.2395043475002,0.0348281723521,0.2629117393713,-0.1200546555925,-0.2607956026849,-0.0698415450223,0.0556975006608,-0.0296101660630,-0.0271849007487,-0.0792535241657,-0.0177933407894,-0.1510040617183,0.0161862298835,0.4136443554677,0.2908061755416,0.0729856873669,-0.1796708363886,-0.0505987238827,0.0955300061758,0.1327658436377,0.0102257795210,-0.2382524895413,-0.2290614551191,-0.2665677661878,0.0437253377656,0.1588939720022,0.4187659328424,0.6182678608281,-0.1084820047070,0.8087196969635,0.3506212887220,0.3498959331598,0.7600151067280,0.6500912720873,0.4197472607968,-0.0638849192425,0.0338324404231,0.0202844955651,-0.0643950481380,0.2587057343491,0.1431110118548,0.1299470855516,0.1040217099494,0.2138830640261,-0.1897975133087,0.0483758859622,0.0776613296575,0.1114051479288,-0.0132886597946,0.0483024698940,0.1597304501583,0.1828669805715,-0.0231090112868,-0.2327145243679,-0.1468378327068,-0.0538791952203,0.0786427497985,-0.1165449639483,-0.0312913720168,0.0568010687936,-0.0900846549478,0.0253801181957,-0.3047227125240,-0.2159792462563,0.2473099950266,0.1398257570388,0.2862707170891,-0.2140540002866,-0.2022955820912,0.0210012447774,0.1041368567821,-0.1486582014176,0.1268378949862,0.0850238718036,0.4729012297069,0.2488926004910,0.1169801301422,0.1136813120818,-0.1430618891614
0.4571778720648,0.1847713142582,0.6235138544627,0.5734890764947,0.7162006033058,1.0000000000000,0.8121390002086,0.2860012855879,0.2385361826634,0.3885164201234,0.3544602671595,0.2144042185574,0.2613644367284,0.2228520225624,0.4545870927636,0.1542867074454,0.0882639267944,0.1616614561247,0.2322209256472,0.1913905391144,-0.1371343066490,0.1450467693011,-0.0134266300333,0.3445209242533,0.1265792897100,-0.0816186370424,0.0558454956068,-0.0870288221821,-0.2201202811411,-0.2633086920679,-0.1158282084416,0.0725072028765,-0.0663827106014,0.1289010154911,0.4975472107777,0.4343223159611,0.0497989072129,-0.0553119579696,0.1465705103608,0.1766274845038,0.0242202857925,-0.0953741517736,-0.1522895737919,-0.0699197255689,-0.1569426940584,0.1213940860586,0.1449964954847,0.6414739950874,0.2428447070187,-0.1029536269611,0.4536885692640,0.3295255786308,0.3816337409198,0.8969328548425,0.8972270039876,0.6378085923663,0.0957601663853,0.2559747339870,0.0478837877274,0.2145134845857,0.3231560248711,0.3102833239573,0.1205089250820,0.2175566420959,0.1134924045278,-0.1657749543330,0.0893724044771,0.1788109518566,0.2831964332419,0.1063494641623,0.0403332579215,0.0382782780223,0.3375625212278,0.1165032342724,-0.3671176127104,-0.0949519228398,-0.0039290540517,-0.0301868993127,-0.2742382149711,-0.0468461086093,0.0500584960240,-0.0592977495022,-0.2568014182756,-0.3236502344115,-0.2069965866481,0.1214542265036,0.1847677438252,0.3430851206351,-0.2793782898742,-0.1470662999871,0.1962942824167,0.1401088703084,-0.0109048341550,-0.1128540387064,0.0687018206211,0.6356256324463,-0.0183134214449,-0.0188013193411,0.0089921376680,-0.1722766458341
0.3216057810712,0.1771125036459,0.4730522514947,0.6899829191726,0.5012468004837,0.8121390002086,1.0000000000000,0.3947443606070,0.3417293560539,0.3490375126011,0.3466241397534,0.2344192256105,0.2948229956377,0.1580333524740,0.5256140579639,0.3171376102833,0.1829753752852,0.1997816836644,0.3925106962785,0.2903372677795,-0.1240313717162,0.0514284331159,-0.0219924492477,0.3926286308141,0.1951183485578,-0.0241784307377,0.1463917123307,-0.0570838070439,-0.2638382281602,-0.3049841658072,-0.0007223075084,0.1521875630409,-0.0030473517274,0.1478567126054,0.5469783899104,0.5460947720797,0.0848369832786,0.0134678188083,0.2195933799585,0.1349825831145,-0.0891845039396,-0.1971244554377,0.0033066769276,0.0071771977075,-0.1497652212982,0.0536391663099,0.0995930222948,0.5311570173752,0.0609481106557,-0.1288077935568,0.2971298102988,0.2983091987393,0.4399666293418,0.7378385372434,0.7967324671408,0.8795667793590,0.1178645811237,0.3633539882810,0.0934595269121,0.3497456414607,0.2343209594936,0.3195770869413,0.0718964290863,0.2066309466708,0.1100993770056,-0.0911585739838,0.2400353114858,0.2150518326724,0.4874157608845,0.1887160443797,0.0367757000615,-0.0395406592246,0.4174370904182,0.1190326638392,-0.2862016328890,-0.0581328489134,-0.0099683654619,0.0633036905644,-0.2445727586153,0.0665457149113,0.0884635784986,-0.1135418055199,-0.3266222503387,-0.1589313732262,-0.2266019193381,0.0493556647984,0.1853459344858,0.3947884651400,-0.2062236095438,-0.1191045994792,0.1774729701266,0.0910759140476,0.0274943328145,-0.1412250892503,0.0212068911383,0.4965505295158,-0.1247322350560,-0.0691784467617,-0.1671901783410,-0.2383532862817
-0.1107115457346,-0.1193021650739,0.0074285297504,0.3388838632363,-0.0051879853438,0.2860012855879,0.3947443606070,1.0000000000000,0.7743303245850,0.2602349738342,0.4380200796608,0.4903480516667,0.4895803401759,-0.2729281045086,0.0181083342947,0.2743946089395,0.5889944323390,0.6396737968741,0.6345126314447,0.7029010867488,0.0343254423109,0.0660515488003,0.0505882429830,0.3710542250208,0.5766685362104,0.1478092104334,0.3246109733311,0.0120937787355,-0.2876801358743,-0.3764936162994,0.1406818764262,0.2688047157809,0.3165359479696,0.0392267097721,0.2066233951096,0.2373313107809,0.1861465906432,0.3186602156476,0.1401627608894,0.0623716049895,-0.0975648892807,-0.2240748989981,0.0602157381081,0.2911651124326,0.1889606886939,0.1755130177958,0.1913548401609,0.2764165800764,-0.3070515187024,-0.1240450898239,-0.1902011634792,-0.0034161410437,0.1374096716486,0.3060846550188,0.2767720285695,0.3845192862857,0.5618840379293,0.8052312630236,0.4725257617869,0.7322536752902,0.1587806790518,0.4468890484554,0.2220736987867,0.3324041572159,-0.2948712910550,-0.2324923645158,0.2113564334055,0.5263225433318,0.4992623378847,0.5522046838658,0.1478266659828,-0.0655159497349,0.5336096105924,0.5177633580068,-0.1666764108137,-0.0254799366787,0.1755300044945,0.0935679885801,-0.2810226701179,0.2238000327633,0.0770095285224,0.0549534662224,-0.4095900669040,-0.1693400585855,-0.0294597294670,0.0110663270633,0.2082828905527,0.0397056709889,-0.3010447920832,-0.0058025812743,0.1064191351114,0.0767929015701,0.2353581973760,-0.1404647315584,0.0325767552265,0.1811642819743,-0.3350017569052,-0.0614493182503,-0.2266436531097,-0.3396199181694
-0.1566418166283,-0.1643391390318,-0.0947317939484,0.3059064196511,-0.0208457876371,0.2385361826634,0.3417293560539,0.7743303245850,1.0000000000000,0.2112960978246,0.4732417364459,0.3572234928651,0.4004216824416,-0.2923569233914,0.0488932532271,0.2568177059048,0.3789995143610,0.4649310158282,0.6769237089505,0.7161202320072,0.1109490980810,-0.0349643059573,0.0710467623166,0.4991316118232,0.5076100719916,0.1010811397143,0.3946238487591,-0.0578511721576,-0.1901137538505,-0.3305791230024,0.1295804336567,0.1469254810163,0.1912576333093,-0.0961911537798,0.3062826382912,0.3240669820274,0.2543304169170,0.2560152945953,0.1844232942353,-0.0420294254324,-0.1091320389716,-0.1697035590086,0.1102985083847,0.2795659325513,0.0410754607845,0.1316866279139,-0.0026413630214,0.3571357718240,-0.3178429746156,-0.0940323831206,-0.1634649069964,-0.0520986779716,0.1973540146297,0.2019811322616,0.2473058545457,0.3599672400220,0.4998503109063,0.6354692606495,0.5997258409686,0.9265767068335,0.1377889375559,0.4417046135493,0.1360095738854,0.2772764464125,-0.2410122003735,-0.0799550902385,0.1608320427612,0.4002082589466,0.5934359996532,0.5996794329645,0.2280360966617,0.0248839776079,0.6863432821915,0.6121703210232,0.0530709393460,0.0409299032158,0.3487262070559,0.0510723014354,-0.1507557806297,0.1675245701323,0.0202469844562,0.0562000556892,-0.3655564179320,-0.0708171628320,0.0170246683032,-0.1068495836253,0.3304527257654,0.1826708743386,-0.1323537458105,-0.0451229824116,0.1581350810252,0.0772952630249,0.2325195236586,-0.0782028422409,0.0314405207774,0.2708660476062,-0.2996000664233,-0.0596839205590,-0.1327847325244,-0.2368271185710
-0.0099900199075,-0.0929536757515,0.1248820586523,0.0355008768454,0.1177967494705,0.3885164201234,0.3490375126011,0.2602349738342,0.2112960978246,1.0000000000000,0.4772184513718,0.4798258235646,0.4465827618942,0.0545655779130,0.1929256607135,-0.0635780270312,0.3183731163974,0.0605896972480,0.0808483705622,0.0465239817034,0.2160853548848,0.4765633514504,0.2072871563033,0.1151150217887,0.2526716701081,0.0328108527319,0.2139231816350,-0.1654002178026,-0.1551775012986,-0.2854658965047,0.0167976050781,0.1223673939748,0.1360543498393,0.2109950108508,0.1089864937211,0.0924502011594,0.1715850396415,-0.0869805015823,0.3094402997074,0.2314920741152,0.4511572516513,0.3187341211781,-0.0460224294098,0.0486188790183,0.1149272743245,0.3876891651426,0.3127929462629,0.1920026438001,-0.1746439414706,0.2817597796554,-0.0247784623533,0.0047760561524,-0.1401799988751,0.3627505133242,0.3913491582400,0.2038928549783,0.2141246253317,0.1687362647151,-0.0819618011057,0.1803014082112,0.7977329966748,0.4430034733978,0.4358753327146,0.3750592232451,0.1154636573777,-0.0547467321155,-0.1175461317109,0.2461043906229,0.0007133625061,-0.1257032263540,0.3406298500608,0.2085058886529,0.1051507960030,0.0992722377901,-0.2279861912784,-0.0831606271330,0.1149592036911,-0.0140034841967,-0.2593857280504,-0.0534794962127,0.0853539856022,0.2308846986952,-0.1683669302648,-0.1878218224838,-0.0393149111827,0.0842046120646,0.1690803624790,0.0713000828646,-0.0810617243535,-0.1655520875321,0.3288281762441,0.1735889005639,0.0319275518447,-0.0513219006731,0.1757628840133,0.1718703901003,-0.2562010556001,0.2965135731895,0.5003647374714,0.2524928941476
-0.0288064358391,-0.1055489814060,0.0789988670831,0.2157858037781,0.1459039433770,0.3544602671595,0.3466241397534,0.4380200796608,0.4732417364459,0.4772184513718,1.0000000000000,0.7387749831229,0.6235877856861,-0.0241335458084,0.1666908495813,0.1308117664612,0.5401429843198,0.4227398684953,0.3114875692572,0.1585729199373,0.2997037077471,0.3598215396866,0.5238102341796,0.4222679089425,0.0963951174847,-0.1444789409875,0.4124580415692,-0.1699996014208,-0.1141356435090,-0.2771299295677,0.1091741490207,0.0887653909622,0.2359525679439,0.0663015042221,0.2664635168337,0.2961944139081,0.2030806048083,-0.1812300062851,0.3163032548842,0.0914724639044,-0.0072363136461,0.0717548276306,0.0471071572461,-0.0763121335392,-0.1737574755497,0.2595844913681,0.0767911934223,0.4344333908088,-0.1465046549059,0.0608610385379,-0.0069271855733,-0.0461581294070,0.1660572988787,0.3117611519174,0.3819322001184,0.3355181702548,0.3656726935918,0.3225361520133,0.2457881898719,0.3949335993315,0.4770316040363,0.8669861284071,0.5411307487229,0.5628325885378,-0.0261336761916,0.0615226696472,0.0527081054084,0.5855149134728,0.2279462002293,0.0902101214094,0.5500340886647,0.4320599305510,0.5317333154875,0.1452165722100,0.0256151197653,-0.1657083179163,0.3087902415225,-0.0392857431561,-0.1374532197932,0.2187748329454,0.0681278742692,0.1918160021833,-0.3397249565783,-0.0763949598339,-0.1951293814519,-0.0515545890765,0.3736774159492,0.2433985663543,0.0330749684074,-0.2346905080982,0.4360490561730,0.1648872219948,-0.0217698825391,-0.0584343281515,0.1438380012518,0.4770703820191,-0.1982116263230,-0.0964221919277,0.0422108234382,0.0980168863124
-0.0146550080346,-0.1514827335260,0.0653553245883,0.1710458962893,0.0517187790022,0.2144042185574,0.2344192256105,0.4903480516667,0.3572234928651,0.4798258235646,0.7387749831229,1.0000000000000,0.5959924828065,-0.0827042919439,0.1327976649703,0.0727550202039,0.6766742783388,0.5051756957354,0.2821053162294,0.1753522929093,0.4132554417372,0.4328818873841,0.6214356264309,0.2292449391342,0.1302996473141,-0.0496623870158,0.3304034880644,-0.1535566840720,-0.2682954356689,-0.3331455420802,0.1006673488251,0.2760982275938,0.3303989640820,0.1421224958756,0.1416086488065,0.1561364034630,0.1380008879713,-0.1361469524860,0.1869766478588,0.1785960626516,-0.0012990178727,0.0590036350647,-0.0639022387306,0.0404596608880,-0.0863646940845,0.3205469645711,0.2900428522090,0.3405345057872,-0.2775563473843,0.1488544716813,-0.1202035338881,-0.0762736257926,0.0615762336271,0.2184314549865,0.2122427492423,0.2147855365313,0.3501694951306,0.3520348762840,0.2142276841843,0.2750102888417,0.4606552885291,0.7556730890468,0.7698851157349,0.5448996578613,-0.1274649606702,-0.0291929840217,-0.0222022081450,0.6430137920989,0.1133603557190,0.0645580608371,0.6269372150842,0.4202357786061,0.3644932236795,0.1202323409073,-0.0547445120726,-0.0397755868478,0.1783605263322,-0.0842257144171,-0.3050930807116,0.2608446876945,0.1893993929423,0.2687261251531,-0.4071222253513,-0.1668172617347,-0.1882681214801,0.0540819024478,0.2841150031532,0.0680917287822,-0.0382163633825,-0.2497153684331,0.3124939350776,0.1382613700836,0.0891218565543,-0.1356751635204,0.2398061974116,0.3220781190090,-0.2962732545354,-0.1266952917720,-0.0343606546470,0.1319123877519
-0.1166345574029,-0.1036937373348,0.0468610209233,0.0895931660306,0.0735773097705,0.2613644367284,0.2948229956377,0.4895803401759,0.4004216824416,0.4465827618942,0.6235877856861,0.5959924828065,1.0000000000000,-0.2016383832342,-0.0060981073114,0.0417889022337,0.6934541958478,0.2803856205373,0.2452748900441,0.2257622102032,0.1566002580236,0.2762906214389,0.3003163983168,0.3189674165018,0.2321834242398,0.1106675729293,0.3660373148165,-0.1162775475368,-0.2109698747656,-0.4164236044555,0.0714802596712,0.1748575644288,0.4079423690233,0.1332919459049,0.0344607560469,0.1264943721400,0.1375981299130,0.0113898963145,0.1795545961212,0.0046249466750,-0.0558644823749,-0.0795579684852,-0.0147632121016,0.1890463175714,0.0382192930870,0.1420264389331,0.1226443794300,0.1684074855069,-0.2685722702145,0.0664620462273,-0.1254405148454,-0.0628981348667,-0.0068559065030,0.2613413879601,0.2658421309518,0.2447451412238,0.5452849729754,0.4076116182398,0.2032591307537,0.4210207093513,0.4183588949244,0.6735308301058,0.5303350542649,0.8836870046444,-0.1505017210871,-0.0425045401396,-0.0678275877471,0.6974689697147,0.1984405239390,0.1104363596207,0.4100561620576,0.0670638706031,0.4074427376743,0.1876709026386,-0.0720049121902,-0.0820156332258,0.1621740221253,0.1057654756015,-0.2096921933879,0.1849590466958,0.0072277279217,0.3242326946064,-0.4035708971049,-0.1441243394612,-0.0991033115207,-0.0911175600592,0.1549846946737,0.0652041229562,-0.0922075849002,-0.1194958775249,0.2264418207244,0.0163298246773,0.1537887626971,-0.2277070064867,0.0080119200072,0.1481778842252,-0.3618753815255,-0.0809951346644,-0.0553146282450,0.0194995713053
0.6460744246462,0.5528948895255,0.4802626407587,0.2585901415493,0.4577402001116,0.2228520225624,0.1580333524740,-0.2729281045086,-0.2923569233914,0.0545655779130,-0.0241335458084,-0.0827042919439,-0.2016383832342,1.0000000000000,0.5810034855369,0.1252363284844,-0.2622450252935,-0.0215359428389,-0.0701372873361,-0.3179351233628,-0.0629516637298,0.1969758924700,0.0009468610281,-0.1740750387818,-0.2255570019585,-0.4163371240399,-0.2953148140464,0.0950308972619,0.3687734373359,0.5605495259103,-0.1093974080983,-0.2577930410272,-0.3064292352505,-0.2013185530505,0.1962824189491,0.1868165282646,-0.2503636743146,-0.3321413942189,-0.1621575994852,-0.1056173869544,0.2702199140389,0.2936783229713,-0.1185720509451,-0.5007849099140,-0.1056140304062,0.0760522724364,0.0579446430970,-0.0422357317090,0.5676047980627,0.0277188569363,0.7229267378986,0.5637258650808,0.0936033874642,0.3347633785793,0.2073529264914,0.1689503562935,-0.4006644110768,-0.2840910286334,-0.2239099182809,-0.3646199699660,0.1440331162485,-0.1068100018822,-0.0193138184836,-0.2045873248909,0.7521068133414,-0.1408160488537,0.1374646214913,-0.2417025636309,-0.1169115753092,-0.3395298813061,-0.0607944389473,0.1084192373394,-0.2347514493434,-0.2683953023944,-0.2291719566403,-0.2740975634907,-0.2687240273905,0.0202384259458,0.2522676103054,-0.1172975216988,-0.1349663292901,-0.3186928100377,0.4446541485311,-0.1009303865351,-0.0786426304672,0.0384648010185,-0.2224600838981,0.0481610017559,-0.1135394871454,-0.2111102257555,-0.1207590858767,-0.1172420066006,-0.5010100053383,0.1949961623919,-0.0181274642982,0.0470694390829,0.5960687283311,0.2443547389332,0.2525822587303,-0.0124156457946
0.4667423037220,0.4560601091054,0.4670329696790,0.7206261175747,0.4460320344471,0.4545870927636,0.5256140579639,0.0181083342947,0.0488932532271,0.1929256607135,0.1666908495813,0.1327976649703,-0.0060981073114,0.5810034855369,1.0000000000000,0.4961814979484,0.0243364621028,0.2143845655795,0.2979025938311,0.0657590028498,0.1821756171529,0.0497117139193,0.0562091457206,0.2281951251864,-0.1266360743230,-0.2489401481155,-0.1002222935279,-0.0008145591504,0.0343808958951,0.1211186187218,0.1653023005049,0.0051592206931,-0.0422242421082,-0.0908206818987,0.5221281463961,0.4978719339302,-0.0789737585000,-0.2446834930513,0.0619694347345,-0.0777158079448,0.0721170560130,0.2022067257417,0.1980922681696,-0.3093364242748,-0.2227104574768,0.0387663415366,0.0953069305424,0.3950662346729,0.2550665327079,0.1561392720777,0.4652493750247,0.5268155982461,0.6113126327613,0.4748243361583,0.4049292450568,0.6101771066595,-0.1808912736187,-0.0461486712012,0.0966152372847,-0.0276065542044,0.1000712812365,0.1150288956788,0.0400484600670,-0.0605782446446,0.4202452814653,0.1276934781105,0.3688097495435,0.0233762288243,0.2444828698807,-0.0218669098351,0.0563873123739,0.0702459189556,0.1370214868416,-0.0764871772703,-0.1100053905468,-0.0781299731971,-0.1263922055895,0.0549379612300,0.0189704575824,0.1616816968403,0.0805067646816,-0.1628551326063,0.0244275635513,0.0305127396068,-0.1915427547205,0.0066858761263,0.0322651683762,0.3815431957414,0.0317307338294,-0.3087092794189,0.0692060417652,-0.0743976534205,-0.2831623720364,0.0050034391619,0.0288892543467,0.3508000681555,0.1291363833560,-0.0269635814692,0.0756384764392,0.1023102473913
0.2325096161523,0.2371216095012,0.3085820415642,0.6531878611725,0.0933106117008,0.1542867074454,0.3171376102833,0.2743946089395,0.2568177059048,-0.0635780270312,0.1308117664612,0.0727550202039,0.0417889022337,0.1252363284844,0.4961814979484,1.0000000000000,0.2243204872644,0.4503104952893,0.6088619695612,0.3647537970785,0.2068775556180,-0.1724652561112,0.0399331843002,0.3972100197425,0.0340243810107,-0.0329655138776,0.2001826055769,-0.1412873717012,-0.1114290599128,-0.0250326208349,0.6709687065395,0.3018957888052,0.4036421895762,0.0138629840194,0.5982389922821,0.5968456011802,0.1309874689603,0.0581025873656,0.3294748996072,-0.1150000696913,-0.1086833766670,0.1349269234375,0.5515169672420,0.0531730170293,0.0058715022483,0.0463835034349,0.2337024627855,0.2859076715476,-0.0549405536742,0.1617605133265,0.1464958419180,0.3766026367338,0.6369570313024,0.1797171393585,0.0470716183098,0.4388571090755,-0.0093885914488,0.1113275265929,0.3510060774326,0.2112513095606,-0.1973179932304,0.0448400794922,-0.1534927485557,-0.1523150567844,-0.0961270867529,0.1913949233164,0.8450970443682,0.1422774390830,0.4989377010290,0.2201551419791,-0.0578587577887,-0.2143992744798,0.2921696626075,0.0285548847465,0.2196789861018,0.1163665074167,0.1274056658594,-0.0259425983366,-0.0748049462429,0.6152700474228,0.3528305520539,0.0693593831538,-0.1343074028953,0.4447079771807,0.0146038941010,-0.0013177646580,0.1612139240773,0.5178832017604,0.2144500326759,-0.0862697498303,0.1345212712771,-0.1924344949873,0.0261864542740,-0.0250707837102,0.0679311978081,0.2271977904713,-0.1394459839138,-0.2412577670646,-0.1470196081442,-0.0460901701154
-0.2071622595336,-0.2367788022646,-0.0802311736375,0.1414887576577,-0.0338035958598,0.0882639267944,0.1829753752852,0.5889944323390,0.3789995143610,0.3183731163974,0.5401429843198,0.6766742783388,0.6934541958478,-0.2622450252935,0.0243364621028,0.2243204872644,1.0000000000000,0.5833472190351,0.4679777787893,0.3337120714797,0.3662923160394,0.2190181311777,0.2768894677519,0.4361803072200,0.1406323910900,0.0500603145292,0.3871124952786,-0.0977466300395,-0.2621557548279,-0.4467748937697,0.3312695344607,0.2262323019461,0.5534984369651,0.1199497551006,0.0230331144292,0.1389598291701,0.2269340455007,-0.0014851613975,0.1835048807549,-0.0117416675884,-0.1189068506473,-0.1122774869983,0.0510886092964,0.1749643093876,-0.0974407193945,0.0310964554429,0.1092927159414,0.1578504702477,-0.3038643395531,0.0510742948670,-0.2141492792094,-0.1977300239526,0.1108804297929,0.1172592442574,0.1236906357908,0.2405546672887,0.6113686486048,0.4927262442776,0.3569017989726,0.3969486771068,0.2746424634341,0.5976266379755,0.4953769998908,0.5839474105770,-0.2321960924424,0.0225185696238,0.0889080142482,0.8146206978012,0.3781922045566,0.2313520536522,0.5075592117535,0.0632352385740,0.4677150885268,0.0918448880796,0.0674802219404,-0.1306175312832,0.1328981986757,0.0679942954872,-0.2436971103797,0.4537467906592,0.0404756386997,0.3037710980080,-0.4789616934279,-0.0292675324925,-0.2828329087090,-0.1117113873490,0.2434097197503,0.0556029417371,-0.0774422981976,-0.1850145866615,0.2325098057256,-0.0567851148563,0.1422853694766,-0.2814687873595,-0.0387817944032,0.1294110138508,-0.4125413364892,-0.1712538509094,-0.1817840909449,-0.0349320056421
0.0498927112844,-0.1128725297277,0.0032021936397,0.4055290805455,0.1327552165280,0.1616614561247,0.1997816836644,0.6396737968741,0.4649310158282,0.0605896972480,0.4227398684953,0.5051756957354,0.2803856205373,-0.0215359428389,0.2143845655795,0.4503104952893,0.5833472190351,1.0000000000000,0.6469279401089,0.5019306369032,0.3495590264934,0.0597388543667,0.2549938028187,0.4731218638239,0.1073815452270,-0.0383934336229,0.3335630040777,-0.1384286118249,-0.1387408158647,-0.2186131630213,0.4189600958713,0.2736509072243,0.3275021322591,-0.1292296375968,0.3236923040262,0.2366981143195,0.3031341308213,-0.0212336796041,0.2409904243373,-0.0220828555062,-0.0592306265113,0.0168922664796,0.0946673002786,0.1094372096935,-0.0591127368668,0.2094159938147,0.2130812976707,0.3852137857781,-0.1572703998467,0.0360665260774,0.0548967030475,0.0127732535459,0.2450306827936,0.2152833082524,0.1337880499085,0.2487540153821,0.3540606048345,0.4669634995872,0.6832201587600,0.3644321032702,0.0354417343590,0.3961106566527,0.1939984251250,0.1245703769825,-0.2393996891752,-0.2089676727296,0.2723540911046,0.5405205907919,0.3537809158243,0.3948500260248,0.2455319432996,0.1242265959034,0.5297346478512,0.2584870341712,0.0343680755618,-0.0357308498221,0.3170357498157,-0.1218983302265,-0.1577983096622,0.5597325408065,0.1777679704115,0.1048380985406,-0.3283991823211,-0.1122048895413,-0.1656463325386,0.0074900228193,0.4061125045532,0.2175198017409,-0.1207863842539,-0.3154144014020,0.2515917001743,-0.0218902833345,0.1188037455050,-0.0534911280850,0.1228890564064,0.3147702760521,-0.1801288310804,-0.1791177187812,-0.1289461339452,-0.1177061649598
0.0484428510263,-0.0083438422017,0.0871817012592,0.5154815819948,0.1017429868700,0.2322209256472,0.3925106962785,0.6345126314447,0.6769237089505,0.0808483705622,0.3114875692572,0.2821053162294,0.2452748900441,-0.0701372873361,0.2979025938311,0.6088619695612,0.4679777787893,0.6469279401089,1.0000000000000,0.6584247141287,0.2207994838935,-0.0867999485443,0.0973209825364,0.5758002345340,0.2067339454918,0.0516308638890,0.3018979117476,-0.1024522158614,-0.0951868066142,-0.1914548112156,0.3789911848767,0.2635366537889,0.2773597283892,-0.1364900806697,0.4184829229942,0.4831401331326,0.1866811237687,0.0863478670534,0.1633791751839,-0.1501816691479,-0.1400369571231,-0.1343231465572,0.1677764267646,0.1255711167464,-0.1018693002987,0.0594034022270,0.0664269352300,0.2879645665521,-0.1903854469767,-0.1077373521439,0.0527251418879,0.1053920012860,0.3714468103956,0.2555280593202,0.1795679646175,0.4853706929552,0.3371374665023,0.4557439094229,0.6828184838505,0.6287084911884,-0.0010752934514,0.2709329911963,0.0177681046970,0.0545346912242,-0.1280396291371,-0.0960709915480,0.4454568571507,0.4232190410693,0.8178595131971,0.4850570852463,0.2028320831200,-0.0617370487604,0.5973600490747,0.2407883173918,0.0232375646617,0.0759840768232,0.1891686882279,-0.0138043482838,-0.0602776246428,0.4262466702830,0.0821386152793,-0.0891353917646,-0.3012584796692,0.0103846698225,-0.1632132460848,-0.1760906242795,0.2285091463337,0.3093304741784,-0.1591521873771,-0.2480594523167,0.0599830925926,-0.1747355897628,0.0388019855750,-0.1305269996954,-0.0663096715426,0.1899275505935,-0.2055056749620,-0.1209503065056,-0.2271022060384,-0.3227707262279
-0.0958043582966,-0.1880584110693,-0.0408336036328,0.3867745300487,0.0011829453197,0.1913905391144,0.2903372677795,0.7029010867488,0.7161202320072,0.0465239817034,0.1585729199373,0.1753522929093,0.2257622102032,-0.3179351233628,0.0657590028498,0.3647537970785,0.3337120714797,0.5019306369032,0.6584247141287,1.0000000000000,0.0603605495738,-0.2247390475636,-0.0450446295647,0.5050687124070,0.6489122150658,0.3770828014276,0.4967889887707,0.0846352701924,-0.3601572799271,-0.4045108077974,0.2344580086567,0.3737448156145,0.4164711220294,-0.0544097088546,0.2212673972233,0.2444045413885,0.2315833839230,0.6102072188670,0.0704717290441,0.0255575359737,-0.1921399327841,-0.2099885697506,0.1188881360775,0.5665674279561,0.2682711259649,0.0483716458864,0.1387902381639,0.3328234040922,-0.3052683268771,-0.1363842435312,-0.1987420412645,-0.0726319935226,0.2087676251320,0.2096246842085,0.1100011903629,0.3073535280979,0.4931378787883,0.6011980888291,0.6213402385509,0.7173965880708,-0.1246548373859,0.1156259980527,-0.0988818968793,0.0501165675730,-0.4196140189797,-0.2190625547819,0.2584789394767,0.3180630306969,0.5816895203010,0.8918597135452,-0.0378716874554,-0.1922589825295,0.5779747863842,0.7510143700976,-0.0649788024953,0.1583815774578,0.3945087637053,0.1104834843251,-0.3131971172788,0.3254974282198,0.1587079740761,0.1716706477140,-0.4227780959542,-0.1121524993341,0.1440689517146,0.0354732806366,0.2979740679099,0.0862785924045,-0.2471875975108,0.1943591569547,0.0394565879525,0.0660007229134,0.4774374693345,-0.1012113293796,0.0392979003364,0.1782808942988,-0.3739852172281,-0.1923753070918,-0.2618153649271,-0.3476966708141
-0.0728379578218,-0.3339332260465,-0.1288104194510,-0.0109222581773,-0.0849157692147,-0.1371343066490,-0.1240313717162,0.0343254423109,0.1109490980810,0.2160853548848,0.2997037077471,0.4132554417372,0.1566002580236,-0.0629516637298,0.1821756171529,0.2068775556180,0.3662923160394,0.3495590264934,0.2207994838935,0.0603605495738,1.0000000000000,0.2299619464348,0.5344238842505,0.2559246791478,-0.0804844698910,0.0697748482332,0.3120908732720,-0.3220001707581,-0.1578798121871,-0.1672401772926,0.4555621811774,0.2193033236614,0.3177344696087,0.0118053585960,0.1416441919508,0.1451004377804,0.2618104869627,-0.0898140190100,0.2375052012083,0.0039271766172,0.0343005471193,0.3189149939978,0.2851928566317,0.0770590238281,-0.0471366967191,0.2276705637733,0.1439362737047,0.1739625735667,-0.2577684250864,0.4244545229634,-0.1314880789335,-0.2073955426525,0.0139037734538,-0.1126348033949,-0.1703652536330,-0.0749384300820,0.0656319605482,-0.1225632782281,0.2701367685048,0.0369908857881,0.1897351250910,0.2444128350868,0.2923931010292,0.1113816009721,-0.1406638999092,0.2037761881071,0.1131800306231,0.3139674483429,0.0589325789110,0.0070060582509,0.5981181645889,0.3549264778313,0.2282390035557,0.0823809314525,0.4370298811798,0.1217233262633,0.3617300194940,-0.2794153722123,-0.1894313128131,0.4221022588557,0.1294728500578,0.3222663213024,-0.2431543251614,0.1969258411587,-0.0895441583665,-0.0524586482894,0.3090377657684,0.2303696775209,0.3296302328725,-0.1985292290942,0.2773732106402,0.0252105262097,0.0827781799109,-0.0793262282167,0.1852943486629,0.0799265475087,-0.2970018301730,-0.1476973417881,0.1538800949900,0.4578020946135
0.0957961034211,-0.0008461891749,0.1196359368113,-0.1152092665838,0.2395043475002,0.1450467693011,0.0514284331159,0.0660515488003,-0.0349643059573,0.4765633514504,0.3598215396866,0.4328818873841,0.2762906214389,0.1969758924700,0.0497117139193,-0.1724652561112,0.2190181311777,0.0597388543667,-0.0867999485443,-0.2247390475636,0.2299619464348,1.0000000000000,0.3725494443758,-0.0195548883249,-0.0799125010143,-0.1631542188769,-0.0142277687176,-0.0284290206037,0.1218773674408,0.0165443261377,-0.0144173396723,0.0572179591372,0.0390061437542,0.1191054595035,-0.0653285795504,-0.0029988967709,0.0393806666944,-0.1635442004811,0.0311769591004,0.2101328834317,0.3301368151704,0.1541344884186,-0.2566279983418,-0.2285810290845,0.0021856411501,0.2767413737175,0.3372277946735,-0.0716305218231,0.1948213198238,0.0316444798127,0.1348589104232,0.0347401373652,-0.2305824567556,0.1957943548610,0.2101475838963,-0.0496667876388,-0.0485260464565,-0.0064397206682,-0.1262434711238,-0.0926012433923,0.7278148313361,0.3908215201662,0.5450923850746,0.2883287291741,0.2255330034972,-0.1535605169776,-0.1994693071983,0.1743500265369,-0.1522421557201,-0.2858987310842,0.4196708633087,0.5092362071452,-0.0347995155957,-0.1124490160197,-0.1088268991623,-0.1424260878987,-0.0998029285023,0.0322165096668,-0.0171529794870,-0.0164107871255,0.0614879416774,0.1234092189488,0.1116138594327,-0.2190437672241,-0.0253460321764,0.2117377190798,0.0123252139824,-0.0209912203450,-0.1127157947399,-0.1309092713869,0.0997413382729,0.1432542685987,-0.1868129835228,0.0723131464251,0.2907931528157,0.0463561582575,0.1077319298349,0.3741823253311,0.2105699666698,0.1456315079379
0.0626303715518,-0.1919756755358,-0.0050684284956,-0.0040487707979,0.0348281723521,-0.0134266300333,-0.0219924492477,0.0505882429830,0.0710467623166,0.2072871563033,0.5238102341796,0.6214356264309,0.3003163983168,0.0009468610281,0.0562091457206,0.0399331843002,0.2768894677519,0.2549938028187,0.0973209825364,-0.0450446295647,0.5344238842505,0.3725494443758,1.0000000000000,0.1614058659207,-0.1072409426010,0.0582330614309,0.4744955949546,-0.3078932961028,-0.1200887883951,-0.1339610748080,0.1377471958664,0.2769154387057,0.2827525739006,0.2099487466689,0.0859279900406,0.1375481029870,0.1807079294719,-0.1809953025998,0.2017823055501,0.3149907247058,0.0204885210291,0.2489634779749,0.0746035982537,0.0359430444950,-0.0992912479450,0.4917448550327,0.2716021140177,0.2367463998285,-0.1387550577780,0.2414515070420,0.0112760588537,-0.1198126142115,-0.0178242214156,-0.0410395070422,-0.0608163446317,-0.0352727705638,0.0459228530118,-0.1104011377012,0.0988560817084,-0.0145071739721,0.2254418511857,0.4850591813503,0.5379704767218,0.2704231059613,-0.0964711371280,0.1227770345156,-0.0386128371671,0.3451525832586,-0.0496905627620,-0.1172134246882,0.5000978346343,0.6567161928656,0.1719733991616,-0.0222859381765,0.1511664304568,0.1225693143046,0.4451663790307,-0.3789248634578,-0.1320462417293,0.2086099814433,0.2400971884285,0.3194437395195,-0.1922790854904,0.0241414960725,-0.1177105577032,0.0766322597728,0.2413705362116,0.1107064574409,0.1910978546291,-0.1773201000836,0.2776216342557,0.2198819821369,0.0763640590266,-0.0119232083493,0.3512005362264,0.2090578163720,-0.1512211913929,-0.1648759964415,0.0437936451213,0.3171412473739
-0.0082104533744,-0.2134103029706,0.0350649082095,0.3840161119235,0.2629117393713,0.3445209242533,0.3926286308141,0.3710542250208,0.4991316118232,0.1151150217887,0.4222679089425,0.2292449391342,0.3189674165018,-0.1740750387818,0.2281951251864,0.3972100197425,0.4361803072200,0.4731218638239,0.5758002345340,0.5050687124070,0.2559246791478,-0.0195548883249,0.1614058659207,1.0000000000000,0.0033226075575,0.0375772913865,0.5518280977882,-0.1645379894406,-0.2040447454208,-0.4022119459849,0.4509286687174,0.1704491158562,0.3882474104967,0.0530418423331,0.3687976341876,0.3898698349480,0.5524283995641,0.0660633851063,0.2297861055289,0.0581096284111,-0.2302929398650,-0.1162425856214,0.0546298111984,0.2232496214591,-0.3429308316061,-0.0039025176927,-0.0244424110057,0.4732432472534,-0.0151274726012,-0.1161784917409,0.1019501044786,-0.1044291558699,0.3769135487470,0.2651948106878,0.3662008885747,0.4021391490088,0.4188601283543,0.2668670738405,0.6085301247887,0.5343478607259,0.0990687841939,0.3615890194313,0.0390887387192,0.1867944075357,-0.2374142334306,-0.0032399980276,0.1541157964958,0.4131451306334,0.5867373903875,0.4458003364582,0.2537343094870,0.1518254299050,0.8282530742661,0.2495735761267,0.1102026264480,-0.0300547028287,0.4738007295772,-0.0303577096059,-0.1657192102906,0.4385814487666,0.1349550622163,0.2733820647942,-0.4132064896115,-0.0689577360975,-0.3110055993100,-0.0390661539938,0.6378604942591,0.4795320713250,-0.1071893137159,-0.1847668254557,0.2910713706944,0.0943424520693,0.2754127452196,-0.0808397402893,0.0885565622716,0.4856102822111,-0.2492276138892,-0.2095329824355,-0.1099413594474,-0.0982296829636
