1.0000000000000,0.5365760681409,-0.1109051877784,-0.4453553225389,0.5207539096673,0.0256581376650,-0.2764396310737,-0.3856487800544,-0.5630197844482,0.1652098093395,0.1029655233118,-0.1211404176802,-0.3429723101218,0.4933234688521,0.2689955546561,-0.5586609846625,-0.1083159967360,0.1148262329063,-0.6641240556191,-0.3871307300240,-0.2109453350469,-0.0944875058736,-0.0020378558559,-0.0955942758903,-0.0193516326504,-0.3074409658591,-0.1735357115565,0.0836217588337,0.0588957278186,0.0984388141115,-0.1158947632095,-0.2732125815939,-0.3076187985886,-0.1937196923354,0.1519784384902,-0.1403937237763,0.0468719921017,-0.3012874205977,0.1202063082031,-0.0299512962341,-0.2396192227647,0.1782045884674,-0.2624523345757,-0.2053098435573,-0.1235993323090,-0.1360886186039,-0.3464193418870,0.2226716413454,0.1828176349078,0.0281225071217,0.6069153412296,0.0188876148714,-0.1363359063142,0.2536163709491,0.1259269330087,-0.4885747995347,-0.4060175294032,-0.4490449235311,-0.2521781158100,-0.5213003429192,0.2905895271854,-0.1784859357310,-0.1277384609448,-0.2966291294021,0.5348510048393,-0.0466233756415,-0.4876098114933,-0.0855255802363,-0.4945840379838,-0.3638452751335,-0.2347430759381,0.0258483717060,0.0615259526846,-0.2912601307857,-0.3019807135678,-0.1788623349028,-0.0872950275173,0.1893502283177,0.1521055131100,-0.1097264221156,-0.1578016926974,-0.3293869686120,0.2002196895685,-0.3250438445559,-0.3736403100927,-0.2314433307333,0.1367637355425,0.0533934027481,0.1177498409429,-0.2631815406185,0.0601599212025,-0.2164533822394,-0.3683011249795,-0.0056862055171,0.1245954610001,0.2439938625253,0.3434671923344,0.3328664929998,0.2205347720134,-0.0855229204294
0.5365760681409,1.0000000000000,0.3568224100138,-0.1256326882792,-0.1349881302549,-0.0563672477594,-0.1054161595496,-0.1631334325178,-0.2420192643958,0.0303901305161,-0.2982368256346,-0.2919114643564,-0.2389381630936,0.6194409853892,0.4105283745649,-0.2957713067826,-0.4614694492595,-0.1841149887395,-0.3974568380836,-0.4456615608171,-0.2836010115418,0.1834153910282,-0.2145787833453,-0.3513249836220,-0.0950451488081,-0.0780436614712,-0.7091753311488,0.0833404142244,0.5519892521845,0.5657632794605,-0.3012773885159,-0.0283938668338,-0.2077669725443,0.0671568659459,-0.1361633981111,-0.3272050744399,-0.3137586970721,0.0779667792736,-0.0181654063931,-0.0952323441998,0.2780423717126,0.2037735352245,-0.4246254216687,0.1630580195808,0.2319326826352,0.1081924618883,-0.0094475295025,-0.1318933071601,0.4332015269235,-0.0346788642192,-0.0202094190871,0.3827222646192,-0.4641324945071,0.1827536190568,-0.1055093198477,-0.1901778260776,-0.2391181297907,-0.1673485084919,-0.2065788511386,-0.1951467176173,0.0248575274665,-0.5194589175369,-0.1602003894604,-0.1585621799866,0.0556187449011,-0.3795622481143,-0.2643252536216,-0.4445156104358,-0.2138935400904,-0.4120728203388,-0.4052961177315,-0.2050040973235,-0.2697117914151,-0.0352226180595,-0.2073019284536,-0.0076214539483,-0.5193095289713,0.2756800754003,0.4545968403243,-0.2911284038589,-0.1875822349334,-0.3123918936443,0.5033635773087,-0.2975990891752,0.1315735075327,-0.2298054960844,-0.2373476987838,-0.2596667344558,-0.1247612972310,-0.1628505341881,-0.1310843879633,-0.2036468552305,-0.0176353383255,-0.0376238820436,0.3085633613586,-0.1033297437107,0.1661504153054,0.1033013405109,-0.2620851834172,-0.3612710039525
-0.1109051877784,0.3568224100138,1.0000000000000,0.5050663563697,-0.2729689626436,0.2743214854870,0.3317139948677,0.2698721761460,0.2763230148591,-0.1524996298396,-0.3694632524246,-0.2542712878688,0.0474267545350,0.1873015359383,-0.1661739121370,0.1665273386540,-0.3093386165790,-0.3499196373036,0.1836649480604,0.0018989456765,0.0227620941377,0.1056211081371,-0.3925248462953,-0.2716165390811,-0.0734346371381,0.1871975965916,-0.3699386859579,-0.0021012123514,0.3399734325437,0.3618997435836,-0.2466829905775,0.2885158923080,-0.0702692977258,-0.1112969400873,-0.2607636537980,-0.1235829401447,-0.3523031908097,0.3067130614001,-0.1769986701414,-0.0344080258696,0.3857770804190,-0.0206440075966,-0.2103794476111,0.2017095849908,0.2404947298403,0.0118371335691,0.2754633590429,-0.1221975174651,0.0992983164844,-0.1854440039603,-0.0823684356844,0.7350773703421,0.1855632260814,0.2059024909837,0.1883522736761,0.4199841558535,0.3246048721247,0.3444135265106,0.2591595559717,0.3424821810696,-0.0671620445808,-0.0313368076147,0.1525639529025,0.0881294547607,-0.1088951301876,-0.3311616150051,0.3554994389974,-0.1123085206937,0.2703715216313,-0.0901567114527,-0.0496881021250,0.0642573556897,-0.3335928580941,0.2377086471630,0.0975471041972,0.0538897493850,-0.5632146924352,0.0937129089347,0.2560850041717,-0.1668044747891,0.1359591512181,0.1150410074877,0.2291871664060,-0.1136077478722,0.4320347116219,0.1143114566172,-0.3929237603867,-0.2521263466554,-0.4012779214017,-0.0159325772936,-0.1954921483587,0.0845772956320,0.2238546164878,0.2967972777038,0.0945888517739,-0.0629701930976,-0.0534698273162,-0.0468666466851,-0.0836348549331,-0.2700707992756
-0.4453553225389,-0.1256326882792,0.5050663563697,1.0000000000000,-0.1014224048982,0.5569475196909,0.8247588242606,0.1616005253627,0.4014950047110,0.1248445641355,-0.0210287924183,0.1718159515850,0.5087431692645,-0.1796469581342,0.1014392784536,0.7169894278382,0.0070932702209,-0.1820010797450,0.5796528820214,0.0343979373208,0.2825350725685,0.2285103041009,-0.0754196357027,0.1263441388836,-0.1266317008801,0.0041458832686,-0.1011201323847,-0.4693361149251,-0.0001428261630,-0.1735400761631,0.1014497244503,0.4239487210757,0.4367568143949,0.0524645719267,-0.0102611853906,0.2685681498259,-0.0346448712508,0.1607709441976,-0.0470271806174,-0.1156821672434,0.4522922455871,0.1863921511742,0.0740099434767,-0.0201701198537,-0.2306888211175,0.3963485679231,0.6503967478301,0.0212573525481,-0.2342426340484,0.1808954031684,-0.4187732921260,0.1038214196563,0.3359040058920,0.2806639314378,0.3261000566036,0.8797780656207,0.4521463501174,0.3824784550038,0.3867493574116,0.5611914143770,-0.0555655614618,0.1357836205218,0.3965734808136,0.5088638222716,-0.5261927660007,-0.1166928136662,0.7001121940819,0.1327413453082,0.6929952645928,0.3281612437270,0.2702943857405,0.0127789975997,0.0163073661534,-0.0320086277049,0.4331678668969,0.2478117716210,-0.1568807647181,-0.2911847541327,-0.2199246763822,0.2421542567014,0.3619333903392,0.4545547568672,-0.2961855158984,0.2927773401603,0.3594328869080,0.1835783903747,-0.1088984290740,-0.0505522825700,-0.0540209042275,0.2214932354612,-0.0882768179316,0.2073215504046,0.3884387017816,-0.0043417547819,0.1534144985106,-0.0679703990737,-0.4574272142895,-0.3816409776705,-0.2527868959960,0.0072580876745
0.5207539096673,-0.1349881302549,-0.2729689626436,-0.1014224048982,1.0000000000000,0.4391127291515,0.0269277514163,-0.2379579494267,-0.3817054693639,0.3190378356804,0.5328819161061,0.2628223008544,-0.0479108566777,0.2406885861646,0.2301269999158,-0.1697287737940,0.2835491424870,0.4266786647509,-0.3249092910047,-0.1324450625756,0.0653927778225,-0.0588263424055,0.2585902460705,0.2443633805688,-0.0043489916279,-0.4100588232447,0.2241707124028,-0.1261459604742,-0.3140206696667,-0.2883356884565,0.1789797250038,-0.3205790126684,0.0333351791654,-0.2534105481477,0.4019142037303,0.0613927719756,0.3435305891442,-0.4638796991400,0.2079470702679,-0.0891387300830,-0.2693254434499,0.2326252212299,0.0198460020071,-0.4962147781681,-0.3438157373044,-0.1757459143453,-0.1441660985738,0.5146485950850,0.1077547806298,0.2302331615404,0.6102079800579,-0.1786509217556,0.2473140415435,0.4462043111316,0.5150334310135,-0.2025821514209,-0.2060315803743,-0.2948660847654,-0.0650950035143,-0.3360724829113,0.3765322736994,0.2902443920466,0.0761542160836,-0.1063281066279,0.4651296374947,0.1668823475774,-0.2732202959281,0.2769299605179,-0.3068652754198,-0.1224428181919,0.0937715576470,0.1868359399487,0.3558611661980,-0.3677169454615,-0.2444004119623,-0.3132496519281,0.1756589527262,-0.0995060088667,-0.1360797910953,0.1064421303978,-0.0099121385603,-0.1041203424645,-0.0903562180906,-0.1899247422675,-0.4719635207354,-0.1631725210895,0.3799622645365,0.2615061575627,0.0967143828505,-0.2111890517488,0.1926877671607,-0.1526378664280,-0.4870708133653,-0.1367796793861,0.0673935185027,0.4908267886123,0.3376992336123,0.3017234326948,0.4266091757599,0.2188017697492
0.0256581376650,-0.0563672477594,0.2743214854870,0.5569475196909,0.4391127291515,1.0000000000000,0.6101681694778,-0.0803333217429,0.0841095925760,0.4454207383709,0.3121199687615,0.1489421896835,0.1448182331751,0.1103723297968,0.3178585845606,0.4336664637568,-0.0011093293934,0.0931882297827,0.2102339314126,-0.0720497583438,0.1195558495712,0.2015553449219,0.0631439081078,0.1545870962714,-0.0691905526981,-0.2967630418889,0.0265130434577,-0.3560528474615,-0.1755855293653,-0.1668327891658,0.1888796293856,0.1295254319416,0.2981036576616,-0.0390054913394,0.2573735147052,0.3077649327143,0.2499286556934,-0.0552559450193,0.2374810447501,-0.1326253284234,0.1606843515223,0.3471955916475,0.0247596216304,-0.1858393810050,-0.2806248873699,0.2071081634056,0.3672952653477,0.5318021998439,0.0641005520979,0.2844746352148,0.0597756216218,-0.0069981361568,0.2379459806851,0.7330974028294,0.7967514171380,0.4278178833274,0.0908139821400,0.0664877451684,0.1504530984225,0.2140597465581,0.2166215453162,0.1549926919551,0.2023140883540,0.1395310800486,-0.1311969066734,-0.0284631310009,0.3328194172909,0.1025951793141,0.2909218227359,0.1135029113297,0.0438032814578,0.0115482038655,0.1857262667123,-0.1640356450027,0.1134947650510,-0.0607977602990,-0.0200065871968,-0.3073499955932,-0.2817659323901,0.2050540695608,0.2008125286574,0.1966088967433,-0.2575073574650,0.0941170728128,0.0397438414227,-0.0471402415378,0.2302747311899,0.1613780042737,0.0331943726209,0.1252355892513,0.1474651000967,-0.0224028808344,0.0531695026551,-0.0786686014243,0.1823569360269,0.4244253966942,-0.1398198674101,-0.1806887350484,-0.0157719557103,0.0304007969946
-0.2764396310737,-0.1054161595496,0.3317139948677,0.8247588242606,0.0269277514163,0.6101681694778,1.0000000000000,-0.0378249864221,0.2952849688370,0.1753407763031,0.0042414429531,0.0712615765230,0.3706016354205,-0.1407295709650,0.2461246877007,0.7079311937769,-0.0036870309165,-0.2145687197597,0.5185260057357,-0.0398046013071,0.2185910621654,0.0881022097847,-0.1377411576948,0.1643723378850,-0.0122627544463,-0.0633397761032,-0.0022288297336,-0.4559174493615,-0.0879477440890,-0.2083038368825,0.1919297000391,0.3666397002988,0.3902754746770,0.0185476784418,0.2132063498542,0.4724041814469,0.1740470453707,0.1336105632532,0.1880598782208,-0.0989417056259,0.2662657712186,0.1570093490869,0.2132241825639,0.0201177387644,-0.2666268441658,0.2974983583174,0.4513508997043,0.1799889662592,-0.1812648124034,0.1961742436522,-0.2884405064353,-0.0047428973520,0.3674109882250,0.3718808567952,0.4708546193438,0.8283599565844,0.2363335065824,0.1710933244558,0.2132524432744,0.4255386438152,-0.0004496064762,0.0958817701976,0.2735345523639,0.3780815780438,-0.3920478671191,0.0763392013155,0.6760153051275,0.0736506852340,0.6160547031089,0.2784777309786,0.2033734277517,-0.0825792853112,0.0542628693213,-0.0505488903110,0.3995316520607,0.1433527803138,-0.0576189601485,-0.2577088273157,-0.2893393133173,0.3092539640117,0.2605781403985,0.3808104413078,-0.3588358408613,0.4099867817276,0.2022782994495,0.1127611441342,0.1241915707318,0.2352554026873,0.1569625397610,0.2184006990298,0.1274068994717,0.1558189468624,0.3473632074335,-0.1047146073721,0.0596899871565,0.1158268298475,-0.3736387134715,-0.3953129853238,-0.2479869444554,0.0240058384844
-0.3856487800544,-0.1631334325178,0.2698721761460,0.1616005253627,-0.2379579494267,-0.0803333217429,-0.0378249864221,1.0000000000000,0.4445965833590,-0.1530903882348,0.0708863407747,0.1781129529012,0.2842612331308,-0.1586836536635,-0.4007860219971,0.1540125901505,0.3314131104566,0.3290402927694,0.2673749371787,0.6731170728767,0.3145424724776,0.0651290415083,0.0557186896154,0.1941573567717,0.1447982062022,0.4154910941021,0.2193806983866,0.1316088635291,-0.0383642021879,0.0543884340666,0.2345023678892,0.2392289484158,0.1602073604422,-0.1031830003283,0.0294046985942,-0.2530531384243,-0.0655464646761,0.5010000797722,-0.1636500828529,-0.0413455459449,0.0042600674899,-0.2041308344738,-0.0393556273225,0.1444656594562,0.4125926130757,-0.1129931191272,0.1854977472592,-0.0889536028901,-0.0638852952326,-0.0966564240207,-0.1717933394334,0.2172987112232,0.0070130191568,-0.1646682628249,-0.1140490090433,0.0510687241039,0.5472047370330,0.5505735406683,0.4675194420087,0.3200571435836,0.0135014912119,0.1481698496722,0.1015565576064,0.1571411856913,-0.1041218647719,-0.3320348440584,0.1133203669906,0.3105737882261,0.1063408250490,0.3375200823151,0.1182346341489,0.1375702926466,0.1254361812986,0.3938419801717,0.0601290955401,0.1903959064844,0.0816528555751,0.0556676742744,0.0346759412545,0.0288088425512,0.1850188637010,0.1516450402441,0.1329279224411,-0.2517569855614,0.4520140525677,0.1182454778804,-0.0873897112629,-0.0080079672665,-0.5203715161824,0.3451425978523,-0.1139979441523,0.0418365901102,0.1446109343064,0.2314833498666,0.0644830554738,-0.1002604642199,-0.0919641097326,0.0765769055283,0.0482245309247,-0.0870710045592
-0.5630197844482,-0.2420192643958,0.2763230148591,0.4014950047110,-0.3817054693639,0.0841095925760,0.2952849688370,0.4445965833590,1.0000000000000,0.0050726067505,-0.1331481835679,0.0461954884769,0.1945402337274,-0.3174433875419,-0.3096928162516,0.4788403705608,0.0074542256050,-0.1791437077281,0.7805246271028,0.6009244420427,0.2652485233075,0.1776380242971,-0.0739140112693,0.1727942208012,0.3935379249806,0.1885919162625,0.1513041887781,-0.1034429263471,-0.0861872526283,-0.1090465180398,0.0634536673149,0.1913082258001,0.1582367382534,0.0351947084228,-0.1506893601826,0.2420543198010,0.0161007161419,0.3675895900886,-0.2239714624771,-0.0876419292651,0.1444540834081,-0.2071964246931,0.0960735946875,0.1799121274693,-0.0014069436155,0.1709840828854,0.2670227988634,-0.2511586101351,-0.2152500818031,-0.1799754089083,-0.3921971195856,0.0283519747989,0.0550784344692,-0.0977155349185,-0.0467980208310,0.4046135326562,0.3224261754177,0.4064567117220,0.2553560239323,0.8234395622354,-0.0818781998426,0.0858009641254,0.1414304000495,0.2092673009699,-0.4683288975387,-0.1509997003638,0.4204236184844,0.0272838501496,0.5371320215709,0.5612923695351,0.1994188220910,0.0279965453452,0.0969091224129,0.6682273566179,0.3171098176120,0.1167862751602,0.1191521664838,-0.1631881061971,-0.1811787146227,0.1635346245507,0.1148551505833,0.2851695900337,-0.2084359869418,0.1621060101431,0.3248714975686,0.1640626616176,-0.0686772856527,-0.1045811952556,-0.1267713899142,0.3639446456297,-0.1500519508329,0.0817544668774,0.3403537581053,0.1072797627143,-0.0188930417960,-0.3050144446530,-0.3179024879756,-0.2062667109912,-0.2343242341437,0.0780557906777
0.1652098093395,0.0303901305161,-0.1524996298396,0.1248445641355,0.3190378356804,0.4454207383709,0.1753407763031,-0.1530903882348,0.0050726067505,1.0000000000000,0.3077280066627,0.4990872182907,0.2438191381604,0.1578879865811,0.3534086498018,0.0848942028277,0.2103340791469,0.1518373666967,-0.0096350202132,-0.0153670392829,0.3267551740847,0.5834751086684,0.4160511355055,0.2713202253981,-0.0475401862567,-0.3594128581144,0.0603075526182,-0.2513297549120,-0.2828800555677,-0.3193293803368,0.1298103354996,-0.0067974991881,0.3261217104180,-0.0406396455260,0.2485831397716,0.1409908343341,0.1571964738403,-0.2390805179395,-0.0981912336977,-0.1992807170919,-0.0131488667800,0.1272888381074,-0.1176164911177,-0.3101613534286,-0.4476138411792,0.2758835898519,0.2101104621360,0.0792278626294,-0.0842820164237,0.2757865218570,0.0198456927374,-0.3380050787600,-0.1049597505190,0.3945585269757,0.2501085989601,-0.0070033798192,-0.0117607506493,-0.0632102948321,0.0242777651485,0.0712399323612,0.5950549665635,0.0336229890544,0.4418979820557,0.1963532952650,-0.1673881248921,-0.1673643534699,-0.0285903919029,0.0523076799232,0.0864779168833,0.1814224648760,0.1874327835449,0.3571095140965,0.2549217338309,-0.0989480164341,0.0512068281642,0.0173164455246,0.0997458122286,-0.2004168268514,-0.3635358477389,0.1351355341785,0.1984422675735,0.1685995402662,-0.2936947672781,-0.1486896343882,-0.2317134082324,0.0967275398573,0.1716470665480,-0.0006458719192,0.0972556002919,-0.0812415198463,-0.1109139655481,-0.0730020747045,-0.1098994122143,-0.0539473540870,0.2881074790323,-0.0198256887934,-0.2464968581748,-0.0083048812429,0.0432070864852,0.3287668408095
0.1029655233118,-0.2982368256346,-0.3694632524246,-0.0210287924183,0.5328819161061,0.3121199687615,0.0042414429531,0.0708863407747,-0.1331481835679,0.3077280066627,1.0000000000000,0.6599445817136,0.1647215546581,0.0683633752268,0.2267887224047,0.0489552776170,0.4558824749015,0.6668438678098,-0.1015440520060,0.0780857600819,0.2607124133329,0.0416246401838,0.6125376038583,0.5076348291399,0.0326678737007,-0.1993524990565,0.3664263284720,-0.0554113410800,-0.3146907218526,-0.2541124299456,0.2725572675256,-0.1552197459215,0.2037803814622,-0.1552232153258,0.4345736724837,0.0333005741181,0.4330514027848,-0.3079214565343,0.2487267909661,-0.0929034477440,-0.2884758086948,0.2491287060731,0.0930600766224,-0.3777297369737,-0.1805615704204,0.0084324665904,-0.0000244401887,0.5303803505690,0.0455622463442,0.3270901437390,0.1891124610083,-0.3206362561453,0.1533446704655,0.2530810602159,0.2761266498025,-0.1733197082880,-0.0683985727142,-0.1396152547317,0.0681950379651,-0.2189759308433,0.2112161251849,0.4368381298259,0.1410145368382,-0.0171508562305,0.2203490754748,0.1492930390984,-0.2534939648469,0.3463715560106,-0.2237374756005,0.0176183901626,0.1778246700709,0.1396583156719,0.5580559016721,-0.3038352276050,-0.1965035106376,-0.1973111044603,0.3885043819563,-0.2322148982403,-0.1280822552087,0.1371906044866,-0.0600931401493,-0.1377199943816,-0.0810580224348,-0.1741013651863,-0.3816401305765,-0.3203063761744,0.4151522935378,0.2391601179211,0.0204173758850,-0.0699989038903,0.1911853705360,-0.2002136279289,-0.3626817412578,-0.2183547176860,0.0004114597551,0.4116730444459,0.1211886629566,0.0553950578069,0.3289541627834,0.3408342633157
-0.1211404176802,-0.2919114643564,-0.2542712878688,0.1718159515850,0.2628223008544,0.1489421896835,0.0712615765230,0.1781129529012,0.0461954884769,0.4990872182907,0.6599445817136,1.0000000000000,0.6057831313908,-0.0351643570538,0.0769525154153,0.0965511089734,0.6362322073666,0.4795685897660,0.0392218480682,0.1960600509800,0.5766378555201,0.3249273132856,0.7056140069481,0.5177113498746,0.0117080132594,-0.0828556869170,0.3043838463140,-0.1678136354267,-0.3131751534268,-0.3927891575010,0.1908610496068,0.0750664395908,0.4470816185868,-0.1044718784810,0.3558864257362,-0.0130769068947,0.1710762070590,-0.2369314918162,-0.1369883203072,-0.1565253362705,-0.1271331667178,0.0516325020306,-0.0341091125475,-0.3518464878268,-0.2902700194237,0.1236500165864,0.2514167880285,0.1497342785191,-0.2297993481859,0.2673280203383,-0.0701589740940,-0.3101211704816,0.0853493697996,0.1681041461457,-0.0038106600661,-0.0193889924153,0.1686428054891,0.0668840588990,0.1765048569949,0.0227968971144,0.2535412754390,0.4165104230282,0.6170877754766,0.4015073712477,-0.0866941120317,-0.0709221653440,-0.1102376591319,0.3663611130380,-0.0087397267108,0.2435209968394,0.4925726463884,0.4271300427271,0.4666438389984,-0.1104700642295,-0.0082613291567,0.0634022779753,0.3127340847241,-0.2428635984523,-0.1909898531391,0.1550360072145,0.1975723671079,0.1735869977651,-0.2170205846357,-0.2416395773573,-0.2338796929866,-0.0214474834241,0.1332840969946,0.0666103737774,-0.1015509382214,-0.0830873118153,-0.1098136677740,-0.0913313815483,-0.2032814949409,-0.1910489637289,0.1527309623279,0.0351720733275,-0.1208079546543,-0.0536962121830,0.1829785074893,0.5009847556736
-0.3429723101218,-0.2389381630936,0.0474267545350,0.5087431692645,-0.0479108566777,0.1448182331751,0.3706016354205,0.2842612331308,0.1945402337274,0.2438191381604,0.1647215546581,0.6057831313908,1.0000000000000,-0.2998125625924,-0.1011572686729,0.3706562474540,0.5857956122545,0.1751758009900,0.2521377929103,0.2108755671940,0.5323025079766,0.2783588588346,0.2345863107476,0.3558603199812,-0.0374177431645,0.0419380994200,0.1520628696366,-0.3982479872843,-0.1185111569755,-0.3438788371919,0.2859709554397,0.3286828371657,0.6044063305985,-0.1387599441195,0.1234122131660,0.0644793986748,0.1276160015161,0.1359438745099,-0.1131583173118,-0.2199552751534,0.2037813922545,-0.0335046748020,-0.0425133655377,-0.1543557729205,-0.1824568509673,0.1479064496156,0.5224451648161,-0.1092507917711,-0.3115187857441,0.1737179203717,-0.3711529488622,-0.1958962733518,0.1008652821554,0.0039453167189,0.0195330327786,0.4088790915465,0.5247367283813,0.3348396546990,0.3806169963549,0.3318183412506,0.1132673972746,0.2206141231333,0.6365149665604,0.8553820786927,-0.4213144281038,-0.1884257109431,0.4001849875039,0.4545612960300,0.4054961714007,0.3810262926147,0.4979305397325,0.2582558517043,0.2284616211678,-0.0277094344543,0.3204866864655,0.3481092352793,0.0374999685675,-0.1758731502334,-0.1832796410577,0.3380892327422,0.3849542183440,0.5364806870767,-0.2124011065201,0.0254437378962,0.2434096643709,0.1866339613724,0.0827791801120,0.0433420613305,-0.1031544394271,0.1985695447823,-0.0644361084335,0.0971204092420,0.2027002888235,-0.0359654444231,0.2384695623818,-0.1118180864422,-0.3871489190889,-0.1311391859702,-0.0849509353600,0.1245904782867
0.4933234688521,0.6194409853892,0.1873015359383,-0.1796469581342,0.2406885861646,0.1103723297968,-0.1407295709650,-0.1586836536635,-0.3174433875419,0.1578879865811,0.0683633752268,-0.0351643570538,-0.2998125625924,1.0000000000000,0.4867151240198,-0.2391229836179,-0.2024088597800,0.1037102702447,-0.3563086273000,-0.3512897191703,-0.0796785961708,0.1503330962133,0.0985880238307,-0.1156465601158,-0.0457610749328,-0.2459555106623,-0.4031173982818,0.2044214712056,0.3775714158255,0.5508320966398,-0.1625232987674,-0.2337377929536,-0.1221474637381,-0.0600313707555,0.1521935694387,-0.1422643689522,-0.1958956518017,-0.2734251153109,-0.0486889103859,-0.2188056294919,0.0833990639545,0.1940255340103,-0.2490456853531,-0.2153953976363,0.1206204530489,-0.0995918900142,-0.2139195708065,0.1804986926773,0.5825871796949,0.1549226356619,0.2640403905780,0.3740521832448,-0.2701400939867,0.3493397515438,0.0571662449468,-0.3062687091340,-0.3025390986835,-0.2049339555916,-0.2390010400721,-0.3215970840203,0.0863737601111,-0.1081005196552,-0.0932360038645,-0.2914751327480,0.3470951932689,-0.2947385783330,-0.3589854469086,-0.2346270227040,-0.3607350306667,-0.4323630315234,-0.2560441011690,-0.0120297380205,-0.0411120951820,-0.1326187239279,-0.3152799145511,-0.4113545011558,-0.3721046110123,0.1835818325021,0.4203903660684,-0.2738552425172,-0.2475226493349,-0.3731212124023,0.4188893616674,-0.3685458076757,-0.2251278418667,-0.3291088906143,-0.1548350794972,-0.1025664482741,-0.1878756287374,-0.4273294185447,-0.1473030196957,-0.4465014102874,-0.4937502637073,-0.1685997967675,0.0670814154751,0.1894722609567,0.3929072498681,0.1615492090117,-0.0328049276846,-0.0359578739504
0.2689955546561,0.4105283745649,-0.1661739121370,0.1014392784536,0.2301269999158,0.3178585845606,0.2461246877007,-0.4007860219971,-0.3096928162516,0.3534086498018,0.2267887224047,0.0769525154153,-0.1011572686729,0.4867151240198,1.0000000000000,0.1097981968527,-0.2008884021288,0.0736601311351,-0.1692280793325,-0.5168263560726,-0.1826630896498,0.0768088819507,0.0913090527983,0.0106760048826,-0.1002857641340,-0.3671011031313,-0.2995052857473,-0.1823678238747,0.0982281571268,0.1539567819729,0.0450723609537,-0.1466745066847,0.1177471739370,0.2380712612294,0.1669038249532,0.0914144881957,0.1447777607488,-0.2240349309467,0.4126285304664,-0.0010138792684,0.1421873907473,0.5507862481492,0.1213889387316,-0.0146329993270,-0.1599243640862,0.2382668378176,0.0766509373475,0.3053818691432,0.3152245685399,0.5455430768563,-0.0688665756752,-0.1067153288333,-0.2392229530599,0.4698757097618,0.2195610559192,0.0294703427509,-0.3932060130055,-0.3800893158695,-0.2575379603312,-0.2288409541167,0.0454790244198,-0.1709413003010,-0.0762254095197,-0.1399717258291,-0.0047603067616,0.1234166351192,-0.1606557710581,-0.3078874542420,-0.0954158616494,-0.3016920056585,-0.2924761565245,-0.3242320782152,0.0159732033025,-0.3840065071639,-0.2560655153400,-0.1799242199753,-0.1117238338368,-0.0655781101495,0.0158001531861,-0.0880562214019,-0.2049877934771,-0.2635525549751,0.0577860289689,-0.0099657619781,-0.2487722742735,-0.2997859770386,0.1360911735870,0.0419566625715,0.1749386885507,-0.1400719672976,0.1751032921238,-0.0997329327396,-0.0319405151111,-0.4157001616669,0.1969131419047,0.1937843286306,0.0277903186842,-0.1839413792337,-0.1532547534988,-0.0439251793007
-0.5586609846625,-0.2957713067826,0.1665273386540,0.7169894278382,-0.1697287737940,0.4336664637568,0.7079311937769,0.1540125901505,0.4788403705608,0.0848942028277,0.0489552776170,0.0965511089734,0.3706562474540,-0.2391229836179,0.1097981968527,1.0000000000000,0.1128146349045,-0.0234742460962,0.7931219597654,0.1719782834549,0.3419017766180,0.1663540120610,0.0149080964619,0.3024573402564,0.0259594666899,0.0279424316937,0.1300419153490,-0.3994803478344,-0.0716027702884,-0.1619599138335,0.4636771205648,0.4175064279331,0.5142405551692,0.0453273938001,0.1771256118685,0.5511399345077,0.2018941072773,0.2411977293585,0.0983861406186,-0.2278332718237,0.2678486990778,0.0407731354601,0.2706079539487,-0.0059331262511,-0.1820805283014,0.3470171742555,0.4603376087529,0.0446845115013,-0.1335481687884,0.1147721813573,-0.5008239635870,-0.1738423670997,0.1926412616781,0.1002556254676,0.2341097643681,0.6974655829634,0.2969596853715,0.2815580085691,0.3633627942824,0.5718038661275,-0.1068023861817,0.1039852810147,0.1787423683043,0.3782885878504,-0.5529166252425,-0.0008347955677,0.7570467204193,0.1250187592269,0.7709525567951,0.5026983080502,0.2771166762673,-0.1371745448405,0.2232655403432,0.0184351429998,0.5422469322128,0.0528578396971,0.0906189678190,-0.3836355713760,-0.2845960408011,0.4957697053354,0.1987707782406,0.3929654177355,-0.3686288532849,0.5320624834115,0.2307008275375,-0.0280986870299,0.1639095635251,0.1805035905730,0.1606524068813,0.3356727086201,0.0323899128270,0.0063910666811,0.3309021252157,-0.1520599729693,-0.0272581170135,-0.0202893932407,-0.4403417945827,-0.4462276437853,-0.4367596249376,0.0186326955916
-0.1083159967360,-0.4614694492595,-0.3093386165790,0.0070932702209,0.2835491424870,-0.0011093293934,-0.0036870309165,0.3314131104566,0.0074542256050,0.2103340791469,0.4558824749015,0.6362322073666,0.5857956122545,-0.2024088597800,-0.2008884021288,0.1128146349045,1.0000000000000,0.5343462760011,0.0426458817942,0.4515246299360,0.6472364340323,0.0206448237960,0.4472919953036,0.5311696358239,0.1956174127959,0.0135640495006,0.5733923407397,-0.1071283007544,-0.4156855730480,-0.4611614466519,0.4961437951536,0.0580681859006,0.4827180737205,-0.2744365223590,0.4236188865691,0.1180492072262,0.3239063551663,-0.0393971706021,-0.0440372116513,-0.1367611273273,-0.3000681985364,-0.1630941676436,0.1441114320362,-0.2780010886038,-0.1373088629683,-0.2094772382698,0.0585499583760,0.1257021022514,-0.2778262049282,0.1357811397583,0.1049811124202,-0.2775731198574,0.1934634093861,-0.0174060968262,0.0436882715347,-0.0836301462661,0.2801937156370,0.1189057000127,0.2240595741467,0.0008610874990,0.1917437266765,0.4155373722517,0.3605762619074,0.3794526600605,0.0486274010190,-0.0436918413595,0.0057122308199,0.5780639186935,-0.0200226092126,0.3374799363366,0.5358012241179,0.3322620231264,0.4438377634924,0.0146607017491,0.0341903441634,0.0537493013972,0.3914274977054,-0.1321036176937,-0.2473372349275,0.3032210757337,0.2020196078711,0.2696681517944,-0.2771144159523,-0.1803392811486,-0.1573049847306,0.0320339480288,0.3023991551680,0.2865739700190,-0.1137056864414,0.0828660726705,-0.0026548498884,-0.0574205540116,-0.1984816705254,-0.0692183213208,0.0224657897647,0.1440346829349,-0.0356685849275,0.1166858119937,0.2198736966540,0.3110719342301
0.1148262329063,-0.1841149887395,-0.3499196373036,-0.1820010797450,0.4266786647509,0.0931882297827,-0.2145687197597,0.3290402927694,-0.1791437077281,0.1518373666967,0.6668438678098,0.4795685897660,0.1751758009900,0.1037102702447,0.0736601311351,-0.0234742460962,0.5343462760011,1.0000000000000,-0.2129473957289,0.2169922473872,0.2638033796038,0.0466278199744,0.5010166458599,0.6061597680001,-0.0075593020783,-0.1541063973582,0.3603694574239,0.0502679146196,-0.1774432996618,-0.1157264492941,0.5046995230761,-0.1793242235833,0.1841572416036,-0.2361077749731,0.4367411941924,-0.1890914355289,0.4245501690234,-0.1904953006955,0.1629255201254,-0.1663206079179,-0.2957231680219,0.1090195608090,-0.1502978165806,-0.3947407102413,-0.0627547263149,-0.1176366971370,-0.1033999675451,0.3225814677248,0.1531811215199,0.2041915563241,0.1420139503749,-0.2189109632612,-0.0145948743557,0.1061208125478,0.0680022842540,-0.3386879599705,0.1258898985869,0.0598163966314,0.2877126275131,-0.1814715723903,0.1809615037782,0.2498014653368,0.0385027967885,0.0286796161763,0.2524528072652,-0.0825595700855,-0.2649849016810,0.5454777125506,-0.2402876298443,0.1200657186015,0.1359707934397,0.1265051274032,0.6457974902630,-0.2194299558321,-0.1258425537062,-0.1280222966420,0.3086446330022,-0.1260207283603,0.0388653429747,0.2753106177306,-0.0748133272193,-0.1149199100364,0.0928374938905,-0.3185282166333,-0.1968953068383,-0.3512923160133,0.4404853447122,0.2043011063660,-0.1385264090452,0.0476402446019,0.1460643740873,-0.2832618847966,-0.3572706575232,-0.1527218963098,0.0708838585632,0.3326005450291,0.1350067744658,0.1381895927633,0.2547706555475,0.1756194801123
-0.6641240556191,-0.3974568380836,0.1836649480604,0.5796528820214,-0.3249092910047,0.2102339314126,0.5185260057357,0.2673749371787,0.7805246271028,-0.0096350202132,-0.1015440520060,0.0392218480682,0.2521377929103,-0.3563086273000,-0.1692280793325,0.7931219597654,0.0426458817942,-0.2129473957289,1.0000000000000,0.4600346546223,0.2630427758002,0.1022278629402,-0.0795487584421,0.1831252164798,0.2894449446778,0.1117258567411,0.1703829425600,-0.2270463580048,-0.1861034491561,-0.2038338233041,0.1782965979647,0.2766075045732,0.3266723963426,0.0767270928115,-0.0315349178439,0.5446003485285,0.0432333525566,0.2964613162916,-0.1180089151439,-0.1176258851777,0.1999930616542,-0.1375031377398,0.3219235112232,0.1182565809216,-0.1272953782259,0.2619751551232,0.3460785081450,-0.1351579350974,-0.2616809001432,-0.0864729976010,-0.4590013858105,-0.0986227246305,0.1757698857893,-0.0788020360889,0.0514051397892,0.6144353227263,0.2788125957068,0.3647572426240,0.2354775938550,0.7140557346024,-0.1797119704347,0.0786614743558,0.1247185543263,0.2884764454859,-0.5473314715841,0.0247790379081,0.6398997928573,0.0536555384886,0.7249123869367,0.6253603723566,0.2415718856763,-0.1211517467184,0.0925674843242,0.4073276057605,0.4936293955815,0.0483590463497,0.1660152227304,-0.2611169736768,-0.3565847176330,0.2988728661066,0.1442624256738,0.3728114957906,-0.3775503868505,0.4938245173447,0.2481448180851,0.1460910567068,-0.0220931450471,0.0367853168646,0.0708053005943,0.3718241454206,-0.1000374342037,0.0975400102456,0.3560097219355,-0.0162722525520,-0.1126602340576,-0.2185122813001,-0.3871297369499,-0.3688265151869,-0.3391368015262,0.0817587685724
-0.3871307300240,-0.4456615608171,0.0018989456765,0.0343979373208,-0.1324450625756,-0.0720497583438,-0.0398046013071,0.6731170728767,0.6009244420427,-0.0153670392829,0.0780857600819,0.1960600509800,0.2108755671940,-0.3512897191703,-0.5168263560726,0.1719782834549,0.4515246299360,0.2169922473872,0.4600346546223,1.0000000000000,0.3273866524905,-0.0013707823694,0.1006407414815,0.3365395145647,0.5008714311578,0.3201743765810,0.5483680163839,0.1187314941295,-0.3838379266648,-0.2386455985656,0.2921746001302,0.1174286974540,0.1888264376444,-0.0208654707183,0.1068082181453,0.1083206486403,0.1178144539941,0.4161462221183,-0.1886045441019,0.0976282233218,-0.2428483154420,-0.2437804276505,0.2206748608937,0.1637629013537,0.1414632854546,-0.0998938290165,0.0636347450159,-0.0715911529972,-0.3192433616270,-0.1439624921771,-0.0319910049707,-0.0471838364385,0.1490994116862,-0.1919605010452,-0.0867081501375,-0.0145440375772,0.3256431816932,0.3857426178754,0.2237895761008,0.3953820533517,-0.0164297969900,0.1778353986243,0.0412880141493,0.0905067602651,-0.0932467402145,-0.1330421212942,0.0884611422492,0.3008292464980,0.1173231278805,0.6146460457231,0.1919104373813,0.1254471991559,0.2195506002846,0.6575893606115,0.0874489601629,0.0897129366243,0.4273902046446,-0.1091270225555,-0.3056756292670,0.1447374417344,0.1020397357286,0.1819764383775,-0.2099624169986,-0.1041063583630,0.1613187819495,0.1550638326613,0.0328173425144,0.0665946756475,-0.3150646597472,0.4130995203224,-0.1383241220830,0.0779906241276,0.1009530853721,0.1532508899704,-0.1457645796560,-0.1288150405017,-0.1345956517211,0.0184721650074,0.1255011340600,0.0989911371883
-0.2109453350469,-0.2836010115418,0.0227620941377,0.2825350725685,0.0653927778225,0.1195558495712,0.2185910621654,0.3145424724776,0.2652485233075,0.3267551740847,0.2607124133329,0.5766378555201,0.5323025079766,-0.0796785961708,-0.1826630896498,0.3419017766180,0.6472364340323,0.2638033796038,0.2630427758002,0.3273866524905,1.0000000000000,0.3168568136629,0.4772830702414,0.5573214661788,0.0161437911714,0.1539365928733,0.3682757166611,-0.1626645610268,-0.1736734004952,-0.3374528454404,0.3461695358904,0.3335900718116,0.4942243932390,-0.2992641264906,0.3643480085857,0.1917826415875,0.1731163028155,0.0120906455002,-0.2673276113941,-0.3850490783987,-0.1240640047174,-0.3215395472804,0.0346084863824,-0.3126724192237,-0.1513873661144,0.0220905920057,0.1646192704204,-0.0496155458496,-0.2292603573903,0.0062593474880,-0.1096699964173,-0.1648264798679,0.1863630198120,0.0475012240569,0.0072304357338,0.1549503265264,0.3450858325121,0.2030832602590,0.3642324322215,0.2545702653033,0.2431541927387,0.4263512681997,0.5235780559935,0.3880889068455,-0.1663142985389,-0.1952392916745,0.2454944884262,0.3620699033267,0.2928076116912,0.4054962593876,0.7256616946592,0.5250860886073,0.4580745647007,0.1069616174716,0.3064229338662,0.0880323844058,0.1497266151871,-0.1930012044526,-0.1529430311676,0.3071509174137,0.2438443385316,0.3769401782659,-0.3048616896394,-0.1121587316276,-0.0352831379069,0.0419281073035,0.1151393238584,0.1836515349722,0.0166264412506,-0.0457026681710,-0.1469620049464,-0.2030187417215,-0.1387282991029,0.0034927361689,0.0338781225758,-0.0311362179818,-0.1469116688479,-0.0372913541951,-0.0236449311757,0.4910276568403
-0.0944875058736,0.1834153910282,0.1056211081371,0.2285103041009,-0.0588263424055,0.2015553449219,0.0881022097847,0.0651290415083,0.1776380242971,0.5834751086684,0.0416246401838,0.3249273132856,0.2783588588346,0.1503330962133,0.0768088819507,0.1663540120610,0.0206448237960,0.0466278199744,0.1022278629402,-0.0013707823694,0.3168568136629,1.0000000000000,0.4553159547306,0.1245916989066,-0.2468225255647,-0.0485565634122,-0.2178257125039,-0.1655992189003,0.2081702875779,-0.0020085804292,-0.0119611660473,0.2035366572637,0.3355990451631,0.0734236723598,-0.0398744562521,-0.1158148344734,-0.1377772842861,-0.0192251052252,-0.3470338503788,-0.2195957644228,0.4137721570200,-0.0755059228910,-0.4401578303792,-0.2059274586120,-0.1100774776757,0.4913474954982,0.3907249674361,-0.2451771087687,0.1487068373059,-0.0173048872928,-0.3001296262538,-0.1634524827349,-0.2881831595991,0.0298839161598,-0.0577440347552,0.0988343542331,0.2532386177841,0.2713539030932,0.2673583600914,0.2502005685324,0.3800230122257,-0.0656421658648,0.3980844485184,0.3379272982365,-0.4191515186366,-0.4524357490771,0.1412417997967,0.0109640695089,0.3015885672426,0.1777229225692,0.2459201446847,0.4762098708047,0.1293733583179,0.0303744510559,0.2437444895491,0.1635475312711,-0.1777533474418,-0.1096859872897,-0.0295601759348,0.1182766105027,0.1958694248179,0.2567449499832,0.0266198745736,-0.1443211955913,0.1290760613077,0.1221375529598,-0.1082119079671,-0.2854972501452,-0.0972854349161,-0.0632135910503,-0.3122235506195,-0.0842928454193,0.0171444063418,0.0859918671468,0.2701955046263,-0.2706692777607,-0.2137180293946,0.0481296840413,-0.2915326358075,0.1742522095596
-0.0020378558559,-0.2145787833453,-0.3925248462953,-0.0754196357027,0.2585902460705,0.0631439081078,-0.1377411576948,0.0557186896154,-0.0739140112693,0.4160511355055,0.6125376038583,0.7056140069481,0.2345863107476,0.0985880238307,0.0913090527983,0.0149080964619,0.4472919953036,0.5010166458599,-0.0795487584421,0.1006407414815,0.4772830702414,0.4553159547306,1.0000000000000,0.4411333213757,-0.1065039913194,-0.0274294756059,0.3123441167414,0.0043726383137,-0.1457139019482,-0.2413760589520,0.1777588709487,0.0669992823708,0.3778416690705,0.0352921564810,0.2765878139752,-0.0226944153563,0.1085358873714,-0.3279921226613,-0.2255132268940,-0.0729417434384,-0.1487968134647,0.0120224465971,-0.1568950201881,-0.3762839918974,-0.1901026038150,0.2366169037837,0.1167053196211,0.0676956169908,-0.0337518965897,0.1868723867888,-0.0352222111193,-0.3619078626753,-0.0918852674267,0.0576440224360,-0.0905074345838,-0.2284277923358,0.0537574160993,-0.0116347754587,0.0877519605297,-0.1151626874328,0.2191180771494,0.3129482777596,0.2951678763065,0.1462807834684,0.0311097764042,-0.1139715518642,-0.2220739224581,0.2513128413003,-0.1042985680145,0.1655611708245,0.3793254020033,0.4466373890888,0.4521909296302,-0.1707907547504,0.0035696306479,0.0042343942559,0.3649084843104,-0.2267117436361,-0.0953123021581,0.1420311462273,0.1194350576844,0.0957200356500,-0.0866664309565,-0.2251354902085,-0.2768346904055,-0.0927205760712,0.1075513014379,-0.0081451735327,0.0346991078197,-0.1556880802768,-0.1626268754141,-0.1450647614786,-0.3068101235005,-0.1910922992199,0.0278213901914,-0.0160779377637,0.0134124524095,0.0651717217697,0.0741167002278,0.4927570618324
-0.0955942758903,-0.3513249836220,-0.2716165390811,0.1263441388836,0.2443633805688,0.1545870962714,0.1643723378850,0.1941573567717,0.1727942208012,0.2713202253981,0.5076348291399,0.5177113498746,0.3558603199812,-0.1156465601158,0.0106760048826,0.3024573402564,0.5311696358239,0.6061597680001,0.1831252164798,0.3365395145647,0.5573214661788,0.1245916989066,0.4411333213757,1.0000000000000,0.0834428712946,-0.1011630458997,0.5581467301064,-0.0955961642320,-0.3073583282456,-0.3402892909606,0.5009183713666,0.0173303203880,0.3007900322807,-0.2265643453855,0.5249812830112,0.1832103430387,0.5923277881121,-0.1291686105686,0.1079134175412,-0.2483835260897,-0.2590761998433,-0.0630547100919,0.0938126748329,-0.4141932497471,-0.2566906998287,0.0524071834802,0.0110648742873,0.1208809814276,-0.1541169645200,0.1345999437675,-0.0572333771125,-0.3605847239170,0.2169322114795,0.0786699735823,0.0590655862059,0.0390186639931,0.2223854867220,0.0818307655504,0.3510578587718,0.1756417957057,0.1571416861109,0.3763146673121,0.2741384931553,0.2400596904364,-0.0474674396139,0.0856351684277,0.0816899469751,0.5425175356378,0.1734273308509,0.4509728632407,0.4023045854652,0.2164622156018,0.8451961492475,-0.0822127548637,0.1900840476418,-0.0558608695738,0.3853912542211,-0.2271424734391,-0.2472383342008,0.4570553687048,0.0336885262214,0.1349016633070,-0.2527031041812,-0.0213920324637,-0.2229478862203,-0.1465150938031,0.4850409152983,0.3298116647881,0.1581901801031,0.0708401801809,0.1526565910278,-0.1985844011466,-0.2054245282828,-0.1157387583235,0.0075133337898,0.1288700498716,-0.1467536176854,-0.1185804892121,0.1716119902536,0.4469102873558
