1.0000000000000,0.7166031376897,0.6783867429739,0.6209817043855,0.6333720167167,0.4224873990684,0.5692967056684,0.1288963701790,0.1845869483747,0.3226950853599,0.3477041102598,0.1610215654268,0.0322778342043,0.6713618999281,0.5225445660879,0.4678878267828,0.1085626304429,0.1311565308575,0.3545377749562,0.2649801331776,0.2771178794943,0.1750769847742,0.3384506237285,0.2309372546437,0.0943094886692,0.1509315049432,0.0986346182417,-0.1350374829794,-0.2299523517617,-0.1723055360944,0.1785091490829,0.1443315558438,0.1610750784363,0.2339321182881,0.4682358473350,0.4977179586421,-0.0697551935789,-0.0336101845224,-0.0240260488717,0.1722504338371,0.0207456429519,0.2128144102017,0.0536586344419,0.0117120374090,-0.2059000475065,0.1792349442210,0.0147910768173,0.3085671193901,0.2668524318452,0.0083815306239,0.8006952186582,0.7546315974644,0.6468917491047,0.5832696532902,0.4055266004302,0.5928480065210,-0.0273825275347,0.0205641642787,0.1621170843616,0.1231044663372,0.1779420238781,0.2261118789448,-0.0099874270879,-0.0396250275603,0.5022496299589,0.0121420936496,0.4839715260747,0.0404062581069,0.4075760136493,0.1884524004962,0.1207243431057,0.1647445948304,0.2741818289455,0.0094265528732,0.1900942200928,-0.0474528528731,0.0884827992567,-0.0992095812485,-0.1815652286306,0.2214069396938,0.0679111273002,0.0801772229464,-0.1268160349443,0.0659723739322,-0.2211928523219,0.0835196630435,-0.0990663044149,0.2978922295142,-0.0395075454464,0.0029913730693,-0.0240499505170,0.1801767763076,-0.0834570316529,-0.1540944705595,-0.1421361428584,0.3608960919604,0.2847880504703,0.0130765161655,0.0951898355623,0.0639839193684
0.7166031376897,1.0000000000000,0.6774515986770,0.5277778805318,0.2846785040742,0.3378962054262,0.4768191821657,0.2112866546347,0.1877531735879,0.3921099075193,0.3386168481161,0.1051763804011,0.0626232490315,0.4864303652621,0.4203458516397,0.2793085559434,0.0775415957018,0.0563462714961,0.1861231674759,0.1497536752901,0.1675877672388,0.3028687905360,0.2664936937873,0.0611855764932,0.0434487197947,0.1100838055042,-0.0638813607011,0.1536274577970,0.1349530000803,0.0754677453157,0.0303584865545,0.0417358478710,0.0784547372384,0.1625954574901,0.2770103052848,0.3836619342932,-0.2330357819545,-0.1599332443646,-0.1326058895376,0.1403037741197,0.1990421659226,0.1856351329292,-0.1723472964373,0.0923881022661,-0.2074312193276,0.1745416936444,-0.0340015586058,0.1601505476631,0.3284285704239,-0.0562616516188,0.4638393222235,0.9039314255066,0.5884954074830,0.4015623459395,0.1486760596185,0.5156618060237,0.0317333306732,0.0665783724524,0.1991273968056,0.1197872885063,0.2783352030613,0.2204894967873,-0.0319749557096,0.0041644576158,0.6228167297590,-0.0968491911283,0.3105235264352,-0.0221423411116,0.2625704745163,0.0200480835854,0.1558479503838,0.1855211561118,0.1808537768777,-0.0501328734873,0.1650880558449,0.0784508129592,-0.0602103985129,0.2037742349176,0.2114194066604,0.0965429032870,-0.0041988850396,0.0423561820960,0.0362309621384,-0.1192691135692,-0.0886617818936,0.0709389215559,-0.2564619090838,0.1765915527771,-0.1967224283898,-0.0895890039768,-0.1336728288066,0.1481267675362,0.0044614863999,0.0411819722067,-0.0588073351302,0.2493949940551,0.3055624272812,0.1219365399409,0.1842868176551,0.0942174523278
0.6783867429739,0.6774515986770,1.0000000000000,0.6606733487685,0.5751398286871,0.7306849527982,0.7652815321893,0.3790772722547,0.3612585417312,0.4837754171196,0.4853837045820,0.2899598485770,0.3490011319299,0.3901755005543,0.4911075122552,0.4292096724954,0.2939004088022,0.2171159606245,0.4575103452328,0.3883847812103,0.3569653798040,0.2760876395010,0.2956964096910,0.2832610381010,0.1773518373434,0.0877492847895,0.0793744616800,-0.1371653016254,-0.1634722857103,-0.2961427940725,0.2118987311930,0.1050087529161,0.1999396572134,0.0157331842611,0.4273216699956,0.6162362883703,-0.0973686159355,-0.0672259631852,0.0100956742825,0.0806559726680,0.0584652618673,0.1991171591898,-0.1206014091918,-0.0421970140104,-0.2989079969777,0.1998303114895,-0.1636704441160,0.4603323021732,0.2700006467535,0.0002143752753,0.6034986525050,0.7728674105852,0.6093671847744,0.8330738755322,0.4521271276456,0.7446655621210,0.2727284141316,0.2140337430304,0.4286224308084,0.2891611948895,0.4210905286102,0.4305995733770,0.2451921382914,0.3254536671171,0.4729774365494,-0.0315824007635,0.4652447230640,0.2377400989020,0.5241804682390,0.3398665737509,0.3968231969696,0.1876091455819,0.3783850857413,0.1781970698780,0.3493464799873,-0.0592055127744,0.0307150848626,-0.0515822913187,-0.1040275077258,0.3370576291230,0.0711121730324,0.2007991658434,-0.2656445990893,-0.0970510409573,-0.2239198309426,-0.1120446591845,-0.1604838953833,0.3522581035664,-0.1956922104926,-0.0602327529245,0.0009341193036,0.1137411293708,-0.1321395641813,-0.0782766203592,-0.1451020639132,0.5331611082239,0.2467569926179,0.1487843692702,0.2738838162084,0.1258138709948
0.6209817043855,0.5277778805318,0.6606733487685,1.0000000000000,0.7488621121117,0.7160303773351,0.8707575108499,0.6251509246444,0.6166410382355,0.5422525613969,0.6187622347325,0.5027234742421,0.5107251285289,0.5296756356177,0.8611224994385,0.5684476946460,0.6009321014893,0.5784052888610,0.7151657008351,0.5877437090571,0.5206023195742,0.3977850031704,0.3453108901855,0.6283135169185,0.2009283307884,0.1963468931132,0.1891348969418,-0.1429980421978,-0.0685970356540,-0.2196050035943,0.4421492772852,0.1432094193515,0.2933296518716,-0.0412678261514,0.4448383931816,0.5051551913478,-0.1843390022323,0.0469441272459,0.0562895020353,0.2621228840468,0.3371128427713,0.4424759876414,0.0011741308098,-0.0667462686959,-0.2113827313843,0.2136593853849,-0.1925171326852,0.6412872142792,0.5010367956319,0.2564056192649,0.7065504755812,0.6337256893171,0.9281007907779,0.7108160124031,0.7429333912567,0.8845029035524,0.3480380640933,0.5678180310016,0.6395504075269,0.5697496875797,0.3742745635850,0.5935095083176,0.2618335856427,0.3694280337941,0.5691024653323,0.3159264920359,0.4786844452498,0.5494566367001,0.7073278163574,0.6153403032765,0.4085502684649,0.2071282684600,0.6573094949335,0.2076190643904,0.3150169815092,-0.2234856880305,0.1180600712009,-0.0260515742369,-0.1056744099500,0.6624830449020,-0.0650226296078,0.3286780216731,-0.2482620959408,-0.0770248438719,-0.1746216131329,-0.2092374767337,-0.2575385518594,0.1875314474670,-0.1650255225352,0.0114067267067,0.2433597042025,0.2703062825929,-0.0448940505848,-0.1289221186063,-0.3063166670590,0.6947625074346,0.5241277557234,0.3826988641595,0.3891533656503,0.1414888473197
0.6333720167167,0.2846785040742,0.5751398286871,0.7488621121117,1.0000000000000,0.7489246966414,0.7436171415207,0.5268540276327,0.5361257109392,0.5309427752151,0.5717217126906,0.4912595099010,0.4763288967628,0.5575157032332,0.6493207084686,0.5078956762842,0.4703924634128,0.5348179077175,0.5511775303423,0.5409428116930,0.4972557995298,0.3847076296813,0.3622905723113,0.6153297164877,0.2055464962805,0.2589684997908,0.2431938860150,-0.2278371890023,-0.1652491605957,-0.1762734322323,0.4756221932131,0.2147377511658,0.2735698732098,0.0103442219037,0.5082761626743,0.3759367392915,0.0669760740951,0.2129169957971,0.1545165016002,0.2270275069585,0.2378248847717,0.4183119826462,0.0839430962409,-0.0731354564990,-0.0642276665580,0.1761133023207,-0.0595322633743,0.6934886487224,0.5278635532340,0.2263637574719,0.8146212091147,0.4096415426524,0.6161239956060,0.7663134915013,0.8388456189027,0.6899662100074,0.3430589687473,0.4626327096155,0.5110074887610,0.4882350236900,0.3559284144556,0.5182471696521,0.3356613617968,0.3552659302269,0.2885772732850,0.1792953532483,0.3691864678248,0.5450572129607,0.5375383838939,0.5603598692424,0.3133975437999,0.2261245157637,0.5971442701873,0.2207402675908,0.3258543644459,-0.1923659163096,0.1519343403134,-0.1154138880463,-0.2231158723043,0.6030237433965,-0.0466094575171,0.2350156166363,-0.2079495643034,-0.0207407763768,-0.1403896940414,-0.1228642991074,0.0035958544800,0.3056240683924,-0.0891923436567,0.1109221727803,0.2688808898298,0.1957456248341,-0.0902440491807,-0.1954904547978,-0.2665148100876,0.6479198824001,0.4257714845961,0.2716505473921,0.2722990956246,0.0020794073861
0.4224873990684,0.3378962054262,0.7306849527982,0.7160303773351,0.7489246966414,1.0000000000000,0.8426494353014,0.6589199263999,0.6288984185754,0.6919339433574,0.6357719136724,0.5427359840129,0.6310047828923,0.2875714439112,0.5703173279154,0.3967337539210,0.5380857781755,0.4908047802651,0.5707611132829,0.5597432665904,0.4016150360338,0.4439580239737,0.2839295024498,0.5301733002999,0.1961105094514,0.1236248485672,0.1469270373251,-0.1786409812101,-0.2067274717794,-0.3045058728107,0.3650557063832,0.0977235111066,0.2223292871194,-0.0953902426124,0.3417673467942,0.4505894364491,-0.1005201071129,0.0603850819091,0.1094775532098,0.2207413192487,0.1791039461726,0.3552952057862,-0.1198284864011,-0.1530368159524,-0.2340976625564,0.2780447138549,-0.2090844992100,0.7909822846397,0.3779319048708,0.1591052198233,0.5670545949785,0.4562318504734,0.5923984958900,0.8517986057224,0.7886539392865,0.7671929615416,0.5101278120397,0.5753457326289,0.6552568996370,0.5640874426993,0.6327726681188,0.6118770475489,0.4942356866919,0.5852753610344,0.3207606418688,0.1004148471752,0.3483966195953,0.6225550307904,0.6250641504583,0.5840855474075,0.4679639363292,0.2321120761641,0.6250354038868,0.2594985528850,0.3149379523014,-0.2010951367462,0.0723307713715,-0.1107158380552,-0.1943471832740,0.5858135467461,-0.0101580417482,0.2997823521176,-0.3087834865167,-0.1515206472251,-0.1960691618892,-0.2241073752212,-0.1465975311597,0.1958388011159,-0.2768347702302,-0.0171236479621,0.2074289049224,0.2465845707016,-0.1516962981029,-0.1126010461673,-0.2058324814861,0.7677582348575,0.3156808680897,0.3521734890042,0.4459557316515,0.0499490257839
0.5692967056684,0.4768191821657,0.7652815321893,0.8707575108499,0.7436171415207,0.8426494353014,1.0000000000000,0.6272232519834,0.6264899077413,0.5944166891447,0.6203720993213,0.3960560553416,0.5207026734336,0.3922330990204,0.7272330898011,0.5627817825124,0.5299953586429,0.4415694328814,0.7114538817256,0.5864890780533,0.4690455750967,0.3626575634901,0.2953555601485,0.5371221664094,0.2383754587853,0.1210326182771,0.1092887564057,-0.1549032102725,-0.1720404875091,-0.3536763145733,0.3902805611719,0.0877810620149,0.2542371467591,-0.0034395966291,0.4713122230994,0.6695411115449,-0.1765250453344,-0.0167931127171,0.1131124883172,0.1876544983809,0.2056114155193,0.3340727190630,-0.0389521280235,-0.0531993804935,-0.3140105987561,0.1792652785433,-0.2437670652764,0.6635940543336,0.3649605649901,0.0976920823013,0.7016754943634,0.5952407357660,0.7974501011011,0.8018865510493,0.6904377170122,0.9545114391137,0.4460394850952,0.5034115513607,0.7068032967979,0.5570070191875,0.5083380032269,0.5740599287129,0.3398156624899,0.4550386649554,0.4830271054003,0.1679114348637,0.5709109519837,0.5031222967848,0.7772987582540,0.5867030630768,0.5304251866776,0.1702313281335,0.6524214577816,0.2444706936419,0.4137086481819,-0.2282994881005,0.0608430219558,-0.0826426640013,-0.1687083935423,0.5954570002185,0.0206565183852,0.2753406156857,-0.3366028277836,-0.0390521599309,-0.2497163681960,-0.2056615994955,-0.2189903336717,0.3321358159723,-0.2198270387232,-0.0239648140191,0.1983176191537,0.2271407440165,-0.0823381599514,-0.1967993365998,-0.2764911188131,0.7085120549230,0.3673642951519,0.3647165306934,0.3714280447834,0.0654437905122
0.1288963701790,0.2112866546347,0.3790772722547,0.6251509246444,0.5268540276327,0.6589199263999,0.6272232519834,1.0000000000000,0.7935026615386,0.6200683822207,0.6090296235156,0.5809909329969,0.7124193687061,0.1867675281057,0.5457471884237,0.4320505904599,0.6757225533773,0.7819853336371,0.5837121275745,0.7237914589671,0.3776522952409,0.5292369740022,0.2687881444753,0.5891601757380,0.2645276179855,0.2216252328239,0.1788326033460,-0.0020928312814,0.0986850226905,-0.0456060744841,0.5360854236643,0.1508519605699,0.2366237597058,-0.2219515942931,0.1532095159871,0.2203472969602,-0.1747098364430,0.2351060903330,0.1071173306507,0.2151072443504,0.3862128994428,0.4201176858010,-0.1372577833031,-0.0663454360534,-0.0491762955580,0.1632456406522,-0.2146427749009,0.6457237741655,0.4084183013273,0.1961486332620,0.3213289454499,0.3197915352580,0.5205511921409,0.5086599656041,0.6387312194952,0.5789338352028,0.7157671665609,0.8616913975526,0.8733462328928,0.7599574429864,0.5392550819760,0.5706014768774,0.4425391335892,0.6047740508510,0.2356636629043,0.1865070766860,0.2326279900557,0.7994099096948,0.5653308755098,0.7230307250773,0.4341142047478,0.1996350667767,0.6491229460126,0.3828773377605,0.3880274333753,-0.1235734693309,0.0984656514052,0.1167557209886,0.0772330472454,0.7553536643691,-0.1066077616544,0.3724274052828,-0.1558966624727,-0.1802625529092,0.0942528448208,-0.2713114175465,-0.2439187386762,0.0267653070783,-0.3257993966749,0.1481929945111,0.3191219228580,0.2490061597721,0.0601975280156,-0.0180525362309,-0.2243721754043,0.6367184817028,0.3547117812332,0.4776759159398,0.5031682936288,-0.0368833165164
0.1845869483747,0.1877531735879,0.3612585417312,0.6166410382355,0.5361257109392,0.6288984185754,0.6264899077413,0.7935026615386,1.0000000000000,0.6089208044813,0.6013240649922,0.5848656976993,0.6516279772247,0.2371176613938,0.5765119726466,0.4889517032165,0.6320882634225,0.6553611104924,0.7091367232449,0.7071708566317,0.4980511982355,0.4960794142425,0.3634347369496,0.7465472028073,0.3891207944475,0.3778849597256,0.4039558639085,-0.0188857436947,0.0100636381864,-0.0992756579565,0.6075659965967,0.3093664113935,0.3577586855485,-0.0203472368742,0.3125806405568,0.2738345175848,0.0454674562461,0.3333928967787,0.2372076230775,0.3232887155561,0.3572726322189,0.4479964999176,0.0935589101149,0.0891406471619,0.0003296993732,0.3306595749468,-0.0554169192454,0.6642920516458,0.3471018366646,0.3136125218164,0.2793097389237,0.2581277704767,0.5123251011870,0.4795353088805,0.6465439528161,0.5458182829513,0.6203294119841,0.7608285189913,0.7844322881379,0.9647403990343,0.4805961057746,0.5554481359713,0.3671404404468,0.5053158409892,0.1783294126994,0.3193014989514,0.2963468339782,0.6821094149201,0.6148213370515,0.7849455222767,0.4635642521654,0.2591119192650,0.8303507626176,0.5366023134032,0.4304789426692,-0.0072547238079,0.3530222536248,0.0990849400864,-0.0477344824322,0.7297581226404,0.0137564398957,0.4681612627879,-0.2187513956511,0.0153152399186,0.2213926530759,-0.1423848897722,-0.0145070660250,0.2109026603576,-0.0821282578854,0.3369221836366,0.3892690130537,0.3494912196889,0.2271897870118,0.0689889385705,-0.1700527948476,0.6603073460824,0.2953154458910,0.3698537166383,0.4307136861320,0.1042773729935
0.3226950853599,0.3921099075193,0.4837754171196,0.5422525613969,0.5309427752151,0.6919339433574,0.5944166891447,0.6200683822207,0.6089208044813,1.0000000000000,0.7625697030339,0.6673680099986,0.5855376019583,0.3741462654353,0.5604108840678,0.3405907089018,0.4997637203352,0.4381416906014,0.4756929620134,0.5477298545945,0.4873005626784,0.7685062201612,0.4933470443149,0.5217843620114,0.2296526705051,0.2021257520618,0.2142106233173,0.0132821150028,-0.1254886356131,-0.1703957900267,0.3940441075395,0.1716329273605,0.3368122687020,0.0585761348843,0.1579543643398,0.3252834906818,-0.0444458400300,0.0914139130536,0.0928026578326,0.2845243593906,0.3865579026672,0.5507437115878,-0.0568830400637,-0.0738229938184,-0.1512473079179,0.4214895586510,-0.0250194057461,0.6393738127516,0.3635481842309,0.2684282681537,0.3997707406600,0.3999907633821,0.4513763127752,0.5470380829951,0.5872606648228,0.5114374299289,0.5471213883317,0.5689580526110,0.5673504682676,0.5314595962698,0.8652796016400,0.6765803944214,0.5757782515382,0.5177289311337,0.3155720069115,0.0716991721473,0.2886386296971,0.5499571656890,0.5070339563739,0.5365547127321,0.5398896203361,0.4905061219794,0.6257679249758,0.3678917332233,0.3298308294192,-0.1771542200086,0.2066596145816,0.0776803627188,-0.1277620827105,0.5216716247700,0.0497185161501,0.4275773051600,-0.2121377774024,-0.0914787243558,-0.0747423528781,-0.0664257343186,-0.0622015568363,0.1550393796425,-0.2252590681371,0.0404731929253,0.2130509804573,0.3133975748080,-0.0652490227390,0.0897796140811,0.0322928705628,0.6015179765464,0.3742637291105,0.5390990274730,0.6276948327523,0.1244616543485
0.3477041102598,0.3386168481161,0.4853837045820,0.6187622347325,0.5717217126906,0.6357719136724,0.6203720993213,0.6090296235156,0.6013240649922,0.7625697030339,1.0000000000000,0.7166571620011,0.6853091394012,0.3023641973721,0.6128919816033,0.3794096304561,0.5255499374722,0.4867867088231,0.4834436669360,0.4850199529855,0.4733194910600,0.5770464354089,0.5200346830170,0.5748684613158,0.2183121341886,0.2158778868425,0.2280918557446,-0.0871230470246,-0.0559817290068,-0.2547103314393,0.4164451130967,0.1974106438513,0.2814405923898,-0.0578391440406,0.2739560931380,0.3381398163131,0.0141313128170,0.0443977191093,0.1770045693746,0.2146401179609,0.2876966104107,0.4465736879844,-0.0181076955318,-0.1157407108656,-0.1963512645257,0.2100677389990,-0.1820154805682,0.6500427768447,0.2992892391116,0.2304157184421,0.4567323291373,0.4109493221959,0.5643336302622,0.5960865154714,0.6409540645197,0.5691696638657,0.5645118278508,0.5306977397829,0.5543173660174,0.5568696301058,0.6406395689412,0.9036523038808,0.7528015667118,0.6238300980041,0.3934110162695,0.2340895626823,0.3226387979620,0.5842754717597,0.4872882928998,0.5343725410416,0.6137189519681,0.4700109827838,0.6551898616108,0.3992148374365,0.3692605239673,-0.0780496326034,0.2283114764756,-0.0131558555953,-0.0509708440041,0.5243693909447,0.0369789131102,0.4091783553725,-0.3166680721075,-0.0390858768345,-0.1153266960122,-0.2747735113462,-0.0341974280416,0.2679429060652,-0.1059742708589,0.0376992011848,0.2898983372129,0.2412637805402,-0.0763124179699,-0.1162483709899,-0.2154904109018,0.6727863433201,0.3615352225818,0.4520416855574,0.4707649286873,0.1998700454439
0.1610215654268,0.1051763804011,0.2899598485770,0.5027234742421,0.4912595099010,0.5427359840129,0.3960560553416,0.5809909329969,0.5848656976993,0.6673680099986,0.7166571620011,1.0000000000000,0.6760462681960,0.3991649823230,0.5436652163935,0.3574550798798,0.6607476344041,0.6348825965470,0.4685303930972,0.5747746858308,0.6375716888332,0.6418107696842,0.6212348258675,0.6720171744980,0.2387678878489,0.4037402458836,0.4551664757492,0.0196084086256,-0.0250333217715,0.0301576109737,0.5467825439234,0.3987492396555,0.4820385692966,0.0194942709752,0.2337525700440,0.1293544751679,0.1699990099974,0.2831106066905,0.1776332553155,0.3431002497200,0.3243430457979,0.5085955684213,0.0526802125567,-0.0626540544990,0.0202230676180,0.3701273230970,0.0848143634227,0.6344053590063,0.3938787654545,0.4472893577771,0.2503449236977,0.1281065204366,0.3723863449315,0.4612935879343,0.6182803164183,0.3006486512227,0.4969560090689,0.5839638072629,0.5008788753277,0.5496921464235,0.4610759961567,0.7389501826434,0.6805501386685,0.5282753416039,0.1396818438565,0.2231465963224,0.1590035116891,0.6774781695461,0.3788915654021,0.6429853147429,0.4752520093903,0.5514151243965,0.6019183355080,0.4468942432206,0.2946796740870,-0.0422565646877,0.3490678644586,0.0567239206702,-0.0533621480306,0.6380507973975,0.1196480760003,0.5395179073934,-0.1609067470935,-0.1243907367139,0.0334476374157,-0.0974233590297,0.1000776613674,0.0512320340494,-0.0691071935280,0.1607298845518,0.3342005644075,0.2835301937735,-0.0324548971334,0.0801731221506,-0.0783860083975,0.5669071277169,0.3267554731450,0.2543570926389,0.3896319204252,0.1851499272045
0.0322778342043,0.0626232490315,0.3490011319299,0.5107251285289,0.4763288967628,0.6310047828923,0.5207026734336,0.7124193687061,0.6516279772247,0.5855376019583,0.6853091394012,0.6760462681960,1.0000000000000,0.1013840096173,0.4670607623558,0.2823457221313,0.7975015243003,0.6056808339524,0.4716039764991,0.5516538559660,0.3830953204931,0.5019732734639,0.3176675291396,0.6152828922574,0.3262796365673,0.2404392819700,0.3628143644023,-0.1829837340661,-0.0740366819046,-0.2164100840125,0.4891415110589,0.2144237618409,0.4021742245360,-0.1668891232176,0.1146681901565,0.1862987675908,0.0301255701480,0.1957611744327,0.2576391724861,0.2814924048248,0.3488159115570,0.4458232139331,0.0224876425103,-0.0041976818631,-0.0079613463965,0.2725870787442,-0.1084540713160,0.6519515421190,0.3345504479526,0.3767804105777,0.1966700189569,0.1660180611769,0.4007315962979,0.4581902220411,0.6213049152667,0.4548485817253,0.7647615170991,0.6925682077338,0.5996532301889,0.6202791178230,0.5219952934782,0.6963334974114,0.6809144260523,0.9207216768761,0.1068510469618,0.3384651457875,0.1689936200275,0.8245789673535,0.4251326427131,0.6141697490171,0.4858945793934,0.2462966266576,0.6292293616883,0.4885778485954,0.3092181318996,-0.1265213476632,0.2667158179482,-0.0566441146363,-0.1250535764127,0.6087644500763,-0.0168323224861,0.5685768223120,-0.2752317433586,-0.0537941085933,0.0440311091071,-0.2574822282734,-0.0346754099518,0.1038761181166,-0.1707273042419,0.1556925937610,0.4648476700240,0.2972358096848,0.0909561988445,-0.0053953125445,-0.1649356241436,0.6288692253683,0.3479043953167,0.4246982165946,0.4634651560696,0.0718900744086
0.6713618999281,0.4864303652621,0.3901755005543,0.5296756356177,0.5575157032332,0.2875714439112,0.3922330990204,0.1867675281057,0.2371176613938,0.3741462654353,0.3023641973721,0.3991649823230,0.1013840096173,1.0000000000000,0.6153322123422,0.5409659491992,0.2530937882523,0.2718255520622,0.3887771284816,0.3828049102493,0.5167361198279,0.3265438696841,0.4750859495008,0.3984968688040,0.2016802955520,0.3982328415166,0.3438031403955,0.0544917205718,-0.1042141044839,0.2375119286434,0.3885987404115,0.4677033034368,0.4637325371907,0.4119835000345,0.4456275197764,0.3766743774020,0.1601688898480,0.2657428772614,0.0791730578691,0.3528869166029,0.3038616744039,0.4414979788008,0.2714265707716,0.1745426032012,0.1185975258786,0.3553918766048,0.4054811294271,0.2902706840342,0.5485048127163,0.3562156799376,0.5556545931669,0.4348229551096,0.4616071032977,0.4004288645372,0.3586575607638,0.3577574596200,-0.0238102240426,0.1842409347965,0.1675231582857,0.1827101344725,0.0795996380273,0.2383931188724,-0.0105902045781,-0.0806299158910,0.3450393751080,0.1351477226798,0.3915562372637,0.1377537629566,0.3447018390335,0.2859955239071,0.0546721830333,0.2657759019474,0.2942474557565,0.0772233919996,0.2095251516976,-0.0693345136023,0.2238004641416,0.0561823962892,-0.1223431347725,0.3195502784853,0.1650169992282,0.2015949568081,0.1030590946148,0.1243085418311,-0.0131044066725,0.2692864611221,0.0922659374796,0.2318674824451,0.0923380714522,0.1677651284913,0.1063444169565,0.2137074504316,0.0312532556299,0.0211021378673,0.0019575154241,0.2281382986648,0.4625040051970,0.0298486038445,0.0971956565185,0.0575093078507
0.5225445660879,0.4203458516397,0.4911075122552,0.8611224994385,0.6493207084686,0.5703173279154,0.7272330898011,0.5457471884237,0.5765119726466,0.5604108840678,0.6128919816033,0.5436652163935,0.4670607623558,0.6153322123422,1.0000000000000,0.5697325197839,0.5474657366437,0.5295689594047,0.6506584018604,0.5553910274598,0.5227110833525,0.3844067818001,0.3894356620690,0.5918220239202,0.2724650397790,0.2848337470389,0.2630512604441,-0.1014149237640,-0.0505159321051,-0.0929395174298,0.4462520566229,0.2903943269631,0.3457064194462,0.0724146351498,0.3770571566286,0.4517958867016,-0.0769867013929,0.1333993866751,0.1967179066696,0.3541534528558,0.4873809095787,0.6375791144256,0.1894391728706,0.1205024818197,-0.0153240227763,0.2831277280940,0.0286625086047,0.5967575533084,0.4812615077325,0.5384595654054,0.5838830485121,0.4788519316007,0.7887088592221,0.5699985281953,0.6573181460510,0.7052610934630,0.2869975183862,0.5396589594470,0.5715124681245,0.5453662493142,0.3210924776451,0.5960081935953,0.2600889356037,0.2888083925856,0.5692967962717,0.4723986523376,0.3996747547811,0.4945970472805,0.6103005680866,0.5479565997217,0.3306523638461,0.1811029489739,0.6013292833499,0.2053881194942,0.2229007457223,-0.2217379351911,0.1692436456400,-0.0087929165834,-0.1090602820161,0.5803270508464,-0.0349259292008,0.2829843412844,-0.1780697192168,0.0340173022970,-0.0452652630550,-0.1234282264748,-0.1689539371687,0.2005468981282,-0.0746648775783,0.0646132987467,0.3420707696621,0.3121049617807,0.0897776056589,-0.1208255181207,-0.2293088302647,0.6044435652135,0.5022956986572,0.3760557377237,0.4598625633952,0.1571720796726
0.4678878267828,0.2793085559434,0.4292096724954,0.5684476946460,0.5078956762842,0.3967337539210,0.5627817825124,0.4320505904599,0.4889517032165,0.3405907089018,0.3794096304561,0.3574550798798,0.2823457221313,0.5409659491992,0.5697325197839,1.0000000000000,0.5279701895736,0.4787206384211,0.7464898499105,0.7610143266777,0.5454464800748,0.2421759271625,0.4167877750579,0.5236780016175,0.5499330034846,0.4376087052828,0.4838046811265,-0.1736980697120,-0.3035595462097,-0.1113127167894,0.7270471368021,0.5874746061332,0.5576577625592,0.1684772503834,0.6800125111357,0.7499718042842,0.1809717305796,0.5225598866556,0.2587629796845,0.3133780213385,0.0215336215822,0.2685116780138,0.5091994235116,0.1724588660485,0.0859739679604,0.1847082062549,0.0818404557244,0.4886458162674,0.2347962637463,0.1922743770501,0.3943384605639,0.3558691927536,0.5006533342430,0.4513236609934,0.4859550478538,0.5012390412721,0.2816819523456,0.3785673868059,0.4198489411944,0.4473941303110,0.1271507120960,0.3166669010338,0.0622989150691,0.1188764211596,0.1375997779444,0.2606387532000,0.7919757907993,0.3474150295593,0.6780110711199,0.6491669612711,0.1808432703322,0.1063786433491,0.4287293008496,0.3916094593572,0.4974558679050,-0.1009489501556,0.4308581831326,-0.1079982824483,-0.3090474639760,0.5853931122745,0.2621212548928,0.3790660192615,-0.1628721689157,0.4199102738673,0.0057318630012,0.0619896500077,0.1032225444348,0.4202407645801,0.1534722363097,0.4325257273710,0.2756165004310,0.2230543674390,0.1363671964044,-0.1775031289407,-0.3910647127948,0.4677380816275,0.2199574670010,0.0090964618340,0.0253364936358,-0.1035930015678
0.1085626304429,0.0775415957018,0.2939004088022,0.6009321014893,0.4703924634128,0.5380857781755,0.5299953586429,0.6757225533773,0.6320882634225,0.4997637203352,0.5255499374722,0.6607476344041,0.7975015243003,0.2530937882523,0.5474657366437,0.5279701895736,1.0000000000000,0.7822214767984,0.6661557659849,0.7046149520394,0.5454840485427,0.4897727744721,0.3929316962957,0.7003774663684,0.3688524399553,0.3327140579071,0.5381887606554,-0.1705415631757,-0.1443454431978,-0.2059647554967,0.7310081463105,0.3702374555817,0.6516298474186,-0.1127050383545,0.2354145657290,0.3055693928889,0.0981686077703,0.3332467258861,0.2384294219038,0.3500328408731,0.2826529699657,0.3833931980136,0.1381180834613,0.0286742435470,-0.0102091704780,0.2834501535405,-0.0554882846415,0.6220237324162,0.3540409709939,0.3442019278168,0.2109402593517,0.1652277737064,0.4974735644487,0.3895234039362,0.6231125179399,0.4595033561915,0.5998132484466,0.6692974980196,0.6063239251188,0.6074669276762,0.3654342822706,0.5710356461183,0.4249345630439,0.6569641642670,0.0621959951841,0.3415601782074,0.3285077200896,0.8111293623851,0.5292479268412,0.7311355107253,0.4197660092392,0.2304552270809,0.6322429400362,0.4760465962318,0.4312971697771,-0.1855292375937,0.4259926120664,-0.0764601138741,-0.2324611517966,0.7891978876794,0.1235355040881,0.6731125925258,-0.2857161471352,0.0365025921391,0.0083179268874,-0.1668332854482,0.0093453999077,0.0283390441996,-0.0973432903227,0.2693312043487,0.4764792333920,0.2985118563126,0.1389572448716,-0.0191125160134,-0.2747634294996,0.5800391391022,0.3325607388345,0.2989129983928,0.3276580046985,0.0171370863117
0.1311565308575,0.0563462714961,0.2171159606245,0.5784052888610,0.5348179077175,0.4908047802651,0.4415694328814,0.7819853336371,0.6553611104924,0.4381416906014,0.4867867088231,0.6348825965470,0.6056808339524,0.2718255520622,0.5295689594047,0.4787206384211,0.7822214767984,1.0000000000000,0.5719243002947,0.6802100696922,0.4835616770701,0.4528542357603,0.3885945111477,0.7225463451864,0.2344922144668,0.3205469748081,0.3849008046564,-0.1093676107872,0.0384292862269,-0.0174366161650,0.7275972544473,0.3080344647945,0.4166300352099,-0.2552058658003,0.2162289643296,0.0952611750232,0.0535150452935,0.3470816420370,0.1539913625909,0.2522834819543,0.3103463113388,0.3935935902891,-0.0431807408959,-0.0868682245898,0.0333842512669,0.1568505897429,-0.1096298900014,0.5833636251558,0.3899504865868,0.3098711185964,0.2606439437423,0.1470022914658,0.4820489207814,0.4110743078945,0.6651571366104,0.3900085501180,0.5375226854208,0.7021128820226,0.7065859179429,0.6583840748127,0.2756921659189,0.5261737192284,0.3297914152189,0.4515177525375,0.0908038740023,0.2711872176177,0.1593727730501,0.8026553297234,0.4116953899216,0.7287748733354,0.3372288056422,0.2680037799022,0.6441517818345,0.3662589683423,0.3988418273919,-0.0190373139177,0.2817782632083,0.0118564121469,-0.0334361533744,0.8736967128542,-0.0135494549264,0.4641015870956,-0.1789462114873,-0.1357888715255,0.1424426021866,-0.2287467740545,-0.0181884222842,-0.0528353827680,-0.1092181341408,0.2533380173101,0.3999739051974,0.1997707843539,0.0882188805241,-0.0161542312010,-0.3040158018448,0.5393039626942,0.2640284887224,0.2859164636098,0.3284367993347,0.0501700536978
0.3545377749562,0.1861231674759,0.4575103452328,0.7151657008351,0.5511775303423,0.5707611132829,0.7114538817256,0.5837121275745,0.7091367232449,0.4756929620134,0.4834436669360,0.4685303930972,0.4716039764991,0.3887771284816,0.6506584018604,0.7464898499105,0.6661557659849,0.5719243002947,1.0000000000000,0.8134015754055,0.6252453693371,0.3638505420983,0.4078745750183,0.6942138970691,0.5133822240721,0.3418385401734,0.3862180100076,-0.1998060535832,-0.2801417639033,-0.3178430425013,0.6362829548125,0.3524317052515,0.5308680338361,0.0542436165600,0.4464414148311,0.6364918408930,-0.0165730488479,0.2671911188053,0.1246590896453,0.2699931285786,0.1532989586336,0.3235985546751,0.2589454621241,0.0399360608587,-0.1013299525206,0.2807443574028,-0.0691887218671,0.5502783332638,0.2759339951325,0.2484567211583,0.4064819083414,0.2876839211501,0.6185887167932,0.5309296888202,0.6238390909342,0.6387064801491,0.4146401574063,0.5308950130522,0.6343776649842,0.6555155515736,0.3191472281191,0.4722349001252,0.2200085299626,0.3333570578429,0.1725071631929,0.2580258120650,0.6669464251640,0.5313924241993,0.8780389618892,0.8202228211349,0.4229835742123,0.2011813334166,0.6492222472078,0.4555416842855,0.4991903684594,-0.1920508668957,0.3515413446532,-0.1058594811230,-0.3508880806475,0.7326376517635,0.1741072858509,0.5009837258409,-0.3249876775569,0.1527354202568,-0.0878437260329,-0.0936170207300,-0.0680258504506,0.2132615958153,0.0120667819755,0.2583700121618,0.2662523097049,0.2730412055245,0.1095740167609,-0.1083930471292,-0.2620901356408,0.5300544347808,0.3170260796863,0.2732824206256,0.2702923759500,0.0556980628661
0.2649801331776,0.1497536752901,0.3883847812103,0.5877437090571,0.5409428116930,0.5597432665904,0.5864890780533,0.7237914589671,0.7071708566317,0.5477298545945,0.4850199529855,0.5747746858308,0.5516538559660,0.3828049102493,0.5553910274598,0.7610143266777,0.7046149520394,0.6802100696922,0.8134015754055,1.0000000000000,0.5931776567170,0.4994979038378,0.5036289367515,0.6971219176541,0.6361345794168,0.4814066073462,0.5106171533284,-0.0830209008247,-0.1877056234941,-0.1513273815892,0.7215242213319,0.4779541683135,0.6218835468026,0.0158705283075,0.4383763500163,0.5058661765263,0.0547489190210,0.4637194524188,0.1292408642183,0.2865580051682,0.1721739162482,0.3555060051986,0.2298393305366,0.0570939385934,0.1021523062701,0.3515235881891,0.0125710550713,0.5972934776278,0.3329433332711,0.2907830740563,0.3308733055151,0.2197410795391,0.4820262326598,0.4860004780469,0.6304869199739,0.4905257430484,0.5785344820039,0.6537923862348,0.6415096221230,0.6434368662693,0.3848611156656,0.4547951798067,0.2718663757707,0.4088525319619,0.0748665004536,0.1720467369829,0.5820680125710,0.6132944217659,0.7406260889161,0.8883591033051,0.3390979557053,0.3176344020134,0.6235374616398,0.5975980039864,0.4743906948564,-0.1321437933052,0.4311428708571,-0.0072934330194,-0.2578482442426,0.7707574663703,0.1603494319267,0.5873365733827,-0.2342588368855,0.0953544271846,0.0536119687863,-0.0789897561987,-0.0146967497187,0.1602764079672,-0.0808902422645,0.3697487628906,0.2717736835537,0.2309519216703,0.0974518160503,-0.0081238077535,-0.2221835398107,0.5396749082443,0.3204370302525,0.2590208398018,0.2906543500427,-0.0217321343410
0.2771178794943,0.1675877672388,0.3569653798040,0.5206023195742,0.4972557995298,0.4016150360338,0.4690455750967,0.3776522952409,0.4980511982355,0.4873005626784,0.4733194910600,0.6375716888332,0.3830953204931,0.5167361198279,0.5227110833525,0.5454464800748,0.5454840485427,0.4835616770701,0.6252453693371,0.5931776567170,1.0000000000000,0.5209535276737,0.6917852019110,0.7223957748359,0.4008598645446,0.5726228184370,0.4587542464033,-0.0591159542372,-0.0778236796696,-0.0408596567041,0.5632110818088,0.4661362634421,0.6094865314632,0.0740853145061,0.4597185785692,0.4050119914710,0.2237561960585,0.2966619638783,0.0669175541687,0.1594932778392,0.1534519612214,0.2736703626803,0.2229801684359,0.0202290623280,0.0409437484578,0.2601539656360,0.0804521682608,0.4035879043297,0.3963283900393,0.2987577328418,0.3465718653251,0.1658962772845,0.3663893523365,0.4619438686519,0.4818471794811,0.3836148184334,0.3495905157125,0.3091024357505,0.4042482051244,0.4387106671777,0.2095416309811,0.5175123722558,0.3067330053588,0.1980566357115,0.1320667602590,0.1141963366148,0.3652584458740,0.3445077341217,0.5094353923377,0.5775411869529,0.5936913970923,0.5731486204953,0.6138595152099,0.4905603306621,0.5318706543818,0.0628891831488,0.3731171822788,-0.0021695242991,-0.1500665010669,0.5583720511874,0.2195705934538,0.4984078591799,-0.2180166980038,-0.0343616241469,-0.0171611247593,-0.0285610584031,0.1876364779583,0.2484564534546,0.1902791646079,0.2365633817312,0.1263328627886,0.0404664476275,-0.0444445043646,-0.0137418180238,-0.0941774478955,0.4006218244192,0.3133359487378,0.1559760534548,0.0910426950146,0.2664686772499
0.1750769847742,0.3028687905360,0.2760876395010,0.3977850031704,0.3847076296813,0.4439580239737,0.3626575634901,0.5292369740022,0.4960794142425,0.7685062201612,0.5770464354089,0.6418107696842,0.5019732734639,0.3265438696841,0.3844067818001,0.2421759271625,0.4897727744721,0.4528542357603,0.3638505420983,0.4994979038378,0.5209535276737,1.0000000000000,0.5758318667476,0.4845908211977,0.2320569250282,0.2896099159194,0.2643022623413,0.2355563051207,0.1157021879614,0.0665737257275,0.4085347801811,0.2323549406835,0.4322521763022,0.0413012907438,0.1180950722729,0.1059016677016,0.0001209711015,0.1779767153961,0.0443796884167,0.2580827560968,0.4201040943665,0.3872182193218,-0.0713460943795,-0.0256948290634,0.0516946244161,0.4827162928150,0.1058305968346,0.4592027565033,0.4947149218908,0.2316471301888,0.2581387972347,0.2535146344853,0.3071501284200,0.3183627019956,0.4628849346384,0.2811523338434,0.4584894038424,0.4634935018221,0.4323785862402,0.4231004453409,0.6545225778498,0.5217076599334,0.4388210466890,0.3991010835119,0.1253450332335,0.0184443581766,0.1280857997195,0.4649862345261,0.3018401839253,0.4539433223796,0.4147283877831,0.6494412386192,0.4948707986490,0.3790454602101,0.3135325470772,-0.0908353379452,0.2545246707543,0.2987588073427,0.0307050186415,0.4926541562397,0.1097791772381,0.4940357035204,0.0112265671960,-0.1584990261732,0.0576612469574,0.0019428596446,-0.0234343168164,-0.0099403777158,-0.1660730303636,0.0870269656325,0.1876579942152,0.2263041206198,-0.0134283683309,0.3333786090796,0.2038188992841,0.4201363971304,0.4244982275853,0.5545189963694,0.4300001384202,0.1302389079116
0.3384506237285,0.2664936937873,0.2956964096910,0.3453108901855,0.3622905723113,0.2839295024498,0.2953555601485,0.2687881444753,0.3634347369496,0.4933470443149,0.5200346830170,0.6212348258675,0.3176675291396,0.4750859495008,0.3894356620690,0.4167877750579,0.3929316962957,0.3885945111477,0.4078745750183,0.5036289367515,0.6917852019110,0.5758318667476,1.0000000000000,0.5744232551840,0.4135605418450,0.5943698806793,0.5219749868672,0.0203075762104,-0.0759131078052,-0.0400133678632,0.4481047068374,0.5179491023681,0.6260222563956,0.1404859087641,0.4275602956692,0.2541343633919,0.2580226477432,0.1752860468909,0.0478910853646,0.2287806602602,0.1093307114410,0.3107296357236,0.1307637433123,0.0469675911342,0.0481064920148,0.5092229653649,0.2315609729758,0.3051590758368,0.2860157965273,0.3176370548692,0.2639263676281,0.1944028625158,0.2865648895874,0.3434546688335,0.3693771020207,0.2032881542958,0.3471354685167,0.1533324242665,0.2233788902052,0.2858190166558,0.2622260353017,0.4964120622087,0.3779504077067,0.1836708023978,0.1291834214525,0.0219377252683,0.2718574572947,0.2337841969525,0.2733590372642,0.4297538227639,0.4245570362236,0.8016128337733,0.4833234673214,0.5279818461268,0.3649019343941,0.2455355051677,0.4960549560720,-0.0050705952090,-0.1072184269921,0.3957632114563,0.2860062707780,0.5295724120160,-0.1843418203641,-0.0399031433554,0.0387855642391,0.0330060538320,0.2349961107680,0.2095432589245,0.1947196614229,0.1771637870771,0.0452461292714,0.0886954133312,-0.0368925462263,0.1624215051307,0.0653724806827,0.3003832932771,0.2365734439274,0.1367198730025,0.1660050170319,0.3518713288839
0.2309372546437,0.0611855764932,0.2832610381010,0.6283135169185,0.6153297164877,0.5301733002999,0.5371221664094,0.5891601757380,0.7465472028073,0.5217843620114,0.5748684613158,0.6720171744980,0.6152828922574,0.3984968688040,0.5918220239202,0.5236780016175,0.7003774663684,0.7225463451864,0.6942138970691,0.6971219176541,0.7223957748359,0.4845908211977,0.5744232551840,1.0000000000000,0.4312545390237,0.5232444734006,0.5892487095442,-0.1350383234987,-0.1229382041208,-0.1262854499855,0.7078707826399,0.4136665042000,0.5378624451043,-0.0051285766190,0.4095461469295,0.2646294868922,0.2746292295877,0.3986389912904,0.2684290209292,0.3458777956808,0.2828984095002,0.4329494092809,0.2272811225571,0.0285938513254,0.0619396318128,0.3199760916822,0.0171595716017,0.6431258916672,0.4710608286672,0.4295277930169,0.3646621475188,0.1331774983204,0.5007461989120,0.4616193224752,0.7038092057302,0.4502444836066,0.5201322414922,0.5677069133492,0.5482921043798,0.6960986358955,0.2908634171400,0.5955255017040,0.3623472916532,0.4233643108628,0.1122838585399,0.3872155327456,0.3087479992394,0.6531047115152,0.5515516357977,0.7673461762387,0.4449829033685,0.4260834981135,0.8691359727672,0.5950710621447,0.4058098262885,0.0031578157181,0.5015360187985,-0.0402635356500,-0.2170074222358,0.7627498312089,0.0886789725675,0.5570491501142,-0.2413503943225,0.0593832025795,0.0959010450312,-0.1180050296942,0.2260321952824,0.2426042878952,0.1303003807715,0.3562521435055,0.4499055584434,0.2898208097346,0.1120122304411,0.0210912484707,-0.1972965078668,0.6212287038077,0.4091022326594,0.3048779589118,0.2960436049887,0.2392226644092
