1.0000000000000,0.3397359430489,0.5751017831124,0.5451154141414,0.7509208851161,0.5422413488474,0.5518307965459,0.2996053916026,0.4010467210301,0.4258380778082,0.3723284163869,0.2900757634563,0.1120134187463,0.4977080232885,0.5641350905598,0.3088609352716,0.1132850730440,-0.0508210822155,0.4340210114565,0.3523140812392,0.2282653457825,0.1858563003894,0.2743235586572,0.1173728674316,0.2009431947260,0.1568176605535,0.1529508009162,-0.4836562604442,-0.2544708405060,-0.1442325115620,0.1841764865669,0.1870200091439,0.1302967260678,0.1826985687675,0.1084068240550,0.1506842908884,-0.1189670401135,0.1238834381834,-0.0390039645975,0.2554799211719,0.1586556834176,0.3903169127216,0.2826729430284,0.1737002875758,0.0614827914580,0.2223254918049,0.1543926669458,0.1982515399022,0.1183542060252,0.2729597636608,0.5215758884265,0.3169639811260,0.3442319613682,0.6171480556059,0.5700737299422,0.4821752483153,-0.1126515794412,0.2739966164799,0.1651295467764,0.3966420414088,0.2164082947632,0.2790772585598,0.0022206090657,-0.0945468776071,0.1707185206096,-0.0480974634214,0.1805756776521,0.0789677332756,0.3989385723964,0.1982436973796,-0.1442999314559,-0.0742744118675,0.0830304238196,0.2352008271562,-0.1862348455904,-0.3582001227304,0.0029307265451,-0.2318888298568,-0.3489091710393,0.0372872687679,-0.1219830304496,-0.1738824815211,-0.1932996839602,-0.0100779066339,-0.2219546173933,-0.0037442230672,-0.2046058207745,-0.0022140132630,-0.2988863481694,-0.0312039630029,-0.0640549577843,-0.0062085417586,0.0895782729943,-0.3048683273331,-0.2630226230925,0.0118067152299,-0.0900316972606,-0.1442376506763,0.1551424616349,-0.1526056059448
0.3397359430489,1.0000000000000,0.5320544962079,0.5065904260192,0.2959554494476,0.3555994252143,0.3209202854089,0.5581480412539,0.3429557677867,0.3981065694968,0.2697567861484,0.2249323798091,0.2321589486043,0.4348351380897,0.4818576531135,-0.0338471527934,0.1393030837371,0.1127918845683,0.1208918464277,0.1693297391417,0.1389725420707,0.3068975068340,0.0779457436394,0.0531051341095,0.1385561860576,0.2114705192511,-0.1096460639379,-0.1279283583285,0.3825261560809,0.4025225845105,-0.0693962777949,0.0213596517911,-0.1060560437908,-0.0886757973086,0.1011522599400,-0.1468635259736,-0.2332699758097,-0.0093573515706,-0.1613611031943,0.0929921960789,0.5498778349561,0.3222714030849,-0.0758869196412,0.2566687810996,0.1315575546339,-0.0218345070069,-0.0332562065972,0.0186321205318,0.4851493293946,0.2869732366413,0.2585085399681,0.8038910301556,0.3859585647641,0.3645262267921,0.4784910884791,0.3584332035183,0.0256873998065,0.4548517355924,0.3670295659213,0.2844731187062,0.1557320358719,0.1937707924304,-0.0559091810239,0.0451285246000,0.5056670659319,-0.2287425578577,-0.1614685421692,0.1317430282636,0.1070061880717,0.0232138856686,-0.0960309838701,-0.0324632807207,0.0581763045122,0.1483047601190,-0.1670815931854,-0.1992863363940,-0.2341976973021,0.0985446085985,0.3008997574665,0.0649602952317,-0.4143630454587,-0.2826037404420,0.0438532063199,-0.4286103351335,-0.0993193018544,-0.1859620196725,-0.3280004112921,-0.1497192817725,-0.4374228562696,-0.0668575718115,-0.1515390450923,-0.0702287979264,0.1303624848992,-0.1927528799678,-0.3095630596836,-0.0173387714800,0.3848129847109,0.1792822780597,0.1129954154801,-0.1294808934027
0.5751017831124,0.5320544962079,1.0000000000000,0.4759301459259,0.5105654059258,0.6800917312071,0.5684666665766,0.2590068579672,0.2901097130365,0.4495552367368,0.3363759995127,0.2424613035140,0.2360271739435,0.3598128817747,0.4846243869658,0.2270753729469,0.1138919731340,-0.1066257066020,0.3397727211255,0.3866500096566,0.0616986265718,0.1188503891080,0.1855535738579,-0.0027900373550,0.1873221084247,0.0491737371205,0.1034241741902,-0.2769368929766,-0.1680746548103,-0.1288607130028,0.1163807403680,0.0853635735525,0.1533995160750,0.0733949872280,0.0509945196847,0.1455110041946,-0.1425776457895,0.0625518903332,-0.0163977290657,0.1315580403566,0.1424276933067,0.3490796940129,0.1117659398591,0.0947879416046,0.0346093964949,0.1673215936643,0.0325849557208,0.3435813872181,0.1674314747513,0.3359522330101,0.3843739444604,0.6350476393409,0.3827706145141,0.8457906772673,0.6717374969812,0.5106141263858,0.0042654004650,0.2313513007348,0.2024395041272,0.3674954128141,0.3007681111183,0.2626506707215,0.0875296793416,0.2117562366733,0.2583209855187,-0.0748345893738,0.1069902245448,0.2048342421529,0.3158918405258,0.2329901090020,-0.1574654497632,-0.1024523932255,0.0284342232569,0.2171155168638,-0.2491167621623,-0.3556074108939,0.0304426073449,-0.2449746060372,-0.2239998045432,0.0407239985458,-0.1252580385682,0.0021712383620,-0.2744252086406,-0.0908393322921,-0.2302543655387,-0.1389079052937,-0.2273003987044,-0.0113354036704,-0.4382919186446,-0.0633713903257,-0.0266977740538,-0.0293676518408,0.0079843055593,-0.2944554210824,-0.2585429480019,0.2091207967971,-0.0755091014815,-0.0532168791540,0.1678865299690,-0.1622703228721
0.5451154141414,0.5065904260192,0.4759301459259,1.0000000000000,0.6254930964265,0.3814614173248,0.7811834689983,0.5142749422914,0.6474295241277,0.3367793416381,0.4845464953322,0.3930149815721,0.3747939029581,0.2358555084431,0.8470826677783,0.2967007712540,0.3594049827858,0.1318557013795,0.6849194696105,0.3802631133585,0.2995264803944,0.1404920494894,0.2767414886378,0.4544907454863,0.2880379124317,0.3394437175578,0.3716719281386,-0.3433327087220,0.0704047693118,-0.1935476118626,0.2251261040421,0.1557929474215,0.1130362040822,-0.0140986225025,0.3784759177085,0.0972672947363,0.0586719634560,0.0791535480283,0.0542192806865,0.2756861877857,0.2805313684443,0.3223403786705,0.3957268817453,0.2260736361507,0.0772505932908,0.0898466864892,0.0344467863407,0.1216538260701,0.2278560909443,0.4504823776171,0.3407611867121,0.3503804156844,0.7767096487155,0.4606750077379,0.6778006766089,0.8582470665245,0.0040660820627,0.5636379454886,0.4193928787767,0.6436396676444,0.0573861138584,0.3937907584631,-0.0557937622838,0.0099590954153,0.2862657211992,0.0832113114605,0.1285501805775,0.2670146673131,0.5914317180970,0.3835077561773,-0.0931330874543,-0.1032871645432,0.3287694642710,0.3256295578422,-0.1707692003121,-0.3329044192866,0.1276144737493,-0.1424377423359,-0.1655818058099,0.1940831317594,-0.4406795531854,-0.2492911618888,-0.2535319036354,-0.1338202755554,-0.3445486950868,-0.3339698790989,-0.1118885946172,0.0123837694030,-0.1996988223082,-0.0744819245417,0.0439146511125,-0.1267900533503,0.1634304617008,-0.3258570348968,-0.4430437277416,0.0714707844009,0.0787448222486,0.0136341881529,0.1507983301488,-0.0508185141370
0.7509208851161,0.2959554494476,0.5105654059258,0.6254930964265,1.0000000000000,0.5515799487158,0.5445322895859,0.4690375879488,0.5126329237716,0.4278480518151,0.5234900290273,0.3596919607030,0.3016086425904,0.3634653573649,0.5831336524388,0.1605196181627,0.1892313511093,0.1330271537873,0.4817362985441,0.3703417181330,0.2566003637505,0.3201840053395,0.3217941447864,0.3768595637909,0.1541790759734,0.1346288137330,0.1754140397370,-0.2789928246885,-0.0836304474721,-0.1903521761874,0.1394804608116,0.0309204904861,0.0467689142621,-0.0363733267447,0.1230309166303,-0.0237577998849,-0.0671119968380,0.0076307155325,-0.0731120457458,0.1414987119611,0.2897420583589,0.4294498696086,0.1957367792321,0.0498303670838,0.0450080005705,0.1961090200849,0.0699622503161,0.1196737167715,0.2215400485017,0.2529885017161,0.7010494905153,0.2987435780135,0.4666789071430,0.6297681191207,0.7516798284865,0.5482353428474,0.1665433220497,0.4956554625253,0.3464888246416,0.4648145758587,0.4490055015765,0.4359389419843,0.1753296871635,0.0694670698526,0.2316953865942,-0.0934002745188,-0.0070154721447,0.3500412404020,0.4154112314292,0.2734487492885,0.0142781617358,0.0277948605113,0.3732595772863,0.2126351163936,-0.1915541497427,-0.3136075437647,-0.0317387089247,-0.0735812591921,-0.2028628076884,0.1487470952523,-0.3475302887521,-0.2364873165762,-0.1286156238786,-0.1486542225812,-0.2989437767473,-0.2426720949146,-0.0717516866925,-0.1106706781502,-0.2709862348466,-0.1849287179544,-0.0609663273822,-0.1260664501588,-0.0106107777623,-0.2640278528543,-0.1838029990927,-0.0242747635689,0.0266616581727,0.1682799246278,0.3636739990473,-0.0161466336878
0.5422413488474,0.3555994252143,0.6800917312071,0.3814614173248,0.5515799487158,1.0000000000000,0.5377164469947,0.3235771168950,0.3362126671202,0.7277031432876,0.3967596440957,0.3745053836613,0.1722399992178,0.3405052528189,0.4426269823077,0.0787368087989,0.0152388711329,-0.0390315261772,0.2770779548051,0.2498987331421,0.0662424227032,0.3302454789295,0.2052960643583,0.0700134654160,-0.0033412199864,-0.0957764560542,-0.0555767059130,-0.2139747075101,-0.3641969761137,-0.2169247920406,-0.0046335159116,-0.0638284712872,0.0103213173793,0.0796036135134,-0.0467614088857,-0.0056240660834,-0.1809068348360,-0.0441477179107,-0.1191148826930,0.0411346199154,0.0297758771973,0.3622571506196,-0.0081374528096,-0.0337986315549,-0.1419322276154,0.1890657094243,0.0463909806606,0.4028544605472,-0.0323414772852,0.3161744927789,0.3796377272482,0.4003651033805,0.3963377857349,0.8358648223888,0.6758351042014,0.4343774420026,0.1096735325975,0.3544123798495,0.3774360091408,0.4217195421013,0.5071093389741,0.2559204116591,0.2790000572647,0.2243263097203,0.4390599093537,-0.0044817395455,-0.0454797779335,0.3208043791795,0.2610721359175,0.2276794694203,-0.0014598201841,0.0663879388223,0.1537577919042,0.1177862177725,-0.2623271958184,-0.2847010526060,-0.0339397168134,-0.2290613998445,-0.2799881719708,0.0846686481517,-0.1082055922983,-0.0685926387442,-0.3194956745937,-0.1369148683636,-0.2395739221124,-0.0855920475981,-0.1857503483360,-0.1404779412766,-0.3033319017594,-0.1835249000776,-0.1119234136671,0.0133792995586,-0.0594512401525,-0.3700338311245,-0.1107729011751,0.1707517797655,-0.1455808807102,-0.0504274608982,0.2952516330595,0.0285872999588
0.5518307965459,0.3209202854089,0.5684666665766,0.7811834689983,0.5445322895859,0.5377164469947,1.0000000000000,0.2894665934433,0.5126209567633,0.4007599623196,0.4599550703943,0.3715309734341,0.2989491667099,0.2681573168654,0.7161078366165,0.4755178437349,0.2185136817964,-0.0482611699045,0.6753117149131,0.4946686232478,0.2066452491102,0.0721704566511,0.2769131126459,0.3196270672722,0.3296771447146,0.2242111014618,0.3281097259906,-0.4049222383729,-0.2166189454457,-0.3809161427162,0.3000664378089,0.1663662741209,0.1823956608462,0.1001590785283,0.3140107221647,0.3963654911555,0.0216590758478,0.1471536809951,0.1442002549072,0.2917248452740,0.0762196672232,0.2800736961689,0.4380561012387,0.1855013581080,-0.0252748550929,0.1223266696925,0.0515887712700,0.3575662586568,0.1284748498435,0.3750717370431,0.3272903203186,0.2785438746351,0.7314227929549,0.5705635656404,0.6529248861714,0.8352508340134,-0.0001621925306,0.3589714055701,0.2832469498850,0.5295141830433,0.1600839466814,0.3413721392119,0.0061366922268,0.0689586378527,0.1893297279628,0.1898667700410,0.3249096923163,0.2011478670770,0.6381470929226,0.4390273457173,-0.1284401730377,-0.1507792821605,0.2620859369859,0.3775825140283,-0.1234891126614,-0.4257801396085,0.1760912884842,-0.3108373746798,-0.3678940589997,0.1443396327672,-0.2844296082107,-0.1421933283993,-0.3510169335392,0.1005674291642,-0.4029976639942,-0.3088033296115,-0.1020812478621,0.0884186545266,-0.1654656968262,-0.0160188671412,0.1067413048598,-0.0588569146060,0.1129667466221,-0.4589531670629,-0.4269619003919,0.2684239959870,-0.0435719923699,-0.1001139390574,0.1076519182386,-0.0890679170177
0.2996053916026,0.5581480412539,0.2590068579672,0.5142749422914,0.4690375879488,0.3235771168950,0.2894665934433,1.0000000000000,0.6776694199743,0.3188190549818,0.3977734953358,0.3569967045142,0.4495847301535,0.1898848566852,0.4877029939327,0.0444725852740,0.4136504492314,0.5627392172190,0.2236088453045,0.4168792825251,0.2048070452916,0.3050849429112,0.1749771048191,0.3433035310456,0.2055858771434,0.3947193942289,0.1405974492484,-0.1558247591780,0.3377257546742,0.2098121331275,0.1061084675555,0.1447882230825,-0.0214638650699,-0.1489212099181,0.3148258884185,-0.2013834445007,-0.0214364090518,0.1405788646542,-0.0851174700181,0.0949572898969,0.3566240921907,0.2173914680473,-0.0833061643266,0.1890491134402,0.1596815348338,0.0089307820205,-0.0619079180896,-0.0010649828478,0.2866375403166,0.2292562204597,0.2502036469884,0.4199329274399,0.3775879874769,0.2949760656223,0.4196436078481,0.3060291561625,0.3623085769244,0.8326287080557,0.6785650026608,0.5458205392404,0.1199069999633,0.2963653361420,0.0233283999397,0.1427552877582,0.3569554523380,-0.3071699841002,-0.1645858540146,0.5638602477654,0.1558310123220,0.3031327455856,-0.0044497582314,0.0133865523998,0.3638215106489,0.2129369463920,-0.0876547709058,-0.0343836087855,-0.0575293436304,0.0526904449094,0.2743715903589,0.3703918596145,-0.3722403974004,-0.2063478119130,-0.1205843525850,-0.4650114228222,0.0106459285932,-0.2502316068530,-0.0760477490425,-0.0632558064223,-0.4172038889950,0.0079868162796,-0.1183796707264,-0.1603723914532,0.1120570334322,-0.1993572642496,-0.3163328230203,-0.0188919899762,0.1839831381732,0.1512930498694,0.0732444095078,-0.0810076677973
0.4010467210301,0.3429557677867,0.2901097130365,0.6474295241277,0.5126329237716,0.3362126671202,0.5126209567633,0.6776694199743,1.0000000000000,0.4337315073827,0.4493450704385,0.4307410685586,0.2688944024911,0.1681870745523,0.6731401692480,0.3544649271241,0.2859297877711,0.1804696308633,0.7199996931035,0.6199623870642,0.4510790136685,0.3396689189674,0.4251531740233,0.4983663097223,0.5148219740762,0.4728408837382,0.4615236443468,-0.1708315947632,0.0943502195917,-0.0927746174305,0.3347353876168,0.2478380684213,0.1916853773425,0.0440087766170,0.4077669419354,0.0720417339568,0.2172962736456,0.2588507286682,0.0230971854532,0.3494343721081,0.1873515357895,0.2720575481469,0.3568395069383,0.3244539430334,0.1929546132930,0.1801617808121,0.0829151129084,0.0238656926010,0.1364935375326,0.3633342874743,0.0914413103924,0.1693836698313,0.3796432264659,0.3722046249579,0.5046768819505,0.4762115017922,0.0993573467456,0.6596616741648,0.4936104168149,0.8998829616404,0.1374800425062,0.4015316705316,-0.0260456486639,-0.1247223812559,0.1347040843323,-0.0225293352470,0.1646645825456,0.3168014185591,0.6368687490116,0.5477332575149,0.0175175495225,0.1237100996413,0.4180384107266,0.5997594612677,0.0212225409156,-0.2258756561833,0.3424475667016,0.0336201548139,-0.0641928667034,0.2609180013317,-0.3370401698260,-0.1247366374378,-0.2429222297721,-0.0823383487903,-0.0833684894931,-0.2579276399592,0.1335021154889,0.1127183177362,-0.1142810559225,0.1500565262635,-0.0159208854395,-0.1001750870986,0.2930902191562,-0.1850116763156,-0.3514301334330,-0.0398245175515,-0.0821071088504,-0.0711386067425,0.0301850970605,0.0456885570766
0.4258380778082,0.3981065694968,0.4495552367368,0.3367793416381,0.4278480518151,0.7277031432876,0.4007599623196,0.3188190549818,0.4337315073827,1.0000000000000,0.5939383057668,0.5807986727612,0.2134322379432,0.4055232959223,0.4356123385228,0.0291455049107,0.0019676929483,-0.0820284347575,0.3657313214529,0.2551728551355,0.4067876272512,0.7319508768601,0.4601687607808,0.1966246834936,0.0749196560698,0.0461425358076,-0.0043162353526,-0.0330645240429,-0.2053170865778,-0.1541326264585,0.0014474865607,0.0070284299720,0.0910359322001,0.0541282964037,0.0233401308324,-0.0595155416178,-0.0641587474465,-0.1046759433272,-0.2560235921238,0.0226939343076,0.1380980423700,0.3965285024667,-0.0154794523229,-0.0350471244287,-0.1713160524488,0.2509886717673,0.1418814282144,0.1573532676592,0.0274977251438,0.3595078787832,0.2178824526238,0.2459481309879,0.2841282197286,0.5879054351664,0.5680866200600,0.3121170379383,0.1587937559210,0.3010772646593,0.3879286637303,0.4648594120176,0.6988066979689,0.4619319350322,0.4169885869075,0.1662497599744,0.3670322379995,-0.1000691200447,-0.0280872369602,0.1477799044724,0.3273639704232,0.3057774579462,0.2907026417244,0.4207973273315,0.2814233816495,0.3180609581763,-0.0386321163840,-0.1719721302597,0.0375966861335,0.0077641773291,-0.2318555138512,0.1115757806099,-0.0598429717673,0.0481495515990,-0.3016028167129,-0.1937108176672,-0.2670532687410,-0.1130347629435,-0.0792031904665,-0.1363848695850,-0.1352181174086,-0.2074314719877,-0.2675145490237,-0.0829497708576,-0.0548180550859,-0.1949158098017,0.0117272432962,-0.0159795550297,-0.0435636234139,0.1428971351005,0.3360600658292,0.2744745972307
0.3723284163869,0.2697567861484,0.3363759995127,0.4845464953322,0.5234900290273,0.3967596440957,0.4599550703943,0.3977734953358,0.4493450704385,0.5939383057668,1.0000000000000,0.6983658333224,0.5653131710508,0.2224563950098,0.4695501806329,0.0713886673723,0.2161318170578,0.1455903041848,0.4426222662776,0.3239707633108,0.4313314902211,0.4750833761004,0.5471819161929,0.4194997414413,0.2099579101066,0.1923535133750,0.1990404498057,-0.0855202954024,0.0324784704212,-0.2321395035250,0.1115134333762,0.0505833024913,0.1221002669877,-0.1266227151092,0.1544884512812,0.0354043753974,0.0379110237068,-0.1044979416629,-0.1631164354549,0.0117390227311,0.1743196070543,0.3370318529122,0.0427264155356,-0.0299779263441,-0.1022904288318,0.1373516096057,0.0812232092442,0.1044177762668,0.1362328645011,0.3265548361212,0.3601841633290,0.1652230208894,0.4557750734888,0.4027264955554,0.5277153690133,0.4340449022857,0.3519981945714,0.3298806594700,0.3602993739130,0.4182224756927,0.4750845190318,0.8205233003208,0.5242479236344,0.3920426625705,0.2189413080426,-0.0565840393383,-0.0260452303213,0.2924867209011,0.3521793477377,0.3335098053531,0.3692762407380,0.3278293147789,0.4856377817576,0.3455074624669,0.0320874590444,-0.1003938864499,0.0590082268064,-0.0201658336653,-0.1066089832391,0.1753424833287,-0.2418327903253,0.0314211458658,-0.2656960334900,-0.1994646557228,-0.3090014744531,-0.3872179067009,0.0106963451931,-0.0880551179331,-0.1104632475698,-0.2507621263258,-0.1346989541161,-0.2198866653784,-0.0640256020062,-0.2174544005666,-0.1224054174208,0.0596555305023,0.0791986009840,0.2217911274538,0.3189157199654,0.2720768226615
0.2900757634563,0.2249323798091,0.2424613035140,0.3930149815721,0.3596919607030,0.3745053836613,0.3715309734341,0.3569967045142,0.4307410685586,0.5807986727612,0.6983658333224,1.0000000000000,0.4991766827929,0.1798462727898,0.4692193140839,0.0561498355858,0.3169896428837,0.2214845985642,0.3916069887204,0.2270716075644,0.5723303062061,0.5074469357022,0.6958936963088,0.3895550133944,0.1560838317265,0.2630400790458,0.2127116709844,-0.0739281733325,0.0806477591541,-0.1491828462431,0.0995632162053,0.2393508566401,0.2466546449611,-0.0181088048311,0.2529350224719,-0.0514407866882,0.1540668322801,-0.1261714950770,-0.1681514471552,0.0680530953995,0.1145496816530,0.2453144486994,-0.0515735618857,-0.0334139843776,-0.1381310627486,0.0998460966749,0.1769192928507,0.0656439867583,0.0483535396863,0.3720628697810,0.1523195086223,0.0500059090626,0.3119974639676,0.3634722289159,0.3800707947046,0.2999848650128,0.3119544856088,0.2963139358353,0.3768977571253,0.4333494523831,0.2461449024464,0.6720194476573,0.5234920012926,0.2644237639250,0.2275365077859,-0.1146542851036,-0.1131416334341,0.1923407206225,0.2402289279099,0.3148391683659,0.3954440981674,0.4671307309685,0.4198246259072,0.3278599999676,0.0155977893466,0.0250471492234,0.1013428650006,-0.0317075121121,-0.0420960917892,0.2018854404123,-0.0666289324395,0.1638795223803,-0.3507155436682,-0.3212268826050,-0.2136317825617,-0.3054789934228,0.0418782684899,-0.0705777735334,-0.0769289924392,-0.2146325677167,-0.1894746482297,-0.2298722274739,-0.0737944025209,-0.2474115403081,-0.1641595417423,0.0163653652878,-0.0228716909585,0.0532895477612,0.1482967329541,0.3352866241969
0.1120134187463,0.2321589486043,0.2360271739435,0.3747939029581,0.3016086425904,0.1722399992178,0.2989491667099,0.4495847301535,0.2688944024911,0.2134322379432,0.5653131710508,0.4991766827929,1.0000000000000,-0.0000481054441,0.3117200298630,-0.0314350058380,0.5973999266797,0.3432833866229,0.1943607485917,0.2482803891105,0.2319454324562,0.1121313590586,0.1955753548260,0.2638606028403,0.1563694420198,0.2127526658506,0.1765850203092,-0.1046767589479,0.1657878706083,-0.0361107425344,0.0609554850641,0.0738650144376,0.2080920914038,-0.1038409336215,0.1239032242289,-0.0857356049090,-0.0052917267541,-0.0706570696398,-0.0651412145709,-0.0436142456664,0.1743855397969,0.3144171898754,-0.0476310427519,0.0549194466136,0.0886819648915,0.0580983282484,0.0486512259346,0.0283238771136,0.1386283904329,0.3145689457583,0.1663998462207,0.1441016047999,0.3251190432617,0.1828395978053,0.3460556680817,0.2744390444412,0.4544014841530,0.3914770093945,0.3092181099785,0.2406954112663,0.1076242120068,0.5312770577769,0.3649964579074,0.7495570996930,0.1078351486405,-0.1376469884277,-0.1203379403115,0.5633171781878,0.0693178620089,0.1936085886894,0.1539892514155,0.0222574158336,0.3257642022854,0.1199632458992,-0.1041659564012,-0.0781186343856,-0.0456159277447,-0.0243732428407,0.1149101275861,0.2229656880462,-0.2086172474837,0.1654058546335,-0.2080330051381,-0.3026345472995,-0.0937738698817,-0.2714748023687,-0.0771412789824,-0.1399211993458,-0.2594625075381,-0.1686237990393,0.0009108110159,-0.1956146890555,0.0518624247329,-0.1880512276872,-0.1787585063159,0.0497186852742,0.0919097424649,0.1533489747539,0.2422379363526,0.0066112125333
0.4977080232885,0.4348351380897,0.3598128817747,0.2358555084431,0.3634653573649,0.3405052528189,0.2681573168654,0.1898848566852,0.1681870745523,0.4055232959223,0.2224563950098,0.1798462727898,-0.0000481054441,1.0000000000000,0.4192241285018,0.3672517284721,0.0257458762571,0.0485040919710,0.1879693664094,0.3585980959187,0.3316331278755,0.3747590527851,0.2944889547998,0.0694732784595,0.0900118765663,0.0552613859341,-0.0111840890665,-0.2127656478147,-0.0018272679388,0.3059786594795,0.2270115480041,0.3633054030419,0.3779640438567,0.0424005775267,0.0106466206617,0.2214505697119,-0.1856388438128,0.0353218458866,-0.3023299365484,-0.0711151828517,0.2283694679562,0.4397418920386,0.0429098197602,-0.0195846098734,0.0633972083776,0.2983603653789,0.4333355528337,0.0804247797992,0.3309690518322,0.3318743260337,0.3256848225475,0.2961055697209,0.1892688932971,0.3585918131311,0.3547050309073,0.1815689392565,-0.0388347705177,0.1259797235429,0.1439085994957,0.1309845042630,0.2437668105033,0.1142892889520,-0.0126737840597,-0.1365489963258,0.2514939913263,-0.3531105655659,0.1598271584574,-0.0833421293010,0.1889070210107,0.1234756602334,-0.0235746050329,0.1141101737791,0.0979946549356,0.1515372271314,0.0484672367301,-0.2697305259675,-0.1375775235368,-0.0439884853707,-0.1687052071912,0.1316902681674,0.0199687820375,-0.0107433907647,-0.0122820192542,-0.1565980459684,-0.2164056562391,-0.0909589056368,-0.2858172721926,-0.1825249278392,-0.3038911089256,-0.1732875866334,-0.3732594323916,-0.2370532289065,-0.2394685692900,-0.1099186915450,-0.0888204880982,-0.0529657835017,0.2639649395324,0.0412106778378,-0.0198065877073,-0.0403873486863
0.5641350905598,0.4818576531135,0.4846243869658,0.8470826677783,0.5831336524388,0.4426269823077,0.7161078366165,0.4877029939327,0.6731401692480,0.4356123385228,0.4695501806329,0.4692193140839,0.3117200298630,0.4192241285018,1.0000000000000,0.4173435255646,0.3086873927377,0.1273527117200,0.6958741522198,0.5414149959235,0.3928611664386,0.2218846326112,0.4166583632253,0.3675503039274,0.4001086197886,0.4337711687306,0.4245460801498,-0.3203562146195,0.0808711115713,-0.0838041166057,0.3668510771882,0.3809445558346,0.2617188239544,0.1646108429697,0.3324328884429,0.1646241284886,0.0994122774832,0.2442077082449,0.0602140282936,0.3235526785452,0.3282637326022,0.4655592400876,0.4790249635691,0.4160496883724,0.2601174541714,0.2729115971536,0.2990772470163,0.1392198555642,0.1880120378599,0.6855196086909,0.2082642988398,0.3085291464123,0.6223699138719,0.5010046489557,0.6689143895324,0.6945905470815,-0.0681999145104,0.5232317263746,0.4246850605792,0.6822918302724,0.0446313242925,0.3723499671812,-0.0950064950500,-0.0817635073387,0.2548961285390,0.1145053208763,0.1369667401642,0.1957483862324,0.5526016754040,0.3935274507679,-0.0909561048402,-0.0595900685917,0.2696579993172,0.3881761975663,-0.1310608560068,-0.3108161382104,0.1352244120402,-0.1331866250783,-0.1652236511877,0.2027899530222,-0.3389292898127,-0.2045934647432,-0.2638799903211,-0.0970936854316,-0.2301223978125,-0.3102722174718,-0.0797946833264,0.0011599367465,-0.1710116882140,0.0230049579973,0.0116058945455,-0.1631034542349,0.2472908521170,-0.3865872532458,-0.4295686018720,0.0370616385748,-0.0234536796169,-0.1429347155434,0.0635916659987,-0.0164907284845
0.3088609352716,-0.0338471527934,0.2270753729469,0.2967007712540,0.1605196181627,0.0787368087989,0.4755178437349,0.0444725852740,0.3544649271241,0.0291455049107,0.0713886673723,0.0561498355858,-0.0314350058380,0.3672517284721,0.4173435255646,1.0000000000000,0.2141868486124,0.0999521530922,0.5549484349228,0.6699632784629,0.2660732237205,-0.0708253254316,0.2359835861917,0.2287797257596,0.3667185412462,0.3739959930665,0.5755082931046,-0.2468372418471,-0.2041966434256,-0.1645900184263,0.8021783519303,0.6174866709613,0.5541940598560,0.3143749568427,0.5284459710331,0.8273868639006,0.3181240900772,0.5981246886657,0.3580882892543,0.3203220592982,-0.1889324749856,0.1200304846595,0.5960813361507,0.2219838848765,0.2338506212300,0.1075395152804,0.1690338731802,0.3652190999652,0.0845035585447,0.1820540915030,-0.1760516908343,-0.0883307917784,0.2118753760584,0.1969913942225,0.2270891346225,0.2743546586495,-0.2196037858968,0.0353378411791,0.0879490992135,0.3801629544213,-0.1307260001983,0.0585395971093,-0.3095545906085,-0.2958100286397,-0.3107144434565,0.1010573857167,0.7935127671067,-0.0176390341454,0.5765393284619,0.5579298995639,-0.2756880628601,-0.1910150247387,0.0738765583083,0.3294223255419,0.2380096408843,-0.2725869872123,0.4267357348294,-0.2934604226586,-0.4135296956533,0.3975326469401,0.1431433349652,0.0910596939487,-0.2992979020422,0.4628055666758,-0.0350824424079,-0.0892674308341,0.1782320957614,0.4908274284088,-0.0354049972072,0.4467514768180,0.2012985915144,-0.1495909871640,0.0469580451430,-0.2943007008466,-0.4735531946664,0.3206890121617,-0.2850610551573,-0.4133847884698,-0.3683802609567,-0.3132022289488
0.1132850730440,0.1393030837371,0.1138919731340,0.3594049827858,0.1892313511093,0.0152388711329,0.2185136817964,0.4136504492314,0.2859297877711,0.0019676929483,0.2161318170578,0.3169896428837,0.5973999266797,0.0257458762571,0.3086873927377,0.2141868486124,1.0000000000000,0.5718418037783,0.3249258219253,0.3291550202252,0.4172014870833,0.0038535980900,0.2112217570790,0.3406790080461,0.1671745566204,0.2902872123057,0.4440046006434,-0.3223132671764,0.1569361825525,-0.0129240065119,0.3703329784093,0.2883200561102,0.4886300170086,-0.0269019686343,0.3386839952708,0.0329061423680,0.2245509336565,0.1051099226836,0.0345894380088,0.0593109906796,0.0416851754802,0.1141060796936,0.0336719983419,0.0538947693421,0.1003044731630,0.0197985564723,0.0269793938699,-0.0325433997504,0.1025136669414,0.1942251415042,-0.0179805743251,0.0201948003057,0.2668561756189,0.1205780667520,0.2543941860746,0.2448761018386,0.2204037550510,0.3709681752803,0.3385792930240,0.2894587385854,-0.1772162646368,0.2454118538160,0.0075915646580,0.2390098640185,-0.0438075561159,-0.2040272605999,0.1356034843976,0.5546249660112,0.1989463573685,0.4163360692568,0.1262292535219,-0.0218004917508,0.3151920647727,0.1264062320618,0.0399509087409,-0.0502875987286,0.2202590211439,-0.1918578523284,0.0068148455887,0.5657795361014,0.0112767145460,0.2964392634802,-0.2382269499160,-0.1592989209785,-0.0325300125400,-0.1572201558913,0.0891478436164,0.1042957647121,-0.2287364260846,0.0716960941304,0.0672275948044,-0.1845603313721,0.0753052869507,-0.1602418872756,-0.3508001817322,0.0110289727894,-0.0468119646829,-0.0606401447140,-0.1462578073241,-0.1426181734996
-0.0508210822155,0.1127918845683,-0.1066257066020,0.1318557013795,0.1330271537873,-0.0390315261772,-0.0482611699045,0.5627392172190,0.1804696308633,-0.0820284347575,0.1455903041848,0.2214845985642,0.3432833866229,0.0485040919710,0.1273527117200,0.0999521530922,0.5718418037783,1.0000000000000,-0.0264406749547,0.1828444964070,0.1473219185950,0.0602993130992,0.1480572219784,0.3881943111602,-0.1202752202557,0.2299167900870,0.2416106293482,-0.1088658375915,0.2854856266000,0.1348349678052,0.3316152542696,0.3095545373550,0.1734697065475,-0.2009971610184,0.3852057174457,-0.1000676757339,0.2070799076448,0.0605177185274,0.0186784008057,-0.1556874729326,0.0401598981201,-0.0319258572710,-0.3386137454324,-0.1670741351252,-0.0230313967453,-0.1304837901206,-0.0737974900376,-0.0113723140126,0.0773730623440,0.0293035187618,0.0121443537934,0.0218403853760,0.1894385604580,-0.0409843032108,0.0317126120062,-0.0056229580681,0.5026291513145,0.4532841300483,0.5550413894997,0.1611056945021,-0.1067394933905,0.1351227804643,0.0150093289715,0.1185310730994,0.0772625354994,-0.3512811971972,-0.0502943586102,0.5846945935371,-0.1057218443136,0.3170843926598,0.1544569684658,0.0697423635825,0.4664142128908,-0.1476421857807,0.1247683429804,0.3298353275902,0.0084110466106,-0.1260824064359,0.2191022992366,0.7072744275515,0.0489873008816,0.1006290807014,-0.1819527727142,-0.3058283404205,0.1126715022864,-0.2143841701211,0.2046132836036,0.1263057106428,-0.2309609003907,0.0321605507397,0.0080381007034,-0.2753282522928,-0.1874037577910,-0.1260113199633,-0.2296076561589,0.0707310585189,-0.0104658475613,0.0412071255452,-0.1796382820110,-0.0275671660311
0.4340210114565,0.1208918464277,0.3397727211255,0.6849194696105,0.4817362985441,0.2770779548051,0.6753117149131,0.2236088453045,0.7199996931035,0.3657313214529,0.4426222662776,0.3916069887204,0.1943607485917,0.1879693664094,0.6958741522198,0.5549484349228,0.3249258219253,-0.0264406749547,1.0000000000000,0.6022010017998,0.5079233981114,0.1801673398315,0.4731146943881,0.4952006685321,0.4904104246422,0.3302933745323,0.5793317246142,-0.2705687373499,-0.1598291152270,-0.4150595483028,0.5182129210916,0.2912272318118,0.3967343123888,0.1793347230075,0.3499896301628,0.3782658847302,0.2459077337954,0.2070137851078,0.1177917429589,0.3488301068904,0.0162006143958,0.2667371241989,0.5932218778008,0.2401859874081,0.0998376298077,0.2231627311557,0.1443278794426,0.0746252685234,0.0112810240498,0.3988645685339,0.0689762726765,-0.0000957667461,0.4656399873213,0.4049684796815,0.5544300217205,0.6294373385129,-0.0976108966112,0.3093358444217,0.2527651341566,0.7404433495902,0.1021743512609,0.3855404873642,-0.0492341515438,-0.1564350831644,-0.0479373373214,0.2312616281321,0.4480796788084,0.1163210590615,0.8438347538462,0.6193717329722,0.0171707119060,0.0408000853634,0.3693833896787,0.5479336205577,0.0920082211948,-0.3411963667715,0.4354311665753,-0.1409844471532,-0.4096857737496,0.2748821953429,-0.1471226960751,0.0208501029049,-0.2791297676770,0.2705618940387,-0.2587388210636,-0.2095919956564,0.1420949127970,0.1895748564355,0.0778080292994,0.1274941112249,0.1162641707350,-0.1302317709920,0.2388038012122,-0.2286361205276,-0.3706533781966,0.0309450383484,-0.1951601348448,-0.1791836623826,0.0088383556094,0.0214128421524
0.3523140812392,0.1693297391417,0.3866500096566,0.3802631133585,0.3703417181330,0.2498987331421,0.4946686232478,0.4168792825251,0.6199623870642,0.2551728551355,0.3239707633108,0.2270716075644,0.2482803891105,0.3585980959187,0.5414149959235,0.6699632784629,0.3291550202252,0.1828444964070,0.6022010017998,1.0000000000000,0.3593156789689,0.1519926914114,0.3769795754219,0.3219283027514,0.6563083028774,0.4499226398580,0.5451455545055,-0.2370439205408,-0.0228934091135,-0.0993776156562,0.5937439575035,0.4648080167345,0.5303466572146,0.1339433591622,0.3653387099461,0.4700581548464,0.1575082224860,0.4227156390516,0.1212398512197,0.1846848955247,0.0875622049965,0.3674155046604,0.4148188730677,0.2764259394249,0.3417057796994,0.3270927079771,0.2471917358280,0.1763411410743,0.1457676307796,0.4358817565632,0.0442099890845,0.0987136019919,0.2474770988601,0.3869938356860,0.4082488168975,0.3203138745750,0.0589407132586,0.3390021577860,0.2528530631145,0.5438834316706,0.0906213751236,0.2889105154352,-0.1001147715764,-0.0582221978909,-0.1163603471180,-0.1081102619739,0.4856475546196,0.2740087951689,0.6008198355681,0.6532468145424,-0.1147355749501,-0.0627813234114,0.2817255747761,0.5911076861104,0.1177799681715,-0.2774635475614,0.3240822105310,-0.2099434584773,-0.2126175797924,0.3842766245798,-0.1061086764364,0.1015370889303,-0.2876291102816,0.1217289134946,-0.0734744749610,-0.2654297960429,0.0818502115096,0.2309130595447,-0.2260450579298,0.2362993637779,0.0110089759256,-0.2551439731135,0.0978675663953,-0.2982823796468,-0.3633446020938,0.1194131531732,-0.1251719098218,-0.1651581698429,-0.1167758853944,-0.1886467591994
0.2282653457825,0.1389725420707,0.0616986265718,0.2995264803944,0.2566003637505,0.0662424227032,0.2066452491102,0.2048070452916,0.4510790136685,0.4067876272512,0.4313314902211,0.5723303062061,0.2319454324562,0.3316331278755,0.3928611664386,0.2660732237205,0.4172014870833,0.1473219185950,0.5079233981114,0.3593156789689,1.0000000000000,0.5510770533790,0.7240116750140,0.5910997150150,0.2827569216108,0.3683343882156,0.4050585480082,-0.0695175329537,0.1927513696218,0.0247592373152,0.3304632407140,0.4158199472253,0.5527840668077,-0.0469493066837,0.2591128462075,0.0574919470066,0.2348544247748,0.0033468033733,-0.2952784284333,0.0147263370520,0.0891711153738,0.2682381237951,0.1547259181128,-0.0161547801655,-0.0180302252731,0.1523608853773,0.3070909684487,-0.1996295135252,0.1137637433227,0.2791468773570,-0.0167510480299,-0.1125508771211,0.0794410830532,0.1442299248601,0.2298405462472,0.1453154741205,0.2042266268603,0.0868197476358,0.2033311832905,0.4001670416304,0.1514257247510,0.4904461724764,0.2443624554431,-0.1556239461917,-0.0697375880339,-0.2211120520930,0.1316975251315,-0.0335256678795,0.3812913448587,0.4453718142525,0.5445271946047,0.6012026825288,0.5271281281354,0.5409591660329,0.2706075257800,0.0055088139320,0.2512506232656,0.1033090341465,-0.0730170424701,0.3325008548281,0.0754779586114,0.3243447876708,-0.1727225971454,-0.1393112230195,-0.0759634587160,-0.2149934548884,0.1309672170220,-0.0080832274495,0.1294559472444,-0.0543642159876,-0.3085901675236,-0.3499302674680,-0.0152615611659,0.0115441662809,-0.0783407718348,-0.2102600904235,0.0011917833871,0.0656283714785,-0.0293195794434,0.4027609687020
0.1858563003894,0.3068975068340,0.1188503891080,0.1404920494894,0.3201840053395,0.3302454789295,0.0721704566511,0.3050849429112,0.3396689189674,0.7319508768601,0.4750833761004,0.5074469357022,0.1121313590586,0.3747590527851,0.2218846326112,-0.0708253254316,0.0038535980900,0.0602993130992,0.1801673398315,0.1519926914114,0.5510770533790,1.0000000000000,0.5552352305393,0.3284740271313,0.0625438338849,0.1618623541830,0.0260619665536,0.1338596232593,0.0989369400603,0.1364641048764,-0.0315665039425,0.0968822361635,0.1570972337246,-0.0585412673511,0.0441144269169,-0.2029309801953,0.0247204240542,-0.1136597484439,-0.3589262851749,-0.0834584186550,0.2996811437563,0.2638207873467,-0.1093501628641,-0.0755367868119,-0.0626356468155,0.2793804709967,0.2617080312308,-0.0927947692060,0.2373607599972,0.2171550505419,0.1647936768882,0.0983831571705,0.0436079212186,0.2482435120686,0.3368966799984,0.0306797114948,0.2506823668538,0.1984203821381,0.2788901921097,0.2798467427591,0.6254579917463,0.3955972773322,0.3662855628245,-0.0179854248133,0.2001432589094,-0.2539659484262,-0.1462802024498,0.0168862580023,0.1360474946234,0.1689211018147,0.3990645813378,0.6534249042039,0.3510757562455,0.3196642723493,0.0966668826289,0.0142057017511,0.0155529797464,0.2409444065534,-0.0176724863221,0.1125574572587,-0.0330964989354,0.1031797328395,-0.0036700198674,-0.3008711467592,-0.0792217912148,-0.0902091821613,0.0176944502990,-0.1809259149856,-0.0347121873623,-0.1716961731216,-0.3598828017350,-0.1568453677854,-0.0984853379989,0.1384427182026,0.2244361483700,-0.1556370354496,0.1632348992508,0.4302530516296,0.2696739511407,0.3808727172001
0.2743235586572,0.0779457436394,0.1855535738579,0.2767414886378,0.3217941447864,0.2052960643583,0.2769131126459,0.1749771048191,0.4251531740233,0.4601687607808,0.5471819161929,0.6958936963088,0.1955753548260,0.2944889547998,0.4166583632253,0.2359835861917,0.2112217570790,0.1480572219784,0.4731146943881,0.3769795754219,0.7240116750140,0.5552352305393,1.0000000000000,0.5100983901960,0.3568058476985,0.4747266533005,0.4510674413562,-0.1527828528360,0.1084659702686,-0.1648328124625,0.2695733678404,0.4631905329781,0.5109519445971,0.0698646362049,0.3029974582094,0.0711560156244,0.2843998926649,-0.0501397502247,-0.1603757416446,0.0827056041493,0.1029168029775,0.2296968675820,0.0925781828754,-0.0328054781973,-0.0799915486884,0.3266959205686,0.3159804280004,-0.0383244355255,0.0650459742323,0.3598935629148,0.0557337748289,-0.0870718310295,0.1330667610951,0.3048628782734,0.2740849328126,0.1855215717925,0.2325631820044,0.0781250778417,0.1946956118474,0.4099550563021,0.1948926075802,0.5425336532274,0.2891587200925,-0.0847595740152,-0.0076254014803,-0.1617684055097,0.0370824020120,-0.0465281819134,0.3174421607879,0.3660164255324,0.4175134049445,0.6049523648571,0.4742595537315,0.5709364492941,0.1697186858676,0.1556673072764,0.3241547514708,-0.0512795468084,-0.1510119769341,0.2028325068051,0.0471344308438,0.2580218093352,-0.2853510262643,-0.2022049519220,-0.1277303039038,-0.3037544224990,0.1821655339007,0.0570695323389,0.0938685104661,-0.1014250423483,-0.2262533173886,-0.3280800784058,-0.1009035034172,-0.0800872167546,-0.0973212366464,-0.0939457900832,-0.0573976516228,0.0250114443552,0.0412865920709,0.4403784078799
0.1173728674316,0.0531051341095,-0.0027900373550,0.4544907454863,0.3768595637909,0.0700134654160,0.3196270672722,0.3433035310456,0.4983663097223,0.1966246834936,0.4194997414413,0.3895550133944,0.2638606028403,0.0694732784595,0.3675503039274,0.2287797257596,0.3406790080461,0.3881943111602,0.4952006685321,0.3219283027514,0.5910997150150,0.3284740271313,0.5100983901960,1.0000000000000,0.1568350223870,0.3524686151952,0.4867666158017,-0.0248139315733,0.1568267763044,-0.1828315785938,0.3895343316047,0.2005606400023,0.2194956358350,-0.1831571119501,0.4156557958132,0.0679472425498,0.3829251990244,0.0432278791159,-0.0200027397836,0.0373138860559,0.1190947959706,0.1368506500318,0.1374612937289,-0.1562963733486,-0.1313993709778,0.0098789974316,0.0365652142930,-0.0021937087435,0.1262146720334,0.1427894377454,0.1857718967209,-0.0933914863999,0.3748118982134,0.1094897746204,0.2745865419177,0.3501711879359,0.3873127795254,0.2847083503542,0.3697022181205,0.4336458906847,0.1408253798622,0.4354352272534,0.1577460891237,-0.0952724325232,0.0245942256208,-0.0707900673252,0.0732356171197,0.2388152247772,0.4105030300269,0.5643927174230,0.3708060267515,0.3604926495395,0.7980100817498,0.3589709916845,0.1308849179348,0.0453488172806,0.2739052156201,0.0501530516810,-0.0423202931220,0.4510834980747,-0.2052177962200,0.0254555834766,-0.2125769930463,-0.0959558981056,-0.1812003893004,-0.4090407654834,0.3471271054012,0.1359746641142,0.1090337585634,-0.0389033216338,-0.0295846031571,-0.2912998772118,-0.1119702269833,-0.0844246748604,-0.1574282575056,0.0245770998918,0.0506175775985,0.1804884879086,0.1041794802873,0.3071223712654
