1.0000000000000,0.4833583473930,0.6824471190885,0.4228819796827,0.8124247298557,0.5386846655925,0.2411929475829,0.0004761143177,0.0520794095235,0.2250913756395,0.3671505432618,0.4343115788799,0.2118700856520,0.2448298236181,-0.0182609233351,0.1966075523705,0.2548399022521,0.3646861039346,-0.0102610419726,0.0144722769676,0.1554993185464,0.1179589637535,0.2561531492228,0.1990386451947,-0.1965409356803,0.1199851600247,0.1545662166481,-0.1445095406650,-0.2696185457273,-0.3529546899740,0.1819992895245,0.2010199157703,0.2433342505261,0.0289688408280,0.1172425986913,0.1893870863925,0.2327263848919,-0.1678075818638,0.0345149176762,-0.0291162155323,-0.0418724132376,-0.0909648256301,-0.2382804482924,-0.4187474208174,-0.2567908766666,0.0071989230340,0.0813057329087,0.3446655300242,0.0228013311725,-0.1534787762881,0.8009098509584,0.6653962969699,0.3036182938869,0.5787676055762,0.4062291255557,0.2607604698774,0.2314083923230,0.2021497639052,0.2694800855834,0.1925660841539,-0.0787939919392,0.4388962650342,0.3524697861736,0.1377051207529,0.0237338736055,-0.1912234333492,0.1110696980356,0.4045461639522,0.1162650135547,0.2154731861147,0.1829719826734,0.3845104147692,0.3317610132311,-0.0882673843861,-0.0302597073762,-0.1600833572864,-0.0861431951782,-0.1212226987402,-0.2758396990632,0.3653034678223,0.2744204011477,0.1744092167703,-0.0758223956041,-0.2481274752592,-0.0584582548680,-0.1107388304364,0.2298098244857,0.0197956784327,-0.2526653888642,-0.0243794301203,0.0857955318444,-0.1260297840382,-0.2949817114004,0.0912362296889,-0.0016673737941,0.3592416972509,-0.1075802325269,0.1721084383697,-0.0594852858795,-0.2254720654828
0.4833583473930,1.0000000000000,0.5286800447819,0.2617212670272,0.4807045397839,0.2469073589596,0.0522582351503,0.1665553304830,-0.0247944085781,0.0265572352057,-0.0287857304954,0.0696101863658,-0.0161556274386,0.5380805493764,0.1804112769605,-0.0261388507313,-0.0431832929491,-0.0041153082646,-0.1702747069353,-0.0755238826832,-0.0475619501078,0.0669016041807,-0.1679872558665,-0.1904752973774,-0.1822880834995,-0.2167185862524,-0.2689191212566,0.1120504450157,0.3585662295274,0.1824073447224,-0.2813856935581,-0.1608111391620,-0.1839481045449,-0.1430592001814,-0.0424933415092,0.0208757145427,-0.1187518144704,-0.1529415480261,-0.1785058521422,-0.1443126203658,0.0724604228305,-0.2315813809730,-0.2908956307048,-0.1156296707618,-0.0102798021123,-0.3233206976859,-0.2460879695864,-0.0216512610903,0.3582758360786,-0.3212519246959,0.4129768371271,0.5597162853904,0.1927678523551,0.2736718218842,0.1025220850326,0.1034253464139,0.0047902645615,0.1552194937709,-0.0295500366236,0.0335309984976,-0.0822434578790,0.0732260696609,0.0353075372788,-0.0229337298706,0.3788424976671,-0.2932271940453,-0.0432093710011,0.0220297154574,-0.0801229730376,-0.2249648633580,-0.0423324516580,-0.0247629102517,-0.1071192400815,-0.1463282527841,-0.1654497134381,-0.2906296427185,-0.3733786787818,0.1487719212146,0.3083014538505,-0.1129373872626,-0.0620925087461,-0.1135539067530,0.0823743369709,-0.2992932535618,-0.1355825333671,-0.1732249363470,-0.1302464622318,-0.2216551112697,-0.3484190149575,-0.2091719926479,-0.1565580293518,-0.1110296165799,-0.1736032204690,-0.1220601307478,-0.1010732065863,-0.0271160047838,0.4038262454137,0.1438189251607,-0.0727133114104,-0.2764193402115
0.6824471190885,0.5286800447819,1.0000000000000,0.5672941941397,0.7860800369845,0.7011298707588,0.4750018626817,0.1258065564164,0.1765152098862,0.3339170929795,0.3083480687759,0.3028700811537,0.3237328533237,0.3783844376717,0.3226036500019,0.2269705525948,0.2916067609164,0.1949746717251,0.0547771808097,0.0663184273418,0.1290573975245,0.2280440448119,-0.0529762874252,0.1362285052634,-0.0977893127404,-0.0294333209373,-0.1782416642675,-0.1094803959000,-0.1348016610295,-0.2402024865001,0.0161935921421,-0.0740689594661,0.1219890759512,-0.1437528417073,0.1340748614265,0.2427328419031,-0.0166986375080,-0.0887191730154,0.0989242427510,-0.1713543305680,0.0599457628707,-0.1227459060277,-0.1097708160624,-0.0892031686093,-0.3290336550142,-0.0667621684000,-0.0854134753381,0.3121866324469,0.1565946469559,-0.2117689479876,0.4976781553443,0.4918769716057,0.5201147401845,0.7975358982048,0.5058723767362,0.4958766694631,0.3660211255170,0.3139237763031,0.1792283834772,0.2095215010001,0.1974410665915,0.3716340970086,0.3945781975953,0.3771917133780,0.3174056068440,-0.0893734830003,0.2971770765661,0.3574286169971,0.1948631369809,0.0646683479813,0.2672238915500,0.2308122849458,0.1631455019708,0.0595761171535,0.1027951282877,-0.4285381171562,-0.1931996157247,-0.0089038899196,-0.1466777927144,0.1724810337496,0.1656641536021,0.2645621943267,-0.0941911742781,-0.0752330324420,0.0298738259642,-0.1410685804307,-0.0073192080281,0.0145833553780,-0.2323223166862,0.0273284990951,0.0493847671360,0.0099387676906,-0.0185000337400,0.0476379531248,0.0582806332617,0.3448420079905,-0.0045571699554,0.3131474842763,0.1047842598715,-0.1108934521739
0.4228819796827,0.2617212670272,0.5672941941397,1.0000000000000,0.5314615114023,0.4941394792066,0.8715722492016,0.2514880318707,0.4870957670852,0.5252351002454,0.4169287023601,0.4138034667330,0.5327306932632,0.1032579599486,0.4036581719141,0.6382272645319,0.5671190011634,0.5612102620609,0.4851800578325,0.2868760492044,0.1910723381674,0.2098802252122,0.0463103278091,0.5251797534158,-0.1063482734064,0.0861602338853,-0.1502170428095,-0.3047747603215,-0.3041254839758,-0.5082504859741,0.3037448973185,-0.0681372482426,0.2729112729970,-0.1911737967114,0.2219809730880,0.5347349041797,-0.1956631094011,-0.1635012688524,0.0485089381278,-0.2060485552535,-0.0028242409581,-0.1068359934479,0.0973539777950,-0.1808022821821,-0.5558162604155,-0.0682171985739,-0.1044270491157,0.0984787408815,-0.0707735164082,-0.3220694158666,0.3580273420991,0.3414469489471,0.8760849030818,0.6346026584980,0.4916992171844,0.8396864807477,0.4048031008254,0.4633912496324,0.5965564244239,0.4366086973810,0.2222310113471,0.5107631365952,0.4186354540241,0.4417184159665,0.2286923859444,-0.3017972906103,0.6385198719606,0.6398410138813,0.5476743939918,0.4062719159261,0.3863603934071,0.1673388391581,0.3880790520220,0.0052192732514,0.2515351218703,-0.4051607414686,-0.1673614267222,-0.2779525906441,-0.3593441907088,0.5504630417864,-0.0730241021816,0.1691669526148,-0.4198960327601,0.0348243675672,-0.2319390518981,-0.2950124095809,-0.1686548849338,-0.0522319628412,-0.2931050311466,-0.0717815658924,-0.1436040550553,-0.1640688662966,-0.1642200087176,-0.2776028002477,-0.3671156006756,0.2133102570070,-0.2575827061030,0.2674463686787,-0.1969408318600,-0.2309218061733
0.8124247298557,0.4807045397839,0.7860800369845,0.5314615114023,1.0000000000000,0.7433355691610,0.3955955342132,0.0551570372067,0.0856994507374,0.4254539031801,0.4308058367868,0.4685643481793,0.3354608485439,0.3817282743788,0.2964794374688,0.2004250620335,0.3077875314316,0.2833323148017,0.0199821487634,-0.0412424044311,0.2938437147419,0.2877326221555,0.1441549788061,0.1724083708144,-0.2159298985012,0.0656990834238,-0.0731223308822,-0.1591713327644,-0.0859579982783,-0.2849627640777,0.0297856615068,0.0523754814723,0.1737051770033,-0.0893231828363,0.1321239539299,0.2591451566874,0.0722859792173,-0.2114786000246,0.0226482047188,-0.0885858998631,0.0758145611650,-0.1067889689066,-0.2196175563860,-0.3481736356718,-0.3562444386736,-0.0723927985941,-0.0864439320045,0.4027221978792,0.2325464369547,-0.2103529645332,0.6920894555290,0.5406609557455,0.4020167457857,0.7580931165395,0.5313920122603,0.3972846282282,0.3872092134589,0.3310357974144,0.2491911933902,0.1739894009134,0.1276096751682,0.4709749400482,0.3977455239652,0.2839696069608,0.2277095987384,-0.1914321478479,0.1610388807523,0.4171634897863,0.1676519263993,0.1220388615994,0.3177601900253,0.3756271390427,0.2404637377256,-0.0926637694014,-0.0662622926627,-0.2882542479322,-0.2462921103313,-0.1085696851315,-0.1484767318648,0.2512209983185,0.1954821825057,0.1812602032725,-0.1038235470341,-0.2556525265611,-0.1080711556000,-0.2269935807441,0.0950509566009,0.0239506669513,-0.3609476984854,-0.0623184067847,0.0607314459476,-0.0897029700088,-0.2437196286060,-0.0391590227473,-0.0724953430129,0.4268601375768,0.0467872968781,0.2907469934990,0.0676601386316,-0.1896994625577
0.5386846655925,0.2469073589596,0.7011298707588,0.4941394792066,0.7433355691610,1.0000000000000,0.4627823814099,0.1014155538899,0.1700425035394,0.4509930517778,0.5357400938952,0.4078815389991,0.3838150857990,0.2254211571438,0.3755891532626,0.2028857394772,0.3721363162745,0.3681553695589,0.0383233529943,-0.0595876194985,0.2199970012118,0.3705060889508,0.1716520124568,0.2584457184724,-0.1510132642616,-0.0048551487227,0.0175865853975,-0.2161575916862,-0.1576186424837,-0.3186067127281,0.1216882202378,0.0140849358763,0.2221330456706,-0.1918203062941,0.1561660558930,0.2104399327645,0.1927926521496,-0.1880805638697,0.1990917494530,0.0104572689536,0.0574757621390,-0.0686566737819,-0.0660156671572,-0.3246140472909,-0.3330300201949,-0.0740738313659,-0.0924758041522,0.6182344130951,0.2291129862665,-0.1405229545009,0.5170233245735,0.3378789071004,0.3381798852397,0.7962425164338,0.8167817648210,0.3930729218000,0.4491598347090,0.3693882697987,0.2742452381582,0.1928785075732,0.2838423235911,0.4612054545754,0.3382151427757,0.3430037181588,0.1073519566491,-0.1334861372714,0.1564777984407,0.4680342098161,0.1560976528037,0.1388262117917,0.3029150500686,0.3262736884221,0.2672002085920,-0.0325016267041,0.0384495890384,-0.4481809188358,-0.1364819792061,-0.1352901433936,-0.2143850805417,0.2913583464404,0.1324433501306,0.2498392495331,-0.1671367241464,-0.1964112761484,-0.0806359799153,-0.2628602950253,0.1664450647028,0.0499798018132,-0.2778219661400,-0.0574764310036,0.2443992895674,-0.0166326463133,-0.2319776845610,-0.0168432481422,-0.0419277474344,0.6217820197524,-0.0658913148913,0.3160584093506,0.0976877671394,-0.1264831736647
0.2411929475829,0.0522582351503,0.4750018626817,0.8715722492016,0.3955955342132,0.4627823814099,1.0000000000000,0.0725796310819,0.4599446110612,0.4273784087910,0.3387431059789,0.2830745905153,0.4793068763691,-0.0767300968624,0.4112452448386,0.6391348800347,0.4797336287351,0.4401705654105,0.5878921180378,0.2048418087302,0.1421233762768,0.0691338470804,0.0066293047528,0.5765064390562,-0.1047610871102,0.0658759474542,-0.1949947481900,-0.3911112842651,-0.3391181228001,-0.5194016605882,0.3982237691994,-0.1807440629265,0.1464398849870,-0.1846692985544,0.3700043989984,0.5563486084135,-0.1487404736894,-0.1662605906382,0.2276032485936,-0.2119993522513,0.0337984106559,-0.0335230296383,0.3058177713271,-0.0768760100001,-0.6238808064433,0.0202160870522,-0.0968929610096,0.1613997127583,-0.2225569262747,-0.1625323824440,0.0951267849787,0.0787185848642,0.8305593440460,0.5576592458318,0.4808380575573,0.9112172642921,0.4158538519838,0.2979704455913,0.5394112869411,0.3762825879206,0.2316563755226,0.4105752579765,0.3280155774477,0.4956216577798,0.1932147783578,-0.0423303515503,0.7092583126248,0.5356601608146,0.6187491606460,0.3749316274381,0.3073818645960,0.0698992523851,0.3836671650655,0.0577892973537,0.3663121682047,-0.3140247741469,-0.0536369466257,-0.3382490826702,-0.3384923862941,0.5011406547380,-0.1020905071650,0.2131591241889,-0.3647413800979,0.3018849048919,-0.1285714670324,-0.2124597877056,-0.0702838152911,0.1736647692043,-0.0324408419170,0.0045378707866,0.0150031541187,-0.0656962509823,-0.0071578409868,-0.1841005693992,-0.2410796320811,0.2493964249048,-0.3873479184467,0.1969718838230,-0.0504173980010,-0.0341118225992
0.0004761143177,0.1665553304830,0.1258065564164,0.2514880318707,0.0551570372067,0.1014155538899,0.0725796310819,1.0000000000000,0.6137033759068,0.2898292493689,0.1930201840305,0.1279921583269,0.4732356023524,0.2478673367087,-0.0576150310056,0.1142893036014,0.5135058156737,0.4343557668397,0.0391734636162,0.6854448367591,0.1835719684963,0.2793385237804,-0.1530882225773,0.2419891857630,0.2008555587795,0.2456339030231,0.1139170868054,0.4568184305852,0.0835349168257,0.1198784699119,-0.1239263823197,0.2212477652331,0.2850147483866,0.0257292654380,-0.1303045796835,0.1326682322041,-0.2666250656394,0.4220868868721,-0.3460799035261,0.0646338155712,-0.0373185066671,-0.1782644075024,-0.2391286461743,0.2037497840903,0.2628696371277,-0.1152219336284,0.0521841600464,-0.1297010937029,0.1950732466750,-0.3839155622059,0.2408224475660,0.2145463413629,0.0964644571467,0.1904941797387,0.1887880825810,0.1262554253345,0.1491770965863,0.6922072618750,0.3059804837249,0.5355056142155,0.1497702085594,0.1845150060677,0.3041325650820,0.1504046407265,0.1354407114022,-0.5800958869805,0.1162953233922,0.3229641803678,0.1845167605223,0.2830616108077,0.1695020482026,0.0598488806971,0.1030319547725,0.3230834657105,-0.0801035736773,-0.2287135628104,0.0018546733324,0.4580935732733,0.0673141636740,-0.0293041382750,0.0868894288504,0.0130432867598,-0.0027763492131,-0.5157881672299,0.0397310177655,-0.0388838749405,-0.2924073762544,-0.3445098820066,-0.5374406601190,0.1472795975826,-0.3175703632693,0.1708803341356,0.1146303579075,-0.0415449410128,-0.1408807774562,-0.0027183825491,0.1532657265060,0.4374864861490,-0.2254373482668,-0.3815972452740
0.0520794095235,-0.0247944085781,0.1765152098862,0.4870957670852,0.0856994507374,0.1700425035394,0.4599446110612,0.6137033759068,1.0000000000000,0.3955083743307,0.3679660402182,0.3177014039789,0.6913250525112,-0.1960285043246,0.0388135010408,0.6138039745436,0.7386884843453,0.6967285380114,0.6614441841139,0.7614712597752,0.3331009411356,0.1276614728807,0.0348609849882,0.7502181663418,0.2098728854461,0.4093888109361,0.1988672764524,-0.0563256797771,-0.2465424501909,-0.3371327855208,0.4062223481462,0.2426536168939,0.4008381196333,-0.1815835454957,0.2561413354153,0.3693880159829,-0.0819108270288,0.2134824101489,-0.0022686854144,-0.1201699404931,-0.1875109698473,-0.1132899805521,0.1429611865046,0.0750637308228,-0.3251500824460,0.0100833662089,0.0616026064274,0.0158672814528,-0.2467201854845,-0.2782660262397,0.0501067803101,0.0216631175307,0.3685715822700,0.3518239359662,0.3154067267891,0.4811223875692,0.4721929333689,0.5933260669843,0.7544190668119,0.9263159728935,0.1301605011510,0.4455978410446,0.4488761499942,0.4879876896696,-0.0829532573906,-0.3065917704240,0.6173293913192,0.6124110388663,0.7554298623415,0.6965779801670,0.4299614917279,0.2082384007779,0.5962455299682,0.4366171590864,0.3767037464845,-0.1891137839455,0.1831761644565,0.0036874784277,-0.2339541182716,0.4366347195567,0.1259900841054,0.3405895827398,-0.3165613067258,-0.0623046430136,0.2275747229006,-0.1910595251727,-0.0206380208542,0.0551030384479,-0.1415648157536,0.3154721087158,-0.0634398426561,0.0936777300111,0.1937063507356,-0.0862930642706,-0.1459502637255,0.1607840575852,-0.3523668888264,0.2640942647505,-0.2751225661917,-0.1157817827297
0.2250913756395,0.0265572352057,0.3339170929795,0.5252351002454,0.4254539031801,0.4509930517778,0.4273784087910,0.2898292493689,0.3955083743307,1.0000000000000,0.4750258573123,0.5511647970361,0.5338285119500,0.2495052990379,0.4916185539993,0.3208492924854,0.4956650483121,0.3938671778326,0.2066116662538,0.2252860153201,0.4450328894031,0.6617612573519,0.1572894936666,0.3924884748971,0.0256933856646,0.1261295614868,0.0405908813666,-0.0653970732076,-0.1782850780901,-0.2591438732901,0.2431201531694,0.0913786871476,0.3452373568696,-0.0354954520362,0.1362059111558,0.2743788077679,0.0658924901859,-0.0328149922420,-0.0267620998471,-0.0689195249168,0.0667598781780,0.0523941961122,0.0329810352075,-0.1217158797958,-0.3851075000578,0.1997555108420,0.1404923282999,0.1388555472462,0.1081886539257,-0.1011780250615,0.2352821341385,0.2030632118686,0.4509534241178,0.4921971974705,0.3932925435085,0.4056855146580,0.4763599466212,0.4491722726829,0.3895696427387,0.3540580171962,0.5841280372331,0.5722734191725,0.4942063572154,0.4429257677436,0.1801624643393,-0.1633703170563,0.3055230304608,0.5085247638995,0.3237113777700,0.3256007518830,0.4443778931912,0.4625819446603,0.4258943855268,0.2324648360125,0.1636809862827,-0.3077754508470,0.0776604094636,-0.1000817135926,-0.2094633569524,0.3531614280551,0.2827030272752,0.3170862553095,-0.4038870310590,-0.0576457090268,-0.0393002483564,-0.0401483265570,0.0639928410096,0.0500990258226,-0.1934820783324,0.0520965606969,-0.0309265182235,0.0295473283137,-0.0743397683328,-0.1269458744120,-0.0193115130108,0.2215367584144,-0.1141976319206,0.3348961872492,-0.0856895779329,0.0338956152870
0.3671505432618,-0.0287857304954,0.3083480687759,0.4169287023601,0.4308058367868,0.5357400938952,0.3387431059789,0.1930201840305,0.3679660402182,0.4750258573123,1.0000000000000,0.7282444364646,0.6226853537314,0.0345825788474,0.1773223663876,0.4276260312395,0.5962182502926,0.5354838600753,0.3603284369392,0.2668319214990,0.5730518554187,0.3316075368295,0.5127972464900,0.5302585277997,0.0397763211309,0.4267826198379,0.3439904892008,-0.2838781438649,-0.2510711637847,-0.4703475522535,0.3076569004154,0.2565529754174,0.3930181793885,-0.2406271059104,0.2714236787713,0.3577363030537,0.1502815577447,-0.0946453262746,0.0401399175380,-0.0072817222503,-0.0987093526522,0.0683076009043,0.0070879350113,-0.2840025645138,-0.3240205384472,0.0906336726848,-0.0608341537451,0.4302636664201,-0.1105593351328,-0.1828540865472,0.3687958408888,0.2174258958122,0.3224572528822,0.5407110713693,0.4864260069089,0.3516851365389,0.5680444431683,0.4356970997144,0.4695231560577,0.3762643958772,0.2352305330901,0.7408675822679,0.5679299421018,0.4696341186936,0.0136256833510,-0.2596046871396,0.3049238089869,0.6406952732235,0.3943374132364,0.5316931267428,0.5754591414517,0.5105987371161,0.4804059790272,0.1276979108119,0.1781911082082,-0.1023849904906,0.1789286329201,-0.2843683008145,-0.3349285406846,0.4889846202950,0.1548129030401,0.2584220535505,-0.3494149887906,-0.0859020087598,-0.0670000646615,-0.3413902670680,0.2324944795478,0.1256475199583,-0.1609678923181,0.0382169438217,0.0446667899867,-0.1457217743982,-0.1711874150882,-0.1306854665030,-0.2595560634891,0.4536118694149,-0.2243044801782,0.2040501258134,0.0410633079359,-0.0413662908525
0.4343115788799,0.0696101863658,0.3028700811537,0.4138034667330,0.4685643481793,0.4078815389991,0.2830745905153,0.1279921583269,0.3177014039789,0.5511647970361,0.7282444364646,1.0000000000000,0.5538965598596,0.0331789858871,0.2563481883245,0.3975825755516,0.5345709916130,0.4965816589943,0.2775637055426,0.1870896963164,0.6833135762041,0.3691303312844,0.6631833345918,0.4711275785865,-0.0399229324984,0.4297105763281,0.3030654003709,-0.3453509288704,-0.2831147385700,-0.4951509258818,0.3086552932806,0.3639016286619,0.4747224197768,-0.1039376325796,0.2234291039069,0.3129224671409,0.1994093757727,-0.1826279715896,-0.0529223268301,-0.0560423965647,-0.1875364347621,-0.0319507512406,-0.0656360704718,-0.4006253941707,-0.3564427066164,0.0980287958317,0.0598844153290,0.2367472131575,-0.1138843102894,-0.1206780925097,0.4224430669000,0.3311087122380,0.3165673790888,0.5165317565916,0.3139402384829,0.3006379376840,0.4967216974357,0.4253361953101,0.4990592684036,0.3745948249068,0.1540569673827,0.7596616940789,0.6941013631363,0.4336347219090,-0.0136236991448,-0.2412462334859,0.2448632128914,0.6399047251717,0.3339762599016,0.4730604788803,0.6018373539845,0.6704780440716,0.5525542529623,0.0548736766639,0.1330115299611,0.0561309921368,0.0595358628086,-0.3615016086101,-0.3518799168462,0.4990668015996,0.2615634108172,0.3141951995834,-0.3978114132577,-0.1454247545309,-0.1287701361132,-0.2401107924605,0.2364925784525,0.0976099989361,-0.1717177076141,-0.0125604853845,-0.0251877519885,-0.2354979362181,-0.3004127351761,-0.1609170801850,-0.1942821124793,0.2869327164763,-0.2143911886041,0.1202858425408,-0.0893660843489,-0.0038743316379
0.2118700856520,-0.0161556274386,0.3237328533237,0.5327306932632,0.3354608485439,0.3838150857990,0.4793068763691,0.4732356023524,0.6913250525112,0.5338285119500,0.6226853537314,0.5538965598596,1.0000000000000,-0.0877057381741,0.0954764420157,0.5386333896845,0.9099456861070,0.6740727070925,0.4818605155483,0.5884473835174,0.5183794996747,0.2706021375124,0.1897373164911,0.6515539848482,0.1567595838274,0.5381686518701,0.2050845559228,-0.1175010942388,-0.3102525501172,-0.4705338896281,0.4308402221425,0.3119362217108,0.6147926848334,-0.0168312414140,0.2096142462844,0.3124920802205,-0.1379786559884,0.1847869284983,-0.0415025343976,-0.1359512779881,-0.1488603991933,0.0743689776563,0.1045406835794,0.0278794064378,-0.4054163862051,0.1339831748963,0.1441662802755,0.1067559525180,-0.1965632333661,-0.2450661386244,0.1575116836513,0.0972894989711,0.4475552751794,0.5441229164129,0.4341569146935,0.5450610457677,0.7722910529484,0.6148873073450,0.5755976709381,0.6508402447153,0.2602987937471,0.5846074962336,0.6657441677220,0.7805798204961,-0.0194844502729,-0.3073211523961,0.5757285485538,0.7541147690108,0.6106473801955,0.5839805086999,0.5670524357184,0.3749345895768,0.4859630296046,0.4086315122184,0.3892754694090,-0.1576682182370,0.2152756587614,-0.0367607726872,-0.3435694296206,0.4588136079355,0.2540134597902,0.4749365348209,-0.3381041026972,-0.0146638518585,0.2015341949452,-0.1364709919132,-0.0553069313383,0.0335631409830,-0.1601879085875,0.3305742338739,-0.1149748164069,0.1092747947038,0.1737753882175,-0.0377174721326,-0.1123395976336,0.2373500133084,-0.3560770783922,0.3710910262371,-0.0938088257333,-0.1095933379324
0.2448298236181,0.5380805493764,0.3783844376717,0.1032579599486,0.3817282743788,0.2254211571438,-0.0767300968624,0.2478673367087,-0.1960285043246,0.2495052990379,0.0345825788474,0.0331789858871,-0.0877057381741,1.0000000000000,0.3240646966633,-0.2420361054833,-0.0999010312835,-0.2498433012862,-0.3650879442404,-0.0959980546001,0.0838205095011,0.4277429129792,-0.2401893663429,-0.3990362491142,-0.0538929259954,-0.1566654563537,-0.2777520993557,0.3116656038165,0.4310967471291,0.4485717053963,-0.4749618183716,-0.2081890970822,-0.2185789203343,-0.0908161232288,-0.1289616299920,0.0429131522270,-0.2260563761271,0.0906522986276,-0.3508932346668,-0.2119858098141,0.3151338866422,-0.0934276760230,-0.4033080484974,0.0537230110811,0.1793107104311,-0.1385972884643,-0.2476665366966,-0.0635182217648,0.6089555386632,-0.2744424976297,0.3682576059401,0.3736778904944,0.1587643725531,0.1639335181272,-0.0077567825836,-0.0044291757376,-0.0361064347928,0.1870552656560,-0.2458891426700,-0.2194494824046,0.2510413826948,0.0166317973221,0.0860573250261,-0.0770314300455,0.6826339080790,-0.2763795333042,-0.1856899431898,-0.1165615065217,-0.2767698335198,-0.2781945524354,0.0120353935249,0.0456205425391,-0.3453840028470,0.0157256781223,-0.2963042060178,-0.2504581145093,-0.2434239163818,0.2903142214682,0.3747016395021,-0.2815899188979,0.0160162771681,-0.1342172427244,0.0769028855277,-0.2985146228845,-0.1524202946257,-0.0296691612280,-0.2469909882591,-0.2498204773784,-0.4186692845189,-0.0803582602879,-0.3141980542379,-0.1356131060512,-0.0401059136096,-0.1102806050243,-0.0216991840267,-0.0851658460738,0.6282735071400,0.3043493178693,0.0936961183713,-0.1859768789946
-0.0182609233351,0.1804112769605,0.3226036500019,0.4036581719141,0.2964794374688,0.3755891532626,0.4112452448386,-0.0576150310056,0.0388135010408,0.4916185539993,0.1773223663876,0.2563481883245,0.0954764420157,0.3240646966633,1.0000000000000,0.2067941965417,0.0329433749160,-0.0318517519050,0.1252943044383,-0.1869775843619,0.2908145101367,0.3952645776661,0.0626459846636,0.0791191841821,-0.0362344892298,-0.1739654393105,-0.3506633540958,-0.3294105062794,0.0699761537739,-0.0837303537914,0.0058652259965,-0.2802409763313,-0.1095450410388,-0.2380146001287,0.1714389240983,0.2705619895245,0.0039338791897,-0.2490413925262,0.1403104392630,-0.1915241785578,0.1545655354213,-0.1284015469881,0.2601670033851,-0.0627976127092,-0.2900286975613,-0.0526476726075,-0.2096456053462,0.1095790647765,0.2525041884206,-0.0217399394546,-0.0566385010191,0.0141714724662,0.3729799468001,0.2927494870472,0.1777287667509,0.3497954163190,0.2082322196060,0.1105934762363,0.0982512919006,-0.0484711328363,0.2582973533359,0.1405746375214,0.0933809384174,0.1466372183261,0.4155084980962,0.1329075531431,0.1711332911671,0.0615882271368,0.1209414865700,-0.1242028899927,0.1705307899947,0.0719509583435,0.0969727379586,-0.1082457050295,0.0184144754931,-0.3103612351604,-0.3037336387841,-0.3728761336501,0.0095983260204,0.0686628299146,-0.1764381991749,-0.0313850374625,-0.3041707873405,0.1554326493922,-0.2896870256116,-0.2194267913969,0.0257287735849,0.1328670376569,-0.0295442488026,-0.2218354734939,0.0623833498716,-0.2569482055304,-0.1616895978835,-0.3286426999578,-0.1743608708920,0.0878706210815,0.1198396561300,-0.0613559840405,0.0016874926382,0.1800133221307
0.1966075523705,-0.0261388507313,0.2269705525948,0.6382272645319,0.2004250620335,0.2028857394772,0.6391348800347,0.1142893036014,0.6138039745436,0.3208492924854,0.4276260312395,0.3975825755516,0.5386333896845,-0.2420361054833,0.2067941965417,1.0000000000000,0.6060825651413,0.6289589827389,0.8145951952533,0.4656288978723,0.4197071968266,-0.0077247160194,0.2193345112033,0.7365426421629,0.1065870217256,0.3093451968473,0.1022153438621,-0.3966359367082,-0.3499783866989,-0.5806579513515,0.6647865217025,0.2086225743793,0.3503729144272,-0.1045890672893,0.6353993096399,0.7422640744367,0.0019646861530,0.0403630588975,0.2622339702521,-0.1589863091484,-0.1796560470355,-0.0078223011526,0.4488041643933,-0.1550203586557,-0.4859554521511,0.1270321510816,0.0306275653343,0.1148307634840,-0.4309677964259,-0.1125337720158,0.0516033088604,0.0891041358832,0.5774199590761,0.3453431345341,0.1887277961422,0.6830185227949,0.4115396854456,0.3379635635131,0.7629070460793,0.6243081797187,0.1161334325794,0.4377398769841,0.3747519753259,0.4338528778023,-0.0432208686966,-0.0514681510203,0.8697262557343,0.5701114763663,0.8398318928921,0.6119277924653,0.4830090889988,0.1630435881027,0.5536861589887,0.1430169333466,0.5350358400387,-0.0082445534000,0.0987322821575,-0.3754179426999,-0.3526956234390,0.6514464070498,0.0765634075854,0.2115441677514,-0.4158360489563,0.3372785291043,0.0701372690056,-0.1841018597949,0.0875746705054,0.3671229079956,0.0530299927664,0.1734757675494,0.0066745988009,-0.1704303034883,-0.0049888780615,-0.2126175294967,-0.2786766042164,0.1776085909367,-0.4755072152596,0.0471185993556,-0.2027104059946,-0.0504314346128
0.2548399022521,-0.0431832929491,0.2916067609164,0.5671190011634,0.3077875314316,0.3721363162745,0.4797336287351,0.5135058156737,0.7386884843453,0.4956650483121,0.5962182502926,0.5345709916130,0.9099456861070,-0.0999010312835,0.0329433749160,0.6060825651413,1.0000000000000,0.7725893729169,0.5217023621362,0.6464553398510,0.5323095993320,0.2438441344074,0.2115663824815,0.7192955427783,0.0932241314990,0.5956996543750,0.3091574754626,-0.0960837922178,-0.3570952202782,-0.4839367086342,0.5344024790471,0.3954368602481,0.6242518584578,-0.0428662634762,0.2204939690231,0.3326007806606,-0.0974287527071,0.2544964115439,-0.0395381834299,-0.0708725497087,-0.1923109373676,-0.0144396658030,0.1301867449390,-0.0113454961404,-0.3827623408580,0.1164778823319,0.1363809454468,0.1475209433424,-0.2051951308802,-0.3074000939326,0.2450321020661,0.1501885429084,0.4413641169968,0.5203399908503,0.4674933922936,0.5374192831898,0.6031195761372,0.5876079640248,0.6796935135755,0.7191952609993,0.1703070101179,0.5881038143860,0.6201170325528,0.6086107835764,-0.0884234711347,-0.3529430943411,0.6099514332383,0.7591645109404,0.6622427008769,0.6551602446905,0.5593224800783,0.3821701808417,0.5457786768091,0.3938587923986,0.3900796240887,-0.1379423663718,0.2654012373624,-0.0256349184090,-0.3869891327630,0.5447698110619,0.2719987503727,0.4150997399203,-0.3010244666242,-0.0765150052400,0.1858885243946,-0.1377239252166,-0.0049820913477,0.0255679240795,-0.1958595355095,0.3557055223478,-0.0859177045168,0.0936824130754,0.1395130898109,-0.0364374068303,-0.1813312473132,0.2831064955945,-0.3961594550531,0.3875224848897,-0.1879626548298,-0.1936517981670
0.3646861039346,-0.0041153082646,0.1949746717251,0.5612102620609,0.2833323148017,0.3681553695589,0.4401705654105,0.4343557668397,0.6967285380114,0.3938671778326,0.5354838600753,0.4965816589943,0.6740727070925,-0.2498433012862,-0.0318517519050,0.6289589827389,0.7725893729169,1.0000000000000,0.5062438421328,0.4988812681516,0.2918569193938,0.1238535967260,0.2926481828069,0.7765003088570,0.0265356810655,0.3848637847315,0.3550573419549,-0.2057302018116,-0.3884415934366,-0.5210827956339,0.5596179763667,0.3937274068009,0.5520021553310,-0.1663317696799,0.1810262385477,0.3913046099678,0.1259631404111,0.0202876165207,0.1203330814096,0.0790489348620,-0.2093479779970,-0.0820561385472,0.0699395871309,-0.3155529291970,-0.2922286936922,-0.0441368451342,0.1150726129976,0.2145827303687,-0.2022400784559,-0.2085825734400,0.4006825607005,0.2878201441505,0.3021488685607,0.4197527314702,0.4507021422378,0.3942924112718,0.4454458409304,0.5630432162045,0.8238665197166,0.7015426938457,0.0125984690025,0.5642548359408,0.3886429426940,0.3258023488622,-0.2899995615662,-0.3888108167149,0.4395501766966,0.7843927970901,0.5764386305793,0.6789253769784,0.3670196209939,0.2527327598306,0.6858226541523,0.0637841089463,0.1814751207925,-0.1917372024885,0.1040890084747,-0.2286452906887,-0.4200024823835,0.7235431837342,0.0539146786854,0.1779125022820,-0.3293331676473,-0.2252307186605,-0.0587854005028,-0.3359168468976,0.1200613026906,-0.0122257554790,-0.3001731480749,0.0789697902049,0.0858387673505,-0.1147554394799,-0.2377826847625,-0.1928758616240,-0.3755480495789,0.3424117179424,-0.4021110373265,0.1520773891081,-0.3062394409003,-0.3595155082182
-0.0102610419726,-0.1702747069353,0.0547771808097,0.4851800578325,0.0199821487634,0.0383233529943,0.5878921180378,0.0391734636162,0.6614441841139,0.2066116662538,0.3603284369392,0.2775637055426,0.4818605155483,-0.3650879442404,0.1252943044383,0.8145951952533,0.5217023621362,0.5062438421328,1.0000000000000,0.4557561668041,0.3435230903524,-0.1415070407162,0.1871997850068,0.7346209470099,0.0363105709104,0.3619054581156,0.0319998202446,-0.4086104109922,-0.3389555139158,-0.5129574238660,0.5709861613343,0.0611010438051,0.1798871468475,-0.2463651300848,0.4696967903675,0.5757355046176,-0.1300525625357,-0.0439931664663,0.2015834032192,-0.1871359832949,-0.1022830918764,0.0709159338152,0.4846950413865,-0.0204818323845,-0.5584695616025,0.1530114686817,-0.0045895541406,0.0623810609986,-0.5421810829968,-0.0710983779103,-0.1823121087245,-0.1447734531703,0.4812098970188,0.1761081928342,0.1142277645197,0.6223977964851,0.3737330972394,0.1789552078435,0.7011695968649,0.6395736084848,0.0222467097275,0.3630503108621,0.2818636856253,0.4032852704329,-0.0594841146086,0.0410476494981,0.8065542930276,0.4444789297885,0.9185491625959,0.6168322579527,0.3910339056060,0.0993736018633,0.5082144059273,0.1434503798478,0.5103296162512,0.0507190761575,0.1571966387248,-0.3876302841288,-0.2967618168986,0.5048942598282,-0.0507991733906,0.1713754394512,-0.3243273367041,0.4190159114487,0.1018507575812,-0.2178291970158,0.0352280080961,0.3447119718704,0.1985364187430,0.1482017752160,0.0002723530880,-0.1054382133989,0.1305276581360,-0.2015790659123,-0.2742408783057,0.0983859361526,-0.5248595417431,-0.0027103916361,-0.0894760866214,0.1125282791236
0.0144722769676,-0.0755238826832,0.0663184273418,0.2868760492044,-0.0412424044311,-0.0595876194985,0.2048418087302,0.6854448367591,0.7614712597752,0.2252860153201,0.2668319214990,0.1870896963164,0.5884473835174,-0.0959980546001,-0.1869775843619,0.4656288978723,0.6464553398510,0.4988812681516,0.4557561668041,1.0000000000000,0.2705826077320,0.0595983090432,0.0333644143964,0.5446204007165,0.4792223752925,0.5925586335844,0.3402629702369,0.1504001299311,-0.2547637444330,-0.2090331852278,0.2959003855377,0.3830163448067,0.4973603206621,0.0719052561439,0.1619972636542,0.2701049836352,-0.1755153918985,0.5432820006546,-0.1780779127739,-0.1194412816909,-0.1750644532241,0.0572266641547,0.0442612675590,0.3028205490444,-0.0378163972998,0.1966767405354,0.2296714916621,-0.1163585300787,-0.2874752214159,-0.2374105673335,0.0334746012468,-0.0068839748675,0.2538833557794,0.1560279244643,0.1157000860002,0.2832602521964,0.2530525443511,0.4466581659662,0.5006507432255,0.7539535391897,0.0407640666656,0.3043155594692,0.4061056873631,0.3397149390177,-0.0615718859401,-0.3199284016541,0.5057270193562,0.4045906866810,0.5467487700551,0.6679086494960,0.2707942580644,0.1800391024190,0.3952321827369,0.6076990045015,0.3093250762056,-0.0271379370961,0.3414511216060,0.1998661758970,-0.2405460209845,0.2435201705577,0.2400693229816,0.3097782829043,-0.1896430877706,-0.0609781363815,0.3483886240423,0.0233466202003,-0.0935221008167,-0.0415418049749,-0.1428235690733,0.4917566674515,-0.2473126554200,0.1528615490019,0.3691468153973,0.0740386966087,-0.0281419627165,-0.0007529066735,-0.2786256968873,0.2400539911665,-0.2677026325539,-0.1606778314601
0.1554993185464,-0.0475619501078,0.1290573975245,0.1910723381674,0.2938437147419,0.2199970012118,0.1421233762768,0.1835719684963,0.3331009411356,0.4450328894031,0.5730518554187,0.6833135762041,0.5183794996747,0.0838205095011,0.2908145101367,0.4197071968266,0.5323095993320,0.2918569193938,0.3435230903524,0.2705826077320,1.0000000000000,0.2690380745054,0.4870628788203,0.4367249578983,0.0318552820038,0.5712038126001,0.2762738266289,-0.1528769008474,-0.1121267663649,-0.2457827256247,0.2792941463504,0.4172183034497,0.3827526504627,-0.0106968172063,0.3993631687274,0.4035195523568,0.1117898767257,0.0970151087014,-0.0472698908149,-0.0696413119078,-0.2645824171424,0.0189823744972,0.1310407482727,-0.1712975885291,-0.1981343024471,0.1471577828187,-0.0298901454551,0.1768401110280,-0.1314044220599,-0.0554538413427,0.1852633278978,0.1421277637337,0.1642349881121,0.3489920204621,0.1210464321915,0.2681683593695,0.4282393490181,0.3893806236390,0.3804226704725,0.3733410661041,0.1853640321227,0.4852913295996,0.5613463813309,0.3552046391138,0.1206099021821,-0.0762499764248,0.3083591805951,0.3786658071417,0.4399932501815,0.4265182073246,0.6844855123902,0.5728789333039,0.3966175048140,0.2202665263267,0.2266048570409,0.3132799434396,0.1444713901050,-0.1472503026623,-0.1324819854107,0.2310348130844,0.3467345414551,0.2531361569745,-0.1883240838068,-0.0509114454737,0.0989976574805,-0.0758978389427,0.2557335128529,0.3190718867977,0.0096338738924,0.2140608584707,-0.0211942638166,-0.1276903234565,0.0111308382234,-0.0777581399627,-0.0937679095612,0.1838548704637,-0.1536372238471,0.1551890895485,0.0709081468619,0.2025054393090
0.1179589637535,0.0669016041807,0.2280440448119,0.2098802252122,0.2877326221555,0.3705060889508,0.0691338470804,0.2793385237804,0.1276614728807,0.6617612573519,0.3316075368295,0.3691303312844,0.2706021375124,0.4277429129792,0.3952645776661,-0.0077247160194,0.2438441344074,0.1238535967260,-0.1415070407162,0.0595983090432,0.2690380745054,1.0000000000000,0.1652743849865,0.0400779116726,0.1083202344559,0.0396097154322,0.0428512907678,0.1332735976982,0.1098261358083,0.0489882182680,-0.0154107473858,0.0250010962934,0.2304971467859,-0.0384944139072,-0.1028117262534,-0.0468264623439,0.0562060181081,0.0456640418868,-0.2578075755267,-0.1525882311497,0.2028266101154,-0.0643322991062,-0.1845084303439,-0.0727285432359,-0.0745852844350,0.1466419583595,0.0629428754166,-0.0042292566396,0.4658333456303,-0.1955422631326,0.2472690784716,0.1523148409778,0.1724647805545,0.3300289008582,0.2808908795258,0.0468633434873,0.3161553964192,0.3142778601755,0.0478778121762,0.0832892669647,0.6138015481374,0.2739152379997,0.3397113501797,0.2516272245389,0.2203239906177,-0.2781094625683,-0.0127872637095,0.2649536882966,-0.0395122088882,0.0542081339172,0.2673943971168,0.5239142566683,0.1083557398911,0.2155751118083,0.0127900375232,-0.2763512166429,0.0412523893253,0.1159921171783,-0.0205662520512,0.1030452341665,0.1944991818565,0.2389621789187,-0.3151013016370,-0.1799069438730,-0.0925601043058,0.0465486977819,-0.0251151174528,-0.1525384327929,-0.2322956044514,-0.0102274218439,-0.1767127627334,-0.0569617017575,-0.1122014939969,-0.0164018635616,0.1345338049604,0.0292639456621,0.2286815118131,0.3875042728343,-0.1269144082405,0.0634851634579
0.2561531492228,-0.1679872558665,-0.0529762874252,0.0463103278091,0.1441549788061,0.1716520124568,0.0066293047528,-0.1530882225773,0.0348609849882,0.1572894936666,0.5127972464900,0.6631833345918,0.1897373164911,-0.2401893663429,0.0626459846636,0.2193345112033,0.2115663824815,0.2926481828069,0.1871997850068,0.0333644143964,0.4870628788203,0.1652743849865,1.0000000000000,0.3463820660601,0.0061063536988,0.4709851075998,0.4893462777128,-0.4469544267232,-0.3025075799405,-0.4623781803201,0.3373158454567,0.4709369500322,0.4921627762282,-0.0586833898063,0.1339227455205,0.1151310794885,0.3353462121339,-0.2246610715901,0.0251416661321,0.1198507716109,-0.1665309519674,0.1631700684850,0.0270608936418,-0.4565054174363,-0.1300147258067,0.2884646795462,0.2684390847746,0.2161034145922,-0.2904453919770,0.1084436866873,0.2100413150474,0.1058460985578,-0.0290371912243,0.1439244581089,0.1522093739241,-0.0408942743401,0.1821498263950,0.0059035536671,0.2964350398769,0.1304569454108,-0.1162891975704,0.4233583137460,0.2785963375788,0.0768178629689,-0.2667417530223,-0.0655375880832,-0.0187909480110,0.3014271579060,0.1369832937523,0.3951335710557,0.2605574298773,0.5998114526191,0.4594897567313,-0.0926916798599,0.0639824386705,0.2807207938731,0.1804266841614,-0.5108724602738,-0.3235459853809,0.3974417511286,0.1713210896067,0.1922830099093,-0.2898856810013,-0.0485079271618,-0.1830731068595,-0.1422034917882,0.3830125622592,0.0797319006350,0.0820716686139,-0.1261754897147,0.0806536439569,-0.3316367173234,-0.4076466997860,-0.1109533789853,-0.1222707407158,0.1541129792262,-0.2883839311770,-0.1995442902129,-0.0604186019837,0.1925284125300
0.1990386451947,-0.1904752973774,0.1362285052634,0.5251797534158,0.1724083708144,0.2584457184724,0.5765064390562,0.2419891857630,0.7502181663418,0.3924884748971,0.5302585277997,0.4711275785865,0.6515539848482,-0.3990362491142,0.0791191841821,0.7365426421629,0.7192955427783,0.7765003088570,0.7346209470099,0.5446204007165,0.4367249578983,0.0400779116726,0.3463820660601,1.0000000000000,0.1098348111335,0.5213428528727,0.3872306366046,-0.3322250504676,-0.4863279828132,-0.6091944342121,0.6815446146762,0.3214933721318,0.4582812222721,-0.1483024120404,0.4240948035653,0.4670168239893,0.1974072055782,0.0365583374571,0.2659600826484,-0.0147229931030,-0.2301513051820,0.0051798785886,0.3369969222731,-0.1296121270781,-0.4794218362116,0.1502775173542,0.1148053924612,0.2682526695192,-0.4195829824899,-0.0908950440742,0.0977979522737,0.0071719540451,0.3956935122538,0.3869878413738,0.3919684556584,0.5400247436160,0.4965805604676,0.3738600737725,0.8039716339922,0.7586745731938,0.0310454882641,0.5811407283602,0.3945289305846,0.4436420512498,-0.2521047373048,-0.0968805635632,0.6643103471619,0.6453848572016,0.7969332589665,0.7884785144406,0.4245760894556,0.3146792735774,0.8237911153419,0.2614494018315,0.3949938244822,-0.0397483474491,0.2682337154650,-0.3108701566974,-0.4735716726598,0.6746566029685,0.1241505408946,0.3216101257142,-0.3975830474325,0.1253217381735,0.1264274614985,-0.2516751638032,0.3045725311546,0.3051046952586,0.0488160855376,0.2328681148327,0.2042063361287,-0.0035787779527,0.0482499067123,-0.0751022206113,-0.2067504892095,0.3772963731783,-0.5652220352256,0.0670370354080,-0.2103603780050,-0.0216863131983
