1.0000000000000,0.6676713427321,0.5747971774819,0.6032847091236,0.8565532530667,0.5457136768130,0.3789282090061,0.0876467451752,0.1887997949701,0.3310085585901,0.4513072389020,0.3572804179378,0.2274557918135,0.7343189638503,0.5263389552328,0.2568306162852,0.2351274314531,0.2577456257432,0.2176562678882,0.0999799135533,0.1905374483901,0.1738875679561,0.2746529404914,0.2208247911534,0.0971673566601,-0.0880059672544,-0.0296021147246,-0.2269553186733,-0.1068195433264,-0.2072760227836,0.1555894046250,0.1951558202070,0.1178412055342,-0.1611187294211,0.1702491087510,0.2480875866154,-0.0731189320642,0.0026437747405,-0.0321589061069,-0.0480281838255,0.2779535467189,0.2611349712394,0.1341588385870,-0.1027494871175,-0.1022074208962,0.0896515420840,0.0553593049393,0.4189639630499,0.2501983197064,0.3436983410215,0.7309363178117,0.5462286844105,0.4747105650997,0.4600640535324,0.4186274365661,0.4088179208541,-0.1077985504565,-0.0799965181269,0.1583747885779,0.1804396868996,0.1672502580980,0.2642961892435,0.1850732939971,0.0631201743024,0.6027177183949,0.1269907552377,0.0785308319190,0.1205519280954,0.1154533794056,0.1223055504819,0.0930856250407,0.1150193603044,0.2139446393969,0.1355775473690,-0.0269850577441,-0.2979496972629,-0.0447881270487,-0.0896488727909,-0.1784998538995,0.1269322947784,0.0192972147743,0.0479640423511,-0.0941050901276,-0.0402293416966,-0.2299689286638,-0.2309148762846,-0.0999559409702,0.0483980163820,-0.1526716534080,-0.0698541583641,-0.0751861431747,-0.0432424754018,-0.1979007372649,-0.3138754699341,-0.1056649071829,0.2268232690972,0.3562893054531,-0.0762711401535,0.0533960048220,0.0906951883352
0.6676713427321,1.0000000000000,0.6461320707938,0.4124498240902,0.4694041767141,0.3898067433897,0.2023405942366,0.1505873091655,0.0059094496899,0.2168599610138,0.2888282445994,0.3217395200135,0.1852243431989,0.6132727171810,0.4418894053192,0.0518253675605,0.0860363516315,0.0519730448811,0.0647367654171,-0.0751233788969,-0.0031587414744,0.1714012098220,0.1566847133728,-0.0154729970777,-0.0772955470092,-0.1441542950555,-0.1388810966834,-0.0500408252015,0.0299249697970,0.0017663269491,-0.1202120626046,0.0757265795636,-0.0282090980150,-0.2199957472153,0.0046626265244,0.0939959751915,-0.1385117536518,-0.1308112298083,0.0067650520076,-0.0118719296693,0.2519666869294,0.0906858909429,0.0598073321323,-0.1455326911572,-0.0552991511563,0.0445700953135,0.1339947214678,0.3211605308496,0.1941537878971,0.1212395065968,0.5867426728300,0.7031570878180,0.2728058194694,0.3782408140518,0.2754165105752,0.2102816018165,0.0328498771091,-0.0410784109705,0.0429422563423,0.0279644167166,0.0327992758295,0.1562561428681,0.1310268006557,0.0483012917613,0.4894091034743,0.0604596633461,-0.1077062684823,-0.0510515406949,0.0052366059836,-0.0457421465271,-0.0343309123590,-0.0240292487852,-0.0335117521812,-0.0764947769677,-0.2038082104612,-0.3923901800359,-0.1839685728557,0.0056942545245,0.0487159779841,-0.1179994489680,-0.1512639064896,-0.0777220971554,0.0134919117048,-0.1689611326345,-0.2239259363549,-0.2204399577394,-0.1980559496264,-0.0768523898353,-0.2195783300387,-0.2148261758001,-0.0444515610597,-0.1476147921886,-0.2457611775583,-0.3313527080451,-0.1971394138192,0.1592438105159,0.4298546268975,-0.0873806622784,-0.1045475506601,-0.0817723813844
0.5747971774819,0.6461320707938,1.0000000000000,0.5256254573122,0.5384641265688,0.7807885629849,0.6262507788466,0.1205500496977,0.1199041427036,0.2385105174299,0.2260482270983,0.2185282809651,0.3262252293663,0.4900371222386,0.6624023712691,0.1783726445555,0.3570649487323,0.1329203437662,0.2775619487534,0.0634211854714,-0.0441787742134,0.0032305026973,-0.0298849036982,0.1218012415213,-0.0781977124248,-0.2554441084025,-0.1838525472568,-0.2436772756361,-0.0716650703394,-0.1312220426338,-0.0301007377419,0.0767033123479,0.1170325581959,-0.2758479302748,-0.0243040391025,0.3377755922239,-0.2868544326342,-0.1092638719806,0.0348424581099,-0.0966622043511,0.2236227851826,0.2776787187787,-0.0945747427709,-0.1587219543463,-0.1787473580067,-0.0838360061917,-0.0341004653535,0.4421915590764,0.0703859992760,0.2978258332685,0.6833295786130,0.8096054754589,0.3891791793549,0.8505580551956,0.7061296010170,0.5442533023307,0.2343421874413,0.1000665100373,0.2489158046978,0.1136476421886,0.1792164043348,0.1514909041749,0.0956752956400,0.2149821211102,0.5199508918460,0.2689589002320,0.0760915225811,0.1797604814449,0.1705241330298,0.1743394830922,0.0845810624389,-0.1263096668641,0.0944680698843,0.0071547350424,-0.1779147669518,-0.3171544423774,-0.2283267214995,-0.2650798221938,-0.1019348505698,0.0243084091498,-0.0692773598184,0.0546840375925,0.0669555930246,-0.2062583625722,-0.2436551344103,-0.3063192884191,-0.2687163039598,0.0044476552470,-0.3553734566779,-0.1165717903270,-0.0902659471095,-0.1832134702813,-0.2036616044670,-0.3239997950584,-0.1969170863490,0.3732337058885,0.3354870906821,-0.0887158549013,0.1450168943830,-0.0071707525505
0.6032847091236,0.4124498240902,0.5256254573122,1.0000000000000,0.6575077589642,0.6766502779206,0.7157955337695,0.1846362977277,0.3828643156069,0.2721228406986,0.4267891777490,0.2478458152206,0.2363110639719,0.5410915917205,0.6691020800082,0.5624973630780,0.2964914323253,0.2648752175563,0.4458244907793,0.2417762264648,0.1287507869136,0.0608060404066,0.1244882578536,0.4401530861095,0.1114704330734,-0.0830120861956,0.0464779184620,-0.2008551531078,-0.1336674038983,-0.2046066709684,0.1591787225510,0.0960849859129,0.1425014997104,-0.1901554230351,0.3816645790156,0.4138939195871,-0.0875181205214,0.0409527541645,-0.0056064576789,-0.1429162950001,0.3193784538500,0.4071631644382,0.2054704620178,-0.0511711939200,-0.1626054506930,0.1260111352518,-0.0477440588555,0.3722740591353,-0.0120113539579,0.5196627094807,0.5683573178873,0.4946455931230,0.8618249331081,0.6409089715268,0.5788940917898,0.7344525399262,0.1183504122737,0.1395607648324,0.3326062200924,0.3416472340979,0.1698719142832,0.3460953701299,0.0858046492302,0.2159186756755,0.4979933310476,0.3251962007507,0.3989415935816,0.3297978235491,0.3350540770848,0.3524436345953,0.2506666775292,-0.0194488537302,0.3688650917917,0.2587721978639,0.0305117843915,-0.2160985791509,-0.0002914448286,-0.1648324671732,-0.2470777345914,0.3059935987180,-0.0314839320005,0.1636806231164,-0.1777773547823,0.0234881816170,-0.1784397335997,-0.3227323039804,-0.1277903502782,0.1169879392778,-0.0778356114592,-0.0195852084436,-0.1446004700618,-0.1813176221939,-0.0769860231155,-0.2650535070534,-0.1850482829094,0.2798723854782,0.1568051186146,-0.0570141492721,0.2557550940633,0.3287436481634
0.8565532530667,0.4694041767141,0.5384641265688,0.6575077589642,1.0000000000000,0.6849491094029,0.4923044177093,0.1268194856903,0.2731155550160,0.3780103971589,0.4879316180113,0.3479485293543,0.2827237613277,0.6417272098010,0.5876085106501,0.3155664597836,0.3411415841557,0.3590540948331,0.3086677181127,0.1864620069197,0.2043436786574,0.1598747877085,0.3144655859810,0.3411510023002,0.1353900406627,-0.0410912187838,0.0323941705815,-0.2520584035410,-0.1378603114733,-0.2598898813307,0.2181462250936,0.3034893855853,0.2567329849595,-0.1308740094301,0.2312051742695,0.2820704238494,-0.0899873792920,0.0282184436347,-0.0090216822163,-0.0012555455286,0.3014852680636,0.3962933199799,0.0916765229144,-0.0506179749697,-0.1443720935368,0.1123722894632,0.0929769930120,0.4652669523163,0.2083654376603,0.4754041847981,0.7468608273155,0.4833103598632,0.5716264724110,0.5737972880278,0.5726292848061,0.4996048589586,0.0227995029278,0.0352835412658,0.2522008905230,0.2641699882342,0.2121214314881,0.2919963634690,0.1773827393767,0.1385403466949,0.5473415905213,0.1618186923934,0.1249401460895,0.2624057959806,0.1955349369684,0.2479984155223,0.2009861066873,0.1813481205780,0.3357459663161,0.2075105984324,0.0095022306194,-0.2545189836726,-0.0023784132456,-0.1663481179192,-0.2336210919105,0.2456445264858,0.0929553033729,0.1744999135369,-0.1202515809657,-0.0762942696970,-0.1960190153568,-0.1950450624103,-0.0949331895787,0.0227837917710,-0.1637784579605,-0.0189745499125,-0.0838486053278,-0.0283595332870,-0.1006587266988,-0.3029480438740,-0.0678151479248,0.2685393560407,0.2471658367479,-0.0575612402310,0.1651617020715,0.2074207626254
0.5457136768130,0.3898067433897,0.7807885629849,0.6766502779206,0.6849491094029,1.0000000000000,0.7990142963289,0.2676633758199,0.3409055117090,0.2883573225430,0.4294613173418,0.3348309428708,0.4739620674619,0.4533632905878,0.7668700789489,0.3662789201281,0.4874349821100,0.3688753689242,0.4691271015072,0.2691426686430,-0.0194100019565,0.0452901393884,0.0435737599409,0.3737223316755,0.1168115814885,-0.1812716294922,-0.0182413680425,-0.2774926273462,-0.0988683332135,-0.2721544665302,0.1477972879648,0.1806932896423,0.2907898022824,-0.2238539651165,0.1257567548933,0.4096427228448,-0.2076818507891,0.0243197686215,0.0603450269828,-0.0768695336078,0.3514251847497,0.4394320170315,-0.0577210235144,-0.0064658911512,-0.1837794192971,0.0339297704048,-0.0683808275414,0.5675152774723,0.0166575830680,0.5608340019793,0.5985382139986,0.5650513456125,0.5924595382842,0.8772266655474,0.8596173388916,0.6856480690138,0.3366210423933,0.2489315173669,0.4202083452330,0.2985086445185,0.2406541784515,0.2830773746471,0.1960567965228,0.3887433959108,0.5134532719609,0.3450384248636,0.2257803772814,0.4244955733438,0.2706563742309,0.3843493167103,0.2443705937444,-0.0516211431779,0.3496033712621,0.2382342870431,-0.0197527895409,-0.2926496839064,-0.0427676491388,-0.2468684517523,-0.1636849127636,0.2854670002930,-0.0082390868117,0.2638286517818,-0.0493650103160,-0.1142357833958,-0.1932941827151,-0.3100687474557,-0.1789856388137,0.0334063314359,-0.2986521507320,0.0041374641380,-0.0671073537654,-0.1165535704710,-0.0357348625839,-0.2690552298520,-0.1132560360329,0.4499036582739,0.2254098085808,0.0146466193894,0.3295229767156,0.2138460102984
0.3789282090061,0.2023405942366,0.6262507788466,0.7157955337695,0.4923044177093,0.7990142963289,1.0000000000000,0.2228593258784,0.2856126210142,0.1667738640240,0.3052977493875,0.1930889323011,0.3302642778100,0.3582170442579,0.7085536802997,0.4697417431300,0.3944169870382,0.2469344985213,0.4672893293143,0.2465148776954,0.0048029893575,-0.0670322740715,-0.0724733250883,0.3800128046258,0.0289345097982,-0.1135521754749,0.0062553439819,-0.2696062781176,-0.1313510133361,-0.2294917969175,0.1706985701209,0.0049463673489,0.1007412160156,-0.2234849317942,0.3719437255563,0.5138423985883,-0.0806931685505,0.0536832053829,0.1545715479537,-0.1774089560497,0.2021024331844,0.3565909522217,0.0661333897474,-0.0506379216630,-0.1744118911496,-0.0555442647483,-0.2405076852601,0.4466290159136,-0.0879316573992,0.4675425704480,0.4916841064575,0.4538036433937,0.6432986188871,0.7704349970360,0.7747502536837,0.8737880406794,0.2744877825390,0.1910489316080,0.3338857963678,0.2219881798478,0.1927125117208,0.2277133222965,0.1026271785201,0.3179871448868,0.4484664686802,0.4666325496601,0.4268366243534,0.3696608508105,0.3051857436083,0.3497345401558,0.2415414377284,-0.1360379105560,0.3604279663898,0.1997968137510,0.0544330125574,-0.1662609064106,-0.0363265884786,-0.2154424535687,-0.1963703193299,0.2983594473546,-0.0770901601503,0.1700503732470,-0.0523659537855,0.0592994887718,-0.1563866893936,-0.3091716888533,-0.0385403733656,0.3144758580736,-0.1242877418227,0.0811257596328,0.0496639786224,-0.1453870668217,-0.0053540033612,-0.2593429836973,-0.2224116052755,0.4724840256555,0.1690970836507,-0.0470787563525,0.2892871710145,0.3206754111259
0.0876467451752,0.1505873091655,0.1205500496977,0.1846362977277,0.1268194856903,0.2676633758199,0.2228593258784,1.0000000000000,0.4091076837917,0.0720898960486,0.2097981532119,0.0583138975614,0.2294244783033,0.1890169942303,0.2721575804155,0.3232567775912,0.2546898697243,0.5387207182227,0.5510879218867,0.5580122575241,0.0230266132016,0.0295223680191,-0.1399302879268,0.2481150732445,0.3040165047544,0.0701214340348,0.1214579098431,0.1665213494046,0.1410354501619,0.1243838117745,0.2035828153863,0.1047178651899,0.1562669549991,-0.1508846212570,0.1839621295570,0.2427614170149,-0.0395994550280,0.3505952568431,0.0507727333345,-0.0321914852059,0.2721186041482,0.2022658573828,0.1068493580982,0.2721520796734,0.4512492944738,-0.0459924171097,0.0797829494009,0.0905992103927,0.0005930955050,0.1952149177032,0.0557752586538,0.0267846841818,0.1496328070967,0.1385959881943,0.1459964951209,0.1929748004664,0.4985628332780,0.5616072709114,0.3948088819875,0.3222127079428,-0.0597445192326,0.0741531531299,-0.0644781645333,0.2240391786265,0.1518887594177,0.0102785306303,0.0612145607410,0.3354365238916,0.2219943281470,0.4027315332570,0.0824847487232,-0.1850241240747,0.3553697350573,0.2737929096068,0.1342185021793,-0.1743742056469,0.0420279142394,0.1386254427312,0.1688052382198,0.3343409196594,-0.1882762355314,0.1115105748023,-0.0062963611808,-0.0878189644167,0.2190997145983,-0.1293248846280,-0.0192646995062,-0.0113204216267,-0.1477157721021,0.2460717765184,0.0182517669958,-0.1124351377789,0.2324279875953,-0.1928876083494,-0.1020549271929,0.0733047662985,0.2095922168368,0.1573217414498,0.0675687106916,0.1454851199481
0.1887997949701,0.0059094496899,0.1199041427036,0.3828643156069,0.2731155550160,0.3409055117090,0.2856126210142,0.4091076837917,1.0000000000000,-0.0219126258339,0.2807302662134,0.1084764875937,0.2363306277767,0.0800134912688,0.2728214271077,0.5122287106661,0.4155405462416,0.6297234396045,0.6782285397172,0.7580680119220,0.0607242992730,-0.0997789031277,0.0438578389410,0.7142694981327,0.7823448451130,0.1267455619853,0.3540148058910,-0.1655520170418,-0.1697452526345,-0.2799780380495,0.3729833996739,0.1458186336676,0.2732758662517,-0.1239916772293,0.0436430881631,0.3626060031048,-0.0631872633689,0.5354996185928,0.0275809314004,-0.0181267708375,0.1252499699987,0.2069888949835,-0.0174186625946,0.4060197633242,0.1397684307492,0.0401409564022,-0.0721557424721,0.1594410084872,-0.0793273427327,0.2476778273300,0.0711202662026,0.0600383197973,0.4302209344859,0.2770375796587,0.2744184390692,0.3295861380775,0.3223742867854,0.5498167535441,0.8063644111941,0.9536633433718,-0.0193790029646,0.3033409093911,-0.0242497824255,0.3253110982500,0.1435990399277,0.1832461245904,0.2069519926483,0.6163443454533,0.7545335465121,0.7453577039400,0.4194694387059,-0.0448225674450,0.5862637408636,0.8347131309553,0.3050540579395,-0.0073763432875,0.2072115441479,-0.1424250736697,-0.2268394665007,0.6048186560012,0.0373595765889,0.2557649219152,-0.2228532951130,-0.0709430439700,0.1279602054652,-0.1873172376859,0.0039594899373,-0.1007124324703,-0.0649235380858,0.4293879769541,-0.1126382197392,-0.1086518624986,0.3497176762538,-0.1013227903917,-0.0761427692923,0.1237829751706,-0.1178051083904,-0.0411906429823,0.2281319562739,0.2719387484204
0.3310085585901,0.2168599610138,0.2385105174299,0.2721228406986,0.3780103971589,0.2883573225430,0.1667738640240,0.0720898960486,-0.0219126258339,1.0000000000000,0.4839363138283,0.5392089311172,0.4863040537581,0.4063657282340,0.3232611993234,-0.1284978005454,0.3202548051311,0.0482599693266,0.0688334573559,-0.1699332327753,0.3573700122110,0.6688823988123,0.3337942250480,0.1630572925363,-0.2140479408659,0.1091625882589,0.0211185072113,-0.1089153438574,0.1531810309682,-0.0755207100469,0.0375433014667,0.3489067637633,0.2649288558546,-0.0229162719130,-0.0393995411805,-0.1293503734380,0.1406908673868,-0.1898283075213,-0.0889498319105,0.0208123281269,0.3475390500753,0.5373091859438,0.0067719040127,-0.1941089331353,-0.1319940117466,0.0509722034085,0.0705946443499,0.1227243576875,0.1574952711231,0.5392247047043,0.2923054360931,0.1990618197533,0.1376087852329,0.2185582417239,0.1860198361917,0.1502379830377,0.1548633153653,-0.1303680696667,-0.0212122579999,-0.0586699347694,0.7159913490427,0.4304994698423,0.5157931756069,0.3212661406380,0.3489075585729,-0.0477972092756,-0.2233342044828,0.0834541236445,-0.1684835350846,-0.1488248775785,0.2139178808783,0.5270783751517,0.2297867018494,-0.1107826919139,-0.1117665823966,-0.1210461925306,0.0362664528141,0.0134862105762,0.0253777803264,-0.0799773814674,0.2748954513120,0.2530508607303,0.0684746441119,-0.2104001200303,-0.1235582413823,-0.0287593889348,0.1297998866306,-0.0932059536688,-0.1062204211872,-0.2449886300296,-0.0841898703517,0.0905429708797,-0.1458643349815,-0.1364039728357,0.0700171128566,-0.0208209275063,0.2189768967647,0.1763743269159,0.4351697555290,0.3362939967028
0.4513072389020,0.2888282445994,0.2260482270983,0.4267891777490,0.4879316180113,0.4294613173418,0.3052977493875,0.2097981532119,0.2807302662134,0.4839363138283,1.0000000000000,0.7620764373576,0.5790781709753,0.3635757968260,0.4010708109859,0.1548150161558,0.3504732430217,0.3128921384422,0.2908789304733,0.1068980298022,0.2430819969307,0.3280156222238,0.5105517310787,0.3642504280244,0.1475643896876,0.1946495658206,0.2728498606439,-0.1584332095948,-0.0696760772195,-0.2481799687309,0.1375882370390,0.3426207596444,0.2833292929452,-0.0473972068587,0.1834227914478,0.0870399898930,0.1971067275030,0.0214931400940,0.1079290588794,0.0079252863845,0.3095463017995,0.4049681531323,0.2077350448211,0.0484486093951,0.0207660585627,0.1958610190195,0.0114004705848,0.4085705577967,-0.0724412850977,0.4698125110851,0.3295286930183,0.1162035921643,0.3213923896867,0.2685538313798,0.3162386490942,0.2884330821982,0.1154476734601,-0.0238423538538,0.1902225021211,0.2131147432444,0.3757267515952,0.6713697923803,0.6391306656530,0.4427419386836,0.3484537541553,0.1811532664962,-0.0388280659682,0.2456052571585,0.0485574380715,0.1032052342175,0.3102421992686,0.3110417629688,0.3584305801814,0.2248321550738,0.0428570647020,-0.1053978272565,0.2060525109724,0.0847981578398,-0.1173104543692,0.1326589818187,0.1050588956929,0.2163618075325,-0.2230106723967,-0.0063886276364,-0.0850686189002,-0.1551188656017,0.1534562568449,0.0457637673169,0.0317561963550,-0.0135165038775,0.0757444284504,0.0783193773587,0.0406028877166,-0.1506923964745,-0.0432882213150,0.2318226255002,0.0259441184198,0.0021840917131,0.1928970642418,0.2683214006488
0.3572804179378,0.3217395200135,0.2185282809651,0.2478458152206,0.3479485293543,0.3348309428708,0.1930889323011,0.0583138975614,0.1084764875937,0.5392089311172,0.7620764373576,1.0000000000000,0.6317441700410,0.2402168374668,0.2846607261707,-0.0312290589424,0.2982324327082,0.1921494799604,0.1309579251153,-0.0920524113402,0.1985642241288,0.3577324554724,0.6673154236103,0.2383780913863,0.0187106241716,0.1376282804990,0.2362526976810,-0.2150066404198,-0.0274347072228,-0.2985590391741,-0.0024927006025,0.2778826984471,0.2209040187634,-0.0089385113658,0.0347103205391,-0.0934198879316,0.2953553481621,-0.1211538391826,0.1199340023092,0.0329905139531,0.1956131128187,0.2789899854848,0.1714766103229,0.0052273464064,-0.0219029973228,0.1969111775812,0.0293868018383,0.3045488778744,-0.1764917555750,0.3893235202702,0.2547776724990,0.1036295664715,0.1406811860948,0.1997862793495,0.2021876983772,0.1597760500461,0.2030086203619,-0.1350675883897,0.0653697444176,0.0644862900501,0.4316381671762,0.5954492365211,0.8049616300610,0.4687704788156,0.2107312608782,0.0729125328682,-0.1489584178342,0.1204010347893,-0.1084055683149,-0.0686165763878,0.2933830707463,0.4503833847312,0.2792117599945,0.1160498423959,-0.0167539243460,-0.0778943618682,0.2176918587615,0.0775419001529,-0.0535300816474,-0.0513117250353,0.1093102848797,0.1985154675173,-0.2042321000139,-0.0307315603856,-0.1222841044728,-0.0921694282083,0.2214880312068,-0.0014547459485,0.0750572465194,-0.1549463696675,0.1110161060258,0.1260632925703,0.0067845687144,-0.0674043583063,0.0253811625153,0.1136139012248,-0.0340865292906,-0.0901640346748,0.1517495270443,0.2471290043504
0.2274557918135,0.1852243431989,0.3262252293663,0.2363110639719,0.2827237613277,0.4739620674619,0.3302642778100,0.2294244783033,0.2363306277767,0.4863040537581,0.5790781709753,0.6317441700410,1.0000000000000,0.1456536875552,0.4021748298882,0.0338775592980,0.6217057418326,0.3494312792795,0.3037107347595,0.1752942766995,0.0986564077087,0.2805173954463,0.1582991683821,0.3293328737247,0.1959611410098,0.1888672019112,0.2748181192486,-0.3302637168329,-0.1200661712202,-0.3452005846918,0.1911314826075,0.3822894110363,0.4930866391106,-0.1072206848469,-0.0357421888010,0.1010428659533,0.1630668794668,0.1300945587143,0.1519622492247,0.0645715371806,0.1734339890252,0.3577422258488,-0.0385427296461,0.2269770371817,0.0564818073745,-0.0394425376714,-0.0629173858130,0.2678644532899,-0.0891545439340,0.5100189803905,0.2212999519871,0.2077761939508,0.2245225722838,0.3685928308749,0.4577666894346,0.2952657318224,0.5314866799899,0.1694297029891,0.2799028032989,0.1963281784241,0.5352613619599,0.5038066782466,0.6474034916818,0.8701301186131,0.2420260186610,0.2540484838278,-0.1233941949332,0.4878930598035,0.0360762921928,0.1879686793421,0.4214530533716,0.1636341243661,0.3491995617394,0.2763435585890,0.0422188291560,-0.1230853261099,0.2145410732279,-0.1810530989393,-0.1249297471075,0.1390075837543,0.0846258092088,0.4772712791295,-0.0686254952803,-0.0958933631089,-0.0135856104520,-0.0752178589437,0.2009487775722,-0.0048159620258,-0.0595720841812,0.1019562458197,0.1171061158875,0.0969191027556,0.2159247867423,-0.2113549514288,0.0378645746202,0.2434792291084,-0.0079410820999,0.0456913321298,0.2629749070173,0.3288456380741
0.7343189638503,0.6132727171810,0.4900371222386,0.5410915917205,0.6417272098010,0.4533632905878,0.3582170442579,0.1890169942303,0.0800134912688,0.4063657282340,0.3635757968260,0.2402168374668,0.1456536875552,1.0000000000000,0.5938508125320,0.2281829037123,0.2868714717231,0.2153978829335,0.2853291936448,0.0508674708148,0.3129893808316,0.3304112708106,0.1350537476136,0.1137878896386,-0.1215570408841,-0.1203129899855,-0.2201617650208,-0.0099054530034,0.1994873706691,0.1429750435218,0.0921067365619,0.1833167742164,0.0821733177645,-0.2396655808800,0.1310049854377,0.2779799184918,-0.2841072810878,-0.1830982313394,-0.3358082523856,-0.1835833164733,0.3666046358178,0.3623125802132,-0.1305921914743,-0.3044368610992,-0.2351055233117,-0.0062069780949,0.1235690701939,0.2038332279111,0.2565128319920,0.4146271456917,0.6854933032211,0.5376524025432,0.4107845453005,0.4167639235920,0.3649882756031,0.3428042638848,-0.0488456917532,-0.0187867555096,0.1767448052805,0.0818782640071,0.2147862533199,0.2187142249094,0.1297528850602,0.0320655168353,0.7593618234090,-0.1023944564652,0.0235346387901,0.1158750321868,0.0696508578054,0.0469835541250,0.1139246127850,0.1038179406052,0.1315002178910,-0.0691965210340,-0.1046563777873,-0.2639559409273,-0.2976162171734,-0.0018808619452,0.1035141785558,0.1006903120291,-0.0028885757751,-0.0146418398378,-0.0059154564969,-0.3048753105788,-0.3778747890221,-0.3027840928313,-0.3573306798866,-0.1329112941026,-0.4634940840975,-0.2619181196925,-0.3636106479593,-0.2743861554978,-0.3701140170724,-0.3813603423749,-0.2937800874261,0.0608315499851,0.5577053954563,0.0814606821115,0.1576864133814,0.0892526966579
0.5263389552328,0.4418894053192,0.6624023712691,0.6691020800082,0.5876085106501,0.7668700789489,0.7085536802997,0.2721575804155,0.2728214271077,0.3232611993234,0.4010708109859,0.2846607261707,0.4021748298882,0.5938508125320,1.0000000000000,0.2654209634353,0.4940907601523,0.3661132498860,0.4149011288243,0.2439480381023,-0.0759579188002,0.0209390022857,-0.0652266369205,0.2824777051227,0.0256991882299,-0.2455539969755,-0.1561959932415,-0.1731660727189,0.0200824307081,-0.1063813604719,0.0151870607056,0.0813025972746,0.1462512748962,-0.2785792794218,0.0191477861672,0.3778686229290,-0.3020847820567,0.0622903402681,-0.0017475285716,-0.0702201408578,0.5210556162175,0.5289126150265,-0.1211673511438,0.0314371511406,-0.2284628732425,0.0105839394159,-0.1094210465564,0.4473010453099,0.0588979532882,0.6359862871932,0.6504105399486,0.5874525395258,0.6188584650582,0.7054288465256,0.7495654016535,0.6749214470061,0.2399763413623,0.2630210677345,0.3659262011348,0.2387934700541,0.2294921883402,0.2812400265007,0.1453588597623,0.3482783598988,0.6872791120647,0.4578780339002,0.1753757354076,0.4486709694959,0.2294106574202,0.3012475190098,0.2164890729393,-0.1588199260363,0.2319253266448,0.1153582943932,-0.1521341361420,-0.4022868239952,-0.2420355068707,-0.1559703918006,-0.0655511031268,0.2426913987918,-0.1195246298193,0.1472777026331,0.0973312928916,-0.2392639040411,-0.2623982692644,-0.4101663895719,-0.2989904260774,-0.0451451680185,-0.3717608832585,0.0084005363484,-0.0908576892124,-0.1508687138163,0.0091142212320,-0.3392336083508,-0.2778808661088,0.3986736160763,0.3832867520684,0.1101020994536,0.3964644678604,0.2547415907335
0.2568306162852,0.0518253675605,0.1783726445555,0.5624973630780,0.3155664597836,0.3662789201281,0.4697417431300,0.3232567775912,0.5122287106661,-0.1284978005454,0.1548150161558,-0.0312290589424,0.0338775592980,0.2281829037123,0.2654209634353,1.0000000000000,0.3053250820450,0.3669488380736,0.6308073351429,0.6022865704847,0.1635248654971,-0.2070529831117,0.0640228633356,0.4652727438196,0.4040498999721,0.1758635845889,0.2898381165050,-0.1400251918867,-0.2093913060994,-0.0686685023526,0.6041368445561,0.2188018556873,0.3175330747238,0.1218465228004,0.5533744258896,0.6396274152735,-0.0337056665084,0.4592857666025,0.1353814718919,-0.1166744844874,0.0651412577041,0.1575510335663,0.3323328904139,0.2344118655413,0.2505793989368,0.0881263323849,0.0872287325220,0.2304898450675,-0.0217881657351,0.1938203528394,0.1544942967814,0.1300255390077,0.4916458170963,0.3152263007658,0.2738337527302,0.3985299153296,0.0617740932422,0.2781493226899,0.4406827080587,0.4510286996004,-0.1990935582417,0.0475455748533,-0.1388974517016,0.0507630676784,0.1086494081174,0.1889670350859,0.6680835472782,0.3347039880486,0.5443354238392,0.5729791385472,0.2496698983559,-0.1760878642874,0.3556159432080,0.4597065229534,0.3756841772568,0.0904690377351,0.1564300470617,-0.1595559050720,-0.2763062780031,0.6251667945939,0.0286997440609,0.2114447296089,-0.2205146335017,0.3336939753861,0.0980184847596,-0.0933961047630,-0.0611111636235,0.3042020635742,0.0138363347551,0.3608081138266,-0.0504930614692,-0.1160457453180,0.1583672622724,-0.1178426448313,-0.0724622812212,0.2272021392671,-0.0885647049980,-0.1748755848206,0.0343945718930,0.1573042123510
0.2351274314531,0.0860363516315,0.3570649487323,0.2964914323253,0.3411415841557,0.4874349821100,0.3944169870382,0.2546898697243,0.4155405462416,0.3202548051311,0.3504732430217,0.2982324327082,0.6217057418326,0.2868714717231,0.4940907601523,0.3053250820450,1.0000000000000,0.5757485021927,0.6517965923509,0.4841670924460,0.2376933738790,0.0966484946462,0.0234457473584,0.4601794635973,0.3592892588784,0.2245752023901,0.2784030704693,-0.2135864552162,-0.0617340996246,-0.1820408686848,0.4295756735573,0.4806135087963,0.6371347782441,0.0073633009564,-0.0075148178737,0.4274638737579,-0.1188116436889,0.3142294382510,-0.0563734369933,0.1561069959330,0.2289337775963,0.4230131826863,-0.2462743775311,0.3498222440468,-0.0236687028904,0.0546609112893,-0.0347299876078,0.1683500036736,0.0396705189348,0.4773173313228,0.3079587411144,0.3149841889156,0.3478968688036,0.4396580088063,0.4820235453404,0.3058125403154,0.3675653143992,0.4566845234507,0.5129496096191,0.3791840373305,0.3727574509127,0.3668929219683,0.2595996781629,0.5560470860597,0.3416978808197,0.1928558444099,0.1192951240060,0.7358982613318,0.4368438120368,0.5551407117075,0.6765573889122,0.0931962941663,0.3352561767580,0.4275130843411,0.1063067012376,-0.0842476098047,0.0785080637058,-0.2690205951195,-0.1283219953083,0.4633739830207,0.0888096044092,0.4076078611960,-0.0323972050312,-0.2629853402943,-0.1210163123052,-0.1406143392552,-0.0471388303445,-0.1416612544668,-0.3399305477554,0.2229650608805,-0.1485181977938,0.0192318442484,0.3317787610298,-0.1591027089267,-0.1306064186230,0.1640571878721,0.0624461448048,0.0355152927173,0.3840058399534,0.2749451924604
0.2577456257432,0.0519730448811,0.1329203437662,0.2648752175563,0.3590540948331,0.3688753689242,0.2469344985213,0.5387207182227,0.6297234396045,0.0482599693266,0.3128921384422,0.1921494799604,0.3494312792795,0.2153978829335,0.3661132498860,0.3669488380736,0.5757485021927,1.0000000000000,0.6364870540659,0.6181046813978,0.0608791546467,-0.0628637461963,0.0424308702089,0.5577465686170,0.5515592929148,0.0738835730807,0.2502499075550,0.0041271171858,0.1071996244350,-0.0932661366082,0.4180444033599,0.2822429933727,0.3341906478751,-0.1329398812668,0.0347541868634,0.3240149687385,-0.0389104407547,0.4464891953163,0.0358554127984,0.0743231740238,0.2935396870921,0.3400908530978,-0.1587107866265,0.4117419570500,0.1493207507384,0.0919340335799,0.0937185659413,0.1849772529067,-0.0113488851825,0.3402889956184,0.1991252958644,0.0351495912402,0.3139750722839,0.2489374915641,0.3212046649544,0.2779379946377,0.3131088278707,0.5349618037984,0.6662501557521,0.6418666683122,0.0229242443397,0.2905468276985,0.0279904184099,0.3601957394008,0.1909055400175,0.0840066929872,0.0117022103460,0.7276907915202,0.4389813244274,0.5968210508174,0.4406685226254,-0.0520311478057,0.5074234773603,0.5466388582140,0.1969602390906,-0.1362426260976,0.1465920846764,-0.0366066724017,0.0299411680391,0.6419542493149,-0.0184694608496,0.2136189178831,-0.1523657864237,-0.1672588234216,0.0335469246346,-0.1773423143574,0.0180081327523,-0.1616513715049,-0.2325215395588,0.3684780241440,-0.0287662497611,-0.0503010692233,0.3403772510940,-0.1627323519802,-0.1116173788727,0.1918845625895,0.0585343584735,0.0680417433717,0.2218037382477,0.2310763133743
0.2176562678882,0.0647367654171,0.2775619487534,0.4458244907793,0.3086677181127,0.4691271015072,0.4672893293143,0.5510879218867,0.6782285397172,0.0688334573559,0.2908789304733,0.1309579251153,0.3037107347595,0.2853291936448,0.4149011288243,0.6308073351429,0.6517965923509,0.6364870540659,1.0000000000000,0.7317065051129,0.1941496185243,-0.0566186616922,-0.0216458695890,0.5472447827897,0.5030707258643,0.1387340674640,0.1801468196140,-0.1476708120837,-0.0114692642938,-0.0937352218285,0.3994125342101,0.2362903157774,0.3677561417766,-0.1191121639533,0.2615510081453,0.6728703444561,-0.2138650482392,0.3379031990564,-0.1388222208880,-0.1248491107446,0.2333637475346,0.3591198036024,-0.1477226090623,0.2509269147892,0.0157287479320,-0.0025331110383,-0.0428065389191,0.1190715284557,-0.0851336123252,0.3469323766268,0.2063566300913,0.2005838288563,0.4617466786288,0.4206563602449,0.4120765997191,0.4206156554088,0.3301095636890,0.5694189273642,0.7155259106930,0.6284904502863,0.0909695953206,0.2182299853802,0.0107404855277,0.3469294288740,0.2954314919995,0.0960520694237,0.3450334145020,0.6412031677164,0.7150622484758,0.7362919348033,0.5308329816838,-0.0807089970597,0.4912412977615,0.5758730326982,0.2430977110571,-0.0045836548825,-0.0040607959480,-0.2254652432903,-0.0759681191778,0.6045822410021,-0.0631389235419,0.2577804743348,-0.1687726126059,-0.1658298719989,-0.0563653446675,-0.2521759905247,-0.1862232885530,-0.0284981402395,-0.3538984358010,0.2621198048173,-0.2431980318226,-0.2201164394836,0.2138372847243,-0.2172004037466,-0.2445047751750,0.1408661095882,0.0531512444015,0.0102965120829,0.3148754471142,0.2553601111088
0.0999799135533,-0.0751233788969,0.0634211854714,0.2417762264648,0.1864620069197,0.2691426686430,0.2465148776954,0.5580122575241,0.7580680119220,-0.1699332327753,0.1068980298022,-0.0920524113402,0.1752942766995,0.0508674708148,0.2439480381023,0.6022865704847,0.4841670924460,0.6181046813978,0.7317065051129,1.0000000000000,0.1188024829137,-0.1921937718372,-0.0930534232134,0.5884862132987,0.7746655684481,0.2384309123428,0.3464511671495,-0.1675249485034,-0.2226600205069,-0.1933448014589,0.5381765575302,0.2223978212006,0.4080382094776,-0.0593524238481,0.1539434134128,0.5774293529616,-0.1671708257151,0.7343157976093,-0.0303915374368,-0.0641589380791,0.0849384607598,0.1104046919583,-0.0443080779033,0.5438269894509,0.2646019546016,-0.0414021323936,-0.0805728536714,0.0690761974718,-0.0791770760433,0.1886314187272,0.0099774409639,0.0065053276881,0.3158009655078,0.2102912158909,0.2598943769380,0.2420376590878,0.3088953346186,0.6115143398268,0.6601720540052,0.7040737548302,-0.1629135383551,0.0625634531254,-0.1751815259634,0.2356035258941,0.0747017611138,0.1733329957593,0.3194530309943,0.6038356230366,0.6776209934361,0.8771522745047,0.3697001598848,-0.1933348853877,0.5455201522725,0.7876826100939,0.4224813622583,0.0662094566474,0.2114819901886,-0.1953674321409,-0.2504137617753,0.6992075708739,-0.0024303801117,0.3292467271444,-0.2036574465055,0.0022493537641,0.2173468091706,-0.1506331714884,-0.0779203514024,0.0030415969851,-0.1331612241974,0.6256613649491,-0.1307320415242,-0.1584676063967,0.4728248568143,-0.1348712966179,-0.0984860373999,0.1392732560748,-0.1411816839769,0.0118472723959,0.1068666982093,0.2333480853827
0.1905374483901,-0.0031587414744,-0.0441787742134,0.1287507869136,0.2043436786574,-0.0194100019565,0.0048029893575,0.0230266132016,0.0607242992730,0.3573700122110,0.2430819969307,0.1985642241288,0.0986564077087,0.3129893808316,-0.0759579188002,0.1635248654971,0.2376933738790,0.0608791546467,0.1941496185243,0.1188024829137,1.0000000000000,0.3694029824010,0.4205220451696,0.2875798409165,0.0081514868392,0.4894106781048,0.3310981666742,-0.0064954194185,0.0420068663057,-0.0197761400869,0.4538769194575,0.4132979846808,0.3762539778295,0.0431205385404,0.3223270589193,0.2170352112781,0.2464827838646,-0.0020776631404,-0.2012666765021,-0.1989278413662,-0.1871589587673,-0.0501053779897,0.0307801922310,-0.1495171237515,0.0169018007584,0.0464929462577,0.0291067845350,-0.0948564098646,-0.0051532471815,0.2516540195648,0.0740694281670,-0.0114848248588,0.0854357138783,0.0003652043078,-0.0692056014585,0.0177642808474,-0.0240422076785,-0.1651618545552,0.0054559947312,0.0138940839214,0.2734952474450,0.2789454686502,0.2555383910360,0.0065785487663,0.1744289981964,-0.2417123277480,-0.0463635144091,-0.0381833237129,0.1035289721376,0.0194414829676,0.3353145840245,0.5520005900821,0.4130489670294,0.0905718114448,0.3399716481297,0.3830636454727,0.2393893026495,0.0943419212077,-0.0018426423069,0.1220909588613,0.4351057852479,0.2335808297367,-0.2116956124860,-0.1349488142712,0.0426060610935,0.0235906773471,0.1838096546395,0.0793873865638,0.0537322336840,-0.0643431403402,-0.2162571383337,-0.1039497269850,-0.1231815149131,0.0989517683925,0.0869954046127,-0.1500960818396,-0.0856537868146,0.0475131992321,0.0399427023899,0.4183806589680
0.1738875679561,0.1714012098220,0.0032305026973,0.0608060404066,0.1598747877085,0.0452901393884,-0.0670322740715,0.0295223680191,-0.0997789031277,0.6688823988123,0.3280156222238,0.3577324554724,0.2805173954463,0.3304112708106,0.0209390022857,-0.2070529831117,0.0966484946462,-0.0628637461963,-0.0566186616922,-0.1921937718372,0.3694029824010,1.0000000000000,0.2987372102382,0.0179534847523,-0.1644079230561,0.2211079608180,0.0447033359571,0.1584772890170,0.2409151440152,0.0494321055903,-0.0103441731676,0.2885969578598,0.1786903546471,-0.0159965313061,-0.0482866362762,-0.1980698258938,0.1635100529241,-0.2515905594401,-0.1937257674445,0.0615849838317,0.2536338851525,0.1887834004559,-0.1013883020438,-0.2230531495890,-0.1339727679401,0.2314383374035,0.2157238268980,-0.0410070233920,0.2523826279419,0.2866456751726,0.0954401962311,0.0333361177378,-0.0472513009702,-0.0252447712154,-0.0105333561665,-0.0893699977144,0.0416419985187,-0.1842251996337,-0.0851859409915,-0.0992008881132,0.5075943499926,0.2811395988585,0.3608780410531,0.1473271371017,0.1646171783757,-0.2925556986137,-0.3847803166358,-0.1249216922801,-0.2316703900846,-0.2474038362886,0.0498278323856,0.5724042637649,0.0958856935144,-0.1117119257516,-0.0408963734788,0.0349514568993,0.0670554841559,0.1879186388102,0.2211055751697,-0.1667345132647,0.2743334145943,0.1554449421124,0.0815105238129,-0.2597846098465,-0.0492267548815,0.0971636337641,0.1220396196415,-0.1497916770204,-0.0756865706495,-0.2822538591799,-0.1305245847590,0.0260274312810,-0.1870955085289,0.1259499440989,0.1961580358615,-0.1285727001320,0.2760894017332,0.3623480118715,0.1420245520782,0.1993709169250
0.2746529404914,0.1566847133728,-0.0298849036982,0.1244882578536,0.3144655859810,0.0435737599409,-0.0724733250883,-0.1399302879268,0.0438578389410,0.3337942250480,0.5105517310787,0.6673154236103,0.1582991683821,0.1350537476136,-0.0652266369205,0.0640228633356,0.0234457473584,0.0424308702089,-0.0216458695890,-0.0930534232134,0.4205220451696,0.2987372102382,1.0000000000000,0.2359695909961,0.0295066801251,0.3423568760555,0.3585198589275,-0.1260774938497,-0.0980199237299,-0.2356363446602,0.1698955504152,0.4177144099598,0.2824221489684,0.2075555771312,0.1615346001521,-0.0948091621283,0.3353661130281,-0.0805670538335,0.0685386258588,0.0612579995146,0.0044388668924,0.0487038518025,0.2745683676332,-0.0243962776005,0.0209124995487,0.3714641658159,0.2001297986391,0.1807448575012,-0.1236356005547,0.1421684565509,0.1226862188731,-0.0855867617090,-0.0074793159322,-0.0805149643624,-0.1123763702486,-0.1115634612023,-0.1156327693011,-0.3317082262580,-0.1210292716417,0.0105044580267,0.0830145040632,0.3465883123506,0.4959737120367,-0.0109477801793,-0.0225801452277,-0.1681037473252,-0.1257118537806,-0.1513714185643,-0.1081563089428,-0.1031048181451,0.1063377419496,0.5861452450040,0.2634536386608,0.0835969242626,0.0824222342492,0.1707247924110,0.3396362420224,0.1497833382089,-0.1209134252333,-0.0269835553495,0.3675723153341,0.1332052224408,-0.2956806726049,0.0675750843248,0.0044617339281,0.0832389815218,0.2485264750943,0.0201883580950,0.2044097822923,-0.1128026517344,0.0450568364530,0.1785857205672,-0.0113549842896,0.1122189522458,0.2091363415610,-0.0249568181855,-0.1829758116344,-0.1996576917599,-0.0759284889619,0.1193939634710
0.2208247911534,-0.0154729970777,0.1218012415213,0.4401530861095,0.3411510023002,0.3737223316755,0.3800128046258,0.2481150732445,0.7142694981327,0.1630572925363,0.3642504280244,0.2383780913863,0.3293328737247,0.1137878896386,0.2824777051227,0.4652727438196,0.4601794635973,0.5577465686170,0.5472447827897,0.5884862132987,0.2875798409165,0.0179534847523,0.2359695909961,1.0000000000000,0.5450921126361,0.2081144254199,0.4782686114027,-0.1563296788955,-0.1075646735130,-0.2741146222524,0.5578936412081,0.2569847106302,0.3899706358664,-0.0993246781668,0.2337234715730,0.3190047726316,0.1560507739537,0.4579112567246,0.0635000084800,-0.0762227717819,0.1304778668702,0.1762945628449,0.0072376002223,0.2909985787380,0.0287400710830,0.0756755076895,-0.0523890117588,0.1708276932096,-0.0176373437741,0.3825329517792,0.1433408853036,0.1018571492724,0.4799700780011,0.3039682715712,0.3291204194031,0.4137432799481,0.2706807404375,0.3490053554903,0.5665409795804,0.6642289061921,0.1123466665648,0.4352840551765,0.1614538799912,0.3917064127993,0.1734633383541,0.1793691203077,0.2201509714771,0.6020968652603,0.5588628817306,0.6222986294577,0.5046888185757,0.1782132584713,0.7882323028345,0.6667660115031,0.3688588929700,0.0632297370988,0.3578993301646,-0.0643008999505,-0.1910649657117,0.6258172308086,0.2209720085732,0.3567809713487,-0.2222058111160,0.0043420161949,0.1080404809906,-0.1728668532849,0.2041365044194,0.0267443598169,0.0686995967837,0.3654048355486,-0.0674040159631,-0.0759493765901,0.2665211899032,-0.0278414545790,0.0044457132686,0.1734334350838,-0.1145155882060,0.0713978002987,0.3059643685954,0.4633507768277
