1.0000000000000,0.4787445594010,0.7302416659324,0.6036757293480,0.6608182489559,0.3519491896522,0.3179033566768,-0.3464581688919,-0.2716826926738,0.1469071952723,0.0462356025011,0.1567739975654,0.1148505227438,0.5123100578706,0.2417964407128,-0.0666799819786,-0.0921080338532,-0.1722503094144,-0.2715804262710,-0.4128378695888,-0.0034942093052,-0.0005429116177,0.0509320078074,-0.1397369967445,-0.0998089299383,-0.2721437598947,-0.1882109664638,-0.0174719263281,-0.2081600332951,-0.0833101069568,-0.0949056240382,-0.0894753848130,-0.1220010109060,-0.1007469481974,0.1065267759766,-0.1367005647966,0.0365209552385,-0.3023012585574,0.0527262430196,-0.1158581330972,-0.2184388430983,-0.0864535715408,-0.0987343139863,-0.2523552975733,-0.2203487856832,-0.2256000435185,-0.1215343369906,0.3365069705771,0.2145513428099,-0.0093043158351,0.8137942074747,0.5768645863661,0.4514480050414,0.6187498735312,0.3257019096206,0.3838813388857,-0.2213630062558,-0.4186996655143,-0.2412805287255,-0.2594726798288,0.1105189317141,0.1619533285473,0.2297179700157,0.0577540792173,0.4051778061938,0.0653070919039,-0.0913492982695,-0.1290548394033,-0.2814959124832,-0.3583797284589,-0.0324393988064,0.0327709576796,-0.1146321180541,-0.1982828141487,-0.2225460977340,-0.3215243132859,-0.1923440374416,-0.1554593402232,-0.1473080883817,-0.2588495523629,-0.2282727117319,-0.1206477894478,0.0053374944195,-0.0560644442462,-0.3161765505024,-0.1651463239150,0.0216738714999,0.1052799293895,-0.1153636709831,-0.2564078559316,0.0167617427344,-0.2263892378333,-0.3431094968521,-0.2563588989146,-0.1832912391229,0.2855503520392,0.2578393523276,-0.0428891963178,-0.0825741151209,-0.0230028644272
0.4787445594010,1.0000000000000,0.7021277125289,0.2976794708784,0.1287273964101,-0.1289232348623,-0.1495665705939,-0.3180930442579,-0.3366398830774,-0.0402667728101,-0.1814460524134,0.0195433631939,-0.0661828890819,0.3498993682288,-0.0765149394673,-0.2326897403529,-0.3781836009282,-0.2347834655765,-0.3667738855210,-0.4434365279471,-0.0022532042613,-0.0078950939176,0.0801466033115,-0.3092838507404,-0.1463893028354,-0.2581629392139,-0.1983172586522,0.0471750323743,0.0415490329164,0.2479336635196,-0.0742076973839,-0.1233709130754,-0.1634125220059,-0.1027749112424,-0.0467518126028,-0.2963960465953,0.1112935243047,-0.2634568315701,0.1159625105861,-0.0629988529154,-0.2684031964653,-0.3523772903919,-0.1194533383262,-0.1685804481714,-0.0042623496079,-0.2368568929664,-0.0971344362492,-0.0105752225795,0.0324831025638,-0.2934739190882,0.3311792794091,0.8614865856104,0.1798275001314,0.2001022911183,-0.1381486243472,-0.0756791032640,-0.1242230541830,-0.3950910180411,-0.2228747872366,-0.2593387064689,-0.1270249169714,-0.0996661795275,0.0743839233772,-0.1149524608219,0.4247920572174,-0.0649431542275,-0.4086376735463,-0.3190366233408,-0.3964277163105,-0.4470415893802,-0.2576236740116,-0.0078296699685,-0.2001913136472,-0.2897166521322,-0.2033677497054,-0.0542590219366,-0.1449601510208,-0.1511021714999,0.2037830226936,-0.3550473486909,-0.1750944479730,-0.2169425007436,0.1532687135545,-0.2365655055152,-0.0262118038971,-0.1506839644704,0.0807512336197,-0.0166429820117,-0.0421501022948,-0.3231668852074,0.0752089964806,-0.2688640714888,-0.2615326293390,-0.1869500946319,-0.1818014964128,-0.0233851990484,0.1194520094327,-0.2195182996772,-0.3183712430531,-0.2513280771747
0.7302416659324,0.7021277125289,1.0000000000000,0.4333291713474,0.3586644226181,0.3535649989302,0.3144326935764,-0.1633714002542,-0.2553485773554,0.1153746869066,-0.1657387930797,0.0593973347233,0.1082195078236,0.4042286929947,0.2232093342516,-0.1887164792502,-0.1817100499569,-0.3069982537259,-0.2329118859857,-0.3593007979654,-0.0910162498710,-0.0166802251265,-0.1119399231870,-0.3377290474482,-0.1752982153135,-0.3530772449334,-0.3298568671992,-0.1141462591923,-0.0722038790085,0.1237937159489,-0.2537287557619,-0.2099577168840,-0.1648180289556,-0.2649460957113,-0.0211625682062,-0.0967138939535,-0.0824495598768,-0.2935286959416,0.0434486129846,-0.1875903361019,-0.1500419975459,-0.0934716240505,-0.2512010922925,-0.2521953411334,-0.1454353916740,-0.2044541238397,-0.1490511591167,0.2384895682887,-0.0684488893953,-0.0533604239435,0.5365070648743,0.7809347256844,0.3375677782274,0.6856124360368,0.3067787656882,0.3399176113811,-0.0498824142191,-0.3450551177001,-0.1612887962590,-0.2483274747520,0.0889621053449,-0.0518115726452,0.1752011094083,0.0605457659661,0.4469079986240,0.0425732065933,-0.1971015706487,-0.2307185085211,-0.3019724806717,-0.3560168594778,-0.1808061459254,-0.0761678110715,-0.2387733480548,-0.2613328486490,-0.3422073834836,-0.1992188828542,-0.3189555457582,-0.1385247325954,0.0347458794967,-0.4253818221133,-0.3124121538421,-0.1720622055470,0.1184747347441,-0.2265524889870,-0.2622546028634,-0.2590983625082,-0.1416112684212,0.0445295721409,-0.3230749755484,-0.3797931120559,-0.0259309954809,-0.2779320428595,-0.3809357964233,-0.2909974005167,-0.1647341177814,0.2094632500574,0.2407726184827,-0.1229236536101,-0.0775272176258,-0.1975130611450
0.6036757293480,0.2976794708784,0.4333291713474,1.0000000000000,0.5949119535701,0.5048210133766,0.5281788775393,-0.0569392717051,0.0423823591384,0.1936657981772,0.3445932292517,0.3204902281615,0.4000061253426,0.2227444631505,0.4412504289853,0.2102729253539,0.2807978564720,0.0901643315166,0.0519954408179,-0.1384738793545,-0.0038025200763,-0.0241549654742,0.0977274708033,0.1294240363204,0.1073329807649,-0.2341000591858,0.0085792697016,-0.1677729470476,-0.3389190060899,-0.3603093117022,-0.0480726452409,-0.0092727713300,0.0874284217212,-0.0217155324534,0.2508941940443,0.1209617203204,-0.0284840596806,-0.2656155889758,0.0044813734196,-0.1439761218227,-0.2162661075681,0.1562723513195,-0.0491799575101,-0.2195215979952,-0.2733083728047,-0.3865908765536,-0.2606084034358,0.3812562463549,0.1255317420239,0.1818793101683,0.5963025336078,0.4047015637182,0.8088352994554,0.6085875055368,0.4579256480068,0.6646492093965,0.0742898912594,-0.0685318456008,0.1398242538279,0.0553610284497,0.1692442071229,0.3753724251536,0.3122567426402,0.3449489271926,0.3519651602049,0.1374731970838,0.1520674398543,0.2250258330649,-0.0041325896534,0.0031599776768,0.2042412278934,0.0244508117244,0.0770351261721,0.0769683242270,-0.1951301740244,-0.3467068558086,-0.0711978906267,-0.2369500737852,-0.3316033837784,0.0115500857018,-0.1694605507419,0.0885023557632,-0.2596581717434,-0.0224587915829,-0.3597960873094,-0.2363258978468,-0.0242686371365,0.1452725082355,-0.1720171161090,-0.1049466762788,-0.0622752324947,-0.2466141050896,-0.2826723192136,-0.3833717266228,-0.2809857162015,0.3447884313736,0.0639697858792,-0.0709126299055,0.1460472255722,0.1226411288873
0.6608182489559,0.1287273964101,0.3586644226181,0.5949119535701,1.0000000000000,0.6262198870927,0.4933006644840,-0.0823517587247,0.0276584116042,0.1917709287049,0.2590774586858,0.1380715004514,0.2019732527747,0.4404081647265,0.3840476857939,0.0386187827631,0.2194816883324,0.1989194680165,0.0115203610218,-0.1442317613983,0.0478460912478,0.0866565215100,0.1020507115650,0.2177914828176,0.0691897647024,-0.1803127038570,0.0095287937551,0.0287486874171,-0.2955660741250,-0.2045412009926,0.0588803038985,0.0220708389977,0.0327984007244,-0.1132865063084,0.1163156787908,0.0480444071333,-0.0128441468033,-0.2459586132237,-0.0441455926533,-0.2230616108660,-0.1757523707549,0.1211262976332,-0.1336428444167,-0.2618692884852,-0.3104331202089,-0.3172710998189,-0.1347564439012,0.3997668817700,0.3548109558792,0.2342504085733,0.7511239319933,0.2493636223069,0.5108153801770,0.6426876818493,0.6302683897007,0.5811386893296,-0.0206149594812,-0.0685664637443,0.1272733243330,0.0626726855054,0.2007101798692,0.3646812644506,0.2292293816258,0.1765444336301,0.4893178867890,0.1868839634761,-0.0036887925598,0.2471612087165,0.0025102047461,-0.0220057907361,0.2397758526834,0.1210039293826,0.0980048621230,0.0725042559565,-0.0992926452212,-0.2478047255081,-0.0304034238439,-0.1682207677493,-0.3006639115852,0.1172150878067,-0.1007744059855,0.0791967746722,-0.0513842875987,-0.0486573388934,-0.3199916346962,-0.1650891837239,-0.0226441199373,0.1024811918299,-0.1409778682085,-0.0584765126038,-0.0390880334423,-0.3316130019835,-0.3005305195506,-0.1983185007771,-0.1190965342478,0.3294339887698,0.2600400043006,0.1122748860591,0.1170250854638,0.1932431416560
0.3519491896522,-0.1289232348623,0.3535649989302,0.5048210133766,0.6262198870927,1.0000000000000,0.7931321404565,0.1778608097584,0.2663834668633,0.2361981692116,0.3376177147502,0.2163120499647,0.4043369821649,0.1795509186232,0.5881563198383,0.1104346588788,0.4858078245976,0.3252816475458,0.3191477227324,0.1243614166109,-0.0846578082899,-0.0394522064369,-0.0299452153596,0.2654731131054,0.1223117155542,-0.2699581713333,-0.0441381980349,-0.1923209320647,-0.2271457939004,-0.2445949384494,-0.1130190233499,-0.0790237898754,0.1531835117870,-0.2218558240317,0.0420959195273,0.3396629767185,-0.2468617981211,-0.2705638481651,-0.1129754363902,-0.2793380510375,-0.0048521481861,0.4598429187072,-0.3091765905647,-0.2551813403692,-0.4194907910232,-0.2585468560974,-0.1960435970733,0.5226397028567,0.0075930509762,0.4854492499473,0.3692197716975,0.0011436059026,0.4118743951650,0.8289130137504,0.8865599235410,0.7581917392532,0.2170543469235,0.2145524022205,0.4035401001925,0.2711595422665,0.2532497884095,0.3889644437314,0.2628871033922,0.3901014035396,0.3081708365139,0.2550272545788,0.2133903550415,0.5122243635603,0.2557788431820,0.3228373413657,0.3451182346981,0.0116681421825,0.1236123253808,0.2077593651335,-0.1988779054781,-0.2396493410056,-0.1050085949728,-0.2202925169912,-0.2721388568818,0.2107893836729,-0.1064970447976,0.2703445554337,-0.1104623453192,-0.0208656953956,-0.3722367497480,-0.2170658938270,-0.2194438398028,0.1037905022154,-0.4259782405474,-0.0225749566985,-0.1255764672423,-0.2895650530072,-0.3018028141428,-0.2807026433882,-0.0745253650861,0.4748725082574,0.1511638390069,0.1478312100239,0.4277614235926,0.1888271606900
0.3179033566768,-0.1495665705939,0.3144326935764,0.5281788775393,0.4933006644840,0.7931321404565,1.0000000000000,0.1934610487501,0.1996244715654,0.2842058959005,0.2712563318281,0.2386076191723,0.4019014672033,0.1744464183371,0.6867426060064,0.2265767326737,0.5398301913232,0.1974877188568,0.4087254582477,0.0574704336761,0.0010985065799,0.0721395736224,-0.1081779887625,0.2719767334452,-0.0395641803681,-0.2527323925947,-0.1324964194200,-0.3332876069323,-0.1180407071418,-0.1838326524622,-0.0609697900775,-0.1831460983737,0.0288445408919,-0.2652394540629,0.2708117728145,0.4231878435268,-0.2387040712934,-0.2619970731929,-0.1358561103560,-0.4126357712976,0.0335672137151,0.4226268365610,-0.2636008010752,-0.3386305044117,-0.4381188751936,-0.2977380175918,-0.3096482015429,0.4069280423180,-0.0308877705321,0.5329708791592,0.2338314184997,-0.0290187557700,0.4934856392275,0.7048065559729,0.8275705304978,0.8888714105176,0.1517904129750,0.1466894137261,0.3608549572796,0.1684785676159,0.2722279358810,0.3105043993726,0.2794543480370,0.3687212630674,0.2633746490883,0.3105366522130,0.4053325769456,0.4416553428610,0.3601407380864,0.2058575836084,0.3974159315010,-0.0013827415363,0.2213769088758,0.0913596808685,-0.0310675966863,-0.1795597105067,-0.1663529629864,-0.1496225893531,-0.1438218551855,0.2041987817116,-0.0613202476150,0.2204933240187,-0.0759687524617,0.0814968200007,-0.4270773952132,-0.2435500674135,-0.1755037224787,0.2348521089662,-0.3819952856777,-0.0585131230721,-0.1588563357481,-0.2902212027794,-0.3384322561509,-0.3448102294162,-0.1554467185745,0.4119230630558,0.2022887412796,0.1604807744431,0.3938807665225,0.2340032928910
-0.3464581688919,-0.3180930442579,-0.1633714002542,-0.0569392717051,-0.0823517587247,0.1778608097584,0.1934610487501,1.0000000000000,0.6100813890080,0.1215521061983,0.2289095928724,0.1182448882197,0.3547157092120,-0.2346187072948,0.1914058060366,0.2760889475932,0.3944938066061,0.3733297065290,0.6665590565765,0.6650053203716,-0.0063257097745,0.1229537204980,-0.2072005833829,0.3234251693324,0.1918628864268,0.0461249126572,0.0727138192735,-0.1280017770650,0.1912430515608,0.0610389565448,-0.0069392572725,-0.0781842192931,0.0969667176147,-0.2287349200909,0.0311109639640,0.4605031522683,-0.2939289044900,0.2180224689816,-0.2719076745305,-0.2583487021536,0.3678405042237,0.2968666781354,-0.2423763430164,-0.0140176726030,0.0807937311858,0.0515761822690,0.0254407665786,-0.0801527145935,-0.1662438738938,0.2127020090371,-0.2597130368039,-0.2536351336329,0.0670298562762,0.0236519453664,0.1897768425007,0.1461219569826,0.5658978965187,0.6827478728922,0.6021702006592,0.5233655638663,0.1916467371217,0.1795308451635,0.0549519580966,0.3349334399629,-0.0372995834685,-0.0879237279623,0.2748322796365,0.3941057097324,0.5290896058786,0.5386939102401,0.1798381313018,-0.0275116094617,0.2752566303924,0.4032669293549,0.0057988052942,0.1958056795921,-0.0931250315853,0.1944238391168,0.0878727752148,0.2954557831728,-0.0099902578193,0.1284290082130,-0.0981112889096,-0.1167697833936,0.1038278758039,-0.2024174410142,-0.3105795028886,-0.0613109296256,-0.3711130070248,0.0914789615300,-0.2880349465180,-0.0454731794173,0.0438290387606,0.0105638204902,-0.0860657549486,-0.0507485297984,0.0510756724797,0.1296792580923,0.3058765288296,0.0855905475565
-0.2716826926738,-0.3366398830774,-0.2553485773554,0.0423823591384,0.0276584116042,0.2663834668633,0.1996244715654,0.6100813890080,1.0000000000000,0.1051378400408,0.4620276223025,0.2596854482831,0.3997877638053,-0.1825791875046,0.2419252404417,0.4912371382521,0.5488756597989,0.5666113772849,0.7775086702372,0.7850670917064,-0.0150572056793,0.0143409815742,0.0094632652150,0.6308238291828,0.6587657355566,-0.0068155057330,0.2100201116795,-0.2481917477328,0.0032828330853,-0.1778884843520,0.0630031638547,-0.0660323741874,0.1690819320544,-0.1789146038278,0.1063414354954,0.6170902201526,-0.3027544833613,0.1189762289001,-0.2695351053460,-0.2111399566839,0.2751501060769,0.4422119204651,-0.2114579837338,0.0783398438731,-0.2054853464772,0.0257085456645,-0.0264742642186,-0.0236684483220,-0.1717393576770,0.3481226911989,-0.1976086820880,-0.3322257703871,0.0784186454224,0.0148743840477,0.2334044379826,0.1503881187924,0.4260280253172,0.5057108661057,0.7560993376126,0.9618567399833,0.1347481305976,0.3961343830725,0.1726325608310,0.4193902156896,-0.0428027404412,-0.0592055690410,0.4790542360614,0.6105453455010,0.7809145467453,0.8142225940162,0.3706703069110,0.0423783875782,0.4697716138962,0.8091513418519,0.1042830392987,0.1076584935508,0.0668903687866,-0.0321538306803,-0.0521137428469,0.5157972354142,0.0991181816424,0.2965941135630,-0.1543284853334,0.0396163530606,-0.0104621326255,-0.1757161675789,-0.2324848613392,-0.0832979699124,-0.2534596895800,0.2751971251972,-0.2685802468415,-0.1138989599699,0.1387916004552,-0.0381708820442,-0.0629866150494,0.0293124273649,-0.0593915264104,0.1649276588799,0.4447879152947,0.1555670839410
0.1469071952723,-0.0402667728101,0.1153746869066,0.1936657981772,0.1917709287049,0.2361981692116,0.2842058959005,0.1215521061983,0.1051378400408,1.0000000000000,0.3743186368450,0.5942832578034,0.5818498581199,0.3547651760087,0.4192320527736,0.0074035182653,0.4086795324892,0.0194358492379,0.2581256783773,-0.0247018907084,0.4940773764474,0.7394667657875,0.2909190445095,0.2435338836548,-0.1051109401937,-0.1114081667394,0.0108132421070,-0.2184026839656,0.1388976221076,-0.1608674479553,-0.0472562805299,-0.0167134019897,0.1140738883518,-0.0610057336407,0.1071615732397,0.0893656649558,0.0334714981172,-0.3609148815625,-0.3778056232359,-0.3738323579076,0.1439830513279,0.4141155557245,-0.3833047672064,-0.4139152654422,-0.4398314877379,-0.0330466762593,-0.2788819405296,-0.1146426072415,-0.1966898326231,0.5787897442644,0.0107056218637,0.0003633453990,0.1425137914125,0.1815781369558,0.2517959663796,0.2603211139660,0.3238042757265,0.0532426947314,0.2638629690319,0.0654171890175,0.8865911666793,0.4831696864915,0.6735788466093,0.4707649038484,0.3207124030225,-0.1860624587343,0.0728851741798,0.2600762795858,0.1282856738507,0.0396868255478,0.5771668318694,0.5558054889801,0.3016005935898,0.1662964090413,0.1313720754086,0.0762574536366,0.0786744677292,0.2304011654640,0.0677564045713,0.0582828574606,0.1935719671153,0.3779927280141,-0.0035005579235,-0.2411128808356,-0.3264769984219,-0.0806383784222,-0.0502408576591,-0.0469280445488,-0.3155707842473,-0.2925314321795,-0.3645530301303,-0.1616865844984,-0.3165669857822,-0.0281343806713,0.0004688391321,-0.1007717396717,0.0895148705983,0.3831484902586,0.5779612036861,0.6439817456607
0.0462356025011,-0.1814460524134,-0.1657387930797,0.3445932292517,0.2590774586858,0.3376177147502,0.2712563318281,0.2289095928724,0.4620276223025,0.3743186368450,1.0000000000000,0.7353029490076,0.5562442095410,0.0657189913202,0.3140239786007,0.3944185659497,0.4662607763319,0.5401216126467,0.4516961100632,0.2638915932525,0.3481641785874,0.2157883447318,0.5370166129341,0.6180182733893,0.2981083420591,-0.0301094593629,0.3339412411135,-0.1891975006902,-0.0436652791476,-0.3424935814885,0.2302584441654,0.0644145256420,0.2087929770641,-0.0383342192339,0.3748180649863,0.3749527542421,0.1325899782699,-0.1477845523161,-0.0571964754824,-0.1916847839190,-0.0564791597209,0.3698398026685,-0.1230796373202,-0.1768361504147,-0.3053946615802,-0.0808830868677,-0.1587270948677,0.1982648288051,-0.1073915322172,0.4213066116695,0.0972261889402,-0.2395570548968,0.1234795503913,0.1428213485671,0.2474668398328,0.3099605726131,0.2559074675383,0.2151406266433,0.4906498802048,0.4712776115702,0.3908227211573,0.7692035559309,0.5237700794002,0.4712172508207,0.0753268671001,-0.0763336535063,0.2409029645179,0.5279499764044,0.4343875943123,0.3745573470231,0.5761503394283,0.4257905753499,0.5672540454585,0.4625459543966,0.2483245190489,0.0189445356779,0.2799568637682,-0.0823843805460,-0.1304806675409,0.4303680015442,0.2056916800807,0.3137018022102,-0.2925906947713,0.0482177307794,-0.1672565969024,-0.2360047394144,0.1698613635058,0.1383887508489,-0.0338477885173,0.1130028569202,-0.0823083580763,-0.1991022578371,-0.1281476547236,-0.0374883534442,-0.1605641742462,0.1597067880484,-0.1612453034911,0.0663638831760,0.4085017442751,0.4500856156730
0.1567739975654,0.0195433631939,0.0593973347233,0.3204902281615,0.1380715004514,0.2163120499647,0.2386076191723,0.1182448882197,0.2596854482831,0.5942832578034,0.7353029490076,1.0000000000000,0.6570527050895,0.2056262317578,0.2983573055193,0.2401429752452,0.3786088866630,0.3212867957357,0.3377902604492,0.0648399593051,0.5538823511497,0.3896637261707,0.6623685596389,0.4245327717527,0.1329149930299,-0.0784036526794,0.2127898299054,-0.3133381164324,0.0864792666053,-0.3075395661813,0.1028847861876,0.0308723013140,0.1530653232896,-0.0061600748636,0.3418491928230,0.2421265087256,0.1590906780956,-0.2952161058196,-0.1794592553353,-0.2652936277229,-0.1240736206500,0.2345735923472,-0.2426225188570,-0.2703311700555,-0.3542707918151,-0.0938256329455,-0.2868325291580,0.0398948226662,-0.2647991539999,0.3875708991815,0.1072477920045,-0.0747243840015,0.0944836226233,0.1627550725593,0.1520197132757,0.2912204036250,0.3056802303360,0.0435946825548,0.3614734747643,0.2445012985028,0.5784051298185,0.7235713107685,0.7878695928944,0.5160141776232,0.1269336823038,-0.2661695715258,0.1478645921594,0.3584277594546,0.2618077018453,0.1563660325214,0.6257987287709,0.6115592003353,0.5165338009894,0.3244526022426,0.2362424736869,0.0858860113489,0.2181325145363,-0.0426371011778,0.0148828677599,0.1948810265265,0.2580585780830,0.3008512412232,-0.3233544642706,-0.1457546961916,-0.2523408855083,-0.2718022788426,0.1283235363799,0.0709869001735,-0.1458547809629,-0.1682022487429,-0.2288093321885,-0.2273943400709,-0.2301187721163,-0.0578918090746,-0.2301524713524,0.0687958681255,-0.1414884140415,0.0258219198643,0.3496870063204,0.4726172482704
0.1148505227438,-0.0661828890819,0.1082195078236,0.4000061253426,0.2019732527747,0.4043369821649,0.4019014672033,0.3547157092120,0.3997877638053,0.5818498581199,0.5562442095410,0.6570527050895,1.0000000000000,0.0184646659432,0.3511596024005,0.3072476411309,0.6779019262065,0.3338295132773,0.4965581508016,0.2507596619242,0.2090079047166,0.2991150516416,0.2108002638419,0.4134916162573,0.2649542618746,-0.1063395427953,0.1591838025368,-0.4352118794978,-0.0221909670579,-0.3912105588074,0.0856748942890,0.0405586253913,0.3273946404380,-0.1326767666722,0.1884382292901,0.3143794501803,-0.0393435145177,-0.2252957992043,-0.2254161610198,-0.3268420207556,0.0223424506045,0.4428548840200,-0.2881592552389,-0.1936368573186,-0.3100361816710,-0.1691014823165,-0.2823883028817,0.0723790887503,-0.2889863467247,0.4238577352103,0.0459169228817,-0.0698532992682,0.2758401013311,0.2976453514359,0.3308727363444,0.4254357605187,0.5471446482098,0.2191886070214,0.5306386618825,0.3892767939976,0.5744868321995,0.6461682881104,0.7191301980901,0.9069299874793,0.1355393881760,-0.1386967941138,0.2926559669381,0.5694899619206,0.3465541748408,0.3559116543307,0.5711757499528,0.3033213483868,0.3931276440400,0.4230801871412,0.0758099595346,-0.0414605581200,0.0699427105439,-0.0628089633282,-0.0897849626623,0.3003639187769,0.0686859795501,0.4945060263376,-0.3176774090500,-0.0695874331853,-0.2427775097697,-0.2728259685350,-0.0690828063085,0.0263729853926,-0.3488461178815,-0.0754903339108,-0.2893020848998,-0.2083903527079,-0.1899583689552,-0.2805814810231,-0.2095873816527,0.0615318598578,-0.1202000898274,0.1165534203298,0.5283587063014,0.3563587946540
0.5123100578706,0.3498993682288,0.4042286929947,0.2227444631505,0.4404081647265,0.1795509186232,0.1744464183371,-0.2346187072948,-0.1825791875046,0.3547651760087,0.0657189913202,0.2056262317578,0.0184646659432,1.0000000000000,0.3214754535318,-0.1326109606081,0.0019442653196,-0.0151410036822,-0.0907181151232,-0.3400982639103,0.4604884482470,0.3668441431241,0.2659813916944,0.0165295522998,-0.1700062658891,-0.1127355231691,-0.1121993092474,0.0359729395183,0.0865109766169,0.2344983091587,-0.0195637493503,0.0148245285781,-0.0750882021834,-0.2605274680585,0.1289348824412,-0.0617808892895,0.0128336286430,-0.3974087101394,-0.2248407003543,-0.4223743404371,-0.0707403337721,-0.0218955828754,-0.3852507785241,-0.4630875251633,-0.3898667964565,-0.1919993880811,-0.1850300493834,-0.0118941297594,0.1569986855074,0.2590161336036,0.4107895888743,0.3758855317859,0.1720801934713,0.2348506108397,0.2274162231818,0.1798834681964,-0.1474472209680,-0.2396665091902,-0.0098430408782,-0.1669690935337,0.2732853355666,0.1931338561151,0.3087251880262,-0.0562537581661,0.7327954583661,-0.0891489894559,-0.1826071372414,-0.0013833090798,-0.1293390911024,-0.2758892478109,0.2482304088489,0.3010566977209,0.0920655372582,-0.1275937686372,0.0405773693432,0.0772299605750,-0.0065398210052,0.0797101296380,0.1293850377789,-0.1037379377563,0.1259882255405,-0.0128509473082,0.3105707043218,-0.2586670514549,-0.2932677369737,-0.1414712016190,0.0047461082671,0.0239199847452,-0.2282730248305,-0.2819657056675,-0.2112296977914,-0.4045414417268,-0.4711032041119,-0.0466429092635,-0.1243235053858,-0.0092781471483,0.4435252611552,0.2306903043814,0.0800601052339,0.2263421871041
0.2417964407128,-0.0765149394673,0.2232093342516,0.4412504289853,0.3840476857939,0.5881563198383,0.6867426060064,0.1914058060366,0.2419252404417,0.4192320527736,0.3140239786007,0.2983573055193,0.3511596024005,0.3214754535318,1.0000000000000,0.0794768315681,0.4643211406635,0.2214704374865,0.3804252527647,0.0678510608560,0.0099896498302,0.2247443858207,-0.1157097842964,0.1975496301437,-0.0862158168494,-0.3648381378755,-0.2622564414804,-0.1825057311331,0.1055397233664,-0.0313067746904,-0.2363193205316,-0.3189401423870,-0.2003855236206,-0.2230040004121,0.0925367079161,0.3660688557852,-0.3942530055733,-0.3458989387659,-0.2990515861599,-0.4764756322087,0.2854386982805,0.5106215914804,-0.4071635928743,-0.4261891145759,-0.5826771198974,-0.3269634174386,-0.3568797831748,0.2085622229705,0.0072076693376,0.7037701998820,0.1357624393881,0.0614601272826,0.4310607951662,0.4435147952498,0.6492108172219,0.5973050350990,0.1810576479832,0.2787632474419,0.4291817475375,0.2272674695547,0.3917241601363,0.3846278433665,0.2368353807755,0.2931332624823,0.4801962815589,0.4008198710021,0.2272243628679,0.4694043215364,0.3313143399920,0.2190333896809,0.4180046575013,-0.0228201896362,0.1476458299890,0.1371933979000,-0.1403096345794,-0.1641854242191,-0.2934531215100,0.0568946519673,0.1167155760148,0.1165928422363,-0.1639845184776,0.0881700018505,0.2027669871944,-0.0877671431617,-0.4622142573435,-0.2371581817808,-0.2953165476543,0.0810109129845,-0.4265468792098,-0.1736186800577,-0.2579355174395,-0.3229281434556,-0.3615437689932,-0.3102058713891,-0.1928637013882,0.2262411782003,0.4428490672797,0.2979013674840,0.5379498644941,0.4004553150722
-0.0666799819786,-0.2326897403529,-0.1887164792502,0.2102729253539,0.0386187827631,0.1104346588788,0.2265767326737,0.2760889475932,0.4912371382521,0.0074035182653,0.3944185659497,0.2401429752452,0.3072476411309,-0.1326109606081,0.0794768315681,1.0000000000000,0.4367085719121,0.3766459428230,0.5777257202742,0.4315309443425,0.0783530931527,-0.0969902927241,0.0907961723289,0.5328464915236,0.3450842915267,0.1300121363550,0.2318773171126,-0.3775156353459,-0.0888900136915,-0.2726018476962,0.6129625898720,0.1084084857244,0.3436354459285,-0.0265899012450,0.4594821666358,0.6125536678111,0.0541383278860,0.1407738498054,0.1675513153884,-0.0740283154417,-0.0097355969557,0.1977167285773,0.3280651952079,0.0774413555997,0.1026663288884,0.0248112854133,0.1005920602054,0.0518873761361,-0.1105795600435,0.1340475997062,-0.0783321841592,-0.2433198469557,0.1772037057453,-0.0381441875740,0.0351950708432,0.1766870280724,0.1313056512764,0.0933036003979,0.3806157248296,0.4644509596055,0.0475378446405,0.2905639812489,0.2096720969951,0.2604531439394,-0.2457442219723,-0.0474762677321,0.7094393768634,0.3301530898670,0.6083203958489,0.4335320305126,0.2869262274992,0.0489474620705,0.4189943397665,0.3565815185957,0.3653782182993,0.0428328091985,0.1105959461964,-0.2426025415569,-0.1872175938926,0.6078995260631,0.1345645539851,0.2951507170630,-0.3458332486694,0.4400549756164,0.1095470743232,-0.1408151922401,0.0497059775342,0.1876406906636,0.1215501288782,0.2435719337909,-0.0238567019527,-0.0720002827689,0.0558106740476,-0.1544213984751,-0.0913509779146,0.0007082421838,-0.2985756676548,-0.0885054065493,0.1731396065705,0.0900324995836
-0.0921080338532,-0.3781836009282,-0.1817100499569,0.2807978564720,0.2194816883324,0.4858078245976,0.5398301913232,0.3944938066061,0.5488756597989,0.4086795324892,0.4662607763319,0.3786088866630,0.6779019262065,0.0019442653196,0.4643211406635,0.4367085719121,1.0000000000000,0.5412699318189,0.7008240898600,0.4256996359916,0.1529716124803,0.1898617131197,0.0515750087940,0.6352141992882,0.2652839467415,-0.0177353685021,0.1610003773818,-0.3808345587914,-0.0591340635002,-0.3556906160460,0.2431885071940,0.0744148978359,0.3802038337841,-0.1373842621376,0.1659934168331,0.4869758984029,-0.2241628003357,-0.1000919063589,-0.2811954695340,-0.3288211447495,0.1443507405853,0.5311396635174,-0.2288657350534,-0.1406361121538,-0.3853761127984,-0.1485877999451,-0.1859673654956,0.0882518733215,-0.1431925407879,0.5753052851102,-0.0896627823069,-0.3440416642922,0.2880152016894,0.2218015917999,0.4732233035989,0.4528775471522,0.3335841555322,0.3522937768880,0.6034079718912,0.5165492682738,0.3983969779289,0.5578537652443,0.4380673253458,0.6446206076426,0.0899775012104,0.0432813408448,0.4731201933578,0.7823604225639,0.5858607565256,0.5665213091320,0.6910310696778,0.1744798603294,0.4686791791061,0.4852524010686,0.1224087524652,-0.0739931999941,0.0681487417208,-0.0603899301965,-0.1291819354186,0.5796840683950,0.2066947807811,0.5685818721459,-0.2103255211128,0.1006547562882,-0.2922984434326,-0.1021623204748,-0.1510905854638,0.0029068326019,-0.3304866014695,0.1374844824083,-0.2886992962749,-0.1369647496994,-0.0738224316158,-0.1917457416681,-0.0442633134582,0.0875409663966,-0.0160424210304,0.2549461483482,0.5902267042689,0.4057633730546
-0.1722503094144,-0.2347834655765,-0.3069982537259,0.0901643315166,0.1989194680165,0.3252816475458,0.1974877188568,0.3733297065290,0.5666113772849,0.0194358492379,0.5401216126467,0.3212867957357,0.3338295132773,-0.0151410036822,0.2214704374865,0.3766459428230,0.5412699318189,1.0000000000000,0.5636551529276,0.3992118035153,0.0948789527010,-0.0418716197930,0.2428539587575,0.6344198113263,0.4039528311536,-0.0025829408834,0.2145038181253,-0.0827773110120,-0.0080077693149,-0.0780496060876,0.3387579129612,0.1071582227465,0.2803154404866,-0.0573731146930,0.0762892468176,0.3778522249846,-0.1010992971986,-0.1022161237891,-0.1358102287986,-0.1900826889211,0.0231949125008,0.3266714705409,-0.2137208958229,-0.0250320446907,-0.2443404261231,-0.1798825499705,-0.0013640083806,0.1222848231543,0.0333477630655,0.3417253954874,-0.0483008436640,-0.3151566941676,0.0104315095516,0.0612633326466,0.3111108245035,0.2022853876423,0.2628359547018,0.4495144121805,0.6811279300670,0.6204658016731,0.0504211876467,0.5082390515611,0.1303610208275,0.3316623087361,0.0770642782285,-0.0322181614713,0.1699714426950,0.7620489766692,0.5420117485357,0.5688113627701,0.4805149790697,0.1062476522029,0.5297800738191,0.4666296503661,0.2070054069514,0.0905262187510,0.1793971988319,-0.2200257215703,-0.0721064638335,0.7021813898541,0.2423042835822,0.3285162684228,-0.1654946837118,0.0688614990463,0.0558165326481,-0.0740872809317,0.0016118646304,-0.0005975316841,-0.1037948495265,0.2498731004775,-0.1391422822476,-0.2130149353282,0.0296557667808,-0.1216508651831,-0.0918055941047,0.1338698901954,-0.0438016178260,0.0659636475663,0.3036505050196,0.2702904628280
-0.2715804262710,-0.3667738855210,-0.2329118859857,0.0519954408179,0.0115203610218,0.3191477227324,0.4087254582477,0.6665590565765,0.7775086702372,0.2581256783773,0.4516961100632,0.3377902604492,0.4965581508016,-0.0907181151232,0.3804252527647,0.5777257202742,0.7008240898600,0.5636551529276,1.0000000000000,0.6422053612030,0.1256325717085,0.1320348398983,-0.0137250736879,0.6606784942260,0.2930737214692,-0.0867331889583,0.0666416632134,-0.4221065198551,0.1180914668927,-0.1592361727012,0.1776003009185,-0.1547457229998,0.1559680708794,-0.2515601768245,0.1870666530312,0.7118848883312,-0.2988123886556,-0.0793914735328,-0.3185218152113,-0.4048376803398,0.2612405039188,0.5138317679373,-0.2626824289749,-0.1767806673061,-0.3078198287893,-0.0258515847911,-0.1561243576668,-0.0481438529915,-0.3129171661194,0.5058186083823,-0.2690212324123,-0.4137139843419,0.1031636866895,0.0497600946914,0.3131884310380,0.3093397100468,0.3952554820917,0.4833180709239,0.7818096987467,0.7271690066346,0.2720321474110,0.4113066312423,0.2783778376643,0.4653449614853,-0.0155509711533,-0.1015857807526,0.5976899659091,0.6310578832528,0.8877020945588,0.7013188677970,0.5157968234785,0.1192848015119,0.5630920713925,0.5620912999786,0.2616838625642,0.1459965907937,-0.0519244157050,0.0003433913302,0.0394482059725,0.5988642419392,0.1289547843006,0.3435193425063,-0.1761592865512,0.0406309532176,-0.1337300499173,-0.2375303818922,-0.2329046935369,0.0015116009040,-0.3297237996211,0.1015364690346,-0.3359246911603,-0.1902883285025,-0.0785779643800,-0.1188943641072,-0.1231050358742,-0.0193211524311,-0.0729308061805,0.1918410586694,0.5308121809915,0.2340373029634
-0.4128378695888,-0.4434365279471,-0.3593007979654,-0.1384738793545,-0.1442317613983,0.1243614166109,0.0574704336761,0.6650053203716,0.7850670917064,-0.0247018907084,0.2638915932525,0.0648399593051,0.2507596619242,-0.3400982639103,0.0678510608560,0.4315309443425,0.4256996359916,0.3992118035153,0.6422053612030,1.0000000000000,-0.0965195168170,-0.0852274854108,-0.0716850425496,0.4336839736135,0.6385680921106,0.2560857043728,0.3092735609520,-0.2452766220687,-0.0503715234642,-0.2072966065248,0.0767971298957,0.0626436612017,0.2349548758259,-0.0741944745886,0.0659365901041,0.5661667280315,-0.3193122435526,0.4941851110668,-0.2586589873098,-0.0695622610322,0.2425062287402,0.3424139431321,-0.0465843450666,0.3303639063188,0.1248849535772,0.1579763528162,0.0491689080098,-0.0897092919426,-0.1648548060092,0.1868811389057,-0.2702126966454,-0.4597157305364,-0.0635856776077,-0.1343034842723,0.0686859336378,-0.0152154696934,0.3786133796168,0.5655903422758,0.5120517784305,0.7340291768555,0.0258051596303,0.1629656362448,-0.0022348216968,0.2834313765390,-0.2404501808101,-0.1003004006401,0.4302493459775,0.4133477518625,0.6323915753384,0.8611313840838,0.1696710506948,-0.0512298799927,0.2768079960524,0.7735440390115,0.0976106147412,0.1794719205117,0.1377577095015,0.0210095420296,-0.1402082831278,0.4332956537265,0.0974911746368,0.2320970953629,-0.2352217972836,0.1047604986479,0.1860935237549,-0.0833561818417,-0.2946481554489,-0.1328254570630,-0.2303089471859,0.5083559148379,-0.2792536038137,0.0368101446452,0.3799374054678,-0.0142312397664,-0.0419132489518,-0.0669759411426,-0.1243169250857,0.0984176577530,0.3498688805605,-0.0057119026898
-0.0034942093052,-0.0022532042613,-0.0910162498710,-0.0038025200763,0.0478460912478,-0.0846578082899,0.0010985065799,-0.0063257097745,-0.0150572056793,0.4940773764474,0.3481641785874,0.5538823511497,0.2090079047166,0.4604884482470,0.0099896498302,0.0783530931527,0.1529716124803,0.0948789527010,0.1256325717085,-0.0965195168170,1.0000000000000,0.5528665272252,0.6055502842098,0.3584922655601,-0.0618738467510,0.2907595689456,0.2994548427530,-0.1099243654425,0.0911329065876,-0.1056278713042,0.3155713640372,0.3042537462888,0.2056952232707,0.0785704243498,0.4370626898442,0.1512633995398,0.4473512827991,-0.1916347007367,-0.1286870802096,-0.2963773982883,-0.2616996238188,-0.1276585090000,-0.1340731203088,-0.3123119424900,-0.1990138207133,0.0261319430694,-0.2011298546183,-0.2242186997876,-0.1888686146309,0.3369302965041,-0.0093675473861,-0.0881307809359,-0.1087894949445,-0.1027622625426,-0.0955617545793,0.0597700980101,0.0754246730469,-0.1666018991077,0.1109736495945,-0.0427653956329,0.4379157743515,0.3966963084495,0.5681747525489,0.0615914318534,0.2310665710835,-0.3544599659540,-0.0732329521186,0.0293930216881,0.0958741109541,-0.1280851434656,0.5412625862672,0.7616557739591,0.5636032593069,0.0795337901904,0.5554639678022,0.4442618868887,0.4240853343679,0.1475339648989,-0.0097620183614,0.1355192031215,0.5246265481957,0.2229747134696,-0.2023447667143,-0.2357083196711,-0.0584507144377,-0.0565828400197,0.3541748177754,0.2050608903171,0.1218356719183,-0.1321955163598,-0.1490077316383,-0.1452296433323,-0.2097567285737,0.2086708901896,-0.0761321712011,-0.1595809995967,-0.1868850752036,0.0479950020227,0.0574275195754,0.5475537137040
-0.0005429116177,-0.0078950939176,-0.0166802251265,-0.0241549654742,0.0866565215100,-0.0394522064369,0.0721395736224,0.1229537204980,0.0143409815742,0.7394667657875,0.2157883447318,0.3896637261707,0.2991150516416,0.3668441431241,0.2247443858207,-0.0969902927241,0.1898617131197,-0.0418716197930,0.1320348398983,-0.0852274854108,0.5528665272252,1.0000000000000,0.2934546701716,0.2190574796806,-0.2044867786867,0.0065073841734,0.0245678848177,0.0118239195813,0.3513240478736,0.0753131343502,-0.0138344996467,-0.0191845985105,-0.0384381024692,-0.0132648056340,0.1211559710127,0.0565068697231,0.1426811260877,-0.3263329044226,-0.3047408858899,-0.3321449429887,0.2054943129801,0.1122720672714,-0.3330113293997,-0.4663050761760,-0.3348584243535,0.1274753007170,-0.1591839232536,-0.2139284130723,-0.0131642969379,0.3936243053798,-0.1463586883689,0.0226971749274,0.0035107085103,-0.0456754803907,0.0708816300362,0.0399642820852,0.2182294695527,0.0306570808459,0.1505358908230,-0.0196974814433,0.6765605349897,0.3030482594570,0.4685562917816,0.1770550822850,0.2964723387884,-0.1954180195027,-0.1133096311035,0.0819161566132,0.0992144794995,-0.1239951231024,0.4309300359172,0.5951975411956,0.3425817293459,0.0242343761948,0.2402375657836,0.2633300305457,0.0771449753421,0.4116221369846,0.2814048796496,-0.0181501919753,0.2216332828338,0.1689855931784,0.1780116439087,-0.3508129451469,-0.2031585062081,0.0149664867210,0.0491444400302,-0.0631726778879,-0.1686514593611,-0.3323527947732,-0.2835725112632,-0.1053217050906,-0.3524522042683,0.2428515247084,0.0593437531186,-0.2018412682721,0.1715244441584,0.4852836630909,0.2720926445250,0.5308974642203
0.0509320078074,0.0801466033115,-0.1119399231870,0.0977274708033,0.1020507115650,-0.0299452153596,-0.1081779887625,-0.2072005833829,0.0094632652150,0.2909190445095,0.5370166129341,0.6623685596389,0.2108002638419,0.2659813916944,-0.1157097842964,0.0907961723289,0.0515750087940,0.2428539587575,-0.0137250736879,-0.0716850425496,0.6055502842098,0.2934546701716,1.0000000000000,0.3492612335583,0.1698201889435,0.3072091664496,0.5140248114914,-0.0589394229612,-0.0587209738717,-0.2194993124212,0.2908815787847,0.4115412220057,0.3216029188411,0.1773565177566,0.3167184980067,0.0073951154072,0.4029175170363,-0.1138528093828,-0.0257424812876,0.0014938120483,-0.4148727335319,-0.0881417994598,-0.0210690146628,-0.0654476942150,-0.1254271945698,0.0779404263647,-0.0210529838022,-0.0364009973379,-0.0916334336408,0.1189358327775,0.0999245247640,-0.0746141575604,-0.1167957488947,-0.0673881771937,-0.1323989439342,-0.0371115348187,0.0284658045165,-0.1536498926987,0.0559502965935,0.0390642268992,0.2289606634869,0.4609817589638,0.4980919352217,0.1012570516403,0.0710519911023,-0.2952552155602,-0.1021888942225,0.0822754936705,0.0205759043965,-0.0155690273068,0.4048010485697,0.7372808811490,0.4109543802334,0.1773453051192,0.3771970035282,0.2897156993839,0.5687343632096,-0.1709138402843,-0.1015337795541,0.1892030806108,0.5049210478291,0.2807764342561,-0.2896027810321,-0.1023775827081,0.0308661977618,-0.0174394996316,0.3714032418863,0.0610963256735,0.2012978708253,0.0604375643226,-0.0427212829310,-0.1394490269157,-0.0430954225204,0.2059758039836,-0.0182354444747,-0.0437729267173,-0.2989665867327,-0.1218139495740,0.0167979126549,0.3604901522165
-0.1397369967445,-0.3092838507404,-0.3377290474482,0.1294240363204,0.2177914828176,0.2654731131054,0.2719767334452,0.3234251693324,0.6308238291828,0.2435338836548,0.6180182733893,0.4245327717527,0.4134916162573,0.0165295522998,0.1975496301437,0.5328464915236,0.6352141992882,0.6344198113263,0.6606784942260,0.4336839736135,0.3584922655601,0.2190574796806,0.3492612335583,1.0000000000000,0.3688455994664,0.1361478202177,0.4232563992437,-0.2192545818398,0.0247689532439,-0.2581528823819,0.4771807861920,0.1354948749301,0.3354284370569,-0.0685432523589,0.3527571654518,0.5566941959370,0.1412429308875,-0.0391583169416,-0.0595638328895,-0.2384155821301,0.0353857111605,0.2983762939471,-0.0211873725199,-0.1318323681974,-0.2603749305964,0.0026343293563,-0.1092122952860,0.1081307851539,0.0171556388565,0.4359235489082,-0.0443187830593,-0.3733025044440,0.0622070002909,0.0267801844578,0.2529278648171,0.2343558939232,0.2238414623136,0.2399200223343,0.5647743423806,0.6196069838873,0.2528132107039,0.6034498607644,0.3563255713695,0.3658402258911,-0.0052464740630,-0.0516268909194,0.4129540730668,0.5759839715545,0.7093730960780,0.5256116321033,0.6178751334185,0.3976826470673,0.8128984917475,0.5332153236582,0.4294402102593,0.1475622504447,0.3102021653769,-0.0466842713868,-0.0914397396629,0.7124223645659,0.3296887470397,0.4230989359839,-0.2784917312637,0.1444211143237,-0.0594612484132,-0.1784831263502,0.2256203112805,0.1504858861564,0.0140664291994,0.2451330797279,-0.0908391318922,-0.1345636866288,-0.0070931036148,0.0389334926247,-0.0857670245708,0.0821639854917,-0.1850088219305,0.1248886644875,0.3435449781685,0.4231269967311
