1.0000000000000,0.5489145019615,0.6996729778533,0.5041198842639,0.7729642265212,0.5222277034340,0.4390659176677,0.2099133870041,-0.0031562227392,0.3233549694698,0.2175288933285,0.2661953306270,0.2384953829543,0.6137327507999,0.2539986141751,0.1294597685179,0.2558110625426,0.2843171549490,-0.0953411441539,-0.0904623111785,0.0737337047381,0.2039382996293,0.0917080735514,0.1296229847259,-0.1364666154571,-0.0615865609354,0.0288985682898,0.2451414942222,0.1004277394499,0.2210011076425,0.1657505100416,0.0030534819134,-0.0530825683561,-0.0038934115498,0.0530543488184,-0.1432943806578,-0.0052425720926,-0.1538815671233,-0.0502612066165,0.0861866010378,0.2501656463992,0.2879087874234,-0.1552546340312,-0.1772709994996,-0.2179680683261,-0.0141409894358,-0.0002765070862,0.3003942050066,0.4529600898286,0.1205350579834,0.7864892477158,0.6648592491868,0.4149444821778,0.5742687294204,0.4754883754998,0.3853033096897,0.0577737359564,0.1185760859884,0.0853721569340,0.1013465501478,0.1150684705398,0.2296679738762,0.2647775412083,0.1747672950936,0.5863032331569,-0.2544760281302,0.2201196774901,0.2606369106824,-0.0458535068103,-0.0898446408558,-0.0385392983353,0.0692960183727,0.1026480872371,-0.0948103008258,-0.1905665580383,-0.1561929892143,0.0101574846536,0.2418011230962,0.0672517079647,0.2764495420992,-0.0684834445829,-0.0537900117308,-0.1106889772326,-0.2178643678158,-0.3131640331385,0.0373447536268,-0.0172595999265,0.0064175193216,-0.2833310390717,-0.1428411461121,-0.0000564685912,0.0867382780974,-0.2638717215200,0.0944241807092,-0.0473835896109,0.3011183303116,0.3855838467579,0.2284229470057,0.0352115152520,-0.1184614385319
0.5489145019615,1.0000000000000,0.5108649057602,0.3757927074167,0.4291227087755,0.4979499637490,0.3635566723055,0.1858963336084,-0.0633146212091,0.3335408311102,0.2079577348404,0.2144828971233,0.2045056068197,0.6869418141738,0.4561485622654,0.1636901049912,0.3256740140473,0.2613689061704,-0.1859472029662,-0.1245318000874,0.2098425492131,0.3765079674095,0.1105122032656,0.1248153363805,-0.0530926869212,0.1920793796195,-0.0107053550447,0.5155408231637,0.4740334479214,0.6931988422226,0.2967196595020,0.0954153227616,0.0771670454922,0.1067481553268,-0.0153803075936,-0.0508896460087,0.0384542360414,0.1164400772773,0.0590217108179,0.1388290750667,0.5320615895023,0.3967276082706,-0.1012139374903,0.1536066341879,0.0427737893541,0.0735438166064,0.1675076717645,0.1624365598693,0.5740607937081,0.3186603432342,0.3337110671736,0.7022876214192,0.2840539155688,0.4650895086257,0.4287028933964,0.2060850004021,0.0421039185032,0.1048381253681,-0.0210035074523,0.0293978769367,0.0354940746980,0.0771157750158,0.0383078868842,-0.0547800369154,0.5975253427583,-0.2200229298451,0.1949195912634,0.0574230106126,-0.0792981989826,-0.1145637394399,-0.2729699981138,-0.0068679484249,0.0620311496756,0.0253538140318,-0.3582144651471,0.0453524298624,-0.0726265467363,0.3840881388982,0.4381768414906,0.2128223850830,-0.2534514935023,-0.1478323664121,0.2021482987257,-0.1350781520456,-0.1456241909572,-0.0380345305381,-0.0322639936903,0.0296136663996,-0.2842349520035,0.0035763855325,0.0478400100535,0.0346744735215,0.0598603399102,-0.0174951523513,-0.1210653890193,0.1466072957290,0.5884198196580,0.1437977024650,0.0304318246219,-0.2650590311456
0.6996729778533,0.5108649057602,1.0000000000000,0.6235059102099,0.8182132341727,0.8417455218863,0.7105741649493,0.4411799601072,0.2238084127465,0.4554604585855,0.2927408258225,0.3047875360498,0.3962344212996,0.4822364886962,0.2506896204402,0.3140237935890,0.4348239143909,0.4074371159288,0.0595205721615,0.0899097125332,-0.0160497572228,0.2571957797231,0.0044655409179,0.2036877517156,-0.0186438794519,-0.1256905211051,0.0769284180291,0.1552575109799,0.0072426736895,0.1098750651691,0.3425177842264,0.0057209457270,0.1268279987044,0.0199364050218,0.0685434693321,-0.0010101644266,0.0388857513518,-0.1108448003719,-0.0847130608608,0.0635382198295,0.2465306727701,0.4433801295270,-0.0833776337678,-0.1548295496478,-0.0636774995653,0.0379895844724,0.0940344881436,0.4006216191730,0.3707956058907,0.1832216414879,0.7296013902775,0.6795668192678,0.5432028495792,0.9124294795759,0.7888354135693,0.6078579415339,0.2323264434808,0.4021302738312,0.2900214303692,0.3089327568399,0.3325176307986,0.3156433685006,0.3258266720461,0.3296572627834,0.5739085283659,-0.2742473568338,0.4505290269046,0.4833890338587,0.1494387664911,0.0387979944324,-0.0683599258922,0.0224610829788,0.2618476873621,-0.0881686186547,-0.1645137141769,-0.2960958668500,-0.0087233037301,0.1000694021210,-0.0268805052997,0.4582544323864,-0.0910360465038,-0.0203125666291,-0.2294520368424,-0.1455436190920,-0.3210586540390,-0.0581963625689,-0.0454562754197,-0.0154437888225,-0.4322255006594,-0.1921220915410,-0.0514120458752,-0.0463986587167,-0.3511652351008,-0.0530204752506,-0.2285787348593,0.5178658726775,0.2866150013677,0.1905992221298,0.0165494960066,-0.2040731578021
0.5041198842639,0.3757927074167,0.6235059102099,1.0000000000000,0.6858951854698,0.6585460779594,0.7799080427348,0.4842535770907,0.4121927038515,0.4295734597393,0.5139941007676,0.4320162169207,0.4173018502366,0.5972987592212,0.5539381938054,0.6768715151174,0.6087449105434,0.5758550995699,0.3587863802291,0.3066925189265,0.3194312040966,0.2794144854344,0.2791844886098,0.4618593350685,0.0672929687954,0.0423631649329,0.3693335064732,0.3009216277112,0.0474505067798,0.1034852993381,0.5470372169290,0.3007363961536,0.4017789730826,0.2639032147031,0.1979676075131,0.2665682117874,0.0950187728016,0.0065066323450,0.0200349851987,0.2850789044847,0.3431757548866,0.5033023080455,0.2014169779231,-0.1349689262719,0.1676883701137,0.2014339138763,0.3257197183237,0.4863390458107,0.5048722599044,0.4333305143427,0.5836660470330,0.3603581752040,0.7704197976957,0.5883310889563,0.6424242703709,0.7099919530484,0.2352596321359,0.3559490460444,0.3677003286832,0.3457955875602,0.2205409930760,0.4485414083537,0.2894671975821,0.2234124690639,0.3827794618120,-0.0331519318162,0.6202665082836,0.4799413219708,0.2988036677062,0.1962283167123,-0.0568181338280,0.0857339365726,0.4191352913841,0.0065756684323,-0.1147710395137,-0.2853796481261,0.2646075851474,0.3239483935674,-0.0974357537242,0.5615723317287,0.0801656356109,0.2250947187261,-0.3106553332956,0.0148899534639,-0.1404571502314,0.0700210440021,0.0272482356414,0.0745497674744,-0.2088988674985,-0.0972109129390,0.0186577845724,0.1446142607584,-0.2436278789385,0.0448135194211,-0.1937085421642,0.3846278972030,0.2906950664192,0.1304343967535,-0.0679837676461,-0.1512436340988
0.7729642265212,0.4291227087755,0.8182132341727,0.6858951854698,1.0000000000000,0.7493210621389,0.6760287232825,0.3798305420250,0.2354019773849,0.4177130699399,0.4140641432377,0.4102073585340,0.4149560881480,0.5320363387331,0.2948744099138,0.3332241139776,0.3949472974379,0.4548311528212,0.0158146270545,0.0584435789287,0.0535984681594,0.2808387059822,0.1372688407308,0.2778812607044,-0.1100272192954,-0.0744937191119,0.1014032009683,0.2452427250439,0.0883187461246,0.1009827307766,0.3119063757864,0.0724983670023,0.1115290100304,-0.0087338767465,0.1308300452557,-0.0552720329608,0.0705822338090,-0.1782737562585,-0.0414161830110,0.0725575072434,0.2635135998251,0.3830965028023,-0.1549915030447,-0.1828852901630,-0.1323528896995,0.0576881988648,0.0972207701092,0.4801863188395,0.4693846717850,0.1839125193528,0.8252241618450,0.5949175526383,0.5626393369124,0.7268227932676,0.7111137630399,0.5608604107130,0.2468780834558,0.2633670564696,0.3049090740113,0.1953911661112,0.3106897076427,0.3865126734743,0.4326438970804,0.3709287564706,0.5525820483745,-0.2296118206298,0.3646029609279,0.4672469329047,0.0833561165649,0.0141207529096,0.0934333695396,0.1135484598819,0.3222759751630,-0.1231495464090,-0.1261156540648,-0.2626850845034,0.0289087831610,0.1935863542724,0.0467078128137,0.4450811318978,-0.0165434345361,0.0595161923770,-0.2014352123455,-0.1894393234564,-0.3529507608450,-0.0653337938545,0.0262793740408,-0.0071907707033,-0.3467781559787,-0.2380969434834,-0.0034424519521,0.0133833765152,-0.3679783748701,0.0162919742921,-0.1451386729247,0.4561058503148,0.4022253994787,0.2712477614268,-0.0179746780932,-0.0870109156632
0.5222277034340,0.4979499637490,0.8417455218863,0.6585460779594,0.7493210621389,1.0000000000000,0.7410168941312,0.4754997242922,0.3202153896115,0.5524304534770,0.4664037088701,0.4612735395361,0.5207032352226,0.5439460044037,0.3428792743172,0.4839307438213,0.5843833976357,0.5135632679469,0.1582051360419,0.2391700036090,0.1399389441256,0.4136697544745,0.1729430992005,0.3872399954015,0.0650673083617,-0.0217580146371,0.2299586759077,0.2944256614764,0.1168649755904,0.2334632029050,0.4680918017977,0.1740448371113,0.3185712922407,0.1575397086823,0.1017570024232,0.2008263661616,0.0901641923540,-0.0414696782492,0.0258938314177,0.1513489446421,0.4318702298750,0.5987573453512,0.0484372038187,-0.1234522369602,0.1000368212579,0.1916986515582,0.2372424609226,0.5225538082892,0.4822068039495,0.3591696134824,0.5628385973572,0.5138701608732,0.5297593446684,0.8244780230162,0.8599977270422,0.5947160050259,0.2785364439296,0.3835660219684,0.2835455752454,0.3023133624312,0.3774820414530,0.4173833065959,0.3701700239860,0.3446522531772,0.4634783619357,-0.2268013625460,0.5325671517571,0.5193673359825,0.2544862717486,0.1043211079520,-0.0968863385463,0.0811329110256,0.4176122564752,-0.0061792059344,-0.2217579807841,-0.2716684294024,0.0764118459337,0.2554058863220,0.0274516566783,0.5302642206965,-0.1024522450381,0.0948258751552,-0.2217144465564,-0.0578781430283,-0.2702685051323,0.0044897006312,-0.0224474297737,0.0455163111190,-0.3603622462860,-0.1891132470931,0.0049501814399,-0.0169222381137,-0.2916936593391,-0.0316617896906,-0.2876938478339,0.5109735003471,0.3693417281415,0.1628736648240,0.0469241238363,-0.2482716430011
0.4390659176677,0.3635566723055,0.7105741649493,0.7799080427348,0.6760287232825,0.7410168941312,1.0000000000000,0.4964128188990,0.4589197699430,0.4855892516101,0.4381561205186,0.4228265929535,0.4705382927835,0.4235706849097,0.3400678468970,0.6028988015566,0.5378519703271,0.4557171161840,0.3393554613833,0.1975100479798,0.1086793004295,0.2041746126923,0.0823224136093,0.3254882923885,0.0694334997666,-0.0322010810283,0.1722279589122,0.1587553016269,0.1024380758349,0.0734957388601,0.4509611835019,0.1615200331986,0.2653094928311,0.1357304126134,0.3132239915672,0.2548596856829,0.0683325290849,-0.0631091697807,0.0346814360523,0.1154265222313,0.3275558554998,0.4655209209627,0.0920974836755,-0.1403920618199,0.0643460763599,0.0527020235018,0.1206294109193,0.4482543025683,0.3904807259712,0.3375174114171,0.5962309386989,0.4200007097392,0.6678829541609,0.7413631104399,0.7992473844714,0.7806946123473,0.3287728884828,0.4471376758245,0.4017660044521,0.4189322326249,0.3295246136475,0.4174131106018,0.3701384943314,0.3149649546498,0.4023943328406,-0.1100641427232,0.6395435398778,0.4641471555199,0.4249097597881,0.1625895671675,-0.0413076331878,-0.0470277296857,0.3587235247234,-0.0404330299629,-0.1273671966317,-0.2068926637800,0.0578461964964,0.1067103720567,-0.0254099039987,0.5068983664787,-0.0041372446876,0.0428795425715,-0.2651987727574,-0.0182963632319,-0.2707723552692,-0.0262653461010,0.0002823612964,0.1771580167376,-0.3444737699414,-0.2276262160442,0.0751997022363,-0.0703130762671,-0.2700134468709,-0.1333575218444,-0.3458883945775,0.5226512863285,0.2569733066595,0.2177232818401,-0.1029083618607,-0.1825903038355
0.2099133870041,0.1858963336084,0.4411799601072,0.4842535770907,0.3798305420250,0.4754997242922,0.4964128188990,1.0000000000000,0.6971321338814,0.4193215542334,0.3007914536312,0.4017919614743,0.5314447731260,0.2579700763688,0.0698889380447,0.5414385637554,0.5552372694468,0.5698152441809,0.4919409026979,0.2239939212842,0.0423787750045,0.2058849154402,-0.0222725168939,0.2584564204650,0.1913145629383,-0.0356969368937,0.1488096129028,0.2058634055091,-0.0609314554070,0.0455790017482,0.4904610535862,0.0884645951756,0.3052491000504,0.0838693345721,-0.0434572725369,0.0970435209303,-0.1591331645710,0.0617560997430,-0.2567018440129,-0.0589911099181,0.1321560790490,0.3953653217333,-0.0357490674946,-0.0369114117982,0.1620718656852,-0.0185823431486,0.1561425326329,0.1335378127461,0.1627998570172,0.1500954871998,0.3683365226682,0.2857381493445,0.4704164733180,0.4704092746093,0.5145917928822,0.4854676906202,0.6599667082839,0.7368486078871,0.7075384810500,0.6998967151583,0.4038203369913,0.4387496632952,0.3823183039191,0.4235691275131,0.2980485644550,-0.2946599633421,0.5674446531515,0.5322847898881,0.3835721103807,0.4565989445262,0.0412565492299,0.0399317845871,0.4045616470462,0.2704814661374,0.0280612041666,-0.1348748042998,0.0362186579080,0.0485791296970,-0.1662005306609,0.5065117400338,-0.0196246200563,0.0561580384032,-0.1932740074187,-0.1554410394673,-0.1344329226199,-0.0681303291677,-0.2410937627673,-0.1433164644593,-0.4745123231024,-0.0544206636335,-0.2595189720006,-0.1715727747805,-0.1307902276549,-0.0976518788325,-0.1837258524010,0.2340956097515,0.0405555423173,0.2008300875645,-0.0851150683461,-0.2405265491988
-0.0031562227392,-0.0633146212091,0.2238084127465,0.4121927038515,0.2354019773849,0.3202153896115,0.4589197699430,0.6971321338814,1.0000000000000,0.2761571824171,0.3699697259677,0.4176687524685,0.4846065160205,0.0683298520647,0.0741075550048,0.5704779874649,0.4878182149848,0.5395697653462,0.5594263442999,0.4142734143066,0.0757909933817,0.1385969240179,0.0961582526730,0.3894767818365,0.2500988875174,0.0469900070735,0.2446969722641,0.1051389418603,0.0575769380082,-0.0697323493653,0.3647918372848,0.1290430457048,0.2857656978878,0.1219503465949,0.0404577865327,0.2599950597431,-0.0937547152234,0.0441516545228,-0.1263341111673,0.0134485159386,0.1563460875312,0.3478099847632,0.0486194951538,-0.0490356011082,0.1511222066753,-0.0066162089935,0.0915506843906,0.1653621314407,0.0984214902587,0.2259749702105,0.1923338264503,-0.0350331250317,0.4201572990873,0.2936407601132,0.4287735011579,0.4443120803054,0.6192967198612,0.5261724076102,0.7411399077469,0.6845072761425,0.2730835069478,0.4080329083503,0.3318509328682,0.3943802873824,0.0573875163086,-0.1395370149661,0.5460598658443,0.5204528236966,0.5568715562662,0.5631940389923,0.1338344011879,0.0491643683054,0.5485557275245,0.2522848695419,0.0577918891442,-0.0780360407832,0.1131060956827,0.0479323606998,-0.0587702758451,0.5292220415057,-0.0083191274015,0.0877637315103,-0.2202702756943,-0.0179260986454,-0.1269389329477,-0.0547315334594,-0.1420909441126,-0.0293532526125,-0.2760842429822,-0.1008218139938,-0.1376529945037,-0.1176588459361,-0.0668097913921,-0.1044110347830,-0.2927036546208,0.1926986194312,0.0006573301293,0.1579138624692,-0.0649583324314,-0.1262459662118
0.3233549694698,0.3335408311102,0.4554604585855,0.4295734597393,0.4177130699399,0.5524304534770,0.4855892516101,0.4193215542334,0.2761571824171,1.0000000000000,0.5701474359563,0.7231098028948,0.6762517372902,0.4004100119003,0.2640009812575,0.2816529342799,0.5908966977065,0.3503052331622,0.1691606178751,0.0699864017966,0.3189974211801,0.6921783705407,0.2728437358774,0.4419134733149,0.0167012915304,-0.0390015873850,0.2676896876493,0.3179173467098,0.1201459247697,0.1422275541206,0.3149851974380,0.2079046967873,0.3070840080843,0.0999905500928,0.0764876320058,0.1228957359854,0.1261256542416,-0.1764335275496,-0.0436981528987,0.0723949961433,0.4431153856304,0.6198718903624,-0.0492973959469,-0.2230412826310,-0.0624290028703,0.1906144938598,0.1996773321018,0.2302182890447,0.2926582009985,0.5493219415878,0.3770956144866,0.2823126124898,0.2482080239515,0.4559661534266,0.5280567470514,0.3750120552014,0.3934924052537,0.2912830388066,0.1604476425077,0.2831911917838,0.7333821165460,0.5665398902117,0.6128335280132,0.4606187121485,0.2912895552601,-0.3064132645818,0.3168615704092,0.3732825046263,0.3067844727407,-0.0039283622460,0.0846698946807,0.3507179338053,0.3349926639398,0.1606378272145,-0.1064106495598,-0.2290386357744,0.0928981500166,0.2183921086774,-0.0331427052462,0.3470052752463,0.0392453494977,0.2118531253823,-0.3348335558272,-0.1882923148197,-0.2607820231862,0.0376605428956,-0.0457988496720,0.0206749525080,-0.3216471959048,-0.4095037742074,-0.0941613667777,-0.2035764857451,-0.3120732733520,-0.0172305200916,-0.0163662831599,0.1829386533967,0.1131966503331,0.3520796830877,0.2535534464287,-0.0844990511807
0.2175288933285,0.2079577348404,0.2927408258225,0.5139941007676,0.4140641432377,0.4664037088701,0.4381561205186,0.3007914536312,0.3699697259677,0.5701474359563,1.0000000000000,0.8273170920677,0.7078068311669,0.3631642678770,0.4795316114558,0.4406759104709,0.6545560392220,0.6230949080439,0.0701675227081,0.4089833727935,0.4651779492465,0.5552865371978,0.7006039290564,0.6932452278830,0.1443005296833,0.2356472866436,0.5699404133183,0.4250708080696,0.4132236752047,0.1933479939943,0.4264541758763,0.5057573706406,0.5511444847222,0.2062940968720,0.3277662318683,0.1073168357439,0.4622292819113,0.0610048053478,0.3113119902385,0.4053526624337,0.5173470934359,0.5319080052866,0.0534774546188,0.0093326234358,0.1984834374383,0.3870252428237,0.4681416142463,0.5590543958050,0.5348736248307,0.5754643274657,0.2887669623000,0.0799965264934,0.2662214544684,0.2535894873996,0.4619620508423,0.1451045671302,0.2526232962695,0.0648171813402,0.2197079974643,0.1256605015227,0.3505662793063,0.8094784625207,0.6420419855392,0.4801783330825,0.0189421849497,-0.0098188879474,0.2190918726741,0.4667576389360,0.1122009426863,0.1159695772784,0.1123337133946,0.4601823630008,0.5750127280681,0.1070119777469,-0.3152906410889,-0.2669472976280,0.4251423029445,0.3781443456274,0.2359024486198,0.4673476912022,0.1678636032223,0.3850544391167,-0.2371997876815,0.0622114369871,-0.0593513267674,-0.0184560263640,0.3363416601937,0.1817348489573,-0.0968096676518,-0.1644131835411,0.2663515463281,0.2154712396107,-0.1693173959701,0.1852501056035,-0.0885471772382,0.3195403301577,0.3144401770330,0.2212567398860,0.0868836369798,-0.0629497583890
0.2661953306270,0.2144828971233,0.3047875360498,0.4320162169207,0.4102073585340,0.4612735395361,0.4228265929535,0.4017919614743,0.4176687524685,0.7231098028948,0.8273170920677,1.0000000000000,0.8375620847522,0.3189501646057,0.3414123864541,0.3499280867031,0.6613703007035,0.5508543944567,0.1005149774797,0.2681644095268,0.4116396639511,0.6080668022478,0.5784040254868,0.5838638780684,0.0920263814264,0.1388445786405,0.3851911899692,0.4018252936138,0.3683616259984,0.1401811563629,0.3341787909633,0.3735922381403,0.4499046650891,0.1769955272380,0.1778564364807,0.0523369014849,0.2489892699456,-0.1094091143454,0.1270594578194,0.2012903214574,0.4580979274457,0.5252723709714,-0.0780590372296,-0.0868978094765,0.0304292101550,0.2530978205378,0.3437281159975,0.4080256736461,0.4209917744365,0.5511665759331,0.3169331423379,0.1321627410081,0.2173010026537,0.3041268196247,0.4620081487382,0.2013230954384,0.4324718796482,0.1472137083324,0.2444159199987,0.2097011526229,0.4815940438349,0.7640729022735,0.8123420562871,0.6085637778123,0.0620937593379,-0.2058300001721,0.2271321568928,0.4674820791831,0.2035526707100,0.0926200825169,0.1990913811915,0.4894548730515,0.4982049192255,0.1562555078403,-0.2338309968345,-0.2218565040467,0.2055122929679,0.2868155375089,0.1980090399569,0.4095932969984,0.1223193125249,0.2875558708099,-0.3694834154041,-0.1552300487251,-0.2374905732510,-0.0714616363946,0.1269459968014,0.0654674181423,-0.2512607143391,-0.3524418046892,0.0744578571805,-0.0445659363545,-0.2271726858818,0.0049404444761,-0.0267938290753,0.2198764019388,0.2183329030350,0.2114667960399,0.0915614128222,-0.0963762751425
0.2384953829543,0.2045056068197,0.3962344212996,0.4173018502366,0.4149560881480,0.5207032352226,0.4705382927835,0.5314447731260,0.4846065160205,0.6762517372902,0.7078068311669,0.8375620847522,1.0000000000000,0.2556010483298,0.2096157795295,0.4028507324674,0.7074145764346,0.5272021167336,0.1565671684468,0.3199790078156,0.2507784992394,0.5189458282997,0.3437615671485,0.5038184897615,0.1890082723242,0.1110859884731,0.3740188485862,0.4023044000889,0.2906152602925,0.1452286241544,0.3914348192174,0.3752053309315,0.4980877244818,0.2222681855695,0.0399819100762,0.0599235950291,0.1035087277068,-0.0385881175607,0.0162305887229,0.1048644086636,0.4331028466182,0.5646279392683,-0.0205175846688,-0.0492606985978,0.1147183276349,0.2049097421462,0.3375557329716,0.3479569265282,0.3369427126203,0.4339047906532,0.3607941357217,0.1794239792920,0.2991688554201,0.4121541752635,0.5536042774457,0.3284157877826,0.5479007183125,0.3033560345871,0.3544224486727,0.3627930637381,0.5081170698792,0.7483819071308,0.8231673316514,0.8101240400337,0.1081859332305,-0.3073207673023,0.3331438182705,0.5331844121441,0.2607549795938,0.1167051957740,0.1078054882078,0.2781005870038,0.4408241105049,0.1619390132277,-0.2976138056855,-0.2494737880722,0.1302170131128,0.2323186145966,0.1216348486512,0.4420441115954,-0.0108055201292,0.2456551831510,-0.3710569775341,-0.1801421774347,-0.2771181941991,-0.0942163674370,-0.0684056940612,-0.0559536726146,-0.4173768552517,-0.3458455257267,-0.0474666835266,-0.1641608836542,-0.2378891154935,-0.0548613591146,-0.1386954307138,0.2568619283489,0.1602207856943,0.2902024038574,0.0251703803377,-0.2281611105686
0.6137327507999,0.6869418141738,0.4822364886962,0.5972987592212,0.5320363387331,0.5439460044037,0.4235706849097,0.2579700763688,0.0683298520647,0.4004100119003,0.3631642678770,0.3189501646057,0.2556010483298,1.0000000000000,0.5407861850831,0.4393962859909,0.5431410811990,0.4344958998610,0.0344894953702,0.1198948662690,0.4988854166883,0.4227112378530,0.3273103559815,0.3400806870088,-0.0091286644732,0.2104864811089,0.2336944826793,0.5057209187073,0.3088156438380,0.5947770782261,0.5435158159011,0.3177359842094,0.3709951179322,0.2051539552335,0.0749070105832,0.1671710624813,0.0407962063784,0.1104622709308,-0.0064788637998,0.2205869745884,0.5328726200803,0.5315264039847,0.0113311091128,-0.0180634624252,0.1700492477865,0.2318862457401,0.3628303045917,0.2996679018560,0.6842150374996,0.4340286152507,0.3995141627030,0.4348118072929,0.3812853955407,0.4012869410176,0.4213427926493,0.2632833052931,0.0111004999786,0.1100759097902,0.0710316887395,0.0680570442675,0.0245916186380,0.2058027868716,0.0438362833422,-0.0717282846822,0.5536995737372,-0.1781888713888,0.4002418686112,0.2398117995072,0.0488738199754,0.0446781140180,-0.1692993779745,0.0850239750856,0.2224740835904,0.0203160747167,-0.2045027950724,-0.1036550679735,0.1281395293079,0.4778534763041,0.1973051330814,0.4537742510389,-0.0061126451565,0.1320099489361,-0.0075817641872,-0.0527104284305,-0.1030798797719,0.0652612753806,-0.0526182291906,-0.0017873766515,-0.2501205949974,0.0052447443510,-0.0781605814379,0.1169921139397,-0.0998620153883,0.1336008278198,-0.0888969365329,0.1405599549284,0.5682670308819,0.2097922523760,-0.0639138917885,-0.3241843454894
0.2539986141751,0.4561485622654,0.2506896204402,0.5539381938054,0.2948744099138,0.3428792743172,0.3400678468970,0.0698889380447,0.0741075550048,0.2640009812575,0.4795316114558,0.3414123864541,0.2096157795295,0.5407861850831,1.0000000000000,0.3132362165664,0.4550498800470,0.3530845857250,0.0373271733190,0.3362271896626,0.6473303554568,0.4037659248393,0.5880865344310,0.4840350854075,0.1621574990850,0.4945064547682,0.4560158909612,0.3905044346150,0.3354502729364,0.3585113673678,0.3469873318387,0.5304761511674,0.4569236871842,0.3653986680858,0.2568173573944,0.2905710591441,0.4196368423760,0.3957941533955,0.4862392085511,0.5072323499593,0.5397445451212,0.4062788359305,0.3584152022949,0.3009961286153,0.3041925863552,0.4552972895579,0.5206323850635,0.4222702160601,0.5756270995271,0.7151698626065,0.1567966774547,0.1731903802071,0.2676391867855,0.1959391718905,0.2265977815261,0.1129360927268,-0.0878939345579,-0.1345468010683,-0.1005960047345,-0.0561235213330,-0.0928942236295,0.1575852418408,0.0341013963958,-0.0567490409258,0.1672866294061,0.2960976244260,0.1070694445373,0.1057524922541,0.0063505269197,0.0507662270229,-0.0773892838921,0.2574257784117,0.3058807471543,0.1784050822969,-0.2222266849631,-0.1048582115401,0.3036075422132,0.3594191216243,0.2045676690073,0.2424016204399,0.0388023390653,0.3669519093594,-0.0627389973996,-0.0248116731622,0.0489355394077,0.0414209389556,0.3246488741550,0.2211453866885,0.2116590089889,0.1374058479960,0.3525577188609,0.4089714972701,0.1679587031612,0.2068736461932,0.0796381513542,0.1760212302005,0.4271496081286,0.0075304973888,0.1392706177136,0.0177867031688
0.1294597685179,0.1636901049912,0.3140237935890,0.6768715151174,0.3332241139776,0.4839307438213,0.6028988015566,0.5414385637554,0.5704779874649,0.2816529342799,0.4406759104709,0.3499280867031,0.4028507324674,0.4393962859909,0.3132362165664,1.0000000000000,0.6694258413099,0.6586564100756,0.5207410653043,0.5775039326004,0.3450672830719,0.2039562967574,0.2835216820851,0.5818860691353,0.2557311262027,0.1700687825926,0.4649697094942,0.2784301492171,0.0877307639161,0.1424591522637,0.8051999141423,0.4469813945213,0.6035217241234,0.3542888517023,0.3724459012612,0.5884094753978,0.1295576184521,0.2235991088255,0.1567787482902,0.2639107272449,0.3464810058164,0.5029315644497,0.3555258026711,-0.0449943088020,0.4876235933298,0.2433114615682,0.4069623061101,0.4551133076049,0.3649469082847,0.3526803250891,0.2933954544250,0.0660524832393,0.5637762115021,0.3293180159691,0.4713943278734,0.4510068718617,0.3052017726926,0.3365780199527,0.4129158181723,0.3180325881851,0.1108265760891,0.4182600753941,0.1816119682577,0.1623353020797,0.1792827031002,-0.0122523170801,0.8115967176586,0.5560986621860,0.4487991048369,0.4166524194743,-0.0365369145170,0.0275414920170,0.5592997746829,0.0202419878353,-0.0891086635658,-0.0862791085827,0.3553429064160,0.3023388240257,-0.0739493647107,0.7243534924808,0.1214291869060,0.2184649617541,-0.1934093362121,0.3176703263585,0.0109470073586,0.1150779842001,0.0532093949626,0.2372989659657,-0.2068994730379,0.0349557387953,0.0552245542870,0.0920003444166,-0.1117071904345,0.0621253887514,-0.2981668740207,0.3936533891603,0.2048654662686,0.1268016867174,-0.1627240005061,-0.3195113734904
0.2558110625426,0.3256740140473,0.4348239143909,0.6087449105434,0.3949472974379,0.5843833976357,0.5378519703271,0.5552372694468,0.4878182149848,0.5908966977065,0.6545560392220,0.6613703007035,0.7074145764346,0.5431410811990,0.4550498800470,0.6694258413099,1.0000000000000,0.7440946590914,0.2879230548389,0.4941906378152,0.5727693249302,0.5058975693721,0.4705805652680,0.6864208216037,0.2315873140515,0.2475095494024,0.5537672388820,0.4563501893000,0.2538124336858,0.2837568909294,0.7624969638014,0.5637845608845,0.7406721715087,0.3314967284521,0.1961975956379,0.3332876643234,0.2054528429093,0.1444027023906,0.1446289140649,0.3071312882573,0.5451208026611,0.6258326140428,0.1698397861871,0.0033945219993,0.2935394650070,0.3443007468389,0.5068681040792,0.4508080814448,0.5212187952081,0.5407878264523,0.2969359898623,0.1285573070289,0.3965334920212,0.4097104047599,0.5290037657456,0.3164772794431,0.3382335128874,0.2793206279738,0.3045766555109,0.2945900480241,0.2953157236736,0.5568819949681,0.4258158212712,0.3574463304246,0.1437777174897,-0.1464608644969,0.5542208160222,0.6625425556211,0.3297298519655,0.2921750919312,0.0859071168799,0.2662263367380,0.5552916280695,0.1835420331086,-0.2488280337612,-0.2183967601714,0.3733234345178,0.4010057494049,0.0339883119553,0.7094863129936,0.1319056673372,0.4563908650618,-0.2996714862310,-0.0020920087217,-0.0902160955128,0.0472683976012,0.0375909788195,0.0769236905182,-0.2803346593128,-0.1509262248871,0.0259566023885,0.0737361143286,-0.1538763797075,0.1430322754870,-0.0869322016007,0.2878011671709,0.2499263183565,0.3263509724336,0.0227574231759,-0.2997771908843
0.2843171549490,0.2613689061704,0.4074371159288,0.5758550995699,0.4548311528212,0.5135632679469,0.4557171161840,0.5698152441809,0.5395697653462,0.3503052331622,0.6230949080439,0.5508543944567,0.5272021167336,0.4344958998610,0.3530845857250,0.6586564100756,0.7440946590914,1.0000000000000,0.0771943359691,0.4530727146998,0.3132764677015,0.3581233343943,0.4792060504892,0.6691330917090,0.0132801519020,0.1395860680320,0.3911882991139,0.3878246982686,0.2257765066478,0.1924067715787,0.6621806757598,0.4022286067235,0.5076308207091,0.1627029412331,0.2570239097261,0.1362242865525,0.2688243578566,0.0452075180969,0.1879688893668,0.3138448806802,0.4121325000129,0.5268442949133,-0.1046630786390,-0.0619771625878,0.1849657853807,0.2766922539665,0.4239704126900,0.5182497835876,0.4808826577845,0.3650438011566,0.3077050495596,0.1308064651147,0.3917343940204,0.3039605644754,0.4651483104580,0.2052213659437,0.2930904256202,0.3121454140258,0.5297713815045,0.2158159912351,0.1970088694054,0.5315018484376,0.3450113189711,0.3371089541615,0.1232977654620,-0.1437287611631,0.5156119589968,0.7540873758678,0.1748538306723,0.3521767960634,0.1854539958129,0.2960969572449,0.7520689629617,-0.0376898117680,-0.2187765743801,-0.2207239882872,0.3708881204139,0.4127155488313,0.1062027960869,0.8034223588297,0.1628456935021,0.2971226195487,-0.1990576885069,0.0675758569643,-0.1062548129680,-0.0171205815855,0.1775956282491,0.1202517442161,-0.2512547805702,-0.0825603789740,0.1234742737689,0.2561756642436,-0.2251138734776,0.1383501130032,-0.1245231199144,0.3619943434924,0.2806952164523,0.2297567540046,0.0499804536512,-0.1951682346938
-0.0953411441539,-0.1859472029662,0.0595205721615,0.3587863802291,0.0158146270545,0.1582051360419,0.3393554613833,0.4919409026979,0.5594263442999,0.1691606178751,0.0701675227081,0.1005149774797,0.1565671684468,0.0344894953702,0.0373271733190,0.5207410653043,0.2879230548389,0.0771943359691,1.0000000000000,0.3922442606417,0.1817800724425,0.0598545215766,-0.0240699119935,0.2228349626049,0.4477051591075,0.0696149943614,0.3273248713106,-0.0835215090420,-0.2155375920192,-0.1987190222072,0.2731735434585,0.1436342066891,0.2130538149147,0.2391245577432,0.1110619820363,0.6232032396785,-0.0824589474034,0.1295593357838,-0.1247713658630,0.0713853283711,0.0069595695057,0.1879347818215,0.4717875574519,-0.0409848324786,0.2268933178908,0.0598683914805,-0.0001834476838,0.0116201625641,-0.1092881841504,0.1583631744685,0.0636187286430,-0.1322247815352,0.3108177630413,0.1613520166914,0.2014521880104,0.4857136319941,0.3931665308933,0.4394204861524,0.3714475652490,0.5820400658027,0.0940768312505,0.1328640135573,0.0270930549133,0.0374198191103,0.0210679878842,-0.0116371915829,0.5444415948760,0.1788294488074,0.7421936944687,0.4552497609541,-0.0664851582564,-0.0536973528486,0.1705792670955,0.4286599454198,0.3077429908682,0.0370453816265,0.1392999453963,-0.0912302156699,-0.3379175661353,0.2432737351761,0.0029430085855,0.0841828708929,-0.2548018142886,0.1123523475879,0.0467023940290,0.0717463715862,-0.1324817912014,0.0668126212210,-0.0327571601572,0.0331478573270,-0.1786842674904,-0.1510602545787,0.0802005190650,-0.0733199379112,-0.2252754068158,0.0436510143599,-0.1818489506624,-0.0255288290406,-0.1504776784066,-0.1463106501841
-0.0904623111785,-0.1245318000874,0.0899097125332,0.3066925189265,0.0584435789287,0.2391700036090,0.1975100479798,0.2239939212842,0.4142734143066,0.0699864017966,0.4089833727935,0.2681644095268,0.3199790078156,0.1198948662690,0.3362271896626,0.5775039326004,0.4941906378152,0.4530727146998,0.3922442606417,1.0000000000000,0.3524713845808,0.2250400217752,0.4649572516207,0.5803148612157,0.6755040483564,0.4418826839441,0.7465513381297,0.2278638171965,0.0741287372978,0.0565739833564,0.4894737056134,0.6420914368312,0.6661705913376,0.4898062118877,0.2417545090085,0.5567306251373,0.3867715610600,0.4581810543666,0.3462477973222,0.4747892578675,0.2878344250817,0.4232875571295,0.4842541868098,0.2548424091940,0.5319986283277,0.5091970671990,0.5526779227089,0.3361741451509,0.1811525783028,0.4138326740542,-0.0133683224072,-0.2008670937678,0.1143478515360,0.0475546860131,0.1435711887461,0.0604756809914,0.0914903604854,0.0857608440704,0.1542351320545,0.1802280389589,-0.0555243148034,0.2935461000417,0.1088218366757,0.1323193236576,-0.1990550513649,-0.0075249263909,0.3711274665221,0.3948091101504,0.3168826195396,0.4488069651822,-0.0629210549066,0.1692425594945,0.4875770165925,0.2512834535420,-0.1529443912702,-0.0872971961744,0.5282691359475,0.2284037061936,-0.0652879423660,0.5017636909483,0.0643477874399,0.3134195109069,-0.2475510400105,0.2286898427010,0.0987252488568,0.0954405267628,0.1981909111480,0.1375187374035,0.0157165252319,0.1549613342550,0.1031085585322,0.1974427610636,0.1063138522543,0.2080047015401,-0.1184412529508,0.1269388874105,-0.0056372902567,-0.0721661957417,-0.0152206775324,-0.2432834354987
0.0737337047381,0.2098425492131,-0.0160497572228,0.3194312040966,0.0535984681594,0.1399389441256,0.1086793004295,0.0423787750045,0.0757909933817,0.3189974211801,0.4651779492465,0.4116396639511,0.2507784992394,0.4988854166883,0.6473303554568,0.3450672830719,0.5727693249302,0.3132764677015,0.1817800724425,0.3524713845808,1.0000000000000,0.5113667988720,0.7005887590015,0.6170503618809,0.1698291799214,0.5462070122597,0.5589118350016,0.3460832991580,0.3373819082728,0.3654134155790,0.4697983398175,0.6325981579266,0.5848223237379,0.3113113030304,0.3276417455825,0.4456412370557,0.3638126691994,0.3018356952397,0.3283385531935,0.3919260783299,0.4336424381480,0.3111765833086,0.3574903711143,0.1473339645323,0.3038606862658,0.4174831089481,0.4242925854325,0.2469228173989,0.4200896793447,0.6435606866033,-0.0468400580976,-0.1018104197024,0.0290357894481,-0.0522497642194,-0.0067033245182,-0.1162466736230,-0.0019246741956,-0.2502065699509,-0.1624633866694,-0.1636694472978,-0.0821469805285,0.1790330155583,0.0438952824638,-0.1536966422643,-0.0427504923660,0.2437657005416,0.1061176247518,0.1098812647236,0.1261874501269,0.1761526551467,0.0771194590918,0.4865641419547,0.3316660355771,0.3010567679978,-0.0216220689089,0.1270343953531,0.4174147600280,0.3013637392210,0.1567760606537,0.3004340686786,0.2541883589808,0.5555216604258,-0.0682583837979,0.0036915252667,0.1956403937800,0.0753458709789,0.2984532749727,0.2377996730142,0.2972385982166,0.0837985908314,0.1521508787136,0.2440001142390,0.1846593497171,0.2550997362709,0.2015582571897,-0.0530600066021,0.2248790117384,0.1197837671379,0.0979392672156,0.0391934949521
0.2039382996293,0.3765079674095,0.2571957797231,0.2794144854344,0.2808387059822,0.4136697544745,0.2041746126923,0.2058849154402,0.1385969240179,0.6921783705407,0.5552865371978,0.6080668022478,0.5189458282997,0.4227112378530,0.4037659248393,0.2039562967574,0.5058975693721,0.3581233343943,0.0598545215766,0.2250400217752,0.5113667988720,1.0000000000000,0.5412747311901,0.5232625346700,0.1740556011385,0.3051700818666,0.4411625518109,0.4564191107124,0.3066283733378,0.3482866879078,0.2892133554383,0.4195227564904,0.3567209976223,0.3007754731260,0.1804782448162,0.1913317373678,0.4015185263653,0.0768672186117,0.2491430112444,0.3987646837806,0.5527594892548,0.5182517307843,0.0284682290013,0.0917249463228,0.0998659037890,0.5260434885241,0.4249434353832,0.2532561608823,0.4024502702304,0.5847032047735,0.1415271585137,0.2004153905474,0.0120848100758,0.1907661044084,0.2524122189848,0.0091706835814,0.2441404453313,-0.0180298267123,0.0275613325610,0.0276754984942,0.4269982340003,0.4026926893392,0.3791005837940,0.2439949132627,0.1877941172830,-0.1746663701356,0.0791505903024,0.2037401041612,0.1589182311063,-0.0105709798389,0.0481647484889,0.6264598717989,0.3664413800009,0.2771367025733,-0.1857504932102,-0.0597458240073,0.2448459488579,0.3831190245547,0.1849349251093,0.2687024999812,0.0435822956821,0.2895457748848,-0.0949927728763,-0.1321279226125,-0.0490145089032,0.0388186768652,0.2049242045959,0.1312874425545,-0.0655173377448,-0.2033958629181,0.0978448047726,0.1394907059941,0.0145624511010,0.2306823176491,0.1478779431162,0.0471702492966,0.2893852098934,0.2523799143555,0.2614075311340,-0.0827806549711
0.0917080735514,0.1105122032656,0.0044655409179,0.2791844886098,0.1372688407308,0.1729430992005,0.0823224136093,-0.0222725168939,0.0961582526730,0.2728437358774,0.7006039290564,0.5784040254868,0.3437615671485,0.3273103559815,0.5880865344310,0.2835216820851,0.4705805652680,0.4792060504892,-0.0240699119935,0.4649572516207,0.7005887590015,0.5412747311901,1.0000000000000,0.6756008712014,0.1845824187640,0.5259362827412,0.6614117774308,0.3563064988259,0.4029331771766,0.2497981454517,0.3195578314054,0.7010052036770,0.5488257809716,0.3557319836400,0.4535386758629,0.2236239868907,0.6369455588533,0.2372821687353,0.5384849453837,0.6199973057810,0.4795820432171,0.3708317108300,0.1969121320164,0.1787321783746,0.2841645398383,0.6197079036740,0.5920489589064,0.4430581613634,0.4508959997050,0.6304858217973,0.0003505001515,-0.1586609422796,-0.0516954730484,-0.0879347469080,0.0549322673642,-0.2343285298972,-0.0268074004150,-0.3052549534658,-0.0734360247829,-0.2345535849103,-0.0430882132077,0.4049716559529,0.2445790433411,0.0809601866141,-0.1926494671731,0.1703471153611,-0.0314165776803,0.2156291934358,-0.0398960472661,0.1098997998365,0.1329703635570,0.6781820928378,0.4730040992818,0.1846815191488,-0.2152195408443,-0.0435731326021,0.5623072155470,0.3667703780389,0.2371102764160,0.3191441938612,0.2768787336218,0.5218542519284,-0.0911514602721,0.1287697935634,0.1658763675226,0.0493860326936,0.5227308796674,0.3228239746056,0.3103153002089,0.0291343893494,0.3726356748741,0.4687619617432,0.0788001119643,0.4163404886468,0.1943187970747,0.0564351160188,0.2675368778162,0.0989460209383,0.2004472938226,0.0880866044732
0.1296229847259,0.1248153363805,0.2036877517156,0.4618593350685,0.2778812607044,0.3872399954015,0.3254882923885,0.2584564204650,0.3894767818365,0.4419134733149,0.6932452278830,0.5838638780684,0.5038184897615,0.3400806870088,0.4840350854075,0.5818860691353,0.6864208216037,0.6691330917090,0.2228349626049,0.5803148612157,0.6170503618809,0.5232625346700,0.6756008712014,1.0000000000000,0.1472353805122,0.3214362925249,0.6581547025134,0.3462485891631,0.2609843827543,0.1605135421651,0.5549246791178,0.5502873381826,0.5565288877722,0.2514116650497,0.4234299790655,0.4906075703371,0.5466350532125,0.1643052568461,0.4350040274935,0.4756075058429,0.4598263699450,0.5081007476408,0.1897077594154,-0.0112925252817,0.2413304087392,0.4230853333158,0.4430460239483,0.5464002859510,0.4477679983753,0.5867929105644,0.1880202520076,-0.0619691033306,0.2520431455504,0.1432417193088,0.3373870848963,0.0777478361120,0.2285889174782,-0.0108732692047,0.1778343915115,0.0469848434497,0.1866173185114,0.5103053209505,0.3247035582043,0.2365673700780,-0.0104293488791,0.1666337384307,0.3867186639997,0.5154903258509,0.3347438001748,0.2852802143226,0.1546862853828,0.4692109212235,0.7952908147793,0.2046723532944,-0.1717799296651,-0.1150176377301,0.5277836023054,0.3683217195796,0.0971252986333,0.6263849623527,0.2301786757865,0.4891904841964,-0.1765672900017,0.1500049488028,0.0517517167974,0.0169597506116,0.4425735965161,0.3813580927292,0.0991676930395,-0.0297866100716,0.3284722700276,0.3136765476499,-0.0600839139743,0.2428197308876,0.0078055521402,0.3190834916342,0.2221675814686,0.1909013766831,0.1624441293430,0.0015079153211
