29621,33237,36401,46349,26816,30911,41087,31305,29337,32596,27918,33695,33926,32013,40844,38720,35868,30453,33760,35031,34753,30394,34167,27846,31946,45916,36565,21816,20054,21645,36080,42745,37186,39896,37544,32926,25867,42979,30341,39639,28564,34870,37362,48851,40192,35658,39640,27725,22721,38473,24139,32379,39608,29570,25930,39469,30941,28463,29216,27696,31695,28391,34665,35451,30506,36835,36209,33822,30345,32038,35286,33928,26178,32120,32129,40640,37984,20409,19625,30312,42880,39468,28525,34209,38588,43776,24630,32346,34112,39864,28034,40875,42146,34253,40292,25684,21501,36525,31899,32183
29935,33513,36342,46258,26820,30836,40983,31114,29170,32546,27846,33600,33667,32140,40606,38574,35651,30357,33550,34929,34691,30322,34224,27844,31921,45781,36597,21920,20091,21801,35869,42410,37033,39952,37460,32787,25838,42928,30193,39742,28614,34995,37166,48651,39840,35666,39760,27739,22673,38338,24249,32597,39546,29480,25951,39363,30821,28380,28954,27524,31697,28421,34619,35244,30614,36771,36112,33709,30172,31942,35183,34038,26092,32031,31967,40354,37945,20555,19714,30176,42750,39279,28727,34028,38274,43843,24706,32265,33853,39824,27966,40956,41837,34255,40185,25642,21557,36482,31960,31981
29901,33439,36157,46106,26843,30793,40971,31056,29150,32451,27831,33642,33837,32095,40497,38325,35759,30377,33346,34705,34767,30480,34194,27832,31994,45814,36593,21964,20237,21829,35706,42245,36930,39759,37337,32530,25747,42681,30119,39687,28616,34952,36800,48679,39740,35643,39523,27713,22769,38311,24308,32544,39403,29361,25906,39288,30851,28447,28951,27454,31579,28447,34641,35456,30650,36691,35974,33738,30165,31778,35264,34013,26019,32032,31885,40436,38020,20659,19922,30104,42663,39308,28696,33861,38306,43703,24653,32130,33890,39742,27947,40896,42090,34349,40031,25673,21649,36515,31861,32032
29903,33242,36391,46323,26964,30980,41122,31172,29250,32595,27893,33836,34017,32056,40767,38387,35830,30375,33522,34953,34716,30471,34330,27859,32047,45790,36586,21827,20123,21594,35777,42377,37111,39787,37387,32701,25772,42837,30108,39701,28596,34926,36976,48569,39881,35597,39468,27835,22738,38513,24358,32485,39587,29613,26026,39490,30936,28424,29005,27592,31744,28504,34816,35662,30600,36801,36051,33892,30282,31969,35407,34091,26196,32151,31975,40396,38026,20505,19721,30223,42925,39487,28563,33972,38244,43739,24692,32214,33935,39758,27922,40965,41785,34220,40123,25732,21600,36477,31922,32140
29963,33253,36446,46336,27075,31073,41219,31292,29351,32590,28060,33875,34232,32010,40769,38647,36120,30543,33594,35117,34859,30472,34378,28104,32063,45885,36772,21715,19797,21425,36112,42538,37200,39797,37752,32848,26030,43317,30302,39701,28496,34908,37173,48616,40142,35569,39607,27874,22648,38464,24329,32422,39549,29674,26052,39548,31090,28512,29239,27614,31825,28514,34933,35764,30540,36816,36191,34003,30336,32062,35514,34186,26360,32269,32136,40538,38123,20445,19247,30381,42950,39491,28455,34170,38424,43812,24825,32434,34029,40001,28031,40939,41872,34110,40186,25733,21475,36299,31977,32106
29893,33416,36377,46195,26959,30900,40992,31212,29299,32513,27928,33798,34094,32084,40667,38414,35925,30389,33556,34979,34846,30530,34223,27908,31973,45819,36654,22002,20158,21638,35801,42370,37023,39789,37358,32556,25827,42833,30081,39654,28602,34758,36918,48546,39785,35675,39553,27689,22752,38332,24318,32514,39471,29468,25921,39424,30970,28478,29066,27600,31696,28429,34782,35666,30649,36732,36082,33832,30238,31988,35421,34081,26257,32131,32003,40456,38045,20738,19761,30209,42837,39420,28602,34006,38301,43875,24635,32090,33939,39747,27798,40933,41867,34329,40293,25611,21606,36546,31883,32142
29827,33441,36340,46247,26854,30868,41265,31341,29323,32478,27987,33707,34077,32046,40631,38615,36012,30466,33569,34974,34865,30366,34107,27984,32116,45898,36618,22013,20221,21715,36032,42410,36955,39683,37605,32761,25945,43013,30313,39547,28466,34846,37039,48691,39981,35584,39441,27817,22680,38321,24235,32539,39530,29503,25981,39563,30994,28543,29126,27682,31710,28394,34832,35667,30663,36737,36074,33895,30242,31887,35424,34008,26154,32206,32091,40593,38027,20710,19806,30295,42848,39348,28542,34035,38362,43736,24712,32292,34015,39740,28000,40845,41990,34146,40210,25703,21491,36297,31830,32076
29991,33283,36460,46273,26956,30949,41267,31179,29227,32396,27921,33666,33929,32058,40655,38419,35827,30331,33379,34832,34784,30358,34077,27764,31956,45787,36644,21962,20081,21674,35803,42466,37067,39780,37498,32586,25829,42844,30303,39687,28535,34954,37223,48649,39937,35554,39546,27834,22677,38406,24327,32584,39602,29579,25991,39554,30905,28584,29026,27572,31681,28431,34831,35589,30622,36832,35987,33818,30091,31886,35335,33980,26027,32081,31948,40418,38059,20656,19748,30128,42838,39455,28618,34073,38445,43812,24625,32179,34095,39778,27997,40917,41942,34402,40327,25777,21580,36444,31951,32106
30019,33374,36575,46265,26923,30958,41183,31327,29293,32518,27830,33583,33850,32090,40591,38579,35820,30411,33560,34980,34673,30315,34113,27858,32071,45724,36586,21886,20034,21704,35934,42625,37089,39832,37626,32804,25941,43003,30379,39674,28507,34934,37297,48729,40239,35547,39710,27786,22616,38415,24317,32778,39549,29553,25964,39588,30981,28487,29095,27698,31701,28389,34771,35549,30661,36770,36061,33870,30210,31903,35299,33985,26107,32135,32023,40398,38003,20546,19682,30210,42940,39491,28544,34138,38523,43756,24779,32295,34079,39747,28084,40926,41889,34164,40280,25675,21461,36328,31928,32158
30024,33462,36471,46124,27029,30881,40976,31247,29160,32610,27841,33676,33975,32108,40549,38422,35851,30362,33419,34785,34735,30472,34169,27856,31930,45760,36551,21995,20048,21681,35886,42647,37142,39963,37470,32606,25905,42869,30139,39689,28622,34977,36957,48502,40007,35642,39897,27718,22730,38517,24378,32695,39462,29488,25979,39393,30886,28379,28948,27430,31784,28356,34812,35596,30667,36721,35953,33755,30109,31722,35318,34030,26051,32022,31911,40422,37967,20680,19694,30094,42920,39411,28687,34050,38433,43863,24730,32208,33922,39750,27989,40899,41852,34327,40445,25664,21564,36629,32047,32144
30103,33288,36451,46175,26947,30889,40985,31287,29263,32600,27870,33793,33979,32109,40577,38393,35829,30411,33578,34949,34774,30413,34179,27837,31931,45860,36538,21926,20170,21637,35847,42692,37120,39946,37344,32579,25839,42887,30063,39615,28624,34809,36824,48391,39953,35512,39674,27686,22708,38462,24297,32650,39516,29521,25942,39415,30939,28383,29107,27610,31722,28440,34896,35626,30566,36783,35952,33844,30252,31933,35431,33964,26157,32079,32028,40602,37977,20592,19729,30203,43054,39486,28600,33956,38267,43787,24649,32170,33948,39607,27886,40881,41653,34113,40278,25640,21561,36621,31921,32233
30132,33501,36438,46188,26947,30919,41046,31260,29271,32629,27878,33701,33874,32103,40641,38410,35765,30437,33449,34894,34703,30400,34185,27872,32059,45773,36577,21934,19991,21622,35843,42564,37081,39966,37333,32591,25878,42855,30266,39665,28514,34883,37000,48597,40007,35569,39706,27782,22670,38365,24305,32650,39452,29587,25992,39431,30922,28446,28999,27600,31882,28397,34880,35527,30652,36700,35914,33803,30155,31839,35325,34109,26134,32160,31954,40459,37966,20636,19544,30164,42924,39462,28655,33901,38303,43839,24702,32156,33917,39685,28005,40920,41852,34131,40321,25696,21552,36473,32001,32087
29980,33217,36322,46388,27040,30992,41331,31234,29266,32438,27947,33692,34088,32009,40547,38579,36082,30471,33606,34958,34766,30443,34163,28014,32001,45921,36698,21905,20104,21662,36019,42464,37011,39890,37563,32756,26006,43072,30509,39740,28542,34926,37145,48793,40082,35602,39547,27917,22711,38335,24355,32540,39551,29554,25977,39628,31016,28403,29135,27556,31729,28375,34825,35663,30645,36741,36044,33948,30226,31919,35350,34048,26177,32165,31989,40558,37960,20567,19707,30268,42693,39327,28521,33884,38312,43684,24725,32258,33985,39715,28089,40943,41951,34309,40212,25783,21560,36463,31949,32054
29966,33528,36550,46366,26957,31013,41187,31232,29280,32602,27922,33695,33979,32044,40661,38384,35821,30364,33414,34870,34687,30352,34191,27880,32109,45836,36607,22003,20084,21707,35802,42478,37055,39924,37279,32580,25898,42869,30313,39772,28583,34971,37151,48758,40074,35543,39605,27842,22708,38461,24335,32820,39625,29640,26016,39602,30952,28465,29027,27626,31715,28406,34805,35568,30760,36704,35882,33842,30072,31818,35276,33994,26141,32129,31873,40382,37985,20638,19646,30167,42705,39416,28546,33906,38306,43675,24696,32113,33937,39697,27972,40916,41871,34225,40239,25679,21536,36425,31926,32123
30029,33580,36434,46250,26962,30919,41108,31149,29143,32559,27874,33618,33814,32052,40524,38458,35755,30347,33428,34863,34663,30394,34161,27805,32227,45740,36574,21995,20083,21700,35834,42386,37055,39868,37457,32655,25851,42863,30221,39743,28634,35095,37013,48760,40027,35658,39783,27766,22694,38511,24373,32653,39583,29535,25997,39515,30853,28365,28935,27402,31766,28406,34792,35455,30631,36680,35908,33742,30071,31743,35245,33945,26054,32089,31910,40334,38008,20664,19726,30127,42712,39373,28633,33977,38311,43747,24667,32149,33965,39797,27993,40906,42023,34145,40287,25666,21538,36369,32061,32096
29868,33466,36369,46212,26887,30898,41100,31189,29213,32528,27917,33738,33826,32011,40631,38406,35754,30367,33461,34878,34763,30428,34219,27761,32072,45785,36565,22020,20223,21744,35813,42614,37178,39887,37414,32591,25727,42748,30155,39660,28693,35006,36982,48684,40004,35614,39934,27769,22687,38522,24334,32518,39567,29492,25966,39458,30844,28445,29000,27566,31657,28485,34863,35364,30638,36749,35866,33779,30118,31877,35311,33962,26063,32050,31935,40498,37966,20708,19787,30114,42759,39439,28591,33858,38354,43778,24573,32157,33954,39692,27917,40930,42037,34241,40301,25671,21561,36523,31993,32151
29885,33325,36438,46281,26952,30942,41128,31289,29337,32591,27907,33792,33946,32019,40691,38484,35799,30435,33607,35043,34732,30429,34319,27913,32062,45745,36623,21867,20076,21655,35829,42629,37135,39819,37379,32699,25817,42882,30149,39644,28557,35008,37071,48544,40016,35601,39852,27791,22618,38494,24307,32550,39552,29634,26058,39470,30958,28457,29182,27707,31815,28496,34982,35552,30616,36722,36000,33939,30330,32060,35378,34097,26164,32204,32030,40440,38048,20522,19718,30282,42932,39519,28530,33871,38275,43791,24711,32208,33906,39708,27944,40902,41808,34163,40236,25691,21485,36227,32010,32152
29923,33473,36383,46294,27058,30916,41133,31319,29270,32594,27912,33730,34072,32067,40649,38533,35964,30530,33602,34969,34834,30580,34254,27951,32020,45832,36677,21950,20074,21643,35929,42476,37075,39810,37515,32690,25859,42945,30148,39621,28659,34948,36896,48540,39986,35720,39734,27748,22711,38462,24330,32593,39559,29585,26060,39481,30952,28555,29128,27530,31830,28466,34892,35626,30602,36649,36064,33956,30267,31965,35425,34131,26135,32141,32072,40403,38034,20657,19694,30322,42794,39453,28590,33783,38325,43734,24689,32224,33867,39748,27918,40821,41728,34355,40301,25694,21625,36585,31949,32089
29901,33408,36442,46367,26977,30952,41127,31281,29221,32667,27913,33831,33957,32130,40687,38591,35915,30425,33614,34975,34866,30481,34268,27871,32052,45764,36644,21901,20091,21593,35898,42519,37162,39784,37583,32755,25804,42848,30098,39568,28618,34840,36856,48422,39814,35625,39529,27800,22712,38435,24342,32572,39651,29599,26036,39553,30940,28639,29097,27585,31790,28469,34974,35549,30631,36771,36129,33957,30314,32004,35421,34093,26194,32175,32010,40351,38033,20591,19716,30307,42863,39535,28481,33854,38317,43629,24644,32207,33870,39743,27871,40791,41661,34204,40222,25734,21634,36540,31838,32137
29908,33384,36354,46286,26944,30932,41132,31372,29368,32573,27913,33750,33946,32100,40615,38782,36094,30576,33727,35110,34831,30413,34223,28015,32148,45838,36695,21906,20013,21585,36102,42517,37083,39801,37778,32941,25943,43071,30239,39568,28520,34910,36967,48495,39996,35634,39611,27858,22657,38300,24319,32529,39547,29624,26058,39503,31023,28747,29301,27744,31871,28444,35011,35475,30651,36782,36269,34094,30440,32198,35433,34158,26251,32352,32135,40461,37992,20581,19598,30440,42890,39498,28531,34019,38417,43724,24766,32419,33928,39895,28060,40842,41760,34184,40274,25742,21544,36421,31940,32014
29922,33292,36267,46248,26979,30880,41169,31201,29296,32389,27885,33731,33889,32128,40546,38661,36020,30505,33604,34986,34884,30435,34196,27901,32132,45874,36732,21932,20105,21704,35991,42340,37060,39753,37704,32815,25894,42999,30254,39567,28542,34849,37034,48527,39896,35535,39440,27792,22709,38271,24324,32522,39472,29496,25978,39499,30928,28708,29247,27579,31640,28447,34805,35480,30707,36773,36262,33993,30387,32070,35438,34018,26173,32237,32089,40382,38084,20605,19748,30322,42677,39408,28565,34107,38388,43611,24765,32347,33987,39889,28064,40822,41848,34300,40050,25760,21571,36405,31883,32010
29870,33362,36494,46319,26931,30941,41172,31327,29314,32675,27836,33779,33910,32137,40620,38700,36005,30471,33737,35094,34835,30429,34231,27940,32162,45939,36714,21899,20107,21712,35987,42605,37122,39836,37749,32958,25994,43103,30285,39632,28492,34834,37079,48682,40188,35569,39597,27765,22663,38356,24278,32671,39566,29546,26014,39542,31042,28625,29246,27663,31747,28446,34895,35541,30719,36749,36210,34044,30455,32085,35384,34053,26220,32237,32081,40437,38074,20581,19714,30383,42889,39510,28466,34060,38447,43652,24775,32373,33942,39841,28053,40875,41885,34135,40131,25704,21517,36436,31857,32129
29998,33467,36449,46066,27069,30822,40931,31047,29039,32538,27790,33728,33771,32146,40463,38334,35683,30420,33317,34833,34640,30605,34262,27878,31854,45762,36545,22047,20166,21695,35726,42428,36958,39934,37429,32568,25819,42765,30099,39711,28699,34899,36878,48486,39869,35772,39802,27736,22742,38240,24389,32658,39381,29453,25945,39252,30877,28382,28904,27341,31786,28429,34904,35385,30601,36655,35798,33756,29998,31788,35200,34150,26059,31994,31958,40393,37889,20751,19802,30132,42763,39359,28673,33879,38248,43879,24682,32052,33822,39654,27911,40916,41783,34394,40384,25629,21653,36649,31998,31960
29880,33330,36314,46165,26957,30839,41120,31250,29216,32409,27821,33670,33898,32065,40539,38537,35765,30465,33368,34951,34732,30542,34185,27898,32056,45771,36613,21898,20211,21705,35911,42352,36896,39690,37582,32671,25819,42995,30145,39518,28586,34752,36958,48642,39968,35654,39444,27732,22704,38295,24321,32481,39507,29400,25923,39413,31032,28502,29157,27572,31673,28420,34723,35499,30548,36745,35998,33766,30125,31940,35290,33984,26087,32162,32090,40496,37938,20619,19841,30216,42601,39296,28565,33948,38503,43591,24669,32263,33977,39835,27966,40783,42103,34291,40176,25689,21608,36599,31896,32069
29707,33336,36373,46476,26873,30862,41301,31429,29434,32440,27952,33759,34229,32050,40717,38781,36246,30652,33764,35255,35054,30341,34195,28111,31987,46157,36811,21980,20153,21678,36156,42751,37188,39943,37717,32831,26007,43355,30287,39566,28600,34947,37241,48618,40220,35607,39708,27836,22640,38458,24263,32373,39656,29535,25978,39600,31074,28473,29318,27626,31719,28435,34685,35752,30536,36853,36203,34051,30320,32161,35489,34037,26259,32219,32212,40599,38083,20712,19718,30407,42823,39497,28600,33918,38314,43667,24766,32345,33961,39902,28010,40826,41769,34137,40137,25766,21577,36552,31931,32147
29823,33481,36405,46269,26856,30785,41211,31378,29376,32367,27953,33844,34310,32073,40644,38554,36045,30580,33640,35109,34865,30443,34164,28028,32063,45886,36693,21994,20187,21735,35990,42614,37161,39768,37558,32633,25919,43054,30290,39590,28606,34819,36977,48571,40182,35461,39620,27824,22682,38340,24275,32463,39524,29489,25902,39505,31078,28533,29198,27641,31554,28410,34739,35760,30613,36725,36089,33910,30242,32050,35375,34007,26291,32222,32111,40546,38062,20675,19722,30315,42748,39453,28497,33970,38289,43473,24702,32194,33829,39832,27988,40782,41812,34101,39905,25741,21512,36366,31746,31989
30016,33482,36486,46202,27015,30931,41135,31287,29199,32568,27922,33855,34160,32162,40598,38453,35902,30384,33567,34966,34756,30529,34250,27896,32085,45761,36653,21870,20146,21706,35901,42519,37143,39798,37512,32697,25902,42988,30257,39595,28583,34832,36908,48544,40073,35597,39749,27834,22756,38431,24366,32462,39537,29550,25988,39446,30990,28455,29014,27484,31656,28409,35033,35794,30672,36726,35975,33910,30124,31860,35352,34106,26178,32156,31982,40345,38051,20529,19694,30225,42807,39449,28400,33994,38317,43454,24764,32202,33865,39746,27977,40778,41757,34064,40150,25730,21562,36349,31832,31999
29907,33167,36398,46226,27029,30919,41266,31451,29413,32428,27866,33689,33991,31943,40425,38692,35968,30542,33775,35103,34707,30495,34130,27975,32118,45854,36660,21983,20131,21644,36094,42523,37104,39895,37662,32858,25960,43136,30357,39584,28630,34895,37112,48601,40205,35650,39756,27800,22669,38381,24325,32350,39599,29524,25995,39609,31001,28437,29189,27737,31714,28364,34983,35647,30554,36786,36200,33946,30384,32056,35350,34006,26203,32243,32009,40514,38060,20665,19700,30368,42830,39426,28566,34238,38440,43638,24769,32411,33950,39834,28101,40859,41777,34321,40444,25780,21581,36673,32017,32043
30138,33487,36769,46369,27003,30989,41167,31193,29068,32680,27908,33698,33911,32163,40757,38546,35836,30335,33194,34729,34693,30279,34171,27821,31948,45928,36620,21994,19943,21667,35973,42734,37144,40070,37451,32561,25956,42848,30169,39730,28457,35017,37021,48419,39913,35552,39728,27843,22584,38588,24417,32817,39736,29716,26050,39668,30948,28468,28895,27313,31801,28414,34933,35495,30640,36876,36062,33839,29976,31713,35320,34051,25973,32038,31822,40501,37921,20701,19558,30222,43019,39419,28742,34218,38530,44001,24719,32287,33916,39693,27933,41008,41701,34197,40407,25789,21488,36330,32112,32203
30298,33585,36721,46323,27004,30926,41185,31239,29223,32582,27822,33680,33901,32180,40648,38457,35757,30389,33594,34955,34722,30392,34202,27865,31845,45882,36511,21908,20047,21713,35850,42651,37127,39875,37535,32634,25800,42833,30084,39534,28543,34934,36842,48320,39909,35519,39669,27774,22646,38405,24432,32929,39667,29615,25998,39601,30912,28371,29072,27527,31735,28376,34831,35493,30736,36799,36081,33820,30306,31935,35328,34053,26166,32028,31927,40572,37929,20669,19711,30192,42955,39422,28659,34010,38411,43893,24663,32269,33870,39711,27875,40827,41636,34213,40174,25691,21554,36489,31994,32098
30006,33326,36433,46186,26994,30962,41063,31147,29139,32504,27841,33702,33736,32020,40449,38318,35646,30394,33525,34941,34669,30463,34252,27873,31683,45720,36549,21933,20049,21634,35673,42310,36934,39836,37406,32628,25786,42835,30159,39649,28504,34932,36867,48512,39802,35657,39707,27882,22669,38226,24385,32724,39568,29553,26045,39392,30874,28445,28912,27493,31739,28373,34798,35357,30586,36780,35921,33740,30151,31971,35284,34093,26152,32048,31914,40396,37930,20707,19638,30112,42741,39286,28661,33916,38187,43834,24693,32168,33834,39701,27924,40957,41722,34334,40123,25794,21590,36469,31924,31976
29829,33238,36272,46411,27053,30984,41233,31258,29227,32502,27964,33718,33956,31993,40545,38544,35908,30455,33568,34988,34795,30620,34249,27951,31902,45799,36649,21886,20126,21568,35943,42451,37098,39659,37582,32732,25871,43060,30242,39578,28587,34975,36959,48517,40008,35730,39716,27853,22703,38325,24383,32506,39663,29575,26075,39623,31032,28468,29062,27643,31828,28402,34929,35537,30615,36769,36066,33915,30295,31926,35357,34120,26154,32138,32041,40330,37972,20648,19713,30276,42747,39399,28563,33945,38347,43658,24672,32326,33926,39719,27967,40908,41653,34277,40205,25769,21628,36710,31925,32059
29819,33508,36577,46298,26934,30849,41199,31261,29273,32395,27856,33660,33883,32057,40684,38443,35761,30498,33483,34999,34691,30348,34226,27925,31865,45890,36656,21957,20108,21701,35832,42531,37092,39753,37462,32578,25868,42951,30288,39563,28503,34874,36984,48617,40090,35531,39728,27757,22679,38331,24343,32781,39614,29559,25981,39511,30900,28523,29061,27622,31695,28431,34716,35557,30752,36749,35900,33902,30066,31910,35231,34103,26158,32091,31961,40483,37990,20746,19767,30191,42827,39452,28645,33822,38313,43751,24747,32152,33957,39784,27984,40868,41878,34162,40172,25693,21572,36539,31958,32112
29797,33326,36394,46431,26938,30852,41269,31351,29363,32386,27816,33627,33854,31979,40617,38634,35776,30432,33574,35004,34758,30396,34177,27886,32131,45803,36800,21924,20003,21590,35949,42546,37220,39709,37708,32795,25909,43055,30362,39594,28531,34835,37126,48725,40139,35561,39795,27784,22680,38267,24315,32546,39654,29463,25956,39631,30856,28535,29268,27645,31620,28426,34725,35510,30613,36726,36132,33863,30261,31995,35231,34016,26139,32178,31971,40292,38151,20669,19589,30218,42735,39453,28497,34007,38373,43643,24760,32227,33964,39846,28006,40809,41910,34210,40171,25730,21565,36422,31835,31991
29842,33331,36562,46401,27008,31019,41239,31377,29363,32551,27963,33743,33961,32076,40689,38774,35974,30488,33550,35046,34725,30358,34224,27833,32015,45879,36652,22005,20113,21656,36085,42867,37259,39853,37785,32785,25882,43020,30171,39630,28562,34880,36906,48499,40134,35586,39858,27855,22666,38430,24382,32659,39770,29668,26014,39652,30904,28483,29196,27695,31754,28484,34923,35541,30700,36779,36145,33935,30264,31962,35356,34041,26093,32149,31999,40504,38023,20712,19730,30333,43108,39577,28585,33941,38397,43714,24688,32221,33895,39681,27859,40869,41703,34275,40402,25761,21584,36577,31923,32123
30098,33313,36514,46214,26981,30864,41002,31215,29201,32389,27952,33645,33976,32147,40517,38440,35798,30397,33358,34899,34593,30281,34115,27832,31962,45746,36618,22022,19974,21638,35799,42466,36964,39929,37398,32552,25886,42979,30145,39719,28448,34928,37027,48569,40076,35562,39595,27763,22614,38326,24402,32673,39535,29516,25957,39450,30927,28490,28936,27495,31790,28528,34867,35647,30722,36696,35945,33858,30055,31852,35320,34026,26012,32092,31921,40395,37987,20741,19652,30174,42963,39415,28688,33989,38331,43815,24668,32038,33916,39716,27876,40916,41732,34271,40364,25683,21520,36296,32085,32006
30007,33480,36458,46359,26960,30895,41211,31290,29242,32458,27887,33686,33993,32090,40619,38394,35879,30397,33492,34932,34788,30470,34140,27841,31928,45813,36671,22031,20155,21749,35819,42383,36974,39875,37408,32581,25897,42855,30287,39710,28522,34941,37079,48735,40168,35600,39772,27786,22697,38359,24405,32667,39694,29478,25995,39550,30995,28461,29129,27530,31716,28467,34871,35664,30737,36759,35914,33908,30069,31895,35322,34064,26047,32055,31877,40344,38069,20749,19715,30199,42741,39370,28578,33868,38297,43731,24697,32069,33905,39636,27948,40883,41943,34223,40296,25689,21568,36496,31934,32043
29836,33395,36449,46114,26885,30826,41045,31276,29291,32550,27834,33746,34009,32033,40670,38401,35916,30465,33544,35006,34735,30440,34256,27924,32059,45772,36671,22170,20178,21710,35802,42431,37049,39903,37496,32595,25923,42921,30228,39765,28645,34864,36945,48732,40120,35661,39910,27738,22760,38310,24311,32559,39549,29461,25952,39415,30933,28514,29090,27586,31699,28478,34789,35595,30660,36723,35932,33903,30175,31991,35322,34104,26206,32170,31962,40392,38067,20902,19776,30206,42770,39441,28579,33809,38246,43808,24739,32152,33884,39792,27905,40957,41973,34349,40285,25666,21641,36554,31843,32099
29754,33159,36364,46260,26953,30890,41093,31319,29262,32493,28005,33741,34065,32005,40609,38524,35976,30493,33638,35113,34832,30478,34213,27924,32075,45745,36719,22019,20126,21612,35904,42547,37164,39905,37566,32773,25948,43038,30224,39709,28656,35025,37097,48514,40098,35730,39915,27746,22691,38400,24294,32314,39471,29494,25971,39438,31008,28469,29119,27548,31829,28505,34970,35770,30544,36755,35965,34025,30262,31981,35402,34127,26181,32164,32020,40286,38065,20768,19682,30275,42882,39568,28537,33896,38252,43757,24749,32237,33933,39751,28001,40926,41652,34338,40355,25693,21614,36527,32004,32059
29839,33371,36391,46255,27021,30919,41091,31243,29369,32435,27962,33778,34023,32042,40566,38468,35910,30478,33602,35034,34901,30479,34232,27837,32061,45990,36738,22032,20174,21729,35872,42630,37195,39876,37557,32731,25796,42901,30173,39643,28605,35029,36988,48660,40029,35649,39896,27742,22690,38450,24355,32514,39505,29547,25986,39414,30927,28457,29152,27602,31732,28480,34959,35682,30632,36826,35950,33941,30256,32004,35413,34114,26074,32150,32062,40510,38087,20744,19789,30184,42809,39607,28564,33938,38449,43701,24670,32165,33973,39780,27969,40894,41958,34320,40384,25699,21607,36618,31989,32095
29956,33434,36518,46146,27000,30909,41015,31219,29285,32605,27849,33775,33825,32146,40688,38385,35783,30394,33516,34953,34806,30423,34250,27859,31962,45878,36625,21998,20162,21736,35774,42552,36976,39915,37474,32681,25838,42910,30141,39683,28542,34933,36889,48664,39885,35619,39798,27754,22689,38431,24355,32657,39484,29543,25984,39360,30877,28499,29096,27632,31777,28460,34831,35467,30648,36800,35958,33831,30259,31971,35418,34136,26187,32143,32012,40510,37988,20709,19807,30145,42808,39471,28519,33871,38220,43750,24694,32170,33946,39807,27929,40936,41992,34276,40264,25685,21558,36384,31935,32209
29943,33495,36533,46268,27002,30923,41136,31319,29208,32588,27973,33729,33968,32118,40634,38583,35973,30522,33569,35049,34872,30537,34213,28039,32005,45798,36698,22042,20079,21657,35968,42670,37151,39909,37629,32888,25933,43175,30305,39664,28604,34905,36956,48586,40089,35684,39850,27821,22752,38339,24306,32583,39562,29504,26023,39456,30996,28537,29021,27488,31862,28484,34951,35560,30640,36832,36035,33969,30293,31918,35444,34141,26215,32110,32102,40392,38004,20775,19690,30300,42864,39512,28582,33872,38316,43734,24780,32325,33915,39834,28054,40902,41815,34302,40290,25775,21627,36575,31952,32062
29919,33303,36512,46336,26991,30970,41157,31302,29390,32435,27958,33786,33991,32122,40671,38653,35898,30473,33654,35082,34787,30423,34264,27931,32054,45840,36673,21990,19997,21597,35886,42712,37192,39819,37579,32912,25740,43005,30286,39736,28558,34805,36965,48608,40025,35502,39644,27914,22687,38319,24354,32525,39698,29593,26026,39528,30929,28501,29297,27591,31695,28532,34910,35593,30648,36979,36062,33922,30297,31993,35495,34053,26167,32111,32063,40479,38084,20705,19605,30265,42999,39583,28553,34045,38482,43723,24611,32286,34002,39799,28049,40992,41965,34235,40210,25874,21616,36507,31920,32126
29936,33379,36554,46155,26925,30899,41018,31336,29346,32504,27838,33660,33814,32179,40616,38471,35760,30480,33440,34967,34581,30333,34188,27834,32011,45750,36586,22019,20091,21702,35782,42412,36899,39853,37348,32663,25803,42984,30348,39822,28534,34874,36858,48685,39873,35567,39567,27965,22645,38289,24343,32625,39563,29570,26033,39395,30922,28569,29117,27689,31790,28465,34762,35477,30720,36862,35988,33861,30155,31955,35413,34060,26138,32162,31974,40327,38006,20744,19784,30218,42917,39471,28669,34074,38459,43753,24702,32219,33994,39866,28100,41081,42059,34307,40192,25888,21570,36283,31967,32118
29906,33333,36444,46224,26985,30935,41079,31313,29252,32538,27945,33752,34117,32107,40607,38309,35970,30488,33529,34933,34652,30542,34203,27839,31822,45609,36615,21988,20101,21646,35809,42424,37064,39803,37262,32571,25857,42939,30382,39798,28679,34914,36906,48601,39995,35651,39753,27977,22751,38347,24310,32604,39531,29520,26044,39492,31047,28477,29111,27554,31859,28435,34961,35734,30716,36886,35914,33985,30162,31974,35418,34091,26043,32071,31956,40296,38026,20787,19779,30262,42950,39566,28760,34074,38512,43780,24730,32198,33987,39840,28194,41088,41977,34471,40375,25922,21676,36659,31997,32081
29816,33402,36492,46202,26987,31008,41097,31327,29341,32598,27945,33824,34106,32014,40640,38437,35937,30504,33535,34985,34769,30462,34243,27911,32100,45938,36662,21979,20169,21631,35894,42594,37101,39842,37532,32713,25866,43084,30390,39789,28599,34882,37047,48823,40033,35585,39757,27979,22761,38366,24332,32476,39461,29618,26093,39429,30959,28527,29124,27642,31736,28480,34996,35594,30625,36825,35974,33995,30180,31958,35271,34072,26160,32196,31911,40322,37996,20720,19714,30276,42806,39532,28695,34087,38415,43641,24716,32337,33947,39878,28185,41058,42012,34272,40267,25915,21619,36545,31967,32067
29881,33394,36574,46356,27030,31016,41155,31422,29297,32680,27992,33858,34090,32018,40659,38481,35943,30502,33521,35038,34864,30409,34248,27936,32045,46019,36756,21916,20072,21596,35898,42680,37194,39989,37575,32734,25931,43092,30368,39818,28569,34926,37057,48625,40069,35598,39778,28022,22733,38447,24373,32472,39559,29663,26117,39516,31097,28555,29180,27526,31758,28523,34996,35657,30518,36866,36055,34005,30226,31984,35339,34079,26225,32183,31981,40388,38113,20662,19587,30289,42851,39616,28667,34117,38455,43793,24796,32340,33950,39924,28141,41046,41797,34193,40266,25944,21575,36422,32016,32061
30074,33551,36530,46205,27008,30937,41088,31247,29277,32507,27921,33774,33944,32081,40536,38339,35828,30408,33475,34940,34759,30474,34210,27849,32025,45837,36621,22053,20199,21700,35736,42504,37130,39918,37480,32528,25778,42838,30091,39654,28695,34874,36776,48425,39888,35598,39833,27777,22677,38383,24361,32715,39530,29561,25974,39447,30915,28517,29078,27617,31685,28431,34927,35589,30664,36785,35969,33852,30182,31939,35441,34101,26167,32132,31971,40585,38053,20843,19797,30129,42883,39549,28671,33873,38370,43883,24642,32133,33899,39767,27870,40935,41819,34333,40368,25720,21639,36653,31976,32130
30055,33395,36569,46311,27013,30982,41155,31246,29236,32603,27926,33794,33954,32154,40653,38382,35807,30391,33451,34941,34817,30421,34307,27878,32157,45774,36704,21875,20077,21585,35796,42472,37090,39864,37493,32621,25927,42950,30154,39574,28538,34994,37003,48531,39977,35667,39765,27769,22651,38425,24409,32666,39563,29652,26050,39519,30941,28525,29092,27662,31780,28506,34970,35665,30592,36704,35986,33907,30231,31870,35460,34173,26210,32206,31975,40463,38137,20652,19715,30155,42884,39463,28444,34000,38201,43824,24824,32132,33899,39819,27924,40843,41870,34178,40206,25680,21523,36319,31968,32085
29879,33390,36369,46164,27033,30926,41104,31249,29284,32439,27886,33724,33986,32052,40487,38412,35823,30481,33485,34939,34735,30541,34245,27885,32112,45922,36650,22035,20228,21701,35840,42470,37063,39853,37483,32555,25902,42893,30253,39654,28609,34980,36985,48859,40061,35754,39895,27799,22779,38305,24393,32600,39484,29504,26015,39405,30953,28463,29139,27545,31776,28526,34912,35659,30677,36692,35945,33876,30198,31904,35418,34137,26091,32078,31994,40621,38039,20807,19824,30155,42779,39403,28590,34044,38390,43840,24770,32142,33916,39821,27961,40915,42187,34296,40251,25698,21615,36525,31918,32007
29920,33442,36497,46224,27023,30935,41032,31219,29236,32517,27828,33721,33905,32068,40644,38394,35780,30444,33497,34980,34681,30390,34204,27881,32094,45966,36620,22024,20128,21650,35811,42353,36985,39911,37347,32619,25935,42981,30172,39770,28596,34974,37118,48773,40111,35616,39770,27776,22741,38390,24392,32689,39524,29521,25964,39434,30924,28524,29061,27618,31728,28484,34807,35521,30699,36701,35951,33838,30186,31992,35373,34022,26201,32142,31980,40476,38031,20778,19718,30182,42763,39375,28628,34089,38226,43867,24743,32096,33966,39863,27876,40989,41914,34268,40171,25639,21592,36487,31907,32115
29907,33440,36391,46253,26952,30863,41252,31263,29277,32409,27961,33706,34027,32004,40549,38639,36036,30627,33539,35114,34881,30429,34198,28092,32085,46091,36716,21968,20213,21698,36107,42446,37018,39740,37739,32774,26079,43290,30319,39565,28619,34984,37213,48829,40226,35584,39730,27801,22704,38354,24319,32549,39497,29430,25975,39482,31053,28549,29211,27544,31703,28496,34796,35587,30644,36677,36050,33993,30243,31974,35370,34027,26241,32091,32131,40718,38065,20734,19790,30359,42714,39330,28633,33994,38324,43751,24847,32292,34024,39912,28031,40793,42066,34183,40114,25680,21576,36451,31940,32055
29925,33319,36480,46391,27012,30968,41210,31259,29265,32475,27984,33787,33988,32036,40699,38449,35855,30476,33501,35032,34899,30377,34234,27948,32102,46092,36751,21908,20029,21570,35903,42632,37208,39851,37514,32657,25909,43031,30199,39637,28609,34955,37217,48734,40142,35540,39730,27813,22641,38502,24400,32547,39659,29574,26037,39581,30956,28515,29008,27577,31673,28529,34829,35593,30566,36842,35961,33945,30159,32002,35428,34017,26237,32167,32066,40539,38106,20647,19619,30237,42749,39493,28533,34039,38400,43742,24751,32173,34033,39852,27927,40849,41864,34184,40169,25724,21572,36459,31961,32155
29973,33414,36369,46068,26996,30859,41010,31250,29346,32388,27882,33680,33851,32080,40429,38521,35830,30615,33584,35130,34629,30363,34249,28037,32062,45996,36603,21991,20205,21712,35928,42502,36988,39820,37558,32688,25843,43073,30137,39622,28581,34979,36808,48728,40104,35622,39782,27798,22655,38311,24400,32557,39446,29537,25945,39313,30949,28536,29219,27618,31725,28529,34829,35382,30629,36700,36061,33850,30311,32121,35359,34150,26279,32182,32124,40732,37935,20709,19828,30341,42766,39355,28576,33926,38391,43700,24669,32175,33855,39837,27860,40854,41986,34167,40205,25719,21571,36361,31961,31992
29933,33408,36384,46331,26996,30930,41153,31202,29298,32469,27906,33681,33924,32058,40592,38461,35909,30353,33549,35013,34827,30471,34233,27921,32042,45977,36783,22007,20028,21620,35916,42536,37120,39887,37541,32752,25864,43055,30122,39614,28592,34896,37035,48558,39907,35587,39786,27714,22703,38343,24365,32636,39592,29544,25995,39539,30940,28510,29063,27637,31773,28464,34847,35516,30650,36828,36126,33949,30299,32101,35469,34125,26173,32287,32131,40443,38108,20700,19599,30289,42842,39505,28555,34028,38401,43779,24716,32237,33938,39888,27924,40825,41697,34305,40209,25666,21597,36508,31876,32059
29873,33438,36432,46161,26999,30920,41007,31244,29325,32554,27849,33740,33852,32105,40666,38557,35908,30574,33630,35080,34758,30504,34310,27884,32036,46032,36638,22030,20292,21791,35948,42579,36930,39759,37501,32770,25785,43024,30102,39519,28540,34883,36830,48663,39856,35628,39731,27735,22737,38370,24382,32630,39512,29524,25995,39360,30876,28506,29225,27629,31753,28486,34813,35350,30793,36757,36016,33891,30259,32041,35398,34172,26199,32183,32122,40754,37933,20783,19885,30296,42854,39426,28543,33801,38293,43680,24636,32211,33936,39875,27875,40820,42066,34267,40260,25661,21628,36577,31891,32168
29917,33328,36458,46336,27031,30910,41172,31229,29191,32469,27932,33733,33948,32065,40609,38543,35962,30504,33515,35045,34838,30461,34256,27906,31982,45882,36787,21972,20058,21597,35953,42536,37062,39777,37434,32740,25854,43196,30162,39625,28546,34896,37125,48641,40034,35639,39640,27766,22687,38331,24374,32434,39593,29560,26022,39534,30917,28533,29015,27484,31732,28537,34853,35523,30571,36804,36011,33950,30205,31936,35401,34079,26189,32173,32148,40458,38032,20715,19640,30274,42782,39516,28544,33948,38357,43744,24738,32251,33982,39980,27957,40889,41851,34346,40258,25758,21601,36380,31981,32068
29900,33578,36575,46440,27103,31031,41211,31205,29213,32531,27962,33801,33940,32100,40670,38486,35835,30445,33452,34954,34764,30539,34319,27773,31991,45923,36684,22017,20255,21775,35871,42718,37227,39759,37411,32569,25783,42944,30146,39682,28625,34892,36912,48757,39952,35670,39797,27879,22792,38350,24376,32577,39691,29617,26075,39576,30902,28513,29092,27534,31724,28536,34895,35483,30666,36825,35882,33896,30060,31896,35318,34099,26123,32076,31969,40476,37971,20736,19845,30201,42822,39510,28554,33815,38429,43710,24615,32064,33849,39775,27877,40921,42011,34313,40241,25798,21628,36643,31907,32088
29957,33369,36533,46422,27162,31086,41296,31382,29394,32598,27998,33891,34069,32107,40694,38781,36062,30622,33647,35161,34766,30454,34414,27986,32051,45853,36716,21925,20022,21591,36178,42818,37328,39867,37785,32894,25919,43229,30328,39709,28562,34912,36983,48582,40113,35642,39884,28055,22655,38374,24356,32472,39642,29699,26137,39593,31059,28600,29283,27671,31821,28521,34971,35562,30599,36777,36188,34010,30301,32105,35310,34170,26184,32182,32092,40324,38031,20621,19559,30420,42970,39580,28457,34049,38506,43650,24730,32383,33921,39870,28068,40899,41831,34230,40260,25862,21527,36418,31906,32040
29947,33538,36551,46397,27100,31034,41226,31203,29251,32495,27899,33793,34036,32163,40678,38627,35984,30511,33465,34959,34779,30492,34272,27929,31969,45917,36711,22013,20051,21693,36030,42614,37203,39884,37741,32764,25849,43067,30322,39785,28560,34862,36947,48707,40055,35647,39801,27981,22749,38319,24390,32583,39670,29656,26077,39548,30988,28565,29134,27513,31720,28504,34824,35556,30708,36883,36092,33970,30130,32003,35326,34108,26077,32136,31979,40303,38029,20780,19633,30297,42886,39545,28643,34013,38509,43744,24689,32330,33965,39928,28135,40979,41985,34371,40277,25878,21616,36456,31871,32019
29930,33429,36512,46196,26959,30973,41153,31355,29391,32462,27843,33709,33963,32159,40703,38655,35960,30588,33625,35065,34735,30394,34191,27951,32125,45938,36659,22037,20215,21780,36076,42650,37070,39830,37794,32888,25908,43002,30359,39670,28522,34843,36999,48670,40197,35569,39730,27800,22739,38351,24315,32684,39582,29533,25963,39548,31016,28566,29232,27698,31665,28459,34790,35504,30722,36873,36085,33996,30330,32000,35349,34053,26165,32282,32096,40510,37983,20774,19823,30353,42794,39492,28613,34060,38483,43622,24703,32400,34028,39861,28106,40934,41993,34164,40217,25735,21559,36485,31843,32147
30000,33451,36531,46255,26989,30883,41159,31269,29291,32449,27938,33741,34028,32075,40573,38477,35921,30513,33455,35024,34795,30418,34215,27952,32034,45847,36748,22010,20034,21638,35917,42468,37128,39833,37478,32626,25923,43036,30144,39637,28585,35015,37052,48515,40062,35627,39821,27665,22642,38452,24360,32628,39512,29542,25986,39528,31094,28629,29089,27538,31754,28515,34856,35655,30580,36738,36050,33991,30165,32023,35395,34098,26218,32268,32186,40396,38094,20749,19638,30303,42758,39564,28635,34015,38431,43753,24781,32200,34002,39931,27973,40886,41776,34263,40355,25666,21571,36470,32016,32060
29933,33528,36497,46438,26953,30933,41256,31423,29346,32501,27992,33825,34114,31997,40586,38572,35968,30492,33582,35070,34857,30457,34227,27853,32004,45913,36704,21937,20174,21654,35966,42680,37266,39763,37515,32686,25838,42906,30135,39480,28587,34964,37055,48609,40201,35548,39874,27704,22627,38460,24314,32647,39642,29553,25979,39640,31091,28665,29258,27708,31721,28502,34902,35716,30651,36806,36079,34029,30292,32096,35422,34103,26172,32212,32135,40592,38080,20686,19746,30300,42871,39651,28485,33900,38589,43674,24644,32158,33953,39785,27856,40786,41885,34163,40382,25669,21526,36556,31936,32098
30087,33510,36617,46397,27055,30966,41158,31326,29293,32579,27924,33751,34031,32151,40751,38430,35843,30508,33463,34960,34729,30403,34294,27881,32044,45819,36673,21975,19997,21573,35879,42726,37255,40016,37293,32567,25830,42915,30111,39618,28559,34965,37019,48417,40002,35657,40022,27773,22651,38504,24429,32683,39604,29653,26035,39539,31045,28623,29113,27682,31847,28496,34916,35652,30609,36776,35948,34001,30177,31952,35355,34212,26167,32224,32021,40441,38025,20710,19602,30226,42981,39653,28526,33948,38534,43881,24733,32114,33907,39789,27880,40883,41685,34250,40527,25697,21572,36435,31988,32107
30091,33484,36602,46451,27096,31027,41227,31309,29250,32489,27937,33787,34137,32108,40676,38478,35980,30522,33467,34996,34787,30464,34275,27896,32013,45981,36774,21952,20062,21633,36012,42794,37259,39930,37469,32628,25909,43075,30217,39647,28583,34929,36961,48528,40090,35580,39871,27856,22705,38471,24423,32682,39595,29671,26039,39581,31037,28540,29205,27551,31754,28537,34903,35713,30634,36756,35963,34037,30198,31964,35338,34112,26130,32139,31977,40544,38115,20706,19654,30301,43001,39591,28521,34017,38532,43872,24809,32169,33894,39803,27922,40842,41691,34222,40369,25776,21584,36512,31922,32078
29983,33512,36590,46289,27045,31019,41083,31296,29299,32594,27934,33866,33996,32037,40699,38408,35862,30494,33413,34970,34775,30452,34338,27852,32088,45982,36698,22005,20054,21582,35913,42830,37270,39965,37412,32536,25876,42940,30154,39727,28606,34895,37074,48693,40100,35644,39962,27768,22701,38416,24363,32686,39583,29623,25987,39440,30945,28534,29042,27632,31751,28493,34909,35577,30610,36754,35901,33958,30102,32018,35387,34113,26153,32223,32029,40594,38084,20774,19565,30231,43009,39610,28539,33938,38452,43827,24699,32060,33926,39781,27803,40910,41786,34252,40373,25653,21611,36574,31889,32151
29939,33557,36460,46257,27007,30894,41098,31387,29264,32485,27943,33732,33958,32040,40694,38490,35895,30601,33538,35073,34774,30408,34273,27934,32140,45972,36696,22033,20107,21674,35958,42631,37141,39893,37401,32653,25946,43029,30277,39784,28554,35104,37173,48865,40259,35768,39992,27738,22643,38413,24348,32577,39519,29511,26015,39390,31015,28635,29181,27531,31801,28521,34878,35564,30600,36727,35882,33912,30130,31929,35356,34113,26186,32112,31971,40396,38018,20742,19654,30274,42769,39515,28585,33807,38364,43784,24724,32141,33984,39766,28006,40929,41928,34225,40353,25711,21536,36358,32029,32072
29816,33419,36415,46374,27031,30975,41242,31392,29337,32505,28072,33835,34148,32036,40709,38551,36099,30593,33670,35127,34917,30509,34296,27933,32011,45955,36681,22027,20166,21673,35973,42689,37306,39856,37590,32708,25927,42960,30322,39751,28700,35162,37191,48701,40160,35775,40069,27874,22711,38545,24314,32545,39626,29537,26041,39520,30989,28587,29248,27606,31762,28577,34933,35719,30607,36846,36023,34068,30259,32053,35400,34091,26157,32088,31943,40360,38001,20740,19692,30306,42684,39601,28553,33806,38398,43671,24720,32207,33996,39695,28056,40934,41884,34362,40376,25853,21602,36676,32020,32143
29808,33377,36567,46306,27012,30934,41120,31372,29378,32583,27968,33814,34004,32093,40730,38579,35942,30552,33602,35044,34795,30391,34269,27909,32028,45921,36671,22000,20165,21658,35914,42590,37122,39863,37659,32749,25944,42999,30271,39706,28662,35005,37137,48635,40115,35641,39854,27851,22692,38502,24328,32646,39576,29581,26016,39474,30997,28653,29189,27742,31739,28499,34874,35575,30565,36808,36063,34046,30249,32048,35430,34088,26196,32202,32059,40366,37971,20695,19728,30252,42689,39556,28518,33979,38399,43632,24770,32236,33994,39830,28031,40913,41936,34272,40225,25762,21571,36450,31946,32179
29855,33468,36572,46421,27060,30950,41260,31410,29319,32525,27972,33821,34143,32125,40593,38643,36023,30643,33550,35023,34866,30481,34227,28009,31983,45974,36747,21962,20068,21626,36085,42737,37209,39916,37802,32745,26008,43068,30397,39686,28569,34907,37077,48708,40281,35571,39829,27875,22715,38390,24353,32638,39610,29589,26038,39607,31098,28598,29256,27581,31776,28485,34936,35726,30555,36821,36086,34087,30229,31983,35420,34071,26223,32136,32052,40423,38092,20704,19687,30333,42825,39589,28496,34111,38535,43651,24850,32354,33985,39864,28176,40891,41931,34205,40194,25803,21571,36445,31933,32109
30019,33539,36503,46266,27200,31038,41091,31264,29247,32705,28067,33835,33936,32125,40632,38540,35851,30535,33514,35017,34774,30503,34303,27807,31866,45877,36622,22025,20104,21663,35997,42740,37144,39983,37644,32667,25882,42942,30221,39708,28628,34980,36991,48442,40083,35561,39888,27922,22701,38458,24425,32730,39602,29555,26091,39471,30899,28454,29093,27601,31808,28582,35059,35458,30699,36804,35977,33928,30106,31894,35332,34089,26128,32063,31933,40363,37912,20789,19658,30260,42854,39523,28622,34131,38391,43743,24708,32279,33913,39703,28001,40950,41656,34194,40304,25863,21608,36635,31934,32155
30050,33554,36490,46347,27212,30910,41025,31020,28996,32690,27889,33718,33927,32130,40806,38322,35789,30369,33209,34698,34676,30575,34288,27741,31709,45848,36545,22051,20198,21758,35830,42543,36968,39982,37413,32389,25843,42763,30037,39744,28701,35137,36884,48424,39794,35705,39922,27761,22729,38369,24501,32650,39569,29479,26065,39391,30820,28384,28917,27294,31820,28541,34854,35365,30737,36820,35911,33782,29939,31642,35297,34120,25984,31877,31752,40333,37856,20835,19759,30093,42737,39356,28758,34038,38379,43948,24665,32102,33896,39782,27805,41016,41804,34353,40360,25724,21656,36675,32068,32186
29647,33506,36655,46488,26949,31030,41362,31516,29403,32684,27979,33790,34106,32009,40844,38712,36030,30637,33694,35171,34857,30430,34271,28071,32131,45949,36750,22008,20149,21708,36172,42692,37217,40001,37718,32715,26020,43149,30244,39651,28528,34997,37081,48619,40263,35735,39963,27828,22755,38384,24236,32520,39669,29646,26066,39636,31086,28614,29366,27723,31736,28478,34734,35617,30396,36846,36254,34051,30325,32110,35309,34026,26314,32257,32032,40432,38117,20798,19673,30425,42872,39523,28569,34235,38574,43872,24864,32376,33970,39967,28055,40930,41881,34155,40153,25784,21521,36474,31920,32146
29786,33487,36657,46531,27091,31116,41389,31417,29339,32693,28029,33849,34189,32014,40677,38658,36047,30519,33601,34990,34881,30386,34261,28008,32070,45969,36817,21905,19972,21571,36069,42776,37321,39923,37759,32758,26019,43058,30428,39667,28541,34956,37253,48807,40325,35622,39931,27984,22701,38491,24280,32503,39678,29757,26112,39704,31132,28612,29166,27591,31666,28492,34873,35736,30389,36845,36163,34034,30301,32031,35329,34062,26167,32180,32044,40477,38184,20686,19509,30284,42942,39630,28551,34378,38751,43824,24873,32373,33998,39971,28155,40942,42008,34166,40241,25928,21549,36370,31896,32072
30252,33717,36666,46373,27192,30932,41079,31177,29177,32522,27838,33719,33905,32229,40634,38431,35803,30317,33351,34880,34727,30438,34148,27830,31998,45864,36600,22041,20119,21706,35754,42582,37008,39962,37528,32650,25873,42836,30234,39753,28663,34934,37008,48655,39963,35552,39893,27781,22697,38444,24454,32892,39562,29576,25975,39414,30929,28503,29010,27552,31633,28398,34853,35449,30762,36725,35981,33821,30150,31929,35334,34051,26087,32102,31904,40504,37944,20830,19696,30132,42914,39394,28738,34009,38404,43972,24706,32133,33866,39770,27944,41032,41928,34374,40369,25697,21626,36535,31974,32078
30228,33545,36574,46188,26959,30920,41058,31266,29236,32350,27905,33717,33962,32147,40564,38628,36026,30517,33546,35110,34821,30331,34199,28062,32044,46020,36700,22026,20036,21657,36001,42610,36990,39910,37731,32944,25955,43181,30270,39668,28534,34954,37066,48623,40102,35552,39807,27733,22592,38335,24349,32789,39452,29505,25899,39381,30988,28531,29125,27521,31613,28433,34875,35527,30654,36743,36045,33925,30257,31991,35409,34036,26223,32080,32101,40636,37937,20816,19650,30280,42825,39389,28707,33950,38376,43904,24757,32333,33902,39895,27999,40922,41827,34219,40260,25657,21528,36364,31974,31984
30068,33429,36474,46309,26993,30926,41072,31164,29258,32402,27904,33771,33977,32102,40686,38393,35915,30400,33517,34981,34865,30458,34264,27855,31987,45974,36734,22037,20075,21646,35789,42436,37059,39896,37479,32690,25830,42966,30128,39751,28613,34973,37058,48633,39791,35666,39664,27807,22692,38340,24388,32663,39530,29499,25972,39449,30891,28478,29058,27578,31640,28458,34820,35546,30666,36837,35994,33906,30234,32043,35398,34069,26158,32130,31998,40423,38003,20790,19688,30183,42686,39414,28613,33860,38230,43807,24627,32179,33929,39849,27914,40983,41822,34380,40166,25731,21584,36487,31934,32037
29938,33599,36598,46411,26971,30916,41204,31363,29419,32521,27918,33799,34047,32095,40713,38623,36058,30594,33754,35190,34861,30370,34297,28014,32082,46016,36701,21870,20194,21691,35973,42574,37119,39750,37623,32881,25922,43126,30230,39696,28563,34934,36941,48751,40019,35517,39631,27853,22663,38367,24316,32761,39590,29577,26030,39472,30933,28588,29262,27750,31694,28519,34778,35533,30643,36800,36129,34027,30485,32175,35429,34140,26306,32251,32110,40570,38028,20657,19822,30312,42792,39458,28483,33819,38407,43659,24726,32313,33893,39890,27980,40942,41982,34155,40037,25768,21548,36329,31856,32060
29850,33503,36533,46412,27076,30986,41188,31219,29296,32490,27916,33806,34109,32126,40751,38467,36000,30482,33637,35073,34978,30553,34317,28009,32026,46017,36783,21958,20050,21601,35846,42551,37135,39822,37571,32783,25839,43092,30193,39807,28620,34925,37008,48779,39881,35639,39715,27916,22755,38396,24355,32580,39578,29611,26039,39511,30975,28514,29125,27542,31732,28526,34833,35670,30573,36885,35954,34015,30333,32067,35493,34164,26237,32150,32068,40496,38082,20730,19621,30216,42768,39491,28491,33748,38311,43746,24709,32259,33914,39834,27936,40993,41923,34319,40153,25844,21656,36604,31849,32059
29862,33559,36621,46432,27109,31061,41172,31271,29293,32581,27896,33799,33965,32153,40748,38476,35862,30471,33527,34976,34845,30480,34310,27964,32217,46016,36789,21967,20159,21651,35884,42537,37130,39746,37461,32775,25860,43012,30103,39809,28587,34863,36927,48723,39852,35625,39650,27815,22790,38432,24379,32697,39653,29617,26015,39547,30953,28589,29155,27647,31755,28498,34858,35550,30640,36771,35993,33949,30252,31966,35370,34102,26259,32286,32053,40476,38066,20718,19755,30228,42832,39511,28429,33869,38278,43684,24708,32153,33911,39869,27859,40969,41930,34253,40145,25721,21633,36561,31796,32112
29951,33539,36636,46465,27071,31010,41320,31341,29319,32573,28028,33760,34065,32088,40682,38556,36086,30591,33463,35014,34876,30457,34287,28006,32101,46090,36773,21976,20101,21587,36068,42711,37193,39803,37441,32653,25961,43096,30194,39711,28577,34947,37026,48673,40036,35692,39802,27762,22652,38469,24371,32630,39631,29646,26035,39607,30993,28594,29191,27539,31795,28536,34895,35584,30638,36735,36052,34013,30211,31966,35381,34151,26207,32156,32139,40595,38053,20717,19678,30359,42930,39587,28576,33999,38509,43753,24740,32193,33991,39888,27941,40885,41880,34271,40392,25656,21587,36451,31983,32100
29937,33409,36647,46467,27074,31040,41245,31363,29354,32539,28034,33873,34009,32076,40742,38461,35903,30478,33551,35041,34828,30404,34314,27819,31977,45935,36699,21894,20033,21581,35938,42695,37233,39769,37425,32570,25757,42951,30187,39671,28517,34896,37148,48634,39945,35592,39769,27853,22612,38522,24394,32591,39616,29672,26048,39582,30886,28508,29195,27664,31681,28530,34927,35485,30648,36903,35988,33898,30165,31986,35390,34054,26156,32078,32017,40554,38075,20641,19619,30230,42991,39623,28613,34074,38514,43808,24624,32212,34070,39876,27930,40904,41901,34261,40429,25789,21537,36386,31971,32205
29947,33557,36622,46398,27072,31004,41218,31287,29274,32629,27955,33836,34013,32108,40662,38517,35863,30516,33477,34973,34726,30443,34282,27854,32118,45751,36681,21908,20100,21719,35928,42622,37247,39759,37526,32653,25868,43053,30293,39701,28536,35025,37095,48710,40030,35668,39948,27888,22679,38446,24315,32661,39607,29607,26080,39510,30955,28583,29132,27622,31807,28521,34966,35579,30641,36882,36060,33969,30183,31935,35328,34133,26117,32183,31961,40489,38059,20680,19735,30249,42978,39632,28602,34155,38577,43854,24781,32340,34069,40026,28117,40979,42044,34206,40421,25844,21526,36392,32030,32147
29853,33403,36454,46432,27086,30944,41244,31338,29357,32492,27909,33748,34122,32042,40691,38571,36082,30565,33574,35073,34838,30486,34172,27932,31967,45863,36673,21993,20120,21695,36023,42557,37106,39763,37695,32709,25947,43088,30466,39744,28679,35008,37240,48749,40218,35661,39814,27948,22738,38400,24320,32581,39634,29537,26044,39561,30988,28534,29197,27626,31737,28523,34864,35659,30657,36959,36119,34053,30215,32015,35356,34045,26137,32104,31970,40481,38001,20750,19687,30329,42822,39519,28690,34198,38573,43831,24784,32418,34084,39949,28198,41063,42060,34424,40297,25922,21619,36620,32013,32147
29908,33455,36558,46417,27017,30898,41205,31274,29313,32488,27857,33717,33964,32081,40713,38563,35899,30458,33440,34960,34673,30372,34156,27825,32014,45685,36624,21995,20079,21719,35864,42366,36918,39779,37672,32700,25920,43129,30472,39831,28600,34917,37467,48857,40044,35533,39703,27959,22722,38358,24318,32726,39565,29532,25995,39573,30947,28527,29093,27636,31693,28458,34765,35541,30690,36941,36156,33861,30152,31938,35410,34002,26124,32123,32008,40310,37974,20751,19705,30203,42718,39342,28686,34309,38359,43836,24784,32387,34104,39950,28212,41097,42170,34304,40142,25884,21572,36415,31905,32143
30003,33564,36592,46358,27044,31005,41151,31266,29249,32574,27944,33758,34007,32152,40678,38424,35902,30456,33480,34953,34742,30473,34212,27843,31939,45742,36657,22006,20098,21756,35824,42570,37064,39872,37506,32609,25932,42959,30478,39968,28696,35067,37224,48877,40104,35693,39912,28022,22776,38450,24337,32691,39567,29583,26052,39478,30931,28488,29176,27550,31787,28479,34900,35620,30688,36906,35885,33889,30123,31919,35404,34071,26040,32002,31887,40288,37931,20772,19717,30205,42750,39436,28747,33954,38399,43822,24733,32206,33957,39765,28170,41153,42090,34392,40272,25911,21607,36553,32067,32148
29915,33363,36596,46300,27046,31027,41106,31289,29302,32605,27858,33768,33965,32076,40660,38452,35895,30413,33513,34981,34768,30422,34218,27857,32021,45744,36659,22010,20106,21620,35821,42654,37145,39953,37468,32683,25934,42967,30351,39914,28775,35033,37213,48733,40095,35752,40010,27935,22731,38467,24352,32611,39621,29615,26039,39501,30921,28499,29035,27680,31737,28410,34898,35554,30605,36797,35990,33994,30221,31998,35344,34020,26180,32168,31953,40252,37976,20726,19655,30226,42754,39500,28655,33992,38344,43769,24706,32182,33872,39770,28012,41082,41801,34403,40285,25784,21631,36639,31984,32088
30012,33687,36655,46331,27039,30913,41078,31390,29244,32508,27930,33757,34079,32162,40578,38728,36068,30656,33551,35060,34806,30417,34249,28019,32031,45944,36695,22008,20131,21709,36076,42650,37107,39795,37770,32778,25929,43101,30324,39803,28658,34966,37002,48771,40238,35642,39833,27873,22672,38355,24354,32763,39624,29568,26015,39426,31105,28589,29201,27447,31697,28460,34871,35506,30627,36787,36097,33967,30221,31954,35425,34051,26135,32105,32031,40440,38015,20749,19714,30329,42827,39480,28651,33856,38563,43767,24707,32288,33830,39877,27990,40990,41995,34324,40203,25784,21561,36456,31925,32027
30092,33670,36621,46552,26996,30972,41327,31347,29285,32489,27937,33750,34057,32189,40652,38701,35995,30571,33635,35113,34823,30487,34229,27942,31984,45960,36740,21996,20142,21661,36031,42754,37191,39829,37732,32798,25825,43013,30173,39701,28653,34871,36896,48450,40090,35536,39772,27815,22666,38355,24384,32757,39795,29603,26049,39680,31098,28508,29255,27587,31644,28473,34817,35593,30733,36870,36174,34013,30326,32156,35440,34068,26211,32178,32054,40372,38046,20749,19734,30354,42876,39634,28665,33853,38635,43708,24658,32310,33879,39774,27943,40916,41663,34279,40261,25753,21599,36608,31899,32061
30045,33399,36630,46443,27035,31090,41193,31236,29267,32656,27890,33874,33969,32202,40814,38554,35892,30465,33550,35013,34787,30487,34437,27948,31950,45939,36688,21928,20061,21623,35843,42769,37208,39996,37579,32783,25862,42943,30122,39700,28592,34984,36969,48519,40081,35767,39995,27846,22675,38447,24472,32575,39801,29711,26100,39595,31039,28514,29129,27624,31735,28441,34836,35511,30648,36860,36041,33987,30266,32074,35381,34249,26175,32190,32010,40382,38019,20658,19636,30236,42918,39639,28576,33861,38549,43767,24759,32250,33934,39759,27905,40942,41763,34260,40476,25724,21616,36409,31939,32112
29923,33389,36489,46389,27081,31060,41110,31155,29228,32593,27902,33892,34001,32185,40758,38557,35942,30417,33474,34944,34952,30661,34446,27965,32097,45900,36821,21952,20104,21718,35932,42685,37255,39857,37575,32783,25879,43092,30108,39691,28594,35001,37152,48783,40017,35828,40017,27804,22834,38426,24446,32531,39692,29626,26070,39492,31005,28498,29103,27485,31735,28477,34831,35490,30643,36868,36048,33900,30219,31937,35393,34241,26191,32237,32081,40349,38175,20728,19709,30226,42846,39566,28593,33961,38450,43765,24756,32256,34059,39953,27894,40903,42046,34394,40509,25743,21706,36556,31909,32090
29691,33452,36437,46284,26932,30976,41073,31312,29373,32557,27937,33837,33995,32118,40813,38566,35963,30618,33601,35086,34960,30521,34317,27953,32191,46133,36776,22067,20287,21771,35984,42724,37058,39776,37519,32724,25906,43059,30139,39671,28617,34988,37124,48935,40150,35729,39866,27786,22771,38439,24254,32584,39533,29578,25954,39427,31019,28564,29226,27651,31646,28497,34789,35446,30551,36837,36003,33877,30237,31987,35340,34108,26268,32235,32143,40637,38125,20853,19858,30334,42815,39510,28605,34020,38542,43660,24714,32169,34086,39964,27893,40939,42244,34365,40367,25726,21650,36547,31894,32128
29900,33505,36524,46365,26982,30907,41118,31341,29289,32502,27944,33783,33974,32110,40693,38479,35893,30564,33489,35037,34829,30435,34292,27926,32148,46077,36792,21989,20074,21606,35959,42593,37180,39921,37357,32614,25907,43147,30202,39747,28625,35068,37268,48803,40159,35729,39889,27727,22653,38417,24324,32612,39453,29573,25960,39461,31080,28602,29059,27579,31671,28498,34751,35543,30524,36742,36000,33895,30146,32001,35236,34081,26228,32200,32066,40413,38103,20768,19648,30269,42805,39499,28638,34188,38482,43836,24774,32156,34007,39998,27995,40992,41964,34326,40351,25699,21544,36389,32023,32034
29905,33595,36542,46378,26992,30963,41311,31377,29334,32468,27996,33755,34108,32046,40580,38664,36067,30632,33549,35025,34812,30454,34264,27973,32121,46236,36663,21985,20245,21815,36143,42703,37211,39820,37549,32656,25921,42978,30298,39671,28571,35037,37007,48800,40144,35595,39821,27767,22668,38408,24355,32689,39539,29590,25971,39572,31008,28573,29257,27634,31620,28522,34767,35582,30684,36789,36145,34034,30222,31973,35301,34025,26182,32115,31996,40757,38018,20782,19837,30385,42849,39456,28655,34178,38706,43776,24764,32262,33932,39936,28035,40937,42165,34254,40214,25763,21530,36455,31956,32093
29970,33518,36665,46375,27005,30922,41122,31375,29329,32582,27905,33737,33970,32103,40656,38508,35861,30504,33488,35006,34756,30412,34295,27875,32172,46145,36732,21971,20073,21669,35975,42635,37134,39991,37220,32641,25838,43070,30097,39738,28591,34942,37023,48551,39857,35587,39766,27713,22660,38440,24371,32741,39494,29616,25965,39513,30897,28562,29125,27656,31699,28496,34776,35558,30541,36739,36093,33913,30197,32041,35284,34072,26150,32210,32039,40631,38116,20750,19679,30275,42935,39520,28624,34233,38572,43913,24766,32117,33941,40006,27898,40959,41931,34210,40249,25657,21541,36343,31929,32072
29987,33565,36660,46441,27025,31020,41275,31397,29304,32588,27911,33808,34105,32096,40724,38533,36003,30510,33618,35043,34859,30499,34343,27921,32132,46188,36769,21904,20117,21677,36055,42797,37290,39873,37374,32630,25794,42984,30188,39638,28557,34982,36991,48731,40078,35603,39885,27842,22689,38480,24340,32692,39565,29641,26003,39591,31026,28571,29271,27635,31719,28510,34824,35603,30618,36769,36111,33961,30266,32021,35342,34105,26137,32198,32074,40687,38069,20722,19743,30317,43028,39627,28604,33973,38623,43913,24689,32175,33967,39891,27956,40847,42016,34195,40365,25769,21531,36379,31964,32121
29918,33386,36585,46353,27019,31000,41161,31404,29399,32686,27939,33878,34058,32100,40764,38607,36012,30605,33698,35177,34910,30517,34363,27985,31978,45981,36713,21962,20069,21568,35954,42772,37239,39864,37545,32796,25880,42977,30166,39732,28607,34964,37062,48559,39944,35708,39970,27849,22727,38481,24366,32626,39587,29634,26006,39523,31004,28592,29180,27726,31759,28507,34925,35544,30657,36814,36136,34021,30412,32152,35441,34157,26238,32201,32101,40511,37980,20717,19577,30338,43083,39683,28554,33885,38378,43921,24745,32263,33937,39802,27993,40960,41757,34305,40547,25813,21601,36568,31914,32195
29908,33551,36511,46342,26955,30850,41116,31341,29231,32605,27988,33825,34024,32149,40606,38619,36002,30613,33542,35006,34886,30508,34275,27934,32038,46057,36693,22039,20157,21718,35971,42537,37052,39790,37716,32752,25869,43033,30241,39751,28624,34936,37021,48738,39930,35630,39660,27784,22750,38356,24314,32649,39520,29476,25956,39426,30986,28638,29132,27497,31696,28556,34851,35513,30649,36776,36120,33940,30270,31932,35497,34122,26202,32100,32060,40562,37956,20798,19749,30266,42817,39425,28587,33951,38441,43782,24733,32326,33905,39933,28042,40960,42058,34275,40208,25800,21608,36464,31922,32123
29884,33593,36609,46382,26970,30991,41212,31390,29356,32599,28009,33842,34087,32112,40709,38656,35976,30604,33716,35188,34917,30470,34302,27991,32086,46080,36745,21956,20165,21670,36029,42708,37175,39800,37723,32836,25932,43173,30254,39689,28617,34908,37092,48712,40149,35571,39618,27874,22728,38382,24282,32693,39636,29580,26046,39524,31087,28576,29255,27690,31708,28566,34858,35564,30584,36876,36214,34018,30429,32147,35449,34092,26344,32262,32106,40541,38071,20720,19741,30375,42889,39524,28553,34079,38499,43754,24747,32363,33939,39986,28011,40934,41883,34195,40108,25808,21612,36515,31835,32084
29884,33470,36623,46380,26961,30995,41200,31314,29321,32535,28007,33769,34026,32083,40693,38685,35923,30548,33642,35097,34887,30357,34297,27981,32040,46055,36745,21968,20045,21636,36007,42772,37196,39934,37807,32899,26011,43159,30381,39696,28584,35013,37333,48760,40261,35623,39870,27911,22685,38350,24293,32610,39619,29635,26047,39503,30995,28541,29106,27614,31719,28512,34814,35535,30535,36870,36146,33930,30304,31993,35422,34099,26254,32205,32104,40495,38074,20668,19572,30279,42866,39564,28564,34229,38580,43769,24817,32347,33966,39853,28102,40928,41974,34145,40210,25789,21557,36329,31887,31939
30046,33534,36613,46412,27092,30931,41187,31244,29298,32413,27953,33782,33906,32178,40611,38510,35880,30425,33598,35008,34891,30489,34292,27811,32064,45978,36741,21956,20085,21713,35845,42591,37115,39851,37629,32692,25853,43013,30300,39762,28630,35021,37225,48792,39895,35707,39837,27795,22741,38340,24421,32746,39629,29573,25999,39507,30865,28476,29165,27577,31624,28512,34730,35449,30730,36872,36095,33851,30275,32012,35393,34100,26182,32110,31954,40453,38141,20690,19715,30190,42795,39420,28644,34083,38415,43868,24722,32206,33950,39858,28033,41025,42113,34444,40313,25760,21609,36483,31925,31985
30016,33609,36569,46459,26999,30942,41261,31376,29397,32496,27944,33750,34000,32150,40729,38746,36057,30634,33661,35084,34860,30428,34264,28025,32152,46031,36721,21890,20171,21730,36080,42645,37031,39815,37864,32960,26030,43274,30478,39739,28573,34967,37288,48990,40155,35622,39790,27838,22633,38394,24326,32703,39583,29561,25994,39525,31015,28608,29284,27734,31643,28449,34780,35474,30641,36782,36172,33955,30397,32047,35401,34096,26296,32201,32114,40576,38052,20683,19745,30324,42768,39323,28515,34067,38388,43731,24794,32399,33943,39945,28111,40988,42223,34192,40140,25745,21507,36229,31865,31973
30080,33568,36543,46574,27109,30955,41286,31249,29328,32474,27919,33763,34050,32201,40721,38546,35964,30462,33554,35020,34834,30502,34264,27917,32114,45940,36766,21965,20068,21670,35937,42489,37140,39815,37617,32754,25928,43080,30420,39866,28686,35035,37328,48869,40005,35650,39721,27876,22698,38405,24433,32783,39646,29553,26027,39639,30917,28484,29146,27561,31706,28416,34831,35556,30729,36800,36075,33895,30196,31985,35364,34108,26174,32182,31930,40326,38101,20709,19660,30234,42713,39406,28600,34068,38250,43727,24763,32293,33899,39874,28104,41016,41971,34353,40137,25825,21622,36464,31914,31968
30024,33608,36638,46463,27007,31049,41326,31354,29318,32587,28005,33816,34111,32147,40723,38726,36094,30598,33633,34957,34879,30453,34278,28005,32143,46018,36757,21995,20159,21756,36110,42679,37170,39823,37734,32835,25961,43054,30387,39801,28621,34971,37112,48763,40078,35572,39729,27925,22662,38462,24339,32836,39631,29582,26011,39645,31024,28571,29144,27660,31685,28538,34839,35562,30751,36741,36157,34056,30263,31918,35411,34080,26228,32197,31998,40452,38044,20725,19708,30352,42764,39479,28573,34046,38453,43683,24786,32341,33898,39833,28115,40950,41941,34184,40142,25839,21517,36507,31808,32036
29969,33452,36644,46480,27044,31024,41249,31238,29300,32540,27960,33776,34059,32083,40699,38511,35953,30471,33480,34935,34865,30453,34279,27885,32103,46073,36803,21980,20118,21613,35986,42566,37178,39790,37334,32560,25850,43016,30074,39753,28712,34942,37167,48674,39971,35631,39660,27849,22716,38472,24392,32628,39553,29608,26022,39596,30873,28462,29011,27556,31643,28569,34828,35578,30512,36735,36069,33909,30189,31934,35367,34092,26121,32185,31976,40494,38159,20709,19636,30204,42818,39524,28521,34148,38449,43738,24700,32146,33944,39968,27914,40874,41913,34243,40224,25801,21563,36421,31889,32059
29987,33677,36667,46396,27038,31047,41253,31383,29428,32578,27948,33743,33959,32068,40699,38612,35909,30438,33618,34988,34818,30487,34219,27906,32355,46003,36699,21964,20186,21746,36054,42478,37154,39631,37349,32740,25814,42961,30096,39650,28545,34888,37073,48753,39898,35594,39635,27776,22769,38460,24377,32896,39645,29637,26008,39672,30890,28563,29189,27754,31670,28492,34709,35395,30650,36769,36169,33815,30303,32000,35323,34039,26188,32279,32016,40549,38083,20680,19715,30251,42835,39463,28544,34177,38483,43688,24738,32224,33961,39955,27909,40816,42169,34153,40174,25714,21559,36444,31816,32111
29989,33511,36603,46506,27102,31009,41319,31333,29304,32546,28035,33767,34047,32097,40737,38729,36020,30549,33643,35033,34877,30458,34274,27999,32073,46088,36712,21975,20121,21666,36189,42602,37210,39819,37488,32785,25857,42981,30165,39669,28602,34988,37177,48675,40002,35656,39746,27785,22734,38471,24418,32592,39614,29609,26000,39613,30994,28501,29147,27498,31763,28453,34827,35524,30692,36756,36251,33926,30268,31979,35270,34121,26184,32137,32108,40567,38057,20692,19659,30380,42844,39516,28660,34258,38519,43777,24706,32273,33960,39897,27925,40871,41963,34207,40352,25677,21601,36453,31999,32097
29971,33428,36509,46503,27035,30981,41281,31300,29322,32521,27958,33785,33989,32090,40770,38583,35971,30488,33589,35065,34935,30412,34250,27840,32139,46040,36759,21899,20046,21617,35972,42624,37176,39815,37500,32764,25806,43046,30225,39657,28591,34869,37254,48670,40015,35580,39686,27843,22657,38439,24366,32550,39674,29572,26004,39633,30942,28552,29093,27646,31602,28461,34769,35439,30632,36860,36158,33873,30219,32025,35383,34023,26138,32240,32078,40533,38087,20627,19600,30240,42788,39506,28578,34248,38515,43714,24647,32253,34036,39908,27946,40875,41891,34149,40207,25733,21548,36355,31880,32094
29988,33511,36565,46485,27061,31012,41266,31354,29294,32741,27952,33839,34074,32169,40772,38565,35987,30460,33563,35055,34930,30519,34333,27848,32278,45981,36819,21930,20117,21716,35967,42688,37274,39923,37371,32682,25869,43079,30170,39718,28641,35039,37129,48676,40008,35725,39916,27794,22757,38529,24410,32549,39683,29635,26096,39605,30966,28614,29121,27629,31797,28526,34813,35620,30648,36849,36105,33906,30159,31968,35434,34153,26158,32292,32066,40452,38117,20673,19706,30255,42928,39600,28587,34112,38614,43888,24802,32190,34048,40012,27983,40941,41977,34219,40377,25715,21601,36456,31979,32149
29867,33338,36395,46390,27022,30911,41187,31352,29412,32546,27998,33786,34078,32069,40696,38592,36005,30513,33695,35119,34976,30574,34299,27935,32170,46091,36745,22100,20210,21755,35998,42574,37234,39901,37371,32645,25740,42915,30023,39666,28632,34971,37054,48624,39996,35712,39794,27712,22835,38414,24364,32480,39547,29474,25999,39507,31048,28516,29230,27702,31689,28523,34751,35588,30653,36740,36180,33924,30279,32079,35348,34104,26177,32218,32028,40531,38075,20820,19772,30327,42851,39542,28733,33980,38450,43888,24681,32126,33936,39825,27873,40896,41965,34410,40349,25704,21694,36700,31880,32085
29852,33419,36500,46397,27003,30956,41237,31438,29417,32594,27961,33805,33991,32084,40664,38589,35951,30532,33593,35097,34909,30444,34267,27938,32224,46041,36785,21967,20141,21653,35933,42443,37069,39739,37629,32774,25870,43061,30239,39738,28574,35000,37140,48741,40086,35580,39553,27896,22728,38415,24340,32672,39618,29527,26009,39610,31107,28639,29171,27715,31702,28483,34819,35512,30751,36763,36149,33943,30271,32033,35350,34110,26241,32271,32073,40524,38098,20675,19692,30278,42770,39466,28537,34115,38436,43690,24802,32304,34006,39930,28024,40945,42067,34183,40142,25787,21554,36439,31859,32060
30127,33584,36659,46485,27125,31073,41242,31176,29057,32711,27998,33799,34047,32214,40939,38375,35961,30369,33273,34765,34868,30548,34334,27884,31695,45950,36577,21988,20091,21654,35839,42782,37118,39883,37634,32603,26044,42854,30349,39811,28710,35174,37171,48620,39950,35716,39883,28012,22749,38522,24458,32738,39749,29637,26140,39625,30918,28414,29020,27344,31875,28515,35013,35536,30777,37018,35906,33948,30068,31674,35402,34214,26082,31891,31848,40495,37815,20718,19714,30154,42934,39522,28647,33876,38426,43909,24789,32292,34063,39604,28075,41005,41901,34316,40477,25848,21641,36624,32174,32180
29947,33342,36623,46356,26956,31014,41204,31282,29267,32541,27904,33746,34008,32048,40893,38562,35893,30418,33515,35020,34839,30366,34265,27987,31899,45790,36666,21929,20056,21638,35928,42675,37119,39845,37707,32719,26035,43042,30350,39741,28594,35065,37332,48636,40113,35594,39852,27886,22690,38318,24349,32620,39676,29619,26050,39539,30979,28557,29107,27588,31705,28453,34799,35508,30599,36946,36053,33907,30153,31981,35302,34049,26222,32123,31959,40343,37953,20636,19609,30245,42820,39508,28608,33993,38352,43789,24793,32306,34049,39810,28095,40957,41912,34223,40272,25790,21561,36490,32056,32128
29633,33479,36559,46322,26900,30934,41215,31199,29284,32521,27859,33801,33937,32048,40720,38576,35859,30462,33609,35040,34930,30502,34284,27900,32036,45866,36800,22018,20179,21793,35981,42553,37129,39737,37727,32753,25891,43063,30309,39763,28632,35004,37267,48908,40001,35700,39859,27871,22834,38351,24262,32593,39645,29545,25976,39504,30959,28541,29144,27601,31671,28442,34679,35474,30558,36827,36064,33877,30171,31992,35255,34077,26133,32174,32048,40326,38135,20701,19722,30273,42705,39431,28616,34003,38409,43644,24739,32221,33964,39984,28065,40993,42127,34323,40067,25758,21618,36576,31880,32018
29636,33232,36401,46611,27002,31015,41470,31397,29348,32626,28034,33894,34129,31992,40808,38838,36129,30477,33678,35074,35056,30578,34296,28006,32079,46026,36749,21972,20181,21651,36260,42809,37292,39737,37806,32943,25967,43171,30350,39630,28650,34974,37461,48744,40067,35721,39871,27880,22733,38549,24276,32325,39772,29596,25997,39773,31029,28604,29174,27760,31721,28551,34983,35579,30502,36930,36319,34059,30316,31977,35413,34104,26186,32204,32203,40378,38039,20651,19676,30437,42854,39589,28480,34212,38591,43596,24762,32394,34111,39834,28016,40814,41804,34325,40367,25739,21619,36703,31853,32075
29849,33444,36641,46634,27020,30991,41391,31375,29322,32515,27955,33829,34105,32130,40689,38690,36000,30514,33628,34976,34983,30380,34289,27884,31972,46327,36747,21969,20086,21705,36097,42784,37222,39920,37629,32718,25899,43048,30266,39725,28587,35003,37283,48748,40045,35611,39817,27869,22665,38488,24352,32631,39762,29665,25987,39747,30979,28516,29187,27542,31651,28564,34818,35651,30517,36929,36206,33914,30188,31962,35345,34077,26143,32072,31966,40558,38034,20625,19657,30285,42921,39566,28550,34125,38487,43755,24725,32242,33989,39842,27993,40882,41933,34159,40262,25833,21523,36346,31913,32108
30041,33664,36562,46400,27096,30965,41120,31221,29160,32642,27851,33675,33944,32168,40618,38500,35857,30375,33490,34915,34751,30509,34193,27783,31996,46008,36645,21987,20177,21771,35933,42631,37102,39911,37370,32675,25842,42914,30118,39709,28641,35022,36998,48495,39928,35519,39843,27886,22721,38466,24419,32949,39708,29462,26072,39555,30828,28504,29011,27562,31686,28472,34810,35551,30798,36790,36074,33890,30110,31847,35315,34024,26066,32155,31919,40413,38021,20692,19739,30200,42962,39461,28638,34107,38520,43923,24698,32150,33924,39811,27894,40935,41742,34176,40262,25807,21562,36598,31923,32088
30071,33451,36435,46412,27139,31024,41151,31336,29331,32582,27842,33726,34105,32030,40648,38505,35968,30454,33692,35016,34844,30477,34273,27819,31943,45918,36601,21929,20097,21635,35934,42657,37195,39733,37299,32639,25713,42832,30047,39573,28630,35040,36989,48464,40008,35574,39986,27837,22663,38491,24430,32657,39667,29545,26051,39576,30981,28515,29196,27608,31700,28451,34948,35581,30785,36808,36169,33908,30269,32003,35367,34094,26063,32114,32061,40421,37974,20659,19628,30273,42959,39584,28682,34104,38604,43850,24605,32143,34049,39753,27818,40798,41817,34236,40634,25713,21596,36683,32040,32120
29900,33526,36701,46455,26990,31003,41212,31398,29309,32563,27863,33751,34036,32067,40737,38539,35940,30451,33603,35010,34884,30338,34211,27873,32054,45866,36640,21983,19969,21626,35941,42595,37178,39736,37411,32716,25844,42960,30191,39625,28473,34931,37181,48520,40109,35544,39928,27774,22679,38509,24358,32876,39784,29674,25976,39684,31055,28693,29152,27713,31745,28447,34855,35618,30764,36982,36246,33984,30358,32080,35471,34098,26205,32195,32116,40416,38013,20633,19549,30328,43016,39646,28674,34279,38617,43919,24724,32220,34124,39872,27956,40841,41762,34222,40637,25689,21526,36478,32013,32256
30025,33444,36551,46331,26984,30844,41138,31331,29202,32514,27862,33700,34038,32125,40637,38654,36061,30517,33551,35013,34894,30442,34199,27982,31852,45908,36600,21971,20041,21728,36055,42617,37080,39674,37686,32762,25915,43080,30309,39590,28563,34950,37162,48677,40136,35518,39879,27731,22665,38416,24358,32730,39664,29458,25939,39547,30997,28585,29189,27479,31731,28449,34958,35571,30717,36919,36217,34010,30297,31931,35531,34092,26213,32052,32195,40534,37927,20670,19654,30370,42984,39542,28741,34094,38626,43884,24739,32377,34058,39889,28029,40828,41949,34231,40549,25758,21589,36576,32065,32169
29948,33313,36406,46376,26940,30853,41088,31276,29254,32504,27858,33740,33923,32094,40735,38478,35914,30391,33515,34973,34980,30417,34222,27828,31869,45665,36616,22028,20045,21680,35857,42478,37097,39737,37532,32661,25829,42886,30175,39707,28631,34869,37104,48556,39879,35534,39783,27772,22700,38397,24351,32688,39743,29417,25945,39553,30928,28503,29032,27596,31655,28458,34888,35448,30692,37045,36080,33895,30202,31963,35581,34049,26173,32055,32096,40321,37928,20738,19614,30215,42883,39524,28784,34056,38444,43833,24684,32232,34081,39826,27958,40986,41842,34346,40438,25782,21602,36683,32021,32190
29909,33511,36503,46407,26985,30973,41297,31447,29302,32573,27921,33801,34074,32138,40760,38564,36053,30587,33690,35103,34902,30436,34260,27932,31948,45776,36682,22035,20174,21734,35983,42624,37190,39651,37537,32695,25949,43035,30283,39701,28561,34979,37018,48687,40068,35548,39840,27885,22716,38357,24342,32695,39783,29534,26053,39661,31081,28614,29279,27585,31781,28478,34875,35589,30766,36956,36118,34026,30284,32014,35528,34169,26179,32129,32118,40373,37995,20743,19769,30334,42940,39547,28744,34006,38515,43844,24788,32238,34014,39890,28058,41005,41979,34304,40394,25785,21591,36579,32040,32160
29852,33275,36449,46341,27087,30991,41278,31287,29251,32592,27970,33905,34018,32117,40719,38470,35959,30427,33537,34991,34951,30617,34355,27856,32051,45961,36780,22082,20119,21682,35907,42639,37290,39842,37472,32620,25849,43008,30140,39812,28677,34997,37096,48664,39955,35691,40024,27803,22822,38463,24410,32526,39632,29605,26035,39593,31013,28541,29142,27553,31740,28521,34969,35607,30708,36804,36040,33945,30193,31971,35411,34208,26110,32177,31937,40290,38110,20835,19679,30207,42894,39602,28657,33951,38414,43823,24704,32136,33899,39844,27922,41039,41810,34435,40430,25735,21731,36771,31966,32086
29835,33389,36579,46375,26997,31051,41320,31347,29262,32690,27896,33859,34023,32146,40829,38574,35942,30426,33609,35053,34863,30562,34375,27887,32162,45973,36768,22049,20271,21847,35993,42601,37277,39717,37498,32678,25895,43016,30219,39787,28739,35004,37153,48777,40132,35737,39997,27769,22813,38502,24348,32584,39697,29661,26040,39657,30981,28546,29135,27611,31722,28540,34907,35511,30701,36786,36064,33985,30191,31979,35361,34221,26194,32270,31954,40285,38091,20763,19791,30317,42866,39583,28557,34035,38457,43735,24724,32195,33932,39858,27978,41003,41919,34320,40305,25721,21691,36664,31875,32093
29816,33406,36587,46386,27034,31075,41321,31383,29293,32617,27967,33760,34051,32084,40755,38773,36039,30578,33606,35146,34945,30533,34342,28034,32090,46142,36788,22011,20147,21752,36206,42735,37250,39732,37716,32879,26007,43188,30347,39753,28711,35087,37323,48971,40286,35770,40062,27802,22709,38536,24345,32516,39608,29709,26086,39589,31023,28590,29177,27536,31736,28517,34873,35514,30598,36751,36126,34015,30239,31972,35345,34150,26229,32177,32125,40392,38028,20705,19688,30349,42804,39507,28598,34124,38482,43753,24730,32327,33993,39922,28040,40917,42012,34299,40329,25717,21579,36466,32012,32021
29792,33200,36506,46374,26978,30965,41249,31338,29327,32502,27962,33788,33972,32075,40668,38605,35885,30429,33575,35062,34958,30478,34291,27903,32081,46130,36769,22026,20170,21789,36044,42699,37207,39857,37584,32744,25882,43042,30245,39835,28688,35035,37296,48960,40105,35679,39935,27771,22719,38512,24354,32432,39559,29597,25973,39565,30964,28555,29141,27626,31589,28483,34785,35482,30619,36815,36056,33868,30139,31995,35360,34018,26168,32185,32044,40427,38082,20729,19752,30246,42747,39511,28615,34087,38457,43699,24668,32202,34032,39841,27958,40941,42025,34271,40319,25714,21602,36454,31952,32076
29918,33518,36638,46405,26934,30952,41294,31438,29333,32660,27886,33733,34063,32120,40703,38668,35978,30488,33694,35111,34892,30458,34228,27960,32168,46112,36774,22004,20211,21838,36064,42677,37254,39894,37535,32796,25938,43074,30157,39703,28621,35018,37077,48669,40080,35662,39980,27712,22701,38499,24357,32745,39700,29590,26034,39644,30966,28565,29158,27648,31788,28492,34850,35642,30667,36829,36196,34018,30282,32030,35426,34111,26184,32274,32065,40372,38081,20699,19796,30350,42920,39605,28598,34103,38560,43838,24832,32272,34003,39933,27976,40867,41838,34248,40414,25668,21564,36359,31988,32149
29899,33445,36512,46292,27047,31001,41143,31351,29263,32617,27938,33801,34074,32094,40630,38560,36008,30493,33648,34883,34831,30603,34276,27866,32010,46089,36687,22036,20147,21743,35970,42752,37165,39927,37464,32633,25888,42931,30149,39669,28606,34904,36909,48688,40001,35680,39987,27783,22759,38476,24361,32662,39608,29620,26038,39467,30937,28581,29161,27591,31796,28499,34967,35666,30731,36811,36113,33972,30289,31894,35483,34158,26117,32137,32013,40591,38097,20752,19740,30240,42956,39590,28600,34105,38638,43876,24764,32174,33960,39941,27975,40916,42071,34349,40518,25747,21600,36563,31940,32111
29994,33423,36632,46489,27051,31013,41182,31435,29308,32656,27928,33782,34040,32144,40766,38536,36012,30456,33640,35074,34821,30465,34269,27892,31995,45928,36705,22050,20073,21658,35970,42702,37166,39917,37370,32647,25939,43085,30189,39755,28665,34936,37190,48529,40108,35655,39964,27840,22781,38450,24383,32825,39681,29608,26028,39567,30975,28530,29103,27682,31761,28523,34930,35603,30761,36807,36123,33986,30232,32023,35413,34093,26175,32209,31957,40345,38087,20728,19644,30270,43037,39604,28657,34192,38495,43958,24787,32109,33944,39864,27934,41046,41684,34337,40515,25725,21650,36570,31922,32113
29976,33519,36529,46360,27050,30969,41226,31465,29347,32614,27976,33770,34098,32088,40679,38604,36097,30603,33674,35001,34877,30464,34276,27944,32060,46113,36712,22037,20137,21748,36038,42729,37177,39816,37493,32723,25888,43068,30237,39689,28615,34991,37103,48822,40187,35610,39920,27823,22718,38415,24340,32703,39609,29513,26018,39511,30997,28643,29324,27616,31771,28543,34932,35595,30699,36753,36102,33998,30252,31969,35422,34089,26163,32156,32046,40602,38040,20805,19725,30337,42957,39551,28675,33954,38601,43963,24739,32175,33947,39876,27945,40948,42043,34271,40422,25743,21581,36462,31995,32085
29932,33418,36532,46447,27060,30980,41204,31401,29339,32663,27923,33826,33971,32126,40778,38554,35989,30470,33662,35055,34921,30538,34300,27942,32107,46129,36729,21982,20110,21661,35943,42628,37121,39959,37480,32754,25892,43071,30246,39784,28682,34990,37188,48739,39966,35635,39876,27825,22728,38487,24379,32674,39686,29553,26033,39597,30983,28613,29130,27735,31771,28494,34943,35501,30681,36856,36094,33943,30306,32005,35513,34120,26250,32206,32025,40466,38036,20721,19635,30269,42862,39521,28607,33976,38337,43916,24749,32226,33997,39906,27946,40979,41865,34286,40382,25789,21633,36502,31983,32144
29929,33577,36587,46489,26967,30990,41355,31441,29291,32639,28050,33876,34127,32099,40780,38690,36136,30555,33654,35059,34984,30485,34297,28028,32010,46191,36736,22009,20156,21681,36103,42717,37154,39840,37798,32822,26006,43236,30481,39763,28662,35047,37186,48853,40140,35674,39854,28005,22713,38498,24335,32690,39709,29568,26076,39651,31035,28650,29160,27539,31752,28539,34929,35576,30674,36908,36159,34016,30301,31925,35591,34144,26222,32137,32095,40543,38047,20712,19700,30325,42880,39505,28559,34101,38528,43789,24832,32457,33983,40021,28185,40982,42019,34242,40271,25931,21582,36419,31932,32080
29932,33325,36620,46539,27018,31061,41328,31387,29394,32565,27972,33852,34068,32108,40824,38622,35977,30504,33669,35095,34879,30428,34300,27990,31949,45991,36730,21979,20035,21630,35991,42689,37147,39919,37758,32861,25961,43146,30522,39894,28654,34971,37321,48708,40191,35586,39681,28116,22712,38488,24369,32549,39774,29673,26118,39672,30995,28555,29230,27682,31701,28518,34949,35579,30591,37040,36142,33971,30265,32034,35494,34050,26253,32179,32007,40457,38062,20658,19606,30318,42867,39556,28596,34262,38488,43763,24811,32482,34113,39945,28234,41094,41864,34331,40180,26058,21571,36435,31969,32095
29931,33541,36550,46341,26992,30965,41238,31289,29198,32480,27883,33700,33966,32071,40680,38567,35911,30420,33550,34961,34849,30376,34191,27928,32077,45913,36705,22051,20168,21781,35883,42400,36956,39848,37739,32844,25878,43138,30475,39887,28582,34950,37211,48879,39928,35627,39698,27990,22738,38320,24358,32747,39698,29559,26073,39557,30985,28569,29128,27469,31727,28456,34790,35524,30704,36990,36089,33831,30205,31878,35441,34038,26157,32161,31961,40414,38002,20725,19763,30227,42661,39432,28738,34064,38431,43794,24713,32447,34120,39992,28228,41094,42210,34290,40234,25986,21568,36414,32001,32024
29932,33453,36567,46504,27031,31064,41336,31376,29305,32566,27936,33800,34033,32060,40826,38544,35937,30399,33658,35096,34885,30516,34259,27860,31980,45914,36695,21983,20034,21661,35898,42549,37146,39898,37601,32862,25841,43099,30438,39875,28677,35013,37261,48800,40103,35731,39885,27988,22764,38483,24364,32698,39805,29613,26109,39734,31046,28549,29145,27627,31774,28485,34884,35573,30686,37118,36074,33907,30237,32055,35482,34107,26197,32154,32102,40331,38111,20648,19631,30282,42804,39563,28670,34146,38541,43847,24694,32452,34230,40005,28207,41172,42049,34469,40340,25955,21622,36669,32019,32117
29937,33268,36560,46372,27000,31091,41297,31309,29293,32506,27902,33789,33976,32075,40705,38583,35864,30396,33580,35029,34758,30495,34295,27930,32019,45826,36717,21925,20062,21669,35879,42574,37153,39930,37666,32894,25936,43179,30513,39923,28699,34958,37295,48805,40156,35715,39910,28085,22719,38435,24374,32555,39641,29700,26083,39578,31059,28524,29160,27528,31720,28475,34910,35555,30586,36994,36096,33936,30222,31980,35371,34144,26152,32173,32016,40256,38043,20608,19667,30254,42790,39568,28671,34151,38512,43762,24789,32444,34128,40006,28251,41157,42074,34374,40435,25969,21613,36579,31998,32025
29922,33383,36550,46613,27075,31071,41388,31233,29224,32548,27888,33729,34010,32113,40767,38525,35913,30366,33620,34930,34947,30534,34266,27917,32084,45962,36769,22044,20142,21755,35883,42552,37178,39949,37551,32814,25905,43072,30388,40026,28763,34969,37217,48776,39889,35729,39939,27965,22765,38419,24383,32596,39808,29690,26110,39762,31005,28486,29058,27554,31782,28457,34862,35548,30720,36952,36191,33889,30278,31964,35409,34129,26125,32197,31964,40233,38049,20751,19748,30206,42779,39567,28710,34077,38437,43810,24727,32304,33989,39913,28073,41149,41951,34459,40349,25860,21626,36663,31983,32037
29934,33529,36609,46368,26988,31028,41345,31402,29398,32631,27908,33816,34091,32098,40723,38705,36092,30583,33772,35094,34941,30530,34326,27996,32118,46095,36721,22001,20211,21737,36085,42594,37101,39781,37698,32774,25920,43065,30154,39802,28695,34958,36931,48712,39938,35636,39767,27751,22739,38395,24356,32734,39663,29644,26066,39637,31037,28638,29237,27741,31740,28511,34846,35559,30775,36790,36315,34040,30432,32099,35500,34180,26286,32312,32155,40536,38054,20765,19815,30397,42897,39526,28616,34106,38511,43753,24749,32395,33940,40018,27998,40972,41989,34239,40290,25694,21634,36600,31877,32101
29999,33443,36686,46414,26981,31017,41266,31297,29264,32604,27932,33835,34120,32132,40609,38595,36028,30504,33615,35017,34954,30509,34313,27972,32047,46082,36764,21969,20070,21628,36004,42582,37128,39807,37628,32751,25949,43071,30117,39709,28651,35008,37031,48624,39939,35632,39644,27718,22714,38416,24393,32671,39624,29678,26035,39650,30951,28560,29085,27575,31718,28534,34914,35616,30581,36792,36324,33973,30380,32057,35591,34146,26195,32183,32163,40566,38097,20686,19649,30349,42929,39519,28593,34168,38487,43832,24791,32254,33949,39948,27919,40897,41906,34235,40290,25696,21589,36361,31975,32077
30037,33560,36717,46414,26998,31032,41218,31450,29350,32598,27899,33837,34135,32110,40760,38536,36048,30524,33751,35155,34893,30490,34320,27983,32054,46101,36688,21949,20180,21677,35956,42675,37163,39679,37510,32708,25931,43023,30120,39670,28619,34943,36965,48695,40139,35551,39731,27719,22690,38461,24378,32825,39833,29680,26029,39651,31068,28658,29249,27733,31759,28508,34930,35633,30685,36840,36249,34040,30475,32165,35601,34136,26306,32270,32171,40683,38074,20675,19786,30389,43083,39626,28643,33966,38537,43858,24744,32231,33963,39945,27871,40934,41923,34230,40372,25690,21581,36603,31917,32122
29870,33292,36571,46343,26910,30921,41190,31316,29326,32536,27906,33774,34139,31982,40572,38659,36117,30554,33655,35126,34919,30368,34258,28104,32036,46031,36749,21969,19991,21560,36043,42620,37155,39779,37697,32893,25988,43267,30254,39717,28596,34984,37189,48755,40200,35559,39804,27708,22596,38393,24251,32585,39705,29581,25970,39602,31046,28563,29131,27587,31779,28472,34938,35717,30574,36872,36242,34024,30421,32090,35651,34123,26324,32185,32230,40697,38081,20696,19570,30408,43124,39606,28611,34062,38446,43913,24755,32381,33987,39929,27988,41019,41889,34206,40371,25688,21497,36422,31968,32132
29844,33389,36557,46375,26929,30911,41193,31239,29307,32502,27913,33718,34024,32064,40553,38532,35913,30419,33459,34974,34919,30456,34214,27867,32098,45953,36710,22031,20113,21668,35932,42554,37117,39775,37600,32649,25863,43012,30242,39731,28637,34996,37127,48808,39991,35614,39693,27752,22665,38386,24329,32707,39738,29554,25974,39620,30925,28562,29119,27629,31771,28487,34895,35560,30801,36848,36031,33824,30150,31915,35528,34043,26153,32092,31987,40517,38018,20686,19729,30197,42975,39475,28654,33995,38369,43882,24604,32111,33947,39793,27896,40993,41978,34349,40269,25720,21591,36573,31984,32143
29956,33533,36603,46403,26962,30956,41293,31369,29284,32535,27944,33722,34059,32117,40682,38660,35975,30493,33560,35025,34773,30451,34229,27913,32172,45876,36699,22028,20092,21725,36029,42693,37241,39872,37682,32730,26000,43065,30333,39722,28629,35037,37200,48775,40287,35700,40084,27848,22702,38395,24319,32725,39713,29584,26029,39608,30997,28643,29077,27630,31844,28480,34891,35615,30682,36826,36136,33964,30213,31895,35487,34126,26144,32176,32081,40300,38058,20713,19711,30293,42868,39537,28697,34076,38506,43837,24733,32208,34004,39823,28018,40899,41941,34338,40409,25753,21599,36563,32015,32006
29787,33270,36471,46396,26984,30983,41278,31297,29360,32396,27918,33739,34100,32050,40618,38724,36009,30443,33668,35074,34834,30416,34191,27882,32050,45937,36693,21991,20068,21736,36073,42715,37251,39870,37683,32831,25895,43036,30398,39743,28676,35045,37299,48827,40298,35587,40111,27895,22684,38380,24296,32580,39671,29577,26001,39591,30991,28469,29165,27587,31737,28461,34920,35668,30636,36885,36159,33960,30227,32004,35477,34035,26086,32094,32043,40298,38022,20652,19637,30292,42853,39564,28707,34079,38569,43738,24608,32223,33972,39722,27999,40921,41963,34397,40448,25828,21576,36625,31953,32033
29696,33357,36511,46207,26876,30918,41159,31262,29289,32497,27737,33688,33942,32053,40545,38608,35866,30353,33501,34987,34784,30370,34133,27820,32108,45892,36645,22025,20093,21741,35903,42513,37046,39783,37494,32725,25811,42969,30286,39745,28597,34922,37164,48805,40065,35528,39938,27771,22666,38251,24256,32700,39588,29522,25930,39475,30955,28490,29084,27587,31683,28363,34759,35467,30781,36738,35953,33777,30106,31929,35366,33984,26057,32113,31919,40152,37885,20695,19715,30150,42715,39386,28589,33986,38330,43606,24567,32015,33844,39686,27872,40898,41933,34255,40311,25711,21544,36494,31785,32015
29872,33421,36587,46416,26986,31021,41368,31416,29270,32552,27946,33788,34108,32104,40593,38789,36138,30504,33660,35095,34907,30491,34213,27898,32094,46016,36689,22044,20068,21712,36141,42778,37227,39842,37625,32869,25880,43123,30296,39707,28612,34960,37193,48760,40228,35656,40077,27849,22680,38385,24299,32604,39704,29621,26036,39697,31011,28611,29184,27556,31793,28461,34873,35630,30689,36805,36130,33967,30206,31951,35507,34057,26085,32059,32094,40296,37956,20696,19657,30324,42887,39488,28644,34026,38554,43700,24636,32216,33893,39765,27949,40865,41814,34321,40482,25736,21549,36538,31944,32013
29883,33303,36508,46431,26951,30946,41286,31311,29294,32433,27942,33802,34050,32117,40676,38704,35947,30389,33619,35076,34924,30385,34202,27803,31986,45988,36684,21960,20070,21683,35993,42782,37280,39866,37530,32824,25726,42981,30225,39690,28625,34882,37196,48641,40081,35535,39992,27824,22628,38378,24335,32529,39742,29568,26010,39644,30955,28474,29091,27590,31619,28485,34812,35615,30615,36920,36162,33869,30192,32047,35520,33972,26159,32159,32051,40262,38022,20621,19637,30290,42913,39576,28602,34056,38497,43650,24540,32196,33955,39779,27889,40879,41756,34182,40341,25754,21561,36466,31840,32072
29863,33471,36506,46285,26861,30916,41176,31451,29328,32532,27820,33741,34057,32134,40673,38749,36002,30489,33675,35032,34903,30378,34209,27928,32055,45949,36671,21952,20106,21773,36098,42767,37220,39831,37694,32892,25919,43080,30317,39619,28555,34914,37154,48627,40140,35544,39985,27864,22610,38347,24252,32600,39731,29577,26040,39578,31048,28613,29182,27666,31768,28452,34842,35605,30627,36950,36238,33976,30319,31984,35549,34074,26218,32215,32185,40312,38007,20593,19704,30357,42986,39620,28574,34135,38646,43711,24730,32374,33999,39870,28046,40859,41817,34170,40337,25785,21532,36323,31862,32078
29953,33498,36467,46409,26994,30904,41214,31319,29254,32434,27795,33696,34056,32074,40570,38577,35988,30476,33498,34919,34828,30479,34258,27919,31958,46061,36660,21979,20059,21681,36005,42664,37196,39801,37446,32667,25891,42918,30109,39614,28611,34899,36976,48486,39967,35557,39931,27699,22669,38427,24343,32672,39684,29565,25990,39636,30889,28473,29007,27469,31729,28418,34874,35582,30662,36805,36184,33923,30133,31834,35473,34066,26087,32091,32078,40503,37979,20681,19667,30247,43023,39624,28602,34123,38604,43798,24734,32220,33972,39826,27923,40832,41818,34301,40493,25634,21583,36595,31901,32064
29882,33577,36467,46353,26871,30865,41189,31344,29333,32496,27786,33699,33969,31993,40663,38465,35857,30421,33580,34926,34782,30371,34240,27846,32000,45977,36627,21880,20032,21531,35907,42440,37075,39595,37360,32607,25799,42839,29962,39524,28483,34821,36850,48401,39773,35481,39671,27555,22608,38421,24298,32799,39691,29516,25947,39612,30934,28524,29124,27639,31669,28411,34786,35527,30682,36801,36127,33841,30228,31939,35394,34024,26185,32166,32045,40476,38004,20634,19662,30261,43032,39603,28614,34102,38362,43797,24668,32168,33995,39846,27835,40791,41723,34078,40392,25581,21513,36455,31877,32155
29834,33440,36503,46394,26857,30882,41263,31461,29321,32520,27988,33751,34112,31972,40671,38627,36066,30487,33634,35003,34873,30368,34163,27944,32011,46133,36646,21860,20032,21504,36100,42583,37126,39659,37508,32780,25922,43086,30121,39463,28495,34845,36950,48496,39895,35502,39762,27689,22577,38418,24247,32670,39702,29559,25978,39674,31051,28622,29155,27566,31761,28435,34882,35580,30602,36808,36270,33967,30337,31934,35522,34084,26174,32159,32126,40621,38014,20600,19620,30383,43055,39557,28593,34215,38508,43877,24784,32310,33996,39879,27975,40739,41762,34116,40393,25674,21486,36433,31957,32108
29941,33291,36545,46337,26985,30940,41169,31359,29243,32533,28011,33877,34170,32011,40665,38399,35947,30375,33542,34924,34809,30414,34211,27779,31906,45936,36610,21777,19988,21542,35886,42680,37273,39714,37283,32520,25802,42937,30106,39587,28507,34883,36874,48388,39984,35474,39797,27768,22631,38459,24366,32593,39665,29625,25967,39569,31030,28543,29205,27587,31724,28466,34983,35602,30654,36826,36077,33934,30156,31901,35525,34077,26078,32099,31968,40485,38001,20497,19558,30249,43043,39603,28536,34082,38600,43833,24697,32082,33958,39777,27921,40863,41667,34152,40371,25725,21506,36369,31940,32115
29972,33408,36503,46146,26961,30908,41077,31371,29302,32564,27832,33780,34141,32026,40607,38412,35896,30448,33613,35033,34762,30417,34237,27866,31963,45824,36603,21819,20099,21655,35907,42556,37211,39723,37310,32577,25826,42999,30084,39568,28474,34836,36817,48422,39984,35543,39858,27748,22626,38403,24325,32690,39517,29581,25967,39429,31015,28523,29167,27616,31730,28461,34890,35607,30644,36694,36042,33961,30216,31976,35424,34085,26162,32211,31998,40490,37969,20576,19685,30287,43019,39539,28587,34031,38544,43902,24741,32151,33888,39835,27928,40880,41746,34133,40415,25697,21486,36355,31863,31997
29799,33301,36326,46230,26945,30842,41104,31410,29337,32506,27824,33676,34148,31997,40606,38460,36016,30441,33640,34995,34896,30485,34176,27885,32021,45917,36680,21987,20066,21625,35953,42463,37184,39697,37445,32653,25845,42929,30143,39599,28576,34862,36981,48614,40043,35591,39832,27741,22699,38375,24288,32561,39564,29455,25937,39528,31009,28573,29131,27661,31715,28456,34797,35624,30647,36728,36072,33919,30258,31969,35461,34050,26116,32201,32010,40488,38035,20725,19649,30236,42847,39490,28655,34031,38532,43859,24740,32203,33955,39834,27953,40889,41907,34306,40395,25656,21608,36612,31888,32037
29879,33442,36555,46295,26994,30914,41158,31315,29234,32613,27830,33728,34053,32133,40714,38373,35899,30391,33422,34939,34897,30472,34231,27844,31985,45829,36680,21978,20098,21745,35851,42571,37225,39803,37470,32561,25939,42956,30192,39724,28577,34912,37118,48681,40125,35706,40007,27758,22752,38445,24389,32733,39639,29579,26000,39536,31040,28524,29051,27616,31774,28425,34892,35572,30747,36798,35931,33873,30091,31897,35440,34126,26163,32189,31976,40433,38009,20637,19669,30192,43047,39593,28586,33917,38409,43940,24725,32122,33998,39808,27953,40968,41883,34267,40583,25664,21614,36612,31951,32148
29801,33424,36357,46021,26866,30779,41114,31292,29267,32366,27829,33705,34079,31996,40497,38420,35884,30485,33507,34966,34830,30446,34259,27917,31955,45956,36657,22074,20174,21809,35911,42602,37153,39769,37567,32609,25959,42975,30245,39738,28533,34873,37026,48999,40162,35729,40038,27657,22697,38338,24254,32646,39447,29416,25909,39354,31024,28536,29199,27538,31607,28412,34780,35536,30572,36622,35943,33871,30139,31906,35368,34065,26122,32073,31997,40579,37944,20738,19780,30225,42929,39510,28604,33745,38458,43851,24695,32127,33928,39826,27939,40895,42230,34302,40537,25567,21500,36409,31889,31951
29700,33223,36307,46278,26868,30815,41135,31408,29336,32495,27820,33738,34034,31951,40677,38480,35935,30401,33659,35029,34984,30416,34201,27931,32116,45969,36682,22008,20012,21639,35960,42461,37154,39796,37415,32751,25944,43074,30182,39668,28586,34897,37231,48755,40122,35595,39888,27629,22653,38498,24226,32525,39638,29446,25901,39545,31051,28548,29149,27712,31678,28398,34781,35522,30502,36746,36093,33860,30264,32030,35494,33965,26198,32278,32054,40319,38036,20650,19523,30265,42783,39509,28523,34029,38355,43657,24693,32200,34023,39827,27913,40843,41793,34194,40370,25560,21518,36423,31894,32080
29835,33495,36412,46309,26922,30786,41131,31379,29225,32498,27854,33702,34088,32045,40675,38532,36062,30576,33570,34983,34927,30404,34148,27975,31911,46005,36579,22039,20146,21774,35938,42548,37024,39733,37627,32680,25950,43043,30335,39600,28521,34888,36963,48785,39973,35564,39870,27786,22676,38430,24308,32623,39632,29455,25928,39480,31060,28604,29204,27486,31729,28470,34827,35513,30665,36868,36092,33928,30265,31972,35589,34062,26190,32044,32138,40532,37914,20673,19691,30324,42833,39490,28604,33957,38468,43732,24776,32318,34013,39864,28091,40804,42018,34189,40424,25727,21514,36425,31982,32099
29911,33293,36439,46382,26901,30812,41154,31444,29347,32424,27835,33708,34088,32072,40707,38463,35968,30455,33687,35083,34912,30308,34108,27910,31976,45860,36584,21937,19976,21598,35844,42449,37050,39821,37455,32720,25818,42969,30307,39672,28502,34810,37107,48646,40064,35472,39640,27781,22597,38377,24318,32637,39733,29496,25904,39594,30991,28543,29158,27651,31629,28437,34838,35547,30640,36937,36130,33892,30323,32048,35595,33979,26203,32136,32059,40416,37935,20602,19574,30294,42888,39481,28555,33988,38386,43767,24678,32245,34030,39751,28042,40889,41867,34233,40274,25763,21480,36354,31948,32126
29955,33357,36488,46318,26939,30935,41259,31419,29253,32535,27880,33699,34034,32072,40661,38570,35974,30489,33612,35038,34782,30348,34115,27919,31974,45865,36604,21907,20115,21661,35985,42375,37062,39730,37655,32746,25907,43052,30433,39780,28505,34950,37100,48761,40025,35529,39657,27865,22641,38382,24334,32662,39743,29608,26032,39632,31028,28612,29219,27570,31772,28445,34926,35611,30680,36853,36099,33942,30273,31970,35523,34033,26114,32135,32027,40424,37921,20568,19746,30334,42832,39423,28610,33970,38360,43714,24718,32321,34013,39799,28142,40969,41977,34181,40243,25847,21531,36334,31998,32073
29914,33199,36406,46363,27017,30954,41247,31296,29291,32441,27830,33661,34008,31993,40607,38604,35868,30374,33597,35042,34788,30440,34114,27829,31963,45884,36606,22047,20066,21630,35929,42442,37095,39896,37668,32820,25872,42998,30408,39901,28648,34955,37289,48724,40065,35633,39827,27864,22678,38305,24358,32609,39690,29597,26036,39670,30889,28439,29081,27555,31694,28424,34838,35546,30603,36878,36140,33842,30211,31962,35391,33999,26033,32078,31927,40287,37975,20713,19571,30235,42734,39396,28579,34124,38406,43778,24654,32316,34009,39809,28117,41067,41921,34326,40242,25852,21560,36520,31890,31968
29848,33372,36466,46104,26876,30865,41083,31293,29224,32400,27746,33603,33915,32006,40547,38611,35810,30393,33478,34961,34656,30353,34104,27855,32013,45810,36571,22037,20135,21835,35940,42298,36904,39817,37710,32784,25956,43036,30396,39826,28567,34931,37177,48705,40022,35587,39684,27836,22633,38260,24318,32707,39501,29476,25916,39439,30914,28479,29102,27566,31582,28388,34704,35391,30666,36754,36100,33747,30147,31898,35288,33970,26080,32065,31940,40273,37914,20732,19745,30220,42640,39265,28630,34121,38307,43690,24729,32311,33965,39840,28091,41002,42028,34166,40138,25751,21512,36314,31850,31936
29775,33278,36468,46202,26895,30889,41154,31245,29145,32461,27857,33677,34052,32016,40617,38727,35942,30458,33515,35026,34755,30420,34173,27939,31903,45893,36636,22037,20033,21765,36098,42526,37138,39857,37823,32905,25973,43184,30420,39773,28587,34958,37224,48720,40192,35585,39839,27853,22724,38367,24269,32566,39601,29567,25972,39529,31014,28465,29061,27464,31707,28428,34814,35560,30626,36818,36183,33894,30213,31916,35332,34001,26094,32102,32062,40278,37978,20714,19657,30337,42787,39420,28665,34127,38497,43776,24733,32373,34014,39860,28057,40960,41923,34309,40346,25743,21549,36523,31920,31950
29742,33171,36485,46183,26891,30906,41063,31312,29272,32512,27836,33772,34033,31994,40634,38588,35877,30434,33548,35047,34760,30353,34296,27897,32001,45957,36662,21986,20032,21624,36007,42589,37274,39854,37421,32695,25867,42951,30075,39745,28605,34831,36965,48550,40062,35571,39877,27694,22727,38418,24241,32570,39615,29633,25904,39511,31013,28503,29118,27645,31677,28446,34793,35554,30550,36757,36105,33831,30147,31994,35365,34048,26191,32180,32032,40388,38002,20626,19619,30312,42949,39589,28588,34032,38457,43751,24686,32148,33939,39814,27797,40917,41685,34241,40427,25603,21569,36552,31818,32055
29877,33298,36494,46301,26927,30842,41128,31318,29203,32558,27866,33674,33976,32030,40523,38490,35853,30406,33538,34951,34789,30429,34215,27890,32037,45847,36623,22049,20119,21701,35981,42423,37191,39874,37213,32677,25804,42883,29984,39641,28598,34905,36873,48362,39986,35712,39894,27627,22679,38420,24287,32534,39545,29621,25918,39528,30942,28511,28983,27505,31785,28433,34848,35504,30521,36707,36090,33819,30180,31913,35387,34080,26104,32113,32036,40375,37998,20678,19658,30263,42946,39542,28636,34084,38402,43840,24707,32116,33943,39793,27841,40848,41571,34202,40502,25606,21519,36512,31960,32094
30008,33491,36497,46229,26949,30805,41096,31269,29224,32357,27792,33613,33957,32035,40465,38442,35828,30364,33516,34870,34724,30424,34119,27781,31961,45877,36537,22051,20142,21758,35816,42461,37088,39693,37409,32569,25683,42791,30058,39493,28461,34833,36746,48502,39897,35496,39725,27663,22671,38328,24369,32779,39640,29568,25936,39501,30885,28543,29057,27561,31650,28392,34787,35527,30713,36724,36090,33817,30146,31903,35327,34028,26023,32124,31976,40565,37946,20687,19762,30201,42931,39532,28635,33885,38553,43811,24607,32106,33882,39733,27850,40780,41901,34304,40393,25653,21545,36496,31935,32106
30023,33421,36620,46265,26962,30903,41059,31102,29058,32542,27804,33758,33967,32081,40753,38422,35855,30211,33297,34796,34728,30360,34215,27696,31787,45689,36582,21973,20035,21673,35756,42632,37159,39840,37436,32571,25747,42792,30041,39630,28427,34790,36764,48371,39704,35501,39811,27744,22663,38386,24354,32820,39714,29577,26025,39502,30794,28438,28903,27543,31746,28471,34917,35586,30680,36895,36046,33858,30069,31808,35510,34131,26010,32045,31956,40393,37905,20585,19648,30187,43164,39654,28536,33829,38345,43924,24549,32132,33954,39728,27800,40897,41727,34201,40479,25707,21516,36329,31925,32189
29745,33373,36396,46120,26922,30866,41079,31161,29222,32401,27921,33755,33975,31997,40557,38452,35951,30496,33495,34957,34757,30476,34204,27937,31672,45740,36581,22046,20097,21663,35911,42431,37043,39642,37541,32470,25804,42935,30198,39566,28440,34769,36836,48607,39912,35570,39684,27750,22687,38184,24289,32628,39505,29487,25996,39405,30956,28485,29172,27531,31793,28500,34865,35515,30639,36731,35911,33887,29971,31879,35469,34101,26142,31997,32022,40437,37868,20686,19816,30248,42945,39406,28604,33837,38284,43823,24611,32185,33938,39768,27974,40857,41904,34365,40338,25768,21568,36558,31900,32043
29616,33284,36327,46232,26828,30822,41175,31313,29343,32346,27779,33696,33949,31996,40630,38399,35853,30527,33628,35106,34763,30403,34130,27920,31904,45739,36614,22050,20094,21718,35910,42206,36963,39555,37389,32608,25852,43044,30281,39612,28457,34812,37064,48655,40086,35537,39572,27800,22678,38241,24227,32425,39558,29431,25938,39476,31092,28530,29203,27620,31638,28462,34658,35477,30479,36761,35958,33841,30100,32074,35325,33961,26203,32114,32021,40246,38005,20624,19656,30305,42637,39290,28583,33977,38228,43646,24697,32146,33985,39859,28018,40942,41841,34295,39954,25796,21560,36439,31864,32057
29634,33223,36183,46173,26879,30732,41143,31295,29283,32315,27788,33715,34038,31959,40499,38446,35948,30571,33595,35065,34697,30469,34148,27906,31873,45728,36643,21978,20184,21739,35907,42262,37019,39460,37451,32638,25859,43142,30274,39504,28465,34848,36975,48697,40129,35553,39727,27814,22699,38311,24272,32248,39533,29396,25882,39379,31140,28566,29270,27527,31663,28455,34788,35527,30561,36717,35960,33965,30157,32033,35319,34036,26134,32071,32019,40353,37971,20602,19738,30359,42642,39344,28619,33815,38326,43541,24708,32176,33896,39877,28012,40838,41853,34212,40241,25765,21575,36521,31900,31951
29628,33050,36241,46308,27051,30837,41073,31212,29145,32528,27888,33722,33913,31964,40655,38279,35798,30304,33538,34929,34753,30558,34211,27758,31843,45643,36561,22016,20113,21596,35661,42346,37058,39713,37278,32617,25764,42865,30187,39679,28639,35034,37053,48550,39926,35679,39896,27764,22706,38458,24369,32292,39694,29517,25978,39554,30881,28450,28986,27526,31838,28450,34979,35418,30515,36859,35951,33862,30180,31932,35420,34119,26119,32046,31990,40252,37910,20620,19645,30161,42727,39395,28562,33941,38249,43681,24601,32134,33950,39715,27916,40952,41702,34447,40365,25657,21629,36706,32048,32080
29840,33531,36519,46330,27007,30963,41063,31184,29053,32656,27821,33668,33896,32099,40783,38344,35815,30267,33375,34739,34658,30437,34167,27790,31900,45653,36503,22020,20140,21753,35668,42426,36965,39725,37345,32481,25747,42699,30113,39677,28542,34996,36823,48590,39726,35555,39750,27725,22650,38472,24410,32522,39696,29612,26036,39520,30816,28470,28996,27348,31819,28428,34965,35472,30700,36918,35940,33806,30051,31694,35478,34121,26047,32036,31964,40446,37863,20657,19757,30120,42863,39438,28638,33842,38300,43790,24551,32144,34005,39701,27822,40916,42053,34260,40397,25644,21558,36526,32093,32228
29895,33501,36559,46462,26990,30932,41140,31242,29161,32430,27829,33705,34060,32054,40701,38477,35987,30450,33494,34917,34733,30372,34160,27934,31710,45739,36586,21966,20025,21609,35904,42452,37085,39864,37418,32574,25894,42983,30334,39740,28449,34800,37149,48633,40017,35516,39731,27807,22633,38357,24302,32726,39794,29673,25970,39610,30978,28509,29076,27515,31676,28362,34783,35666,30555,37001,36054,33885,30100,31895,35460,34045,26106,32012,32000,40438,37944,20614,19646,30272,43002,39541,28622,34119,38456,43924,24724,32279,34053,39823,28056,40953,41875,34265,40503,25779,21542,36489,31943,32162
29732,33156,36325,46054,26789,30613,41064,31420,29336,32227,27742,33618,33942,31900,40420,38535,35820,30610,33655,35073,34636,30348,34124,27908,31873,45754,36611,21931,20026,21643,35937,42329,37037,39823,37661,32721,25916,43089,30442,39758,28405,34704,37059,48724,40244,35455,39733,27837,22639,38164,24198,32706,39498,29383,25801,39411,31048,28638,29327,27711,31504,28364,34628,35610,30566,36780,36092,33939,30190,32032,35261,33957,26137,32120,32016,40409,37953,20574,19623,30292,42867,39409,28580,34175,38569,43826,24740,32331,33968,39993,28188,40977,41985,34169,40288,25825,21475,36441,31770,31986
29822,33190,36465,46282,26856,30789,41146,31166,29076,32569,27822,33641,33935,32006,40749,38451,35931,30300,33331,34768,34757,30412,34111,27832,31738,45695,36596,22106,20039,21726,35867,42445,37048,40016,37592,32629,25889,42807,30332,39760,28616,34949,37171,48550,40014,35655,40055,27817,22695,38447,24252,32461,39564,29442,25924,39567,30927,28413,29001,27389,31650,28392,34870,35492,30580,36905,35978,33902,30078,31714,35428,34016,25983,31983,31861,40176,37904,20780,19648,30159,42806,39405,28667,34092,38430,43865,24649,32323,34047,39684,28023,40972,41811,34277,40478,25756,21548,36539,31934,32067
29844,33356,36467,46128,26916,30910,40992,31265,29287,32528,27708,33630,33833,32033,40720,38440,35768,30396,33609,34970,34628,30398,34229,27873,31810,45866,36460,22015,20146,21737,35785,42498,36959,39750,37476,32645,25773,42811,30131,39627,28639,34980,36842,48473,39917,35564,39855,27761,22674,38386,24347,32649,39632,29529,25954,39451,30911,28456,29167,27622,31660,28344,34789,35365,30720,36850,36078,33756,30177,31966,35368,34053,26110,32055,31958,40464,37829,20711,19713,30223,42929,39414,28762,34004,38413,43815,24581,32226,33960,39742,27886,40892,41860,34337,40446,25654,21584,36457,32045,32065
29788,33310,36486,46329,26817,30802,41147,31330,29237,32361,27759,33628,33930,31925,40536,38589,35882,30374,33643,35072,34820,30316,34142,27931,32064,45949,36675,22036,20001,21662,35878,42377,37019,39775,37621,32900,25786,43146,30149,39564,28455,34796,36960,48541,39924,35431,39646,27682,22642,38300,24248,32599,39620,29519,25876,39596,30987,28594,29017,27516,31586,28375,34723,35500,30498,36758,36251,33802,30354,32013,35439,33950,26188,32191,32079,40451,38020,20713,19531,30248,42828,39445,28691,34053,38398,43827,24704,32392,33938,39971,27945,40818,41804,34161,40261,25666,21453,36260,31907,31917
30049,33475,36549,46344,26976,30891,41203,31216,29177,32342,27870,33711,34005,32150,40633,38561,36025,30406,33592,34970,34900,30429,34186,27872,31911,45941,36537,22047,20207,21784,35901,42508,37099,39631,37647,32774,25762,42855,30170,39547,28544,34842,36899,48612,39892,35527,39627,27753,22716,38367,24429,32725,39688,29603,25927,39561,30936,28464,29113,27546,31609,28439,34875,35494,30785,36889,36103,33903,30355,31988,35527,34054,26150,32061,32103,40525,37869,20722,19791,30283,42850,39482,28625,33754,38439,43694,24579,32252,33960,39658,27913,40819,41918,34293,40390,25732,21613,36556,31928,31977
29903,33214,36524,46206,26925,30920,41129,31254,29212,32460,27788,33699,33908,32095,40649,38544,35832,30374,33494,34965,34759,30321,34270,27867,31956,45794,36610,22015,20077,21647,35826,42447,37029,39715,37595,32740,25831,42931,30173,39710,28448,34798,36873,48462,39829,35533,39526,27823,22577,38305,24355,32709,39619,29594,25980,39541,30875,28501,29046,27592,31662,28450,34837,35471,30601,36781,36077,33886,30220,31915,35492,34081,26149,32142,32005,40308,37925,20662,19682,30232,42979,39475,28507,33852,38299,43634,24668,32195,33858,39734,27899,40945,41722,34217,40245,25736,21496,36247,31869,32035
29848,33325,36371,46174,26983,30867,41084,31174,29167,32475,27835,33682,33968,32091,40637,38519,35831,30348,33416,34926,34770,30514,34210,27835,31986,45796,36686,22050,20078,21695,35892,42465,37091,39828,37638,32724,25849,43080,30213,39753,28548,34855,36861,48546,39968,35588,39626,27779,22754,38319,24372,32514,39516,29499,26010,39429,30896,28506,28984,27458,31729,28470,34850,35521,30657,36719,36022,33856,30147,31821,35484,34075,26092,32118,31989,40257,38046,20717,19702,30188,42910,39481,28556,33909,38364,43645,24695,32221,33887,39887,27985,40943,41829,34256,40189,25734,21584,36462,31932,31970
29724,33139,36308,46253,26896,30868,41209,31197,29285,32362,27880,33697,33984,32024,40662,38626,35955,30397,33589,35036,34787,30357,34210,27858,31942,45919,36622,22046,20179,21674,36032,42615,37146,39829,37621,32777,25831,43010,30264,39669,28511,34790,37054,48703,40034,35512,39634,27775,22702,38285,24315,32454,39664,29517,25952,39617,30976,28409,29092,27613,31619,28447,34791,35491,30589,36884,36133,33900,30192,31979,35467,34011,26128,32157,32050,40494,38032,20696,19834,30296,42955,39489,28588,34049,38492,43775,24664,32273,34015,39831,27957,40952,41974,34290,40304,25713,21555,36539,31916,32069
29752,33364,36367,46171,26837,30839,41132,31352,29354,32426,27889,33678,33997,32030,40591,38562,35916,30464,33505,35061,34668,30410,34232,27909,32074,45853,36654,22015,20135,21724,36017,42416,37094,39754,37463,32589,25851,42993,30080,39625,28480,34959,37004,48544,40166,35616,39641,27732,22661,38366,24317,32487,39503,29475,25927,39462,31018,28502,29124,27633,31713,28425,34700,35515,30633,36739,36062,33880,30183,31949,35429,34085,26166,32205,32031,40374,38020,20652,19734,30294,42866,39395,28651,34128,38400,43695,24767,32194,33953,39818,27916,40901,41789,34186,40206,25648,21553,36308,31941,32056
29819,33610,36422,46185,27000,30932,41156,31267,29240,32521,27932,33706,34013,32084,40554,38479,35881,30449,33450,34854,34692,30560,34268,27887,32095,45886,36683,22094,20240,21829,35929,42417,37147,39698,37489,32628,25863,42845,30019,39571,28528,34939,36669,48504,39905,35645,39687,27674,22815,38463,24379,32654,39555,29538,25992,39471,30977,28554,29098,27524,31785,28464,34847,35556,30782,36739,36031,33870,30198,31833,35477,34161,26128,32158,32013,40541,38059,20775,19887,30257,42899,39485,28641,33872,38372,43723,24707,32165,33913,39802,27851,40812,41919,34324,40313,25632,21675,36606,31956,32126
29883,33276,36530,46025,27013,30999,40999,31287,29281,32574,27841,33822,33930,32044,40568,38389,35877,30447,33456,34987,34721,30426,34312,27880,32111,45960,36650,21968,20106,21592,35815,42684,37215,39901,37475,32683,25865,42948,30014,39634,28457,34771,36666,48553,39941,35550,39802,27725,22697,38400,24351,32615,39581,29673,25978,39423,30973,28580,29128,27658,31744,28441,34977,35493,30639,36741,35986,33871,30214,31970,35441,34121,26155,32233,31984,40582,38016,20608,19743,30220,43084,39615,28560,33782,38493,43822,24663,32133,33896,39837,27786,40855,41840,34231,40543,25666,21560,36566,31873,32122
30027,33210,36497,46229,27014,30892,41083,31327,29278,32517,27959,33761,33987,32020,40517,38448,35896,30405,33566,35063,34750,30467,34251,27883,32021,45863,36711,21974,20014,21532,35944,42583,37248,39987,37434,32709,25907,43010,30105,39682,28507,34914,36991,48495,40139,35696,39968,27725,22677,38354,24370,32511,39516,29604,25980,39516,31012,28522,29064,27512,31825,28457,34938,35597,30512,36685,36042,33866,30204,31985,35426,34137,26133,32151,32053,40382,38032,20586,19600,30256,43039,39609,28633,34044,38372,43901,24754,32186,33927,39799,27892,40873,41540,34244,40622,25641,21561,36548,31965,31996
29890,33411,36424,46208,26911,30863,41094,31289,29339,32432,27873,33652,33930,31995,40538,38512,35864,30419,33599,35024,34742,30393,34163,27826,31996,46002,36621,22024,20166,21732,35902,42529,37123,39720,37412,32699,25775,42878,30114,39558,28470,34892,36850,48626,40074,35543,39705,27705,22643,38391,24380,32662,39621,29549,25938,39497,30947,28486,29180,27601,31726,28445,34846,35534,30696,36801,36145,33855,30250,31985,35450,34077,26149,32152,32065,40689,37996,20617,19765,30254,42937,39575,28625,34057,38574,43746,24632,32226,34007,39844,27900,40814,41962,34302,40385,25683,21562,36467,31952,32149
29982,33405,36535,46334,26909,30865,41075,31253,29246,32502,27747,33647,33845,32065,40643,38387,35796,30389,33524,34982,34712,30338,34191,27845,31862,45917,36525,21917,20100,21692,35729,42439,36967,39811,37443,32698,25845,42952,30160,39567,28422,34827,36945,48568,40011,35496,39601,27821,22643,38372,24383,32702,39639,29543,25996,39465,30909,28501,29036,27636,31771,28446,34835,35451,30698,36851,36046,33787,30285,31920,35463,34094,26123,32086,31992,40628,37932,20536,19745,30166,42970,39464,28594,33939,38305,43824,24714,32211,34004,39753,27973,40831,41900,34234,40334,25786,21555,36262,31995,32246
29967,33486,36381,46114,26952,30826,41039,31183,29193,32365,27874,33608,33899,32041,40488,38420,35864,30536,33514,34980,34674,30451,34164,27992,31870,45808,36527,21983,20132,21741,35858,42386,36904,39691,37531,32737,25856,42996,30256,39552,28414,34807,36911,48742,40064,35566,39584,27789,22730,38228,24342,32712,39534,29444,25926,39398,30898,28505,29098,27488,31756,28444,34834,35477,30727,36725,35964,33832,30259,31911,35419,34039,26147,31967,32068,40625,37872,20652,19828,30248,42757,39326,28660,33745,38303,43768,24662,32273,33950,39787,27961,40800,42115,34317,40361,25721,21585,36513,31939,32040
29892,33295,36436,46274,26968,30903,41063,31196,29224,32461,27849,33670,33913,32072,40672,38440,35869,30329,33591,35112,34845,30396,34183,27876,31871,45767,36651,21956,19997,21568,35836,42485,37072,39835,37411,32779,25757,43039,30140,39719,28490,34819,37151,48631,39990,35577,39718,27744,22662,38369,24339,32554,39648,29510,25939,39435,30913,28422,28990,27564,31720,28404,34871,35448,30549,36862,36029,33862,30277,32063,35431,34022,26190,32076,32055,40304,38067,20566,19581,30243,42783,39485,28526,33901,38266,43740,24641,32248,34021,39831,27885,40931,41771,34257,40301,25692,21572,36542,31927,32041
29868,33545,36458,46129,26834,30829,41036,31285,29368,32425,27797,33601,33817,32083,40563,38605,35813,30458,33726,35050,34757,30375,34199,27926,32056,45911,36523,21975,20137,21769,35844,42401,36893,39646,37513,32833,25761,42891,30128,39613,28424,34842,36810,48721,39754,35516,39565,27783,22659,38325,24300,32647,39674,29492,25952,39375,30841,28505,29198,27704,31732,28404,34773,35387,30726,36850,36258,33867,30468,32062,35420,34126,26230,32162,32128,40684,37945,20572,19814,30273,42857,39400,28598,33947,38436,43714,24642,32351,33938,39822,27916,40890,42176,34183,40229,25743,21544,36327,31885,31948
29874,33267,36405,46347,26988,30856,41111,31203,29199,32450,27837,33664,33905,32133,40620,38429,35868,30369,33547,34913,34798,30500,34215,27879,31880,45821,36683,21936,20021,21621,35887,42312,37019,39800,37480,32719,25894,43034,30188,39710,28555,34898,37028,48576,39837,35624,39609,27772,22762,38373,24409,32516,39703,29497,25994,39552,30820,28418,28994,27485,31790,28444,34871,35561,30668,36885,36130,33903,30220,31852,35451,34080,26134,32055,32024,40409,38029,20570,19614,30224,42860,39473,28626,34081,38272,43859,24745,32261,33959,39862,27995,40944,41739,34449,40327,25780,21640,36541,31927,32030
29845,33600,36445,46177,26909,30861,41037,31256,29197,32444,27810,33692,33821,32029,40645,38380,35761,30409,33465,34809,34649,30443,34185,27795,31981,45828,36497,22029,20252,21783,35789,42377,36918,39662,37495,32558,25742,42761,30168,39563,28466,34781,36771,48660,39838,35522,39582,27732,22684,38284,24327,32743,39617,29480,25936,39435,30824,28545,29065,27582,31709,28436,34847,35425,30726,36763,35962,33817,30111,31827,35409,34051,26135,31987,31965,40597,37879,20720,19883,30176,42826,39400,28632,33815,38311,43726,24563,32083,33841,39696,27863,40783,42061,34184,40256,25725,21548,36561,31843,32105
30012,33342,36455,46400,27042,30985,41139,31349,29258,32523,27948,33764,34007,32097,40716,38466,35950,30465,33569,34995,34787,30398,34216,27896,31825,45767,36654,21897,19928,21517,35949,42567,37168,39931,37464,32741,25914,43013,30278,39707,28499,34948,37003,48424,40037,35570,39768,27878,22618,38449,24389,32577,39680,29672,26054,39582,30996,28550,29084,27623,31804,28484,34975,35620,30531,36786,36000,33944,30164,31906,35407,34104,26160,32093,32027,40220,37957,20513,19503,30313,42974,39522,28564,33948,38272,43804,24745,32188,33903,39737,27963,40918,41468,34207,40236,25736,21510,36397,32015,32028
29923,33481,36332,46314,26960,30868,41181,31257,29295,32326,27911,33693,34052,32061,40532,38453,35951,30475,33503,34843,34702,30477,34164,27847,31957,45885,36632,22074,20177,21717,35937,42463,37144,39766,37453,32495,25776,42814,30109,39577,28561,34862,36795,48501,39956,35543,39683,27696,22720,38310,24351,32635,39598,29492,25929,39530,30917,28525,29124,27588,31665,28484,34793,35622,30695,36691,36045,33892,30113,31868,35364,34040,26049,32089,31952,40489,37988,20678,19779,30238,42887,39476,28617,33936,38413,43724,24678,32147,33872,39760,27936,40821,41866,34321,40168,25650,21564,36642,31872,32001
29851,33396,36510,46335,26982,30957,41186,31387,29303,32622,27895,33732,33954,32025,40677,38504,35900,30488,33581,34938,34705,30375,34173,27879,32017,46020,36642,21925,20087,21640,35953,42442,37003,39720,37428,32633,25879,42872,30050,39564,28446,34904,36917,48533,40003,35459,39527,27707,22650,38455,24350,32679,39676,29590,25980,39631,31003,28624,29130,27699,31761,28497,34850,35494,30752,36737,36180,33865,30308,32008,35368,34060,26174,32178,31981,40535,38080,20540,19674,30304,42934,39417,28536,34158,38385,43745,24730,32218,33923,39862,27896,40845,41877,34192,40157,25677,21492,36323,31879,32155
30030,33561,36512,46174,27064,30905,41084,31292,29151,32548,27924,33667,33938,32108,40530,38569,35881,30520,33533,34904,34709,30506,34167,27854,31906,45938,36568,22011,20090,21707,35944,42433,36979,39737,37565,32652,25835,42940,30113,39540,28554,34933,36813,48492,39964,35598,39772,27708,22685,38346,24414,32675,39613,29590,25981,39498,30907,28608,29082,27477,31782,28488,34903,35466,30736,36708,36167,33868,30276,31887,35377,34085,26083,32057,32010,40598,37968,20683,19701,30274,42905,39403,28701,34049,38490,43911,24721,32233,33842,39859,27928,40815,41879,34265,40383,25658,21585,36519,31995,31965
29973,33340,36446,46337,26990,30914,41169,31260,29235,32482,27924,33726,33949,32104,40661,38542,35926,30394,33528,34929,34832,30418,34211,27770,31886,45846,36700,21929,19969,21631,35919,42476,37160,39852,37624,32707,25861,42957,30239,39636,28522,34889,37040,48523,39942,35557,39775,27758,22618,38380,24352,32586,39656,29555,25961,39522,30892,28527,29109,27564,31683,28489,34881,35577,30673,36943,36116,33898,30198,31964,35492,34023,26103,32138,32066,40433,38097,20611,19578,30245,42938,39539,28676,34155,38436,43936,24664,32260,34037,39876,28003,40900,41782,34237,40310,25737,21540,36477,31982,32078
29845,33490,36475,46153,26841,30846,41074,31279,29229,32494,27817,33676,33845,32066,40657,38507,35822,30478,33514,34846,34638,30403,34202,27810,32045,45769,36503,21963,20136,21783,35887,42470,37037,39697,37618,32585,25887,42758,30260,39583,28513,34881,36925,48636,39982,35585,39733,27766,22666,38347,24296,32716,39570,29497,25951,39416,30848,28555,29106,27625,31723,28413,34835,35464,30706,36833,36066,33866,30150,31851,35366,34082,26093,32116,32031,40508,37949,20638,19834,30238,42870,39455,28680,34095,38503,43797,24663,32263,34030,39791,28068,40923,42170,34228,40379,25730,21538,36419,31920,32133
29894,33228,36394,46327,27018,30883,41119,31328,29212,32534,27977,33742,34044,32063,40665,38496,35967,30474,33553,35034,34810,30469,34204,27958,31755,45653,36663,21941,19992,21604,36076,42593,37189,39828,37621,32682,26013,43095,30348,39717,28595,34975,37293,48525,40332,35642,39848,27820,22723,38426,24337,32448,39593,29519,26023,39496,31052,28468,29030,27455,31799,28473,34964,35658,30576,36906,36024,33952,30135,31927,35426,34014,26160,32076,32090,40160,38033,20605,19581,30334,42917,39574,28735,34218,38497,43883,24831,32333,34124,39855,28194,41028,41725,34388,40454,25812,21606,36580,32098,32133
29892,33550,36389,46343,26979,30955,41141,31258,29176,32551,27935,33771,34062,32072,40696,38519,35901,30393,33430,34885,34785,30436,34209,27819,31987,45867,36549,22012,20184,21765,35895,42604,37199,39755,37443,32531,25805,42775,30132,39602,28575,34823,36888,48475,39957,35554,39783,27707,22701,38447,24343,32645,39624,29555,26008,39503,30976,28529,29060,27532,31725,28461,34885,35598,30688,36793,36007,33862,30111,31830,35417,34018,26108,32060,32021,40427,37939,20727,19802,30224,42856,39550,28722,33874,38482,43767,24636,32111,33936,39679,27896,40914,41852,34242,40323,25723,21586,36615,31958,32138
29965,33476,36510,46407,26992,31047,41208,31257,29224,32539,27893,33731,33961,32138,40699,38429,35835,30355,33536,34910,34757,30371,34187,27855,32106,45759,36671,21919,20038,21622,35780,42471,37117,39857,37467,32726,25840,43011,30182,39623,28506,34921,36955,48404,39881,35570,39676,27749,22617,38440,24390,32670,39606,29703,26082,39585,30934,28516,29033,27563,31778,28430,34911,35579,30612,36779,36029,33813,30261,31892,35435,34104,26152,32189,31956,40299,38029,20610,19657,30185,42848,39528,28576,33881,38284,43802,24681,32274,33939,39831,27948,40871,41681,34175,40241,25748,21513,36319,32008,32056
29933,33578,36514,46284,26991,30967,41178,31220,29216,32436,27837,33659,33980,32072,40606,38487,35844,30421,33484,34932,34733,30492,34152,27872,31957,45809,36634,22056,20118,21694,35862,42469,37063,39776,37627,32747,25820,42966,30282,39646,28546,34850,36921,48659,39963,35599,39758,27858,22699,38324,24367,32821,39657,29638,26012,39557,30930,28540,29047,27548,31695,28400,34842,35549,30711,36856,36037,33804,30186,31903,35373,34067,26082,32097,31927,40475,37971,20734,19709,30183,42782,39449,28579,33869,38460,43774,24664,32336,33971,39859,28046,40888,42060,34403,40350,25819,21551,36571,31909,32004
29942,33342,36582,46432,26964,30984,41143,31327,29255,32560,27870,33697,33977,32054,40710,38662,35849,30413,33543,35025,34765,30357,34204,27902,32037,45855,36686,22051,20035,21593,35938,42495,37064,39836,37633,32835,25906,43159,30314,39717,28607,34859,37264,48603,40155,35576,39690,27931,22718,38387,24306,32729,39706,29607,25983,39590,30929,28526,29025,27639,31688,28397,34827,35513,30682,36859,36096,33859,30221,31971,35309,34030,26165,32125,31919,40207,38031,20672,19582,30227,42791,39431,28544,34074,38302,43720,24728,32308,33972,39919,28023,41022,41762,34340,40245,25778,21579,36560,31903,32094
29960,33587,36552,46334,26963,30942,41162,31429,29355,32505,27971,33701,34011,32085,40589,38745,35936,30546,33672,35013,34789,30405,34208,27931,32168,45968,36622,22003,20051,21725,36005,42511,37052,39787,37667,32895,25915,43155,30427,39716,28569,34968,37209,48826,40165,35545,39699,27890,22729,38340,24305,32688,39599,29572,26006,39548,30985,28590,29251,27574,31690,28421,34829,35517,30717,36719,36086,33827,30338,31928,35363,34018,26172,32082,31982,40497,37933,20679,19679,30236,42685,39362,28589,33995,38367,43659,24703,32281,33910,39897,28058,40929,42093,34222,40087,25805,21560,36424,31945,31969
30007,33407,36569,46470,27011,30966,41282,31253,29261,32528,27881,33751,34008,32145,40704,38409,35859,30356,33560,34944,34860,30426,34173,27794,32019,45927,36677,21969,20129,21769,35788,42503,37049,40066,37477,32778,25867,43029,30407,39850,28619,34934,37239,48767,39933,35541,39752,27875,22703,38459,24378,32662,39627,29613,26018,39679,30941,28499,29093,27571,31628,28423,34843,35551,30675,36802,35954,33786,30251,31947,35427,34041,26103,32143,31951,40411,38028,20609,19714,30134,42676,39379,28514,33802,38199,43638,24646,32217,33895,39742,28018,40953,41910,34182,40084,25848,21552,36403,31903,32055
30032,33522,36634,46311,26932,30940,41190,31353,29353,32522,27815,33680,33926,32096,40647,38627,35831,30469,33658,35007,34737,30358,34185,27834,32119,45851,36526,21978,20141,21777,35886,42565,36944,39941,37614,32861,25839,42917,30356,39721,28581,34928,37150,48769,40037,35533,39701,27859,22624,38408,24315,32851,39626,29580,25966,39646,30895,28517,29211,27682,31711,28420,34865,35455,30687,36739,36059,33794,30282,31957,35383,34083,26143,32157,32017,40584,37934,20650,19779,30191,42791,39324,28501,33896,38317,43621,24654,32261,33920,39697,27983,40867,42118,34139,40222,25748,21482,36340,31847,32121
30114,33425,36562,46421,27103,30943,41155,31209,29219,32580,27899,33684,33953,32128,40649,38579,35836,30362,33442,35004,34803,30484,34244,27839,32063,45697,36667,21997,19963,21661,35923,42595,37168,40025,37527,32668,25949,43064,30309,39841,28687,35117,37363,48596,40097,35721,40005,27874,22723,38451,24406,32569,39612,29553,26055,39553,30832,28391,28890,27483,31767,28460,34927,35577,30604,36775,36047,33863,30078,31879,35313,34071,26060,32035,31903,40061,37922,20649,19545,30210,42812,39465,28600,34167,38213,43771,24708,32228,33913,39831,28031,40979,41623,34326,40362,25797,21573,36508,32034,31994
29947,33552,36510,46391,27019,30954,41188,31333,29286,32551,27938,33800,34050,32062,40730,38483,35892,30428,33545,34887,34797,30471,34258,27729,32019,45799,36548,22002,20166,21822,35868,42599,37169,39835,37462,32562,25750,42770,30279,39720,28614,35012,37063,48760,39961,35625,39960,27910,22709,38453,24369,32595,39639,29585,26055,39536,30888,28525,29140,27626,31666,28455,34817,35548,30672,36847,35990,33841,30170,31930,35316,34060,26063,32090,31897,40321,37870,20684,19751,30207,42808,39459,28639,33984,38397,43697,24574,32164,33943,39684,27984,40962,42034,34183,40212,25846,21601,36585,31899,32033
29912,33383,36599,46416,27016,30933,41135,31307,29293,32610,27935,33838,34022,32107,40736,38419,35862,30391,33580,35011,34903,30389,34307,27853,32024,45877,36673,21917,20072,21650,35855,42485,37048,39937,37507,32714,25891,42915,30266,39845,28674,35030,37181,48627,39878,35650,39827,27926,22708,38471,24341,32615,39575,29598,26014,39570,30932,28528,29041,27641,31732,28478,34831,35613,30549,36810,36062,33828,30251,31983,35414,34098,26182,32255,32014,40275,38014,20607,19652,30164,42779,39422,28561,34111,38239,43766,24797,32270,33963,39818,28066,41049,41795,34208,40117,25801,21575,36400,31933,32086
29961,33597,36453,46340,27023,30893,41186,31330,29269,32432,27880,33759,34035,32085,40557,38536,35923,30524,33564,34888,34832,30522,34213,27912,32045,45986,36606,22028,20173,21728,35948,42440,36966,39718,37648,32640,25894,42897,30216,39661,28670,34904,37029,48758,40026,35607,39730,27802,22745,38328,24326,32672,39516,29478,25962,39520,30893,28599,29119,27569,31594,28449,34839,35523,30660,36677,36123,33831,30276,31873,35412,34053,26155,32100,32026,40594,38004,20758,19785,30212,42700,39321,28616,34160,38467,43671,24759,32309,33906,39872,28011,40875,42107,34249,40187,25683,21582,36516,31827,31922
30045,33438,36634,46501,27085,31065,41190,31368,29294,32659,27933,33789,33995,32161,40830,38559,35940,30432,33562,35027,34900,30411,34215,27855,31896,45889,36658,21888,19953,21519,36020,42680,37175,39865,37539,32692,25878,42959,30195,39675,28640,34950,37299,48533,40157,35527,39832,27773,22658,38517,24355,32673,39715,29659,26050,39597,30957,28512,29123,27611,31674,28426,34913,35515,30597,36927,36144,33913,30214,31992,35411,33996,26171,32112,31976,40412,38058,20611,19480,30262,42959,39534,28566,34334,38493,43842,24714,32283,34050,39880,27990,40953,41685,34130,40327,25675,21567,36481,31918,32112
30047,33539,36390,46147,26937,30869,41112,31293,29191,32494,27904,33660,33939,32082,40513,38535,35859,30497,33513,34919,34693,30405,34162,27870,32080,45830,36571,21978,20137,21743,35990,42493,37041,39756,37530,32567,25851,42882,30140,39532,28624,35001,36961,48542,40083,35555,39918,27738,22677,38310,24318,32674,39470,29450,25924,39385,30969,28567,29051,27517,31671,28395,34767,35508,30725,36696,36158,33819,30114,31894,35273,33997,26101,32147,31980,40555,37977,20727,19712,30251,42846,39397,28724,34227,38543,43906,24750,32213,33891,39872,27961,40882,41921,34114,40284,25644,21538,36490,31945,31967
29927,33120,36327,46487,27000,30952,41376,31333,29283,32504,27937,33786,34137,32008,40684,38616,36005,30385,33629,35061,34876,30432,34264,27860,32013,45872,36779,21843,19979,21595,36077,42601,37315,39853,37592,32763,25923,43060,30269,39634,28675,35066,37296,48428,40242,35645,39957,27843,22680,38414,24309,32450,39669,29558,25995,39705,31038,28524,29088,27587,31679,28432,34849,35657,30607,36802,36232,33949,30258,32060,35340,33995,26036,32215,32042,40250,38131,20559,19495,30323,42917,39565,28622,34277,38605,43869,24722,32286,33942,39826,28014,40929,41559,34263,40247,25745,21551,36536,31943,31962
29883,33558,36527,46273,26959,30936,41155,31334,29296,32576,27863,33729,34004,32043,40731,38600,35870,30499,33504,34984,34668,30462,34287,27839,32132,46010,36582,21982,20158,21765,35984,42637,37174,39844,37522,32605,25844,42905,30242,39611,28612,34996,37055,48621,40173,35665,40000,27805,22671,38357,24309,32670,39553,29563,25965,39459,30948,28539,29131,27647,31694,28404,34761,35498,30721,36674,36110,33882,30130,31926,35229,34078,26079,32154,31905,40439,38004,20688,19711,30249,42914,39493,28657,34109,38574,43825,24721,32187,33840,39825,27980,40854,41900,34211,40322,25722,21564,36540,31882,31968
29975,33349,36479,46412,27014,30915,41175,31253,29229,32541,27906,33738,34053,32088,40662,38498,35912,30375,33547,34930,34786,30395,34227,27837,32015,45895,36681,21902,20018,21612,35954,42566,37154,39861,37420,32719,25858,42927,30079,39644,28652,34994,36995,48414,39896,35611,39879,27751,22654,38456,24360,32527,39587,29544,25985,39535,30930,28501,28985,27534,31698,28453,34840,35605,30590,36732,36177,33892,30205,31898,35310,34041,26121,32167,31933,40349,38072,20656,19593,30253,42966,39545,28646,34128,38426,43928,24768,32216,33930,39857,27935,40898,41658,34256,40292,25674,21561,36419,32012,32088
30002,33538,36427,46233,26974,30897,41023,31239,29262,32524,27864,33751,33914,32099,40735,38416,35801,30399,33528,34934,34820,30445,34252,27797,32021,45736,36523,22002,20155,21681,35846,42521,37096,39649,37367,32569,25752,42731,29982,39530,28609,34830,36787,48426,39803,35568,39729,27688,22717,38500,24363,32624,39619,29499,25956,39356,30937,28473,29052,27600,31663,28411,34814,35386,30712,36826,36003,33793,30167,31932,35322,34033,26092,32123,32005,40466,37917,20732,19747,30217,42954,39549,28650,33855,38410,43848,24596,32111,33927,39744,27830,40841,41839,34226,40349,25643,21611,36658,31900,32212
29937,33332,36366,46280,26964,30929,41137,31348,29266,32490,27898,33700,33872,32100,40672,38566,35882,30381,33599,35022,34852,30386,34217,27851,32032,45726,36647,21969,20100,21664,35939,42373,37019,39636,37513,32719,25826,43009,30156,39567,28525,34947,37119,48505,40002,35604,39684,27764,22695,38411,24347,32459,39541,29502,26004,39438,30942,28525,29107,27573,31740,28385,34806,35409,30656,36859,36097,33830,30259,31953,35405,34053,26125,32166,32123,40304,38006,20668,19721,30259,42766,39449,28608,34090,38297,43698,24686,32232,34063,39841,27912,40876,41845,34242,40234,25711,21563,36431,32033,32209
29788,33360,36373,46050,27012,30903,41015,31277,29238,32566,27945,33713,34011,32079,40535,38439,35910,30396,33423,34893,34850,30533,34198,27771,31913,45808,36706,22067,20123,21733,35937,42672,37205,39774,37403,32600,25797,43016,30151,39691,28513,34965,36904,48747,39964,35704,39873,27784,22715,38427,24318,32575,39554,29560,26003,39367,30912,28555,29218,27591,31802,28449,34845,35589,30752,36797,35982,33904,30130,31908,35381,34067,26003,32095,31937,40482,38038,20772,19755,30214,42982,39547,28687,33816,38621,43821,24615,32103,33922,39951,27929,41008,42052,34390,40390,25755,21586,36655,32001,32182
29774,33140,36434,46235,26880,30857,41042,31238,29323,32644,27870,33727,33962,32080,40696,38545,35889,30366,33558,35039,34825,30339,34210,27882,31889,45734,36676,22072,20030,21679,35918,42661,37240,39972,37394,32877,25905,43078,30248,39782,28632,34945,37281,48514,40026,35612,39890,27797,22670,38412,24201,32536,39570,29516,25945,39448,30969,28475,29018,27674,31709,28412,34792,35585,30615,36824,36102,33953,30274,32030,35310,33965,26167,32158,32046,40167,37992,20715,19609,30267,42993,39582,28636,34026,38312,43776,24690,32186,33944,39875,27968,41057,41590,34295,40192,25702,21529,36490,31906,32117
29848,33523,36395,46176,26850,30796,41076,31251,29192,32497,27921,33696,33958,32113,40561,38623,35956,30516,33550,34903,34793,30401,34156,27900,32117,45878,36611,22050,20145,21846,35898,42457,37025,39718,37626,32798,25840,42988,30244,39644,28526,34902,36877,48713,39966,35542,39649,27765,22692,38324,24242,32590,39547,29451,25951,39359,30946,28551,29103,27451,31702,28413,34807,35559,30729,36760,36131,33893,30306,31871,35431,33997,26153,32146,32073,40532,38007,20761,19793,30233,42804,39435,28718,33835,38433,43697,24681,32257,33889,39921,28005,40904,42185,34287,40150,25747,21558,36390,31929,31976
30018,33239,36548,46414,27032,30971,41165,31347,29288,32575,27908,33801,33953,32161,40659,38451,35877,30439,33611,35066,34817,30432,34227,27837,31896,45877,36661,21946,20085,21615,35784,42601,37130,39890,37492,32772,25765,42932,30145,39686,28635,34870,36937,48508,39957,35552,39661,27795,22649,38439,24376,32570,39678,29661,26006,39630,31011,28508,29106,27602,31735,28467,34945,35578,30673,36812,35918,33863,30279,31977,35497,34052,26185,32085,32018,40350,38039,20650,19703,30195,42870,39514,28556,33684,38215,43784,24589,32152,33877,39670,27849,40919,41701,34319,40266,25737,21607,36584,31948,32076
30098,33505,36561,46354,26976,30988,41244,31371,29379,32636,27933,33790,34055,32085,40641,38615,36022,30570,33604,35115,34760,30462,34305,27993,32072,45875,36710,21919,20006,21537,35974,42689,37156,39831,37698,32839,25947,43147,30356,39621,28549,34937,37040,48568,40153,35604,39805,27874,22575,38453,24393,32701,39575,29697,26030,39571,31051,28609,29185,27671,31812,28454,34969,35602,30597,36774,36008,34018,30332,32015,35543,34179,26244,32193,32099,40299,37996,20583,19587,30338,42837,39526,28488,33931,38375,43671,24770,32318,33953,39806,28051,40846,41624,34187,40302,25734,21513,36500,31955,32057
29902,33216,36418,46434,26989,30961,41251,31341,29369,32481,27907,33745,34083,32027,40583,38538,35968,30466,33620,34994,34842,30434,34260,27932,32049,46071,36747,21892,20034,21574,35919,42603,37116,39855,37551,32763,25930,43012,30308,39691,28501,34920,37083,48681,40078,35630,39610,27844,22627,38426,24375,32521,39616,29642,25986,39690,31009,28477,29135,27611,31722,28455,34935,35658,30533,36778,36141,33933,30320,31946,35465,34131,26120,32181,32019,40534,38074,20557,19635,30216,42832,39536,28490,34053,38428,43661,24765,32295,33969,39740,28047,40887,41883,34284,40258,25770,21523,36467,31931,32130
29988,33599,36528,46230,26991,31002,41027,31293,29292,32626,27936,33760,33894,32138,40773,38325,35831,30462,33495,34960,34687,30467,34264,27873,32002,45957,36558,21986,20238,21757,35722,42441,36956,39707,37408,32561,25754,42829,30108,39610,28525,34871,36767,48683,39981,35562,39481,27756,22716,38454,24413,32793,39610,29594,25978,39475,30977,28536,29107,27643,31717,28486,34885,35455,30778,36724,35876,33845,30198,31912,35449,34103,26203,32102,31966,40604,37941,20679,19869,30170,42761,39420,28573,33626,38242,43628,24652,32135,33841,39706,27820,40827,42026,34165,40220,25679,21596,36489,31883,32163
29983,33378,36447,46148,26961,30917,41094,31275,29200,32551,27952,33657,33874,32074,40587,38471,35844,30435,33479,34903,34714,30384,34176,27850,32143,45722,36584,22015,20120,21741,35833,42448,37007,39788,37521,32736,25820,42937,30238,39632,28540,35034,36980,48681,39997,35573,39650,27787,22646,38357,24345,32615,39585,29562,25985,39503,30867,28552,28990,27561,31766,28438,34834,35454,30646,36728,35961,33844,30187,31858,35391,34057,26130,32154,32010,40431,37947,20693,19720,30171,42700,39367,28568,33876,38376,43687,24670,32214,33901,39774,27971,40861,42006,34197,40265,25659,21549,36321,31992,32017
29904,33258,36422,46438,27061,30966,41284,31303,29230,32485,27951,33756,34141,32019,40647,38445,35933,30411,33506,35024,34842,30497,34299,27920,31967,45945,36707,21936,19986,21585,35956,42625,37317,39815,37425,32658,25943,42968,30243,39729,28571,35036,37108,48630,40125,35657,39836,27795,22675,38543,24400,32512,39686,29625,26048,39663,31008,28478,29153,27536,31821,28488,34957,35719,30613,36873,36038,33958,30188,31979,35399,34109,26064,32145,32072,40346,38128,20592,19569,30277,42964,39704,28601,34042,38502,43784,24735,32273,34088,39785,28024,40928,41794,34394,40497,25736,21599,36642,32043,32230
29852,33604,36529,46251,26903,30935,41064,31259,29262,32566,27859,33769,33974,32022,40771,38417,35792,30424,33438,34940,34738,30492,34308,27793,32154,45922,36548,22037,20184,21684,35839,42529,37222,39643,37263,32503,25715,42733,29981,39535,28550,34864,36794,48435,39974,35617,39767,27670,22713,38581,24311,32691,39570,29565,25969,39399,30933,28502,29066,27621,31780,28461,34862,35512,30730,36803,35986,33838,30157,31941,35350,34173,26130,32143,32042,40456,37939,20729,19811,30234,42975,39724,28655,33889,38520,43751,24588,32095,34028,39669,27822,40783,41854,34167,40516,25642,21567,36714,31963,32333
29880,33139,36397,46304,26954,30945,41317,31329,29362,32441,27958,33717,33966,32010,40583,38668,36041,30534,33690,35166,34829,30351,34231,27993,32006,45983,36716,21819,20083,21555,36055,42541,37041,39579,37766,32917,25891,43155,30221,39449,28453,34975,37008,48525,40040,35554,39505,27800,22581,38425,24314,32412,39641,29586,26005,39633,31021,28512,29208,27685,31778,28441,34855,35550,30557,36840,36231,33981,30409,32129,35496,34131,26246,32235,32158,40558,38024,20525,19733,30376,42941,39564,28547,33995,38452,43712,24734,32405,34060,39844,28028,40782,41831,34137,40384,25725,21471,36369,32068,32227
29887,33346,36339,46331,27048,30921,41204,31217,29170,32438,27976,33698,34084,32047,40546,38590,35971,30497,33466,34949,34850,30525,34206,28001,31919,45895,36693,21956,20079,21609,35991,42599,37148,39686,37749,32751,25947,43023,30314,39584,28540,34939,37143,48585,40144,35620,39669,27841,22659,38340,24374,32564,39603,29512,26011,39525,30925,28464,28998,27478,31744,28423,34873,35609,30659,36854,36079,33955,30178,31878,35437,34096,26118,32075,32026,40395,38074,20676,19714,30251,42849,39527,28575,34079,38493,43699,24767,32332,34017,39824,28091,40861,41840,34324,40408,25750,21587,36608,31939,32068
29776,33317,36425,46242,26885,30878,41087,31408,29431,32430,27920,33736,33967,31999,40641,38701,35913,30562,33803,35172,34820,30334,34204,28002,32089,45999,36589,21872,20112,21636,35980,42678,37066,39587,37715,32857,25916,42990,30287,39579,28463,34868,37126,48772,40205,35541,39563,27854,22623,38296,24276,32580,39588,29528,25951,39460,30949,28558,29245,27738,31632,28454,34780,35477,30564,36866,36250,33936,30437,32165,35319,34013,26273,32251,32144,40578,37985,20560,19764,30394,42868,39512,28522,34110,38541,43594,24680,32348,34009,39823,27980,40917,42081,34126,40229,25751,21490,36320,31808,32032
29876,33454,36450,46405,26923,30870,41147,31370,29255,32566,27925,33711,33929,32063,40650,38745,35947,30520,33695,35125,34841,30415,34181,27964,32169,45991,36756,21976,19939,21548,36025,42558,37131,39840,37754,32968,25978,43210,30275,39715,28538,34999,37221,48659,40112,35691,39769,27700,22637,38355,24253,32614,39603,29559,26016,39488,30952,28558,29077,27561,31783,28440,34889,35536,30550,36861,36315,33953,30425,32128,35418,34095,26240,32345,32189,40441,38124,20663,19539,30343,42864,39535,28598,34233,38420,43807,24800,32362,33996,40009,28022,40953,41793,34211,40321,25682,21503,36337,31966,31979
29986,33458,36369,46193,27019,30857,41111,31242,29217,32398,27848,33634,33913,32131,40469,38630,35911,30424,33629,34914,34832,30475,34157,27813,32076,46019,36632,22048,20166,21753,36002,42535,37046,39892,37772,32841,25853,42967,30196,39650,28574,34902,36968,48671,39929,35568,39750,27654,22686,38229,24358,32735,39515,29475,25946,39430,30843,28478,29152,27520,31653,28389,34813,35467,30801,36778,36119,33826,30315,31909,35342,34060,26050,32118,32000,40645,37999,20776,19828,30188,42785,39375,28643,34121,38568,43855,24669,32312,33899,39875,27994,40908,42069,34275,40339,25665,21583,36609,31922,31902
29935,33264,36543,46410,27008,30986,41186,31325,29341,32564,27937,33736,34033,32085,40752,38630,36005,30498,33612,35146,34871,30372,34249,28009,32035,46121,36751,21962,19969,21587,36133,42627,37133,40012,37596,32849,26000,43201,30264,39681,28551,34881,37309,48572,40234,35581,39752,27764,22661,38401,24329,32739,39633,29593,26009,39564,31018,28437,29066,27633,31698,28472,34828,35583,30667,36873,36124,33979,30267,32081,35345,33988,26251,32235,32099,40428,38087,20673,19549,30380,42841,39460,28570,34323,38450,43876,24806,32319,34049,39987,28048,40975,41673,34218,40253,25734,21542,36492,31894,32048
29891,33496,36424,46205,26899,30817,41195,31357,29261,32481,27965,33684,34008,32035,40553,38671,35971,30597,33549,34976,34753,30478,34173,27938,32248,46092,36680,22049,20226,21775,36129,42480,37067,39852,37577,32655,25924,43084,30196,39642,28590,34913,36919,48721,40029,35655,39836,27711,22731,38329,24260,32572,39420,29435,25919,39371,30939,28558,29146,27506,31657,28424,34696,35517,30662,36606,36145,33917,30180,31954,35267,34035,26202,32247,32021,40597,38074,20792,19817,30345,42653,39344,28692,34107,38512,43807,24813,32243,33863,39988,28017,40896,42114,34174,40144,25710,21569,36438,31898,31877
29962,33086,36557,46504,27063,31064,41372,31416,29328,32674,28035,33849,34123,32047,40684,38592,35992,30450,33642,35094,34854,30524,34269,27891,32121,46072,36794,21894,20059,21552,36064,42702,37346,40024,37460,32718,25906,43060,30114,39759,28695,34986,37035,48507,40090,35694,39922,27834,22682,38535,24335,32428,39702,29673,26055,39720,31031,28534,29154,27654,31751,28478,34930,35683,30568,36751,36179,33971,30289,32041,35392,34107,26173,32277,32017,40420,38165,20615,19629,30323,42912,39566,28535,34145,38527,43881,24789,32243,33891,39817,27900,40982,41637,34271,40261,25808,21602,36555,31923,32041
30064,33564,36602,46269,27017,30934,41162,31412,29409,32635,27929,33792,34045,32096,40554,38548,35861,30560,33577,35055,34687,30532,34326,27952,32225,46077,36650,21965,20118,21710,35935,42643,37220,39829,37391,32609,25854,42992,30058,39648,28665,34960,36797,48503,40081,35716,39922,27766,22644,38401,24375,32772,39528,29615,25989,39401,31017,28598,29228,27664,31742,28487,34894,35575,30650,36610,36140,33928,30234,32050,35332,34181,26213,32296,31971,40514,38015,20699,19703,30318,42949,39517,28603,34042,38553,43861,24735,32162,33795,39847,27839,40872,41702,34228,40318,25655,21591,36497,31880,31935
30097,33242,36511,46511,27096,31017,41295,31368,29362,32612,28015,33845,34157,32088,40640,38543,36065,30416,33677,35057,34902,30464,34342,27967,31961,46012,36786,21796,19972,21498,35965,42712,37258,39829,37594,32764,25935,43038,30249,39650,28613,34997,37083,48574,40127,35614,39826,27827,22640,38504,24384,32574,39604,29609,26010,39615,31124,28540,29210,27672,31732,28455,34948,35674,30604,36726,36136,34003,30406,32076,35440,34108,26233,32281,31994,40444,38056,20563,19536,30303,42968,39602,28484,33895,38401,43832,24778,32294,33868,39744,27980,40851,41543,34205,40232,25723,21513,36437,31933,31970
30039,33500,36623,46428,27044,31065,41231,31282,29396,32618,27931,33810,34000,32110,40712,38457,35887,30428,33583,35014,34812,30483,34320,27907,32056,45941,36686,21964,20065,21543,35765,42592,37078,39856,37481,32708,25910,42975,30405,39792,28615,34942,37115,48774,40049,35615,39740,27930,22712,38411,24361,32735,39654,29629,26053,39572,31006,28520,29128,27722,31711,28448,34916,35534,30708,36808,36018,33894,30276,31999,35410,34139,26219,32187,31935,40475,38022,20688,19612,30197,42922,39490,28518,34008,38389,43769,24793,32283,33896,39869,28095,40983,41915,34276,40227,25795,21577,36571,31860,32054
30009,33519,36487,46323,26997,30911,41188,31210,29226,32475,27834,33707,33932,32070,40597,38441,35903,30458,33444,34898,34779,30427,34185,27871,32095,45859,36681,21968,20095,21612,35849,42350,36903,39834,37621,32714,25926,43087,30503,39858,28568,34852,37142,48895,39981,35608,39561,27930,22718,38298,24327,32590,39472,29500,25999,39471,30923,28541,29059,27506,31582,28443,34749,35448,30598,36783,36067,33839,30225,31877,35337,33999,26107,32123,31862,40351,38079,20694,19706,30214,42647,39283,28581,34185,38319,43704,24779,32370,33906,40084,28200,41006,42135,34247,40042,25844,21554,36274,31849,31957
29902,33492,36528,46215,26958,30941,41088,31311,29292,32506,27881,33723,33952,32082,40672,38541,35931,30530,33551,34943,34682,30436,34204,27847,32044,45837,36560,22008,20256,21736,35949,42455,36961,39786,37582,32680,25855,43046,30451,39833,28706,34898,37107,48819,40063,35616,39607,27932,22749,38372,24329,32584,39495,29529,25971,39377,30916,28501,29148,27627,31616,28393,34728,35378,30670,36844,36031,33838,30182,31930,35271,33977,26156,32116,31902,40365,37917,20733,19850,30252,42600,39224,28665,34164,38476,43648,24688,32309,33931,39932,28116,41067,42148,34217,40030,25850,21631,36486,31854,32041
29910,33244,36482,46360,27014,30993,41238,31362,29243,32605,27997,33812,34173,32068,40746,38548,35999,30475,33577,35081,34778,30382,34268,27976,32020,45776,36733,21868,19963,21538,35966,42650,37277,40044,37662,32842,26036,43229,30627,39946,28697,35012,37350,48629,40247,35591,39846,28115,22711,38448,24302,32409,39569,29583,26092,39501,31064,28476,29122,27541,31733,28494,34845,35643,30478,36940,36098,33975,30202,31998,35262,34026,26143,32195,31868,40066,38081,20621,19514,30295,42798,39517,28708,34265,38466,43832,24840,32457,34002,39998,28350,41193,41741,34225,40148,26005,21599,36398,31976,31970
29918,33548,36441,46307,27018,30996,41222,31217,29282,32536,27959,33743,34039,32070,40649,38499,35882,30407,33507,34957,34785,30526,34242,27793,32150,45936,36656,22077,20218,21796,35812,42508,37205,39901,37570,32728,25783,42834,30363,39900,28716,34962,36971,48667,39987,35706,39867,27897,22798,38391,24336,32587,39555,29583,26037,39481,30934,28515,29137,27574,31652,28478,34785,35563,30616,36771,36058,33890,30166,31958,35234,34049,26057,32146,31822,40351,38009,20816,19751,30191,42676,39493,28700,33936,38496,43739,24663,32285,33891,39753,28122,41101,41982,34380,40179,25855,21648,36658,31889,31955
30017,33399,36634,46363,27063,31018,41139,31321,29344,32641,27897,33762,34002,32148,40697,38528,35917,30435,33563,35033,34824,30476,34332,27909,32096,46022,36744,21905,20142,21641,35950,42564,37158,39855,37481,32743,25960,42997,30130,39825,28655,34987,37086,48666,40069,35698,39696,27752,22695,38493,24357,32683,39601,29657,26019,39528,31009,28539,29151,27681,31752,28505,34876,35567,30643,36681,36043,33966,30255,31988,35297,34128,26176,32228,31951,40335,38026,20638,19764,30274,42797,39478,28541,33937,38343,43657,24819,32188,33924,39693,27944,41004,41734,34217,40157,25658,21577,36501,31942,32125
30092,33532,36578,46108,27071,30941,41002,31208,29164,32631,27916,33752,33945,32156,40519,38386,35881,30433,33320,34804,34753,30582,34319,27856,31935,45902,36683,22015,20111,21739,35898,42695,37222,39965,37443,32527,25926,42899,30119,39757,28703,35076,36957,48750,40034,35825,40116,27723,22768,38503,24397,32655,39512,29588,25985,39378,30921,28482,29004,27447,31788,28505,34871,35526,30634,36642,35853,33831,30102,31773,35298,34119,26020,32028,31891,40450,37997,20707,19724,30123,42892,39487,28553,33751,38419,43832,24727,32072,33832,39762,27936,40922,41943,34315,40400,25645,21610,36581,32010,32020
29869,33281,36490,46380,26934,30980,41210,31342,29378,32572,27933,33791,33967,32058,40656,38539,35892,30400,33541,35049,34955,30438,34285,27871,32111,45999,36781,21988,20191,21750,35946,42634,37201,39884,37508,32698,25900,42992,30166,39696,28691,35071,37304,48922,40154,35754,40019,27753,22715,38520,24314,32433,39587,29593,25959,39561,31028,28539,29193,27706,31656,28462,34782,35467,30461,36728,35999,33786,30195,32021,35366,34029,26147,32213,32035,40384,38091,20661,19726,30187,42747,39488,28509,33932,38323,43646,24622,32153,33958,39780,27894,40891,41955,34223,40329,25661,21589,36494,31972,32088
29837,33493,36494,46127,26875,30883,41103,31382,29323,32599,27859,33724,33971,32081,40624,38585,35855,30577,33498,35006,34726,30463,34276,27919,32254,46013,36656,22031,20267,21847,36002,42678,37108,39878,37465,32653,25911,43001,30105,39689,28588,35021,36880,48860,40098,35739,39985,27745,22683,38458,24286,32582,39481,29565,25996,39394,30963,28635,29227,27678,31761,28418,34781,35507,30592,36616,36027,33878,30179,31961,35312,34150,26160,32272,32017,40565,38010,20755,19847,30271,42776,39459,28581,33911,38550,43713,24765,32147,33857,39837,27887,40886,42145,34211,40352,25627,21557,36336,31945,32068
30019,33353,36525,46390,27036,30939,41182,31294,29292,32592,27960,33759,34098,32100,40571,38553,35927,30418,33553,34966,34788,30509,34277,27947,32074,45998,36814,21948,20017,21595,36013,42662,37272,40062,37471,32751,25942,43114,30115,39733,28654,34931,37103,48537,40057,35666,39921,27686,22692,38436,24362,32535,39555,29628,26013,39591,30991,28485,29107,27565,31796,28470,34951,35723,30569,36669,36134,33963,30242,31909,35292,34046,26155,32199,31934,40291,38187,20669,19593,30275,42940,39561,28528,34135,38452,43823,24830,32214,33883,39928,28000,40865,41607,34394,40336,25727,21578,36479,31921,32026
29987,33687,36529,46212,26948,30940,41051,31289,29284,32615,27877,33769,33943,32092,40666,38488,35792,30465,33453,34868,34667,30446,34229,27858,32146,45971,36594,22038,20218,21763,35886,42555,37074,39881,37403,32548,25755,42801,30010,39588,28582,34927,36763,48632,39942,35567,39763,27666,22701,38420,24337,32747,39587,29561,25957,39445,30959,28585,29118,27634,31754,28461,34855,35504,30699,36695,36043,33832,30140,31918,35311,34028,26132,32138,31981,40700,38010,20766,19845,30183,42914,39453,28648,34029,38528,43830,24657,32097,33868,39854,27860,40879,42098,34220,40348,25641,21575,36475,31882,32090
30080,33392,36473,46303,27040,30951,41065,31301,29259,32574,27944,33755,33976,32133,40614,38432,35869,30468,33466,34959,34684,30380,34228,27889,32015,45856,36652,21933,20069,21571,35883,42498,37091,39945,37314,32639,25904,42995,30051,39638,28591,35009,36888,48452,40009,35565,39746,27760,22683,38426,24389,32637,39594,29586,26044,39520,31008,28561,29157,27637,31808,28483,34918,35653,30631,36737,36070,33950,30248,31932,35337,34077,26185,32169,31988,40509,38046,20702,19687,30292,43009,39519,28663,34061,38405,44054,24823,32160,33910,39914,27930,40952,41735,34245,40332,25695,21586,36360,32031,32125
30012,33526,36393,46191,27053,30936,41095,31281,29358,32457,27948,33720,34026,32111,40514,38405,35892,30471,33526,34927,34718,30487,34209,27890,31929,45801,36611,22010,20182,21713,35826,42500,37093,39845,37358,32574,25848,42868,30185,39684,28587,34905,36872,48637,39956,35630,39773,27839,22722,38327,24370,32699,39568,29534,26025,39497,30970,28496,29225,27650,31726,28498,34887,35638,30772,36765,36001,33953,30265,31953,35355,34117,26128,32066,31950,40622,37992,20773,19783,30224,42941,39476,28642,33894,38418,43947,24738,32162,33909,39790,27965,40946,41996,34350,40263,25741,21601,36636,31936,32170
29977,33432,36450,46229,27025,30951,41024,31279,29309,32572,27920,33777,33894,32129,40708,38420,35844,30483,33520,35011,34719,30455,34267,27918,31966,45739,36644,22001,20153,21686,35797,42432,37003,39847,37422,32659,25834,42923,30163,39769,28597,34909,36895,48586,39865,35621,39621,27816,22741,38420,24388,32646,39573,29555,25969,39432,30956,28522,29128,27637,31768,28497,34876,35496,30729,36745,35952,33902,30189,31990,35426,34105,26219,32119,31956,40437,37992,20700,19751,30204,42838,39403,28609,33733,38112,43787,24686,32151,33838,39718,27913,40986,41795,34328,40172,25724,21625,36549,31905,32160
29878,33452,36394,46121,26954,30918,41093,31361,29369,32497,27989,33693,33865,32095,40541,38757,35970,30621,33607,35109,34681,30493,34186,28018,32170,45802,36577,22023,20190,21795,36030,42457,36926,39694,37872,32953,25907,43094,30308,39566,28572,34962,36794,48632,40039,35589,39556,27854,22693,38315,24336,32567,39519,29555,26013,39510,30929,28643,29226,27617,31817,28464,34861,35464,30729,36743,36144,33931,30303,32018,35442,34102,26241,32155,32198,40649,37960,20748,19814,30335,42772,39318,28583,33933,38357,43627,24698,32405,33896,39865,28022,40867,42067,34262,40132,25778,21596,36400,31951,32027
29962,33243,36482,46422,27082,31009,41258,31300,29309,32510,27995,33784,34051,32121,40643,38632,36045,30481,33532,35142,34790,30465,34249,27927,31871,45893,36760,21967,20012,21573,36044,42676,37249,39962,37802,32860,25970,43162,30423,39757,28577,34977,37130,48621,40205,35627,39644,27994,22690,38405,24402,32481,39667,29655,26115,39633,31043,28493,29178,27529,31787,28517,34979,35809,30657,36927,36113,34084,30161,32078,35386,34088,26134,32098,32040,40403,38099,20664,19653,30372,42969,39581,28554,34103,38446,43721,24760,32343,34009,39879,28140,40975,41781,34333,40210,25908,21592,36546,32022,32116
30047,33570,36475,46160,26953,30938,41065,31274,29345,32530,27852,33723,33963,32127,40673,38659,35928,30528,33523,35042,34637,30413,34254,27943,32013,45928,36617,22006,20238,21784,36026,42657,37104,39949,37720,32851,25971,43016,30353,39739,28554,34870,37015,48718,40156,35609,39705,27880,22686,38343,24347,32648,39548,29533,25997,39407,31000,28431,29203,27604,31729,28471,34854,35547,30722,36742,36107,33893,30249,31970,35290,34091,26151,32109,32007,40582,37956,20721,19882,30298,42886,39417,28552,34026,38380,43694,24720,32325,33945,39760,28108,40942,42048,34141,40095,25796,21553,36415,31880,32068
29929,33318,36445,46273,27032,30984,41141,31262,29271,32502,27952,33787,33983,32123,40558,38551,35948,30467,33568,35026,34807,30474,34251,27960,32037,45878,36704,22015,20112,21707,35929,42502,37043,40059,37484,32752,25929,43026,30254,39800,28617,35090,37122,48662,40048,35669,39724,27794,22753,38386,24394,32511,39506,29568,26012,39492,31062,28457,29067,27495,31822,28496,34865,35530,30655,36754,35928,33878,30224,31930,35433,34106,26162,32175,32027,40396,38033,20724,19732,30218,42780,39399,28615,33857,38165,43880,24705,32195,33951,39695,27994,41006,41821,34325,40186,25711,21606,36467,32051,32098
29923,33687,36382,46274,26926,30928,41149,31114,29252,32461,27975,33829,33987,32119,40657,38459,35953,30456,33505,34876,34964,30557,34249,27919,32148,45907,36714,22078,20299,21819,35812,42454,37091,39856,37435,32653,25774,42860,30155,39642,28638,34932,36837,48732,39833,35656,39688,27686,22793,38394,24366,32682,39441,29553,25975,39442,30918,28482,29092,27518,31700,28532,34801,35518,30779,36780,35804,33881,30157,31871,35499,34171,26163,32197,32000,40466,38059,20800,19888,30147,42652,39453,28554,33611,38257,43617,24602,32081,33924,39739,27874,40812,42118,34209,40229,25645,21656,36666,31890,32146
29854,33566,36525,46290,26849,30948,41108,31171,29231,32639,27927,33818,33914,32143,40780,38463,35912,30464,33548,34945,34933,30457,34210,27895,32221,45928,36688,22068,20215,21792,35831,42544,37043,39880,37538,32751,25801,42999,30172,39671,28621,34888,37044,48886,39965,35621,39738,27755,22732,38486,24269,32594,39536,29608,25968,39448,30918,28519,29066,27549,31711,28480,34742,35399,30642,36831,35953,33855,30264,31948,35484,34113,26207,32186,32073,40484,38081,20734,19822,30209,42626,39439,28472,33797,38317,43544,24646,32161,34001,39793,27889,40851,42156,34195,40217,25659,21558,36491,31836,32199
29984,33545,36540,46289,27090,31006,41168,31220,29217,32525,27943,33773,33986,32114,40616,38587,35974,30526,33575,34995,34856,30463,34274,27973,31960,45849,36640,22003,20100,21660,35926,42759,37223,39914,37647,32810,25911,43033,30332,39667,28613,35018,37128,48674,40129,35690,39976,27880,22760,38384,24385,32590,39604,29669,26082,39470,30945,28447,29189,27540,31833,28456,34863,35542,30631,36804,35945,33955,30287,31963,35478,34141,26176,32061,32046,40378,37946,20688,19726,30272,42829,39536,28577,33731,38318,43731,24722,32219,33878,39648,28025,40864,41765,34317,40415,25777,21639,36539,32022,32106
30040,33372,36488,46376,27118,31020,41205,31278,29262,32355,27862,33784,34039,32116,40584,38630,36064,30508,33618,35154,34950,30405,34272,27991,31921,46050,36751,21903,19988,21568,36036,42816,37267,39976,37507,32893,25851,43190,30306,39690,28598,34925,37218,48681,40215,35548,39936,27842,22726,38288,24392,32635,39642,29639,26053,39556,30985,28376,29160,27506,31579,28464,34834,35602,30604,36814,35977,33928,30222,31980,35450,34060,26154,32044,32053,40366,38031,20598,19596,30284,42859,39522,28544,33888,38406,43732,24629,32235,33942,39771,27991,40866,41739,34266,40230,25762,21593,36527,31931,32011
29873,33380,36472,46239,26931,30919,41060,31197,29273,32378,27851,33727,33842,32098,40653,38380,35857,30489,33511,35027,34788,30381,34240,27873,32010,46032,36572,21955,20234,21767,35833,42583,36969,39751,37198,32577,25713,42969,30193,39690,28636,34875,36999,48886,39991,35540,39633,27849,22711,38294,24366,32647,39615,29535,25949,39421,30889,28440,29047,27522,31543,28465,34716,35421,30628,36899,35838,33812,30075,31971,35340,34019,26136,31964,32013,40634,37944,20605,19825,30189,42771,39395,28530,33828,38344,43581,24512,32097,34022,39801,27898,40859,42223,34210,40110,25711,21586,36464,31868,32124
29910,33508,36443,46328,27019,30930,41130,31221,29276,32586,27924,33721,34009,32099,40803,38450,35901,30498,33585,35025,34857,30402,34280,27984,31945,45877,36696,21886,20031,21641,35895,42572,37148,39879,37488,32736,25943,43134,30354,39874,28580,34971,37219,48821,40083,35688,39764,27944,22757,38378,24359,32505,39587,29573,26113,39473,30912,28429,29109,27585,31796,28542,34780,35605,30598,36885,35946,34048,30206,31945,35284,34095,26227,32108,31990,40330,38065,20583,19583,30253,42745,39506,28545,33977,38353,43711,24847,32321,34017,39864,28167,40995,42021,34182,40177,25857,21595,36294,31980,32067
29832,33553,36278,46088,27031,30841,40995,31024,29073,32440,27779,33659,33830,32126,40600,38360,35773,30397,33355,34855,34710,30529,34212,27899,31892,45757,36570,22053,20274,21821,35850,42327,36965,39774,37472,32567,25927,42960,30279,39823,28752,34924,37078,48740,39968,35772,39714,27983,22897,38292,24366,32481,39416,29362,26005,39275,30742,28373,28924,27388,31596,28424,34661,35392,30610,36788,35787,33815,29985,31776,35172,34042,26036,31969,31969,40418,37933,20771,19870,30098,42582,39314,28682,33995,38333,43674,24770,32175,33996,39803,28095,41051,42151,34428,40166,25813,21700,36602,31903,31974
29563,33230,36294,46454,26913,30974,41277,31326,29351,32460,27910,33790,34022,31989,40767,38586,35969,30465,33668,35091,34879,30509,34270,27931,32032,45871,36761,21843,20132,21636,36052,42530,37233,39734,37600,32812,25901,43100,30319,39697,28643,34843,37326,48711,40058,35705,39681,27923,22728,38391,24250,32296,39601,29454,26024,39575,30971,28516,29210,27646,31604,28463,34753,35574,30402,36911,36130,33961,30264,32111,35327,33974,26158,32183,32125,40384,38102,20569,19674,30320,42733,39581,28552,34225,38483,43589,24709,32283,34138,39903,28057,40964,41955,34321,40171,25781,21610,36533,31856,32111
29779,33605,36517,46210,26979,30878,41089,31421,29455,32679,27896,33798,34031,32065,40660,38515,35823,30603,33618,35024,34682,30481,34355,27904,32079,45903,36662,21975,20147,21765,35959,42651,37221,40008,37445,32583,25864,42931,30150,39790,28591,35055,36799,48577,39963,35731,40004,27845,22699,38548,24293,32523,39603,29551,26036,39436,31003,28631,29351,27773,31820,28496,34796,35665,30612,36745,36102,33980,30258,32032,35260,34152,26187,32180,32010,40626,38044,20720,19723,30278,42994,39622,28639,34083,38665,43936,24801,32172,33906,39916,27931,40992,41939,34186,40408,25783,21584,36519,32003,32091
30085,33387,36484,46320,27073,30889,41116,31318,29275,32573,27869,33735,34041,32107,40487,38500,35940,30497,33491,35002,34796,30456,34183,27961,32065,45844,36758,21979,20074,21614,36025,42452,37055,39991,37451,32669,25965,43080,30075,39662,28722,34985,37042,48511,39969,35626,39836,27742,22751,38449,24378,32491,39501,29521,25951,39494,30972,28483,29052,27554,31692,28440,34838,35599,30619,36675,36221,33923,30250,31940,35298,33998,26191,32204,32019,40438,38098,20776,19632,30274,42911,39449,28666,34314,38473,43959,24838,32226,33898,39918,27907,40890,41680,34301,40404,25655,21665,36634,32020,32020
30064,33623,36533,46197,26968,30916,41071,31246,29284,32517,27894,33770,33996,32130,40622,38448,35889,30403,33478,34904,34786,30346,34225,27854,32019,45964,36626,21973,20197,21728,35841,42591,37068,39788,37595,32632,25810,42780,30135,39592,28593,34824,36770,48594,39799,35527,39670,27722,22670,38424,24356,32723,39575,29558,25973,39474,30903,28504,29120,27616,31615,28455,34872,35559,30736,36810,36086,33866,30235,31912,35402,34012,26121,32129,32030,40824,37992,20786,19794,30188,42934,39460,28684,33988,38556,43904,24661,32178,33939,39772,27892,40889,42086,34142,40258,25653,21583,36501,31925,32128
29994,33431,36551,46349,26961,30879,41160,31337,29342,32558,27885,33793,34051,32109,40723,38470,35895,30421,33560,35071,34860,30300,34297,27916,32081,45757,36754,21913,20004,21579,35885,42575,37203,39928,37351,32656,25889,43009,30193,39662,28527,34938,37130,48514,40034,35609,39690,27740,22675,38417,24325,32652,39576,29542,26010,39534,30995,28537,29127,27699,31719,28518,34851,35753,30596,36750,36078,34021,30253,32028,35383,34127,26227,32261,32032,40320,38090,20650,19610,30286,42968,39609,28586,34013,38308,43854,24759,32149,33960,39854,27977,40868,41709,34181,40179,25684,21526,36265,31970,32098
29830,33553,36414,46283,26989,30961,41171,31340,29352,32486,27906,33780,34096,32030,40581,38699,36058,30668,33576,35130,34860,30511,34268,28117,32197,46025,36711,21956,20170,21739,36106,42593,37156,39778,37653,32869,25972,43159,30284,39639,28548,34929,37018,48809,40134,35694,39797,27773,22750,38359,24293,32596,39488,29546,26007,39495,31039,28556,29219,27618,31660,28525,34845,35588,30651,36685,36159,33997,30299,32000,35353,34133,26279,32194,32170,40669,37993,20745,19760,30410,42902,39483,28570,34003,38473,43691,24770,32381,33958,39921,28027,40844,42059,34305,40358,25672,21591,36517,31882,32023
29905,33379,36472,46401,26976,30935,41183,31310,29372,32470,27891,33836,34036,32106,40725,38490,35984,30498,33587,35120,34934,30383,34261,27954,32122,46035,36767,21928,20144,21655,35857,42526,37138,39786,37568,32708,25834,43061,30180,39670,28617,34886,37114,48711,39985,35605,39574,27801,22688,38404,24346,32572,39636,29567,25980,39628,31003,28599,29156,27666,31586,28439,34773,35585,30627,36838,36004,33881,30277,32088,35385,34026,26273,32215,32054,40582,38058,20654,19693,30235,42818,39431,28501,33833,38287,43755,24681,32269,33972,39817,27959,40886,41909,34201,40186,25743,21582,36430,31922,32113
30014,33717,36597,46329,26992,30968,41134,31249,29255,32683,27945,33842,33993,32142,40820,38515,35873,30469,33507,34919,34831,30425,34293,27901,32153,45782,36651,21965,20186,21740,35788,42656,37149,39796,37518,32698,25848,42895,30241,39568,28570,34957,36956,48715,39949,35639,39774,27841,22720,38428,24330,32755,39617,29631,26077,39521,30903,28594,29079,27634,31799,28504,34871,35604,30708,36749,35934,33927,30261,31881,35421,34154,26179,32140,31983,40423,38011,20692,19801,30170,42793,39434,28494,33688,38251,43653,24683,32155,33858,39735,27957,40795,42041,34114,40128,25757,21580,36365,31956,32078
29982,33426,36561,46300,27114,31001,41140,31240,29190,32577,27957,33830,34030,32126,40663,38488,35916,30470,33487,34989,34852,30570,34262,27877,32058,45796,36689,22013,20029,21619,35890,42683,37183,39969,37487,32672,25879,43024,30291,39789,28663,34977,37151,48723,40067,35666,39955,27881,22753,38395,24391,32612,39568,29604,26063,39510,30940,28553,29020,27445,31763,28529,34931,35581,30599,36767,35878,33904,30117,31897,35362,34112,26090,32023,31975,40241,37982,20715,19591,30154,42765,39431,28555,33897,38281,43742,24653,32193,33900,39766,28024,41007,41879,34422,40287,25771,21639,36629,31979,32047
29831,33179,36364,46426,26993,30968,41329,31309,29284,32430,28042,33881,34159,32023,40700,38600,36153,30530,33616,35119,34940,30424,34251,27978,31947,46008,36718,21982,20123,21655,36034,42735,37238,39790,37653,32695,25954,43059,30355,39698,28637,34901,37217,48733,40152,35557,39733,27953,22659,38383,24342,32408,39619,29482,25980,39618,31057,28457,29177,27519,31669,28511,34865,35642,30503,36884,36067,34028,30220,32058,35459,34015,26201,32124,32015,40522,38043,20663,19664,30331,42806,39465,28537,33948,38351,43675,24750,32287,34007,39717,28031,40935,41860,34281,40186,25827,21578,36591,31933,32168
29844,33472,36482,46436,26968,30920,41173,31315,29343,32589,27946,33845,34019,32068,40808,38536,35990,30558,33577,35059,34917,30441,34328,27977,32050,46054,36714,21954,20143,21695,35920,42719,37167,39774,37577,32632,25958,42949,30192,39644,28544,34997,37180,48710,40162,35644,39713,27793,22667,38409,24344,32585,39590,29544,26014,39508,30957,28537,29093,27653,31766,28551,34881,35531,30612,36742,35929,33982,30203,31994,35436,34170,26244,32108,31990,40465,38013,20668,19723,30244,42750,39458,28474,33821,38240,43588,24769,32134,33903,39671,27939,40857,41842,34198,40126,25693,21568,36384,31938,32145
29751,33353,36394,46379,27008,30943,41240,31387,29420,32489,27979,33762,34025,32059,40579,38727,36135,30611,33686,35195,34909,30460,34213,28136,32059,45978,36747,21891,20113,21672,36164,42637,37033,39737,37789,32907,26080,43307,30410,39593,28555,35048,37305,48898,40280,35628,39669,27819,22675,38424,24322,32406,39564,29557,26014,39573,31069,28525,29281,27645,31724,28529,34852,35543,30531,36766,36087,33989,30350,32076,35419,34028,26339,32173,32164,40566,38090,20582,19695,30390,42705,39384,28409,34108,38343,43517,24848,32456,34019,39918,28122,40824,42065,34176,40091,25776,21549,36397,31957,32104
29816,33452,36452,46440,27005,30982,41236,31264,29344,32569,27944,33776,34057,32080,40718,38549,36047,30443,33546,35040,35019,30477,34215,27937,32021,45978,36731,21949,20149,21687,35933,42659,37176,39819,37600,32717,25909,43080,30350,39739,28652,35020,37361,48863,40134,35652,39737,27896,22704,38461,24327,32510,39563,29564,26039,39569,30907,28437,29115,27598,31731,28491,34828,35581,30564,36881,35971,33932,30193,32003,35407,34063,26151,32163,31991,40438,38146,20634,19687,30202,42704,39485,28495,34023,38359,43600,24688,32242,34006,39807,28042,40969,42042,34237,40177,25786,21608,36524,31928,32194
29894,33457,36553,46122,26903,30940,41090,31252,29298,32745,27897,33771,33938,32130,40737,38497,35929,30481,33509,34988,34808,30451,34245,27882,32087,45920,36610,21971,20267,21804,35859,42801,37109,39893,37528,32690,25865,42921,30217,39741,28565,34962,36894,48789,40071,35622,39749,27850,22678,38482,24281,32575,39453,29568,25997,39375,30914,28522,29132,27659,31769,28440,34795,35506,30579,36767,35945,33922,30201,31951,35352,34104,26183,32169,32043,40609,38014,20670,19880,30209,42840,39523,28489,33879,38545,43682,24669,32167,33944,39824,27957,40982,42208,34138,40211,25699,21515,36307,31891,32235
29933,33323,36455,46438,27076,31021,41203,31277,29199,32773,27993,33807,34065,32140,40782,38547,35990,30450,33515,35017,34924,30565,34279,27946,31992,45871,36729,22087,20036,21590,35927,42742,37246,40158,37414,32727,25959,43049,30162,39861,28705,35105,37112,48496,39971,35806,40009,27797,22761,38559,24311,32406,39586,29584,26078,39533,31084,28498,29049,27486,31898,28524,34957,35679,30492,36800,36029,34025,30208,31955,35383,34122,26150,32149,32004,40225,38019,20837,19575,30280,42933,39618,28634,34004,38424,43941,24797,32238,33922,39836,27974,41050,41543,34414,40408,25720,21587,36584,32058,32171
29935,33604,36423,46500,27060,31098,41359,31387,29355,32657,28047,33823,34134,32101,40712,38584,36026,30535,33590,34945,34898,30492,34268,27894,32120,45987,36690,21943,20195,21732,35995,42569,37205,39821,37545,32626,25803,42884,30131,39649,28621,35032,36900,48681,39924,35643,39775,27757,22728,38523,24376,32555,39613,29656,26094,39613,31058,28630,29231,27676,31774,28531,34896,35651,30621,36762,36135,33970,30301,32029,35434,34127,26149,32245,32038,40600,38087,20737,19761,30303,42822,39506,28520,33997,38579,43716,24709,32236,33950,39864,27918,40878,41997,34178,40182,25737,21620,36528,31945,32225
30026,33505,36728,46484,27115,31188,41198,31315,29282,32727,28036,33865,34056,32144,40771,38492,35932,30484,33463,34945,34743,30442,34284,27918,31949,45920,36707,21865,20068,21549,35947,42630,37154,39999,37421,32671,25961,42949,30156,39749,28566,34970,37063,48488,40091,35625,39664,27920,22675,38530,24403,32718,39664,29801,26107,39645,31079,28565,29152,27608,31859,28538,34983,35652,30577,36849,36045,33992,30222,31962,35369,34115,26196,32132,31948,40537,38080,20640,19648,30303,43050,39547,28492,34124,38497,43886,24839,32224,33972,39816,27986,40988,41700,34241,40313,25845,21623,36370,31991,32227
30032,33685,36584,46309,27065,31016,41148,31319,29281,32531,28004,33766,34052,32077,40603,38562,35931,30576,33501,34918,34748,30507,34254,27896,32062,45838,36626,21974,20082,21633,35938,42584,37120,39843,37590,32659,25898,42987,30223,39586,28488,34859,37059,48665,40060,35618,39802,27880,22708,38302,24364,32745,39502,29586,26030,39482,31030,28588,29117,27528,31741,28486,34824,35558,30677,36725,36102,33921,30224,31906,35270,34091,26162,32146,31963,40567,38056,20795,19702,30245,42896,39443,28659,34131,38565,43918,24803,32293,33929,39922,27996,40873,42019,34307,40404,25796,21588,36483,31953,32033
29898,33374,36585,46522,27063,31060,41231,31315,29283,32632,28038,33888,34093,32049,40744,38523,35950,30478,33577,35025,34931,30450,34299,27909,31994,45895,36724,21818,20000,21550,35972,42767,37276,39864,37636,32730,25948,43011,30206,39590,28531,34912,37146,48499,40069,35621,39852,27865,22662,38519,24363,32615,39668,29672,26092,39639,31021,28527,29154,27637,31757,28520,34907,35672,30563,36879,36115,33987,30291,31994,35359,34084,26211,32208,32081,40591,38138,20658,19560,30300,43048,39665,28536,34213,38610,43943,24803,32323,34082,39858,28044,40943,41761,34200,40449,25797,21546,36477,31998,32201
30009,33629,36562,46290,26926,30883,41056,31254,29297,32550,27831,33725,33889,32123,40642,38489,35777,30469,33512,34936,34711,30445,34251,27895,32187,45837,36680,21967,20086,21711,35811,42590,37110,39902,37550,32642,25966,42899,30273,39642,28605,34975,37177,48650,40046,35751,39887,27790,22662,38365,24316,32742,39493,29547,25991,39405,30845,28536,29095,27660,31782,28394,34877,35475,30689,36772,35965,33867,30190,31921,35243,34150,26209,32188,31928,40511,38060,20777,19692,30198,42880,39517,28682,34071,38491,43987,24799,32190,33990,39761,28080,40945,41989,34226,40529,25711,21558,36507,31979,32016
29907,33144,36406,46345,26973,30940,41234,31304,29317,32414,27997,33835,34107,32014,40566,38570,36059,30603,33616,35097,34835,30455,34316,28013,32019,45862,36826,21859,20049,21566,36033,42636,37188,39904,37732,32740,26051,43136,30538,39765,28667,35054,37408,48825,40346,35665,39809,28045,22701,38430,24298,32511,39494,29532,25986,39551,31088,28458,29288,27541,31698,28484,34860,35694,30547,36814,36038,34069,30281,32060,35308,34050,26143,32196,32004,40336,38072,20616,19634,30352,42727,39494,28564,33998,38395,43794,24815,32344,34007,39769,28249,41009,41910,34328,40342,25972,21545,36494,31987,32032
29824,33341,36482,46353,26929,30939,41164,31320,29370,32551,27970,33870,33973,32015,40749,38534,35923,30540,33591,35061,34836,30503,34318,27972,32115,45875,36746,21931,20037,21561,35924,42633,37187,39942,37564,32791,25880,42967,30444,39797,28648,34918,37183,48770,40113,35683,39815,27931,22676,38460,24290,32637,39585,29552,25979,39527,31066,28586,29099,27682,31744,28486,34877,35581,30570,36841,35966,33967,30243,32079,35394,34109,26257,32268,32138,40493,38043,20627,19550,30294,42743,39538,28489,33899,38333,43622,24664,32230,34022,39747,28007,41008,41868,34217,40204,25822,21541,36582,31833,32160
30018,33545,36550,46356,27117,30979,41130,31282,29226,32696,27904,33777,33884,32174,40685,38427,35761,30458,33435,34905,34740,30534,34288,27858,32019,45798,36651,22000,20170,21635,35826,42537,37089,40040,37328,32578,25846,42873,30064,39763,28652,34999,36823,48449,39793,35778,39801,27773,22729,38525,24434,32615,39573,29618,26097,39496,30916,28524,29072,27554,31976,28476,34989,35554,30653,36750,35958,33892,30184,31887,35372,34257,26181,32109,32073,40467,37992,20739,19741,30205,42907,39516,28560,33867,38207,43760,24759,32117,33927,39731,27816,40926,41684,34260,40316,25672,21603,36526,32042,32244
30041,33474,36509,46336,27150,31073,41252,31217,29278,32561,28046,33765,34052,32135,40556,38544,35970,30558,33525,34966,34807,30533,34274,27960,31882,45834,36667,21965,20150,21613,36060,42675,37143,39862,37526,32634,25928,42988,30154,39612,28606,34927,36931,48447,39967,35632,39759,27936,22757,38370,24443,32616,39608,29612,26114,39572,30955,28456,29217,27570,31816,28523,34968,35620,30686,36822,36053,34029,30257,31990,35341,34107,26118,32095,32001,40472,37987,20761,19775,30309,42969,39510,28588,34014,38444,43774,24789,32243,33949,39746,27983,40864,41705,34359,40349,25836,21632,36652,31956,32160
29868,33418,36603,46459,27043,31049,41182,31398,29390,32602,28052,33844,34069,32075,40712,38618,36017,30553,33689,35118,34905,30424,34292,28019,32114,46055,36753,21872,20036,21531,36011,42726,37162,39878,37563,32769,25924,43162,30151,39554,28515,34925,37100,48479,40065,35608,39632,27882,22720,38437,24360,32711,39604,29630,26051,39537,31071,28571,29175,27701,31770,28509,34960,35618,30639,36768,36096,34012,30391,32145,35443,34063,26283,32257,32042,40587,38070,20667,19620,30305,42994,39551,28533,33962,38422,43777,24788,32195,33905,39824,27837,40827,41618,34218,40316,25761,21602,36429,31897,32195
30021,33619,36545,46203,26997,30876,41095,31322,29278,32514,27987,33789,33920,32119,40548,38474,35893,30552,33577,34956,34800,30408,34232,27962,32104,46045,36635,22027,20249,21806,35824,42519,36966,39832,37615,32694,25837,42920,30188,39575,28560,34937,36788,48688,39887,35541,39584,27802,22746,38355,24357,32722,39468,29497,25944,39391,30973,28621,29167,27564,31765,28486,34893,35532,30710,36677,35947,33876,30223,31923,35461,34139,26202,32193,32071,40811,37998,20801,19875,30220,42778,39363,28578,33751,38370,43761,24697,32179,33855,39774,27897,40779,42122,34194,40193,25654,21579,36346,31931,32070
30083,33319,36517,46404,27132,30993,41218,31209,29192,32586,27981,33786,33998,32156,40625,38511,35939,30388,33486,34942,34970,30528,34236,27933,32035,45830,36834,21958,19977,21571,35934,42556,37168,39899,37657,32777,25959,43117,30264,39698,28623,34926,37154,48580,39902,35616,39726,27852,22721,38441,24419,32627,39603,29576,26053,39577,30935,28487,28935,27614,31848,28511,35020,35642,30693,36892,36060,33946,30238,31934,35509,34130,26186,32274,32078,40400,38154,20708,19560,30228,42802,39547,28517,34078,38362,43785,24743,32307,34021,39906,28076,40936,41793,34368,40349,25771,21610,36532,31944,32133
29941,33517,36456,46062,26947,30840,41060,31188,29340,32458,27771,33723,33862,32112,40566,38510,35782,30546,33576,35016,34705,30497,34263,27891,31955,45776,36586,22054,20310,21885,35855,42461,36952,39701,37628,32541,25860,42880,30199,39574,28606,34833,36893,48679,39911,35617,39698,27807,22743,38205,24338,32719,39439,29441,25965,39320,30958,28506,29204,27629,31722,28486,34776,35460,30778,36729,35984,33871,30128,32023,35270,34163,26162,32063,32076,40520,37930,20847,19964,30210,42788,39371,28632,33980,38323,43653,24691,32168,33871,39828,27993,40915,42131,34245,40259,25729,21632,36566,31826,32072
29757,33250,36385,46400,26942,30899,41371,31471,29400,32466,28000,33795,34089,31986,40638,38750,36008,30620,33742,35156,34885,30388,34200,28041,32101,45878,36861,21854,19972,21546,36132,42607,37173,39738,37827,32884,26079,43334,30558,39653,28475,34811,37369,48802,40292,35512,39613,27847,22645,38256,24267,32445,39578,29462,26017,39673,31157,28671,29272,27775,31736,28560,34850,35719,30522,36812,36209,34120,30354,32110,35386,34053,26311,32278,32157,40347,38180,20665,19547,30420,42765,39495,28484,34299,38407,43600,24961,32451,34078,40037,28277,40934,41914,34218,40000,25821,21486,36276,31777,32019
29862,33513,36459,46210,27018,30889,41179,31282,29315,32371,27902,33726,33855,32113,40535,38474,35801,30593,33617,35028,34610,30507,34198,27924,31990,45839,36590,22041,20241,21716,35852,42414,36926,39767,37492,32637,25898,42943,30428,39705,28663,34846,37069,48833,40048,35592,39657,27831,22762,38276,24386,32570,39533,29474,25993,39436,30941,28576,29113,27657,31681,28480,34825,35496,30682,36732,35953,33935,30117,32016,35194,34055,26209,32138,31995,40538,38010,20831,19819,30268,42657,39323,28673,34071,38262,43663,24714,32169,33947,39834,28093,40974,42106,34399,40125,25788,21650,36720,31876,32014
30040,33352,36686,46531,27025,31061,41284,31202,29153,32667,27907,33773,34009,32159,40833,38425,35972,30447,33461,34884,34729,30413,34231,27887,31889,45731,36734,21899,19950,21509,35918,42589,37105,39970,37409,32685,26016,42950,30428,39873,28642,35022,37306,48708,40094,35654,39790,27938,22652,38507,24347,32539,39705,29646,26105,39676,30938,28467,29033,27464,31820,28451,34895,35617,30593,36949,36005,34010,30234,31856,35343,34061,26155,32072,31940,40260,38093,20650,19462,30240,42802,39456,28595,34132,38341,43822,24745,32287,34042,39792,28061,41089,41854,34256,40187,25832,21533,36334,32030,32181
29887,33551,36673,46540,27063,31037,41210,31203,29145,32561,27914,33721,33968,32053,40750,38481,35833,30464,33383,34817,34679,30471,34169,27811,31877,45885,36613,22070,20129,21718,35843,42708,37096,39934,37403,32574,25767,42932,30289,39789,28630,34976,37145,48805,40041,35670,39860,27863,22698,38339,24359,32669,39658,29640,26068,39599,30914,28521,29096,27551,31769,28455,34818,35559,30627,36878,35949,33872,29987,31865,35288,34047,26049,32047,31919,40571,37968,20849,19740,30188,42892,39434,28690,34071,38519,43906,24564,32171,33979,39787,27887,40983,42064,34460,40353,25759,21611,36541,31964,32128
29819,33273,36607,46525,26972,30919,41441,31256,29308,32293,27901,33649,34010,31964,40613,38776,35872,30489,33624,35120,34759,30251,34081,27980,32129,45904,36805,21909,19953,21577,36061,42615,37149,40006,37840,32877,25975,43273,30425,39730,28483,34856,37383,48774,40223,35511,39729,27879,22653,38211,24269,32631,39701,29568,26025,39714,31053,28518,29148,27518,31593,28466,34683,35712,30481,36852,36290,33999,30218,32063,35219,33903,26183,32211,32052,40338,38141,20676,19503,30328,42880,39526,28656,34296,38468,43819,24758,32366,34023,39965,28057,40880,41797,34170,40078,25836,21488,36240,31907,32015
29834,33473,36600,46398,26943,30934,41254,31337,29366,32421,27890,33687,33943,32077,40706,38758,35834,30479,33621,35015,34782,30392,34135,27959,32259,46010,36696,22016,20080,21768,36055,42682,37121,39903,37772,32910,25863,42951,30355,39688,28558,34921,37227,48871,40206,35623,39839,27853,22721,38403,24300,32641,39705,29561,26008,39580,30966,28609,29120,27739,31627,28424,34754,35562,30625,36851,36144,33913,30297,32070,35270,33965,26229,32263,32086,40500,38061,20756,19643,30294,42763,39479,28664,34233,38595,43609,24663,32321,34025,39814,28001,40857,42054,34254,40165,25792,21598,36471,31894,32057
30178,33435,36649,46429,27092,31039,41096,31297,29270,32569,27908,33759,33948,32207,40664,38562,35814,30414,33502,35005,34727,30394,34307,27927,32188,45954,36715,21907,20030,21681,35919,42659,37182,39950,37494,32712,25894,42979,30185,39759,28663,35111,37163,48618,40088,35687,39829,27820,22653,38552,24459,32763,39553,29643,26022,39505,30942,28458,29038,27582,31710,28471,34914,35568,30629,36753,36060,33913,30245,31985,35246,34078,26120,32235,31937,40322,38051,20649,19583,30207,42795,39477,28649,34128,38395,43715,24755,32231,33934,39825,27913,40915,41697,34228,40309,25719,21598,36360,32060,32103
30180,33608,36560,46226,27071,30960,41097,31180,29192,32565,27903,33747,33962,32130,40511,38436,35844,30480,33411,34867,34729,30523,34324,27882,32052,46013,36709,22008,20167,21712,35872,42536,37105,39903,37391,32570,25846,42852,29982,39703,28704,34993,36708,48517,39911,35711,39837,27697,22728,38479,24422,32897,39499,29528,25998,39415,30911,28484,29089,27507,31680,28449,34873,35555,30746,36685,36013,33858,30172,31831,35308,34086,26134,32109,31953,40549,38012,20831,19732,30220,42759,39438,28664,33935,38428,43751,24714,32169,33856,39807,27854,40862,41858,34292,40266,25665,21606,36612,31991,32126
29994,33256,36555,46302,27000,30916,41119,31185,29235,32586,27906,33785,33939,32076,40639,38439,35788,30398,33449,35026,34778,30458,34287,27844,32012,45888,36727,21943,20220,21587,35898,42559,37116,39862,37347,32602,25800,42925,30039,39657,28715,34923,36911,48427,39908,35668,39777,27707,22746,38434,24374,32669,39599,29526,25962,39448,30980,28444,29133,27565,31761,28489,34893,35612,30627,36800,36003,33894,30133,32025,35367,34080,26158,32160,32046,40427,38092,20760,19724,30250,42888,39537,28627,34049,38369,43834,24665,32112,33965,39794,27827,40941,41731,34294,40309,25646,21624,36607,31958,32239
30006,33646,36517,46341,27012,30929,41094,31252,29292,32662,27927,33756,33964,32159,40770,38566,35851,30479,33508,35091,34847,30476,34305,27902,32118,45927,36761,21910,20096,21677,36001,42679,37203,39787,37460,32651,25791,42986,30013,39539,28566,34964,36844,48403,39938,35647,39819,27665,22687,38471,24382,32709,39593,29571,26013,39425,31054,28539,29283,27597,31877,28575,34905,35623,30793,36805,36086,34006,30251,32127,35409,34195,26221,32234,32148,40501,38125,20791,19718,30345,42949,39640,28660,34001,38477,43843,24701,32161,33959,39879,27832,40862,41791,34178,40302,25614,21596,36516,31996,32202
